TIMESTAMP,MONTH,DAY,YEAR,HOUR,C
10.01.2011-00:00:00,10,01,2011,00,172.94
10.01.2011-03:00:00,10,01,2011,03,174.94
10.01.2011-06:00:00,10,01,2011,06,178.91
10.01.2011-09:00:00,10,01,2011,09,182.59
10.01.2011-12:00:00,10,01,2011,12,185.16
10.01.2011-15:00:00,10,01,2011,15,186.51
10.01.2011-18:00:00,10,01,2011,18,188.78
10.01.2011-21:00:00,10,01,2011,21,190.46
10.02.2011-00:00:00,10,02,2011,00,195.88
10.02.2011-03:00:00,10,02,2011,03,207.86
10.02.2011-06:00:00,10,02,2011,06,209.1
10.02.2011-09:00:00,10,02,2011,09,208.44
10.02.2011-12:00:00,10,02,2011,12,209.32
10.02.2011-15:00:00,10,02,2011,15,204.22
10.02.2011-18:00:00,10,02,2011,18,205.61
10.02.2011-21:00:00,10,02,2011,21,213
10.03.2011-00:00:00,10,03,2011,00,210.08
10.03.2011-03:00:00,10,03,2011,03,211.74
10.03.2011-06:00:00,10,03,2011,06,213.35
10.03.2011-09:00:00,10,03,2011,09,213.88
10.03.2011-12:00:00,10,03,2011,12,216.3
10.03.2011-15:00:00,10,03,2011,15,225.87
10.03.2011-18:00:00,10,03,2011,18,229.13
10.03.2011-21:00:00,10,03,2011,21,231.93
10.04.2011-00:00:00,10,04,2011,00,231.74
10.04.2011-03:00:00,10,04,2011,03,234.3
10.04.2011-06:00:00,10,04,2011,06,240.43
10.04.2011-09:00:00,10,04,2011,09,252.76
10.04.2011-12:00:00,10,04,2011,12,257.28
10.04.2011-15:00:00,10,04,2011,15,261.77
10.04.2011-18:00:00,10,04,2011,18,268.1
10.04.2011-21:00:00,10,04,2011,21,273.7
10.05.2011-00:00:00,10,05,2011,00,295.13
10.05.2011-03:00:00,10,05,2011,03,301.42
10.05.2011-06:00:00,10,05,2011,06,306.17
10.05.2011-09:00:00,10,05,2011,09,309.35
10.05.2011-12:00:00,10,05,2011,12,321.19
10.05.2011-15:00:00,10,05,2011,15,328.56
10.05.2011-18:00:00,10,05,2011,18,335.34
10.05.2011-21:00:00,10,05,2011,21,340.24
10.06.2011-00:00:00,10,06,2011,00,369.12
10.06.2011-03:00:00,10,06,2011,03,381.52
10.06.2011-06:00:00,10,06,2011,06,394.27
10.06.2011-09:00:00,10,06,2011,09,402.86
10.06.2011-12:00:00,10,06,2011,12,410.94
10.06.2011-15:00:00,10,06,2011,15,420.55
10.06.2011-18:00:00,10,06,2011,18,447.36
10.06.2011-21:00:00,10,06,2011,21,465.41
10.07.2011-00:00:00,10,07,2011,00,446.19
10.07.2011-03:00:00,10,07,2011,03,458.83
10.07.2011-06:00:00,10,07,2011,06,474.33
10.07.2011-09:00:00,10,07,2011,09,500.89
10.07.2011-12:00:00,10,07,2011,12,516.89
10.07.2011-15:00:00,10,07,2011,15,528.24
10.07.2011-18:00:00,10,07,2011,18,555.43
10.07.2011-21:00:00,10,07,2011,21,563.24
10.08.2011-00:00:00,10,08,2011,00,567.01
10.08.2011-03:00:00,10,08,2011,03,575.54
10.08.2011-06:00:00,10,08,2011,06,588.09
10.08.2011-09:00:00,10,08,2011,09,575.47
10.08.2011-12:00:00,10,08,2011,12,582.27
10.08.2011-15:00:00,10,08,2011,15,584.82
10.08.2011-18:00:00,10,08,2011,18,596.12
10.08.2011-21:00:00,10,08,2011,21,601.02
10.09.2011-00:00:00,10,09,2011,00,594.1
10.09.2011-03:00:00,10,09,2011,03,606.34
10.09.2011-06:00:00,10,09,2011,06,646.69
10.09.2011-09:00:00,10,09,2011,09,660.53
10.09.2011-12:00:00,10,09,2011,12,671.69
10.09.2011-15:00:00,10,09,2011,15,676.36
10.09.2011-18:00:00,10,09,2011,18,691.31
10.09.2011-21:00:00,10,09,2011,21,703.75
10.10.2011-00:00:00,10,10,2011,00,710.51
10.10.2011-03:00:00,10,10,2011,03,712.1
10.10.2011-06:00:00,10,10,2011,06,750.42
10.10.2011-09:00:00,10,10,2011,09,789.32
10.10.2011-12:00:00,10,10,2011,12,771.77
10.10.2011-15:00:00,10,10,2011,15,777.52
10.10.2011-18:00:00,10,10,2011,18,782.13
10.10.2011-21:00:00,10,10,2011,21,789.29
10.11.2011-00:00:00,10,11,2011,00,849.77
10.11.2011-03:00:00,10,11,2011,03,886.39
10.11.2011-06:00:00,10,11,2011,06,913.55
10.11.2011-09:00:00,10,11,2011,09,933.34
10.11.2011-12:00:00,10,11,2011,12,935.97
10.11.2011-15:00:00,10,11,2011,15,958.16
10.11.2011-18:00:00,10,11,2011,18,984.79
10.11.2011-21:00:00,10,11,2011,21,1012.6
10.12.2011-00:00:00,10,12,2011,00,1084.7
10.12.2011-03:00:00,10,12,2011,03,1148.9
10.12.2011-06:00:00,10,12,2011,06,1202.2
10.12.2011-09:00:00,10,12,2011,09,1266.7
10.12.2011-12:00:00,10,12,2011,12,1326.6
10.12.2011-15:00:00,10,12,2011,15,1419.8
10.12.2011-18:00:00,10,12,2011,18,1502.2
10.12.2011-21:00:00,10,12,2011,21,1635.4
10.13.2011-00:00:00,10,13,2011,00,1506.3
10.13.2011-03:00:00,10,13,2011,03,1607.8
10.13.2011-06:00:00,10,13,2011,06,1591.1
10.13.2011-09:00:00,10,13,2011,09,1589.8
10.13.2011-12:00:00,10,13,2011,12,1569.3
10.13.2011-15:00:00,10,13,2011,15,1593.2
10.13.2011-18:00:00,10,13,2011,18,1643.9
10.13.2011-21:00:00,10,13,2011,21,1593.9
10.14.2011-00:00:00,10,14,2011,00,1514.7
10.14.2011-03:00:00,10,14,2011,03,1586.4
10.14.2011-06:00:00,10,14,2011,06,1513.8
10.14.2011-09:00:00,10,14,2011,09,1435
10.14.2011-12:00:00,10,14,2011,12,1360.6
10.14.2011-15:00:00,10,14,2011,15,1427
10.14.2011-18:00:00,10,14,2011,18,1370.6
10.14.2011-21:00:00,10,14,2011,21,1401.7
10.15.2011-00:00:00,10,15,2011,00,1317.5
10.15.2011-03:00:00,10,15,2011,03,1298.2
10.15.2011-06:00:00,10,15,2011,06,1296.3
10.15.2011-09:00:00,10,15,2011,09,1280.4
10.15.2011-12:00:00,10,15,2011,12,1276.3
10.15.2011-15:00:00,10,15,2011,15,1247.5
10.15.2011-18:00:00,10,15,2011,18,1264
10.15.2011-21:00:00,10,15,2011,21,1257.1
10.16.2011-00:00:00,10,16,2011,00,1263
10.16.2011-03:00:00,10,16,2011,03,1252.1
10.16.2011-06:00:00,10,16,2011,06,1246.8
10.16.2011-09:00:00,10,16,2011,09,1206.3
10.16.2011-12:00:00,10,16,2011,12,1187.8
10.16.2011-15:00:00,10,16,2011,15,1198.5
10.16.2011-18:00:00,10,16,2011,18,1195.4
10.16.2011-21:00:00,10,16,2011,21,1183
10.17.2011-00:00:00,10,17,2011,00,1168.3
10.17.2011-03:00:00,10,17,2011,03,1156.3
10.17.2011-06:00:00,10,17,2011,06,1145.7
10.17.2011-09:00:00,10,17,2011,09,1092.7
10.17.2011-12:00:00,10,17,2011,12,1068.2
10.17.2011-15:00:00,10,17,2011,15,1064.5
10.17.2011-18:00:00,10,17,2011,18,1073.3
10.17.2011-21:00:00,10,17,2011,21,1070.4
10.18.2011-00:00:00,10,18,2011,00,1066.5
10.18.2011-03:00:00,10,18,2011,03,1055.4
10.18.2011-06:00:00,10,18,2011,06,1040
10.18.2011-09:00:00,10,18,2011,09,991.13
10.18.2011-12:00:00,10,18,2011,12,965.67
10.18.2011-15:00:00,10,18,2011,15,968.13
10.18.2011-18:00:00,10,18,2011,18,967.68
10.18.2011-21:00:00,10,18,2011,21,956.32
10.19.2011-00:00:00,10,19,2011,00,957.62
10.19.2011-03:00:00,10,19,2011,03,951.39
10.19.2011-06:00:00,10,19,2011,06,936.08
10.19.2011-09:00:00,10,19,2011,09,899.1
10.19.2011-12:00:00,10,19,2011,12,874.97
10.19.2011-15:00:00,10,19,2011,15,871.12
10.19.2011-18:00:00,10,19,2011,18,879.75
10.19.2011-21:00:00,10,19,2011,21,859.15
10.20.2011-00:00:00,10,20,2011,00,848.29
10.20.2011-03:00:00,10,20,2011,03,824.72
10.20.2011-06:00:00,10,20,2011,06,813.07
10.20.2011-09:00:00,10,20,2011,09,776.4
10.20.2011-12:00:00,10,20,2011,12,753.29
10.20.2011-15:00:00,10,20,2011,15,765.03
10.20.2011-18:00:00,10,20,2011,18,766.18
10.20.2011-21:00:00,10,20,2011,21,762.77
10.21.2011-00:00:00,10,21,2011,00,754.65
10.21.2011-03:00:00,10,21,2011,03,749.59
10.21.2011-06:00:00,10,21,2011,06,740.01
10.21.2011-09:00:00,10,21,2011,09,713.19
10.21.2011-12:00:00,10,21,2011,12,692.25
10.21.2011-15:00:00,10,21,2011,15,698.62
10.21.2011-18:00:00,10,21,2011,18,702.44
10.21.2011-21:00:00,10,21,2011,21,696.92
10.22.2011-00:00:00,10,22,2011,00,712.44
10.22.2011-03:00:00,10,22,2011,03,710.12
10.22.2011-06:00:00,10,22,2011,06,703.55
10.22.2011-09:00:00,10,22,2011,09,685.16
10.22.2011-12:00:00,10,22,2011,12,677.55
10.22.2011-15:00:00,10,22,2011,15,672.95
10.22.2011-18:00:00,10,22,2011,18,674.4
10.22.2011-21:00:00,10,22,2011,21,674.9
10.23.2011-00:00:00,10,23,2011,00,729.96
10.23.2011-03:00:00,10,23,2011,03,741.94
10.23.2011-06:00:00,10,23,2011,06,744.7
10.23.2011-09:00:00,10,23,2011,09,743.22
10.23.2011-12:00:00,10,23,2011,12,738.53
10.23.2011-15:00:00,10,23,2011,15,754.33
10.23.2011-18:00:00,10,23,2011,18,769.32
10.23.2011-21:00:00,10,23,2011,21,775.79
10.24.2011-00:00:00,10,24,2011,00,705.54
10.24.2011-03:00:00,10,24,2011,03,694.55
10.24.2011-06:00:00,10,24,2011,06,693.58
10.24.2011-09:00:00,10,24,2011,09,676.05
10.24.2011-12:00:00,10,24,2011,12,669.42
10.24.2011-15:00:00,10,24,2011,15,683.65
10.24.2011-18:00:00,10,24,2011,18,696.53
10.24.2011-21:00:00,10,24,2011,21,698.32
10.25.2011-00:00:00,10,25,2011,00,699.45
10.25.2011-03:00:00,10,25,2011,03,700.4
10.25.2011-06:00:00,10,25,2011,06,713.41
10.25.2011-09:00:00,10,25,2011,09,684
10.25.2011-12:00:00,10,25,2011,12,672.31
10.25.2011-15:00:00,10,25,2011,15,676.46
10.25.2011-18:00:00,10,25,2011,18,690.45
10.25.2011-21:00:00,10,25,2011,21,676.24
10.26.2011-00:00:00,10,26,2011,00,689.96
10.26.2011-03:00:00,10,26,2011,03,674.47
10.26.2011-06:00:00,10,26,2011,06,686.78
10.26.2011-09:00:00,10,26,2011,09,652.73
10.26.2011-12:00:00,10,26,2011,12,642.88
10.26.2011-15:00:00,10,26,2011,15,647.3
10.26.2011-18:00:00,10,26,2011,18,650.67
10.26.2011-21:00:00,10,26,2011,21,646.12
10.27.2011-00:00:00,10,27,2011,00,648.58
10.27.2011-03:00:00,10,27,2011,03,646.23
10.27.2011-06:00:00,10,27,2011,06,643.36
10.27.2011-09:00:00,10,27,2011,09,629.86
10.27.2011-12:00:00,10,27,2011,12,622.76
10.27.2011-15:00:00,10,27,2011,15,625.61
10.27.2011-18:00:00,10,27,2011,18,630.11
10.27.2011-21:00:00,10,27,2011,21,629.86
10.28.2011-00:00:00,10,28,2011,00,626.38
10.28.2011-03:00:00,10,28,2011,03,626.95
10.28.2011-06:00:00,10,28,2011,06,629.52
10.28.2011-09:00:00,10,28,2011,09,613.61
10.28.2011-12:00:00,10,28,2011,12,612.22
10.28.2011-15:00:00,10,28,2011,15,614.32
10.28.2011-18:00:00,10,28,2011,18,619.28
10.28.2011-21:00:00,10,28,2011,21,616.83
10.29.2011-00:00:00,10,29,2011,00,634.6
10.29.2011-03:00:00,10,29,2011,03,620.47
10.29.2011-06:00:00,10,29,2011,06,609.51
10.29.2011-09:00:00,10,29,2011,09,703.23
10.29.2011-12:00:00,10,29,2011,12,798.59
10.29.2011-15:00:00,10,29,2011,15,818.48
10.29.2011-18:00:00,10,29,2011,18,853.79
10.29.2011-21:00:00,10,29,2011,21,899.02
10.30.2011-00:00:00,10,30,2011,00,742.09
10.30.2011-03:00:00,10,30,2011,03,703.67
10.30.2011-06:00:00,10,30,2011,06,695.82
10.30.2011-09:00:00,10,30,2011,09,687.04
10.30.2011-12:00:00,10,30,2011,12,703.97
10.30.2011-15:00:00,10,30,2011,15,736.68
10.30.2011-18:00:00,10,30,2011,18,716.18
10.30.2011-21:00:00,10,30,2011,21,691.76
10.31.2011-00:00:00,10,31,2011,00,763.87
10.31.2011-03:00:00,10,31,2011,03,719.02
10.31.2011-06:00:00,10,31,2011,06,683.31
10.31.2011-09:00:00,10,31,2011,09,740.1
10.31.2011-12:00:00,10,31,2011,12,837.81
10.31.2011-15:00:00,10,31,2011,15,870.81
10.31.2011-18:00:00,10,31,2011,18,897.44
10.31.2011-21:00:00,10,31,2011,21,894.25
11.01.2011-00:00:00,11,01,2011,00,752.21
11.01.2011-03:00:00,11,01,2011,03,732.75
11.01.2011-06:00:00,11,01,2011,06,730.46
11.01.2011-09:00:00,11,01,2011,09,721.67
11.01.2011-12:00:00,11,01,2011,12,717.4
11.01.2011-15:00:00,11,01,2011,15,711.79
11.01.2011-18:00:00,11,01,2011,18,704.02
11.01.2011-21:00:00,11,01,2011,21,695.03
11.02.2011-00:00:00,11,02,2011,00,686.97
11.02.2011-03:00:00,11,02,2011,03,677.64
11.02.2011-06:00:00,11,02,2011,06,670.04
11.02.2011-09:00:00,11,02,2011,09,654.14
11.02.2011-12:00:00,11,02,2011,12,646.33
11.02.2011-15:00:00,11,02,2011,15,657.03
11.02.2011-18:00:00,11,02,2011,18,642.67
11.02.2011-21:00:00,11,02,2011,21,635.16
11.03.2011-00:00:00,11,03,2011,00,629.28
11.03.2011-03:00:00,11,03,2011,03,621.67
11.03.2011-06:00:00,11,03,2011,06,614.16
11.03.2011-09:00:00,11,03,2011,09,600.38
11.03.2011-12:00:00,11,03,2011,12,592.21
11.03.2011-15:00:00,11,03,2011,15,599.32
11.03.2011-18:00:00,11,03,2011,18,588.98
11.03.2011-21:00:00,11,03,2011,21,582.4
11.04.2011-00:00:00,11,04,2011,00,575.86
11.04.2011-03:00:00,11,04,2011,03,569.62
11.04.2011-06:00:00,11,04,2011,06,564.54
11.04.2011-09:00:00,11,04,2011,09,557.18
11.04.2011-12:00:00,11,04,2011,12,549.44
11.04.2011-15:00:00,11,04,2011,15,550.69
11.04.2011-18:00:00,11,04,2011,18,545.75
11.04.2011-21:00:00,11,04,2011,21,540.51
11.05.2011-00:00:00,11,05,2011,00,535.28
11.05.2011-03:00:00,11,05,2011,03,530.03
11.05.2011-06:00:00,11,05,2011,06,525.05
11.05.2011-09:00:00,11,05,2011,09,516.04
11.05.2011-12:00:00,11,05,2011,12,509.28
11.05.2011-15:00:00,11,05,2011,15,510.95
11.05.2011-18:00:00,11,05,2011,18,506.41
11.05.2011-21:00:00,11,05,2011,21,502.18
11.06.2011-00:00:00,11,06,2011,00,498.07
11.06.2011-03:00:00,11,06,2011,03,494.21
11.06.2011-06:00:00,11,06,2011,06,491.04
11.06.2011-09:00:00,11,06,2011,09,485.82
11.06.2011-12:00:00,11,06,2011,12,479.94
11.06.2011-15:00:00,11,06,2011,15,479.33
11.06.2011-18:00:00,11,06,2011,18,476.64
11.06.2011-21:00:00,11,06,2011,21,474.14
11.07.2011-00:00:00,11,07,2011,00,472.4
11.07.2011-03:00:00,11,07,2011,03,471.12
11.07.2011-06:00:00,11,07,2011,06,470.43
11.07.2011-09:00:00,11,07,2011,09,466.74
11.07.2011-12:00:00,11,07,2011,12,464.75
11.07.2011-15:00:00,11,07,2011,15,464.07
11.07.2011-18:00:00,11,07,2011,18,462.04
11.07.2011-21:00:00,11,07,2011,21,458.67
11.08.2011-00:00:00,11,08,2011,00,455.73
11.08.2011-03:00:00,11,08,2011,03,452.83
11.08.2011-06:00:00,11,08,2011,06,449.91
11.08.2011-09:00:00,11,08,2011,09,444.28
11.08.2011-12:00:00,11,08,2011,12,441.72
11.08.2011-15:00:00,11,08,2011,15,441.46
11.08.2011-18:00:00,11,08,2011,18,437.07
11.08.2011-21:00:00,11,08,2011,21,434.52
11.09.2011-00:00:00,11,09,2011,00,431.61
11.09.2011-03:00:00,11,09,2011,03,428.64
11.09.2011-06:00:00,11,09,2011,06,425.56
11.09.2011-09:00:00,11,09,2011,09,421.49
11.09.2011-12:00:00,11,09,2011,12,426.91
11.09.2011-15:00:00,11,09,2011,15,436.6
11.09.2011-18:00:00,11,09,2011,18,416.44
11.09.2011-21:00:00,11,09,2011,21,410.55
11.10.2011-00:00:00,11,10,2011,00,408.72
11.10.2011-03:00:00,11,10,2011,03,404.73
11.10.2011-06:00:00,11,10,2011,06,401.67
11.10.2011-09:00:00,11,10,2011,09,398.68
11.10.2011-12:00:00,11,10,2011,12,401.75
11.10.2011-15:00:00,11,10,2011,15,414.09
11.10.2011-18:00:00,11,10,2011,18,402.18
11.10.2011-21:00:00,11,10,2011,21,390.69
11.11.2011-00:00:00,11,11,2011,00,387.41
11.11.2011-03:00:00,11,11,2011,03,384.31
11.11.2011-06:00:00,11,11,2011,06,381.21
11.11.2011-09:00:00,11,11,2011,09,377.73
11.11.2011-12:00:00,11,11,2011,12,376.56
11.11.2011-15:00:00,11,11,2011,15,377.68
11.11.2011-18:00:00,11,11,2011,18,370.94
11.11.2011-21:00:00,11,11,2011,21,367.79
11.12.2011-00:00:00,11,12,2011,00,366.19
11.12.2011-03:00:00,11,12,2011,03,363.8
11.12.2011-06:00:00,11,12,2011,06,360.88
11.12.2011-09:00:00,11,12,2011,09,373.49
11.12.2011-12:00:00,11,12,2011,12,446.38
11.12.2011-15:00:00,11,12,2011,15,379.02
11.12.2011-18:00:00,11,12,2011,18,365.23
11.12.2011-21:00:00,11,12,2011,21,362.62
11.13.2011-00:00:00,11,13,2011,00,360.58
11.13.2011-03:00:00,11,13,2011,03,358.34
11.13.2011-06:00:00,11,13,2011,06,356.32
11.13.2011-09:00:00,11,13,2011,09,353.8
11.13.2011-12:00:00,11,13,2011,12,351.41
11.13.2011-15:00:00,11,13,2011,15,349.27
11.13.2011-18:00:00,11,13,2011,18,347.63
11.13.2011-21:00:00,11,13,2011,21,346.54
11.14.2011-00:00:00,11,14,2011,00,346.69
11.14.2011-03:00:00,11,14,2011,03,348.01
11.14.2011-06:00:00,11,14,2011,06,359.25
11.14.2011-09:00:00,11,14,2011,09,398.89
11.14.2011-12:00:00,11,14,2011,12,479.22
11.14.2011-15:00:00,11,14,2011,15,504.36
11.14.2011-18:00:00,11,14,2011,18,488.81
11.14.2011-21:00:00,11,14,2011,21,422.22
11.15.2011-00:00:00,11,15,2011,00,395.68
11.15.2011-03:00:00,11,15,2011,03,402.16
11.15.2011-06:00:00,11,15,2011,06,409.46
11.15.2011-09:00:00,11,15,2011,09,411.13
11.15.2011-12:00:00,11,15,2011,12,414
11.15.2011-15:00:00,11,15,2011,15,422.52
11.15.2011-18:00:00,11,15,2011,18,406.22
11.15.2011-21:00:00,11,15,2011,21,402.03
11.16.2011-00:00:00,11,16,2011,00,398.09
11.16.2011-03:00:00,11,16,2011,03,394.11
11.16.2011-06:00:00,11,16,2011,06,390.38
11.16.2011-09:00:00,11,16,2011,09,386.08
11.16.2011-12:00:00,11,16,2011,12,381.48
11.16.2011-15:00:00,11,16,2011,15,378.17
11.16.2011-18:00:00,11,16,2011,18,373.98
11.16.2011-21:00:00,11,16,2011,21,370.3
11.17.2011-00:00:00,11,17,2011,00,366.22
11.17.2011-03:00:00,11,17,2011,03,362.7
11.17.2011-06:00:00,11,17,2011,06,358.75
11.17.2011-09:00:00,11,17,2011,09,354.88
11.17.2011-12:00:00,11,17,2011,12,351.3
11.17.2011-15:00:00,11,17,2011,15,347.84
11.17.2011-18:00:00,11,17,2011,18,344.45
11.17.2011-21:00:00,11,17,2011,21,341.04
11.18.2011-00:00:00,11,18,2011,00,338.44
11.18.2011-03:00:00,11,18,2011,03,335.56
11.18.2011-06:00:00,11,18,2011,06,332.99
11.18.2011-09:00:00,11,18,2011,09,330.21
11.18.2011-12:00:00,11,18,2011,12,358.31
11.18.2011-15:00:00,11,18,2011,15,333.86
11.18.2011-18:00:00,11,18,2011,18,324.17
11.18.2011-21:00:00,11,18,2011,21,322.59
11.19.2011-00:00:00,11,19,2011,00,319.73
11.19.2011-03:00:00,11,19,2011,03,317.56
11.19.2011-06:00:00,11,19,2011,06,315.9
11.19.2011-09:00:00,11,19,2011,09,313.7
11.19.2011-12:00:00,11,19,2011,12,311.24
11.19.2011-15:00:00,11,19,2011,15,308.8
11.19.2011-18:00:00,11,19,2011,18,306.31
11.19.2011-21:00:00,11,19,2011,21,303.79
11.20.2011-00:00:00,11,20,2011,00,301.26
11.20.2011-03:00:00,11,20,2011,03,299.07
11.20.2011-06:00:00,11,20,2011,06,296.54
11.20.2011-09:00:00,11,20,2011,09,293.97
11.20.2011-12:00:00,11,20,2011,12,291.37
11.20.2011-15:00:00,11,20,2011,15,288.79
11.20.2011-18:00:00,11,20,2011,18,286.2
11.20.2011-21:00:00,11,20,2011,21,283.6
11.21.2011-00:00:00,11,21,2011,00,281
11.21.2011-03:00:00,11,21,2011,03,278.78
11.21.2011-06:00:00,11,21,2011,06,276.21
11.21.2011-09:00:00,11,21,2011,09,274.02
11.21.2011-12:00:00,11,21,2011,12,271.51
11.21.2011-15:00:00,11,21,2011,15,269.03
11.21.2011-18:00:00,11,21,2011,18,266.55
11.21.2011-21:00:00,11,21,2011,21,264.08
11.22.2011-00:00:00,11,22,2011,00,261.63
11.22.2011-03:00:00,11,22,2011,03,259.5
11.22.2011-06:00:00,11,22,2011,06,257.07
11.22.2011-09:00:00,11,22,2011,09,254.65
11.22.2011-12:00:00,11,22,2011,12,252.23
11.22.2011-15:00:00,11,22,2011,15,249.8
11.22.2011-18:00:00,11,22,2011,18,247.39
11.22.2011-21:00:00,11,22,2011,21,245.07
11.23.2011-00:00:00,11,23,2011,00,242.79
11.23.2011-03:00:00,11,23,2011,03,240.54
11.23.2011-06:00:00,11,23,2011,06,238.75
11.23.2011-09:00:00,11,23,2011,09,255.58
11.23.2011-12:00:00,11,23,2011,12,333.63
11.23.2011-15:00:00,11,23,2011,15,303.82
11.23.2011-18:00:00,11,23,2011,18,328.19
11.23.2011-21:00:00,11,23,2011,21,372.17
11.24.2011-00:00:00,11,24,2011,00,368.73
11.24.2011-03:00:00,11,24,2011,03,361.89
11.24.2011-06:00:00,11,24,2011,06,396.48
11.24.2011-09:00:00,11,24,2011,09,500.63
11.24.2011-12:00:00,11,24,2011,12,602.91
11.24.2011-15:00:00,11,24,2011,15,689.16
11.24.2011-18:00:00,11,24,2011,18,642.29
11.24.2011-21:00:00,11,24,2011,21,521.48
11.25.2011-00:00:00,11,25,2011,00,469.36
11.25.2011-03:00:00,11,25,2011,03,464.39
11.25.2011-06:00:00,11,25,2011,06,459.4
11.25.2011-09:00:00,11,25,2011,09,453.89
11.25.2011-12:00:00,11,25,2011,12,475.81
11.25.2011-15:00:00,11,25,2011,15,446.05
11.25.2011-18:00:00,11,25,2011,18,439.45
11.25.2011-21:00:00,11,25,2011,21,434.41
11.26.2011-00:00:00,11,26,2011,00,429.73
11.26.2011-03:00:00,11,26,2011,03,425.09
11.26.2011-06:00:00,11,26,2011,06,420.47
11.26.2011-09:00:00,11,26,2011,09,415.64
11.26.2011-12:00:00,11,26,2011,12,410.64
11.26.2011-15:00:00,11,26,2011,15,405.48
11.26.2011-18:00:00,11,26,2011,18,400.3
11.26.2011-21:00:00,11,26,2011,21,395.13
11.27.2011-00:00:00,11,27,2011,00,390.01
11.27.2011-03:00:00,11,27,2011,03,384.94
11.27.2011-06:00:00,11,27,2011,06,379.92
11.27.2011-09:00:00,11,27,2011,09,375.39
11.27.2011-12:00:00,11,27,2011,12,371.2
11.27.2011-15:00:00,11,27,2011,15,366.81
11.27.2011-18:00:00,11,27,2011,18,362.37
11.27.2011-21:00:00,11,27,2011,21,358.01
11.28.2011-00:00:00,11,28,2011,00,364.88
11.28.2011-03:00:00,11,28,2011,03,394.26
11.28.2011-06:00:00,11,28,2011,06,396.83
11.28.2011-09:00:00,11,28,2011,09,398.17
11.28.2011-12:00:00,11,28,2011,12,426.3
11.28.2011-15:00:00,11,28,2011,15,520.44
11.28.2011-18:00:00,11,28,2011,18,563.65
11.28.2011-21:00:00,11,28,2011,21,521.76
11.29.2011-00:00:00,11,29,2011,00,385.1
11.29.2011-03:00:00,11,29,2011,03,382.52
11.29.2011-06:00:00,11,29,2011,06,382.35
11.29.2011-09:00:00,11,29,2011,09,378.32
11.29.2011-12:00:00,11,29,2011,12,372.64
11.29.2011-15:00:00,11,29,2011,15,382.03
11.29.2011-18:00:00,11,29,2011,18,370.27
11.29.2011-21:00:00,11,29,2011,21,362.19
11.30.2011-00:00:00,11,30,2011,00,355.95
11.30.2011-03:00:00,11,30,2011,03,349.63
11.30.2011-06:00:00,11,30,2011,06,344.84
11.30.2011-09:00:00,11,30,2011,09,339.3
11.30.2011-12:00:00,11,30,2011,12,333.6
11.30.2011-15:00:00,11,30,2011,15,330.58
11.30.2011-18:00:00,11,30,2011,18,325.93
11.30.2011-21:00:00,11,30,2011,21,321.31
12.01.2011-00:00:00,12,01,2011,00,316.82
12.01.2011-03:00:00,12,01,2011,03,312.39
12.01.2011-06:00:00,12,01,2011,06,308.03
12.01.2011-09:00:00,12,01,2011,09,302.79
12.01.2011-12:00:00,12,01,2011,12,298.05
12.01.2011-15:00:00,12,01,2011,15,295.2
12.01.2011-18:00:00,12,01,2011,18,291.19
12.01.2011-21:00:00,12,01,2011,21,287.22
12.02.2011-00:00:00,12,02,2011,00,283.69
12.02.2011-03:00:00,12,02,2011,03,280.7
12.02.2011-06:00:00,12,02,2011,06,277.99
12.02.2011-09:00:00,12,02,2011,09,274.8
12.02.2011-12:00:00,12,02,2011,12,272.61
12.02.2011-15:00:00,12,02,2011,15,270.35
12.02.2011-18:00:00,12,02,2011,18,267.92
12.02.2011-21:00:00,12,02,2011,21,265.47
12.03.2011-00:00:00,12,03,2011,00,263
12.03.2011-03:00:00,12,03,2011,03,260.52
12.03.2011-06:00:00,12,03,2011,06,258.29
12.03.2011-09:00:00,12,03,2011,09,255.51
12.03.2011-12:00:00,12,03,2011,12,253.82
12.03.2011-15:00:00,12,03,2011,15,251.84
12.03.2011-18:00:00,12,03,2011,18,249.8
12.03.2011-21:00:00,12,03,2011,21,247.72
12.04.2011-00:00:00,12,04,2011,00,245.63
12.04.2011-03:00:00,12,04,2011,03,243.77
12.04.2011-06:00:00,12,04,2011,06,242.11
12.04.2011-09:00:00,12,04,2011,09,239.45
12.04.2011-12:00:00,12,04,2011,12,238.13
12.04.2011-15:00:00,12,04,2011,15,236.32
12.04.2011-18:00:00,12,04,2011,18,234.18
12.04.2011-21:00:00,12,04,2011,21,232.03
12.05.2011-00:00:00,12,05,2011,00,229.87
12.05.2011-03:00:00,12,05,2011,03,227.72
12.05.2011-06:00:00,12,05,2011,06,225.56
12.05.2011-09:00:00,12,05,2011,09,222.73
12.05.2011-12:00:00,12,05,2011,12,221.12
12.05.2011-15:00:00,12,05,2011,15,219.04
12.05.2011-18:00:00,12,05,2011,18,216.92
12.05.2011-21:00:00,12,05,2011,21,214.81
12.06.2011-00:00:00,12,06,2011,00,212.7
12.06.2011-03:00:00,12,06,2011,03,210.88
12.06.2011-06:00:00,12,06,2011,06,209.14
12.06.2011-09:00:00,12,06,2011,09,207.53
12.06.2011-12:00:00,12,06,2011,12,205.75
12.06.2011-15:00:00,12,06,2011,15,204.25
12.06.2011-18:00:00,12,06,2011,18,202.69
12.06.2011-21:00:00,12,06,2011,21,201.14
12.07.2011-00:00:00,12,07,2011,00,199.42
12.07.2011-03:00:00,12,07,2011,03,197.7
12.07.2011-06:00:00,12,07,2011,06,195.99
12.07.2011-09:00:00,12,07,2011,09,194.21
12.07.2011-12:00:00,12,07,2011,12,192.65
12.07.2011-15:00:00,12,07,2011,15,190.96
12.07.2011-18:00:00,12,07,2011,18,189.27
12.07.2011-21:00:00,12,07,2011,21,187.67
12.08.2011-00:00:00,12,08,2011,00,186.11
12.08.2011-03:00:00,12,08,2011,03,184.54
12.08.2011-06:00:00,12,08,2011,06,182.98
12.08.2011-09:00:00,12,08,2011,09,181.37
12.08.2011-12:00:00,12,08,2011,12,179.79
12.08.2011-15:00:00,12,08,2011,15,178.26
12.08.2011-18:00:00,12,08,2011,18,176.72
12.08.2011-21:00:00,12,08,2011,21,175.18
12.09.2011-00:00:00,12,09,2011,00,173.66
12.09.2011-03:00:00,12,09,2011,03,172.15
12.09.2011-06:00:00,12,09,2011,06,170.64
12.09.2011-09:00:00,12,09,2011,09,169.27
12.09.2011-12:00:00,12,09,2011,12,167.82
12.09.2011-15:00:00,12,09,2011,15,166.48
12.09.2011-18:00:00,12,09,2011,18,165.14
12.09.2011-21:00:00,12,09,2011,21,163.79
12.10.2011-00:00:00,12,10,2011,00,162.66
12.10.2011-03:00:00,12,10,2011,03,161.58
12.10.2011-06:00:00,12,10,2011,06,160.26
12.10.2011-09:00:00,12,10,2011,09,159.17
12.10.2011-12:00:00,12,10,2011,12,157.84
12.10.2011-15:00:00,12,10,2011,15,156.53
12.10.2011-18:00:00,12,10,2011,18,155.22
12.10.2011-21:00:00,12,10,2011,21,153.92
12.11.2011-00:00:00,12,11,2011,00,152.63
12.11.2011-03:00:00,12,11,2011,03,151.34
12.11.2011-06:00:00,12,11,2011,06,150.48
12.11.2011-09:00:00,12,11,2011,09,149.24
12.11.2011-12:00:00,12,11,2011,12,147.97
12.11.2011-15:00:00,12,11,2011,15,146.71
12.11.2011-18:00:00,12,11,2011,18,145.46
12.11.2011-21:00:00,12,11,2011,21,144.22
12.12.2011-00:00:00,12,12,2011,00,142.99
12.12.2011-03:00:00,12,12,2011,03,141.77
12.12.2011-06:00:00,12,12,2011,06,140.56
12.12.2011-09:00:00,12,12,2011,09,139.36
12.12.2011-12:00:00,12,12,2011,12,138.17
12.12.2011-15:00:00,12,12,2011,15,137.18
12.12.2011-18:00:00,12,12,2011,18,136.01
12.12.2011-21:00:00,12,12,2011,21,134.85
12.13.2011-00:00:00,12,13,2011,00,133.7
12.13.2011-03:00:00,12,13,2011,03,132.55
12.13.2011-06:00:00,12,13,2011,06,131.41
12.13.2011-09:00:00,12,13,2011,09,130.28
12.13.2011-12:00:00,12,13,2011,12,129.16
12.13.2011-15:00:00,12,13,2011,15,128.05
12.13.2011-18:00:00,12,13,2011,18,126.96
12.13.2011-21:00:00,12,13,2011,21,125.87
12.14.2011-00:00:00,12,14,2011,00,125.06
12.14.2011-03:00:00,12,14,2011,03,124.35
12.14.2011-06:00:00,12,14,2011,06,123.47
12.14.2011-09:00:00,12,14,2011,09,122.44
12.14.2011-12:00:00,12,14,2011,12,121.41
12.14.2011-15:00:00,12,14,2011,15,120.39
12.14.2011-18:00:00,12,14,2011,18,119.36
12.14.2011-21:00:00,12,14,2011,21,118.35
12.15.2011-00:00:00,12,15,2011,00,117.54
12.15.2011-03:00:00,12,15,2011,03,116.56
12.15.2011-06:00:00,12,15,2011,06,115.57
12.15.2011-09:00:00,12,15,2011,09,114.6
12.15.2011-12:00:00,12,15,2011,12,113.64
12.15.2011-15:00:00,12,15,2011,15,112.69
12.15.2011-18:00:00,12,15,2011,18,111.75
12.15.2011-21:00:00,12,15,2011,21,110.84
12.16.2011-00:00:00,12,16,2011,00,109.93
12.16.2011-03:00:00,12,16,2011,03,109.04
12.16.2011-06:00:00,12,16,2011,06,108.34
12.16.2011-09:00:00,12,16,2011,09,107.47
12.16.2011-12:00:00,12,16,2011,12,106.8
12.16.2011-15:00:00,12,16,2011,15,105.94
12.16.2011-18:00:00,12,16,2011,18,105.08
12.16.2011-21:00:00,12,16,2011,21,104.25
12.17.2011-00:00:00,12,17,2011,00,103.41
12.17.2011-03:00:00,12,17,2011,03,102.57
12.17.2011-06:00:00,12,17,2011,06,101.75
12.17.2011-09:00:00,12,17,2011,09,101.1
12.17.2011-12:00:00,12,17,2011,12,100.29
12.17.2011-15:00:00,12,17,2011,15,99.501
12.17.2011-18:00:00,12,17,2011,18,98.854
12.17.2011-21:00:00,12,17,2011,21,98.24
12.18.2011-00:00:00,12,18,2011,00,97.475
12.18.2011-03:00:00,12,18,2011,03,96.701
12.18.2011-06:00:00,12,18,2011,06,95.941
12.18.2011-09:00:00,12,18,2011,09,95.193
12.18.2011-12:00:00,12,18,2011,12,94.45
12.18.2011-15:00:00,12,18,2011,15,93.718
12.18.2011-18:00:00,12,18,2011,18,92.992
12.18.2011-21:00:00,12,18,2011,21,92.276
12.19.2011-00:00:00,12,19,2011,00,91.564
12.19.2011-03:00:00,12,19,2011,03,90.869
12.19.2011-06:00:00,12,19,2011,06,90.18
12.19.2011-09:00:00,12,19,2011,09,89.483
12.19.2011-12:00:00,12,19,2011,12,88.794
12.19.2011-15:00:00,12,19,2011,15,88.121
12.19.2011-18:00:00,12,19,2011,18,87.451
12.19.2011-21:00:00,12,19,2011,21,87.099
12.20.2011-00:00:00,12,20,2011,00,86.452
12.20.2011-03:00:00,12,20,2011,03,85.804
12.20.2011-06:00:00,12,20,2011,06,85.165
12.20.2011-09:00:00,12,20,2011,09,84.511
12.20.2011-12:00:00,12,20,2011,12,83.87
12.20.2011-15:00:00,12,20,2011,15,83.24
12.20.2011-18:00:00,12,20,2011,18,82.621
12.20.2011-21:00:00,12,20,2011,21,82.01
12.21.2011-00:00:00,12,21,2011,00,81.399
12.21.2011-03:00:00,12,21,2011,03,80.807
12.21.2011-06:00:00,12,21,2011,06,80.215
12.21.2011-09:00:00,12,21,2011,09,79.615
12.21.2011-12:00:00,12,21,2011,12,79.025
12.21.2011-15:00:00,12,21,2011,15,78.445
12.21.2011-18:00:00,12,21,2011,18,78.009
12.21.2011-21:00:00,12,21,2011,21,77.457
12.22.2011-00:00:00,12,22,2011,00,76.899
12.22.2011-03:00:00,12,22,2011,03,76.353
12.22.2011-06:00:00,12,22,2011,06,75.811
12.22.2011-09:00:00,12,22,2011,09,75.265
12.22.2011-12:00:00,12,22,2011,12,74.731
12.22.2011-15:00:00,12,22,2011,15,74.211
12.22.2011-18:00:00,12,22,2011,18,73.688
12.22.2011-21:00:00,12,22,2011,21,73.17
12.23.2011-00:00:00,12,23,2011,00,72.658
12.23.2011-03:00:00,12,23,2011,03,72.156
12.23.2011-06:00:00,12,23,2011,06,71.655
12.23.2011-09:00:00,12,23,2011,09,71.159
12.23.2011-12:00:00,12,23,2011,12,70.787
12.23.2011-15:00:00,12,23,2011,15,70.306
12.23.2011-18:00:00,12,23,2011,18,69.827
12.23.2011-21:00:00,12,23,2011,21,69.352
12.24.2011-00:00:00,12,24,2011,00,68.881
12.24.2011-03:00:00,12,24,2011,03,68.423
12.24.2011-06:00:00,12,24,2011,06,67.967
12.24.2011-09:00:00,12,24,2011,09,67.507
12.24.2011-12:00:00,12,24,2011,12,67.051
12.24.2011-15:00:00,12,24,2011,15,66.599
12.24.2011-18:00:00,12,24,2011,18,66.153
12.24.2011-21:00:00,12,24,2011,21,65.707
12.25.2011-00:00:00,12,25,2011,00,65.272
12.25.2011-03:00:00,12,25,2011,03,64.834
12.25.2011-06:00:00,12,25,2011,06,64.399
12.25.2011-09:00:00,12,25,2011,09,63.968
12.25.2011-12:00:00,12,25,2011,12,63.542
12.25.2011-15:00:00,12,25,2011,15,63.116
12.25.2011-18:00:00,12,25,2011,18,62.828
12.25.2011-21:00:00,12,25,2011,21,62.42
12.26.2011-00:00:00,12,26,2011,00,62.017
12.26.2011-03:00:00,12,26,2011,03,61.617
12.26.2011-06:00:00,12,26,2011,06,61.219
12.26.2011-09:00:00,12,26,2011,09,60.82
12.26.2011-12:00:00,12,26,2011,12,60.546
12.26.2011-15:00:00,12,26,2011,15,60.286
12.26.2011-18:00:00,12,26,2011,18,60.059
12.26.2011-21:00:00,12,26,2011,21,59.678
12.27.2011-00:00:00,12,27,2011,00,59.294
12.27.2011-03:00:00,12,27,2011,03,58.914
12.27.2011-06:00:00,12,27,2011,06,58.539
12.27.2011-09:00:00,12,27,2011,09,58.165
12.27.2011-12:00:00,12,27,2011,12,57.794
12.27.2011-15:00:00,12,27,2011,15,57.536
12.27.2011-18:00:00,12,27,2011,18,57.176
12.27.2011-21:00:00,12,27,2011,21,56.947
12.28.2011-00:00:00,12,28,2011,00,56.6
12.28.2011-03:00:00,12,28,2011,03,56.243
12.28.2011-06:00:00,12,28,2011,06,55.89
12.28.2011-09:00:00,12,28,2011,09,55.542
12.28.2011-12:00:00,12,28,2011,12,55.195
12.28.2011-15:00:00,12,28,2011,15,55.036
12.28.2011-18:00:00,12,28,2011,18,55.401
12.28.2011-21:00:00,12,28,2011,21,56.428
12.29.2011-00:00:00,12,29,2011,00,58.852
12.29.2011-03:00:00,12,29,2011,03,62.724
12.29.2011-06:00:00,12,29,2011,06,68.823
12.29.2011-09:00:00,12,29,2011,09,77.227
12.29.2011-12:00:00,12,29,2011,12,88.114
12.29.2011-15:00:00,12,29,2011,15,101.51
12.29.2011-18:00:00,12,29,2011,18,117.84
12.29.2011-21:00:00,12,29,2011,21,150.46
12.30.2011-00:00:00,12,30,2011,00,289.11
12.30.2011-03:00:00,12,30,2011,03,363.31
12.30.2011-06:00:00,12,30,2011,06,432.44
12.30.2011-09:00:00,12,30,2011,09,636.89
12.30.2011-12:00:00,12,30,2011,12,694.95
12.30.2011-15:00:00,12,30,2011,15,772.31
12.30.2011-18:00:00,12,30,2011,18,834.86
12.30.2011-21:00:00,12,30,2011,21,848.53
12.31.2011-00:00:00,12,31,2011,00,720.09
12.31.2011-03:00:00,12,31,2011,03,636.16
12.31.2011-06:00:00,12,31,2011,06,616.09
12.31.2011-09:00:00,12,31,2011,09,764.53
12.31.2011-12:00:00,12,31,2011,12,855.68
12.31.2011-15:00:00,12,31,2011,15,757.99
12.31.2011-18:00:00,12,31,2011,18,659.22
12.31.2011-21:00:00,12,31,2011,21,652.07
01.01.2012-00:00:00,01,01,2012,00,643.78
01.01.2012-03:00:00,01,01,2012,03,640.19
01.01.2012-06:00:00,01,01,2012,06,634.96
01.01.2012-09:00:00,01,01,2012,09,627.18
01.01.2012-12:00:00,01,01,2012,12,622.11
01.01.2012-15:00:00,01,01,2012,15,619.63
01.01.2012-18:00:00,01,01,2012,18,610.51
01.01.2012-21:00:00,01,01,2012,21,600.91
01.02.2012-00:00:00,01,02,2012,00,591.15
01.02.2012-03:00:00,01,02,2012,03,581.28
01.02.2012-06:00:00,01,02,2012,06,571.32
01.02.2012-09:00:00,01,02,2012,09,561.3
01.02.2012-12:00:00,01,02,2012,12,551.26
01.02.2012-15:00:00,01,02,2012,15,541.27
01.02.2012-18:00:00,01,02,2012,18,531.55
01.02.2012-21:00:00,01,02,2012,21,521.65
01.03.2012-00:00:00,01,03,2012,00,512.84
01.03.2012-03:00:00,01,03,2012,03,503.91
01.03.2012-06:00:00,01,03,2012,06,494.53
01.03.2012-09:00:00,01,03,2012,09,485.24
01.03.2012-12:00:00,01,03,2012,12,476.07
01.03.2012-15:00:00,01,03,2012,15,467.03
01.03.2012-18:00:00,01,03,2012,18,458.14
01.03.2012-21:00:00,01,03,2012,21,449.52
01.04.2012-00:00:00,01,04,2012,00,441.13
01.04.2012-03:00:00,01,04,2012,03,432.91
01.04.2012-06:00:00,01,04,2012,06,424.83
01.04.2012-09:00:00,01,04,2012,09,416.83
01.04.2012-12:00:00,01,04,2012,12,409.04
01.04.2012-15:00:00,01,04,2012,15,401.08
01.04.2012-18:00:00,01,04,2012,18,393.96
01.04.2012-21:00:00,01,04,2012,21,386.79
01.05.2012-00:00:00,01,05,2012,00,379.65
01.05.2012-03:00:00,01,05,2012,03,372.72
01.05.2012-06:00:00,01,05,2012,06,366.45
01.05.2012-09:00:00,01,05,2012,09,360.41
01.05.2012-12:00:00,01,05,2012,12,354.8
01.05.2012-15:00:00,01,05,2012,15,349.41
01.05.2012-18:00:00,01,05,2012,18,374.05
01.05.2012-21:00:00,01,05,2012,21,393
01.06.2012-00:00:00,01,06,2012,00,344.1
01.06.2012-03:00:00,01,06,2012,03,336.73
01.06.2012-06:00:00,01,06,2012,06,332.18
01.06.2012-09:00:00,01,06,2012,09,328.71
01.06.2012-12:00:00,01,06,2012,12,331.84
01.06.2012-15:00:00,01,06,2012,15,334.15
01.06.2012-18:00:00,01,06,2012,18,324.65
01.06.2012-21:00:00,01,06,2012,21,316.43
01.07.2012-00:00:00,01,07,2012,00,310.54
01.07.2012-03:00:00,01,07,2012,03,307
01.07.2012-06:00:00,01,07,2012,06,302.99
01.07.2012-09:00:00,01,07,2012,09,297.13
01.07.2012-12:00:00,01,07,2012,12,292.92
01.07.2012-15:00:00,01,07,2012,15,290.49
01.07.2012-18:00:00,01,07,2012,18,286.95
01.07.2012-21:00:00,01,07,2012,21,283.37
01.08.2012-00:00:00,01,08,2012,00,279.78
01.08.2012-03:00:00,01,08,2012,03,276.21
01.08.2012-06:00:00,01,08,2012,06,272.66
01.08.2012-09:00:00,01,08,2012,09,268.57
01.08.2012-12:00:00,01,08,2012,12,264.32
01.08.2012-15:00:00,01,08,2012,15,262.17
01.08.2012-18:00:00,01,08,2012,18,259.16
01.08.2012-21:00:00,01,08,2012,21,256.11
01.09.2012-00:00:00,01,09,2012,00,253.07
01.09.2012-03:00:00,01,09,2012,03,250.05
01.09.2012-06:00:00,01,09,2012,06,247.14
01.09.2012-09:00:00,01,09,2012,09,244.01
01.09.2012-12:00:00,01,09,2012,12,241.25
01.09.2012-15:00:00,01,09,2012,15,238.79
01.09.2012-18:00:00,01,09,2012,18,236.02
01.09.2012-21:00:00,01,09,2012,21,233.31
01.10.2012-00:00:00,01,10,2012,00,230.63
01.10.2012-03:00:00,01,10,2012,03,227.96
01.10.2012-06:00:00,01,10,2012,06,225.39
01.10.2012-09:00:00,01,10,2012,09,222.31
01.10.2012-12:00:00,01,10,2012,12,220.92
01.10.2012-15:00:00,01,10,2012,15,219.06
01.10.2012-18:00:00,01,10,2012,18,217.41
01.10.2012-21:00:00,01,10,2012,21,215.54
01.11.2012-00:00:00,01,11,2012,00,213.76
01.11.2012-03:00:00,01,11,2012,03,211.97
01.11.2012-06:00:00,01,11,2012,06,210.07
01.11.2012-09:00:00,01,11,2012,09,207.39
01.11.2012-12:00:00,01,11,2012,12,206.07
01.11.2012-15:00:00,01,11,2012,15,204.24
01.11.2012-18:00:00,01,11,2012,18,202.34
01.11.2012-21:00:00,01,11,2012,21,200.44
01.12.2012-00:00:00,01,12,2012,00,198.54
01.12.2012-03:00:00,01,12,2012,03,196.66
01.12.2012-06:00:00,01,12,2012,06,195.16
01.12.2012-09:00:00,01,12,2012,09,193.81
01.12.2012-12:00:00,01,12,2012,12,192.56
01.12.2012-15:00:00,01,12,2012,15,191.18
01.12.2012-18:00:00,01,12,2012,18,189.79
01.12.2012-21:00:00,01,12,2012,21,188.39
01.13.2012-00:00:00,01,13,2012,00,186.97
01.13.2012-03:00:00,01,13,2012,03,185.55
01.13.2012-06:00:00,01,13,2012,06,184.11
01.13.2012-09:00:00,01,13,2012,09,182.66
01.13.2012-12:00:00,01,13,2012,12,181.21
01.13.2012-15:00:00,01,13,2012,15,179.75
01.13.2012-18:00:00,01,13,2012,18,178.29
01.13.2012-21:00:00,01,13,2012,21,176.83
01.14.2012-00:00:00,01,14,2012,00,175.37
01.14.2012-03:00:00,01,14,2012,03,173.91
01.14.2012-06:00:00,01,14,2012,06,172.51
01.14.2012-09:00:00,01,14,2012,09,171.14
01.14.2012-12:00:00,01,14,2012,12,169.71
01.14.2012-15:00:00,01,14,2012,15,168.3
01.14.2012-18:00:00,01,14,2012,18,166.89
01.14.2012-21:00:00,01,14,2012,21,165.48
01.15.2012-00:00:00,01,15,2012,00,164.07
01.15.2012-03:00:00,01,15,2012,03,162.68
01.15.2012-06:00:00,01,15,2012,06,161.29
01.15.2012-09:00:00,01,15,2012,09,159.99
01.15.2012-12:00:00,01,15,2012,12,158.61
01.15.2012-15:00:00,01,15,2012,15,157.24
01.15.2012-18:00:00,01,15,2012,18,155.87
01.15.2012-21:00:00,01,15,2012,21,154.51
01.16.2012-00:00:00,01,16,2012,00,153.15
01.16.2012-03:00:00,01,16,2012,03,151.81
01.16.2012-06:00:00,01,16,2012,06,150.48
01.16.2012-09:00:00,01,16,2012,09,149.15
01.16.2012-12:00:00,01,16,2012,12,147.82
01.16.2012-15:00:00,01,16,2012,15,146.51
01.16.2012-18:00:00,01,16,2012,18,145.21
01.16.2012-21:00:00,01,16,2012,21,144
01.17.2012-00:00:00,01,17,2012,00,142.72
01.17.2012-03:00:00,01,17,2012,03,141.45
01.17.2012-06:00:00,01,17,2012,06,140.19
01.17.2012-09:00:00,01,17,2012,09,138.93
01.17.2012-12:00:00,01,17,2012,12,137.69
01.17.2012-15:00:00,01,17,2012,15,136.46
01.17.2012-18:00:00,01,17,2012,18,135.24
01.17.2012-21:00:00,01,17,2012,21,134.03
01.18.2012-00:00:00,01,18,2012,00,132.82
01.18.2012-03:00:00,01,18,2012,03,131.63
01.18.2012-06:00:00,01,18,2012,06,130.45
01.18.2012-09:00:00,01,18,2012,09,129.28
01.18.2012-12:00:00,01,18,2012,12,128.2
01.18.2012-15:00:00,01,18,2012,15,127.06
01.18.2012-18:00:00,01,18,2012,18,125.94
01.18.2012-21:00:00,01,18,2012,21,124.83
01.19.2012-00:00:00,01,19,2012,00,123.71
01.19.2012-03:00:00,01,19,2012,03,122.61
01.19.2012-06:00:00,01,19,2012,06,121.53
01.19.2012-09:00:00,01,19,2012,09,120.46
01.19.2012-12:00:00,01,19,2012,12,119.39
01.19.2012-15:00:00,01,19,2012,15,118.33
01.19.2012-18:00:00,01,19,2012,18,117.28
01.19.2012-21:00:00,01,19,2012,21,116.24
01.20.2012-00:00:00,01,20,2012,00,115.29
01.20.2012-03:00:00,01,20,2012,03,114.27
01.20.2012-06:00:00,01,20,2012,06,113.26
01.20.2012-09:00:00,01,20,2012,09,112.26
01.20.2012-12:00:00,01,20,2012,12,111.34
01.20.2012-15:00:00,01,20,2012,15,110.36
01.20.2012-18:00:00,01,20,2012,18,109.4
01.20.2012-21:00:00,01,20,2012,21,108.44
01.21.2012-00:00:00,01,21,2012,00,107.48
01.21.2012-03:00:00,01,21,2012,03,106.54
01.21.2012-06:00:00,01,21,2012,06,105.6
01.21.2012-09:00:00,01,21,2012,09,104.68
01.21.2012-12:00:00,01,21,2012,12,103.76
01.21.2012-15:00:00,01,21,2012,15,102.85
01.21.2012-18:00:00,01,21,2012,18,101.95
01.21.2012-21:00:00,01,21,2012,21,101.06
01.22.2012-00:00:00,01,22,2012,00,100.19
01.22.2012-03:00:00,01,22,2012,03,99.315
01.22.2012-06:00:00,01,22,2012,06,98.452
01.22.2012-09:00:00,01,22,2012,09,97.598
01.22.2012-12:00:00,01,22,2012,12,96.749
01.22.2012-15:00:00,01,22,2012,15,95.913
01.22.2012-18:00:00,01,22,2012,18,95.089
01.22.2012-21:00:00,01,22,2012,21,94.274
01.23.2012-00:00:00,01,23,2012,00,93.467
01.23.2012-03:00:00,01,23,2012,03,92.674
01.23.2012-06:00:00,01,23,2012,06,91.891
01.23.2012-09:00:00,01,23,2012,09,91.114
01.23.2012-12:00:00,01,23,2012,12,90.343
01.23.2012-15:00:00,01,23,2012,15,89.738
01.23.2012-18:00:00,01,23,2012,18,89.047
01.23.2012-21:00:00,01,23,2012,21,88.363
01.24.2012-00:00:00,01,24,2012,00,87.627
01.24.2012-03:00:00,01,24,2012,03,86.896
01.24.2012-06:00:00,01,24,2012,06,86.173
01.24.2012-09:00:00,01,24,2012,09,85.448
01.24.2012-12:00:00,01,24,2012,12,84.733
01.24.2012-15:00:00,01,24,2012,15,84.03
01.24.2012-18:00:00,01,24,2012,18,83.345
01.24.2012-21:00:00,01,24,2012,21,82.666
01.25.2012-00:00:00,01,25,2012,00,81.987
01.25.2012-03:00:00,01,25,2012,03,81.319
01.25.2012-06:00:00,01,25,2012,06,80.654
01.25.2012-09:00:00,01,25,2012,09,80.003
01.25.2012-12:00:00,01,25,2012,12,79.357
01.25.2012-15:00:00,01,25,2012,15,78.869
01.25.2012-18:00:00,01,25,2012,18,78.246
01.25.2012-21:00:00,01,25,2012,21,77.623
01.26.2012-00:00:00,01,26,2012,00,77.009
01.26.2012-03:00:00,01,26,2012,03,76.398
01.26.2012-06:00:00,01,26,2012,06,75.794
01.26.2012-09:00:00,01,26,2012,09,75.283
01.26.2012-12:00:00,01,26,2012,12,74.757
01.26.2012-15:00:00,01,26,2012,15,74.173
01.26.2012-18:00:00,01,26,2012,18,73.592
01.26.2012-21:00:00,01,26,2012,21,73.02
01.27.2012-00:00:00,01,27,2012,00,72.459
01.27.2012-03:00:00,01,27,2012,03,71.907
01.27.2012-06:00:00,01,27,2012,06,71.355
01.27.2012-09:00:00,01,27,2012,09,70.813
01.27.2012-12:00:00,01,27,2012,12,70.328
01.27.2012-15:00:00,01,27,2012,15,69.806
01.27.2012-18:00:00,01,27,2012,18,69.286
01.27.2012-21:00:00,01,27,2012,21,68.777
01.28.2012-00:00:00,01,28,2012,00,68.279
01.28.2012-03:00:00,01,28,2012,03,67.781
01.28.2012-06:00:00,01,28,2012,06,67.29
01.28.2012-09:00:00,01,28,2012,09,66.799
01.28.2012-12:00:00,01,28,2012,12,66.306
01.28.2012-15:00:00,01,28,2012,15,65.826
01.28.2012-18:00:00,01,28,2012,18,65.35
01.28.2012-21:00:00,01,28,2012,21,64.949
01.29.2012-00:00:00,01,29,2012,00,64.482
01.29.2012-03:00:00,01,29,2012,03,64.026
01.29.2012-06:00:00,01,29,2012,06,63.57
01.29.2012-09:00:00,01,29,2012,09,63.114
01.29.2012-12:00:00,01,29,2012,12,62.665
01.29.2012-15:00:00,01,29,2012,15,62.218
01.29.2012-18:00:00,01,29,2012,18,61.775
01.29.2012-21:00:00,01,29,2012,21,61.335
01.30.2012-00:00:00,01,30,2012,00,60.902
01.30.2012-03:00:00,01,30,2012,03,60.47
01.30.2012-06:00:00,01,30,2012,06,60.042
01.30.2012-09:00:00,01,30,2012,09,59.658
01.30.2012-12:00:00,01,30,2012,12,59.436
01.30.2012-15:00:00,01,30,2012,15,59.399
01.30.2012-18:00:00,01,30,2012,18,59.657
01.30.2012-21:00:00,01,30,2012,21,59.991
01.31.2012-00:00:00,01,31,2012,00,59.805
01.31.2012-03:00:00,01,31,2012,03,59.602
01.31.2012-06:00:00,01,31,2012,06,59.391
01.31.2012-09:00:00,01,31,2012,09,59.199
01.31.2012-12:00:00,01,31,2012,12,59.179
01.31.2012-15:00:00,01,31,2012,15,59.241
01.31.2012-18:00:00,01,31,2012,18,59.228
01.31.2012-21:00:00,01,31,2012,21,59.183
02.01.2012-00:00:00,02,01,2012,00,59.149
02.01.2012-03:00:00,02,01,2012,03,59.132
02.01.2012-06:00:00,02,01,2012,06,59.072
02.01.2012-09:00:00,02,01,2012,09,58.999
02.01.2012-12:00:00,02,01,2012,12,59.043
02.01.2012-15:00:00,02,01,2012,15,59.251
02.01.2012-18:00:00,02,01,2012,18,59.442
02.01.2012-21:00:00,02,01,2012,21,59.618
02.02.2012-00:00:00,02,02,2012,00,59.591
02.02.2012-03:00:00,02,02,2012,03,59.554
02.02.2012-06:00:00,02,02,2012,06,59.535
02.02.2012-09:00:00,02,02,2012,09,59.579
02.02.2012-12:00:00,02,02,2012,12,59.575
02.02.2012-15:00:00,02,02,2012,15,59.731
02.02.2012-18:00:00,02,02,2012,18,59.923
02.02.2012-21:00:00,02,02,2012,21,59.974
02.03.2012-00:00:00,02,03,2012,00,59.962
02.03.2012-03:00:00,02,03,2012,03,59.939
02.03.2012-06:00:00,02,03,2012,06,59.906
02.03.2012-09:00:00,02,03,2012,09,59.829
02.03.2012-12:00:00,02,03,2012,12,59.745
02.03.2012-15:00:00,02,03,2012,15,59.664
02.03.2012-18:00:00,02,03,2012,18,59.572
02.03.2012-21:00:00,02,03,2012,21,59.467
02.04.2012-00:00:00,02,04,2012,00,59.346
02.04.2012-03:00:00,02,04,2012,03,59.207
02.04.2012-06:00:00,02,04,2012,06,59.132
02.04.2012-09:00:00,02,04,2012,09,59.012
02.04.2012-12:00:00,02,04,2012,12,58.906
02.04.2012-15:00:00,02,04,2012,15,58.802
02.04.2012-18:00:00,02,04,2012,18,58.61
02.04.2012-21:00:00,02,04,2012,21,58.409
02.05.2012-00:00:00,02,05,2012,00,58.2
02.05.2012-03:00:00,02,05,2012,03,58.035
02.05.2012-06:00:00,02,05,2012,06,57.876
02.05.2012-09:00:00,02,05,2012,09,57.683
02.05.2012-12:00:00,02,05,2012,12,57.425
02.05.2012-15:00:00,02,05,2012,15,57.174
02.05.2012-18:00:00,02,05,2012,18,56.919
02.05.2012-21:00:00,02,05,2012,21,56.658
02.06.2012-00:00:00,02,06,2012,00,56.391
02.06.2012-03:00:00,02,06,2012,03,56.122
02.06.2012-06:00:00,02,06,2012,06,55.844
02.06.2012-09:00:00,02,06,2012,09,55.54
02.06.2012-12:00:00,02,06,2012,12,55.241
02.06.2012-15:00:00,02,06,2012,15,54.951
02.06.2012-18:00:00,02,06,2012,18,54.66
02.06.2012-21:00:00,02,06,2012,21,54.366
02.07.2012-00:00:00,02,07,2012,00,54.07
02.07.2012-03:00:00,02,07,2012,03,53.772
02.07.2012-06:00:00,02,07,2012,06,53.478
02.07.2012-09:00:00,02,07,2012,09,53.158
02.07.2012-12:00:00,02,07,2012,12,52.842
02.07.2012-15:00:00,02,07,2012,15,52.54
02.07.2012-18:00:00,02,07,2012,18,52.242
02.07.2012-21:00:00,02,07,2012,21,51.943
02.08.2012-00:00:00,02,08,2012,00,51.651
02.08.2012-03:00:00,02,08,2012,03,51.356
02.08.2012-06:00:00,02,08,2012,06,51.06
02.08.2012-09:00:00,02,08,2012,09,50.754
02.08.2012-12:00:00,02,08,2012,12,50.462
02.08.2012-15:00:00,02,08,2012,15,50.175
02.08.2012-18:00:00,02,08,2012,18,49.884
02.08.2012-21:00:00,02,08,2012,21,49.645
02.09.2012-00:00:00,02,09,2012,00,49.365
02.09.2012-03:00:00,02,09,2012,03,49.085
02.09.2012-06:00:00,02,09,2012,06,48.807
02.09.2012-09:00:00,02,09,2012,09,48.527
02.09.2012-12:00:00,02,09,2012,12,48.245
02.09.2012-15:00:00,02,09,2012,15,47.965
02.09.2012-18:00:00,02,09,2012,18,47.689
02.09.2012-21:00:00,02,09,2012,21,47.415
02.10.2012-00:00:00,02,10,2012,00,47.14
02.10.2012-03:00:00,02,10,2012,03,46.867
02.10.2012-06:00:00,02,10,2012,06,46.595
02.10.2012-09:00:00,02,10,2012,09,46.325
02.10.2012-12:00:00,02,10,2012,12,46.056
02.10.2012-15:00:00,02,10,2012,15,45.79
02.10.2012-18:00:00,02,10,2012,18,45.525
02.10.2012-21:00:00,02,10,2012,21,45.261
02.11.2012-00:00:00,02,11,2012,00,45
02.11.2012-03:00:00,02,11,2012,03,44.741
02.11.2012-06:00:00,02,11,2012,06,44.539
02.11.2012-09:00:00,02,11,2012,09,44.288
02.11.2012-12:00:00,02,11,2012,12,44.036
02.11.2012-15:00:00,02,11,2012,15,43.922
02.11.2012-18:00:00,02,11,2012,18,43.91
02.11.2012-21:00:00,02,11,2012,21,43.875
02.12.2012-00:00:00,02,12,2012,00,43.671
02.12.2012-03:00:00,02,12,2012,03,43.434
02.12.2012-06:00:00,02,12,2012,06,43.196
02.12.2012-09:00:00,02,12,2012,09,42.964
02.12.2012-12:00:00,02,12,2012,12,42.971
02.12.2012-15:00:00,02,12,2012,15,43.048
02.12.2012-18:00:00,02,12,2012,18,43.005
02.12.2012-21:00:00,02,12,2012,21,42.885
02.13.2012-00:00:00,02,13,2012,00,42.71
02.13.2012-03:00:00,02,13,2012,03,42.592
02.13.2012-06:00:00,02,13,2012,06,42.382
02.13.2012-09:00:00,02,13,2012,09,42.16
02.13.2012-12:00:00,02,13,2012,12,42.015
02.13.2012-15:00:00,02,13,2012,15,42.102
02.13.2012-18:00:00,02,13,2012,18,42.023
02.13.2012-21:00:00,02,13,2012,21,41.874
02.14.2012-00:00:00,02,14,2012,00,41.675
02.14.2012-03:00:00,02,14,2012,03,41.478
02.14.2012-06:00:00,02,14,2012,06,41.282
02.14.2012-09:00:00,02,14,2012,09,41.063
02.14.2012-12:00:00,02,14,2012,12,41.036
02.14.2012-15:00:00,02,14,2012,15,41.186
02.14.2012-18:00:00,02,14,2012,18,41.191
02.14.2012-21:00:00,02,14,2012,21,41.142
02.15.2012-00:00:00,02,15,2012,00,41.008
02.15.2012-03:00:00,02,15,2012,03,40.833
02.15.2012-06:00:00,02,15,2012,06,40.666
02.15.2012-09:00:00,02,15,2012,09,40.491
02.15.2012-12:00:00,02,15,2012,12,40.327
02.15.2012-15:00:00,02,15,2012,15,40.387
02.15.2012-18:00:00,02,15,2012,18,40.402
02.15.2012-21:00:00,02,15,2012,21,40.26
02.16.2012-00:00:00,02,16,2012,00,40.119
02.16.2012-03:00:00,02,16,2012,03,39.981
02.16.2012-06:00:00,02,16,2012,06,39.838
02.16.2012-09:00:00,02,16,2012,09,39.672
02.16.2012-12:00:00,02,16,2012,12,39.508
02.16.2012-15:00:00,02,16,2012,15,39.415
02.16.2012-18:00:00,02,16,2012,18,39.262
02.16.2012-21:00:00,02,16,2012,21,39.108
02.17.2012-00:00:00,02,17,2012,00,38.951
02.17.2012-03:00:00,02,17,2012,03,38.791
02.17.2012-06:00:00,02,17,2012,06,38.68
02.17.2012-09:00:00,02,17,2012,09,38.519
02.17.2012-12:00:00,02,17,2012,12,38.355
02.17.2012-15:00:00,02,17,2012,15,38.19
02.17.2012-18:00:00,02,17,2012,18,38.022
02.17.2012-21:00:00,02,17,2012,21,37.854
02.18.2012-00:00:00,02,18,2012,00,37.687
02.18.2012-03:00:00,02,18,2012,03,37.519
02.18.2012-06:00:00,02,18,2012,06,37.351
02.18.2012-09:00:00,02,18,2012,09,37.25
02.18.2012-12:00:00,02,18,2012,12,37.314
02.18.2012-15:00:00,02,18,2012,15,37.641
02.18.2012-18:00:00,02,18,2012,18,37.969
02.18.2012-21:00:00,02,18,2012,21,38.169
02.19.2012-00:00:00,02,19,2012,00,38.21
02.19.2012-03:00:00,02,19,2012,03,38.165
02.19.2012-06:00:00,02,19,2012,06,38.128
02.19.2012-09:00:00,02,19,2012,09,38.344
02.19.2012-12:00:00,02,19,2012,12,38.636
02.19.2012-15:00:00,02,19,2012,15,39.027
02.19.2012-18:00:00,02,19,2012,18,39.208
02.19.2012-21:00:00,02,19,2012,21,39.188
02.20.2012-00:00:00,02,20,2012,00,39.17
02.20.2012-03:00:00,02,20,2012,03,39.166
02.20.2012-06:00:00,02,20,2012,06,39.171
02.20.2012-09:00:00,02,20,2012,09,39.179
02.20.2012-12:00:00,02,20,2012,12,39.183
02.20.2012-15:00:00,02,20,2012,15,39.176
02.20.2012-18:00:00,02,20,2012,18,39.16
02.20.2012-21:00:00,02,20,2012,21,39.135
02.21.2012-00:00:00,02,21,2012,00,39.099
02.21.2012-03:00:00,02,21,2012,03,39.053
02.21.2012-06:00:00,02,21,2012,06,38.999
02.21.2012-09:00:00,02,21,2012,09,38.93
02.21.2012-12:00:00,02,21,2012,12,38.853
02.21.2012-15:00:00,02,21,2012,15,38.771
02.21.2012-18:00:00,02,21,2012,18,38.684
02.21.2012-21:00:00,02,21,2012,21,38.588
02.22.2012-00:00:00,02,22,2012,00,38.485
02.22.2012-03:00:00,02,22,2012,03,38.914
02.22.2012-06:00:00,02,22,2012,06,40.213
02.22.2012-09:00:00,02,22,2012,09,41.88
02.22.2012-12:00:00,02,22,2012,12,43.832
02.22.2012-15:00:00,02,22,2012,15,46.187
02.22.2012-18:00:00,02,22,2012,18,49.05
02.22.2012-21:00:00,02,22,2012,21,52.512
02.23.2012-00:00:00,02,23,2012,00,56.378
02.23.2012-03:00:00,02,23,2012,03,67.199
02.23.2012-06:00:00,02,23,2012,06,115.08
02.23.2012-09:00:00,02,23,2012,09,151.22
02.23.2012-12:00:00,02,23,2012,12,169.91
02.23.2012-15:00:00,02,23,2012,15,177.38
02.23.2012-18:00:00,02,23,2012,18,186.51
02.23.2012-21:00:00,02,23,2012,21,191.71
02.24.2012-00:00:00,02,24,2012,00,141.43
02.24.2012-03:00:00,02,24,2012,03,142.31
02.24.2012-06:00:00,02,24,2012,06,143.37
02.24.2012-09:00:00,02,24,2012,09,141.24
02.24.2012-12:00:00,02,24,2012,12,143.85
02.24.2012-15:00:00,02,24,2012,15,150.76
02.24.2012-18:00:00,02,24,2012,18,151.03
02.24.2012-21:00:00,02,24,2012,21,152.71
02.25.2012-00:00:00,02,25,2012,00,167.28
02.25.2012-03:00:00,02,25,2012,03,165.33
02.25.2012-06:00:00,02,25,2012,06,162.46
02.25.2012-09:00:00,02,25,2012,09,170.43
02.25.2012-12:00:00,02,25,2012,12,188.95
02.25.2012-15:00:00,02,25,2012,15,174.1
02.25.2012-18:00:00,02,25,2012,18,155.96
02.25.2012-21:00:00,02,25,2012,21,153.7
02.26.2012-00:00:00,02,26,2012,00,152.37
02.26.2012-03:00:00,02,26,2012,03,151.04
02.26.2012-06:00:00,02,26,2012,06,149.38
02.26.2012-09:00:00,02,26,2012,09,146.81
02.26.2012-12:00:00,02,26,2012,12,145.19
02.26.2012-15:00:00,02,26,2012,15,143.01
02.26.2012-18:00:00,02,26,2012,18,140.76
02.26.2012-21:00:00,02,26,2012,21,138.56
02.27.2012-00:00:00,02,27,2012,00,136.41
02.27.2012-03:00:00,02,27,2012,03,134.31
02.27.2012-06:00:00,02,27,2012,06,132.25
02.27.2012-09:00:00,02,27,2012,09,126.86
02.27.2012-12:00:00,02,27,2012,12,126.05
02.27.2012-15:00:00,02,27,2012,15,126.09
02.27.2012-18:00:00,02,27,2012,18,124.25
02.27.2012-21:00:00,02,27,2012,21,122.36
02.28.2012-00:00:00,02,28,2012,00,120.53
02.28.2012-03:00:00,02,28,2012,03,119.21
02.28.2012-06:00:00,02,28,2012,06,118.18
02.28.2012-09:00:00,02,28,2012,09,116.44
02.28.2012-12:00:00,02,28,2012,12,115.91
02.28.2012-15:00:00,02,28,2012,15,116.15
02.28.2012-18:00:00,02,28,2012,18,115.46
02.28.2012-21:00:00,02,28,2012,21,114.67
02.29.2012-00:00:00,02,29,2012,00,113.82
02.29.2012-03:00:00,02,29,2012,03,112.93
02.29.2012-06:00:00,02,29,2012,06,112.03
02.29.2012-09:00:00,02,29,2012,09,111.1
02.29.2012-12:00:00,02,29,2012,12,110.08
02.29.2012-15:00:00,02,29,2012,15,109.03
02.29.2012-18:00:00,02,29,2012,18,107.97
02.29.2012-21:00:00,02,29,2012,21,106.88
03.01.2012-00:00:00,03,01,2012,00,105.78
03.01.2012-03:00:00,03,01,2012,03,104.7
03.01.2012-06:00:00,03,01,2012,06,103.57
03.01.2012-09:00:00,03,01,2012,09,102.44
03.01.2012-12:00:00,03,01,2012,12,101.29
03.01.2012-15:00:00,03,01,2012,15,100.15
03.01.2012-18:00:00,03,01,2012,18,99.005
03.01.2012-21:00:00,03,01,2012,21,97.862
03.02.2012-00:00:00,03,02,2012,00,96.721
03.02.2012-03:00:00,03,02,2012,03,95.586
03.02.2012-06:00:00,03,02,2012,06,94.457
03.02.2012-09:00:00,03,02,2012,09,92.587
03.02.2012-12:00:00,03,02,2012,12,91.518
03.02.2012-15:00:00,03,02,2012,15,90.973
03.02.2012-18:00:00,03,02,2012,18,89.926
03.02.2012-21:00:00,03,02,2012,21,88.848
03.03.2012-00:00:00,03,03,2012,00,87.825
03.03.2012-03:00:00,03,03,2012,03,86.942
03.03.2012-06:00:00,03,03,2012,06,86.269
03.03.2012-09:00:00,03,03,2012,09,85.591
03.03.2012-12:00:00,03,03,2012,12,84.852
03.03.2012-15:00:00,03,03,2012,15,84.18
03.03.2012-18:00:00,03,03,2012,18,83.476
03.03.2012-21:00:00,03,03,2012,21,82.767
03.04.2012-00:00:00,03,04,2012,00,82.057
03.04.2012-03:00:00,03,04,2012,03,81.345
03.04.2012-06:00:00,03,04,2012,06,80.627
03.04.2012-09:00:00,03,04,2012,09,79.811
03.04.2012-12:00:00,03,04,2012,12,79.013
03.04.2012-15:00:00,03,04,2012,15,78.307
03.04.2012-18:00:00,03,04,2012,18,77.655
03.04.2012-21:00:00,03,04,2012,21,76.962
03.05.2012-00:00:00,03,05,2012,00,76.27
03.05.2012-03:00:00,03,05,2012,03,75.582
03.05.2012-06:00:00,03,05,2012,06,74.875
03.05.2012-09:00:00,03,05,2012,09,73.986
03.05.2012-12:00:00,03,05,2012,12,74.084
03.05.2012-15:00:00,03,05,2012,15,74.415
03.05.2012-18:00:00,03,05,2012,18,74.436
03.05.2012-21:00:00,03,05,2012,21,74.197
03.06.2012-00:00:00,03,06,2012,00,74.121
03.06.2012-03:00:00,03,06,2012,03,73.579
03.06.2012-06:00:00,03,06,2012,06,73.066
03.06.2012-09:00:00,03,06,2012,09,72.502
03.06.2012-12:00:00,03,06,2012,12,72.048
03.06.2012-15:00:00,03,06,2012,15,72.273
03.06.2012-18:00:00,03,06,2012,18,72.029
03.06.2012-21:00:00,03,06,2012,21,71.607
03.07.2012-00:00:00,03,07,2012,00,71.183
03.07.2012-03:00:00,03,07,2012,03,70.795
03.07.2012-06:00:00,03,07,2012,06,70.365
03.07.2012-09:00:00,03,07,2012,09,69.824
03.07.2012-12:00:00,03,07,2012,12,69.271
03.07.2012-15:00:00,03,07,2012,15,68.809
03.07.2012-18:00:00,03,07,2012,18,68.346
03.07.2012-21:00:00,03,07,2012,21,67.877
03.08.2012-00:00:00,03,08,2012,00,67.4
03.08.2012-03:00:00,03,08,2012,03,66.922
03.08.2012-06:00:00,03,08,2012,06,66.436
03.08.2012-09:00:00,03,08,2012,09,65.779
03.08.2012-12:00:00,03,08,2012,12,65.136
03.08.2012-15:00:00,03,08,2012,15,64.639
03.08.2012-18:00:00,03,08,2012,18,64.158
03.08.2012-21:00:00,03,08,2012,21,63.674
03.09.2012-00:00:00,03,09,2012,00,63.19
03.09.2012-03:00:00,03,09,2012,03,62.709
03.09.2012-06:00:00,03,09,2012,06,62.226
03.09.2012-09:00:00,03,09,2012,09,61.6
03.09.2012-12:00:00,03,09,2012,12,61.028
03.09.2012-15:00:00,03,09,2012,15,60.547
03.09.2012-18:00:00,03,09,2012,18,60.077
03.09.2012-21:00:00,03,09,2012,21,59.608
03.10.2012-00:00:00,03,10,2012,00,59.141
03.10.2012-03:00:00,03,10,2012,03,58.675
03.10.2012-06:00:00,03,10,2012,06,58.202
03.10.2012-09:00:00,03,10,2012,09,57.621
03.10.2012-12:00:00,03,10,2012,12,57.075
03.10.2012-15:00:00,03,10,2012,15,56.617
03.10.2012-18:00:00,03,10,2012,18,56.172
03.10.2012-21:00:00,03,10,2012,21,55.727
03.11.2012-00:00:00,03,11,2012,00,55.448
03.11.2012-03:00:00,03,11,2012,03,55.178
03.11.2012-06:00:00,03,11,2012,06,54.973
03.11.2012-09:00:00,03,11,2012,09,54.989
03.11.2012-12:00:00,03,11,2012,12,55.364
03.11.2012-15:00:00,03,11,2012,15,55.765
03.11.2012-18:00:00,03,11,2012,18,56.28
03.11.2012-21:00:00,03,11,2012,21,56.708
03.12.2012-00:00:00,03,12,2012,00,56.841
03.12.2012-03:00:00,03,12,2012,03,56.775
03.12.2012-06:00:00,03,12,2012,06,56.759
03.12.2012-09:00:00,03,12,2012,09,56.666
03.12.2012-12:00:00,03,12,2012,12,56.61
03.12.2012-15:00:00,03,12,2012,15,56.851
03.12.2012-18:00:00,03,12,2012,18,57.147
03.12.2012-21:00:00,03,12,2012,21,57.402
03.13.2012-00:00:00,03,13,2012,00,58.547
03.13.2012-03:00:00,03,13,2012,03,58.845
03.13.2012-06:00:00,03,13,2012,06,59.073
03.13.2012-09:00:00,03,13,2012,09,60.893
03.13.2012-12:00:00,03,13,2012,12,63.492
03.13.2012-15:00:00,03,13,2012,15,64.887
03.13.2012-18:00:00,03,13,2012,18,65.574
03.13.2012-21:00:00,03,13,2012,21,66.22
03.14.2012-00:00:00,03,14,2012,00,66.613
03.14.2012-03:00:00,03,14,2012,03,67.012
03.14.2012-06:00:00,03,14,2012,06,67.404
03.14.2012-09:00:00,03,14,2012,09,67.773
03.14.2012-12:00:00,03,14,2012,12,68.112
03.14.2012-15:00:00,03,14,2012,15,68.412
03.14.2012-18:00:00,03,14,2012,18,68.673
03.14.2012-21:00:00,03,14,2012,21,68.894
03.15.2012-00:00:00,03,15,2012,00,69.075
03.15.2012-03:00:00,03,15,2012,03,69.189
03.15.2012-06:00:00,03,15,2012,06,69.292
03.15.2012-09:00:00,03,15,2012,09,69.357
03.15.2012-12:00:00,03,15,2012,12,69.797
03.15.2012-15:00:00,03,15,2012,15,70.308
03.15.2012-18:00:00,03,15,2012,18,70.362
03.15.2012-21:00:00,03,15,2012,21,70.439
03.16.2012-00:00:00,03,16,2012,00,70.735
03.16.2012-03:00:00,03,16,2012,03,71.116
03.16.2012-06:00:00,03,16,2012,06,85.188
03.16.2012-09:00:00,03,16,2012,09,101.32
03.16.2012-12:00:00,03,16,2012,12,104.93
03.16.2012-15:00:00,03,16,2012,15,121.58
03.16.2012-18:00:00,03,16,2012,18,150.44
03.16.2012-21:00:00,03,16,2012,21,157.52
03.17.2012-00:00:00,03,17,2012,00,123.06
03.17.2012-03:00:00,03,17,2012,03,113.85
03.17.2012-06:00:00,03,17,2012,06,123.81
03.17.2012-09:00:00,03,17,2012,09,137.12
03.17.2012-12:00:00,03,17,2012,12,155.17
03.17.2012-15:00:00,03,17,2012,15,154.63
03.17.2012-18:00:00,03,17,2012,18,157.63
03.17.2012-21:00:00,03,17,2012,21,155.06
03.18.2012-00:00:00,03,18,2012,00,141.94
03.18.2012-03:00:00,03,18,2012,03,148.73
03.18.2012-06:00:00,03,18,2012,06,150.05
03.18.2012-09:00:00,03,18,2012,09,145.55
03.18.2012-12:00:00,03,18,2012,12,144.75
03.18.2012-15:00:00,03,18,2012,15,145.18
03.18.2012-18:00:00,03,18,2012,18,143.28
03.18.2012-21:00:00,03,18,2012,21,141.19
03.19.2012-00:00:00,03,19,2012,00,139.13
03.19.2012-03:00:00,03,19,2012,03,137.08
03.19.2012-06:00:00,03,19,2012,06,135.07
03.19.2012-09:00:00,03,19,2012,09,126.41
03.19.2012-12:00:00,03,19,2012,12,126.46
03.19.2012-15:00:00,03,19,2012,15,128.7
03.19.2012-18:00:00,03,19,2012,18,127.15
03.19.2012-21:00:00,03,19,2012,21,125.36
03.20.2012-00:00:00,03,20,2012,00,123.61
03.20.2012-03:00:00,03,20,2012,03,121.89
03.20.2012-06:00:00,03,20,2012,06,120.22
03.20.2012-09:00:00,03,20,2012,09,114.08
03.20.2012-12:00:00,03,20,2012,12,113.45
03.20.2012-15:00:00,03,20,2012,15,114.87
03.20.2012-18:00:00,03,20,2012,18,113.84
03.20.2012-21:00:00,03,20,2012,21,112.93
03.21.2012-00:00:00,03,21,2012,00,112.59
03.21.2012-03:00:00,03,21,2012,03,112.19
03.21.2012-06:00:00,03,21,2012,06,111.73
03.21.2012-09:00:00,03,21,2012,09,111.19
03.21.2012-12:00:00,03,21,2012,12,137.33
03.21.2012-15:00:00,03,21,2012,15,185.7
03.21.2012-18:00:00,03,21,2012,18,134.1
03.21.2012-21:00:00,03,21,2012,21,127.72
03.22.2012-00:00:00,03,22,2012,00,115.93
03.22.2012-03:00:00,03,22,2012,03,115.77
03.22.2012-06:00:00,03,22,2012,06,115.61
03.22.2012-09:00:00,03,22,2012,09,112.19
03.22.2012-12:00:00,03,22,2012,12,111.95
03.22.2012-15:00:00,03,22,2012,15,112.58
03.22.2012-18:00:00,03,22,2012,18,111.73
03.22.2012-21:00:00,03,22,2012,21,110.91
03.23.2012-00:00:00,03,23,2012,00,110.32
03.23.2012-03:00:00,03,23,2012,03,109.83
03.23.2012-06:00:00,03,23,2012,06,109.29
03.23.2012-09:00:00,03,23,2012,09,106.11
03.23.2012-12:00:00,03,23,2012,12,105.65
03.23.2012-15:00:00,03,23,2012,15,106.74
03.23.2012-18:00:00,03,23,2012,18,106.3
03.23.2012-21:00:00,03,23,2012,21,105.66
03.24.2012-00:00:00,03,24,2012,00,104.86
03.24.2012-03:00:00,03,24,2012,03,104.03
03.24.2012-06:00:00,03,24,2012,06,103.17
03.24.2012-09:00:00,03,24,2012,09,99.381
03.24.2012-12:00:00,03,24,2012,12,98.294
03.24.2012-15:00:00,03,24,2012,15,98.082
03.24.2012-18:00:00,03,24,2012,18,99.103
03.24.2012-21:00:00,03,24,2012,21,98.449
03.25.2012-00:00:00,03,25,2012,00,97.517
03.25.2012-03:00:00,03,25,2012,03,96.521
03.25.2012-06:00:00,03,25,2012,06,95.532
03.25.2012-09:00:00,03,25,2012,09,93.537
03.25.2012-12:00:00,03,25,2012,12,92.495
03.25.2012-15:00:00,03,25,2012,15,91.937
03.25.2012-18:00:00,03,25,2012,18,91.511
03.25.2012-21:00:00,03,25,2012,21,90.972
03.26.2012-00:00:00,03,26,2012,00,90.256
03.26.2012-03:00:00,03,26,2012,03,89.52
03.26.2012-06:00:00,03,26,2012,06,88.721
03.26.2012-09:00:00,03,26,2012,09,87.686
03.26.2012-12:00:00,03,26,2012,12,87.462
03.26.2012-15:00:00,03,26,2012,15,97.824
03.26.2012-18:00:00,03,26,2012,18,96.103
03.26.2012-21:00:00,03,26,2012,21,90.418
03.27.2012-00:00:00,03,27,2012,00,88.153
03.27.2012-03:00:00,03,27,2012,03,85.132
03.27.2012-06:00:00,03,27,2012,06,84.285
03.27.2012-09:00:00,03,27,2012,09,84.251
03.27.2012-12:00:00,03,27,2012,12,101.33
03.27.2012-15:00:00,03,27,2012,15,88.996
03.27.2012-18:00:00,03,27,2012,18,91.287
03.27.2012-21:00:00,03,27,2012,21,83.231
03.28.2012-00:00:00,03,28,2012,00,92.816
03.28.2012-03:00:00,03,28,2012,03,82.659
03.28.2012-06:00:00,03,28,2012,06,81.94
03.28.2012-09:00:00,03,28,2012,09,85.565
03.28.2012-12:00:00,03,28,2012,12,98.051
03.28.2012-15:00:00,03,28,2012,15,93.4
03.28.2012-18:00:00,03,28,2012,18,98.053
03.28.2012-21:00:00,03,28,2012,21,94.302
03.29.2012-00:00:00,03,29,2012,00,96.238
03.29.2012-03:00:00,03,29,2012,03,93.915
03.29.2012-06:00:00,03,29,2012,06,99.106
03.29.2012-09:00:00,03,29,2012,09,118.23
03.29.2012-12:00:00,03,29,2012,12,139.85
03.29.2012-15:00:00,03,29,2012,15,133.63
03.29.2012-18:00:00,03,29,2012,18,138.18
03.29.2012-21:00:00,03,29,2012,21,139.49
03.30.2012-00:00:00,03,30,2012,00,255.91
03.30.2012-03:00:00,03,30,2012,03,362.69
03.30.2012-06:00:00,03,30,2012,06,422.56
03.30.2012-09:00:00,03,30,2012,09,474.35
03.30.2012-12:00:00,03,30,2012,12,638.34
03.30.2012-15:00:00,03,30,2012,15,694.23
03.30.2012-18:00:00,03,30,2012,18,783.49
03.30.2012-21:00:00,03,30,2012,21,842.48
03.31.2012-00:00:00,03,31,2012,00,708.54
03.31.2012-03:00:00,03,31,2012,03,662.54
03.31.2012-06:00:00,03,31,2012,06,734.68
03.31.2012-09:00:00,03,31,2012,09,828.74
03.31.2012-12:00:00,03,31,2012,12,942.28
03.31.2012-15:00:00,03,31,2012,15,955.61
03.31.2012-18:00:00,03,31,2012,18,984.86
03.31.2012-21:00:00,03,31,2012,21,1024
04.01.2012-00:00:00,04,01,2012,00,847.32
04.01.2012-03:00:00,04,01,2012,03,804.63
04.01.2012-06:00:00,04,01,2012,06,827.75
04.01.2012-09:00:00,04,01,2012,09,896.18
04.01.2012-12:00:00,04,01,2012,12,939.97
04.01.2012-15:00:00,04,01,2012,15,921.01
04.01.2012-18:00:00,04,01,2012,18,947.64
04.01.2012-21:00:00,04,01,2012,21,939.73
04.02.2012-00:00:00,04,02,2012,00,842.02
04.02.2012-03:00:00,04,02,2012,03,817.89
04.02.2012-06:00:00,04,02,2012,06,809.99
04.02.2012-09:00:00,04,02,2012,09,805.98
04.02.2012-12:00:00,04,02,2012,12,904.05
04.02.2012-15:00:00,04,02,2012,15,923.3
04.02.2012-18:00:00,04,02,2012,18,896.2
04.02.2012-21:00:00,04,02,2012,21,862.26
04.03.2012-00:00:00,04,03,2012,00,794.91
04.03.2012-03:00:00,04,03,2012,03,775.03
04.03.2012-06:00:00,04,03,2012,06,764.72
04.03.2012-09:00:00,04,03,2012,09,739.51
04.03.2012-12:00:00,04,03,2012,12,780.45
04.03.2012-15:00:00,04,03,2012,15,812.8
04.03.2012-18:00:00,04,03,2012,18,794.08
04.03.2012-21:00:00,04,03,2012,21,767.57
04.04.2012-00:00:00,04,04,2012,00,734.36
04.04.2012-03:00:00,04,04,2012,03,719.31
04.04.2012-06:00:00,04,04,2012,06,708.92
04.04.2012-09:00:00,04,04,2012,09,755.48
04.04.2012-12:00:00,04,04,2012,12,843.68
04.04.2012-15:00:00,04,04,2012,15,794.53
04.04.2012-18:00:00,04,04,2012,18,764.41
04.04.2012-21:00:00,04,04,2012,21,722.26
04.05.2012-00:00:00,04,05,2012,00,694.35
04.05.2012-03:00:00,04,05,2012,03,678.53
04.05.2012-06:00:00,04,05,2012,06,666.55
04.05.2012-09:00:00,04,05,2012,09,677.17
04.05.2012-12:00:00,04,05,2012,12,806.57
04.05.2012-15:00:00,04,05,2012,15,742.31
04.05.2012-18:00:00,04,05,2012,18,693.81
04.05.2012-21:00:00,04,05,2012,21,653.06
04.06.2012-00:00:00,04,06,2012,00,636.11
04.06.2012-03:00:00,04,06,2012,03,628.09
04.06.2012-06:00:00,04,06,2012,06,620.01
04.06.2012-09:00:00,04,06,2012,09,577.7
04.06.2012-12:00:00,04,06,2012,12,665.59
04.06.2012-15:00:00,04,06,2012,15,680.33
04.06.2012-18:00:00,04,06,2012,18,631.4
04.06.2012-21:00:00,04,06,2012,21,592
04.07.2012-00:00:00,04,07,2012,00,578.39
04.07.2012-03:00:00,04,07,2012,03,571.06
04.07.2012-06:00:00,04,07,2012,06,563.74
04.07.2012-09:00:00,04,07,2012,09,540.87
04.07.2012-12:00:00,04,07,2012,12,572.9
04.07.2012-15:00:00,04,07,2012,15,576.2
04.07.2012-18:00:00,04,07,2012,18,546.2
04.07.2012-21:00:00,04,07,2012,21,529
04.08.2012-00:00:00,04,08,2012,00,521.34
04.08.2012-03:00:00,04,08,2012,03,514.15
04.08.2012-06:00:00,04,08,2012,06,506.93
04.08.2012-09:00:00,04,08,2012,09,461.43
04.08.2012-12:00:00,04,08,2012,12,458.04
04.08.2012-15:00:00,04,08,2012,15,478.59
04.08.2012-18:00:00,04,08,2012,18,473.1
04.08.2012-21:00:00,04,08,2012,21,466.64
04.09.2012-00:00:00,04,09,2012,00,458.56
04.09.2012-03:00:00,04,09,2012,03,452.13
04.09.2012-06:00:00,04,09,2012,06,438.85
04.09.2012-09:00:00,04,09,2012,09,408.29
04.09.2012-12:00:00,04,09,2012,12,461.23
04.09.2012-15:00:00,04,09,2012,15,509.53
04.09.2012-18:00:00,04,09,2012,18,490.23
04.09.2012-21:00:00,04,09,2012,21,457.17
04.10.2012-00:00:00,04,10,2012,00,444.93
04.10.2012-03:00:00,04,10,2012,03,433.25
04.10.2012-06:00:00,04,10,2012,06,416.27
04.10.2012-09:00:00,04,10,2012,09,511.78
04.10.2012-12:00:00,04,10,2012,12,663.37
04.10.2012-15:00:00,04,10,2012,15,654.67
04.10.2012-18:00:00,04,10,2012,18,597.2
04.10.2012-21:00:00,04,10,2012,21,540.42
04.11.2012-00:00:00,04,11,2012,00,514.47
04.11.2012-03:00:00,04,11,2012,03,485.7
04.11.2012-06:00:00,04,11,2012,06,480.09
04.11.2012-09:00:00,04,11,2012,09,676.29
04.11.2012-12:00:00,04,11,2012,12,795.94
04.11.2012-15:00:00,04,11,2012,15,720.78
04.11.2012-18:00:00,04,11,2012,18,668.8
04.11.2012-21:00:00,04,11,2012,21,616.38
04.12.2012-00:00:00,04,12,2012,00,599.97
04.12.2012-03:00:00,04,12,2012,03,577.5
04.12.2012-06:00:00,04,12,2012,06,598.4
04.12.2012-09:00:00,04,12,2012,09,785.21
04.12.2012-12:00:00,04,12,2012,12,889.53
04.12.2012-15:00:00,04,12,2012,15,785.99
04.12.2012-18:00:00,04,12,2012,18,737.8
04.12.2012-21:00:00,04,12,2012,21,703.26
04.13.2012-00:00:00,04,13,2012,00,639.2
04.13.2012-03:00:00,04,13,2012,03,612.38
04.13.2012-06:00:00,04,13,2012,06,604.39
04.13.2012-09:00:00,04,13,2012,09,765.39
04.13.2012-12:00:00,04,13,2012,12,888.67
04.13.2012-15:00:00,04,13,2012,15,789.51
04.13.2012-18:00:00,04,13,2012,18,736.11
04.13.2012-21:00:00,04,13,2012,21,681.27
04.14.2012-00:00:00,04,14,2012,00,648.95
04.14.2012-03:00:00,04,14,2012,03,636.33
04.14.2012-06:00:00,04,14,2012,06,617.68
04.14.2012-09:00:00,04,14,2012,09,760.25
04.14.2012-12:00:00,04,14,2012,12,954.38
04.14.2012-15:00:00,04,14,2012,15,853.89
04.14.2012-18:00:00,04,14,2012,18,785.04
04.14.2012-21:00:00,04,14,2012,21,715.39
04.15.2012-00:00:00,04,15,2012,00,687.42
04.15.2012-03:00:00,04,15,2012,03,671.82
04.15.2012-06:00:00,04,15,2012,06,657.67
04.15.2012-09:00:00,04,15,2012,09,803.22
04.15.2012-12:00:00,04,15,2012,12,945.04
04.15.2012-15:00:00,04,15,2012,15,826.42
04.15.2012-18:00:00,04,15,2012,18,767.61
04.15.2012-21:00:00,04,15,2012,21,719.01
04.16.2012-00:00:00,04,16,2012,00,703.08
04.16.2012-03:00:00,04,16,2012,03,691.49
04.16.2012-06:00:00,04,16,2012,06,699.29
04.16.2012-09:00:00,04,16,2012,09,931.14
04.16.2012-12:00:00,04,16,2012,12,1038.5
04.16.2012-15:00:00,04,16,2012,15,905.96
04.16.2012-18:00:00,04,16,2012,18,853.07
04.16.2012-21:00:00,04,16,2012,21,803.79
04.17.2012-00:00:00,04,17,2012,00,879.67
04.17.2012-03:00:00,04,17,2012,03,828.11
04.17.2012-06:00:00,04,17,2012,06,868.9
04.17.2012-09:00:00,04,17,2012,09,987.52
04.17.2012-12:00:00,04,17,2012,12,1064
04.17.2012-15:00:00,04,17,2012,15,1007.1
04.17.2012-18:00:00,04,17,2012,18,996.92
04.17.2012-21:00:00,04,17,2012,21,987.76
04.18.2012-00:00:00,04,18,2012,00,839.09
04.18.2012-03:00:00,04,18,2012,03,822.38
04.18.2012-06:00:00,04,18,2012,06,814.3
04.18.2012-09:00:00,04,18,2012,09,925.49
04.18.2012-12:00:00,04,18,2012,12,1075.8
04.18.2012-15:00:00,04,18,2012,15,960.39
04.18.2012-18:00:00,04,18,2012,18,907.41
04.18.2012-21:00:00,04,18,2012,21,850.98
04.19.2012-00:00:00,04,19,2012,00,831.01
04.19.2012-03:00:00,04,19,2012,03,809.92
04.19.2012-06:00:00,04,19,2012,06,789.23
04.19.2012-09:00:00,04,19,2012,09,777.74
04.19.2012-12:00:00,04,19,2012,12,966.88
04.19.2012-15:00:00,04,19,2012,15,955.62
04.19.2012-18:00:00,04,19,2012,18,901.23
04.19.2012-21:00:00,04,19,2012,21,858.05
04.20.2012-00:00:00,04,20,2012,00,991.29
04.20.2012-03:00:00,04,20,2012,03,804.83
04.20.2012-06:00:00,04,20,2012,06,1007.1
04.20.2012-09:00:00,04,20,2012,09,1228.8
04.20.2012-12:00:00,04,20,2012,12,1449.6
04.20.2012-15:00:00,04,20,2012,15,1398.7
04.20.2012-18:00:00,04,20,2012,18,1393.9
04.20.2012-21:00:00,04,20,2012,21,1386.2
04.21.2012-00:00:00,04,21,2012,00,1074.1
04.21.2012-03:00:00,04,21,2012,03,1023.2
04.21.2012-06:00:00,04,21,2012,06,1010.3
04.21.2012-09:00:00,04,21,2012,09,1117.3
04.21.2012-12:00:00,04,21,2012,12,1282.3
04.21.2012-15:00:00,04,21,2012,15,1207.4
04.21.2012-18:00:00,04,21,2012,18,1162.1
04.21.2012-21:00:00,04,21,2012,21,1123.9
04.22.2012-00:00:00,04,22,2012,00,1022.1
04.22.2012-03:00:00,04,22,2012,03,1001
04.22.2012-06:00:00,04,22,2012,06,977.97
04.22.2012-09:00:00,04,22,2012,09,1138.9
04.22.2012-12:00:00,04,22,2012,12,1373.7
04.22.2012-15:00:00,04,22,2012,15,1279.6
04.22.2012-18:00:00,04,22,2012,18,1199
04.22.2012-21:00:00,04,22,2012,21,1121
04.23.2012-00:00:00,04,23,2012,00,1093.6
04.23.2012-03:00:00,04,23,2012,03,1061.7
04.23.2012-06:00:00,04,23,2012,06,1068.5
04.23.2012-09:00:00,04,23,2012,09,1368.4
04.23.2012-12:00:00,04,23,2012,12,1585.8
04.23.2012-15:00:00,04,23,2012,15,1484.6
04.23.2012-18:00:00,04,23,2012,18,1411.7
04.23.2012-21:00:00,04,23,2012,21,1333.2
04.24.2012-00:00:00,04,24,2012,00,1284.2
04.24.2012-03:00:00,04,24,2012,03,1227.6
04.24.2012-06:00:00,04,24,2012,06,1227.9
04.24.2012-09:00:00,04,24,2012,09,1563.5
04.24.2012-12:00:00,04,24,2012,12,1792.4
04.24.2012-15:00:00,04,24,2012,15,1667.3
04.24.2012-18:00:00,04,24,2012,18,1594.8
04.24.2012-21:00:00,04,24,2012,21,1486
04.25.2012-00:00:00,04,25,2012,00,1423.7
04.25.2012-03:00:00,04,25,2012,03,1360.7
04.25.2012-06:00:00,04,25,2012,06,1351.2
04.25.2012-09:00:00,04,25,2012,09,1649.8
04.25.2012-12:00:00,04,25,2012,12,1788.1
04.25.2012-15:00:00,04,25,2012,15,1628.8
04.25.2012-18:00:00,04,25,2012,18,1558.6
04.25.2012-21:00:00,04,25,2012,21,1481.7
04.26.2012-00:00:00,04,26,2012,00,1530.9
04.26.2012-03:00:00,04,26,2012,03,1534.3
04.26.2012-06:00:00,04,26,2012,06,1584.3
04.26.2012-09:00:00,04,26,2012,09,1794.9
04.26.2012-12:00:00,04,26,2012,12,1907
04.26.2012-15:00:00,04,26,2012,15,1778.4
04.26.2012-18:00:00,04,26,2012,18,1722.9
04.26.2012-21:00:00,04,26,2012,21,1710.1
04.27.2012-00:00:00,04,27,2012,00,1587.5
04.27.2012-03:00:00,04,27,2012,03,1521
04.27.2012-06:00:00,04,27,2012,06,1506.2
04.27.2012-09:00:00,04,27,2012,09,1585
04.27.2012-12:00:00,04,27,2012,12,1690.1
04.27.2012-15:00:00,04,27,2012,15,1607.2
04.27.2012-18:00:00,04,27,2012,18,1543.3
04.27.2012-21:00:00,04,27,2012,21,1501.9
04.28.2012-00:00:00,04,28,2012,00,1435.3
04.28.2012-03:00:00,04,28,2012,03,1409
04.28.2012-06:00:00,04,28,2012,06,1396.5
04.28.2012-09:00:00,04,28,2012,09,1557
04.28.2012-12:00:00,04,28,2012,12,1686.2
04.28.2012-15:00:00,04,28,2012,15,1560.5
04.28.2012-18:00:00,04,28,2012,18,1485.7
04.28.2012-21:00:00,04,28,2012,21,1425.7
04.29.2012-00:00:00,04,29,2012,00,1386.1
04.29.2012-03:00:00,04,29,2012,03,1359.1
04.29.2012-06:00:00,04,29,2012,06,1358.1
04.29.2012-09:00:00,04,29,2012,09,1669.2
04.29.2012-12:00:00,04,29,2012,12,1836.1
04.29.2012-15:00:00,04,29,2012,15,1667
04.29.2012-18:00:00,04,29,2012,18,1590.6
04.29.2012-21:00:00,04,29,2012,21,1515.4
04.30.2012-00:00:00,04,30,2012,00,1450.9
04.30.2012-03:00:00,04,30,2012,03,1400.8
04.30.2012-06:00:00,04,30,2012,06,1404.5
04.30.2012-09:00:00,04,30,2012,09,1636.9
04.30.2012-12:00:00,04,30,2012,12,1819.8
04.30.2012-15:00:00,04,30,2012,15,1667.4
04.30.2012-18:00:00,04,30,2012,18,1602.8
04.30.2012-21:00:00,04,30,2012,21,1518.5
05.01.2012-00:00:00,05,01,2012,00,1505.2
05.01.2012-03:00:00,05,01,2012,03,1471.6
05.01.2012-06:00:00,05,01,2012,06,1479.2
05.01.2012-09:00:00,05,01,2012,09,1604.7
05.01.2012-12:00:00,05,01,2012,12,1668.4
05.01.2012-15:00:00,05,01,2012,15,1576.1
05.01.2012-18:00:00,05,01,2012,18,1507.8
05.01.2012-21:00:00,05,01,2012,21,1482.2
05.02.2012-00:00:00,05,02,2012,00,1405.2
05.02.2012-03:00:00,05,02,2012,03,1377.3
05.02.2012-06:00:00,05,02,2012,06,1379.5
05.02.2012-09:00:00,05,02,2012,09,1596.1
05.02.2012-12:00:00,05,02,2012,12,1720.9
05.02.2012-15:00:00,05,02,2012,15,1559.7
05.02.2012-18:00:00,05,02,2012,18,1474.6
05.02.2012-21:00:00,05,02,2012,21,1420.1
05.03.2012-00:00:00,05,03,2012,00,1377.2
05.03.2012-03:00:00,05,03,2012,03,1348.4
05.03.2012-06:00:00,05,03,2012,06,1340.9
05.03.2012-09:00:00,05,03,2012,09,1568.9
05.03.2012-12:00:00,05,03,2012,12,1697.1
05.03.2012-15:00:00,05,03,2012,15,1551.3
05.03.2012-18:00:00,05,03,2012,18,1475.6
05.03.2012-21:00:00,05,03,2012,21,1415.5
05.04.2012-00:00:00,05,04,2012,00,1504.3
05.04.2012-03:00:00,05,04,2012,03,1509.5
05.04.2012-06:00:00,05,04,2012,06,1529
05.04.2012-09:00:00,05,04,2012,09,1668
05.04.2012-12:00:00,05,04,2012,12,1735.6
05.04.2012-15:00:00,05,04,2012,15,1680
05.04.2012-18:00:00,05,04,2012,18,1641.7
05.04.2012-21:00:00,05,04,2012,21,1639.2
05.05.2012-00:00:00,05,05,2012,00,1456.8
05.05.2012-03:00:00,05,05,2012,03,1421.9
05.05.2012-06:00:00,05,05,2012,06,1439.1
05.05.2012-09:00:00,05,05,2012,09,1601.3
05.05.2012-12:00:00,05,05,2012,12,1698.6
05.05.2012-15:00:00,05,05,2012,15,1567.8
05.05.2012-18:00:00,05,05,2012,18,1497.8
05.05.2012-21:00:00,05,05,2012,21,1448.7
05.06.2012-00:00:00,05,06,2012,00,1403.9
05.06.2012-03:00:00,05,06,2012,03,1367.3
05.06.2012-06:00:00,05,06,2012,06,1390
05.06.2012-09:00:00,05,06,2012,09,1641.1
05.06.2012-12:00:00,05,06,2012,12,1747.6
05.06.2012-15:00:00,05,06,2012,15,1558.7
05.06.2012-18:00:00,05,06,2012,18,1480.4
05.06.2012-21:00:00,05,06,2012,21,1423.5
05.07.2012-00:00:00,05,07,2012,00,1369.7
05.07.2012-03:00:00,05,07,2012,03,1339.3
05.07.2012-06:00:00,05,07,2012,06,1317.2
05.07.2012-09:00:00,05,07,2012,09,1683.9
05.07.2012-12:00:00,05,07,2012,12,1903
05.07.2012-15:00:00,05,07,2012,15,1665.2
05.07.2012-18:00:00,05,07,2012,18,1565
05.07.2012-21:00:00,05,07,2012,21,1478.6
05.08.2012-00:00:00,05,08,2012,00,1432.1
05.08.2012-03:00:00,05,08,2012,03,1381.8
05.08.2012-06:00:00,05,08,2012,06,1438.7
05.08.2012-09:00:00,05,08,2012,09,1879.4
05.08.2012-12:00:00,05,08,2012,12,2100.8
05.08.2012-15:00:00,05,08,2012,15,1868.6
05.08.2012-18:00:00,05,08,2012,18,1764.9
05.08.2012-21:00:00,05,08,2012,21,1681.5
05.09.2012-00:00:00,05,09,2012,00,1608.3
05.09.2012-03:00:00,05,09,2012,03,1533.6
05.09.2012-06:00:00,05,09,2012,06,1603.7
05.09.2012-09:00:00,05,09,2012,09,2055
05.09.2012-12:00:00,05,09,2012,12,2244.9
05.09.2012-15:00:00,05,09,2012,15,2019.2
05.09.2012-18:00:00,05,09,2012,18,1920.1
05.09.2012-21:00:00,05,09,2012,21,1815.3
05.10.2012-00:00:00,05,10,2012,00,1763.4
05.10.2012-03:00:00,05,10,2012,03,1701.1
05.10.2012-06:00:00,05,10,2012,06,1701.5
05.10.2012-09:00:00,05,10,2012,09,1920.1
05.10.2012-12:00:00,05,10,2012,12,2012.8
05.10.2012-15:00:00,05,10,2012,15,1846.4
05.10.2012-18:00:00,05,10,2012,18,1755.4
05.10.2012-21:00:00,05,10,2012,21,1695.9
05.11.2012-00:00:00,05,11,2012,00,1629.6
05.11.2012-03:00:00,05,11,2012,03,1592.3
05.11.2012-06:00:00,05,11,2012,06,1577.7
05.11.2012-09:00:00,05,11,2012,09,1907.4
05.11.2012-12:00:00,05,11,2012,12,2058.6
05.11.2012-15:00:00,05,11,2012,15,1811.7
05.11.2012-18:00:00,05,11,2012,18,1697.7
05.11.2012-21:00:00,05,11,2012,21,1630.5
05.12.2012-00:00:00,05,12,2012,00,1586.5
05.12.2012-03:00:00,05,12,2012,03,1558.1
05.12.2012-06:00:00,05,12,2012,06,1522.1
05.12.2012-09:00:00,05,12,2012,09,1974.6
05.12.2012-12:00:00,05,12,2012,12,2236.3
05.12.2012-15:00:00,05,12,2012,15,1978.4
05.12.2012-18:00:00,05,12,2012,18,1846.3
05.12.2012-21:00:00,05,12,2012,21,1758.1
05.13.2012-00:00:00,05,13,2012,00,1699.3
05.13.2012-03:00:00,05,13,2012,03,1637.3
05.13.2012-06:00:00,05,13,2012,06,1721.2
05.13.2012-09:00:00,05,13,2012,09,2257.6
05.13.2012-12:00:00,05,13,2012,12,2511.8
05.13.2012-15:00:00,05,13,2012,15,2310.8
05.13.2012-18:00:00,05,13,2012,18,2200.7
05.13.2012-21:00:00,05,13,2012,21,2061.3
05.14.2012-00:00:00,05,14,2012,00,1991.8
05.14.2012-03:00:00,05,14,2012,03,1897.5
05.14.2012-06:00:00,05,14,2012,06,2005
05.14.2012-09:00:00,05,14,2012,09,2586.1
05.14.2012-12:00:00,05,14,2012,12,2916.4
05.14.2012-15:00:00,05,14,2012,15,2766.1
05.14.2012-18:00:00,05,14,2012,18,2666.4
05.14.2012-21:00:00,05,14,2012,21,2536.1
05.15.2012-00:00:00,05,15,2012,00,2452.1
05.15.2012-03:00:00,05,15,2012,03,2350.7
05.15.2012-06:00:00,05,15,2012,06,2460.6
05.15.2012-09:00:00,05,15,2012,09,3044.5
05.15.2012-12:00:00,05,15,2012,12,3442.5
05.15.2012-15:00:00,05,15,2012,15,3408.9
05.15.2012-18:00:00,05,15,2012,18,3379.4
05.15.2012-21:00:00,05,15,2012,21,3281.2
05.16.2012-00:00:00,05,16,2012,00,3173.1
05.16.2012-03:00:00,05,16,2012,03,3015
05.16.2012-06:00:00,05,16,2012,06,3131.3
05.16.2012-09:00:00,05,16,2012,09,3732.3
05.16.2012-12:00:00,05,16,2012,12,4060.6
05.16.2012-15:00:00,05,16,2012,15,4088.4
05.16.2012-18:00:00,05,16,2012,18,3980.1
05.16.2012-21:00:00,05,16,2012,21,3797
05.17.2012-00:00:00,05,17,2012,00,3665.4
05.17.2012-03:00:00,05,17,2012,03,3480.2
05.17.2012-06:00:00,05,17,2012,06,3544.9
05.17.2012-09:00:00,05,17,2012,09,3981.1
05.17.2012-12:00:00,05,17,2012,12,4331.7
05.17.2012-15:00:00,05,17,2012,15,4305
05.17.2012-18:00:00,05,17,2012,18,4157.9
05.17.2012-21:00:00,05,17,2012,21,4062.1
05.18.2012-00:00:00,05,18,2012,00,3983.5
05.18.2012-03:00:00,05,18,2012,03,3849.8
05.18.2012-06:00:00,05,18,2012,06,3807
05.18.2012-09:00:00,05,18,2012,09,4169.9
05.18.2012-12:00:00,05,18,2012,12,4475.1
05.18.2012-15:00:00,05,18,2012,15,4449.6
05.18.2012-18:00:00,05,18,2012,18,4404.7
05.18.2012-21:00:00,05,18,2012,21,4303.7
05.19.2012-00:00:00,05,19,2012,00,4193.7
05.19.2012-03:00:00,05,19,2012,03,4112.1
05.19.2012-06:00:00,05,19,2012,06,4196.6
05.19.2012-09:00:00,05,19,2012,09,4611
05.19.2012-12:00:00,05,19,2012,12,4860.7
05.19.2012-15:00:00,05,19,2012,15,4757.7
05.19.2012-18:00:00,05,19,2012,18,4847.3
05.19.2012-21:00:00,05,19,2012,21,4697.5
05.20.2012-00:00:00,05,20,2012,00,4593.8
05.20.2012-03:00:00,05,20,2012,03,4501.8
05.20.2012-06:00:00,05,20,2012,06,4453.2
05.20.2012-09:00:00,05,20,2012,09,4961.6
05.20.2012-12:00:00,05,20,2012,12,5456.3
05.20.2012-15:00:00,05,20,2012,15,5388.3
05.20.2012-18:00:00,05,20,2012,18,5633.2
05.20.2012-21:00:00,05,20,2012,21,5396.2
05.21.2012-00:00:00,05,21,2012,00,5641.5
05.21.2012-03:00:00,05,21,2012,03,5671.4
05.21.2012-06:00:00,05,21,2012,06,5886.3
05.21.2012-09:00:00,05,21,2012,09,6255.9
05.21.2012-12:00:00,05,21,2012,12,6809.1
05.21.2012-15:00:00,05,21,2012,15,6883.8
05.21.2012-18:00:00,05,21,2012,18,7036
05.21.2012-21:00:00,05,21,2012,21,7108.2
05.22.2012-00:00:00,05,22,2012,00,7062.8
05.22.2012-03:00:00,05,22,2012,03,6816.6
05.22.2012-06:00:00,05,22,2012,06,7030
05.22.2012-09:00:00,05,22,2012,09,7205.1
05.22.2012-12:00:00,05,22,2012,12,7623.4
05.22.2012-15:00:00,05,22,2012,15,7528.1
05.22.2012-18:00:00,05,22,2012,18,7614.1
05.22.2012-21:00:00,05,22,2012,21,7517.9
05.23.2012-00:00:00,05,23,2012,00,7251.7
05.23.2012-03:00:00,05,23,2012,03,6867.5
05.23.2012-06:00:00,05,23,2012,06,6763.4
05.23.2012-09:00:00,05,23,2012,09,6766.8
05.23.2012-12:00:00,05,23,2012,12,7145.9
05.23.2012-15:00:00,05,23,2012,15,6768.7
05.23.2012-18:00:00,05,23,2012,18,6787.3
05.23.2012-21:00:00,05,23,2012,21,6368.6
05.24.2012-00:00:00,05,24,2012,00,6378.5
05.24.2012-03:00:00,05,24,2012,03,6107.4
05.24.2012-06:00:00,05,24,2012,06,6085.5
05.24.2012-09:00:00,05,24,2012,09,6143
05.24.2012-12:00:00,05,24,2012,12,6311.3
05.24.2012-15:00:00,05,24,2012,15,6184.8
05.24.2012-18:00:00,05,24,2012,18,6074.1
05.24.2012-21:00:00,05,24,2012,21,5934.5
05.25.2012-00:00:00,05,25,2012,00,5666.1
05.25.2012-03:00:00,05,25,2012,03,5413.3
05.25.2012-06:00:00,05,25,2012,06,5230.6
05.25.2012-09:00:00,05,25,2012,09,5366.2
05.25.2012-12:00:00,05,25,2012,12,5571.7
05.25.2012-15:00:00,05,25,2012,15,5381.6
05.25.2012-18:00:00,05,25,2012,18,5110
05.25.2012-21:00:00,05,25,2012,21,4861.2
05.26.2012-00:00:00,05,26,2012,00,4685.1
05.26.2012-03:00:00,05,26,2012,03,4498.3
05.26.2012-06:00:00,05,26,2012,06,4554.1
05.26.2012-09:00:00,05,26,2012,09,4807.6
05.26.2012-12:00:00,05,26,2012,12,5097.5
05.26.2012-15:00:00,05,26,2012,15,4893.5
05.26.2012-18:00:00,05,26,2012,18,4844.8
05.26.2012-21:00:00,05,26,2012,21,4528.9
05.27.2012-00:00:00,05,27,2012,00,4424.4
05.27.2012-03:00:00,05,27,2012,03,4188.2
05.27.2012-06:00:00,05,27,2012,06,4303.1
05.27.2012-09:00:00,05,27,2012,09,4612.3
05.27.2012-12:00:00,05,27,2012,12,4971
05.27.2012-15:00:00,05,27,2012,15,4946.2
05.27.2012-18:00:00,05,27,2012,18,4790.2
05.27.2012-21:00:00,05,27,2012,21,4691.6
05.28.2012-00:00:00,05,28,2012,00,4495.4
05.28.2012-03:00:00,05,28,2012,03,4287.7
05.28.2012-06:00:00,05,28,2012,06,4381
05.28.2012-09:00:00,05,28,2012,09,4705.2
05.28.2012-12:00:00,05,28,2012,12,4995.7
05.28.2012-15:00:00,05,28,2012,15,4830.9
05.28.2012-18:00:00,05,28,2012,18,4955.6
05.28.2012-21:00:00,05,28,2012,21,4652.3
05.29.2012-00:00:00,05,29,2012,00,4466.2
05.29.2012-03:00:00,05,29,2012,03,4332.2
05.29.2012-06:00:00,05,29,2012,06,4376.2
05.29.2012-09:00:00,05,29,2012,09,4751.3
05.29.2012-12:00:00,05,29,2012,12,5100.7
05.29.2012-15:00:00,05,29,2012,15,4976.9
05.29.2012-18:00:00,05,29,2012,18,5016.8
05.29.2012-21:00:00,05,29,2012,21,4742.6
05.30.2012-00:00:00,05,30,2012,00,4628
05.30.2012-03:00:00,05,30,2012,03,4564.4
05.30.2012-06:00:00,05,30,2012,06,4543.8
05.30.2012-09:00:00,05,30,2012,09,4805.4
05.30.2012-12:00:00,05,30,2012,12,5096.1
05.30.2012-15:00:00,05,30,2012,15,5109.5
05.30.2012-18:00:00,05,30,2012,18,5009.7
05.30.2012-21:00:00,05,30,2012,21,4914.4
05.31.2012-00:00:00,05,31,2012,00,4834.2
05.31.2012-03:00:00,05,31,2012,03,4663.6
05.31.2012-06:00:00,05,31,2012,06,4684.9
05.31.2012-09:00:00,05,31,2012,09,5176.5
05.31.2012-12:00:00,05,31,2012,12,5391.4
05.31.2012-15:00:00,05,31,2012,15,5526.6
05.31.2012-18:00:00,05,31,2012,18,5359.7
05.31.2012-21:00:00,05,31,2012,21,5410.1
06.01.2012-00:00:00,06,01,2012,00,5304.3
06.01.2012-03:00:00,06,01,2012,03,5182.3
06.01.2012-06:00:00,06,01,2012,06,5268.4
06.01.2012-09:00:00,06,01,2012,09,5824.3
06.01.2012-12:00:00,06,01,2012,12,6294.8
06.01.2012-15:00:00,06,01,2012,15,6539.6
06.01.2012-18:00:00,06,01,2012,18,6478.3
06.01.2012-21:00:00,06,01,2012,21,6589.9
06.02.2012-00:00:00,06,02,2012,00,6385.8
06.02.2012-03:00:00,06,02,2012,03,6343.2
06.02.2012-06:00:00,06,02,2012,06,6431.9
06.02.2012-09:00:00,06,02,2012,09,6914.6
06.02.2012-12:00:00,06,02,2012,12,7242.4
06.02.2012-15:00:00,06,02,2012,15,7192.5
06.02.2012-18:00:00,06,02,2012,18,7228
06.02.2012-21:00:00,06,02,2012,21,7201
06.03.2012-00:00:00,06,03,2012,00,6954.2
06.03.2012-03:00:00,06,03,2012,03,6752.8
06.03.2012-06:00:00,06,03,2012,06,6860.6
06.03.2012-09:00:00,06,03,2012,09,7302.9
06.03.2012-12:00:00,06,03,2012,12,7648.4
06.03.2012-15:00:00,06,03,2012,15,7599.6
06.03.2012-18:00:00,06,03,2012,18,7647.1
06.03.2012-21:00:00,06,03,2012,21,7641
06.04.2012-00:00:00,06,04,2012,00,7342.3
06.04.2012-03:00:00,06,04,2012,03,7141.7
06.04.2012-06:00:00,06,04,2012,06,7101.5
06.04.2012-09:00:00,06,04,2012,09,7544.1
06.04.2012-12:00:00,06,04,2012,12,7722.4
06.04.2012-15:00:00,06,04,2012,15,7630.2
06.04.2012-18:00:00,06,04,2012,18,7546.1
06.04.2012-21:00:00,06,04,2012,21,7467.6
06.05.2012-00:00:00,06,05,2012,00,7517.3
06.05.2012-03:00:00,06,05,2012,03,7651.4
06.05.2012-06:00:00,06,05,2012,06,7635.7
06.05.2012-09:00:00,06,05,2012,09,7845.4
06.05.2012-12:00:00,06,05,2012,12,8074.4
06.05.2012-15:00:00,06,05,2012,15,8238
06.05.2012-18:00:00,06,05,2012,18,8189.2
06.05.2012-21:00:00,06,05,2012,21,8228.3
06.06.2012-00:00:00,06,06,2012,00,7732.1
06.06.2012-03:00:00,06,06,2012,03,7427.6
06.06.2012-06:00:00,06,06,2012,06,7269
06.06.2012-09:00:00,06,06,2012,09,7355.1
06.06.2012-12:00:00,06,06,2012,12,7378.1
06.06.2012-15:00:00,06,06,2012,15,7313.5
06.06.2012-18:00:00,06,06,2012,18,7033.3
06.06.2012-21:00:00,06,06,2012,21,6816
06.07.2012-00:00:00,06,07,2012,00,6602.7
06.07.2012-03:00:00,06,07,2012,03,6400.8
06.07.2012-06:00:00,06,07,2012,06,6069.7
06.07.2012-09:00:00,06,07,2012,09,6190.3
06.07.2012-12:00:00,06,07,2012,12,6159.9
06.07.2012-15:00:00,06,07,2012,15,6071.7
06.07.2012-18:00:00,06,07,2012,18,5788.4
06.07.2012-21:00:00,06,07,2012,21,5663.1
06.08.2012-00:00:00,06,08,2012,00,5572.5
06.08.2012-03:00:00,06,08,2012,03,5516
06.08.2012-06:00:00,06,08,2012,06,5325.4
06.08.2012-09:00:00,06,08,2012,09,5412.8
06.08.2012-12:00:00,06,08,2012,12,5459.5
06.08.2012-15:00:00,06,08,2012,15,5493.2
06.08.2012-18:00:00,06,08,2012,18,5222.6
06.08.2012-21:00:00,06,08,2012,21,5195.2
06.09.2012-00:00:00,06,09,2012,00,4911.4
06.09.2012-03:00:00,06,09,2012,03,4714.2
06.09.2012-06:00:00,06,09,2012,06,4459
06.09.2012-09:00:00,06,09,2012,09,4477.2
06.09.2012-12:00:00,06,09,2012,12,4561
06.09.2012-15:00:00,06,09,2012,15,4438.2
06.09.2012-18:00:00,06,09,2012,18,4258.1
06.09.2012-21:00:00,06,09,2012,21,4256.5
06.10.2012-00:00:00,06,10,2012,00,4040.9
06.10.2012-03:00:00,06,10,2012,03,4013.3
06.10.2012-06:00:00,06,10,2012,06,3908.5
06.10.2012-09:00:00,06,10,2012,09,4013.7
06.10.2012-12:00:00,06,10,2012,12,3949.8
06.10.2012-15:00:00,06,10,2012,15,3974.1
06.10.2012-18:00:00,06,10,2012,18,3821.3
06.10.2012-21:00:00,06,10,2012,21,3788.8
06.11.2012-00:00:00,06,11,2012,00,3718.3
06.11.2012-03:00:00,06,11,2012,03,3529.4
06.11.2012-06:00:00,06,11,2012,06,3536.7
06.11.2012-09:00:00,06,11,2012,09,3769.8
06.11.2012-12:00:00,06,11,2012,12,3919.8
06.11.2012-15:00:00,06,11,2012,15,3858.9
06.11.2012-18:00:00,06,11,2012,18,3796.7
06.11.2012-21:00:00,06,11,2012,21,3697.7
06.12.2012-00:00:00,06,12,2012,00,3571.2
06.12.2012-03:00:00,06,12,2012,03,3444.5
06.12.2012-06:00:00,06,12,2012,06,3415.5
06.12.2012-09:00:00,06,12,2012,09,3679
06.12.2012-12:00:00,06,12,2012,12,3960
06.12.2012-15:00:00,06,12,2012,15,3935
06.12.2012-18:00:00,06,12,2012,18,4050
06.12.2012-21:00:00,06,12,2012,21,3965.5
06.13.2012-00:00:00,06,13,2012,00,3903
06.13.2012-03:00:00,06,13,2012,03,3868.2
06.13.2012-06:00:00,06,13,2012,06,3952.9
06.13.2012-09:00:00,06,13,2012,09,4151.1
06.13.2012-12:00:00,06,13,2012,12,4368.4
06.13.2012-15:00:00,06,13,2012,15,4516.8
06.13.2012-18:00:00,06,13,2012,18,4486.2
06.13.2012-21:00:00,06,13,2012,21,4543.1
06.14.2012-00:00:00,06,14,2012,00,4587.1
06.14.2012-03:00:00,06,14,2012,03,4531.7
06.14.2012-06:00:00,06,14,2012,06,4514.2
06.14.2012-09:00:00,06,14,2012,09,4739.8
06.14.2012-12:00:00,06,14,2012,12,5009.8
06.14.2012-15:00:00,06,14,2012,15,5046.6
06.14.2012-18:00:00,06,14,2012,18,4993.1
06.14.2012-21:00:00,06,14,2012,21,5091.6
06.15.2012-00:00:00,06,15,2012,00,4960.9
06.15.2012-03:00:00,06,15,2012,03,4756.4
06.15.2012-06:00:00,06,15,2012,06,4792
06.15.2012-09:00:00,06,15,2012,09,5078.9
06.15.2012-12:00:00,06,15,2012,12,5251
06.15.2012-15:00:00,06,15,2012,15,5337.2
06.15.2012-18:00:00,06,15,2012,18,5261.3
06.15.2012-21:00:00,06,15,2012,21,5379.7
06.16.2012-00:00:00,06,16,2012,00,5126.1
06.16.2012-03:00:00,06,16,2012,03,5116
06.16.2012-06:00:00,06,16,2012,06,5050.8
06.16.2012-09:00:00,06,16,2012,09,5517.6
06.16.2012-12:00:00,06,16,2012,12,5831.3
06.16.2012-15:00:00,06,16,2012,15,6022.9
06.16.2012-18:00:00,06,16,2012,18,6081.8
06.16.2012-21:00:00,06,16,2012,21,6156.1
06.17.2012-00:00:00,06,17,2012,00,6016.3
06.17.2012-03:00:00,06,17,2012,03,6122.8
06.17.2012-06:00:00,06,17,2012,06,6099.8
06.17.2012-09:00:00,06,17,2012,09,6580.8
06.17.2012-12:00:00,06,17,2012,12,6764.6
06.17.2012-15:00:00,06,17,2012,15,7102.4
06.17.2012-18:00:00,06,17,2012,18,7129.4
06.17.2012-21:00:00,06,17,2012,21,7209.7
06.18.2012-00:00:00,06,18,2012,00,7050.2
06.18.2012-03:00:00,06,18,2012,03,7056.4
06.18.2012-06:00:00,06,18,2012,06,7020.2
06.18.2012-09:00:00,06,18,2012,09,7614
06.18.2012-12:00:00,06,18,2012,12,7788.5
06.18.2012-15:00:00,06,18,2012,15,8127.6
06.18.2012-18:00:00,06,18,2012,18,8213.2
06.18.2012-21:00:00,06,18,2012,21,8193.7
06.19.2012-00:00:00,06,19,2012,00,8044.6
06.19.2012-03:00:00,06,19,2012,03,7846.3
06.19.2012-06:00:00,06,19,2012,06,7823.3
06.19.2012-09:00:00,06,19,2012,09,7880.3
06.19.2012-12:00:00,06,19,2012,12,8113.6
06.19.2012-15:00:00,06,19,2012,15,8207.6
06.19.2012-18:00:00,06,19,2012,18,7904.6
06.19.2012-21:00:00,06,19,2012,21,8025.5
06.20.2012-00:00:00,06,20,2012,00,7591.9
06.20.2012-03:00:00,06,20,2012,03,7676.4
06.20.2012-06:00:00,06,20,2012,06,7299.4
06.20.2012-09:00:00,06,20,2012,09,7953.4
06.20.2012-12:00:00,06,20,2012,12,7901.7
06.20.2012-15:00:00,06,20,2012,15,8066.8
06.20.2012-18:00:00,06,20,2012,18,7917.9
06.20.2012-21:00:00,06,20,2012,21,7993.2
06.21.2012-00:00:00,06,21,2012,00,7587.9
06.21.2012-03:00:00,06,21,2012,03,7678.8
06.21.2012-06:00:00,06,21,2012,06,7472.8
06.21.2012-09:00:00,06,21,2012,09,8196.7
06.21.2012-12:00:00,06,21,2012,12,8228.7
06.21.2012-15:00:00,06,21,2012,15,8801.2
06.21.2012-18:00:00,06,21,2012,18,8668.8
06.21.2012-21:00:00,06,21,2012,21,8821.6
06.22.2012-00:00:00,06,22,2012,00,8438
06.22.2012-03:00:00,06,22,2012,03,8301.2
06.22.2012-06:00:00,06,22,2012,06,8137.4
06.22.2012-09:00:00,06,22,2012,09,8616.7
06.22.2012-12:00:00,06,22,2012,12,8764.2
06.22.2012-15:00:00,06,22,2012,15,9363.3
06.22.2012-18:00:00,06,22,2012,18,9008.4
06.22.2012-21:00:00,06,22,2012,21,9391.3
06.23.2012-00:00:00,06,23,2012,00,9283.1
06.23.2012-03:00:00,06,23,2012,03,9328
06.23.2012-06:00:00,06,23,2012,06,9432.7
06.23.2012-09:00:00,06,23,2012,09,9461.1
06.23.2012-12:00:00,06,23,2012,12,9910.4
06.23.2012-15:00:00,06,23,2012,15,9970.2
06.23.2012-18:00:00,06,23,2012,18,10100
06.23.2012-21:00:00,06,23,2012,21,10113
06.24.2012-00:00:00,06,24,2012,00,9982.3
06.24.2012-03:00:00,06,24,2012,03,9693.6
06.24.2012-06:00:00,06,24,2012,06,9498.9
06.24.2012-09:00:00,06,24,2012,09,9873.2
06.24.2012-12:00:00,06,24,2012,12,9724.4
06.24.2012-15:00:00,06,24,2012,15,10166
06.24.2012-18:00:00,06,24,2012,18,9920.8
06.24.2012-21:00:00,06,24,2012,21,10066
06.25.2012-00:00:00,06,25,2012,00,9862.7
06.25.2012-03:00:00,06,25,2012,03,9840.9
06.25.2012-06:00:00,06,25,2012,06,9805
06.25.2012-09:00:00,06,25,2012,09,9953.2
06.25.2012-12:00:00,06,25,2012,12,10545
06.25.2012-15:00:00,06,25,2012,15,10056
06.25.2012-18:00:00,06,25,2012,18,11237
06.25.2012-21:00:00,06,25,2012,21,9712.7
06.26.2012-00:00:00,06,26,2012,00,10808
06.26.2012-03:00:00,06,26,2012,03,9404.5
06.26.2012-06:00:00,06,26,2012,06,9874.1
06.26.2012-09:00:00,06,26,2012,09,9947.8
06.26.2012-12:00:00,06,26,2012,12,9581
06.26.2012-15:00:00,06,26,2012,15,10386
06.26.2012-18:00:00,06,26,2012,18,9547
06.26.2012-21:00:00,06,26,2012,21,10174
06.27.2012-00:00:00,06,27,2012,00,9503.6
06.27.2012-03:00:00,06,27,2012,03,9744.5
06.27.2012-06:00:00,06,27,2012,06,9086
06.27.2012-09:00:00,06,27,2012,09,9412.6
06.27.2012-12:00:00,06,27,2012,12,9044.9
06.27.2012-15:00:00,06,27,2012,15,9141.9
06.27.2012-18:00:00,06,27,2012,18,8791.3
06.27.2012-21:00:00,06,27,2012,21,8784.2
06.28.2012-00:00:00,06,28,2012,00,8122.1
06.28.2012-03:00:00,06,28,2012,03,7928.5
06.28.2012-06:00:00,06,28,2012,06,7397.4
06.28.2012-09:00:00,06,28,2012,09,7604.8
06.28.2012-12:00:00,06,28,2012,12,7453.6
06.28.2012-15:00:00,06,28,2012,15,7414.8
06.28.2012-18:00:00,06,28,2012,18,7410.9
06.28.2012-21:00:00,06,28,2012,21,7190.7
06.29.2012-00:00:00,06,29,2012,00,7235.7
06.29.2012-03:00:00,06,29,2012,03,6949.7
06.29.2012-06:00:00,06,29,2012,06,6861.9
06.29.2012-09:00:00,06,29,2012,09,7212.3
06.29.2012-12:00:00,06,29,2012,12,7155.7
06.29.2012-15:00:00,06,29,2012,15,7715.6
06.29.2012-18:00:00,06,29,2012,18,7655.6
06.29.2012-21:00:00,06,29,2012,21,7826.3
06.30.2012-00:00:00,06,30,2012,00,7585.7
06.30.2012-03:00:00,06,30,2012,03,7344.8
06.30.2012-06:00:00,06,30,2012,06,7338.8
06.30.2012-09:00:00,06,30,2012,09,7444.3
06.30.2012-12:00:00,06,30,2012,12,7493.9
06.30.2012-15:00:00,06,30,2012,15,7735.2
06.30.2012-18:00:00,06,30,2012,18,7862.7
06.30.2012-21:00:00,06,30,2012,21,7714.1
07.01.2012-00:00:00,07,01,2012,00,7860.7
07.01.2012-03:00:00,07,01,2012,03,7473.5
07.01.2012-06:00:00,07,01,2012,06,7591.1
07.01.2012-09:00:00,07,01,2012,09,7665.4
07.01.2012-12:00:00,07,01,2012,12,7688.5
07.01.2012-15:00:00,07,01,2012,15,8048.4
07.01.2012-18:00:00,07,01,2012,18,7933.1
07.01.2012-21:00:00,07,01,2012,21,8318.9
07.02.2012-00:00:00,07,02,2012,00,7790.7
07.02.2012-03:00:00,07,02,2012,03,8034.4
07.02.2012-06:00:00,07,02,2012,06,7741.1
07.02.2012-09:00:00,07,02,2012,09,7746
07.02.2012-12:00:00,07,02,2012,12,7977.7
07.02.2012-15:00:00,07,02,2012,15,7745
07.02.2012-18:00:00,07,02,2012,18,8107.3
07.02.2012-21:00:00,07,02,2012,21,7839.9
07.03.2012-00:00:00,07,03,2012,00,8051.3
07.03.2012-03:00:00,07,03,2012,03,7635.6
07.03.2012-06:00:00,07,03,2012,06,7540.5
07.03.2012-09:00:00,07,03,2012,09,8016.3
07.03.2012-12:00:00,07,03,2012,12,7437.2
07.03.2012-15:00:00,07,03,2012,15,8055.2
07.03.2012-18:00:00,07,03,2012,18,7784.9
07.03.2012-21:00:00,07,03,2012,21,7738
07.04.2012-00:00:00,07,04,2012,00,8042.2
07.04.2012-03:00:00,07,04,2012,03,7239.5
07.04.2012-06:00:00,07,04,2012,06,7910.2
07.04.2012-09:00:00,07,04,2012,09,7407.4
07.04.2012-12:00:00,07,04,2012,12,7572.9
07.04.2012-15:00:00,07,04,2012,15,7437.1
07.04.2012-18:00:00,07,04,2012,18,7593.7
07.04.2012-21:00:00,07,04,2012,21,7296.2
07.05.2012-00:00:00,07,05,2012,00,7459.4
07.05.2012-03:00:00,07,05,2012,03,6930.1
07.05.2012-06:00:00,07,05,2012,06,7086.8
07.05.2012-09:00:00,07,05,2012,09,6890
07.05.2012-12:00:00,07,05,2012,12,7039.8
07.05.2012-15:00:00,07,05,2012,15,6728.8
07.05.2012-18:00:00,07,05,2012,18,7060.4
07.05.2012-21:00:00,07,05,2012,21,6573.4
07.06.2012-00:00:00,07,06,2012,00,6931.5
07.06.2012-03:00:00,07,06,2012,03,6449.1
07.06.2012-06:00:00,07,06,2012,06,7016.8
07.06.2012-09:00:00,07,06,2012,09,6633
07.06.2012-12:00:00,07,06,2012,12,6914.4
07.06.2012-15:00:00,07,06,2012,15,7131.2
07.06.2012-18:00:00,07,06,2012,18,7101.8
07.06.2012-21:00:00,07,06,2012,21,7384.8
07.07.2012-00:00:00,07,07,2012,00,7067.9
07.07.2012-03:00:00,07,07,2012,03,7152.7
07.07.2012-06:00:00,07,07,2012,06,6840.1
07.07.2012-09:00:00,07,07,2012,09,7063.6
07.07.2012-12:00:00,07,07,2012,12,7050.5
07.07.2012-15:00:00,07,07,2012,15,7297.4
07.07.2012-18:00:00,07,07,2012,18,7100.4
07.07.2012-21:00:00,07,07,2012,21,7489.2
07.08.2012-00:00:00,07,08,2012,00,7026.9
07.08.2012-03:00:00,07,08,2012,03,7492.4
07.08.2012-06:00:00,07,08,2012,06,6919
07.08.2012-09:00:00,07,08,2012,09,7318.4
07.08.2012-12:00:00,07,08,2012,12,7482.7
07.08.2012-15:00:00,07,08,2012,15,7748.8
07.08.2012-18:00:00,07,08,2012,18,7694.6
07.08.2012-21:00:00,07,08,2012,21,8140.8
07.09.2012-00:00:00,07,09,2012,00,7839.9
07.09.2012-03:00:00,07,09,2012,03,7883.8
07.09.2012-06:00:00,07,09,2012,06,7746
07.09.2012-09:00:00,07,09,2012,09,7898
07.09.2012-12:00:00,07,09,2012,12,8112.1
07.09.2012-15:00:00,07,09,2012,15,8533.5
07.09.2012-18:00:00,07,09,2012,18,8648
07.09.2012-21:00:00,07,09,2012,21,8476.7
07.10.2012-00:00:00,07,10,2012,00,9128
07.10.2012-03:00:00,07,10,2012,03,8814.7
07.10.2012-06:00:00,07,10,2012,06,8743.2
07.10.2012-09:00:00,07,10,2012,09,8740.1
07.10.2012-12:00:00,07,10,2012,12,9214.8
07.10.2012-15:00:00,07,10,2012,15,9065.6
07.10.2012-18:00:00,07,10,2012,18,9668.9
07.10.2012-21:00:00,07,10,2012,21,9399.5
07.11.2012-00:00:00,07,11,2012,00,9964.6
07.11.2012-03:00:00,07,11,2012,03,9524
07.11.2012-06:00:00,07,11,2012,06,9603.9
07.11.2012-09:00:00,07,11,2012,09,9379.2
07.11.2012-12:00:00,07,11,2012,12,9809
07.11.2012-15:00:00,07,11,2012,15,9286
07.11.2012-18:00:00,07,11,2012,18,10210
07.11.2012-21:00:00,07,11,2012,21,9300.3
07.12.2012-00:00:00,07,12,2012,00,10535
07.12.2012-03:00:00,07,12,2012,03,9117.7
07.12.2012-06:00:00,07,12,2012,06,10235
07.12.2012-09:00:00,07,12,2012,09,8907.6
07.12.2012-12:00:00,07,12,2012,12,9546.8
07.12.2012-15:00:00,07,12,2012,15,9515.1
07.12.2012-18:00:00,07,12,2012,18,9395.3
07.12.2012-21:00:00,07,12,2012,21,9564.8
07.13.2012-00:00:00,07,13,2012,00,9207
07.13.2012-03:00:00,07,13,2012,03,9520.3
07.13.2012-06:00:00,07,13,2012,06,8718.2
07.13.2012-09:00:00,07,13,2012,09,9440.6
07.13.2012-12:00:00,07,13,2012,12,8552.5
07.13.2012-15:00:00,07,13,2012,15,9634.4
07.13.2012-18:00:00,07,13,2012,18,8752.6
07.13.2012-21:00:00,07,13,2012,21,9172.8
07.14.2012-00:00:00,07,14,2012,00,8866.5
07.14.2012-03:00:00,07,14,2012,03,8626.7
07.14.2012-06:00:00,07,14,2012,06,8641.3
07.14.2012-09:00:00,07,14,2012,09,8537.7
07.14.2012-12:00:00,07,14,2012,12,8312.8
07.14.2012-15:00:00,07,14,2012,15,8376.3
07.14.2012-18:00:00,07,14,2012,18,8255
07.14.2012-21:00:00,07,14,2012,21,8443.2
07.15.2012-00:00:00,07,15,2012,00,8130.6
07.15.2012-03:00:00,07,15,2012,03,8378.6
07.15.2012-06:00:00,07,15,2012,06,7905.3
07.15.2012-09:00:00,07,15,2012,09,8173
07.15.2012-12:00:00,07,15,2012,12,8010.4
07.15.2012-15:00:00,07,15,2012,15,8119.4
07.15.2012-18:00:00,07,15,2012,18,8065.2
07.15.2012-21:00:00,07,15,2012,21,8137.3
07.16.2012-00:00:00,07,16,2012,00,7953
07.16.2012-03:00:00,07,16,2012,03,7934.9
07.16.2012-06:00:00,07,16,2012,06,7547.7
07.16.2012-09:00:00,07,16,2012,09,7606.6
07.16.2012-12:00:00,07,16,2012,12,7620.5
07.16.2012-15:00:00,07,16,2012,15,7313.7
07.16.2012-18:00:00,07,16,2012,18,7755.8
07.16.2012-21:00:00,07,16,2012,21,7301
07.17.2012-00:00:00,07,17,2012,00,7475.4
07.17.2012-03:00:00,07,17,2012,03,7112
07.17.2012-06:00:00,07,17,2012,06,6926.3
07.17.2012-09:00:00,07,17,2012,09,6882.2
07.17.2012-12:00:00,07,17,2012,12,6679.3
07.17.2012-15:00:00,07,17,2012,15,6720.9
07.17.2012-18:00:00,07,17,2012,18,6674.6
07.17.2012-21:00:00,07,17,2012,21,6483.7
07.18.2012-00:00:00,07,18,2012,00,6683.4
07.18.2012-03:00:00,07,18,2012,03,6246.9
07.18.2012-06:00:00,07,18,2012,06,6131.1
07.18.2012-09:00:00,07,18,2012,09,6283
07.18.2012-12:00:00,07,18,2012,12,5737.1
07.18.2012-15:00:00,07,18,2012,15,6290.7
07.18.2012-18:00:00,07,18,2012,18,5794.3
07.18.2012-21:00:00,07,18,2012,21,6169.5
07.19.2012-00:00:00,07,19,2012,00,5981.2
07.19.2012-03:00:00,07,19,2012,03,5883.9
07.19.2012-06:00:00,07,19,2012,06,5652.9
07.19.2012-09:00:00,07,19,2012,09,5828.1
07.19.2012-12:00:00,07,19,2012,12,5420
07.19.2012-15:00:00,07,19,2012,15,5684.4
07.19.2012-18:00:00,07,19,2012,18,5551.8
07.19.2012-21:00:00,07,19,2012,21,5854.4
07.20.2012-00:00:00,07,20,2012,00,5633.2
07.20.2012-03:00:00,07,20,2012,03,5539.8
07.20.2012-06:00:00,07,20,2012,06,5421
07.20.2012-09:00:00,07,20,2012,09,5428
07.20.2012-12:00:00,07,20,2012,12,5208.2
07.20.2012-15:00:00,07,20,2012,15,5201.9
07.20.2012-18:00:00,07,20,2012,18,5305.6
07.20.2012-21:00:00,07,20,2012,21,5620.3
07.21.2012-00:00:00,07,21,2012,00,5443.6
07.21.2012-03:00:00,07,21,2012,03,5878.1
07.21.2012-06:00:00,07,21,2012,06,5371.3
07.21.2012-09:00:00,07,21,2012,09,5544.4
07.21.2012-12:00:00,07,21,2012,12,5368.2
07.21.2012-15:00:00,07,21,2012,15,5470
07.21.2012-18:00:00,07,21,2012,18,5526
07.21.2012-21:00:00,07,21,2012,21,5663.6
07.22.2012-00:00:00,07,22,2012,00,5351.7
07.22.2012-03:00:00,07,22,2012,03,5280.6
07.22.2012-06:00:00,07,22,2012,06,5129
07.22.2012-09:00:00,07,22,2012,09,5008.8
07.22.2012-12:00:00,07,22,2012,12,4940.2
07.22.2012-15:00:00,07,22,2012,15,4713.4
07.22.2012-18:00:00,07,22,2012,18,4759.5
07.22.2012-21:00:00,07,22,2012,21,4876.4
07.23.2012-00:00:00,07,23,2012,00,4686
07.23.2012-03:00:00,07,23,2012,03,4654.6
07.23.2012-06:00:00,07,23,2012,06,4488.7
07.23.2012-09:00:00,07,23,2012,09,4338.6
07.23.2012-12:00:00,07,23,2012,12,4242.5
07.23.2012-15:00:00,07,23,2012,15,4163.2
07.23.2012-18:00:00,07,23,2012,18,4143.9
07.23.2012-21:00:00,07,23,2012,21,4202.6
07.24.2012-00:00:00,07,24,2012,00,4173
07.24.2012-03:00:00,07,24,2012,03,4148.8
07.24.2012-06:00:00,07,24,2012,06,4017.1
07.24.2012-09:00:00,07,24,2012,09,3958.8
07.24.2012-12:00:00,07,24,2012,12,3819.8
07.24.2012-15:00:00,07,24,2012,15,3819.4
07.24.2012-18:00:00,07,24,2012,18,3677.3
07.24.2012-21:00:00,07,24,2012,21,3637
07.25.2012-00:00:00,07,25,2012,00,3543.3
07.25.2012-03:00:00,07,25,2012,03,3484.3
07.25.2012-06:00:00,07,25,2012,06,3347.4
07.25.2012-09:00:00,07,25,2012,09,3225.8
07.25.2012-12:00:00,07,25,2012,12,3043.9
07.25.2012-15:00:00,07,25,2012,15,3201.9
07.25.2012-18:00:00,07,25,2012,18,3078.3
07.25.2012-21:00:00,07,25,2012,21,3159.2
07.26.2012-00:00:00,07,26,2012,00,3118.3
07.26.2012-03:00:00,07,26,2012,03,3176.2
07.26.2012-06:00:00,07,26,2012,06,3055.5
07.26.2012-09:00:00,07,26,2012,09,3079.3
07.26.2012-12:00:00,07,26,2012,12,2898
07.26.2012-15:00:00,07,26,2012,15,3000
07.26.2012-18:00:00,07,26,2012,18,2812.8
07.26.2012-21:00:00,07,26,2012,21,3008.5
07.27.2012-00:00:00,07,27,2012,00,3065.8
07.27.2012-03:00:00,07,27,2012,03,3201.5
07.27.2012-06:00:00,07,27,2012,06,3061.7
07.27.2012-09:00:00,07,27,2012,09,3037.1
07.27.2012-12:00:00,07,27,2012,12,3059
07.27.2012-15:00:00,07,27,2012,15,3226.3
07.27.2012-18:00:00,07,27,2012,18,3327.7
07.27.2012-21:00:00,07,27,2012,21,3487.2
07.28.2012-00:00:00,07,28,2012,00,3249.4
07.28.2012-03:00:00,07,28,2012,03,3246
07.28.2012-06:00:00,07,28,2012,06,3035.3
07.28.2012-09:00:00,07,28,2012,09,3001.2
07.28.2012-12:00:00,07,28,2012,12,2841
07.28.2012-15:00:00,07,28,2012,15,2887.1
07.28.2012-18:00:00,07,28,2012,18,2864.6
07.28.2012-21:00:00,07,28,2012,21,2873.2
07.29.2012-00:00:00,07,29,2012,00,2805.8
07.29.2012-03:00:00,07,29,2012,03,2725.4
07.29.2012-06:00:00,07,29,2012,06,2528.9
07.29.2012-09:00:00,07,29,2012,09,2521.7
07.29.2012-12:00:00,07,29,2012,12,2352
07.29.2012-15:00:00,07,29,2012,15,2357.5
07.29.2012-18:00:00,07,29,2012,18,2427.3
07.29.2012-21:00:00,07,29,2012,21,2352.1
07.30.2012-00:00:00,07,30,2012,00,2368.3
07.30.2012-03:00:00,07,30,2012,03,2381
07.30.2012-06:00:00,07,30,2012,06,2217
07.30.2012-09:00:00,07,30,2012,09,2141.2
07.30.2012-12:00:00,07,30,2012,12,2060.2
07.30.2012-15:00:00,07,30,2012,15,2053.7
07.30.2012-18:00:00,07,30,2012,18,2090.7
07.30.2012-21:00:00,07,30,2012,21,2036.3
07.31.2012-00:00:00,07,31,2012,00,2028.7
07.31.2012-03:00:00,07,31,2012,03,2058.9
07.31.2012-06:00:00,07,31,2012,06,1934.2
07.31.2012-09:00:00,07,31,2012,09,1873.3
07.31.2012-12:00:00,07,31,2012,12,1832.3
07.31.2012-15:00:00,07,31,2012,15,1829.4
07.31.2012-18:00:00,07,31,2012,18,1831.3
07.31.2012-21:00:00,07,31,2012,21,1851.6
08.01.2012-00:00:00,08,01,2012,00,1848.6
08.01.2012-03:00:00,08,01,2012,03,1780.7
08.01.2012-06:00:00,08,01,2012,06,1729.1
08.01.2012-09:00:00,08,01,2012,09,1621.8
08.01.2012-12:00:00,08,01,2012,12,1629.4
08.01.2012-15:00:00,08,01,2012,15,1586.6
08.01.2012-18:00:00,08,01,2012,18,1612.4
08.01.2012-21:00:00,08,01,2012,21,1590.2
08.02.2012-00:00:00,08,02,2012,00,1587.8
08.02.2012-03:00:00,08,02,2012,03,1540.8
08.02.2012-06:00:00,08,02,2012,06,1482.5
08.02.2012-09:00:00,08,02,2012,09,1431
08.02.2012-12:00:00,08,02,2012,12,1390.2
08.02.2012-15:00:00,08,02,2012,15,1381.7
08.02.2012-18:00:00,08,02,2012,18,1372.4
08.02.2012-21:00:00,08,02,2012,21,1382.9
08.03.2012-00:00:00,08,03,2012,00,1392.2
08.03.2012-03:00:00,08,03,2012,03,1343.3
08.03.2012-06:00:00,08,03,2012,06,1312.5
08.03.2012-09:00:00,08,03,2012,09,1291.2
08.03.2012-12:00:00,08,03,2012,12,1265.9
08.03.2012-15:00:00,08,03,2012,15,1262.1
08.03.2012-18:00:00,08,03,2012,18,1260.8
08.03.2012-21:00:00,08,03,2012,21,1280.3
08.04.2012-00:00:00,08,04,2012,00,1251.8
08.04.2012-03:00:00,08,04,2012,03,1243.8
08.04.2012-06:00:00,08,04,2012,06,1192.7
08.04.2012-09:00:00,08,04,2012,09,1147.6
08.04.2012-12:00:00,08,04,2012,12,1125.6
08.04.2012-15:00:00,08,04,2012,15,1140.4
08.04.2012-18:00:00,08,04,2012,18,1148.8
08.04.2012-21:00:00,08,04,2012,21,1164
08.05.2012-00:00:00,08,05,2012,00,1133.4
08.05.2012-03:00:00,08,05,2012,03,1107.4
08.05.2012-06:00:00,08,05,2012,06,1060
08.05.2012-09:00:00,08,05,2012,09,1025.6
08.05.2012-12:00:00,08,05,2012,12,1025.1
08.05.2012-15:00:00,08,05,2012,15,1037.4
08.05.2012-18:00:00,08,05,2012,18,1031.5
08.05.2012-21:00:00,08,05,2012,21,1074.4
08.06.2012-00:00:00,08,06,2012,00,1051.1
08.06.2012-03:00:00,08,06,2012,03,1033.8
08.06.2012-06:00:00,08,06,2012,06,1003.6
08.06.2012-09:00:00,08,06,2012,09,978.34
08.06.2012-12:00:00,08,06,2012,12,1002.2
08.06.2012-15:00:00,08,06,2012,15,1021
08.06.2012-18:00:00,08,06,2012,18,1052.9
08.06.2012-21:00:00,08,06,2012,21,1058.5
08.07.2012-00:00:00,08,07,2012,00,1078.6
08.07.2012-03:00:00,08,07,2012,03,1043
08.07.2012-06:00:00,08,07,2012,06,1031.4
08.07.2012-09:00:00,08,07,2012,09,1000.2
08.07.2012-12:00:00,08,07,2012,12,994.12
08.07.2012-15:00:00,08,07,2012,15,1017.4
08.07.2012-18:00:00,08,07,2012,18,1030.6
08.07.2012-21:00:00,08,07,2012,21,1012
08.08.2012-00:00:00,08,08,2012,00,1026.6
08.08.2012-03:00:00,08,08,2012,03,969.85
08.08.2012-06:00:00,08,08,2012,06,926.67
08.08.2012-09:00:00,08,08,2012,09,870.06
08.08.2012-12:00:00,08,08,2012,12,873.37
08.08.2012-15:00:00,08,08,2012,15,888.94
08.08.2012-18:00:00,08,08,2012,18,885.87
08.08.2012-21:00:00,08,08,2012,21,871.66
08.09.2012-00:00:00,08,09,2012,00,861.47
08.09.2012-03:00:00,08,09,2012,03,852.66
08.09.2012-06:00:00,08,09,2012,06,817.49
08.09.2012-09:00:00,08,09,2012,09,791.77
08.09.2012-12:00:00,08,09,2012,12,772.53
08.09.2012-15:00:00,08,09,2012,15,787.5
08.09.2012-18:00:00,08,09,2012,18,792.95
08.09.2012-21:00:00,08,09,2012,21,786.53
08.10.2012-00:00:00,08,10,2012,00,771.32
08.10.2012-03:00:00,08,10,2012,03,755.4
08.10.2012-06:00:00,08,10,2012,06,729.63
08.10.2012-09:00:00,08,10,2012,09,705.91
08.10.2012-12:00:00,08,10,2012,12,710.06
08.10.2012-15:00:00,08,10,2012,15,709.45
08.10.2012-18:00:00,08,10,2012,18,708.51
08.10.2012-21:00:00,08,10,2012,21,711.03
08.11.2012-00:00:00,08,11,2012,00,706.08
08.11.2012-03:00:00,08,11,2012,03,693.05
08.11.2012-06:00:00,08,11,2012,06,671.49
08.11.2012-09:00:00,08,11,2012,09,643.23
08.11.2012-12:00:00,08,11,2012,12,637.44
08.11.2012-15:00:00,08,11,2012,15,645.81
08.11.2012-18:00:00,08,11,2012,18,652.37
08.11.2012-21:00:00,08,11,2012,21,642.71
08.12.2012-00:00:00,08,12,2012,00,624.92
08.12.2012-03:00:00,08,12,2012,03,615.63
08.12.2012-06:00:00,08,12,2012,06,588.31
08.12.2012-09:00:00,08,12,2012,09,572.73
08.12.2012-12:00:00,08,12,2012,12,572.73
08.12.2012-15:00:00,08,12,2012,15,580.72
08.12.2012-18:00:00,08,12,2012,18,578.79
08.12.2012-21:00:00,08,12,2012,21,573.35
08.13.2012-00:00:00,08,13,2012,00,580.77
08.13.2012-03:00:00,08,13,2012,03,568.58
08.13.2012-06:00:00,08,13,2012,06,543.31
08.13.2012-09:00:00,08,13,2012,09,533.65
08.13.2012-12:00:00,08,13,2012,12,538.68
08.13.2012-15:00:00,08,13,2012,15,542.28
08.13.2012-18:00:00,08,13,2012,18,543.47
08.13.2012-21:00:00,08,13,2012,21,550.75
08.14.2012-00:00:00,08,14,2012,00,544.89
08.14.2012-03:00:00,08,14,2012,03,536.76
08.14.2012-06:00:00,08,14,2012,06,522.14
08.14.2012-09:00:00,08,14,2012,09,506.81
08.14.2012-12:00:00,08,14,2012,12,498.98
08.14.2012-15:00:00,08,14,2012,15,507.73
08.14.2012-18:00:00,08,14,2012,18,518.96
08.14.2012-21:00:00,08,14,2012,21,515.27
08.15.2012-00:00:00,08,15,2012,00,503.26
08.15.2012-03:00:00,08,15,2012,03,503.51
08.15.2012-06:00:00,08,15,2012,06,483.28
08.15.2012-09:00:00,08,15,2012,09,467.18
08.15.2012-12:00:00,08,15,2012,12,460.71
08.15.2012-15:00:00,08,15,2012,15,462.67
08.15.2012-18:00:00,08,15,2012,18,475.02
08.15.2012-21:00:00,08,15,2012,21,474.81
08.16.2012-00:00:00,08,16,2012,00,467.8
08.16.2012-03:00:00,08,16,2012,03,460.65
08.16.2012-06:00:00,08,16,2012,06,443.61
08.16.2012-09:00:00,08,16,2012,09,428.42
08.16.2012-12:00:00,08,16,2012,12,426.05
08.16.2012-15:00:00,08,16,2012,15,429.84
08.16.2012-18:00:00,08,16,2012,18,437.77
08.16.2012-21:00:00,08,16,2012,21,438.81
08.17.2012-00:00:00,08,17,2012,00,551.17
08.17.2012-03:00:00,08,17,2012,03,546.47
08.17.2012-06:00:00,08,17,2012,06,547.71
08.17.2012-09:00:00,08,17,2012,09,546.57
08.17.2012-12:00:00,08,17,2012,12,547.93
08.17.2012-15:00:00,08,17,2012,15,591.87
08.17.2012-18:00:00,08,17,2012,18,609.18
08.17.2012-21:00:00,08,17,2012,21,635.13
08.18.2012-00:00:00,08,18,2012,00,509.47
08.18.2012-03:00:00,08,18,2012,03,525.46
08.18.2012-06:00:00,08,18,2012,06,508.07
08.18.2012-09:00:00,08,18,2012,09,530.27
08.18.2012-12:00:00,08,18,2012,12,542.66
08.18.2012-15:00:00,08,18,2012,15,552.54
08.18.2012-18:00:00,08,18,2012,18,574.78
08.18.2012-21:00:00,08,18,2012,21,579.66
08.19.2012-00:00:00,08,19,2012,00,587.86
08.19.2012-03:00:00,08,19,2012,03,564.36
08.19.2012-06:00:00,08,19,2012,06,519.99
08.19.2012-09:00:00,08,19,2012,09,523.39
08.19.2012-12:00:00,08,19,2012,12,537.84
08.19.2012-15:00:00,08,19,2012,15,531.12
08.19.2012-18:00:00,08,19,2012,18,522.86
08.19.2012-21:00:00,08,19,2012,21,529.85
08.20.2012-00:00:00,08,20,2012,00,518.36
08.20.2012-03:00:00,08,20,2012,03,500.76
08.20.2012-06:00:00,08,20,2012,06,471.47
08.20.2012-09:00:00,08,20,2012,09,471.14
08.20.2012-12:00:00,08,20,2012,12,470.17
08.20.2012-15:00:00,08,20,2012,15,476.93
08.20.2012-18:00:00,08,20,2012,18,473.37
08.20.2012-21:00:00,08,20,2012,21,473.41
08.21.2012-00:00:00,08,21,2012,00,465.99
08.21.2012-03:00:00,08,21,2012,03,454.62
08.21.2012-06:00:00,08,21,2012,06,426.18
08.21.2012-09:00:00,08,21,2012,09,418.83
08.21.2012-12:00:00,08,21,2012,12,416.04
08.21.2012-15:00:00,08,21,2012,15,420.75
08.21.2012-18:00:00,08,21,2012,18,424.02
08.21.2012-21:00:00,08,21,2012,21,420.44
08.22.2012-00:00:00,08,22,2012,00,421.51
08.22.2012-03:00:00,08,22,2012,03,408.03
08.22.2012-06:00:00,08,22,2012,06,386.43
08.22.2012-09:00:00,08,22,2012,09,371.84
08.22.2012-12:00:00,08,22,2012,12,372.76
08.22.2012-15:00:00,08,22,2012,15,378.36
08.22.2012-18:00:00,08,22,2012,18,389.97
08.22.2012-21:00:00,08,22,2012,21,389.76
08.23.2012-00:00:00,08,23,2012,00,392.52
08.23.2012-03:00:00,08,23,2012,03,384.36
08.23.2012-06:00:00,08,23,2012,06,380.83
08.23.2012-09:00:00,08,23,2012,09,370.7
08.23.2012-12:00:00,08,23,2012,12,366.92
08.23.2012-15:00:00,08,23,2012,15,371.78
08.23.2012-18:00:00,08,23,2012,18,374.58
08.23.2012-21:00:00,08,23,2012,21,382.88
08.24.2012-00:00:00,08,24,2012,00,378.84
08.24.2012-03:00:00,08,24,2012,03,373.03
08.24.2012-06:00:00,08,24,2012,06,362.26
08.24.2012-09:00:00,08,24,2012,09,350.15
08.24.2012-12:00:00,08,24,2012,12,355.37
08.24.2012-15:00:00,08,24,2012,15,358.17
08.24.2012-18:00:00,08,24,2012,18,360.52
08.24.2012-21:00:00,08,24,2012,21,359.75
08.25.2012-00:00:00,08,25,2012,00,349.46
08.25.2012-03:00:00,08,25,2012,03,341.76
08.25.2012-06:00:00,08,25,2012,06,335.03
08.25.2012-09:00:00,08,25,2012,09,321.5
08.25.2012-12:00:00,08,25,2012,12,320.23
08.25.2012-15:00:00,08,25,2012,15,326.84
08.25.2012-18:00:00,08,25,2012,18,329.47
08.25.2012-21:00:00,08,25,2012,21,330.32
08.26.2012-00:00:00,08,26,2012,00,328.93
08.26.2012-03:00:00,08,26,2012,03,322.24
08.26.2012-06:00:00,08,26,2012,06,310.51
08.26.2012-09:00:00,08,26,2012,09,296.02
08.26.2012-12:00:00,08,26,2012,12,294.99
08.26.2012-15:00:00,08,26,2012,15,303.37
08.26.2012-18:00:00,08,26,2012,18,308.04
08.26.2012-21:00:00,08,26,2012,21,307.22
08.27.2012-00:00:00,08,27,2012,00,304.05
08.27.2012-03:00:00,08,27,2012,03,296.33
08.27.2012-06:00:00,08,27,2012,06,278.65
08.27.2012-09:00:00,08,27,2012,09,266.5
08.27.2012-12:00:00,08,27,2012,12,266.4
08.27.2012-15:00:00,08,27,2012,15,273.75
08.27.2012-18:00:00,08,27,2012,18,285.39
08.27.2012-21:00:00,08,27,2012,21,287.64
08.28.2012-00:00:00,08,28,2012,00,284.98
08.28.2012-03:00:00,08,28,2012,03,278.03
08.28.2012-06:00:00,08,28,2012,06,261.83
08.28.2012-09:00:00,08,28,2012,09,250.73
08.28.2012-12:00:00,08,28,2012,12,251.28
08.28.2012-15:00:00,08,28,2012,15,259.67
08.28.2012-18:00:00,08,28,2012,18,269.23
08.28.2012-21:00:00,08,28,2012,21,269.39
08.29.2012-00:00:00,08,29,2012,00,267.72
08.29.2012-03:00:00,08,29,2012,03,262.73
08.29.2012-06:00:00,08,29,2012,06,250.99
08.29.2012-09:00:00,08,29,2012,09,240.36
08.29.2012-12:00:00,08,29,2012,12,245.36
08.29.2012-15:00:00,08,29,2012,15,252.42
08.29.2012-18:00:00,08,29,2012,18,256.27
08.29.2012-21:00:00,08,29,2012,21,257.47
08.30.2012-00:00:00,08,30,2012,00,256.12
08.30.2012-03:00:00,08,30,2012,03,252.38
08.30.2012-06:00:00,08,30,2012,06,248.08
08.30.2012-09:00:00,08,30,2012,09,239.71
08.30.2012-12:00:00,08,30,2012,12,239.13
08.30.2012-15:00:00,08,30,2012,15,244.03
08.30.2012-18:00:00,08,30,2012,18,247.91
08.30.2012-21:00:00,08,30,2012,21,249.36
08.31.2012-00:00:00,08,31,2012,00,248.21
08.31.2012-03:00:00,08,31,2012,03,245.14
08.31.2012-06:00:00,08,31,2012,06,233.51
08.31.2012-09:00:00,08,31,2012,09,224.41
08.31.2012-12:00:00,08,31,2012,12,224.42
08.31.2012-15:00:00,08,31,2012,15,231.83
08.31.2012-18:00:00,08,31,2012,18,236
08.31.2012-21:00:00,08,31,2012,21,236.93
09.01.2012-00:00:00,09,01,2012,00,237.44
09.01.2012-03:00:00,09,01,2012,03,237.67
09.01.2012-06:00:00,09,01,2012,06,230.09
09.01.2012-09:00:00,09,01,2012,09,219.19
09.01.2012-12:00:00,09,01,2012,12,219.24
09.01.2012-15:00:00,09,01,2012,15,225.99
09.01.2012-18:00:00,09,01,2012,18,228.34
09.01.2012-21:00:00,09,01,2012,21,228.64
09.02.2012-00:00:00,09,02,2012,00,227.43
09.02.2012-03:00:00,09,02,2012,03,225.41
09.02.2012-06:00:00,09,02,2012,06,219.73
09.02.2012-09:00:00,09,02,2012,09,211.48
09.02.2012-12:00:00,09,02,2012,12,210.65
09.02.2012-15:00:00,09,02,2012,15,214.49
09.02.2012-18:00:00,09,02,2012,18,216.55
09.02.2012-21:00:00,09,02,2012,21,217.15
09.03.2012-00:00:00,09,03,2012,00,216.04
09.03.2012-03:00:00,09,03,2012,03,214.24
09.03.2012-06:00:00,09,03,2012,06,207.95
09.03.2012-09:00:00,09,03,2012,09,197.71
09.03.2012-12:00:00,09,03,2012,12,197.17
09.03.2012-15:00:00,09,03,2012,15,202.94
09.03.2012-18:00:00,09,03,2012,18,205.01
09.03.2012-21:00:00,09,03,2012,21,204.68
09.04.2012-00:00:00,09,04,2012,00,203.28
09.04.2012-03:00:00,09,04,2012,03,201.5
09.04.2012-06:00:00,09,04,2012,06,194.95
09.04.2012-09:00:00,09,04,2012,09,183.86
09.04.2012-12:00:00,09,04,2012,12,183.13
09.04.2012-15:00:00,09,04,2012,15,189.1
09.04.2012-18:00:00,09,04,2012,18,190.92
09.04.2012-21:00:00,09,04,2012,21,190.53
09.05.2012-00:00:00,09,05,2012,00,189.39
09.05.2012-03:00:00,09,05,2012,03,187.88
09.05.2012-06:00:00,09,05,2012,06,181.11
09.05.2012-09:00:00,09,05,2012,09,169.19
09.05.2012-12:00:00,09,05,2012,12,169.09
09.05.2012-15:00:00,09,05,2012,15,175.93
09.05.2012-18:00:00,09,05,2012,18,178.1
09.05.2012-21:00:00,09,05,2012,21,177.76
09.06.2012-00:00:00,09,06,2012,00,176.61
09.06.2012-03:00:00,09,06,2012,03,174.78
09.06.2012-06:00:00,09,06,2012,06,167.7
09.06.2012-09:00:00,09,06,2012,09,156.28
09.06.2012-12:00:00,09,06,2012,12,156.18
09.06.2012-15:00:00,09,06,2012,15,163.01
09.06.2012-18:00:00,09,06,2012,18,165.29
09.06.2012-21:00:00,09,06,2012,21,165.07
09.07.2012-00:00:00,09,07,2012,00,163.89
09.07.2012-03:00:00,09,07,2012,03,162.22
09.07.2012-06:00:00,09,07,2012,06,155.5
09.07.2012-09:00:00,09,07,2012,09,144.64
09.07.2012-12:00:00,09,07,2012,12,144.49
09.07.2012-15:00:00,09,07,2012,15,150.91
09.07.2012-18:00:00,09,07,2012,18,153.31
09.07.2012-21:00:00,09,07,2012,21,153.36
09.08.2012-00:00:00,09,08,2012,00,152.36
09.08.2012-03:00:00,09,08,2012,03,150.92
09.08.2012-06:00:00,09,08,2012,06,143.87
09.08.2012-09:00:00,09,08,2012,09,132.14
09.08.2012-12:00:00,09,08,2012,12,132.89
09.08.2012-15:00:00,09,08,2012,15,140.16
09.08.2012-18:00:00,09,08,2012,18,142.69
09.08.2012-21:00:00,09,08,2012,21,142.68
09.09.2012-00:00:00,09,09,2012,00,141.78
09.09.2012-03:00:00,09,09,2012,03,140.52
09.09.2012-06:00:00,09,09,2012,06,133.65
09.09.2012-09:00:00,09,09,2012,09,122.23
09.09.2012-12:00:00,09,09,2012,12,122.91
09.09.2012-15:00:00,09,09,2012,15,130.14
09.09.2012-18:00:00,09,09,2012,18,132.79
09.09.2012-21:00:00,09,09,2012,21,132.81
09.10.2012-00:00:00,09,10,2012,00,131.84
09.10.2012-03:00:00,09,10,2012,03,130.47
09.10.2012-06:00:00,09,10,2012,06,124.25
09.10.2012-09:00:00,09,10,2012,09,115.25
09.10.2012-12:00:00,09,10,2012,12,114.87
09.10.2012-15:00:00,09,10,2012,15,120.5
09.10.2012-18:00:00,09,10,2012,18,123.28
09.10.2012-21:00:00,09,10,2012,21,123.79
09.11.2012-00:00:00,09,11,2012,00,126.19
09.11.2012-03:00:00,09,11,2012,03,125.28
09.11.2012-06:00:00,09,11,2012,06,122.22
09.11.2012-09:00:00,09,11,2012,09,117.93
09.11.2012-12:00:00,09,11,2012,12,116.86
09.11.2012-15:00:00,09,11,2012,15,118.1
09.11.2012-18:00:00,09,11,2012,18,119.41
09.11.2012-21:00:00,09,11,2012,21,119.15
09.12.2012-00:00:00,09,12,2012,00,115.31
09.12.2012-03:00:00,09,12,2012,03,114.29
09.12.2012-06:00:00,09,12,2012,06,110.5
09.12.2012-09:00:00,09,12,2012,09,99.808
09.12.2012-12:00:00,09,12,2012,12,99.241
09.12.2012-15:00:00,09,12,2012,15,105.65
09.12.2012-18:00:00,09,12,2012,18,107.72
09.12.2012-21:00:00,09,12,2012,21,107.4
09.13.2012-00:00:00,09,13,2012,00,106.57
09.13.2012-03:00:00,09,13,2012,03,105.62
09.13.2012-06:00:00,09,13,2012,06,101.5
09.13.2012-09:00:00,09,13,2012,09,90.644
09.13.2012-12:00:00,09,13,2012,12,90.205
09.13.2012-15:00:00,09,13,2012,15,96.662
09.13.2012-18:00:00,09,13,2012,18,98.638
09.13.2012-21:00:00,09,13,2012,21,98.166
09.14.2012-00:00:00,09,14,2012,00,97.141
09.14.2012-03:00:00,09,14,2012,03,96.083
09.14.2012-06:00:00,09,14,2012,06,90.794
09.14.2012-09:00:00,09,14,2012,09,80.446
09.14.2012-12:00:00,09,14,2012,12,79.72
09.14.2012-15:00:00,09,14,2012,15,85.904
09.14.2012-18:00:00,09,14,2012,18,89.011
09.14.2012-21:00:00,09,14,2012,21,88.828
09.15.2012-00:00:00,09,15,2012,00,87.956
09.15.2012-03:00:00,09,15,2012,03,87.102
09.15.2012-06:00:00,09,15,2012,06,80.938
09.15.2012-09:00:00,09,15,2012,09,75.441
09.15.2012-12:00:00,09,15,2012,12,74.671
09.15.2012-15:00:00,09,15,2012,15,74.427
09.15.2012-18:00:00,09,15,2012,18,74.529
09.15.2012-21:00:00,09,15,2012,21,79.211
09.16.2012-00:00:00,09,16,2012,00,80.02
09.16.2012-03:00:00,09,16,2012,03,79.508
09.16.2012-06:00:00,09,16,2012,06,74.037
09.16.2012-09:00:00,09,16,2012,09,72.63
09.16.2012-12:00:00,09,16,2012,12,72.105
09.16.2012-15:00:00,09,16,2012,15,71.918
09.16.2012-18:00:00,09,16,2012,18,71.864
09.16.2012-21:00:00,09,16,2012,21,71.82
09.17.2012-00:00:00,09,17,2012,00,71.749
09.17.2012-03:00:00,09,17,2012,03,71.653
09.17.2012-06:00:00,09,17,2012,06,71.312
09.17.2012-09:00:00,09,17,2012,09,70.578
09.17.2012-12:00:00,09,17,2012,12,69.936
09.17.2012-15:00:00,09,17,2012,15,69.621
09.17.2012-18:00:00,09,17,2012,18,69.435
09.17.2012-21:00:00,09,17,2012,21,69.247
09.18.2012-00:00:00,09,18,2012,00,69.043
09.18.2012-03:00:00,09,18,2012,03,68.809
09.18.2012-06:00:00,09,18,2012,06,68.386
09.18.2012-09:00:00,09,18,2012,09,67.627
09.18.2012-12:00:00,09,18,2012,12,66.942
09.18.2012-15:00:00,09,18,2012,15,66.555
09.18.2012-18:00:00,09,18,2012,18,66.289
09.18.2012-21:00:00,09,18,2012,21,66.045
09.19.2012-00:00:00,09,19,2012,00,65.805
09.19.2012-03:00:00,09,19,2012,03,65.569
09.19.2012-06:00:00,09,19,2012,06,65.145
09.19.2012-09:00:00,09,19,2012,09,64.364
09.19.2012-12:00:00,09,19,2012,12,63.685
09.19.2012-15:00:00,09,19,2012,15,63.311
09.19.2012-18:00:00,09,19,2012,18,63.068
09.19.2012-21:00:00,09,19,2012,21,62.843
09.20.2012-00:00:00,09,20,2012,00,62.614
09.20.2012-03:00:00,09,20,2012,03,62.378
09.20.2012-06:00:00,09,20,2012,06,61.982
09.20.2012-09:00:00,09,20,2012,09,61.336
09.20.2012-12:00:00,09,20,2012,12,60.787
09.20.2012-15:00:00,09,20,2012,15,60.464
09.20.2012-18:00:00,09,20,2012,18,60.247
09.20.2012-21:00:00,09,20,2012,21,60.032
09.21.2012-00:00:00,09,21,2012,00,59.802
09.21.2012-03:00:00,09,21,2012,03,59.566
09.21.2012-06:00:00,09,21,2012,06,59.216
09.21.2012-09:00:00,09,21,2012,09,58.642
09.21.2012-12:00:00,09,21,2012,12,58.125
09.21.2012-15:00:00,09,21,2012,15,57.804
09.21.2012-18:00:00,09,21,2012,18,57.579
09.21.2012-21:00:00,09,21,2012,21,57.366
09.22.2012-00:00:00,09,22,2012,00,57.14
09.22.2012-03:00:00,09,22,2012,03,56.908
09.22.2012-06:00:00,09,22,2012,06,56.575
09.22.2012-09:00:00,09,22,2012,09,56.041
09.22.2012-12:00:00,09,22,2012,12,55.571
09.22.2012-15:00:00,09,22,2012,15,55.291
09.22.2012-18:00:00,09,22,2012,18,55.089
09.22.2012-21:00:00,09,22,2012,21,54.881
09.23.2012-00:00:00,09,23,2012,00,54.652
09.23.2012-03:00:00,09,23,2012,03,54.417
09.23.2012-06:00:00,09,23,2012,06,54.107
09.23.2012-09:00:00,09,23,2012,09,53.667
09.23.2012-12:00:00,09,23,2012,12,53.266
09.23.2012-15:00:00,09,23,2012,15,52.99
09.23.2012-18:00:00,09,23,2012,18,52.79
09.23.2012-21:00:00,09,23,2012,21,52.587
09.24.2012-00:00:00,09,24,2012,00,52.363
09.24.2012-03:00:00,09,24,2012,03,52.137
09.24.2012-06:00:00,09,24,2012,06,51.838
09.24.2012-09:00:00,09,24,2012,09,51.353
09.24.2012-12:00:00,09,24,2012,12,50.891
09.24.2012-15:00:00,09,24,2012,15,50.584
09.24.2012-18:00:00,09,24,2012,18,50.361
09.24.2012-21:00:00,09,24,2012,21,50.144
09.25.2012-00:00:00,09,25,2012,00,49.925
09.25.2012-03:00:00,09,25,2012,03,49.695
09.25.2012-06:00:00,09,25,2012,06,49.366
09.25.2012-09:00:00,09,25,2012,09,48.859
09.25.2012-12:00:00,09,25,2012,12,48.462
09.25.2012-15:00:00,09,25,2012,15,48.198
09.25.2012-18:00:00,09,25,2012,18,47.971
09.25.2012-21:00:00,09,25,2012,21,47.74
09.26.2012-00:00:00,09,26,2012,00,47.502
09.26.2012-03:00:00,09,26,2012,03,47.265
09.26.2012-06:00:00,09,26,2012,06,46.991
09.26.2012-09:00:00,09,26,2012,09,46.683
09.26.2012-12:00:00,09,26,2012,12,46.395
09.26.2012-15:00:00,09,26,2012,15,46.178
09.26.2012-18:00:00,09,26,2012,18,45.992
09.26.2012-21:00:00,09,26,2012,21,45.798
09.27.2012-00:00:00,09,27,2012,00,45.591
09.27.2012-03:00:00,09,27,2012,03,45.38
09.27.2012-06:00:00,09,27,2012,06,45.146
09.27.2012-09:00:00,09,27,2012,09,44.831
09.27.2012-12:00:00,09,27,2012,12,44.534
09.27.2012-15:00:00,09,27,2012,15,44.317
09.27.2012-18:00:00,09,27,2012,18,44.131
09.27.2012-21:00:00,09,27,2012,21,43.942
09.28.2012-00:00:00,09,28,2012,00,43.741
09.28.2012-03:00:00,09,28,2012,03,43.53
09.28.2012-06:00:00,09,28,2012,06,43.281
09.28.2012-09:00:00,09,28,2012,09,42.963
09.28.2012-12:00:00,09,28,2012,12,42.649
09.28.2012-15:00:00,09,28,2012,15,42.404
09.28.2012-18:00:00,09,28,2012,18,42.182
09.28.2012-21:00:00,09,28,2012,21,41.955
09.29.2012-00:00:00,09,29,2012,00,41.697
09.29.2012-03:00:00,09,29,2012,03,41.46
09.29.2012-06:00:00,09,29,2012,06,41.2
09.29.2012-09:00:00,09,29,2012,09,40.916
09.29.2012-12:00:00,09,29,2012,12,40.647
09.29.2012-15:00:00,09,29,2012,15,40.444
09.29.2012-18:00:00,09,29,2012,18,40.269
09.29.2012-21:00:00,09,29,2012,21,40.091
09.30.2012-00:00:00,09,30,2012,00,39.899
09.30.2012-03:00:00,09,30,2012,03,39.709
09.30.2012-06:00:00,09,30,2012,06,39.498
09.30.2012-09:00:00,09,30,2012,09,39.229
09.30.2012-12:00:00,09,30,2012,12,38.991
09.30.2012-15:00:00,09,30,2012,15,38.805
09.30.2012-18:00:00,09,30,2012,18,38.646
09.30.2012-21:00:00,09,30,2012,21,38.474
