TIMESTAMP,MONTH,DAY,YEAR,HOUR,C
10.01.2001-00:00:00,10,01,2001,00,585.33
10.01.2001-03:00:00,10,01,2001,03,602.84
10.01.2001-06:00:00,10,01,2001,06,563.15
10.01.2001-09:00:00,10,01,2001,09,438.04
10.01.2001-12:00:00,10,01,2001,12,420.5
10.01.2001-15:00:00,10,01,2001,15,490.98
10.01.2001-18:00:00,10,01,2001,18,532.03
10.01.2001-21:00:00,10,01,2001,21,569.82
10.02.2001-00:00:00,10,02,2001,00,590.68
10.02.2001-03:00:00,10,02,2001,03,598
10.02.2001-06:00:00,10,02,2001,06,560.51
10.02.2001-09:00:00,10,02,2001,09,437.75
10.02.2001-12:00:00,10,02,2001,12,422.73
10.02.2001-15:00:00,10,02,2001,15,488.42
10.02.2001-18:00:00,10,02,2001,18,528.38
10.02.2001-21:00:00,10,02,2001,21,566.22
10.03.2001-00:00:00,10,03,2001,00,585.69
10.03.2001-03:00:00,10,03,2001,03,593.3
10.03.2001-06:00:00,10,03,2001,06,570.97
10.03.2001-09:00:00,10,03,2001,09,444.81
10.03.2001-12:00:00,10,03,2001,12,420.48
10.03.2001-15:00:00,10,03,2001,15,493.17
10.03.2001-18:00:00,10,03,2001,18,529.44
10.03.2001-21:00:00,10,03,2001,21,565.01
10.04.2001-00:00:00,10,04,2001,00,583.65
10.04.2001-03:00:00,10,04,2001,03,590.58
10.04.2001-06:00:00,10,04,2001,06,582.77
10.04.2001-09:00:00,10,04,2001,09,442.56
10.04.2001-12:00:00,10,04,2001,12,430.39
10.04.2001-15:00:00,10,04,2001,15,495.13
10.04.2001-18:00:00,10,04,2001,18,535.79
10.04.2001-21:00:00,10,04,2001,21,569.13
10.05.2001-00:00:00,10,05,2001,00,584.26
10.05.2001-03:00:00,10,05,2001,03,593.39
10.05.2001-06:00:00,10,05,2001,06,585.55
10.05.2001-09:00:00,10,05,2001,09,453.09
10.05.2001-12:00:00,10,05,2001,12,432.87
10.05.2001-15:00:00,10,05,2001,15,502.55
10.05.2001-18:00:00,10,05,2001,18,538.15
10.05.2001-21:00:00,10,05,2001,21,577.01
10.06.2001-00:00:00,10,06,2001,00,579.8
10.06.2001-03:00:00,10,06,2001,03,596.61
10.06.2001-06:00:00,10,06,2001,06,586.64
10.06.2001-09:00:00,10,06,2001,09,465.35
10.06.2001-12:00:00,10,06,2001,12,435.74
10.06.2001-15:00:00,10,06,2001,15,514.23
10.06.2001-18:00:00,10,06,2001,18,550.65
10.06.2001-21:00:00,10,06,2001,21,573.71
10.07.2001-00:00:00,10,07,2001,00,586.21
10.07.2001-03:00:00,10,07,2001,03,590.14
10.07.2001-06:00:00,10,07,2001,06,582.86
10.07.2001-09:00:00,10,07,2001,09,470.33
10.07.2001-12:00:00,10,07,2001,12,455.93
10.07.2001-15:00:00,10,07,2001,15,524.67
10.07.2001-18:00:00,10,07,2001,18,552.01
10.07.2001-21:00:00,10,07,2001,21,580.75
10.08.2001-00:00:00,10,08,2001,00,582.13
10.08.2001-03:00:00,10,08,2001,03,592.85
10.08.2001-06:00:00,10,08,2001,06,585.61
10.08.2001-09:00:00,10,08,2001,09,643.58
10.08.2001-12:00:00,10,08,2001,12,507.19
10.08.2001-15:00:00,10,08,2001,15,571.25
10.08.2001-18:00:00,10,08,2001,18,574.1
10.08.2001-21:00:00,10,08,2001,21,593.73
10.09.2001-00:00:00,10,09,2001,00,589.66
10.09.2001-03:00:00,10,09,2001,03,599.54
10.09.2001-06:00:00,10,09,2001,06,587.78
10.09.2001-09:00:00,10,09,2001,09,574.86
10.09.2001-12:00:00,10,09,2001,12,473
10.09.2001-15:00:00,10,09,2001,15,542.15
10.09.2001-18:00:00,10,09,2001,18,557.69
10.09.2001-21:00:00,10,09,2001,21,581.26
10.10.2001-00:00:00,10,10,2001,00,582.24
10.10.2001-03:00:00,10,10,2001,03,589.62
10.10.2001-06:00:00,10,10,2001,06,582.46
10.10.2001-09:00:00,10,10,2001,09,904.86
10.10.2001-12:00:00,10,10,2001,12,904.75
10.10.2001-15:00:00,10,10,2001,15,654.58
10.10.2001-18:00:00,10,10,2001,18,607.18
10.10.2001-21:00:00,10,10,2001,21,604.54
10.11.2001-00:00:00,10,11,2001,00,590.59
10.11.2001-03:00:00,10,11,2001,03,595.34
10.11.2001-06:00:00,10,11,2001,06,586.68
10.11.2001-09:00:00,10,11,2001,09,662.97
10.11.2001-12:00:00,10,11,2001,12,874.9
10.11.2001-15:00:00,10,11,2001,15,676.46
10.11.2001-18:00:00,10,11,2001,18,600.72
10.11.2001-21:00:00,10,11,2001,21,602.5
10.12.2001-00:00:00,10,12,2001,00,589.37
10.12.2001-03:00:00,10,12,2001,03,599.47
10.12.2001-06:00:00,10,12,2001,06,586.69
10.12.2001-09:00:00,10,12,2001,09,642.63
10.12.2001-12:00:00,10,12,2001,12,1039.1
10.12.2001-15:00:00,10,12,2001,15,813.74
10.12.2001-18:00:00,10,12,2001,18,682.71
10.12.2001-21:00:00,10,12,2001,21,658.56
10.13.2001-00:00:00,10,13,2001,00,641.89
10.13.2001-03:00:00,10,13,2001,03,636.35
10.13.2001-06:00:00,10,13,2001,06,667.98
10.13.2001-09:00:00,10,13,2001,09,1344.5
10.13.2001-12:00:00,10,13,2001,12,1527.9
10.13.2001-15:00:00,10,13,2001,15,1100.1
10.13.2001-18:00:00,10,13,2001,18,846.77
10.13.2001-21:00:00,10,13,2001,21,747.85
10.14.2001-00:00:00,10,14,2001,00,682.19
10.14.2001-03:00:00,10,14,2001,03,662.59
10.14.2001-06:00:00,10,14,2001,06,629.43
10.14.2001-09:00:00,10,14,2001,09,770.22
10.14.2001-12:00:00,10,14,2001,12,684.57
10.14.2001-15:00:00,10,14,2001,15,616.32
10.14.2001-18:00:00,10,14,2001,18,619.11
10.14.2001-21:00:00,10,14,2001,21,617.52
10.15.2001-00:00:00,10,15,2001,00,617.34
10.15.2001-03:00:00,10,15,2001,03,617.6
10.15.2001-06:00:00,10,15,2001,06,611.09
10.15.2001-09:00:00,10,15,2001,09,616.27
10.15.2001-12:00:00,10,15,2001,12,528.29
10.15.2001-15:00:00,10,15,2001,15,591.78
10.15.2001-18:00:00,10,15,2001,18,590.43
10.15.2001-21:00:00,10,15,2001,21,607.9
10.16.2001-00:00:00,10,16,2001,00,601.09
10.16.2001-03:00:00,10,16,2001,03,609.3
10.16.2001-06:00:00,10,16,2001,06,595.9
10.16.2001-09:00:00,10,16,2001,09,501.01
10.16.2001-12:00:00,10,16,2001,12,490.53
10.16.2001-15:00:00,10,16,2001,15,558.97
10.16.2001-18:00:00,10,16,2001,18,577.41
10.16.2001-21:00:00,10,16,2001,21,594.65
10.17.2001-00:00:00,10,17,2001,00,592.94
10.17.2001-03:00:00,10,17,2001,03,602.38
10.17.2001-06:00:00,10,17,2001,06,592.89
10.17.2001-09:00:00,10,17,2001,09,548.17
10.17.2001-12:00:00,10,17,2001,12,558.1
10.17.2001-15:00:00,10,17,2001,15,580.55
10.17.2001-18:00:00,10,17,2001,18,593.87
10.17.2001-21:00:00,10,17,2001,21,602.76
10.18.2001-00:00:00,10,18,2001,00,597.12
10.18.2001-03:00:00,10,18,2001,03,601.32
10.18.2001-06:00:00,10,18,2001,06,587.98
10.18.2001-09:00:00,10,18,2001,09,519.21
10.18.2001-12:00:00,10,18,2001,12,505.45
10.18.2001-15:00:00,10,18,2001,15,555.04
10.18.2001-18:00:00,10,18,2001,18,576.5
10.18.2001-21:00:00,10,18,2001,21,588
10.19.2001-00:00:00,10,19,2001,00,582.69
10.19.2001-03:00:00,10,19,2001,03,593.9
10.19.2001-06:00:00,10,19,2001,06,584.74
10.19.2001-09:00:00,10,19,2001,09,591.19
10.19.2001-12:00:00,10,19,2001,12,508.42
10.19.2001-15:00:00,10,19,2001,15,556.7
10.19.2001-18:00:00,10,19,2001,18,567.04
10.19.2001-21:00:00,10,19,2001,21,580.81
10.20.2001-00:00:00,10,20,2001,00,579.82
10.20.2001-03:00:00,10,20,2001,03,589.72
10.20.2001-06:00:00,10,20,2001,06,581.73
10.20.2001-09:00:00,10,20,2001,09,559.15
10.20.2001-12:00:00,10,20,2001,12,496.52
10.20.2001-15:00:00,10,20,2001,15,558.83
10.20.2001-18:00:00,10,20,2001,18,560.99
10.20.2001-21:00:00,10,20,2001,21,578.55
10.21.2001-00:00:00,10,21,2001,00,575.12
10.21.2001-03:00:00,10,21,2001,03,580.83
10.21.2001-06:00:00,10,21,2001,06,576.46
10.21.2001-09:00:00,10,21,2001,09,832.13
10.21.2001-12:00:00,10,21,2001,12,600.5
10.21.2001-15:00:00,10,21,2001,15,596.62
10.21.2001-18:00:00,10,21,2001,18,577.62
10.21.2001-21:00:00,10,21,2001,21,585.98
10.22.2001-00:00:00,10,22,2001,00,585.95
10.22.2001-03:00:00,10,22,2001,03,585.69
10.22.2001-06:00:00,10,22,2001,06,576.78
10.22.2001-09:00:00,10,22,2001,09,590.88
10.22.2001-12:00:00,10,22,2001,12,645.1
10.22.2001-15:00:00,10,22,2001,15,587.96
10.22.2001-18:00:00,10,22,2001,18,578.72
10.22.2001-21:00:00,10,22,2001,21,584.2
10.23.2001-00:00:00,10,23,2001,00,575.08
10.23.2001-03:00:00,10,23,2001,03,583.05
10.23.2001-06:00:00,10,23,2001,06,573.97
10.23.2001-09:00:00,10,23,2001,09,571.14
10.23.2001-12:00:00,10,23,2001,12,954.34
10.23.2001-15:00:00,10,23,2001,15,662.18
10.23.2001-18:00:00,10,23,2001,18,589.7
10.23.2001-21:00:00,10,23,2001,21,586.03
10.24.2001-00:00:00,10,24,2001,00,575.49
10.24.2001-03:00:00,10,24,2001,03,582.95
10.24.2001-06:00:00,10,24,2001,06,573.64
10.24.2001-09:00:00,10,24,2001,09,560.87
10.24.2001-12:00:00,10,24,2001,12,540.18
10.24.2001-15:00:00,10,24,2001,15,570.91
10.24.2001-18:00:00,10,24,2001,18,568.71
10.24.2001-21:00:00,10,24,2001,21,578.23
10.25.2001-00:00:00,10,25,2001,00,568.96
10.25.2001-03:00:00,10,25,2001,03,577.25
10.25.2001-06:00:00,10,25,2001,06,567.95
10.25.2001-09:00:00,10,25,2001,09,572.52
10.25.2001-12:00:00,10,25,2001,12,562.84
10.25.2001-15:00:00,10,25,2001,15,575.01
10.25.2001-18:00:00,10,25,2001,18,567.16
10.25.2001-21:00:00,10,25,2001,21,575.88
10.26.2001-00:00:00,10,26,2001,00,565.53
10.26.2001-03:00:00,10,26,2001,03,573.99
10.26.2001-06:00:00,10,26,2001,06,564.32
10.26.2001-09:00:00,10,26,2001,09,568.42
10.26.2001-12:00:00,10,26,2001,12,557.94
10.26.2001-15:00:00,10,26,2001,15,574.09
10.26.2001-18:00:00,10,26,2001,18,562.18
10.26.2001-21:00:00,10,26,2001,21,570.82
10.27.2001-00:00:00,10,27,2001,00,561.57
10.27.2001-03:00:00,10,27,2001,03,570.16
10.27.2001-06:00:00,10,27,2001,06,560.54
10.27.2001-09:00:00,10,27,2001,09,541.48
10.27.2001-12:00:00,10,27,2001,12,521.59
10.27.2001-15:00:00,10,27,2001,15,555.25
10.27.2001-18:00:00,10,27,2001,18,553.57
10.27.2001-21:00:00,10,27,2001,21,563.65
10.28.2001-00:00:00,10,28,2001,00,557.05
10.28.2001-03:00:00,10,28,2001,03,563.33
10.28.2001-06:00:00,10,28,2001,06,556.55
10.28.2001-09:00:00,10,28,2001,09,547.34
10.28.2001-12:00:00,10,28,2001,12,526.76
10.28.2001-15:00:00,10,28,2001,15,556.25
10.28.2001-18:00:00,10,28,2001,18,551.82
10.28.2001-21:00:00,10,28,2001,21,561.18
10.29.2001-00:00:00,10,29,2001,00,551.85
10.29.2001-03:00:00,10,29,2001,03,560.61
10.29.2001-06:00:00,10,29,2001,06,550.89
10.29.2001-09:00:00,10,29,2001,09,554.97
10.29.2001-12:00:00,10,29,2001,12,534.55
10.29.2001-15:00:00,10,29,2001,15,555.77
10.29.2001-18:00:00,10,29,2001,18,549.64
10.29.2001-21:00:00,10,29,2001,21,556.03
10.30.2001-00:00:00,10,30,2001,00,549.02
10.30.2001-03:00:00,10,30,2001,03,554.96
10.30.2001-06:00:00,10,30,2001,06,547.87
10.30.2001-09:00:00,10,30,2001,09,553.75
10.30.2001-12:00:00,10,30,2001,12,546.66
10.30.2001-15:00:00,10,30,2001,15,552.69
10.30.2001-18:00:00,10,30,2001,18,546.03
10.30.2001-21:00:00,10,30,2001,21,552
10.31.2001-00:00:00,10,31,2001,00,545.01
10.31.2001-03:00:00,10,31,2001,03,550.88
10.31.2001-06:00:00,10,31,2001,06,543.83
10.31.2001-09:00:00,10,31,2001,09,545.41
10.31.2001-12:00:00,10,31,2001,12,583.35
10.31.2001-15:00:00,10,31,2001,15,598.17
10.31.2001-18:00:00,10,31,2001,18,547.32
10.31.2001-21:00:00,10,31,2001,21,549.41
11.01.2001-00:00:00,11,01,2001,00,540.27
11.01.2001-03:00:00,11,01,2001,03,548.09
11.01.2001-06:00:00,11,01,2001,06,538.25
11.01.2001-09:00:00,11,01,2001,09,536.17
11.01.2001-12:00:00,11,01,2001,12,516.94
11.01.2001-15:00:00,11,01,2001,15,542.34
11.01.2001-18:00:00,11,01,2001,18,534.57
11.01.2001-21:00:00,11,01,2001,21,544.51
11.02.2001-00:00:00,11,02,2001,00,536.2
11.02.2001-03:00:00,11,02,2001,03,543.31
11.02.2001-06:00:00,11,02,2001,06,533.93
11.02.2001-09:00:00,11,02,2001,09,522.72
11.02.2001-12:00:00,11,02,2001,12,505.06
11.02.2001-15:00:00,11,02,2001,15,534.13
11.02.2001-18:00:00,11,02,2001,18,529.95
11.02.2001-21:00:00,11,02,2001,21,537.98
11.03.2001-00:00:00,11,03,2001,00,530.07
11.03.2001-03:00:00,11,03,2001,03,537.68
11.03.2001-06:00:00,11,03,2001,06,530.53
11.03.2001-09:00:00,11,03,2001,09,520.05
11.03.2001-12:00:00,11,03,2001,12,503.23
11.03.2001-15:00:00,11,03,2001,15,530.57
11.03.2001-18:00:00,11,03,2001,18,524.58
11.03.2001-21:00:00,11,03,2001,21,534.66
11.04.2001-00:00:00,11,04,2001,00,526.65
11.04.2001-03:00:00,11,04,2001,03,533.23
11.04.2001-06:00:00,11,04,2001,06,524.94
11.04.2001-09:00:00,11,04,2001,09,512.54
11.04.2001-12:00:00,11,04,2001,12,496.88
11.04.2001-15:00:00,11,04,2001,15,525.05
11.04.2001-18:00:00,11,04,2001,18,519.16
11.04.2001-21:00:00,11,04,2001,21,529.31
11.05.2001-00:00:00,11,05,2001,00,519.62
11.05.2001-03:00:00,11,05,2001,03,528.36
11.05.2001-06:00:00,11,05,2001,06,519.37
11.05.2001-09:00:00,11,05,2001,09,512.26
11.05.2001-12:00:00,11,05,2001,12,496.44
11.05.2001-15:00:00,11,05,2001,15,521.76
11.05.2001-18:00:00,11,05,2001,18,516.23
11.05.2001-21:00:00,11,05,2001,21,524.28
11.06.2001-00:00:00,11,06,2001,00,515.53
11.06.2001-03:00:00,11,06,2001,03,524.01
11.06.2001-06:00:00,11,06,2001,06,516.04
11.06.2001-09:00:00,11,06,2001,09,521.74
11.06.2001-12:00:00,11,06,2001,12,499.19
11.06.2001-15:00:00,11,06,2001,15,519.98
11.06.2001-18:00:00,11,06,2001,18,512.52
11.06.2001-21:00:00,11,06,2001,21,522.22
11.07.2001-00:00:00,11,07,2001,00,511.6
11.07.2001-03:00:00,11,07,2001,03,519.95
11.07.2001-06:00:00,11,07,2001,06,511.76
11.07.2001-09:00:00,11,07,2001,09,518.98
11.07.2001-12:00:00,11,07,2001,12,509.35
11.07.2001-15:00:00,11,07,2001,15,518.19
11.07.2001-18:00:00,11,07,2001,18,509.77
11.07.2001-21:00:00,11,07,2001,21,517.15
11.08.2001-00:00:00,11,08,2001,00,507.47
11.08.2001-03:00:00,11,08,2001,03,516.27
11.08.2001-06:00:00,11,08,2001,06,507.74
11.08.2001-09:00:00,11,08,2001,09,513.97
11.08.2001-12:00:00,11,08,2001,12,493.1
11.08.2001-15:00:00,11,08,2001,15,512.33
11.08.2001-18:00:00,11,08,2001,18,503.64
11.08.2001-21:00:00,11,08,2001,21,512.81
11.09.2001-00:00:00,11,09,2001,00,504.22
11.09.2001-03:00:00,11,09,2001,03,511.87
11.09.2001-06:00:00,11,09,2001,06,501.89
11.09.2001-09:00:00,11,09,2001,09,509.49
11.09.2001-12:00:00,11,09,2001,12,487.3
11.09.2001-15:00:00,11,09,2001,15,507.73
11.09.2001-18:00:00,11,09,2001,18,499.23
11.09.2001-21:00:00,11,09,2001,21,508.36
11.10.2001-00:00:00,11,10,2001,00,498.65
11.10.2001-03:00:00,11,10,2001,03,507.68
11.10.2001-06:00:00,11,10,2001,06,497.66
11.10.2001-09:00:00,11,10,2001,09,507.92
11.10.2001-12:00:00,11,10,2001,12,484.45
11.10.2001-15:00:00,11,10,2001,15,504.13
11.10.2001-18:00:00,11,10,2001,18,495.09
11.10.2001-21:00:00,11,10,2001,21,504.39
11.11.2001-00:00:00,11,11,2001,00,494.3
11.11.2001-03:00:00,11,11,2001,03,503.42
11.11.2001-06:00:00,11,11,2001,06,493.53
11.11.2001-09:00:00,11,11,2001,09,502.27
11.11.2001-12:00:00,11,11,2001,12,478.03
11.11.2001-15:00:00,11,11,2001,15,499.83
11.11.2001-18:00:00,11,11,2001,18,491.26
11.11.2001-21:00:00,11,11,2001,21,500.6
11.12.2001-00:00:00,11,12,2001,00,490.15
11.12.2001-03:00:00,11,12,2001,03,499.65
11.12.2001-06:00:00,11,12,2001,06,489.22
11.12.2001-09:00:00,11,12,2001,09,498.6
11.12.2001-12:00:00,11,12,2001,12,483.89
11.12.2001-15:00:00,11,12,2001,15,497.61
11.12.2001-18:00:00,11,12,2001,18,487.43
11.12.2001-21:00:00,11,12,2001,21,497.86
11.13.2001-00:00:00,11,13,2001,00,486.38
11.13.2001-03:00:00,11,13,2001,03,495.75
11.13.2001-06:00:00,11,13,2001,06,485.21
11.13.2001-09:00:00,11,13,2001,09,493.6
11.13.2001-12:00:00,11,13,2001,12,481.99
11.13.2001-15:00:00,11,13,2001,15,493.22
11.13.2001-18:00:00,11,13,2001,18,482.81
11.13.2001-21:00:00,11,13,2001,21,492.53
11.14.2001-00:00:00,11,14,2001,00,481.95
11.14.2001-03:00:00,11,14,2001,03,499.21
11.14.2001-06:00:00,11,14,2001,06,505.84
11.14.2001-09:00:00,11,14,2001,09,628.77
11.14.2001-12:00:00,11,14,2001,12,1078.4
11.14.2001-15:00:00,11,14,2001,15,1313.9
11.14.2001-18:00:00,11,14,2001,18,1253.6
11.14.2001-21:00:00,11,14,2001,21,1229.7
11.15.2001-00:00:00,11,15,2001,00,558.95
11.15.2001-03:00:00,11,15,2001,03,518.04
11.15.2001-06:00:00,11,15,2001,06,499.76
11.15.2001-09:00:00,11,15,2001,09,499.51
11.15.2001-12:00:00,11,15,2001,12,489.4
11.15.2001-15:00:00,11,15,2001,15,514.76
11.15.2001-18:00:00,11,15,2001,18,504
11.15.2001-21:00:00,11,15,2001,21,506.07
11.16.2001-00:00:00,11,16,2001,00,494.84
11.16.2001-03:00:00,11,16,2001,03,504.71
11.16.2001-06:00:00,11,16,2001,06,493.59
11.16.2001-09:00:00,11,16,2001,09,495.77
11.16.2001-12:00:00,11,16,2001,12,479.5
11.16.2001-15:00:00,11,16,2001,15,500.62
11.16.2001-18:00:00,11,16,2001,18,490.47
11.16.2001-21:00:00,11,16,2001,21,500.89
11.17.2001-00:00:00,11,17,2001,00,489.57
11.17.2001-03:00:00,11,17,2001,03,499.59
11.17.2001-06:00:00,11,17,2001,06,488.3
11.17.2001-09:00:00,11,17,2001,09,488.87
11.17.2001-12:00:00,11,17,2001,12,470.65
11.17.2001-15:00:00,11,17,2001,15,495.24
11.17.2001-18:00:00,11,17,2001,18,484.98
11.17.2001-21:00:00,11,17,2001,21,495.37
11.18.2001-00:00:00,11,18,2001,00,484.08
11.18.2001-03:00:00,11,18,2001,03,494.66
11.18.2001-06:00:00,11,18,2001,06,483.06
11.18.2001-09:00:00,11,18,2001,09,493.54
11.18.2001-12:00:00,11,18,2001,12,482.14
11.18.2001-15:00:00,11,18,2001,15,492.57
11.18.2001-18:00:00,11,18,2001,18,480.98
11.18.2001-21:00:00,11,18,2001,21,491.35
11.19.2001-00:00:00,11,19,2001,00,479.56
11.19.2001-03:00:00,11,19,2001,03,489.94
11.19.2001-06:00:00,11,19,2001,06,478.37
11.19.2001-09:00:00,11,19,2001,09,488.44
11.19.2001-12:00:00,11,19,2001,12,478.12
11.19.2001-15:00:00,11,19,2001,15,487.3
11.19.2001-18:00:00,11,19,2001,18,476.31
11.19.2001-21:00:00,11,19,2001,21,486.64
11.20.2001-00:00:00,11,20,2001,00,475.04
11.20.2001-03:00:00,11,20,2001,03,485.13
11.20.2001-06:00:00,11,20,2001,06,474.5
11.20.2001-09:00:00,11,20,2001,09,483.77
11.20.2001-12:00:00,11,20,2001,12,472.45
11.20.2001-15:00:00,11,20,2001,15,483.05
11.20.2001-18:00:00,11,20,2001,18,471.43
11.20.2001-21:00:00,11,20,2001,21,481.47
11.21.2001-00:00:00,11,21,2001,00,471.2
11.21.2001-03:00:00,11,21,2001,03,480.66
11.21.2001-06:00:00,11,21,2001,06,469.28
11.21.2001-09:00:00,11,21,2001,09,479.04
11.21.2001-12:00:00,11,21,2001,12,465.84
11.21.2001-15:00:00,11,21,2001,15,478.1
11.21.2001-18:00:00,11,21,2001,18,467.14
11.21.2001-21:00:00,11,21,2001,21,477.79
11.22.2001-00:00:00,11,22,2001,00,465.78
11.22.2001-03:00:00,11,22,2001,03,475.84
11.22.2001-06:00:00,11,22,2001,06,464.67
11.22.2001-09:00:00,11,22,2001,09,475.46
11.22.2001-12:00:00,11,22,2001,12,463.83
11.22.2001-15:00:00,11,22,2001,15,474.06
11.22.2001-18:00:00,11,22,2001,18,462.47
11.22.2001-21:00:00,11,22,2001,21,472.67
11.23.2001-00:00:00,11,23,2001,00,461.5
11.23.2001-03:00:00,11,23,2001,03,472.29
11.23.2001-06:00:00,11,23,2001,06,460.36
11.23.2001-09:00:00,11,23,2001,09,470.62
11.23.2001-12:00:00,11,23,2001,12,454.82
11.23.2001-15:00:00,11,23,2001,15,468.86
11.23.2001-18:00:00,11,23,2001,18,457.83
11.23.2001-21:00:00,11,23,2001,21,468.23
11.24.2001-00:00:00,11,24,2001,00,457.07
11.24.2001-03:00:00,11,24,2001,03,467.56
11.24.2001-06:00:00,11,24,2001,06,455.91
11.24.2001-09:00:00,11,24,2001,09,466.29
11.24.2001-12:00:00,11,24,2001,12,454.86
11.24.2001-15:00:00,11,24,2001,15,465.34
11.24.2001-18:00:00,11,24,2001,18,453.78
11.24.2001-21:00:00,11,24,2001,21,464.27
11.25.2001-00:00:00,11,25,2001,00,452.5
11.25.2001-03:00:00,11,25,2001,03,462.97
11.25.2001-06:00:00,11,25,2001,06,451.45
11.25.2001-09:00:00,11,25,2001,09,462.03
11.25.2001-12:00:00,11,25,2001,12,450.67
11.25.2001-15:00:00,11,25,2001,15,461.21
11.25.2001-18:00:00,11,25,2001,18,449.37
11.25.2001-21:00:00,11,25,2001,21,459.84
11.26.2001-00:00:00,11,26,2001,00,448.29
11.26.2001-03:00:00,11,26,2001,03,458.9
11.26.2001-06:00:00,11,26,2001,06,447.14
11.26.2001-09:00:00,11,26,2001,09,457.8
11.26.2001-12:00:00,11,26,2001,12,445.88
11.26.2001-15:00:00,11,26,2001,15,456.53
11.26.2001-18:00:00,11,26,2001,18,444.83
11.26.2001-21:00:00,11,26,2001,21,455.59
11.27.2001-00:00:00,11,27,2001,00,444.05
11.27.2001-03:00:00,11,27,2001,03,454.85
11.27.2001-06:00:00,11,27,2001,06,442.85
11.27.2001-09:00:00,11,27,2001,09,453.59
11.27.2001-12:00:00,11,27,2001,12,441.81
11.27.2001-15:00:00,11,27,2001,15,452.52
11.27.2001-18:00:00,11,27,2001,18,440.37
11.27.2001-21:00:00,11,27,2001,21,451.22
11.28.2001-00:00:00,11,28,2001,00,439.13
11.28.2001-03:00:00,11,28,2001,03,449.98
11.28.2001-06:00:00,11,28,2001,06,436.52
11.28.2001-09:00:00,11,28,2001,09,448.95
11.28.2001-12:00:00,11,28,2001,12,435.74
11.28.2001-15:00:00,11,28,2001,15,444.33
11.28.2001-18:00:00,11,28,2001,18,441.26
11.28.2001-21:00:00,11,28,2001,21,440.49
11.29.2001-00:00:00,11,29,2001,00,436.27
11.29.2001-03:00:00,11,29,2001,03,446.39
11.29.2001-06:00:00,11,29,2001,06,432.83
11.29.2001-09:00:00,11,29,2001,09,441
11.29.2001-12:00:00,11,29,2001,12,438.11
11.29.2001-15:00:00,11,29,2001,15,437.48
11.29.2001-18:00:00,11,29,2001,18,432.9
11.29.2001-21:00:00,11,29,2001,21,443.26
11.30.2001-00:00:00,11,30,2001,00,429.96
11.30.2001-03:00:00,11,30,2001,03,437.89
11.30.2001-06:00:00,11,30,2001,06,435.24
11.30.2001-09:00:00,11,30,2001,09,434.77
11.30.2001-12:00:00,11,30,2001,12,429.78
11.30.2001-15:00:00,11,30,2001,15,440.35
11.30.2001-18:00:00,11,30,2001,18,427.02
11.30.2001-21:00:00,11,30,2001,21,434.53
12.01.2001-00:00:00,12,01,2001,00,432.03
12.01.2001-03:00:00,12,01,2001,03,431.69
12.01.2001-06:00:00,12,01,2001,06,426.42
12.01.2001-09:00:00,12,01,2001,09,437.2
12.01.2001-12:00:00,12,01,2001,12,424.11
12.01.2001-15:00:00,12,01,2001,15,431.36
12.01.2001-18:00:00,12,01,2001,18,429.1
12.01.2001-21:00:00,12,01,2001,21,428.91
12.02.2001-00:00:00,12,02,2001,00,423.3
12.02.2001-03:00:00,12,02,2001,03,434.3
12.02.2001-06:00:00,12,02,2001,06,421.23
12.02.2001-09:00:00,12,02,2001,09,428.09
12.02.2001-12:00:00,12,02,2001,12,426
12.02.2001-15:00:00,12,02,2001,15,424.36
12.02.2001-18:00:00,12,02,2001,18,421.48
12.02.2001-21:00:00,12,02,2001,21,429.46
12.03.2001-00:00:00,12,03,2001,00,418.42
12.03.2001-03:00:00,12,03,2001,03,425.13
12.03.2001-06:00:00,12,03,2001,06,423.23
12.03.2001-09:00:00,12,03,2001,09,421.73
12.03.2001-12:00:00,12,03,2001,12,418.51
12.03.2001-15:00:00,12,03,2001,15,426.7
12.03.2001-18:00:00,12,03,2001,18,415.49
12.03.2001-21:00:00,12,03,2001,21,421.85
12.04.2001-00:00:00,12,04,2001,00,420.14
12.04.2001-03:00:00,12,04,2001,03,418.79
12.04.2001-06:00:00,12,04,2001,06,415.23
12.04.2001-09:00:00,12,04,2001,09,423.64
12.04.2001-12:00:00,12,04,2001,12,412.61
12.04.2001-15:00:00,12,04,2001,15,418.8
12.04.2001-18:00:00,12,04,2001,18,414.58
12.04.2001-21:00:00,12,04,2001,21,419.43
12.05.2001-00:00:00,12,05,2001,00,412.64
12.05.2001-03:00:00,12,05,2001,03,417.14
12.05.2001-06:00:00,12,05,2001,06,410.4
12.05.2001-09:00:00,12,05,2001,09,419.77
12.05.2001-12:00:00,12,05,2001,12,411.22
12.05.2001-15:00:00,12,05,2001,15,413.14
12.05.2001-18:00:00,12,05,2001,18,408.63
12.05.2001-21:00:00,12,05,2001,21,419.61
12.06.2001-00:00:00,12,06,2001,00,407.32
12.06.2001-03:00:00,12,06,2001,03,411.7
12.06.2001-06:00:00,12,06,2001,06,408.22
12.06.2001-09:00:00,12,06,2001,09,415.41
12.06.2001-12:00:00,12,06,2001,12,405.36
12.06.2001-15:00:00,12,06,2001,15,411.85
12.06.2001-18:00:00,12,06,2001,18,404
12.06.2001-21:00:00,12,06,2001,21,410.85
12.07.2001-00:00:00,12,07,2001,00,408.62
12.07.2001-03:00:00,12,07,2001,03,407.74
12.07.2001-06:00:00,12,07,2001,06,402.32
12.07.2001-09:00:00,12,07,2001,09,408.74
12.07.2001-12:00:00,12,07,2001,12,403.26
12.07.2001-15:00:00,12,07,2001,15,409.16
12.07.2001-18:00:00,12,07,2001,18,403.04
12.07.2001-21:00:00,12,07,2001,21,405.04
12.08.2001-00:00:00,12,08,2001,00,399.55
12.08.2001-03:00:00,12,08,2001,03,407.86
12.08.2001-06:00:00,12,08,2001,06,401.07
12.08.2001-09:00:00,12,08,2001,09,403.59
12.08.2001-12:00:00,12,08,2001,12,399.79
12.08.2001-15:00:00,12,08,2001,15,401.17
12.08.2001-18:00:00,12,08,2001,18,396.66
12.08.2001-21:00:00,12,08,2001,21,402.14
12.09.2001-00:00:00,12,09,2001,00,401.77
12.09.2001-03:00:00,12,09,2001,03,400.86
12.09.2001-06:00:00,12,09,2001,06,395.06
12.09.2001-09:00:00,12,09,2001,09,400.43
12.09.2001-12:00:00,12,09,2001,12,394.08
12.09.2001-15:00:00,12,09,2001,15,398.64
12.09.2001-18:00:00,12,09,2001,18,392.68
12.09.2001-21:00:00,12,09,2001,21,400.15
12.10.2001-00:00:00,12,10,2001,00,395.49
12.10.2001-03:00:00,12,10,2001,03,397.48
12.10.2001-06:00:00,12,10,2001,06,392.1
12.10.2001-09:00:00,12,10,2001,09,398.65
12.10.2001-12:00:00,12,10,2001,12,389.9
12.10.2001-15:00:00,12,10,2001,15,395.26
12.10.2001-18:00:00,12,10,2001,18,390.24
12.10.2001-21:00:00,12,10,2001,21,394.7
12.11.2001-00:00:00,12,11,2001,00,388.2
12.11.2001-03:00:00,12,11,2001,03,393.51
12.11.2001-06:00:00,12,11,2001,06,386.71
12.11.2001-09:00:00,12,11,2001,09,394.62
12.11.2001-12:00:00,12,11,2001,12,386.65
12.11.2001-15:00:00,12,11,2001,15,393.46
12.11.2001-18:00:00,12,11,2001,18,385.85
12.11.2001-21:00:00,12,11,2001,21,390.98
12.12.2001-00:00:00,12,12,2001,00,384.44
12.12.2001-03:00:00,12,12,2001,03,389.94
12.12.2001-06:00:00,12,12,2001,06,383.25
12.12.2001-09:00:00,12,12,2001,09,391.34
12.12.2001-12:00:00,12,12,2001,12,383.41
12.12.2001-15:00:00,12,12,2001,15,387.43
12.12.2001-18:00:00,12,12,2001,18,382.3
12.12.2001-21:00:00,12,12,2001,21,387.76
12.13.2001-00:00:00,12,13,2001,00,381.23
12.13.2001-03:00:00,12,13,2001,03,386.76
12.13.2001-06:00:00,12,13,2001,06,379.71
12.13.2001-09:00:00,12,13,2001,09,387.17
12.13.2001-12:00:00,12,13,2001,12,380.6
12.13.2001-15:00:00,12,13,2001,15,383.39
12.13.2001-18:00:00,12,13,2001,18,379.38
12.13.2001-21:00:00,12,13,2001,21,384.38
12.14.2001-00:00:00,12,14,2001,00,377.77
12.14.2001-03:00:00,12,14,2001,03,383.37
12.14.2001-06:00:00,12,14,2001,06,376.21
12.14.2001-09:00:00,12,14,2001,09,383.76
12.14.2001-12:00:00,12,14,2001,12,375.52
12.14.2001-15:00:00,12,14,2001,15,381.57
12.14.2001-18:00:00,12,14,2001,18,374.46
12.14.2001-21:00:00,12,14,2001,21,381.02
12.15.2001-00:00:00,12,15,2001,00,376.51
12.15.2001-03:00:00,12,15,2001,03,379.22
12.15.2001-06:00:00,12,15,2001,06,372.98
12.15.2001-09:00:00,12,15,2001,09,379.14
12.15.2001-12:00:00,12,15,2001,12,371.92
12.15.2001-15:00:00,12,15,2001,15,380.98
12.15.2001-18:00:00,12,15,2001,18,371.34
12.15.2001-21:00:00,12,15,2001,21,376.59
12.16.2001-00:00:00,12,16,2001,00,370.22
12.16.2001-03:00:00,12,16,2001,03,377.85
12.16.2001-06:00:00,12,16,2001,06,370.96
12.16.2001-09:00:00,12,16,2001,09,376.15
12.16.2001-12:00:00,12,16,2001,12,370.01
12.16.2001-15:00:00,12,16,2001,15,373.68
12.16.2001-18:00:00,12,16,2001,18,368.76
12.16.2001-21:00:00,12,16,2001,21,376.05
12.17.2001-00:00:00,12,17,2001,00,366.6
12.17.2001-03:00:00,12,17,2001,03,372.45
12.17.2001-06:00:00,12,17,2001,06,367.81
12.17.2001-09:00:00,12,17,2001,09,371.3
12.17.2001-12:00:00,12,17,2001,12,367.95
12.17.2001-15:00:00,12,17,2001,15,371.85
12.17.2001-18:00:00,12,17,2001,18,364.71
12.17.2001-21:00:00,12,17,2001,21,370.78
12.18.2001-00:00:00,12,18,2001,00,363.85
12.18.2001-03:00:00,12,18,2001,03,369.94
12.18.2001-06:00:00,12,18,2001,06,364.07
12.18.2001-09:00:00,12,18,2001,09,371.11
12.18.2001-12:00:00,12,18,2001,12,361.18
12.18.2001-15:00:00,12,18,2001,15,368.36
12.18.2001-18:00:00,12,18,2001,18,362.17
12.18.2001-21:00:00,12,18,2001,21,367.25
12.19.2001-00:00:00,12,19,2001,00,361.99
12.19.2001-03:00:00,12,19,2001,03,367.87
12.19.2001-06:00:00,12,19,2001,06,358.32
12.19.2001-09:00:00,12,19,2001,09,365.65
12.19.2001-12:00:00,12,19,2001,12,359.53
12.19.2001-15:00:00,12,19,2001,15,364.55
12.19.2001-18:00:00,12,19,2001,18,357.07
12.19.2001-21:00:00,12,19,2001,21,366.62
12.20.2001-00:00:00,12,20,2001,00,357.45
12.20.2001-03:00:00,12,20,2001,03,362.44
12.20.2001-06:00:00,12,20,2001,06,357.1
12.20.2001-09:00:00,12,20,2001,09,362.16
12.20.2001-12:00:00,12,20,2001,12,355.34
12.20.2001-15:00:00,12,20,2001,15,361.86
12.20.2001-18:00:00,12,20,2001,18,356.61
12.20.2001-21:00:00,12,20,2001,21,359.99
12.21.2001-00:00:00,12,21,2001,00,354.58
12.21.2001-03:00:00,12,21,2001,03,359.17
12.21.2001-06:00:00,12,21,2001,06,353.57
12.21.2001-09:00:00,12,21,2001,09,359.79
12.21.2001-12:00:00,12,21,2001,12,352.06
12.21.2001-15:00:00,12,21,2001,15,357.72
12.21.2001-18:00:00,12,21,2001,18,354.74
12.21.2001-21:00:00,12,21,2001,21,356.91
12.22.2001-00:00:00,12,22,2001,00,350.24
12.22.2001-03:00:00,12,22,2001,03,357.92
12.22.2001-06:00:00,12,22,2001,06,349.61
12.22.2001-09:00:00,12,22,2001,09,355.21
12.22.2001-12:00:00,12,22,2001,12,349.84
12.22.2001-15:00:00,12,22,2001,15,354.85
12.22.2001-18:00:00,12,22,2001,18,347.09
12.22.2001-21:00:00,12,22,2001,21,355.27
12.23.2001-00:00:00,12,23,2001,00,348.57
12.23.2001-03:00:00,12,23,2001,03,353.57
12.23.2001-06:00:00,12,23,2001,06,346.98
12.23.2001-09:00:00,12,23,2001,09,352.99
12.23.2001-12:00:00,12,23,2001,12,345.06
12.23.2001-15:00:00,12,23,2001,15,353.99
12.23.2001-18:00:00,12,23,2001,18,344.29
12.23.2001-21:00:00,12,23,2001,21,351.13
12.24.2001-00:00:00,12,24,2001,00,344.28
12.24.2001-03:00:00,12,24,2001,03,351.78
12.24.2001-06:00:00,12,24,2001,06,342.71
12.24.2001-09:00:00,12,24,2001,09,349.71
12.24.2001-12:00:00,12,24,2001,12,342.89
12.24.2001-15:00:00,12,24,2001,15,349.47
12.24.2001-18:00:00,12,24,2001,18,341.5
12.24.2001-21:00:00,12,24,2001,21,347.32
12.25.2001-00:00:00,12,25,2001,00,342.54
12.25.2001-03:00:00,12,25,2001,03,348.71
12.25.2001-06:00:00,12,25,2001,06,340.21
12.25.2001-09:00:00,12,25,2001,09,345.95
12.25.2001-12:00:00,12,25,2001,12,340.22
12.25.2001-15:00:00,12,25,2001,15,346.37
12.25.2001-18:00:00,12,25,2001,18,338.56
12.25.2001-21:00:00,12,25,2001,21,344.23
12.26.2001-00:00:00,12,26,2001,00,337.05
12.26.2001-03:00:00,12,26,2001,03,345.84
12.26.2001-06:00:00,12,26,2001,06,336.49
12.26.2001-09:00:00,12,26,2001,09,343.54
12.26.2001-12:00:00,12,26,2001,12,335.76
12.26.2001-15:00:00,12,26,2001,15,343.92
12.26.2001-18:00:00,12,26,2001,18,335.63
12.26.2001-21:00:00,12,26,2001,21,341.31
12.27.2001-00:00:00,12,27,2001,00,334.31
12.27.2001-03:00:00,12,27,2001,03,342.45
12.27.2001-06:00:00,12,27,2001,06,334.12
12.27.2001-09:00:00,12,27,2001,09,339.99
12.27.2001-12:00:00,12,27,2001,12,333.38
12.27.2001-15:00:00,12,27,2001,15,339.51
12.27.2001-18:00:00,12,27,2001,18,333.14
12.27.2001-21:00:00,12,27,2001,21,339.61
12.28.2001-00:00:00,12,28,2001,00,331.21
12.28.2001-03:00:00,12,28,2001,03,338.39
12.28.2001-06:00:00,12,28,2001,06,330.62
12.28.2001-09:00:00,12,28,2001,09,338.86
12.28.2001-12:00:00,12,28,2001,12,330.62
12.28.2001-15:00:00,12,28,2001,15,336.36
12.28.2001-18:00:00,12,28,2001,18,329.25
12.28.2001-21:00:00,12,28,2001,21,335.42
12.29.2001-00:00:00,12,29,2001,00,329.52
12.29.2001-03:00:00,12,29,2001,03,335.95
12.29.2001-06:00:00,12,29,2001,06,327.51
12.29.2001-09:00:00,12,29,2001,09,334.4
12.29.2001-12:00:00,12,29,2001,12,326.77
12.29.2001-15:00:00,12,29,2001,15,334.52
12.29.2001-18:00:00,12,29,2001,18,325.99
12.29.2001-21:00:00,12,29,2001,21,333.44
12.30.2001-00:00:00,12,30,2001,00,325.41
12.30.2001-03:00:00,12,30,2001,03,331.8
12.30.2001-06:00:00,12,30,2001,06,325.03
12.30.2001-09:00:00,12,30,2001,09,331.87
12.30.2001-12:00:00,12,30,2001,12,323.83
12.30.2001-15:00:00,12,30,2001,15,330.63
12.30.2001-18:00:00,12,30,2001,18,324.02
12.30.2001-21:00:00,12,30,2001,21,330.83
12.31.2001-00:00:00,12,31,2001,00,322.19
12.31.2001-03:00:00,12,31,2001,03,328.83
12.31.2001-06:00:00,12,31,2001,06,321.71
12.31.2001-09:00:00,12,31,2001,09,328.19
12.31.2001-12:00:00,12,31,2001,12,321.47
12.31.2001-15:00:00,12,31,2001,15,327.7
12.31.2001-18:00:00,12,31,2001,18,319.99
12.31.2001-21:00:00,12,31,2001,21,328.1
01.01.2002-00:00:00,01,01,2002,00,319.26
01.01.2002-03:00:00,01,01,2002,03,325.93
01.01.2002-06:00:00,01,01,2002,06,318.76
01.01.2002-09:00:00,01,01,2002,09,325.98
01.01.2002-12:00:00,01,01,2002,12,317.93
01.01.2002-15:00:00,01,01,2002,15,324.7
01.01.2002-18:00:00,01,01,2002,18,317.75
01.01.2002-21:00:00,01,01,2002,21,324.23
01.02.2002-00:00:00,01,02,2002,00,316.26
01.02.2002-03:00:00,01,02,2002,03,323.05
01.02.2002-06:00:00,01,02,2002,06,315.83
01.02.2002-09:00:00,01,02,2002,09,322.43
01.02.2002-12:00:00,01,02,2002,12,315.68
01.02.2002-15:00:00,01,02,2002,15,321.87
01.02.2002-18:00:00,01,02,2002,18,314.19
01.02.2002-21:00:00,01,02,2002,21,320.83
01.03.2002-00:00:00,01,03,2002,00,313.53
01.03.2002-03:00:00,01,03,2002,03,320.25
01.03.2002-06:00:00,01,03,2002,06,313.28
01.03.2002-09:00:00,01,03,2002,09,320.36
01.03.2002-12:00:00,01,03,2002,12,312.26
01.03.2002-15:00:00,01,03,2002,15,319.04
01.03.2002-18:00:00,01,03,2002,18,311.44
01.03.2002-21:00:00,01,03,2002,21,318.81
01.04.2002-00:00:00,01,04,2002,00,310.83
01.04.2002-03:00:00,01,04,2002,03,317.56
01.04.2002-06:00:00,01,04,2002,06,310.1
01.04.2002-09:00:00,01,04,2002,09,317.07
01.04.2002-12:00:00,01,04,2002,12,309.51
01.04.2002-15:00:00,01,04,2002,15,316.87
01.04.2002-18:00:00,01,04,2002,18,308.89
01.04.2002-21:00:00,01,04,2002,21,315.45
01.05.2002-00:00:00,01,05,2002,00,307.93
01.05.2002-03:00:00,01,05,2002,03,314.94
01.05.2002-06:00:00,01,05,2002,06,307.39
01.05.2002-09:00:00,01,05,2002,09,314.25
01.05.2002-12:00:00,01,05,2002,12,306.84
01.05.2002-15:00:00,01,05,2002,15,313.99
01.05.2002-18:00:00,01,05,2002,18,306.03
01.05.2002-21:00:00,01,05,2002,21,312.81
01.06.2002-00:00:00,01,06,2002,00,305.08
01.06.2002-03:00:00,01,06,2002,03,312.13
01.06.2002-06:00:00,01,06,2002,06,305.03
01.06.2002-09:00:00,01,06,2002,09,311.57
01.06.2002-12:00:00,01,06,2002,12,303.9
01.06.2002-15:00:00,01,06,2002,15,310.84
01.06.2002-18:00:00,01,06,2002,18,303.59
01.06.2002-21:00:00,01,06,2002,21,309.93
01.07.2002-00:00:00,01,07,2002,00,302.38
01.07.2002-03:00:00,01,07,2002,03,309.19
01.07.2002-06:00:00,01,07,2002,06,301.68
01.07.2002-09:00:00,01,07,2002,09,308.55
01.07.2002-12:00:00,01,07,2002,12,301.01
01.07.2002-15:00:00,01,07,2002,15,307.84
01.07.2002-18:00:00,01,07,2002,18,300.34
01.07.2002-21:00:00,01,07,2002,21,307.5
01.08.2002-00:00:00,01,08,2002,00,299.55
01.08.2002-03:00:00,01,08,2002,03,306.35
01.08.2002-06:00:00,01,08,2002,06,298.81
01.08.2002-09:00:00,01,08,2002,09,305.66
01.08.2002-12:00:00,01,08,2002,12,298.26
01.08.2002-15:00:00,01,08,2002,15,305.59
01.08.2002-18:00:00,01,08,2002,18,297.71
01.08.2002-21:00:00,01,08,2002,21,304.53
01.09.2002-00:00:00,01,09,2002,00,296.94
01.09.2002-03:00:00,01,09,2002,03,303.78
01.09.2002-06:00:00,01,09,2002,06,296.63
01.09.2002-09:00:00,01,09,2002,09,303.07
01.09.2002-12:00:00,01,09,2002,12,295.08
01.09.2002-15:00:00,01,09,2002,15,302.35
01.09.2002-18:00:00,01,09,2002,18,294.43
01.09.2002-21:00:00,01,09,2002,21,301.29
01.10.2002-00:00:00,01,10,2002,00,293.65
01.10.2002-03:00:00,01,10,2002,03,300.94
01.10.2002-06:00:00,01,10,2002,06,293.43
01.10.2002-09:00:00,01,10,2002,09,299.92
01.10.2002-12:00:00,01,10,2002,12,292.7
01.10.2002-15:00:00,01,10,2002,15,299.25
01.10.2002-18:00:00,01,10,2002,18,291.63
01.10.2002-21:00:00,01,10,2002,21,298.58
01.11.2002-00:00:00,01,11,2002,00,291.38
01.11.2002-03:00:00,01,11,2002,03,297.95
01.11.2002-06:00:00,01,11,2002,06,290.31
01.11.2002-09:00:00,01,11,2002,09,297.72
01.11.2002-12:00:00,01,11,2002,12,290.1
01.11.2002-15:00:00,01,11,2002,15,296.65
01.11.2002-18:00:00,01,11,2002,18,288.99
01.11.2002-21:00:00,01,11,2002,21,295.97
01.12.2002-00:00:00,01,12,2002,00,288.8
01.12.2002-03:00:00,01,12,2002,03,295.35
01.12.2002-06:00:00,01,12,2002,06,288.09
01.12.2002-09:00:00,01,12,2002,09,290.68
01.12.2002-12:00:00,01,12,2002,12,294.67
01.12.2002-15:00:00,01,12,2002,15,286.77
01.12.2002-18:00:00,01,12,2002,18,290.08
01.12.2002-21:00:00,01,12,2002,21,293.75
01.13.2002-00:00:00,01,13,2002,00,285.85
01.13.2002-03:00:00,01,13,2002,03,288.61
01.13.2002-06:00:00,01,13,2002,06,292.63
01.13.2002-09:00:00,01,13,2002,09,284.83
01.13.2002-12:00:00,01,13,2002,12,287.21
01.13.2002-15:00:00,01,13,2002,15,291.37
01.13.2002-18:00:00,01,13,2002,18,283.6
01.13.2002-21:00:00,01,13,2002,21,286.21
01.14.2002-00:00:00,01,14,2002,00,290.41
01.14.2002-03:00:00,01,14,2002,03,283.13
01.14.2002-06:00:00,01,14,2002,06,285.23
01.14.2002-09:00:00,01,14,2002,09,289.45
01.14.2002-12:00:00,01,14,2002,12,281.73
01.14.2002-15:00:00,01,14,2002,15,284.16
01.14.2002-18:00:00,01,14,2002,18,288.47
01.14.2002-21:00:00,01,14,2002,21,280.83
01.15.2002-00:00:00,01,15,2002,00,283.62
01.15.2002-03:00:00,01,15,2002,03,287.55
01.15.2002-06:00:00,01,15,2002,06,279.9
01.15.2002-09:00:00,01,15,2002,09,282.16
01.15.2002-12:00:00,01,15,2002,12,286.53
01.15.2002-15:00:00,01,15,2002,15,278.97
01.15.2002-18:00:00,01,15,2002,18,281.61
01.15.2002-21:00:00,01,15,2002,21,285.64
01.16.2002-00:00:00,01,16,2002,00,278.09
01.16.2002-03:00:00,01,16,2002,03,280.18
01.16.2002-06:00:00,01,16,2002,06,284.65
01.16.2002-09:00:00,01,16,2002,09,277.17
01.16.2002-12:00:00,01,16,2002,12,279.17
01.16.2002-15:00:00,01,16,2002,15,283.69
01.16.2002-18:00:00,01,16,2002,18,276.25
01.16.2002-21:00:00,01,16,2002,21,278.51
01.17.2002-00:00:00,01,17,2002,00,282.77
01.17.2002-03:00:00,01,17,2002,03,275.36
01.17.2002-06:00:00,01,17,2002,06,277.19
01.17.2002-09:00:00,01,17,2002,09,281.8
01.17.2002-12:00:00,01,17,2002,12,274.44
01.17.2002-15:00:00,01,17,2002,15,276.19
01.17.2002-18:00:00,01,17,2002,18,280.83
01.17.2002-21:00:00,01,17,2002,21,273.54
01.18.2002-00:00:00,01,18,2002,00,275.21
01.18.2002-03:00:00,01,18,2002,03,279.91
01.18.2002-06:00:00,01,18,2002,06,272.7
01.18.2002-09:00:00,01,18,2002,09,274.23
01.18.2002-12:00:00,01,18,2002,12,278.96
01.18.2002-15:00:00,01,18,2002,15,271.73
01.18.2002-18:00:00,01,18,2002,18,273.23
01.18.2002-21:00:00,01,18,2002,21,278
01.19.2002-00:00:00,01,19,2002,00,270.82
01.19.2002-03:00:00,01,19,2002,03,272.31
01.19.2002-06:00:00,01,19,2002,06,277.07
01.19.2002-09:00:00,01,19,2002,09,269.93
01.19.2002-12:00:00,01,19,2002,12,271.27
01.19.2002-15:00:00,01,19,2002,15,276.13
01.19.2002-18:00:00,01,19,2002,18,269.03
01.19.2002-21:00:00,01,19,2002,21,270.28
01.20.2002-00:00:00,01,20,2002,00,275.19
01.20.2002-03:00:00,01,20,2002,03,268.14
01.20.2002-06:00:00,01,20,2002,06,269.3
01.20.2002-09:00:00,01,20,2002,09,274.27
01.20.2002-12:00:00,01,20,2002,12,267.25
01.20.2002-15:00:00,01,20,2002,15,268.33
01.20.2002-18:00:00,01,20,2002,18,273.34
01.20.2002-21:00:00,01,20,2002,21,266.38
01.21.2002-00:00:00,01,21,2002,00,267.38
01.21.2002-03:00:00,01,21,2002,03,272.42
01.21.2002-06:00:00,01,21,2002,06,265.49
01.21.2002-09:00:00,01,21,2002,09,266.42
01.21.2002-12:00:00,01,21,2002,12,271.51
01.21.2002-15:00:00,01,21,2002,15,264.62
01.21.2002-18:00:00,01,21,2002,18,265.46
01.21.2002-21:00:00,01,21,2002,21,270.58
01.22.2002-00:00:00,01,22,2002,00,263.74
01.22.2002-03:00:00,01,22,2002,03,264.51
01.22.2002-06:00:00,01,22,2002,06,269.66
01.22.2002-09:00:00,01,22,2002,09,262.85
01.22.2002-12:00:00,01,22,2002,12,263.55
01.22.2002-15:00:00,01,22,2002,15,268.76
01.22.2002-18:00:00,01,22,2002,18,261.99
01.22.2002-21:00:00,01,22,2002,21,262.58
01.23.2002-00:00:00,01,23,2002,00,267.84
01.23.2002-03:00:00,01,23,2002,03,261.12
01.23.2002-06:00:00,01,23,2002,06,261.63
01.23.2002-09:00:00,01,23,2002,09,266.93
01.23.2002-12:00:00,01,23,2002,12,260.26
01.23.2002-15:00:00,01,23,2002,15,260.69
01.23.2002-18:00:00,01,23,2002,18,266.03
01.23.2002-21:00:00,01,23,2002,21,259.38
01.24.2002-00:00:00,01,24,2002,00,259.75
01.24.2002-03:00:00,01,24,2002,03,265.13
01.24.2002-06:00:00,01,24,2002,06,258.52
01.24.2002-09:00:00,01,24,2002,09,258.8
01.24.2002-12:00:00,01,24,2002,12,264.23
01.24.2002-15:00:00,01,24,2002,15,257.66
01.24.2002-18:00:00,01,24,2002,18,257.87
01.24.2002-21:00:00,01,24,2002,21,263.34
01.25.2002-00:00:00,01,25,2002,00,256.81
01.25.2002-03:00:00,01,25,2002,03,256.93
01.25.2002-06:00:00,01,25,2002,06,262.44
01.25.2002-09:00:00,01,25,2002,09,255.95
01.25.2002-12:00:00,01,25,2002,12,255.98
01.25.2002-15:00:00,01,25,2002,15,261.54
01.25.2002-18:00:00,01,25,2002,18,255.1
01.25.2002-21:00:00,01,25,2002,21,255.06
01.26.2002-00:00:00,01,26,2002,00,260.65
01.26.2002-03:00:00,01,26,2002,03,254.25
01.26.2002-06:00:00,01,26,2002,06,254.13
01.26.2002-09:00:00,01,26,2002,09,259.75
01.26.2002-12:00:00,01,26,2002,12,253.41
01.26.2002-15:00:00,01,26,2002,15,253.2
01.26.2002-18:00:00,01,26,2002,18,258.87
01.26.2002-21:00:00,01,26,2002,21,252.55
01.27.2002-00:00:00,01,27,2002,00,252.26
01.27.2002-03:00:00,01,27,2002,03,258
01.27.2002-06:00:00,01,27,2002,06,251.72
01.27.2002-09:00:00,01,27,2002,09,251.34
01.27.2002-12:00:00,01,27,2002,12,257.12
01.27.2002-15:00:00,01,27,2002,15,250.87
01.27.2002-18:00:00,01,27,2002,18,250.43
01.27.2002-21:00:00,01,27,2002,21,256.24
01.28.2002-00:00:00,01,28,2002,00,250.04
01.28.2002-03:00:00,01,28,2002,03,249.51
01.28.2002-06:00:00,01,28,2002,06,255.35
01.28.2002-09:00:00,01,28,2002,09,249.21
01.28.2002-12:00:00,01,28,2002,12,248.59
01.28.2002-15:00:00,01,28,2002,15,254.48
01.28.2002-18:00:00,01,28,2002,18,248.37
01.28.2002-21:00:00,01,28,2002,21,247.7
01.29.2002-00:00:00,01,29,2002,00,253.62
01.29.2002-03:00:00,01,29,2002,03,247.54
01.29.2002-06:00:00,01,29,2002,06,246.79
01.29.2002-09:00:00,01,29,2002,09,252.74
01.29.2002-12:00:00,01,29,2002,12,246.71
01.29.2002-15:00:00,01,29,2002,15,245.89
01.29.2002-18:00:00,01,29,2002,18,247.62
01.29.2002-21:00:00,01,29,2002,21,251.75
01.30.2002-00:00:00,01,30,2002,00,245.6
01.30.2002-03:00:00,01,30,2002,03,244.79
01.30.2002-06:00:00,01,30,2002,06,246.37
01.30.2002-09:00:00,01,30,2002,09,250.6
01.30.2002-12:00:00,01,30,2002,12,244.51
01.30.2002-15:00:00,01,30,2002,15,243.69
01.30.2002-18:00:00,01,30,2002,18,245.12
01.30.2002-21:00:00,01,30,2002,21,249.46
01.31.2002-00:00:00,01,31,2002,00,243.42
01.31.2002-03:00:00,01,31,2002,03,242.63
01.31.2002-06:00:00,01,31,2002,06,243.91
01.31.2002-09:00:00,01,31,2002,09,248.35
01.31.2002-12:00:00,01,31,2002,12,242.38
01.31.2002-15:00:00,01,31,2002,15,241.58
01.31.2002-18:00:00,01,31,2002,18,242.69
01.31.2002-21:00:00,01,31,2002,21,247.23
02.01.2002-00:00:00,02,01,2002,00,241.31
02.01.2002-03:00:00,02,01,2002,03,240.55
02.01.2002-06:00:00,02,01,2002,06,241.49
02.01.2002-09:00:00,02,01,2002,09,246.15
02.01.2002-12:00:00,02,01,2002,12,240.28
02.01.2002-15:00:00,02,01,2002,15,239.51
02.01.2002-18:00:00,02,01,2002,18,240.3
02.01.2002-21:00:00,02,01,2002,21,245.07
02.02.2002-00:00:00,02,02,2002,00,239.25
02.02.2002-03:00:00,02,02,2002,03,238.48
02.02.2002-06:00:00,02,02,2002,06,239.14
02.02.2002-09:00:00,02,02,2002,09,243.98
02.02.2002-12:00:00,02,02,2002,12,238.24
02.02.2002-15:00:00,02,02,2002,15,237.47
02.02.2002-18:00:00,02,02,2002,18,237.96
02.02.2002-21:00:00,02,02,2002,21,242.9
02.03.2002-00:00:00,02,03,2002,00,237.21
02.03.2002-03:00:00,02,03,2002,03,236.46
02.03.2002-06:00:00,02,03,2002,06,236.65
02.03.2002-09:00:00,02,03,2002,09,241.81
02.03.2002-12:00:00,02,03,2002,12,236.06
02.03.2002-15:00:00,02,03,2002,15,235.3
02.03.2002-18:00:00,02,03,2002,18,235.48
02.03.2002-21:00:00,02,03,2002,21,240.74
02.04.2002-00:00:00,02,04,2002,00,235.05
02.04.2002-03:00:00,02,04,2002,03,234.26
02.04.2002-06:00:00,02,04,2002,06,234.27
02.04.2002-09:00:00,02,04,2002,09,239.53
02.04.2002-12:00:00,02,04,2002,12,234
02.04.2002-15:00:00,02,04,2002,15,233.26
02.04.2002-18:00:00,02,04,2002,18,233.14
02.04.2002-21:00:00,02,04,2002,21,238.47
02.05.2002-00:00:00,02,05,2002,00,233.01
02.05.2002-03:00:00,02,05,2002,03,232.26
02.05.2002-06:00:00,02,05,2002,06,232.02
02.05.2002-09:00:00,02,05,2002,09,233.11
02.05.2002-12:00:00,02,05,2002,12,237.29
02.05.2002-15:00:00,02,05,2002,15,231.77
02.05.2002-18:00:00,02,05,2002,18,231.04
02.05.2002-21:00:00,02,05,2002,21,230.79
02.06.2002-00:00:00,02,06,2002,00,231.62
02.06.2002-03:00:00,02,06,2002,03,235.99
02.06.2002-06:00:00,02,06,2002,06,230.53
02.06.2002-09:00:00,02,06,2002,09,229.8
02.06.2002-12:00:00,02,06,2002,12,229.57
02.06.2002-15:00:00,02,06,2002,15,230.14
02.06.2002-18:00:00,02,06,2002,18,234.67
02.06.2002-21:00:00,02,06,2002,21,229.31
02.07.2002-00:00:00,02,07,2002,00,228.57
02.07.2002-03:00:00,02,07,2002,03,228.32
02.07.2002-06:00:00,02,07,2002,06,228.67
02.07.2002-09:00:00,02,07,2002,09,233.35
02.07.2002-12:00:00,02,07,2002,12,228.05
02.07.2002-15:00:00,02,07,2002,15,227.21
02.07.2002-18:00:00,02,07,2002,18,227.08
02.07.2002-21:00:00,02,07,2002,21,227.06
02.08.2002-00:00:00,02,08,2002,00,231.93
02.08.2002-03:00:00,02,08,2002,03,226.7
02.08.2002-06:00:00,02,08,2002,06,225.99
02.08.2002-09:00:00,02,08,2002,09,225.75
02.08.2002-12:00:00,02,08,2002,12,225.55
02.08.2002-15:00:00,02,08,2002,15,230.51
02.08.2002-18:00:00,02,08,2002,18,225.15
02.08.2002-21:00:00,02,08,2002,21,224.76
02.09.2002-00:00:00,02,09,2002,00,224.43
02.09.2002-03:00:00,02,09,2002,03,223.99
02.09.2002-06:00:00,02,09,2002,06,224.56
02.09.2002-09:00:00,02,09,2002,09,228.86
02.09.2002-12:00:00,02,09,2002,12,223.9
02.09.2002-15:00:00,02,09,2002,15,223.03
02.09.2002-18:00:00,02,09,2002,18,222.76
02.09.2002-21:00:00,02,09,2002,21,222.53
02.10.2002-00:00:00,02,10,2002,00,222.96
02.10.2002-03:00:00,02,10,2002,03,227.34
02.10.2002-06:00:00,02,10,2002,06,222.25
02.10.2002-09:00:00,02,10,2002,09,221.56
02.10.2002-12:00:00,02,10,2002,12,220.65
02.10.2002-15:00:00,02,10,2002,15,221.25
02.10.2002-18:00:00,02,10,2002,18,220.3
02.10.2002-21:00:00,02,10,2002,21,225.77
02.11.2002-00:00:00,02,11,2002,00,220.17
02.11.2002-03:00:00,02,11,2002,03,220.11
02.11.2002-06:00:00,02,11,2002,06,219.24
02.11.2002-09:00:00,02,11,2002,09,219.66
02.11.2002-12:00:00,02,11,2002,12,218.8
02.11.2002-15:00:00,02,11,2002,15,219.68
02.11.2002-18:00:00,02,11,2002,18,224.14
02.11.2002-21:00:00,02,11,2002,21,219.12
02.12.2002-00:00:00,02,12,2002,00,217.76
02.12.2002-03:00:00,02,12,2002,03,218.15
02.12.2002-06:00:00,02,12,2002,06,217.29
02.12.2002-09:00:00,02,12,2002,09,217.7
02.12.2002-12:00:00,02,12,2002,12,216.86
02.12.2002-15:00:00,02,12,2002,15,217.91
02.12.2002-18:00:00,02,12,2002,18,221.45
02.12.2002-21:00:00,02,12,2002,21,217.21
02.13.2002-00:00:00,02,13,2002,00,215.9
02.13.2002-03:00:00,02,13,2002,03,216.31
02.13.2002-06:00:00,02,13,2002,06,216.14
02.13.2002-09:00:00,02,13,2002,09,215.92
02.13.2002-12:00:00,02,13,2002,12,215.01
02.13.2002-15:00:00,02,13,2002,15,215.42
02.13.2002-18:00:00,02,13,2002,18,215.1
02.13.2002-21:00:00,02,13,2002,21,219.91
02.14.2002-00:00:00,02,14,2002,00,214.51
02.14.2002-03:00:00,02,14,2002,03,214.48
02.14.2002-06:00:00,02,14,2002,06,213.59
02.14.2002-09:00:00,02,14,2002,09,214.02
02.14.2002-12:00:00,02,14,2002,12,213.15
02.14.2002-15:00:00,02,14,2002,15,213.59
02.14.2002-18:00:00,02,14,2002,18,212.72
02.14.2002-21:00:00,02,14,2002,21,213.14
02.15.2002-00:00:00,02,15,2002,00,212.45
02.15.2002-03:00:00,02,15,2002,03,217.52
02.15.2002-06:00:00,02,15,2002,06,212.24
02.15.2002-09:00:00,02,15,2002,09,212.22
02.15.2002-12:00:00,02,15,2002,12,211.35
02.15.2002-15:00:00,02,15,2002,15,211.78
02.15.2002-18:00:00,02,15,2002,18,210.93
02.15.2002-21:00:00,02,15,2002,21,211.34
02.16.2002-00:00:00,02,16,2002,00,210.48
02.16.2002-03:00:00,02,16,2002,03,210.91
02.16.2002-06:00:00,02,16,2002,06,210.05
02.16.2002-09:00:00,02,16,2002,09,210.47
02.16.2002-12:00:00,02,16,2002,12,209.61
02.16.2002-15:00:00,02,16,2002,15,210.12
02.16.2002-18:00:00,02,16,2002,18,213.85
02.16.2002-21:00:00,02,16,2002,21,209.97
02.17.2002-00:00:00,02,17,2002,00,208.71
02.17.2002-03:00:00,02,17,2002,03,209.1
02.17.2002-06:00:00,02,17,2002,06,208.25
02.17.2002-09:00:00,02,17,2002,09,208.67
02.17.2002-12:00:00,02,17,2002,12,207.82
02.17.2002-15:00:00,02,17,2002,15,208.25
02.17.2002-18:00:00,02,17,2002,18,207.41
02.17.2002-21:00:00,02,17,2002,21,207.82
02.18.2002-00:00:00,02,18,2002,00,206.98
02.18.2002-03:00:00,02,18,2002,03,207.4
02.18.2002-06:00:00,02,18,2002,06,206.56
02.18.2002-09:00:00,02,18,2002,09,206.99
02.18.2002-12:00:00,02,18,2002,12,202.06
02.18.2002-15:00:00,02,18,2002,15,205.82
02.18.2002-18:00:00,02,18,2002,18,205.56
02.18.2002-21:00:00,02,18,2002,21,206.02
02.19.2002-00:00:00,02,19,2002,00,205.18
02.19.2002-03:00:00,02,19,2002,03,205.62
02.19.2002-06:00:00,02,19,2002,06,204.77
02.19.2002-09:00:00,02,19,2002,09,205.19
02.19.2002-12:00:00,02,19,2002,12,201.17
02.19.2002-15:00:00,02,19,2002,15,204.29
02.19.2002-18:00:00,02,19,2002,18,203.86
02.19.2002-21:00:00,02,19,2002,21,204.27
02.20.2002-00:00:00,02,20,2002,00,203.43
02.20.2002-03:00:00,02,20,2002,03,203.72
02.20.2002-06:00:00,02,20,2002,06,203.01
02.20.2002-09:00:00,02,20,2002,09,203.3
02.20.2002-12:00:00,02,20,2002,12,197.52
02.20.2002-15:00:00,02,20,2002,15,201.57
02.20.2002-18:00:00,02,20,2002,18,201.52
02.20.2002-21:00:00,02,20,2002,21,202.3
02.21.2002-00:00:00,02,21,2002,00,201.51
02.21.2002-03:00:00,02,21,2002,03,201.93
02.21.2002-06:00:00,02,21,2002,06,201.12
02.21.2002-09:00:00,02,21,2002,09,201.53
02.21.2002-12:00:00,02,21,2002,12,200.71
02.21.2002-15:00:00,02,21,2002,15,201.11
02.21.2002-18:00:00,02,21,2002,18,200.3
02.21.2002-21:00:00,02,21,2002,21,200.7
02.22.2002-00:00:00,02,22,2002,00,199.89
02.22.2002-03:00:00,02,22,2002,03,200.29
02.22.2002-06:00:00,02,22,2002,06,199.48
02.22.2002-09:00:00,02,22,2002,09,193.65
02.22.2002-12:00:00,02,22,2002,12,194.03
02.22.2002-15:00:00,02,22,2002,15,196.85
02.22.2002-18:00:00,02,22,2002,18,198.46
02.22.2002-21:00:00,02,22,2002,21,197.74
02.23.2002-00:00:00,02,23,2002,00,198.15
02.23.2002-03:00:00,02,23,2002,03,197.36
02.23.2002-06:00:00,02,23,2002,06,197.14
02.23.2002-09:00:00,02,23,2002,09,197.9
02.23.2002-12:00:00,02,23,2002,12,197.27
02.23.2002-15:00:00,02,23,2002,15,197.04
02.23.2002-18:00:00,02,23,2002,18,197.47
02.23.2002-21:00:00,02,23,2002,21,196.68
02.24.2002-00:00:00,02,24,2002,00,196.44
02.24.2002-03:00:00,02,24,2002,03,196.87
02.24.2002-06:00:00,02,24,2002,06,196.08
02.24.2002-09:00:00,02,24,2002,09,195.83
02.24.2002-12:00:00,02,24,2002,12,196.26
02.24.2002-15:00:00,02,24,2002,15,195.47
02.24.2002-18:00:00,02,24,2002,18,195.23
02.24.2002-21:00:00,02,24,2002,21,195.66
02.25.2002-00:00:00,02,25,2002,00,194.87
02.25.2002-03:00:00,02,25,2002,03,194.63
02.25.2002-06:00:00,02,25,2002,06,195.06
02.25.2002-09:00:00,02,25,2002,09,194.22
02.25.2002-12:00:00,02,25,2002,12,193.98
02.25.2002-15:00:00,02,25,2002,15,194.4
02.25.2002-18:00:00,02,25,2002,18,193.64
02.25.2002-21:00:00,02,25,2002,21,193.38
02.26.2002-00:00:00,02,26,2002,00,193.59
02.26.2002-03:00:00,02,26,2002,03,193.06
02.26.2002-06:00:00,02,26,2002,06,192.63
02.26.2002-09:00:00,02,26,2002,09,193.01
02.26.2002-12:00:00,02,26,2002,12,192.4
02.26.2002-15:00:00,02,26,2002,15,192.24
02.26.2002-18:00:00,02,26,2002,18,192.64
02.26.2002-21:00:00,02,26,2002,21,191.63
02.27.2002-00:00:00,02,27,2002,00,191.33
02.27.2002-03:00:00,02,27,2002,03,191.82
02.27.2002-06:00:00,02,27,2002,06,191.05
02.27.2002-09:00:00,02,27,2002,09,190.78
02.27.2002-12:00:00,02,27,2002,12,191.17
02.27.2002-15:00:00,02,27,2002,15,190.45
02.27.2002-18:00:00,02,27,2002,18,190.22
02.27.2002-21:00:00,02,27,2002,21,190.62
02.28.2002-00:00:00,02,28,2002,00,189.81
02.28.2002-03:00:00,02,28,2002,03,189.63
02.28.2002-06:00:00,02,28,2002,06,190.06
02.28.2002-09:00:00,02,28,2002,09,189.27
02.28.2002-12:00:00,02,28,2002,12,188.99
02.28.2002-15:00:00,02,28,2002,15,189.45
02.28.2002-18:00:00,02,28,2002,18,188.69
02.28.2002-21:00:00,02,28,2002,21,188.43
03.01.2002-00:00:00,03,01,2002,00,188.82
03.01.2002-03:00:00,03,01,2002,03,188.14
03.01.2002-06:00:00,03,01,2002,06,187.91
03.01.2002-09:00:00,03,01,2002,09,187.7
03.01.2002-12:00:00,03,01,2002,12,182.39
03.01.2002-15:00:00,03,01,2002,15,185.83
03.01.2002-18:00:00,03,01,2002,18,186.14
03.01.2002-21:00:00,03,01,2002,21,186.05
03.02.2002-00:00:00,03,02,2002,00,186.1
03.02.2002-03:00:00,03,02,2002,03,186.72
03.02.2002-06:00:00,03,02,2002,06,186
03.02.2002-09:00:00,03,02,2002,09,185.93
03.02.2002-12:00:00,03,02,2002,12,182.07
03.02.2002-15:00:00,03,02,2002,15,184.4
03.02.2002-18:00:00,03,02,2002,18,185.35
03.02.2002-21:00:00,03,02,2002,21,184.72
03.03.2002-00:00:00,03,03,2002,00,184.66
03.03.2002-03:00:00,03,03,2002,03,184.56
03.03.2002-06:00:00,03,03,2002,06,184.37
03.03.2002-09:00:00,03,03,2002,09,184.86
03.03.2002-12:00:00,03,03,2002,12,179.06
03.03.2002-15:00:00,03,03,2002,15,182.67
03.03.2002-18:00:00,03,03,2002,18,182.93
03.03.2002-21:00:00,03,03,2002,21,183.01
03.04.2002-00:00:00,03,04,2002,00,182.87
03.04.2002-03:00:00,03,04,2002,03,183.35
03.04.2002-06:00:00,03,04,2002,06,182.73
03.04.2002-09:00:00,03,04,2002,09,176.79
03.04.2002-12:00:00,03,04,2002,12,174.45
03.04.2002-15:00:00,03,04,2002,15,180.79
03.04.2002-18:00:00,03,04,2002,18,181.14
03.04.2002-21:00:00,03,04,2002,21,180.98
03.05.2002-00:00:00,03,05,2002,00,180.84
03.05.2002-03:00:00,03,05,2002,03,180.67
03.05.2002-06:00:00,03,05,2002,06,181.09
03.05.2002-09:00:00,03,05,2002,09,179.43
03.05.2002-12:00:00,03,05,2002,12,175.17
03.05.2002-15:00:00,03,05,2002,15,179.46
03.05.2002-18:00:00,03,05,2002,18,179.29
03.05.2002-21:00:00,03,05,2002,21,179.45
03.06.2002-00:00:00,03,06,2002,00,178.99
03.06.2002-03:00:00,03,06,2002,03,179.36
03.06.2002-06:00:00,03,06,2002,06,179.57
03.06.2002-09:00:00,03,06,2002,09,179.19
03.06.2002-12:00:00,03,06,2002,12,178.68
03.06.2002-15:00:00,03,06,2002,15,178.48
03.06.2002-18:00:00,03,06,2002,18,178.65
03.06.2002-21:00:00,03,06,2002,21,178.16
03.07.2002-00:00:00,03,07,2002,00,177.98
03.07.2002-03:00:00,03,07,2002,03,177.81
03.07.2002-06:00:00,03,07,2002,06,177.64
03.07.2002-09:00:00,03,07,2002,09,178.05
03.07.2002-12:00:00,03,07,2002,12,177.35
03.07.2002-15:00:00,03,07,2002,15,177.47
03.07.2002-18:00:00,03,07,2002,18,177
03.07.2002-21:00:00,03,07,2002,21,176.8
03.08.2002-00:00:00,03,08,2002,00,176.67
03.08.2002-03:00:00,03,08,2002,03,176.57
03.08.2002-06:00:00,03,08,2002,06,176.4
03.08.2002-09:00:00,03,08,2002,09,176.23
03.08.2002-12:00:00,03,08,2002,12,176.07
03.08.2002-15:00:00,03,08,2002,15,175.9
03.08.2002-18:00:00,03,08,2002,18,175.73
03.08.2002-21:00:00,03,08,2002,21,175.56
03.09.2002-00:00:00,03,09,2002,00,175.39
03.09.2002-03:00:00,03,09,2002,03,175.22
03.09.2002-06:00:00,03,09,2002,06,175.06
03.09.2002-09:00:00,03,09,2002,09,174.89
03.09.2002-12:00:00,03,09,2002,12,174.72
03.09.2002-15:00:00,03,09,2002,15,174.55
03.09.2002-18:00:00,03,09,2002,18,174.39
03.09.2002-21:00:00,03,09,2002,21,174.22
03.10.2002-00:00:00,03,10,2002,00,174.06
03.10.2002-03:00:00,03,10,2002,03,173.89
03.10.2002-06:00:00,03,10,2002,06,173.73
03.10.2002-09:00:00,03,10,2002,09,173.56
03.10.2002-12:00:00,03,10,2002,12,173.43
03.10.2002-15:00:00,03,10,2002,15,173.27
03.10.2002-18:00:00,03,10,2002,18,173.1
03.10.2002-21:00:00,03,10,2002,21,172.93
03.11.2002-00:00:00,03,11,2002,00,172.77
03.11.2002-03:00:00,03,11,2002,03,172.6
03.11.2002-06:00:00,03,11,2002,06,172.43
03.11.2002-09:00:00,03,11,2002,09,172.26
03.11.2002-12:00:00,03,11,2002,12,172.09
03.11.2002-15:00:00,03,11,2002,15,171.92
03.11.2002-18:00:00,03,11,2002,18,171.76
03.11.2002-21:00:00,03,11,2002,21,171.59
03.12.2002-00:00:00,03,12,2002,00,171.42
03.12.2002-03:00:00,03,12,2002,03,171.25
03.12.2002-06:00:00,03,12,2002,06,171.08
03.12.2002-09:00:00,03,12,2002,09,166.26
03.12.2002-12:00:00,03,12,2002,12,164.97
03.12.2002-15:00:00,03,12,2002,15,169.79
03.12.2002-18:00:00,03,12,2002,18,170.01
03.12.2002-21:00:00,03,12,2002,21,169.87
03.13.2002-00:00:00,03,13,2002,00,169.71
03.13.2002-03:00:00,03,13,2002,03,169.56
03.13.2002-06:00:00,03,13,2002,06,169.4
03.13.2002-09:00:00,03,13,2002,09,169.23
03.13.2002-12:00:00,03,13,2002,12,163.68
03.13.2002-15:00:00,03,13,2002,15,168.4
03.13.2002-18:00:00,03,13,2002,18,168.64
03.13.2002-21:00:00,03,13,2002,21,168.49
03.14.2002-00:00:00,03,14,2002,00,168.34
03.14.2002-03:00:00,03,14,2002,03,168.18
03.14.2002-06:00:00,03,14,2002,06,168.03
03.14.2002-09:00:00,03,14,2002,09,162.76
03.14.2002-12:00:00,03,14,2002,12,160.87
03.14.2002-15:00:00,03,14,2002,15,166.54
03.14.2002-18:00:00,03,14,2002,18,167.11
03.14.2002-21:00:00,03,14,2002,21,166.99
03.15.2002-00:00:00,03,15,2002,00,166.84
03.15.2002-03:00:00,03,15,2002,03,166.69
03.15.2002-06:00:00,03,15,2002,06,166.54
03.15.2002-09:00:00,03,15,2002,09,166.38
03.15.2002-12:00:00,03,15,2002,12,166.22
03.15.2002-15:00:00,03,15,2002,15,166.07
03.15.2002-18:00:00,03,15,2002,18,165.91
03.15.2002-21:00:00,03,15,2002,21,165.76
03.16.2002-00:00:00,03,16,2002,00,165.61
03.16.2002-03:00:00,03,16,2002,03,165.45
03.16.2002-06:00:00,03,16,2002,06,165.3
03.16.2002-09:00:00,03,16,2002,09,165.15
03.16.2002-12:00:00,03,16,2002,12,165
03.16.2002-15:00:00,03,16,2002,15,164.84
03.16.2002-18:00:00,03,16,2002,18,164.69
03.16.2002-21:00:00,03,16,2002,21,164.53
03.17.2002-00:00:00,03,17,2002,00,164.38
03.17.2002-03:00:00,03,17,2002,03,164.23
03.17.2002-06:00:00,03,17,2002,06,164.07
03.17.2002-09:00:00,03,17,2002,09,163.92
03.17.2002-12:00:00,03,17,2002,12,163.76
03.17.2002-15:00:00,03,17,2002,15,163.61
03.17.2002-18:00:00,03,17,2002,18,163.45
03.17.2002-21:00:00,03,17,2002,21,163.3
03.18.2002-00:00:00,03,18,2002,00,163.14
03.18.2002-03:00:00,03,18,2002,03,162.99
03.18.2002-06:00:00,03,18,2002,06,162.84
03.18.2002-09:00:00,03,18,2002,09,162.68
03.18.2002-12:00:00,03,18,2002,12,162.53
03.18.2002-15:00:00,03,18,2002,15,162.38
03.18.2002-18:00:00,03,18,2002,18,162.23
03.18.2002-21:00:00,03,18,2002,21,162.07
03.19.2002-00:00:00,03,19,2002,00,161.92
03.19.2002-03:00:00,03,19,2002,03,161.77
03.19.2002-06:00:00,03,19,2002,06,161.61
03.19.2002-09:00:00,03,19,2002,09,161.46
03.19.2002-12:00:00,03,19,2002,12,161.31
03.19.2002-15:00:00,03,19,2002,15,161.15
03.19.2002-18:00:00,03,19,2002,18,161
03.19.2002-21:00:00,03,19,2002,21,160.86
03.20.2002-00:00:00,03,20,2002,00,160.71
03.20.2002-03:00:00,03,20,2002,03,160.56
03.20.2002-06:00:00,03,20,2002,06,160.4
03.20.2002-09:00:00,03,20,2002,09,160.25
03.20.2002-12:00:00,03,20,2002,12,160.1
03.20.2002-15:00:00,03,20,2002,15,159.94
03.20.2002-18:00:00,03,20,2002,18,159.79
03.20.2002-21:00:00,03,20,2002,21,159.64
03.21.2002-00:00:00,03,21,2002,00,159.48
03.21.2002-03:00:00,03,21,2002,03,159.33
03.21.2002-06:00:00,03,21,2002,06,159.17
03.21.2002-09:00:00,03,21,2002,09,159.02
03.21.2002-12:00:00,03,21,2002,12,158.87
03.21.2002-15:00:00,03,21,2002,15,158.72
03.21.2002-18:00:00,03,21,2002,18,158.57
03.21.2002-21:00:00,03,21,2002,21,158.41
03.22.2002-00:00:00,03,22,2002,00,158.26
03.22.2002-03:00:00,03,22,2002,03,158.11
03.22.2002-06:00:00,03,22,2002,06,157.96
03.22.2002-09:00:00,03,22,2002,09,152.2
03.22.2002-12:00:00,03,22,2002,12,150.69
03.22.2002-15:00:00,03,22,2002,15,155.39
03.22.2002-18:00:00,03,22,2002,18,156.97
03.22.2002-21:00:00,03,22,2002,21,156.94
03.23.2002-00:00:00,03,23,2002,00,156.79
03.23.2002-03:00:00,03,23,2002,03,156.64
03.23.2002-06:00:00,03,23,2002,06,156.49
03.23.2002-09:00:00,03,23,2002,09,147.83
03.23.2002-12:00:00,03,23,2002,12,147.47
03.23.2002-15:00:00,03,23,2002,15,150.77
03.23.2002-18:00:00,03,23,2002,18,152.54
03.23.2002-21:00:00,03,23,2002,21,154.05
03.24.2002-00:00:00,03,24,2002,00,154.79
03.24.2002-03:00:00,03,24,2002,03,154.97
03.24.2002-06:00:00,03,24,2002,06,154.85
03.24.2002-09:00:00,03,24,2002,09,145.83
03.24.2002-12:00:00,03,24,2002,12,145.73
03.24.2002-15:00:00,03,24,2002,15,148.43
03.24.2002-18:00:00,03,24,2002,18,150.81
03.24.2002-21:00:00,03,24,2002,21,151.64
03.25.2002-00:00:00,03,25,2002,00,152.37
03.25.2002-03:00:00,03,25,2002,03,153.26
03.25.2002-06:00:00,03,25,2002,06,153.21
03.25.2002-09:00:00,03,25,2002,09,144.04
03.25.2002-12:00:00,03,25,2002,12,143.93
03.25.2002-15:00:00,03,25,2002,15,146.87
03.25.2002-18:00:00,03,25,2002,18,148.69
03.25.2002-21:00:00,03,25,2002,21,149.41
03.26.2002-00:00:00,03,26,2002,00,150.71
03.26.2002-03:00:00,03,26,2002,03,151.06
03.26.2002-06:00:00,03,26,2002,06,151.55
03.26.2002-09:00:00,03,26,2002,09,146.6
03.26.2002-12:00:00,03,26,2002,12,145.72
03.26.2002-15:00:00,03,26,2002,15,149.03
03.26.2002-18:00:00,03,26,2002,18,150.71
03.26.2002-21:00:00,03,26,2002,21,150.71
03.27.2002-00:00:00,03,27,2002,00,150.58
03.27.2002-03:00:00,03,27,2002,03,150.44
03.27.2002-06:00:00,03,27,2002,06,150.31
03.27.2002-09:00:00,03,27,2002,09,147.47
03.27.2002-12:00:00,03,27,2002,12,146.59
03.27.2002-15:00:00,03,27,2002,15,149.55
03.27.2002-18:00:00,03,27,2002,18,149.66
03.27.2002-21:00:00,03,27,2002,21,149.53
03.28.2002-00:00:00,03,28,2002,00,149.4
03.28.2002-03:00:00,03,28,2002,03,149.26
03.28.2002-06:00:00,03,28,2002,06,149.13
03.28.2002-09:00:00,03,28,2002,09,142.13
03.28.2002-12:00:00,03,28,2002,12,141.63
03.28.2002-15:00:00,03,28,2002,15,144.88
03.28.2002-18:00:00,03,28,2002,18,146.14
03.28.2002-21:00:00,03,28,2002,21,147.38
03.29.2002-00:00:00,03,29,2002,00,147.77
03.29.2002-03:00:00,03,29,2002,03,147.88
03.29.2002-06:00:00,03,29,2002,06,147.36
03.29.2002-09:00:00,03,29,2002,09,141.1
03.29.2002-12:00:00,03,29,2002,12,140.4
03.29.2002-15:00:00,03,29,2002,15,143.35
03.29.2002-18:00:00,03,29,2002,18,145.09
03.29.2002-21:00:00,03,29,2002,21,145.91
03.30.2002-00:00:00,03,30,2002,00,146.45
03.30.2002-03:00:00,03,30,2002,03,146.36
03.30.2002-06:00:00,03,30,2002,06,146.04
03.30.2002-09:00:00,03,30,2002,09,137.97
03.30.2002-12:00:00,03,30,2002,12,137.77
03.30.2002-15:00:00,03,30,2002,15,140.02
03.30.2002-18:00:00,03,30,2002,18,142.19
03.30.2002-21:00:00,03,30,2002,21,142.83
03.31.2002-00:00:00,03,31,2002,00,143.52
03.31.2002-03:00:00,03,31,2002,03,144.09
03.31.2002-06:00:00,03,31,2002,06,144.44
03.31.2002-09:00:00,03,31,2002,09,137.57
03.31.2002-12:00:00,03,31,2002,12,137.14
03.31.2002-15:00:00,03,31,2002,15,139.78
03.31.2002-18:00:00,03,31,2002,18,141.3
03.31.2002-21:00:00,03,31,2002,21,142.21
04.01.2002-00:00:00,04,01,2002,00,143.02
04.01.2002-03:00:00,04,01,2002,03,143.15
04.01.2002-06:00:00,04,01,2002,06,143.05
04.01.2002-09:00:00,04,01,2002,09,137.86
04.01.2002-12:00:00,04,01,2002,12,137.21
04.01.2002-15:00:00,04,01,2002,15,139.24
04.01.2002-18:00:00,04,01,2002,18,141.19
04.01.2002-21:00:00,04,01,2002,21,142
04.02.2002-00:00:00,04,02,2002,00,142.08
04.02.2002-03:00:00,04,02,2002,03,141.97
04.02.2002-06:00:00,04,02,2002,06,141.84
04.02.2002-09:00:00,04,02,2002,09,136.67
04.02.2002-12:00:00,04,02,2002,12,135.9
04.02.2002-15:00:00,04,02,2002,15,138.3
04.02.2002-18:00:00,04,02,2002,18,139.81
04.02.2002-21:00:00,04,02,2002,21,140.74
04.03.2002-00:00:00,04,03,2002,00,140.76
04.03.2002-03:00:00,04,03,2002,03,140.64
04.03.2002-06:00:00,04,03,2002,06,140.52
04.03.2002-09:00:00,04,03,2002,09,133.47
04.03.2002-12:00:00,04,03,2002,12,132.47
04.03.2002-15:00:00,04,03,2002,15,135.1
04.03.2002-18:00:00,04,03,2002,18,135.82
04.03.2002-21:00:00,04,03,2002,21,137.48
04.04.2002-00:00:00,04,04,2002,00,136.91
04.04.2002-03:00:00,04,04,2002,03,138.3
04.04.2002-06:00:00,04,04,2002,06,137.91
04.04.2002-09:00:00,04,04,2002,09,131.03
04.04.2002-12:00:00,04,04,2002,12,129.66
04.04.2002-15:00:00,04,04,2002,15,133.47
04.04.2002-18:00:00,04,04,2002,18,133.59
04.04.2002-21:00:00,04,04,2002,21,134.44
04.05.2002-00:00:00,04,05,2002,00,135.41
04.05.2002-03:00:00,04,05,2002,03,136.02
04.05.2002-06:00:00,04,05,2002,06,135.37
04.05.2002-09:00:00,04,05,2002,09,130.81
04.05.2002-12:00:00,04,05,2002,12,129.72
04.05.2002-15:00:00,04,05,2002,15,132.41
04.05.2002-18:00:00,04,05,2002,18,132.96
04.05.2002-21:00:00,04,05,2002,21,134.89
04.06.2002-00:00:00,04,06,2002,00,134.37
04.06.2002-03:00:00,04,06,2002,03,134.84
04.06.2002-06:00:00,04,06,2002,06,134.7
04.06.2002-09:00:00,04,06,2002,09,130.06
04.06.2002-12:00:00,04,06,2002,12,128.94
04.06.2002-15:00:00,04,06,2002,15,131.34
04.06.2002-18:00:00,04,06,2002,18,132.23
04.06.2002-21:00:00,04,06,2002,21,133.79
04.07.2002-00:00:00,04,07,2002,00,133.24
04.07.2002-03:00:00,04,07,2002,03,133.11
04.07.2002-06:00:00,04,07,2002,06,134.38
04.07.2002-09:00:00,04,07,2002,09,129.01
04.07.2002-12:00:00,04,07,2002,12,128.37
04.07.2002-15:00:00,04,07,2002,15,130.48
04.07.2002-18:00:00,04,07,2002,18,132.18
04.07.2002-21:00:00,04,07,2002,21,132.24
04.08.2002-00:00:00,04,08,2002,00,132.74
04.08.2002-03:00:00,04,08,2002,03,132.71
04.08.2002-06:00:00,04,08,2002,06,132.72
04.08.2002-09:00:00,04,08,2002,09,127.26
04.08.2002-12:00:00,04,08,2002,12,126.11
04.08.2002-15:00:00,04,08,2002,15,128.54
04.08.2002-18:00:00,04,08,2002,18,129.71
04.08.2002-21:00:00,04,08,2002,21,130.52
04.09.2002-00:00:00,04,09,2002,00,130.93
04.09.2002-03:00:00,04,09,2002,03,130.88
04.09.2002-06:00:00,04,09,2002,06,131.38
04.09.2002-09:00:00,04,09,2002,09,127.87
04.09.2002-12:00:00,04,09,2002,12,127.17
04.09.2002-15:00:00,04,09,2002,15,129.09
04.09.2002-18:00:00,04,09,2002,18,130.7
04.09.2002-21:00:00,04,09,2002,21,130.18
04.10.2002-00:00:00,04,10,2002,00,130.44
04.10.2002-03:00:00,04,10,2002,03,130.61
04.10.2002-06:00:00,04,10,2002,06,130.52
04.10.2002-09:00:00,04,10,2002,09,124.51
04.10.2002-12:00:00,04,10,2002,12,123.12
04.10.2002-15:00:00,04,10,2002,15,124.99
04.10.2002-18:00:00,04,10,2002,18,126.82
04.10.2002-21:00:00,04,10,2002,21,126.89
04.11.2002-00:00:00,04,11,2002,00,128.14
04.11.2002-03:00:00,04,11,2002,03,129.17
04.11.2002-06:00:00,04,11,2002,06,126.35
04.11.2002-09:00:00,04,11,2002,09,122.47
04.11.2002-12:00:00,04,11,2002,12,121.87
04.11.2002-15:00:00,04,11,2002,15,124.84
04.11.2002-18:00:00,04,11,2002,18,125.67
04.11.2002-21:00:00,04,11,2002,21,125.86
04.12.2002-00:00:00,04,12,2002,00,127.32
04.12.2002-03:00:00,04,12,2002,03,127.94
04.12.2002-06:00:00,04,12,2002,06,126.42
04.12.2002-09:00:00,04,12,2002,09,121.34
04.12.2002-12:00:00,04,12,2002,12,120.61
04.12.2002-15:00:00,04,12,2002,15,122.29
04.12.2002-18:00:00,04,12,2002,18,124.29
04.12.2002-21:00:00,04,12,2002,21,124.38
04.13.2002-00:00:00,04,13,2002,00,124.88
04.13.2002-03:00:00,04,13,2002,03,125.98
04.13.2002-06:00:00,04,13,2002,06,123.43
04.13.2002-09:00:00,04,13,2002,09,119.87
04.13.2002-12:00:00,04,13,2002,12,119.31
04.13.2002-15:00:00,04,13,2002,15,121.91
04.13.2002-18:00:00,04,13,2002,18,123.31
04.13.2002-21:00:00,04,13,2002,21,124.76
04.14.2002-00:00:00,04,14,2002,00,124.8
04.14.2002-03:00:00,04,14,2002,03,124.73
04.14.2002-06:00:00,04,14,2002,06,122.15
04.14.2002-09:00:00,04,14,2002,09,118.68
04.14.2002-12:00:00,04,14,2002,12,118.12
04.14.2002-15:00:00,04,14,2002,15,119.31
04.14.2002-18:00:00,04,14,2002,18,121.72
04.14.2002-21:00:00,04,14,2002,21,122.43
04.15.2002-00:00:00,04,15,2002,00,123.47
04.15.2002-03:00:00,04,15,2002,03,123.49
04.15.2002-06:00:00,04,15,2002,06,123.41
04.15.2002-09:00:00,04,15,2002,09,120.54
04.15.2002-12:00:00,04,15,2002,12,119.84
04.15.2002-15:00:00,04,15,2002,15,121.86
04.15.2002-18:00:00,04,15,2002,18,122.8
04.15.2002-21:00:00,04,15,2002,21,122.8
04.16.2002-00:00:00,04,16,2002,00,122.72
04.16.2002-03:00:00,04,16,2002,03,122.64
04.16.2002-06:00:00,04,16,2002,06,122.56
04.16.2002-09:00:00,04,16,2002,09,119.13
04.16.2002-12:00:00,04,16,2002,12,118.75
04.16.2002-15:00:00,04,16,2002,15,120.63
04.16.2002-18:00:00,04,16,2002,18,121.9
04.16.2002-21:00:00,04,16,2002,21,121.93
04.17.2002-00:00:00,04,17,2002,00,121.85
04.17.2002-03:00:00,04,17,2002,03,121.77
04.17.2002-06:00:00,04,17,2002,06,121.69
04.17.2002-09:00:00,04,17,2002,09,116.31
04.17.2002-12:00:00,04,17,2002,12,116.21
04.17.2002-15:00:00,04,17,2002,15,118.51
04.17.2002-18:00:00,04,17,2002,18,119.18
04.17.2002-21:00:00,04,17,2002,21,119.97
04.18.2002-00:00:00,04,18,2002,00,120.73
04.18.2002-03:00:00,04,18,2002,03,120.72
04.18.2002-06:00:00,04,18,2002,06,120.65
04.18.2002-09:00:00,04,18,2002,09,114.98
04.18.2002-12:00:00,04,18,2002,12,114.22
04.18.2002-15:00:00,04,18,2002,15,114.97
04.18.2002-18:00:00,04,18,2002,18,117.64
04.18.2002-21:00:00,04,18,2002,21,118
04.19.2002-00:00:00,04,19,2002,00,117.96
04.19.2002-03:00:00,04,19,2002,03,119.14
04.19.2002-06:00:00,04,19,2002,06,119.46
04.19.2002-09:00:00,04,19,2002,09,113.87
04.19.2002-12:00:00,04,19,2002,12,112.86
04.19.2002-15:00:00,04,19,2002,15,112.94
04.19.2002-18:00:00,04,19,2002,18,115.8
04.19.2002-21:00:00,04,19,2002,21,116.56
04.20.2002-00:00:00,04,20,2002,00,116.55
04.20.2002-03:00:00,04,20,2002,03,116.49
04.20.2002-06:00:00,04,20,2002,06,114.25
04.20.2002-09:00:00,04,20,2002,09,112.15
04.20.2002-12:00:00,04,20,2002,12,111.68
04.20.2002-15:00:00,04,20,2002,15,111.57
04.20.2002-18:00:00,04,20,2002,18,114.86
04.20.2002-21:00:00,04,20,2002,21,115.16
04.21.2002-00:00:00,04,21,2002,00,115.13
04.21.2002-03:00:00,04,21,2002,03,115.16
04.21.2002-06:00:00,04,21,2002,06,114.04
04.21.2002-09:00:00,04,21,2002,09,112.85
04.21.2002-12:00:00,04,21,2002,12,112.79
04.21.2002-15:00:00,04,21,2002,15,113.79
04.21.2002-18:00:00,04,21,2002,18,115.18
04.21.2002-21:00:00,04,21,2002,21,116.14
04.22.2002-00:00:00,04,22,2002,00,116.14
04.22.2002-03:00:00,04,22,2002,03,116.02
04.22.2002-06:00:00,04,22,2002,06,112.29
04.22.2002-09:00:00,04,22,2002,09,110.32
04.22.2002-12:00:00,04,22,2002,12,110
04.22.2002-15:00:00,04,22,2002,15,112.27
04.22.2002-18:00:00,04,22,2002,18,113.42
04.22.2002-21:00:00,04,22,2002,21,113.49
04.23.2002-00:00:00,04,23,2002,00,113.44
04.23.2002-03:00:00,04,23,2002,03,114.76
04.23.2002-06:00:00,04,23,2002,06,114.86
04.23.2002-09:00:00,04,23,2002,09,110.55
04.23.2002-12:00:00,04,23,2002,12,110.6
04.23.2002-15:00:00,04,23,2002,15,112.18
04.23.2002-18:00:00,04,23,2002,18,113.61
04.23.2002-21:00:00,04,23,2002,21,114.19
04.24.2002-00:00:00,04,24,2002,00,114.17
04.24.2002-03:00:00,04,24,2002,03,114.1
04.24.2002-06:00:00,04,24,2002,06,114.03
04.24.2002-09:00:00,04,24,2002,09,108.81
04.24.2002-12:00:00,04,24,2002,12,108.14
04.24.2002-15:00:00,04,24,2002,15,109.96
04.24.2002-18:00:00,04,24,2002,18,111.66
04.24.2002-21:00:00,04,24,2002,21,111.74
04.25.2002-00:00:00,04,25,2002,00,111.8
04.25.2002-03:00:00,04,25,2002,03,113.01
04.25.2002-06:00:00,04,25,2002,06,110.52
04.25.2002-09:00:00,04,25,2002,09,107.62
04.25.2002-12:00:00,04,25,2002,12,107.14
04.25.2002-15:00:00,04,25,2002,15,107.62
04.25.2002-18:00:00,04,25,2002,18,110.29
04.25.2002-21:00:00,04,25,2002,21,110.46
04.26.2002-00:00:00,04,26,2002,00,110.62
04.26.2002-03:00:00,04,26,2002,03,110.63
04.26.2002-06:00:00,04,26,2002,06,111.86
04.26.2002-09:00:00,04,26,2002,09,106.88
04.26.2002-12:00:00,04,26,2002,12,106.24
04.26.2002-15:00:00,04,26,2002,15,107.28
04.26.2002-18:00:00,04,26,2002,18,109.39
04.26.2002-21:00:00,04,26,2002,21,109.52
04.27.2002-00:00:00,04,27,2002,00,109.48
04.27.2002-03:00:00,04,27,2002,03,110.38
04.27.2002-06:00:00,04,27,2002,06,106.95
04.27.2002-09:00:00,04,27,2002,09,105.56
04.27.2002-12:00:00,04,27,2002,12,105.22
04.27.2002-15:00:00,04,27,2002,15,105.22
04.27.2002-18:00:00,04,27,2002,18,108.36
04.27.2002-21:00:00,04,27,2002,21,108.59
04.28.2002-00:00:00,04,28,2002,00,108.55
04.28.2002-03:00:00,04,28,2002,03,108.5
04.28.2002-06:00:00,04,28,2002,06,106.37
04.28.2002-09:00:00,04,28,2002,09,104.67
04.28.2002-12:00:00,04,28,2002,12,104.38
04.28.2002-15:00:00,04,28,2002,15,104.36
04.28.2002-18:00:00,04,28,2002,18,105.5
04.28.2002-21:00:00,04,28,2002,21,107.63
04.29.2002-00:00:00,04,29,2002,00,107.75
04.29.2002-03:00:00,04,29,2002,03,107.7
04.29.2002-06:00:00,04,29,2002,06,104.85
04.29.2002-09:00:00,04,29,2002,09,103.91
04.29.2002-12:00:00,04,29,2002,12,103.82
04.29.2002-15:00:00,04,29,2002,15,103.9
04.29.2002-18:00:00,04,29,2002,18,104.56
04.29.2002-21:00:00,04,29,2002,21,107.25
04.30.2002-00:00:00,04,30,2002,00,107.48
04.30.2002-03:00:00,04,30,2002,03,106.78
04.30.2002-06:00:00,04,30,2002,06,104.17
04.30.2002-09:00:00,04,30,2002,09,103.92
04.30.2002-12:00:00,04,30,2002,12,171.33
04.30.2002-15:00:00,04,30,2002,15,144.59
04.30.2002-18:00:00,04,30,2002,18,107.85
04.30.2002-21:00:00,04,30,2002,21,109.63
05.01.2002-00:00:00,05,01,2002,00,110.11
05.01.2002-03:00:00,05,01,2002,03,110.09
05.01.2002-06:00:00,05,01,2002,06,107.3
05.01.2002-09:00:00,05,01,2002,09,203.56
05.01.2002-12:00:00,05,01,2002,12,260.83
05.01.2002-15:00:00,05,01,2002,15,181.47
05.01.2002-18:00:00,05,01,2002,18,124.75
05.01.2002-21:00:00,05,01,2002,21,116.82
05.02.2002-00:00:00,05,02,2002,00,115.24
05.02.2002-03:00:00,05,02,2002,03,112.53
05.02.2002-06:00:00,05,02,2002,06,156.36
05.02.2002-09:00:00,05,02,2002,09,370.4
05.02.2002-12:00:00,05,02,2002,12,407.43
05.02.2002-15:00:00,05,02,2002,15,253.18
05.02.2002-18:00:00,05,02,2002,18,138.19
05.02.2002-21:00:00,05,02,2002,21,125.48
05.03.2002-00:00:00,05,03,2002,00,121.23
05.03.2002-03:00:00,05,03,2002,03,120.89
05.03.2002-06:00:00,05,03,2002,06,120.85
05.03.2002-09:00:00,05,03,2002,09,115.93
05.03.2002-12:00:00,05,03,2002,12,281.69
05.03.2002-15:00:00,05,03,2002,15,183.62
05.03.2002-18:00:00,05,03,2002,18,126.99
05.03.2002-21:00:00,05,03,2002,21,121.79
05.04.2002-00:00:00,05,04,2002,00,121.68
05.04.2002-03:00:00,05,04,2002,03,121.68
05.04.2002-06:00:00,05,04,2002,06,121.68
05.04.2002-09:00:00,05,04,2002,09,117.79
05.04.2002-12:00:00,05,04,2002,12,117.45
05.04.2002-15:00:00,05,04,2002,15,120.04
05.04.2002-18:00:00,05,04,2002,18,122.15
05.04.2002-21:00:00,05,04,2002,21,120.23
05.05.2002-00:00:00,05,05,2002,00,120.2
05.05.2002-03:00:00,05,05,2002,03,121.1
05.05.2002-06:00:00,05,05,2002,06,121.37
05.05.2002-09:00:00,05,05,2002,09,117.12
05.05.2002-12:00:00,05,05,2002,12,160.89
05.05.2002-15:00:00,05,05,2002,15,157.87
05.05.2002-18:00:00,05,05,2002,18,126
05.05.2002-21:00:00,05,05,2002,21,121.18
05.06.2002-00:00:00,05,06,2002,00,121.08
05.06.2002-03:00:00,05,06,2002,03,121.08
05.06.2002-06:00:00,05,06,2002,06,121.91
05.06.2002-09:00:00,05,06,2002,09,118.09
05.06.2002-12:00:00,05,06,2002,12,117.68
05.06.2002-15:00:00,05,06,2002,15,119.22
05.06.2002-18:00:00,05,06,2002,18,120.09
05.06.2002-21:00:00,05,06,2002,21,120.54
05.07.2002-00:00:00,05,07,2002,00,120.82
05.07.2002-03:00:00,05,07,2002,03,121.58
05.07.2002-06:00:00,05,07,2002,06,121.62
05.07.2002-09:00:00,05,07,2002,09,117.27
05.07.2002-12:00:00,05,07,2002,12,131.7
05.07.2002-15:00:00,05,07,2002,15,128.26
05.07.2002-18:00:00,05,07,2002,18,121.52
05.07.2002-21:00:00,05,07,2002,21,120.05
05.08.2002-00:00:00,05,08,2002,00,120
05.08.2002-03:00:00,05,08,2002,03,120.04
05.08.2002-06:00:00,05,08,2002,06,121
05.08.2002-09:00:00,05,08,2002,09,116.25
05.08.2002-12:00:00,05,08,2002,12,206.08
05.08.2002-15:00:00,05,08,2002,15,149.11
05.08.2002-18:00:00,05,08,2002,18,123.23
05.08.2002-21:00:00,05,08,2002,21,120.48
05.09.2002-00:00:00,05,09,2002,00,120.42
05.09.2002-03:00:00,05,09,2002,03,120.42
05.09.2002-06:00:00,05,09,2002,06,120.42
05.09.2002-09:00:00,05,09,2002,09,115.26
05.09.2002-12:00:00,05,09,2002,12,115.23
05.09.2002-15:00:00,05,09,2002,15,118.39
05.09.2002-18:00:00,05,09,2002,18,119.57
05.09.2002-21:00:00,05,09,2002,21,119.68
05.10.2002-00:00:00,05,10,2002,00,119.71
05.10.2002-03:00:00,05,10,2002,03,119.73
05.10.2002-06:00:00,05,10,2002,06,119.69
05.10.2002-09:00:00,05,10,2002,09,114.04
05.10.2002-12:00:00,05,10,2002,12,113.34
05.10.2002-15:00:00,05,10,2002,15,117.65
05.10.2002-18:00:00,05,10,2002,18,122.84
05.10.2002-21:00:00,05,10,2002,21,120.21
05.11.2002-00:00:00,05,11,2002,00,119.78
05.11.2002-03:00:00,05,11,2002,03,119.59
05.11.2002-06:00:00,05,11,2002,06,115.84
05.11.2002-09:00:00,05,11,2002,09,216.4
05.11.2002-12:00:00,05,11,2002,12,582.74
05.11.2002-15:00:00,05,11,2002,15,337.79
05.11.2002-18:00:00,05,11,2002,18,170.88
05.11.2002-21:00:00,05,11,2002,21,143.27
05.12.2002-00:00:00,05,12,2002,00,132.76
05.12.2002-03:00:00,05,12,2002,03,127.88
05.12.2002-06:00:00,05,12,2002,06,123.39
05.12.2002-09:00:00,05,12,2002,09,443.88
05.12.2002-12:00:00,05,12,2002,12,784.81
05.12.2002-15:00:00,05,12,2002,15,399.76
05.12.2002-18:00:00,05,12,2002,18,185.24
05.12.2002-21:00:00,05,12,2002,21,155.42
05.13.2002-00:00:00,05,13,2002,00,146.85
05.13.2002-03:00:00,05,13,2002,03,141.56
05.13.2002-06:00:00,05,13,2002,06,137.27
05.13.2002-09:00:00,05,13,2002,09,773.37
05.13.2002-12:00:00,05,13,2002,12,1036.8
05.13.2002-15:00:00,05,13,2002,15,565.71
05.13.2002-18:00:00,05,13,2002,18,250.17
05.13.2002-21:00:00,05,13,2002,21,202.44
05.14.2002-00:00:00,05,14,2002,00,184.49
05.14.2002-03:00:00,05,14,2002,03,165.51
05.14.2002-06:00:00,05,14,2002,06,161.72
05.14.2002-09:00:00,05,14,2002,09,326.56
05.14.2002-12:00:00,05,14,2002,12,696.79
05.14.2002-15:00:00,05,14,2002,15,421.66
05.14.2002-18:00:00,05,14,2002,18,226.82
05.14.2002-21:00:00,05,14,2002,21,189.23
05.15.2002-00:00:00,05,15,2002,00,175.34
05.15.2002-03:00:00,05,15,2002,03,174.29
05.15.2002-06:00:00,05,15,2002,06,171.09
05.15.2002-09:00:00,05,15,2002,09,179.02
05.15.2002-12:00:00,05,15,2002,12,362
05.15.2002-15:00:00,05,15,2002,15,378.91
05.15.2002-18:00:00,05,15,2002,18,217.67
05.15.2002-21:00:00,05,15,2002,21,191.09
05.16.2002-00:00:00,05,16,2002,00,179.14
05.16.2002-03:00:00,05,16,2002,03,178.59
05.16.2002-06:00:00,05,16,2002,06,174.08
05.16.2002-09:00:00,05,16,2002,09,196.81
05.16.2002-12:00:00,05,16,2002,12,622.29
05.16.2002-15:00:00,05,16,2002,15,519.67
05.16.2002-18:00:00,05,16,2002,18,255.99
05.16.2002-21:00:00,05,16,2002,21,223.54
05.17.2002-00:00:00,05,17,2002,00,219.24
05.17.2002-03:00:00,05,17,2002,03,221.79
05.17.2002-06:00:00,05,17,2002,06,313.24
05.17.2002-09:00:00,05,17,2002,09,1023.7
05.17.2002-12:00:00,05,17,2002,12,1218.5
05.17.2002-15:00:00,05,17,2002,15,804.1
05.17.2002-18:00:00,05,17,2002,18,413.34
05.17.2002-21:00:00,05,17,2002,21,327
05.18.2002-00:00:00,05,18,2002,00,287.19
05.18.2002-03:00:00,05,18,2002,03,253.16
05.18.2002-06:00:00,05,18,2002,06,322.58
05.18.2002-09:00:00,05,18,2002,09,1228.8
05.18.2002-12:00:00,05,18,2002,12,1583
05.18.2002-15:00:00,05,18,2002,15,889.72
05.18.2002-18:00:00,05,18,2002,18,470.69
05.18.2002-21:00:00,05,18,2002,21,394.38
05.19.2002-00:00:00,05,19,2002,00,354.96
05.19.2002-03:00:00,05,19,2002,03,330.49
05.19.2002-06:00:00,05,19,2002,06,417.22
05.19.2002-09:00:00,05,19,2002,09,1400.6
05.19.2002-12:00:00,05,19,2002,12,1743.8
05.19.2002-15:00:00,05,19,2002,15,1228.3
05.19.2002-18:00:00,05,19,2002,18,683.25
05.19.2002-21:00:00,05,19,2002,21,522.72
05.20.2002-00:00:00,05,20,2002,00,814.74
05.20.2002-03:00:00,05,20,2002,03,1069.5
05.20.2002-06:00:00,05,20,2002,06,1782.4
05.20.2002-09:00:00,05,20,2002,09,2752.8
05.20.2002-12:00:00,05,20,2002,12,3254.8
05.20.2002-15:00:00,05,20,2002,15,2721.7
05.20.2002-18:00:00,05,20,2002,18,2140.5
05.20.2002-21:00:00,05,20,2002,21,1823.4
05.21.2002-00:00:00,05,21,2002,00,1623.2
05.21.2002-03:00:00,05,21,2002,03,1480.3
05.21.2002-06:00:00,05,21,2002,06,1758.7
05.21.2002-09:00:00,05,21,2002,09,2374.7
05.21.2002-12:00:00,05,21,2002,12,2748.8
05.21.2002-15:00:00,05,21,2002,15,2606.3
05.21.2002-18:00:00,05,21,2002,18,2193.5
05.21.2002-21:00:00,05,21,2002,21,2053.9
05.22.2002-00:00:00,05,22,2002,00,1574.8
05.22.2002-03:00:00,05,22,2002,03,1516.8
05.22.2002-06:00:00,05,22,2002,06,1687.3
05.22.2002-09:00:00,05,22,2002,09,2089.3
05.22.2002-12:00:00,05,22,2002,12,2241.1
05.22.2002-15:00:00,05,22,2002,15,2122.3
05.22.2002-18:00:00,05,22,2002,18,1858
05.22.2002-21:00:00,05,22,2002,21,1716.7
05.23.2002-00:00:00,05,23,2002,00,1268.2
05.23.2002-03:00:00,05,23,2002,03,1212
05.23.2002-06:00:00,05,23,2002,06,1887.9
05.23.2002-09:00:00,05,23,2002,09,3961.7
05.23.2002-12:00:00,05,23,2002,12,4463.6
05.23.2002-15:00:00,05,23,2002,15,3134.7
05.23.2002-18:00:00,05,23,2002,18,2020.5
05.23.2002-21:00:00,05,23,2002,21,1709.8
05.24.2002-00:00:00,05,24,2002,00,1522.2
05.24.2002-03:00:00,05,24,2002,03,1458.6
05.24.2002-06:00:00,05,24,2002,06,1340
05.24.2002-09:00:00,05,24,2002,09,2121.7
05.24.2002-12:00:00,05,24,2002,12,4239.9
05.24.2002-15:00:00,05,24,2002,15,3173.9
05.24.2002-18:00:00,05,24,2002,18,2149
05.24.2002-21:00:00,05,24,2002,21,1811.9
05.25.2002-00:00:00,05,25,2002,00,1702.7
05.25.2002-03:00:00,05,25,2002,03,1625.6
05.25.2002-06:00:00,05,25,2002,06,1904.1
05.25.2002-09:00:00,05,25,2002,09,4301.7
05.25.2002-12:00:00,05,25,2002,12,5355.2
05.25.2002-15:00:00,05,25,2002,15,4239.6
05.25.2002-18:00:00,05,25,2002,18,3024.5
05.25.2002-21:00:00,05,25,2002,21,2512.4
05.26.2002-00:00:00,05,26,2002,00,2162.3
05.26.2002-03:00:00,05,26,2002,03,2051.2
05.26.2002-06:00:00,05,26,2002,06,2311.6
05.26.2002-09:00:00,05,26,2002,09,5045.6
05.26.2002-12:00:00,05,26,2002,12,6492.9
05.26.2002-15:00:00,05,26,2002,15,5128
05.26.2002-18:00:00,05,26,2002,18,3845.5
05.26.2002-21:00:00,05,26,2002,21,3190.6
05.27.2002-00:00:00,05,27,2002,00,2728.3
05.27.2002-03:00:00,05,27,2002,03,2607.5
05.27.2002-06:00:00,05,27,2002,06,3031.9
05.27.2002-09:00:00,05,27,2002,09,6198.2
05.27.2002-12:00:00,05,27,2002,12,7639.6
05.27.2002-15:00:00,05,27,2002,15,6645.4
05.27.2002-18:00:00,05,27,2002,18,5186.5
05.27.2002-21:00:00,05,27,2002,21,4257.9
05.28.2002-00:00:00,05,28,2002,00,3938.7
05.28.2002-03:00:00,05,28,2002,03,4309.2
05.28.2002-06:00:00,05,28,2002,06,5738.4
05.28.2002-09:00:00,05,28,2002,09,8483.3
05.28.2002-12:00:00,05,28,2002,12,9957.2
05.28.2002-15:00:00,05,28,2002,15,9567.9
05.28.2002-18:00:00,05,28,2002,18,7910.8
05.28.2002-21:00:00,05,28,2002,21,6923.7
05.29.2002-00:00:00,05,29,2002,00,6045.4
05.29.2002-03:00:00,05,29,2002,03,5412.9
05.29.2002-06:00:00,05,29,2002,06,6497.8
05.29.2002-09:00:00,05,29,2002,09,9043.1
05.29.2002-12:00:00,05,29,2002,12,11191
05.29.2002-15:00:00,05,29,2002,15,10564
05.29.2002-18:00:00,05,29,2002,18,9000.3
05.29.2002-21:00:00,05,29,2002,21,7538.5
05.30.2002-00:00:00,05,30,2002,00,6791
05.30.2002-03:00:00,05,30,2002,03,5979.4
05.30.2002-06:00:00,05,30,2002,06,6347.9
05.30.2002-09:00:00,05,30,2002,09,9439.8
05.30.2002-12:00:00,05,30,2002,12,12513
05.30.2002-15:00:00,05,30,2002,15,12612
05.30.2002-18:00:00,05,30,2002,18,10823
05.30.2002-21:00:00,05,30,2002,21,9292.1
05.31.2002-00:00:00,05,31,2002,00,8193.8
05.31.2002-03:00:00,05,31,2002,03,7299.7
05.31.2002-06:00:00,05,31,2002,06,7435.2
05.31.2002-09:00:00,05,31,2002,09,9826.7
05.31.2002-12:00:00,05,31,2002,12,12446
05.31.2002-15:00:00,05,31,2002,15,13059
05.31.2002-18:00:00,05,31,2002,18,11747
05.31.2002-21:00:00,05,31,2002,21,10248
06.01.2002-00:00:00,06,01,2002,00,9034.4
06.01.2002-03:00:00,06,01,2002,03,7849.8
06.01.2002-06:00:00,06,01,2002,06,7953.8
06.01.2002-09:00:00,06,01,2002,09,11179
06.01.2002-12:00:00,06,01,2002,12,14619
06.01.2002-15:00:00,06,01,2002,15,15554
06.01.2002-18:00:00,06,01,2002,18,13805
06.01.2002-21:00:00,06,01,2002,21,12052
06.02.2002-00:00:00,06,02,2002,00,10210
06.02.2002-03:00:00,06,02,2002,03,9350.2
06.02.2002-06:00:00,06,02,2002,06,9821.7
06.02.2002-09:00:00,06,02,2002,09,13063
06.02.2002-12:00:00,06,02,2002,12,16589
06.02.2002-15:00:00,06,02,2002,15,17785
06.02.2002-18:00:00,06,02,2002,18,16074
06.02.2002-21:00:00,06,02,2002,21,14556
06.03.2002-00:00:00,06,03,2002,00,12346
06.03.2002-03:00:00,06,03,2002,03,10946
06.03.2002-06:00:00,06,03,2002,06,10355
06.03.2002-09:00:00,06,03,2002,09,13413
06.03.2002-12:00:00,06,03,2002,12,16942
06.03.2002-15:00:00,06,03,2002,15,18252
06.03.2002-18:00:00,06,03,2002,18,16685
06.03.2002-21:00:00,06,03,2002,21,15003
06.04.2002-00:00:00,06,04,2002,00,12844
06.04.2002-03:00:00,06,04,2002,03,12207
06.04.2002-06:00:00,06,04,2002,06,12578
06.04.2002-09:00:00,06,04,2002,09,15766
06.04.2002-12:00:00,06,04,2002,12,19326
06.04.2002-15:00:00,06,04,2002,15,20670
06.04.2002-18:00:00,06,04,2002,18,20073
06.04.2002-21:00:00,06,04,2002,21,18667
06.05.2002-00:00:00,06,05,2002,00,16587
06.05.2002-03:00:00,06,05,2002,03,15087
06.05.2002-06:00:00,06,05,2002,06,15287
06.05.2002-09:00:00,06,05,2002,09,18085
06.05.2002-12:00:00,06,05,2002,12,21197
06.05.2002-15:00:00,06,05,2002,15,22414
06.05.2002-18:00:00,06,05,2002,18,21488
06.05.2002-21:00:00,06,05,2002,21,19609
06.06.2002-00:00:00,06,06,2002,00,17644
06.06.2002-03:00:00,06,06,2002,03,15964
06.06.2002-06:00:00,06,06,2002,06,15333
06.06.2002-09:00:00,06,06,2002,09,16160
06.06.2002-12:00:00,06,06,2002,12,17221
06.06.2002-15:00:00,06,06,2002,15,17686
06.06.2002-18:00:00,06,06,2002,18,16621
06.06.2002-21:00:00,06,06,2002,21,15261
06.07.2002-00:00:00,06,07,2002,00,13534
06.07.2002-03:00:00,06,07,2002,03,12186
06.07.2002-06:00:00,06,07,2002,06,11189
06.07.2002-09:00:00,06,07,2002,09,10720
06.07.2002-12:00:00,06,07,2002,12,11900
06.07.2002-15:00:00,06,07,2002,15,12557
06.07.2002-18:00:00,06,07,2002,18,11285
06.07.2002-21:00:00,06,07,2002,21,10213
06.08.2002-00:00:00,06,08,2002,00,9086.3
06.08.2002-03:00:00,06,08,2002,03,8611.8
06.08.2002-06:00:00,06,08,2002,06,7951.4
06.08.2002-09:00:00,06,08,2002,09,7436.8
06.08.2002-12:00:00,06,08,2002,12,7151.9
06.08.2002-15:00:00,06,08,2002,15,7404
06.08.2002-18:00:00,06,08,2002,18,7093.3
06.08.2002-21:00:00,06,08,2002,21,6964.5
06.09.2002-00:00:00,06,09,2002,00,6615.4
06.09.2002-03:00:00,06,09,2002,03,6478.4
06.09.2002-06:00:00,06,09,2002,06,6242
06.09.2002-09:00:00,06,09,2002,09,9056.2
06.09.2002-12:00:00,06,09,2002,12,12756
06.09.2002-15:00:00,06,09,2002,15,14156
06.09.2002-18:00:00,06,09,2002,18,13007
06.09.2002-21:00:00,06,09,2002,21,11855
06.10.2002-00:00:00,06,10,2002,00,10741
06.10.2002-03:00:00,06,10,2002,03,9971.4
06.10.2002-06:00:00,06,10,2002,06,10600
06.10.2002-09:00:00,06,10,2002,09,14125
06.10.2002-12:00:00,06,10,2002,12,18217
06.10.2002-15:00:00,06,10,2002,15,19467
06.10.2002-18:00:00,06,10,2002,18,18544
06.10.2002-21:00:00,06,10,2002,21,17041
06.11.2002-00:00:00,06,11,2002,00,15763
06.11.2002-03:00:00,06,11,2002,03,14499
06.11.2002-06:00:00,06,11,2002,06,13940
06.11.2002-09:00:00,06,11,2002,09,16145
06.11.2002-12:00:00,06,11,2002,12,19156
06.11.2002-15:00:00,06,11,2002,15,19988
06.11.2002-18:00:00,06,11,2002,18,18871
06.11.2002-21:00:00,06,11,2002,21,17441
06.12.2002-00:00:00,06,12,2002,00,16169
06.12.2002-03:00:00,06,12,2002,03,15136
06.12.2002-06:00:00,06,12,2002,06,14937
06.12.2002-09:00:00,06,12,2002,09,18505
06.12.2002-12:00:00,06,12,2002,12,22076
06.12.2002-15:00:00,06,12,2002,15,23460
06.12.2002-18:00:00,06,12,2002,18,22384
06.12.2002-21:00:00,06,12,2002,21,20749
06.13.2002-00:00:00,06,13,2002,00,19184
06.13.2002-03:00:00,06,13,2002,03,18192
06.13.2002-06:00:00,06,13,2002,06,17776
06.13.2002-09:00:00,06,13,2002,09,20865
06.13.2002-12:00:00,06,13,2002,12,23653
06.13.2002-15:00:00,06,13,2002,15,25241
06.13.2002-18:00:00,06,13,2002,18,23779
06.13.2002-21:00:00,06,13,2002,21,22381
06.14.2002-00:00:00,06,14,2002,00,20422
06.14.2002-03:00:00,06,14,2002,03,19424
06.14.2002-06:00:00,06,14,2002,06,19505
06.14.2002-09:00:00,06,14,2002,09,22479
06.14.2002-12:00:00,06,14,2002,12,25778
06.14.2002-15:00:00,06,14,2002,15,27001
06.14.2002-18:00:00,06,14,2002,18,25990
06.14.2002-21:00:00,06,14,2002,21,24301
06.15.2002-00:00:00,06,15,2002,00,23113
06.15.2002-03:00:00,06,15,2002,03,22126
06.15.2002-06:00:00,06,15,2002,06,22691
06.15.2002-09:00:00,06,15,2002,09,25403
06.15.2002-12:00:00,06,15,2002,12,28162
06.15.2002-15:00:00,06,15,2002,15,29307
06.15.2002-18:00:00,06,15,2002,18,28277
06.15.2002-21:00:00,06,15,2002,21,27078
06.16.2002-00:00:00,06,16,2002,00,25843
06.16.2002-03:00:00,06,16,2002,03,24461
06.16.2002-06:00:00,06,16,2002,06,24331
06.16.2002-09:00:00,06,16,2002,09,25909
06.16.2002-12:00:00,06,16,2002,12,27145
06.16.2002-15:00:00,06,16,2002,15,27640
06.16.2002-18:00:00,06,16,2002,18,26382
06.16.2002-21:00:00,06,16,2002,21,25258
06.17.2002-00:00:00,06,17,2002,00,23878
06.17.2002-03:00:00,06,17,2002,03,23112
06.17.2002-06:00:00,06,17,2002,06,22715
06.17.2002-09:00:00,06,17,2002,09,23146
06.17.2002-12:00:00,06,17,2002,12,22986
06.17.2002-15:00:00,06,17,2002,15,22979
06.17.2002-18:00:00,06,17,2002,18,21835
06.17.2002-21:00:00,06,17,2002,21,21045
06.18.2002-00:00:00,06,18,2002,00,19294
06.18.2002-03:00:00,06,18,2002,03,18453
06.18.2002-06:00:00,06,18,2002,06,17531
06.18.2002-09:00:00,06,18,2002,09,17974
06.18.2002-12:00:00,06,18,2002,12,17912
06.18.2002-15:00:00,06,18,2002,15,17638
06.18.2002-18:00:00,06,18,2002,18,16378
06.18.2002-21:00:00,06,18,2002,21,15767
06.19.2002-00:00:00,06,19,2002,00,14634
06.19.2002-03:00:00,06,19,2002,03,14067
06.19.2002-06:00:00,06,19,2002,06,13505
06.19.2002-09:00:00,06,19,2002,09,14345
06.19.2002-12:00:00,06,19,2002,12,14721
06.19.2002-15:00:00,06,19,2002,15,14532
06.19.2002-18:00:00,06,19,2002,18,14081
06.19.2002-21:00:00,06,19,2002,21,13467
06.20.2002-00:00:00,06,20,2002,00,12786
06.20.2002-03:00:00,06,20,2002,03,12321
06.20.2002-06:00:00,06,20,2002,06,11938
06.20.2002-09:00:00,06,20,2002,09,12009
06.20.2002-12:00:00,06,20,2002,12,12503
06.20.2002-15:00:00,06,20,2002,15,12722
06.20.2002-18:00:00,06,20,2002,18,12810
06.20.2002-21:00:00,06,20,2002,21,12334
06.21.2002-00:00:00,06,21,2002,00,11646
06.21.2002-03:00:00,06,21,2002,03,11195
06.21.2002-06:00:00,06,21,2002,06,10546
06.21.2002-09:00:00,06,21,2002,09,10497
06.21.2002-12:00:00,06,21,2002,12,10759
06.21.2002-15:00:00,06,21,2002,15,11406
06.21.2002-18:00:00,06,21,2002,18,11397
06.21.2002-21:00:00,06,21,2002,21,11451
06.22.2002-00:00:00,06,22,2002,00,11092
06.22.2002-03:00:00,06,22,2002,03,11021
06.22.2002-06:00:00,06,22,2002,06,10569
06.22.2002-09:00:00,06,22,2002,09,10416
06.22.2002-12:00:00,06,22,2002,12,10294
06.22.2002-15:00:00,06,22,2002,15,10683
06.22.2002-18:00:00,06,22,2002,18,11096
06.22.2002-21:00:00,06,22,2002,21,11200
06.23.2002-00:00:00,06,23,2002,00,11258
06.23.2002-03:00:00,06,23,2002,03,10929
06.23.2002-06:00:00,06,23,2002,06,10645
06.23.2002-09:00:00,06,23,2002,09,10191
06.23.2002-12:00:00,06,23,2002,12,9945.2
06.23.2002-15:00:00,06,23,2002,15,10113
06.23.2002-18:00:00,06,23,2002,18,10193
06.23.2002-21:00:00,06,23,2002,21,10354
06.24.2002-00:00:00,06,24,2002,00,10419
06.24.2002-03:00:00,06,24,2002,03,10335
06.24.2002-06:00:00,06,24,2002,06,9735.1
06.24.2002-09:00:00,06,24,2002,09,9110.6
06.24.2002-12:00:00,06,24,2002,12,8546.3
06.24.2002-15:00:00,06,24,2002,15,8530.3
06.24.2002-18:00:00,06,24,2002,18,8425.8
06.24.2002-21:00:00,06,24,2002,21,8800
06.25.2002-00:00:00,06,25,2002,00,8692.1
06.25.2002-03:00:00,06,25,2002,03,8917.4
06.25.2002-06:00:00,06,25,2002,06,8257.9
06.25.2002-09:00:00,06,25,2002,09,7610.4
06.25.2002-12:00:00,06,25,2002,12,6961.3
06.25.2002-15:00:00,06,25,2002,15,7065.9
06.25.2002-18:00:00,06,25,2002,18,7065.6
06.25.2002-21:00:00,06,25,2002,21,7355.9
06.26.2002-00:00:00,06,26,2002,00,7411.7
06.26.2002-03:00:00,06,26,2002,03,7581.9
06.26.2002-06:00:00,06,26,2002,06,7295.4
06.26.2002-09:00:00,06,26,2002,09,6691
06.26.2002-12:00:00,06,26,2002,12,6256.8
06.26.2002-15:00:00,06,26,2002,15,6347.6
06.26.2002-18:00:00,06,26,2002,18,6364.7
06.26.2002-21:00:00,06,26,2002,21,6654.8
06.27.2002-00:00:00,06,27,2002,00,6606.9
06.27.2002-03:00:00,06,27,2002,03,6857.5
06.27.2002-06:00:00,06,27,2002,06,6500.5
06.27.2002-09:00:00,06,27,2002,09,6123.7
06.27.2002-12:00:00,06,27,2002,12,5736.7
06.27.2002-15:00:00,06,27,2002,15,5798.9
06.27.2002-18:00:00,06,27,2002,18,5979.3
06.27.2002-21:00:00,06,27,2002,21,6108.8
06.28.2002-00:00:00,06,28,2002,00,6367
06.28.2002-03:00:00,06,28,2002,03,6612.7
06.28.2002-06:00:00,06,28,2002,06,6543.3
06.28.2002-09:00:00,06,28,2002,09,6261.9
06.28.2002-12:00:00,06,28,2002,12,6146.5
06.28.2002-15:00:00,06,28,2002,15,6063.9
06.28.2002-18:00:00,06,28,2002,18,6132.8
06.28.2002-21:00:00,06,28,2002,21,6219.8
06.29.2002-00:00:00,06,29,2002,00,6395
06.29.2002-03:00:00,06,29,2002,03,6459
06.29.2002-06:00:00,06,29,2002,06,6415.7
06.29.2002-09:00:00,06,29,2002,09,6228
06.29.2002-12:00:00,06,29,2002,12,6007.9
06.29.2002-15:00:00,06,29,2002,15,5920.9
06.29.2002-18:00:00,06,29,2002,18,5984.5
06.29.2002-21:00:00,06,29,2002,21,6108.9
06.30.2002-00:00:00,06,30,2002,00,6029.9
06.30.2002-03:00:00,06,30,2002,03,5759.5
06.30.2002-06:00:00,06,30,2002,06,5587.4
06.30.2002-09:00:00,06,30,2002,09,5176.9
06.30.2002-12:00:00,06,30,2002,12,4802
06.30.2002-15:00:00,06,30,2002,15,4754.3
06.30.2002-18:00:00,06,30,2002,18,4772.1
06.30.2002-21:00:00,06,30,2002,21,4771.6
07.01.2002-00:00:00,07,01,2002,00,4792.1
07.01.2002-03:00:00,07,01,2002,03,4678
07.01.2002-06:00:00,07,01,2002,06,4420.8
07.01.2002-09:00:00,07,01,2002,09,3936
07.01.2002-12:00:00,07,01,2002,12,3689.8
07.01.2002-15:00:00,07,01,2002,15,3778.1
07.01.2002-18:00:00,07,01,2002,18,3887.9
07.01.2002-21:00:00,07,01,2002,21,4006.1
07.02.2002-00:00:00,07,02,2002,00,4084.1
07.02.2002-03:00:00,07,02,2002,03,4107.3
07.02.2002-06:00:00,07,02,2002,06,3821
07.02.2002-09:00:00,07,02,2002,09,3340.3
07.02.2002-12:00:00,07,02,2002,12,3135.7
07.02.2002-15:00:00,07,02,2002,15,3302.3
07.02.2002-18:00:00,07,02,2002,18,3484.9
07.02.2002-21:00:00,07,02,2002,21,3631.5
07.03.2002-00:00:00,07,03,2002,00,3731.1
07.03.2002-03:00:00,07,03,2002,03,3725
07.03.2002-06:00:00,07,03,2002,06,3452.1
07.03.2002-09:00:00,07,03,2002,09,3057.7
07.03.2002-12:00:00,07,03,2002,12,2895.5
07.03.2002-15:00:00,07,03,2002,15,3060.8
07.03.2002-18:00:00,07,03,2002,18,3257.4
07.03.2002-21:00:00,07,03,2002,21,3399
07.04.2002-00:00:00,07,04,2002,00,3531.9
07.04.2002-03:00:00,07,04,2002,03,3535.1
07.04.2002-06:00:00,07,04,2002,06,3320.6
07.04.2002-09:00:00,07,04,2002,09,2977.7
07.04.2002-12:00:00,07,04,2002,12,2851.1
07.04.2002-15:00:00,07,04,2002,15,3029
07.04.2002-18:00:00,07,04,2002,18,3187.2
07.04.2002-21:00:00,07,04,2002,21,3331.8
07.05.2002-00:00:00,07,05,2002,00,3436.8
07.05.2002-03:00:00,07,05,2002,03,3478.4
07.05.2002-06:00:00,07,05,2002,06,3148.4
07.05.2002-09:00:00,07,05,2002,09,2691.7
07.05.2002-12:00:00,07,05,2002,12,2426
07.05.2002-15:00:00,07,05,2002,15,2781.8
07.05.2002-18:00:00,07,05,2002,18,2932.4
07.05.2002-21:00:00,07,05,2002,21,3079.2
07.06.2002-00:00:00,07,06,2002,00,3168.6
07.06.2002-03:00:00,07,06,2002,03,3189.5
07.06.2002-06:00:00,07,06,2002,06,2866.3
07.06.2002-09:00:00,07,06,2002,09,2361.3
07.06.2002-12:00:00,07,06,2002,12,2160.2
07.06.2002-15:00:00,07,06,2002,15,2470.2
07.06.2002-18:00:00,07,06,2002,18,2704.5
07.06.2002-21:00:00,07,06,2002,21,2847.6
07.07.2002-00:00:00,07,07,2002,00,2964.6
07.07.2002-03:00:00,07,07,2002,03,2958.4
07.07.2002-06:00:00,07,07,2002,06,2653.9
07.07.2002-09:00:00,07,07,2002,09,2204.6
07.07.2002-12:00:00,07,07,2002,12,2005.7
07.07.2002-15:00:00,07,07,2002,15,2364.5
07.07.2002-18:00:00,07,07,2002,18,2572
07.07.2002-21:00:00,07,07,2002,21,2732.5
07.08.2002-00:00:00,07,08,2002,00,4139.6
07.08.2002-03:00:00,07,08,2002,03,4860.6
07.08.2002-06:00:00,07,08,2002,06,5153.7
07.08.2002-09:00:00,07,08,2002,09,5086.6
07.08.2002-12:00:00,07,08,2002,12,5248.1
07.08.2002-15:00:00,07,08,2002,15,5714.3
07.08.2002-18:00:00,07,08,2002,18,6330.5
07.08.2002-21:00:00,07,08,2002,21,6885.5
07.09.2002-00:00:00,07,09,2002,00,5895.7
07.09.2002-03:00:00,07,09,2002,03,5424.4
07.09.2002-06:00:00,07,09,2002,06,4805.5
07.09.2002-09:00:00,07,09,2002,09,4033.2
07.09.2002-12:00:00,07,09,2002,12,3505.5
07.09.2002-15:00:00,07,09,2002,15,3587.4
07.09.2002-18:00:00,07,09,2002,18,3591.8
07.09.2002-21:00:00,07,09,2002,21,3554.7
07.10.2002-00:00:00,07,10,2002,00,3490.4
07.10.2002-03:00:00,07,10,2002,03,3339.4
07.10.2002-06:00:00,07,10,2002,06,2854.6
07.10.2002-09:00:00,07,10,2002,09,2284.1
07.10.2002-12:00:00,07,10,2002,12,2060.7
07.10.2002-15:00:00,07,10,2002,15,2352
07.10.2002-18:00:00,07,10,2002,18,2553.6
07.10.2002-21:00:00,07,10,2002,21,2701
07.11.2002-00:00:00,07,11,2002,00,2797.6
07.11.2002-03:00:00,07,11,2002,03,2775.3
07.11.2002-06:00:00,07,11,2002,06,2387.3
07.11.2002-09:00:00,07,11,2002,09,1962.9
07.11.2002-12:00:00,07,11,2002,12,1921.8
07.11.2002-15:00:00,07,11,2002,15,2156.8
07.11.2002-18:00:00,07,11,2002,18,2378.4
07.11.2002-21:00:00,07,11,2002,21,2545.3
07.12.2002-00:00:00,07,12,2002,00,2629.5
07.12.2002-03:00:00,07,12,2002,03,2605.2
07.12.2002-06:00:00,07,12,2002,06,2232.5
07.12.2002-09:00:00,07,12,2002,09,1791.6
07.12.2002-12:00:00,07,12,2002,12,1759.1
07.12.2002-15:00:00,07,12,2002,15,1970.4
07.12.2002-18:00:00,07,12,2002,18,2269.1
07.12.2002-21:00:00,07,12,2002,21,2413.7
07.13.2002-00:00:00,07,13,2002,00,2517.3
07.13.2002-03:00:00,07,13,2002,03,2490.5
07.13.2002-06:00:00,07,13,2002,06,2188.4
07.13.2002-09:00:00,07,13,2002,09,1846.7
07.13.2002-12:00:00,07,13,2002,12,1747
07.13.2002-15:00:00,07,13,2002,15,1994.7
07.13.2002-18:00:00,07,13,2002,18,2240.9
07.13.2002-21:00:00,07,13,2002,21,2389.2
07.14.2002-00:00:00,07,14,2002,00,2473
07.14.2002-03:00:00,07,14,2002,03,2420.1
07.14.2002-06:00:00,07,14,2002,06,2072.5
07.14.2002-09:00:00,07,14,2002,09,1672.5
07.14.2002-12:00:00,07,14,2002,12,1550.1
07.14.2002-15:00:00,07,14,2002,15,1824.1
07.14.2002-18:00:00,07,14,2002,18,2122
07.14.2002-21:00:00,07,14,2002,21,2271.2
07.15.2002-00:00:00,07,15,2002,00,2385.8
07.15.2002-03:00:00,07,15,2002,03,2341.4
07.15.2002-06:00:00,07,15,2002,06,2006.2
07.15.2002-09:00:00,07,15,2002,09,1562.9
07.15.2002-12:00:00,07,15,2002,12,1483.5
07.15.2002-15:00:00,07,15,2002,15,1735.9
07.15.2002-18:00:00,07,15,2002,18,2050.5
07.15.2002-21:00:00,07,15,2002,21,2184.9
07.16.2002-00:00:00,07,16,2002,00,2299.6
07.16.2002-03:00:00,07,16,2002,03,2251.7
07.16.2002-06:00:00,07,16,2002,06,1924.1
07.16.2002-09:00:00,07,16,2002,09,1504.5
07.16.2002-12:00:00,07,16,2002,12,1405.6
07.16.2002-15:00:00,07,16,2002,15,1673.3
07.16.2002-18:00:00,07,16,2002,18,1971.3
07.16.2002-21:00:00,07,16,2002,21,2104.9
07.17.2002-00:00:00,07,17,2002,00,2205.3
07.17.2002-03:00:00,07,17,2002,03,2166.2
07.17.2002-06:00:00,07,17,2002,06,1865.7
07.17.2002-09:00:00,07,17,2002,09,1468
07.17.2002-12:00:00,07,17,2002,12,1395.9
07.17.2002-15:00:00,07,17,2002,15,1631.9
07.17.2002-18:00:00,07,17,2002,18,1922.7
07.17.2002-21:00:00,07,17,2002,21,2046.4
07.18.2002-00:00:00,07,18,2002,00,2142.3
07.18.2002-03:00:00,07,18,2002,03,2090.3
07.18.2002-06:00:00,07,18,2002,06,1778.1
07.18.2002-09:00:00,07,18,2002,09,1394
07.18.2002-12:00:00,07,18,2002,12,1309.5
07.18.2002-15:00:00,07,18,2002,15,1566.3
07.18.2002-18:00:00,07,18,2002,18,1850.8
07.18.2002-21:00:00,07,18,2002,21,1973
07.19.2002-00:00:00,07,19,2002,00,2076.6
07.19.2002-03:00:00,07,19,2002,03,2037.3
07.19.2002-06:00:00,07,19,2002,06,1773.4
07.19.2002-09:00:00,07,19,2002,09,1394.7
07.19.2002-12:00:00,07,19,2002,12,1324.8
07.19.2002-15:00:00,07,19,2002,15,1568.9
07.19.2002-18:00:00,07,19,2002,18,1830.2
07.19.2002-21:00:00,07,19,2002,21,1958.8
07.20.2002-00:00:00,07,20,2002,00,2048.6
07.20.2002-03:00:00,07,20,2002,03,2011.1
07.20.2002-06:00:00,07,20,2002,06,1693.9
07.20.2002-09:00:00,07,20,2002,09,1278.8
07.20.2002-12:00:00,07,20,2002,12,1198.9
07.20.2002-15:00:00,07,20,2002,15,1463.6
07.20.2002-18:00:00,07,20,2002,18,1746.7
07.20.2002-21:00:00,07,20,2002,21,1864.9
07.21.2002-00:00:00,07,21,2002,00,1960.4
07.21.2002-03:00:00,07,21,2002,03,1935.7
07.21.2002-06:00:00,07,21,2002,06,1615.1
07.21.2002-09:00:00,07,21,2002,09,1179.4
07.21.2002-12:00:00,07,21,2002,12,1133.7
07.21.2002-15:00:00,07,21,2002,15,1405.4
07.21.2002-18:00:00,07,21,2002,18,1659.1
07.21.2002-21:00:00,07,21,2002,21,1803.4
07.22.2002-00:00:00,07,22,2002,00,1897.2
07.22.2002-03:00:00,07,22,2002,03,1880.9
07.22.2002-06:00:00,07,22,2002,06,1557.6
07.22.2002-09:00:00,07,22,2002,09,1130.8
07.22.2002-12:00:00,07,22,2002,12,1074.7
07.22.2002-15:00:00,07,22,2002,15,1353.9
07.22.2002-18:00:00,07,22,2002,18,1608
07.22.2002-21:00:00,07,22,2002,21,1747.7
07.23.2002-00:00:00,07,23,2002,00,1841.1
07.23.2002-03:00:00,07,23,2002,03,1822.4
07.23.2002-06:00:00,07,23,2002,06,1499.9
07.23.2002-09:00:00,07,23,2002,09,1097.8
07.23.2002-12:00:00,07,23,2002,12,1042.4
07.23.2002-15:00:00,07,23,2002,15,1298.9
07.23.2002-18:00:00,07,23,2002,18,1570.2
07.23.2002-21:00:00,07,23,2002,21,1702.7
07.24.2002-00:00:00,07,24,2002,00,1784.3
07.24.2002-03:00:00,07,24,2002,03,1747.7
07.24.2002-06:00:00,07,24,2002,06,1441.9
07.24.2002-09:00:00,07,24,2002,09,1049.7
07.24.2002-12:00:00,07,24,2002,12,1002.1
07.24.2002-15:00:00,07,24,2002,15,1248.6
07.24.2002-18:00:00,07,24,2002,18,1512.1
07.24.2002-21:00:00,07,24,2002,21,1652.3
07.25.2002-00:00:00,07,25,2002,00,1734.1
07.25.2002-03:00:00,07,25,2002,03,1704.6
07.25.2002-06:00:00,07,25,2002,06,1510.7
07.25.2002-09:00:00,07,25,2002,09,1237.8
07.25.2002-12:00:00,07,25,2002,12,1177.7
07.25.2002-15:00:00,07,25,2002,15,1352.9
07.25.2002-18:00:00,07,25,2002,18,1552.6
07.25.2002-21:00:00,07,25,2002,21,1688.7
07.26.2002-00:00:00,07,26,2002,00,1765.4
07.26.2002-03:00:00,07,26,2002,03,1701.7
07.26.2002-06:00:00,07,26,2002,06,1442.2
07.26.2002-09:00:00,07,26,2002,09,1120
07.26.2002-12:00:00,07,26,2002,12,1048.6
07.26.2002-15:00:00,07,26,2002,15,1270.1
07.26.2002-18:00:00,07,26,2002,18,1486.7
07.26.2002-21:00:00,07,26,2002,21,1630
07.27.2002-00:00:00,07,27,2002,00,1702.8
07.27.2002-03:00:00,07,27,2002,03,1687.4
07.27.2002-06:00:00,07,27,2002,06,1471
07.27.2002-09:00:00,07,27,2002,09,1182.2
07.27.2002-12:00:00,07,27,2002,12,1095.5
07.27.2002-15:00:00,07,27,2002,15,1304.1
07.27.2002-18:00:00,07,27,2002,18,1516.1
07.27.2002-21:00:00,07,27,2002,21,1632.2
07.28.2002-00:00:00,07,28,2002,00,1700.6
07.28.2002-03:00:00,07,28,2002,03,1677.5
07.28.2002-06:00:00,07,28,2002,06,1594.7
07.28.2002-09:00:00,07,28,2002,09,1473.5
07.28.2002-12:00:00,07,28,2002,12,1448.2
07.28.2002-15:00:00,07,28,2002,15,1527.8
07.28.2002-18:00:00,07,28,2002,18,1619.7
07.28.2002-21:00:00,07,28,2002,21,1709.4
07.29.2002-00:00:00,07,29,2002,00,1746.3
07.29.2002-03:00:00,07,29,2002,03,1701
07.29.2002-06:00:00,07,29,2002,06,1642
07.29.2002-09:00:00,07,29,2002,09,1524.4
07.29.2002-12:00:00,07,29,2002,12,1504.5
07.29.2002-15:00:00,07,29,2002,15,1548.2
07.29.2002-18:00:00,07,29,2002,18,1644.3
07.29.2002-21:00:00,07,29,2002,21,1705.7
07.30.2002-00:00:00,07,30,2002,00,1752.3
07.30.2002-03:00:00,07,30,2002,03,1684.5
07.30.2002-06:00:00,07,30,2002,06,1510.7
07.30.2002-09:00:00,07,30,2002,09,1223.7
07.30.2002-12:00:00,07,30,2002,12,1160.6
07.30.2002-15:00:00,07,30,2002,15,1311.7
07.30.2002-18:00:00,07,30,2002,18,1493.3
07.30.2002-21:00:00,07,30,2002,21,1604
07.31.2002-00:00:00,07,31,2002,00,1656.3
07.31.2002-03:00:00,07,31,2002,03,1620.7
07.31.2002-06:00:00,07,31,2002,06,1378.9
07.31.2002-09:00:00,07,31,2002,09,1029.1
07.31.2002-12:00:00,07,31,2002,12,945.18
07.31.2002-15:00:00,07,31,2002,15,1175.6
07.31.2002-18:00:00,07,31,2002,18,1407
07.31.2002-21:00:00,07,31,2002,21,1509.9
08.01.2002-00:00:00,08,01,2002,00,1591.2
08.01.2002-03:00:00,08,01,2002,03,1550.5
08.01.2002-06:00:00,08,01,2002,06,1356.3
08.01.2002-09:00:00,08,01,2002,09,963.47
08.01.2002-12:00:00,08,01,2002,12,901.51
08.01.2002-15:00:00,08,01,2002,15,1182.1
08.01.2002-18:00:00,08,01,2002,18,1388.5
08.01.2002-21:00:00,08,01,2002,21,1485.4
08.02.2002-00:00:00,08,02,2002,00,1559.9
08.02.2002-03:00:00,08,02,2002,03,1495.1
08.02.2002-06:00:00,08,02,2002,06,1294
08.02.2002-09:00:00,08,02,2002,09,946.83
08.02.2002-12:00:00,08,02,2002,12,880.47
08.02.2002-15:00:00,08,02,2002,15,1154.7
08.02.2002-18:00:00,08,02,2002,18,1347.1
08.02.2002-21:00:00,08,02,2002,21,1448.4
08.03.2002-00:00:00,08,03,2002,00,1525.7
08.03.2002-03:00:00,08,03,2002,03,1511.4
08.03.2002-06:00:00,08,03,2002,06,1330.3
08.03.2002-09:00:00,08,03,2002,09,970.11
08.03.2002-12:00:00,08,03,2002,12,918.63
08.03.2002-15:00:00,08,03,2002,15,1160.3
08.03.2002-18:00:00,08,03,2002,18,1357.6
08.03.2002-21:00:00,08,03,2002,21,1444.7
08.04.2002-00:00:00,08,04,2002,00,1505.3
08.04.2002-03:00:00,08,04,2002,03,1440.4
08.04.2002-06:00:00,08,04,2002,06,1280.4
08.04.2002-09:00:00,08,04,2002,09,937.16
08.04.2002-12:00:00,08,04,2002,12,897.41
08.04.2002-15:00:00,08,04,2002,15,1121.9
08.04.2002-18:00:00,08,04,2002,18,1319.2
08.04.2002-21:00:00,08,04,2002,21,1412
08.05.2002-00:00:00,08,05,2002,00,1482.4
08.05.2002-03:00:00,08,05,2002,03,1477.8
08.05.2002-06:00:00,08,05,2002,06,1325.5
08.05.2002-09:00:00,08,05,2002,09,964.53
08.05.2002-12:00:00,08,05,2002,12,912.14
08.05.2002-15:00:00,08,05,2002,15,1141.2
08.05.2002-18:00:00,08,05,2002,18,1331
08.05.2002-21:00:00,08,05,2002,21,1403.2
08.06.2002-00:00:00,08,06,2002,00,1493.9
08.06.2002-03:00:00,08,06,2002,03,1468.7
08.06.2002-06:00:00,08,06,2002,06,1372.1
08.06.2002-09:00:00,08,06,2002,09,1143.7
08.06.2002-12:00:00,08,06,2002,12,1038.4
08.06.2002-15:00:00,08,06,2002,15,1245
08.06.2002-18:00:00,08,06,2002,18,1401
08.06.2002-21:00:00,08,06,2002,21,1492.1
08.07.2002-00:00:00,08,07,2002,00,1514.5
08.07.2002-03:00:00,08,07,2002,03,1461
08.07.2002-06:00:00,08,07,2002,06,1314.3
08.07.2002-09:00:00,08,07,2002,09,967.25
08.07.2002-12:00:00,08,07,2002,12,872.24
08.07.2002-15:00:00,08,07,2002,15,1094.3
08.07.2002-18:00:00,08,07,2002,18,1276.1
08.07.2002-21:00:00,08,07,2002,21,1363.2
08.08.2002-00:00:00,08,08,2002,00,1413.2
08.08.2002-03:00:00,08,08,2002,03,1357.3
08.08.2002-06:00:00,08,08,2002,06,1142.5
08.08.2002-09:00:00,08,08,2002,09,777.65
08.08.2002-12:00:00,08,08,2002,12,732.1
08.08.2002-15:00:00,08,08,2002,15,982.39
08.08.2002-18:00:00,08,08,2002,18,1160.1
08.08.2002-21:00:00,08,08,2002,21,1270.2
08.09.2002-00:00:00,08,09,2002,00,1340.2
08.09.2002-03:00:00,08,09,2002,03,1279.4
08.09.2002-06:00:00,08,09,2002,06,1099.1
08.09.2002-09:00:00,08,09,2002,09,776.93
08.09.2002-12:00:00,08,09,2002,12,719.26
08.09.2002-15:00:00,08,09,2002,15,957.93
08.09.2002-18:00:00,08,09,2002,18,1120
08.09.2002-21:00:00,08,09,2002,21,1234.2
08.10.2002-00:00:00,08,10,2002,00,1313.4
08.10.2002-03:00:00,08,10,2002,03,1247
08.10.2002-06:00:00,08,10,2002,06,1073.3
08.10.2002-09:00:00,08,10,2002,09,775.27
08.10.2002-12:00:00,08,10,2002,12,733.21
08.10.2002-15:00:00,08,10,2002,15,937.75
08.10.2002-18:00:00,08,10,2002,18,1102.9
08.10.2002-21:00:00,08,10,2002,21,1217.2
08.11.2002-00:00:00,08,11,2002,00,1295.6
08.11.2002-03:00:00,08,11,2002,03,1243.2
08.11.2002-06:00:00,08,11,2002,06,1040.3
08.11.2002-09:00:00,08,11,2002,09,719.98
08.11.2002-12:00:00,08,11,2002,12,662.28
08.11.2002-15:00:00,08,11,2002,15,913.72
08.11.2002-18:00:00,08,11,2002,18,1067.3
08.11.2002-21:00:00,08,11,2002,21,1177.9
08.12.2002-00:00:00,08,12,2002,00,1260.8
08.12.2002-03:00:00,08,12,2002,03,1203.6
08.12.2002-06:00:00,08,12,2002,06,1002.2
08.12.2002-09:00:00,08,12,2002,09,659.13
08.12.2002-12:00:00,08,12,2002,12,633.47
08.12.2002-15:00:00,08,12,2002,15,846.15
08.12.2002-18:00:00,08,12,2002,18,1028.3
08.12.2002-21:00:00,08,12,2002,21,1124.9
08.13.2002-00:00:00,08,13,2002,00,1220.1
08.13.2002-03:00:00,08,13,2002,03,1168.2
08.13.2002-06:00:00,08,13,2002,06,955.39
08.13.2002-09:00:00,08,13,2002,09,631.69
08.13.2002-12:00:00,08,13,2002,12,632.99
08.13.2002-15:00:00,08,13,2002,15,825.95
08.13.2002-18:00:00,08,13,2002,18,1005.2
08.13.2002-21:00:00,08,13,2002,21,1091.3
08.14.2002-00:00:00,08,14,2002,00,1184.2
08.14.2002-03:00:00,08,14,2002,03,1143.4
08.14.2002-06:00:00,08,14,2002,06,970.85
08.14.2002-09:00:00,08,14,2002,09,719.39
08.14.2002-12:00:00,08,14,2002,12,673.56
08.14.2002-15:00:00,08,14,2002,15,870.68
08.14.2002-18:00:00,08,14,2002,18,995.71
08.14.2002-21:00:00,08,14,2002,21,1111.7
08.15.2002-00:00:00,08,15,2002,00,1190.9
08.15.2002-03:00:00,08,15,2002,03,1144.7
08.15.2002-06:00:00,08,15,2002,06,951.88
08.15.2002-09:00:00,08,15,2002,09,630.13
08.15.2002-12:00:00,08,15,2002,12,588.4
08.15.2002-15:00:00,08,15,2002,15,814.31
08.15.2002-18:00:00,08,15,2002,18,972.54
08.15.2002-21:00:00,08,15,2002,21,1061
08.16.2002-00:00:00,08,16,2002,00,1156.4
08.16.2002-03:00:00,08,16,2002,03,1119.8
08.16.2002-06:00:00,08,16,2002,06,930.81
08.16.2002-09:00:00,08,16,2002,09,610.6
08.16.2002-12:00:00,08,16,2002,12,569.98
08.16.2002-15:00:00,08,16,2002,15,803.14
08.16.2002-18:00:00,08,16,2002,18,958.31
08.16.2002-21:00:00,08,16,2002,21,1046.3
08.17.2002-00:00:00,08,17,2002,00,1141.2
08.17.2002-03:00:00,08,17,2002,03,1152.6
08.17.2002-06:00:00,08,17,2002,06,978.13
08.17.2002-09:00:00,08,17,2002,09,634.03
08.17.2002-12:00:00,08,17,2002,12,588.34
08.17.2002-15:00:00,08,17,2002,15,823.95
08.17.2002-18:00:00,08,17,2002,18,970.49
08.17.2002-21:00:00,08,17,2002,21,1064.5
08.18.2002-00:00:00,08,18,2002,00,1146.8
08.18.2002-03:00:00,08,18,2002,03,1128.4
08.18.2002-06:00:00,08,18,2002,06,951.46
08.18.2002-09:00:00,08,18,2002,09,628.79
08.18.2002-12:00:00,08,18,2002,12,580.85
08.18.2002-15:00:00,08,18,2002,15,805.54
08.18.2002-18:00:00,08,18,2002,18,951.97
08.18.2002-21:00:00,08,18,2002,21,1038.2
08.19.2002-00:00:00,08,19,2002,00,1117.2
08.19.2002-03:00:00,08,19,2002,03,1114.5
08.19.2002-06:00:00,08,19,2002,06,980.62
08.19.2002-09:00:00,08,19,2002,09,743.68
08.19.2002-12:00:00,08,19,2002,12,695.43
08.19.2002-15:00:00,08,19,2002,15,863.53
08.19.2002-18:00:00,08,19,2002,18,977.76
08.19.2002-21:00:00,08,19,2002,21,1075.3
08.20.2002-00:00:00,08,20,2002,00,1139.8
08.20.2002-03:00:00,08,20,2002,03,1100.1
08.20.2002-06:00:00,08,20,2002,06,953.73
08.20.2002-09:00:00,08,20,2002,09,688.87
08.20.2002-12:00:00,08,20,2002,12,644.02
08.20.2002-15:00:00,08,20,2002,15,825.09
08.20.2002-18:00:00,08,20,2002,18,950.87
08.20.2002-21:00:00,08,20,2002,21,1041.9
08.21.2002-00:00:00,08,21,2002,00,1104.1
08.21.2002-03:00:00,08,21,2002,03,1082
08.21.2002-06:00:00,08,21,2002,06,916.27
08.21.2002-09:00:00,08,21,2002,09,659.46
08.21.2002-12:00:00,08,21,2002,12,595.13
08.21.2002-15:00:00,08,21,2002,15,799.16
08.21.2002-18:00:00,08,21,2002,18,924.84
08.21.2002-21:00:00,08,21,2002,21,1007.1
08.22.2002-00:00:00,08,22,2002,00,1076
08.22.2002-03:00:00,08,22,2002,03,1056.1
08.22.2002-06:00:00,08,22,2002,06,896.17
08.22.2002-09:00:00,08,22,2002,09,613.65
08.22.2002-12:00:00,08,22,2002,12,573.84
08.22.2002-15:00:00,08,22,2002,15,758.21
08.22.2002-18:00:00,08,22,2002,18,909.71
08.22.2002-21:00:00,08,22,2002,21,978.59
08.23.2002-00:00:00,08,23,2002,00,1055.9
08.23.2002-03:00:00,08,23,2002,03,1033.9
08.23.2002-06:00:00,08,23,2002,06,862.79
08.23.2002-09:00:00,08,23,2002,09,554.84
08.23.2002-12:00:00,08,23,2002,12,519.6
08.23.2002-15:00:00,08,23,2002,15,708.25
08.23.2002-18:00:00,08,23,2002,18,883.19
08.23.2002-21:00:00,08,23,2002,21,944.95
08.24.2002-00:00:00,08,24,2002,00,1011.6
08.24.2002-03:00:00,08,24,2002,03,1015.2
08.24.2002-06:00:00,08,24,2002,06,856.02
08.24.2002-09:00:00,08,24,2002,09,564.81
08.24.2002-12:00:00,08,24,2002,12,513.76
08.24.2002-15:00:00,08,24,2002,15,714.16
08.24.2002-18:00:00,08,24,2002,18,872.81
08.24.2002-21:00:00,08,24,2002,21,938.92
08.25.2002-00:00:00,08,25,2002,00,1203.6
08.25.2002-03:00:00,08,25,2002,03,1418
08.25.2002-06:00:00,08,25,2002,06,1369
08.25.2002-09:00:00,08,25,2002,09,1176.2
08.25.2002-12:00:00,08,25,2002,12,1046.1
08.25.2002-15:00:00,08,25,2002,15,1221.4
08.25.2002-18:00:00,08,25,2002,18,1437.1
08.25.2002-21:00:00,08,25,2002,21,1587.3
08.26.2002-00:00:00,08,26,2002,00,1405.1
08.26.2002-03:00:00,08,26,2002,03,1356.2
08.26.2002-06:00:00,08,26,2002,06,1202.3
08.26.2002-09:00:00,08,26,2002,09,920.01
08.26.2002-12:00:00,08,26,2002,12,765.44
08.26.2002-15:00:00,08,26,2002,15,929.89
08.26.2002-18:00:00,08,26,2002,18,1066
08.26.2002-21:00:00,08,26,2002,21,1198.9
08.27.2002-00:00:00,08,27,2002,00,1143.4
08.27.2002-03:00:00,08,27,2002,03,1095.9
08.27.2002-06:00:00,08,27,2002,06,902.83
08.27.2002-09:00:00,08,27,2002,09,636.78
08.27.2002-12:00:00,08,27,2002,12,526.65
08.27.2002-15:00:00,08,27,2002,15,704.76
08.27.2002-18:00:00,08,27,2002,18,863.22
08.27.2002-21:00:00,08,27,2002,21,939.12
08.28.2002-00:00:00,08,28,2002,00,996.03
08.28.2002-03:00:00,08,28,2002,03,995.71
08.28.2002-06:00:00,08,28,2002,06,837.75
08.28.2002-09:00:00,08,28,2002,09,559.27
08.28.2002-12:00:00,08,28,2002,12,506.83
08.28.2002-15:00:00,08,28,2002,15,686.87
08.28.2002-18:00:00,08,28,2002,18,844.11
08.28.2002-21:00:00,08,28,2002,21,915.9
08.29.2002-00:00:00,08,29,2002,00,970.59
08.29.2002-03:00:00,08,29,2002,03,976.81
08.29.2002-06:00:00,08,29,2002,06,858.96
08.29.2002-09:00:00,08,29,2002,09,620.85
08.29.2002-12:00:00,08,29,2002,12,581.02
08.29.2002-15:00:00,08,29,2002,15,743.38
08.29.2002-18:00:00,08,29,2002,18,859.73
08.29.2002-21:00:00,08,29,2002,21,936.44
08.30.2002-00:00:00,08,30,2002,00,988.86
08.30.2002-03:00:00,08,30,2002,03,979.13
08.30.2002-06:00:00,08,30,2002,06,840.89
08.30.2002-09:00:00,08,30,2002,09,613.58
08.30.2002-12:00:00,08,30,2002,12,548.52
08.30.2002-15:00:00,08,30,2002,15,710.8
08.30.2002-18:00:00,08,30,2002,18,855.49
08.30.2002-21:00:00,08,30,2002,21,922.26
08.31.2002-00:00:00,08,31,2002,00,982.34
08.31.2002-03:00:00,08,31,2002,03,989.85
08.31.2002-06:00:00,08,31,2002,06,887.28
08.31.2002-09:00:00,08,31,2002,09,680.13
08.31.2002-12:00:00,08,31,2002,12,603.38
08.31.2002-15:00:00,08,31,2002,15,750.09
08.31.2002-18:00:00,08,31,2002,18,879.55
08.31.2002-21:00:00,08,31,2002,21,941.78
09.01.2002-00:00:00,09,01,2002,00,971.36
09.01.2002-03:00:00,09,01,2002,03,966.52
09.01.2002-06:00:00,09,01,2002,06,888.09
09.01.2002-09:00:00,09,01,2002,09,779.78
09.01.2002-12:00:00,09,01,2002,12,745.2
09.01.2002-15:00:00,09,01,2002,15,799.94
09.01.2002-18:00:00,09,01,2002,18,881.65
09.01.2002-21:00:00,09,01,2002,21,955.9
09.02.2002-00:00:00,09,02,2002,00,986.82
09.02.2002-03:00:00,09,02,2002,03,990.68
09.02.2002-06:00:00,09,02,2002,06,853.7
09.02.2002-09:00:00,09,02,2002,09,626.44
09.02.2002-12:00:00,09,02,2002,12,599.34
09.02.2002-15:00:00,09,02,2002,15,758.43
09.02.2002-18:00:00,09,02,2002,18,865.53
09.02.2002-21:00:00,09,02,2002,21,933.83
09.03.2002-00:00:00,09,03,2002,00,974.08
09.03.2002-03:00:00,09,03,2002,03,975.08
09.03.2002-06:00:00,09,03,2002,06,866.97
09.03.2002-09:00:00,09,03,2002,09,654.6
09.03.2002-12:00:00,09,03,2002,12,629.22
09.03.2002-15:00:00,09,03,2002,15,774.49
09.03.2002-18:00:00,09,03,2002,18,880.25
09.03.2002-21:00:00,09,03,2002,21,936.17
09.04.2002-00:00:00,09,04,2002,00,980.15
09.04.2002-03:00:00,09,04,2002,03,984.27
09.04.2002-06:00:00,09,04,2002,06,881.74
09.04.2002-09:00:00,09,04,2002,09,623.54
09.04.2002-12:00:00,09,04,2002,12,606.17
09.04.2002-15:00:00,09,04,2002,15,762.75
09.04.2002-18:00:00,09,04,2002,18,878.35
09.04.2002-21:00:00,09,04,2002,21,926.08
09.05.2002-00:00:00,09,05,2002,00,985.23
09.05.2002-03:00:00,09,05,2002,03,990.89
09.05.2002-06:00:00,09,05,2002,06,948.81
09.05.2002-09:00:00,09,05,2002,09,692.8
09.05.2002-12:00:00,09,05,2002,12,622.67
09.05.2002-15:00:00,09,05,2002,15,796.82
09.05.2002-18:00:00,09,05,2002,18,914.45
09.05.2002-21:00:00,09,05,2002,21,953.02
09.06.2002-00:00:00,09,06,2002,00,988.72
09.06.2002-03:00:00,09,06,2002,03,997.36
09.06.2002-06:00:00,09,06,2002,06,907.74
09.06.2002-09:00:00,09,06,2002,09,651.9
09.06.2002-12:00:00,09,06,2002,12,605.81
09.06.2002-15:00:00,09,06,2002,15,761.3
09.06.2002-18:00:00,09,06,2002,18,870.92
09.06.2002-21:00:00,09,06,2002,21,916.91
09.07.2002-00:00:00,09,07,2002,00,971.85
09.07.2002-03:00:00,09,07,2002,03,987.29
09.07.2002-06:00:00,09,07,2002,06,1107.1
09.07.2002-09:00:00,09,07,2002,09,915.93
09.07.2002-12:00:00,09,07,2002,12,782.9
09.07.2002-15:00:00,09,07,2002,15,905.7
09.07.2002-18:00:00,09,07,2002,18,1005.5
09.07.2002-21:00:00,09,07,2002,21,1081.7
09.08.2002-00:00:00,09,08,2002,00,1029.4
09.08.2002-03:00:00,09,08,2002,03,1028.4
09.08.2002-06:00:00,09,08,2002,06,997.98
09.08.2002-09:00:00,09,08,2002,09,825.78
09.08.2002-12:00:00,09,08,2002,12,732.86
09.08.2002-15:00:00,09,08,2002,15,837.87
09.08.2002-18:00:00,09,08,2002,18,908.88
09.08.2002-21:00:00,09,08,2002,21,944.19
09.09.2002-00:00:00,09,09,2002,00,961.35
09.09.2002-03:00:00,09,09,2002,03,971.49
09.09.2002-06:00:00,09,09,2002,06,837.15
09.09.2002-09:00:00,09,09,2002,09,595.68
09.09.2002-12:00:00,09,09,2002,12,554.27
09.09.2002-15:00:00,09,09,2002,15,706.96
09.09.2002-18:00:00,09,09,2002,18,820.42
09.09.2002-21:00:00,09,09,2002,21,875.58
09.10.2002-00:00:00,09,10,2002,00,918.16
09.10.2002-03:00:00,09,10,2002,03,932.06
09.10.2002-06:00:00,09,10,2002,06,820.88
09.10.2002-09:00:00,09,10,2002,09,550.83
09.10.2002-12:00:00,09,10,2002,12,532.57
09.10.2002-15:00:00,09,10,2002,15,667.8
09.10.2002-18:00:00,09,10,2002,18,801.67
09.10.2002-21:00:00,09,10,2002,21,853.95
09.11.2002-00:00:00,09,11,2002,00,895.93
09.11.2002-03:00:00,09,11,2002,03,913.37
09.11.2002-06:00:00,09,11,2002,06,789.75
09.11.2002-09:00:00,09,11,2002,09,523.45
09.11.2002-12:00:00,09,11,2002,12,511.7
09.11.2002-15:00:00,09,11,2002,15,646.52
09.11.2002-18:00:00,09,11,2002,18,775.24
09.11.2002-21:00:00,09,11,2002,21,829.46
09.12.2002-00:00:00,09,12,2002,00,872.78
09.12.2002-03:00:00,09,12,2002,03,895.46
09.12.2002-06:00:00,09,12,2002,06,777.8
09.12.2002-09:00:00,09,12,2002,09,516.18
09.12.2002-12:00:00,09,12,2002,12,504.1
09.12.2002-15:00:00,09,12,2002,15,634.89
09.12.2002-18:00:00,09,12,2002,18,762.53
09.12.2002-21:00:00,09,12,2002,21,816.33
09.13.2002-00:00:00,09,13,2002,00,860.36
09.13.2002-03:00:00,09,13,2002,03,872.19
09.13.2002-06:00:00,09,13,2002,06,747.65
09.13.2002-09:00:00,09,13,2002,09,493.65
09.13.2002-12:00:00,09,13,2002,12,492.2
09.13.2002-15:00:00,09,13,2002,15,605.67
09.13.2002-18:00:00,09,13,2002,18,738.24
09.13.2002-21:00:00,09,13,2002,21,800.47
09.14.2002-00:00:00,09,14,2002,00,838.62
09.14.2002-03:00:00,09,14,2002,03,871.8
09.14.2002-06:00:00,09,14,2002,06,758.64
09.14.2002-09:00:00,09,14,2002,09,519.91
09.14.2002-12:00:00,09,14,2002,12,487.89
09.14.2002-15:00:00,09,14,2002,15,623.62
09.14.2002-18:00:00,09,14,2002,18,744.76
09.14.2002-21:00:00,09,14,2002,21,801.2
09.15.2002-00:00:00,09,15,2002,00,836.25
09.15.2002-03:00:00,09,15,2002,03,858.78
09.15.2002-06:00:00,09,15,2002,06,760.27
09.15.2002-09:00:00,09,15,2002,09,556.88
09.15.2002-12:00:00,09,15,2002,12,529.6
09.15.2002-15:00:00,09,15,2002,15,649.97
09.15.2002-18:00:00,09,15,2002,18,755.06
09.15.2002-21:00:00,09,15,2002,21,802.78
09.16.2002-00:00:00,09,16,2002,00,825.91
09.16.2002-03:00:00,09,16,2002,03,853.29
09.16.2002-06:00:00,09,16,2002,06,740.6
09.16.2002-09:00:00,09,16,2002,09,577.16
09.16.2002-12:00:00,09,16,2002,12,531.78
09.16.2002-15:00:00,09,16,2002,15,660.04
09.16.2002-18:00:00,09,16,2002,18,752.83
09.16.2002-21:00:00,09,16,2002,21,796.99
09.17.2002-00:00:00,09,17,2002,00,821.36
09.17.2002-03:00:00,09,17,2002,03,845.68
09.17.2002-06:00:00,09,17,2002,06,762.09
09.17.2002-09:00:00,09,17,2002,09,620.91
09.17.2002-12:00:00,09,17,2002,12,579.98
09.17.2002-15:00:00,09,17,2002,15,684.91
09.17.2002-18:00:00,09,17,2002,18,770.38
09.17.2002-21:00:00,09,17,2002,21,804.48
09.18.2002-00:00:00,09,18,2002,00,826.99
09.18.2002-03:00:00,09,18,2002,03,847.04
09.18.2002-06:00:00,09,18,2002,06,756.82
09.18.2002-09:00:00,09,18,2002,09,572.56
09.18.2002-12:00:00,09,18,2002,12,528.19
09.18.2002-15:00:00,09,18,2002,15,674.25
09.18.2002-18:00:00,09,18,2002,18,760.56
09.18.2002-21:00:00,09,18,2002,21,799.27
09.19.2002-00:00:00,09,19,2002,00,816.47
09.19.2002-03:00:00,09,19,2002,03,841.85
09.19.2002-06:00:00,09,19,2002,06,748.59
09.19.2002-09:00:00,09,19,2002,09,535.01
09.19.2002-12:00:00,09,19,2002,12,492.4
09.19.2002-15:00:00,09,19,2002,15,637.22
09.19.2002-18:00:00,09,19,2002,18,736.17
09.19.2002-21:00:00,09,19,2002,21,783.51
09.20.2002-00:00:00,09,20,2002,00,805.21
09.20.2002-03:00:00,09,20,2002,03,827.49
09.20.2002-06:00:00,09,20,2002,06,752.33
09.20.2002-09:00:00,09,20,2002,09,529.12
09.20.2002-12:00:00,09,20,2002,12,510.02
09.20.2002-15:00:00,09,20,2002,15,632.58
09.20.2002-18:00:00,09,20,2002,18,741.17
09.20.2002-21:00:00,09,20,2002,21,779.2
09.21.2002-00:00:00,09,21,2002,00,801.17
09.21.2002-03:00:00,09,21,2002,03,822.78
09.21.2002-06:00:00,09,21,2002,06,792.7
09.21.2002-09:00:00,09,21,2002,09,538.15
09.21.2002-12:00:00,09,21,2002,12,493.79
09.21.2002-15:00:00,09,21,2002,15,637.22
09.21.2002-18:00:00,09,21,2002,18,739.23
09.21.2002-21:00:00,09,21,2002,21,766.49
09.22.2002-00:00:00,09,22,2002,00,801.18
09.22.2002-03:00:00,09,22,2002,03,815.36
09.22.2002-06:00:00,09,22,2002,06,778.39
09.22.2002-09:00:00,09,22,2002,09,524.1
09.22.2002-12:00:00,09,22,2002,12,480.1
09.22.2002-15:00:00,09,22,2002,15,603.63
09.22.2002-18:00:00,09,22,2002,18,713.8
09.22.2002-21:00:00,09,22,2002,21,755.53
09.23.2002-00:00:00,09,23,2002,00,784.11
09.23.2002-03:00:00,09,23,2002,03,799.45
09.23.2002-06:00:00,09,23,2002,06,729.7
09.23.2002-09:00:00,09,23,2002,09,497.7
09.23.2002-12:00:00,09,23,2002,12,475.62
09.23.2002-15:00:00,09,23,2002,15,583.4
09.23.2002-18:00:00,09,23,2002,18,695.32
09.23.2002-21:00:00,09,23,2002,21,741.44
09.24.2002-00:00:00,09,24,2002,00,763.97
09.24.2002-03:00:00,09,24,2002,03,784.14
09.24.2002-06:00:00,09,24,2002,06,717.13
09.24.2002-09:00:00,09,24,2002,09,541.4
09.24.2002-12:00:00,09,24,2002,12,526.67
09.24.2002-15:00:00,09,24,2002,15,622.68
09.24.2002-18:00:00,09,24,2002,18,717.44
09.24.2002-21:00:00,09,24,2002,21,743.78
09.25.2002-00:00:00,09,25,2002,00,762.4
09.25.2002-03:00:00,09,25,2002,03,774.94
09.25.2002-06:00:00,09,25,2002,06,696.86
09.25.2002-09:00:00,09,25,2002,09,482.11
09.25.2002-12:00:00,09,25,2002,12,467.02
09.25.2002-15:00:00,09,25,2002,15,567.66
09.25.2002-18:00:00,09,25,2002,18,677.81
09.25.2002-21:00:00,09,25,2002,21,725.53
09.26.2002-00:00:00,09,26,2002,00,749.66
09.26.2002-03:00:00,09,26,2002,03,758.71
09.26.2002-06:00:00,09,26,2002,06,732.18
09.26.2002-09:00:00,09,26,2002,09,603.85
09.26.2002-12:00:00,09,26,2002,12,573.3
09.26.2002-15:00:00,09,26,2002,15,650.08
09.26.2002-18:00:00,09,26,2002,18,721.66
09.26.2002-21:00:00,09,26,2002,21,741.95
09.27.2002-00:00:00,09,27,2002,00,756.82
09.27.2002-03:00:00,09,27,2002,03,765.87
09.27.2002-06:00:00,09,27,2002,06,692.26
09.27.2002-09:00:00,09,27,2002,09,503.03
09.27.2002-12:00:00,09,27,2002,12,482.36
09.27.2002-15:00:00,09,27,2002,15,592.8
09.27.2002-18:00:00,09,27,2002,18,687.42
09.27.2002-21:00:00,09,27,2002,21,725.47
09.28.2002-00:00:00,09,28,2002,00,741.54
09.28.2002-03:00:00,09,28,2002,03,754.53
09.28.2002-06:00:00,09,28,2002,06,732.64
09.28.2002-09:00:00,09,28,2002,09,511.76
09.28.2002-12:00:00,09,28,2002,12,475.24
09.28.2002-15:00:00,09,28,2002,15,592.29
09.28.2002-18:00:00,09,28,2002,18,685.96
09.28.2002-21:00:00,09,28,2002,21,713.61
09.29.2002-00:00:00,09,29,2002,00,737.86
09.29.2002-03:00:00,09,29,2002,03,744.91
09.29.2002-06:00:00,09,29,2002,06,719.03
09.29.2002-09:00:00,09,29,2002,09,600.1
09.29.2002-12:00:00,09,29,2002,12,585.48
09.29.2002-15:00:00,09,29,2002,15,642.91
09.29.2002-18:00:00,09,29,2002,18,708.27
09.29.2002-21:00:00,09,29,2002,21,723.12
09.30.2002-00:00:00,09,30,2002,00,738.17
09.30.2002-03:00:00,09,30,2002,03,742.49
09.30.2002-06:00:00,09,30,2002,06,714.47
09.30.2002-09:00:00,09,30,2002,09,587.65
09.30.2002-12:00:00,09,30,2002,12,573.65
09.30.2002-15:00:00,09,30,2002,15,645.43
09.30.2002-18:00:00,09,30,2002,18,708.76
09.30.2002-21:00:00,09,30,2002,21,725.15
