TIMESTAMP,MONTH,DAY,YEAR,HOUR,C
10.01.2001-00:00:00,10,01,2001,00,61.692
10.01.2001-03:00:00,10,01,2001,03,61.62
10.01.2001-06:00:00,10,01,2001,06,61.526
10.01.2001-09:00:00,10,01,2001,09,61.282
10.01.2001-12:00:00,10,01,2001,12,61.029
10.01.2001-15:00:00,10,01,2001,15,60.854
10.01.2001-18:00:00,10,01,2001,18,60.766
10.01.2001-21:00:00,10,01,2001,21,60.684
10.02.2001-00:00:00,10,02,2001,00,60.605
10.02.2001-03:00:00,10,02,2001,03,60.529
10.02.2001-06:00:00,10,02,2001,06,60.428
10.02.2001-09:00:00,10,02,2001,09,60.193
10.02.2001-12:00:00,10,02,2001,12,59.952
10.02.2001-15:00:00,10,02,2001,15,59.779
10.02.2001-18:00:00,10,02,2001,18,59.69
10.02.2001-21:00:00,10,02,2001,21,59.609
10.03.2001-00:00:00,10,03,2001,00,59.531
10.03.2001-03:00:00,10,03,2001,03,59.457
10.03.2001-06:00:00,10,03,2001,06,59.367
10.03.2001-09:00:00,10,03,2001,09,59.144
10.03.2001-12:00:00,10,03,2001,12,58.91
10.03.2001-15:00:00,10,03,2001,15,58.746
10.03.2001-18:00:00,10,03,2001,18,58.659
10.03.2001-21:00:00,10,03,2001,21,58.578
10.04.2001-00:00:00,10,04,2001,00,58.501
10.04.2001-03:00:00,10,04,2001,03,58.426
10.04.2001-06:00:00,10,04,2001,06,58.348
10.04.2001-09:00:00,10,04,2001,09,58.146
10.04.2001-12:00:00,10,04,2001,12,57.93
10.04.2001-15:00:00,10,04,2001,15,57.779
10.04.2001-18:00:00,10,04,2001,18,57.695
10.04.2001-21:00:00,10,04,2001,21,57.617
10.05.2001-00:00:00,10,05,2001,00,57.542
10.05.2001-03:00:00,10,05,2001,03,57.468
10.05.2001-06:00:00,10,05,2001,06,57.392
10.05.2001-09:00:00,10,05,2001,09,57.213
10.05.2001-12:00:00,10,05,2001,12,57.018
10.05.2001-15:00:00,10,05,2001,15,56.885
10.05.2001-18:00:00,10,05,2001,18,56.803
10.05.2001-21:00:00,10,05,2001,21,56.727
10.06.2001-00:00:00,10,06,2001,00,56.651
10.06.2001-03:00:00,10,06,2001,03,56.575
10.06.2001-06:00:00,10,06,2001,06,56.498
10.06.2001-09:00:00,10,06,2001,09,56.333
10.06.2001-12:00:00,10,06,2001,12,56.158
10.06.2001-15:00:00,10,06,2001,15,56.034
10.06.2001-18:00:00,10,06,2001,18,55.952
10.06.2001-21:00:00,10,06,2001,21,55.875
10.07.2001-00:00:00,10,07,2001,00,55.798
10.07.2001-03:00:00,10,07,2001,03,55.721
10.07.2001-06:00:00,10,07,2001,06,55.644
10.07.2001-09:00:00,10,07,2001,09,55.506
10.07.2001-12:00:00,10,07,2001,12,55.354
10.07.2001-15:00:00,10,07,2001,15,55.238
10.07.2001-18:00:00,10,07,2001,18,55.156
10.07.2001-21:00:00,10,07,2001,21,55.078
10.08.2001-00:00:00,10,08,2001,00,55.001
10.08.2001-03:00:00,10,08,2001,03,54.923
10.08.2001-06:00:00,10,08,2001,06,54.845
10.08.2001-09:00:00,10,08,2001,09,54.754
10.08.2001-12:00:00,10,08,2001,12,54.638
10.08.2001-15:00:00,10,08,2001,15,54.531
10.08.2001-18:00:00,10,08,2001,18,54.455
10.08.2001-21:00:00,10,08,2001,21,54.375
10.09.2001-00:00:00,10,09,2001,00,54.268
10.09.2001-03:00:00,10,09,2001,03,54.188
10.09.2001-06:00:00,10,09,2001,06,54.103
10.09.2001-09:00:00,10,09,2001,09,53.984
10.09.2001-12:00:00,10,09,2001,12,53.826
10.09.2001-15:00:00,10,09,2001,15,53.699
10.09.2001-18:00:00,10,09,2001,18,53.615
10.09.2001-21:00:00,10,09,2001,21,53.534
10.10.2001-00:00:00,10,10,2001,00,53.456
10.10.2001-03:00:00,10,10,2001,03,53.379
10.10.2001-06:00:00,10,10,2001,06,53.301
10.10.2001-09:00:00,10,10,2001,09,53.287
10.10.2001-12:00:00,10,10,2001,12,53.406
10.10.2001-15:00:00,10,10,2001,15,53.448
10.10.2001-18:00:00,10,10,2001,18,53.376
10.10.2001-21:00:00,10,10,2001,21,53.302
10.11.2001-00:00:00,10,11,2001,00,53.228
10.11.2001-03:00:00,10,11,2001,03,53.153
10.11.2001-06:00:00,10,11,2001,06,53.079
10.11.2001-09:00:00,10,11,2001,09,53.04
10.11.2001-12:00:00,10,11,2001,12,53.144
10.11.2001-15:00:00,10,11,2001,15,53.193
10.11.2001-18:00:00,10,11,2001,18,53.159
10.11.2001-21:00:00,10,11,2001,21,53.075
10.12.2001-00:00:00,10,12,2001,00,53.008
10.12.2001-03:00:00,10,12,2001,03,52.938
10.12.2001-06:00:00,10,12,2001,06,52.869
10.12.2001-09:00:00,10,12,2001,09,52.828
10.12.2001-12:00:00,10,12,2001,12,52.931
10.12.2001-15:00:00,10,12,2001,15,52.972
10.12.2001-18:00:00,10,12,2001,18,52.961
10.12.2001-21:00:00,10,12,2001,21,52.951
10.13.2001-00:00:00,10,13,2001,00,52.946
10.13.2001-03:00:00,10,13,2001,03,52.952
10.13.2001-06:00:00,10,13,2001,06,53.006
10.13.2001-09:00:00,10,13,2001,09,53.222
10.13.2001-12:00:00,10,13,2001,12,53.483
10.13.2001-15:00:00,10,13,2001,15,53.655
10.13.2001-18:00:00,10,13,2001,18,53.763
10.13.2001-21:00:00,10,13,2001,21,53.752
10.14.2001-00:00:00,10,14,2001,00,53.737
10.14.2001-03:00:00,10,14,2001,03,53.692
10.14.2001-06:00:00,10,14,2001,06,53.634
10.14.2001-09:00:00,10,14,2001,09,53.571
10.14.2001-12:00:00,10,14,2001,12,53.457
10.14.2001-15:00:00,10,14,2001,15,53.383
10.14.2001-18:00:00,10,14,2001,18,53.322
10.14.2001-21:00:00,10,14,2001,21,53.225
10.15.2001-00:00:00,10,15,2001,00,53.148
10.15.2001-03:00:00,10,15,2001,03,53.083
10.15.2001-06:00:00,10,15,2001,06,53.018
10.15.2001-09:00:00,10,15,2001,09,52.933
10.15.2001-12:00:00,10,15,2001,12,52.822
10.15.2001-15:00:00,10,15,2001,15,52.737
10.15.2001-18:00:00,10,15,2001,18,52.671
10.15.2001-21:00:00,10,15,2001,21,52.606
10.16.2001-00:00:00,10,16,2001,00,52.541
10.16.2001-03:00:00,10,16,2001,03,52.476
10.16.2001-06:00:00,10,16,2001,06,52.411
10.16.2001-09:00:00,10,16,2001,09,52.3
10.16.2001-12:00:00,10,16,2001,12,52.178
10.16.2001-15:00:00,10,16,2001,15,52.091
10.16.2001-18:00:00,10,16,2001,18,52.024
10.16.2001-21:00:00,10,16,2001,21,51.958
10.17.2001-00:00:00,10,17,2001,00,51.893
10.17.2001-03:00:00,10,17,2001,03,51.827
10.17.2001-06:00:00,10,17,2001,06,51.761
10.17.2001-09:00:00,10,17,2001,09,51.666
10.17.2001-12:00:00,10,17,2001,12,51.592
10.17.2001-15:00:00,10,17,2001,15,51.513
10.17.2001-18:00:00,10,17,2001,18,51.446
10.17.2001-21:00:00,10,17,2001,21,51.38
10.18.2001-00:00:00,10,18,2001,00,51.314
10.18.2001-03:00:00,10,18,2001,03,51.248
10.18.2001-06:00:00,10,18,2001,06,51.181
10.18.2001-09:00:00,10,18,2001,09,51.074
10.18.2001-12:00:00,10,18,2001,12,50.982
10.18.2001-15:00:00,10,18,2001,15,50.895
10.18.2001-18:00:00,10,18,2001,18,50.826
10.18.2001-21:00:00,10,18,2001,21,50.758
10.19.2001-00:00:00,10,19,2001,00,50.7
10.19.2001-03:00:00,10,19,2001,03,50.626
10.19.2001-06:00:00,10,19,2001,06,50.561
10.19.2001-09:00:00,10,19,2001,09,50.479
10.19.2001-12:00:00,10,19,2001,12,50.392
10.19.2001-15:00:00,10,19,2001,15,50.316
10.19.2001-18:00:00,10,19,2001,18,50.252
10.19.2001-21:00:00,10,19,2001,21,50.176
10.20.2001-00:00:00,10,20,2001,00,50.092
10.20.2001-03:00:00,10,20,2001,03,50.026
10.20.2001-06:00:00,10,20,2001,06,49.96
10.20.2001-09:00:00,10,20,2001,09,49.862
10.20.2001-12:00:00,10,20,2001,12,49.754
10.20.2001-15:00:00,10,20,2001,15,49.673
10.20.2001-18:00:00,10,20,2001,18,49.607
10.20.2001-21:00:00,10,20,2001,21,49.542
10.21.2001-00:00:00,10,21,2001,00,49.477
10.21.2001-03:00:00,10,21,2001,03,49.412
10.21.2001-06:00:00,10,21,2001,06,49.348
10.21.2001-09:00:00,10,21,2001,09,49.299
10.21.2001-12:00:00,10,21,2001,12,49.303
10.21.2001-15:00:00,10,21,2001,15,49.243
10.21.2001-18:00:00,10,21,2001,18,49.108
10.21.2001-21:00:00,10,21,2001,21,49.035
10.22.2001-00:00:00,10,22,2001,00,48.97
10.22.2001-03:00:00,10,22,2001,03,48.906
10.22.2001-06:00:00,10,22,2001,06,48.843
10.22.2001-09:00:00,10,22,2001,09,48.814
10.22.2001-12:00:00,10,22,2001,12,48.934
10.22.2001-15:00:00,10,22,2001,15,48.88
10.22.2001-18:00:00,10,22,2001,18,48.819
10.22.2001-21:00:00,10,22,2001,21,48.758
10.23.2001-00:00:00,10,23,2001,00,48.698
10.23.2001-03:00:00,10,23,2001,03,48.637
10.23.2001-06:00:00,10,23,2001,06,48.577
10.23.2001-09:00:00,10,23,2001,09,48.559
10.23.2001-12:00:00,10,23,2001,12,48.849
10.23.2001-15:00:00,10,23,2001,15,49.045
10.23.2001-18:00:00,10,23,2001,18,49.026
10.23.2001-21:00:00,10,23,2001,21,48.996
10.24.2001-00:00:00,10,24,2001,00,48.95
10.24.2001-03:00:00,10,24,2001,03,48.896
10.24.2001-06:00:00,10,24,2001,06,48.842
10.24.2001-09:00:00,10,24,2001,09,48.782
10.24.2001-12:00:00,10,24,2001,12,48.714
10.24.2001-15:00:00,10,24,2001,15,48.66
10.24.2001-18:00:00,10,24,2001,18,48.606
10.24.2001-21:00:00,10,24,2001,21,48.553
10.25.2001-00:00:00,10,25,2001,00,48.499
10.25.2001-03:00:00,10,25,2001,03,48.446
10.25.2001-06:00:00,10,25,2001,06,48.392
10.25.2001-09:00:00,10,25,2001,09,48.336
10.25.2001-12:00:00,10,25,2001,12,48.304
10.25.2001-15:00:00,10,25,2001,15,48.283
10.25.2001-18:00:00,10,25,2001,18,48.234
10.25.2001-21:00:00,10,25,2001,21,48.183
10.26.2001-00:00:00,10,26,2001,00,48.13
10.26.2001-03:00:00,10,26,2001,03,48.077
10.26.2001-06:00:00,10,26,2001,06,48.024
10.26.2001-09:00:00,10,26,2001,09,47.969
10.26.2001-12:00:00,10,26,2001,12,47.926
10.26.2001-15:00:00,10,26,2001,15,47.882
10.26.2001-18:00:00,10,26,2001,18,47.833
10.26.2001-21:00:00,10,26,2001,21,47.783
10.27.2001-00:00:00,10,27,2001,00,47.73
10.27.2001-03:00:00,10,27,2001,03,47.678
10.27.2001-06:00:00,10,27,2001,06,47.625
10.27.2001-09:00:00,10,27,2001,09,47.566
10.27.2001-12:00:00,10,27,2001,12,47.5
10.27.2001-15:00:00,10,27,2001,15,47.569
10.27.2001-18:00:00,10,27,2001,18,47.521
10.27.2001-21:00:00,10,27,2001,21,47.469
10.28.2001-00:00:00,10,28,2001,00,47.417
10.28.2001-03:00:00,10,28,2001,03,47.365
10.28.2001-06:00:00,10,28,2001,06,47.314
10.28.2001-09:00:00,10,28,2001,09,47.257
10.28.2001-12:00:00,10,28,2001,12,47.196
10.28.2001-15:00:00,10,28,2001,15,47.23
10.28.2001-18:00:00,10,28,2001,18,47.181
10.28.2001-21:00:00,10,28,2001,21,47.13
10.29.2001-00:00:00,10,29,2001,00,47.08
10.29.2001-03:00:00,10,29,2001,03,47.029
10.29.2001-06:00:00,10,29,2001,06,46.978
10.29.2001-09:00:00,10,29,2001,09,46.923
10.29.2001-12:00:00,10,29,2001,12,46.863
10.29.2001-15:00:00,10,29,2001,15,46.811
10.29.2001-18:00:00,10,29,2001,18,46.76
10.29.2001-21:00:00,10,29,2001,21,46.709
10.30.2001-00:00:00,10,30,2001,00,46.657
10.30.2001-03:00:00,10,30,2001,03,46.606
10.30.2001-06:00:00,10,30,2001,06,46.554
10.30.2001-09:00:00,10,30,2001,09,46.503
10.30.2001-12:00:00,10,30,2001,12,46.451
10.30.2001-15:00:00,10,30,2001,15,46.399
10.30.2001-18:00:00,10,30,2001,18,46.348
10.30.2001-21:00:00,10,30,2001,21,46.296
10.31.2001-00:00:00,10,31,2001,00,46.245
10.31.2001-03:00:00,10,31,2001,03,46.193
10.31.2001-06:00:00,10,31,2001,06,46.141
10.31.2001-09:00:00,10,31,2001,09,46.105
10.31.2001-12:00:00,10,31,2001,12,46.455
10.31.2001-15:00:00,10,31,2001,15,46.751
10.31.2001-18:00:00,10,31,2001,18,46.796
10.31.2001-21:00:00,10,31,2001,21,46.781
11.01.2001-00:00:00,11,01,2001,00,46.761
11.01.2001-03:00:00,11,01,2001,03,46.735
11.01.2001-06:00:00,11,01,2001,06,46.702
11.01.2001-09:00:00,11,01,2001,09,46.659
11.01.2001-12:00:00,11,01,2001,12,46.61
11.01.2001-15:00:00,11,01,2001,15,46.568
11.01.2001-18:00:00,11,01,2001,18,46.527
11.01.2001-21:00:00,11,01,2001,21,46.485
11.02.2001-00:00:00,11,02,2001,00,46.443
11.02.2001-03:00:00,11,02,2001,03,46.401
11.02.2001-06:00:00,11,02,2001,06,46.358
11.02.2001-09:00:00,11,02,2001,09,46.311
11.02.2001-12:00:00,11,02,2001,12,46.263
11.02.2001-15:00:00,11,02,2001,15,46.219
11.02.2001-18:00:00,11,02,2001,18,46.176
11.02.2001-21:00:00,11,02,2001,21,46.134
11.03.2001-00:00:00,11,03,2001,00,46.092
11.03.2001-03:00:00,11,03,2001,03,46.05
11.03.2001-06:00:00,11,03,2001,06,46.008
11.03.2001-09:00:00,11,03,2001,09,45.963
11.03.2001-12:00:00,11,03,2001,12,45.915
11.03.2001-15:00:00,11,03,2001,15,45.872
11.03.2001-18:00:00,11,03,2001,18,45.829
11.03.2001-21:00:00,11,03,2001,21,45.786
11.04.2001-00:00:00,11,04,2001,00,45.744
11.04.2001-03:00:00,11,04,2001,03,45.702
11.04.2001-06:00:00,11,04,2001,06,45.661
11.04.2001-09:00:00,11,04,2001,09,45.614
11.04.2001-12:00:00,11,04,2001,12,45.566
11.04.2001-15:00:00,11,04,2001,15,45.534
11.04.2001-18:00:00,11,04,2001,18,45.495
11.04.2001-21:00:00,11,04,2001,21,45.458
11.05.2001-00:00:00,11,05,2001,00,45.422
11.05.2001-03:00:00,11,05,2001,03,45.388
11.05.2001-06:00:00,11,05,2001,06,45.354
11.05.2001-09:00:00,11,05,2001,09,45.318
11.05.2001-12:00:00,11,05,2001,12,45.28
11.05.2001-15:00:00,11,05,2001,15,45.245
11.05.2001-18:00:00,11,05,2001,18,45.212
11.05.2001-21:00:00,11,05,2001,21,45.179
11.06.2001-00:00:00,11,06,2001,00,45.146
11.06.2001-03:00:00,11,06,2001,03,45.113
11.06.2001-06:00:00,11,06,2001,06,45.081
11.06.2001-09:00:00,11,06,2001,09,45.048
11.06.2001-12:00:00,11,06,2001,12,45.012
11.06.2001-15:00:00,11,06,2001,15,44.978
11.06.2001-18:00:00,11,06,2001,18,44.945
11.06.2001-21:00:00,11,06,2001,21,44.912
11.07.2001-00:00:00,11,07,2001,00,44.879
11.07.2001-03:00:00,11,07,2001,03,44.846
11.07.2001-06:00:00,11,07,2001,06,44.813
11.07.2001-09:00:00,11,07,2001,09,44.779
11.07.2001-12:00:00,11,07,2001,12,44.745
11.07.2001-15:00:00,11,07,2001,15,44.712
11.07.2001-18:00:00,11,07,2001,18,44.678
11.07.2001-21:00:00,11,07,2001,21,44.643
11.08.2001-00:00:00,11,08,2001,00,44.608
11.08.2001-03:00:00,11,08,2001,03,44.573
11.08.2001-06:00:00,11,08,2001,06,44.538
11.08.2001-09:00:00,11,08,2001,09,44.501
11.08.2001-12:00:00,11,08,2001,12,44.463
11.08.2001-15:00:00,11,08,2001,15,44.427
11.08.2001-18:00:00,11,08,2001,18,44.391
11.08.2001-21:00:00,11,08,2001,21,44.356
11.09.2001-00:00:00,11,09,2001,00,44.322
11.09.2001-03:00:00,11,09,2001,03,44.289
11.09.2001-06:00:00,11,09,2001,06,44.256
11.09.2001-09:00:00,11,09,2001,09,44.223
11.09.2001-12:00:00,11,09,2001,12,44.187
11.09.2001-15:00:00,11,09,2001,15,44.15
11.09.2001-18:00:00,11,09,2001,18,44.114
11.09.2001-21:00:00,11,09,2001,21,44.078
11.10.2001-00:00:00,11,10,2001,00,44.043
11.10.2001-03:00:00,11,10,2001,03,44.008
11.10.2001-06:00:00,11,10,2001,06,43.973
11.10.2001-09:00:00,11,10,2001,09,43.937
11.10.2001-12:00:00,11,10,2001,12,43.9
11.10.2001-15:00:00,11,10,2001,15,43.864
11.10.2001-18:00:00,11,10,2001,18,43.828
11.10.2001-21:00:00,11,10,2001,21,43.794
11.11.2001-00:00:00,11,11,2001,00,43.76
11.11.2001-03:00:00,11,11,2001,03,43.726
11.11.2001-06:00:00,11,11,2001,06,43.692
11.11.2001-09:00:00,11,11,2001,09,43.658
11.11.2001-12:00:00,11,11,2001,12,43.622
11.11.2001-15:00:00,11,11,2001,15,43.588
11.11.2001-18:00:00,11,11,2001,18,43.558
11.11.2001-21:00:00,11,11,2001,21,43.529
11.12.2001-00:00:00,11,12,2001,00,43.503
11.12.2001-03:00:00,11,12,2001,03,43.478
11.12.2001-06:00:00,11,12,2001,06,43.454
11.12.2001-09:00:00,11,12,2001,09,43.429
11.12.2001-12:00:00,11,12,2001,12,43.402
11.12.2001-15:00:00,11,12,2001,15,43.377
11.12.2001-18:00:00,11,12,2001,18,43.358
11.12.2001-21:00:00,11,12,2001,21,43.339
11.13.2001-00:00:00,11,13,2001,00,43.319
11.13.2001-03:00:00,11,13,2001,03,43.299
11.13.2001-06:00:00,11,13,2001,06,43.278
11.13.2001-09:00:00,11,13,2001,09,43.257
11.13.2001-12:00:00,11,13,2001,12,43.235
11.13.2001-15:00:00,11,13,2001,15,43.213
11.13.2001-18:00:00,11,13,2001,18,43.191
11.13.2001-21:00:00,11,13,2001,21,43.169
11.14.2001-00:00:00,11,14,2001,00,43.215
11.14.2001-03:00:00,11,14,2001,03,43.49
11.14.2001-06:00:00,11,14,2001,06,44.031
11.14.2001-09:00:00,11,14,2001,09,45.443
11.14.2001-12:00:00,11,14,2001,12,47.445
11.14.2001-15:00:00,11,14,2001,15,70.083
11.14.2001-18:00:00,11,14,2001,18,74.42
11.14.2001-21:00:00,11,14,2001,21,75.294
11.15.2001-00:00:00,11,15,2001,00,57.197
11.15.2001-03:00:00,11,15,2001,03,57.498
11.15.2001-06:00:00,11,15,2001,06,58.037
11.15.2001-09:00:00,11,15,2001,09,58.494
11.15.2001-12:00:00,11,15,2001,12,59.057
11.15.2001-15:00:00,11,15,2001,15,59.705
11.15.2001-18:00:00,11,15,2001,18,60.228
11.15.2001-21:00:00,11,15,2001,21,60.704
11.16.2001-00:00:00,11,16,2001,00,61.165
11.16.2001-03:00:00,11,16,2001,03,61.628
11.16.2001-06:00:00,11,16,2001,06,62.09
11.16.2001-09:00:00,11,16,2001,09,62.54
11.16.2001-12:00:00,11,16,2001,12,62.961
11.16.2001-15:00:00,11,16,2001,15,63.38
11.16.2001-18:00:00,11,16,2001,18,63.795
11.16.2001-21:00:00,11,16,2001,21,64.202
11.17.2001-00:00:00,11,17,2001,00,64.894
11.17.2001-03:00:00,11,17,2001,03,68.99
11.17.2001-06:00:00,11,17,2001,06,69.349
11.17.2001-09:00:00,11,17,2001,09,69.64
11.17.2001-12:00:00,11,17,2001,12,69.785
11.17.2001-15:00:00,11,17,2001,15,70.233
11.17.2001-18:00:00,11,17,2001,18,70.514
11.17.2001-21:00:00,11,17,2001,21,70.786
11.18.2001-00:00:00,11,18,2001,00,71.051
11.18.2001-03:00:00,11,18,2001,03,71.308
11.18.2001-06:00:00,11,18,2001,06,71.556
11.18.2001-09:00:00,11,18,2001,09,71.794
11.18.2001-12:00:00,11,18,2001,12,71.968
11.18.2001-15:00:00,11,18,2001,15,72.237
11.18.2001-18:00:00,11,18,2001,18,72.445
11.18.2001-21:00:00,11,18,2001,21,72.643
11.19.2001-00:00:00,11,19,2001,00,72.83
11.19.2001-03:00:00,11,19,2001,03,73.007
11.19.2001-06:00:00,11,19,2001,06,73.175
11.19.2001-09:00:00,11,19,2001,09,73.333
11.19.2001-12:00:00,11,19,2001,12,73.481
11.19.2001-15:00:00,11,19,2001,15,73.621
11.19.2001-18:00:00,11,19,2001,18,73.752
11.19.2001-21:00:00,11,19,2001,21,73.873
11.20.2001-00:00:00,11,20,2001,00,73.985
11.20.2001-03:00:00,11,20,2001,03,74.088
11.20.2001-06:00:00,11,20,2001,06,74.182
11.20.2001-09:00:00,11,20,2001,09,74.251
11.20.2001-12:00:00,11,20,2001,12,74.325
11.20.2001-15:00:00,11,20,2001,15,74.432
11.20.2001-18:00:00,11,20,2001,18,74.52
11.20.2001-21:00:00,11,20,2001,21,74.604
11.21.2001-00:00:00,11,21,2001,00,74.685
11.21.2001-03:00:00,11,21,2001,03,74.75
11.21.2001-06:00:00,11,21,2001,06,74.792
11.21.2001-09:00:00,11,21,2001,09,74.793
11.21.2001-12:00:00,11,21,2001,12,74.84
11.21.2001-15:00:00,11,21,2001,15,74.875
11.21.2001-18:00:00,11,21,2001,18,74.892
11.21.2001-21:00:00,11,21,2001,21,74.902
11.22.2001-00:00:00,11,22,2001,00,74.912
11.22.2001-03:00:00,11,22,2001,03,74.922
11.22.2001-06:00:00,11,22,2001,06,74.931
11.22.2001-09:00:00,11,22,2001,09,74.928
11.22.2001-12:00:00,11,22,2001,12,74.961
11.22.2001-15:00:00,11,22,2001,15,74.986
11.22.2001-18:00:00,11,22,2001,18,75.03
11.22.2001-21:00:00,11,22,2001,21,75.077
11.23.2001-00:00:00,11,23,2001,00,75.12
11.23.2001-03:00:00,11,23,2001,03,75.155
11.23.2001-06:00:00,11,23,2001,06,75.181
11.23.2001-09:00:00,11,23,2001,09,75.127
11.23.2001-12:00:00,11,23,2001,12,75.04
11.23.2001-15:00:00,11,23,2001,15,75.1
11.23.2001-18:00:00,11,23,2001,18,75.075
11.23.2001-21:00:00,11,23,2001,21,75.033
11.24.2001-00:00:00,11,24,2001,00,74.985
11.24.2001-03:00:00,11,24,2001,03,74.933
11.24.2001-06:00:00,11,24,2001,06,74.875
11.24.2001-09:00:00,11,24,2001,09,74.812
11.24.2001-12:00:00,11,24,2001,12,74.717
11.24.2001-15:00:00,11,24,2001,15,74.672
11.24.2001-18:00:00,11,24,2001,18,74.596
11.24.2001-21:00:00,11,24,2001,21,74.515
11.25.2001-00:00:00,11,25,2001,00,74.43
11.25.2001-03:00:00,11,25,2001,03,74.341
11.25.2001-06:00:00,11,25,2001,06,74.247
11.25.2001-09:00:00,11,25,2001,09,74.121
11.25.2001-12:00:00,11,25,2001,12,73.985
11.25.2001-15:00:00,11,25,2001,15,73.943
11.25.2001-18:00:00,11,25,2001,18,73.836
11.25.2001-21:00:00,11,25,2001,21,73.725
11.26.2001-00:00:00,11,26,2001,00,73.611
11.26.2001-03:00:00,11,26,2001,03,73.494
11.26.2001-06:00:00,11,26,2001,06,73.374
11.26.2001-09:00:00,11,26,2001,09,73.251
11.26.2001-12:00:00,11,26,2001,12,73.097
11.26.2001-15:00:00,11,26,2001,15,72.997
11.26.2001-18:00:00,11,26,2001,18,72.866
11.26.2001-21:00:00,11,26,2001,21,72.733
11.27.2001-00:00:00,11,27,2001,00,72.598
11.27.2001-03:00:00,11,27,2001,03,72.46
11.27.2001-06:00:00,11,27,2001,06,72.32
11.27.2001-09:00:00,11,27,2001,09,72.178
11.27.2001-12:00:00,11,27,2001,12,72.034
11.27.2001-15:00:00,11,27,2001,15,71.888
11.27.2001-18:00:00,11,27,2001,18,71.74
11.27.2001-21:00:00,11,27,2001,21,71.59
11.28.2001-00:00:00,11,28,2001,00,71.439
11.28.2001-03:00:00,11,28,2001,03,71.287
11.28.2001-06:00:00,11,28,2001,06,71.133
11.28.2001-09:00:00,11,28,2001,09,70.977
11.28.2001-12:00:00,11,28,2001,12,70.82
11.28.2001-15:00:00,11,28,2001,15,70.662
11.28.2001-18:00:00,11,28,2001,18,70.502
11.28.2001-21:00:00,11,28,2001,21,70.342
11.29.2001-00:00:00,11,29,2001,00,70.18
11.29.2001-03:00:00,11,29,2001,03,70.017
11.29.2001-06:00:00,11,29,2001,06,69.854
11.29.2001-09:00:00,11,29,2001,09,69.69
11.29.2001-12:00:00,11,29,2001,12,69.525
11.29.2001-15:00:00,11,29,2001,15,69.359
11.29.2001-18:00:00,11,29,2001,18,69.192
11.29.2001-21:00:00,11,29,2001,21,69.025
11.30.2001-00:00:00,11,30,2001,00,68.857
11.30.2001-03:00:00,11,30,2001,03,68.688
11.30.2001-06:00:00,11,30,2001,06,68.519
11.30.2001-09:00:00,11,30,2001,09,68.349
11.30.2001-12:00:00,11,30,2001,12,68.179
11.30.2001-15:00:00,11,30,2001,15,68.009
11.30.2001-18:00:00,11,30,2001,18,67.838
11.30.2001-21:00:00,11,30,2001,21,67.666
12.01.2001-00:00:00,12,01,2001,00,67.495
12.01.2001-03:00:00,12,01,2001,03,67.323
12.01.2001-06:00:00,12,01,2001,06,67.151
12.01.2001-09:00:00,12,01,2001,09,66.978
12.01.2001-12:00:00,12,01,2001,12,66.805
12.01.2001-15:00:00,12,01,2001,15,66.632
12.01.2001-18:00:00,12,01,2001,18,66.458
12.01.2001-21:00:00,12,01,2001,21,66.285
12.02.2001-00:00:00,12,02,2001,00,66.112
12.02.2001-03:00:00,12,02,2001,03,65.938
12.02.2001-06:00:00,12,02,2001,06,65.765
12.02.2001-09:00:00,12,02,2001,09,65.591
12.02.2001-12:00:00,12,02,2001,12,65.418
12.02.2001-15:00:00,12,02,2001,15,65.244
12.02.2001-18:00:00,12,02,2001,18,65.071
12.02.2001-21:00:00,12,02,2001,21,64.897
12.03.2001-00:00:00,12,03,2001,00,64.724
12.03.2001-03:00:00,12,03,2001,03,64.55
12.03.2001-06:00:00,12,03,2001,06,64.376
12.03.2001-09:00:00,12,03,2001,09,64.203
12.03.2001-12:00:00,12,03,2001,12,64.03
12.03.2001-15:00:00,12,03,2001,15,63.856
12.03.2001-18:00:00,12,03,2001,18,63.683
12.03.2001-21:00:00,12,03,2001,21,63.51
12.04.2001-00:00:00,12,04,2001,00,63.338
12.04.2001-03:00:00,12,04,2001,03,63.166
12.04.2001-06:00:00,12,04,2001,06,62.994
12.04.2001-09:00:00,12,04,2001,09,62.822
12.04.2001-12:00:00,12,04,2001,12,62.65
12.04.2001-15:00:00,12,04,2001,15,62.479
12.04.2001-18:00:00,12,04,2001,18,62.308
12.04.2001-21:00:00,12,04,2001,21,62.137
12.05.2001-00:00:00,12,05,2001,00,61.966
12.05.2001-03:00:00,12,05,2001,03,61.795
12.05.2001-06:00:00,12,05,2001,06,61.625
12.05.2001-09:00:00,12,05,2001,09,61.455
12.05.2001-12:00:00,12,05,2001,12,61.285
12.05.2001-15:00:00,12,05,2001,15,61.116
12.05.2001-18:00:00,12,05,2001,18,60.947
12.05.2001-21:00:00,12,05,2001,21,60.778
12.06.2001-00:00:00,12,06,2001,00,60.61
12.06.2001-03:00:00,12,06,2001,03,60.441
12.06.2001-06:00:00,12,06,2001,06,60.274
12.06.2001-09:00:00,12,06,2001,09,60.106
12.06.2001-12:00:00,12,06,2001,12,59.939
12.06.2001-15:00:00,12,06,2001,15,59.772
12.06.2001-18:00:00,12,06,2001,18,59.606
12.06.2001-21:00:00,12,06,2001,21,59.441
12.07.2001-00:00:00,12,07,2001,00,59.276
12.07.2001-03:00:00,12,07,2001,03,59.111
12.07.2001-06:00:00,12,07,2001,06,58.947
12.07.2001-09:00:00,12,07,2001,09,58.783
12.07.2001-12:00:00,12,07,2001,12,58.62
12.07.2001-15:00:00,12,07,2001,15,58.456
12.07.2001-18:00:00,12,07,2001,18,58.294
12.07.2001-21:00:00,12,07,2001,21,58.131
12.08.2001-00:00:00,12,08,2001,00,57.969
12.08.2001-03:00:00,12,08,2001,03,57.808
12.08.2001-06:00:00,12,08,2001,06,57.648
12.08.2001-09:00:00,12,08,2001,09,57.487
12.08.2001-12:00:00,12,08,2001,12,57.327
12.08.2001-15:00:00,12,08,2001,15,57.168
12.08.2001-18:00:00,12,08,2001,18,57.01
12.08.2001-21:00:00,12,08,2001,21,56.851
12.09.2001-00:00:00,12,09,2001,00,56.694
12.09.2001-03:00:00,12,09,2001,03,56.536
12.09.2001-06:00:00,12,09,2001,06,56.38
12.09.2001-09:00:00,12,09,2001,09,56.224
12.09.2001-12:00:00,12,09,2001,12,56.068
12.09.2001-15:00:00,12,09,2001,15,55.913
12.09.2001-18:00:00,12,09,2001,18,55.758
12.09.2001-21:00:00,12,09,2001,21,55.604
12.10.2001-00:00:00,12,10,2001,00,55.451
12.10.2001-03:00:00,12,10,2001,03,55.298
12.10.2001-06:00:00,12,10,2001,06,55.159
12.10.2001-09:00:00,12,10,2001,09,55.023
12.10.2001-12:00:00,12,10,2001,12,54.887
12.10.2001-15:00:00,12,10,2001,15,54.751
12.10.2001-18:00:00,12,10,2001,18,54.615
12.10.2001-21:00:00,12,10,2001,21,54.48
12.11.2001-00:00:00,12,11,2001,00,54.344
12.11.2001-03:00:00,12,11,2001,03,54.209
12.11.2001-06:00:00,12,11,2001,06,54.075
12.11.2001-09:00:00,12,11,2001,09,53.941
12.11.2001-12:00:00,12,11,2001,12,53.808
12.11.2001-15:00:00,12,11,2001,15,53.674
12.11.2001-18:00:00,12,11,2001,18,53.541
12.11.2001-21:00:00,12,11,2001,21,53.409
12.12.2001-00:00:00,12,12,2001,00,53.276
12.12.2001-03:00:00,12,12,2001,03,53.144
12.12.2001-06:00:00,12,12,2001,06,53.012
12.12.2001-09:00:00,12,12,2001,09,52.88
12.12.2001-12:00:00,12,12,2001,12,52.75
12.12.2001-15:00:00,12,12,2001,15,52.619
12.12.2001-18:00:00,12,12,2001,18,52.489
12.12.2001-21:00:00,12,12,2001,21,52.358
12.13.2001-00:00:00,12,13,2001,00,52.228
12.13.2001-03:00:00,12,13,2001,03,52.099
12.13.2001-06:00:00,12,13,2001,06,51.97
12.13.2001-09:00:00,12,13,2001,09,51.841
12.13.2001-12:00:00,12,13,2001,12,51.712
12.13.2001-15:00:00,12,13,2001,15,51.584
12.13.2001-18:00:00,12,13,2001,18,51.457
12.13.2001-21:00:00,12,13,2001,21,51.329
12.14.2001-00:00:00,12,14,2001,00,51.202
12.14.2001-03:00:00,12,14,2001,03,51.075
12.14.2001-06:00:00,12,14,2001,06,50.948
12.14.2001-09:00:00,12,14,2001,09,50.822
12.14.2001-12:00:00,12,14,2001,12,50.696
12.14.2001-15:00:00,12,14,2001,15,50.57
12.14.2001-18:00:00,12,14,2001,18,50.446
12.14.2001-21:00:00,12,14,2001,21,50.321
12.15.2001-00:00:00,12,15,2001,00,50.197
12.15.2001-03:00:00,12,15,2001,03,50.074
12.15.2001-06:00:00,12,15,2001,06,49.95
12.15.2001-09:00:00,12,15,2001,09,49.827
12.15.2001-12:00:00,12,15,2001,12,49.705
12.15.2001-15:00:00,12,15,2001,15,49.583
12.15.2001-18:00:00,12,15,2001,18,49.461
12.15.2001-21:00:00,12,15,2001,21,49.34
12.16.2001-00:00:00,12,16,2001,00,49.219
12.16.2001-03:00:00,12,16,2001,03,49.098
12.16.2001-06:00:00,12,16,2001,06,48.978
12.16.2001-09:00:00,12,16,2001,09,48.858
12.16.2001-12:00:00,12,16,2001,12,48.739
12.16.2001-15:00:00,12,16,2001,15,48.62
12.16.2001-18:00:00,12,16,2001,18,48.501
12.16.2001-21:00:00,12,16,2001,21,48.383
12.17.2001-00:00:00,12,17,2001,00,48.265
12.17.2001-03:00:00,12,17,2001,03,48.148
12.17.2001-06:00:00,12,17,2001,06,48.031
12.17.2001-09:00:00,12,17,2001,09,47.914
12.17.2001-12:00:00,12,17,2001,12,47.798
12.17.2001-15:00:00,12,17,2001,15,47.682
12.17.2001-18:00:00,12,17,2001,18,47.566
12.17.2001-21:00:00,12,17,2001,21,47.451
12.18.2001-00:00:00,12,18,2001,00,47.337
12.18.2001-03:00:00,12,18,2001,03,47.222
12.18.2001-06:00:00,12,18,2001,06,47.109
12.18.2001-09:00:00,12,18,2001,09,46.995
12.18.2001-12:00:00,12,18,2001,12,46.882
12.18.2001-15:00:00,12,18,2001,15,46.77
12.18.2001-18:00:00,12,18,2001,18,46.657
12.18.2001-21:00:00,12,18,2001,21,46.546
12.19.2001-00:00:00,12,19,2001,00,46.434
12.19.2001-03:00:00,12,19,2001,03,46.323
12.19.2001-06:00:00,12,19,2001,06,46.213
12.19.2001-09:00:00,12,19,2001,09,46.102
12.19.2001-12:00:00,12,19,2001,12,45.993
12.19.2001-15:00:00,12,19,2001,15,45.883
12.19.2001-18:00:00,12,19,2001,18,45.775
12.19.2001-21:00:00,12,19,2001,21,45.666
12.20.2001-00:00:00,12,20,2001,00,45.558
12.20.2001-03:00:00,12,20,2001,03,45.451
12.20.2001-06:00:00,12,20,2001,06,45.344
12.20.2001-09:00:00,12,20,2001,09,45.237
12.20.2001-12:00:00,12,20,2001,12,45.13
12.20.2001-15:00:00,12,20,2001,15,45.024
12.20.2001-18:00:00,12,20,2001,18,44.918
12.20.2001-21:00:00,12,20,2001,21,44.813
12.21.2001-00:00:00,12,21,2001,00,44.708
12.21.2001-03:00:00,12,21,2001,03,44.603
12.21.2001-06:00:00,12,21,2001,06,44.499
12.21.2001-09:00:00,12,21,2001,09,44.395
12.21.2001-12:00:00,12,21,2001,12,44.291
12.21.2001-15:00:00,12,21,2001,15,44.188
12.21.2001-18:00:00,12,21,2001,18,44.086
12.21.2001-21:00:00,12,21,2001,21,43.983
12.22.2001-00:00:00,12,22,2001,00,43.881
12.22.2001-03:00:00,12,22,2001,03,43.779
12.22.2001-06:00:00,12,22,2001,06,43.678
12.22.2001-09:00:00,12,22,2001,09,43.577
12.22.2001-12:00:00,12,22,2001,12,43.477
12.22.2001-15:00:00,12,22,2001,15,43.376
12.22.2001-18:00:00,12,22,2001,18,43.277
12.22.2001-21:00:00,12,22,2001,21,43.177
12.23.2001-00:00:00,12,23,2001,00,43.078
12.23.2001-03:00:00,12,23,2001,03,42.979
12.23.2001-06:00:00,12,23,2001,06,42.881
12.23.2001-09:00:00,12,23,2001,09,42.783
12.23.2001-12:00:00,12,23,2001,12,42.685
12.23.2001-15:00:00,12,23,2001,15,42.588
12.23.2001-18:00:00,12,23,2001,18,42.491
12.23.2001-21:00:00,12,23,2001,21,42.395
12.24.2001-00:00:00,12,24,2001,00,42.298
12.24.2001-03:00:00,12,24,2001,03,42.202
12.24.2001-06:00:00,12,24,2001,06,42.107
12.24.2001-09:00:00,12,24,2001,09,42.011
12.24.2001-12:00:00,12,24,2001,12,41.916
12.24.2001-15:00:00,12,24,2001,15,41.822
12.24.2001-18:00:00,12,24,2001,18,41.727
12.24.2001-21:00:00,12,24,2001,21,41.633
12.25.2001-00:00:00,12,25,2001,00,41.54
12.25.2001-03:00:00,12,25,2001,03,41.446
12.25.2001-06:00:00,12,25,2001,06,41.353
12.25.2001-09:00:00,12,25,2001,09,41.261
12.25.2001-12:00:00,12,25,2001,12,41.168
12.25.2001-15:00:00,12,25,2001,15,41.076
12.25.2001-18:00:00,12,25,2001,18,40.985
12.25.2001-21:00:00,12,25,2001,21,40.893
12.26.2001-00:00:00,12,26,2001,00,40.802
12.26.2001-03:00:00,12,26,2001,03,40.711
12.26.2001-06:00:00,12,26,2001,06,40.621
12.26.2001-09:00:00,12,26,2001,09,40.531
12.26.2001-12:00:00,12,26,2001,12,40.441
12.26.2001-15:00:00,12,26,2001,15,40.352
12.26.2001-18:00:00,12,26,2001,18,40.263
12.26.2001-21:00:00,12,26,2001,21,40.174
12.27.2001-00:00:00,12,27,2001,00,40.085
12.27.2001-03:00:00,12,27,2001,03,39.997
12.27.2001-06:00:00,12,27,2001,06,39.909
12.27.2001-09:00:00,12,27,2001,09,39.821
12.27.2001-12:00:00,12,27,2001,12,39.734
12.27.2001-15:00:00,12,27,2001,15,39.646
12.27.2001-18:00:00,12,27,2001,18,39.56
12.27.2001-21:00:00,12,27,2001,21,39.473
12.28.2001-00:00:00,12,28,2001,00,39.387
12.28.2001-03:00:00,12,28,2001,03,39.301
12.28.2001-06:00:00,12,28,2001,06,39.215
12.28.2001-09:00:00,12,28,2001,09,39.13
12.28.2001-12:00:00,12,28,2001,12,39.045
12.28.2001-15:00:00,12,28,2001,15,38.961
12.28.2001-18:00:00,12,28,2001,18,38.876
12.28.2001-21:00:00,12,28,2001,21,38.792
12.29.2001-00:00:00,12,29,2001,00,38.709
12.29.2001-03:00:00,12,29,2001,03,38.625
12.29.2001-06:00:00,12,29,2001,06,38.542
12.29.2001-09:00:00,12,29,2001,09,38.46
12.29.2001-12:00:00,12,29,2001,12,38.377
12.29.2001-15:00:00,12,29,2001,15,38.295
12.29.2001-18:00:00,12,29,2001,18,38.214
12.29.2001-21:00:00,12,29,2001,21,38.132
12.30.2001-00:00:00,12,30,2001,00,38.051
12.30.2001-03:00:00,12,30,2001,03,37.97
12.30.2001-06:00:00,12,30,2001,06,37.89
12.30.2001-09:00:00,12,30,2001,09,37.81
12.30.2001-12:00:00,12,30,2001,12,37.73
12.30.2001-15:00:00,12,30,2001,15,37.651
12.30.2001-18:00:00,12,30,2001,18,37.572
12.30.2001-21:00:00,12,30,2001,21,37.493
12.31.2001-00:00:00,12,31,2001,00,37.415
12.31.2001-03:00:00,12,31,2001,03,37.337
12.31.2001-06:00:00,12,31,2001,06,37.26
12.31.2001-09:00:00,12,31,2001,09,37.182
12.31.2001-12:00:00,12,31,2001,12,37.105
12.31.2001-15:00:00,12,31,2001,15,37.028
12.31.2001-18:00:00,12,31,2001,18,36.951
12.31.2001-21:00:00,12,31,2001,21,36.875
01.01.2002-00:00:00,01,01,2002,00,36.799
01.01.2002-03:00:00,01,01,2002,03,36.723
01.01.2002-06:00:00,01,01,2002,06,36.647
01.01.2002-09:00:00,01,01,2002,09,36.572
01.01.2002-12:00:00,01,01,2002,12,36.497
01.01.2002-15:00:00,01,01,2002,15,36.422
01.01.2002-18:00:00,01,01,2002,18,36.347
01.01.2002-21:00:00,01,01,2002,21,36.272
01.02.2002-00:00:00,01,02,2002,00,36.198
01.02.2002-03:00:00,01,02,2002,03,36.124
01.02.2002-06:00:00,01,02,2002,06,36.05
01.02.2002-09:00:00,01,02,2002,09,35.977
01.02.2002-12:00:00,01,02,2002,12,35.903
01.02.2002-15:00:00,01,02,2002,15,35.83
01.02.2002-18:00:00,01,02,2002,18,35.758
01.02.2002-21:00:00,01,02,2002,21,35.685
01.03.2002-00:00:00,01,03,2002,00,35.613
01.03.2002-03:00:00,01,03,2002,03,35.54
01.03.2002-06:00:00,01,03,2002,06,35.469
01.03.2002-09:00:00,01,03,2002,09,35.397
01.03.2002-12:00:00,01,03,2002,12,35.325
01.03.2002-15:00:00,01,03,2002,15,35.254
01.03.2002-18:00:00,01,03,2002,18,35.183
01.03.2002-21:00:00,01,03,2002,21,35.112
01.04.2002-00:00:00,01,04,2002,00,35.041
01.04.2002-03:00:00,01,04,2002,03,34.971
01.04.2002-06:00:00,01,04,2002,06,34.901
01.04.2002-09:00:00,01,04,2002,09,34.831
01.04.2002-12:00:00,01,04,2002,12,34.762
01.04.2002-15:00:00,01,04,2002,15,34.692
01.04.2002-18:00:00,01,04,2002,18,34.623
01.04.2002-21:00:00,01,04,2002,21,34.555
01.05.2002-00:00:00,01,05,2002,00,34.486
01.05.2002-03:00:00,01,05,2002,03,34.418
01.05.2002-06:00:00,01,05,2002,06,34.35
01.05.2002-09:00:00,01,05,2002,09,34.283
01.05.2002-12:00:00,01,05,2002,12,34.215
01.05.2002-15:00:00,01,05,2002,15,34.148
01.05.2002-18:00:00,01,05,2002,18,34.08
01.05.2002-21:00:00,01,05,2002,21,34.013
01.06.2002-00:00:00,01,06,2002,00,33.946
01.06.2002-03:00:00,01,06,2002,03,33.88
01.06.2002-06:00:00,01,06,2002,06,33.814
01.06.2002-09:00:00,01,06,2002,09,33.747
01.06.2002-12:00:00,01,06,2002,12,33.681
01.06.2002-15:00:00,01,06,2002,15,33.616
01.06.2002-18:00:00,01,06,2002,18,33.551
01.06.2002-21:00:00,01,06,2002,21,33.487
01.07.2002-00:00:00,01,07,2002,00,33.422
01.07.2002-03:00:00,01,07,2002,03,33.358
01.07.2002-06:00:00,01,07,2002,06,33.294
01.07.2002-09:00:00,01,07,2002,09,33.23
01.07.2002-12:00:00,01,07,2002,12,33.166
01.07.2002-15:00:00,01,07,2002,15,33.103
01.07.2002-18:00:00,01,07,2002,18,33.039
01.07.2002-21:00:00,01,07,2002,21,32.976
01.08.2002-00:00:00,01,08,2002,00,32.913
01.08.2002-03:00:00,01,08,2002,03,32.851
01.08.2002-06:00:00,01,08,2002,06,32.789
01.08.2002-09:00:00,01,08,2002,09,32.727
01.08.2002-12:00:00,01,08,2002,12,32.665
01.08.2002-15:00:00,01,08,2002,15,32.603
01.08.2002-18:00:00,01,08,2002,18,32.541
01.08.2002-21:00:00,01,08,2002,21,32.48
01.09.2002-00:00:00,01,09,2002,00,32.419
01.09.2002-03:00:00,01,09,2002,03,32.358
01.09.2002-06:00:00,01,09,2002,06,32.297
01.09.2002-09:00:00,01,09,2002,09,32.236
01.09.2002-12:00:00,01,09,2002,12,32.176
01.09.2002-15:00:00,01,09,2002,15,32.115
01.09.2002-18:00:00,01,09,2002,18,32.055
01.09.2002-21:00:00,01,09,2002,21,31.996
01.10.2002-00:00:00,01,10,2002,00,31.936
01.10.2002-03:00:00,01,10,2002,03,31.877
01.10.2002-06:00:00,01,10,2002,06,31.818
01.10.2002-09:00:00,01,10,2002,09,31.759
01.10.2002-12:00:00,01,10,2002,12,31.7
01.10.2002-15:00:00,01,10,2002,15,31.641
01.10.2002-18:00:00,01,10,2002,18,31.583
01.10.2002-21:00:00,01,10,2002,21,31.525
01.11.2002-00:00:00,01,11,2002,00,31.467
01.11.2002-03:00:00,01,11,2002,03,31.409
01.11.2002-06:00:00,01,11,2002,06,31.352
01.11.2002-09:00:00,01,11,2002,09,31.294
01.11.2002-12:00:00,01,11,2002,12,31.237
01.11.2002-15:00:00,01,11,2002,15,31.18
01.11.2002-18:00:00,01,11,2002,18,31.123
01.11.2002-21:00:00,01,11,2002,21,31.067
01.12.2002-00:00:00,01,12,2002,00,31.011
01.12.2002-03:00:00,01,12,2002,03,30.955
01.12.2002-06:00:00,01,12,2002,06,30.899
01.12.2002-09:00:00,01,12,2002,09,30.843
01.12.2002-12:00:00,01,12,2002,12,30.788
01.12.2002-15:00:00,01,12,2002,15,30.733
01.12.2002-18:00:00,01,12,2002,18,30.678
01.12.2002-21:00:00,01,12,2002,21,30.622
01.13.2002-00:00:00,01,13,2002,00,30.568
01.13.2002-03:00:00,01,13,2002,03,30.513
01.13.2002-06:00:00,01,13,2002,06,30.458
01.13.2002-09:00:00,01,13,2002,09,30.404
01.13.2002-12:00:00,01,13,2002,12,30.35
01.13.2002-15:00:00,01,13,2002,15,30.296
01.13.2002-18:00:00,01,13,2002,18,30.242
01.13.2002-21:00:00,01,13,2002,21,30.188
01.14.2002-00:00:00,01,14,2002,00,30.134
01.14.2002-03:00:00,01,14,2002,03,30.081
01.14.2002-06:00:00,01,14,2002,06,30.028
01.14.2002-09:00:00,01,14,2002,09,29.975
01.14.2002-12:00:00,01,14,2002,12,29.922
01.14.2002-15:00:00,01,14,2002,15,29.869
01.14.2002-18:00:00,01,14,2002,18,29.816
01.14.2002-21:00:00,01,14,2002,21,29.764
01.15.2002-00:00:00,01,15,2002,00,29.711
01.15.2002-03:00:00,01,15,2002,03,29.659
01.15.2002-06:00:00,01,15,2002,06,29.607
01.15.2002-09:00:00,01,15,2002,09,29.555
01.15.2002-12:00:00,01,15,2002,12,29.504
01.15.2002-15:00:00,01,15,2002,15,29.453
01.15.2002-18:00:00,01,15,2002,18,29.402
01.15.2002-21:00:00,01,15,2002,21,29.351
01.16.2002-00:00:00,01,16,2002,00,29.301
01.16.2002-03:00:00,01,16,2002,03,29.25
01.16.2002-06:00:00,01,16,2002,06,29.2
01.16.2002-09:00:00,01,16,2002,09,29.15
01.16.2002-12:00:00,01,16,2002,12,29.101
01.16.2002-15:00:00,01,16,2002,15,29.051
01.16.2002-18:00:00,01,16,2002,18,29.002
01.16.2002-21:00:00,01,16,2002,21,28.953
01.17.2002-00:00:00,01,17,2002,00,28.904
01.17.2002-03:00:00,01,17,2002,03,28.855
01.17.2002-06:00:00,01,17,2002,06,28.806
01.17.2002-09:00:00,01,17,2002,09,28.757
01.17.2002-12:00:00,01,17,2002,12,28.708
01.17.2002-15:00:00,01,17,2002,15,28.66
01.17.2002-18:00:00,01,17,2002,18,28.611
01.17.2002-21:00:00,01,17,2002,21,28.563
01.18.2002-00:00:00,01,18,2002,00,28.515
01.18.2002-03:00:00,01,18,2002,03,28.467
01.18.2002-06:00:00,01,18,2002,06,28.419
01.18.2002-09:00:00,01,18,2002,09,28.371
01.18.2002-12:00:00,01,18,2002,12,28.323
01.18.2002-15:00:00,01,18,2002,15,28.276
01.18.2002-18:00:00,01,18,2002,18,28.228
01.18.2002-21:00:00,01,18,2002,21,28.181
01.19.2002-00:00:00,01,19,2002,00,28.133
01.19.2002-03:00:00,01,19,2002,03,28.086
01.19.2002-06:00:00,01,19,2002,06,28.039
01.19.2002-09:00:00,01,19,2002,09,27.992
01.19.2002-12:00:00,01,19,2002,12,27.946
01.19.2002-15:00:00,01,19,2002,15,27.899
01.19.2002-18:00:00,01,19,2002,18,27.852
01.19.2002-21:00:00,01,19,2002,21,27.806
01.20.2002-00:00:00,01,20,2002,00,27.76
01.20.2002-03:00:00,01,20,2002,03,27.714
01.20.2002-06:00:00,01,20,2002,06,27.668
01.20.2002-09:00:00,01,20,2002,09,27.622
01.20.2002-12:00:00,01,20,2002,12,27.576
01.20.2002-15:00:00,01,20,2002,15,27.531
01.20.2002-18:00:00,01,20,2002,18,27.485
01.20.2002-21:00:00,01,20,2002,21,27.44
01.21.2002-00:00:00,01,21,2002,00,27.395
01.21.2002-03:00:00,01,21,2002,03,27.35
01.21.2002-06:00:00,01,21,2002,06,27.305
01.21.2002-09:00:00,01,21,2002,09,27.26
01.21.2002-12:00:00,01,21,2002,12,27.215
01.21.2002-15:00:00,01,21,2002,15,27.17
01.21.2002-18:00:00,01,21,2002,18,27.125
01.21.2002-21:00:00,01,21,2002,21,27.081
01.22.2002-00:00:00,01,22,2002,00,27.036
01.22.2002-03:00:00,01,22,2002,03,26.992
01.22.2002-06:00:00,01,22,2002,06,26.948
01.22.2002-09:00:00,01,22,2002,09,26.904
01.22.2002-12:00:00,01,22,2002,12,26.86
01.22.2002-15:00:00,01,22,2002,15,26.816
01.22.2002-18:00:00,01,22,2002,18,26.772
01.22.2002-21:00:00,01,22,2002,21,26.729
01.23.2002-00:00:00,01,23,2002,00,26.685
01.23.2002-03:00:00,01,23,2002,03,26.641
01.23.2002-06:00:00,01,23,2002,06,26.598
01.23.2002-09:00:00,01,23,2002,09,26.555
01.23.2002-12:00:00,01,23,2002,12,26.511
01.23.2002-15:00:00,01,23,2002,15,26.468
01.23.2002-18:00:00,01,23,2002,18,26.425
01.23.2002-21:00:00,01,23,2002,21,26.382
01.24.2002-00:00:00,01,24,2002,00,26.339
01.24.2002-03:00:00,01,24,2002,03,26.297
01.24.2002-06:00:00,01,24,2002,06,26.254
01.24.2002-09:00:00,01,24,2002,09,26.211
01.24.2002-12:00:00,01,24,2002,12,26.169
01.24.2002-15:00:00,01,24,2002,15,26.127
01.24.2002-18:00:00,01,24,2002,18,26.084
01.24.2002-21:00:00,01,24,2002,21,26.042
01.25.2002-00:00:00,01,25,2002,00,26
01.25.2002-03:00:00,01,25,2002,03,25.958
01.25.2002-06:00:00,01,25,2002,06,25.916
01.25.2002-09:00:00,01,25,2002,09,25.874
01.25.2002-12:00:00,01,25,2002,12,25.832
01.25.2002-15:00:00,01,25,2002,15,25.79
01.25.2002-18:00:00,01,25,2002,18,25.749
01.25.2002-21:00:00,01,25,2002,21,25.707
01.26.2002-00:00:00,01,26,2002,00,25.666
01.26.2002-03:00:00,01,26,2002,03,25.625
01.26.2002-06:00:00,01,26,2002,06,25.583
01.26.2002-09:00:00,01,26,2002,09,25.542
01.26.2002-12:00:00,01,26,2002,12,25.501
01.26.2002-15:00:00,01,26,2002,15,25.46
01.26.2002-18:00:00,01,26,2002,18,25.419
01.26.2002-21:00:00,01,26,2002,21,25.379
01.27.2002-00:00:00,01,27,2002,00,25.338
01.27.2002-03:00:00,01,27,2002,03,25.297
01.27.2002-06:00:00,01,27,2002,06,25.257
01.27.2002-09:00:00,01,27,2002,09,25.216
01.27.2002-12:00:00,01,27,2002,12,25.176
01.27.2002-15:00:00,01,27,2002,15,25.136
01.27.2002-18:00:00,01,27,2002,18,25.096
01.27.2002-21:00:00,01,27,2002,21,25.056
01.28.2002-00:00:00,01,28,2002,00,25.016
01.28.2002-03:00:00,01,28,2002,03,24.976
01.28.2002-06:00:00,01,28,2002,06,24.936
01.28.2002-09:00:00,01,28,2002,09,24.897
01.28.2002-12:00:00,01,28,2002,12,24.857
01.28.2002-15:00:00,01,28,2002,15,24.818
01.28.2002-18:00:00,01,28,2002,18,24.779
01.28.2002-21:00:00,01,28,2002,21,24.74
01.29.2002-00:00:00,01,29,2002,00,24.701
01.29.2002-03:00:00,01,29,2002,03,24.662
01.29.2002-06:00:00,01,29,2002,06,24.624
01.29.2002-09:00:00,01,29,2002,09,24.585
01.29.2002-12:00:00,01,29,2002,12,24.546
01.29.2002-15:00:00,01,29,2002,15,24.508
01.29.2002-18:00:00,01,29,2002,18,24.469
01.29.2002-21:00:00,01,29,2002,21,24.431
01.30.2002-00:00:00,01,30,2002,00,24.393
01.30.2002-03:00:00,01,30,2002,03,24.355
01.30.2002-06:00:00,01,30,2002,06,24.316
01.30.2002-09:00:00,01,30,2002,09,24.278
01.30.2002-12:00:00,01,30,2002,12,24.24
01.30.2002-15:00:00,01,30,2002,15,24.203
01.30.2002-18:00:00,01,30,2002,18,24.165
01.30.2002-21:00:00,01,30,2002,21,24.127
01.31.2002-00:00:00,01,31,2002,00,24.09
01.31.2002-03:00:00,01,31,2002,03,24.052
01.31.2002-06:00:00,01,31,2002,06,24.015
01.31.2002-09:00:00,01,31,2002,09,23.977
01.31.2002-12:00:00,01,31,2002,12,23.94
01.31.2002-15:00:00,01,31,2002,15,23.903
01.31.2002-18:00:00,01,31,2002,18,23.866
01.31.2002-21:00:00,01,31,2002,21,23.829
02.01.2002-00:00:00,02,01,2002,00,23.792
02.01.2002-03:00:00,02,01,2002,03,23.755
02.01.2002-06:00:00,02,01,2002,06,23.718
02.01.2002-09:00:00,02,01,2002,09,23.682
02.01.2002-12:00:00,02,01,2002,12,23.645
02.01.2002-15:00:00,02,01,2002,15,23.609
02.01.2002-18:00:00,02,01,2002,18,23.572
02.01.2002-21:00:00,02,01,2002,21,23.536
02.02.2002-00:00:00,02,02,2002,00,23.5
02.02.2002-03:00:00,02,02,2002,03,23.463
02.02.2002-06:00:00,02,02,2002,06,23.427
02.02.2002-09:00:00,02,02,2002,09,23.391
02.02.2002-12:00:00,02,02,2002,12,23.355
02.02.2002-15:00:00,02,02,2002,15,23.319
02.02.2002-18:00:00,02,02,2002,18,23.284
02.02.2002-21:00:00,02,02,2002,21,23.248
02.03.2002-00:00:00,02,03,2002,00,23.212
02.03.2002-03:00:00,02,03,2002,03,23.177
02.03.2002-06:00:00,02,03,2002,06,23.141
02.03.2002-09:00:00,02,03,2002,09,23.106
02.03.2002-12:00:00,02,03,2002,12,23.071
02.03.2002-15:00:00,02,03,2002,15,23.035
02.03.2002-18:00:00,02,03,2002,18,23
02.03.2002-21:00:00,02,03,2002,21,22.965
02.04.2002-00:00:00,02,04,2002,00,22.93
02.04.2002-03:00:00,02,04,2002,03,22.895
02.04.2002-06:00:00,02,04,2002,06,22.86
02.04.2002-09:00:00,02,04,2002,09,22.826
02.04.2002-12:00:00,02,04,2002,12,22.791
02.04.2002-15:00:00,02,04,2002,15,22.757
02.04.2002-18:00:00,02,04,2002,18,22.722
02.04.2002-21:00:00,02,04,2002,21,22.688
02.05.2002-00:00:00,02,05,2002,00,22.654
02.05.2002-03:00:00,02,05,2002,03,22.619
02.05.2002-06:00:00,02,05,2002,06,22.585
02.05.2002-09:00:00,02,05,2002,09,22.551
02.05.2002-12:00:00,02,05,2002,12,22.517
02.05.2002-15:00:00,02,05,2002,15,22.484
02.05.2002-18:00:00,02,05,2002,18,22.45
02.05.2002-21:00:00,02,05,2002,21,22.416
02.06.2002-00:00:00,02,06,2002,00,22.382
02.06.2002-03:00:00,02,06,2002,03,22.349
02.06.2002-06:00:00,02,06,2002,06,22.315
02.06.2002-09:00:00,02,06,2002,09,22.282
02.06.2002-12:00:00,02,06,2002,12,22.249
02.06.2002-15:00:00,02,06,2002,15,22.216
02.06.2002-18:00:00,02,06,2002,18,22.183
02.06.2002-21:00:00,02,06,2002,21,22.15
02.07.2002-00:00:00,02,07,2002,00,22.117
02.07.2002-03:00:00,02,07,2002,03,22.084
02.07.2002-06:00:00,02,07,2002,06,22.051
02.07.2002-09:00:00,02,07,2002,09,22.019
02.07.2002-12:00:00,02,07,2002,12,21.986
02.07.2002-15:00:00,02,07,2002,15,21.954
02.07.2002-18:00:00,02,07,2002,18,21.921
02.07.2002-21:00:00,02,07,2002,21,21.889
02.08.2002-00:00:00,02,08,2002,00,21.856
02.08.2002-03:00:00,02,08,2002,03,21.824
02.08.2002-06:00:00,02,08,2002,06,21.792
02.08.2002-09:00:00,02,08,2002,09,21.76
02.08.2002-12:00:00,02,08,2002,12,21.728
02.08.2002-15:00:00,02,08,2002,15,21.696
02.08.2002-18:00:00,02,08,2002,18,21.664
02.08.2002-21:00:00,02,08,2002,21,21.632
02.09.2002-00:00:00,02,09,2002,00,21.601
02.09.2002-03:00:00,02,09,2002,03,21.569
02.09.2002-06:00:00,02,09,2002,06,21.538
02.09.2002-09:00:00,02,09,2002,09,21.506
02.09.2002-12:00:00,02,09,2002,12,21.475
02.09.2002-15:00:00,02,09,2002,15,21.444
02.09.2002-18:00:00,02,09,2002,18,21.413
02.09.2002-21:00:00,02,09,2002,21,21.381
02.10.2002-00:00:00,02,10,2002,00,21.35
02.10.2002-03:00:00,02,10,2002,03,21.319
02.10.2002-06:00:00,02,10,2002,06,21.289
02.10.2002-09:00:00,02,10,2002,09,21.258
02.10.2002-12:00:00,02,10,2002,12,21.227
02.10.2002-15:00:00,02,10,2002,15,21.196
02.10.2002-18:00:00,02,10,2002,18,21.166
02.10.2002-21:00:00,02,10,2002,21,21.135
02.11.2002-00:00:00,02,11,2002,00,21.105
02.11.2002-03:00:00,02,11,2002,03,21.074
02.11.2002-06:00:00,02,11,2002,06,21.044
02.11.2002-09:00:00,02,11,2002,09,21.014
02.11.2002-12:00:00,02,11,2002,12,20.983
02.11.2002-15:00:00,02,11,2002,15,20.953
02.11.2002-18:00:00,02,11,2002,18,20.923
02.11.2002-21:00:00,02,11,2002,21,20.893
02.12.2002-00:00:00,02,12,2002,00,20.863
02.12.2002-03:00:00,02,12,2002,03,20.833
02.12.2002-06:00:00,02,12,2002,06,20.804
02.12.2002-09:00:00,02,12,2002,09,20.774
02.12.2002-12:00:00,02,12,2002,12,20.744
02.12.2002-15:00:00,02,12,2002,15,20.715
02.12.2002-18:00:00,02,12,2002,18,20.685
02.12.2002-21:00:00,02,12,2002,21,20.656
02.13.2002-00:00:00,02,13,2002,00,20.627
02.13.2002-03:00:00,02,13,2002,03,20.598
02.13.2002-06:00:00,02,13,2002,06,20.568
02.13.2002-09:00:00,02,13,2002,09,20.539
02.13.2002-12:00:00,02,13,2002,12,20.51
02.13.2002-15:00:00,02,13,2002,15,20.481
02.13.2002-18:00:00,02,13,2002,18,20.452
02.13.2002-21:00:00,02,13,2002,21,20.423
02.14.2002-00:00:00,02,14,2002,00,20.394
02.14.2002-03:00:00,02,14,2002,03,20.366
02.14.2002-06:00:00,02,14,2002,06,20.337
02.14.2002-09:00:00,02,14,2002,09,20.308
02.14.2002-12:00:00,02,14,2002,12,20.28
02.14.2002-15:00:00,02,14,2002,15,20.251
02.14.2002-18:00:00,02,14,2002,18,20.223
02.14.2002-21:00:00,02,14,2002,21,20.194
02.15.2002-00:00:00,02,15,2002,00,20.166
02.15.2002-03:00:00,02,15,2002,03,20.138
02.15.2002-06:00:00,02,15,2002,06,20.11
02.15.2002-09:00:00,02,15,2002,09,20.081
02.15.2002-12:00:00,02,15,2002,12,20.053
02.15.2002-15:00:00,02,15,2002,15,20.025
02.15.2002-18:00:00,02,15,2002,18,19.997
02.15.2002-21:00:00,02,15,2002,21,19.969
02.16.2002-00:00:00,02,16,2002,00,19.942
02.16.2002-03:00:00,02,16,2002,03,19.914
02.16.2002-06:00:00,02,16,2002,06,19.886
02.16.2002-09:00:00,02,16,2002,09,19.858
02.16.2002-12:00:00,02,16,2002,12,19.831
02.16.2002-15:00:00,02,16,2002,15,19.803
02.16.2002-18:00:00,02,16,2002,18,19.776
02.16.2002-21:00:00,02,16,2002,21,19.748
02.17.2002-00:00:00,02,17,2002,00,19.721
02.17.2002-03:00:00,02,17,2002,03,19.694
02.17.2002-06:00:00,02,17,2002,06,19.667
02.17.2002-09:00:00,02,17,2002,09,19.64
02.17.2002-12:00:00,02,17,2002,12,19.613
02.17.2002-15:00:00,02,17,2002,15,19.585
02.17.2002-18:00:00,02,17,2002,18,19.558
02.17.2002-21:00:00,02,17,2002,21,19.532
02.18.2002-00:00:00,02,18,2002,00,19.505
02.18.2002-03:00:00,02,18,2002,03,19.478
02.18.2002-06:00:00,02,18,2002,06,19.451
02.18.2002-09:00:00,02,18,2002,09,19.425
02.18.2002-12:00:00,02,18,2002,12,19.398
02.18.2002-15:00:00,02,18,2002,15,19.371
02.18.2002-18:00:00,02,18,2002,18,19.345
02.18.2002-21:00:00,02,18,2002,21,19.319
02.19.2002-00:00:00,02,19,2002,00,19.293
02.19.2002-03:00:00,02,19,2002,03,19.267
02.19.2002-06:00:00,02,19,2002,06,19.241
02.19.2002-09:00:00,02,19,2002,09,19.215
02.19.2002-12:00:00,02,19,2002,12,19.189
02.19.2002-15:00:00,02,19,2002,15,19.163
02.19.2002-18:00:00,02,19,2002,18,19.137
02.19.2002-21:00:00,02,19,2002,21,19.112
02.20.2002-00:00:00,02,20,2002,00,19.086
02.20.2002-03:00:00,02,20,2002,03,19.06
02.20.2002-06:00:00,02,20,2002,06,19.035
02.20.2002-09:00:00,02,20,2002,09,19.009
02.20.2002-12:00:00,02,20,2002,12,18.984
02.20.2002-15:00:00,02,20,2002,15,18.958
02.20.2002-18:00:00,02,20,2002,18,18.933
02.20.2002-21:00:00,02,20,2002,21,18.908
02.21.2002-00:00:00,02,21,2002,00,18.883
02.21.2002-03:00:00,02,21,2002,03,18.858
02.21.2002-06:00:00,02,21,2002,06,18.833
02.21.2002-09:00:00,02,21,2002,09,18.808
02.21.2002-12:00:00,02,21,2002,12,18.783
02.21.2002-15:00:00,02,21,2002,15,18.758
02.21.2002-18:00:00,02,21,2002,18,18.733
02.21.2002-21:00:00,02,21,2002,21,18.708
02.22.2002-00:00:00,02,22,2002,00,18.683
02.22.2002-03:00:00,02,22,2002,03,18.658
02.22.2002-06:00:00,02,22,2002,06,18.634
02.22.2002-09:00:00,02,22,2002,09,18.609
02.22.2002-12:00:00,02,22,2002,12,18.585
02.22.2002-15:00:00,02,22,2002,15,18.56
02.22.2002-18:00:00,02,22,2002,18,18.536
02.22.2002-21:00:00,02,22,2002,21,18.511
02.23.2002-00:00:00,02,23,2002,00,18.487
02.23.2002-03:00:00,02,23,2002,03,18.463
02.23.2002-06:00:00,02,23,2002,06,18.438
02.23.2002-09:00:00,02,23,2002,09,18.414
02.23.2002-12:00:00,02,23,2002,12,18.39
02.23.2002-15:00:00,02,23,2002,15,18.366
02.23.2002-18:00:00,02,23,2002,18,18.342
02.23.2002-21:00:00,02,23,2002,21,18.318
02.24.2002-00:00:00,02,24,2002,00,18.294
02.24.2002-03:00:00,02,24,2002,03,18.27
02.24.2002-06:00:00,02,24,2002,06,18.246
02.24.2002-09:00:00,02,24,2002,09,18.222
02.24.2002-12:00:00,02,24,2002,12,18.199
02.24.2002-15:00:00,02,24,2002,15,18.175
02.24.2002-18:00:00,02,24,2002,18,18.151
02.24.2002-21:00:00,02,24,2002,21,18.128
02.25.2002-00:00:00,02,25,2002,00,18.104
02.25.2002-03:00:00,02,25,2002,03,18.081
02.25.2002-06:00:00,02,25,2002,06,18.057
02.25.2002-09:00:00,02,25,2002,09,18.034
02.25.2002-12:00:00,02,25,2002,12,18.01
02.25.2002-15:00:00,02,25,2002,15,17.987
02.25.2002-18:00:00,02,25,2002,18,17.964
02.25.2002-21:00:00,02,25,2002,21,17.94
02.26.2002-00:00:00,02,26,2002,00,17.917
02.26.2002-03:00:00,02,26,2002,03,17.894
02.26.2002-06:00:00,02,26,2002,06,17.871
02.26.2002-09:00:00,02,26,2002,09,17.848
02.26.2002-12:00:00,02,26,2002,12,17.825
02.26.2002-15:00:00,02,26,2002,15,17.802
02.26.2002-18:00:00,02,26,2002,18,17.779
02.26.2002-21:00:00,02,26,2002,21,17.756
02.27.2002-00:00:00,02,27,2002,00,17.734
02.27.2002-03:00:00,02,27,2002,03,17.711
02.27.2002-06:00:00,02,27,2002,06,17.688
02.27.2002-09:00:00,02,27,2002,09,17.665
02.27.2002-12:00:00,02,27,2002,12,17.643
02.27.2002-15:00:00,02,27,2002,15,17.62
02.27.2002-18:00:00,02,27,2002,18,17.598
02.27.2002-21:00:00,02,27,2002,21,17.575
02.28.2002-00:00:00,02,28,2002,00,17.553
02.28.2002-03:00:00,02,28,2002,03,17.53
02.28.2002-06:00:00,02,28,2002,06,17.508
02.28.2002-09:00:00,02,28,2002,09,17.486
02.28.2002-12:00:00,02,28,2002,12,17.463
02.28.2002-15:00:00,02,28,2002,15,17.441
02.28.2002-18:00:00,02,28,2002,18,17.419
02.28.2002-21:00:00,02,28,2002,21,17.397
03.01.2002-00:00:00,03,01,2002,00,17.375
03.01.2002-03:00:00,03,01,2002,03,17.353
03.01.2002-06:00:00,03,01,2002,06,17.331
03.01.2002-09:00:00,03,01,2002,09,17.309
03.01.2002-12:00:00,03,01,2002,12,17.287
03.01.2002-15:00:00,03,01,2002,15,17.265
03.01.2002-18:00:00,03,01,2002,18,17.243
03.01.2002-21:00:00,03,01,2002,21,17.221
03.02.2002-00:00:00,03,02,2002,00,17.2
03.02.2002-03:00:00,03,02,2002,03,17.178
03.02.2002-06:00:00,03,02,2002,06,17.156
03.02.2002-09:00:00,03,02,2002,09,17.135
03.02.2002-12:00:00,03,02,2002,12,17.113
03.02.2002-15:00:00,03,02,2002,15,17.092
03.02.2002-18:00:00,03,02,2002,18,17.07
03.02.2002-21:00:00,03,02,2002,21,17.049
03.03.2002-00:00:00,03,03,2002,00,17.027
03.03.2002-03:00:00,03,03,2002,03,17.006
03.03.2002-06:00:00,03,03,2002,06,16.985
03.03.2002-09:00:00,03,03,2002,09,16.964
03.03.2002-12:00:00,03,03,2002,12,16.942
03.03.2002-15:00:00,03,03,2002,15,16.921
03.03.2002-18:00:00,03,03,2002,18,16.9
03.03.2002-21:00:00,03,03,2002,21,16.879
03.04.2002-00:00:00,03,04,2002,00,16.858
03.04.2002-03:00:00,03,04,2002,03,16.837
03.04.2002-06:00:00,03,04,2002,06,16.816
03.04.2002-09:00:00,03,04,2002,09,16.795
03.04.2002-12:00:00,03,04,2002,12,16.774
03.04.2002-15:00:00,03,04,2002,15,16.753
03.04.2002-18:00:00,03,04,2002,18,16.732
03.04.2002-21:00:00,03,04,2002,21,16.712
03.05.2002-00:00:00,03,05,2002,00,16.691
03.05.2002-03:00:00,03,05,2002,03,16.67
03.05.2002-06:00:00,03,05,2002,06,16.649
03.05.2002-09:00:00,03,05,2002,09,16.629
03.05.2002-12:00:00,03,05,2002,12,16.608
03.05.2002-15:00:00,03,05,2002,15,16.588
03.05.2002-18:00:00,03,05,2002,18,16.567
03.05.2002-21:00:00,03,05,2002,21,16.547
03.06.2002-00:00:00,03,06,2002,00,16.526
03.06.2002-03:00:00,03,06,2002,03,16.506
03.06.2002-06:00:00,03,06,2002,06,16.486
03.06.2002-09:00:00,03,06,2002,09,16.465
03.06.2002-12:00:00,03,06,2002,12,16.445
03.06.2002-15:00:00,03,06,2002,15,16.425
03.06.2002-18:00:00,03,06,2002,18,16.405
03.06.2002-21:00:00,03,06,2002,21,16.384
03.07.2002-00:00:00,03,07,2002,00,16.364
03.07.2002-03:00:00,03,07,2002,03,16.344
03.07.2002-06:00:00,03,07,2002,06,16.324
03.07.2002-09:00:00,03,07,2002,09,16.304
03.07.2002-12:00:00,03,07,2002,12,16.284
03.07.2002-15:00:00,03,07,2002,15,16.264
03.07.2002-18:00:00,03,07,2002,18,16.245
03.07.2002-21:00:00,03,07,2002,21,16.225
03.08.2002-00:00:00,03,08,2002,00,16.205
03.08.2002-03:00:00,03,08,2002,03,16.185
03.08.2002-06:00:00,03,08,2002,06,16.165
03.08.2002-09:00:00,03,08,2002,09,16.146
03.08.2002-12:00:00,03,08,2002,12,16.126
03.08.2002-15:00:00,03,08,2002,15,16.107
03.08.2002-18:00:00,03,08,2002,18,16.087
03.08.2002-21:00:00,03,08,2002,21,16.067
03.09.2002-00:00:00,03,09,2002,00,16.048
03.09.2002-03:00:00,03,09,2002,03,16.029
03.09.2002-06:00:00,03,09,2002,06,16.009
03.09.2002-09:00:00,03,09,2002,09,15.99
03.09.2002-12:00:00,03,09,2002,12,15.97
03.09.2002-15:00:00,03,09,2002,15,15.951
03.09.2002-18:00:00,03,09,2002,18,15.932
03.09.2002-21:00:00,03,09,2002,21,15.913
03.10.2002-00:00:00,03,10,2002,00,15.893
03.10.2002-03:00:00,03,10,2002,03,15.874
03.10.2002-06:00:00,03,10,2002,06,15.855
03.10.2002-09:00:00,03,10,2002,09,15.836
03.10.2002-12:00:00,03,10,2002,12,15.817
03.10.2002-15:00:00,03,10,2002,15,15.798
03.10.2002-18:00:00,03,10,2002,18,15.779
03.10.2002-21:00:00,03,10,2002,21,15.76
03.11.2002-00:00:00,03,11,2002,00,15.741
03.11.2002-03:00:00,03,11,2002,03,15.722
03.11.2002-06:00:00,03,11,2002,06,15.703
03.11.2002-09:00:00,03,11,2002,09,15.684
03.11.2002-12:00:00,03,11,2002,12,15.666
03.11.2002-15:00:00,03,11,2002,15,15.647
03.11.2002-18:00:00,03,11,2002,18,15.628
03.11.2002-21:00:00,03,11,2002,21,15.61
03.12.2002-00:00:00,03,12,2002,00,15.591
03.12.2002-03:00:00,03,12,2002,03,15.572
03.12.2002-06:00:00,03,12,2002,06,15.554
03.12.2002-09:00:00,03,12,2002,09,15.535
03.12.2002-12:00:00,03,12,2002,12,15.517
03.12.2002-15:00:00,03,12,2002,15,15.498
03.12.2002-18:00:00,03,12,2002,18,15.48
03.12.2002-21:00:00,03,12,2002,21,15.462
03.13.2002-00:00:00,03,13,2002,00,15.443
03.13.2002-03:00:00,03,13,2002,03,15.425
03.13.2002-06:00:00,03,13,2002,06,15.407
03.13.2002-09:00:00,03,13,2002,09,15.388
03.13.2002-12:00:00,03,13,2002,12,15.37
03.13.2002-15:00:00,03,13,2002,15,15.352
03.13.2002-18:00:00,03,13,2002,18,15.334
03.13.2002-21:00:00,03,13,2002,21,15.316
03.14.2002-00:00:00,03,14,2002,00,15.298
03.14.2002-03:00:00,03,14,2002,03,15.28
03.14.2002-06:00:00,03,14,2002,06,15.262
03.14.2002-09:00:00,03,14,2002,09,15.244
03.14.2002-12:00:00,03,14,2002,12,15.226
03.14.2002-15:00:00,03,14,2002,15,15.208
03.14.2002-18:00:00,03,14,2002,18,15.19
03.14.2002-21:00:00,03,14,2002,21,15.172
03.15.2002-00:00:00,03,15,2002,00,15.154
03.15.2002-03:00:00,03,15,2002,03,15.136
03.15.2002-06:00:00,03,15,2002,06,15.119
03.15.2002-09:00:00,03,15,2002,09,15.101
03.15.2002-12:00:00,03,15,2002,12,15.083
03.15.2002-15:00:00,03,15,2002,15,15.065
03.15.2002-18:00:00,03,15,2002,18,15.048
03.15.2002-21:00:00,03,15,2002,21,15.03
03.16.2002-00:00:00,03,16,2002,00,15.013
03.16.2002-03:00:00,03,16,2002,03,14.995
03.16.2002-06:00:00,03,16,2002,06,14.978
03.16.2002-09:00:00,03,16,2002,09,14.96
03.16.2002-12:00:00,03,16,2002,12,14.943
03.16.2002-15:00:00,03,16,2002,15,14.925
03.16.2002-18:00:00,03,16,2002,18,14.908
03.16.2002-21:00:00,03,16,2002,21,14.891
03.17.2002-00:00:00,03,17,2002,00,14.873
03.17.2002-03:00:00,03,17,2002,03,14.856
03.17.2002-06:00:00,03,17,2002,06,14.839
03.17.2002-09:00:00,03,17,2002,09,14.821
03.17.2002-12:00:00,03,17,2002,12,14.804
03.17.2002-15:00:00,03,17,2002,15,14.787
03.17.2002-18:00:00,03,17,2002,18,14.77
03.17.2002-21:00:00,03,17,2002,21,14.753
03.18.2002-00:00:00,03,18,2002,00,14.736
03.18.2002-03:00:00,03,18,2002,03,14.719
03.18.2002-06:00:00,03,18,2002,06,14.702
03.18.2002-09:00:00,03,18,2002,09,14.685
03.18.2002-12:00:00,03,18,2002,12,14.668
03.18.2002-15:00:00,03,18,2002,15,14.651
03.18.2002-18:00:00,03,18,2002,18,14.634
03.18.2002-21:00:00,03,18,2002,21,14.617
03.19.2002-00:00:00,03,19,2002,00,14.601
03.19.2002-03:00:00,03,19,2002,03,14.584
03.19.2002-06:00:00,03,19,2002,06,14.567
03.19.2002-09:00:00,03,19,2002,09,14.55
03.19.2002-12:00:00,03,19,2002,12,14.534
03.19.2002-15:00:00,03,19,2002,15,14.517
03.19.2002-18:00:00,03,19,2002,18,14.5
03.19.2002-21:00:00,03,19,2002,21,14.484
03.20.2002-00:00:00,03,20,2002,00,14.467
03.20.2002-03:00:00,03,20,2002,03,14.451
03.20.2002-06:00:00,03,20,2002,06,14.434
03.20.2002-09:00:00,03,20,2002,09,14.418
03.20.2002-12:00:00,03,20,2002,12,14.401
03.20.2002-15:00:00,03,20,2002,15,14.385
03.20.2002-18:00:00,03,20,2002,18,14.368
03.20.2002-21:00:00,03,20,2002,21,14.352
03.21.2002-00:00:00,03,21,2002,00,14.336
03.21.2002-03:00:00,03,21,2002,03,14.319
03.21.2002-06:00:00,03,21,2002,06,14.303
03.21.2002-09:00:00,03,21,2002,09,14.287
03.21.2002-12:00:00,03,21,2002,12,14.271
03.21.2002-15:00:00,03,21,2002,15,14.254
03.21.2002-18:00:00,03,21,2002,18,14.238
03.21.2002-21:00:00,03,21,2002,21,14.222
03.22.2002-00:00:00,03,22,2002,00,14.206
03.22.2002-03:00:00,03,22,2002,03,14.19
03.22.2002-06:00:00,03,22,2002,06,14.174
03.22.2002-09:00:00,03,22,2002,09,14.158
03.22.2002-12:00:00,03,22,2002,12,14.142
03.22.2002-15:00:00,03,22,2002,15,14.126
03.22.2002-18:00:00,03,22,2002,18,14.11
03.22.2002-21:00:00,03,22,2002,21,14.094
03.23.2002-00:00:00,03,23,2002,00,14.078
03.23.2002-03:00:00,03,23,2002,03,14.062
03.23.2002-06:00:00,03,23,2002,06,14.046
03.23.2002-09:00:00,03,23,2002,09,14.031
03.23.2002-12:00:00,03,23,2002,12,14.015
03.23.2002-15:00:00,03,23,2002,15,13.999
03.23.2002-18:00:00,03,23,2002,18,13.984
03.23.2002-21:00:00,03,23,2002,21,13.968
03.24.2002-00:00:00,03,24,2002,00,13.953
03.24.2002-03:00:00,03,24,2002,03,13.937
03.24.2002-06:00:00,03,24,2002,06,13.922
03.24.2002-09:00:00,03,24,2002,09,13.906
03.24.2002-12:00:00,03,24,2002,12,13.891
03.24.2002-15:00:00,03,24,2002,15,13.875
03.24.2002-18:00:00,03,24,2002,18,13.86
03.24.2002-21:00:00,03,24,2002,21,13.845
03.25.2002-00:00:00,03,25,2002,00,13.829
03.25.2002-03:00:00,03,25,2002,03,13.814
03.25.2002-06:00:00,03,25,2002,06,13.799
03.25.2002-09:00:00,03,25,2002,09,13.784
03.25.2002-12:00:00,03,25,2002,12,13.768
03.25.2002-15:00:00,03,25,2002,15,13.753
03.25.2002-18:00:00,03,25,2002,18,13.738
03.25.2002-21:00:00,03,25,2002,21,13.723
03.26.2002-00:00:00,03,26,2002,00,13.708
03.26.2002-03:00:00,03,26,2002,03,13.693
03.26.2002-06:00:00,03,26,2002,06,13.678
03.26.2002-09:00:00,03,26,2002,09,13.663
03.26.2002-12:00:00,03,26,2002,12,13.648
03.26.2002-15:00:00,03,26,2002,15,13.633
03.26.2002-18:00:00,03,26,2002,18,13.618
03.26.2002-21:00:00,03,26,2002,21,13.603
03.27.2002-00:00:00,03,27,2002,00,13.588
03.27.2002-03:00:00,03,27,2002,03,13.573
03.27.2002-06:00:00,03,27,2002,06,13.558
03.27.2002-09:00:00,03,27,2002,09,13.543
03.27.2002-12:00:00,03,27,2002,12,13.528
03.27.2002-15:00:00,03,27,2002,15,13.514
03.27.2002-18:00:00,03,27,2002,18,13.499
03.27.2002-21:00:00,03,27,2002,21,13.484
03.28.2002-00:00:00,03,28,2002,00,13.469
03.28.2002-03:00:00,03,28,2002,03,13.455
03.28.2002-06:00:00,03,28,2002,06,13.44
03.28.2002-09:00:00,03,28,2002,09,13.426
03.28.2002-12:00:00,03,28,2002,12,13.411
03.28.2002-15:00:00,03,28,2002,15,13.396
03.28.2002-18:00:00,03,28,2002,18,13.382
03.28.2002-21:00:00,03,28,2002,21,13.367
03.29.2002-00:00:00,03,29,2002,00,13.353
03.29.2002-03:00:00,03,29,2002,03,13.338
03.29.2002-06:00:00,03,29,2002,06,13.324
03.29.2002-09:00:00,03,29,2002,09,13.309
03.29.2002-12:00:00,03,29,2002,12,13.295
03.29.2002-15:00:00,03,29,2002,15,13.281
03.29.2002-18:00:00,03,29,2002,18,13.266
03.29.2002-21:00:00,03,29,2002,21,13.252
03.30.2002-00:00:00,03,30,2002,00,13.238
03.30.2002-03:00:00,03,30,2002,03,13.223
03.30.2002-06:00:00,03,30,2002,06,13.209
03.30.2002-09:00:00,03,30,2002,09,13.195
03.30.2002-12:00:00,03,30,2002,12,13.181
03.30.2002-15:00:00,03,30,2002,15,13.166
03.30.2002-18:00:00,03,30,2002,18,13.152
03.30.2002-21:00:00,03,30,2002,21,13.138
03.31.2002-00:00:00,03,31,2002,00,13.124
03.31.2002-03:00:00,03,31,2002,03,13.11
03.31.2002-06:00:00,03,31,2002,06,13.096
03.31.2002-09:00:00,03,31,2002,09,13.082
03.31.2002-12:00:00,03,31,2002,12,13.068
03.31.2002-15:00:00,03,31,2002,15,13.054
03.31.2002-18:00:00,03,31,2002,18,13.04
03.31.2002-21:00:00,03,31,2002,21,13.026
04.01.2002-00:00:00,04,01,2002,00,13.012
04.01.2002-03:00:00,04,01,2002,03,12.998
04.01.2002-06:00:00,04,01,2002,06,12.984
04.01.2002-09:00:00,04,01,2002,09,12.97
04.01.2002-12:00:00,04,01,2002,12,12.956
04.01.2002-15:00:00,04,01,2002,15,12.942
04.01.2002-18:00:00,04,01,2002,18,12.928
04.01.2002-21:00:00,04,01,2002,21,12.915
04.02.2002-00:00:00,04,02,2002,00,12.901
04.02.2002-03:00:00,04,02,2002,03,12.887
04.02.2002-06:00:00,04,02,2002,06,12.873
04.02.2002-09:00:00,04,02,2002,09,12.86
04.02.2002-12:00:00,04,02,2002,12,12.846
04.02.2002-15:00:00,04,02,2002,15,12.833
04.02.2002-18:00:00,04,02,2002,18,12.819
04.02.2002-21:00:00,04,02,2002,21,12.806
04.03.2002-00:00:00,04,03,2002,00,12.793
04.03.2002-03:00:00,04,03,2002,03,12.78
04.03.2002-06:00:00,04,03,2002,06,12.767
04.03.2002-09:00:00,04,03,2002,09,12.754
04.03.2002-12:00:00,04,03,2002,12,12.74
04.03.2002-15:00:00,04,03,2002,15,12.727
04.03.2002-18:00:00,04,03,2002,18,12.714
04.03.2002-21:00:00,04,03,2002,21,12.701
04.04.2002-00:00:00,04,04,2002,00,12.688
04.04.2002-03:00:00,04,04,2002,03,12.675
04.04.2002-06:00:00,04,04,2002,06,12.662
04.04.2002-09:00:00,04,04,2002,09,12.65
04.04.2002-12:00:00,04,04,2002,12,12.637
04.04.2002-15:00:00,04,04,2002,15,12.624
04.04.2002-18:00:00,04,04,2002,18,12.611
04.04.2002-21:00:00,04,04,2002,21,12.599
04.05.2002-00:00:00,04,05,2002,00,12.587
04.05.2002-03:00:00,04,05,2002,03,12.575
04.05.2002-06:00:00,04,05,2002,06,12.563
04.05.2002-09:00:00,04,05,2002,09,12.552
04.05.2002-12:00:00,04,05,2002,12,12.541
04.05.2002-15:00:00,04,05,2002,15,12.529
04.05.2002-18:00:00,04,05,2002,18,12.518
04.05.2002-21:00:00,04,05,2002,21,12.508
04.06.2002-00:00:00,04,06,2002,00,12.498
04.06.2002-03:00:00,04,06,2002,03,12.488
04.06.2002-06:00:00,04,06,2002,06,12.478
04.06.2002-09:00:00,04,06,2002,09,12.468
04.06.2002-12:00:00,04,06,2002,12,12.459
04.06.2002-15:00:00,04,06,2002,15,12.449
04.06.2002-18:00:00,04,06,2002,18,12.44
04.06.2002-21:00:00,04,06,2002,21,12.432
04.07.2002-00:00:00,04,07,2002,00,12.424
04.07.2002-03:00:00,04,07,2002,03,12.416
04.07.2002-06:00:00,04,07,2002,06,12.409
04.07.2002-09:00:00,04,07,2002,09,12.402
04.07.2002-12:00:00,04,07,2002,12,12.395
04.07.2002-15:00:00,04,07,2002,15,12.388
04.07.2002-18:00:00,04,07,2002,18,12.381
04.07.2002-21:00:00,04,07,2002,21,12.375
04.08.2002-00:00:00,04,08,2002,00,12.369
04.08.2002-03:00:00,04,08,2002,03,12.363
04.08.2002-06:00:00,04,08,2002,06,12.358
04.08.2002-09:00:00,04,08,2002,09,12.353
04.08.2002-12:00:00,04,08,2002,12,12.348
04.08.2002-15:00:00,04,08,2002,15,12.342
04.08.2002-18:00:00,04,08,2002,18,12.337
04.08.2002-21:00:00,04,08,2002,21,12.333
04.09.2002-00:00:00,04,09,2002,00,12.329
04.09.2002-03:00:00,04,09,2002,03,12.325
04.09.2002-06:00:00,04,09,2002,06,12.322
04.09.2002-09:00:00,04,09,2002,09,12.319
04.09.2002-12:00:00,04,09,2002,12,12.317
04.09.2002-15:00:00,04,09,2002,15,12.314
04.09.2002-18:00:00,04,09,2002,18,12.312
04.09.2002-21:00:00,04,09,2002,21,12.309
04.10.2002-00:00:00,04,10,2002,00,12.307
04.10.2002-03:00:00,04,10,2002,03,12.304
04.10.2002-06:00:00,04,10,2002,06,12.302
04.10.2002-09:00:00,04,10,2002,09,12.3
04.10.2002-12:00:00,04,10,2002,12,12.297
04.10.2002-15:00:00,04,10,2002,15,12.294
04.10.2002-18:00:00,04,10,2002,18,12.292
04.10.2002-21:00:00,04,10,2002,21,12.289
04.11.2002-00:00:00,04,11,2002,00,12.286
04.11.2002-03:00:00,04,11,2002,03,12.283
04.11.2002-06:00:00,04,11,2002,06,12.28
04.11.2002-09:00:00,04,11,2002,09,12.278
04.11.2002-12:00:00,04,11,2002,12,12.287
04.11.2002-15:00:00,04,11,2002,15,12.297
04.11.2002-18:00:00,04,11,2002,18,12.306
04.11.2002-21:00:00,04,11,2002,21,12.312
04.12.2002-00:00:00,04,12,2002,00,12.318
04.12.2002-03:00:00,04,12,2002,03,12.322
04.12.2002-06:00:00,04,12,2002,06,12.326
04.12.2002-09:00:00,04,12,2002,09,12.336
04.12.2002-12:00:00,04,12,2002,12,12.358
04.12.2002-15:00:00,04,12,2002,15,12.38
04.12.2002-18:00:00,04,12,2002,18,12.407
04.12.2002-21:00:00,04,12,2002,21,12.431
04.13.2002-00:00:00,04,13,2002,00,12.448
04.13.2002-03:00:00,04,13,2002,03,12.47
04.13.2002-06:00:00,04,13,2002,06,12.495
04.13.2002-09:00:00,04,13,2002,09,12.545
04.13.2002-12:00:00,04,13,2002,12,12.632
04.13.2002-15:00:00,04,13,2002,15,12.73
04.13.2002-18:00:00,04,13,2002,18,12.838
04.13.2002-21:00:00,04,13,2002,21,12.94
04.14.2002-00:00:00,04,14,2002,00,13.01
04.14.2002-03:00:00,04,14,2002,03,13.068
04.14.2002-06:00:00,04,14,2002,06,13.123
04.14.2002-09:00:00,04,14,2002,09,13.212
04.14.2002-12:00:00,04,14,2002,12,13.354
04.14.2002-15:00:00,04,14,2002,15,13.533
04.14.2002-18:00:00,04,14,2002,18,13.743
04.14.2002-21:00:00,04,14,2002,21,13.914
04.15.2002-00:00:00,04,15,2002,00,14.051
04.15.2002-03:00:00,04,15,2002,03,14.175
04.15.2002-06:00:00,04,15,2002,06,14.276
04.15.2002-09:00:00,04,15,2002,09,14.374
04.15.2002-12:00:00,04,15,2002,12,14.469
04.15.2002-15:00:00,04,15,2002,15,14.567
04.15.2002-18:00:00,04,15,2002,18,14.667
04.15.2002-21:00:00,04,15,2002,21,14.764
04.16.2002-00:00:00,04,16,2002,00,14.858
04.16.2002-03:00:00,04,16,2002,03,14.951
04.16.2002-06:00:00,04,16,2002,06,15.043
04.16.2002-09:00:00,04,16,2002,09,15.133
04.16.2002-12:00:00,04,16,2002,12,15.221
04.16.2002-15:00:00,04,16,2002,15,15.307
04.16.2002-18:00:00,04,16,2002,18,15.393
04.16.2002-21:00:00,04,16,2002,21,15.477
04.17.2002-00:00:00,04,17,2002,00,15.559
04.17.2002-03:00:00,04,17,2002,03,15.639
04.17.2002-06:00:00,04,17,2002,06,15.718
04.17.2002-09:00:00,04,17,2002,09,15.796
04.17.2002-12:00:00,04,17,2002,12,15.871
04.17.2002-15:00:00,04,17,2002,15,15.945
04.17.2002-18:00:00,04,17,2002,18,16.028
04.17.2002-21:00:00,04,17,2002,21,16.099
04.18.2002-00:00:00,04,18,2002,00,16.168
04.18.2002-03:00:00,04,18,2002,03,16.235
04.18.2002-06:00:00,04,18,2002,06,16.301
04.18.2002-09:00:00,04,18,2002,09,16.365
04.18.2002-12:00:00,04,18,2002,12,16.427
04.18.2002-15:00:00,04,18,2002,15,16.488
04.18.2002-18:00:00,04,18,2002,18,16.561
04.18.2002-21:00:00,04,18,2002,21,16.619
04.19.2002-00:00:00,04,19,2002,00,16.675
04.19.2002-03:00:00,04,19,2002,03,16.732
04.19.2002-06:00:00,04,19,2002,06,16.788
04.19.2002-09:00:00,04,19,2002,09,16.843
04.19.2002-12:00:00,04,19,2002,12,16.924
04.19.2002-15:00:00,04,19,2002,15,17.052
04.19.2002-18:00:00,04,19,2002,18,17.165
04.19.2002-21:00:00,04,19,2002,21,17.248
04.20.2002-00:00:00,04,20,2002,00,17.323
04.20.2002-03:00:00,04,20,2002,03,17.387
04.20.2002-06:00:00,04,20,2002,06,17.45
04.20.2002-09:00:00,04,20,2002,09,17.566
04.20.2002-12:00:00,04,20,2002,12,17.759
04.20.2002-15:00:00,04,20,2002,15,17.995
04.20.2002-18:00:00,04,20,2002,18,18.254
04.20.2002-21:00:00,04,20,2002,21,18.486
04.21.2002-00:00:00,04,21,2002,00,18.712
04.21.2002-03:00:00,04,21,2002,03,18.912
04.21.2002-06:00:00,04,21,2002,06,19.104
04.21.2002-09:00:00,04,21,2002,09,19.428
04.21.2002-12:00:00,04,21,2002,12,19.933
04.21.2002-15:00:00,04,21,2002,15,20.468
04.21.2002-18:00:00,04,21,2002,18,20.939
04.21.2002-21:00:00,04,21,2002,21,21.356
04.22.2002-00:00:00,04,22,2002,00,21.724
04.22.2002-03:00:00,04,22,2002,03,22.062
04.22.2002-06:00:00,04,22,2002,06,22.371
04.22.2002-09:00:00,04,22,2002,09,22.841
04.22.2002-12:00:00,04,22,2002,12,23.739
04.22.2002-15:00:00,04,22,2002,15,24.629
04.22.2002-18:00:00,04,22,2002,18,25.26
04.22.2002-21:00:00,04,22,2002,21,25.817
04.23.2002-00:00:00,04,23,2002,00,26.247
04.23.2002-03:00:00,04,23,2002,03,26.661
04.23.2002-06:00:00,04,23,2002,06,27.06
04.23.2002-09:00:00,04,23,2002,09,27.417
04.23.2002-12:00:00,04,23,2002,12,27.77
04.23.2002-15:00:00,04,23,2002,15,28.112
04.23.2002-18:00:00,04,23,2002,18,28.436
04.23.2002-21:00:00,04,23,2002,21,28.795
04.24.2002-00:00:00,04,24,2002,00,29.156
04.24.2002-03:00:00,04,24,2002,03,29.513
04.24.2002-06:00:00,04,24,2002,06,29.867
04.24.2002-09:00:00,04,24,2002,09,30.188
04.24.2002-12:00:00,04,24,2002,12,30.494
04.24.2002-15:00:00,04,24,2002,15,30.825
04.24.2002-18:00:00,04,24,2002,18,31.161
04.24.2002-21:00:00,04,24,2002,21,31.494
04.25.2002-00:00:00,04,25,2002,00,31.822
04.25.2002-03:00:00,04,25,2002,03,32.146
04.25.2002-06:00:00,04,25,2002,06,32.455
04.25.2002-09:00:00,04,25,2002,09,32.701
04.25.2002-12:00:00,04,25,2002,12,32.94
04.25.2002-15:00:00,04,25,2002,15,33.197
04.25.2002-18:00:00,04,25,2002,18,33.503
04.25.2002-21:00:00,04,25,2002,21,33.786
04.26.2002-00:00:00,04,26,2002,00,34.062
04.26.2002-03:00:00,04,26,2002,03,34.341
04.26.2002-06:00:00,04,26,2002,06,34.611
04.26.2002-09:00:00,04,26,2002,09,34.843
04.26.2002-12:00:00,04,26,2002,12,35.112
04.26.2002-15:00:00,04,26,2002,15,35.483
04.26.2002-18:00:00,04,26,2002,18,35.849
04.26.2002-21:00:00,04,26,2002,21,36.178
04.27.2002-00:00:00,04,27,2002,00,36.483
04.27.2002-03:00:00,04,27,2002,03,36.768
04.27.2002-06:00:00,04,27,2002,06,37.042
04.27.2002-09:00:00,04,27,2002,09,37.427
04.27.2002-12:00:00,04,27,2002,12,38.284
04.27.2002-15:00:00,04,27,2002,15,39.625
04.27.2002-18:00:00,04,27,2002,18,40.398
04.27.2002-21:00:00,04,27,2002,21,41.05
04.28.2002-00:00:00,04,28,2002,00,41.545
04.28.2002-03:00:00,04,28,2002,03,41.965
04.28.2002-06:00:00,04,28,2002,06,42.36
04.28.2002-09:00:00,04,28,2002,09,42.848
04.28.2002-12:00:00,04,28,2002,12,44.174
04.28.2002-15:00:00,04,28,2002,15,46.212
04.28.2002-18:00:00,04,28,2002,18,47.321
04.28.2002-21:00:00,04,28,2002,21,48.345
04.29.2002-00:00:00,04,29,2002,00,49.057
04.29.2002-03:00:00,04,29,2002,03,51.414
04.29.2002-06:00:00,04,29,2002,06,60.284
04.29.2002-09:00:00,04,29,2002,09,59.671
04.29.2002-12:00:00,04,29,2002,12,97.58
04.29.2002-15:00:00,04,29,2002,15,127.65
04.29.2002-18:00:00,04,29,2002,18,79.274
04.29.2002-21:00:00,04,29,2002,21,73.86
04.30.2002-00:00:00,04,30,2002,00,74.842
04.30.2002-03:00:00,04,30,2002,03,78.027
04.30.2002-06:00:00,04,30,2002,06,84.772
04.30.2002-09:00:00,04,30,2002,09,161.54
04.30.2002-12:00:00,04,30,2002,12,286.61
04.30.2002-15:00:00,04,30,2002,15,254.87
04.30.2002-18:00:00,04,30,2002,18,200.63
04.30.2002-21:00:00,04,30,2002,21,171.29
05.01.2002-00:00:00,05,01,2002,00,166.81
05.01.2002-03:00:00,05,01,2002,03,157.21
05.01.2002-06:00:00,05,01,2002,06,148.4
05.01.2002-09:00:00,05,01,2002,09,223.38
05.01.2002-12:00:00,05,01,2002,12,415.6
05.01.2002-15:00:00,05,01,2002,15,420.7
05.01.2002-18:00:00,05,01,2002,18,322.39
05.01.2002-21:00:00,05,01,2002,21,262
05.02.2002-00:00:00,05,02,2002,00,262.36
05.02.2002-03:00:00,05,02,2002,03,245.59
05.02.2002-06:00:00,05,02,2002,06,251.01
05.02.2002-09:00:00,05,02,2002,09,439.23
05.02.2002-12:00:00,05,02,2002,12,694.73
05.02.2002-15:00:00,05,02,2002,15,663.12
05.02.2002-18:00:00,05,02,2002,18,515.9
05.02.2002-21:00:00,05,02,2002,21,406.06
05.03.2002-00:00:00,05,03,2002,00,367.89
05.03.2002-03:00:00,05,03,2002,03,336.08
05.03.2002-06:00:00,05,03,2002,06,330.52
05.03.2002-09:00:00,05,03,2002,09,374.04
05.03.2002-12:00:00,05,03,2002,12,518.43
05.03.2002-15:00:00,05,03,2002,15,558.94
05.03.2002-18:00:00,05,03,2002,18,408.77
05.03.2002-21:00:00,05,03,2002,21,358.63
05.04.2002-00:00:00,05,04,2002,00,342.38
05.04.2002-03:00:00,05,04,2002,03,342.11
05.04.2002-06:00:00,05,04,2002,06,354.63
05.04.2002-09:00:00,05,04,2002,09,338.65
05.04.2002-12:00:00,05,04,2002,12,372.39
05.04.2002-15:00:00,05,04,2002,15,433.54
05.04.2002-18:00:00,05,04,2002,18,396.93
05.04.2002-21:00:00,05,04,2002,21,363.89
05.05.2002-00:00:00,05,05,2002,00,356.84
05.05.2002-03:00:00,05,05,2002,03,354.31
05.05.2002-06:00:00,05,05,2002,06,348.53
05.05.2002-09:00:00,05,05,2002,09,339.31
05.05.2002-12:00:00,05,05,2002,12,484.32
05.05.2002-15:00:00,05,05,2002,15,518.94
05.05.2002-18:00:00,05,05,2002,18,406.54
05.05.2002-21:00:00,05,05,2002,21,362.77
05.06.2002-00:00:00,05,06,2002,00,358.86
05.06.2002-03:00:00,05,06,2002,03,374.12
05.06.2002-06:00:00,05,06,2002,06,384.72
05.06.2002-09:00:00,05,06,2002,09,360.04
05.06.2002-12:00:00,05,06,2002,12,361.92
05.06.2002-15:00:00,05,06,2002,15,401.91
05.06.2002-18:00:00,05,06,2002,18,400.27
05.06.2002-21:00:00,05,06,2002,21,385.3
05.07.2002-00:00:00,05,07,2002,00,381.71
05.07.2002-03:00:00,05,07,2002,03,378.79
05.07.2002-06:00:00,05,07,2002,06,371.35
05.07.2002-09:00:00,05,07,2002,09,339.99
05.07.2002-12:00:00,05,07,2002,12,393.64
05.07.2002-15:00:00,05,07,2002,15,476.14
05.07.2002-18:00:00,05,07,2002,18,413.13
05.07.2002-21:00:00,05,07,2002,21,368.42
05.08.2002-00:00:00,05,08,2002,00,365.22
05.08.2002-03:00:00,05,08,2002,03,364.08
05.08.2002-06:00:00,05,08,2002,06,366.51
05.08.2002-09:00:00,05,08,2002,09,321.63
05.08.2002-12:00:00,05,08,2002,12,337.76
05.08.2002-15:00:00,05,08,2002,15,545.25
05.08.2002-18:00:00,05,08,2002,18,417.3
05.08.2002-21:00:00,05,08,2002,21,364.65
05.09.2002-00:00:00,05,09,2002,00,364.08
05.09.2002-03:00:00,05,09,2002,03,368.07
05.09.2002-06:00:00,05,09,2002,06,363.23
05.09.2002-09:00:00,05,09,2002,09,311
05.09.2002-12:00:00,05,09,2002,12,304.25
05.09.2002-15:00:00,05,09,2002,15,352.47
05.09.2002-18:00:00,05,09,2002,18,379.26
05.09.2002-21:00:00,05,09,2002,21,357.75
05.10.2002-00:00:00,05,10,2002,00,354.66
05.10.2002-03:00:00,05,10,2002,03,352.69
05.10.2002-06:00:00,05,10,2002,06,342.24
05.10.2002-09:00:00,05,10,2002,09,284.53
05.10.2002-12:00:00,05,10,2002,12,401.2
05.10.2002-15:00:00,05,10,2002,15,546.03
05.10.2002-18:00:00,05,10,2002,18,487.69
05.10.2002-21:00:00,05,10,2002,21,400.92
05.11.2002-00:00:00,05,11,2002,00,376.74
05.11.2002-03:00:00,05,11,2002,03,356.01
05.11.2002-06:00:00,05,11,2002,06,354.19
05.11.2002-09:00:00,05,11,2002,09,595.97
05.11.2002-12:00:00,05,11,2002,12,1052
05.11.2002-15:00:00,05,11,2002,15,991.22
05.11.2002-18:00:00,05,11,2002,18,763.54
05.11.2002-21:00:00,05,11,2002,21,577.81
05.12.2002-00:00:00,05,12,2002,00,507.6
05.12.2002-03:00:00,05,12,2002,03,451.69
05.12.2002-06:00:00,05,12,2002,06,446.82
05.12.2002-09:00:00,05,12,2002,09,714.02
05.12.2002-12:00:00,05,12,2002,12,1310
05.12.2002-15:00:00,05,12,2002,15,1189.7
05.12.2002-18:00:00,05,12,2002,18,896.06
05.12.2002-21:00:00,05,12,2002,21,707.94
05.13.2002-00:00:00,05,13,2002,00,652.57
05.13.2002-03:00:00,05,13,2002,03,599.45
05.13.2002-06:00:00,05,13,2002,06,599.99
05.13.2002-09:00:00,05,13,2002,09,937.02
05.13.2002-12:00:00,05,13,2002,12,1505.7
05.13.2002-15:00:00,05,13,2002,15,1390.3
05.13.2002-18:00:00,05,13,2002,18,1116.3
05.13.2002-21:00:00,05,13,2002,21,914.23
05.14.2002-00:00:00,05,14,2002,00,870.55
05.14.2002-03:00:00,05,14,2002,03,782.16
05.14.2002-06:00:00,05,14,2002,06,780.74
05.14.2002-09:00:00,05,14,2002,09,1010.3
05.14.2002-12:00:00,05,14,2002,12,1426.3
05.14.2002-15:00:00,05,14,2002,15,1321.6
05.14.2002-18:00:00,05,14,2002,18,1116.7
05.14.2002-21:00:00,05,14,2002,21,989.29
05.15.2002-00:00:00,05,15,2002,00,897.78
05.15.2002-03:00:00,05,15,2002,03,878.13
05.15.2002-06:00:00,05,15,2002,06,866.24
05.15.2002-09:00:00,05,15,2002,09,986.04
05.15.2002-12:00:00,05,15,2002,12,1574
05.15.2002-15:00:00,05,15,2002,15,1593
05.15.2002-18:00:00,05,15,2002,18,1284.1
05.15.2002-21:00:00,05,15,2002,21,1127.6
05.16.2002-00:00:00,05,16,2002,00,1064.6
05.16.2002-03:00:00,05,16,2002,03,1049.2
05.16.2002-06:00:00,05,16,2002,06,1019.8
05.16.2002-09:00:00,05,16,2002,09,1205.7
05.16.2002-12:00:00,05,16,2002,12,2030.2
05.16.2002-15:00:00,05,16,2002,15,1988.8
05.16.2002-18:00:00,05,16,2002,18,1598.8
05.16.2002-21:00:00,05,16,2002,21,1393.4
05.17.2002-00:00:00,05,17,2002,00,1406.7
05.17.2002-03:00:00,05,17,2002,03,1380.2
05.17.2002-06:00:00,05,17,2002,06,1450.8
05.17.2002-09:00:00,05,17,2002,09,2215.4
05.17.2002-12:00:00,05,17,2002,12,2732.2
05.17.2002-15:00:00,05,17,2002,15,2467.6
05.17.2002-18:00:00,05,17,2002,18,2099.3
05.17.2002-21:00:00,05,17,2002,21,1883.8
05.18.2002-00:00:00,05,18,2002,00,1743.2
05.18.2002-03:00:00,05,18,2002,03,1644
05.18.2002-06:00:00,05,18,2002,06,1636.7
05.18.2002-09:00:00,05,18,2002,09,2423.3
05.18.2002-12:00:00,05,18,2002,12,3335.5
05.18.2002-15:00:00,05,18,2002,15,2957.7
05.18.2002-18:00:00,05,18,2002,18,2463.6
05.18.2002-21:00:00,05,18,2002,21,2190.5
05.19.2002-00:00:00,05,19,2002,00,2123
05.19.2002-03:00:00,05,19,2002,03,2061.2
05.19.2002-06:00:00,05,19,2002,06,2123.1
05.19.2002-09:00:00,05,19,2002,09,3226.5
05.19.2002-12:00:00,05,19,2002,12,3964.6
05.19.2002-15:00:00,05,19,2002,15,3578.8
05.19.2002-18:00:00,05,19,2002,18,3140.4
05.19.2002-21:00:00,05,19,2002,21,2813
05.20.2002-00:00:00,05,20,2002,00,3354.6
05.20.2002-03:00:00,05,20,2002,03,3493.5
05.20.2002-06:00:00,05,20,2002,06,3926.8
05.20.2002-09:00:00,05,20,2002,09,5021
05.20.2002-12:00:00,05,20,2002,12,5756.5
05.20.2002-15:00:00,05,20,2002,15,5559.3
05.20.2002-18:00:00,05,20,2002,18,5195.5
05.20.2002-21:00:00,05,20,2002,21,5020.5
05.21.2002-00:00:00,05,21,2002,00,4877
05.21.2002-03:00:00,05,21,2002,03,4629.6
05.21.2002-06:00:00,05,21,2002,06,4840.4
05.21.2002-09:00:00,05,21,2002,09,5277.9
05.21.2002-12:00:00,05,21,2002,12,5745.2
05.21.2002-15:00:00,05,21,2002,15,5652.6
05.21.2002-18:00:00,05,21,2002,18,5562.7
05.21.2002-21:00:00,05,21,2002,21,5484.5
05.22.2002-00:00:00,05,22,2002,00,5193.5
05.22.2002-03:00:00,05,22,2002,03,4938.1
05.22.2002-06:00:00,05,22,2002,06,5093.4
05.22.2002-09:00:00,05,22,2002,09,5381.3
05.22.2002-12:00:00,05,22,2002,12,5583.1
05.22.2002-15:00:00,05,22,2002,15,5608.5
05.22.2002-18:00:00,05,22,2002,18,5607.2
05.22.2002-21:00:00,05,22,2002,21,5436.2
05.23.2002-00:00:00,05,23,2002,00,5118.9
05.23.2002-03:00:00,05,23,2002,03,4964.8
05.23.2002-06:00:00,05,23,2002,06,4999.4
05.23.2002-09:00:00,05,23,2002,09,6368.8
05.23.2002-12:00:00,05,23,2002,12,7279.7
05.23.2002-15:00:00,05,23,2002,15,6983.8
05.23.2002-18:00:00,05,23,2002,18,6631.1
05.23.2002-21:00:00,05,23,2002,21,6146.2
05.24.2002-00:00:00,05,24,2002,00,5744
05.24.2002-03:00:00,05,24,2002,03,5398.3
05.24.2002-06:00:00,05,24,2002,06,5267.7
05.24.2002-09:00:00,05,24,2002,09,5653.5
05.24.2002-12:00:00,05,24,2002,12,7450.2
05.24.2002-15:00:00,05,24,2002,15,7332
05.24.2002-18:00:00,05,24,2002,18,6965.7
05.24.2002-21:00:00,05,24,2002,21,6419.4
05.25.2002-00:00:00,05,25,2002,00,6288.6
05.25.2002-03:00:00,05,25,2002,03,5977.4
05.25.2002-06:00:00,05,25,2002,06,6147.9
05.25.2002-09:00:00,05,25,2002,09,7420.8
05.25.2002-12:00:00,05,25,2002,12,8622.7
05.25.2002-15:00:00,05,25,2002,15,8387.2
05.25.2002-18:00:00,05,25,2002,18,8186.4
05.25.2002-21:00:00,05,25,2002,21,7526.4
05.26.2002-00:00:00,05,26,2002,00,7248.6
05.26.2002-03:00:00,05,26,2002,03,6869.8
05.26.2002-06:00:00,05,26,2002,06,6787.9
05.26.2002-09:00:00,05,26,2002,09,8031.7
05.26.2002-12:00:00,05,26,2002,12,9690.9
05.26.2002-15:00:00,05,26,2002,15,9624.6
05.26.2002-18:00:00,05,26,2002,18,9298.4
05.26.2002-21:00:00,05,26,2002,21,8733.9
05.27.2002-00:00:00,05,27,2002,00,8387.1
05.27.2002-03:00:00,05,27,2002,03,7891.2
05.27.2002-06:00:00,05,27,2002,06,7849.3
05.27.2002-09:00:00,05,27,2002,09,9312
05.27.2002-12:00:00,05,27,2002,12,10885
05.27.2002-15:00:00,05,27,2002,15,11123
05.27.2002-18:00:00,05,27,2002,18,10887
05.27.2002-21:00:00,05,27,2002,21,10194
05.28.2002-00:00:00,05,28,2002,00,10091
05.28.2002-03:00:00,05,28,2002,03,9755.3
05.28.2002-06:00:00,05,28,2002,06,10162
05.28.2002-09:00:00,05,28,2002,09,11441
05.28.2002-12:00:00,05,28,2002,12,13044
05.28.2002-15:00:00,05,28,2002,15,13106
05.28.2002-18:00:00,05,28,2002,18,13126
05.28.2002-21:00:00,05,28,2002,21,12493
05.29.2002-00:00:00,05,29,2002,00,12283
05.29.2002-03:00:00,05,29,2002,03,11552
05.29.2002-06:00:00,05,29,2002,06,11530
05.29.2002-09:00:00,05,29,2002,09,12676
05.29.2002-12:00:00,05,29,2002,12,13901
05.29.2002-15:00:00,05,29,2002,15,13834
05.29.2002-18:00:00,05,29,2002,18,13798
05.29.2002-21:00:00,05,29,2002,21,13024
05.30.2002-00:00:00,05,30,2002,00,12655
05.30.2002-03:00:00,05,30,2002,03,11828
05.30.2002-06:00:00,05,30,2002,06,11450
05.30.2002-09:00:00,05,30,2002,09,12492
05.30.2002-12:00:00,05,30,2002,12,14175
05.30.2002-15:00:00,05,30,2002,15,14159
05.30.2002-18:00:00,05,30,2002,18,14221
05.30.2002-21:00:00,05,30,2002,21,13441
05.31.2002-00:00:00,05,31,2002,00,13142
05.31.2002-03:00:00,05,31,2002,03,12482
05.31.2002-06:00:00,05,31,2002,06,12219
05.31.2002-09:00:00,05,31,2002,09,12974
05.31.2002-12:00:00,05,31,2002,12,14065
05.31.2002-15:00:00,05,31,2002,15,14116
05.31.2002-18:00:00,05,31,2002,18,14168
05.31.2002-21:00:00,05,31,2002,21,13500
06.01.2002-00:00:00,06,01,2002,00,13455
06.01.2002-03:00:00,06,01,2002,03,12522
06.01.2002-06:00:00,06,01,2002,06,12344
06.01.2002-09:00:00,06,01,2002,09,13307
06.01.2002-12:00:00,06,01,2002,12,14961
06.01.2002-15:00:00,06,01,2002,15,15014
06.01.2002-18:00:00,06,01,2002,18,15047
06.01.2002-21:00:00,06,01,2002,21,14562
06.02.2002-00:00:00,06,02,2002,00,14376
06.02.2002-03:00:00,06,02,2002,03,13786
06.02.2002-06:00:00,06,02,2002,06,13767
06.02.2002-09:00:00,06,02,2002,09,14783
06.02.2002-12:00:00,06,02,2002,12,15886
06.02.2002-15:00:00,06,02,2002,15,15854
06.02.2002-18:00:00,06,02,2002,18,15876
06.02.2002-21:00:00,06,02,2002,21,15427
06.03.2002-00:00:00,06,03,2002,00,15114
06.03.2002-03:00:00,06,03,2002,03,14558
06.03.2002-06:00:00,06,03,2002,06,13932
06.03.2002-09:00:00,06,03,2002,09,14944
06.03.2002-12:00:00,06,03,2002,12,15901
06.03.2002-15:00:00,06,03,2002,15,16021
06.03.2002-18:00:00,06,03,2002,18,15931
06.03.2002-21:00:00,06,03,2002,21,15438
06.04.2002-00:00:00,06,04,2002,00,15412
06.04.2002-03:00:00,06,04,2002,03,14953
06.04.2002-06:00:00,06,04,2002,06,14984
06.04.2002-09:00:00,06,04,2002,09,15729
06.04.2002-12:00:00,06,04,2002,12,16916
06.04.2002-15:00:00,06,04,2002,15,16846
06.04.2002-18:00:00,06,04,2002,18,17020
06.04.2002-21:00:00,06,04,2002,21,16830
06.05.2002-00:00:00,06,05,2002,00,16548
06.05.2002-03:00:00,06,05,2002,03,16173
06.05.2002-06:00:00,06,05,2002,06,16108
06.05.2002-09:00:00,06,05,2002,09,16577
06.05.2002-12:00:00,06,05,2002,12,17535
06.05.2002-15:00:00,06,05,2002,15,17302
06.05.2002-18:00:00,06,05,2002,18,17260
06.05.2002-21:00:00,06,05,2002,21,16791
06.06.2002-00:00:00,06,06,2002,00,16758
06.06.2002-03:00:00,06,06,2002,03,15918
06.06.2002-06:00:00,06,06,2002,06,15530
06.06.2002-09:00:00,06,06,2002,09,15501
06.06.2002-12:00:00,06,06,2002,12,15564
06.06.2002-15:00:00,06,06,2002,15,15196
06.06.2002-18:00:00,06,06,2002,18,14986
06.06.2002-21:00:00,06,06,2002,21,14433
06.07.2002-00:00:00,06,07,2002,00,13997
06.07.2002-03:00:00,06,07,2002,03,13267
06.07.2002-06:00:00,06,07,2002,06,12716
06.07.2002-09:00:00,06,07,2002,09,12255
06.07.2002-12:00:00,06,07,2002,12,12939
06.07.2002-15:00:00,06,07,2002,15,12480
06.07.2002-18:00:00,06,07,2002,18,12226
06.07.2002-21:00:00,06,07,2002,21,11696
06.08.2002-00:00:00,06,08,2002,00,11615
06.08.2002-03:00:00,06,08,2002,03,11016
06.08.2002-06:00:00,06,08,2002,06,11010
06.08.2002-09:00:00,06,08,2002,09,10241
06.08.2002-12:00:00,06,08,2002,12,10350
06.08.2002-15:00:00,06,08,2002,15,10198
06.08.2002-18:00:00,06,08,2002,18,10215
06.08.2002-21:00:00,06,08,2002,21,9780.3
06.09.2002-00:00:00,06,09,2002,00,9819.7
06.09.2002-03:00:00,06,09,2002,03,9341.4
06.09.2002-06:00:00,06,09,2002,06,9329.9
06.09.2002-09:00:00,06,09,2002,09,10018
06.09.2002-12:00:00,06,09,2002,12,11210
06.09.2002-15:00:00,06,09,2002,15,11113
06.09.2002-18:00:00,06,09,2002,18,11542
06.09.2002-21:00:00,06,09,2002,21,11258
06.10.2002-00:00:00,06,10,2002,00,11334
06.10.2002-03:00:00,06,10,2002,03,10901
06.10.2002-06:00:00,06,10,2002,06,11016
06.10.2002-09:00:00,06,10,2002,09,11885
06.10.2002-12:00:00,06,10,2002,12,12786
06.10.2002-15:00:00,06,10,2002,15,12644
06.10.2002-18:00:00,06,10,2002,18,12673
06.10.2002-21:00:00,06,10,2002,21,12329
06.11.2002-00:00:00,06,11,2002,00,12325
06.11.2002-03:00:00,06,11,2002,03,11884
06.11.2002-06:00:00,06,11,2002,06,11753
06.11.2002-09:00:00,06,11,2002,09,12265
06.11.2002-12:00:00,06,11,2002,12,12955
06.11.2002-15:00:00,06,11,2002,15,12790
06.11.2002-18:00:00,06,11,2002,18,12479
06.11.2002-21:00:00,06,11,2002,21,12190
06.12.2002-00:00:00,06,12,2002,00,12054
06.12.2002-03:00:00,06,12,2002,03,11744
06.12.2002-06:00:00,06,12,2002,06,11369
06.12.2002-09:00:00,06,12,2002,09,12086
06.12.2002-12:00:00,06,12,2002,12,12877
06.12.2002-15:00:00,06,12,2002,15,12786
06.12.2002-18:00:00,06,12,2002,18,12671
06.12.2002-21:00:00,06,12,2002,21,12501
06.13.2002-00:00:00,06,13,2002,00,12359
06.13.2002-03:00:00,06,13,2002,03,11974
06.13.2002-06:00:00,06,13,2002,06,11687
06.13.2002-09:00:00,06,13,2002,09,12333
06.13.2002-12:00:00,06,13,2002,12,12786
06.13.2002-15:00:00,06,13,2002,15,12739
06.13.2002-18:00:00,06,13,2002,18,12564
06.13.2002-21:00:00,06,13,2002,21,12566
06.14.2002-00:00:00,06,14,2002,00,12207
06.14.2002-03:00:00,06,14,2002,03,11996
06.14.2002-06:00:00,06,14,2002,06,11665
06.14.2002-09:00:00,06,14,2002,09,12069
06.14.2002-12:00:00,06,14,2002,12,12380
06.14.2002-15:00:00,06,14,2002,15,12508
06.14.2002-18:00:00,06,14,2002,18,12386
06.14.2002-21:00:00,06,14,2002,21,12491
06.15.2002-00:00:00,06,15,2002,00,12206
06.15.2002-03:00:00,06,15,2002,03,12274
06.15.2002-06:00:00,06,15,2002,06,11865
06.15.2002-09:00:00,06,15,2002,09,12210
06.15.2002-12:00:00,06,15,2002,12,12299
06.15.2002-15:00:00,06,15,2002,15,12396
06.15.2002-18:00:00,06,15,2002,18,12175
06.15.2002-21:00:00,06,15,2002,21,12616
06.16.2002-00:00:00,06,16,2002,00,12167
06.16.2002-03:00:00,06,16,2002,03,12406
06.16.2002-06:00:00,06,16,2002,06,11997
06.16.2002-09:00:00,06,16,2002,09,12087
06.16.2002-12:00:00,06,16,2002,12,11826
06.16.2002-15:00:00,06,16,2002,15,11842
06.16.2002-18:00:00,06,16,2002,18,11538
06.16.2002-21:00:00,06,16,2002,21,11605
06.17.2002-00:00:00,06,17,2002,00,11544
06.17.2002-03:00:00,06,17,2002,03,11593
06.17.2002-06:00:00,06,17,2002,06,11156
06.17.2002-09:00:00,06,17,2002,09,11084
06.17.2002-12:00:00,06,17,2002,12,10784
06.17.2002-15:00:00,06,17,2002,15,10843
06.17.2002-18:00:00,06,17,2002,18,10548
06.17.2002-21:00:00,06,17,2002,21,10725
06.18.2002-00:00:00,06,18,2002,00,10298
06.18.2002-03:00:00,06,18,2002,03,10269
06.18.2002-06:00:00,06,18,2002,06,9975.1
06.18.2002-09:00:00,06,18,2002,09,9881
06.18.2002-12:00:00,06,18,2002,12,9371.5
06.18.2002-15:00:00,06,18,2002,15,9386.7
06.18.2002-18:00:00,06,18,2002,18,9117.4
06.18.2002-21:00:00,06,18,2002,21,9432
06.19.2002-00:00:00,06,19,2002,00,9026.7
06.19.2002-03:00:00,06,19,2002,03,9115.5
06.19.2002-06:00:00,06,19,2002,06,8584.8
06.19.2002-09:00:00,06,19,2002,09,8595.3
06.19.2002-12:00:00,06,19,2002,12,8129
06.19.2002-15:00:00,06,19,2002,15,8048.6
06.19.2002-18:00:00,06,19,2002,18,7972.5
06.19.2002-21:00:00,06,19,2002,21,8232.5
06.20.2002-00:00:00,06,20,2002,00,8157.1
06.20.2002-03:00:00,06,20,2002,03,8177.9
06.20.2002-06:00:00,06,20,2002,06,7824.1
06.20.2002-09:00:00,06,20,2002,09,7782.8
06.20.2002-12:00:00,06,20,2002,12,7552.7
06.20.2002-15:00:00,06,20,2002,15,7198.7
06.20.2002-18:00:00,06,20,2002,18,7231.7
06.20.2002-21:00:00,06,20,2002,21,7355.8
06.21.2002-00:00:00,06,21,2002,00,7454.1
06.21.2002-03:00:00,06,21,2002,03,7419.1
06.21.2002-06:00:00,06,21,2002,06,7187.8
06.21.2002-09:00:00,06,21,2002,09,7088.5
06.21.2002-12:00:00,06,21,2002,12,6961
06.21.2002-15:00:00,06,21,2002,15,6666.7
06.21.2002-18:00:00,06,21,2002,18,6643.4
06.21.2002-21:00:00,06,21,2002,21,6780.1
06.22.2002-00:00:00,06,22,2002,00,6851.5
06.22.2002-03:00:00,06,22,2002,03,6937.7
06.22.2002-06:00:00,06,22,2002,06,6654.3
06.22.2002-09:00:00,06,22,2002,09,6742.7
06.22.2002-12:00:00,06,22,2002,12,6387
06.22.2002-15:00:00,06,22,2002,15,6449.3
06.22.2002-18:00:00,06,22,2002,18,6303.1
06.22.2002-21:00:00,06,22,2002,21,6550.5
06.23.2002-00:00:00,06,23,2002,00,6404.9
06.23.2002-03:00:00,06,23,2002,03,6369
06.23.2002-06:00:00,06,23,2002,06,6139.8
06.23.2002-09:00:00,06,23,2002,09,5923.2
06.23.2002-12:00:00,06,23,2002,12,5659.9
06.23.2002-15:00:00,06,23,2002,15,5650.9
06.23.2002-18:00:00,06,23,2002,18,5599.4
06.23.2002-21:00:00,06,23,2002,21,5730.6
06.24.2002-00:00:00,06,24,2002,00,5710.3
06.24.2002-03:00:00,06,24,2002,03,5691.4
06.24.2002-06:00:00,06,24,2002,06,5430.7
06.24.2002-09:00:00,06,24,2002,09,5131.7
06.24.2002-12:00:00,06,24,2002,12,4921.8
06.24.2002-15:00:00,06,24,2002,15,4931.9
06.24.2002-18:00:00,06,24,2002,18,5072.4
06.24.2002-21:00:00,06,24,2002,21,5060.5
06.25.2002-00:00:00,06,25,2002,00,5219.4
06.25.2002-03:00:00,06,25,2002,03,5114.1
06.25.2002-06:00:00,06,25,2002,06,4921.5
06.25.2002-09:00:00,06,25,2002,09,4471.6
06.25.2002-12:00:00,06,25,2002,12,4392.1
06.25.2002-15:00:00,06,25,2002,15,4368.7
06.25.2002-18:00:00,06,25,2002,18,4618.8
06.25.2002-21:00:00,06,25,2002,21,4578.4
06.26.2002-00:00:00,06,26,2002,00,4808.1
06.26.2002-03:00:00,06,26,2002,03,4594.2
06.26.2002-06:00:00,06,26,2002,06,4500.4
06.26.2002-09:00:00,06,26,2002,09,4069.9
06.26.2002-12:00:00,06,26,2002,12,4192.9
06.26.2002-15:00:00,06,26,2002,15,4065.2
06.26.2002-18:00:00,06,26,2002,18,4204.6
06.26.2002-21:00:00,06,26,2002,21,4353.7
06.27.2002-00:00:00,06,27,2002,00,4329.4
06.27.2002-03:00:00,06,27,2002,03,4298.5
06.27.2002-06:00:00,06,27,2002,06,4031.2
06.27.2002-09:00:00,06,27,2002,09,3663.9
06.27.2002-12:00:00,06,27,2002,12,3538.5
06.27.2002-15:00:00,06,27,2002,15,3629.3
06.27.2002-18:00:00,06,27,2002,18,3736.6
06.27.2002-21:00:00,06,27,2002,21,3878.2
06.28.2002-00:00:00,06,28,2002,00,3983.4
06.28.2002-03:00:00,06,28,2002,03,4011.8
06.28.2002-06:00:00,06,28,2002,06,3869.4
06.28.2002-09:00:00,06,28,2002,09,3672.9
06.28.2002-12:00:00,06,28,2002,12,3602.4
06.28.2002-15:00:00,06,28,2002,15,3624
06.28.2002-18:00:00,06,28,2002,18,3746
06.28.2002-21:00:00,06,28,2002,21,3873.9
06.29.2002-00:00:00,06,29,2002,00,4069.2
06.29.2002-03:00:00,06,29,2002,03,4050.4
06.29.2002-06:00:00,06,29,2002,06,3997.8
06.29.2002-09:00:00,06,29,2002,09,3875.8
06.29.2002-12:00:00,06,29,2002,12,3808
06.29.2002-15:00:00,06,29,2002,15,3816.7
06.29.2002-18:00:00,06,29,2002,18,3986.2
06.29.2002-21:00:00,06,29,2002,21,4018
06.30.2002-00:00:00,06,30,2002,00,3938.5
06.30.2002-03:00:00,06,30,2002,03,3862.6
06.30.2002-06:00:00,06,30,2002,06,3698.9
06.30.2002-09:00:00,06,30,2002,09,3478.3
06.30.2002-12:00:00,06,30,2002,12,3410.7
06.30.2002-15:00:00,06,30,2002,15,3388.4
06.30.2002-18:00:00,06,30,2002,18,3485.4
06.30.2002-21:00:00,06,30,2002,21,3527.8
07.01.2002-00:00:00,07,01,2002,00,3585.6
07.01.2002-03:00:00,07,01,2002,03,3562.1
07.01.2002-06:00:00,07,01,2002,06,3382.3
07.01.2002-09:00:00,07,01,2002,09,3104.6
07.01.2002-12:00:00,07,01,2002,12,3101
07.01.2002-15:00:00,07,01,2002,15,3055.2
07.01.2002-18:00:00,07,01,2002,18,3150.6
07.01.2002-21:00:00,07,01,2002,21,3329.3
07.02.2002-00:00:00,07,02,2002,00,3304.6
07.02.2002-03:00:00,07,02,2002,03,3306
07.02.2002-06:00:00,07,02,2002,06,3130.9
07.02.2002-09:00:00,07,02,2002,09,2859.6
07.02.2002-12:00:00,07,02,2002,12,2780
07.02.2002-15:00:00,07,02,2002,15,2863.5
07.02.2002-18:00:00,07,02,2002,18,2883.3
07.02.2002-21:00:00,07,02,2002,21,3032.7
07.03.2002-00:00:00,07,03,2002,00,3076.6
07.03.2002-03:00:00,07,03,2002,03,3018.1
07.03.2002-06:00:00,07,03,2002,06,2829.2
07.03.2002-09:00:00,07,03,2002,09,2671.5
07.03.2002-12:00:00,07,03,2002,12,2515.5
07.03.2002-15:00:00,07,03,2002,15,2611.1
07.03.2002-18:00:00,07,03,2002,18,2676.1
07.03.2002-21:00:00,07,03,2002,21,2855.6
07.04.2002-00:00:00,07,04,2002,00,2853.2
07.04.2002-03:00:00,07,04,2002,03,2847.2
07.04.2002-06:00:00,07,04,2002,06,2716.1
07.04.2002-09:00:00,07,04,2002,09,2553.7
07.04.2002-12:00:00,07,04,2002,12,2447.3
07.04.2002-15:00:00,07,04,2002,15,2505.3
07.04.2002-18:00:00,07,04,2002,18,2580
07.04.2002-21:00:00,07,04,2002,21,2703.4
07.05.2002-00:00:00,07,05,2002,00,2719
07.05.2002-03:00:00,07,05,2002,03,2791.4
07.05.2002-06:00:00,07,05,2002,06,2568
07.05.2002-09:00:00,07,05,2002,09,2305.5
07.05.2002-12:00:00,07,05,2002,12,2221.9
07.05.2002-15:00:00,07,05,2002,15,2320
07.05.2002-18:00:00,07,05,2002,18,2398.6
07.05.2002-21:00:00,07,05,2002,21,2532.8
07.06.2002-00:00:00,07,06,2002,00,2550.7
07.06.2002-03:00:00,07,06,2002,03,2573.3
07.06.2002-06:00:00,07,06,2002,06,2355.6
07.06.2002-09:00:00,07,06,2002,09,2150
07.06.2002-12:00:00,07,06,2002,12,2005.8
07.06.2002-15:00:00,07,06,2002,15,2156.6
07.06.2002-18:00:00,07,06,2002,18,2213.6
07.06.2002-21:00:00,07,06,2002,21,2380.4
07.07.2002-00:00:00,07,07,2002,00,2388.4
07.07.2002-03:00:00,07,07,2002,03,2414
07.07.2002-06:00:00,07,07,2002,06,2180.3
07.07.2002-09:00:00,07,07,2002,09,1964.9
07.07.2002-12:00:00,07,07,2002,12,1883.7
07.07.2002-15:00:00,07,07,2002,15,2005.5
07.07.2002-18:00:00,07,07,2002,18,2084.6
07.07.2002-21:00:00,07,07,2002,21,2258
07.08.2002-00:00:00,07,08,2002,00,3095.3
07.08.2002-03:00:00,07,08,2002,03,3368.3
07.08.2002-06:00:00,07,08,2002,06,3298.3
07.08.2002-09:00:00,07,08,2002,09,3203
07.08.2002-12:00:00,07,08,2002,12,3144.7
07.08.2002-15:00:00,07,08,2002,15,3460.9
07.08.2002-18:00:00,07,08,2002,18,3517.3
07.08.2002-21:00:00,07,08,2002,21,3772.6
07.09.2002-00:00:00,07,09,2002,00,2907
07.09.2002-03:00:00,07,09,2002,03,2720.8
07.09.2002-06:00:00,07,09,2002,06,2477.5
07.09.2002-09:00:00,07,09,2002,09,2129.1
07.09.2002-12:00:00,07,09,2002,12,1981.1
07.09.2002-15:00:00,07,09,2002,15,2073.4
07.09.2002-18:00:00,07,09,2002,18,2120.9
07.09.2002-21:00:00,07,09,2002,21,2279.9
07.10.2002-00:00:00,07,10,2002,00,2278.8
07.10.2002-03:00:00,07,10,2002,03,2303.3
07.10.2002-06:00:00,07,10,2002,06,2049.4
07.10.2002-09:00:00,07,10,2002,09,1864.1
07.10.2002-12:00:00,07,10,2002,12,1851
07.10.2002-15:00:00,07,10,2002,15,1894.9
07.10.2002-18:00:00,07,10,2002,18,1964.2
07.10.2002-21:00:00,07,10,2002,21,2110.5
07.11.2002-00:00:00,07,11,2002,00,2122
07.11.2002-03:00:00,07,11,2002,03,2120
07.11.2002-06:00:00,07,11,2002,06,1854.4
07.11.2002-09:00:00,07,11,2002,09,1772.2
07.11.2002-12:00:00,07,11,2002,12,1916.5
07.11.2002-15:00:00,07,11,2002,15,1827.3
07.11.2002-18:00:00,07,11,2002,18,1826.6
07.11.2002-21:00:00,07,11,2002,21,1959
07.12.2002-00:00:00,07,12,2002,00,2029.2
07.12.2002-03:00:00,07,12,2002,03,1952.3
07.12.2002-06:00:00,07,12,2002,06,1754.5
07.12.2002-09:00:00,07,12,2002,09,1589
07.12.2002-12:00:00,07,12,2002,12,1746.5
07.12.2002-15:00:00,07,12,2002,15,1635.5
07.12.2002-18:00:00,07,12,2002,18,1708.7
07.12.2002-21:00:00,07,12,2002,21,1853.5
07.13.2002-00:00:00,07,13,2002,00,1864
07.13.2002-03:00:00,07,13,2002,03,1829.9
07.13.2002-06:00:00,07,13,2002,06,1638.7
07.13.2002-09:00:00,07,13,2002,09,1478.6
07.13.2002-12:00:00,07,13,2002,12,1534.3
07.13.2002-15:00:00,07,13,2002,15,1560.2
07.13.2002-18:00:00,07,13,2002,18,1602.3
07.13.2002-21:00:00,07,13,2002,21,1730.3
07.14.2002-00:00:00,07,14,2002,00,1755.4
07.14.2002-03:00:00,07,14,2002,03,1733.8
07.14.2002-06:00:00,07,14,2002,06,1496.3
07.14.2002-09:00:00,07,14,2002,09,1313.5
07.14.2002-12:00:00,07,14,2002,12,1321.7
07.14.2002-15:00:00,07,14,2002,15,1371.9
07.14.2002-18:00:00,07,14,2002,18,1477.9
07.14.2002-21:00:00,07,14,2002,21,1616
07.15.2002-00:00:00,07,15,2002,00,1658.3
07.15.2002-03:00:00,07,15,2002,03,1637.8
07.15.2002-06:00:00,07,15,2002,06,1441.5
07.15.2002-09:00:00,07,15,2002,09,1269.1
07.15.2002-12:00:00,07,15,2002,12,1231.3
07.15.2002-15:00:00,07,15,2002,15,1309.1
07.15.2002-18:00:00,07,15,2002,18,1421.6
07.15.2002-21:00:00,07,15,2002,21,1549
07.16.2002-00:00:00,07,16,2002,00,1573.8
07.16.2002-03:00:00,07,16,2002,03,1558.4
07.16.2002-06:00:00,07,16,2002,06,1352.5
07.16.2002-09:00:00,07,16,2002,09,1171.5
07.16.2002-12:00:00,07,16,2002,12,1173.3
07.16.2002-15:00:00,07,16,2002,15,1246.8
07.16.2002-18:00:00,07,16,2002,18,1347.5
07.16.2002-21:00:00,07,16,2002,21,1475.4
07.17.2002-00:00:00,07,17,2002,00,1491.2
07.17.2002-03:00:00,07,17,2002,03,1463.8
07.17.2002-06:00:00,07,17,2002,06,1269.4
07.17.2002-09:00:00,07,17,2002,09,1106.1
07.17.2002-12:00:00,07,17,2002,12,1098.4
07.17.2002-15:00:00,07,17,2002,15,1176.8
07.17.2002-18:00:00,07,17,2002,18,1270.5
07.17.2002-21:00:00,07,17,2002,21,1392.6
07.18.2002-00:00:00,07,18,2002,00,1419.9
07.18.2002-03:00:00,07,18,2002,03,1379.1
07.18.2002-06:00:00,07,18,2002,06,1196.9
07.18.2002-09:00:00,07,18,2002,09,1025.6
07.18.2002-12:00:00,07,18,2002,12,1032.3
07.18.2002-15:00:00,07,18,2002,15,1095.1
07.18.2002-18:00:00,07,18,2002,18,1204.9
07.18.2002-21:00:00,07,18,2002,21,1324.6
07.19.2002-00:00:00,07,19,2002,00,1348.5
07.19.2002-03:00:00,07,19,2002,03,1322.2
07.19.2002-06:00:00,07,19,2002,06,1163.7
07.19.2002-09:00:00,07,19,2002,09,994.39
07.19.2002-12:00:00,07,19,2002,12,992.92
07.19.2002-15:00:00,07,19,2002,15,1061.8
07.19.2002-18:00:00,07,19,2002,18,1165.7
07.19.2002-21:00:00,07,19,2002,21,1278.8
07.20.2002-00:00:00,07,20,2002,00,1296.2
07.20.2002-03:00:00,07,20,2002,03,1281.4
07.20.2002-06:00:00,07,20,2002,06,1107.2
07.20.2002-09:00:00,07,20,2002,09,926.64
07.20.2002-12:00:00,07,20,2002,12,933.24
07.20.2002-15:00:00,07,20,2002,15,1007.4
07.20.2002-18:00:00,07,20,2002,18,1113.2
07.20.2002-21:00:00,07,20,2002,21,1217
07.21.2002-00:00:00,07,21,2002,00,1240.4
07.21.2002-03:00:00,07,21,2002,03,1218.4
07.21.2002-06:00:00,07,21,2002,06,1050.1
07.21.2002-09:00:00,07,21,2002,09,878.75
07.21.2002-12:00:00,07,21,2002,12,892.27
07.21.2002-15:00:00,07,21,2002,15,958.25
07.21.2002-18:00:00,07,21,2002,18,1058
07.21.2002-21:00:00,07,21,2002,21,1165.9
07.22.2002-00:00:00,07,22,2002,00,1189.2
07.22.2002-03:00:00,07,22,2002,03,1171.9
07.22.2002-06:00:00,07,22,2002,06,995.98
07.22.2002-09:00:00,07,22,2002,09,844.88
07.22.2002-12:00:00,07,22,2002,12,879.36
07.22.2002-15:00:00,07,22,2002,15,918.06
07.22.2002-18:00:00,07,22,2002,18,1016.8
07.22.2002-21:00:00,07,22,2002,21,1118.2
07.23.2002-00:00:00,07,23,2002,00,1143.2
07.23.2002-03:00:00,07,23,2002,03,1122.4
07.23.2002-06:00:00,07,23,2002,06,946.18
07.23.2002-09:00:00,07,23,2002,09,818.72
07.23.2002-12:00:00,07,23,2002,12,872.38
07.23.2002-15:00:00,07,23,2002,15,888.98
07.23.2002-18:00:00,07,23,2002,18,977.12
07.23.2002-21:00:00,07,23,2002,21,1071.6
07.24.2002-00:00:00,07,24,2002,00,1094.1
07.24.2002-03:00:00,07,24,2002,03,1060.5
07.24.2002-06:00:00,07,24,2002,06,887.47
07.24.2002-09:00:00,07,24,2002,09,777
07.24.2002-12:00:00,07,24,2002,12,817.19
07.24.2002-15:00:00,07,24,2002,15,841.08
07.24.2002-18:00:00,07,24,2002,18,923.77
07.24.2002-21:00:00,07,24,2002,21,1018.2
07.25.2002-00:00:00,07,25,2002,00,1037.6
07.25.2002-03:00:00,07,25,2002,03,988.35
07.25.2002-06:00:00,07,25,2002,06,859.17
07.25.2002-09:00:00,07,25,2002,09,769.22
07.25.2002-12:00:00,07,25,2002,12,781.8
07.25.2002-15:00:00,07,25,2002,15,817.78
07.25.2002-18:00:00,07,25,2002,18,889.93
07.25.2002-21:00:00,07,25,2002,21,986.79
07.26.2002-00:00:00,07,26,2002,00,1000.8
07.26.2002-03:00:00,07,26,2002,03,957.5
07.26.2002-06:00:00,07,26,2002,06,826.65
07.26.2002-09:00:00,07,26,2002,09,717.66
07.26.2002-12:00:00,07,26,2002,12,715.54
07.26.2002-15:00:00,07,26,2002,15,765.92
07.26.2002-18:00:00,07,26,2002,18,846.58
07.26.2002-21:00:00,07,26,2002,21,939.32
07.27.2002-00:00:00,07,27,2002,00,966.01
07.27.2002-03:00:00,07,27,2002,03,937.95
07.27.2002-06:00:00,07,27,2002,06,822.52
07.27.2002-09:00:00,07,27,2002,09,713.08
07.27.2002-12:00:00,07,27,2002,12,710.66
07.27.2002-15:00:00,07,27,2002,15,759.38
07.27.2002-18:00:00,07,27,2002,18,838.29
07.27.2002-21:00:00,07,27,2002,21,915.4
07.28.2002-00:00:00,07,28,2002,00,928.62
07.28.2002-03:00:00,07,28,2002,03,892.99
07.28.2002-06:00:00,07,28,2002,06,825.53
07.28.2002-09:00:00,07,28,2002,09,767.07
07.28.2002-12:00:00,07,28,2002,12,764.82
07.28.2002-15:00:00,07,28,2002,15,790.51
07.28.2002-18:00:00,07,28,2002,18,837.26
07.28.2002-21:00:00,07,28,2002,21,898.21
07.29.2002-00:00:00,07,29,2002,00,904.23
07.29.2002-03:00:00,07,29,2002,03,864.42
07.29.2002-06:00:00,07,29,2002,06,810.35
07.29.2002-09:00:00,07,29,2002,09,767.85
07.29.2002-12:00:00,07,29,2002,12,764.03
07.29.2002-15:00:00,07,29,2002,15,782.43
07.29.2002-18:00:00,07,29,2002,18,821.93
07.29.2002-21:00:00,07,29,2002,21,876.26
07.30.2002-00:00:00,07,30,2002,00,888.45
07.30.2002-03:00:00,07,30,2002,03,847.73
07.30.2002-06:00:00,07,30,2002,06,756.75
07.30.2002-09:00:00,07,30,2002,09,673.34
07.30.2002-12:00:00,07,30,2002,12,667.38
07.30.2002-15:00:00,07,30,2002,15,704.77
07.30.2002-18:00:00,07,30,2002,18,771.27
07.30.2002-21:00:00,07,30,2002,21,839.21
07.31.2002-00:00:00,07,31,2002,00,858.78
07.31.2002-03:00:00,07,31,2002,03,842.16
07.31.2002-06:00:00,07,31,2002,06,738.63
07.31.2002-09:00:00,07,31,2002,09,630.05
07.31.2002-12:00:00,07,31,2002,12,622.03
07.31.2002-15:00:00,07,31,2002,15,666.37
07.31.2002-18:00:00,07,31,2002,18,741.5
07.31.2002-21:00:00,07,31,2002,21,809.5
08.01.2002-00:00:00,08,01,2002,00,832.28
08.01.2002-03:00:00,08,01,2002,03,828.5
08.01.2002-06:00:00,08,01,2002,06,745.16
08.01.2002-09:00:00,08,01,2002,09,615.75
08.01.2002-12:00:00,08,01,2002,12,605.8
08.01.2002-15:00:00,08,01,2002,15,657.53
08.01.2002-18:00:00,08,01,2002,18,722.63
08.01.2002-21:00:00,08,01,2002,21,785.45
08.02.2002-00:00:00,08,02,2002,00,797.13
08.02.2002-03:00:00,08,02,2002,03,783.47
08.02.2002-06:00:00,08,02,2002,06,701.77
08.02.2002-09:00:00,08,02,2002,09,593.92
08.02.2002-12:00:00,08,02,2002,12,583.36
08.02.2002-15:00:00,08,02,2002,15,630.05
08.02.2002-18:00:00,08,02,2002,18,690.67
08.02.2002-21:00:00,08,02,2002,21,756.52
08.03.2002-00:00:00,08,03,2002,00,772.98
08.03.2002-03:00:00,08,03,2002,03,773.86
08.03.2002-06:00:00,08,03,2002,06,702.1
08.03.2002-09:00:00,08,03,2002,09,584.52
08.03.2002-12:00:00,08,03,2002,12,575.06
08.03.2002-15:00:00,08,03,2002,15,622.85
08.03.2002-18:00:00,08,03,2002,18,683.17
08.03.2002-21:00:00,08,03,2002,21,735.09
08.04.2002-00:00:00,08,04,2002,00,746.67
08.04.2002-03:00:00,08,04,2002,03,726.35
08.04.2002-06:00:00,08,04,2002,06,655.6
08.04.2002-09:00:00,08,04,2002,09,564.99
08.04.2002-12:00:00,08,04,2002,12,555.73
08.04.2002-15:00:00,08,04,2002,15,597.51
08.04.2002-18:00:00,08,04,2002,18,650.61
08.04.2002-21:00:00,08,04,2002,21,708.74
08.05.2002-00:00:00,08,05,2002,00,726.77
08.05.2002-03:00:00,08,05,2002,03,727.24
08.05.2002-06:00:00,08,05,2002,06,665.71
08.05.2002-09:00:00,08,05,2002,09,558.67
08.05.2002-12:00:00,08,05,2002,12,549.97
08.05.2002-15:00:00,08,05,2002,15,595.25
08.05.2002-18:00:00,08,05,2002,18,648.93
08.05.2002-21:00:00,08,05,2002,21,692.73
08.06.2002-00:00:00,08,06,2002,00,707.71
08.06.2002-03:00:00,08,06,2002,03,697.45
08.06.2002-06:00:00,08,06,2002,06,639.63
08.06.2002-09:00:00,08,06,2002,09,566.42
08.06.2002-12:00:00,08,06,2002,12,559.15
08.06.2002-15:00:00,08,06,2002,15,598.27
08.06.2002-18:00:00,08,06,2002,18,649.14
08.06.2002-21:00:00,08,06,2002,21,694.56
08.07.2002-00:00:00,08,07,2002,00,696.55
08.07.2002-03:00:00,08,07,2002,03,685.05
08.07.2002-06:00:00,08,07,2002,06,617.89
08.07.2002-09:00:00,08,07,2002,09,521.51
08.07.2002-12:00:00,08,07,2002,12,511.46
08.07.2002-15:00:00,08,07,2002,15,554.16
08.07.2002-18:00:00,08,07,2002,18,604.08
08.07.2002-21:00:00,08,07,2002,21,651.39
08.08.2002-00:00:00,08,08,2002,00,656.8
08.08.2002-03:00:00,08,08,2002,03,642.5
08.08.2002-06:00:00,08,08,2002,06,573.09
08.08.2002-09:00:00,08,08,2002,09,475.48
08.08.2002-12:00:00,08,08,2002,12,471.47
08.08.2002-15:00:00,08,08,2002,15,513.66
08.08.2002-18:00:00,08,08,2002,18,561.49
08.08.2002-21:00:00,08,08,2002,21,615.56
08.09.2002-00:00:00,08,09,2002,00,622.99
08.09.2002-03:00:00,08,09,2002,03,607.02
08.09.2002-06:00:00,08,09,2002,06,536.89
08.09.2002-09:00:00,08,09,2002,09,455.27
08.09.2002-12:00:00,08,09,2002,12,452
08.09.2002-15:00:00,08,09,2002,15,489.66
08.09.2002-18:00:00,08,09,2002,18,535.46
08.09.2002-21:00:00,08,09,2002,21,587.32
08.10.2002-00:00:00,08,10,2002,00,596.38
08.10.2002-03:00:00,08,10,2002,03,575.41
08.10.2002-06:00:00,08,10,2002,06,514.68
08.10.2002-09:00:00,08,10,2002,09,440.44
08.10.2002-12:00:00,08,10,2002,12,434.86
08.10.2002-15:00:00,08,10,2002,15,471.49
08.10.2002-18:00:00,08,10,2002,18,515.77
08.10.2002-21:00:00,08,10,2002,21,567.84
08.11.2002-00:00:00,08,11,2002,00,579.2
08.11.2002-03:00:00,08,11,2002,03,565.71
08.11.2002-06:00:00,08,11,2002,06,504.64
08.11.2002-09:00:00,08,11,2002,09,419.09
08.11.2002-12:00:00,08,11,2002,12,414.8
08.11.2002-15:00:00,08,11,2002,15,456.66
08.11.2002-18:00:00,08,11,2002,18,501.52
08.11.2002-21:00:00,08,11,2002,21,550.43
08.12.2002-00:00:00,08,12,2002,00,560.54
08.12.2002-03:00:00,08,12,2002,03,548.21
08.12.2002-06:00:00,08,12,2002,06,482.87
08.12.2002-09:00:00,08,12,2002,09,397.59
08.12.2002-12:00:00,08,12,2002,12,399.34
08.12.2002-15:00:00,08,12,2002,15,438.45
08.12.2002-18:00:00,08,12,2002,18,482.47
08.12.2002-21:00:00,08,12,2002,21,529.97
08.13.2002-00:00:00,08,13,2002,00,539.78
08.13.2002-03:00:00,08,13,2002,03,527.32
08.13.2002-06:00:00,08,13,2002,06,459.3
08.13.2002-09:00:00,08,13,2002,09,391.55
08.13.2002-12:00:00,08,13,2002,12,428.44
08.13.2002-15:00:00,08,13,2002,15,428.58
08.13.2002-18:00:00,08,13,2002,18,466.66
08.13.2002-21:00:00,08,13,2002,21,510.59
08.14.2002-00:00:00,08,14,2002,00,516.17
08.14.2002-03:00:00,08,14,2002,03,493.44
08.14.2002-06:00:00,08,14,2002,06,435.63
08.14.2002-09:00:00,08,14,2002,09,374.22
08.14.2002-12:00:00,08,14,2002,12,373.78
08.14.2002-15:00:00,08,14,2002,15,404.51
08.14.2002-18:00:00,08,14,2002,18,444.56
08.14.2002-21:00:00,08,14,2002,21,491.04
08.15.2002-00:00:00,08,15,2002,00,504.68
08.15.2002-03:00:00,08,15,2002,03,491.94
08.15.2002-06:00:00,08,15,2002,06,436.53
08.15.2002-09:00:00,08,15,2002,09,359.04
08.15.2002-12:00:00,08,15,2002,12,353.64
08.15.2002-15:00:00,08,15,2002,15,384.28
08.15.2002-18:00:00,08,15,2002,18,435.85
08.15.2002-21:00:00,08,15,2002,21,476.12
08.16.2002-00:00:00,08,16,2002,00,489.3
08.16.2002-03:00:00,08,16,2002,03,476.72
08.16.2002-06:00:00,08,16,2002,06,424.18
08.16.2002-09:00:00,08,16,2002,09,348.71
08.16.2002-12:00:00,08,16,2002,12,341.62
08.16.2002-15:00:00,08,16,2002,15,368.53
08.16.2002-18:00:00,08,16,2002,18,417.53
08.16.2002-21:00:00,08,16,2002,21,463.79
08.17.2002-00:00:00,08,17,2002,00,478.21
08.17.2002-03:00:00,08,17,2002,03,477.61
08.17.2002-06:00:00,08,17,2002,06,432.67
08.17.2002-09:00:00,08,17,2002,09,345.08
08.17.2002-12:00:00,08,17,2002,12,338.41
08.17.2002-15:00:00,08,17,2002,15,369
08.17.2002-18:00:00,08,17,2002,18,418
08.17.2002-21:00:00,08,17,2002,21,454.79
08.18.2002-00:00:00,08,18,2002,00,466
08.18.2002-03:00:00,08,18,2002,03,459.07
08.18.2002-06:00:00,08,18,2002,06,410.38
08.18.2002-09:00:00,08,18,2002,09,333.57
08.18.2002-12:00:00,08,18,2002,12,328.53
08.18.2002-15:00:00,08,18,2002,15,355.11
08.18.2002-18:00:00,08,18,2002,18,396.12
08.18.2002-21:00:00,08,18,2002,21,433.14
08.19.2002-00:00:00,08,19,2002,00,444.5
08.19.2002-03:00:00,08,19,2002,03,433.81
08.19.2002-06:00:00,08,19,2002,06,387.11
08.19.2002-09:00:00,08,19,2002,09,332.21
08.19.2002-12:00:00,08,19,2002,12,330.09
08.19.2002-15:00:00,08,19,2002,15,352.2
08.19.2002-18:00:00,08,19,2002,18,385.27
08.19.2002-21:00:00,08,19,2002,21,420.28
08.20.2002-00:00:00,08,20,2002,00,429.9
08.20.2002-03:00:00,08,20,2002,03,420.73
08.20.2002-06:00:00,08,20,2002,06,376.35
08.20.2002-09:00:00,08,20,2002,09,320.94
08.20.2002-12:00:00,08,20,2002,12,317.15
08.20.2002-15:00:00,08,20,2002,15,339.09
08.20.2002-18:00:00,08,20,2002,18,369.72
08.20.2002-21:00:00,08,20,2002,21,406.4
08.21.2002-00:00:00,08,21,2002,00,412.93
08.21.2002-03:00:00,08,21,2002,03,404.25
08.21.2002-06:00:00,08,21,2002,06,362.89
08.21.2002-09:00:00,08,21,2002,09,309.62
08.21.2002-12:00:00,08,21,2002,12,306.11
08.21.2002-15:00:00,08,21,2002,15,326.74
08.21.2002-18:00:00,08,21,2002,18,354.7
08.21.2002-21:00:00,08,21,2002,21,388.82
08.22.2002-00:00:00,08,22,2002,00,400.66
08.22.2002-03:00:00,08,22,2002,03,390.3
08.22.2002-06:00:00,08,22,2002,06,350.75
08.22.2002-09:00:00,08,22,2002,09,299.33
08.22.2002-12:00:00,08,22,2002,12,295.81
08.22.2002-15:00:00,08,22,2002,15,314.83
08.22.2002-18:00:00,08,22,2002,18,344.53
08.22.2002-21:00:00,08,22,2002,21,374.46
08.23.2002-00:00:00,08,23,2002,00,386.16
08.23.2002-03:00:00,08,23,2002,03,382.73
08.23.2002-06:00:00,08,23,2002,06,339.3
08.23.2002-09:00:00,08,23,2002,09,287.72
08.23.2002-12:00:00,08,23,2002,12,285.66
08.23.2002-15:00:00,08,23,2002,15,301.38
08.23.2002-18:00:00,08,23,2002,18,332.65
08.23.2002-21:00:00,08,23,2002,21,360.67
08.24.2002-00:00:00,08,24,2002,00,373.19
08.24.2002-03:00:00,08,24,2002,03,372.35
08.24.2002-06:00:00,08,24,2002,06,332.01
08.24.2002-09:00:00,08,24,2002,09,280.81
08.24.2002-12:00:00,08,24,2002,12,281.62
08.24.2002-15:00:00,08,24,2002,15,294.71
08.24.2002-18:00:00,08,24,2002,18,325.18
08.24.2002-21:00:00,08,24,2002,21,350.27
08.25.2002-00:00:00,08,25,2002,00,411.22
08.25.2002-03:00:00,08,25,2002,03,429.54
08.25.2002-06:00:00,08,25,2002,06,398.67
08.25.2002-09:00:00,08,25,2002,09,356.53
08.25.2002-12:00:00,08,25,2002,12,336.01
08.25.2002-15:00:00,08,25,2002,15,364.74
08.25.2002-18:00:00,08,25,2002,18,414.86
08.25.2002-21:00:00,08,25,2002,21,441.03
08.26.2002-00:00:00,08,26,2002,00,394.13
08.26.2002-03:00:00,08,26,2002,03,383.7
08.26.2002-06:00:00,08,26,2002,06,344.72
08.26.2002-09:00:00,08,26,2002,09,296.69
08.26.2002-12:00:00,08,26,2002,12,285.36
08.26.2002-15:00:00,08,26,2002,15,303.16
08.26.2002-18:00:00,08,26,2002,18,335.74
08.26.2002-21:00:00,08,26,2002,21,363.39
08.27.2002-00:00:00,08,27,2002,00,349.53
08.27.2002-03:00:00,08,27,2002,03,342.98
08.27.2002-06:00:00,08,27,2002,06,302.02
08.27.2002-09:00:00,08,27,2002,09,260.24
08.27.2002-12:00:00,08,27,2002,12,258.58
08.27.2002-15:00:00,08,27,2002,15,269.51
08.27.2002-18:00:00,08,27,2002,18,295.23
08.27.2002-21:00:00,08,27,2002,21,320.15
08.28.2002-00:00:00,08,28,2002,00,329.28
08.28.2002-03:00:00,08,28,2002,03,330.82
08.28.2002-06:00:00,08,28,2002,06,295.05
08.28.2002-09:00:00,08,28,2002,09,252.61
08.28.2002-12:00:00,08,28,2002,12,252.98
08.28.2002-15:00:00,08,28,2002,15,262.25
08.28.2002-18:00:00,08,28,2002,18,285.99
08.28.2002-21:00:00,08,28,2002,21,310.52
08.29.2002-00:00:00,08,29,2002,00,317.8
08.29.2002-03:00:00,08,29,2002,03,314.82
08.29.2002-06:00:00,08,29,2002,06,281.42
08.29.2002-09:00:00,08,29,2002,09,247.77
08.29.2002-12:00:00,08,29,2002,12,247.43
08.29.2002-15:00:00,08,29,2002,15,259.2
08.29.2002-18:00:00,08,29,2002,18,279.02
08.29.2002-21:00:00,08,29,2002,21,298.68
08.30.2002-00:00:00,08,30,2002,00,310.52
08.30.2002-03:00:00,08,30,2002,03,307.73
08.30.2002-06:00:00,08,30,2002,06,274.71
08.30.2002-09:00:00,08,30,2002,09,241.79
08.30.2002-12:00:00,08,30,2002,12,237.97
08.30.2002-15:00:00,08,30,2002,15,248.8
08.30.2002-18:00:00,08,30,2002,18,271.42
08.30.2002-21:00:00,08,30,2002,21,289.93
08.31.2002-00:00:00,08,31,2002,00,301.12
08.31.2002-03:00:00,08,31,2002,03,301.48
08.31.2002-06:00:00,08,31,2002,06,273.11
08.31.2002-09:00:00,08,31,2002,09,239.53
08.31.2002-12:00:00,08,31,2002,12,236.07
08.31.2002-15:00:00,08,31,2002,15,248.43
08.31.2002-18:00:00,08,31,2002,18,267.99
08.31.2002-21:00:00,08,31,2002,21,283.82
09.01.2002-00:00:00,09,01,2002,00,285.35
09.01.2002-03:00:00,09,01,2002,03,276.14
09.01.2002-06:00:00,09,01,2002,06,254.29
09.01.2002-09:00:00,09,01,2002,09,238.24
09.01.2002-12:00:00,09,01,2002,12,237.34
09.01.2002-15:00:00,09,01,2002,15,244.57
09.01.2002-18:00:00,09,01,2002,18,258.21
09.01.2002-21:00:00,09,01,2002,21,272.65
09.02.2002-00:00:00,09,02,2002,00,285.3
09.02.2002-03:00:00,09,02,2002,03,284
09.02.2002-06:00:00,09,02,2002,06,262.56
09.02.2002-09:00:00,09,02,2002,09,228.9
09.02.2002-12:00:00,09,02,2002,12,224.29
09.02.2002-15:00:00,09,02,2002,15,235.92
09.02.2002-18:00:00,09,02,2002,18,255.6
09.02.2002-21:00:00,09,02,2002,21,266.08
09.03.2002-00:00:00,09,03,2002,00,273.26
09.03.2002-03:00:00,09,03,2002,03,274.02
09.03.2002-06:00:00,09,03,2002,06,255.63
09.03.2002-09:00:00,09,03,2002,09,227.22
09.03.2002-12:00:00,09,03,2002,12,223.31
09.03.2002-15:00:00,09,03,2002,15,233.28
09.03.2002-18:00:00,09,03,2002,18,250.75
09.03.2002-21:00:00,09,03,2002,21,262.84
09.04.2002-00:00:00,09,04,2002,00,271.4
09.04.2002-03:00:00,09,04,2002,03,275.99
09.04.2002-06:00:00,09,04,2002,06,259.08
09.04.2002-09:00:00,09,04,2002,09,222.07
09.04.2002-12:00:00,09,04,2002,12,216.42
09.04.2002-15:00:00,09,04,2002,15,228.81
09.04.2002-18:00:00,09,04,2002,18,246.41
09.04.2002-21:00:00,09,04,2002,21,256.03
09.05.2002-00:00:00,09,05,2002,00,266.1
09.05.2002-03:00:00,09,05,2002,03,273.02
09.05.2002-06:00:00,09,05,2002,06,266.18
09.05.2002-09:00:00,09,05,2002,09,222.34
09.05.2002-12:00:00,09,05,2002,12,213.55
09.05.2002-15:00:00,09,05,2002,15,226.17
09.05.2002-18:00:00,09,05,2002,18,245.18
09.05.2002-21:00:00,09,05,2002,21,254.21
09.06.2002-00:00:00,09,06,2002,00,257.89
09.06.2002-03:00:00,09,06,2002,03,264.62
09.06.2002-06:00:00,09,06,2002,06,251.58
09.06.2002-09:00:00,09,06,2002,09,212.31
09.06.2002-12:00:00,09,06,2002,12,206.13
09.06.2002-15:00:00,09,06,2002,15,218.6
09.06.2002-18:00:00,09,06,2002,18,236.52
09.06.2002-21:00:00,09,06,2002,21,243.41
09.07.2002-00:00:00,09,07,2002,00,256.58
09.07.2002-03:00:00,09,07,2002,03,257.52
09.07.2002-06:00:00,09,07,2002,06,279.45
09.07.2002-09:00:00,09,07,2002,09,241.08
09.07.2002-12:00:00,09,07,2002,12,215.5
09.07.2002-15:00:00,09,07,2002,15,227.22
09.07.2002-18:00:00,09,07,2002,18,245.27
09.07.2002-21:00:00,09,07,2002,21,257.72
09.08.2002-00:00:00,09,08,2002,00,252.41
09.08.2002-03:00:00,09,08,2002,03,252.22
09.08.2002-06:00:00,09,08,2002,06,249.08
09.08.2002-09:00:00,09,08,2002,09,214.06
09.08.2002-12:00:00,09,08,2002,12,200.66
09.08.2002-15:00:00,09,08,2002,15,211.2
09.08.2002-18:00:00,09,08,2002,18,226.28
09.08.2002-21:00:00,09,08,2002,21,232.24
09.09.2002-00:00:00,09,09,2002,00,235.93
09.09.2002-03:00:00,09,09,2002,03,237.94
09.09.2002-06:00:00,09,09,2002,06,221.01
09.09.2002-09:00:00,09,09,2002,09,190.47
09.09.2002-12:00:00,09,09,2002,12,185.22
09.09.2002-15:00:00,09,09,2002,15,195.84
09.09.2002-18:00:00,09,09,2002,18,213.78
09.09.2002-21:00:00,09,09,2002,21,223.12
09.10.2002-00:00:00,09,10,2002,00,224.1
09.10.2002-03:00:00,09,10,2002,03,223.81
09.10.2002-06:00:00,09,10,2002,06,212.71
09.10.2002-09:00:00,09,10,2002,09,181.59
09.10.2002-12:00:00,09,10,2002,12,177.99
09.10.2002-15:00:00,09,10,2002,15,188.47
09.10.2002-18:00:00,09,10,2002,18,206.93
09.10.2002-21:00:00,09,10,2002,21,215.41
09.11.2002-00:00:00,09,11,2002,00,216.91
09.11.2002-03:00:00,09,11,2002,03,216
09.11.2002-06:00:00,09,11,2002,06,202.5
09.11.2002-09:00:00,09,11,2002,09,173.29
09.11.2002-12:00:00,09,11,2002,12,170.92
09.11.2002-15:00:00,09,11,2002,15,178.65
09.11.2002-18:00:00,09,11,2002,18,199.44
09.11.2002-21:00:00,09,11,2002,21,206.6
09.12.2002-00:00:00,09,12,2002,00,210.06
09.12.2002-03:00:00,09,12,2002,03,209.79
09.12.2002-06:00:00,09,12,2002,06,196.26
09.12.2002-09:00:00,09,12,2002,09,166.78
09.12.2002-12:00:00,09,12,2002,12,166.2
09.12.2002-15:00:00,09,12,2002,15,173
09.12.2002-18:00:00,09,12,2002,18,192.63
09.12.2002-21:00:00,09,12,2002,21,199.71
09.13.2002-00:00:00,09,13,2002,00,201.14
09.13.2002-03:00:00,09,13,2002,03,201.44
09.13.2002-06:00:00,09,13,2002,06,185.77
09.13.2002-09:00:00,09,13,2002,09,160.05
09.13.2002-12:00:00,09,13,2002,12,158.96
09.13.2002-15:00:00,09,13,2002,15,166.07
09.13.2002-18:00:00,09,13,2002,18,181.22
09.13.2002-21:00:00,09,13,2002,21,193.41
09.14.2002-00:00:00,09,14,2002,00,194.96
09.14.2002-03:00:00,09,14,2002,03,196.39
09.14.2002-06:00:00,09,14,2002,06,185.23
09.14.2002-09:00:00,09,14,2002,09,156.12
09.14.2002-12:00:00,09,14,2002,12,155.18
09.14.2002-15:00:00,09,14,2002,15,163.11
09.14.2002-18:00:00,09,14,2002,18,178.56
09.14.2002-21:00:00,09,14,2002,21,188.11
09.15.2002-00:00:00,09,15,2002,00,188.64
09.15.2002-03:00:00,09,15,2002,03,188.9
09.15.2002-06:00:00,09,15,2002,06,175.46
09.15.2002-09:00:00,09,15,2002,09,151.42
09.15.2002-12:00:00,09,15,2002,12,150.83
09.15.2002-15:00:00,09,15,2002,15,158
09.15.2002-18:00:00,09,15,2002,18,172.5
09.15.2002-21:00:00,09,15,2002,21,181.33
09.16.2002-00:00:00,09,16,2002,00,181.45
09.16.2002-03:00:00,09,16,2002,03,181.5
09.16.2002-06:00:00,09,16,2002,06,166.55
09.16.2002-09:00:00,09,16,2002,09,149.04
09.16.2002-12:00:00,09,16,2002,12,147.05
09.16.2002-15:00:00,09,16,2002,15,153
09.16.2002-18:00:00,09,16,2002,18,166.34
09.16.2002-21:00:00,09,16,2002,21,175.91
09.17.2002-00:00:00,09,17,2002,00,176.75
09.17.2002-03:00:00,09,17,2002,03,177.19
09.17.2002-06:00:00,09,17,2002,06,164.91
09.17.2002-09:00:00,09,17,2002,09,149.14
09.17.2002-12:00:00,09,17,2002,12,146.92
09.17.2002-15:00:00,09,17,2002,15,153.1
09.17.2002-18:00:00,09,17,2002,18,166.26
09.17.2002-21:00:00,09,17,2002,21,172.5
09.18.2002-00:00:00,09,18,2002,00,173.35
09.18.2002-03:00:00,09,18,2002,03,173.64
09.18.2002-06:00:00,09,18,2002,06,163.98
09.18.2002-09:00:00,09,18,2002,09,144.95
09.18.2002-12:00:00,09,18,2002,12,142.27
09.18.2002-15:00:00,09,18,2002,15,148.51
09.18.2002-18:00:00,09,18,2002,18,161.57
09.18.2002-21:00:00,09,18,2002,21,168.73
09.19.2002-00:00:00,09,19,2002,00,169.41
09.19.2002-03:00:00,09,19,2002,03,169.64
09.19.2002-06:00:00,09,19,2002,06,161.95
09.19.2002-09:00:00,09,19,2002,09,138.9
09.19.2002-12:00:00,09,19,2002,12,137.52
09.19.2002-15:00:00,09,19,2002,15,145.32
09.19.2002-18:00:00,09,19,2002,18,152.35
09.19.2002-21:00:00,09,19,2002,21,162.2
09.20.2002-00:00:00,09,20,2002,00,164.62
09.20.2002-03:00:00,09,20,2002,03,164.97
09.20.2002-06:00:00,09,20,2002,06,157.84
09.20.2002-09:00:00,09,20,2002,09,136.29
09.20.2002-12:00:00,09,20,2002,12,135.07
09.20.2002-15:00:00,09,20,2002,15,142.48
09.20.2002-18:00:00,09,20,2002,18,149.25
09.20.2002-21:00:00,09,20,2002,21,157.19
09.21.2002-00:00:00,09,21,2002,00,160.55
09.21.2002-03:00:00,09,21,2002,03,160.95
09.21.2002-06:00:00,09,21,2002,06,157.98
09.21.2002-09:00:00,09,21,2002,09,133.64
09.21.2002-12:00:00,09,21,2002,12,132.39
09.21.2002-15:00:00,09,21,2002,15,139.36
09.21.2002-18:00:00,09,21,2002,18,145.64
09.21.2002-21:00:00,09,21,2002,21,151.1
09.22.2002-00:00:00,09,22,2002,00,156.45
09.22.2002-03:00:00,09,22,2002,03,156.55
09.22.2002-06:00:00,09,22,2002,06,153.47
09.22.2002-09:00:00,09,22,2002,09,130.39
09.22.2002-12:00:00,09,22,2002,12,128.03
09.22.2002-15:00:00,09,22,2002,15,133.71
09.22.2002-18:00:00,09,22,2002,18,140.63
09.22.2002-21:00:00,09,22,2002,21,143.31
09.23.2002-00:00:00,09,23,2002,00,146.93
09.23.2002-03:00:00,09,23,2002,03,150.22
09.23.2002-06:00:00,09,23,2002,06,145.15
09.23.2002-09:00:00,09,23,2002,09,127.06
09.23.2002-12:00:00,09,23,2002,12,125.07
09.23.2002-15:00:00,09,23,2002,15,128.83
09.23.2002-18:00:00,09,23,2002,18,134.61
09.23.2002-21:00:00,09,23,2002,21,137.74
09.24.2002-00:00:00,09,24,2002,00,139.38
09.24.2002-03:00:00,09,24,2002,03,141.64
09.24.2002-06:00:00,09,24,2002,06,134.63
09.24.2002-09:00:00,09,24,2002,09,123.77
09.24.2002-12:00:00,09,24,2002,12,122.4
09.24.2002-15:00:00,09,24,2002,15,124.55
09.24.2002-18:00:00,09,24,2002,18,131.88
09.24.2002-21:00:00,09,24,2002,21,134.29
09.25.2002-00:00:00,09,25,2002,00,137.17
09.25.2002-03:00:00,09,25,2002,03,138.26
09.25.2002-06:00:00,09,25,2002,06,131.77
09.25.2002-09:00:00,09,25,2002,09,121.26
09.25.2002-12:00:00,09,25,2002,12,119.52
09.25.2002-15:00:00,09,25,2002,15,121.88
09.25.2002-18:00:00,09,25,2002,18,125.94
09.25.2002-21:00:00,09,25,2002,21,129.39
09.26.2002-00:00:00,09,26,2002,00,131.04
09.26.2002-03:00:00,09,26,2002,03,131.87
09.26.2002-06:00:00,09,26,2002,06,129.84
09.26.2002-09:00:00,09,26,2002,09,119.4
09.26.2002-12:00:00,09,26,2002,12,118.17
09.26.2002-15:00:00,09,26,2002,15,120.85
09.26.2002-18:00:00,09,26,2002,18,127.78
09.26.2002-21:00:00,09,26,2002,21,129.14
09.27.2002-00:00:00,09,27,2002,00,130.92
09.27.2002-03:00:00,09,27,2002,03,131.02
09.27.2002-06:00:00,09,27,2002,06,124.8
09.27.2002-09:00:00,09,27,2002,09,116.76
09.27.2002-12:00:00,09,27,2002,12,115.17
09.27.2002-15:00:00,09,27,2002,15,117.11
09.27.2002-18:00:00,09,27,2002,18,120.48
09.27.2002-21:00:00,09,27,2002,21,123.74
09.28.2002-00:00:00,09,28,2002,00,125.29
09.28.2002-03:00:00,09,28,2002,03,125.7
09.28.2002-06:00:00,09,28,2002,06,125.82
09.28.2002-09:00:00,09,28,2002,09,114.59
09.28.2002-12:00:00,09,28,2002,12,112.82
09.28.2002-15:00:00,09,28,2002,15,115.04
09.28.2002-18:00:00,09,28,2002,18,117.38
09.28.2002-21:00:00,09,28,2002,21,120.11
09.29.2002-00:00:00,09,29,2002,00,121.84
09.29.2002-03:00:00,09,29,2002,03,121.98
09.29.2002-06:00:00,09,29,2002,06,118.34
09.29.2002-09:00:00,09,29,2002,09,112.24
09.29.2002-12:00:00,09,29,2002,12,111.34
09.29.2002-15:00:00,09,29,2002,15,112.37
09.29.2002-18:00:00,09,29,2002,18,116.82
09.29.2002-21:00:00,09,29,2002,21,119.06
09.30.2002-00:00:00,09,30,2002,00,119.31
09.30.2002-03:00:00,09,30,2002,03,119.31
09.30.2002-06:00:00,09,30,2002,06,116.64
09.30.2002-09:00:00,09,30,2002,09,110.8
09.30.2002-12:00:00,09,30,2002,12,109.8
09.30.2002-15:00:00,09,30,2002,15,110.75
09.30.2002-18:00:00,09,30,2002,18,116.16
09.30.2002-21:00:00,09,30,2002,21,117.19
