TIMESTAMP,MONTH,DAY,YEAR,HOUR,C
10.01.2011-00:00:00,10,01,2011,00,209.64
10.01.2011-03:00:00,10,01,2011,03,214.85
10.01.2011-06:00:00,10,01,2011,06,220.17
10.01.2011-09:00:00,10,01,2011,09,225.44
10.01.2011-12:00:00,10,01,2011,12,230.49
10.01.2011-15:00:00,10,01,2011,15,235.27
10.01.2011-18:00:00,10,01,2011,18,239.81
10.01.2011-21:00:00,10,01,2011,21,244.21
10.02.2011-00:00:00,10,02,2011,00,248.68
10.02.2011-03:00:00,10,02,2011,03,253.3
10.02.2011-06:00:00,10,02,2011,06,257.99
10.02.2011-09:00:00,10,02,2011,09,262.7
10.02.2011-12:00:00,10,02,2011,12,267.43
10.02.2011-15:00:00,10,02,2011,15,272.25
10.02.2011-18:00:00,10,02,2011,18,277.19
10.02.2011-21:00:00,10,02,2011,21,282.26
10.03.2011-00:00:00,10,03,2011,00,287.81
10.03.2011-03:00:00,10,03,2011,03,293.87
10.03.2011-06:00:00,10,03,2011,06,300.15
10.03.2011-09:00:00,10,03,2011,09,306.38
10.03.2011-12:00:00,10,03,2011,12,312.48
10.03.2011-15:00:00,10,03,2011,15,318.48
10.03.2011-18:00:00,10,03,2011,18,324.48
10.03.2011-21:00:00,10,03,2011,21,330.65
10.04.2011-00:00:00,10,04,2011,00,336.96
10.04.2011-03:00:00,10,04,2011,03,343.31
10.04.2011-06:00:00,10,04,2011,06,349.56
10.04.2011-09:00:00,10,04,2011,09,355.55
10.04.2011-12:00:00,10,04,2011,12,361.12
10.04.2011-15:00:00,10,04,2011,15,366.26
10.04.2011-18:00:00,10,04,2011,18,371.18
10.04.2011-21:00:00,10,04,2011,21,376.19
10.05.2011-00:00:00,10,05,2011,00,381.31
10.05.2011-03:00:00,10,05,2011,03,386.4
10.05.2011-06:00:00,10,05,2011,06,391.42
10.05.2011-09:00:00,10,05,2011,09,396.27
10.05.2011-12:00:00,10,05,2011,12,400.84
10.05.2011-15:00:00,10,05,2011,15,405.11
10.05.2011-18:00:00,10,05,2011,18,409.28
10.05.2011-21:00:00,10,05,2011,21,413.65
10.06.2011-00:00:00,10,06,2011,00,419.75
10.06.2011-03:00:00,10,06,2011,03,428.12
10.06.2011-06:00:00,10,06,2011,06,437.78
10.06.2011-09:00:00,10,06,2011,09,447.47
10.06.2011-12:00:00,10,06,2011,12,456.33
10.06.2011-15:00:00,10,06,2011,15,464.19
10.06.2011-18:00:00,10,06,2011,18,471.38
10.06.2011-21:00:00,10,06,2011,21,478.58
10.07.2011-00:00:00,10,07,2011,00,484.33
10.07.2011-03:00:00,10,07,2011,03,487.31
10.07.2011-06:00:00,10,07,2011,06,488.21
10.07.2011-09:00:00,10,07,2011,09,488.76
10.07.2011-12:00:00,10,07,2011,12,490.65
10.07.2011-15:00:00,10,07,2011,15,494.68
10.07.2011-18:00:00,10,07,2011,18,500.53
10.07.2011-21:00:00,10,07,2011,21,507.22
10.08.2011-00:00:00,10,08,2011,00,513.77
10.08.2011-03:00:00,10,08,2011,03,519.65
10.08.2011-06:00:00,10,08,2011,06,524.72
10.08.2011-09:00:00,10,08,2011,09,528.87
10.08.2011-12:00:00,10,08,2011,12,531.97
10.08.2011-15:00:00,10,08,2011,15,534.19
10.08.2011-18:00:00,10,08,2011,18,536.09
10.08.2011-21:00:00,10,08,2011,21,538.34
10.09.2011-00:00:00,10,09,2011,00,541.23
10.09.2011-03:00:00,10,09,2011,03,544.68
10.09.2011-06:00:00,10,09,2011,06,548.38
10.09.2011-09:00:00,10,09,2011,09,551.97
10.09.2011-12:00:00,10,09,2011,12,555.22
10.09.2011-15:00:00,10,09,2011,15,558.11
10.09.2011-18:00:00,10,09,2011,18,560.82
10.09.2011-21:00:00,10,09,2011,21,563.6
10.10.2011-00:00:00,10,10,2011,00,566.7
10.10.2011-03:00:00,10,10,2011,03,570.28
10.10.2011-06:00:00,10,10,2011,06,574.44
10.10.2011-09:00:00,10,10,2011,09,579
10.10.2011-12:00:00,10,10,2011,12,583.3
10.10.2011-15:00:00,10,10,2011,15,586.73
10.10.2011-18:00:00,10,10,2011,18,589.42
10.10.2011-21:00:00,10,10,2011,21,591.86
10.11.2011-00:00:00,10,11,2011,00,596.73
10.11.2011-03:00:00,10,11,2011,03,605.13
10.11.2011-06:00:00,10,11,2011,06,615.64
10.11.2011-09:00:00,10,11,2011,09,626.36
10.11.2011-12:00:00,10,11,2011,12,635.96
10.11.2011-15:00:00,10,11,2011,15,644.26
10.11.2011-18:00:00,10,11,2011,18,652.76
10.11.2011-21:00:00,10,11,2011,21,664.15
10.12.2011-00:00:00,10,12,2011,00,679.89
10.12.2011-03:00:00,10,12,2011,03,698.28
10.12.2011-06:00:00,10,12,2011,06,715.16
10.12.2011-09:00:00,10,12,2011,09,728.64
10.12.2011-12:00:00,10,12,2011,12,741.49
10.12.2011-15:00:00,10,12,2011,15,757.19
10.12.2011-18:00:00,10,12,2011,18,775.29
10.12.2011-21:00:00,10,12,2011,21,792.42
10.13.2011-00:00:00,10,13,2011,00,803.8
10.13.2011-03:00:00,10,13,2011,03,808.35
10.13.2011-06:00:00,10,13,2011,06,809.33
10.13.2011-09:00:00,10,13,2011,09,810.31
10.13.2011-12:00:00,10,13,2011,12,813.25
10.13.2011-15:00:00,10,13,2011,15,818.56
10.13.2011-18:00:00,10,13,2011,18,825.34
10.13.2011-21:00:00,10,13,2011,21,832.18
10.14.2011-00:00:00,10,14,2011,00,838.41
10.14.2011-03:00:00,10,14,2011,03,844.45
10.14.2011-06:00:00,10,14,2011,06,851.16
10.14.2011-09:00:00,10,14,2011,09,858.92
10.14.2011-12:00:00,10,14,2011,12,867.67
10.14.2011-15:00:00,10,14,2011,15,877.2
10.14.2011-18:00:00,10,14,2011,18,887.08
10.14.2011-21:00:00,10,14,2011,21,896.95
10.15.2011-00:00:00,10,15,2011,00,906.76
10.15.2011-03:00:00,10,15,2011,03,916.35
10.15.2011-06:00:00,10,15,2011,06,925.25
10.15.2011-09:00:00,10,15,2011,09,933.18
10.15.2011-12:00:00,10,15,2011,12,940.48
10.15.2011-15:00:00,10,15,2011,15,947.58
10.15.2011-18:00:00,10,15,2011,18,954.26
10.15.2011-21:00:00,10,15,2011,21,959.97
10.16.2011-00:00:00,10,16,2011,00,964.49
10.16.2011-03:00:00,10,16,2011,03,968.34
10.16.2011-06:00:00,10,16,2011,06,972.2
10.16.2011-09:00:00,10,16,2011,09,976.39
10.16.2011-12:00:00,10,16,2011,12,980.79
10.16.2011-15:00:00,10,16,2011,15,984.87
10.16.2011-18:00:00,10,16,2011,18,988.14
10.16.2011-21:00:00,10,16,2011,21,990.72
10.17.2011-00:00:00,10,17,2011,00,993.09
10.17.2011-03:00:00,10,17,2011,03,995.44
10.17.2011-06:00:00,10,17,2011,06,997.46
10.17.2011-09:00:00,10,17,2011,09,998.76
10.17.2011-12:00:00,10,17,2011,12,999.15
10.17.2011-15:00:00,10,17,2011,15,999.01
10.17.2011-18:00:00,10,17,2011,18,999.1
10.17.2011-21:00:00,10,17,2011,21,999.79
10.18.2011-00:00:00,10,18,2011,00,1000.6
10.18.2011-03:00:00,10,18,2011,03,1001
10.18.2011-06:00:00,10,18,2011,06,1000.5
10.18.2011-09:00:00,10,18,2011,09,999.22
10.18.2011-12:00:00,10,18,2011,12,997.04
10.18.2011-15:00:00,10,18,2011,15,994.23
10.18.2011-18:00:00,10,18,2011,18,991.23
10.18.2011-21:00:00,10,18,2011,21,988.37
10.19.2011-00:00:00,10,19,2011,00,985.8
10.19.2011-03:00:00,10,19,2011,03,983.33
10.19.2011-06:00:00,10,19,2011,06,980.85
10.19.2011-09:00:00,10,19,2011,09,978.1
10.19.2011-12:00:00,10,19,2011,12,974.73
10.19.2011-15:00:00,10,19,2011,15,970.57
10.19.2011-18:00:00,10,19,2011,18,965.5
10.19.2011-21:00:00,10,19,2011,21,959.71
10.20.2011-00:00:00,10,20,2011,00,953.44
10.20.2011-03:00:00,10,20,2011,03,946.9
10.20.2011-06:00:00,10,20,2011,06,940.26
10.20.2011-09:00:00,10,20,2011,09,933.62
10.20.2011-12:00:00,10,20,2011,12,927.09
10.20.2011-15:00:00,10,20,2011,15,920.8
10.20.2011-18:00:00,10,20,2011,18,914.72
10.20.2011-21:00:00,10,20,2011,21,908.43
10.21.2011-00:00:00,10,21,2011,00,901.63
10.21.2011-03:00:00,10,21,2011,03,894.48
10.21.2011-06:00:00,10,21,2011,06,887.2
10.21.2011-09:00:00,10,21,2011,09,879.65
10.21.2011-12:00:00,10,21,2011,12,871.43
10.21.2011-15:00:00,10,21,2011,15,862.52
10.21.2011-18:00:00,10,21,2011,18,853.28
10.21.2011-21:00:00,10,21,2011,21,843.94
10.22.2011-00:00:00,10,22,2011,00,835.69
10.22.2011-03:00:00,10,22,2011,03,829.08
10.22.2011-06:00:00,10,22,2011,06,823.28
10.22.2011-09:00:00,10,22,2011,09,817.5
10.22.2011-12:00:00,10,22,2011,12,812.04
10.22.2011-15:00:00,10,22,2011,15,807.43
10.22.2011-18:00:00,10,22,2011,18,803.2
10.22.2011-21:00:00,10,22,2011,21,798.29
10.23.2011-00:00:00,10,23,2011,00,792.69
10.23.2011-03:00:00,10,23,2011,03,787.28
10.23.2011-06:00:00,10,23,2011,06,782.73
10.23.2011-09:00:00,10,23,2011,09,779.15
10.23.2011-12:00:00,10,23,2011,12,776.45
10.23.2011-15:00:00,10,23,2011,15,774.84
10.23.2011-18:00:00,10,23,2011,18,774.46
10.23.2011-21:00:00,10,23,2011,21,775.31
10.24.2011-00:00:00,10,24,2011,00,775.82
10.24.2011-03:00:00,10,24,2011,03,775
10.24.2011-06:00:00,10,24,2011,06,773.37
10.24.2011-09:00:00,10,24,2011,09,772.02
10.24.2011-12:00:00,10,24,2011,12,771.83
10.24.2011-15:00:00,10,24,2011,15,773
10.24.2011-18:00:00,10,24,2011,18,775.26
10.24.2011-21:00:00,10,24,2011,21,778.22
10.25.2011-00:00:00,10,25,2011,00,781.41
10.25.2011-03:00:00,10,25,2011,03,784.56
10.25.2011-06:00:00,10,25,2011,06,787.95
10.25.2011-09:00:00,10,25,2011,09,791.78
10.25.2011-12:00:00,10,25,2011,12,795.51
10.25.2011-15:00:00,10,25,2011,15,798.51
10.25.2011-18:00:00,10,25,2011,18,800.92
10.25.2011-21:00:00,10,25,2011,21,803.36
10.26.2011-00:00:00,10,26,2011,00,806.09
10.26.2011-03:00:00,10,26,2011,03,808.82
10.26.2011-06:00:00,10,26,2011,06,811.22
10.26.2011-09:00:00,10,26,2011,09,813.22
10.26.2011-12:00:00,10,26,2011,12,814.94
10.26.2011-15:00:00,10,26,2011,15,816.34
10.26.2011-18:00:00,10,26,2011,18,817.46
10.26.2011-21:00:00,10,26,2011,21,818.39
10.27.2011-00:00:00,10,27,2011,00,819.21
10.27.2011-03:00:00,10,27,2011,03,820.06
10.27.2011-06:00:00,10,27,2011,06,821.14
10.27.2011-09:00:00,10,27,2011,09,822.52
10.27.2011-12:00:00,10,27,2011,12,824.03
10.27.2011-15:00:00,10,27,2011,15,825.38
10.27.2011-18:00:00,10,27,2011,18,826.47
10.27.2011-21:00:00,10,27,2011,21,827.27
10.28.2011-00:00:00,10,28,2011,00,827.81
10.28.2011-03:00:00,10,28,2011,03,828.16
10.28.2011-06:00:00,10,28,2011,06,828.43
10.28.2011-09:00:00,10,28,2011,09,828.75
10.28.2011-12:00:00,10,28,2011,12,829.12
10.28.2011-15:00:00,10,28,2011,15,829.46
10.28.2011-18:00:00,10,28,2011,18,829.75
10.28.2011-21:00:00,10,28,2011,21,829.98
10.29.2011-00:00:00,10,29,2011,00,829.98
10.29.2011-03:00:00,10,29,2011,03,829.56
10.29.2011-06:00:00,10,29,2011,06,828.77
10.29.2011-09:00:00,10,29,2011,09,829.76
10.29.2011-12:00:00,10,29,2011,12,834.38
10.29.2011-15:00:00,10,29,2011,15,840.09
10.29.2011-18:00:00,10,29,2011,18,843.35
10.29.2011-21:00:00,10,29,2011,21,843.46
10.30.2011-00:00:00,10,30,2011,00,841.79
10.30.2011-03:00:00,10,30,2011,03,840.14
10.30.2011-06:00:00,10,30,2011,06,839.43
10.30.2011-09:00:00,10,30,2011,09,839.62
10.30.2011-12:00:00,10,30,2011,12,841.23
10.30.2011-15:00:00,10,30,2011,15,843.11
10.30.2011-18:00:00,10,30,2011,18,843.82
10.30.2011-21:00:00,10,30,2011,21,843.78
10.31.2011-00:00:00,10,31,2011,00,843.69
10.31.2011-03:00:00,10,31,2011,03,843.96
10.31.2011-06:00:00,10,31,2011,06,844.73
10.31.2011-09:00:00,10,31,2011,09,845.85
10.31.2011-12:00:00,10,31,2011,12,848.08
10.31.2011-15:00:00,10,31,2011,15,850.19
10.31.2011-18:00:00,10,31,2011,18,850.82
10.31.2011-21:00:00,10,31,2011,21,850.73
11.01.2011-00:00:00,11,01,2011,00,850.75
11.01.2011-03:00:00,11,01,2011,03,851.05
11.01.2011-06:00:00,11,01,2011,06,851.48
11.01.2011-09:00:00,11,01,2011,09,851.81
11.01.2011-12:00:00,11,01,2011,12,851.82
11.01.2011-15:00:00,11,01,2011,15,851.58
11.01.2011-18:00:00,11,01,2011,18,851.36
11.01.2011-21:00:00,11,01,2011,21,851.31
11.02.2011-00:00:00,11,02,2011,00,851.28
11.02.2011-03:00:00,11,02,2011,03,851.03
11.02.2011-06:00:00,11,02,2011,06,850.5
11.02.2011-09:00:00,11,02,2011,09,849.7
11.02.2011-12:00:00,11,02,2011,12,850.32
11.02.2011-15:00:00,11,02,2011,15,850.99
11.02.2011-18:00:00,11,02,2011,18,849.64
11.02.2011-21:00:00,11,02,2011,21,847.21
11.03.2011-00:00:00,11,03,2011,00,844.92
11.03.2011-03:00:00,11,03,2011,03,843.1
11.03.2011-06:00:00,11,03,2011,06,841.62
11.03.2011-09:00:00,11,03,2011,09,840.25
11.03.2011-12:00:00,11,03,2011,12,840.88
11.03.2011-15:00:00,11,03,2011,15,841.3
11.03.2011-18:00:00,11,03,2011,18,838.72
11.03.2011-21:00:00,11,03,2011,21,834.81
11.04.2011-00:00:00,11,04,2011,00,831.42
11.04.2011-03:00:00,11,04,2011,03,828.89
11.04.2011-06:00:00,11,04,2011,06,826.82
11.04.2011-09:00:00,11,04,2011,09,825.13
11.04.2011-12:00:00,11,04,2011,12,825.64
11.04.2011-15:00:00,11,04,2011,15,825.96
11.04.2011-18:00:00,11,04,2011,18,823.33
11.04.2011-21:00:00,11,04,2011,21,819.24
11.05.2011-00:00:00,11,05,2011,00,815.32
11.05.2011-03:00:00,11,05,2011,03,811.88
11.05.2011-06:00:00,11,05,2011,06,808.77
11.05.2011-09:00:00,11,05,2011,09,806.59
11.05.2011-12:00:00,11,05,2011,12,807.11
11.05.2011-15:00:00,11,05,2011,15,807.19
11.05.2011-18:00:00,11,05,2011,18,803.86
11.05.2011-21:00:00,11,05,2011,21,798.91
11.06.2011-00:00:00,11,06,2011,00,794.2
11.06.2011-03:00:00,11,06,2011,03,790.06
11.06.2011-06:00:00,11,06,2011,06,786.22
11.06.2011-09:00:00,11,06,2011,09,782.72
11.06.2011-12:00:00,11,06,2011,12,779.16
11.06.2011-15:00:00,11,06,2011,15,775.31
11.06.2011-18:00:00,11,06,2011,18,771.43
11.06.2011-21:00:00,11,06,2011,21,767.51
11.07.2011-00:00:00,11,07,2011,00,763.36
11.07.2011-03:00:00,11,07,2011,03,758.97
11.07.2011-06:00:00,11,07,2011,06,754.44
11.07.2011-09:00:00,11,07,2011,09,749.84
11.07.2011-12:00:00,11,07,2011,12,745.17
11.07.2011-15:00:00,11,07,2011,15,740.42
11.07.2011-18:00:00,11,07,2011,18,735.69
11.07.2011-21:00:00,11,07,2011,21,731.11
11.08.2011-00:00:00,11,08,2011,00,726.66
11.08.2011-03:00:00,11,08,2011,03,722.19
11.08.2011-06:00:00,11,08,2011,06,717.54
11.08.2011-09:00:00,11,08,2011,09,712.63
11.08.2011-12:00:00,11,08,2011,12,707.57
11.08.2011-15:00:00,11,08,2011,15,702.49
11.08.2011-18:00:00,11,08,2011,18,697.37
11.08.2011-21:00:00,11,08,2011,21,692.13
11.09.2011-00:00:00,11,09,2011,00,686.78
11.09.2011-03:00:00,11,09,2011,03,681.46
11.09.2011-06:00:00,11,09,2011,06,676.25
11.09.2011-09:00:00,11,09,2011,09,671.06
11.09.2011-12:00:00,11,09,2011,12,665.83
11.09.2011-15:00:00,11,09,2011,15,660.63
11.09.2011-18:00:00,11,09,2011,18,655.51
11.09.2011-21:00:00,11,09,2011,21,650.43
11.10.2011-00:00:00,11,10,2011,00,645.34
11.10.2011-03:00:00,11,10,2011,03,640.26
11.10.2011-06:00:00,11,10,2011,06,635.23
11.10.2011-09:00:00,11,10,2011,09,630.62
11.10.2011-12:00:00,11,10,2011,12,626.1
11.10.2011-15:00:00,11,10,2011,15,621.08
11.10.2011-18:00:00,11,10,2011,18,615.54
11.10.2011-21:00:00,11,10,2011,21,609.8
11.11.2011-00:00:00,11,11,2011,00,604.19
11.11.2011-03:00:00,11,11,2011,03,598.9
11.11.2011-06:00:00,11,11,2011,06,593.95
11.11.2011-09:00:00,11,11,2011,09,589.42
11.11.2011-12:00:00,11,11,2011,12,584.87
11.11.2011-15:00:00,11,11,2011,15,579.85
11.11.2011-18:00:00,11,11,2011,18,574.54
11.11.2011-21:00:00,11,11,2011,21,569.2
11.12.2011-00:00:00,11,12,2011,00,563.9
11.12.2011-03:00:00,11,12,2011,03,558.67
11.12.2011-06:00:00,11,12,2011,06,553.57
11.12.2011-09:00:00,11,12,2011,09,549.57
11.12.2011-12:00:00,11,12,2011,12,546.53
11.12.2011-15:00:00,11,12,2011,15,542.68
11.12.2011-18:00:00,11,12,2011,18,537.62
11.12.2011-21:00:00,11,12,2011,21,532.32
11.13.2011-00:00:00,11,13,2011,00,527.45
11.13.2011-03:00:00,11,13,2011,03,523.09
11.13.2011-06:00:00,11,13,2011,06,519.11
11.13.2011-09:00:00,11,13,2011,09,515.3
11.13.2011-12:00:00,11,13,2011,12,511.51
11.13.2011-15:00:00,11,13,2011,15,507.68
11.13.2011-18:00:00,11,13,2011,18,503.88
11.13.2011-21:00:00,11,13,2011,21,500.16
11.14.2011-00:00:00,11,14,2011,00,496.57
11.14.2011-03:00:00,11,14,2011,03,493.1
11.14.2011-06:00:00,11,14,2011,06,489.75
11.14.2011-09:00:00,11,14,2011,09,487.34
11.14.2011-12:00:00,11,14,2011,12,486.67
11.14.2011-15:00:00,11,14,2011,15,486.33
11.14.2011-18:00:00,11,14,2011,18,484.69
11.14.2011-21:00:00,11,14,2011,21,482.45
11.15.2011-00:00:00,11,15,2011,00,480.97
11.15.2011-03:00:00,11,15,2011,03,480.75
11.15.2011-06:00:00,11,15,2011,06,481.69
11.15.2011-09:00:00,11,15,2011,09,483.5
11.15.2011-12:00:00,11,15,2011,12,485.77
11.15.2011-15:00:00,11,15,2011,15,488.07
11.15.2011-18:00:00,11,15,2011,18,490.2
11.15.2011-21:00:00,11,15,2011,21,492.14
11.16.2011-00:00:00,11,16,2011,00,493.9
11.16.2011-03:00:00,11,16,2011,03,495.42
11.16.2011-06:00:00,11,16,2011,06,496.58
11.16.2011-09:00:00,11,16,2011,09,497.47
11.16.2011-12:00:00,11,16,2011,12,498.25
11.16.2011-15:00:00,11,16,2011,15,498.94
11.16.2011-18:00:00,11,16,2011,18,499.46
11.16.2011-21:00:00,11,16,2011,21,499.68
11.17.2011-00:00:00,11,17,2011,00,499.73
11.17.2011-03:00:00,11,17,2011,03,499.79
11.17.2011-06:00:00,11,17,2011,06,499.82
11.17.2011-09:00:00,11,17,2011,09,499.68
11.17.2011-12:00:00,11,17,2011,12,499.28
11.17.2011-15:00:00,11,17,2011,15,498.6
11.17.2011-18:00:00,11,17,2011,18,497.72
11.17.2011-21:00:00,11,17,2011,21,496.72
11.18.2011-00:00:00,11,18,2011,00,495.65
11.18.2011-03:00:00,11,18,2011,03,494.51
11.18.2011-06:00:00,11,18,2011,06,493.25
11.18.2011-09:00:00,11,18,2011,09,491.8
11.18.2011-12:00:00,11,18,2011,12,490.19
11.18.2011-15:00:00,11,18,2011,15,488.44
11.18.2011-18:00:00,11,18,2011,18,486.55
11.18.2011-21:00:00,11,18,2011,21,484.52
11.19.2011-00:00:00,11,19,2011,00,482.4
11.19.2011-03:00:00,11,19,2011,03,480.26
11.19.2011-06:00:00,11,19,2011,06,478.12
11.19.2011-09:00:00,11,19,2011,09,476.01
11.19.2011-12:00:00,11,19,2011,12,473.85
11.19.2011-15:00:00,11,19,2011,15,471.55
11.19.2011-18:00:00,11,19,2011,18,469.02
11.19.2011-21:00:00,11,19,2011,21,466.29
11.20.2011-00:00:00,11,20,2011,00,463.44
11.20.2011-03:00:00,11,20,2011,03,460.48
11.20.2011-06:00:00,11,20,2011,06,457.43
11.20.2011-09:00:00,11,20,2011,09,454.38
11.20.2011-12:00:00,11,20,2011,12,451.5
11.20.2011-15:00:00,11,20,2011,15,448.88
11.20.2011-18:00:00,11,20,2011,18,446.38
11.20.2011-21:00:00,11,20,2011,21,443.84
11.21.2011-00:00:00,11,21,2011,00,441.09
11.21.2011-03:00:00,11,21,2011,03,438.16
11.21.2011-06:00:00,11,21,2011,06,435.11
11.21.2011-09:00:00,11,21,2011,09,431.99
11.21.2011-12:00:00,11,21,2011,12,428.83
11.21.2011-15:00:00,11,21,2011,15,425.63
11.21.2011-18:00:00,11,21,2011,18,422.4
11.21.2011-21:00:00,11,21,2011,21,419.15
11.22.2011-00:00:00,11,22,2011,00,415.94
11.22.2011-03:00:00,11,22,2011,03,412.8
11.22.2011-06:00:00,11,22,2011,06,409.76
11.22.2011-09:00:00,11,22,2011,09,406.8
11.22.2011-12:00:00,11,22,2011,12,403.89
11.22.2011-15:00:00,11,22,2011,15,401.01
11.22.2011-18:00:00,11,22,2011,18,398.18
11.22.2011-21:00:00,11,22,2011,21,395.34
11.23.2011-00:00:00,11,23,2011,00,392.46
11.23.2011-03:00:00,11,23,2011,03,389.49
11.23.2011-06:00:00,11,23,2011,06,386.48
11.23.2011-09:00:00,11,23,2011,09,383.44
11.23.2011-12:00:00,11,23,2011,12,380.41
11.23.2011-15:00:00,11,23,2011,15,377.44
11.23.2011-18:00:00,11,23,2011,18,374.59
11.23.2011-21:00:00,11,23,2011,21,371.96
11.24.2011-00:00:00,11,24,2011,00,369.61
11.24.2011-03:00:00,11,24,2011,03,367.54
11.24.2011-06:00:00,11,24,2011,06,365.67
11.24.2011-09:00:00,11,24,2011,09,363.94
11.24.2011-12:00:00,11,24,2011,12,362.32
11.24.2011-15:00:00,11,24,2011,15,360.81
11.24.2011-18:00:00,11,24,2011,18,359.39
11.24.2011-21:00:00,11,24,2011,21,358.02
11.25.2011-00:00:00,11,25,2011,00,356.63
11.25.2011-03:00:00,11,25,2011,03,355.15
11.25.2011-06:00:00,11,25,2011,06,353.54
11.25.2011-09:00:00,11,25,2011,09,351.84
11.25.2011-12:00:00,11,25,2011,12,350.16
11.25.2011-15:00:00,11,25,2011,15,348.62
11.25.2011-18:00:00,11,25,2011,18,347.26
11.25.2011-21:00:00,11,25,2011,21,345.94
11.26.2011-00:00:00,11,26,2011,00,344.52
11.26.2011-03:00:00,11,26,2011,03,342.95
11.26.2011-06:00:00,11,26,2011,06,341.22
11.26.2011-09:00:00,11,26,2011,09,339.41
11.26.2011-12:00:00,11,26,2011,12,337.57
11.26.2011-15:00:00,11,26,2011,15,335.74
11.26.2011-18:00:00,11,26,2011,18,333.95
11.26.2011-21:00:00,11,26,2011,21,332.21
11.27.2011-00:00:00,11,27,2011,00,330.52
11.27.2011-03:00:00,11,27,2011,03,328.87
11.27.2011-06:00:00,11,27,2011,06,327.26
11.27.2011-09:00:00,11,27,2011,09,325.65
11.27.2011-12:00:00,11,27,2011,12,324.01
11.27.2011-15:00:00,11,27,2011,15,322.37
11.27.2011-18:00:00,11,27,2011,18,320.75
11.27.2011-21:00:00,11,27,2011,21,319.14
11.28.2011-00:00:00,11,28,2011,00,317.51
11.28.2011-03:00:00,11,28,2011,03,315.84
11.28.2011-06:00:00,11,28,2011,06,314.12
11.28.2011-09:00:00,11,28,2011,09,312.36
11.28.2011-12:00:00,11,28,2011,12,310.63
11.28.2011-15:00:00,11,28,2011,15,308.88
11.28.2011-18:00:00,11,28,2011,18,307.16
11.28.2011-21:00:00,11,28,2011,21,305.51
11.29.2011-00:00:00,11,29,2011,00,303.92
11.29.2011-03:00:00,11,29,2011,03,302.33
11.29.2011-06:00:00,11,29,2011,06,300.68
11.29.2011-09:00:00,11,29,2011,09,298.94
11.29.2011-12:00:00,11,29,2011,12,297.11
11.29.2011-15:00:00,11,29,2011,15,295.23
11.29.2011-18:00:00,11,29,2011,18,293.36
11.29.2011-21:00:00,11,29,2011,21,291.53
11.30.2011-00:00:00,11,30,2011,00,289.75
11.30.2011-03:00:00,11,30,2011,03,288
11.30.2011-06:00:00,11,30,2011,06,286.29
11.30.2011-09:00:00,11,30,2011,09,284.65
11.30.2011-12:00:00,11,30,2011,12,283.09
11.30.2011-15:00:00,11,30,2011,15,281.56
11.30.2011-18:00:00,11,30,2011,18,280.04
11.30.2011-21:00:00,11,30,2011,21,278.48
12.01.2011-00:00:00,12,01,2011,00,276.88
12.01.2011-03:00:00,12,01,2011,03,275.24
12.01.2011-06:00:00,12,01,2011,06,273.58
12.01.2011-09:00:00,12,01,2011,09,271.9
12.01.2011-12:00:00,12,01,2011,12,270.2
12.01.2011-15:00:00,12,01,2011,15,268.5
12.01.2011-18:00:00,12,01,2011,18,266.8
12.01.2011-21:00:00,12,01,2011,21,265.11
12.02.2011-00:00:00,12,02,2011,00,263.45
12.02.2011-03:00:00,12,02,2011,03,261.83
12.02.2011-06:00:00,12,02,2011,06,260.26
12.02.2011-09:00:00,12,02,2011,09,258.72
12.02.2011-12:00:00,12,02,2011,12,257.17
12.02.2011-15:00:00,12,02,2011,15,255.61
12.02.2011-18:00:00,12,02,2011,18,254.05
12.02.2011-21:00:00,12,02,2011,21,252.49
12.03.2011-00:00:00,12,03,2011,00,250.94
12.03.2011-03:00:00,12,03,2011,03,249.42
12.03.2011-06:00:00,12,03,2011,06,247.95
12.03.2011-09:00:00,12,03,2011,09,246.52
12.03.2011-12:00:00,12,03,2011,12,245.11
12.03.2011-15:00:00,12,03,2011,15,243.71
12.03.2011-18:00:00,12,03,2011,18,242.3
12.03.2011-21:00:00,12,03,2011,21,240.89
12.04.2011-00:00:00,12,04,2011,00,239.51
12.04.2011-03:00:00,12,04,2011,03,238.13
12.04.2011-06:00:00,12,04,2011,06,236.77
12.04.2011-09:00:00,12,04,2011,09,235.4
12.04.2011-12:00:00,12,04,2011,12,234.04
12.04.2011-15:00:00,12,04,2011,15,232.69
12.04.2011-18:00:00,12,04,2011,18,231.38
12.04.2011-21:00:00,12,04,2011,21,230.09
12.05.2011-00:00:00,12,05,2011,00,228.82
12.05.2011-03:00:00,12,05,2011,03,227.55
12.05.2011-06:00:00,12,05,2011,06,226.27
12.05.2011-09:00:00,12,05,2011,09,224.99
12.05.2011-12:00:00,12,05,2011,12,223.71
12.05.2011-15:00:00,12,05,2011,15,222.42
12.05.2011-18:00:00,12,05,2011,18,221.15
12.05.2011-21:00:00,12,05,2011,21,219.89
12.06.2011-00:00:00,12,06,2011,00,218.66
12.06.2011-03:00:00,12,06,2011,03,217.45
12.06.2011-06:00:00,12,06,2011,06,216.27
12.06.2011-09:00:00,12,06,2011,09,215.09
12.06.2011-12:00:00,12,06,2011,12,213.92
12.06.2011-15:00:00,12,06,2011,15,212.75
12.06.2011-18:00:00,12,06,2011,18,211.58
12.06.2011-21:00:00,12,06,2011,21,210.41
12.07.2011-00:00:00,12,07,2011,00,209.26
12.07.2011-03:00:00,12,07,2011,03,208.12
12.07.2011-06:00:00,12,07,2011,06,206.99
12.07.2011-09:00:00,12,07,2011,09,205.87
12.07.2011-12:00:00,12,07,2011,12,204.74
12.07.2011-15:00:00,12,07,2011,15,203.61
12.07.2011-18:00:00,12,07,2011,18,202.49
12.07.2011-21:00:00,12,07,2011,21,201.38
12.08.2011-00:00:00,12,08,2011,00,200.31
12.08.2011-03:00:00,12,08,2011,03,199.26
12.08.2011-06:00:00,12,08,2011,06,198.22
12.08.2011-09:00:00,12,08,2011,09,197.18
12.08.2011-12:00:00,12,08,2011,12,196.18
12.08.2011-15:00:00,12,08,2011,15,195.15
12.08.2011-18:00:00,12,08,2011,18,194.12
12.08.2011-21:00:00,12,08,2011,21,193.1
12.09.2011-00:00:00,12,09,2011,00,192.14
12.09.2011-03:00:00,12,09,2011,03,191.23
12.09.2011-06:00:00,12,09,2011,06,190.35
12.09.2011-09:00:00,12,09,2011,09,189.47
12.09.2011-12:00:00,12,09,2011,12,188.57
12.09.2011-15:00:00,12,09,2011,15,187.63
12.09.2011-18:00:00,12,09,2011,18,186.68
12.09.2011-21:00:00,12,09,2011,21,185.74
12.10.2011-00:00:00,12,10,2011,00,184.82
12.10.2011-03:00:00,12,10,2011,03,183.95
12.10.2011-06:00:00,12,10,2011,06,183.09
12.10.2011-09:00:00,12,10,2011,09,182.23
12.10.2011-12:00:00,12,10,2011,12,181.35
12.10.2011-15:00:00,12,10,2011,15,180.46
12.10.2011-18:00:00,12,10,2011,18,179.57
12.10.2011-21:00:00,12,10,2011,21,178.68
12.11.2011-00:00:00,12,11,2011,00,177.79
12.11.2011-03:00:00,12,11,2011,03,176.9
12.11.2011-06:00:00,12,11,2011,06,176.01
12.11.2011-09:00:00,12,11,2011,09,175.12
12.11.2011-12:00:00,12,11,2011,12,174.24
12.11.2011-15:00:00,12,11,2011,15,173.36
12.11.2011-18:00:00,12,11,2011,18,172.48
12.11.2011-21:00:00,12,11,2011,21,171.61
12.12.2011-00:00:00,12,12,2011,00,170.74
12.12.2011-03:00:00,12,12,2011,03,169.88
12.12.2011-06:00:00,12,12,2011,06,169.04
12.12.2011-09:00:00,12,12,2011,09,168.19
12.12.2011-12:00:00,12,12,2011,12,167.35
12.12.2011-15:00:00,12,12,2011,15,166.52
12.12.2011-18:00:00,12,12,2011,18,165.71
12.12.2011-21:00:00,12,12,2011,21,164.93
12.13.2011-00:00:00,12,13,2011,00,164.18
12.13.2011-03:00:00,12,13,2011,03,163.44
12.13.2011-06:00:00,12,13,2011,06,162.69
12.13.2011-09:00:00,12,13,2011,09,161.93
12.13.2011-12:00:00,12,13,2011,12,161.16
12.13.2011-15:00:00,12,13,2011,15,160.41
12.13.2011-18:00:00,12,13,2011,18,159.66
12.13.2011-21:00:00,12,13,2011,21,158.91
12.14.2011-00:00:00,12,14,2011,00,158.16
12.14.2011-03:00:00,12,14,2011,03,157.41
12.14.2011-06:00:00,12,14,2011,06,156.66
12.14.2011-09:00:00,12,14,2011,09,155.91
12.14.2011-12:00:00,12,14,2011,12,155.17
12.14.2011-15:00:00,12,14,2011,15,154.42
12.14.2011-18:00:00,12,14,2011,18,153.69
12.14.2011-21:00:00,12,14,2011,21,152.95
12.15.2011-00:00:00,12,15,2011,00,152.23
12.15.2011-03:00:00,12,15,2011,03,151.52
12.15.2011-06:00:00,12,15,2011,06,150.83
12.15.2011-09:00:00,12,15,2011,09,150.15
12.15.2011-12:00:00,12,15,2011,12,149.47
12.15.2011-15:00:00,12,15,2011,15,148.79
12.15.2011-18:00:00,12,15,2011,18,148.12
12.15.2011-21:00:00,12,15,2011,21,147.45
12.16.2011-00:00:00,12,16,2011,00,146.81
12.16.2011-03:00:00,12,16,2011,03,146.18
12.16.2011-06:00:00,12,16,2011,06,145.55
12.16.2011-09:00:00,12,16,2011,09,144.9
12.16.2011-12:00:00,12,16,2011,12,144.25
12.16.2011-15:00:00,12,16,2011,15,143.58
12.16.2011-18:00:00,12,16,2011,18,142.92
12.16.2011-21:00:00,12,16,2011,21,142.27
12.17.2011-00:00:00,12,17,2011,00,141.62
12.17.2011-03:00:00,12,17,2011,03,140.98
12.17.2011-06:00:00,12,17,2011,06,140.35
12.17.2011-09:00:00,12,17,2011,09,139.72
12.17.2011-12:00:00,12,17,2011,12,139.09
12.17.2011-15:00:00,12,17,2011,15,138.47
12.17.2011-18:00:00,12,17,2011,18,137.85
12.17.2011-21:00:00,12,17,2011,21,137.23
12.18.2011-00:00:00,12,18,2011,00,136.61
12.18.2011-03:00:00,12,18,2011,03,135.99
12.18.2011-06:00:00,12,18,2011,06,135.38
12.18.2011-09:00:00,12,18,2011,09,134.77
12.18.2011-12:00:00,12,18,2011,12,134.17
12.18.2011-15:00:00,12,18,2011,15,133.57
12.18.2011-18:00:00,12,18,2011,18,132.97
12.18.2011-21:00:00,12,18,2011,21,132.39
12.19.2011-00:00:00,12,19,2011,00,131.81
12.19.2011-03:00:00,12,19,2011,03,131.23
12.19.2011-06:00:00,12,19,2011,06,130.66
12.19.2011-09:00:00,12,19,2011,09,130.08
12.19.2011-12:00:00,12,19,2011,12,129.5
12.19.2011-15:00:00,12,19,2011,15,128.91
12.19.2011-18:00:00,12,19,2011,18,128.35
12.19.2011-21:00:00,12,19,2011,21,127.78
12.20.2011-00:00:00,12,20,2011,00,127.22
12.20.2011-03:00:00,12,20,2011,03,126.67
12.20.2011-06:00:00,12,20,2011,06,126.12
12.20.2011-09:00:00,12,20,2011,09,125.57
12.20.2011-12:00:00,12,20,2011,12,125.03
12.20.2011-15:00:00,12,20,2011,15,124.48
12.20.2011-18:00:00,12,20,2011,18,123.95
12.20.2011-21:00:00,12,20,2011,21,123.41
12.21.2011-00:00:00,12,21,2011,00,122.88
12.21.2011-03:00:00,12,21,2011,03,122.35
12.21.2011-06:00:00,12,21,2011,06,121.83
12.21.2011-09:00:00,12,21,2011,09,121.3
12.21.2011-12:00:00,12,21,2011,12,120.77
12.21.2011-15:00:00,12,21,2011,15,120.23
12.21.2011-18:00:00,12,21,2011,18,119.71
12.21.2011-21:00:00,12,21,2011,21,119.19
12.22.2011-00:00:00,12,22,2011,00,118.68
12.22.2011-03:00:00,12,22,2011,03,118.18
12.22.2011-06:00:00,12,22,2011,06,117.69
12.22.2011-09:00:00,12,22,2011,09,117.2
12.22.2011-12:00:00,12,22,2011,12,116.71
12.22.2011-15:00:00,12,22,2011,15,116.22
12.22.2011-18:00:00,12,22,2011,18,115.73
12.22.2011-21:00:00,12,22,2011,21,115.24
12.23.2011-00:00:00,12,23,2011,00,114.75
12.23.2011-03:00:00,12,23,2011,03,114.28
12.23.2011-06:00:00,12,23,2011,06,113.81
12.23.2011-09:00:00,12,23,2011,09,113.34
12.23.2011-12:00:00,12,23,2011,12,112.88
12.23.2011-15:00:00,12,23,2011,15,112.42
12.23.2011-18:00:00,12,23,2011,18,111.98
12.23.2011-21:00:00,12,23,2011,21,111.53
12.24.2011-00:00:00,12,24,2011,00,111.09
12.24.2011-03:00:00,12,24,2011,03,110.64
12.24.2011-06:00:00,12,24,2011,06,110.19
12.24.2011-09:00:00,12,24,2011,09,109.74
12.24.2011-12:00:00,12,24,2011,12,109.31
12.24.2011-15:00:00,12,24,2011,15,108.9
12.24.2011-18:00:00,12,24,2011,18,108.51
12.24.2011-21:00:00,12,24,2011,21,108.11
12.25.2011-00:00:00,12,25,2011,00,107.7
12.25.2011-03:00:00,12,25,2011,03,107.28
12.25.2011-06:00:00,12,25,2011,06,106.86
12.25.2011-09:00:00,12,25,2011,09,106.43
12.25.2011-12:00:00,12,25,2011,12,106
12.25.2011-15:00:00,12,25,2011,15,105.58
12.25.2011-18:00:00,12,25,2011,18,105.16
12.25.2011-21:00:00,12,25,2011,21,104.74
12.26.2011-00:00:00,12,26,2011,00,104.33
12.26.2011-03:00:00,12,26,2011,03,103.91
12.26.2011-06:00:00,12,26,2011,06,103.51
12.26.2011-09:00:00,12,26,2011,09,103.11
12.26.2011-12:00:00,12,26,2011,12,102.72
12.26.2011-15:00:00,12,26,2011,15,102.32
12.26.2011-18:00:00,12,26,2011,18,101.92
12.26.2011-21:00:00,12,26,2011,21,101.52
12.27.2011-00:00:00,12,27,2011,00,101.12
12.27.2011-03:00:00,12,27,2011,03,100.72
12.27.2011-06:00:00,12,27,2011,06,100.33
12.27.2011-09:00:00,12,27,2011,09,99.937
12.27.2011-12:00:00,12,27,2011,12,99.551
12.27.2011-15:00:00,12,27,2011,15,99.175
12.27.2011-18:00:00,12,27,2011,18,98.812
12.27.2011-21:00:00,12,27,2011,21,98.456
12.28.2011-00:00:00,12,28,2011,00,98.098
12.28.2011-03:00:00,12,28,2011,03,97.734
12.28.2011-06:00:00,12,28,2011,06,97.366
12.28.2011-09:00:00,12,28,2011,09,96.996
12.28.2011-12:00:00,12,28,2011,12,96.626
12.28.2011-15:00:00,12,28,2011,15,96.256
12.28.2011-18:00:00,12,28,2011,18,95.885
12.28.2011-21:00:00,12,28,2011,21,95.514
12.29.2011-00:00:00,12,29,2011,00,95.145
12.29.2011-03:00:00,12,29,2011,03,94.78
12.29.2011-06:00:00,12,29,2011,06,94.422
12.29.2011-09:00:00,12,29,2011,09,94.073
12.29.2011-12:00:00,12,29,2011,12,93.747
12.29.2011-15:00:00,12,29,2011,15,93.529
12.29.2011-18:00:00,12,29,2011,18,93.63
12.29.2011-21:00:00,12,29,2011,21,94.259
12.30.2011-00:00:00,12,30,2011,00,95.456
12.30.2011-03:00:00,12,30,2011,03,97.085
12.30.2011-06:00:00,12,30,2011,06,98.942
12.30.2011-09:00:00,12,30,2011,09,100.97
12.30.2011-12:00:00,12,30,2011,12,103.63
12.30.2011-15:00:00,12,30,2011,15,107.86
12.30.2011-18:00:00,12,30,2011,18,114.65
12.30.2011-21:00:00,12,30,2011,21,124.23
12.31.2011-00:00:00,12,31,2011,00,135.82
12.31.2011-03:00:00,12,31,2011,03,148.08
12.31.2011-06:00:00,12,31,2011,06,159.91
12.31.2011-09:00:00,12,31,2011,09,170.75
12.31.2011-12:00:00,12,31,2011,12,180.59
12.31.2011-15:00:00,12,31,2011,15,189.68
12.31.2011-18:00:00,12,31,2011,18,198.33
12.31.2011-21:00:00,12,31,2011,21,206.82
01.01.2012-00:00:00,01,01,2012,00,215.26
01.01.2012-03:00:00,01,01,2012,03,223.69
01.01.2012-06:00:00,01,01,2012,06,232.07
01.01.2012-09:00:00,01,01,2012,09,240.42
01.01.2012-12:00:00,01,01,2012,12,248.68
01.01.2012-15:00:00,01,01,2012,15,256.81
01.01.2012-18:00:00,01,01,2012,18,264.76
01.01.2012-21:00:00,01,01,2012,21,272.5
01.02.2012-00:00:00,01,02,2012,00,280.05
01.02.2012-03:00:00,01,02,2012,03,287.42
01.02.2012-06:00:00,01,02,2012,06,294.7
01.02.2012-09:00:00,01,02,2012,09,301.85
01.02.2012-12:00:00,01,02,2012,12,308.85
01.02.2012-15:00:00,01,02,2012,15,315.65
01.02.2012-18:00:00,01,02,2012,18,322.18
01.02.2012-21:00:00,01,02,2012,21,328.38
01.03.2012-00:00:00,01,03,2012,00,334.44
01.03.2012-03:00:00,01,03,2012,03,340.31
01.03.2012-06:00:00,01,03,2012,06,345.91
01.03.2012-09:00:00,01,03,2012,09,351.12
01.03.2012-12:00:00,01,03,2012,12,356.09
01.03.2012-15:00:00,01,03,2012,15,360.86
01.03.2012-18:00:00,01,03,2012,18,365.35
01.03.2012-21:00:00,01,03,2012,21,369.58
01.04.2012-00:00:00,01,04,2012,00,373.46
01.04.2012-03:00:00,01,04,2012,03,376.95
01.04.2012-06:00:00,01,04,2012,06,380.3
01.04.2012-09:00:00,01,04,2012,09,383.41
01.04.2012-12:00:00,01,04,2012,12,386.33
01.04.2012-15:00:00,01,04,2012,15,388.87
01.04.2012-18:00:00,01,04,2012,18,391.08
01.04.2012-21:00:00,01,04,2012,21,392.9
01.05.2012-00:00:00,01,05,2012,00,394.64
01.05.2012-03:00:00,01,05,2012,03,396.27
01.05.2012-06:00:00,01,05,2012,06,397.83
01.05.2012-09:00:00,01,05,2012,09,398.99
01.05.2012-12:00:00,01,05,2012,12,399.8
01.05.2012-15:00:00,01,05,2012,15,400.51
01.05.2012-18:00:00,01,05,2012,18,401.08
01.05.2012-21:00:00,01,05,2012,21,401.6
01.06.2012-00:00:00,01,06,2012,00,401.9
01.06.2012-03:00:00,01,06,2012,03,402.06
01.06.2012-06:00:00,01,06,2012,06,402.12
01.06.2012-09:00:00,01,06,2012,09,402.05
01.06.2012-12:00:00,01,06,2012,12,401.69
01.06.2012-15:00:00,01,06,2012,15,401.15
01.06.2012-18:00:00,01,06,2012,18,400.63
01.06.2012-21:00:00,01,06,2012,21,399.91
01.07.2012-00:00:00,01,07,2012,00,399.05
01.07.2012-03:00:00,01,07,2012,03,398.17
01.07.2012-06:00:00,01,07,2012,06,397.28
01.07.2012-09:00:00,01,07,2012,09,396.42
01.07.2012-12:00:00,01,07,2012,12,395.31
01.07.2012-15:00:00,01,07,2012,15,394.04
01.07.2012-18:00:00,01,07,2012,18,392.81
01.07.2012-21:00:00,01,07,2012,21,391.72
01.08.2012-00:00:00,01,08,2012,00,390.79
01.08.2012-03:00:00,01,08,2012,03,389.71
01.08.2012-06:00:00,01,08,2012,06,388.46
01.08.2012-09:00:00,01,08,2012,09,387.03
01.08.2012-12:00:00,01,08,2012,12,385.58
01.08.2012-15:00:00,01,08,2012,15,384.13
01.08.2012-18:00:00,01,08,2012,18,382.58
01.08.2012-21:00:00,01,08,2012,21,381.08
01.09.2012-00:00:00,01,09,2012,00,379.69
01.09.2012-03:00:00,01,09,2012,03,378.15
01.09.2012-06:00:00,01,09,2012,06,376.64
01.09.2012-09:00:00,01,09,2012,09,375.05
01.09.2012-12:00:00,01,09,2012,12,373.51
01.09.2012-15:00:00,01,09,2012,15,371.92
01.09.2012-18:00:00,01,09,2012,18,370.38
01.09.2012-21:00:00,01,09,2012,21,368.76
01.10.2012-00:00:00,01,10,2012,00,367.21
01.10.2012-03:00:00,01,10,2012,03,365.64
01.10.2012-06:00:00,01,10,2012,06,364.17
01.10.2012-09:00:00,01,10,2012,09,362.65
01.10.2012-12:00:00,01,10,2012,12,361.04
01.10.2012-15:00:00,01,10,2012,15,359.49
01.10.2012-18:00:00,01,10,2012,18,357.95
01.10.2012-21:00:00,01,10,2012,21,356.4
01.11.2012-00:00:00,01,11,2012,00,354.78
01.11.2012-03:00:00,01,11,2012,03,353.16
01.11.2012-06:00:00,01,11,2012,06,351.68
01.11.2012-09:00:00,01,11,2012,09,350.21
01.11.2012-12:00:00,01,11,2012,12,348.72
01.11.2012-15:00:00,01,11,2012,15,347.27
01.11.2012-18:00:00,01,11,2012,18,345.72
01.11.2012-21:00:00,01,11,2012,21,344.13
01.12.2012-00:00:00,01,12,2012,00,342.69
01.12.2012-03:00:00,01,12,2012,03,341.3
01.12.2012-06:00:00,01,12,2012,06,339.96
01.12.2012-09:00:00,01,12,2012,09,338.61
01.12.2012-12:00:00,01,12,2012,12,337.27
01.12.2012-15:00:00,01,12,2012,15,335.84
01.12.2012-18:00:00,01,12,2012,18,334.34
01.12.2012-21:00:00,01,12,2012,21,332.81
01.13.2012-00:00:00,01,13,2012,00,331.34
01.13.2012-03:00:00,01,13,2012,03,329.82
01.13.2012-06:00:00,01,13,2012,06,328.28
01.13.2012-09:00:00,01,13,2012,09,326.73
01.13.2012-12:00:00,01,13,2012,12,325.18
01.13.2012-15:00:00,01,13,2012,15,323.7
01.13.2012-18:00:00,01,13,2012,18,322.2
01.13.2012-21:00:00,01,13,2012,21,320.7
01.14.2012-00:00:00,01,14,2012,00,319.2
01.14.2012-03:00:00,01,14,2012,03,317.74
01.14.2012-06:00:00,01,14,2012,06,316.42
01.14.2012-09:00:00,01,14,2012,09,315.1
01.14.2012-12:00:00,01,14,2012,12,313.8
01.14.2012-15:00:00,01,14,2012,15,312.5
01.14.2012-18:00:00,01,14,2012,18,311.18
01.14.2012-21:00:00,01,14,2012,21,309.82
01.15.2012-00:00:00,01,15,2012,00,308.5
01.15.2012-03:00:00,01,15,2012,03,307.11
01.15.2012-06:00:00,01,15,2012,06,305.68
01.15.2012-09:00:00,01,15,2012,09,304.26
01.15.2012-12:00:00,01,15,2012,12,302.86
01.15.2012-15:00:00,01,15,2012,15,301.5
01.15.2012-18:00:00,01,15,2012,18,300.31
01.15.2012-21:00:00,01,15,2012,21,299.06
01.16.2012-00:00:00,01,16,2012,00,297.75
01.16.2012-03:00:00,01,16,2012,03,296.4
01.16.2012-06:00:00,01,16,2012,06,295.04
01.16.2012-09:00:00,01,16,2012,09,293.68
01.16.2012-12:00:00,01,16,2012,12,292.32
01.16.2012-15:00:00,01,16,2012,15,291.02
01.16.2012-18:00:00,01,16,2012,18,289.67
01.16.2012-21:00:00,01,16,2012,21,288.32
01.17.2012-00:00:00,01,17,2012,00,286.98
01.17.2012-03:00:00,01,17,2012,03,285.66
01.17.2012-06:00:00,01,17,2012,06,284.35
01.17.2012-09:00:00,01,17,2012,09,283.04
01.17.2012-12:00:00,01,17,2012,12,281.73
01.17.2012-15:00:00,01,17,2012,15,280.5
01.17.2012-18:00:00,01,17,2012,18,279.22
01.17.2012-21:00:00,01,17,2012,21,277.93
01.18.2012-00:00:00,01,18,2012,00,276.66
01.18.2012-03:00:00,01,18,2012,03,275.4
01.18.2012-06:00:00,01,18,2012,06,274.15
01.18.2012-09:00:00,01,18,2012,09,272.93
01.18.2012-12:00:00,01,18,2012,12,271.76
01.18.2012-15:00:00,01,18,2012,15,270.61
01.18.2012-18:00:00,01,18,2012,18,269.53
01.18.2012-21:00:00,01,18,2012,21,268.41
01.19.2012-00:00:00,01,19,2012,00,267.28
01.19.2012-03:00:00,01,19,2012,03,266.17
01.19.2012-06:00:00,01,19,2012,06,265.05
01.19.2012-09:00:00,01,19,2012,09,263.91
01.19.2012-12:00:00,01,19,2012,12,262.75
01.19.2012-15:00:00,01,19,2012,15,261.57
01.19.2012-18:00:00,01,19,2012,18,260.39
01.19.2012-21:00:00,01,19,2012,21,259.22
01.20.2012-00:00:00,01,20,2012,00,258.11
01.20.2012-03:00:00,01,20,2012,03,256.97
01.20.2012-06:00:00,01,20,2012,06,255.81
01.20.2012-09:00:00,01,20,2012,09,254.67
01.20.2012-12:00:00,01,20,2012,12,253.53
01.20.2012-15:00:00,01,20,2012,15,252.4
01.20.2012-18:00:00,01,20,2012,18,251.28
01.20.2012-21:00:00,01,20,2012,21,250.19
01.21.2012-00:00:00,01,21,2012,00,249.15
01.21.2012-03:00:00,01,21,2012,03,248.13
01.21.2012-06:00:00,01,21,2012,06,247.11
01.21.2012-09:00:00,01,21,2012,09,246.07
01.21.2012-12:00:00,01,21,2012,12,245.09
01.21.2012-15:00:00,01,21,2012,15,244.07
01.21.2012-18:00:00,01,21,2012,18,243.03
01.21.2012-21:00:00,01,21,2012,21,241.99
01.22.2012-00:00:00,01,22,2012,00,240.94
01.22.2012-03:00:00,01,22,2012,03,239.88
01.22.2012-06:00:00,01,22,2012,06,238.82
01.22.2012-09:00:00,01,22,2012,09,237.77
01.22.2012-12:00:00,01,22,2012,12,236.72
01.22.2012-15:00:00,01,22,2012,15,235.66
01.22.2012-18:00:00,01,22,2012,18,234.62
01.22.2012-21:00:00,01,22,2012,21,233.59
01.23.2012-00:00:00,01,23,2012,00,232.58
01.23.2012-03:00:00,01,23,2012,03,231.58
01.23.2012-06:00:00,01,23,2012,06,230.59
01.23.2012-09:00:00,01,23,2012,09,229.65
01.23.2012-12:00:00,01,23,2012,12,228.66
01.23.2012-15:00:00,01,23,2012,15,227.65
01.23.2012-18:00:00,01,23,2012,18,226.7
01.23.2012-21:00:00,01,23,2012,21,225.71
01.24.2012-00:00:00,01,24,2012,00,224.73
01.24.2012-03:00:00,01,24,2012,03,223.75
01.24.2012-06:00:00,01,24,2012,06,222.77
01.24.2012-09:00:00,01,24,2012,09,221.79
01.24.2012-12:00:00,01,24,2012,12,220.8
01.24.2012-15:00:00,01,24,2012,15,219.8
01.24.2012-18:00:00,01,24,2012,18,218.8
01.24.2012-21:00:00,01,24,2012,21,217.82
01.25.2012-00:00:00,01,25,2012,00,216.86
01.25.2012-03:00:00,01,25,2012,03,215.93
01.25.2012-06:00:00,01,25,2012,06,215.01
01.25.2012-09:00:00,01,25,2012,09,214.09
01.25.2012-12:00:00,01,25,2012,12,213.15
01.25.2012-15:00:00,01,25,2012,15,212.25
01.25.2012-18:00:00,01,25,2012,18,211.32
01.25.2012-21:00:00,01,25,2012,21,210.4
01.26.2012-00:00:00,01,26,2012,00,209.48
01.26.2012-03:00:00,01,26,2012,03,208.55
01.26.2012-06:00:00,01,26,2012,06,207.62
01.26.2012-09:00:00,01,26,2012,09,206.69
01.26.2012-12:00:00,01,26,2012,12,205.76
01.26.2012-15:00:00,01,26,2012,15,204.85
01.26.2012-18:00:00,01,26,2012,18,203.94
01.26.2012-21:00:00,01,26,2012,21,203.04
01.27.2012-00:00:00,01,27,2012,00,202.16
01.27.2012-03:00:00,01,27,2012,03,201.29
01.27.2012-06:00:00,01,27,2012,06,200.43
01.27.2012-09:00:00,01,27,2012,09,199.58
01.27.2012-12:00:00,01,27,2012,12,198.73
01.27.2012-15:00:00,01,27,2012,15,197.88
01.27.2012-18:00:00,01,27,2012,18,197.03
01.27.2012-21:00:00,01,27,2012,21,196.18
01.28.2012-00:00:00,01,28,2012,00,195.33
01.28.2012-03:00:00,01,28,2012,03,194.48
01.28.2012-06:00:00,01,28,2012,06,193.65
01.28.2012-09:00:00,01,28,2012,09,192.84
01.28.2012-12:00:00,01,28,2012,12,192.02
01.28.2012-15:00:00,01,28,2012,15,191.18
01.28.2012-18:00:00,01,28,2012,18,190.35
01.28.2012-21:00:00,01,28,2012,21,189.52
01.29.2012-00:00:00,01,29,2012,00,188.75
01.29.2012-03:00:00,01,29,2012,03,187.97
01.29.2012-06:00:00,01,29,2012,06,187.17
01.29.2012-09:00:00,01,29,2012,09,186.39
01.29.2012-12:00:00,01,29,2012,12,185.63
01.29.2012-15:00:00,01,29,2012,15,184.86
01.29.2012-18:00:00,01,29,2012,18,184.08
01.29.2012-21:00:00,01,29,2012,21,183.29
01.30.2012-00:00:00,01,30,2012,00,182.49
01.30.2012-03:00:00,01,30,2012,03,181.7
01.30.2012-06:00:00,01,30,2012,06,180.93
01.30.2012-09:00:00,01,30,2012,09,180.17
01.30.2012-12:00:00,01,30,2012,12,179.42
01.30.2012-15:00:00,01,30,2012,15,178.69
01.30.2012-18:00:00,01,30,2012,18,177.99
01.30.2012-21:00:00,01,30,2012,21,177.29
01.31.2012-00:00:00,01,31,2012,00,176.59
01.31.2012-03:00:00,01,31,2012,03,175.87
01.31.2012-06:00:00,01,31,2012,06,175.15
01.31.2012-09:00:00,01,31,2012,09,174.37
01.31.2012-12:00:00,01,31,2012,12,173.53
01.31.2012-15:00:00,01,31,2012,15,172.66
01.31.2012-18:00:00,01,31,2012,18,171.82
01.31.2012-21:00:00,01,31,2012,21,171
02.01.2012-00:00:00,02,01,2012,00,170.23
02.01.2012-03:00:00,02,01,2012,03,169.48
02.01.2012-06:00:00,02,01,2012,06,168.75
02.01.2012-09:00:00,02,01,2012,09,167.99
02.01.2012-12:00:00,02,01,2012,12,167.18
02.01.2012-15:00:00,02,01,2012,15,166.36
02.01.2012-18:00:00,02,01,2012,18,165.56
02.01.2012-21:00:00,02,01,2012,21,164.8
02.02.2012-00:00:00,02,02,2012,00,164.09
02.02.2012-03:00:00,02,02,2012,03,163.38
02.02.2012-06:00:00,02,02,2012,06,162.67
02.02.2012-09:00:00,02,02,2012,09,161.93
02.02.2012-12:00:00,02,02,2012,12,161.16
02.02.2012-15:00:00,02,02,2012,15,160.37
02.02.2012-18:00:00,02,02,2012,18,159.61
02.02.2012-21:00:00,02,02,2012,21,158.88
02.03.2012-00:00:00,02,03,2012,00,158.17
02.03.2012-03:00:00,02,03,2012,03,157.47
02.03.2012-06:00:00,02,03,2012,06,156.78
02.03.2012-09:00:00,02,03,2012,09,156.07
02.03.2012-12:00:00,02,03,2012,12,155.31
02.03.2012-15:00:00,02,03,2012,15,154.54
02.03.2012-18:00:00,02,03,2012,18,153.79
02.03.2012-21:00:00,02,03,2012,21,153.06
02.04.2012-00:00:00,02,04,2012,00,152.37
02.04.2012-03:00:00,02,04,2012,03,151.74
02.04.2012-06:00:00,02,04,2012,06,151.12
02.04.2012-09:00:00,02,04,2012,09,150.48
02.04.2012-12:00:00,02,04,2012,12,149.78
02.04.2012-15:00:00,02,04,2012,15,149.07
02.04.2012-18:00:00,02,04,2012,18,148.35
02.04.2012-21:00:00,02,04,2012,21,147.66
02.05.2012-00:00:00,02,05,2012,00,147
02.05.2012-03:00:00,02,05,2012,03,146.35
02.05.2012-06:00:00,02,05,2012,06,145.71
02.05.2012-09:00:00,02,05,2012,09,145.06
02.05.2012-12:00:00,02,05,2012,12,144.36
02.05.2012-15:00:00,02,05,2012,15,143.66
02.05.2012-18:00:00,02,05,2012,18,142.99
02.05.2012-21:00:00,02,05,2012,21,142.34
02.06.2012-00:00:00,02,06,2012,00,141.72
02.06.2012-03:00:00,02,06,2012,03,141.1
02.06.2012-06:00:00,02,06,2012,06,140.5
02.06.2012-09:00:00,02,06,2012,09,139.92
02.06.2012-12:00:00,02,06,2012,12,139.28
02.06.2012-15:00:00,02,06,2012,15,138.61
02.06.2012-18:00:00,02,06,2012,18,137.94
02.06.2012-21:00:00,02,06,2012,21,137.3
02.07.2012-00:00:00,02,07,2012,00,136.68
02.07.2012-03:00:00,02,07,2012,03,136.09
02.07.2012-06:00:00,02,07,2012,06,135.51
02.07.2012-09:00:00,02,07,2012,09,134.91
02.07.2012-12:00:00,02,07,2012,12,134.28
02.07.2012-15:00:00,02,07,2012,15,133.63
02.07.2012-18:00:00,02,07,2012,18,133
02.07.2012-21:00:00,02,07,2012,21,132.39
02.08.2012-00:00:00,02,08,2012,00,131.81
02.08.2012-03:00:00,02,08,2012,03,131.23
02.08.2012-06:00:00,02,08,2012,06,130.67
02.08.2012-09:00:00,02,08,2012,09,130.09
02.08.2012-12:00:00,02,08,2012,12,129.49
02.08.2012-15:00:00,02,08,2012,15,128.87
02.08.2012-18:00:00,02,08,2012,18,128.27
02.08.2012-21:00:00,02,08,2012,21,127.68
02.09.2012-00:00:00,02,09,2012,00,127.11
02.09.2012-03:00:00,02,09,2012,03,126.56
02.09.2012-06:00:00,02,09,2012,06,126.02
02.09.2012-09:00:00,02,09,2012,09,125.5
02.09.2012-12:00:00,02,09,2012,12,125
02.09.2012-15:00:00,02,09,2012,15,124.51
02.09.2012-18:00:00,02,09,2012,18,124.02
02.09.2012-21:00:00,02,09,2012,21,123.54
02.10.2012-00:00:00,02,10,2012,00,123.04
02.10.2012-03:00:00,02,10,2012,03,122.53
02.10.2012-06:00:00,02,10,2012,06,122.03
02.10.2012-09:00:00,02,10,2012,09,121.53
02.10.2012-12:00:00,02,10,2012,12,121.03
02.10.2012-15:00:00,02,10,2012,15,120.54
02.10.2012-18:00:00,02,10,2012,18,120.05
02.10.2012-21:00:00,02,10,2012,21,119.57
02.11.2012-00:00:00,02,11,2012,00,119.09
02.11.2012-03:00:00,02,11,2012,03,118.6
02.11.2012-06:00:00,02,11,2012,06,118.14
02.11.2012-09:00:00,02,11,2012,09,117.69
02.11.2012-12:00:00,02,11,2012,12,117.26
02.11.2012-15:00:00,02,11,2012,15,116.84
02.11.2012-18:00:00,02,11,2012,18,116.41
02.11.2012-21:00:00,02,11,2012,21,115.98
02.12.2012-00:00:00,02,12,2012,00,115.54
02.12.2012-03:00:00,02,12,2012,03,115.1
02.12.2012-06:00:00,02,12,2012,06,114.65
02.12.2012-09:00:00,02,12,2012,09,114.15
02.12.2012-12:00:00,02,12,2012,12,113.59
02.12.2012-15:00:00,02,12,2012,15,113.01
02.12.2012-18:00:00,02,12,2012,18,112.44
02.12.2012-21:00:00,02,12,2012,21,111.92
02.13.2012-00:00:00,02,13,2012,00,111.45
02.13.2012-03:00:00,02,13,2012,03,110.99
02.13.2012-06:00:00,02,13,2012,06,110.53
02.13.2012-09:00:00,02,13,2012,09,110.05
02.13.2012-12:00:00,02,13,2012,12,109.51
02.13.2012-15:00:00,02,13,2012,15,108.95
02.13.2012-18:00:00,02,13,2012,18,108.41
02.13.2012-21:00:00,02,13,2012,21,107.89
02.14.2012-00:00:00,02,14,2012,00,107.41
02.14.2012-03:00:00,02,14,2012,03,106.97
02.14.2012-06:00:00,02,14,2012,06,106.54
02.14.2012-09:00:00,02,14,2012,09,106.09
02.14.2012-12:00:00,02,14,2012,12,105.57
02.14.2012-15:00:00,02,14,2012,15,105.02
02.14.2012-18:00:00,02,14,2012,18,104.49
02.14.2012-21:00:00,02,14,2012,21,103.99
02.15.2012-00:00:00,02,15,2012,00,103.53
02.15.2012-03:00:00,02,15,2012,03,103.11
02.15.2012-06:00:00,02,15,2012,06,102.7
02.15.2012-09:00:00,02,15,2012,09,102.28
02.15.2012-12:00:00,02,15,2012,12,101.84
02.15.2012-15:00:00,02,15,2012,15,101.4
02.15.2012-18:00:00,02,15,2012,18,100.97
02.15.2012-21:00:00,02,15,2012,21,100.55
02.16.2012-00:00:00,02,16,2012,00,100.15
02.16.2012-03:00:00,02,16,2012,03,99.748
02.16.2012-06:00:00,02,16,2012,06,99.356
02.16.2012-09:00:00,02,16,2012,09,98.938
02.16.2012-12:00:00,02,16,2012,12,98.472
02.16.2012-15:00:00,02,16,2012,15,98.004
02.16.2012-18:00:00,02,16,2012,18,97.569
02.16.2012-21:00:00,02,16,2012,21,97.171
02.17.2012-00:00:00,02,17,2012,00,96.798
02.17.2012-03:00:00,02,17,2012,03,96.437
02.17.2012-06:00:00,02,17,2012,06,96.081
02.17.2012-09:00:00,02,17,2012,09,95.722
02.17.2012-12:00:00,02,17,2012,12,95.353
02.17.2012-15:00:00,02,17,2012,15,94.979
02.17.2012-18:00:00,02,17,2012,18,94.604
02.17.2012-21:00:00,02,17,2012,21,94.232
02.18.2012-00:00:00,02,18,2012,00,93.865
02.18.2012-03:00:00,02,18,2012,03,93.507
02.18.2012-06:00:00,02,18,2012,06,93.156
02.18.2012-09:00:00,02,18,2012,09,92.808
02.18.2012-12:00:00,02,18,2012,12,92.463
02.18.2012-15:00:00,02,18,2012,15,92.119
02.18.2012-18:00:00,02,18,2012,18,91.775
02.18.2012-21:00:00,02,18,2012,21,91.434
02.19.2012-00:00:00,02,19,2012,00,91.096
02.19.2012-03:00:00,02,19,2012,03,90.766
02.19.2012-06:00:00,02,19,2012,06,90.445
02.19.2012-09:00:00,02,19,2012,09,90.125
02.19.2012-12:00:00,02,19,2012,12,89.8
02.19.2012-15:00:00,02,19,2012,15,89.473
02.19.2012-18:00:00,02,19,2012,18,89.147
02.19.2012-21:00:00,02,19,2012,21,88.822
02.20.2012-00:00:00,02,20,2012,00,88.5
02.20.2012-03:00:00,02,20,2012,03,88.181
02.20.2012-06:00:00,02,20,2012,06,87.862
02.20.2012-09:00:00,02,20,2012,09,87.533
02.20.2012-12:00:00,02,20,2012,12,87.188
02.20.2012-15:00:00,02,20,2012,15,86.839
02.20.2012-18:00:00,02,20,2012,18,86.497
02.20.2012-21:00:00,02,20,2012,21,86.166
02.21.2012-00:00:00,02,21,2012,00,85.847
02.21.2012-03:00:00,02,21,2012,03,85.535
02.21.2012-06:00:00,02,21,2012,06,85.233
02.21.2012-09:00:00,02,21,2012,09,84.928
02.21.2012-12:00:00,02,21,2012,12,84.615
02.21.2012-15:00:00,02,21,2012,15,84.302
02.21.2012-18:00:00,02,21,2012,18,83.999
02.21.2012-21:00:00,02,21,2012,21,83.708
02.22.2012-00:00:00,02,22,2012,00,83.423
02.22.2012-03:00:00,02,22,2012,03,83.135
02.22.2012-06:00:00,02,22,2012,06,82.848
02.22.2012-09:00:00,02,22,2012,09,82.557
02.22.2012-12:00:00,02,22,2012,12,82.261
02.22.2012-15:00:00,02,22,2012,15,81.966
02.22.2012-18:00:00,02,22,2012,18,81.678
02.22.2012-21:00:00,02,22,2012,21,81.495
02.23.2012-00:00:00,02,23,2012,00,81.513
02.23.2012-03:00:00,02,23,2012,03,81.751
02.23.2012-06:00:00,02,23,2012,06,82.181
02.23.2012-09:00:00,02,23,2012,09,82.739
02.23.2012-12:00:00,02,23,2012,12,83.291
02.23.2012-15:00:00,02,23,2012,15,83.804
02.23.2012-18:00:00,02,23,2012,18,84.343
02.23.2012-21:00:00,02,23,2012,21,84.955
02.24.2012-00:00:00,02,24,2012,00,85.691
02.24.2012-03:00:00,02,24,2012,03,86.539
02.24.2012-06:00:00,02,24,2012,06,87.469
02.24.2012-09:00:00,02,24,2012,09,88.327
02.24.2012-12:00:00,02,24,2012,12,89.019
02.24.2012-15:00:00,02,24,2012,15,89.568
02.24.2012-18:00:00,02,24,2012,18,90.001
02.24.2012-21:00:00,02,24,2012,21,90.346
02.25.2012-00:00:00,02,25,2012,00,90.672
02.25.2012-03:00:00,02,25,2012,03,90.957
02.25.2012-06:00:00,02,25,2012,06,91.25
02.25.2012-09:00:00,02,25,2012,09,91.537
02.25.2012-12:00:00,02,25,2012,12,91.825
02.25.2012-15:00:00,02,25,2012,15,92.087
02.25.2012-18:00:00,02,25,2012,18,92.365
02.25.2012-21:00:00,02,25,2012,21,92.633
02.26.2012-00:00:00,02,26,2012,00,92.887
02.26.2012-03:00:00,02,26,2012,03,93.088
02.26.2012-06:00:00,02,26,2012,06,93.304
02.26.2012-09:00:00,02,26,2012,09,93.52
02.26.2012-12:00:00,02,26,2012,12,93.727
02.26.2012-15:00:00,02,26,2012,15,93.918
02.26.2012-18:00:00,02,26,2012,18,94.072
02.26.2012-21:00:00,02,26,2012,21,94.195
02.27.2012-00:00:00,02,27,2012,00,94.259
02.27.2012-03:00:00,02,27,2012,03,94.346
02.27.2012-06:00:00,02,27,2012,06,94.453
02.27.2012-09:00:00,02,27,2012,09,94.578
02.27.2012-12:00:00,02,27,2012,12,94.659
02.27.2012-15:00:00,02,27,2012,15,94.757
02.27.2012-18:00:00,02,27,2012,18,94.841
02.27.2012-21:00:00,02,27,2012,21,94.912
02.28.2012-00:00:00,02,28,2012,00,94.914
02.28.2012-03:00:00,02,28,2012,03,94.911
02.28.2012-06:00:00,02,28,2012,06,94.869
02.28.2012-09:00:00,02,28,2012,09,94.88
02.28.2012-12:00:00,02,28,2012,12,94.826
02.28.2012-15:00:00,02,28,2012,15,94.773
02.28.2012-18:00:00,02,28,2012,18,94.686
02.28.2012-21:00:00,02,28,2012,21,94.621
02.29.2012-00:00:00,02,29,2012,00,94.524
02.29.2012-03:00:00,02,29,2012,03,94.475
02.29.2012-06:00:00,02,29,2012,06,94.381
02.29.2012-09:00:00,02,29,2012,09,94.271
02.29.2012-12:00:00,02,29,2012,12,94.197
02.29.2012-15:00:00,02,29,2012,15,94.086
02.29.2012-18:00:00,02,29,2012,18,93.947
02.29.2012-21:00:00,02,29,2012,21,93.837
03.01.2012-00:00:00,03,01,2012,00,93.722
03.01.2012-03:00:00,03,01,2012,03,93.568
03.01.2012-06:00:00,03,01,2012,06,93.444
03.01.2012-09:00:00,03,01,2012,09,93.304
03.01.2012-12:00:00,03,01,2012,12,93.164
03.01.2012-15:00:00,03,01,2012,15,93.066
03.01.2012-18:00:00,03,01,2012,18,92.935
03.01.2012-21:00:00,03,01,2012,21,92.776
03.02.2012-00:00:00,03,02,2012,00,92.603
03.02.2012-03:00:00,03,02,2012,03,92.461
03.02.2012-06:00:00,03,02,2012,06,92.288
03.02.2012-09:00:00,03,02,2012,09,92.095
03.02.2012-12:00:00,03,02,2012,12,91.889
03.02.2012-15:00:00,03,02,2012,15,91.678
03.02.2012-18:00:00,03,02,2012,18,91.541
03.02.2012-21:00:00,03,02,2012,21,91.368
03.03.2012-00:00:00,03,03,2012,00,91.176
03.03.2012-03:00:00,03,03,2012,03,90.976
03.03.2012-06:00:00,03,03,2012,06,90.768
03.03.2012-09:00:00,03,03,2012,09,90.543
03.03.2012-12:00:00,03,03,2012,12,90.298
03.03.2012-15:00:00,03,03,2012,15,90.083
03.03.2012-18:00:00,03,03,2012,18,89.843
03.03.2012-21:00:00,03,03,2012,21,89.593
03.04.2012-00:00:00,03,04,2012,00,89.349
03.04.2012-03:00:00,03,04,2012,03,89.113
03.04.2012-06:00:00,03,04,2012,06,88.881
03.04.2012-09:00:00,03,04,2012,09,88.628
03.04.2012-12:00:00,03,04,2012,12,88.329
03.04.2012-15:00:00,03,04,2012,15,88.04
03.04.2012-18:00:00,03,04,2012,18,87.737
03.04.2012-21:00:00,03,04,2012,21,87.446
03.05.2012-00:00:00,03,05,2012,00,87.18
03.05.2012-03:00:00,03,05,2012,03,86.932
03.05.2012-06:00:00,03,05,2012,06,86.687
03.05.2012-09:00:00,03,05,2012,09,86.396
03.05.2012-12:00:00,03,05,2012,12,86.022
03.05.2012-15:00:00,03,05,2012,15,85.598
03.05.2012-18:00:00,03,05,2012,18,85.178
03.05.2012-21:00:00,03,05,2012,21,84.8
03.06.2012-00:00:00,03,06,2012,00,84.476
03.06.2012-03:00:00,03,06,2012,03,84.241
03.06.2012-06:00:00,03,06,2012,06,84.049
03.06.2012-09:00:00,03,06,2012,09,83.876
03.06.2012-12:00:00,03,06,2012,12,83.686
03.06.2012-15:00:00,03,06,2012,15,83.473
03.06.2012-18:00:00,03,06,2012,18,83.251
03.06.2012-21:00:00,03,06,2012,21,83.025
03.07.2012-00:00:00,03,07,2012,00,82.798
03.07.2012-03:00:00,03,07,2012,03,82.572
03.07.2012-06:00:00,03,07,2012,06,82.347
03.07.2012-09:00:00,03,07,2012,09,82.109
03.07.2012-12:00:00,03,07,2012,12,81.84
03.07.2012-15:00:00,03,07,2012,15,81.556
03.07.2012-18:00:00,03,07,2012,18,81.275
03.07.2012-21:00:00,03,07,2012,21,81.007
03.08.2012-00:00:00,03,08,2012,00,80.76
03.08.2012-03:00:00,03,08,2012,03,80.535
03.08.2012-06:00:00,03,08,2012,06,80.349
03.08.2012-09:00:00,03,08,2012,09,80.117
03.08.2012-12:00:00,03,08,2012,12,79.819
03.08.2012-15:00:00,03,08,2012,15,79.483
03.08.2012-18:00:00,03,08,2012,18,79.143
03.08.2012-21:00:00,03,08,2012,21,78.823
03.09.2012-00:00:00,03,09,2012,00,78.534
03.09.2012-03:00:00,03,09,2012,03,78.274
03.09.2012-06:00:00,03,09,2012,06,78.032
03.09.2012-09:00:00,03,09,2012,09,77.764
03.09.2012-12:00:00,03,09,2012,12,77.442
03.09.2012-15:00:00,03,09,2012,15,77.087
03.09.2012-18:00:00,03,09,2012,18,76.736
03.09.2012-21:00:00,03,09,2012,21,76.414
03.10.2012-00:00:00,03,10,2012,00,76.136
03.10.2012-03:00:00,03,10,2012,03,75.897
03.10.2012-06:00:00,03,10,2012,06,75.674
03.10.2012-09:00:00,03,10,2012,09,75.409
03.10.2012-12:00:00,03,10,2012,12,75.062
03.10.2012-15:00:00,03,10,2012,15,74.666
03.10.2012-18:00:00,03,10,2012,18,74.274
03.10.2012-21:00:00,03,10,2012,21,73.92
03.11.2012-00:00:00,03,11,2012,00,73.613
03.11.2012-03:00:00,03,11,2012,03,73.346
03.11.2012-06:00:00,03,11,2012,06,73.125
03.11.2012-09:00:00,03,11,2012,09,72.88
03.11.2012-12:00:00,03,11,2012,12,72.587
03.11.2012-15:00:00,03,11,2012,15,72.271
03.11.2012-18:00:00,03,11,2012,18,71.961
03.11.2012-21:00:00,03,11,2012,21,71.677
03.12.2012-00:00:00,03,12,2012,00,71.426
03.12.2012-03:00:00,03,12,2012,03,71.209
03.12.2012-06:00:00,03,12,2012,06,71.024
03.12.2012-09:00:00,03,12,2012,09,70.846
03.12.2012-12:00:00,03,12,2012,12,70.643
03.12.2012-15:00:00,03,12,2012,15,70.418
03.12.2012-18:00:00,03,12,2012,18,70.186
03.12.2012-21:00:00,03,12,2012,21,69.957
03.13.2012-00:00:00,03,13,2012,00,69.735
03.13.2012-03:00:00,03,13,2012,03,69.52
03.13.2012-06:00:00,03,13,2012,06,69.312
03.13.2012-09:00:00,03,13,2012,09,69.108
03.13.2012-12:00:00,03,13,2012,12,68.905
03.13.2012-15:00:00,03,13,2012,15,68.702
03.13.2012-18:00:00,03,13,2012,18,68.5
03.13.2012-21:00:00,03,13,2012,21,68.304
03.14.2012-00:00:00,03,14,2012,00,68.116
03.14.2012-03:00:00,03,14,2012,03,67.934
03.14.2012-06:00:00,03,14,2012,06,67.757
03.14.2012-09:00:00,03,14,2012,09,67.581
03.14.2012-12:00:00,03,14,2012,12,67.405
03.14.2012-15:00:00,03,14,2012,15,67.227
03.14.2012-18:00:00,03,14,2012,18,67.046
03.14.2012-21:00:00,03,14,2012,21,66.86
03.15.2012-00:00:00,03,15,2012,00,66.669
03.15.2012-03:00:00,03,15,2012,03,66.479
03.15.2012-06:00:00,03,15,2012,06,66.29
03.15.2012-09:00:00,03,15,2012,09,66.102
03.15.2012-12:00:00,03,15,2012,12,65.911
03.15.2012-15:00:00,03,15,2012,15,65.718
03.15.2012-18:00:00,03,15,2012,18,65.524
03.15.2012-21:00:00,03,15,2012,21,65.33
03.16.2012-00:00:00,03,16,2012,00,65.141
03.16.2012-03:00:00,03,16,2012,03,64.954
03.16.2012-06:00:00,03,16,2012,06,64.779
03.16.2012-09:00:00,03,16,2012,09,64.595
03.16.2012-12:00:00,03,16,2012,12,64.409
03.16.2012-15:00:00,03,16,2012,15,64.228
03.16.2012-18:00:00,03,16,2012,18,64.054
03.16.2012-21:00:00,03,16,2012,21,63.893
03.17.2012-00:00:00,03,17,2012,00,63.745
03.17.2012-03:00:00,03,17,2012,03,63.612
03.17.2012-06:00:00,03,17,2012,06,63.488
03.17.2012-09:00:00,03,17,2012,09,63.346
03.17.2012-12:00:00,03,17,2012,12,63.165
03.17.2012-15:00:00,03,17,2012,15,62.961
03.17.2012-18:00:00,03,17,2012,18,62.767
03.17.2012-21:00:00,03,17,2012,21,62.618
03.18.2012-00:00:00,03,18,2012,00,62.531
03.18.2012-03:00:00,03,18,2012,03,62.505
03.18.2012-06:00:00,03,18,2012,06,62.522
03.18.2012-09:00:00,03,18,2012,09,62.542
03.18.2012-12:00:00,03,18,2012,12,62.526
03.18.2012-15:00:00,03,18,2012,15,62.46
03.18.2012-18:00:00,03,18,2012,18,62.353
03.18.2012-21:00:00,03,18,2012,21,62.223
03.19.2012-00:00:00,03,19,2012,00,62.085
03.19.2012-03:00:00,03,19,2012,03,61.948
03.19.2012-06:00:00,03,19,2012,06,61.812
03.19.2012-09:00:00,03,19,2012,09,61.659
03.19.2012-12:00:00,03,19,2012,12,61.471
03.19.2012-15:00:00,03,19,2012,15,61.256
03.19.2012-18:00:00,03,19,2012,18,61.036
03.19.2012-21:00:00,03,19,2012,21,60.828
03.20.2012-00:00:00,03,20,2012,00,60.639
03.20.2012-03:00:00,03,20,2012,03,60.473
03.20.2012-06:00:00,03,20,2012,06,60.329
03.20.2012-09:00:00,03,20,2012,09,60.19
03.20.2012-12:00:00,03,20,2012,12,60.037
03.20.2012-15:00:00,03,20,2012,15,59.868
03.20.2012-18:00:00,03,20,2012,18,59.687
03.20.2012-21:00:00,03,20,2012,21,59.504
03.21.2012-00:00:00,03,21,2012,00,59.325
03.21.2012-03:00:00,03,21,2012,03,59.155
03.21.2012-06:00:00,03,21,2012,06,58.992
03.21.2012-09:00:00,03,21,2012,09,58.827
03.21.2012-12:00:00,03,21,2012,12,58.65
03.21.2012-15:00:00,03,21,2012,15,58.466
03.21.2012-18:00:00,03,21,2012,18,58.283
03.21.2012-21:00:00,03,21,2012,21,58.107
03.22.2012-00:00:00,03,22,2012,00,57.938
03.22.2012-03:00:00,03,22,2012,03,57.775
03.22.2012-06:00:00,03,22,2012,06,57.621
03.22.2012-09:00:00,03,22,2012,09,57.455
03.22.2012-12:00:00,03,22,2012,12,57.272
03.22.2012-15:00:00,03,22,2012,15,57.079
03.22.2012-18:00:00,03,22,2012,18,56.885
03.22.2012-21:00:00,03,22,2012,21,56.697
03.23.2012-00:00:00,03,23,2012,00,56.515
03.23.2012-03:00:00,03,23,2012,03,56.341
03.23.2012-06:00:00,03,23,2012,06,56.175
03.23.2012-09:00:00,03,23,2012,09,56.004
03.23.2012-12:00:00,03,23,2012,12,55.819
03.23.2012-15:00:00,03,23,2012,15,55.62
03.23.2012-18:00:00,03,23,2012,18,55.416
03.23.2012-21:00:00,03,23,2012,21,55.217
03.24.2012-00:00:00,03,24,2012,00,55.03
03.24.2012-03:00:00,03,24,2012,03,54.854
03.24.2012-06:00:00,03,24,2012,06,54.686
03.24.2012-09:00:00,03,24,2012,09,54.515
03.24.2012-12:00:00,03,24,2012,12,54.333
03.24.2012-15:00:00,03,24,2012,15,54.14
03.24.2012-18:00:00,03,24,2012,18,53.942
03.24.2012-21:00:00,03,24,2012,21,53.746
03.25.2012-00:00:00,03,25,2012,00,53.562
03.25.2012-03:00:00,03,25,2012,03,53.39
03.25.2012-06:00:00,03,25,2012,06,53.227
03.25.2012-09:00:00,03,25,2012,09,53.064
03.25.2012-12:00:00,03,25,2012,12,52.897
03.25.2012-15:00:00,03,25,2012,15,52.728
03.25.2012-18:00:00,03,25,2012,18,52.556
03.25.2012-21:00:00,03,25,2012,21,52.387
03.26.2012-00:00:00,03,26,2012,00,52.223
03.26.2012-03:00:00,03,26,2012,03,52.065
03.26.2012-06:00:00,03,26,2012,06,51.912
03.26.2012-09:00:00,03,26,2012,09,51.761
03.26.2012-12:00:00,03,26,2012,12,51.607
03.26.2012-15:00:00,03,26,2012,15,51.444
03.26.2012-18:00:00,03,26,2012,18,51.277
03.26.2012-21:00:00,03,26,2012,21,51.111
03.27.2012-00:00:00,03,27,2012,00,50.951
03.27.2012-03:00:00,03,27,2012,03,50.797
03.27.2012-06:00:00,03,27,2012,06,50.648
03.27.2012-09:00:00,03,27,2012,09,50.5
03.27.2012-12:00:00,03,27,2012,12,50.349
03.27.2012-15:00:00,03,27,2012,15,50.192
03.27.2012-18:00:00,03,27,2012,18,50.03
03.27.2012-21:00:00,03,27,2012,21,49.87
03.28.2012-00:00:00,03,28,2012,00,49.715
03.28.2012-03:00:00,03,28,2012,03,49.566
03.28.2012-06:00:00,03,28,2012,06,49.422
03.28.2012-09:00:00,03,28,2012,09,49.28
03.28.2012-12:00:00,03,28,2012,12,49.14
03.28.2012-15:00:00,03,28,2012,15,49
03.28.2012-18:00:00,03,28,2012,18,48.861
03.28.2012-21:00:00,03,28,2012,21,48.722
03.29.2012-00:00:00,03,29,2012,00,48.585
03.29.2012-03:00:00,03,29,2012,03,48.449
03.29.2012-06:00:00,03,29,2012,06,48.317
03.29.2012-09:00:00,03,29,2012,09,48.192
03.29.2012-12:00:00,03,29,2012,12,48.08
03.29.2012-15:00:00,03,29,2012,15,48.003
03.29.2012-18:00:00,03,29,2012,18,47.997
03.29.2012-21:00:00,03,29,2012,21,48.109
03.30.2012-00:00:00,03,30,2012,00,48.4
03.30.2012-03:00:00,03,30,2012,03,48.929
03.30.2012-06:00:00,03,30,2012,06,49.754
03.30.2012-09:00:00,03,30,2012,09,50.971
03.30.2012-12:00:00,03,30,2012,12,52.764
03.30.2012-15:00:00,03,30,2012,15,55.359
03.30.2012-18:00:00,03,30,2012,18,58.962
03.30.2012-21:00:00,03,30,2012,21,63.64
03.31.2012-00:00:00,03,31,2012,00,69.162
03.31.2012-03:00:00,03,31,2012,03,74.982
03.31.2012-06:00:00,03,31,2012,06,80.498
03.31.2012-09:00:00,03,31,2012,09,85.372
03.31.2012-12:00:00,03,31,2012,12,89.663
03.31.2012-15:00:00,03,31,2012,15,93.823
03.31.2012-18:00:00,03,31,2012,18,98.453
03.31.2012-21:00:00,03,31,2012,21,104.03
04.01.2012-00:00:00,04,01,2012,00,110.67
04.01.2012-03:00:00,04,01,2012,03,118.11
04.01.2012-06:00:00,04,01,2012,06,125.94
04.01.2012-09:00:00,04,01,2012,09,133.63
04.01.2012-12:00:00,04,01,2012,12,140.82
04.01.2012-15:00:00,04,01,2012,15,147.46
04.01.2012-18:00:00,04,01,2012,18,153.69
04.01.2012-21:00:00,04,01,2012,21,159.73
04.02.2012-00:00:00,04,02,2012,00,165.76
04.02.2012-03:00:00,04,02,2012,03,171.85
04.02.2012-06:00:00,04,02,2012,06,177.99
04.02.2012-09:00:00,04,02,2012,09,184.07
04.02.2012-12:00:00,04,02,2012,12,189.97
04.02.2012-15:00:00,04,02,2012,15,195.57
04.02.2012-18:00:00,04,02,2012,18,200.83
04.02.2012-21:00:00,04,02,2012,21,205.86
04.03.2012-00:00:00,04,03,2012,00,210.81
04.03.2012-03:00:00,04,03,2012,03,215.69
04.03.2012-06:00:00,04,03,2012,06,220.48
04.03.2012-09:00:00,04,03,2012,09,225.17
04.03.2012-12:00:00,04,03,2012,12,229.75
04.03.2012-15:00:00,04,03,2012,15,234.15
04.03.2012-18:00:00,04,03,2012,18,238.35
04.03.2012-21:00:00,04,03,2012,21,242.46
04.04.2012-00:00:00,04,04,2012,00,246.61
04.04.2012-03:00:00,04,04,2012,03,250.82
04.04.2012-06:00:00,04,04,2012,06,255.01
04.04.2012-09:00:00,04,04,2012,09,259.15
04.04.2012-12:00:00,04,04,2012,12,263.22
04.04.2012-15:00:00,04,04,2012,15,267.25
04.04.2012-18:00:00,04,04,2012,18,271.32
04.04.2012-21:00:00,04,04,2012,21,275.58
04.05.2012-00:00:00,04,05,2012,00,280.17
04.05.2012-03:00:00,04,05,2012,03,285.07
04.05.2012-06:00:00,04,05,2012,06,290.09
04.05.2012-09:00:00,04,05,2012,09,294.86
04.05.2012-12:00:00,04,05,2012,12,299.15
04.05.2012-15:00:00,04,05,2012,15,302.99
04.05.2012-18:00:00,04,05,2012,18,306.59
04.05.2012-21:00:00,04,05,2012,21,310.1
04.06.2012-00:00:00,04,06,2012,00,313.57
04.06.2012-03:00:00,04,06,2012,03,317
04.06.2012-06:00:00,04,06,2012,06,320.36
04.06.2012-09:00:00,04,06,2012,09,323.63
04.06.2012-12:00:00,04,06,2012,12,326.68
04.06.2012-15:00:00,04,06,2012,15,329.39
04.06.2012-18:00:00,04,06,2012,18,331.69
04.06.2012-21:00:00,04,06,2012,21,333.63
04.07.2012-00:00:00,04,07,2012,00,335.4
04.07.2012-03:00:00,04,07,2012,03,337.2
04.07.2012-06:00:00,04,07,2012,06,339.11
04.07.2012-09:00:00,04,07,2012,09,341
04.07.2012-12:00:00,04,07,2012,12,342.64
04.07.2012-15:00:00,04,07,2012,15,343.88
04.07.2012-18:00:00,04,07,2012,18,344.75
04.07.2012-21:00:00,04,07,2012,21,345.44
04.08.2012-00:00:00,04,08,2012,00,346.08
04.08.2012-03:00:00,04,08,2012,03,346.66
04.08.2012-06:00:00,04,08,2012,06,347.09
04.08.2012-09:00:00,04,08,2012,09,347.28
04.08.2012-12:00:00,04,08,2012,12,347.19
04.08.2012-15:00:00,04,08,2012,15,346.86
04.08.2012-18:00:00,04,08,2012,18,346.36
04.08.2012-21:00:00,04,08,2012,21,345.84
04.09.2012-00:00:00,04,09,2012,00,345.39
04.09.2012-03:00:00,04,09,2012,03,344.97
04.09.2012-06:00:00,04,09,2012,06,344.47
04.09.2012-09:00:00,04,09,2012,09,343.81
04.09.2012-12:00:00,04,09,2012,12,342.95
04.09.2012-15:00:00,04,09,2012,15,341.91
04.09.2012-18:00:00,04,09,2012,18,340.75
04.09.2012-21:00:00,04,09,2012,21,339.63
04.10.2012-00:00:00,04,10,2012,00,338.72
04.10.2012-03:00:00,04,10,2012,03,338.13
04.10.2012-06:00:00,04,10,2012,06,337.9
04.10.2012-09:00:00,04,10,2012,09,337.92
04.10.2012-12:00:00,04,10,2012,12,338.14
04.10.2012-15:00:00,04,10,2012,15,338.9
04.10.2012-18:00:00,04,10,2012,18,340.79
04.10.2012-21:00:00,04,10,2012,21,344.17
04.11.2012-00:00:00,04,11,2012,00,348.87
04.11.2012-03:00:00,04,11,2012,03,354.34
04.11.2012-06:00:00,04,11,2012,06,359.84
04.11.2012-09:00:00,04,11,2012,09,364.79
04.11.2012-12:00:00,04,11,2012,12,369.11
04.11.2012-15:00:00,04,11,2012,15,373.55
04.11.2012-18:00:00,04,11,2012,18,379.2
04.11.2012-21:00:00,04,11,2012,21,386.68
04.12.2012-00:00:00,04,12,2012,00,395.8
04.12.2012-03:00:00,04,12,2012,03,405.76
04.12.2012-06:00:00,04,12,2012,06,415.6
04.12.2012-09:00:00,04,12,2012,09,424.53
04.12.2012-12:00:00,04,12,2012,12,432.22
04.12.2012-15:00:00,04,12,2012,15,438.98
04.12.2012-18:00:00,04,12,2012,18,445.66
04.12.2012-21:00:00,04,12,2012,21,453.09
04.13.2012-00:00:00,04,13,2012,00,461.71
04.13.2012-03:00:00,04,13,2012,03,471.35
04.13.2012-06:00:00,04,13,2012,06,481.39
04.13.2012-09:00:00,04,13,2012,09,490.9
04.13.2012-12:00:00,04,13,2012,12,499.24
04.13.2012-15:00:00,04,13,2012,15,506.42
04.13.2012-18:00:00,04,13,2012,18,512.96
04.13.2012-21:00:00,04,13,2012,21,519.54
04.14.2012-00:00:00,04,14,2012,00,526.72
04.14.2012-03:00:00,04,14,2012,03,534.67
04.14.2012-06:00:00,04,14,2012,06,543.11
04.14.2012-09:00:00,04,14,2012,09,551.48
04.14.2012-12:00:00,04,14,2012,12,559.54
04.14.2012-15:00:00,04,14,2012,15,567.78
04.14.2012-18:00:00,04,14,2012,18,577.09
04.14.2012-21:00:00,04,14,2012,21,588.09
04.15.2012-00:00:00,04,15,2012,00,600.78
04.15.2012-03:00:00,04,15,2012,03,614.57
04.15.2012-06:00:00,04,15,2012,06,628.51
04.15.2012-09:00:00,04,15,2012,09,641.69
04.15.2012-12:00:00,04,15,2012,12,654.02
04.15.2012-15:00:00,04,15,2012,15,666.31
04.15.2012-18:00:00,04,15,2012,18,679.54
04.15.2012-21:00:00,04,15,2012,21,694.3
04.16.2012-00:00:00,04,16,2012,00,710.63
04.16.2012-03:00:00,04,16,2012,03,727.97
04.16.2012-06:00:00,04,16,2012,06,745.37
04.16.2012-09:00:00,04,16,2012,09,761.87
04.16.2012-12:00:00,04,16,2012,12,778.82
04.16.2012-15:00:00,04,16,2012,15,800.04
04.16.2012-18:00:00,04,16,2012,18,823.27
04.16.2012-21:00:00,04,16,2012,21,845.54
04.17.2012-00:00:00,04,17,2012,00,868.36
04.17.2012-03:00:00,04,17,2012,03,892.55
04.17.2012-06:00:00,04,17,2012,06,916.8
04.17.2012-09:00:00,04,17,2012,09,939.26
04.17.2012-12:00:00,04,17,2012,12,958.99
04.17.2012-15:00:00,04,17,2012,15,976.29
04.17.2012-18:00:00,04,17,2012,18,992.16
04.17.2012-21:00:00,04,17,2012,21,1007.7
04.18.2012-00:00:00,04,18,2012,00,1023.5
04.18.2012-03:00:00,04,18,2012,03,1039.7
04.18.2012-06:00:00,04,18,2012,06,1055.7
04.18.2012-09:00:00,04,18,2012,09,1070.9
04.18.2012-12:00:00,04,18,2012,12,1084.9
04.18.2012-15:00:00,04,18,2012,15,1099.6
04.18.2012-18:00:00,04,18,2012,18,1115.6
04.18.2012-21:00:00,04,18,2012,21,1132
04.19.2012-00:00:00,04,19,2012,00,1148.9
04.19.2012-03:00:00,04,19,2012,03,1166.4
04.19.2012-06:00:00,04,19,2012,06,1183.5
04.19.2012-09:00:00,04,19,2012,09,1199
04.19.2012-12:00:00,04,19,2012,12,1211.8
04.19.2012-15:00:00,04,19,2012,15,1222
04.19.2012-18:00:00,04,19,2012,18,1230.3
04.19.2012-21:00:00,04,19,2012,21,1238
04.20.2012-00:00:00,04,20,2012,00,1245.9
04.20.2012-03:00:00,04,20,2012,03,1254.4
04.20.2012-06:00:00,04,20,2012,06,1263.9
04.20.2012-09:00:00,04,20,2012,09,1275.3
04.20.2012-12:00:00,04,20,2012,12,1293.9
04.20.2012-15:00:00,04,20,2012,15,1324.6
04.20.2012-18:00:00,04,20,2012,18,1364.3
04.20.2012-21:00:00,04,20,2012,21,1408.9
04.21.2012-00:00:00,04,21,2012,00,1456.9
04.21.2012-03:00:00,04,21,2012,03,1505.9
04.21.2012-06:00:00,04,21,2012,06,1552.2
04.21.2012-09:00:00,04,21,2012,09,1592
04.21.2012-12:00:00,04,21,2012,12,1626.4
04.21.2012-15:00:00,04,21,2012,15,1657.2
04.21.2012-18:00:00,04,21,2012,18,1684.2
04.21.2012-21:00:00,04,21,2012,21,1708.7
04.22.2012-00:00:00,04,22,2012,00,1733.5
04.22.2012-03:00:00,04,22,2012,03,1759.2
04.22.2012-06:00:00,04,22,2012,06,1784.7
04.22.2012-09:00:00,04,22,2012,09,1808.5
04.22.2012-12:00:00,04,22,2012,12,1838.7
04.22.2012-15:00:00,04,22,2012,15,1879.5
04.22.2012-18:00:00,04,22,2012,18,1925.4
04.22.2012-21:00:00,04,22,2012,21,1975
04.23.2012-00:00:00,04,23,2012,00,2030
04.23.2012-03:00:00,04,23,2012,03,2088.1
04.23.2012-06:00:00,04,23,2012,06,2144.1
04.23.2012-09:00:00,04,23,2012,09,2201.4
04.23.2012-12:00:00,04,23,2012,12,2278.1
04.23.2012-15:00:00,04,23,2012,15,2399.2
04.23.2012-18:00:00,04,23,2012,18,2556
04.23.2012-21:00:00,04,23,2012,21,2709.3
04.24.2012-00:00:00,04,24,2012,00,2847.7
04.24.2012-03:00:00,04,24,2012,03,2971.1
04.24.2012-06:00:00,04,24,2012,06,3076.8
04.24.2012-09:00:00,04,24,2012,09,3189.7
04.24.2012-12:00:00,04,24,2012,12,3364.8
04.24.2012-15:00:00,04,24,2012,15,3600.9
04.24.2012-18:00:00,04,24,2012,18,3841.8
04.24.2012-21:00:00,04,24,2012,21,4049.1
04.25.2012-00:00:00,04,25,2012,00,4224.2
04.25.2012-03:00:00,04,25,2012,03,4376.9
04.25.2012-06:00:00,04,25,2012,06,4508.7
04.25.2012-09:00:00,04,25,2012,09,4643.6
04.25.2012-12:00:00,04,25,2012,12,4832.7
04.25.2012-15:00:00,04,25,2012,15,5075.7
04.25.2012-18:00:00,04,25,2012,18,5311.2
04.25.2012-21:00:00,04,25,2012,21,5493.7
04.26.2012-00:00:00,04,26,2012,00,5639.3
04.26.2012-03:00:00,04,26,2012,03,5786.7
04.26.2012-06:00:00,04,26,2012,06,5965.5
04.26.2012-09:00:00,04,26,2012,09,6261.3
04.26.2012-12:00:00,04,26,2012,12,6772.9
04.26.2012-15:00:00,04,26,2012,15,7453.9
04.26.2012-18:00:00,04,26,2012,18,8162.5
04.26.2012-21:00:00,04,26,2012,21,8776.8
04.27.2012-00:00:00,04,27,2012,00,9222
04.27.2012-03:00:00,04,27,2012,03,9470.7
04.27.2012-06:00:00,04,27,2012,06,9561.1
04.27.2012-09:00:00,04,27,2012,09,9592.1
04.27.2012-12:00:00,04,27,2012,12,9669.9
04.27.2012-15:00:00,04,27,2012,15,9821.6
04.27.2012-18:00:00,04,27,2012,18,9981.8
04.27.2012-21:00:00,04,27,2012,21,10084
04.28.2012-00:00:00,04,28,2012,00,10112
04.28.2012-03:00:00,04,28,2012,03,10089
04.28.2012-06:00:00,04,28,2012,06,10044
04.28.2012-09:00:00,04,28,2012,09,10035
04.28.2012-12:00:00,04,28,2012,12,10150
04.28.2012-15:00:00,04,28,2012,15,10393
04.28.2012-18:00:00,04,28,2012,18,10646
04.28.2012-21:00:00,04,28,2012,21,10807
04.29.2012-00:00:00,04,29,2012,00,10855
04.29.2012-03:00:00,04,29,2012,03,10826
04.29.2012-06:00:00,04,29,2012,06,10767
04.29.2012-09:00:00,04,29,2012,09,10766
04.29.2012-12:00:00,04,29,2012,12,10977
04.29.2012-15:00:00,04,29,2012,15,11461
04.29.2012-18:00:00,04,29,2012,18,12022
04.29.2012-21:00:00,04,29,2012,21,12420
04.30.2012-00:00:00,04,30,2012,00,12597
04.30.2012-03:00:00,04,30,2012,03,12603
04.30.2012-06:00:00,04,30,2012,06,12501
04.30.2012-09:00:00,04,30,2012,09,12407
04.30.2012-12:00:00,04,30,2012,12,12530
04.30.2012-15:00:00,04,30,2012,15,12923
04.30.2012-18:00:00,04,30,2012,18,13372
04.30.2012-21:00:00,04,30,2012,21,13666
05.01.2012-00:00:00,05,01,2012,00,13799
05.01.2012-03:00:00,05,01,2012,03,13760
05.01.2012-06:00:00,05,01,2012,06,13600
05.01.2012-09:00:00,05,01,2012,09,13479
05.01.2012-12:00:00,05,01,2012,12,13559
05.01.2012-15:00:00,05,01,2012,15,13808
05.01.2012-18:00:00,05,01,2012,18,14058
05.01.2012-21:00:00,05,01,2012,21,14181
05.02.2012-00:00:00,05,02,2012,00,14158
05.02.2012-03:00:00,05,02,2012,03,14022
05.02.2012-06:00:00,05,02,2012,06,13816
05.02.2012-09:00:00,05,02,2012,09,13645
05.02.2012-12:00:00,05,02,2012,12,13695
05.02.2012-15:00:00,05,02,2012,15,13867
05.02.2012-18:00:00,05,02,2012,18,14007
05.02.2012-21:00:00,05,02,2012,21,14052
05.03.2012-00:00:00,05,03,2012,00,13970
05.03.2012-03:00:00,05,03,2012,03,13796
05.03.2012-06:00:00,05,03,2012,06,13586
05.03.2012-09:00:00,05,03,2012,09,13503
05.03.2012-12:00:00,05,03,2012,12,13754
05.03.2012-15:00:00,05,03,2012,15,14209
05.03.2012-18:00:00,05,03,2012,18,14628
05.03.2012-21:00:00,05,03,2012,21,14918
05.04.2012-00:00:00,05,04,2012,00,14968
05.04.2012-03:00:00,05,04,2012,03,14825
05.04.2012-06:00:00,05,04,2012,06,14612
05.04.2012-09:00:00,05,04,2012,09,14498
05.04.2012-12:00:00,05,04,2012,12,14524
05.04.2012-15:00:00,05,04,2012,15,14610
05.04.2012-18:00:00,05,04,2012,18,14664
05.04.2012-21:00:00,05,04,2012,21,14626
05.05.2012-00:00:00,05,05,2012,00,14461
05.05.2012-03:00:00,05,05,2012,03,14212
05.05.2012-06:00:00,05,05,2012,06,13934
05.05.2012-09:00:00,05,05,2012,09,13811
05.05.2012-12:00:00,05,05,2012,12,13966
05.05.2012-15:00:00,05,05,2012,15,14286
05.05.2012-18:00:00,05,05,2012,18,14566
05.05.2012-21:00:00,05,05,2012,21,14666
05.06.2012-00:00:00,05,06,2012,00,14576
05.06.2012-03:00:00,05,06,2012,03,14359
05.06.2012-06:00:00,05,06,2012,06,14060
05.06.2012-09:00:00,05,06,2012,09,13916
05.06.2012-12:00:00,05,06,2012,12,14117
05.06.2012-15:00:00,05,06,2012,15,14560
05.06.2012-18:00:00,05,06,2012,18,15003
05.06.2012-21:00:00,05,06,2012,21,15296
05.07.2012-00:00:00,05,07,2012,00,15272
05.07.2012-03:00:00,05,07,2012,03,15003
05.07.2012-06:00:00,05,07,2012,06,14680
05.07.2012-09:00:00,05,07,2012,09,14496
05.07.2012-12:00:00,05,07,2012,12,14687
05.07.2012-15:00:00,05,07,2012,15,15246
05.07.2012-18:00:00,05,07,2012,18,15786
05.07.2012-21:00:00,05,07,2012,21,16162
05.08.2012-00:00:00,05,08,2012,00,16152
05.08.2012-03:00:00,05,08,2012,03,15874
05.08.2012-06:00:00,05,08,2012,06,15512
05.08.2012-09:00:00,05,08,2012,09,15300
05.08.2012-12:00:00,05,08,2012,12,15520
05.08.2012-15:00:00,05,08,2012,15,16189
05.08.2012-18:00:00,05,08,2012,18,16968
05.08.2012-21:00:00,05,08,2012,21,17393
05.09.2012-00:00:00,05,09,2012,00,17425
05.09.2012-03:00:00,05,09,2012,03,17193
05.09.2012-06:00:00,05,09,2012,06,16881
05.09.2012-09:00:00,05,09,2012,09,16837
05.09.2012-12:00:00,05,09,2012,12,17513
05.09.2012-15:00:00,05,09,2012,15,18760
05.09.2012-18:00:00,05,09,2012,18,19915
05.09.2012-21:00:00,05,09,2012,21,20685
05.10.2012-00:00:00,05,10,2012,00,20862
05.10.2012-03:00:00,05,10,2012,03,20519
05.10.2012-06:00:00,05,10,2012,06,19983
05.10.2012-09:00:00,05,10,2012,09,19590
05.10.2012-12:00:00,05,10,2012,12,19736
05.10.2012-15:00:00,05,10,2012,15,20129
05.10.2012-18:00:00,05,10,2012,18,20410
05.10.2012-21:00:00,05,10,2012,21,20504
05.11.2012-00:00:00,05,11,2012,00,20285
05.11.2012-03:00:00,05,11,2012,03,19823
05.11.2012-06:00:00,05,11,2012,06,19328
05.11.2012-09:00:00,05,11,2012,09,18934
05.11.2012-12:00:00,05,11,2012,12,18971
05.11.2012-15:00:00,05,11,2012,15,19402
05.11.2012-18:00:00,05,11,2012,18,19846
05.11.2012-21:00:00,05,11,2012,21,19968
05.12.2012-00:00:00,05,12,2012,00,19941
05.12.2012-03:00:00,05,12,2012,03,19637
05.12.2012-06:00:00,05,12,2012,06,19212
05.12.2012-09:00:00,05,12,2012,09,18884
05.12.2012-12:00:00,05,12,2012,12,19160
05.12.2012-15:00:00,05,12,2012,15,20021
05.12.2012-18:00:00,05,12,2012,18,20855
05.12.2012-21:00:00,05,12,2012,21,21327
05.13.2012-00:00:00,05,13,2012,00,21485
05.13.2012-03:00:00,05,13,2012,03,21249
05.13.2012-06:00:00,05,13,2012,06,20759
05.13.2012-09:00:00,05,13,2012,09,20544
05.13.2012-12:00:00,05,13,2012,12,21202
05.13.2012-15:00:00,05,13,2012,15,22630
05.13.2012-18:00:00,05,13,2012,18,24147
05.13.2012-21:00:00,05,13,2012,21,24932
05.14.2012-00:00:00,05,14,2012,00,24998
05.14.2012-03:00:00,05,14,2012,03,24545
05.14.2012-06:00:00,05,14,2012,06,23968
05.14.2012-09:00:00,05,14,2012,09,23705
05.14.2012-12:00:00,05,14,2012,12,24511
05.14.2012-15:00:00,05,14,2012,15,26336
05.14.2012-18:00:00,05,14,2012,18,28053
05.14.2012-21:00:00,05,14,2012,21,29119
05.15.2012-00:00:00,05,15,2012,00,29254
05.15.2012-03:00:00,05,15,2012,03,28861
05.15.2012-06:00:00,05,15,2012,06,28285
05.15.2012-09:00:00,05,15,2012,09,28326
05.15.2012-12:00:00,05,15,2012,12,29954
05.15.2012-15:00:00,05,15,2012,15,32349
05.15.2012-18:00:00,05,15,2012,18,35023
05.15.2012-21:00:00,05,15,2012,21,36604
05.16.2012-00:00:00,05,16,2012,00,37428
05.16.2012-03:00:00,05,16,2012,03,37420
05.16.2012-06:00:00,05,16,2012,06,36740
05.16.2012-09:00:00,05,16,2012,09,36846
05.16.2012-12:00:00,05,16,2012,12,38855
05.16.2012-15:00:00,05,16,2012,15,41538
05.16.2012-18:00:00,05,16,2012,18,44583
05.16.2012-21:00:00,05,16,2012,21,46309
05.17.2012-00:00:00,05,17,2012,00,46928
05.17.2012-03:00:00,05,17,2012,03,46462
05.17.2012-06:00:00,05,17,2012,06,45478
05.17.2012-09:00:00,05,17,2012,09,44990
05.17.2012-12:00:00,05,17,2012,12,45714
05.17.2012-15:00:00,05,17,2012,15,47611
05.17.2012-18:00:00,05,17,2012,18,49335
05.17.2012-21:00:00,05,17,2012,21,50392
05.18.2012-00:00:00,05,18,2012,00,50051
05.18.2012-03:00:00,05,18,2012,03,49085
05.18.2012-06:00:00,05,18,2012,06,47856
05.18.2012-09:00:00,05,18,2012,09,46576
05.18.2012-12:00:00,05,18,2012,12,46748
05.18.2012-15:00:00,05,18,2012,15,47829
05.18.2012-18:00:00,05,18,2012,18,48547
05.18.2012-21:00:00,05,18,2012,21,48724
05.19.2012-00:00:00,05,19,2012,00,48115
05.19.2012-03:00:00,05,19,2012,03,46769
05.19.2012-06:00:00,05,19,2012,06,45334
05.19.2012-09:00:00,05,19,2012,09,44251
05.19.2012-12:00:00,05,19,2012,12,44535
05.19.2012-15:00:00,05,19,2012,15,45463
05.19.2012-18:00:00,05,19,2012,18,46565
05.19.2012-21:00:00,05,19,2012,21,46733
05.20.2012-00:00:00,05,20,2012,00,46231
05.20.2012-03:00:00,05,20,2012,03,45091
05.20.2012-06:00:00,05,20,2012,06,43900
05.20.2012-09:00:00,05,20,2012,09,43239
05.20.2012-12:00:00,05,20,2012,12,44052
05.20.2012-15:00:00,05,20,2012,15,45931
05.20.2012-18:00:00,05,20,2012,18,47424
05.20.2012-21:00:00,05,20,2012,21,48509
05.21.2012-00:00:00,05,21,2012,00,48637
05.21.2012-03:00:00,05,21,2012,03,47781
05.21.2012-06:00:00,05,21,2012,06,46985
05.21.2012-09:00:00,05,21,2012,09,46923
05.21.2012-12:00:00,05,21,2012,12,47649
05.21.2012-15:00:00,05,21,2012,15,49587
05.21.2012-18:00:00,05,21,2012,18,51260
05.21.2012-21:00:00,05,21,2012,21,52356
05.22.2012-00:00:00,05,22,2012,00,52807
05.22.2012-03:00:00,05,22,2012,03,52173
05.22.2012-06:00:00,05,22,2012,06,51281
05.22.2012-09:00:00,05,22,2012,09,50947
05.22.2012-12:00:00,05,22,2012,12,50959
05.22.2012-15:00:00,05,22,2012,15,51625
05.22.2012-18:00:00,05,22,2012,18,52678
05.22.2012-21:00:00,05,22,2012,21,52864
05.23.2012-00:00:00,05,23,2012,00,52358
05.23.2012-03:00:00,05,23,2012,03,51612
05.23.2012-06:00:00,05,23,2012,06,50590
05.23.2012-09:00:00,05,23,2012,09,49543
05.23.2012-12:00:00,05,23,2012,12,49239
05.23.2012-15:00:00,05,23,2012,15,49721
05.23.2012-18:00:00,05,23,2012,18,49819
05.23.2012-21:00:00,05,23,2012,21,49503
05.24.2012-00:00:00,05,24,2012,00,48810
05.24.2012-03:00:00,05,24,2012,03,47799
05.24.2012-06:00:00,05,24,2012,06,46428
05.24.2012-09:00:00,05,24,2012,09,45430
05.24.2012-12:00:00,05,24,2012,12,45507
05.24.2012-15:00:00,05,24,2012,15,46452
05.24.2012-18:00:00,05,24,2012,18,46972
05.24.2012-21:00:00,05,24,2012,21,46837
05.25.2012-00:00:00,05,25,2012,00,46189
05.25.2012-03:00:00,05,25,2012,03,45134
05.25.2012-06:00:00,05,25,2012,06,43818
05.25.2012-09:00:00,05,25,2012,09,42849
05.25.2012-12:00:00,05,25,2012,12,42851
05.25.2012-15:00:00,05,25,2012,15,43549
05.25.2012-18:00:00,05,25,2012,18,44103
05.25.2012-21:00:00,05,25,2012,21,44012
05.26.2012-00:00:00,05,26,2012,00,43267
05.26.2012-03:00:00,05,26,2012,03,42128
05.26.2012-06:00:00,05,26,2012,06,40804
05.26.2012-09:00:00,05,26,2012,09,39897
05.26.2012-12:00:00,05,26,2012,12,40282
05.26.2012-15:00:00,05,26,2012,15,41500
05.26.2012-18:00:00,05,26,2012,18,42693
05.26.2012-21:00:00,05,26,2012,21,43042
05.27.2012-00:00:00,05,27,2012,00,42778
05.27.2012-03:00:00,05,27,2012,03,41749
05.27.2012-06:00:00,05,27,2012,06,40430
05.27.2012-09:00:00,05,27,2012,09,39711
05.27.2012-12:00:00,05,27,2012,12,40128
05.27.2012-15:00:00,05,27,2012,15,41366
05.27.2012-18:00:00,05,27,2012,18,42624
05.27.2012-21:00:00,05,27,2012,21,43149
05.28.2012-00:00:00,05,28,2012,00,42864
05.28.2012-03:00:00,05,28,2012,03,41860
05.28.2012-06:00:00,05,28,2012,06,40621
05.28.2012-09:00:00,05,28,2012,09,39771
05.28.2012-12:00:00,05,28,2012,12,40010
05.28.2012-15:00:00,05,28,2012,15,41104
05.28.2012-18:00:00,05,28,2012,18,41876
05.28.2012-21:00:00,05,28,2012,21,42062
05.29.2012-00:00:00,05,29,2012,00,41701
05.29.2012-03:00:00,05,29,2012,03,40805
05.29.2012-06:00:00,05,29,2012,06,39736
05.29.2012-09:00:00,05,29,2012,09,39201
05.29.2012-12:00:00,05,29,2012,12,39440
05.29.2012-15:00:00,05,29,2012,15,40306
05.29.2012-18:00:00,05,29,2012,18,41225
05.29.2012-21:00:00,05,29,2012,21,41504
05.30.2012-00:00:00,05,30,2012,00,41243
05.30.2012-03:00:00,05,30,2012,03,40609
05.30.2012-06:00:00,05,30,2012,06,39784
05.30.2012-09:00:00,05,30,2012,09,39242
05.30.2012-12:00:00,05,30,2012,12,39187
05.30.2012-15:00:00,05,30,2012,15,39544
05.30.2012-18:00:00,05,30,2012,18,40103
05.30.2012-21:00:00,05,30,2012,21,40248
05.31.2012-00:00:00,05,31,2012,00,39818
05.31.2012-03:00:00,05,31,2012,03,39211
05.31.2012-06:00:00,05,31,2012,06,38567
05.31.2012-09:00:00,05,31,2012,09,38301
05.31.2012-12:00:00,05,31,2012,12,38760
05.31.2012-15:00:00,05,31,2012,15,39921
05.31.2012-18:00:00,05,31,2012,18,41095
05.31.2012-21:00:00,05,31,2012,21,41781
06.01.2012-00:00:00,06,01,2012,00,41922
06.01.2012-03:00:00,06,01,2012,03,41572
06.01.2012-06:00:00,06,01,2012,06,41058
06.01.2012-09:00:00,06,01,2012,09,40741
06.01.2012-12:00:00,06,01,2012,12,40869
06.01.2012-15:00:00,06,01,2012,15,41511
06.01.2012-18:00:00,06,01,2012,18,42328
06.01.2012-21:00:00,06,01,2012,21,42913
06.02.2012-00:00:00,06,02,2012,00,43086
06.02.2012-03:00:00,06,02,2012,03,42780
06.02.2012-06:00:00,06,02,2012,06,42375
06.02.2012-09:00:00,06,02,2012,09,42281
06.02.2012-12:00:00,06,02,2012,12,42718
06.02.2012-15:00:00,06,02,2012,15,43636
06.02.2012-18:00:00,06,02,2012,18,44604
06.02.2012-21:00:00,06,02,2012,21,45314
06.03.2012-00:00:00,06,03,2012,00,45524
06.03.2012-03:00:00,06,03,2012,03,45237
06.03.2012-06:00:00,06,03,2012,06,44764
06.03.2012-09:00:00,06,03,2012,09,44486
06.03.2012-12:00:00,06,03,2012,12,44666
06.03.2012-15:00:00,06,03,2012,15,45248
06.03.2012-18:00:00,06,03,2012,18,45959
06.03.2012-21:00:00,06,03,2012,21,46431
06.04.2012-00:00:00,06,04,2012,00,46439
06.04.2012-03:00:00,06,04,2012,03,46043
06.04.2012-06:00:00,06,04,2012,06,45493
06.04.2012-09:00:00,06,04,2012,09,45062
06.04.2012-12:00:00,06,04,2012,12,44920
06.04.2012-15:00:00,06,04,2012,15,45069
06.04.2012-18:00:00,06,04,2012,18,45305
06.04.2012-21:00:00,06,04,2012,21,45346
06.05.2012-00:00:00,06,05,2012,00,45213
06.05.2012-03:00:00,06,05,2012,03,44991
06.05.2012-06:00:00,06,05,2012,06,44762
06.05.2012-09:00:00,06,05,2012,09,44666
06.05.2012-12:00:00,06,05,2012,12,44611
06.05.2012-15:00:00,06,05,2012,15,44586
06.05.2012-18:00:00,06,05,2012,18,44652
06.05.2012-21:00:00,06,05,2012,21,44674
06.06.2012-00:00:00,06,06,2012,00,44498
06.06.2012-03:00:00,06,06,2012,03,44113
06.06.2012-06:00:00,06,06,2012,06,43451
06.06.2012-09:00:00,06,06,2012,09,42708
06.06.2012-12:00:00,06,06,2012,12,42221
06.06.2012-15:00:00,06,06,2012,15,42001
06.06.2012-18:00:00,06,06,2012,18,41882
06.06.2012-21:00:00,06,06,2012,21,41635
06.07.2012-00:00:00,06,07,2012,00,41224
06.07.2012-03:00:00,06,07,2012,03,40615
06.07.2012-06:00:00,06,07,2012,06,39990
06.07.2012-09:00:00,06,07,2012,09,39240
06.07.2012-12:00:00,06,07,2012,12,38403
06.07.2012-15:00:00,06,07,2012,15,37632
06.07.2012-18:00:00,06,07,2012,18,36961
06.07.2012-21:00:00,06,07,2012,21,36307
06.08.2012-00:00:00,06,08,2012,00,35606
06.08.2012-03:00:00,06,08,2012,03,34979
06.08.2012-06:00:00,06,08,2012,06,34397
06.08.2012-09:00:00,06,08,2012,09,33929
06.08.2012-12:00:00,06,08,2012,12,33624
06.08.2012-15:00:00,06,08,2012,15,33491
06.08.2012-18:00:00,06,08,2012,18,33359
06.08.2012-21:00:00,06,08,2012,21,33190
06.09.2012-00:00:00,06,09,2012,00,32874
06.09.2012-03:00:00,06,09,2012,03,32309
06.09.2012-06:00:00,06,09,2012,06,31632
06.09.2012-09:00:00,06,09,2012,09,30917
06.09.2012-12:00:00,06,09,2012,12,30293
06.09.2012-15:00:00,06,09,2012,15,29843
06.09.2012-18:00:00,06,09,2012,18,29481
06.09.2012-21:00:00,06,09,2012,21,29082
06.10.2012-00:00:00,06,10,2012,00,28586
06.10.2012-03:00:00,06,10,2012,03,28029
06.10.2012-06:00:00,06,10,2012,06,27486
06.10.2012-09:00:00,06,10,2012,09,27066
06.10.2012-12:00:00,06,10,2012,12,26852
06.10.2012-15:00:00,06,10,2012,15,26849
06.10.2012-18:00:00,06,10,2012,18,26895
06.10.2012-21:00:00,06,10,2012,21,26852
06.11.2012-00:00:00,06,11,2012,00,26704
06.11.2012-03:00:00,06,11,2012,03,26461
06.11.2012-06:00:00,06,11,2012,06,26121
06.11.2012-09:00:00,06,11,2012,09,25732
06.11.2012-12:00:00,06,11,2012,12,25488
06.11.2012-15:00:00,06,11,2012,15,25463
06.11.2012-18:00:00,06,11,2012,18,25499
06.11.2012-21:00:00,06,11,2012,21,25425
06.12.2012-00:00:00,06,12,2012,00,25195
06.12.2012-03:00:00,06,12,2012,03,24870
06.12.2012-06:00:00,06,12,2012,06,24533
06.12.2012-09:00:00,06,12,2012,09,24314
06.12.2012-12:00:00,06,12,2012,12,24390
06.12.2012-15:00:00,06,12,2012,15,24761
06.12.2012-18:00:00,06,12,2012,18,25264
06.12.2012-21:00:00,06,12,2012,21,25716
06.13.2012-00:00:00,06,13,2012,00,26003
06.13.2012-03:00:00,06,13,2012,03,26085
06.13.2012-06:00:00,06,13,2012,06,26005
06.13.2012-09:00:00,06,13,2012,09,25910
06.13.2012-12:00:00,06,13,2012,12,26000
06.13.2012-15:00:00,06,13,2012,15,26316
06.13.2012-18:00:00,06,13,2012,18,26702
06.13.2012-21:00:00,06,13,2012,21,26984
06.14.2012-00:00:00,06,14,2012,00,27131
06.14.2012-03:00:00,06,14,2012,03,27137
06.14.2012-06:00:00,06,14,2012,06,27025
06.14.2012-09:00:00,06,14,2012,09,26927
06.14.2012-12:00:00,06,14,2012,12,27002
06.14.2012-15:00:00,06,14,2012,15,27266
06.14.2012-18:00:00,06,14,2012,18,27596
06.14.2012-21:00:00,06,14,2012,21,27852
06.15.2012-00:00:00,06,15,2012,00,27974
06.15.2012-03:00:00,06,15,2012,03,27965
06.15.2012-06:00:00,06,15,2012,06,27844
06.15.2012-09:00:00,06,15,2012,09,27696
06.15.2012-12:00:00,06,15,2012,12,27693
06.15.2012-15:00:00,06,15,2012,15,27881
06.15.2012-18:00:00,06,15,2012,18,28124
06.15.2012-21:00:00,06,15,2012,21,28254
06.16.2012-00:00:00,06,16,2012,00,28230
06.16.2012-03:00:00,06,16,2012,03,28082
06.16.2012-06:00:00,06,16,2012,06,27865
06.16.2012-09:00:00,06,16,2012,09,27681
06.16.2012-12:00:00,06,16,2012,12,27688
06.16.2012-15:00:00,06,16,2012,15,27932
06.16.2012-18:00:00,06,16,2012,18,28284
06.16.2012-21:00:00,06,16,2012,21,28559
06.17.2012-00:00:00,06,17,2012,00,28684
06.17.2012-03:00:00,06,17,2012,03,28670
06.17.2012-06:00:00,06,17,2012,06,28548
06.17.2012-09:00:00,06,17,2012,09,28452
06.17.2012-12:00:00,06,17,2012,12,28554
06.17.2012-15:00:00,06,17,2012,15,28889
06.17.2012-18:00:00,06,17,2012,18,29349
06.17.2012-21:00:00,06,17,2012,21,29764
06.18.2012-00:00:00,06,18,2012,00,30011
06.18.2012-03:00:00,06,18,2012,03,30060
06.18.2012-06:00:00,06,18,2012,06,29943
06.18.2012-09:00:00,06,18,2012,09,29773
06.18.2012-12:00:00,06,18,2012,12,29708
06.18.2012-15:00:00,06,18,2012,15,29815
06.18.2012-18:00:00,06,18,2012,18,30021
06.18.2012-21:00:00,06,18,2012,21,30205
06.19.2012-00:00:00,06,19,2012,00,30283
06.19.2012-03:00:00,06,19,2012,03,30195
06.19.2012-06:00:00,06,19,2012,06,29942
06.19.2012-09:00:00,06,19,2012,09,29623
06.19.2012-12:00:00,06,19,2012,12,29378
06.19.2012-15:00:00,06,19,2012,15,29275
06.19.2012-18:00:00,06,19,2012,18,29258
06.19.2012-21:00:00,06,19,2012,21,29228
06.20.2012-00:00:00,06,20,2012,00,29134
06.20.2012-03:00:00,06,20,2012,03,28936
06.20.2012-06:00:00,06,20,2012,06,28618
06.20.2012-09:00:00,06,20,2012,09,28256
06.20.2012-12:00:00,06,20,2012,12,27996
06.20.2012-15:00:00,06,20,2012,15,27914
06.20.2012-18:00:00,06,20,2012,18,27955
06.20.2012-21:00:00,06,20,2012,21,28000
06.21.2012-00:00:00,06,21,2012,00,27967
06.21.2012-03:00:00,06,21,2012,03,27810
06.21.2012-06:00:00,06,21,2012,06,27512
06.21.2012-09:00:00,06,21,2012,09,27159
06.21.2012-12:00:00,06,21,2012,12,26927
06.21.2012-15:00:00,06,21,2012,15,26902
06.21.2012-18:00:00,06,21,2012,18,27025
06.21.2012-21:00:00,06,21,2012,21,27176
06.22.2012-00:00:00,06,22,2012,00,27252
06.22.2012-03:00:00,06,22,2012,03,27187
06.22.2012-06:00:00,06,22,2012,06,26978
06.22.2012-09:00:00,06,22,2012,09,26733
06.22.2012-12:00:00,06,22,2012,12,26624
06.22.2012-15:00:00,06,22,2012,15,26744
06.22.2012-18:00:00,06,22,2012,18,27044
06.22.2012-21:00:00,06,22,2012,21,27381
06.23.2012-00:00:00,06,23,2012,00,27610
06.23.2012-03:00:00,06,23,2012,03,27668
06.23.2012-06:00:00,06,23,2012,06,27579
06.23.2012-09:00:00,06,23,2012,09,27442
06.23.2012-12:00:00,06,23,2012,12,27379
06.23.2012-15:00:00,06,23,2012,15,27442
06.23.2012-18:00:00,06,23,2012,18,27581
06.23.2012-21:00:00,06,23,2012,21,27694
06.24.2012-00:00:00,06,24,2012,00,27690
06.24.2012-03:00:00,06,24,2012,03,27536
06.24.2012-06:00:00,06,24,2012,06,27264
06.24.2012-09:00:00,06,24,2012,09,26967
06.24.2012-12:00:00,06,24,2012,12,26770
06.24.2012-15:00:00,06,24,2012,15,26742
06.24.2012-18:00:00,06,24,2012,18,26847
06.24.2012-21:00:00,06,24,2012,21,26963
06.25.2012-00:00:00,06,25,2012,00,26968
06.25.2012-03:00:00,06,25,2012,03,26810
06.25.2012-06:00:00,06,25,2012,06,26516
06.25.2012-09:00:00,06,25,2012,09,26189
06.25.2012-12:00:00,06,25,2012,12,25945
06.25.2012-15:00:00,06,25,2012,15,25828
06.25.2012-18:00:00,06,25,2012,18,25797
06.25.2012-21:00:00,06,25,2012,21,25757
06.26.2012-00:00:00,06,26,2012,00,25640
06.26.2012-03:00:00,06,26,2012,03,25437
06.26.2012-06:00:00,06,26,2012,06,25187
06.26.2012-09:00:00,06,26,2012,09,24955
06.26.2012-12:00:00,06,26,2012,12,24820
06.26.2012-15:00:00,06,26,2012,15,24814
06.26.2012-18:00:00,06,26,2012,18,24900
06.26.2012-21:00:00,06,26,2012,21,24982
06.27.2012-00:00:00,06,27,2012,00,24968
06.27.2012-03:00:00,06,27,2012,03,24825
06.27.2012-06:00:00,06,27,2012,06,24573
06.27.2012-09:00:00,06,27,2012,09,24271
06.27.2012-12:00:00,06,27,2012,12,23975
06.27.2012-15:00:00,06,27,2012,15,23690
06.27.2012-18:00:00,06,27,2012,18,23388
06.27.2012-21:00:00,06,27,2012,21,23045
06.28.2012-00:00:00,06,28,2012,00,22658
06.28.2012-03:00:00,06,28,2012,03,22235
06.28.2012-06:00:00,06,28,2012,06,21787
06.28.2012-09:00:00,06,28,2012,09,21348
06.28.2012-12:00:00,06,28,2012,12,20977
06.28.2012-15:00:00,06,28,2012,15,20719
06.28.2012-18:00:00,06,28,2012,18,20564
06.28.2012-21:00:00,06,28,2012,21,20441
06.29.2012-00:00:00,06,29,2012,00,20276
06.29.2012-03:00:00,06,29,2012,03,20042
06.29.2012-06:00:00,06,29,2012,06,19751
06.29.2012-09:00:00,06,29,2012,09,19447
06.29.2012-12:00:00,06,29,2012,12,19198
06.29.2012-15:00:00,06,29,2012,15,19040
06.29.2012-18:00:00,06,29,2012,18,18937
06.29.2012-21:00:00,06,29,2012,21,18831
06.30.2012-00:00:00,06,30,2012,00,18695
06.30.2012-03:00:00,06,30,2012,03,18522
06.30.2012-06:00:00,06,30,2012,06,18308
06.30.2012-09:00:00,06,30,2012,09,18073
06.30.2012-12:00:00,06,30,2012,12,17870
06.30.2012-15:00:00,06,30,2012,15,17732
06.30.2012-18:00:00,06,30,2012,18,17654
06.30.2012-21:00:00,06,30,2012,21,17595
07.01.2012-00:00:00,07,01,2012,00,17507
07.01.2012-03:00:00,07,01,2012,03,17375
07.01.2012-06:00:00,07,01,2012,06,17204
07.01.2012-09:00:00,07,01,2012,09,17010
07.01.2012-12:00:00,07,01,2012,12,16820
07.01.2012-15:00:00,07,01,2012,15,16663
07.01.2012-18:00:00,07,01,2012,18,16566
07.01.2012-21:00:00,07,01,2012,21,16523
07.02.2012-00:00:00,07,02,2012,00,16495
07.02.2012-03:00:00,07,02,2012,03,16440
07.02.2012-06:00:00,07,02,2012,06,16332
07.02.2012-09:00:00,07,02,2012,09,16174
07.02.2012-12:00:00,07,02,2012,12,15988
07.02.2012-15:00:00,07,02,2012,15,15806
07.02.2012-18:00:00,07,02,2012,18,15668
07.02.2012-21:00:00,07,02,2012,21,15593
07.03.2012-00:00:00,07,03,2012,00,15551
07.03.2012-03:00:00,07,03,2012,03,15491
07.03.2012-06:00:00,07,03,2012,06,15381
07.03.2012-09:00:00,07,03,2012,09,15223
07.03.2012-12:00:00,07,03,2012,12,15045
07.03.2012-15:00:00,07,03,2012,15,14874
07.03.2012-18:00:00,07,03,2012,18,14735
07.03.2012-21:00:00,07,03,2012,21,14649
07.04.2012-00:00:00,07,04,2012,00,14607
07.04.2012-03:00:00,07,04,2012,03,14569
07.04.2012-06:00:00,07,04,2012,06,14504
07.04.2012-09:00:00,07,04,2012,09,14405
07.04.2012-12:00:00,07,04,2012,12,14280
07.04.2012-15:00:00,07,04,2012,15,14143
07.04.2012-18:00:00,07,04,2012,18,14005
07.04.2012-21:00:00,07,04,2012,21,13873
07.05.2012-00:00:00,07,05,2012,00,13747
07.05.2012-03:00:00,07,05,2012,03,13620
07.05.2012-06:00:00,07,05,2012,06,13480
07.05.2012-09:00:00,07,05,2012,09,13312
07.05.2012-12:00:00,07,05,2012,12,13122
07.05.2012-15:00:00,07,05,2012,15,12933
07.05.2012-18:00:00,07,05,2012,18,12772
07.05.2012-21:00:00,07,05,2012,21,12648
07.06.2012-00:00:00,07,06,2012,00,12560
07.06.2012-03:00:00,07,06,2012,03,12494
07.06.2012-06:00:00,07,06,2012,06,12421
07.06.2012-09:00:00,07,06,2012,09,12316
07.06.2012-12:00:00,07,06,2012,12,12181
07.06.2012-15:00:00,07,06,2012,15,12033
07.06.2012-18:00:00,07,06,2012,18,11886
07.06.2012-21:00:00,07,06,2012,21,11751
07.07.2012-00:00:00,07,07,2012,00,11632
07.07.2012-03:00:00,07,07,2012,03,11528
07.07.2012-06:00:00,07,07,2012,06,11426
07.07.2012-09:00:00,07,07,2012,09,11312
07.07.2012-12:00:00,07,07,2012,12,11191
07.07.2012-15:00:00,07,07,2012,15,11075
07.07.2012-18:00:00,07,07,2012,18,10972
07.07.2012-21:00:00,07,07,2012,21,10884
07.08.2012-00:00:00,07,08,2012,00,10810
07.08.2012-03:00:00,07,08,2012,03,10742
07.08.2012-06:00:00,07,08,2012,06,10661
07.08.2012-09:00:00,07,08,2012,09,10556
07.08.2012-12:00:00,07,08,2012,12,10430
07.08.2012-15:00:00,07,08,2012,15,10303
07.08.2012-18:00:00,07,08,2012,18,10194
07.08.2012-21:00:00,07,08,2012,21,10111
07.09.2012-00:00:00,07,09,2012,00,10047
07.09.2012-03:00:00,07,09,2012,03,9986.9
07.09.2012-06:00:00,07,09,2012,06,9910.1
07.09.2012-09:00:00,07,09,2012,09,9807.1
07.09.2012-12:00:00,07,09,2012,12,9685.3
07.09.2012-15:00:00,07,09,2012,15,9561.8
07.09.2012-18:00:00,07,09,2012,18,9455.2
07.09.2012-21:00:00,07,09,2012,21,9373
07.10.2012-00:00:00,07,10,2012,00,9308
07.10.2012-03:00:00,07,10,2012,03,9245
07.10.2012-06:00:00,07,10,2012,06,9166.8
07.10.2012-09:00:00,07,10,2012,09,9065.2
07.10.2012-12:00:00,07,10,2012,12,8945.9
07.10.2012-15:00:00,07,10,2012,15,8822.3
07.10.2012-18:00:00,07,10,2012,18,8711.8
07.10.2012-21:00:00,07,10,2012,21,8624.7
07.11.2012-00:00:00,07,11,2012,00,8559.5
07.11.2012-03:00:00,07,11,2012,03,8506.6
07.11.2012-06:00:00,07,11,2012,06,8449.1
07.11.2012-09:00:00,07,11,2012,09,8372.2
07.11.2012-12:00:00,07,11,2012,12,8273.7
07.11.2012-15:00:00,07,11,2012,15,8163.3
07.11.2012-18:00:00,07,11,2012,18,8057.1
07.11.2012-21:00:00,07,11,2012,21,7969.6
07.12.2012-00:00:00,07,12,2012,00,7903.2
07.12.2012-03:00:00,07,12,2012,03,7845.9
07.12.2012-06:00:00,07,12,2012,06,7780.9
07.12.2012-09:00:00,07,12,2012,09,7697.1
07.12.2012-12:00:00,07,12,2012,12,7591.4
07.12.2012-15:00:00,07,12,2012,15,7473.3
07.12.2012-18:00:00,07,12,2012,18,7363.3
07.12.2012-21:00:00,07,12,2012,21,7275.7
07.13.2012-00:00:00,07,13,2012,00,7208.1
07.13.2012-03:00:00,07,13,2012,03,7146.3
07.13.2012-06:00:00,07,13,2012,06,7075.3
07.13.2012-09:00:00,07,13,2012,09,6985
07.13.2012-12:00:00,07,13,2012,12,6876.1
07.13.2012-15:00:00,07,13,2012,15,6761.5
07.13.2012-18:00:00,07,13,2012,18,6658.4
07.13.2012-21:00:00,07,13,2012,21,6574.6
07.14.2012-00:00:00,07,14,2012,00,6507.9
07.14.2012-03:00:00,07,14,2012,03,6449.8
07.14.2012-06:00:00,07,14,2012,06,6387.1
07.14.2012-09:00:00,07,14,2012,09,6309.2
07.14.2012-12:00:00,07,14,2012,12,6216.1
07.14.2012-15:00:00,07,14,2012,15,6117
07.14.2012-18:00:00,07,14,2012,18,6025.3
07.14.2012-21:00:00,07,14,2012,21,5951.8
07.15.2012-00:00:00,07,15,2012,00,5898.2
07.15.2012-03:00:00,07,15,2012,03,5856.5
07.15.2012-06:00:00,07,15,2012,06,5813.2
07.15.2012-09:00:00,07,15,2012,09,5758.1
07.15.2012-12:00:00,07,15,2012,12,5689.3
07.15.2012-15:00:00,07,15,2012,15,5611.6
07.15.2012-18:00:00,07,15,2012,18,5537.3
07.15.2012-21:00:00,07,15,2012,21,5476.9
07.16.2012-00:00:00,07,16,2012,00,5429.5
07.16.2012-03:00:00,07,16,2012,03,5386
07.16.2012-06:00:00,07,16,2012,06,5335.9
07.16.2012-09:00:00,07,16,2012,09,5273
07.16.2012-12:00:00,07,16,2012,12,5199.1
07.16.2012-15:00:00,07,16,2012,15,5121.5
07.16.2012-18:00:00,07,16,2012,18,5049.8
07.16.2012-21:00:00,07,16,2012,21,4990.7
07.17.2012-00:00:00,07,17,2012,00,4945.3
07.17.2012-03:00:00,07,17,2012,03,4907.4
07.17.2012-06:00:00,07,17,2012,06,4865.6
07.17.2012-09:00:00,07,17,2012,09,4812.5
07.17.2012-12:00:00,07,17,2012,12,4747.9
07.17.2012-15:00:00,07,17,2012,15,4678.4
07.17.2012-18:00:00,07,17,2012,18,4615.4
07.17.2012-21:00:00,07,17,2012,21,4566.4
07.18.2012-00:00:00,07,18,2012,00,4526.6
07.18.2012-03:00:00,07,18,2012,03,4486.2
07.18.2012-06:00:00,07,18,2012,06,4437.5
07.18.2012-09:00:00,07,18,2012,09,4377.2
07.18.2012-12:00:00,07,18,2012,12,4308
07.18.2012-15:00:00,07,18,2012,15,4237.6
07.18.2012-18:00:00,07,18,2012,18,4174.7
07.18.2012-21:00:00,07,18,2012,21,4124.7
07.19.2012-00:00:00,07,19,2012,00,4086.8
07.19.2012-03:00:00,07,19,2012,03,4054.5
07.19.2012-06:00:00,07,19,2012,06,4018.5
07.19.2012-09:00:00,07,19,2012,09,3971.7
07.19.2012-12:00:00,07,19,2012,12,3914.9
07.19.2012-15:00:00,07,19,2012,15,3855.4
07.19.2012-18:00:00,07,19,2012,18,3801.8
07.19.2012-21:00:00,07,19,2012,21,3758.9
07.20.2012-00:00:00,07,20,2012,00,3725.1
07.20.2012-03:00:00,07,20,2012,03,3694.4
07.20.2012-06:00:00,07,20,2012,06,3659.3
07.20.2012-09:00:00,07,20,2012,09,3615.7
07.20.2012-12:00:00,07,20,2012,12,3565.7
07.20.2012-15:00:00,07,20,2012,15,3514.9
07.20.2012-18:00:00,07,20,2012,18,3470.2
07.20.2012-21:00:00,07,20,2012,21,3434.8
07.21.2012-00:00:00,07,21,2012,00,3410
07.21.2012-03:00:00,07,21,2012,03,3394.5
07.21.2012-06:00:00,07,21,2012,06,3382.4
07.21.2012-09:00:00,07,21,2012,09,3366.4
07.21.2012-12:00:00,07,21,2012,12,3342.2
07.21.2012-15:00:00,07,21,2012,15,3311.2
07.21.2012-18:00:00,07,21,2012,18,3278.6
07.21.2012-21:00:00,07,21,2012,21,3248.9
07.22.2012-00:00:00,07,22,2012,00,3219.2
07.22.2012-03:00:00,07,22,2012,03,3184.3
07.22.2012-06:00:00,07,22,2012,06,3141.6
07.22.2012-09:00:00,07,22,2012,09,3091.9
07.22.2012-12:00:00,07,22,2012,12,3039.8
07.22.2012-15:00:00,07,22,2012,15,2990.9
07.22.2012-18:00:00,07,22,2012,18,2949.9
07.22.2012-21:00:00,07,22,2012,21,2917.9
07.23.2012-00:00:00,07,23,2012,00,2892.3
07.23.2012-03:00:00,07,23,2012,03,2868.6
07.23.2012-06:00:00,07,23,2012,06,2841.7
07.23.2012-09:00:00,07,23,2012,09,2809.4
07.23.2012-12:00:00,07,23,2012,12,2772.3
07.23.2012-15:00:00,07,23,2012,15,2733.9
07.23.2012-18:00:00,07,23,2012,18,2699.2
07.23.2012-21:00:00,07,23,2012,21,2670.9
07.24.2012-00:00:00,07,24,2012,00,2648.3
07.24.2012-03:00:00,07,24,2012,03,2627.8
07.24.2012-06:00:00,07,24,2012,06,2606
07.24.2012-09:00:00,07,24,2012,09,2581.5
07.24.2012-12:00:00,07,24,2012,12,2554.3
07.24.2012-15:00:00,07,24,2012,15,2526.1
07.24.2012-18:00:00,07,24,2012,18,2499
07.24.2012-21:00:00,07,24,2012,21,2474.4
07.25.2012-00:00:00,07,25,2012,00,2452.3
07.25.2012-03:00:00,07,25,2012,03,2431.1
07.25.2012-06:00:00,07,25,2012,06,2408.6
07.25.2012-09:00:00,07,25,2012,09,2382.6
07.25.2012-12:00:00,07,25,2012,12,2353.3
07.25.2012-15:00:00,07,25,2012,15,2323.1
07.25.2012-18:00:00,07,25,2012,18,2295.1
07.25.2012-21:00:00,07,25,2012,21,2271.4
07.26.2012-00:00:00,07,26,2012,00,2251.2
07.26.2012-03:00:00,07,26,2012,03,2232.3
07.26.2012-06:00:00,07,26,2012,06,2211.8
07.26.2012-09:00:00,07,26,2012,09,2187.6
07.26.2012-12:00:00,07,26,2012,12,2160
07.26.2012-15:00:00,07,26,2012,15,2131.7
07.26.2012-18:00:00,07,26,2012,18,2105.5
07.26.2012-21:00:00,07,26,2012,21,2083.4
07.27.2012-00:00:00,07,27,2012,00,2065.9
07.27.2012-03:00:00,07,27,2012,03,2052.5
07.27.2012-06:00:00,07,27,2012,06,2040.5
07.27.2012-09:00:00,07,27,2012,09,2025.8
07.27.2012-12:00:00,07,27,2012,12,2006.4
07.27.2012-15:00:00,07,27,2012,15,1983.9
07.27.2012-18:00:00,07,27,2012,18,1962
07.27.2012-21:00:00,07,27,2012,21,1943.6
07.28.2012-00:00:00,07,28,2012,00,1927.4
07.28.2012-03:00:00,07,28,2012,03,1910
07.28.2012-06:00:00,07,28,2012,06,1889.4
07.28.2012-09:00:00,07,28,2012,09,1865.7
07.28.2012-12:00:00,07,28,2012,12,1840.2
07.28.2012-15:00:00,07,28,2012,15,1814.8
07.28.2012-18:00:00,07,28,2012,18,1791.8
07.28.2012-21:00:00,07,28,2012,21,1772.6
07.29.2012-00:00:00,07,29,2012,00,1756.8
07.29.2012-03:00:00,07,29,2012,03,1742.6
07.29.2012-06:00:00,07,29,2012,06,1727.9
07.29.2012-09:00:00,07,29,2012,09,1710.8
07.29.2012-12:00:00,07,29,2012,12,1691
07.29.2012-15:00:00,07,29,2012,15,1670
07.29.2012-18:00:00,07,29,2012,18,1650.1
07.29.2012-21:00:00,07,29,2012,21,1633.1
07.30.2012-00:00:00,07,30,2012,00,1618.9
07.30.2012-03:00:00,07,30,2012,03,1606
07.30.2012-06:00:00,07,30,2012,06,1592.4
07.30.2012-09:00:00,07,30,2012,09,1576.7
07.30.2012-12:00:00,07,30,2012,12,1559.1
07.30.2012-15:00:00,07,30,2012,15,1541
07.30.2012-18:00:00,07,30,2012,18,1524.4
07.30.2012-21:00:00,07,30,2012,21,1510
07.31.2012-00:00:00,07,31,2012,00,1497.6
07.31.2012-03:00:00,07,31,2012,03,1486.1
07.31.2012-06:00:00,07,31,2012,06,1474
07.31.2012-09:00:00,07,31,2012,09,1460.4
07.31.2012-12:00:00,07,31,2012,12,1445.2
07.31.2012-15:00:00,07,31,2012,15,1429.6
07.31.2012-18:00:00,07,31,2012,18,1414.8
07.31.2012-21:00:00,07,31,2012,21,1401.7
08.01.2012-00:00:00,08,01,2012,00,1390.2
08.01.2012-03:00:00,08,01,2012,03,1379.4
08.01.2012-06:00:00,08,01,2012,06,1368.1
08.01.2012-09:00:00,08,01,2012,09,1355.5
08.01.2012-12:00:00,08,01,2012,12,1341.6
08.01.2012-15:00:00,08,01,2012,15,1327
08.01.2012-18:00:00,08,01,2012,18,1313.3
08.01.2012-21:00:00,08,01,2012,21,1301.2
08.02.2012-00:00:00,08,02,2012,00,1290.6
08.02.2012-03:00:00,08,02,2012,03,1280.4
08.02.2012-06:00:00,08,02,2012,06,1269.5
08.02.2012-09:00:00,08,02,2012,09,1257.5
08.02.2012-12:00:00,08,02,2012,12,1244.2
08.02.2012-15:00:00,08,02,2012,15,1230.5
08.02.2012-18:00:00,08,02,2012,18,1217.8
08.02.2012-21:00:00,08,02,2012,21,1206.8
08.03.2012-00:00:00,08,03,2012,00,1197.3
08.03.2012-03:00:00,08,03,2012,03,1188.4
08.03.2012-06:00:00,08,03,2012,06,1179.1
08.03.2012-09:00:00,08,03,2012,09,1168.7
08.03.2012-12:00:00,08,03,2012,12,1157.2
08.03.2012-15:00:00,08,03,2012,15,1145.4
08.03.2012-18:00:00,08,03,2012,18,1134.2
08.03.2012-21:00:00,08,03,2012,21,1124.2
08.04.2012-00:00:00,08,04,2012,00,1115.3
08.04.2012-03:00:00,08,04,2012,03,1106.9
08.04.2012-06:00:00,08,04,2012,06,1098
08.04.2012-09:00:00,08,04,2012,09,1088.5
08.04.2012-12:00:00,08,04,2012,12,1078.6
08.04.2012-15:00:00,08,04,2012,15,1068.6
08.04.2012-18:00:00,08,04,2012,18,1058.9
08.04.2012-21:00:00,08,04,2012,21,1049.8
08.05.2012-00:00:00,08,05,2012,00,1041.2
08.05.2012-03:00:00,08,05,2012,03,1033.1
08.05.2012-06:00:00,08,05,2012,06,1025.1
08.05.2012-09:00:00,08,05,2012,09,1016.9
08.05.2012-12:00:00,08,05,2012,12,1008.5
08.05.2012-15:00:00,08,05,2012,15,999.82
08.05.2012-18:00:00,08,05,2012,18,991.23
08.05.2012-21:00:00,08,05,2012,21,982.92
08.06.2012-00:00:00,08,06,2012,00,974.99
08.06.2012-03:00:00,08,06,2012,03,967.31
08.06.2012-06:00:00,08,06,2012,06,959.68
08.06.2012-09:00:00,08,06,2012,09,951.92
08.06.2012-12:00:00,08,06,2012,12,943.96
08.06.2012-15:00:00,08,06,2012,15,935.89
08.06.2012-18:00:00,08,06,2012,18,927.91
08.06.2012-21:00:00,08,06,2012,21,920.2
08.07.2012-00:00:00,08,07,2012,00,912.83
08.07.2012-03:00:00,08,07,2012,03,905.75
08.07.2012-06:00:00,08,07,2012,06,898.79
08.07.2012-09:00:00,08,07,2012,09,891.76
08.07.2012-12:00:00,08,07,2012,12,884.6
08.07.2012-15:00:00,08,07,2012,15,877.36
08.07.2012-18:00:00,08,07,2012,18,870.18
08.07.2012-21:00:00,08,07,2012,21,863.21
08.08.2012-00:00:00,08,08,2012,00,856.52
08.08.2012-03:00:00,08,08,2012,03,850.02
08.08.2012-06:00:00,08,08,2012,06,843.58
08.08.2012-09:00:00,08,08,2012,09,837.06
08.08.2012-12:00:00,08,08,2012,12,830.45
08.08.2012-15:00:00,08,08,2012,15,823.79
08.08.2012-18:00:00,08,08,2012,18,817.19
08.08.2012-21:00:00,08,08,2012,21,810.77
08.09.2012-00:00:00,08,09,2012,00,804.56
08.09.2012-03:00:00,08,09,2012,03,798.54
08.09.2012-06:00:00,08,09,2012,06,792.59
08.09.2012-09:00:00,08,09,2012,09,786.62
08.09.2012-12:00:00,08,09,2012,12,780.58
08.09.2012-15:00:00,08,09,2012,15,774.49
08.09.2012-18:00:00,08,09,2012,18,768.46
08.09.2012-21:00:00,08,09,2012,21,762.56
08.10.2012-00:00:00,08,10,2012,00,756.85
08.10.2012-03:00:00,08,10,2012,03,751.28
08.10.2012-06:00:00,08,10,2012,06,745.78
08.10.2012-09:00:00,08,10,2012,09,740.25
08.10.2012-12:00:00,08,10,2012,12,734.66
08.10.2012-15:00:00,08,10,2012,15,729.02
08.10.2012-18:00:00,08,10,2012,18,723.43
08.10.2012-21:00:00,08,10,2012,21,717.97
08.11.2012-00:00:00,08,11,2012,00,712.7
08.11.2012-03:00:00,08,11,2012,03,707.56
08.11.2012-06:00:00,08,11,2012,06,702.48
08.11.2012-09:00:00,08,11,2012,09,697.37
08.11.2012-12:00:00,08,11,2012,12,692.18
08.11.2012-15:00:00,08,11,2012,15,686.95
08.11.2012-18:00:00,08,11,2012,18,681.76
08.11.2012-21:00:00,08,11,2012,21,676.69
08.12.2012-00:00:00,08,12,2012,00,671.78
08.12.2012-03:00:00,08,12,2012,03,667.02
08.12.2012-06:00:00,08,12,2012,06,662.34
08.12.2012-09:00:00,08,12,2012,09,657.65
08.12.2012-12:00:00,08,12,2012,12,652.91
08.12.2012-15:00:00,08,12,2012,15,648.11
08.12.2012-18:00:00,08,12,2012,18,643.33
08.12.2012-21:00:00,08,12,2012,21,638.65
08.13.2012-00:00:00,08,13,2012,00,634.1
08.13.2012-03:00:00,08,13,2012,03,629.68
08.13.2012-06:00:00,08,13,2012,06,625.32
08.13.2012-09:00:00,08,13,2012,09,620.97
08.13.2012-12:00:00,08,13,2012,12,616.59
08.13.2012-15:00:00,08,13,2012,15,612.21
08.13.2012-18:00:00,08,13,2012,18,607.86
08.13.2012-21:00:00,08,13,2012,21,603.6
08.14.2012-00:00:00,08,14,2012,00,599.43
08.14.2012-03:00:00,08,14,2012,03,595.35
08.14.2012-06:00:00,08,14,2012,06,591.31
08.14.2012-09:00:00,08,14,2012,09,587.27
08.14.2012-12:00:00,08,14,2012,12,583.18
08.14.2012-15:00:00,08,14,2012,15,579.08
08.14.2012-18:00:00,08,14,2012,18,575
08.14.2012-21:00:00,08,14,2012,21,571
08.15.2012-00:00:00,08,15,2012,00,567.1
08.15.2012-03:00:00,08,15,2012,03,563.28
08.15.2012-06:00:00,08,15,2012,06,559.52
08.15.2012-09:00:00,08,15,2012,09,555.77
08.15.2012-12:00:00,08,15,2012,12,552.02
08.15.2012-15:00:00,08,15,2012,15,548.27
08.15.2012-18:00:00,08,15,2012,18,544.55
08.15.2012-21:00:00,08,15,2012,21,540.88
08.16.2012-00:00:00,08,16,2012,00,537.28
08.16.2012-03:00:00,08,16,2012,03,533.74
08.16.2012-06:00:00,08,16,2012,06,530.26
08.16.2012-09:00:00,08,16,2012,09,526.78
08.16.2012-12:00:00,08,16,2012,12,523.3
08.16.2012-15:00:00,08,16,2012,15,519.82
08.16.2012-18:00:00,08,16,2012,18,516.37
08.16.2012-21:00:00,08,16,2012,21,512.96
08.17.2012-00:00:00,08,17,2012,00,511.07
08.17.2012-03:00:00,08,17,2012,03,511.38
08.17.2012-06:00:00,08,17,2012,06,512.64
08.17.2012-09:00:00,08,17,2012,09,513.54
08.17.2012-12:00:00,08,17,2012,12,513.32
08.17.2012-15:00:00,08,17,2012,15,511.93
08.17.2012-18:00:00,08,17,2012,18,509.9
08.17.2012-21:00:00,08,17,2012,21,507.67
08.18.2012-00:00:00,08,18,2012,00,503.9
08.18.2012-03:00:00,08,18,2012,03,498.18
08.18.2012-06:00:00,08,18,2012,06,491.79
08.18.2012-09:00:00,08,18,2012,09,485.99
08.18.2012-12:00:00,08,18,2012,12,481.34
08.18.2012-15:00:00,08,18,2012,15,477.85
08.18.2012-18:00:00,08,18,2012,18,475.21
08.18.2012-21:00:00,08,18,2012,21,473.11
08.19.2012-00:00:00,08,19,2012,00,471.33
08.19.2012-03:00:00,08,19,2012,03,469.74
08.19.2012-06:00:00,08,19,2012,06,468.26
08.19.2012-09:00:00,08,19,2012,09,466.84
08.19.2012-12:00:00,08,19,2012,12,465.46
08.19.2012-15:00:00,08,19,2012,15,464.13
08.19.2012-18:00:00,08,19,2012,18,462.86
08.19.2012-21:00:00,08,19,2012,21,461.69
08.20.2012-00:00:00,08,20,2012,00,460.63
08.20.2012-03:00:00,08,20,2012,03,459.65
08.20.2012-06:00:00,08,20,2012,06,458.74
08.20.2012-09:00:00,08,20,2012,09,457.87
08.20.2012-12:00:00,08,20,2012,12,457.02
08.20.2012-15:00:00,08,20,2012,15,456.2
08.20.2012-18:00:00,08,20,2012,18,455.42
08.20.2012-21:00:00,08,20,2012,21,454.71
08.21.2012-00:00:00,08,21,2012,00,454.06
08.21.2012-03:00:00,08,21,2012,03,453.47
08.21.2012-06:00:00,08,21,2012,06,452.91
08.21.2012-09:00:00,08,21,2012,09,452.35
08.21.2012-12:00:00,08,21,2012,12,451.8
08.21.2012-15:00:00,08,21,2012,15,451.24
08.21.2012-18:00:00,08,21,2012,18,450.69
08.21.2012-21:00:00,08,21,2012,21,450.18
08.22.2012-00:00:00,08,22,2012,00,449.73
08.22.2012-03:00:00,08,22,2012,03,449.31
08.22.2012-06:00:00,08,22,2012,06,448.91
08.22.2012-09:00:00,08,22,2012,09,448.51
08.22.2012-12:00:00,08,22,2012,12,448.1
08.22.2012-15:00:00,08,22,2012,15,447.68
08.22.2012-18:00:00,08,22,2012,18,447.26
08.22.2012-21:00:00,08,22,2012,21,446.87
08.23.2012-00:00:00,08,23,2012,00,446.6
08.23.2012-03:00:00,08,23,2012,03,446.47
08.23.2012-06:00:00,08,23,2012,06,446.39
08.23.2012-09:00:00,08,23,2012,09,446.28
08.23.2012-12:00:00,08,23,2012,12,446.1
08.23.2012-15:00:00,08,23,2012,15,445.86
08.23.2012-18:00:00,08,23,2012,18,445.58
08.23.2012-21:00:00,08,23,2012,21,445.27
08.24.2012-00:00:00,08,24,2012,00,444.95
08.24.2012-03:00:00,08,24,2012,03,444.62
08.24.2012-06:00:00,08,24,2012,06,444.29
08.24.2012-09:00:00,08,24,2012,09,443.97
08.24.2012-12:00:00,08,24,2012,12,443.59
08.24.2012-15:00:00,08,24,2012,15,443.11
08.24.2012-18:00:00,08,24,2012,18,442.55
08.24.2012-21:00:00,08,24,2012,21,441.94
08.25.2012-00:00:00,08,25,2012,00,441.2
08.25.2012-03:00:00,08,25,2012,03,440.32
08.25.2012-06:00:00,08,25,2012,06,439.36
08.25.2012-09:00:00,08,25,2012,09,438.39
08.25.2012-12:00:00,08,25,2012,12,437.44
08.25.2012-15:00:00,08,25,2012,15,436.49
08.25.2012-18:00:00,08,25,2012,18,435.53
08.25.2012-21:00:00,08,25,2012,21,434.53
08.26.2012-00:00:00,08,26,2012,00,433.48
08.26.2012-03:00:00,08,26,2012,03,432.37
08.26.2012-06:00:00,08,26,2012,06,431.2
08.26.2012-09:00:00,08,26,2012,09,429.97
08.26.2012-12:00:00,08,26,2012,12,428.66
08.26.2012-15:00:00,08,26,2012,15,427.3
08.26.2012-18:00:00,08,26,2012,18,425.87
08.26.2012-21:00:00,08,26,2012,21,424.39
08.27.2012-00:00:00,08,27,2012,00,422.85
08.27.2012-03:00:00,08,27,2012,03,421.27
08.27.2012-06:00:00,08,27,2012,06,419.64
08.27.2012-09:00:00,08,27,2012,09,417.96
08.27.2012-12:00:00,08,27,2012,12,416.23
08.27.2012-15:00:00,08,27,2012,15,414.45
08.27.2012-18:00:00,08,27,2012,18,412.62
08.27.2012-21:00:00,08,27,2012,21,410.74
08.28.2012-00:00:00,08,28,2012,00,408.83
08.28.2012-03:00:00,08,28,2012,03,406.89
08.28.2012-06:00:00,08,28,2012,06,404.92
08.28.2012-09:00:00,08,28,2012,09,402.92
08.28.2012-12:00:00,08,28,2012,12,400.9
08.28.2012-15:00:00,08,28,2012,15,398.86
08.28.2012-18:00:00,08,28,2012,18,396.78
08.28.2012-21:00:00,08,28,2012,21,394.68
08.29.2012-00:00:00,08,29,2012,00,392.56
08.29.2012-03:00:00,08,29,2012,03,390.43
08.29.2012-06:00:00,08,29,2012,06,388.3
08.29.2012-09:00:00,08,29,2012,09,386.15
08.29.2012-12:00:00,08,29,2012,12,383.98
08.29.2012-15:00:00,08,29,2012,15,381.81
08.29.2012-18:00:00,08,29,2012,18,379.63
08.29.2012-21:00:00,08,29,2012,21,377.44
08.30.2012-00:00:00,08,30,2012,00,375.25
08.30.2012-03:00:00,08,30,2012,03,373.07
08.30.2012-06:00:00,08,30,2012,06,370.88
08.30.2012-09:00:00,08,30,2012,09,368.69
08.30.2012-12:00:00,08,30,2012,12,366.51
08.30.2012-15:00:00,08,30,2012,15,364.33
08.30.2012-18:00:00,08,30,2012,18,362.16
08.30.2012-21:00:00,08,30,2012,21,359.99
08.31.2012-00:00:00,08,31,2012,00,357.82
08.31.2012-03:00:00,08,31,2012,03,355.67
08.31.2012-06:00:00,08,31,2012,06,353.52
08.31.2012-09:00:00,08,31,2012,09,351.39
08.31.2012-12:00:00,08,31,2012,12,349.26
08.31.2012-15:00:00,08,31,2012,15,347.15
08.31.2012-18:00:00,08,31,2012,18,345.03
08.31.2012-21:00:00,08,31,2012,21,342.93
09.01.2012-00:00:00,09,01,2012,00,340.83
09.01.2012-03:00:00,09,01,2012,03,338.74
09.01.2012-06:00:00,09,01,2012,06,336.66
09.01.2012-09:00:00,09,01,2012,09,334.6
09.01.2012-12:00:00,09,01,2012,12,332.55
09.01.2012-15:00:00,09,01,2012,15,330.51
09.01.2012-18:00:00,09,01,2012,18,328.49
09.01.2012-21:00:00,09,01,2012,21,326.47
09.02.2012-00:00:00,09,02,2012,00,324.47
09.02.2012-03:00:00,09,02,2012,03,322.49
09.02.2012-06:00:00,09,02,2012,06,320.52
09.02.2012-09:00:00,09,02,2012,09,318.56
09.02.2012-12:00:00,09,02,2012,12,316.62
09.02.2012-15:00:00,09,02,2012,15,314.7
09.02.2012-18:00:00,09,02,2012,18,312.8
09.02.2012-21:00:00,09,02,2012,21,310.91
09.03.2012-00:00:00,09,03,2012,00,309.03
09.03.2012-03:00:00,09,03,2012,03,307.17
09.03.2012-06:00:00,09,03,2012,06,305.33
09.03.2012-09:00:00,09,03,2012,09,303.51
09.03.2012-12:00:00,09,03,2012,12,301.7
09.03.2012-15:00:00,09,03,2012,15,299.91
09.03.2012-18:00:00,09,03,2012,18,298.12
09.03.2012-21:00:00,09,03,2012,21,296.35
09.04.2012-00:00:00,09,04,2012,00,294.59
09.04.2012-03:00:00,09,04,2012,03,292.84
09.04.2012-06:00:00,09,04,2012,06,291.11
09.04.2012-09:00:00,09,04,2012,09,289.38
09.04.2012-12:00:00,09,04,2012,12,287.68
09.04.2012-15:00:00,09,04,2012,15,285.98
09.04.2012-18:00:00,09,04,2012,18,284.3
09.04.2012-21:00:00,09,04,2012,21,282.64
09.05.2012-00:00:00,09,05,2012,00,280.99
09.05.2012-03:00:00,09,05,2012,03,279.35
09.05.2012-06:00:00,09,05,2012,06,277.73
09.05.2012-09:00:00,09,05,2012,09,276.12
09.05.2012-12:00:00,09,05,2012,12,274.53
09.05.2012-15:00:00,09,05,2012,15,272.95
09.05.2012-18:00:00,09,05,2012,18,271.39
09.05.2012-21:00:00,09,05,2012,21,269.84
09.06.2012-00:00:00,09,06,2012,00,268.29
09.06.2012-03:00:00,09,06,2012,03,266.76
09.06.2012-06:00:00,09,06,2012,06,265.24
09.06.2012-09:00:00,09,06,2012,09,263.73
09.06.2012-12:00:00,09,06,2012,12,262.23
09.06.2012-15:00:00,09,06,2012,15,260.74
09.06.2012-18:00:00,09,06,2012,18,259.27
09.06.2012-21:00:00,09,06,2012,21,257.8
09.07.2012-00:00:00,09,07,2012,00,256.35
09.07.2012-03:00:00,09,07,2012,03,254.91
09.07.2012-06:00:00,09,07,2012,06,253.49
09.07.2012-09:00:00,09,07,2012,09,252.07
09.07.2012-12:00:00,09,07,2012,12,250.67
09.07.2012-15:00:00,09,07,2012,15,249.29
09.07.2012-18:00:00,09,07,2012,18,247.91
09.07.2012-21:00:00,09,07,2012,21,246.55
09.08.2012-00:00:00,09,08,2012,00,245.21
09.08.2012-03:00:00,09,08,2012,03,243.87
09.08.2012-06:00:00,09,08,2012,06,242.55
09.08.2012-09:00:00,09,08,2012,09,241.24
09.08.2012-12:00:00,09,08,2012,12,239.94
09.08.2012-15:00:00,09,08,2012,15,238.65
09.08.2012-18:00:00,09,08,2012,18,237.37
09.08.2012-21:00:00,09,08,2012,21,236.09
09.09.2012-00:00:00,09,09,2012,00,234.83
09.09.2012-03:00:00,09,09,2012,03,233.58
09.09.2012-06:00:00,09,09,2012,06,232.34
09.09.2012-09:00:00,09,09,2012,09,231.12
09.09.2012-12:00:00,09,09,2012,12,229.9
09.09.2012-15:00:00,09,09,2012,15,228.69
09.09.2012-18:00:00,09,09,2012,18,227.5
09.09.2012-21:00:00,09,09,2012,21,226.31
09.10.2012-00:00:00,09,10,2012,00,225.13
09.10.2012-03:00:00,09,10,2012,03,223.96
09.10.2012-06:00:00,09,10,2012,06,222.8
09.10.2012-09:00:00,09,10,2012,09,221.65
09.10.2012-12:00:00,09,10,2012,12,220.51
09.10.2012-15:00:00,09,10,2012,15,219.38
09.10.2012-18:00:00,09,10,2012,18,218.26
09.10.2012-21:00:00,09,10,2012,21,217.14
09.11.2012-00:00:00,09,11,2012,00,216.13
09.11.2012-03:00:00,09,11,2012,03,215.24
09.11.2012-06:00:00,09,11,2012,06,214.39
09.11.2012-09:00:00,09,11,2012,09,213.51
09.11.2012-12:00:00,09,11,2012,12,212.57
09.11.2012-15:00:00,09,11,2012,15,211.59
09.11.2012-18:00:00,09,11,2012,18,210.58
09.11.2012-21:00:00,09,11,2012,21,209.56
09.12.2012-00:00:00,09,12,2012,00,208.44
09.12.2012-03:00:00,09,12,2012,03,207.21
09.12.2012-06:00:00,09,12,2012,06,205.94
09.12.2012-09:00:00,09,12,2012,09,204.73
09.12.2012-12:00:00,09,12,2012,12,203.59
09.12.2012-15:00:00,09,12,2012,15,202.51
09.12.2012-18:00:00,09,12,2012,18,201.48
09.12.2012-21:00:00,09,12,2012,21,200.49
09.13.2012-00:00:00,09,13,2012,00,199.51
09.13.2012-03:00:00,09,13,2012,03,198.55
09.13.2012-06:00:00,09,13,2012,06,197.6
09.13.2012-09:00:00,09,13,2012,09,196.66
09.13.2012-12:00:00,09,13,2012,12,195.72
09.13.2012-15:00:00,09,13,2012,15,194.79
09.13.2012-18:00:00,09,13,2012,18,193.88
09.13.2012-21:00:00,09,13,2012,21,192.97
09.14.2012-00:00:00,09,14,2012,00,192.07
09.14.2012-03:00:00,09,14,2012,03,191.17
09.14.2012-06:00:00,09,14,2012,06,190.28
09.14.2012-09:00:00,09,14,2012,09,189.39
09.14.2012-12:00:00,09,14,2012,12,188.51
09.14.2012-15:00:00,09,14,2012,15,187.63
09.14.2012-18:00:00,09,14,2012,18,186.76
09.14.2012-21:00:00,09,14,2012,21,185.89
09.15.2012-00:00:00,09,15,2012,00,185.04
09.15.2012-03:00:00,09,15,2012,03,184.18
09.15.2012-06:00:00,09,15,2012,06,183.33
09.15.2012-09:00:00,09,15,2012,09,182.49
09.15.2012-12:00:00,09,15,2012,12,181.65
09.15.2012-15:00:00,09,15,2012,15,180.82
09.15.2012-18:00:00,09,15,2012,18,179.99
09.15.2012-21:00:00,09,15,2012,21,179.17
09.16.2012-00:00:00,09,16,2012,00,178.36
09.16.2012-03:00:00,09,16,2012,03,177.55
09.16.2012-06:00:00,09,16,2012,06,176.74
09.16.2012-09:00:00,09,16,2012,09,175.94
09.16.2012-12:00:00,09,16,2012,12,175.15
09.16.2012-15:00:00,09,16,2012,15,174.36
09.16.2012-18:00:00,09,16,2012,18,173.58
09.16.2012-21:00:00,09,16,2012,21,172.8
09.17.2012-00:00:00,09,17,2012,00,172.03
09.17.2012-03:00:00,09,17,2012,03,171.26
09.17.2012-06:00:00,09,17,2012,06,170.5
09.17.2012-09:00:00,09,17,2012,09,169.74
09.17.2012-12:00:00,09,17,2012,12,168.98
09.17.2012-15:00:00,09,17,2012,15,168.23
09.17.2012-18:00:00,09,17,2012,18,167.49
09.17.2012-21:00:00,09,17,2012,21,166.75
09.18.2012-00:00:00,09,18,2012,00,166.01
09.18.2012-03:00:00,09,18,2012,03,165.28
09.18.2012-06:00:00,09,18,2012,06,164.56
09.18.2012-09:00:00,09,18,2012,09,163.83
09.18.2012-12:00:00,09,18,2012,12,163.12
09.18.2012-15:00:00,09,18,2012,15,162.4
09.18.2012-18:00:00,09,18,2012,18,161.7
09.18.2012-21:00:00,09,18,2012,21,160.99
09.19.2012-00:00:00,09,19,2012,00,160.29
09.19.2012-03:00:00,09,19,2012,03,159.6
09.19.2012-06:00:00,09,19,2012,06,158.91
09.19.2012-09:00:00,09,19,2012,09,158.22
09.19.2012-12:00:00,09,19,2012,12,157.54
09.19.2012-15:00:00,09,19,2012,15,156.86
09.19.2012-18:00:00,09,19,2012,18,156.19
09.19.2012-21:00:00,09,19,2012,21,155.52
09.20.2012-00:00:00,09,20,2012,00,154.86
09.20.2012-03:00:00,09,20,2012,03,154.2
09.20.2012-06:00:00,09,20,2012,06,153.54
09.20.2012-09:00:00,09,20,2012,09,152.89
09.20.2012-12:00:00,09,20,2012,12,152.24
09.20.2012-15:00:00,09,20,2012,15,151.6
09.20.2012-18:00:00,09,20,2012,18,150.96
09.20.2012-21:00:00,09,20,2012,21,150.33
09.21.2012-00:00:00,09,21,2012,00,149.69
09.21.2012-03:00:00,09,21,2012,03,149.07
09.21.2012-06:00:00,09,21,2012,06,148.44
09.21.2012-09:00:00,09,21,2012,09,147.82
09.21.2012-12:00:00,09,21,2012,12,147.21
09.21.2012-15:00:00,09,21,2012,15,146.6
09.21.2012-18:00:00,09,21,2012,18,145.99
09.21.2012-21:00:00,09,21,2012,21,145.38
09.22.2012-00:00:00,09,22,2012,00,144.78
09.22.2012-03:00:00,09,22,2012,03,144.18
09.22.2012-06:00:00,09,22,2012,06,143.59
09.22.2012-09:00:00,09,22,2012,09,143
09.22.2012-12:00:00,09,22,2012,12,142.41
09.22.2012-15:00:00,09,22,2012,15,141.83
09.22.2012-18:00:00,09,22,2012,18,141.25
09.22.2012-21:00:00,09,22,2012,21,140.67
09.23.2012-00:00:00,09,23,2012,00,140.1
09.23.2012-03:00:00,09,23,2012,03,139.53
09.23.2012-06:00:00,09,23,2012,06,138.96
09.23.2012-09:00:00,09,23,2012,09,138.4
09.23.2012-12:00:00,09,23,2012,12,137.84
09.23.2012-15:00:00,09,23,2012,15,137.29
09.23.2012-18:00:00,09,23,2012,18,136.74
09.23.2012-21:00:00,09,23,2012,21,136.19
09.24.2012-00:00:00,09,24,2012,00,135.64
09.24.2012-03:00:00,09,24,2012,03,135.1
09.24.2012-06:00:00,09,24,2012,06,134.56
09.24.2012-09:00:00,09,24,2012,09,134.02
09.24.2012-12:00:00,09,24,2012,12,133.49
09.24.2012-15:00:00,09,24,2012,15,132.96
09.24.2012-18:00:00,09,24,2012,18,132.43
09.24.2012-21:00:00,09,24,2012,21,131.91
09.25.2012-00:00:00,09,25,2012,00,131.38
09.25.2012-03:00:00,09,25,2012,03,130.86
09.25.2012-06:00:00,09,25,2012,06,130.35
09.25.2012-09:00:00,09,25,2012,09,129.83
09.25.2012-12:00:00,09,25,2012,12,129.32
09.25.2012-15:00:00,09,25,2012,15,128.82
09.25.2012-18:00:00,09,25,2012,18,128.31
09.25.2012-21:00:00,09,25,2012,21,127.81
09.26.2012-00:00:00,09,26,2012,00,127.31
09.26.2012-03:00:00,09,26,2012,03,126.82
09.26.2012-06:00:00,09,26,2012,06,126.33
09.26.2012-09:00:00,09,26,2012,09,125.84
09.26.2012-12:00:00,09,26,2012,12,125.35
09.26.2012-15:00:00,09,26,2012,15,124.86
09.26.2012-18:00:00,09,26,2012,18,124.38
09.26.2012-21:00:00,09,26,2012,21,123.9
09.27.2012-00:00:00,09,27,2012,00,123.42
09.27.2012-03:00:00,09,27,2012,03,122.95
09.27.2012-06:00:00,09,27,2012,06,122.47
09.27.2012-09:00:00,09,27,2012,09,122.01
09.27.2012-12:00:00,09,27,2012,12,121.54
09.27.2012-15:00:00,09,27,2012,15,121.07
09.27.2012-18:00:00,09,27,2012,18,120.61
09.27.2012-21:00:00,09,27,2012,21,120.16
09.28.2012-00:00:00,09,28,2012,00,119.7
09.28.2012-03:00:00,09,28,2012,03,119.25
09.28.2012-06:00:00,09,28,2012,06,118.8
09.28.2012-09:00:00,09,28,2012,09,118.35
09.28.2012-12:00:00,09,28,2012,12,117.9
09.28.2012-15:00:00,09,28,2012,15,117.46
09.28.2012-18:00:00,09,28,2012,18,117.01
09.28.2012-21:00:00,09,28,2012,21,116.58
09.29.2012-00:00:00,09,29,2012,00,116.14
09.29.2012-03:00:00,09,29,2012,03,115.7
09.29.2012-06:00:00,09,29,2012,06,115.27
09.29.2012-09:00:00,09,29,2012,09,114.84
09.29.2012-12:00:00,09,29,2012,12,114.42
09.29.2012-15:00:00,09,29,2012,15,113.99
09.29.2012-18:00:00,09,29,2012,18,113.57
09.29.2012-21:00:00,09,29,2012,21,113.15
09.30.2012-00:00:00,09,30,2012,00,112.73
09.30.2012-03:00:00,09,30,2012,03,112.31
09.30.2012-06:00:00,09,30,2012,06,111.9
09.30.2012-09:00:00,09,30,2012,09,111.48
09.30.2012-12:00:00,09,30,2012,12,111.07
09.30.2012-15:00:00,09,30,2012,15,110.67
09.30.2012-18:00:00,09,30,2012,18,110.26
09.30.2012-21:00:00,09,30,2012,21,109.86
