TIMESTAMP,MONTH,DAY,YEAR,HOUR,C
10.01.2001-00:00:00,10,01,2001,00,81.11
10.01.2001-03:00:00,10,01,2001,03,80.941
10.01.2001-06:00:00,10,01,2001,06,73.954
10.01.2001-09:00:00,10,01,2001,09,50.545
10.01.2001-12:00:00,10,01,2001,12,50.809
10.01.2001-15:00:00,10,01,2001,15,67.249
10.01.2001-18:00:00,10,01,2001,18,76.634
10.01.2001-21:00:00,10,01,2001,21,79.755
10.02.2001-00:00:00,10,02,2001,00,79.694
10.02.2001-03:00:00,10,02,2001,03,79.534
10.02.2001-06:00:00,10,02,2001,06,71.513
10.02.2001-09:00:00,10,02,2001,09,48.075
10.02.2001-12:00:00,10,02,2001,12,49.928
10.02.2001-15:00:00,10,02,2001,15,64.358
10.02.2001-18:00:00,10,02,2001,18,74.534
10.02.2001-21:00:00,10,02,2001,21,77.422
10.03.2001-00:00:00,10,03,2001,00,77.423
10.03.2001-03:00:00,10,03,2001,03,77.338
10.03.2001-06:00:00,10,03,2001,06,76.703
10.03.2001-09:00:00,10,03,2001,09,51.125
10.03.2001-12:00:00,10,03,2001,12,50.026
10.03.2001-15:00:00,10,03,2001,15,63.536
10.03.2001-18:00:00,10,03,2001,18,74.01
10.03.2001-21:00:00,10,03,2001,21,76.6
10.04.2001-00:00:00,10,04,2001,00,76.611
10.04.2001-03:00:00,10,04,2001,03,76.53
10.04.2001-06:00:00,10,04,2001,06,75.937
10.04.2001-09:00:00,10,04,2001,09,51.25
10.04.2001-12:00:00,10,04,2001,12,50.384
10.04.2001-15:00:00,10,04,2001,15,64.376
10.04.2001-18:00:00,10,04,2001,18,74.181
10.04.2001-21:00:00,10,04,2001,21,75.974
10.05.2001-00:00:00,10,05,2001,00,75.962
10.05.2001-03:00:00,10,05,2001,03,75.871
10.05.2001-06:00:00,10,05,2001,06,75.46
10.05.2001-09:00:00,10,05,2001,09,51.924
10.05.2001-12:00:00,10,05,2001,12,51.394
10.05.2001-15:00:00,10,05,2001,15,65.123
10.05.2001-18:00:00,10,05,2001,18,74.778
10.05.2001-21:00:00,10,05,2001,21,75.533
10.06.2001-00:00:00,10,06,2001,00,75.465
10.06.2001-03:00:00,10,06,2001,03,75.413
10.06.2001-06:00:00,10,06,2001,06,75.056
10.06.2001-09:00:00,10,06,2001,09,53.534
10.06.2001-12:00:00,10,06,2001,12,54.02
10.06.2001-15:00:00,10,06,2001,15,67.488
10.06.2001-18:00:00,10,06,2001,18,74.63
10.06.2001-21:00:00,10,06,2001,21,75.206
10.07.2001-00:00:00,10,07,2001,00,75.152
10.07.2001-03:00:00,10,07,2001,03,75.183
10.07.2001-06:00:00,10,07,2001,06,76.165
10.07.2001-09:00:00,10,07,2001,09,56.882
10.07.2001-12:00:00,10,07,2001,12,57.373
10.07.2001-15:00:00,10,07,2001,15,70.272
10.07.2001-18:00:00,10,07,2001,18,74.608
10.07.2001-21:00:00,10,07,2001,21,75.81
10.08.2001-00:00:00,10,08,2001,00,77.254
10.08.2001-03:00:00,10,08,2001,03,77.267
10.08.2001-06:00:00,10,08,2001,06,77.322
10.08.2001-09:00:00,10,08,2001,09,79.918
10.08.2001-12:00:00,10,08,2001,12,65.753
10.08.2001-15:00:00,10,08,2001,15,73.03
10.08.2001-18:00:00,10,08,2001,18,77.106
10.08.2001-21:00:00,10,08,2001,21,77.542
10.09.2001-00:00:00,10,09,2001,00,77.705
10.09.2001-03:00:00,10,09,2001,03,77.752
10.09.2001-06:00:00,10,09,2001,06,80.879
10.09.2001-09:00:00,10,09,2001,09,68.549
10.09.2001-12:00:00,10,09,2001,12,58.542
10.09.2001-15:00:00,10,09,2001,15,72.03
10.09.2001-18:00:00,10,09,2001,18,75.416
10.09.2001-21:00:00,10,09,2001,21,77.208
10.10.2001-00:00:00,10,10,2001,00,79.137
10.10.2001-03:00:00,10,10,2001,03,79.177
10.10.2001-06:00:00,10,10,2001,06,79.219
10.10.2001-09:00:00,10,10,2001,09,119.31
10.10.2001-12:00:00,10,10,2001,12,119.46
10.10.2001-15:00:00,10,10,2001,15,85.314
10.10.2001-18:00:00,10,10,2001,18,80.171
10.10.2001-21:00:00,10,10,2001,21,80.204
10.11.2001-00:00:00,10,11,2001,00,80.535
10.11.2001-03:00:00,10,11,2001,03,80.719
10.11.2001-06:00:00,10,11,2001,06,80.977
10.11.2001-09:00:00,10,11,2001,09,117.61
10.11.2001-12:00:00,10,11,2001,12,130.91
10.11.2001-15:00:00,10,11,2001,15,88.356
10.11.2001-18:00:00,10,11,2001,18,82.763
10.11.2001-21:00:00,10,11,2001,21,82.961
10.12.2001-00:00:00,10,12,2001,00,83.42
10.12.2001-03:00:00,10,12,2001,03,83.796
10.12.2001-06:00:00,10,12,2001,06,84.177
10.12.2001-09:00:00,10,12,2001,09,102.09
10.12.2001-12:00:00,10,12,2001,12,138.63
10.12.2001-15:00:00,10,12,2001,15,104.49
10.12.2001-18:00:00,10,12,2001,18,90.08
10.12.2001-21:00:00,10,12,2001,21,93.525
10.13.2001-00:00:00,10,13,2001,00,86.667
10.13.2001-03:00:00,10,13,2001,03,93.433
10.13.2001-06:00:00,10,13,2001,06,107.33
10.13.2001-09:00:00,10,13,2001,09,173.67
10.13.2001-12:00:00,10,13,2001,12,127.04
10.13.2001-15:00:00,10,13,2001,15,104.55
10.13.2001-18:00:00,10,13,2001,18,110.98
10.13.2001-21:00:00,10,13,2001,21,90.486
10.14.2001-00:00:00,10,14,2001,00,100.37
10.14.2001-03:00:00,10,14,2001,03,89.905
10.14.2001-06:00:00,10,14,2001,06,95.987
10.14.2001-09:00:00,10,14,2001,09,99.043
10.14.2001-12:00:00,10,14,2001,12,82.108
10.14.2001-15:00:00,10,14,2001,15,96.193
10.14.2001-18:00:00,10,14,2001,18,88.929
10.14.2001-21:00:00,10,14,2001,21,88.554
10.15.2001-00:00:00,10,15,2001,00,88.515
10.15.2001-03:00:00,10,15,2001,03,88.341
10.15.2001-06:00:00,10,15,2001,06,88.217
10.15.2001-09:00:00,10,15,2001,09,89.2
10.15.2001-12:00:00,10,15,2001,12,74
10.15.2001-15:00:00,10,15,2001,15,83.758
10.15.2001-18:00:00,10,15,2001,18,93.832
10.15.2001-21:00:00,10,15,2001,21,87.662
10.16.2001-00:00:00,10,16,2001,00,87.415
10.16.2001-03:00:00,10,16,2001,03,87.249
10.16.2001-06:00:00,10,16,2001,06,86.904
10.16.2001-09:00:00,10,16,2001,09,66.055
10.16.2001-12:00:00,10,16,2001,12,66.24
10.16.2001-15:00:00,10,16,2001,15,78.624
10.16.2001-18:00:00,10,16,2001,18,83.695
10.16.2001-21:00:00,10,16,2001,21,86.171
10.17.2001-00:00:00,10,17,2001,00,86.035
10.17.2001-03:00:00,10,17,2001,03,85.865
10.17.2001-06:00:00,10,17,2001,06,85.434
10.17.2001-09:00:00,10,17,2001,09,75.129
10.17.2001-12:00:00,10,17,2001,12,74.157
10.17.2001-15:00:00,10,17,2001,15,81.776
10.17.2001-18:00:00,10,17,2001,18,84.688
10.17.2001-21:00:00,10,17,2001,21,85.205
10.18.2001-00:00:00,10,18,2001,00,85.014
10.18.2001-03:00:00,10,18,2001,03,84.986
10.18.2001-06:00:00,10,18,2001,06,84.641
10.18.2001-09:00:00,10,18,2001,09,65.129
10.18.2001-12:00:00,10,18,2001,12,64.819
10.18.2001-15:00:00,10,18,2001,15,77.593
10.18.2001-18:00:00,10,18,2001,18,82.964
10.18.2001-21:00:00,10,18,2001,21,84.281
10.19.2001-00:00:00,10,19,2001,00,84.075
10.19.2001-03:00:00,10,19,2001,03,83.961
10.19.2001-06:00:00,10,19,2001,06,83.786
10.19.2001-09:00:00,10,19,2001,09,81.272
10.19.2001-12:00:00,10,19,2001,12,69.287
10.19.2001-15:00:00,10,19,2001,15,79.742
10.19.2001-18:00:00,10,19,2001,18,83.245
10.19.2001-21:00:00,10,19,2001,21,83.567
10.20.2001-00:00:00,10,20,2001,00,83.379
10.20.2001-03:00:00,10,20,2001,03,83.424
10.20.2001-06:00:00,10,20,2001,06,83.263
10.20.2001-09:00:00,10,20,2001,09,80.085
10.20.2001-12:00:00,10,20,2001,12,68.779
10.20.2001-15:00:00,10,20,2001,15,79.436
10.20.2001-18:00:00,10,20,2001,18,82.759
10.20.2001-21:00:00,10,20,2001,21,83.124
10.21.2001-00:00:00,10,21,2001,00,82.941
10.21.2001-03:00:00,10,21,2001,03,82.975
10.21.2001-06:00:00,10,21,2001,06,82.814
10.21.2001-09:00:00,10,21,2001,09,109.75
10.21.2001-12:00:00,10,21,2001,12,83.111
10.21.2001-15:00:00,10,21,2001,15,81.844
10.21.2001-18:00:00,10,21,2001,18,82.968
10.21.2001-21:00:00,10,21,2001,21,83.168
10.22.2001-00:00:00,10,22,2001,00,83.176
10.22.2001-03:00:00,10,22,2001,03,83.312
10.22.2001-06:00:00,10,22,2001,06,83.265
10.22.2001-09:00:00,10,22,2001,09,83.361
10.22.2001-12:00:00,10,22,2001,12,83.049
10.22.2001-15:00:00,10,22,2001,15,83.375
10.22.2001-18:00:00,10,22,2001,18,83.321
10.22.2001-21:00:00,10,22,2001,21,83.391
10.23.2001-00:00:00,10,23,2001,00,83.326
10.23.2001-03:00:00,10,23,2001,03,83.393
10.23.2001-06:00:00,10,23,2001,06,83.324
10.23.2001-09:00:00,10,23,2001,09,83.685
10.23.2001-12:00:00,10,23,2001,12,138.66
10.23.2001-15:00:00,10,23,2001,15,91.426
10.23.2001-18:00:00,10,23,2001,18,83.713
10.23.2001-21:00:00,10,23,2001,21,83.698
10.24.2001-00:00:00,10,24,2001,00,83.696
10.24.2001-03:00:00,10,24,2001,03,83.865
10.24.2001-06:00:00,10,24,2001,06,83.869
10.24.2001-09:00:00,10,24,2001,09,82.862
10.24.2001-12:00:00,10,24,2001,12,83.02
10.24.2001-15:00:00,10,24,2001,15,83.907
10.24.2001-18:00:00,10,24,2001,18,83.843
10.24.2001-21:00:00,10,24,2001,21,83.886
10.25.2001-00:00:00,10,25,2001,00,83.793
10.25.2001-03:00:00,10,25,2001,03,83.832
10.25.2001-06:00:00,10,25,2001,06,83.734
10.25.2001-09:00:00,10,25,2001,09,83.61
10.25.2001-12:00:00,10,25,2001,12,83.444
10.25.2001-15:00:00,10,25,2001,15,83.662
10.25.2001-18:00:00,10,25,2001,18,83.594
10.25.2001-21:00:00,10,25,2001,21,83.628
10.26.2001-00:00:00,10,26,2001,00,83.524
10.26.2001-03:00:00,10,26,2001,03,83.555
10.26.2001-06:00:00,10,26,2001,06,83.451
10.26.2001-09:00:00,10,26,2001,09,83.289
10.26.2001-12:00:00,10,26,2001,12,83.179
10.26.2001-15:00:00,10,26,2001,15,83.346
10.26.2001-18:00:00,10,26,2001,18,83.288
10.26.2001-21:00:00,10,26,2001,21,83.316
10.27.2001-00:00:00,10,27,2001,00,83.208
10.27.2001-03:00:00,10,27,2001,03,83.234
10.27.2001-06:00:00,10,27,2001,06,83.126
10.27.2001-09:00:00,10,27,2001,09,81.28
10.27.2001-12:00:00,10,27,2001,12,81.997
10.27.2001-15:00:00,10,27,2001,15,82.917
10.27.2001-18:00:00,10,27,2001,18,82.899
10.27.2001-21:00:00,10,27,2001,21,82.925
10.28.2001-00:00:00,10,28,2001,00,82.815
10.28.2001-03:00:00,10,28,2001,03,82.838
10.28.2001-06:00:00,10,28,2001,06,82.727
10.28.2001-09:00:00,10,28,2001,09,81.664
10.28.2001-12:00:00,10,28,2001,12,81.863
10.28.2001-15:00:00,10,28,2001,15,82.624
10.28.2001-18:00:00,10,28,2001,18,82.527
10.28.2001-21:00:00,10,28,2001,21,82.547
10.29.2001-00:00:00,10,29,2001,00,82.433
10.29.2001-03:00:00,10,29,2001,03,82.453
10.29.2001-06:00:00,10,29,2001,06,82.339
10.29.2001-09:00:00,10,29,2001,09,82.358
10.29.2001-12:00:00,10,29,2001,12,81.77
10.29.2001-15:00:00,10,29,2001,15,82.241
10.29.2001-18:00:00,10,29,2001,18,82.135
10.29.2001-21:00:00,10,29,2001,21,82.153
10.30.2001-00:00:00,10,30,2001,00,82.035
10.30.2001-03:00:00,10,30,2001,03,82.052
10.30.2001-06:00:00,10,30,2001,06,81.934
10.30.2001-09:00:00,10,30,2001,09,81.95
10.30.2001-12:00:00,10,30,2001,12,81.831
10.30.2001-15:00:00,10,30,2001,15,81.846
10.30.2001-18:00:00,10,30,2001,18,81.727
10.30.2001-21:00:00,10,30,2001,21,81.742
10.31.2001-00:00:00,10,31,2001,00,81.622
10.31.2001-03:00:00,10,31,2001,03,81.636
10.31.2001-06:00:00,10,31,2001,06,81.515
10.31.2001-09:00:00,10,31,2001,09,81.298
10.31.2001-12:00:00,10,31,2001,12,81.124
10.31.2001-15:00:00,10,31,2001,15,81.408
10.31.2001-18:00:00,10,31,2001,18,81.294
10.31.2001-21:00:00,10,31,2001,21,80.223
11.01.2001-00:00:00,11,01,2001,00,81.163
11.01.2001-03:00:00,11,01,2001,03,80.124
11.01.2001-06:00:00,11,01,2001,06,81.069
11.01.2001-09:00:00,11,01,2001,09,79.029
11.01.2001-12:00:00,11,01,2001,12,80.573
11.01.2001-15:00:00,11,01,2001,15,79.91
11.01.2001-18:00:00,11,01,2001,18,79.784
11.01.2001-21:00:00,11,01,2001,21,80.89
11.02.2001-00:00:00,11,02,2001,00,79.716
11.02.2001-03:00:00,11,02,2001,03,80.786
11.02.2001-06:00:00,11,02,2001,06,79.616
11.02.2001-09:00:00,11,02,2001,09,78.668
11.02.2001-12:00:00,11,02,2001,12,79.19
11.02.2001-15:00:00,11,02,2001,15,79.426
11.02.2001-18:00:00,11,02,2001,18,79.358
11.02.2001-21:00:00,11,02,2001,21,79.369
11.03.2001-00:00:00,11,03,2001,00,79.265
11.03.2001-03:00:00,11,03,2001,03,80.367
11.03.2001-06:00:00,11,03,2001,06,79.193
11.03.2001-09:00:00,11,03,2001,09,77.608
11.03.2001-12:00:00,11,03,2001,12,79.81
11.03.2001-15:00:00,11,03,2001,15,79.066
11.03.2001-18:00:00,11,03,2001,18,78.933
11.03.2001-21:00:00,11,03,2001,21,78.943
11.04.2001-00:00:00,11,04,2001,00,78.838
11.04.2001-03:00:00,11,04,2001,03,78.849
11.04.2001-06:00:00,11,04,2001,06,78.745
11.04.2001-09:00:00,11,04,2001,09,78.031
11.04.2001-12:00:00,11,04,2001,12,78.276
11.04.2001-15:00:00,11,04,2001,15,78.558
11.04.2001-18:00:00,11,04,2001,18,78.512
11.04.2001-21:00:00,11,04,2001,21,78.525
11.05.2001-00:00:00,11,05,2001,00,78.424
11.05.2001-03:00:00,11,05,2001,03,78.439
11.05.2001-06:00:00,11,05,2001,06,78.342
11.05.2001-09:00:00,11,05,2001,09,76.832
11.05.2001-12:00:00,11,05,2001,12,77.937
11.05.2001-15:00:00,11,05,2001,15,78.228
11.05.2001-18:00:00,11,05,2001,18,78.168
11.05.2001-21:00:00,11,05,2001,21,78.189
11.06.2001-00:00:00,11,06,2001,00,78.097
11.06.2001-03:00:00,11,06,2001,03,78.12
11.06.2001-06:00:00,11,06,2001,06,78.03
11.06.2001-09:00:00,11,06,2001,09,79.144
11.06.2001-12:00:00,11,06,2001,12,77.864
11.06.2001-15:00:00,11,06,2001,15,77.966
11.06.2001-18:00:00,11,06,2001,18,77.884
11.06.2001-21:00:00,11,06,2001,21,77.911
11.07.2001-00:00:00,11,07,2001,00,77.824
11.07.2001-03:00:00,11,07,2001,03,78.941
11.07.2001-06:00:00,11,07,2001,06,77.788
11.07.2001-09:00:00,11,07,2001,09,77.778
11.07.2001-12:00:00,11,07,2001,12,77.696
11.07.2001-15:00:00,11,07,2001,15,77.726
11.07.2001-18:00:00,11,07,2001,18,77.642
11.07.2001-21:00:00,11,07,2001,21,77.673
11.08.2001-00:00:00,11,08,2001,00,77.59
11.08.2001-03:00:00,11,08,2001,03,77.621
11.08.2001-06:00:00,11,08,2001,06,77.539
11.08.2001-09:00:00,11,08,2001,09,77.57
11.08.2001-12:00:00,11,08,2001,12,77.356
11.08.2001-15:00:00,11,08,2001,15,77.517
11.08.2001-18:00:00,11,08,2001,18,77.443
11.08.2001-21:00:00,11,08,2001,21,77.479
11.09.2001-00:00:00,11,09,2001,00,77.403
11.09.2001-03:00:00,11,09,2001,03,77.441
11.09.2001-06:00:00,11,09,2001,06,77.367
11.09.2001-09:00:00,11,09,2001,09,77.407
11.09.2001-12:00:00,11,09,2001,12,77.234
11.09.2001-15:00:00,11,09,2001,15,77.375
11.09.2001-18:00:00,11,09,2001,18,77.313
11.09.2001-21:00:00,11,09,2001,21,77.365
11.10.2001-00:00:00,11,10,2001,00,77.305
11.10.2001-03:00:00,11,10,2001,03,77.36
11.10.2001-06:00:00,11,10,2001,06,77.302
11.10.2001-09:00:00,11,10,2001,09,77.358
11.10.2001-12:00:00,11,10,2001,12,77.211
11.10.2001-15:00:00,11,10,2001,15,77.356
11.10.2001-18:00:00,11,10,2001,18,77.305
11.10.2001-21:00:00,11,10,2001,21,77.366
11.11.2001-00:00:00,11,11,2001,00,77.315
11.11.2001-03:00:00,11,11,2001,03,77.378
11.11.2001-06:00:00,11,11,2001,06,77.329
11.11.2001-09:00:00,11,11,2001,09,77.396
11.11.2001-12:00:00,11,11,2001,12,77.242
11.11.2001-15:00:00,11,11,2001,15,77.415
11.11.2001-18:00:00,11,11,2001,18,77.376
11.11.2001-21:00:00,11,11,2001,21,77.449
11.12.2001-00:00:00,11,12,2001,00,77.41
11.12.2001-03:00:00,11,12,2001,03,77.487
11.12.2001-06:00:00,11,12,2001,06,77.451
11.12.2001-09:00:00,11,12,2001,09,77.531
11.12.2001-12:00:00,11,12,2001,12,77.304
11.12.2001-15:00:00,11,12,2001,15,77.571
11.12.2001-18:00:00,11,12,2001,18,77.547
11.12.2001-21:00:00,11,12,2001,21,77.629
11.13.2001-00:00:00,11,13,2001,00,77.599
11.13.2001-03:00:00,11,13,2001,03,77.682
11.13.2001-06:00:00,11,13,2001,06,77.652
11.13.2001-09:00:00,11,13,2001,09,77.679
11.13.2001-12:00:00,11,13,2001,12,77.619
11.13.2001-15:00:00,11,13,2001,15,77.788
11.13.2001-18:00:00,11,13,2001,18,77.749
11.13.2001-21:00:00,11,13,2001,21,77.822
11.14.2001-00:00:00,11,14,2001,00,77.781
11.14.2001-03:00:00,11,14,2001,03,77.854
11.14.2001-06:00:00,11,14,2001,06,77.818
11.14.2001-09:00:00,11,14,2001,09,77.837
11.14.2001-12:00:00,11,14,2001,12,96.136
11.14.2001-15:00:00,11,14,2001,15,124.75
11.14.2001-18:00:00,11,14,2001,18,109.49
11.14.2001-21:00:00,11,14,2001,21,99.222
11.15.2001-00:00:00,11,15,2001,00,81.002
11.15.2001-03:00:00,11,15,2001,03,80.764
11.15.2001-06:00:00,11,15,2001,06,80.601
11.15.2001-09:00:00,11,15,2001,09,80.435
11.15.2001-12:00:00,11,15,2001,12,81.15
11.15.2001-15:00:00,11,15,2001,15,81.727
11.15.2001-18:00:00,11,15,2001,18,81.981
11.15.2001-21:00:00,11,15,2001,21,82.323
11.16.2001-00:00:00,11,16,2001,00,82.54
11.16.2001-03:00:00,11,16,2001,03,82.866
11.16.2001-06:00:00,11,16,2001,06,83.036
11.16.2001-09:00:00,11,16,2001,09,82.552
11.16.2001-12:00:00,11,16,2001,12,83.139
11.16.2001-15:00:00,11,16,2001,15,83.756
11.16.2001-18:00:00,11,16,2001,18,83.941
11.16.2001-21:00:00,11,16,2001,21,84.233
11.17.2001-00:00:00,11,17,2001,00,84.415
11.17.2001-03:00:00,11,17,2001,03,84.706
11.17.2001-06:00:00,11,17,2001,06,84.87
11.17.2001-09:00:00,11,17,2001,09,83.949
11.17.2001-12:00:00,11,17,2001,12,85.121
11.17.2001-15:00:00,11,17,2001,15,85.579
11.17.2001-18:00:00,11,17,2001,18,85.756
11.17.2001-21:00:00,11,17,2001,21,86.048
11.18.2001-00:00:00,11,18,2001,00,86.231
11.18.2001-03:00:00,11,18,2001,03,86.55
11.18.2001-06:00:00,11,18,2001,06,86.757
11.18.2001-09:00:00,11,18,2001,09,87.08
11.18.2001-12:00:00,11,18,2001,12,87.287
11.18.2001-15:00:00,11,18,2001,15,87.612
11.18.2001-18:00:00,11,18,2001,18,87.822
11.18.2001-21:00:00,11,18,2001,21,88.147
11.19.2001-00:00:00,11,19,2001,00,88.358
11.19.2001-03:00:00,11,19,2001,03,88.681
11.19.2001-06:00:00,11,19,2001,06,88.891
11.19.2001-09:00:00,11,19,2001,09,89.214
11.19.2001-12:00:00,11,19,2001,12,89.423
11.19.2001-15:00:00,11,19,2001,15,89.745
11.19.2001-18:00:00,11,19,2001,18,89.951
11.19.2001-21:00:00,11,19,2001,21,90.271
11.20.2001-00:00:00,11,20,2001,00,90.475
11.20.2001-03:00:00,11,20,2001,03,90.791
11.20.2001-06:00:00,11,20,2001,06,90.992
11.20.2001-09:00:00,11,20,2001,09,91.3
11.20.2001-12:00:00,11,20,2001,12,91.495
11.20.2001-15:00:00,11,20,2001,15,91.803
11.20.2001-18:00:00,11,20,2001,18,91.994
11.20.2001-21:00:00,11,20,2001,21,92.297
11.21.2001-00:00:00,11,21,2001,00,92.483
11.21.2001-03:00:00,11,21,2001,03,92.78
11.21.2001-06:00:00,11,21,2001,06,92.959
11.21.2001-09:00:00,11,21,2001,09,93.731
11.21.2001-12:00:00,11,21,2001,12,97.389
11.21.2001-15:00:00,11,21,2001,15,97.731
11.21.2001-18:00:00,11,21,2001,18,97.725
11.21.2001-21:00:00,11,21,2001,21,97.827
11.22.2001-00:00:00,11,22,2001,00,97.814
11.22.2001-03:00:00,11,22,2001,03,97.913
11.22.2001-06:00:00,11,22,2001,06,97.896
11.22.2001-09:00:00,11,22,2001,09,97.991
11.22.2001-12:00:00,11,22,2001,12,97.969
11.22.2001-15:00:00,11,22,2001,15,98.061
11.22.2001-18:00:00,11,22,2001,18,98.037
11.22.2001-21:00:00,11,22,2001,21,98.126
11.23.2001-00:00:00,11,23,2001,00,98.097
11.23.2001-03:00:00,11,23,2001,03,98.182
11.23.2001-06:00:00,11,23,2001,06,98.151
11.23.2001-09:00:00,11,23,2001,09,98.225
11.23.2001-12:00:00,11,23,2001,12,98.007
11.23.2001-15:00:00,11,23,2001,15,98.251
11.23.2001-18:00:00,11,23,2001,18,98.218
11.23.2001-21:00:00,11,23,2001,21,98.291
11.24.2001-00:00:00,11,24,2001,00,98.246
11.24.2001-03:00:00,11,24,2001,03,98.315
11.24.2001-06:00:00,11,24,2001,06,98.265
11.24.2001-09:00:00,11,24,2001,09,98.326
11.24.2001-12:00:00,11,24,2001,12,98.27
11.24.2001-15:00:00,11,24,2001,15,98.328
11.24.2001-18:00:00,11,24,2001,18,98.269
11.24.2001-21:00:00,11,24,2001,21,98.323
11.25.2001-00:00:00,11,25,2001,00,98.259
11.25.2001-03:00:00,11,25,2001,03,98.308
11.25.2001-06:00:00,11,25,2001,06,98.239
11.25.2001-09:00:00,11,25,2001,09,98.282
11.25.2001-12:00:00,11,25,2001,12,98.206
11.25.2001-15:00:00,11,25,2001,15,98.244
11.25.2001-18:00:00,11,25,2001,18,98.146
11.25.2001-21:00:00,11,25,2001,21,98.178
11.26.2001-00:00:00,11,26,2001,00,98.094
11.26.2001-03:00:00,11,26,2001,03,98.12
11.26.2001-06:00:00,11,26,2001,06,98.07
11.26.2001-09:00:00,11,26,2001,09,98.182
11.26.2001-12:00:00,11,26,2001,12,98.174
11.26.2001-15:00:00,11,26,2001,15,98.277
11.26.2001-18:00:00,11,26,2001,18,98.26
11.26.2001-21:00:00,11,26,2001,21,98.353
11.27.2001-00:00:00,11,27,2001,00,98.325
11.27.2001-03:00:00,11,27,2001,03,98.408
11.27.2001-06:00:00,11,27,2001,06,98.37
11.27.2001-09:00:00,11,27,2001,09,98.939
11.27.2001-12:00:00,11,27,2001,12,99.198
11.27.2001-15:00:00,11,27,2001,15,99.226
11.27.2001-18:00:00,11,27,2001,18,99.136
11.27.2001-21:00:00,11,27,2001,21,99.159
11.28.2001-00:00:00,11,28,2001,00,99.062
11.28.2001-03:00:00,11,28,2001,03,99.076
11.28.2001-06:00:00,11,28,2001,06,98.969
11.28.2001-09:00:00,11,28,2001,09,98.974
11.28.2001-12:00:00,11,28,2001,12,98.859
11.28.2001-15:00:00,11,28,2001,15,98.856
11.28.2001-18:00:00,11,28,2001,18,98.732
11.28.2001-21:00:00,11,28,2001,21,98.721
11.29.2001-00:00:00,11,29,2001,00,98.589
11.29.2001-03:00:00,11,29,2001,03,98.569
11.29.2001-06:00:00,11,29,2001,06,98.43
11.29.2001-09:00:00,11,29,2001,09,98.403
11.29.2001-12:00:00,11,29,2001,12,98.256
11.29.2001-15:00:00,11,29,2001,15,98.22
11.29.2001-18:00:00,11,29,2001,18,98.066
11.29.2001-21:00:00,11,29,2001,21,98.023
11.30.2001-00:00:00,11,30,2001,00,97.863
11.30.2001-03:00:00,11,30,2001,03,97.814
11.30.2001-06:00:00,11,30,2001,06,97.645
11.30.2001-09:00:00,11,30,2001,09,97.589
11.30.2001-12:00:00,11,30,2001,12,97.415
11.30.2001-15:00:00,11,30,2001,15,97.353
11.30.2001-18:00:00,11,30,2001,18,97.172
11.30.2001-21:00:00,11,30,2001,21,97.104
12.01.2001-00:00:00,12,01,2001,00,96.917
12.01.2001-03:00:00,12,01,2001,03,96.843
12.01.2001-06:00:00,12,01,2001,06,96.65
12.01.2001-09:00:00,12,01,2001,09,96.571
12.01.2001-12:00:00,12,01,2001,12,96.372
12.01.2001-15:00:00,12,01,2001,15,96.288
12.01.2001-18:00:00,12,01,2001,18,96.085
12.01.2001-21:00:00,12,01,2001,21,95.996
12.02.2001-00:00:00,12,02,2001,00,95.787
12.02.2001-03:00:00,12,02,2001,03,95.693
12.02.2001-06:00:00,12,02,2001,06,95.48
12.02.2001-09:00:00,12,02,2001,09,95.382
12.02.2001-12:00:00,12,02,2001,12,95.17
12.02.2001-15:00:00,12,02,2001,15,95.086
12.02.2001-18:00:00,12,02,2001,18,94.884
12.02.2001-21:00:00,12,02,2001,21,94.796
12.03.2001-00:00:00,12,03,2001,00,94.59
12.03.2001-03:00:00,12,03,2001,03,94.498
12.03.2001-06:00:00,12,03,2001,06,94.288
12.03.2001-09:00:00,12,03,2001,09,94.191
12.03.2001-12:00:00,12,03,2001,12,93.977
12.03.2001-15:00:00,12,03,2001,15,93.876
12.03.2001-18:00:00,12,03,2001,18,93.658
12.03.2001-21:00:00,12,03,2001,21,93.555
12.04.2001-00:00:00,12,04,2001,00,93.332
12.04.2001-03:00:00,12,04,2001,03,93.225
12.04.2001-06:00:00,12,04,2001,06,93
12.04.2001-09:00:00,12,04,2001,09,90.97
12.04.2001-12:00:00,12,04,2001,12,92.618
12.04.2001-15:00:00,12,04,2001,15,90.646
12.04.2001-18:00:00,12,04,2001,18,92.295
12.04.2001-21:00:00,12,04,2001,21,90.315
12.05.2001-00:00:00,12,05,2001,00,91.965
12.05.2001-03:00:00,12,05,2001,03,89.979
12.05.2001-06:00:00,12,05,2001,06,91.629
12.05.2001-09:00:00,12,05,2001,09,89.638
12.05.2001-12:00:00,12,05,2001,12,91.288
12.05.2001-15:00:00,12,05,2001,15,89.292
12.05.2001-18:00:00,12,05,2001,18,90.943
12.05.2001-21:00:00,12,05,2001,21,90.884
12.06.2001-00:00:00,12,06,2001,00,88.706
12.06.2001-03:00:00,12,06,2001,03,90.464
12.06.2001-06:00:00,12,06,2001,06,88.351
12.06.2001-09:00:00,12,06,2001,09,90.109
12.06.2001-12:00:00,12,06,2001,12,87.992
12.06.2001-15:00:00,12,06,2001,15,89.75
12.06.2001-18:00:00,12,06,2001,18,87.631
12.06.2001-21:00:00,12,06,2001,21,89.388
12.07.2001-00:00:00,12,07,2001,00,87.268
12.07.2001-03:00:00,12,07,2001,03,89.023
12.07.2001-06:00:00,12,07,2001,06,86.902
12.07.2001-09:00:00,12,07,2001,09,88.656
12.07.2001-12:00:00,12,07,2001,12,86.534
12.07.2001-15:00:00,12,07,2001,15,88.287
12.07.2001-18:00:00,12,07,2001,18,86.165
12.07.2001-21:00:00,12,07,2001,21,87.916
12.08.2001-00:00:00,12,08,2001,00,85.794
12.08.2001-03:00:00,12,08,2001,03,87.543
12.08.2001-06:00:00,12,08,2001,06,85.423
12.08.2001-09:00:00,12,08,2001,09,87.17
12.08.2001-12:00:00,12,08,2001,12,85.05
12.08.2001-15:00:00,12,08,2001,15,86.795
12.08.2001-18:00:00,12,08,2001,18,84.678
12.08.2001-21:00:00,12,08,2001,21,86.419
12.09.2001-00:00:00,12,09,2001,00,84.305
12.09.2001-03:00:00,12,09,2001,03,86.043
12.09.2001-06:00:00,12,09,2001,06,83.931
12.09.2001-09:00:00,12,09,2001,09,85.666
12.09.2001-12:00:00,12,09,2001,12,83.558
12.09.2001-15:00:00,12,09,2001,15,85.289
12.09.2001-18:00:00,12,09,2001,18,83.184
12.09.2001-21:00:00,12,09,2001,21,84.912
12.10.2001-00:00:00,12,10,2001,00,82.812
12.10.2001-03:00:00,12,10,2001,03,84.535
12.10.2001-06:00:00,12,10,2001,06,82.439
12.10.2001-09:00:00,12,10,2001,09,84.158
12.10.2001-12:00:00,12,10,2001,12,82.067
12.10.2001-15:00:00,12,10,2001,15,81.883
12.10.2001-18:00:00,12,10,2001,18,83.547
12.10.2001-21:00:00,12,10,2001,21,81.572
12.11.2001-00:00:00,12,11,2001,00,81.271
12.11.2001-03:00:00,12,11,2001,03,83.057
12.11.2001-06:00:00,12,11,2001,06,80.959
12.11.2001-09:00:00,12,11,2001,09,80.776
12.11.2001-12:00:00,12,11,2001,12,82.445
12.11.2001-15:00:00,12,11,2001,15,80.469
12.11.2001-18:00:00,12,11,2001,18,80.146
12.11.2001-21:00:00,12,11,2001,21,81.932
12.12.2001-00:00:00,12,12,2001,00,79.837
12.12.2001-03:00:00,12,12,2001,03,79.657
12.12.2001-06:00:00,12,12,2001,06,81.326
12.12.2001-09:00:00,12,12,2001,09,79.356
12.12.2001-12:00:00,12,12,2001,12,79.06
12.12.2001-15:00:00,12,12,2001,15,80.845
12.12.2001-18:00:00,12,12,2001,18,78.758
12.12.2001-21:00:00,12,12,2001,21,78.579
12.13.2001-00:00:00,12,13,2001,00,80.246
12.13.2001-03:00:00,12,13,2001,03,78.284
12.13.2001-06:00:00,12,13,2001,06,77.989
12.13.2001-09:00:00,12,13,2001,09,79.771
12.13.2001-12:00:00,12,13,2001,12,77.694
12.13.2001-15:00:00,12,13,2001,15,77.517
12.13.2001-18:00:00,12,13,2001,18,77.291
12.13.2001-21:00:00,12,13,2001,21,79.07
12.14.2001-00:00:00,12,14,2001,00,76.995
12.14.2001-03:00:00,12,14,2001,03,76.819
12.14.2001-06:00:00,12,14,2001,06,76.595
12.14.2001-09:00:00,12,14,2001,09,78.375
12.14.2001-12:00:00,12,14,2001,12,76.304
12.14.2001-15:00:00,12,14,2001,15,76.13
12.14.2001-18:00:00,12,14,2001,18,75.908
12.14.2001-21:00:00,12,14,2001,21,77.687
12.15.2001-00:00:00,12,15,2001,00,75.622
12.15.2001-03:00:00,12,15,2001,03,75.45
12.15.2001-06:00:00,12,15,2001,06,75.228
12.15.2001-09:00:00,12,15,2001,09,75.125
12.15.2001-12:00:00,12,15,2001,12,76.782
12.15.2001-15:00:00,12,15,2001,15,74.841
12.15.2001-18:00:00,12,15,2001,18,74.555
12.15.2001-21:00:00,12,15,2001,21,74.454
12.16.2001-00:00:00,12,16,2001,00,74.236
12.16.2001-03:00:00,12,16,2001,03,74.136
12.16.2001-06:00:00,12,16,2001,06,75.797
12.16.2001-09:00:00,12,16,2001,09,73.862
12.16.2001-12:00:00,12,16,2001,12,73.581
12.16.2001-15:00:00,12,16,2001,15,73.484
12.16.2001-18:00:00,12,16,2001,18,73.268
12.16.2001-21:00:00,12,16,2001,21,73.172
12.17.2001-00:00:00,12,17,2001,00,72.956
12.17.2001-03:00:00,12,17,2001,03,74.738
12.17.2001-06:00:00,12,17,2001,06,72.69
12.17.2001-09:00:00,12,17,2001,09,72.528
12.17.2001-12:00:00,12,17,2001,12,72.318
12.17.2001-15:00:00,12,17,2001,15,72.224
12.17.2001-18:00:00,12,17,2001,18,72.013
12.17.2001-21:00:00,12,17,2001,21,71.919
12.18.2001-00:00:00,12,18,2001,00,71.708
12.18.2001-03:00:00,12,18,2001,03,71.617
12.18.2001-06:00:00,12,18,2001,06,73.278
12.18.2001-09:00:00,12,18,2001,09,71.359
12.18.2001-12:00:00,12,18,2001,12,71.087
12.18.2001-15:00:00,12,18,2001,15,70.996
12.18.2001-18:00:00,12,18,2001,18,70.788
12.18.2001-21:00:00,12,18,2001,21,70.699
12.19.2001-00:00:00,12,19,2001,00,70.492
12.19.2001-03:00:00,12,19,2001,03,70.404
12.19.2001-06:00:00,12,19,2001,06,70.197
12.19.2001-09:00:00,12,19,2001,09,70.11
12.19.2001-12:00:00,12,19,2001,12,69.904
12.19.2001-15:00:00,12,19,2001,15,69.818
12.19.2001-18:00:00,12,19,2001,18,69.614
12.19.2001-21:00:00,12,19,2001,21,69.527
12.20.2001-00:00:00,12,20,2001,00,69.324
12.20.2001-03:00:00,12,20,2001,03,69.239
12.20.2001-06:00:00,12,20,2001,06,69.036
12.20.2001-09:00:00,12,20,2001,09,68.953
12.20.2001-12:00:00,12,20,2001,12,68.751
12.20.2001-15:00:00,12,20,2001,15,68.668
12.20.2001-18:00:00,12,20,2001,18,68.467
12.20.2001-21:00:00,12,20,2001,21,68.385
12.21.2001-00:00:00,12,21,2001,00,68.186
12.21.2001-03:00:00,12,21,2001,03,68.105
12.21.2001-06:00:00,12,21,2001,06,67.905
12.21.2001-09:00:00,12,21,2001,09,67.826
12.21.2001-12:00:00,12,21,2001,12,67.627
12.21.2001-15:00:00,12,21,2001,15,67.549
12.21.2001-18:00:00,12,21,2001,18,67.351
12.21.2001-21:00:00,12,21,2001,21,67.274
12.22.2001-00:00:00,12,22,2001,00,67.077
12.22.2001-03:00:00,12,22,2001,03,67
12.22.2001-06:00:00,12,22,2001,06,66.805
12.22.2001-09:00:00,12,22,2001,09,66.729
12.22.2001-12:00:00,12,22,2001,12,66.534
12.22.2001-15:00:00,12,22,2001,15,66.459
12.22.2001-18:00:00,12,22,2001,18,66.266
12.22.2001-21:00:00,12,22,2001,21,66.191
12.23.2001-00:00:00,12,23,2001,00,65.999
12.23.2001-03:00:00,12,23,2001,03,65.925
12.23.2001-06:00:00,12,23,2001,06,65.733
12.23.2001-09:00:00,12,23,2001,09,65.686
12.23.2001-12:00:00,12,23,2001,12,65.471
12.23.2001-15:00:00,12,23,2001,15,65.399
12.23.2001-18:00:00,12,23,2001,18,65.209
12.23.2001-21:00:00,12,23,2001,21,65.138
12.24.2001-00:00:00,12,24,2001,00,64.95
12.24.2001-03:00:00,12,24,2001,03,64.879
12.24.2001-06:00:00,12,24,2001,06,64.691
12.24.2001-09:00:00,12,24,2001,09,64.622
12.24.2001-12:00:00,12,24,2001,12,64.436
12.24.2001-15:00:00,12,24,2001,15,64.367
12.24.2001-18:00:00,12,24,2001,18,64.182
12.24.2001-21:00:00,12,24,2001,21,64.113
12.25.2001-00:00:00,12,25,2001,00,63.928
12.25.2001-03:00:00,12,25,2001,03,63.862
12.25.2001-06:00:00,12,25,2001,06,63.677
12.25.2001-09:00:00,12,25,2001,09,63.612
12.25.2001-12:00:00,12,25,2001,12,63.428
12.25.2001-15:00:00,12,25,2001,15,63.363
12.25.2001-18:00:00,12,25,2001,18,63.181
12.25.2001-21:00:00,12,25,2001,21,63.116
12.26.2001-00:00:00,12,26,2001,00,62.935
12.26.2001-03:00:00,12,26,2001,03,62.872
12.26.2001-06:00:00,12,26,2001,06,62.691
12.26.2001-09:00:00,12,26,2001,09,62.628
12.26.2001-12:00:00,12,26,2001,12,62.448
12.26.2001-15:00:00,12,26,2001,15,62.385
12.26.2001-18:00:00,12,26,2001,18,62.207
12.26.2001-21:00:00,12,26,2001,21,62.145
12.27.2001-00:00:00,12,27,2001,00,61.967
12.27.2001-03:00:00,12,27,2001,03,61.907
12.27.2001-06:00:00,12,27,2001,06,61.729
12.27.2001-09:00:00,12,27,2001,09,61.67
12.27.2001-12:00:00,12,27,2001,12,61.493
12.27.2001-15:00:00,12,27,2001,15,61.435
12.27.2001-18:00:00,12,27,2001,18,61.258
12.27.2001-21:00:00,12,27,2001,21,61.2
12.28.2001-00:00:00,12,28,2001,00,61.024
12.28.2001-03:00:00,12,28,2001,03,60.967
12.28.2001-06:00:00,12,28,2001,06,60.793
12.28.2001-09:00:00,12,28,2001,09,60.736
12.28.2001-12:00:00,12,28,2001,12,60.562
12.28.2001-15:00:00,12,28,2001,15,60.507
12.28.2001-18:00:00,12,28,2001,18,60.333
12.28.2001-21:00:00,12,28,2001,21,60.279
12.29.2001-00:00:00,12,29,2001,00,60.107
12.29.2001-03:00:00,12,29,2001,03,60.052
12.29.2001-06:00:00,12,29,2001,06,59.881
12.29.2001-09:00:00,12,29,2001,09,59.767
12.29.2001-12:00:00,12,29,2001,12,59.716
12.29.2001-15:00:00,12,29,2001,15,59.547
12.29.2001-18:00:00,12,29,2001,18,59.433
12.29.2001-21:00:00,12,29,2001,21,59.383
12.30.2001-00:00:00,12,30,2001,00,59.215
12.30.2001-03:00:00,12,30,2001,03,59.102
12.30.2001-06:00:00,12,30,2001,06,59.053
12.30.2001-09:00:00,12,30,2001,09,58.887
12.30.2001-12:00:00,12,30,2001,12,58.774
12.30.2001-15:00:00,12,30,2001,15,58.726
12.30.2001-18:00:00,12,30,2001,18,58.562
12.30.2001-21:00:00,12,30,2001,21,58.45
12.31.2001-00:00:00,12,31,2001,00,58.403
12.31.2001-03:00:00,12,31,2001,03,58.241
12.31.2001-06:00:00,12,31,2001,06,58.129
12.31.2001-09:00:00,12,31,2001,09,58.083
12.31.2001-12:00:00,12,31,2001,12,57.922
12.31.2001-15:00:00,12,31,2001,15,57.81
12.31.2001-18:00:00,12,31,2001,18,57.765
12.31.2001-21:00:00,12,31,2001,21,57.607
01.01.2002-00:00:00,01,01,2002,00,57.495
01.01.2002-03:00:00,01,01,2002,03,57.449
01.01.2002-06:00:00,01,01,2002,06,57.293
01.01.2002-09:00:00,01,01,2002,09,57.181
01.01.2002-12:00:00,01,01,2002,12,57.143
01.01.2002-15:00:00,01,01,2002,15,56.994
01.01.2002-18:00:00,01,01,2002,18,56.888
01.01.2002-21:00:00,01,01,2002,21,56.853
01.02.2002-00:00:00,01,02,2002,00,56.703
01.02.2002-03:00:00,01,02,2002,03,56.597
01.02.2002-06:00:00,01,02,2002,06,56.56
01.02.2002-09:00:00,01,02,2002,09,56.414
01.02.2002-12:00:00,01,02,2002,12,56.308
01.02.2002-15:00:00,01,02,2002,15,56.274
01.02.2002-18:00:00,01,02,2002,18,56.128
01.02.2002-21:00:00,01,02,2002,21,56.022
01.03.2002-00:00:00,01,03,2002,00,55.986
01.03.2002-03:00:00,01,03,2002,03,55.843
01.03.2002-06:00:00,01,03,2002,06,55.737
01.03.2002-09:00:00,01,03,2002,09,55.705
01.03.2002-12:00:00,01,03,2002,12,55.562
01.03.2002-15:00:00,01,03,2002,15,55.456
01.03.2002-18:00:00,01,03,2002,18,55.422
01.03.2002-21:00:00,01,03,2002,21,55.281
01.04.2002-00:00:00,01,04,2002,00,55.177
01.04.2002-03:00:00,01,04,2002,03,55.145
01.04.2002-06:00:00,01,04,2002,06,55.005
01.04.2002-09:00:00,01,04,2002,09,54.898
01.04.2002-12:00:00,01,04,2002,12,54.866
01.04.2002-15:00:00,01,04,2002,15,54.728
01.04.2002-18:00:00,01,04,2002,18,54.623
01.04.2002-21:00:00,01,04,2002,21,54.591
01.05.2002-00:00:00,01,05,2002,00,54.453
01.05.2002-03:00:00,01,05,2002,03,54.347
01.05.2002-06:00:00,01,05,2002,06,54.316
01.05.2002-09:00:00,01,05,2002,09,54.181
01.05.2002-12:00:00,01,05,2002,12,54.075
01.05.2002-15:00:00,01,05,2002,15,54.045
01.05.2002-18:00:00,01,05,2002,18,53.91
01.05.2002-21:00:00,01,05,2002,21,53.803
01.06.2002-00:00:00,01,06,2002,00,53.775
01.06.2002-03:00:00,01,06,2002,03,53.642
01.06.2002-06:00:00,01,06,2002,06,53.537
01.06.2002-09:00:00,01,06,2002,09,53.508
01.06.2002-12:00:00,01,06,2002,12,53.376
01.06.2002-15:00:00,01,06,2002,15,53.271
01.06.2002-18:00:00,01,06,2002,18,53.243
01.06.2002-21:00:00,01,06,2002,21,53.114
01.07.2002-00:00:00,01,07,2002,00,53.009
01.07.2002-03:00:00,01,07,2002,03,52.981
01.07.2002-06:00:00,01,07,2002,06,52.853
01.07.2002-09:00:00,01,07,2002,09,52.749
01.07.2002-12:00:00,01,07,2002,12,52.723
01.07.2002-15:00:00,01,07,2002,15,52.596
01.07.2002-18:00:00,01,07,2002,18,52.49
01.07.2002-21:00:00,01,07,2002,21,52.465
01.08.2002-00:00:00,01,08,2002,00,52.34
01.08.2002-03:00:00,01,08,2002,03,52.236
01.08.2002-06:00:00,01,08,2002,06,52.212
01.08.2002-09:00:00,01,08,2002,09,52.086
01.08.2002-12:00:00,01,08,2002,12,51.983
01.08.2002-15:00:00,01,08,2002,15,51.959
01.08.2002-18:00:00,01,08,2002,18,51.836
01.08.2002-21:00:00,01,08,2002,21,51.733
01.09.2002-00:00:00,01,09,2002,00,51.709
01.09.2002-03:00:00,01,09,2002,03,51.587
01.09.2002-06:00:00,01,09,2002,06,51.484
01.09.2002-09:00:00,01,09,2002,09,51.462
01.09.2002-12:00:00,01,09,2002,12,51.342
01.09.2002-15:00:00,01,09,2002,15,51.237
01.09.2002-18:00:00,01,09,2002,18,51.216
01.09.2002-21:00:00,01,09,2002,21,51.096
01.10.2002-00:00:00,01,10,2002,00,50.994
01.10.2002-03:00:00,01,10,2002,03,50.973
01.10.2002-06:00:00,01,10,2002,06,50.853
01.10.2002-09:00:00,01,10,2002,09,50.751
01.10.2002-12:00:00,01,10,2002,12,50.731
01.10.2002-15:00:00,01,10,2002,15,50.614
01.10.2002-18:00:00,01,10,2002,18,50.509
01.10.2002-21:00:00,01,10,2002,21,50.49
01.11.2002-00:00:00,01,11,2002,00,50.374
01.11.2002-03:00:00,01,11,2002,03,50.271
01.11.2002-06:00:00,01,11,2002,06,50.251
01.11.2002-09:00:00,01,11,2002,09,50.134
01.11.2002-12:00:00,01,11,2002,12,50.032
01.11.2002-15:00:00,01,11,2002,15,50.013
01.11.2002-18:00:00,01,11,2002,18,49.9
01.11.2002-21:00:00,01,11,2002,21,49.795
01.12.2002-00:00:00,01,12,2002,00,49.777
01.12.2002-03:00:00,01,12,2002,03,49.664
01.12.2002-06:00:00,01,12,2002,06,49.561
01.12.2002-09:00:00,01,12,2002,09,49.544
01.12.2002-12:00:00,01,12,2002,12,49.431
01.12.2002-15:00:00,01,12,2002,15,49.329
01.12.2002-18:00:00,01,12,2002,18,49.314
01.12.2002-21:00:00,01,12,2002,21,49.204
01.13.2002-00:00:00,01,13,2002,00,49.1
01.13.2002-03:00:00,01,13,2002,03,49.084
01.13.2002-06:00:00,01,13,2002,06,48.976
01.13.2002-09:00:00,01,13,2002,09,48.874
01.13.2002-12:00:00,01,13,2002,12,48.857
01.13.2002-15:00:00,01,13,2002,15,48.75
01.13.2002-18:00:00,01,13,2002,18,48.648
01.13.2002-21:00:00,01,13,2002,21,48.633
01.14.2002-00:00:00,01,14,2002,00,48.524
01.14.2002-03:00:00,01,14,2002,03,48.422
01.14.2002-06:00:00,01,14,2002,06,48.409
01.14.2002-09:00:00,01,14,2002,09,48.304
01.14.2002-12:00:00,01,14,2002,12,48.204
01.14.2002-15:00:00,01,14,2002,15,48.196
01.14.2002-18:00:00,01,14,2002,18,48.095
01.14.2002-21:00:00,01,14,2002,21,47.998
01.15.2002-00:00:00,01,15,2002,00,47.988
01.15.2002-03:00:00,01,15,2002,03,47.888
01.15.2002-06:00:00,01,15,2002,06,47.791
01.15.2002-09:00:00,01,15,2002,09,47.783
01.15.2002-12:00:00,01,15,2002,12,47.683
01.15.2002-15:00:00,01,15,2002,15,47.586
01.15.2002-18:00:00,01,15,2002,18,47.578
01.15.2002-21:00:00,01,15,2002,21,47.48
01.16.2002-00:00:00,01,16,2002,00,47.382
01.16.2002-03:00:00,01,16,2002,03,47.374
01.16.2002-06:00:00,01,16,2002,06,47.278
01.16.2002-09:00:00,01,16,2002,09,47.18
01.16.2002-12:00:00,01,16,2002,12,47.17
01.16.2002-15:00:00,01,16,2002,15,47.074
01.16.2002-18:00:00,01,16,2002,18,46.977
01.16.2002-21:00:00,01,16,2002,21,46.909
01.17.2002-00:00:00,01,17,2002,00,46.902
01.17.2002-03:00:00,01,17,2002,03,46.806
01.17.2002-06:00:00,01,17,2002,06,46.71
01.17.2002-09:00:00,01,17,2002,09,46.642
01.17.2002-12:00:00,01,17,2002,12,46.635
01.17.2002-15:00:00,01,17,2002,15,46.541
01.17.2002-18:00:00,01,17,2002,18,46.446
01.17.2002-21:00:00,01,17,2002,21,46.376
01.18.2002-00:00:00,01,18,2002,00,46.371
01.18.2002-03:00:00,01,18,2002,03,46.279
01.18.2002-06:00:00,01,18,2002,06,46.185
01.18.2002-09:00:00,01,18,2002,09,46.115
01.18.2002-12:00:00,01,18,2002,12,46.11
01.18.2002-15:00:00,01,18,2002,15,46.019
01.18.2002-18:00:00,01,18,2002,18,45.926
01.18.2002-21:00:00,01,18,2002,21,45.856
01.19.2002-00:00:00,01,19,2002,00,45.853
01.19.2002-03:00:00,01,19,2002,03,45.762
01.19.2002-06:00:00,01,19,2002,06,45.669
01.19.2002-09:00:00,01,19,2002,09,45.6
01.19.2002-12:00:00,01,19,2002,12,45.598
01.19.2002-15:00:00,01,19,2002,15,45.509
01.19.2002-18:00:00,01,19,2002,18,45.416
01.19.2002-21:00:00,01,19,2002,21,45.347
01.20.2002-00:00:00,01,20,2002,00,45.346
01.20.2002-03:00:00,01,20,2002,03,45.256
01.20.2002-06:00:00,01,20,2002,06,45.166
01.20.2002-09:00:00,01,20,2002,09,45.096
01.20.2002-12:00:00,01,20,2002,12,45.095
01.20.2002-15:00:00,01,20,2002,15,45.006
01.20.2002-18:00:00,01,20,2002,18,44.917
01.20.2002-21:00:00,01,20,2002,21,44.846
01.21.2002-00:00:00,01,21,2002,00,44.843
01.21.2002-03:00:00,01,21,2002,03,44.757
01.21.2002-06:00:00,01,21,2002,06,44.669
01.21.2002-09:00:00,01,21,2002,09,44.596
01.21.2002-12:00:00,01,21,2002,12,44.595
01.21.2002-15:00:00,01,21,2002,15,44.51
01.21.2002-18:00:00,01,21,2002,18,44.423
01.21.2002-21:00:00,01,21,2002,21,44.349
01.22.2002-00:00:00,01,22,2002,00,44.349
01.22.2002-03:00:00,01,22,2002,03,44.265
01.22.2002-06:00:00,01,22,2002,06,44.177
01.22.2002-09:00:00,01,22,2002,09,44.105
01.22.2002-12:00:00,01,22,2002,12,44.105
01.22.2002-15:00:00,01,22,2002,15,44.02
01.22.2002-18:00:00,01,22,2002,18,43.954
01.22.2002-21:00:00,01,22,2002,21,43.904
01.23.2002-00:00:00,01,23,2002,00,43.856
01.23.2002-03:00:00,01,23,2002,03,43.807
01.23.2002-06:00:00,01,23,2002,06,43.758
01.23.2002-09:00:00,01,23,2002,09,43.708
01.23.2002-12:00:00,01,23,2002,12,43.66
01.23.2002-15:00:00,01,23,2002,15,43.611
01.23.2002-18:00:00,01,23,2002,18,43.562
01.23.2002-21:00:00,01,23,2002,21,43.512
01.24.2002-00:00:00,01,24,2002,00,43.463
01.24.2002-03:00:00,01,24,2002,03,43.415
01.24.2002-06:00:00,01,24,2002,06,43.365
01.24.2002-09:00:00,01,24,2002,09,43.315
01.24.2002-12:00:00,01,24,2002,12,43.267
01.24.2002-15:00:00,01,24,2002,15,43.217
01.24.2002-18:00:00,01,24,2002,18,43.168
01.24.2002-21:00:00,01,24,2002,21,43.117
01.25.2002-00:00:00,01,25,2002,00,43.069
01.25.2002-03:00:00,01,25,2002,03,43.02
01.25.2002-06:00:00,01,25,2002,06,42.969
01.25.2002-09:00:00,01,25,2002,09,42.919
01.25.2002-12:00:00,01,25,2002,12,42.871
01.25.2002-15:00:00,01,25,2002,15,42.821
01.25.2002-18:00:00,01,25,2002,18,42.771
01.25.2002-21:00:00,01,25,2002,21,42.721
01.26.2002-00:00:00,01,26,2002,00,42.672
01.26.2002-03:00:00,01,26,2002,03,42.623
01.26.2002-06:00:00,01,26,2002,06,42.573
01.26.2002-09:00:00,01,26,2002,09,42.522
01.26.2002-12:00:00,01,26,2002,12,42.474
01.26.2002-15:00:00,01,26,2002,15,42.424
01.26.2002-18:00:00,01,26,2002,18,42.374
01.26.2002-21:00:00,01,26,2002,21,42.323
01.27.2002-00:00:00,01,27,2002,00,42.275
01.27.2002-03:00:00,01,27,2002,03,42.229
01.27.2002-06:00:00,01,27,2002,06,42.185
01.27.2002-09:00:00,01,27,2002,09,42.141
01.27.2002-12:00:00,01,27,2002,12,42.097
01.27.2002-15:00:00,01,27,2002,15,42.055
01.27.2002-18:00:00,01,27,2002,18,42.011
01.27.2002-21:00:00,01,27,2002,21,41.968
01.28.2002-00:00:00,01,28,2002,00,41.924
01.28.2002-03:00:00,01,28,2002,03,41.879
01.28.2002-06:00:00,01,28,2002,06,41.836
01.28.2002-09:00:00,01,28,2002,09,41.794
01.28.2002-12:00:00,01,28,2002,12,41.749
01.28.2002-15:00:00,01,28,2002,15,41.705
01.28.2002-18:00:00,01,28,2002,18,41.66
01.28.2002-21:00:00,01,28,2002,21,41.617
01.29.2002-00:00:00,01,29,2002,00,41.573
01.29.2002-03:00:00,01,29,2002,03,41.53
01.29.2002-06:00:00,01,29,2002,06,41.485
01.29.2002-09:00:00,01,29,2002,09,41.44
01.29.2002-12:00:00,01,29,2002,12,41.396
01.29.2002-15:00:00,01,29,2002,15,41.353
01.29.2002-18:00:00,01,29,2002,18,41.308
01.29.2002-21:00:00,01,29,2002,21,41.263
01.30.2002-00:00:00,01,30,2002,00,41.218
01.30.2002-03:00:00,01,30,2002,03,41.175
01.30.2002-06:00:00,01,30,2002,06,41.131
01.30.2002-09:00:00,01,30,2002,09,41.086
01.30.2002-12:00:00,01,30,2002,12,41.041
01.30.2002-15:00:00,01,30,2002,15,40.997
01.30.2002-18:00:00,01,30,2002,18,40.953
01.30.2002-21:00:00,01,30,2002,21,40.909
01.31.2002-00:00:00,01,31,2002,00,40.865
01.31.2002-03:00:00,01,31,2002,03,40.82
01.31.2002-06:00:00,01,31,2002,06,40.776
01.31.2002-09:00:00,01,31,2002,09,40.733
01.31.2002-12:00:00,01,31,2002,12,40.689
01.31.2002-15:00:00,01,31,2002,15,40.646
01.31.2002-18:00:00,01,31,2002,18,40.602
01.31.2002-21:00:00,01,31,2002,21,40.558
02.01.2002-00:00:00,02,01,2002,00,40.514
02.01.2002-03:00:00,02,01,2002,03,40.472
02.01.2002-06:00:00,02,01,2002,06,40.428
02.01.2002-09:00:00,02,01,2002,09,40.384
02.01.2002-12:00:00,02,01,2002,12,40.341
02.01.2002-15:00:00,02,01,2002,15,40.297
02.01.2002-18:00:00,02,01,2002,18,40.254
02.01.2002-21:00:00,02,01,2002,21,40.211
02.02.2002-00:00:00,02,02,2002,00,40.168
02.02.2002-03:00:00,02,02,2002,03,40.125
02.02.2002-06:00:00,02,02,2002,06,40.081
02.02.2002-09:00:00,02,02,2002,09,40.037
02.02.2002-12:00:00,02,02,2002,12,39.994
02.02.2002-15:00:00,02,02,2002,15,39.951
02.02.2002-18:00:00,02,02,2002,18,39.908
02.02.2002-21:00:00,02,02,2002,21,39.865
02.03.2002-00:00:00,02,03,2002,00,39.821
02.03.2002-03:00:00,02,03,2002,03,39.777
02.03.2002-06:00:00,02,03,2002,06,39.735
02.03.2002-09:00:00,02,03,2002,09,39.692
02.03.2002-12:00:00,02,03,2002,12,39.648
02.03.2002-15:00:00,02,03,2002,15,39.605
02.03.2002-18:00:00,02,03,2002,18,39.561
02.03.2002-21:00:00,02,03,2002,21,39.517
02.04.2002-00:00:00,02,04,2002,00,39.474
02.04.2002-03:00:00,02,04,2002,03,39.432
02.04.2002-06:00:00,02,04,2002,06,39.388
02.04.2002-09:00:00,02,04,2002,09,39.345
02.04.2002-12:00:00,02,04,2002,12,39.302
02.04.2002-15:00:00,02,04,2002,15,39.258
02.04.2002-18:00:00,02,04,2002,18,39.215
02.04.2002-21:00:00,02,04,2002,21,39.172
02.05.2002-00:00:00,02,05,2002,00,39.129
02.05.2002-03:00:00,02,05,2002,03,39.086
02.05.2002-06:00:00,02,05,2002,06,39.043
02.05.2002-09:00:00,02,05,2002,09,38.999
02.05.2002-12:00:00,02,05,2002,12,38.956
02.05.2002-15:00:00,02,05,2002,15,38.913
02.05.2002-18:00:00,02,05,2002,18,38.87
02.05.2002-21:00:00,02,05,2002,21,38.828
02.06.2002-00:00:00,02,06,2002,00,38.785
02.06.2002-03:00:00,02,06,2002,03,38.741
02.06.2002-06:00:00,02,06,2002,06,38.698
02.06.2002-09:00:00,02,06,2002,09,38.655
02.06.2002-12:00:00,02,06,2002,12,38.613
02.06.2002-15:00:00,02,06,2002,15,38.57
02.06.2002-18:00:00,02,06,2002,18,38.527
02.06.2002-21:00:00,02,06,2002,21,38.485
02.07.2002-00:00:00,02,07,2002,00,38.442
02.07.2002-03:00:00,02,07,2002,03,38.398
02.07.2002-06:00:00,02,07,2002,06,38.355
02.07.2002-09:00:00,02,07,2002,09,38.313
02.07.2002-12:00:00,02,07,2002,12,38.27
02.07.2002-15:00:00,02,07,2002,15,38.228
02.07.2002-18:00:00,02,07,2002,18,38.185
02.07.2002-21:00:00,02,07,2002,21,38.142
02.08.2002-00:00:00,02,08,2002,00,38.099
02.08.2002-03:00:00,02,08,2002,03,38.056
02.08.2002-06:00:00,02,08,2002,06,38.013
02.08.2002-09:00:00,02,08,2002,09,37.971
02.08.2002-12:00:00,02,08,2002,12,37.929
02.08.2002-15:00:00,02,08,2002,15,37.886
02.08.2002-18:00:00,02,08,2002,18,37.844
02.08.2002-21:00:00,02,08,2002,21,37.801
02.09.2002-00:00:00,02,09,2002,00,37.758
02.09.2002-03:00:00,02,09,2002,03,36.763
02.09.2002-06:00:00,02,09,2002,06,37.651
02.09.2002-09:00:00,02,09,2002,09,36.694
02.09.2002-12:00:00,02,09,2002,12,37.579
02.09.2002-15:00:00,02,09,2002,15,36.627
02.09.2002-18:00:00,02,09,2002,18,37.507
02.09.2002-21:00:00,02,09,2002,21,36.559
02.10.2002-00:00:00,02,10,2002,00,37.435
02.10.2002-03:00:00,02,10,2002,03,36.491
02.10.2002-06:00:00,02,10,2002,06,37.361
02.10.2002-09:00:00,02,10,2002,09,36.424
02.10.2002-12:00:00,02,10,2002,12,37.287
02.10.2002-15:00:00,02,10,2002,15,36.356
02.10.2002-18:00:00,02,10,2002,18,37.214
02.10.2002-21:00:00,02,10,2002,21,36.29
02.11.2002-00:00:00,02,11,2002,00,37.141
02.11.2002-03:00:00,02,11,2002,03,36.223
02.11.2002-06:00:00,02,11,2002,06,36.163
02.11.2002-09:00:00,02,11,2002,09,37.036
02.11.2002-12:00:00,02,11,2002,12,36.123
02.11.2002-15:00:00,02,11,2002,15,36.062
02.11.2002-18:00:00,02,11,2002,18,36.929
02.11.2002-21:00:00,02,11,2002,21,36.024
02.12.2002-00:00:00,02,12,2002,00,35.962
02.12.2002-03:00:00,02,12,2002,03,36.823
02.12.2002-06:00:00,02,12,2002,06,35.925
02.12.2002-09:00:00,02,12,2002,09,35.864
02.12.2002-12:00:00,02,12,2002,12,35.835
02.12.2002-15:00:00,02,12,2002,15,36.685
02.12.2002-18:00:00,02,12,2002,18,35.795
02.12.2002-21:00:00,02,12,2002,21,35.733
02.13.2002-00:00:00,02,13,2002,00,35.703
02.13.2002-03:00:00,02,13,2002,03,35.672
02.13.2002-06:00:00,02,13,2002,06,35.642
02.13.2002-09:00:00,02,13,2002,09,36.479
02.13.2002-12:00:00,02,13,2002,12,35.598
02.13.2002-15:00:00,02,13,2002,15,35.535
02.13.2002-18:00:00,02,13,2002,18,35.506
02.13.2002-21:00:00,02,13,2002,21,35.475
02.14.2002-00:00:00,02,14,2002,00,35.444
02.14.2002-03:00:00,02,14,2002,03,35.413
02.14.2002-06:00:00,02,14,2002,06,35.382
02.14.2002-09:00:00,02,14,2002,09,35.35
02.14.2002-12:00:00,02,14,2002,12,35.319
02.14.2002-15:00:00,02,14,2002,15,35.287
02.14.2002-18:00:00,02,14,2002,18,35.255
02.14.2002-21:00:00,02,14,2002,21,35.223
02.15.2002-00:00:00,02,15,2002,00,35.191
02.15.2002-03:00:00,02,15,2002,03,35.158
02.15.2002-06:00:00,02,15,2002,06,35.125
02.15.2002-09:00:00,02,15,2002,09,35.092
02.15.2002-12:00:00,02,15,2002,12,35.06
02.15.2002-15:00:00,02,15,2002,15,35.027
02.15.2002-18:00:00,02,15,2002,18,34.994
02.15.2002-21:00:00,02,15,2002,21,34.96
02.16.2002-00:00:00,02,16,2002,00,34.927
02.16.2002-03:00:00,02,16,2002,03,34.894
02.16.2002-06:00:00,02,16,2002,06,34.861
02.16.2002-09:00:00,02,16,2002,09,34.829
02.16.2002-12:00:00,02,16,2002,12,34.796
02.16.2002-15:00:00,02,16,2002,15,34.763
02.16.2002-18:00:00,02,16,2002,18,34.73
02.16.2002-21:00:00,02,16,2002,21,34.697
02.17.2002-00:00:00,02,17,2002,00,34.664
02.17.2002-03:00:00,02,17,2002,03,34.631
02.17.2002-06:00:00,02,17,2002,06,34.598
02.17.2002-09:00:00,02,17,2002,09,34.564
02.17.2002-12:00:00,02,17,2002,12,34.531
02.17.2002-15:00:00,02,17,2002,15,34.497
02.17.2002-18:00:00,02,17,2002,18,34.464
02.17.2002-21:00:00,02,17,2002,21,34.434
02.18.2002-00:00:00,02,18,2002,00,34.405
02.18.2002-03:00:00,02,18,2002,03,34.376
02.18.2002-06:00:00,02,18,2002,06,34.346
02.18.2002-09:00:00,02,18,2002,09,34.317
02.18.2002-12:00:00,02,18,2002,12,34.286
02.18.2002-15:00:00,02,18,2002,15,34.257
02.18.2002-18:00:00,02,18,2002,18,34.226
02.18.2002-21:00:00,02,18,2002,21,34.197
02.19.2002-00:00:00,02,19,2002,00,34.166
02.19.2002-03:00:00,02,19,2002,03,34.137
02.19.2002-06:00:00,02,19,2002,06,34.106
02.19.2002-09:00:00,02,19,2002,09,34.076
02.19.2002-12:00:00,02,19,2002,12,34.045
02.19.2002-15:00:00,02,19,2002,15,34.014
02.19.2002-18:00:00,02,19,2002,18,33.984
02.19.2002-21:00:00,02,19,2002,21,33.954
02.20.2002-00:00:00,02,20,2002,00,33.923
02.20.2002-03:00:00,02,20,2002,03,33.892
02.20.2002-06:00:00,02,20,2002,06,33.862
02.20.2002-09:00:00,02,20,2002,09,33.831
02.20.2002-12:00:00,02,20,2002,12,33.8
02.20.2002-15:00:00,02,20,2002,15,33.769
02.20.2002-18:00:00,02,20,2002,18,33.738
02.20.2002-21:00:00,02,20,2002,21,33.707
02.21.2002-00:00:00,02,21,2002,00,33.676
02.21.2002-03:00:00,02,21,2002,03,33.645
02.21.2002-06:00:00,02,21,2002,06,33.614
02.21.2002-09:00:00,02,21,2002,09,33.583
02.21.2002-12:00:00,02,21,2002,12,33.552
02.21.2002-15:00:00,02,21,2002,15,33.521
02.21.2002-18:00:00,02,21,2002,18,33.49
02.21.2002-21:00:00,02,21,2002,21,33.459
02.22.2002-00:00:00,02,22,2002,00,33.428
02.22.2002-03:00:00,02,22,2002,03,33.397
02.22.2002-06:00:00,02,22,2002,06,33.366
02.22.2002-09:00:00,02,22,2002,09,33.328
02.22.2002-12:00:00,02,22,2002,12,33.296
02.22.2002-15:00:00,02,22,2002,15,33.264
02.22.2002-18:00:00,02,22,2002,18,33.233
02.22.2002-21:00:00,02,22,2002,21,33.201
02.23.2002-00:00:00,02,23,2002,00,33.17
02.23.2002-03:00:00,02,23,2002,03,33.139
02.23.2002-06:00:00,02,23,2002,06,33.108
02.23.2002-09:00:00,02,23,2002,09,33.077
02.23.2002-12:00:00,02,23,2002,12,33.046
02.23.2002-15:00:00,02,23,2002,15,33.014
02.23.2002-18:00:00,02,23,2002,18,32.983
02.23.2002-21:00:00,02,23,2002,21,32.951
02.24.2002-00:00:00,02,24,2002,00,32.921
02.24.2002-03:00:00,02,24,2002,03,32.889
02.24.2002-06:00:00,02,24,2002,06,32.858
02.24.2002-09:00:00,02,24,2002,09,32.827
02.24.2002-12:00:00,02,24,2002,12,32.795
02.24.2002-15:00:00,02,24,2002,15,32.764
02.24.2002-18:00:00,02,24,2002,18,32.733
02.24.2002-21:00:00,02,24,2002,21,32.702
02.25.2002-00:00:00,02,25,2002,00,32.67
02.25.2002-03:00:00,02,25,2002,03,32.639
02.25.2002-06:00:00,02,25,2002,06,32.608
02.25.2002-09:00:00,02,25,2002,09,32.577
02.25.2002-12:00:00,02,25,2002,12,32.546
02.25.2002-15:00:00,02,25,2002,15,32.514
02.25.2002-18:00:00,02,25,2002,18,32.483
02.25.2002-21:00:00,02,25,2002,21,32.452
02.26.2002-00:00:00,02,26,2002,00,32.421
02.26.2002-03:00:00,02,26,2002,03,32.39
02.26.2002-06:00:00,02,26,2002,06,32.359
02.26.2002-09:00:00,02,26,2002,09,32.328
02.26.2002-12:00:00,02,26,2002,12,32.297
02.26.2002-15:00:00,02,26,2002,15,32.267
02.26.2002-18:00:00,02,26,2002,18,32.236
02.26.2002-21:00:00,02,26,2002,21,32.205
02.27.2002-00:00:00,02,27,2002,00,32.174
02.27.2002-03:00:00,02,27,2002,03,32.143
02.27.2002-06:00:00,02,27,2002,06,32.112
02.27.2002-09:00:00,02,27,2002,09,32.082
02.27.2002-12:00:00,02,27,2002,12,32.051
02.27.2002-15:00:00,02,27,2002,15,32.02
02.27.2002-18:00:00,02,27,2002,18,31.989
02.27.2002-21:00:00,02,27,2002,21,31.958
02.28.2002-00:00:00,02,28,2002,00,31.928
02.28.2002-03:00:00,02,28,2002,03,31.897
02.28.2002-06:00:00,02,28,2002,06,31.866
02.28.2002-09:00:00,02,28,2002,09,31.835
02.28.2002-12:00:00,02,28,2002,12,31.805
02.28.2002-15:00:00,02,28,2002,15,31.774
02.28.2002-18:00:00,02,28,2002,18,31.743
02.28.2002-21:00:00,02,28,2002,21,31.713
03.01.2002-00:00:00,03,01,2002,00,31.682
03.01.2002-03:00:00,03,01,2002,03,31.651
03.01.2002-06:00:00,03,01,2002,06,31.621
03.01.2002-09:00:00,03,01,2002,09,31.59
03.01.2002-12:00:00,03,01,2002,12,31.556
03.01.2002-15:00:00,03,01,2002,15,31.526
03.01.2002-18:00:00,03,01,2002,18,31.495
03.01.2002-21:00:00,03,01,2002,21,31.465
03.02.2002-00:00:00,03,02,2002,00,31.434
03.02.2002-03:00:00,03,02,2002,03,31.403
03.02.2002-06:00:00,03,02,2002,06,31.373
03.02.2002-09:00:00,03,02,2002,09,31.342
03.02.2002-12:00:00,03,02,2002,12,31.31
03.02.2002-15:00:00,03,02,2002,15,31.28
03.02.2002-18:00:00,03,02,2002,18,31.25
03.02.2002-21:00:00,03,02,2002,21,31.219
03.03.2002-00:00:00,03,03,2002,00,31.189
03.03.2002-03:00:00,03,03,2002,03,31.158
03.03.2002-06:00:00,03,03,2002,06,31.128
03.03.2002-09:00:00,03,03,2002,09,31.098
03.03.2002-12:00:00,03,03,2002,12,31.066
03.03.2002-15:00:00,03,03,2002,15,31.036
03.03.2002-18:00:00,03,03,2002,18,31.005
03.03.2002-21:00:00,03,03,2002,21,30.975
03.04.2002-00:00:00,03,04,2002,00,30.945
03.04.2002-03:00:00,03,04,2002,03,30.915
03.04.2002-06:00:00,03,04,2002,06,30.885
03.04.2002-09:00:00,03,04,2002,09,30.851
03.04.2002-12:00:00,03,04,2002,12,30.819
03.04.2002-15:00:00,03,04,2002,15,30.789
03.04.2002-18:00:00,03,04,2002,18,30.758
03.04.2002-21:00:00,03,04,2002,21,30.728
03.05.2002-00:00:00,03,05,2002,00,30.698
03.05.2002-03:00:00,03,05,2002,03,30.668
03.05.2002-06:00:00,03,05,2002,06,30.638
03.05.2002-09:00:00,03,05,2002,09,30.608
03.05.2002-12:00:00,03,05,2002,12,30.576
03.05.2002-15:00:00,03,05,2002,15,30.545
03.05.2002-18:00:00,03,05,2002,18,30.515
03.05.2002-21:00:00,03,05,2002,21,30.484
03.06.2002-00:00:00,03,06,2002,00,30.454
03.06.2002-03:00:00,03,06,2002,03,30.422
03.06.2002-06:00:00,03,06,2002,06,30.391
03.06.2002-09:00:00,03,06,2002,09,30.36
03.06.2002-12:00:00,03,06,2002,12,30.329
03.06.2002-15:00:00,03,06,2002,15,30.298
03.06.2002-18:00:00,03,06,2002,18,30.266
03.06.2002-21:00:00,03,06,2002,21,30.235
03.07.2002-00:00:00,03,07,2002,00,30.203
03.07.2002-03:00:00,03,07,2002,03,30.172
03.07.2002-06:00:00,03,07,2002,06,30.14
03.07.2002-09:00:00,03,07,2002,09,30.109
03.07.2002-12:00:00,03,07,2002,12,30.077
03.07.2002-15:00:00,03,07,2002,15,30.045
03.07.2002-18:00:00,03,07,2002,18,30.014
03.07.2002-21:00:00,03,07,2002,21,29.982
03.08.2002-00:00:00,03,08,2002,00,29.95
03.08.2002-03:00:00,03,08,2002,03,29.918
03.08.2002-06:00:00,03,08,2002,06,29.886
03.08.2002-09:00:00,03,08,2002,09,29.854
03.08.2002-12:00:00,03,08,2002,12,29.822
03.08.2002-15:00:00,03,08,2002,15,29.791
03.08.2002-18:00:00,03,08,2002,18,29.759
03.08.2002-21:00:00,03,08,2002,21,29.726
03.09.2002-00:00:00,03,09,2002,00,29.694
03.09.2002-03:00:00,03,09,2002,03,29.662
03.09.2002-06:00:00,03,09,2002,06,29.63
03.09.2002-09:00:00,03,09,2002,09,29.598
03.09.2002-12:00:00,03,09,2002,12,29.566
03.09.2002-15:00:00,03,09,2002,15,29.534
03.09.2002-18:00:00,03,09,2002,18,29.502
03.09.2002-21:00:00,03,09,2002,21,29.47
03.10.2002-00:00:00,03,10,2002,00,29.438
03.10.2002-03:00:00,03,10,2002,03,29.405
03.10.2002-06:00:00,03,10,2002,06,29.373
03.10.2002-09:00:00,03,10,2002,09,29.341
03.10.2002-12:00:00,03,10,2002,12,29.309
03.10.2002-15:00:00,03,10,2002,15,29.277
03.10.2002-18:00:00,03,10,2002,18,29.245
03.10.2002-21:00:00,03,10,2002,21,29.213
03.11.2002-00:00:00,03,11,2002,00,29.181
03.11.2002-03:00:00,03,11,2002,03,29.149
03.11.2002-06:00:00,03,11,2002,06,29.117
03.11.2002-09:00:00,03,11,2002,09,29.086
03.11.2002-12:00:00,03,11,2002,12,29.054
03.11.2002-15:00:00,03,11,2002,15,29.022
03.11.2002-18:00:00,03,11,2002,18,28.99
03.11.2002-21:00:00,03,11,2002,21,28.958
03.12.2002-00:00:00,03,12,2002,00,28.927
03.12.2002-03:00:00,03,12,2002,03,28.895
03.12.2002-06:00:00,03,12,2002,06,28.863
03.12.2002-09:00:00,03,12,2002,09,28.829
03.12.2002-12:00:00,03,12,2002,12,28.795
03.12.2002-15:00:00,03,12,2002,15,28.764
03.12.2002-18:00:00,03,12,2002,18,28.732
03.12.2002-21:00:00,03,12,2002,21,28.701
03.13.2002-00:00:00,03,13,2002,00,28.669
03.13.2002-03:00:00,03,13,2002,03,28.638
03.13.2002-06:00:00,03,13,2002,06,28.606
03.13.2002-09:00:00,03,13,2002,09,28.575
03.13.2002-12:00:00,03,13,2002,12,28.542
03.13.2002-15:00:00,03,13,2002,15,28.511
03.13.2002-18:00:00,03,13,2002,18,28.48
03.13.2002-21:00:00,03,13,2002,21,28.448
03.14.2002-00:00:00,03,14,2002,00,28.417
03.14.2002-03:00:00,03,14,2002,03,28.386
03.14.2002-06:00:00,03,14,2002,06,28.355
03.14.2002-09:00:00,03,14,2002,09,28.322
03.14.2002-12:00:00,03,14,2002,12,28.288
03.14.2002-15:00:00,03,14,2002,15,28.257
03.14.2002-18:00:00,03,14,2002,18,28.226
03.14.2002-21:00:00,03,14,2002,21,28.196
03.15.2002-00:00:00,03,15,2002,00,28.165
03.15.2002-03:00:00,03,15,2002,03,28.134
03.15.2002-06:00:00,03,15,2002,06,28.103
03.15.2002-09:00:00,03,15,2002,09,28.072
03.15.2002-12:00:00,03,15,2002,12,28.042
03.15.2002-15:00:00,03,15,2002,15,28.012
03.15.2002-18:00:00,03,15,2002,18,27.981
03.15.2002-21:00:00,03,15,2002,21,27.95
03.16.2002-00:00:00,03,16,2002,00,26.226
03.16.2002-03:00:00,03,16,2002,03,27.848
03.16.2002-06:00:00,03,16,2002,06,26.183
03.16.2002-09:00:00,03,16,2002,09,27.806
03.16.2002-12:00:00,03,16,2002,12,26.141
03.16.2002-15:00:00,03,16,2002,15,27.763
03.16.2002-18:00:00,03,16,2002,18,26.098
03.16.2002-21:00:00,03,16,2002,21,27.72
03.17.2002-00:00:00,03,17,2002,00,26.056
03.17.2002-03:00:00,03,17,2002,03,27.677
03.17.2002-06:00:00,03,17,2002,06,26.014
03.17.2002-09:00:00,03,17,2002,09,27.635
03.17.2002-12:00:00,03,17,2002,12,25.972
03.17.2002-15:00:00,03,17,2002,15,27.592
03.17.2002-18:00:00,03,17,2002,18,25.93
03.17.2002-21:00:00,03,17,2002,21,27.548
03.18.2002-00:00:00,03,18,2002,00,25.888
03.18.2002-03:00:00,03,18,2002,03,27.504
03.18.2002-06:00:00,03,18,2002,06,25.847
03.18.2002-09:00:00,03,18,2002,09,27.46
03.18.2002-12:00:00,03,18,2002,12,25.805
03.18.2002-15:00:00,03,18,2002,15,27.416
03.18.2002-18:00:00,03,18,2002,18,25.764
03.18.2002-21:00:00,03,18,2002,21,27.372
03.19.2002-00:00:00,03,19,2002,00,25.722
03.19.2002-03:00:00,03,19,2002,03,27.328
03.19.2002-06:00:00,03,19,2002,06,25.681
03.19.2002-09:00:00,03,19,2002,09,27.283
03.19.2002-12:00:00,03,19,2002,12,25.64
03.19.2002-15:00:00,03,19,2002,15,27.239
03.19.2002-18:00:00,03,19,2002,18,25.599
03.19.2002-21:00:00,03,19,2002,21,27.193
03.20.2002-00:00:00,03,20,2002,00,25.558
03.20.2002-03:00:00,03,20,2002,03,27.148
03.20.2002-06:00:00,03,20,2002,06,25.518
03.20.2002-09:00:00,03,20,2002,09,27.103
03.20.2002-12:00:00,03,20,2002,12,25.477
03.20.2002-15:00:00,03,20,2002,15,27.058
03.20.2002-18:00:00,03,20,2002,18,25.436
03.20.2002-21:00:00,03,20,2002,21,27.012
03.21.2002-00:00:00,03,21,2002,00,25.396
03.21.2002-03:00:00,03,21,2002,03,26.966
03.21.2002-06:00:00,03,21,2002,06,25.356
03.21.2002-09:00:00,03,21,2002,09,26.92
03.21.2002-12:00:00,03,21,2002,12,25.316
03.21.2002-15:00:00,03,21,2002,15,26.874
03.21.2002-18:00:00,03,21,2002,18,25.276
03.21.2002-21:00:00,03,21,2002,21,26.828
03.22.2002-00:00:00,03,22,2002,00,25.236
03.22.2002-03:00:00,03,22,2002,03,26.782
03.22.2002-06:00:00,03,22,2002,06,25.196
03.22.2002-09:00:00,03,22,2002,09,26.732
03.22.2002-12:00:00,03,22,2002,12,25.151
03.22.2002-15:00:00,03,22,2002,15,25.082
03.22.2002-18:00:00,03,22,2002,18,26.669
03.22.2002-21:00:00,03,22,2002,21,25.093
03.23.2002-00:00:00,03,23,2002,00,25.023
03.23.2002-03:00:00,03,23,2002,03,26.607
03.23.2002-06:00:00,03,23,2002,06,25.034
03.23.2002-09:00:00,03,23,2002,09,24.959
03.23.2002-12:00:00,03,23,2002,12,26.536
03.23.2002-15:00:00,03,23,2002,15,24.966
03.23.2002-18:00:00,03,23,2002,18,24.897
03.23.2002-21:00:00,03,23,2002,21,26.473
03.24.2002-00:00:00,03,24,2002,00,24.909
03.24.2002-03:00:00,03,24,2002,03,24.838
03.24.2002-06:00:00,03,24,2002,06,26.409
03.24.2002-09:00:00,03,24,2002,09,24.845
03.24.2002-12:00:00,03,24,2002,12,24.771
03.24.2002-15:00:00,03,24,2002,15,26.335
03.24.2002-18:00:00,03,24,2002,18,24.783
03.24.2002-21:00:00,03,24,2002,21,24.713
03.25.2002-00:00:00,03,25,2002,00,26.271
03.25.2002-03:00:00,03,25,2002,03,24.726
03.25.2002-06:00:00,03,25,2002,06,24.656
03.25.2002-09:00:00,03,25,2002,09,24.636
03.25.2002-12:00:00,03,25,2002,12,26.179
03.25.2002-15:00:00,03,25,2002,15,24.64
03.25.2002-18:00:00,03,25,2002,18,24.57
03.25.2002-21:00:00,03,25,2002,21,24.556
03.26.2002-00:00:00,03,26,2002,00,26.097
03.26.2002-03:00:00,03,26,2002,03,24.566
03.26.2002-06:00:00,03,26,2002,06,24.495
03.26.2002-09:00:00,03,26,2002,09,24.478
03.26.2002-12:00:00,03,26,2002,12,24.462
03.26.2002-15:00:00,03,26,2002,15,25.992
03.26.2002-18:00:00,03,26,2002,18,24.468
03.26.2002-21:00:00,03,26,2002,21,24.398
03.27.2002-00:00:00,03,27,2002,00,24.383
03.27.2002-03:00:00,03,27,2002,03,24.367
03.27.2002-06:00:00,03,27,2002,06,25.891
03.27.2002-09:00:00,03,27,2002,09,24.375
03.27.2002-12:00:00,03,27,2002,12,24.303
03.27.2002-15:00:00,03,27,2002,15,24.287
03.27.2002-18:00:00,03,27,2002,18,24.272
03.27.2002-21:00:00,03,27,2002,21,24.256
03.28.2002-00:00:00,03,28,2002,00,25.768
03.28.2002-03:00:00,03,28,2002,03,24.264
03.28.2002-06:00:00,03,28,2002,06,24.193
03.28.2002-09:00:00,03,28,2002,09,24.174
03.28.2002-12:00:00,03,28,2002,12,24.155
03.28.2002-15:00:00,03,28,2002,15,24.139
03.28.2002-18:00:00,03,28,2002,18,24.123
03.28.2002-21:00:00,03,28,2002,21,24.106
03.29.2002-00:00:00,03,29,2002,00,24.09
03.29.2002-03:00:00,03,29,2002,03,25.586
03.29.2002-06:00:00,03,29,2002,06,24.096
03.29.2002-09:00:00,03,29,2002,09,24.021
03.29.2002-12:00:00,03,29,2002,12,24.002
03.29.2002-15:00:00,03,29,2002,15,23.985
03.29.2002-18:00:00,03,29,2002,18,23.968
03.29.2002-21:00:00,03,29,2002,21,23.952
03.30.2002-00:00:00,03,30,2002,00,23.935
03.30.2002-03:00:00,03,30,2002,03,23.917
03.30.2002-06:00:00,03,30,2002,06,23.9
03.30.2002-09:00:00,03,30,2002,09,23.878
03.30.2002-12:00:00,03,30,2002,12,23.858
03.30.2002-15:00:00,03,30,2002,15,23.84
03.30.2002-18:00:00,03,30,2002,18,23.823
03.30.2002-21:00:00,03,30,2002,21,23.805
03.31.2002-00:00:00,03,31,2002,00,23.788
03.31.2002-03:00:00,03,31,2002,03,23.77
03.31.2002-06:00:00,03,31,2002,06,23.752
03.31.2002-09:00:00,03,31,2002,09,23.732
03.31.2002-12:00:00,03,31,2002,12,23.711
03.31.2002-15:00:00,03,31,2002,15,23.693
03.31.2002-18:00:00,03,31,2002,18,23.674
03.31.2002-21:00:00,03,31,2002,21,23.656
04.01.2002-00:00:00,04,01,2002,00,23.638
04.01.2002-03:00:00,04,01,2002,03,23.621
04.01.2002-06:00:00,04,01,2002,06,23.602
04.01.2002-09:00:00,04,01,2002,09,23.582
04.01.2002-12:00:00,04,01,2002,12,23.56
04.01.2002-15:00:00,04,01,2002,15,23.541
04.01.2002-18:00:00,04,01,2002,18,23.522
04.01.2002-21:00:00,04,01,2002,21,23.503
04.02.2002-00:00:00,04,02,2002,00,23.483
04.02.2002-03:00:00,04,02,2002,03,23.464
04.02.2002-06:00:00,04,02,2002,06,23.444
04.02.2002-09:00:00,04,02,2002,09,23.422
04.02.2002-12:00:00,04,02,2002,12,23.4
04.02.2002-15:00:00,04,02,2002,15,23.38
04.02.2002-18:00:00,04,02,2002,18,23.359
04.02.2002-21:00:00,04,02,2002,21,23.339
04.03.2002-00:00:00,04,03,2002,00,23.319
04.03.2002-03:00:00,04,03,2002,03,23.298
04.03.2002-06:00:00,04,03,2002,06,23.278
04.03.2002-09:00:00,04,03,2002,09,23.253
04.03.2002-12:00:00,04,03,2002,12,23.228
04.03.2002-15:00:00,04,03,2002,15,23.207
04.03.2002-18:00:00,04,03,2002,18,23.186
04.03.2002-21:00:00,04,03,2002,21,23.165
04.04.2002-00:00:00,04,04,2002,00,23.144
04.04.2002-03:00:00,04,04,2002,03,23.123
04.04.2002-06:00:00,04,04,2002,06,23.101
04.04.2002-09:00:00,04,04,2002,09,23.075
04.04.2002-12:00:00,04,04,2002,12,23.048
04.04.2002-15:00:00,04,04,2002,15,23.025
04.04.2002-18:00:00,04,04,2002,18,23.003
04.04.2002-21:00:00,04,04,2002,21,22.982
04.05.2002-00:00:00,04,05,2002,00,22.96
04.05.2002-03:00:00,04,05,2002,03,22.939
04.05.2002-06:00:00,04,05,2002,06,22.917
04.05.2002-09:00:00,04,05,2002,09,22.891
04.05.2002-12:00:00,04,05,2002,12,22.865
04.05.2002-15:00:00,04,05,2002,15,22.843
04.05.2002-18:00:00,04,05,2002,18,22.821
04.05.2002-21:00:00,04,05,2002,21,22.799
04.06.2002-00:00:00,04,06,2002,00,22.777
04.06.2002-03:00:00,04,06,2002,03,22.755
04.06.2002-06:00:00,04,06,2002,06,22.732
04.06.2002-09:00:00,04,06,2002,09,22.707
04.06.2002-12:00:00,04,06,2002,12,22.681
04.06.2002-15:00:00,04,06,2002,15,22.658
04.06.2002-18:00:00,04,06,2002,18,22.636
04.06.2002-21:00:00,04,06,2002,21,22.614
04.07.2002-00:00:00,04,07,2002,00,22.592
04.07.2002-03:00:00,04,07,2002,03,22.569
04.07.2002-06:00:00,04,07,2002,06,22.547
04.07.2002-09:00:00,04,07,2002,09,22.523
04.07.2002-12:00:00,04,07,2002,12,22.497
04.07.2002-15:00:00,04,07,2002,15,22.474
04.07.2002-18:00:00,04,07,2002,18,22.452
04.07.2002-21:00:00,04,07,2002,21,22.43
04.08.2002-00:00:00,04,08,2002,00,22.407
04.08.2002-03:00:00,04,08,2002,03,22.385
04.08.2002-06:00:00,04,08,2002,06,22.363
04.08.2002-09:00:00,04,08,2002,09,22.336
04.08.2002-12:00:00,04,08,2002,12,22.31
04.08.2002-15:00:00,04,08,2002,15,22.286
04.08.2002-18:00:00,04,08,2002,18,22.264
04.08.2002-21:00:00,04,08,2002,21,22.242
04.09.2002-00:00:00,04,09,2002,00,22.219
04.09.2002-03:00:00,04,09,2002,03,22.197
04.09.2002-06:00:00,04,09,2002,06,22.175
04.09.2002-09:00:00,04,09,2002,09,22.151
04.09.2002-12:00:00,04,09,2002,12,22.127
04.09.2002-15:00:00,04,09,2002,15,22.104
04.09.2002-18:00:00,04,09,2002,18,22.082
04.09.2002-21:00:00,04,09,2002,21,22.06
04.10.2002-00:00:00,04,10,2002,00,22.038
04.10.2002-03:00:00,04,10,2002,03,22.016
04.10.2002-06:00:00,04,10,2002,06,21.994
04.10.2002-09:00:00,04,10,2002,09,21.967
04.10.2002-12:00:00,04,10,2002,12,21.939
04.10.2002-15:00:00,04,10,2002,15,21.916
04.10.2002-18:00:00,04,10,2002,18,21.894
04.10.2002-21:00:00,04,10,2002,21,21.872
04.11.2002-00:00:00,04,11,2002,00,21.85
04.11.2002-03:00:00,04,11,2002,03,21.828
04.11.2002-06:00:00,04,11,2002,06,21.805
04.11.2002-09:00:00,04,11,2002,09,21.778
04.11.2002-12:00:00,04,11,2002,12,21.752
04.11.2002-15:00:00,04,11,2002,15,21.729
04.11.2002-18:00:00,04,11,2002,18,21.707
04.11.2002-21:00:00,04,11,2002,21,21.685
04.12.2002-00:00:00,04,12,2002,00,21.664
04.12.2002-03:00:00,04,12,2002,03,21.642
04.12.2002-06:00:00,04,12,2002,06,21.619
04.12.2002-09:00:00,04,12,2002,09,21.592
04.12.2002-12:00:00,04,12,2002,12,21.565
04.12.2002-15:00:00,04,12,2002,15,21.543
04.12.2002-18:00:00,04,12,2002,18,21.523
04.12.2002-21:00:00,04,12,2002,21,21.503
04.13.2002-00:00:00,04,13,2002,00,21.484
04.13.2002-03:00:00,04,13,2002,03,21.465
04.13.2002-06:00:00,04,13,2002,06,21.444
04.13.2002-09:00:00,04,13,2002,09,21.42
04.13.2002-12:00:00,04,13,2002,12,21.397
04.13.2002-15:00:00,04,13,2002,15,21.379
04.13.2002-18:00:00,04,13,2002,18,21.363
04.13.2002-21:00:00,04,13,2002,21,21.347
04.14.2002-00:00:00,04,14,2002,00,21.333
04.14.2002-03:00:00,04,14,2002,03,21.32
04.14.2002-06:00:00,04,14,2002,06,21.304
04.14.2002-09:00:00,04,14,2002,09,21.285
04.14.2002-12:00:00,04,14,2002,12,21.282
04.14.2002-15:00:00,04,14,2002,15,21.293
04.14.2002-18:00:00,04,14,2002,18,21.305
04.14.2002-21:00:00,04,14,2002,21,21.315
04.15.2002-00:00:00,04,15,2002,00,21.323
04.15.2002-03:00:00,04,15,2002,03,21.326
04.15.2002-06:00:00,04,15,2002,06,21.326
04.15.2002-09:00:00,04,15,2002,09,21.324
04.15.2002-12:00:00,04,15,2002,12,21.323
04.15.2002-15:00:00,04,15,2002,15,21.323
04.15.2002-18:00:00,04,15,2002,18,21.324
04.15.2002-21:00:00,04,15,2002,21,21.326
04.16.2002-00:00:00,04,16,2002,00,21.328
04.16.2002-03:00:00,04,16,2002,03,21.33
04.16.2002-06:00:00,04,16,2002,06,21.333
04.16.2002-09:00:00,04,16,2002,09,21.334
04.16.2002-12:00:00,04,16,2002,12,21.336
04.16.2002-15:00:00,04,16,2002,15,21.339
04.16.2002-18:00:00,04,16,2002,18,21.343
04.16.2002-21:00:00,04,16,2002,21,21.347
04.17.2002-00:00:00,04,17,2002,00,21.352
04.17.2002-03:00:00,04,17,2002,03,21.357
04.17.2002-06:00:00,04,17,2002,06,21.364
04.17.2002-09:00:00,04,17,2002,09,21.366
04.17.2002-12:00:00,04,17,2002,12,21.37
04.17.2002-15:00:00,04,17,2002,15,21.376
04.17.2002-18:00:00,04,17,2002,18,21.383
04.17.2002-21:00:00,04,17,2002,21,21.391
04.18.2002-00:00:00,04,18,2002,00,21.399
04.18.2002-03:00:00,04,18,2002,03,21.407
04.18.2002-06:00:00,04,18,2002,06,21.415
04.18.2002-09:00:00,04,18,2002,09,21.419
04.18.2002-12:00:00,04,18,2002,12,21.423
04.18.2002-15:00:00,04,18,2002,15,21.432
04.18.2002-18:00:00,04,18,2002,18,21.441
04.18.2002-21:00:00,04,18,2002,21,21.452
04.19.2002-00:00:00,04,19,2002,00,21.463
04.19.2002-03:00:00,04,19,2002,03,21.475
04.19.2002-06:00:00,04,19,2002,06,21.488
04.19.2002-09:00:00,04,19,2002,09,21.5
04.19.2002-12:00:00,04,19,2002,12,21.512
04.19.2002-15:00:00,04,19,2002,15,21.516
04.19.2002-18:00:00,04,19,2002,18,21.519
04.19.2002-21:00:00,04,19,2002,21,21.522
04.20.2002-00:00:00,04,20,2002,00,21.525
04.20.2002-03:00:00,04,20,2002,03,21.528
04.20.2002-06:00:00,04,20,2002,06,21.53
04.20.2002-09:00:00,04,20,2002,09,21.533
04.20.2002-12:00:00,04,20,2002,12,21.566
04.20.2002-15:00:00,04,20,2002,15,21.607
04.20.2002-18:00:00,04,20,2002,18,21.656
04.20.2002-21:00:00,04,20,2002,21,21.701
04.21.2002-00:00:00,04,21,2002,00,21.742
04.21.2002-03:00:00,04,21,2002,03,21.775
04.21.2002-06:00:00,04,21,2002,06,21.802
04.21.2002-09:00:00,04,21,2002,09,21.852
04.21.2002-12:00:00,04,21,2002,12,21.978
04.21.2002-15:00:00,04,21,2002,15,22.135
04.21.2002-18:00:00,04,21,2002,18,22.276
04.21.2002-21:00:00,04,21,2002,21,22.392
04.22.2002-00:00:00,04,22,2002,00,22.476
04.22.2002-03:00:00,04,22,2002,03,22.537
04.22.2002-06:00:00,04,22,2002,06,22.61
04.22.2002-09:00:00,04,22,2002,09,22.891
04.22.2002-12:00:00,04,22,2002,12,23.469
04.22.2002-15:00:00,04,22,2002,15,23.843
04.22.2002-18:00:00,04,22,2002,18,24.02
04.22.2002-21:00:00,04,22,2002,21,24.152
04.23.2002-00:00:00,04,23,2002,00,24.279
04.23.2002-03:00:00,04,23,2002,03,24.409
04.23.2002-06:00:00,04,23,2002,06,24.541
04.23.2002-09:00:00,04,23,2002,09,24.674
04.23.2002-12:00:00,04,23,2002,12,24.808
04.23.2002-15:00:00,04,23,2002,15,24.947
04.23.2002-18:00:00,04,23,2002,18,25.089
04.23.2002-21:00:00,04,23,2002,21,25.232
04.24.2002-00:00:00,04,24,2002,00,25.378
04.24.2002-03:00:00,04,24,2002,03,25.526
04.24.2002-06:00:00,04,24,2002,06,25.675
04.24.2002-09:00:00,04,24,2002,09,25.805
04.24.2002-12:00:00,04,24,2002,12,25.93
04.24.2002-15:00:00,04,24,2002,15,26.057
04.24.2002-18:00:00,04,24,2002,18,26.184
04.24.2002-21:00:00,04,24,2002,21,26.315
04.25.2002-00:00:00,04,25,2002,00,26.448
04.25.2002-03:00:00,04,25,2002,03,26.6
04.25.2002-06:00:00,04,25,2002,06,26.765
04.25.2002-09:00:00,04,25,2002,09,26.925
04.25.2002-12:00:00,04,25,2002,12,27.085
04.25.2002-15:00:00,04,25,2002,15,27.252
04.25.2002-18:00:00,04,25,2002,18,27.423
04.25.2002-21:00:00,04,25,2002,21,27.595
04.26.2002-00:00:00,04,26,2002,00,27.768
04.26.2002-03:00:00,04,26,2002,03,27.941
04.26.2002-06:00:00,04,26,2002,06,28.114
04.26.2002-09:00:00,04,26,2002,09,28.279
04.26.2002-12:00:00,04,26,2002,12,28.442
04.26.2002-15:00:00,04,26,2002,15,28.614
04.26.2002-18:00:00,04,26,2002,18,28.789
04.26.2002-21:00:00,04,26,2002,21,28.964
04.27.2002-00:00:00,04,27,2002,00,29.138
04.27.2002-03:00:00,04,27,2002,03,29.313
04.27.2002-06:00:00,04,27,2002,06,29.487
04.27.2002-09:00:00,04,27,2002,09,29.685
04.27.2002-12:00:00,04,27,2002,12,30.449
04.27.2002-15:00:00,04,27,2002,15,30.713
04.27.2002-18:00:00,04,27,2002,18,30.963
04.27.2002-21:00:00,04,27,2002,21,31.224
04.28.2002-00:00:00,04,28,2002,00,31.503
04.28.2002-03:00:00,04,28,2002,03,31.773
04.28.2002-06:00:00,04,28,2002,06,32.006
04.28.2002-09:00:00,04,28,2002,09,36.552
04.28.2002-12:00:00,04,28,2002,12,87.798
04.28.2002-15:00:00,04,28,2002,15,41.118
04.28.2002-18:00:00,04,28,2002,18,40.413
04.28.2002-21:00:00,04,28,2002,21,41.059
04.29.2002-00:00:00,04,29,2002,00,42.883
04.29.2002-03:00:00,04,29,2002,03,45.016
04.29.2002-06:00:00,04,29,2002,06,45.166
04.29.2002-09:00:00,04,29,2002,09,80.67
04.29.2002-12:00:00,04,29,2002,12,100.86
04.29.2002-15:00:00,04,29,2002,15,51.938
04.29.2002-18:00:00,04,29,2002,18,50.375
04.29.2002-21:00:00,04,29,2002,21,50.781
04.30.2002-00:00:00,04,30,2002,00,51.158
04.30.2002-03:00:00,04,30,2002,03,51.488
04.30.2002-06:00:00,04,30,2002,06,83.901
04.30.2002-09:00:00,04,30,2002,09,132.69
04.30.2002-12:00:00,04,30,2002,12,166.66
04.30.2002-15:00:00,04,30,2002,15,105.54
04.30.2002-18:00:00,04,30,2002,18,87.367
04.30.2002-21:00:00,04,30,2002,21,84.271
05.01.2002-00:00:00,05,01,2002,00,84.452
05.01.2002-03:00:00,05,01,2002,03,84.665
05.01.2002-06:00:00,05,01,2002,06,124.43
05.01.2002-09:00:00,05,01,2002,09,218.62
05.01.2002-12:00:00,05,01,2002,12,253.95
05.01.2002-15:00:00,05,01,2002,15,136.55
05.01.2002-18:00:00,05,01,2002,18,113.87
05.01.2002-21:00:00,05,01,2002,21,118.86
05.02.2002-00:00:00,05,02,2002,00,119.55
05.02.2002-03:00:00,05,02,2002,03,119.96
05.02.2002-06:00:00,05,02,2002,06,260.14
05.02.2002-09:00:00,05,02,2002,09,453.35
05.02.2002-12:00:00,05,02,2002,12,484.61
05.02.2002-15:00:00,05,02,2002,15,245.29
05.02.2002-18:00:00,05,02,2002,18,160.06
05.02.2002-21:00:00,05,02,2002,21,158.71
05.03.2002-00:00:00,05,03,2002,00,160.36
05.03.2002-03:00:00,05,03,2002,03,161.53
05.03.2002-06:00:00,05,03,2002,06,164.1
05.03.2002-09:00:00,05,03,2002,09,340.19
05.03.2002-12:00:00,05,03,2002,12,445.03
05.03.2002-15:00:00,05,03,2002,15,198.08
05.03.2002-18:00:00,05,03,2002,18,189.15
05.03.2002-21:00:00,05,03,2002,21,192.1
05.04.2002-00:00:00,05,04,2002,00,194.09
05.04.2002-03:00:00,05,04,2002,03,195.28
05.04.2002-06:00:00,05,04,2002,06,195.81
05.04.2002-09:00:00,05,04,2002,09,195.19
05.04.2002-12:00:00,05,04,2002,12,196.81
05.04.2002-15:00:00,05,04,2002,15,195.67
05.04.2002-18:00:00,05,04,2002,18,195.81
05.04.2002-21:00:00,05,04,2002,21,195.86
05.05.2002-00:00:00,05,05,2002,00,195.93
05.05.2002-03:00:00,05,05,2002,03,196
05.05.2002-06:00:00,05,05,2002,06,212.6
05.05.2002-09:00:00,05,05,2002,09,221.26
05.05.2002-12:00:00,05,05,2002,12,383.85
05.05.2002-15:00:00,05,05,2002,15,224.34
05.05.2002-18:00:00,05,05,2002,18,217.79
05.05.2002-21:00:00,05,05,2002,21,218.83
05.06.2002-00:00:00,05,06,2002,00,219.76
05.06.2002-03:00:00,05,06,2002,03,220.59
05.06.2002-06:00:00,05,06,2002,06,225.4
05.06.2002-09:00:00,05,06,2002,09,223.33
05.06.2002-12:00:00,05,06,2002,12,223.17
05.06.2002-15:00:00,05,06,2002,15,225.79
05.06.2002-18:00:00,05,06,2002,18,226.49
05.06.2002-21:00:00,05,06,2002,21,226.47
05.07.2002-00:00:00,05,07,2002,00,226.38
05.07.2002-03:00:00,05,07,2002,03,226.28
05.07.2002-06:00:00,05,07,2002,06,225.14
05.07.2002-09:00:00,05,07,2002,09,221.82
05.07.2002-12:00:00,05,07,2002,12,331.96
05.07.2002-15:00:00,05,07,2002,15,230.24
05.07.2002-18:00:00,05,07,2002,18,230.02
05.07.2002-21:00:00,05,07,2002,21,240.62
05.08.2002-00:00:00,05,08,2002,00,241.57
05.08.2002-03:00:00,05,08,2002,03,242.07
05.08.2002-06:00:00,05,08,2002,06,242.27
05.08.2002-09:00:00,05,08,2002,09,239.71
05.08.2002-12:00:00,05,08,2002,12,454.28
05.08.2002-15:00:00,05,08,2002,15,264.69
05.08.2002-18:00:00,05,08,2002,18,255.67
05.08.2002-21:00:00,05,08,2002,21,256.49
05.09.2002-00:00:00,05,09,2002,00,257.21
05.09.2002-03:00:00,05,09,2002,03,257.72
05.09.2002-06:00:00,05,09,2002,06,257.34
05.09.2002-09:00:00,05,09,2002,09,244.52
05.09.2002-12:00:00,05,09,2002,12,245.13
05.09.2002-15:00:00,05,09,2002,15,254.38
05.09.2002-18:00:00,05,09,2002,18,255.91
05.09.2002-21:00:00,05,09,2002,21,255.41
05.10.2002-00:00:00,05,10,2002,00,254.9
05.10.2002-03:00:00,05,10,2002,03,254.38
05.10.2002-06:00:00,05,10,2002,06,250.5
05.10.2002-09:00:00,05,10,2002,09,237.35
05.10.2002-12:00:00,05,10,2002,12,238.5
05.10.2002-15:00:00,05,10,2002,15,249.55
05.10.2002-18:00:00,05,10,2002,18,251.42
05.10.2002-21:00:00,05,10,2002,21,251.01
05.11.2002-00:00:00,05,11,2002,00,250.52
05.11.2002-03:00:00,05,11,2002,03,248.61
05.11.2002-06:00:00,05,11,2002,06,274.86
05.11.2002-09:00:00,05,11,2002,09,644.96
05.11.2002-12:00:00,05,11,2002,12,768.86
05.11.2002-15:00:00,05,11,2002,15,413.97
05.11.2002-18:00:00,05,11,2002,18,291.6
05.11.2002-21:00:00,05,11,2002,21,288.68
05.12.2002-00:00:00,05,12,2002,00,288.92
05.12.2002-03:00:00,05,12,2002,03,288.02
05.12.2002-06:00:00,05,12,2002,06,415.41
05.12.2002-09:00:00,05,12,2002,09,890.86
05.12.2002-12:00:00,05,12,2002,12,924.16
05.12.2002-15:00:00,05,12,2002,15,460.27
05.12.2002-18:00:00,05,12,2002,18,352.01
05.12.2002-21:00:00,05,12,2002,21,350.66
05.13.2002-00:00:00,05,13,2002,00,351.29
05.13.2002-03:00:00,05,13,2002,03,350.87
05.13.2002-06:00:00,05,13,2002,06,551.89
05.13.2002-09:00:00,05,13,2002,09,1096.3
05.13.2002-12:00:00,05,13,2002,12,1158.4
05.13.2002-15:00:00,05,13,2002,15,725.02
05.13.2002-18:00:00,05,13,2002,18,551.11
05.13.2002-21:00:00,05,13,2002,21,486.02
05.14.2002-00:00:00,05,14,2002,00,500.3
05.14.2002-03:00:00,05,14,2002,03,473.04
05.14.2002-06:00:00,05,14,2002,06,495.36
05.14.2002-09:00:00,05,14,2002,09,815.72
05.14.2002-12:00:00,05,14,2002,12,921.67
05.14.2002-15:00:00,05,14,2002,15,674.49
05.14.2002-18:00:00,05,14,2002,18,549.89
05.14.2002-21:00:00,05,14,2002,21,515.21
05.15.2002-00:00:00,05,15,2002,00,516.24
05.15.2002-03:00:00,05,15,2002,03,515.05
05.15.2002-06:00:00,05,15,2002,06,524.93
05.15.2002-09:00:00,05,15,2002,09,827.07
05.15.2002-12:00:00,05,15,2002,12,900.2
05.15.2002-15:00:00,05,15,2002,15,605.07
05.15.2002-18:00:00,05,15,2002,18,553.05
05.15.2002-21:00:00,05,15,2002,21,548.9
05.16.2002-00:00:00,05,16,2002,00,550.36
05.16.2002-03:00:00,05,16,2002,03,548.62
05.16.2002-06:00:00,05,16,2002,06,535.65
05.16.2002-09:00:00,05,16,2002,09,848.34
05.16.2002-12:00:00,05,16,2002,12,1092.2
05.16.2002-15:00:00,05,16,2002,15,778.1
05.16.2002-18:00:00,05,16,2002,18,674.48
05.16.2002-21:00:00,05,16,2002,21,653.28
05.17.2002-00:00:00,05,17,2002,00,644.7
05.17.2002-03:00:00,05,17,2002,03,615.32
05.17.2002-06:00:00,05,17,2002,06,902.36
05.17.2002-09:00:00,05,17,2002,09,1409.1
05.17.2002-12:00:00,05,17,2002,12,1497.7
05.17.2002-15:00:00,05,17,2002,15,1250.5
05.17.2002-18:00:00,05,17,2002,18,1050.6
05.17.2002-21:00:00,05,17,2002,21,899.85
05.18.2002-00:00:00,05,18,2002,00,835.49
05.18.2002-03:00:00,05,18,2002,03,768.21
05.18.2002-06:00:00,05,18,2002,06,987.39
05.18.2002-09:00:00,05,18,2002,09,1510.5
05.18.2002-12:00:00,05,18,2002,12,1637.2
05.18.2002-15:00:00,05,18,2002,15,1296.7
05.18.2002-18:00:00,05,18,2002,18,1166
05.18.2002-21:00:00,05,18,2002,21,1008.9
05.19.2002-00:00:00,05,19,2002,00,955.15
05.19.2002-03:00:00,05,19,2002,03,879.38
05.19.2002-06:00:00,05,19,2002,06,1126.7
05.19.2002-09:00:00,05,19,2002,09,1686.1
05.19.2002-12:00:00,05,19,2002,12,1817.6
05.19.2002-15:00:00,05,19,2002,15,1577
05.19.2002-18:00:00,05,19,2002,18,1411.3
05.19.2002-21:00:00,05,19,2002,21,1249.3
05.20.2002-00:00:00,05,20,2002,00,1417.5
05.20.2002-03:00:00,05,20,2002,03,1541.4
05.20.2002-06:00:00,05,20,2002,06,1960.6
05.20.2002-09:00:00,05,20,2002,09,2486.2
05.20.2002-12:00:00,05,20,2002,12,2831
05.20.2002-15:00:00,05,20,2002,15,2678.9
05.20.2002-18:00:00,05,20,2002,18,2550.6
05.20.2002-21:00:00,05,20,2002,21,2368.8
05.21.2002-00:00:00,05,21,2002,00,2260.4
05.21.2002-03:00:00,05,21,2002,03,2142.8
05.21.2002-06:00:00,05,21,2002,06,2269.1
05.21.2002-09:00:00,05,21,2002,09,2485.3
05.21.2002-12:00:00,05,21,2002,12,2646.5
05.21.2002-15:00:00,05,21,2002,15,2688.3
05.21.2002-18:00:00,05,21,2002,18,2685.2
05.21.2002-21:00:00,05,21,2002,21,2588.7
05.22.2002-00:00:00,05,22,2002,00,2471.6
05.22.2002-03:00:00,05,22,2002,03,2340.6
05.22.2002-06:00:00,05,22,2002,06,2338.5
05.22.2002-09:00:00,05,22,2002,09,2424.8
05.22.2002-12:00:00,05,22,2002,12,2518.3
05.22.2002-15:00:00,05,22,2002,15,2521.8
05.22.2002-18:00:00,05,22,2002,18,2450.2
05.22.2002-21:00:00,05,22,2002,21,2391.5
05.23.2002-00:00:00,05,23,2002,00,2167
05.23.2002-03:00:00,05,23,2002,03,2101.3
05.23.2002-06:00:00,05,23,2002,06,2428.9
05.23.2002-09:00:00,05,23,2002,09,3017.2
05.23.2002-12:00:00,05,23,2002,12,3315.5
05.23.2002-15:00:00,05,23,2002,15,3174.1
05.23.2002-18:00:00,05,23,2002,18,2982.4
05.23.2002-21:00:00,05,23,2002,21,2759.5
05.24.2002-00:00:00,05,24,2002,00,2562
05.24.2002-03:00:00,05,24,2002,03,2358.3
05.24.2002-06:00:00,05,24,2002,06,2251
05.24.2002-09:00:00,05,24,2002,09,2762.4
05.24.2002-12:00:00,05,24,2002,12,3184.3
05.24.2002-15:00:00,05,24,2002,15,2967
05.24.2002-18:00:00,05,24,2002,18,2766.1
05.24.2002-21:00:00,05,24,2002,21,2565.2
05.25.2002-00:00:00,05,25,2002,00,2428.9
05.25.2002-03:00:00,05,25,2002,03,2312.4
05.25.2002-06:00:00,05,25,2002,06,2588.8
05.25.2002-09:00:00,05,25,2002,09,3236.9
05.25.2002-12:00:00,05,25,2002,12,3618
05.25.2002-15:00:00,05,25,2002,15,3591.1
05.25.2002-18:00:00,05,25,2002,18,3439.6
05.25.2002-21:00:00,05,25,2002,21,3222.6
05.26.2002-00:00:00,05,26,2002,00,2984
05.26.2002-03:00:00,05,26,2002,03,2759.8
05.26.2002-06:00:00,05,26,2002,06,2873.1
05.26.2002-09:00:00,05,26,2002,09,3599.9
05.26.2002-12:00:00,05,26,2002,12,4040.6
05.26.2002-15:00:00,05,26,2002,15,3933.4
05.26.2002-18:00:00,05,26,2002,18,3770.3
05.26.2002-21:00:00,05,26,2002,21,3496.1
05.27.2002-00:00:00,05,27,2002,00,3329.8
05.27.2002-03:00:00,05,27,2002,03,3132.9
05.27.2002-06:00:00,05,27,2002,06,3404.4
05.27.2002-09:00:00,05,27,2002,09,4078.8
05.27.2002-12:00:00,05,27,2002,12,4549
05.27.2002-15:00:00,05,27,2002,15,4580.9
05.27.2002-18:00:00,05,27,2002,18,4314.9
05.27.2002-21:00:00,05,27,2002,21,4035.5
05.28.2002-00:00:00,05,28,2002,00,3924.8
05.28.2002-03:00:00,05,28,2002,03,3965.3
05.28.2002-06:00:00,05,28,2002,06,4299.8
05.28.2002-09:00:00,05,28,2002,09,4814
05.28.2002-12:00:00,05,28,2002,12,5342.1
05.28.2002-15:00:00,05,28,2002,15,5373.1
05.28.2002-18:00:00,05,28,2002,18,5315.8
05.28.2002-21:00:00,05,28,2002,21,5295
05.29.2002-00:00:00,05,29,2002,00,5060.4
05.29.2002-03:00:00,05,29,2002,03,4925.2
05.29.2002-06:00:00,05,29,2002,06,4941.3
05.29.2002-09:00:00,05,29,2002,09,5212.6
05.29.2002-12:00:00,05,29,2002,12,5658.6
05.29.2002-15:00:00,05,29,2002,15,5798.8
05.29.2002-18:00:00,05,29,2002,18,5608.7
05.29.2002-21:00:00,05,29,2002,21,5398.7
05.30.2002-00:00:00,05,30,2002,00,5308.9
05.30.2002-03:00:00,05,30,2002,03,4936.1
05.30.2002-06:00:00,05,30,2002,06,4784.3
05.30.2002-09:00:00,05,30,2002,09,5216.5
05.30.2002-12:00:00,05,30,2002,12,5621.7
05.30.2002-15:00:00,05,30,2002,15,5757.6
05.30.2002-18:00:00,05,30,2002,18,5446
05.30.2002-21:00:00,05,30,2002,21,5390.3
05.31.2002-00:00:00,05,31,2002,00,5317.4
05.31.2002-03:00:00,05,31,2002,03,5046.8
05.31.2002-06:00:00,05,31,2002,06,4906.4
05.31.2002-09:00:00,05,31,2002,09,5169.5
05.31.2002-12:00:00,05,31,2002,12,5460.5
05.31.2002-15:00:00,05,31,2002,15,5629.4
05.31.2002-18:00:00,05,31,2002,18,5463.2
05.31.2002-21:00:00,05,31,2002,21,5263
06.01.2002-00:00:00,06,01,2002,00,5132.9
06.01.2002-03:00:00,06,01,2002,03,4870.4
06.01.2002-06:00:00,06,01,2002,06,4753.8
06.01.2002-09:00:00,06,01,2002,09,5139.1
06.01.2002-12:00:00,06,01,2002,12,5512.6
06.01.2002-15:00:00,06,01,2002,15,5777.8
06.01.2002-18:00:00,06,01,2002,18,5656.7
06.01.2002-21:00:00,06,01,2002,21,5587.9
06.02.2002-00:00:00,06,02,2002,00,5591.8
06.02.2002-03:00:00,06,02,2002,03,5441.8
06.02.2002-06:00:00,06,02,2002,06,5484.8
06.02.2002-09:00:00,06,02,2002,09,5824.3
06.02.2002-12:00:00,06,02,2002,12,6113.6
06.02.2002-15:00:00,06,02,2002,15,6368.3
06.02.2002-18:00:00,06,02,2002,18,6412.9
06.02.2002-21:00:00,06,02,2002,21,6636.2
06.03.2002-00:00:00,06,03,2002,00,6479.1
06.03.2002-03:00:00,06,03,2002,03,6314.8
06.03.2002-06:00:00,06,03,2002,06,6073.4
06.03.2002-09:00:00,06,03,2002,09,6290.7
06.03.2002-12:00:00,06,03,2002,12,6574.4
06.03.2002-15:00:00,06,03,2002,15,6629.6
06.03.2002-18:00:00,06,03,2002,18,6532.3
06.03.2002-21:00:00,06,03,2002,21,6397.7
06.04.2002-00:00:00,06,04,2002,00,6427.1
06.04.2002-03:00:00,06,04,2002,03,6144.7
06.04.2002-06:00:00,06,04,2002,06,6198.2
06.04.2002-09:00:00,06,04,2002,09,6399.5
06.04.2002-12:00:00,06,04,2002,12,6858
06.04.2002-15:00:00,06,04,2002,15,6992.9
06.04.2002-18:00:00,06,04,2002,18,7034.3
06.04.2002-21:00:00,06,04,2002,21,7249.7
06.05.2002-00:00:00,06,05,2002,00,7042.7
06.05.2002-03:00:00,06,05,2002,03,6979
06.05.2002-06:00:00,06,05,2002,06,6818.6
06.05.2002-09:00:00,06,05,2002,09,7092.1
06.05.2002-12:00:00,06,05,2002,12,7391.7
06.05.2002-15:00:00,06,05,2002,15,7465
06.05.2002-18:00:00,06,05,2002,18,7309.3
06.05.2002-21:00:00,06,05,2002,21,7117.2
06.06.2002-00:00:00,06,06,2002,00,7010.9
06.06.2002-03:00:00,06,06,2002,03,6669.7
06.06.2002-06:00:00,06,06,2002,06,6447.7
06.06.2002-09:00:00,06,06,2002,09,6489.3
06.06.2002-12:00:00,06,06,2002,12,6324.3
06.06.2002-15:00:00,06,06,2002,15,6158.8
06.06.2002-18:00:00,06,06,2002,18,5871.3
06.06.2002-21:00:00,06,06,2002,21,5557.5
06.07.2002-00:00:00,06,07,2002,00,5255.5
06.07.2002-03:00:00,06,07,2002,03,4995.5
06.07.2002-06:00:00,06,07,2002,06,4709.6
06.07.2002-09:00:00,06,07,2002,09,4614.3
06.07.2002-12:00:00,06,07,2002,12,4630.8
06.07.2002-15:00:00,06,07,2002,15,4486.4
06.07.2002-18:00:00,06,07,2002,18,4279.7
06.07.2002-21:00:00,06,07,2002,21,3947.3
06.08.2002-00:00:00,06,08,2002,00,3829.3
06.08.2002-03:00:00,06,08,2002,03,3653.6
06.08.2002-06:00:00,06,08,2002,06,3457.9
06.08.2002-09:00:00,06,08,2002,09,3228.4
06.08.2002-12:00:00,06,08,2002,12,3129.2
06.08.2002-15:00:00,06,08,2002,15,3151
06.08.2002-18:00:00,06,08,2002,18,2998.4
06.08.2002-21:00:00,06,08,2002,21,2890.3
06.09.2002-00:00:00,06,09,2002,00,2787
06.09.2002-03:00:00,06,09,2002,03,2710.3
06.09.2002-06:00:00,06,09,2002,06,2662
06.09.2002-09:00:00,06,09,2002,09,3173.5
06.09.2002-12:00:00,06,09,2002,12,3701.9
06.09.2002-15:00:00,06,09,2002,15,3762.6
06.09.2002-18:00:00,06,09,2002,18,3640.6
06.09.2002-21:00:00,06,09,2002,21,3502.3
06.10.2002-00:00:00,06,10,2002,00,3537.4
06.10.2002-03:00:00,06,10,2002,03,3488
06.10.2002-06:00:00,06,10,2002,06,3627.1
06.10.2002-09:00:00,06,10,2002,09,4071.9
06.10.2002-12:00:00,06,10,2002,12,4508.7
06.10.2002-15:00:00,06,10,2002,15,4572.4
06.10.2002-18:00:00,06,10,2002,18,4628.1
06.10.2002-21:00:00,06,10,2002,21,4670.3
06.11.2002-00:00:00,06,11,2002,00,4837.7
06.11.2002-03:00:00,06,11,2002,03,4762.1
06.11.2002-06:00:00,06,11,2002,06,4758.1
06.11.2002-09:00:00,06,11,2002,09,4774.2
06.11.2002-12:00:00,06,11,2002,12,4928.1
06.11.2002-15:00:00,06,11,2002,15,4763.2
06.11.2002-18:00:00,06,11,2002,18,4616.5
06.11.2002-21:00:00,06,11,2002,21,4425.2
06.12.2002-00:00:00,06,12,2002,00,4312.9
06.12.2002-03:00:00,06,12,2002,03,4119.8
06.12.2002-06:00:00,06,12,2002,06,4238.6
06.12.2002-09:00:00,06,12,2002,09,4453
06.12.2002-12:00:00,06,12,2002,12,4807.9
06.12.2002-15:00:00,06,12,2002,15,4865.2
06.12.2002-18:00:00,06,12,2002,18,4826.7
06.12.2002-21:00:00,06,12,2002,21,4603.4
06.13.2002-00:00:00,06,13,2002,00,4566.1
06.13.2002-03:00:00,06,13,2002,03,4419.3
06.13.2002-06:00:00,06,13,2002,06,4491
06.13.2002-09:00:00,06,13,2002,09,4783.5
06.13.2002-12:00:00,06,13,2002,12,5061.1
06.13.2002-15:00:00,06,13,2002,15,4954.1
06.13.2002-18:00:00,06,13,2002,18,4938
06.13.2002-21:00:00,06,13,2002,21,4853.1
06.14.2002-00:00:00,06,14,2002,00,4630.8
06.14.2002-03:00:00,06,14,2002,03,4506.6
06.14.2002-06:00:00,06,14,2002,06,4282.9
06.14.2002-09:00:00,06,14,2002,09,4187.3
06.14.2002-12:00:00,06,14,2002,12,4325.3
06.14.2002-15:00:00,06,14,2002,15,4495.4
06.14.2002-18:00:00,06,14,2002,18,4573.7
06.14.2002-21:00:00,06,14,2002,21,4520.5
06.15.2002-00:00:00,06,15,2002,00,4581.5
06.15.2002-03:00:00,06,15,2002,03,4419.8
06.15.2002-06:00:00,06,15,2002,06,4212.7
06.15.2002-09:00:00,06,15,2002,09,4108.7
06.15.2002-12:00:00,06,15,2002,12,4253.7
06.15.2002-15:00:00,06,15,2002,15,4325.5
06.15.2002-18:00:00,06,15,2002,18,4322.7
06.15.2002-21:00:00,06,15,2002,21,4348
06.16.2002-00:00:00,06,16,2002,00,4365.8
06.16.2002-03:00:00,06,16,2002,03,4367.4
06.16.2002-06:00:00,06,16,2002,06,4177.9
06.16.2002-09:00:00,06,16,2002,09,4027.4
06.16.2002-12:00:00,06,16,2002,12,3959.9
06.16.2002-15:00:00,06,16,2002,15,4006.6
06.16.2002-18:00:00,06,16,2002,18,3938.5
06.16.2002-21:00:00,06,16,2002,21,3860.8
06.17.2002-00:00:00,06,17,2002,00,3861.5
06.17.2002-03:00:00,06,17,2002,03,3855.6
06.17.2002-06:00:00,06,17,2002,06,3754.9
06.17.2002-09:00:00,06,17,2002,09,3567.7
06.17.2002-12:00:00,06,17,2002,12,3527.9
06.17.2002-15:00:00,06,17,2002,15,3473.7
06.17.2002-18:00:00,06,17,2002,18,3370.8
06.17.2002-21:00:00,06,17,2002,21,3267.6
06.18.2002-00:00:00,06,18,2002,00,3112.7
06.18.2002-03:00:00,06,18,2002,03,2960.4
06.18.2002-06:00:00,06,18,2002,06,2830.1
06.18.2002-09:00:00,06,18,2002,09,2747.8
06.18.2002-12:00:00,06,18,2002,12,2740.5
06.18.2002-15:00:00,06,18,2002,15,2790.2
06.18.2002-18:00:00,06,18,2002,18,2786.6
06.18.2002-21:00:00,06,18,2002,21,2621.9
06.19.2002-00:00:00,06,19,2002,00,2581.9
06.19.2002-03:00:00,06,19,2002,03,2378.5
06.19.2002-06:00:00,06,19,2002,06,2239.6
06.19.2002-09:00:00,06,19,2002,09,2146.4
06.19.2002-12:00:00,06,19,2002,12,2200.9
06.19.2002-15:00:00,06,19,2002,15,2431.3
06.19.2002-18:00:00,06,19,2002,18,2426.3
06.19.2002-21:00:00,06,19,2002,21,2242.7
06.20.2002-00:00:00,06,20,2002,00,2180.6
06.20.2002-03:00:00,06,20,2002,03,2084.3
06.20.2002-06:00:00,06,20,2002,06,1944
06.20.2002-09:00:00,06,20,2002,09,1819
06.20.2002-12:00:00,06,20,2002,12,1922.6
06.20.2002-15:00:00,06,20,2002,15,2030.4
06.20.2002-18:00:00,06,20,2002,18,2154
06.20.2002-21:00:00,06,20,2002,21,2054.8
06.21.2002-00:00:00,06,21,2002,00,1943.6
06.21.2002-03:00:00,06,21,2002,03,1869.4
06.21.2002-06:00:00,06,21,2002,06,1733.2
06.21.2002-09:00:00,06,21,2002,09,1600.4
06.21.2002-12:00:00,06,21,2002,12,1706.3
06.21.2002-15:00:00,06,21,2002,15,1905.3
06.21.2002-18:00:00,06,21,2002,18,1989.1
06.21.2002-21:00:00,06,21,2002,21,1863.2
06.22.2002-00:00:00,06,22,2002,00,1835.2
06.22.2002-03:00:00,06,22,2002,03,1764.2
06.22.2002-06:00:00,06,22,2002,06,1611.7
06.22.2002-09:00:00,06,22,2002,09,1527.3
06.22.2002-12:00:00,06,22,2002,12,1654.1
06.22.2002-15:00:00,06,22,2002,15,1668.5
06.22.2002-18:00:00,06,22,2002,18,1776.2
06.22.2002-21:00:00,06,22,2002,21,1756.6
06.23.2002-00:00:00,06,23,2002,00,1735.5
06.23.2002-03:00:00,06,23,2002,03,1655.5
06.23.2002-06:00:00,06,23,2002,06,1543.8
06.23.2002-09:00:00,06,23,2002,09,1464.3
06.23.2002-12:00:00,06,23,2002,12,1449.7
06.23.2002-15:00:00,06,23,2002,15,1563.7
06.23.2002-18:00:00,06,23,2002,18,1658.2
06.23.2002-21:00:00,06,23,2002,21,1638.5
06.24.2002-00:00:00,06,24,2002,00,1622.7
06.24.2002-03:00:00,06,24,2002,03,1564.9
06.24.2002-06:00:00,06,24,2002,06,1436.6
06.24.2002-09:00:00,06,24,2002,09,1282.8
06.24.2002-12:00:00,06,24,2002,12,1316.9
06.24.2002-15:00:00,06,24,2002,15,1381.7
06.24.2002-18:00:00,06,24,2002,18,1480.6
06.24.2002-21:00:00,06,24,2002,21,1434.5
06.25.2002-00:00:00,06,25,2002,00,1462.8
06.25.2002-03:00:00,06,25,2002,03,1365.1
06.25.2002-06:00:00,06,25,2002,06,1255.3
06.25.2002-09:00:00,06,25,2002,09,1126.2
06.25.2002-12:00:00,06,25,2002,12,1150.5
06.25.2002-15:00:00,06,25,2002,15,1190.3
06.25.2002-18:00:00,06,25,2002,18,1303.5
06.25.2002-21:00:00,06,25,2002,21,1283.3
06.26.2002-00:00:00,06,26,2002,00,1255.7
06.26.2002-03:00:00,06,26,2002,03,1219.4
06.26.2002-06:00:00,06,26,2002,06,1053.4
06.26.2002-09:00:00,06,26,2002,09,1034.7
06.26.2002-12:00:00,06,26,2002,12,1050.2
06.26.2002-15:00:00,06,26,2002,15,1115.4
06.26.2002-18:00:00,06,26,2002,18,1133.3
06.26.2002-21:00:00,06,26,2002,21,1161.5
06.27.2002-00:00:00,06,27,2002,00,1121.2
06.27.2002-03:00:00,06,27,2002,03,1088.4
06.27.2002-06:00:00,06,27,2002,06,929.08
06.27.2002-09:00:00,06,27,2002,09,873.68
06.27.2002-12:00:00,06,27,2002,12,881.54
06.27.2002-15:00:00,06,27,2002,15,971.1
06.27.2002-18:00:00,06,27,2002,18,1029.8
06.27.2002-21:00:00,06,27,2002,21,1042.6
06.28.2002-00:00:00,06,28,2002,00,1031.9
06.28.2002-03:00:00,06,28,2002,03,1020.7
06.28.2002-06:00:00,06,28,2002,06,994.17
06.28.2002-09:00:00,06,28,2002,09,912.93
06.28.2002-12:00:00,06,28,2002,12,943.71
06.28.2002-15:00:00,06,28,2002,15,979.77
06.28.2002-18:00:00,06,28,2002,18,1049.2
06.28.2002-21:00:00,06,28,2002,21,1034.2
06.29.2002-00:00:00,06,29,2002,00,1115.9
06.29.2002-03:00:00,06,29,2002,03,1086.7
06.29.2002-06:00:00,06,29,2002,06,1119.9
06.29.2002-09:00:00,06,29,2002,09,1074.9
06.29.2002-12:00:00,06,29,2002,12,1076.7
06.29.2002-15:00:00,06,29,2002,15,1085.1
06.29.2002-18:00:00,06,29,2002,18,1129.4
06.29.2002-21:00:00,06,29,2002,21,1134.8
06.30.2002-00:00:00,06,30,2002,00,1094.4
06.30.2002-03:00:00,06,30,2002,03,1079.4
06.30.2002-06:00:00,06,30,2002,06,1041.6
06.30.2002-09:00:00,06,30,2002,09,933.69
06.30.2002-12:00:00,06,30,2002,12,956.87
06.30.2002-15:00:00,06,30,2002,15,933.45
06.30.2002-18:00:00,06,30,2002,18,990.41
06.30.2002-21:00:00,06,30,2002,21,942.89
07.01.2002-00:00:00,07,01,2002,00,974.36
07.01.2002-03:00:00,07,01,2002,03,920.77
07.01.2002-06:00:00,07,01,2002,06,878.88
07.01.2002-09:00:00,07,01,2002,09,764.02
07.01.2002-12:00:00,07,01,2002,12,772.47
07.01.2002-15:00:00,07,01,2002,15,802.01
07.01.2002-18:00:00,07,01,2002,18,880.06
07.01.2002-21:00:00,07,01,2002,21,858.37
07.02.2002-00:00:00,07,02,2002,00,874.71
07.02.2002-03:00:00,07,02,2002,03,862.76
07.02.2002-06:00:00,07,02,2002,06,757.98
07.02.2002-09:00:00,07,02,2002,09,683.2
07.02.2002-12:00:00,07,02,2002,12,660.75
07.02.2002-15:00:00,07,02,2002,15,755.51
07.02.2002-18:00:00,07,02,2002,18,781.81
07.02.2002-21:00:00,07,02,2002,21,819.05
07.03.2002-00:00:00,07,03,2002,00,800.88
07.03.2002-03:00:00,07,03,2002,03,763
07.03.2002-06:00:00,07,03,2002,06,711.24
07.03.2002-09:00:00,07,03,2002,09,610.65
07.03.2002-12:00:00,07,03,2002,12,637
07.03.2002-15:00:00,07,03,2002,15,675.28
07.03.2002-18:00:00,07,03,2002,18,742.63
07.03.2002-21:00:00,07,03,2002,21,777.11
07.04.2002-00:00:00,07,04,2002,00,759.83
07.04.2002-03:00:00,07,04,2002,03,731.76
07.04.2002-06:00:00,07,04,2002,06,688.33
07.04.2002-09:00:00,07,04,2002,09,592.87
07.04.2002-12:00:00,07,04,2002,12,617.37
07.04.2002-15:00:00,07,04,2002,15,656.91
07.04.2002-18:00:00,07,04,2002,18,713.32
07.04.2002-21:00:00,07,04,2002,21,742.33
07.05.2002-00:00:00,07,05,2002,00,728.17
07.05.2002-03:00:00,07,05,2002,03,716.71
07.05.2002-06:00:00,07,05,2002,06,644.95
07.05.2002-09:00:00,07,05,2002,09,524.03
07.05.2002-12:00:00,07,05,2002,12,544.47
07.05.2002-15:00:00,07,05,2002,15,610.21
07.05.2002-18:00:00,07,05,2002,18,657.98
07.05.2002-21:00:00,07,05,2002,21,698.23
07.06.2002-00:00:00,07,06,2002,00,678.67
07.06.2002-03:00:00,07,06,2002,03,650.92
07.06.2002-06:00:00,07,06,2002,06,551.78
07.06.2002-09:00:00,07,06,2002,09,483.21
07.06.2002-12:00:00,07,06,2002,12,468.07
07.06.2002-15:00:00,07,06,2002,15,555.48
07.06.2002-18:00:00,07,06,2002,18,640.23
07.06.2002-21:00:00,07,06,2002,21,628.57
07.07.2002-00:00:00,07,07,2002,00,638.39
07.07.2002-03:00:00,07,07,2002,03,600.37
07.07.2002-06:00:00,07,07,2002,06,510
07.07.2002-09:00:00,07,07,2002,09,433.55
07.07.2002-12:00:00,07,07,2002,12,459.56
07.07.2002-15:00:00,07,07,2002,15,519.28
07.07.2002-18:00:00,07,07,2002,18,581.98
07.07.2002-21:00:00,07,07,2002,21,608.51
07.08.2002-00:00:00,07,08,2002,00,916.31
07.08.2002-03:00:00,07,08,2002,03,996.96
07.08.2002-06:00:00,07,08,2002,06,968.04
07.08.2002-09:00:00,07,08,2002,09,923.99
07.08.2002-12:00:00,07,08,2002,12,1033.3
07.08.2002-15:00:00,07,08,2002,15,1091
07.08.2002-18:00:00,07,08,2002,18,1244.4
07.08.2002-21:00:00,07,08,2002,21,1304.5
07.09.2002-00:00:00,07,09,2002,00,1044.9
07.09.2002-03:00:00,07,09,2002,03,928.5
07.09.2002-06:00:00,07,09,2002,06,849.12
07.09.2002-09:00:00,07,09,2002,09,670.54
07.09.2002-12:00:00,07,09,2002,12,675.68
07.09.2002-15:00:00,07,09,2002,15,668.65
07.09.2002-18:00:00,07,09,2002,18,726.02
07.09.2002-21:00:00,07,09,2002,21,703.7
07.10.2002-00:00:00,07,10,2002,00,700.01
07.10.2002-03:00:00,07,10,2002,03,613.16
07.10.2002-06:00:00,07,10,2002,06,529.24
07.10.2002-09:00:00,07,10,2002,09,426.79
07.10.2002-12:00:00,07,10,2002,12,457.46
07.10.2002-15:00:00,07,10,2002,15,499.08
07.10.2002-18:00:00,07,10,2002,18,561.73
07.10.2002-21:00:00,07,10,2002,21,582.88
07.11.2002-00:00:00,07,11,2002,00,584.58
07.11.2002-03:00:00,07,11,2002,03,531.73
07.11.2002-06:00:00,07,11,2002,06,432.88
07.11.2002-09:00:00,07,11,2002,09,386.6
07.11.2002-12:00:00,07,11,2002,12,460.81
07.11.2002-15:00:00,07,11,2002,15,471.81
07.11.2002-18:00:00,07,11,2002,18,527.36
07.11.2002-21:00:00,07,11,2002,21,551.12
07.12.2002-00:00:00,07,12,2002,00,548.89
07.12.2002-03:00:00,07,12,2002,03,495.32
07.12.2002-06:00:00,07,12,2002,06,400.07
07.12.2002-09:00:00,07,12,2002,09,349.46
07.12.2002-12:00:00,07,12,2002,12,404.02
07.12.2002-15:00:00,07,12,2002,15,466.31
07.12.2002-18:00:00,07,12,2002,18,503.15
07.12.2002-21:00:00,07,12,2002,21,511.23
07.13.2002-00:00:00,07,13,2002,00,522.23
07.13.2002-03:00:00,07,13,2002,03,476.85
07.13.2002-06:00:00,07,13,2002,06,396.59
07.13.2002-09:00:00,07,13,2002,09,350.47
07.13.2002-12:00:00,07,13,2002,12,379.74
07.13.2002-15:00:00,07,13,2002,15,442.87
07.13.2002-18:00:00,07,13,2002,18,475.81
07.13.2002-21:00:00,07,13,2002,21,490.21
07.14.2002-00:00:00,07,14,2002,00,500.51
07.14.2002-03:00:00,07,14,2002,03,451.47
07.14.2002-06:00:00,07,14,2002,06,371.84
07.14.2002-09:00:00,07,14,2002,09,317.01
07.14.2002-12:00:00,07,14,2002,12,344.5
07.14.2002-15:00:00,07,14,2002,15,402.52
07.14.2002-18:00:00,07,14,2002,18,450.87
07.14.2002-21:00:00,07,14,2002,21,471.23
07.15.2002-00:00:00,07,15,2002,00,478.29
07.15.2002-03:00:00,07,15,2002,03,441.52
07.15.2002-06:00:00,07,15,2002,06,357.87
07.15.2002-09:00:00,07,15,2002,09,293.88
07.15.2002-12:00:00,07,15,2002,12,326.48
07.15.2002-15:00:00,07,15,2002,15,379.34
07.15.2002-18:00:00,07,15,2002,18,447.17
07.15.2002-21:00:00,07,15,2002,21,452.28
07.16.2002-00:00:00,07,16,2002,00,461.62
07.16.2002-03:00:00,07,16,2002,03,423.55
07.16.2002-06:00:00,07,16,2002,06,339.79
07.16.2002-09:00:00,07,16,2002,09,280.81
07.16.2002-12:00:00,07,16,2002,12,295.14
07.16.2002-15:00:00,07,16,2002,15,363.42
07.16.2002-18:00:00,07,16,2002,18,448.02
07.16.2002-21:00:00,07,16,2002,21,436.31
07.17.2002-00:00:00,07,17,2002,00,445.01
07.17.2002-03:00:00,07,17,2002,03,405.42
07.17.2002-06:00:00,07,17,2002,06,328.7
07.17.2002-09:00:00,07,17,2002,09,276.41
07.17.2002-12:00:00,07,17,2002,12,281.84
07.17.2002-15:00:00,07,17,2002,15,356.18
07.17.2002-18:00:00,07,17,2002,18,397.65
07.17.2002-21:00:00,07,17,2002,21,422.93
07.18.2002-00:00:00,07,18,2002,00,428.74
07.18.2002-03:00:00,07,18,2002,03,389.23
07.18.2002-06:00:00,07,18,2002,06,312.49
07.18.2002-09:00:00,07,18,2002,09,263.83
07.18.2002-12:00:00,07,18,2002,12,268.31
07.18.2002-15:00:00,07,18,2002,15,353.54
07.18.2002-18:00:00,07,18,2002,18,382.85
07.18.2002-21:00:00,07,18,2002,21,400.67
07.19.2002-00:00:00,07,19,2002,00,415.16
07.19.2002-03:00:00,07,19,2002,03,380.2
07.19.2002-06:00:00,07,19,2002,06,314.47
07.19.2002-09:00:00,07,19,2002,09,263.69
07.19.2002-12:00:00,07,19,2002,12,267.18
07.19.2002-15:00:00,07,19,2002,15,331.93
07.19.2002-18:00:00,07,19,2002,18,372.44
07.19.2002-21:00:00,07,19,2002,21,390.85
07.20.2002-00:00:00,07,20,2002,00,404.93
07.20.2002-03:00:00,07,20,2002,03,371.11
07.20.2002-06:00:00,07,20,2002,06,299.74
07.20.2002-09:00:00,07,20,2002,09,245.43
07.20.2002-12:00:00,07,20,2002,12,246.4
07.20.2002-15:00:00,07,20,2002,15,316.73
07.20.2002-18:00:00,07,20,2002,18,359.86
07.20.2002-21:00:00,07,20,2002,21,382.33
07.21.2002-00:00:00,07,21,2002,00,386.5
07.21.2002-03:00:00,07,21,2002,03,355.36
07.21.2002-06:00:00,07,21,2002,06,282.79
07.21.2002-09:00:00,07,21,2002,09,230.76
07.21.2002-12:00:00,07,21,2002,12,233.26
07.21.2002-15:00:00,07,21,2002,15,302.16
07.21.2002-18:00:00,07,21,2002,18,341.93
07.21.2002-21:00:00,07,21,2002,21,361.53
07.22.2002-00:00:00,07,22,2002,00,371.2
07.22.2002-03:00:00,07,22,2002,03,343.17
07.22.2002-06:00:00,07,22,2002,06,271.89
07.22.2002-09:00:00,07,22,2002,09,220.62
07.22.2002-12:00:00,07,22,2002,12,223.89
07.22.2002-15:00:00,07,22,2002,15,289.88
07.22.2002-18:00:00,07,22,2002,18,331.33
07.22.2002-21:00:00,07,22,2002,21,348.81
07.23.2002-00:00:00,07,23,2002,00,356.78
07.23.2002-03:00:00,07,23,2002,03,329.89
07.23.2002-06:00:00,07,23,2002,06,261.49
07.23.2002-09:00:00,07,23,2002,09,213.79
07.23.2002-12:00:00,07,23,2002,12,216.46
07.23.2002-15:00:00,07,23,2002,15,278.92
07.23.2002-18:00:00,07,23,2002,18,320.96
07.23.2002-21:00:00,07,23,2002,21,336.98
07.24.2002-00:00:00,07,24,2002,00,344.81
07.24.2002-03:00:00,07,24,2002,03,314.09
07.24.2002-06:00:00,07,24,2002,06,251.31
07.24.2002-09:00:00,07,24,2002,09,207.58
07.24.2002-12:00:00,07,24,2002,12,207.28
07.24.2002-15:00:00,07,24,2002,15,265.2
07.24.2002-18:00:00,07,24,2002,18,307.72
07.24.2002-21:00:00,07,24,2002,21,323.28
07.25.2002-00:00:00,07,25,2002,00,330.71
07.25.2002-03:00:00,07,25,2002,03,311.3
07.25.2002-06:00:00,07,25,2002,06,266.91
07.25.2002-09:00:00,07,25,2002,09,230.31
07.25.2002-12:00:00,07,25,2002,12,229.63
07.25.2002-15:00:00,07,25,2002,15,269.29
07.25.2002-18:00:00,07,25,2002,18,300.15
07.25.2002-21:00:00,07,25,2002,21,318.88
07.26.2002-00:00:00,07,26,2002,00,326.45
07.26.2002-03:00:00,07,26,2002,03,302.47
07.26.2002-06:00:00,07,26,2002,06,253.12
07.26.2002-09:00:00,07,26,2002,09,214.19
07.26.2002-12:00:00,07,26,2002,12,212.13
07.26.2002-15:00:00,07,26,2002,15,258.45
07.26.2002-18:00:00,07,26,2002,18,289.97
07.26.2002-21:00:00,07,26,2002,21,310.52
07.27.2002-00:00:00,07,27,2002,00,315.51
07.27.2002-03:00:00,07,27,2002,03,299.18
07.27.2002-06:00:00,07,27,2002,06,258.92
07.27.2002-09:00:00,07,27,2002,09,220.89
07.27.2002-12:00:00,07,27,2002,12,218.64
07.27.2002-15:00:00,07,27,2002,15,258.24
07.27.2002-18:00:00,07,27,2002,18,288.32
07.27.2002-21:00:00,07,27,2002,21,305.65
07.28.2002-00:00:00,07,28,2002,00,308.07
07.28.2002-03:00:00,07,28,2002,03,299.13
07.28.2002-06:00:00,07,28,2002,06,279.51
07.28.2002-09:00:00,07,28,2002,09,257.52
07.28.2002-12:00:00,07,28,2002,12,257.85
07.28.2002-15:00:00,07,28,2002,15,277.3
07.28.2002-18:00:00,07,28,2002,18,292.14
07.28.2002-21:00:00,07,28,2002,21,310.25
07.29.2002-00:00:00,07,29,2002,00,309.14
07.29.2002-03:00:00,07,29,2002,03,303.27
07.29.2002-06:00:00,07,29,2002,06,290.27
07.29.2002-09:00:00,07,29,2002,09,284.86
07.29.2002-12:00:00,07,29,2002,12,268.19
07.29.2002-15:00:00,07,29,2002,15,279.84
07.29.2002-18:00:00,07,29,2002,18,310.45
07.29.2002-21:00:00,07,29,2002,21,306.84
07.30.2002-00:00:00,07,30,2002,00,307.99
07.30.2002-03:00:00,07,30,2002,03,297.05
07.30.2002-06:00:00,07,30,2002,06,278.6
07.30.2002-09:00:00,07,30,2002,09,232.88
07.30.2002-12:00:00,07,30,2002,12,227.24
07.30.2002-15:00:00,07,30,2002,15,272.13
07.30.2002-18:00:00,07,30,2002,18,274.75
07.30.2002-21:00:00,07,30,2002,21,291.65
07.31.2002-00:00:00,07,31,2002,00,297.11
07.31.2002-03:00:00,07,31,2002,03,280.89
07.31.2002-06:00:00,07,31,2002,06,240.5
07.31.2002-09:00:00,07,31,2002,09,202.37
07.31.2002-12:00:00,07,31,2002,12,200.02
07.31.2002-15:00:00,07,31,2002,15,239.76
07.31.2002-18:00:00,07,31,2002,18,263.61
07.31.2002-21:00:00,07,31,2002,21,276.72
08.01.2002-00:00:00,08,01,2002,00,282.51
08.01.2002-03:00:00,08,01,2002,03,263.09
08.01.2002-06:00:00,08,01,2002,06,228.04
08.01.2002-09:00:00,08,01,2002,09,191.09
08.01.2002-12:00:00,08,01,2002,12,186.06
08.01.2002-15:00:00,08,01,2002,15,234.67
08.01.2002-18:00:00,08,01,2002,18,255.6
08.01.2002-21:00:00,08,01,2002,21,264.2
08.02.2002-00:00:00,08,02,2002,00,271.23
08.02.2002-03:00:00,08,02,2002,03,242.82
08.02.2002-06:00:00,08,02,2002,06,215.22
08.02.2002-09:00:00,08,02,2002,09,184.65
08.02.2002-12:00:00,08,02,2002,12,179.6
08.02.2002-15:00:00,08,02,2002,15,227.73
08.02.2002-18:00:00,08,02,2002,18,245.1
08.02.2002-21:00:00,08,02,2002,21,256.09
08.03.2002-00:00:00,08,03,2002,00,261.29
08.03.2002-03:00:00,08,03,2002,03,249.04
08.03.2002-06:00:00,08,03,2002,06,221.54
08.03.2002-09:00:00,08,03,2002,09,187.35
08.03.2002-12:00:00,08,03,2002,12,186.52
08.03.2002-15:00:00,08,03,2002,15,219.34
08.03.2002-18:00:00,08,03,2002,18,246.22
08.03.2002-21:00:00,08,03,2002,21,252.73
08.04.2002-00:00:00,08,04,2002,00,253.78
08.04.2002-03:00:00,08,04,2002,03,235.21
08.04.2002-06:00:00,08,04,2002,06,211.18
08.04.2002-09:00:00,08,04,2002,09,182.92
08.04.2002-12:00:00,08,04,2002,12,180.25
08.04.2002-15:00:00,08,04,2002,15,221.09
08.04.2002-18:00:00,08,04,2002,18,235.16
08.04.2002-21:00:00,08,04,2002,21,244.2
08.05.2002-00:00:00,08,05,2002,00,249.13
08.05.2002-03:00:00,08,05,2002,03,246.1
08.05.2002-06:00:00,08,05,2002,06,219.89
08.05.2002-09:00:00,08,05,2002,09,185
08.05.2002-12:00:00,08,05,2002,12,184.66
08.05.2002-15:00:00,08,05,2002,15,213.96
08.05.2002-18:00:00,08,05,2002,18,235.87
08.05.2002-21:00:00,08,05,2002,21,241.4
08.06.2002-00:00:00,08,06,2002,00,245.34
08.06.2002-03:00:00,08,06,2002,03,237.68
08.06.2002-06:00:00,08,06,2002,06,220.43
08.06.2002-09:00:00,08,06,2002,09,195.02
08.06.2002-12:00:00,08,06,2002,12,192.65
08.06.2002-15:00:00,08,06,2002,15,223.69
08.06.2002-18:00:00,08,06,2002,18,238.06
08.06.2002-21:00:00,08,06,2002,21,241.47
08.07.2002-00:00:00,08,07,2002,00,244.31
08.07.2002-03:00:00,08,07,2002,03,236.12
08.07.2002-06:00:00,08,07,2002,06,211.41
08.07.2002-09:00:00,08,07,2002,09,177.77
08.07.2002-12:00:00,08,07,2002,12,173.87
08.07.2002-15:00:00,08,07,2002,15,215.67
08.07.2002-18:00:00,08,07,2002,18,225.09
08.07.2002-21:00:00,08,07,2002,21,232.25
08.08.2002-00:00:00,08,08,2002,00,236.37
08.08.2002-03:00:00,08,08,2002,03,218.65
08.08.2002-06:00:00,08,08,2002,06,189.12
08.08.2002-09:00:00,08,08,2002,09,156.17
08.08.2002-12:00:00,08,08,2002,12,152.18
08.08.2002-15:00:00,08,08,2002,15,199.36
08.08.2002-18:00:00,08,08,2002,18,217.03
08.08.2002-21:00:00,08,08,2002,21,220.72
08.09.2002-00:00:00,08,09,2002,00,224.05
08.09.2002-03:00:00,08,09,2002,03,206.97
08.09.2002-06:00:00,08,09,2002,06,180.67
08.09.2002-09:00:00,08,09,2002,09,153
08.09.2002-12:00:00,08,09,2002,12,148.6
08.09.2002-15:00:00,08,09,2002,15,192
08.09.2002-18:00:00,08,09,2002,18,209.83
08.09.2002-21:00:00,08,09,2002,21,214.35
08.10.2002-00:00:00,08,10,2002,00,216.98
08.10.2002-03:00:00,08,10,2002,03,199.06
08.10.2002-06:00:00,08,10,2002,06,177.25
08.10.2002-09:00:00,08,10,2002,09,151.95
08.10.2002-12:00:00,08,10,2002,12,147.29
08.10.2002-15:00:00,08,10,2002,15,187.68
08.10.2002-18:00:00,08,10,2002,18,204.31
08.10.2002-21:00:00,08,10,2002,21,209.19
08.11.2002-00:00:00,08,11,2002,00,212.73
08.11.2002-03:00:00,08,11,2002,03,193.55
08.11.2002-06:00:00,08,11,2002,06,168.85
08.11.2002-09:00:00,08,11,2002,09,141.76
08.11.2002-12:00:00,08,11,2002,12,137.3
08.11.2002-15:00:00,08,11,2002,15,178.81
08.11.2002-18:00:00,08,11,2002,18,199.13
08.11.2002-21:00:00,08,11,2002,21,204.18
08.12.2002-00:00:00,08,12,2002,00,204.87
08.12.2002-03:00:00,08,12,2002,03,186.23
08.12.2002-06:00:00,08,12,2002,06,159.1
08.12.2002-09:00:00,08,12,2002,09,131.45
08.12.2002-12:00:00,08,12,2002,12,127.34
08.12.2002-15:00:00,08,12,2002,15,170.38
08.12.2002-18:00:00,08,12,2002,18,190.86
08.12.2002-21:00:00,08,12,2002,21,198.68
08.13.2002-00:00:00,08,13,2002,00,199.04
08.13.2002-03:00:00,08,13,2002,03,177.74
08.13.2002-06:00:00,08,13,2002,06,149.79
08.13.2002-09:00:00,08,13,2002,09,124.35
08.13.2002-12:00:00,08,13,2002,12,121.85
08.13.2002-15:00:00,08,13,2002,15,159.81
08.13.2002-18:00:00,08,13,2002,18,182.58
08.13.2002-21:00:00,08,13,2002,21,193.1
08.14.2002-00:00:00,08,14,2002,00,193.3
08.14.2002-03:00:00,08,14,2002,03,177.84
08.14.2002-06:00:00,08,14,2002,06,156.32
08.14.2002-09:00:00,08,14,2002,09,131.37
08.14.2002-12:00:00,08,14,2002,12,135.71
08.14.2002-15:00:00,08,14,2002,15,157.64
08.14.2002-18:00:00,08,14,2002,18,178.76
08.14.2002-21:00:00,08,14,2002,21,185.39
08.15.2002-00:00:00,08,15,2002,00,192.18
08.15.2002-03:00:00,08,15,2002,03,172.89
08.15.2002-06:00:00,08,15,2002,06,148.49
08.15.2002-09:00:00,08,15,2002,09,121.8
08.15.2002-12:00:00,08,15,2002,12,117.03
08.15.2002-15:00:00,08,15,2002,15,158.83
08.15.2002-18:00:00,08,15,2002,18,174.66
08.15.2002-21:00:00,08,15,2002,21,180.21
08.16.2002-00:00:00,08,16,2002,00,185.03
08.16.2002-03:00:00,08,16,2002,03,165.67
08.16.2002-06:00:00,08,16,2002,06,140.87
08.16.2002-09:00:00,08,16,2002,09,117.19
08.16.2002-12:00:00,08,16,2002,12,112.27
08.16.2002-15:00:00,08,16,2002,15,149.67
08.16.2002-18:00:00,08,16,2002,18,170.29
08.16.2002-21:00:00,08,16,2002,21,176.46
08.17.2002-00:00:00,08,17,2002,00,179.94
08.17.2002-03:00:00,08,17,2002,03,173.47
08.17.2002-06:00:00,08,17,2002,06,148.06
08.17.2002-09:00:00,08,17,2002,09,116.88
08.17.2002-12:00:00,08,17,2002,12,119.42
08.17.2002-15:00:00,08,17,2002,15,148.41
08.17.2002-18:00:00,08,17,2002,18,168.34
08.17.2002-21:00:00,08,17,2002,21,174.81
08.18.2002-00:00:00,08,18,2002,00,178.15
08.18.2002-03:00:00,08,18,2002,03,166.88
08.18.2002-06:00:00,08,18,2002,06,143.67
08.18.2002-09:00:00,08,18,2002,09,113.71
08.18.2002-12:00:00,08,18,2002,12,117.43
08.18.2002-15:00:00,08,18,2002,15,145.32
08.18.2002-18:00:00,08,18,2002,18,164.52
08.18.2002-21:00:00,08,18,2002,21,170.26
08.19.2002-00:00:00,08,19,2002,00,172.67
08.19.2002-03:00:00,08,19,2002,03,166.28
08.19.2002-06:00:00,08,19,2002,06,151.88
08.19.2002-09:00:00,08,19,2002,09,128.25
08.19.2002-12:00:00,08,19,2002,12,129.66
08.19.2002-15:00:00,08,19,2002,15,146.04
08.19.2002-18:00:00,08,19,2002,18,166.75
08.19.2002-21:00:00,08,19,2002,21,169.98
08.20.2002-00:00:00,08,20,2002,00,173.4
08.20.2002-03:00:00,08,20,2002,03,164.16
08.20.2002-06:00:00,08,20,2002,06,146.33
08.20.2002-09:00:00,08,20,2002,09,124.62
08.20.2002-12:00:00,08,20,2002,12,119.14
08.20.2002-15:00:00,08,20,2002,15,149.15
08.20.2002-18:00:00,08,20,2002,18,162.48
08.20.2002-21:00:00,08,20,2002,21,165.66
08.21.2002-00:00:00,08,21,2002,00,167.8
08.21.2002-03:00:00,08,21,2002,03,159.29
08.21.2002-06:00:00,08,21,2002,06,140.84
08.21.2002-09:00:00,08,21,2002,09,118.23
08.21.2002-12:00:00,08,21,2002,12,112.58
08.21.2002-15:00:00,08,21,2002,15,145.76
08.21.2002-18:00:00,08,21,2002,18,158.83
08.21.2002-21:00:00,08,21,2002,21,163.07
08.22.2002-00:00:00,08,22,2002,00,163.47
08.22.2002-03:00:00,08,22,2002,03,154.13
08.22.2002-06:00:00,08,22,2002,06,136.66
08.22.2002-09:00:00,08,22,2002,09,108.49
08.22.2002-12:00:00,08,22,2002,12,112.92
08.22.2002-15:00:00,08,22,2002,15,136.68
08.22.2002-18:00:00,08,22,2002,18,154.63
08.22.2002-21:00:00,08,22,2002,21,160.37
08.23.2002-00:00:00,08,23,2002,00,160.65
08.23.2002-03:00:00,08,23,2002,03,150.15
08.23.2002-06:00:00,08,23,2002,06,130.1
08.23.2002-09:00:00,08,23,2002,09,97.801
08.23.2002-12:00:00,08,23,2002,12,103.23
08.23.2002-15:00:00,08,23,2002,15,132.76
08.23.2002-18:00:00,08,23,2002,18,147.87
08.23.2002-21:00:00,08,23,2002,21,156.57
08.24.2002-00:00:00,08,24,2002,00,157.39
08.24.2002-03:00:00,08,24,2002,03,147.89
08.24.2002-06:00:00,08,24,2002,06,124.24
08.24.2002-09:00:00,08,24,2002,09,94.87
08.24.2002-12:00:00,08,24,2002,12,100.84
08.24.2002-15:00:00,08,24,2002,15,130.19
08.24.2002-18:00:00,08,24,2002,18,144.89
08.24.2002-21:00:00,08,24,2002,21,153.63
08.25.2002-00:00:00,08,25,2002,00,165.31
08.25.2002-03:00:00,08,25,2002,03,175.73
08.25.2002-06:00:00,08,25,2002,06,168.14
08.25.2002-09:00:00,08,25,2002,09,148.13
08.25.2002-12:00:00,08,25,2002,12,140.59
08.25.2002-15:00:00,08,25,2002,15,172.08
08.25.2002-18:00:00,08,25,2002,18,177.62
08.25.2002-21:00:00,08,25,2002,21,193.09
08.26.2002-00:00:00,08,26,2002,00,182.17
08.26.2002-03:00:00,08,26,2002,03,179.55
08.26.2002-06:00:00,08,26,2002,06,165.15
08.26.2002-09:00:00,08,26,2002,09,135.48
08.26.2002-12:00:00,08,26,2002,12,123.89
08.26.2002-15:00:00,08,26,2002,15,156.08
08.26.2002-18:00:00,08,26,2002,18,162.16
08.26.2002-21:00:00,08,26,2002,21,167.58
08.27.2002-00:00:00,08,27,2002,00,161.89
08.27.2002-03:00:00,08,27,2002,03,159.18
08.27.2002-06:00:00,08,27,2002,06,136.09
08.27.2002-09:00:00,08,27,2002,09,107.45
08.27.2002-12:00:00,08,27,2002,12,96.603
08.27.2002-15:00:00,08,27,2002,15,139.11
08.27.2002-18:00:00,08,27,2002,18,144.96
08.27.2002-21:00:00,08,27,2002,21,153.82
08.28.2002-00:00:00,08,28,2002,00,153.76
08.28.2002-03:00:00,08,28,2002,03,144.88
08.28.2002-06:00:00,08,28,2002,06,121.44
08.28.2002-09:00:00,08,28,2002,09,92.751
08.28.2002-12:00:00,08,28,2002,12,97.345
08.28.2002-15:00:00,08,28,2002,15,126.48
08.28.2002-18:00:00,08,28,2002,18,141.03
08.28.2002-21:00:00,08,28,2002,21,149.25
08.29.2002-00:00:00,08,29,2002,00,149.98
08.29.2002-03:00:00,08,29,2002,03,144.23
08.29.2002-06:00:00,08,29,2002,06,125.78
08.29.2002-09:00:00,08,29,2002,09,101.45
08.29.2002-12:00:00,08,29,2002,12,105.52
08.29.2002-15:00:00,08,29,2002,15,123.94
08.29.2002-18:00:00,08,29,2002,18,141.69
08.29.2002-21:00:00,08,29,2002,21,146.87
08.30.2002-00:00:00,08,30,2002,00,148.57
08.30.2002-03:00:00,08,30,2002,03,143.19
08.30.2002-06:00:00,08,30,2002,06,123.27
08.30.2002-09:00:00,08,30,2002,09,100.86
08.30.2002-12:00:00,08,30,2002,12,93.667
08.30.2002-15:00:00,08,30,2002,15,128.85
08.30.2002-18:00:00,08,30,2002,18,140.44
08.30.2002-21:00:00,08,30,2002,21,145
08.31.2002-00:00:00,08,31,2002,00,145.41
08.31.2002-03:00:00,08,31,2002,03,141.86
08.31.2002-06:00:00,08,31,2002,06,127.44
08.31.2002-09:00:00,08,31,2002,09,107.01
08.31.2002-12:00:00,08,31,2002,12,97.905
08.31.2002-15:00:00,08,31,2002,15,129.1
08.31.2002-18:00:00,08,31,2002,18,140.34
08.31.2002-21:00:00,08,31,2002,21,143.21
09.01.2002-00:00:00,09,01,2002,00,144.04
09.01.2002-03:00:00,09,01,2002,03,143.11
09.01.2002-06:00:00,09,01,2002,06,134.1
09.01.2002-09:00:00,09,01,2002,09,123.22
09.01.2002-12:00:00,09,01,2002,12,116.71
09.01.2002-15:00:00,09,01,2002,15,134.01
09.01.2002-18:00:00,09,01,2002,18,137.76
09.01.2002-21:00:00,09,01,2002,21,145.44
09.02.2002-00:00:00,09,02,2002,00,143.35
09.02.2002-03:00:00,09,02,2002,03,144.14
09.02.2002-06:00:00,09,02,2002,06,119.3
09.02.2002-09:00:00,09,02,2002,09,98.184
09.02.2002-12:00:00,09,02,2002,12,94.387
09.02.2002-15:00:00,09,02,2002,15,129.08
09.02.2002-18:00:00,09,02,2002,18,136.05
09.02.2002-21:00:00,09,02,2002,21,139.92
09.03.2002-00:00:00,09,03,2002,00,140.07
09.03.2002-03:00:00,09,03,2002,03,137.7
09.03.2002-06:00:00,09,03,2002,06,118.49
09.03.2002-09:00:00,09,03,2002,09,100.97
09.03.2002-12:00:00,09,03,2002,12,97.422
09.03.2002-15:00:00,09,03,2002,15,128.67
09.03.2002-18:00:00,09,03,2002,18,136.68
09.03.2002-21:00:00,09,03,2002,21,138.25
09.04.2002-00:00:00,09,04,2002,00,138.31
09.04.2002-03:00:00,09,04,2002,03,137.47
09.04.2002-06:00:00,09,04,2002,06,120.16
09.04.2002-09:00:00,09,04,2002,09,91.917
09.04.2002-12:00:00,09,04,2002,12,97.535
09.04.2002-15:00:00,09,04,2002,15,121.3
09.04.2002-18:00:00,09,04,2002,18,133.75
09.04.2002-21:00:00,09,04,2002,21,136.49
09.05.2002-00:00:00,09,05,2002,00,137.04
09.05.2002-03:00:00,09,05,2002,03,136.9
09.05.2002-06:00:00,09,05,2002,06,122.84
09.05.2002-09:00:00,09,05,2002,09,90.676
09.05.2002-12:00:00,09,05,2002,12,96.717
09.05.2002-15:00:00,09,05,2002,15,121.4
09.05.2002-18:00:00,09,05,2002,18,133.1
09.05.2002-21:00:00,09,05,2002,21,135.32
09.06.2002-00:00:00,09,06,2002,00,135.04
09.06.2002-03:00:00,09,06,2002,03,137.19
09.06.2002-06:00:00,09,06,2002,06,119.82
09.06.2002-09:00:00,09,06,2002,09,94.252
09.06.2002-12:00:00,09,06,2002,12,89.486
09.06.2002-15:00:00,09,06,2002,15,125.42
09.06.2002-18:00:00,09,06,2002,18,130.94
09.06.2002-21:00:00,09,06,2002,21,133.18
09.07.2002-00:00:00,09,07,2002,00,133.26
09.07.2002-03:00:00,09,07,2002,03,135.57
09.07.2002-06:00:00,09,07,2002,06,145.19
09.07.2002-09:00:00,09,07,2002,09,119.14
09.07.2002-12:00:00,09,07,2002,12,102.04
09.07.2002-15:00:00,09,07,2002,15,133.97
09.07.2002-18:00:00,09,07,2002,18,133.63
09.07.2002-21:00:00,09,07,2002,21,139.15
09.08.2002-00:00:00,09,08,2002,00,140.67
09.08.2002-03:00:00,09,08,2002,03,137.31
09.08.2002-06:00:00,09,08,2002,06,139.16
09.08.2002-09:00:00,09,08,2002,09,119.59
09.08.2002-12:00:00,09,08,2002,12,109.66
09.08.2002-15:00:00,09,08,2002,15,124.98
09.08.2002-18:00:00,09,08,2002,18,139.62
09.08.2002-21:00:00,09,08,2002,21,132.91
09.09.2002-00:00:00,09,09,2002,00,136.96
09.09.2002-03:00:00,09,09,2002,03,137.09
09.09.2002-06:00:00,09,09,2002,06,112.4
09.09.2002-09:00:00,09,09,2002,09,86.974
09.09.2002-12:00:00,09,09,2002,12,82.631
09.09.2002-15:00:00,09,09,2002,15,121.71
09.09.2002-18:00:00,09,09,2002,18,124.58
09.09.2002-21:00:00,09,09,2002,21,130.25
09.10.2002-00:00:00,09,10,2002,00,130.33
09.10.2002-03:00:00,09,10,2002,03,129.62
09.10.2002-06:00:00,09,10,2002,06,105.97
09.10.2002-09:00:00,09,10,2002,09,75.762
09.10.2002-12:00:00,09,10,2002,12,82.885
09.10.2002-15:00:00,09,10,2002,15,110.31
09.10.2002-18:00:00,09,10,2002,18,120.86
09.10.2002-21:00:00,09,10,2002,21,125.87
09.11.2002-00:00:00,09,11,2002,00,127.39
09.11.2002-03:00:00,09,11,2002,03,126.79
09.11.2002-06:00:00,09,11,2002,06,100.76
09.11.2002-09:00:00,09,11,2002,09,69.043
09.11.2002-12:00:00,09,11,2002,12,72.235
09.11.2002-15:00:00,09,11,2002,15,105.27
09.11.2002-18:00:00,09,11,2002,18,117.85
09.11.2002-21:00:00,09,11,2002,21,120.92
09.12.2002-00:00:00,09,12,2002,00,124.55
09.12.2002-03:00:00,09,12,2002,03,124.1
09.12.2002-06:00:00,09,12,2002,06,98.687
09.12.2002-09:00:00,09,12,2002,09,66.82
09.12.2002-12:00:00,09,12,2002,12,69.962
09.12.2002-15:00:00,09,12,2002,15,101.88
09.12.2002-18:00:00,09,12,2002,18,115.3
09.12.2002-21:00:00,09,12,2002,21,117.72
09.13.2002-00:00:00,09,13,2002,00,121.81
09.13.2002-03:00:00,09,13,2002,03,121.33
09.13.2002-06:00:00,09,13,2002,06,93.486
09.13.2002-09:00:00,09,13,2002,09,62.835
09.13.2002-12:00:00,09,13,2002,12,66.801
09.13.2002-15:00:00,09,13,2002,15,98.329
09.13.2002-18:00:00,09,13,2002,18,112.61
09.13.2002-21:00:00,09,13,2002,21,114
09.14.2002-00:00:00,09,14,2002,00,118.51
09.14.2002-03:00:00,09,14,2002,03,118.98
09.14.2002-06:00:00,09,14,2002,06,95.851
09.14.2002-09:00:00,09,14,2002,09,64.22
09.14.2002-12:00:00,09,14,2002,12,66.542
09.14.2002-15:00:00,09,14,2002,15,97.541
09.14.2002-18:00:00,09,14,2002,18,110.81
09.14.2002-21:00:00,09,14,2002,21,112.85
09.15.2002-00:00:00,09,15,2002,00,117
09.15.2002-03:00:00,09,15,2002,03,116.9
09.15.2002-06:00:00,09,15,2002,06,98.264
09.15.2002-09:00:00,09,15,2002,09,73.686
09.15.2002-12:00:00,09,15,2002,12,73.072
09.15.2002-15:00:00,09,15,2002,15,99.782
09.15.2002-18:00:00,09,15,2002,18,109.58
09.15.2002-21:00:00,09,15,2002,21,115.42
09.16.2002-00:00:00,09,16,2002,00,115.48
09.16.2002-03:00:00,09,16,2002,03,115.36
09.16.2002-06:00:00,09,16,2002,06,98.064
09.16.2002-09:00:00,09,16,2002,09,77.526
09.16.2002-12:00:00,09,16,2002,12,76.755
09.16.2002-15:00:00,09,16,2002,15,99.052
09.16.2002-18:00:00,09,16,2002,18,110.79
09.16.2002-21:00:00,09,16,2002,21,114.43
09.17.2002-00:00:00,09,17,2002,00,114.36
09.17.2002-03:00:00,09,17,2002,03,114.3
09.17.2002-06:00:00,09,17,2002,06,102.97
09.17.2002-09:00:00,09,17,2002,09,88.068
09.17.2002-12:00:00,09,17,2002,12,89.121
09.17.2002-15:00:00,09,17,2002,15,101.15
09.17.2002-18:00:00,09,17,2002,18,111.75
09.17.2002-21:00:00,09,17,2002,21,113.92
09.18.2002-00:00:00,09,18,2002,00,115.57
09.18.2002-03:00:00,09,18,2002,03,113.69
09.18.2002-06:00:00,09,18,2002,06,100.5
09.18.2002-09:00:00,09,18,2002,09,82.355
09.18.2002-12:00:00,09,18,2002,12,75.964
09.18.2002-15:00:00,09,18,2002,15,100.74
09.18.2002-18:00:00,09,18,2002,18,112.45
09.18.2002-21:00:00,09,18,2002,21,112.84
09.19.2002-00:00:00,09,19,2002,00,112.63
09.19.2002-03:00:00,09,19,2002,03,112.55
09.19.2002-06:00:00,09,19,2002,06,96.408
09.19.2002-09:00:00,09,19,2002,09,71.011
09.19.2002-12:00:00,09,19,2002,12,73.599
09.19.2002-15:00:00,09,19,2002,15,97.626
09.19.2002-18:00:00,09,19,2002,18,105.81
09.19.2002-21:00:00,09,19,2002,21,109.76
09.20.2002-00:00:00,09,20,2002,00,111.07
09.20.2002-03:00:00,09,20,2002,03,111.03
09.20.2002-06:00:00,09,20,2002,06,96.204
09.20.2002-09:00:00,09,20,2002,09,69.342
09.20.2002-12:00:00,09,20,2002,12,68.871
09.20.2002-15:00:00,09,20,2002,15,97.428
09.20.2002-18:00:00,09,20,2002,18,104.59
09.20.2002-21:00:00,09,20,2002,21,109.56
09.21.2002-00:00:00,09,21,2002,00,109.73
09.21.2002-03:00:00,09,21,2002,03,109.6
09.21.2002-06:00:00,09,21,2002,06,107.84
09.21.2002-09:00:00,09,21,2002,09,73.332
09.21.2002-12:00:00,09,21,2002,12,70.095
09.21.2002-15:00:00,09,21,2002,15,102.23
09.21.2002-18:00:00,09,21,2002,18,103.63
09.21.2002-21:00:00,09,21,2002,21,108.07
09.22.2002-00:00:00,09,22,2002,00,108.45
09.22.2002-03:00:00,09,22,2002,03,108.33
09.22.2002-06:00:00,09,22,2002,06,106.5
09.22.2002-09:00:00,09,22,2002,09,70.138
09.22.2002-12:00:00,09,22,2002,12,64.692
09.22.2002-15:00:00,09,22,2002,15,92.184
09.22.2002-18:00:00,09,22,2002,18,102.1
09.22.2002-21:00:00,09,22,2002,21,104.72
09.23.2002-00:00:00,09,23,2002,00,107.02
09.23.2002-03:00:00,09,23,2002,03,106.95
09.23.2002-06:00:00,09,23,2002,06,92.944
09.23.2002-09:00:00,09,23,2002,09,63.499
09.23.2002-12:00:00,09,23,2002,12,62.398
09.23.2002-15:00:00,09,23,2002,15,89.293
09.23.2002-18:00:00,09,23,2002,18,100.54
09.23.2002-21:00:00,09,23,2002,21,101.69
09.24.2002-00:00:00,09,24,2002,00,105.16
09.24.2002-03:00:00,09,24,2002,03,105.18
09.24.2002-06:00:00,09,24,2002,06,93.183
09.24.2002-09:00:00,09,24,2002,09,73.015
09.24.2002-12:00:00,09,24,2002,12,70.688
09.24.2002-15:00:00,09,24,2002,15,91.245
09.24.2002-18:00:00,09,24,2002,18,99.852
09.24.2002-21:00:00,09,24,2002,21,104.09
09.25.2002-00:00:00,09,25,2002,00,104.02
09.25.2002-03:00:00,09,25,2002,03,103.97
09.25.2002-06:00:00,09,25,2002,06,87.888
09.25.2002-09:00:00,09,25,2002,09,61.323
09.25.2002-12:00:00,09,25,2002,12,61.242
09.25.2002-15:00:00,09,25,2002,15,87.247
09.25.2002-18:00:00,09,25,2002,18,97.908
09.25.2002-21:00:00,09,25,2002,21,98.834
09.26.2002-00:00:00,09,26,2002,00,101.86
09.26.2002-03:00:00,09,26,2002,03,102.45
09.26.2002-06:00:00,09,26,2002,06,96.415
09.26.2002-09:00:00,09,26,2002,09,80.454
09.26.2002-12:00:00,09,26,2002,12,77.219
09.26.2002-15:00:00,09,26,2002,15,90.89
09.26.2002-18:00:00,09,26,2002,18,100.35
09.26.2002-21:00:00,09,26,2002,21,101.71
09.27.2002-00:00:00,09,27,2002,00,101.85
09.27.2002-03:00:00,09,27,2002,03,101.77
09.27.2002-06:00:00,09,27,2002,06,87.735
09.27.2002-09:00:00,09,27,2002,09,64.763
09.27.2002-12:00:00,09,27,2002,12,64.673
09.27.2002-15:00:00,09,27,2002,15,93.106
09.27.2002-18:00:00,09,27,2002,18,96.615
09.27.2002-21:00:00,09,27,2002,21,99.143
09.28.2002-00:00:00,09,28,2002,00,100.67
09.28.2002-03:00:00,09,28,2002,03,100.65
09.28.2002-06:00:00,09,28,2002,06,99.17
09.28.2002-09:00:00,09,28,2002,09,68.686
09.28.2002-12:00:00,09,28,2002,12,63.532
09.28.2002-15:00:00,09,28,2002,15,87.796
09.28.2002-18:00:00,09,28,2002,18,95.233
09.28.2002-21:00:00,09,28,2002,21,98.174
09.29.2002-00:00:00,09,29,2002,00,99.501
09.29.2002-03:00:00,09,29,2002,03,99.406
09.29.2002-06:00:00,09,29,2002,06,94.149
09.29.2002-09:00:00,09,29,2002,09,80.948
09.29.2002-12:00:00,09,29,2002,12,78.036
09.29.2002-15:00:00,09,29,2002,15,89.863
09.29.2002-18:00:00,09,29,2002,18,97.533
09.29.2002-21:00:00,09,29,2002,21,98.778
09.30.2002-00:00:00,09,30,2002,00,98.955
09.30.2002-03:00:00,09,30,2002,03,98.901
09.30.2002-06:00:00,09,30,2002,06,93.862
09.30.2002-09:00:00,09,30,2002,09,80.433
09.30.2002-12:00:00,09,30,2002,12,80.21
09.30.2002-15:00:00,09,30,2002,15,95.82
09.30.2002-18:00:00,09,30,2002,18,97.917
09.30.2002-21:00:00,09,30,2002,21,98.564
