TIMESTAMP,MONTH,DAY,YEAR,HOUR,C
10.01.2001-00:00:00,10,01,2001,00,97.423
10.01.2001-03:00:00,10,01,2001,03,101.18
10.01.2001-06:00:00,10,01,2001,06,99.997
10.01.2001-09:00:00,10,01,2001,09,88.925
10.01.2001-12:00:00,10,01,2001,12,70.791
10.01.2001-15:00:00,10,01,2001,15,83.552
10.01.2001-18:00:00,10,01,2001,18,95.014
10.01.2001-21:00:00,10,01,2001,21,98.277
10.02.2001-00:00:00,10,02,2001,00,98.44
10.02.2001-03:00:00,10,02,2001,03,101.19
10.02.2001-06:00:00,10,02,2001,06,100.02
10.02.2001-09:00:00,10,02,2001,09,89.006
10.02.2001-12:00:00,10,02,2001,12,70.782
10.02.2001-15:00:00,10,02,2001,15,83.294
10.02.2001-18:00:00,10,02,2001,18,94.286
10.02.2001-21:00:00,10,02,2001,21,97.856
10.03.2001-00:00:00,10,03,2001,00,98.6
10.03.2001-03:00:00,10,03,2001,03,101.02
10.03.2001-06:00:00,10,03,2001,06,101.26
10.03.2001-09:00:00,10,03,2001,09,88.862
10.03.2001-12:00:00,10,03,2001,12,73.453
10.03.2001-15:00:00,10,03,2001,15,83.397
10.03.2001-18:00:00,10,03,2001,18,94.1
10.03.2001-21:00:00,10,03,2001,21,97.508
10.04.2001-00:00:00,10,04,2001,00,97.666
10.04.2001-03:00:00,10,04,2001,03,100.44
10.04.2001-06:00:00,10,04,2001,06,100.45
10.04.2001-09:00:00,10,04,2001,09,89.71
10.04.2001-12:00:00,10,04,2001,12,74.804
10.04.2001-15:00:00,10,04,2001,15,84.73
10.04.2001-18:00:00,10,04,2001,18,94.357
10.04.2001-21:00:00,10,04,2001,21,97.269
10.05.2001-00:00:00,10,05,2001,00,97.497
10.05.2001-03:00:00,10,05,2001,03,100.31
10.05.2001-06:00:00,10,05,2001,06,100.4
10.05.2001-09:00:00,10,05,2001,09,90.589
10.05.2001-12:00:00,10,05,2001,12,77.066
10.05.2001-15:00:00,10,05,2001,15,85.722
10.05.2001-18:00:00,10,05,2001,18,94.572
10.05.2001-21:00:00,10,05,2001,21,97.235
10.06.2001-00:00:00,10,06,2001,00,98.239
10.06.2001-03:00:00,10,06,2001,03,99.904
10.06.2001-06:00:00,10,06,2001,06,100.23
10.06.2001-09:00:00,10,06,2001,09,90.004
10.06.2001-12:00:00,10,06,2001,12,79.148
10.06.2001-15:00:00,10,06,2001,15,85.487
10.06.2001-18:00:00,10,06,2001,18,94.472
10.06.2001-21:00:00,10,06,2001,21,97.099
10.07.2001-00:00:00,10,07,2001,00,99.185
10.07.2001-03:00:00,10,07,2001,03,99.705
10.07.2001-06:00:00,10,07,2001,06,99.699
10.07.2001-09:00:00,10,07,2001,09,89.986
10.07.2001-12:00:00,10,07,2001,12,80.121
10.07.2001-15:00:00,10,07,2001,15,86.627
10.07.2001-18:00:00,10,07,2001,18,94.387
10.07.2001-21:00:00,10,07,2001,21,98.206
10.08.2001-00:00:00,10,08,2001,00,99.398
10.08.2001-03:00:00,10,08,2001,03,99.397
10.08.2001-06:00:00,10,08,2001,06,99.36
10.08.2001-09:00:00,10,08,2001,09,109.9
10.08.2001-12:00:00,10,08,2001,12,93.41
10.08.2001-15:00:00,10,08,2001,15,98.519
10.08.2001-18:00:00,10,08,2001,18,96.079
10.08.2001-21:00:00,10,08,2001,21,99.392
10.09.2001-00:00:00,10,09,2001,00,99.051
10.09.2001-03:00:00,10,09,2001,03,98.994
10.09.2001-06:00:00,10,09,2001,06,98.946
10.09.2001-09:00:00,10,09,2001,09,105.35
10.09.2001-12:00:00,10,09,2001,12,88.637
10.09.2001-15:00:00,10,09,2001,15,93.076
10.09.2001-18:00:00,10,09,2001,18,93.821
10.09.2001-21:00:00,10,09,2001,21,97.975
10.10.2001-00:00:00,10,10,2001,00,98.545
10.10.2001-03:00:00,10,10,2001,03,98.506
10.10.2001-06:00:00,10,10,2001,06,98.451
10.10.2001-09:00:00,10,10,2001,09,122.33
10.10.2001-12:00:00,10,10,2001,12,133.03
10.10.2001-15:00:00,10,10,2001,15,120.7
10.10.2001-18:00:00,10,10,2001,18,108.97
10.10.2001-21:00:00,10,10,2001,21,98.625
10.11.2001-00:00:00,10,11,2001,00,98.276
10.11.2001-03:00:00,10,11,2001,03,98.234
10.11.2001-06:00:00,10,11,2001,06,98.191
10.11.2001-09:00:00,10,11,2001,09,101.72
10.11.2001-12:00:00,10,11,2001,12,129.6
10.11.2001-15:00:00,10,11,2001,15,120.84
10.11.2001-18:00:00,10,11,2001,18,112.55
10.11.2001-21:00:00,10,11,2001,21,99.045
10.12.2001-00:00:00,10,12,2001,00,98.568
10.12.2001-03:00:00,10,12,2001,03,98.495
10.12.2001-06:00:00,10,12,2001,06,98.424
10.12.2001-09:00:00,10,12,2001,09,107.04
10.12.2001-12:00:00,10,12,2001,12,150.19
10.12.2001-15:00:00,10,12,2001,15,131.6
10.12.2001-18:00:00,10,12,2001,18,120.61
10.12.2001-21:00:00,10,12,2001,21,101.13
10.13.2001-00:00:00,10,13,2001,00,98.939
10.13.2001-03:00:00,10,13,2001,03,98.832
10.13.2001-06:00:00,10,13,2001,06,101.52
10.13.2001-09:00:00,10,13,2001,09,173.44
10.13.2001-12:00:00,10,13,2001,12,225.32
10.13.2001-15:00:00,10,13,2001,15,204.47
10.13.2001-18:00:00,10,13,2001,18,133.61
10.13.2001-21:00:00,10,13,2001,21,115.87
10.14.2001-00:00:00,10,14,2001,00,108.9
10.14.2001-03:00:00,10,14,2001,03,105.87
10.14.2001-06:00:00,10,14,2001,06,105.72
10.14.2001-09:00:00,10,14,2001,09,115.9
10.14.2001-12:00:00,10,14,2001,12,110.16
10.14.2001-15:00:00,10,14,2001,15,105.45
10.14.2001-18:00:00,10,14,2001,18,104.95
10.14.2001-21:00:00,10,14,2001,21,106.2
10.15.2001-00:00:00,10,15,2001,00,105.22
10.15.2001-03:00:00,10,15,2001,03,104.78
10.15.2001-06:00:00,10,15,2001,06,104.78
10.15.2001-09:00:00,10,15,2001,09,109.68
10.15.2001-12:00:00,10,15,2001,12,99.703
10.15.2001-15:00:00,10,15,2001,15,101.03
10.15.2001-18:00:00,10,15,2001,18,100.86
10.15.2001-21:00:00,10,15,2001,21,104.45
10.16.2001-00:00:00,10,16,2001,00,104.83
10.16.2001-03:00:00,10,16,2001,03,104.84
10.16.2001-06:00:00,10,16,2001,06,104.85
10.16.2001-09:00:00,10,16,2001,09,99.098
10.16.2001-12:00:00,10,16,2001,12,92.623
10.16.2001-15:00:00,10,16,2001,15,94.805
10.16.2001-18:00:00,10,16,2001,18,100.84
10.16.2001-21:00:00,10,16,2001,21,103.2
10.17.2001-00:00:00,10,17,2001,00,104.7
10.17.2001-03:00:00,10,17,2001,03,104.75
10.17.2001-06:00:00,10,17,2001,06,104.72
10.17.2001-09:00:00,10,17,2001,09,102.52
10.17.2001-12:00:00,10,17,2001,12,107.68
10.17.2001-15:00:00,10,17,2001,15,102.53
10.17.2001-18:00:00,10,17,2001,18,103.28
10.17.2001-21:00:00,10,17,2001,21,104.28
10.18.2001-00:00:00,10,18,2001,00,104.66
10.18.2001-03:00:00,10,18,2001,03,104.66
10.18.2001-06:00:00,10,18,2001,06,104.65
10.18.2001-09:00:00,10,18,2001,09,106.44
10.18.2001-12:00:00,10,18,2001,12,100.45
10.18.2001-15:00:00,10,18,2001,15,100.64
10.18.2001-18:00:00,10,18,2001,18,102.53
10.18.2001-21:00:00,10,18,2001,21,103.09
10.19.2001-00:00:00,10,19,2001,00,104.42
10.19.2001-03:00:00,10,19,2001,03,104.44
10.19.2001-06:00:00,10,19,2001,06,104.42
10.19.2001-09:00:00,10,19,2001,09,110.96
10.19.2001-12:00:00,10,19,2001,12,100.13
10.19.2001-15:00:00,10,19,2001,15,103.26
10.19.2001-18:00:00,10,19,2001,18,101.95
10.19.2001-21:00:00,10,19,2001,21,103.79
10.20.2001-00:00:00,10,20,2001,00,104.16
10.20.2001-03:00:00,10,20,2001,03,104.52
10.20.2001-06:00:00,10,20,2001,06,106.03
10.20.2001-09:00:00,10,20,2001,09,110.48
10.20.2001-12:00:00,10,20,2001,12,96.15
10.20.2001-15:00:00,10,20,2001,15,102.06
10.20.2001-18:00:00,10,20,2001,18,102.31
10.20.2001-21:00:00,10,20,2001,21,104.62
10.21.2001-00:00:00,10,21,2001,00,105.65
10.21.2001-03:00:00,10,21,2001,03,105.14
10.21.2001-06:00:00,10,21,2001,06,105.54
10.21.2001-09:00:00,10,21,2001,09,129.72
10.21.2001-12:00:00,10,21,2001,12,110.89
10.21.2001-15:00:00,10,21,2001,15,113.06
10.21.2001-18:00:00,10,21,2001,18,104.44
10.21.2001-21:00:00,10,21,2001,21,104.69
10.22.2001-00:00:00,10,22,2001,00,105.12
10.22.2001-03:00:00,10,22,2001,03,104.57
10.22.2001-06:00:00,10,22,2001,06,104.97
10.22.2001-09:00:00,10,22,2001,09,104.41
10.22.2001-12:00:00,10,22,2001,12,104.81
10.22.2001-15:00:00,10,22,2001,15,104.25
10.22.2001-18:00:00,10,22,2001,18,104.65
10.22.2001-21:00:00,10,22,2001,21,104.08
10.23.2001-00:00:00,10,23,2001,00,104.48
10.23.2001-03:00:00,10,23,2001,03,103.91
10.23.2001-06:00:00,10,23,2001,06,104.3
10.23.2001-09:00:00,10,23,2001,09,103.73
10.23.2001-12:00:00,10,23,2001,12,142.66
10.23.2001-15:00:00,10,23,2001,15,117.46
10.23.2001-18:00:00,10,23,2001,18,120
10.23.2001-21:00:00,10,23,2001,21,104.37
10.24.2001-00:00:00,10,24,2001,00,104.4
10.24.2001-03:00:00,10,24,2001,03,103.82
10.24.2001-06:00:00,10,24,2001,06,104.2
10.24.2001-09:00:00,10,24,2001,09,103.61
10.24.2001-12:00:00,10,24,2001,12,103.48
10.24.2001-15:00:00,10,24,2001,15,103.87
10.24.2001-18:00:00,10,24,2001,18,103.27
10.24.2001-21:00:00,10,24,2001,21,103.15
10.25.2001-00:00:00,10,25,2001,00,103.54
10.25.2001-03:00:00,10,25,2001,03,102.94
10.25.2001-06:00:00,10,25,2001,06,102.81
10.25.2001-09:00:00,10,25,2001,09,103.2
10.25.2001-12:00:00,10,25,2001,12,102.6
10.25.2001-15:00:00,10,25,2001,15,102.47
10.25.2001-18:00:00,10,25,2001,18,102.36
10.25.2001-21:00:00,10,25,2001,21,102.74
10.26.2001-00:00:00,10,26,2001,00,102.14
10.26.2001-03:00:00,10,26,2001,03,101.92
10.26.2001-06:00:00,10,26,2001,06,101.8
10.26.2001-09:00:00,10,26,2001,09,101.69
10.26.2001-12:00:00,10,26,2001,12,102.07
10.26.2001-15:00:00,10,26,2001,15,101.47
10.26.2001-18:00:00,10,26,2001,18,101.33
10.26.2001-21:00:00,10,26,2001,21,101.21
10.27.2001-00:00:00,10,27,2001,00,101.09
10.27.2001-03:00:00,10,27,2001,03,100.98
10.27.2001-06:00:00,10,27,2001,06,100.86
10.27.2001-09:00:00,10,27,2001,09,100.74
10.27.2001-12:00:00,10,27,2001,12,100.61
10.27.2001-15:00:00,10,27,2001,15,100.98
10.27.2001-18:00:00,10,27,2001,18,100.36
10.27.2001-21:00:00,10,27,2001,21,100.22
10.28.2001-00:00:00,10,28,2001,00,100.1
10.28.2001-03:00:00,10,28,2001,03,99.979
10.28.2001-06:00:00,10,28,2001,06,99.856
10.28.2001-09:00:00,10,28,2001,09,99.731
10.28.2001-12:00:00,10,28,2001,12,99.602
10.28.2001-15:00:00,10,28,2001,15,99.477
10.28.2001-18:00:00,10,28,2001,18,99.351
10.28.2001-21:00:00,10,28,2001,21,99.225
10.29.2001-00:00:00,10,29,2001,00,99.099
10.29.2001-03:00:00,10,29,2001,03,98.974
10.29.2001-06:00:00,10,29,2001,06,98.848
10.29.2001-09:00:00,10,29,2001,09,98.722
10.29.2001-12:00:00,10,29,2001,12,98.593
10.29.2001-15:00:00,10,29,2001,15,98.466
10.29.2001-18:00:00,10,29,2001,18,98.338
10.29.2001-21:00:00,10,29,2001,21,98.209
10.30.2001-00:00:00,10,30,2001,00,98.082
10.30.2001-03:00:00,10,30,2001,03,97.954
10.30.2001-06:00:00,10,30,2001,06,97.827
10.30.2001-09:00:00,10,30,2001,09,97.698
10.30.2001-12:00:00,10,30,2001,12,97.571
10.30.2001-15:00:00,10,30,2001,15,97.443
10.30.2001-18:00:00,10,30,2001,18,97.315
10.30.2001-21:00:00,10,30,2001,21,97.186
10.31.2001-00:00:00,10,31,2001,00,97.058
10.31.2001-03:00:00,10,31,2001,03,96.93
10.31.2001-06:00:00,10,31,2001,06,96.802
10.31.2001-09:00:00,10,31,2001,09,96.673
10.31.2001-12:00:00,10,31,2001,12,96.543
10.31.2001-15:00:00,10,31,2001,15,96.415
10.31.2001-18:00:00,10,31,2001,18,96.284
10.31.2001-21:00:00,10,31,2001,21,96.155
11.01.2001-00:00:00,11,01,2001,00,96.027
11.01.2001-03:00:00,11,01,2001,03,95.898
11.01.2001-06:00:00,11,01,2001,06,95.769
11.01.2001-09:00:00,11,01,2001,09,95.64
11.01.2001-12:00:00,11,01,2001,12,95.508
11.01.2001-15:00:00,11,01,2001,15,95.38
11.01.2001-18:00:00,11,01,2001,18,95.252
11.01.2001-21:00:00,11,01,2001,21,95.125
11.02.2001-00:00:00,11,02,2001,00,94.999
11.02.2001-03:00:00,11,02,2001,03,94.873
11.02.2001-06:00:00,11,02,2001,06,94.747
11.02.2001-09:00:00,11,02,2001,09,94.62
11.02.2001-12:00:00,11,02,2001,12,94.489
11.02.2001-15:00:00,11,02,2001,15,94.363
11.02.2001-18:00:00,11,02,2001,18,94.236
11.02.2001-21:00:00,11,02,2001,21,94.109
11.03.2001-00:00:00,11,03,2001,00,93.984
11.03.2001-03:00:00,11,03,2001,03,93.86
11.03.2001-06:00:00,11,03,2001,06,93.736
11.03.2001-09:00:00,11,03,2001,09,93.61
11.03.2001-12:00:00,11,03,2001,12,93.48
11.03.2001-15:00:00,11,03,2001,15,93.355
11.03.2001-18:00:00,11,03,2001,18,93.235
11.03.2001-21:00:00,11,03,2001,21,93.116
11.04.2001-00:00:00,11,04,2001,00,92.998
11.04.2001-03:00:00,11,04,2001,03,92.88
11.04.2001-06:00:00,11,04,2001,06,92.762
11.04.2001-09:00:00,11,04,2001,09,92.643
11.04.2001-12:00:00,11,04,2001,12,92.519
11.04.2001-15:00:00,11,04,2001,15,92.4
11.04.2001-18:00:00,11,04,2001,18,92.281
11.04.2001-21:00:00,11,04,2001,21,92.162
11.05.2001-00:00:00,11,05,2001,00,92.044
11.05.2001-03:00:00,11,05,2001,03,91.927
11.05.2001-06:00:00,11,05,2001,06,91.81
11.05.2001-09:00:00,11,05,2001,09,91.692
11.05.2001-12:00:00,11,05,2001,12,91.571
11.05.2001-15:00:00,11,05,2001,15,91.454
11.05.2001-18:00:00,11,05,2001,18,91.336
11.05.2001-21:00:00,11,05,2001,21,91.218
11.06.2001-00:00:00,11,06,2001,00,91.102
11.06.2001-03:00:00,11,06,2001,03,90.987
11.06.2001-06:00:00,11,06,2001,06,90.871
11.06.2001-09:00:00,11,06,2001,09,90.755
11.06.2001-12:00:00,11,06,2001,12,90.637
11.06.2001-15:00:00,11,06,2001,15,90.522
11.06.2001-18:00:00,11,06,2001,18,90.407
11.06.2001-21:00:00,11,06,2001,21,90.292
11.07.2001-00:00:00,11,07,2001,00,90.177
11.07.2001-03:00:00,11,07,2001,03,90.063
11.07.2001-06:00:00,11,07,2001,06,89.948
11.07.2001-09:00:00,11,07,2001,09,89.835
11.07.2001-12:00:00,11,07,2001,12,89.721
11.07.2001-15:00:00,11,07,2001,15,89.607
11.07.2001-18:00:00,11,07,2001,18,89.494
11.07.2001-21:00:00,11,07,2001,21,89.381
11.08.2001-00:00:00,11,08,2001,00,89.268
11.08.2001-03:00:00,11,08,2001,03,89.155
11.08.2001-06:00:00,11,08,2001,06,89.043
11.08.2001-09:00:00,11,08,2001,09,88.876
11.08.2001-12:00:00,11,08,2001,12,88.761
11.08.2001-15:00:00,11,08,2001,15,88.65
11.08.2001-18:00:00,11,08,2001,18,88.539
11.08.2001-21:00:00,11,08,2001,21,88.427
11.09.2001-00:00:00,11,09,2001,00,88.316
11.09.2001-03:00:00,11,09,2001,03,88.207
11.09.2001-06:00:00,11,09,2001,06,88.096
11.09.2001-09:00:00,11,09,2001,09,87.986
11.09.2001-12:00:00,11,09,2001,12,87.873
11.09.2001-15:00:00,11,09,2001,15,87.763
11.09.2001-18:00:00,11,09,2001,18,87.653
11.09.2001-21:00:00,11,09,2001,21,87.544
11.10.2001-00:00:00,11,10,2001,00,87.435
11.10.2001-03:00:00,11,10,2001,03,86.771
11.10.2001-06:00:00,11,10,2001,06,86.644
11.10.2001-09:00:00,11,10,2001,09,85.548
11.10.2001-12:00:00,11,10,2001,12,86.421
11.10.2001-15:00:00,11,10,2001,15,85.352
11.10.2001-18:00:00,11,10,2001,18,86.231
11.10.2001-21:00:00,11,10,2001,21,85.159
11.11.2001-00:00:00,11,11,2001,00,86.042
11.11.2001-03:00:00,11,11,2001,03,84.967
11.11.2001-06:00:00,11,11,2001,06,85.854
11.11.2001-09:00:00,11,11,2001,09,84.775
11.11.2001-12:00:00,11,11,2001,12,85.662
11.11.2001-15:00:00,11,11,2001,15,84.581
11.11.2001-18:00:00,11,11,2001,18,85.475
11.11.2001-21:00:00,11,11,2001,21,84.391
11.12.2001-00:00:00,11,12,2001,00,85.287
11.12.2001-03:00:00,11,12,2001,03,84.203
11.12.2001-06:00:00,11,12,2001,06,85.101
11.12.2001-09:00:00,11,12,2001,09,84.014
11.12.2001-12:00:00,11,12,2001,12,84.915
11.12.2001-15:00:00,11,12,2001,15,83.827
11.12.2001-18:00:00,11,12,2001,18,84.73
11.12.2001-21:00:00,11,12,2001,21,83.64
11.13.2001-00:00:00,11,13,2001,00,84.545
11.13.2001-03:00:00,11,13,2001,03,83.454
11.13.2001-06:00:00,11,13,2001,06,84.361
11.13.2001-09:00:00,11,13,2001,09,83.269
11.13.2001-12:00:00,11,13,2001,12,84.176
11.13.2001-15:00:00,11,13,2001,15,83.084
11.13.2001-18:00:00,11,13,2001,18,83.993
11.13.2001-21:00:00,11,13,2001,21,82.759
11.14.2001-00:00:00,11,14,2001,00,83.667
11.14.2001-03:00:00,11,14,2001,03,82.577
11.14.2001-06:00:00,11,14,2001,06,83.49
11.14.2001-09:00:00,11,14,2001,09,82.398
11.14.2001-12:00:00,11,14,2001,12,83.426
11.14.2001-15:00:00,11,14,2001,15,107.9
11.14.2001-18:00:00,11,14,2001,18,105.68
11.14.2001-21:00:00,11,14,2001,21,94.698
11.15.2001-00:00:00,11,15,2001,00,87.077
11.15.2001-03:00:00,11,15,2001,03,82.763
11.15.2001-06:00:00,11,15,2001,06,83.589
11.15.2001-09:00:00,11,15,2001,09,82.505
11.15.2001-12:00:00,11,15,2001,12,83.425
11.15.2001-15:00:00,11,15,2001,15,82.349
11.15.2001-18:00:00,11,15,2001,18,83.275
11.15.2001-21:00:00,11,15,2001,21,82.201
11.16.2001-00:00:00,11,16,2001,00,83.125
11.16.2001-03:00:00,11,16,2001,03,82.053
11.16.2001-06:00:00,11,16,2001,06,82.976
11.16.2001-09:00:00,11,16,2001,09,81.904
11.16.2001-12:00:00,11,16,2001,12,82.823
11.16.2001-15:00:00,11,16,2001,15,81.751
11.16.2001-18:00:00,11,16,2001,18,82.671
11.16.2001-21:00:00,11,16,2001,21,81.601
11.17.2001-00:00:00,11,17,2001,00,82.519
11.17.2001-03:00:00,11,17,2001,03,81.457
11.17.2001-06:00:00,11,17,2001,06,82.383
11.17.2001-09:00:00,11,17,2001,09,81.327
11.17.2001-12:00:00,11,17,2001,12,82.247
11.17.2001-15:00:00,11,17,2001,15,81.192
11.17.2001-18:00:00,11,17,2001,18,82.114
11.17.2001-21:00:00,11,17,2001,21,81.06
11.18.2001-00:00:00,11,18,2001,00,81.98
11.18.2001-03:00:00,11,18,2001,03,80.929
11.18.2001-06:00:00,11,18,2001,06,81.846
11.18.2001-09:00:00,11,18,2001,09,80.797
11.18.2001-12:00:00,11,18,2001,12,81.711
11.18.2001-15:00:00,11,18,2001,15,80.666
11.18.2001-18:00:00,11,18,2001,18,81.584
11.18.2001-21:00:00,11,18,2001,21,80.545
11.19.2001-00:00:00,11,19,2001,00,81.459
11.19.2001-03:00:00,11,19,2001,03,80.424
11.19.2001-06:00:00,11,19,2001,06,81.335
11.19.2001-09:00:00,11,19,2001,09,80.301
11.19.2001-12:00:00,11,19,2001,12,81.209
11.19.2001-15:00:00,11,19,2001,15,80.178
11.19.2001-18:00:00,11,19,2001,18,81.083
11.19.2001-21:00:00,11,19,2001,21,80.055
11.20.2001-00:00:00,11,20,2001,00,80.955
11.20.2001-03:00:00,11,20,2001,03,79.93
11.20.2001-06:00:00,11,20,2001,06,80.827
11.20.2001-09:00:00,11,20,2001,09,79.805
11.20.2001-12:00:00,11,20,2001,12,80.698
11.20.2001-15:00:00,11,20,2001,15,79.679
11.20.2001-18:00:00,11,20,2001,18,80.568
11.20.2001-21:00:00,11,20,2001,21,79.553
11.21.2001-00:00:00,11,21,2001,00,80.437
11.21.2001-03:00:00,11,21,2001,03,79.426
11.21.2001-06:00:00,11,21,2001,06,80.306
11.21.2001-09:00:00,11,21,2001,09,79.299
11.21.2001-12:00:00,11,21,2001,12,80.174
11.21.2001-15:00:00,11,21,2001,15,79.171
11.21.2001-18:00:00,11,21,2001,18,79.506
11.21.2001-21:00:00,11,21,2001,21,79.023
11.22.2001-00:00:00,11,22,2001,00,78.958
11.22.2001-03:00:00,11,22,2001,03,79.317
11.22.2001-06:00:00,11,22,2001,06,78.834
11.22.2001-09:00:00,11,22,2001,09,78.65
11.22.2001-12:00:00,11,22,2001,12,79.009
11.22.2001-15:00:00,11,22,2001,15,78.529
11.22.2001-18:00:00,11,22,2001,18,78.467
11.22.2001-21:00:00,11,22,2001,21,78.827
11.23.2001-00:00:00,11,23,2001,00,78.346
11.23.2001-03:00:00,11,23,2001,03,78.282
11.23.2001-06:00:00,11,23,2001,06,78.641
11.23.2001-09:00:00,11,23,2001,09,78.161
11.23.2001-12:00:00,11,23,2001,12,78.095
11.23.2001-15:00:00,11,23,2001,15,78.452
11.23.2001-18:00:00,11,23,2001,18,77.972
11.23.2001-21:00:00,11,23,2001,21,77.907
11.24.2001-00:00:00,11,24,2001,00,78.262
11.24.2001-03:00:00,11,24,2001,03,77.784
11.24.2001-06:00:00,11,24,2001,06,77.718
11.24.2001-09:00:00,11,24,2001,09,78.072
11.24.2001-12:00:00,11,24,2001,12,77.594
11.24.2001-15:00:00,11,24,2001,15,77.529
11.24.2001-18:00:00,11,24,2001,18,77.88
11.24.2001-21:00:00,11,24,2001,21,77.404
11.25.2001-00:00:00,11,25,2001,00,77.338
11.25.2001-03:00:00,11,25,2001,03,77.688
11.25.2001-06:00:00,11,25,2001,06,76.693
11.25.2001-09:00:00,11,25,2001,09,77.128
11.25.2001-12:00:00,11,25,2001,12,77.088
11.25.2001-15:00:00,11,25,2001,15,77.433
11.25.2001-18:00:00,11,25,2001,18,76.441
11.25.2001-21:00:00,11,25,2001,21,76.874
11.26.2001-00:00:00,11,26,2001,00,76.835
11.26.2001-03:00:00,11,26,2001,03,77.179
11.26.2001-06:00:00,11,26,2001,06,76.19
11.26.2001-09:00:00,11,26,2001,09,76.621
11.26.2001-12:00:00,11,26,2001,12,76.581
11.26.2001-15:00:00,11,26,2001,15,76.923
11.26.2001-18:00:00,11,26,2001,18,75.938
11.26.2001-21:00:00,11,26,2001,21,76.367
11.27.2001-00:00:00,11,27,2001,00,76.328
11.27.2001-03:00:00,11,27,2001,03,76.668
11.27.2001-06:00:00,11,27,2001,06,75.688
11.27.2001-09:00:00,11,27,2001,09,75.603
11.27.2001-12:00:00,11,27,2001,12,76.056
11.27.2001-15:00:00,11,27,2001,15,76.015
11.27.2001-18:00:00,11,27,2001,18,76.351
11.27.2001-21:00:00,11,27,2001,21,75.375
11.28.2001-00:00:00,11,28,2001,00,75.289
11.28.2001-03:00:00,11,28,2001,03,75.231
11.28.2001-06:00:00,11,28,2001,06,75.681
11.28.2001-09:00:00,11,28,2001,09,75.639
11.28.2001-12:00:00,11,28,2001,12,75.667
11.28.2001-15:00:00,11,28,2001,15,74.995
11.28.2001-18:00:00,11,28,2001,18,74.62
11.28.2001-21:00:00,11,28,2001,21,74.56
11.29.2001-00:00:00,11,29,2001,00,74.509
11.29.2001-03:00:00,11,29,2001,03,74.962
11.29.2001-06:00:00,11,29,2001,06,74.926
11.29.2001-09:00:00,11,29,2001,09,75.263
11.29.2001-12:00:00,11,29,2001,12,74.301
11.29.2001-15:00:00,11,29,2001,15,74.22
11.29.2001-18:00:00,11,29,2001,18,74.166
11.29.2001-21:00:00,11,29,2001,21,74.112
11.30.2001-00:00:00,11,30,2001,00,74.058
11.30.2001-03:00:00,11,30,2001,03,74.505
11.30.2001-06:00:00,11,30,2001,06,74.465
11.30.2001-09:00:00,11,30,2001,09,74.799
11.30.2001-12:00:00,11,30,2001,12,73.842
11.30.2001-15:00:00,11,30,2001,15,73.757
11.30.2001-18:00:00,11,30,2001,18,73.702
11.30.2001-21:00:00,11,30,2001,21,73.646
12.01.2001-00:00:00,12,01,2001,00,73.591
12.01.2001-03:00:00,12,01,2001,03,73.535
12.01.2001-06:00:00,12,01,2001,06,73.478
12.01.2001-09:00:00,12,01,2001,09,73.42
12.01.2001-12:00:00,12,01,2001,12,73.364
12.01.2001-15:00:00,12,01,2001,15,73.307
12.01.2001-18:00:00,12,01,2001,18,73.248
12.01.2001-21:00:00,12,01,2001,21,73.191
12.02.2001-00:00:00,12,02,2001,00,73.134
12.02.2001-03:00:00,12,02,2001,03,73.569
12.02.2001-06:00:00,12,02,2001,06,73.529
12.02.2001-09:00:00,12,02,2001,09,73.854
12.02.2001-12:00:00,12,02,2001,12,72.908
12.02.2001-15:00:00,12,02,2001,15,72.823
12.02.2001-18:00:00,12,02,2001,18,72.764
12.02.2001-21:00:00,12,02,2001,21,72.705
12.03.2001-00:00:00,12,03,2001,00,72.648
12.03.2001-03:00:00,12,03,2001,03,72.588
12.03.2001-06:00:00,12,03,2001,06,72.53
12.03.2001-09:00:00,12,03,2001,09,72.471
12.03.2001-12:00:00,12,03,2001,12,72.411
12.03.2001-15:00:00,12,03,2001,15,72.353
12.03.2001-18:00:00,12,03,2001,18,72.295
12.03.2001-21:00:00,12,03,2001,21,71.462
12.04.2001-00:00:00,12,04,2001,00,72.163
12.04.2001-03:00:00,12,04,2001,03,71.355
12.04.2001-06:00:00,12,04,2001,06,72.052
12.04.2001-09:00:00,12,04,2001,09,71.251
12.04.2001-12:00:00,12,04,2001,12,71.941
12.04.2001-15:00:00,12,04,2001,15,71.145
12.04.2001-18:00:00,12,04,2001,18,71.83
12.04.2001-21:00:00,12,04,2001,21,71.038
12.05.2001-00:00:00,12,05,2001,00,71.718
12.05.2001-03:00:00,12,05,2001,03,70.933
12.05.2001-06:00:00,12,05,2001,06,71.607
12.05.2001-09:00:00,12,05,2001,09,70.828
12.05.2001-12:00:00,12,05,2001,12,70.755
12.05.2001-15:00:00,12,05,2001,15,71.442
12.05.2001-18:00:00,12,05,2001,18,70.668
12.05.2001-21:00:00,12,05,2001,21,70.594
12.06.2001-00:00:00,12,06,2001,00,71.275
12.06.2001-03:00:00,12,06,2001,03,70.506
12.06.2001-06:00:00,12,06,2001,06,70.434
12.06.2001-09:00:00,12,06,2001,09,70.383
12.06.2001-12:00:00,12,06,2001,12,71.055
12.06.2001-15:00:00,12,06,2001,15,70.295
12.06.2001-18:00:00,12,06,2001,18,70.221
12.06.2001-21:00:00,12,06,2001,21,70.168
12.07.2001-00:00:00,12,07,2001,00,70.117
12.07.2001-03:00:00,12,07,2001,03,70.778
12.07.2001-06:00:00,12,07,2001,06,70.026
12.07.2001-09:00:00,12,07,2001,09,69.952
12.07.2001-12:00:00,12,07,2001,12,69.898
12.07.2001-15:00:00,12,07,2001,15,69.847
12.07.2001-18:00:00,12,07,2001,18,69.795
12.07.2001-21:00:00,12,07,2001,21,69.743
12.08.2001-00:00:00,12,08,2001,00,69.691
12.08.2001-03:00:00,12,08,2001,03,69.637
12.08.2001-06:00:00,12,08,2001,06,69.584
12.08.2001-09:00:00,12,08,2001,09,69.532
12.08.2001-12:00:00,12,08,2001,12,69.477
12.08.2001-15:00:00,12,08,2001,15,69.424
12.08.2001-18:00:00,12,08,2001,18,69.37
12.08.2001-21:00:00,12,08,2001,21,69.317
12.09.2001-00:00:00,12,09,2001,00,69.264
12.09.2001-03:00:00,12,09,2001,03,69.209
12.09.2001-06:00:00,12,09,2001,06,69.156
12.09.2001-09:00:00,12,09,2001,09,69.103
12.09.2001-12:00:00,12,09,2001,12,69.05
12.09.2001-15:00:00,12,09,2001,15,68.997
12.09.2001-18:00:00,12,09,2001,18,68.941
12.09.2001-21:00:00,12,09,2001,21,68.887
12.10.2001-00:00:00,12,10,2001,00,68.831
12.10.2001-03:00:00,12,10,2001,03,68.778
12.10.2001-06:00:00,12,10,2001,06,68.724
12.10.2001-09:00:00,12,10,2001,09,68.668
12.10.2001-12:00:00,12,10,2001,12,68.614
12.10.2001-15:00:00,12,10,2001,15,68.558
12.10.2001-18:00:00,12,10,2001,18,68.504
12.10.2001-21:00:00,12,10,2001,21,68.45
12.11.2001-00:00:00,12,11,2001,00,68.396
12.11.2001-03:00:00,12,11,2001,03,68.341
12.11.2001-06:00:00,12,11,2001,06,68.286
12.11.2001-09:00:00,12,11,2001,09,68.23
12.11.2001-12:00:00,12,11,2001,12,68.176
12.11.2001-15:00:00,12,11,2001,15,68.119
12.11.2001-18:00:00,12,11,2001,18,68.065
12.11.2001-21:00:00,12,11,2001,21,68.008
12.12.2001-00:00:00,12,12,2001,00,67.953
12.12.2001-03:00:00,12,12,2001,03,67.899
12.12.2001-06:00:00,12,12,2001,06,67.844
12.12.2001-09:00:00,12,12,2001,09,67.79
12.12.2001-12:00:00,12,12,2001,12,67.733
12.12.2001-15:00:00,12,12,2001,15,67.678
12.12.2001-18:00:00,12,12,2001,18,67.623
12.12.2001-21:00:00,12,12,2001,21,67.566
12.13.2001-00:00:00,12,13,2001,00,67.511
12.13.2001-03:00:00,12,13,2001,03,67.454
12.13.2001-06:00:00,12,13,2001,06,67.399
12.13.2001-09:00:00,12,13,2001,09,67.342
12.13.2001-12:00:00,12,13,2001,12,67.287
12.13.2001-15:00:00,12,13,2001,15,67.232
12.13.2001-18:00:00,12,13,2001,18,67.177
12.13.2001-21:00:00,12,13,2001,21,67.122
12.14.2001-00:00:00,12,14,2001,00,67.065
12.14.2001-03:00:00,12,14,2001,03,67.01
12.14.2001-06:00:00,12,14,2001,06,66.955
12.14.2001-09:00:00,12,14,2001,09,66.897
12.14.2001-12:00:00,12,14,2001,12,66.707
12.14.2001-15:00:00,12,14,2001,15,66.785
12.14.2001-18:00:00,12,14,2001,18,66.608
12.14.2001-21:00:00,12,14,2001,21,66.557
12.15.2001-00:00:00,12,15,2001,00,66.643
12.15.2001-03:00:00,12,15,2001,03,66.468
12.15.2001-06:00:00,12,15,2001,06,66.418
12.15.2001-09:00:00,12,15,2001,09,66.372
12.15.2001-12:00:00,12,15,2001,12,66.324
12.15.2001-15:00:00,12,15,2001,15,66.277
12.15.2001-18:00:00,12,15,2001,18,66.228
12.15.2001-21:00:00,12,15,2001,21,66.181
12.16.2001-00:00:00,12,16,2001,00,66.135
12.16.2001-03:00:00,12,16,2001,03,66.085
12.16.2001-06:00:00,12,16,2001,06,66.038
12.16.2001-09:00:00,12,16,2001,09,65.989
12.16.2001-12:00:00,12,16,2001,12,65.942
12.16.2001-15:00:00,12,16,2001,15,65.894
12.16.2001-18:00:00,12,16,2001,18,65.847
12.16.2001-21:00:00,12,16,2001,21,65.799
12.17.2001-00:00:00,12,17,2001,00,65.75
12.17.2001-03:00:00,12,17,2001,03,65.702
12.17.2001-06:00:00,12,17,2001,06,65.652
12.17.2001-09:00:00,12,17,2001,09,65.604
12.17.2001-12:00:00,12,17,2001,12,65.554
12.17.2001-15:00:00,12,17,2001,15,65.506
12.17.2001-18:00:00,12,17,2001,18,65.458
12.17.2001-21:00:00,12,17,2001,21,65.408
12.18.2001-00:00:00,12,18,2001,00,65.36
12.18.2001-03:00:00,12,18,2001,03,65.312
12.18.2001-06:00:00,12,18,2001,06,65.264
12.18.2001-09:00:00,12,18,2001,09,65.213
12.18.2001-12:00:00,12,18,2001,12,65.165
12.18.2001-15:00:00,12,18,2001,15,65.115
12.18.2001-18:00:00,12,18,2001,18,65.067
12.18.2001-21:00:00,12,18,2001,21,65.018
12.19.2001-00:00:00,12,19,2001,00,64.968
12.19.2001-03:00:00,12,19,2001,03,64.919
12.19.2001-06:00:00,12,19,2001,06,64.869
12.19.2001-09:00:00,12,19,2001,09,64.821
12.19.2001-12:00:00,12,19,2001,12,64.77
12.19.2001-15:00:00,12,19,2001,15,64.722
12.19.2001-18:00:00,12,19,2001,18,64.673
12.19.2001-21:00:00,12,19,2001,21,64.625
12.20.2001-00:00:00,12,20,2001,00,64.574
12.20.2001-03:00:00,12,20,2001,03,64.526
12.20.2001-06:00:00,12,20,2001,06,64.477
12.20.2001-09:00:00,12,20,2001,09,64.426
12.20.2001-12:00:00,12,20,2001,12,64.377
12.20.2001-15:00:00,12,20,2001,15,64.326
12.20.2001-18:00:00,12,20,2001,18,64.242
12.20.2001-21:00:00,12,20,2001,21,64.128
12.21.2001-00:00:00,12,21,2001,00,64.081
12.21.2001-03:00:00,12,21,2001,03,64.034
12.21.2001-06:00:00,12,21,2001,06,63.987
12.21.2001-09:00:00,12,21,2001,09,63.938
12.21.2001-12:00:00,12,21,2001,12,63.891
12.21.2001-15:00:00,12,21,2001,15,63.844
12.21.2001-18:00:00,12,21,2001,18,63.794
12.21.2001-21:00:00,12,21,2001,21,63.747
12.22.2001-00:00:00,12,22,2001,00,63.697
12.22.2001-03:00:00,12,22,2001,03,63.65
12.22.2001-06:00:00,12,22,2001,06,63.601
12.22.2001-09:00:00,12,22,2001,09,63.554
12.22.2001-12:00:00,12,22,2001,12,63.504
12.22.2001-15:00:00,12,22,2001,15,63.457
12.22.2001-18:00:00,12,22,2001,18,63.41
12.22.2001-21:00:00,12,22,2001,21,63.362
12.23.2001-00:00:00,12,23,2001,00,63.312
12.23.2001-03:00:00,12,23,2001,03,63.265
12.23.2001-06:00:00,12,23,2001,06,63.217
12.23.2001-09:00:00,12,23,2001,09,63.167
12.23.2001-12:00:00,12,23,2001,12,63.12
12.23.2001-15:00:00,12,23,2001,15,63.07
12.23.2001-18:00:00,12,23,2001,18,63.022
12.23.2001-21:00:00,12,23,2001,21,62.972
12.24.2001-00:00:00,12,24,2001,00,62.924
12.24.2001-03:00:00,12,24,2001,03,62.874
12.24.2001-06:00:00,12,24,2001,06,62.826
12.24.2001-09:00:00,12,24,2001,09,62.779
12.24.2001-12:00:00,12,24,2001,12,62.731
12.24.2001-15:00:00,12,24,2001,15,62.681
12.24.2001-18:00:00,12,24,2001,18,62.633
12.24.2001-21:00:00,12,24,2001,21,62.583
12.25.2001-00:00:00,12,25,2001,00,62.535
12.25.2001-03:00:00,12,25,2001,03,62.485
12.25.2001-06:00:00,12,25,2001,06,62.437
12.25.2001-09:00:00,12,25,2001,09,62.389
12.25.2001-12:00:00,12,25,2001,12,62.339
12.25.2001-15:00:00,12,25,2001,15,62.292
12.25.2001-18:00:00,12,25,2001,18,62.243
12.25.2001-21:00:00,12,25,2001,21,62.196
12.26.2001-00:00:00,12,26,2001,00,62.146
12.26.2001-03:00:00,12,26,2001,03,62.098
12.26.2001-06:00:00,12,26,2001,06,62.048
12.26.2001-09:00:00,12,26,2001,09,62
12.26.2001-12:00:00,12,26,2001,12,61.95
12.26.2001-15:00:00,12,26,2001,15,61.901
12.26.2001-18:00:00,12,26,2001,18,61.852
12.26.2001-21:00:00,12,26,2001,21,61.804
12.27.2001-00:00:00,12,27,2001,00,61.754
12.27.2001-03:00:00,12,27,2001,03,61.706
12.27.2001-06:00:00,12,27,2001,06,61.656
12.27.2001-09:00:00,12,27,2001,09,61.608
12.27.2001-12:00:00,12,27,2001,12,61.56
12.27.2001-15:00:00,12,27,2001,15,61.512
12.27.2001-18:00:00,12,27,2001,18,61.462
12.27.2001-21:00:00,12,27,2001,21,61.323
12.28.2001-00:00:00,12,28,2001,00,61.201
12.28.2001-03:00:00,12,28,2001,03,61.225
12.28.2001-06:00:00,12,28,2001,06,61.022
12.28.2001-09:00:00,12,28,2001,09,60.974
12.28.2001-12:00:00,12,28,2001,12,60.93
12.28.2001-15:00:00,12,28,2001,15,60.886
12.28.2001-18:00:00,12,28,2001,18,60.84
12.28.2001-21:00:00,12,28,2001,21,60.797
12.29.2001-00:00:00,12,29,2001,00,60.753
12.29.2001-03:00:00,12,29,2001,03,60.709
12.29.2001-06:00:00,12,29,2001,06,60.662
12.29.2001-09:00:00,12,29,2001,09,60.618
12.29.2001-12:00:00,12,29,2001,12,60.572
12.29.2001-15:00:00,12,29,2001,15,60.527
12.29.2001-18:00:00,12,29,2001,18,60.48
12.29.2001-21:00:00,12,29,2001,21,60.436
12.30.2001-00:00:00,12,30,2001,00,60.389
12.30.2001-03:00:00,12,30,2001,03,60.344
12.30.2001-06:00:00,12,30,2001,06,60.299
12.30.2001-09:00:00,12,30,2001,09,60.252
12.30.2001-12:00:00,12,30,2001,12,60.208
12.30.2001-15:00:00,12,30,2001,15,60.163
12.30.2001-18:00:00,12,30,2001,18,60.117
12.30.2001-21:00:00,12,30,2001,21,60.07
12.31.2001-00:00:00,12,31,2001,00,60.025
12.31.2001-03:00:00,12,31,2001,03,59.978
12.31.2001-06:00:00,12,31,2001,06,59.932
12.31.2001-09:00:00,12,31,2001,09,59.885
12.31.2001-12:00:00,12,31,2001,12,59.839
12.31.2001-15:00:00,12,31,2001,15,59.792
12.31.2001-18:00:00,12,31,2001,18,59.747
12.31.2001-21:00:00,12,31,2001,21,59.699
01.01.2002-00:00:00,01,01,2002,00,59.654
01.01.2002-03:00:00,01,01,2002,03,59.606
01.01.2002-06:00:00,01,01,2002,06,59.561
01.01.2002-09:00:00,01,01,2002,09,59.515
01.01.2002-12:00:00,01,01,2002,12,59.469
01.01.2002-15:00:00,01,01,2002,15,59.422
01.01.2002-18:00:00,01,01,2002,18,59.376
01.01.2002-21:00:00,01,01,2002,21,59.328
01.02.2002-00:00:00,01,02,2002,00,59.283
01.02.2002-03:00:00,01,02,2002,03,59.235
01.02.2002-06:00:00,01,02,2002,06,59.19
01.02.2002-09:00:00,01,02,2002,09,59.142
01.02.2002-12:00:00,01,02,2002,12,59.096
01.02.2002-15:00:00,01,02,2002,15,59.048
01.02.2002-18:00:00,01,02,2002,18,59.003
01.02.2002-21:00:00,01,02,2002,21,58.955
01.03.2002-00:00:00,01,03,2002,00,58.909
01.03.2002-03:00:00,01,03,2002,03,58.863
01.03.2002-06:00:00,01,03,2002,06,58.816
01.03.2002-09:00:00,01,03,2002,09,58.77
01.03.2002-12:00:00,01,03,2002,12,58.722
01.03.2002-15:00:00,01,03,2002,15,58.676
01.03.2002-18:00:00,01,03,2002,18,58.628
01.03.2002-21:00:00,01,03,2002,21,58.583
01.04.2002-00:00:00,01,04,2002,00,58.535
01.04.2002-03:00:00,01,04,2002,03,58.489
01.04.2002-06:00:00,01,04,2002,06,58.441
01.04.2002-09:00:00,01,04,2002,09,58.396
01.04.2002-12:00:00,01,04,2002,12,58.348
01.04.2002-15:00:00,01,04,2002,15,58.302
01.04.2002-18:00:00,01,04,2002,18,58.256
01.04.2002-21:00:00,01,04,2002,21,58.211
01.05.2002-00:00:00,01,05,2002,00,58.163
01.05.2002-03:00:00,01,05,2002,03,58.117
01.05.2002-06:00:00,01,05,2002,06,58.069
01.05.2002-09:00:00,01,05,2002,09,58.024
01.05.2002-12:00:00,01,05,2002,12,57.976
01.05.2002-15:00:00,01,05,2002,15,57.93
01.05.2002-18:00:00,01,05,2002,18,57.882
01.05.2002-21:00:00,01,05,2002,21,57.837
01.06.2002-00:00:00,01,06,2002,00,57.789
01.06.2002-03:00:00,01,06,2002,03,57.743
01.06.2002-06:00:00,01,06,2002,06,57.697
01.06.2002-09:00:00,01,06,2002,09,57.65
01.06.2002-12:00:00,01,06,2002,12,57.604
01.06.2002-15:00:00,01,06,2002,15,57.556
01.06.2002-18:00:00,01,06,2002,18,56.136
01.06.2002-21:00:00,01,06,2002,21,57.434
01.07.2002-00:00:00,01,07,2002,00,56.055
01.07.2002-03:00:00,01,07,2002,03,57.353
01.07.2002-06:00:00,01,07,2002,06,55.975
01.07.2002-09:00:00,01,07,2002,09,57.272
01.07.2002-12:00:00,01,07,2002,12,55.895
01.07.2002-15:00:00,01,07,2002,15,57.191
01.07.2002-18:00:00,01,07,2002,18,55.815
01.07.2002-21:00:00,01,07,2002,21,57.11
01.08.2002-00:00:00,01,08,2002,00,55.736
01.08.2002-03:00:00,01,08,2002,03,57.031
01.08.2002-06:00:00,01,08,2002,06,55.658
01.08.2002-09:00:00,01,08,2002,09,56.95
01.08.2002-12:00:00,01,08,2002,12,55.576
01.08.2002-15:00:00,01,08,2002,15,56.868
01.08.2002-18:00:00,01,08,2002,18,55.496
01.08.2002-21:00:00,01,08,2002,21,56.786
01.09.2002-00:00:00,01,09,2002,00,55.416
01.09.2002-03:00:00,01,09,2002,03,56.705
01.09.2002-06:00:00,01,09,2002,06,55.337
01.09.2002-09:00:00,01,09,2002,09,56.622
01.09.2002-12:00:00,01,09,2002,12,55.258
01.09.2002-15:00:00,01,09,2002,15,56.54
01.09.2002-18:00:00,01,09,2002,18,55.18
01.09.2002-21:00:00,01,09,2002,21,56.46
01.10.2002-00:00:00,01,10,2002,00,55.101
01.10.2002-03:00:00,01,10,2002,03,56.375
01.10.2002-06:00:00,01,10,2002,06,55.021
01.10.2002-09:00:00,01,10,2002,09,56.292
01.10.2002-12:00:00,01,10,2002,12,54.942
01.10.2002-15:00:00,01,10,2002,15,56.21
01.10.2002-18:00:00,01,10,2002,18,54.863
01.10.2002-21:00:00,01,10,2002,21,56.127
01.11.2002-00:00:00,01,11,2002,00,54.784
01.11.2002-03:00:00,01,11,2002,03,56.044
01.11.2002-06:00:00,01,11,2002,06,54.705
01.11.2002-09:00:00,01,11,2002,09,55.96
01.11.2002-12:00:00,01,11,2002,12,54.626
01.11.2002-15:00:00,01,11,2002,15,55.879
01.11.2002-18:00:00,01,11,2002,18,54.548
01.11.2002-21:00:00,01,11,2002,21,55.796
01.12.2002-00:00:00,01,12,2002,00,54.469
01.12.2002-03:00:00,01,12,2002,03,55.712
01.12.2002-06:00:00,01,12,2002,06,54.39
01.12.2002-09:00:00,01,12,2002,09,55.629
01.12.2002-12:00:00,01,12,2002,12,54.312
01.12.2002-15:00:00,01,12,2002,15,55.545
01.12.2002-18:00:00,01,12,2002,18,54.233
01.12.2002-21:00:00,01,12,2002,21,54.161
01.13.2002-00:00:00,01,13,2002,00,55.424
01.13.2002-03:00:00,01,13,2002,03,54.115
01.13.2002-06:00:00,01,13,2002,06,54.042
01.13.2002-09:00:00,01,13,2002,09,55.305
01.13.2002-12:00:00,01,13,2002,12,54.001
01.13.2002-15:00:00,01,13,2002,15,53.926
01.13.2002-18:00:00,01,13,2002,18,55.186
01.13.2002-21:00:00,01,13,2002,21,53.883
01.14.2002-00:00:00,01,14,2002,00,53.81
01.14.2002-03:00:00,01,14,2002,03,55.064
01.14.2002-06:00:00,01,14,2002,06,53.766
01.14.2002-09:00:00,01,14,2002,09,53.693
01.14.2002-12:00:00,01,14,2002,12,54.942
01.14.2002-15:00:00,01,14,2002,15,53.651
01.14.2002-18:00:00,01,14,2002,18,53.576
01.14.2002-21:00:00,01,14,2002,21,54.822
01.15.2002-00:00:00,01,15,2002,00,53.534
01.15.2002-03:00:00,01,15,2002,03,53.462
01.15.2002-06:00:00,01,15,2002,06,54.703
01.15.2002-09:00:00,01,15,2002,09,53.42
01.15.2002-12:00:00,01,15,2002,12,53.347
01.15.2002-15:00:00,01,15,2002,15,53.311
01.15.2002-18:00:00,01,15,2002,18,54.545
01.15.2002-21:00:00,01,15,2002,21,53.266
01.16.2002-00:00:00,01,16,2002,00,53.194
01.16.2002-03:00:00,01,16,2002,03,53.157
01.16.2002-06:00:00,01,16,2002,06,54.385
01.16.2002-09:00:00,01,16,2002,09,53.113
01.16.2002-12:00:00,01,16,2002,12,53.038
01.16.2002-15:00:00,01,16,2002,15,53.004
01.16.2002-18:00:00,01,16,2002,18,54.228
01.16.2002-21:00:00,01,16,2002,21,52.963
01.17.2002-00:00:00,01,17,2002,00,52.888
01.17.2002-03:00:00,01,17,2002,03,52.853
01.17.2002-06:00:00,01,17,2002,06,52.816
01.17.2002-09:00:00,01,17,2002,09,54.031
01.17.2002-12:00:00,01,17,2002,12,52.772
01.17.2002-15:00:00,01,17,2002,15,52.696
01.17.2002-18:00:00,01,17,2002,18,52.662
01.17.2002-21:00:00,01,17,2002,21,52.625
01.18.2002-00:00:00,01,18,2002,00,52.59
01.18.2002-03:00:00,01,18,2002,03,53.797
01.18.2002-06:00:00,01,18,2002,06,52.543
01.18.2002-09:00:00,01,18,2002,09,52.469
01.18.2002-12:00:00,01,18,2002,12,52.432
01.18.2002-15:00:00,01,18,2002,15,52.398
01.18.2002-18:00:00,01,18,2002,18,52.362
01.18.2002-21:00:00,01,18,2002,21,52.327
01.19.2002-00:00:00,01,19,2002,00,53.526
01.19.2002-03:00:00,01,19,2002,03,52.28
01.19.2002-06:00:00,01,19,2002,06,52.207
01.19.2002-09:00:00,01,19,2002,09,52.169
01.19.2002-12:00:00,01,19,2002,12,52.134
01.19.2002-15:00:00,01,19,2002,15,52.097
01.19.2002-18:00:00,01,19,2002,18,52.061
01.19.2002-21:00:00,01,19,2002,21,52.024
01.20.2002-00:00:00,01,20,2002,00,51.986
01.20.2002-03:00:00,01,20,2002,03,51.95
01.20.2002-06:00:00,01,20,2002,06,51.913
01.20.2002-09:00:00,01,20,2002,09,51.878
01.20.2002-12:00:00,01,20,2002,12,53.063
01.20.2002-15:00:00,01,20,2002,15,51.831
01.20.2002-18:00:00,01,20,2002,18,51.758
01.20.2002-21:00:00,01,20,2002,21,51.72
01.21.2002-00:00:00,01,21,2002,00,51.685
01.21.2002-03:00:00,01,21,2002,03,51.647
01.21.2002-06:00:00,01,21,2002,06,51.61
01.21.2002-09:00:00,01,21,2002,09,51.573
01.21.2002-12:00:00,01,21,2002,12,51.535
01.21.2002-15:00:00,01,21,2002,15,51.499
01.21.2002-18:00:00,01,21,2002,18,51.461
01.21.2002-21:00:00,01,21,2002,21,51.425
01.22.2002-00:00:00,01,22,2002,00,51.387
01.22.2002-03:00:00,01,22,2002,03,51.351
01.22.2002-06:00:00,01,22,2002,06,51.314
01.22.2002-09:00:00,01,22,2002,09,51.277
01.22.2002-12:00:00,01,22,2002,12,51.24
01.22.2002-15:00:00,01,22,2002,15,51.202
01.22.2002-18:00:00,01,22,2002,18,51.166
01.22.2002-21:00:00,01,22,2002,21,51.127
01.23.2002-00:00:00,01,23,2002,00,51.091
01.23.2002-03:00:00,01,23,2002,03,51.053
01.23.2002-06:00:00,01,23,2002,06,51.014
01.23.2002-09:00:00,01,23,2002,09,50.978
01.23.2002-12:00:00,01,23,2002,12,50.939
01.23.2002-15:00:00,01,23,2002,15,50.903
01.23.2002-18:00:00,01,23,2002,18,50.865
01.23.2002-21:00:00,01,23,2002,21,50.826
01.24.2002-00:00:00,01,24,2002,00,50.789
01.24.2002-03:00:00,01,24,2002,03,50.753
01.24.2002-06:00:00,01,24,2002,06,50.717
01.24.2002-09:00:00,01,24,2002,09,50.678
01.24.2002-12:00:00,01,24,2002,12,50.639
01.24.2002-15:00:00,01,24,2002,15,50.602
01.24.2002-18:00:00,01,24,2002,18,50.564
01.24.2002-21:00:00,01,24,2002,21,50.527
01.25.2002-00:00:00,01,25,2002,00,50.489
01.25.2002-03:00:00,01,25,2002,03,50.452
01.25.2002-06:00:00,01,25,2002,06,50.413
01.25.2002-09:00:00,01,25,2002,09,50.374
01.25.2002-12:00:00,01,25,2002,12,50.338
01.25.2002-15:00:00,01,25,2002,15,50.299
01.25.2002-18:00:00,01,25,2002,18,50.262
01.25.2002-21:00:00,01,25,2002,21,50.223
01.26.2002-00:00:00,01,26,2002,00,50.184
01.26.2002-03:00:00,01,26,2002,03,50.147
01.26.2002-06:00:00,01,26,2002,06,50.111
01.26.2002-09:00:00,01,26,2002,09,50.074
01.26.2002-12:00:00,01,26,2002,12,50.035
01.26.2002-15:00:00,01,26,2002,15,49.996
01.26.2002-18:00:00,01,26,2002,18,49.959
01.26.2002-21:00:00,01,26,2002,21,49.92
01.27.2002-00:00:00,01,27,2002,00,49.883
01.27.2002-03:00:00,01,27,2002,03,49.845
01.27.2002-06:00:00,01,27,2002,06,49.806
01.27.2002-09:00:00,01,27,2002,09,49.768
01.27.2002-12:00:00,01,27,2002,12,49.73
01.27.2002-15:00:00,01,27,2002,15,49.693
01.27.2002-18:00:00,01,27,2002,18,49.654
01.27.2002-21:00:00,01,27,2002,21,49.616
01.28.2002-00:00:00,01,28,2002,00,49.58
01.28.2002-03:00:00,01,28,2002,03,49.541
01.28.2002-06:00:00,01,28,2002,06,49.504
01.28.2002-09:00:00,01,28,2002,09,49.465
01.28.2002-12:00:00,01,28,2002,12,49.425
01.28.2002-15:00:00,01,28,2002,15,49.389
01.28.2002-18:00:00,01,28,2002,18,49.35
01.28.2002-21:00:00,01,28,2002,21,49.312
01.29.2002-00:00:00,01,29,2002,00,49.273
01.29.2002-03:00:00,01,29,2002,03,49.234
01.29.2002-06:00:00,01,29,2002,06,49.197
01.29.2002-09:00:00,01,29,2002,09,49.158
01.29.2002-12:00:00,01,29,2002,12,49.121
01.29.2002-15:00:00,01,29,2002,15,49.082
01.29.2002-18:00:00,01,29,2002,18,49.045
01.29.2002-21:00:00,01,29,2002,21,49.008
01.30.2002-00:00:00,01,30,2002,00,48.969
01.30.2002-03:00:00,01,30,2002,03,48.931
01.30.2002-06:00:00,01,30,2002,06,48.892
01.30.2002-09:00:00,01,30,2002,09,48.853
01.30.2002-12:00:00,01,30,2002,12,48.816
01.30.2002-15:00:00,01,30,2002,15,48.777
01.30.2002-18:00:00,01,30,2002,18,48.74
01.30.2002-21:00:00,01,30,2002,21,48.701
01.31.2002-00:00:00,01,31,2002,00,48.661
01.31.2002-03:00:00,01,31,2002,03,48.625
01.31.2002-06:00:00,01,31,2002,06,48.586
01.31.2002-09:00:00,01,31,2002,09,48.549
01.31.2002-12:00:00,01,31,2002,12,48.509
01.31.2002-15:00:00,01,31,2002,15,48.472
01.31.2002-18:00:00,01,31,2002,18,48.435
01.31.2002-21:00:00,01,31,2002,21,48.396
02.01.2002-00:00:00,02,01,2002,00,48.359
02.01.2002-03:00:00,02,01,2002,03,48.32
02.01.2002-06:00:00,02,01,2002,06,48.28
02.01.2002-09:00:00,02,01,2002,09,48.243
02.01.2002-12:00:00,02,01,2002,12,48.204
02.01.2002-15:00:00,02,01,2002,15,48.165
02.01.2002-18:00:00,02,01,2002,18,48.128
02.01.2002-21:00:00,02,01,2002,21,48.089
02.02.2002-00:00:00,02,02,2002,00,48.052
02.02.2002-03:00:00,02,02,2002,03,48.013
02.02.2002-06:00:00,02,02,2002,06,47.973
02.02.2002-09:00:00,02,02,2002,09,47.937
02.02.2002-12:00:00,02,02,2002,12,47.9
02.02.2002-15:00:00,02,02,2002,15,47.862
02.02.2002-18:00:00,02,02,2002,18,47.823
02.02.2002-21:00:00,02,02,2002,21,47.785
02.03.2002-00:00:00,02,03,2002,00,47.747
02.03.2002-03:00:00,02,03,2002,03,47.707
02.03.2002-06:00:00,02,03,2002,06,47.671
02.03.2002-09:00:00,02,03,2002,09,47.632
02.03.2002-12:00:00,02,03,2002,12,47.593
02.03.2002-15:00:00,02,03,2002,15,47.555
02.03.2002-18:00:00,02,03,2002,18,47.516
02.03.2002-21:00:00,02,03,2002,21,47.477
02.04.2002-00:00:00,02,04,2002,00,47.44
02.04.2002-03:00:00,02,04,2002,03,47.401
02.04.2002-06:00:00,02,04,2002,06,47.364
02.04.2002-09:00:00,02,04,2002,09,47.327
02.04.2002-12:00:00,02,04,2002,12,47.289
02.04.2002-15:00:00,02,04,2002,15,47.251
02.04.2002-18:00:00,02,04,2002,18,47.212
02.04.2002-21:00:00,02,04,2002,21,47.175
02.05.2002-00:00:00,02,05,2002,00,47.136
02.05.2002-03:00:00,02,05,2002,03,47.097
02.05.2002-06:00:00,02,05,2002,06,47.06
02.05.2002-09:00:00,02,05,2002,09,47.021
02.05.2002-12:00:00,02,05,2002,12,46.982
02.05.2002-15:00:00,02,05,2002,15,46.945
02.05.2002-18:00:00,02,05,2002,18,46.907
02.05.2002-21:00:00,02,05,2002,21,46.87
02.06.2002-00:00:00,02,06,2002,00,46.831
02.06.2002-03:00:00,02,06,2002,03,46.792
02.06.2002-06:00:00,02,06,2002,06,46.755
02.06.2002-09:00:00,02,06,2002,09,46.718
02.06.2002-12:00:00,02,06,2002,12,46.679
02.06.2002-15:00:00,02,06,2002,15,46.642
02.06.2002-18:00:00,02,06,2002,18,46.603
02.06.2002-21:00:00,02,06,2002,21,46.566
02.07.2002-00:00:00,02,07,2002,00,46.527
02.07.2002-03:00:00,02,07,2002,03,46.489
02.07.2002-06:00:00,02,07,2002,06,46.452
02.07.2002-09:00:00,02,07,2002,09,46.413
02.07.2002-12:00:00,02,07,2002,12,46.374
02.07.2002-15:00:00,02,07,2002,15,46.338
02.07.2002-18:00:00,02,07,2002,18,46.299
02.07.2002-21:00:00,02,07,2002,21,46.262
02.08.2002-00:00:00,02,08,2002,00,46.224
02.08.2002-03:00:00,02,08,2002,03,46.184
02.08.2002-06:00:00,02,08,2002,06,46.148
02.08.2002-09:00:00,02,08,2002,09,46.109
02.08.2002-12:00:00,02,08,2002,12,46.073
02.08.2002-15:00:00,02,08,2002,15,46.037
02.08.2002-18:00:00,02,08,2002,18,45.998
02.08.2002-21:00:00,02,08,2002,21,45.959
02.09.2002-00:00:00,02,09,2002,00,45.922
02.09.2002-03:00:00,02,09,2002,03,45.884
02.09.2002-06:00:00,02,09,2002,06,45.847
02.09.2002-09:00:00,02,09,2002,09,45.809
02.09.2002-12:00:00,02,09,2002,12,45.771
02.09.2002-15:00:00,02,09,2002,15,45.734
02.09.2002-18:00:00,02,09,2002,18,45.696
02.09.2002-21:00:00,02,09,2002,21,45.657
02.10.2002-00:00:00,02,10,2002,00,45.621
02.10.2002-03:00:00,02,10,2002,03,45.583
02.10.2002-06:00:00,02,10,2002,06,45.546
02.10.2002-09:00:00,02,10,2002,09,45.508
02.10.2002-12:00:00,02,10,2002,12,45.472
02.10.2002-15:00:00,02,10,2002,15,45.436
02.10.2002-18:00:00,02,10,2002,18,45.398
02.10.2002-21:00:00,02,10,2002,21,45.36
02.11.2002-00:00:00,02,11,2002,00,45.323
02.11.2002-03:00:00,02,11,2002,03,45.285
02.11.2002-06:00:00,02,11,2002,06,45.247
02.11.2002-09:00:00,02,11,2002,09,45.211
02.11.2002-12:00:00,02,11,2002,12,45.173
02.11.2002-15:00:00,02,11,2002,15,45.135
02.11.2002-18:00:00,02,11,2002,18,45.1
02.11.2002-21:00:00,02,11,2002,21,45.061
02.12.2002-00:00:00,02,12,2002,00,45.025
02.12.2002-03:00:00,02,12,2002,03,44.988
02.12.2002-06:00:00,02,12,2002,06,44.95
02.12.2002-09:00:00,02,12,2002,09,44.914
02.12.2002-12:00:00,02,12,2002,12,44.876
02.12.2002-15:00:00,02,12,2002,15,44.841
02.12.2002-18:00:00,02,12,2002,18,44.805
02.12.2002-21:00:00,02,12,2002,21,44.768
02.13.2002-00:00:00,02,13,2002,00,44.73
02.13.2002-03:00:00,02,13,2002,03,44.694
02.13.2002-06:00:00,02,13,2002,06,44.449
02.13.2002-09:00:00,02,13,2002,09,44.613
02.13.2002-12:00:00,02,13,2002,12,44.377
02.13.2002-15:00:00,02,13,2002,15,44.541
02.13.2002-18:00:00,02,13,2002,18,44.305
02.13.2002-21:00:00,02,13,2002,21,44.468
02.14.2002-00:00:00,02,14,2002,00,44.231
02.14.2002-03:00:00,02,14,2002,03,44.396
02.14.2002-06:00:00,02,14,2002,06,44.159
02.14.2002-09:00:00,02,14,2002,09,44.322
02.14.2002-12:00:00,02,14,2002,12,44.088
02.14.2002-15:00:00,02,14,2002,15,44.25
02.14.2002-18:00:00,02,14,2002,18,44.016
02.14.2002-21:00:00,02,14,2002,21,44.18
02.15.2002-00:00:00,02,15,2002,00,43.945
02.15.2002-03:00:00,02,15,2002,03,44.106
02.15.2002-06:00:00,02,15,2002,06,43.874
02.15.2002-09:00:00,02,15,2002,09,44.034
02.15.2002-12:00:00,02,15,2002,12,43.8
02.15.2002-15:00:00,02,15,2002,15,43.963
02.15.2002-18:00:00,02,15,2002,18,43.729
02.15.2002-21:00:00,02,15,2002,21,43.69
02.16.2002-00:00:00,02,16,2002,00,43.855
02.16.2002-03:00:00,02,16,2002,03,43.622
02.16.2002-06:00:00,02,16,2002,06,43.582
02.16.2002-09:00:00,02,16,2002,09,43.746
02.16.2002-12:00:00,02,16,2002,12,43.515
02.16.2002-15:00:00,02,16,2002,15,43.475
02.16.2002-18:00:00,02,16,2002,18,43.638
02.16.2002-21:00:00,02,16,2002,21,43.41
02.17.2002-00:00:00,02,17,2002,00,43.37
02.17.2002-03:00:00,02,17,2002,03,43.334
02.17.2002-06:00:00,02,17,2002,06,43.496
02.17.2002-09:00:00,02,17,2002,09,43.269
02.17.2002-12:00:00,02,17,2002,12,43.227
02.17.2002-15:00:00,02,17,2002,15,43.191
02.17.2002-18:00:00,02,17,2002,18,43.157
02.17.2002-21:00:00,02,17,2002,21,43.319
02.18.2002-00:00:00,02,18,2002,00,43.09
02.18.2002-03:00:00,02,18,2002,03,43.051
02.18.2002-06:00:00,02,18,2002,06,43.015
02.18.2002-09:00:00,02,18,2002,09,42.979
02.18.2002-12:00:00,02,18,2002,12,42.944
02.18.2002-15:00:00,02,18,2002,15,42.908
02.18.2002-18:00:00,02,18,2002,18,43.068
02.18.2002-21:00:00,02,18,2002,21,42.844
02.19.2002-00:00:00,02,19,2002,00,42.805
02.19.2002-03:00:00,02,19,2002,03,42.768
02.19.2002-06:00:00,02,19,2002,06,42.735
02.19.2002-09:00:00,02,19,2002,09,42.699
02.19.2002-12:00:00,02,19,2002,12,42.663
02.19.2002-15:00:00,02,19,2002,15,42.629
02.19.2002-18:00:00,02,19,2002,18,42.593
02.19.2002-21:00:00,02,19,2002,21,42.557
02.20.2002-00:00:00,02,20,2002,00,42.524
02.20.2002-03:00:00,02,20,2002,03,42.488
02.20.2002-06:00:00,02,20,2002,06,42.454
02.20.2002-09:00:00,02,20,2002,09,42.419
02.20.2002-12:00:00,02,20,2002,12,42.382
02.20.2002-15:00:00,02,20,2002,15,42.348
02.20.2002-18:00:00,02,20,2002,18,42.314
02.20.2002-21:00:00,02,20,2002,21,42.279
02.21.2002-00:00:00,02,21,2002,00,42.247
02.21.2002-03:00:00,02,21,2002,03,42.215
02.21.2002-06:00:00,02,21,2002,06,42.18
02.21.2002-09:00:00,02,21,2002,09,42.148
02.21.2002-12:00:00,02,21,2002,12,42.113
02.21.2002-15:00:00,02,21,2002,15,42.079
02.21.2002-18:00:00,02,21,2002,18,42.047
02.21.2002-21:00:00,02,21,2002,21,42.012
02.22.2002-00:00:00,02,22,2002,00,41.978
02.22.2002-03:00:00,02,22,2002,03,41.946
02.22.2002-06:00:00,02,22,2002,06,41.911
02.22.2002-09:00:00,02,22,2002,09,41.876
02.22.2002-12:00:00,02,22,2002,12,41.842
02.22.2002-15:00:00,02,22,2002,15,41.808
02.22.2002-18:00:00,02,22,2002,18,41.774
02.22.2002-21:00:00,02,22,2002,21,41.742
02.23.2002-00:00:00,02,23,2002,00,41.708
02.23.2002-03:00:00,02,23,2002,03,41.675
02.23.2002-06:00:00,02,23,2002,06,41.643
02.23.2002-09:00:00,02,23,2002,09,41.608
02.23.2002-12:00:00,02,23,2002,12,41.575
02.23.2002-15:00:00,02,23,2002,15,41.542
02.23.2002-18:00:00,02,23,2002,18,41.508
02.23.2002-21:00:00,02,23,2002,21,41.473
02.24.2002-00:00:00,02,24,2002,00,41.441
02.24.2002-03:00:00,02,24,2002,03,41.407
02.24.2002-06:00:00,02,24,2002,06,41.373
02.24.2002-09:00:00,02,24,2002,09,41.341
02.24.2002-12:00:00,02,24,2002,12,41.307
02.24.2002-15:00:00,02,24,2002,15,41.273
02.24.2002-18:00:00,02,24,2002,18,41.24
02.24.2002-21:00:00,02,24,2002,21,41.206
02.25.2002-00:00:00,02,25,2002,00,41.172
02.25.2002-03:00:00,02,25,2002,03,41.14
02.25.2002-06:00:00,02,25,2002,06,41.106
02.25.2002-09:00:00,02,25,2002,09,41.074
02.25.2002-12:00:00,02,25,2002,12,41.04
02.25.2002-15:00:00,02,25,2002,15,41.008
02.25.2002-18:00:00,02,25,2002,18,40.974
02.25.2002-21:00:00,02,25,2002,21,40.941
02.26.2002-00:00:00,02,26,2002,00,40.91
02.26.2002-03:00:00,02,26,2002,03,40.876
02.26.2002-06:00:00,02,26,2002,06,40.842
02.26.2002-09:00:00,02,26,2002,09,40.811
02.26.2002-12:00:00,02,26,2002,12,40.777
02.26.2002-15:00:00,02,26,2002,15,40.744
02.26.2002-18:00:00,02,26,2002,18,40.713
02.26.2002-21:00:00,02,26,2002,21,40.679
02.27.2002-00:00:00,02,27,2002,00,40.646
02.27.2002-03:00:00,02,27,2002,03,40.615
02.27.2002-06:00:00,02,27,2002,06,40.581
02.27.2002-09:00:00,02,27,2002,09,40.548
02.27.2002-12:00:00,02,27,2002,12,40.517
02.27.2002-15:00:00,02,27,2002,15,40.485
02.27.2002-18:00:00,02,27,2002,18,40.452
02.27.2002-21:00:00,02,27,2002,21,40.421
02.28.2002-00:00:00,02,28,2002,00,40.387
02.28.2002-03:00:00,02,28,2002,03,40.354
02.28.2002-06:00:00,02,28,2002,06,40.323
02.28.2002-09:00:00,02,28,2002,09,40.289
02.28.2002-12:00:00,02,28,2002,12,40.257
02.28.2002-15:00:00,02,28,2002,15,40.225
02.28.2002-18:00:00,02,28,2002,18,40.192
02.28.2002-21:00:00,02,28,2002,21,40.158
03.01.2002-00:00:00,03,01,2002,00,40.128
03.01.2002-03:00:00,03,01,2002,03,40.094
03.01.2002-06:00:00,03,01,2002,06,40.061
03.01.2002-09:00:00,03,01,2002,09,40.028
03.01.2002-12:00:00,03,01,2002,12,39.997
03.01.2002-15:00:00,03,01,2002,15,39.963
03.01.2002-18:00:00,03,01,2002,18,39.93
03.01.2002-21:00:00,03,01,2002,21,39.899
03.02.2002-00:00:00,03,02,2002,00,39.868
03.02.2002-03:00:00,03,02,2002,03,39.835
03.02.2002-06:00:00,03,02,2002,06,39.804
03.02.2002-09:00:00,03,02,2002,09,39.771
03.02.2002-12:00:00,03,02,2002,12,39.737
03.02.2002-15:00:00,03,02,2002,15,39.706
03.02.2002-18:00:00,03,02,2002,18,39.673
03.02.2002-21:00:00,03,02,2002,21,39.64
03.03.2002-00:00:00,03,03,2002,00,39.61
03.03.2002-03:00:00,03,03,2002,03,39.577
03.03.2002-06:00:00,03,03,2002,06,39.543
03.03.2002-09:00:00,03,03,2002,09,39.511
03.03.2002-12:00:00,03,03,2002,12,39.479
03.03.2002-15:00:00,03,03,2002,15,39.446
03.03.2002-18:00:00,03,03,2002,18,39.413
03.03.2002-21:00:00,03,03,2002,21,39.382
03.04.2002-00:00:00,03,04,2002,00,39.349
03.04.2002-03:00:00,03,04,2002,03,39.319
03.04.2002-06:00:00,03,04,2002,06,39.288
03.04.2002-09:00:00,03,04,2002,09,39.254
03.04.2002-12:00:00,03,04,2002,12,39.22
03.04.2002-15:00:00,03,04,2002,15,39.189
03.04.2002-18:00:00,03,04,2002,18,39.156
03.04.2002-21:00:00,03,04,2002,21,39.123
03.05.2002-00:00:00,03,05,2002,00,39.09
03.05.2002-03:00:00,03,05,2002,03,39.06
03.05.2002-06:00:00,03,05,2002,06,39.027
03.05.2002-09:00:00,03,05,2002,09,38.995
03.05.2002-12:00:00,03,05,2002,12,38.963
03.05.2002-15:00:00,03,05,2002,15,38.93
03.05.2002-18:00:00,03,05,2002,18,38.897
03.05.2002-21:00:00,03,05,2002,21,38.867
03.06.2002-00:00:00,03,06,2002,00,38.834
03.06.2002-03:00:00,03,06,2002,03,38.801
03.06.2002-06:00:00,03,06,2002,06,38.771
03.06.2002-09:00:00,03,06,2002,09,38.738
03.06.2002-12:00:00,03,06,2002,12,38.708
03.06.2002-15:00:00,03,06,2002,15,38.675
03.06.2002-18:00:00,03,06,2002,18,38.645
03.06.2002-21:00:00,03,06,2002,21,38.612
03.07.2002-00:00:00,03,07,2002,00,38.58
03.07.2002-03:00:00,03,07,2002,03,38.549
03.07.2002-06:00:00,03,07,2002,06,38.516
03.07.2002-09:00:00,03,07,2002,09,38.484
03.07.2002-12:00:00,03,07,2002,12,38.454
03.07.2002-15:00:00,03,07,2002,15,38.421
03.07.2002-18:00:00,03,07,2002,18,38.389
03.07.2002-21:00:00,03,07,2002,21,38.358
03.08.2002-00:00:00,03,08,2002,00,38.326
03.08.2002-03:00:00,03,08,2002,03,38.294
03.08.2002-06:00:00,03,08,2002,06,38.261
03.08.2002-09:00:00,03,08,2002,09,38.231
03.08.2002-12:00:00,03,08,2002,12,38.198
03.08.2002-15:00:00,03,08,2002,15,38.166
03.08.2002-18:00:00,03,08,2002,18,38.136
03.08.2002-21:00:00,03,08,2002,21,38.105
03.09.2002-00:00:00,03,09,2002,00,38.073
03.09.2002-03:00:00,03,09,2002,03,38.042
03.09.2002-06:00:00,03,09,2002,06,38.01
03.09.2002-09:00:00,03,09,2002,09,37.978
03.09.2002-12:00:00,03,09,2002,12,37.945
03.09.2002-15:00:00,03,09,2002,15,37.915
03.09.2002-18:00:00,03,09,2002,18,37.883
03.09.2002-21:00:00,03,09,2002,21,37.85
03.10.2002-00:00:00,03,10,2002,00,37.82
03.10.2002-03:00:00,03,10,2002,03,37.788
03.10.2002-06:00:00,03,10,2002,06,37.756
03.10.2002-09:00:00,03,10,2002,09,37.725
03.10.2002-12:00:00,03,10,2002,12,37.693
03.10.2002-15:00:00,03,10,2002,15,37.661
03.10.2002-18:00:00,03,10,2002,18,37.629
03.10.2002-21:00:00,03,10,2002,21,37.599
03.11.2002-00:00:00,03,11,2002,00,37.569
03.11.2002-03:00:00,03,11,2002,03,37.536
03.11.2002-06:00:00,03,11,2002,06,37.506
03.11.2002-09:00:00,03,11,2002,09,37.474
03.11.2002-12:00:00,03,11,2002,12,37.442
03.11.2002-15:00:00,03,11,2002,15,37.412
03.11.2002-18:00:00,03,11,2002,18,37.379
03.11.2002-21:00:00,03,11,2002,21,37.347
03.12.2002-00:00:00,03,12,2002,00,37.315
03.12.2002-03:00:00,03,12,2002,03,37.285
03.12.2002-06:00:00,03,12,2002,06,37.253
03.12.2002-09:00:00,03,12,2002,09,37.22
03.12.2002-12:00:00,03,12,2002,12,37.189
03.12.2002-15:00:00,03,12,2002,15,37.156
03.12.2002-18:00:00,03,12,2002,18,37.124
03.12.2002-21:00:00,03,12,2002,21,37.091
03.13.2002-00:00:00,03,13,2002,00,37.062
03.13.2002-03:00:00,03,13,2002,03,37.03
03.13.2002-06:00:00,03,13,2002,06,36.998
03.13.2002-09:00:00,03,13,2002,09,36.968
03.13.2002-12:00:00,03,13,2002,12,36.936
03.13.2002-15:00:00,03,13,2002,15,36.904
03.13.2002-18:00:00,03,13,2002,18,36.872
03.13.2002-21:00:00,03,13,2002,21,36.842
03.14.2002-00:00:00,03,14,2002,00,36.81
03.14.2002-03:00:00,03,14,2002,03,36.778
03.14.2002-06:00:00,03,14,2002,06,36.748
03.14.2002-09:00:00,03,14,2002,09,36.715
03.14.2002-12:00:00,03,14,2002,12,36.682
03.14.2002-15:00:00,03,14,2002,15,36.651
03.14.2002-18:00:00,03,14,2002,18,36.619
03.14.2002-21:00:00,03,14,2002,21,36.587
03.15.2002-00:00:00,03,15,2002,00,36.554
03.15.2002-03:00:00,03,15,2002,03,36.525
03.15.2002-06:00:00,03,15,2002,06,36.493
03.15.2002-09:00:00,03,15,2002,09,36.461
03.15.2002-12:00:00,03,15,2002,12,36.431
03.15.2002-15:00:00,03,15,2002,15,36.399
03.15.2002-18:00:00,03,15,2002,18,36.367
03.15.2002-21:00:00,03,15,2002,21,36.337
03.16.2002-00:00:00,03,16,2002,00,36.307
03.16.2002-03:00:00,03,16,2002,03,36.275
03.16.2002-06:00:00,03,16,2002,06,36.243
03.16.2002-09:00:00,03,16,2002,09,36.213
03.16.2002-12:00:00,03,16,2002,12,36.181
03.16.2002-15:00:00,03,16,2002,15,36.149
03.16.2002-18:00:00,03,16,2002,18,36.117
03.16.2002-21:00:00,03,16,2002,21,36.087
03.17.2002-00:00:00,03,17,2002,00,36.055
03.17.2002-03:00:00,03,17,2002,03,36.023
03.17.2002-06:00:00,03,17,2002,06,35.993
03.17.2002-09:00:00,03,17,2002,09,35.962
03.17.2002-12:00:00,03,17,2002,12,35.929
03.17.2002-15:00:00,03,17,2002,15,35.897
03.17.2002-18:00:00,03,17,2002,18,35.867
03.17.2002-21:00:00,03,17,2002,21,35.835
03.18.2002-00:00:00,03,18,2002,00,35.804
03.18.2002-03:00:00,03,18,2002,03,35.774
03.18.2002-06:00:00,03,18,2002,06,35.744
03.18.2002-09:00:00,03,18,2002,09,35.712
03.18.2002-12:00:00,03,18,2002,12,35.68
03.18.2002-15:00:00,03,18,2002,15,35.65
03.18.2002-18:00:00,03,18,2002,18,35.618
03.18.2002-21:00:00,03,18,2002,21,35.586
03.19.2002-00:00:00,03,19,2002,00,35.564
03.19.2002-03:00:00,03,19,2002,03,35.542
03.19.2002-06:00:00,03,19,2002,06,35.52
03.19.2002-09:00:00,03,19,2002,09,35.498
03.19.2002-12:00:00,03,19,2002,12,35.478
03.19.2002-15:00:00,03,19,2002,15,35.455
03.19.2002-18:00:00,03,19,2002,18,35.433
03.19.2002-21:00:00,03,19,2002,21,35.411
03.20.2002-00:00:00,03,20,2002,00,35.39
03.20.2002-03:00:00,03,20,2002,03,35.368
03.20.2002-06:00:00,03,20,2002,06,35.345
03.20.2002-09:00:00,03,20,2002,09,35.324
03.20.2002-12:00:00,03,20,2002,12,35.302
03.20.2002-15:00:00,03,20,2002,15,35.278
03.20.2002-18:00:00,03,20,2002,18,35.258
03.20.2002-21:00:00,03,20,2002,21,35.237
03.21.2002-00:00:00,03,21,2002,00,35.213
03.21.2002-03:00:00,03,21,2002,03,35.19
03.21.2002-06:00:00,03,21,2002,06,35.169
03.21.2002-09:00:00,03,21,2002,09,35.145
03.21.2002-12:00:00,03,21,2002,12,35.122
03.21.2002-15:00:00,03,21,2002,15,35.099
03.21.2002-18:00:00,03,21,2002,18,35.077
03.21.2002-21:00:00,03,21,2002,21,35.053
03.22.2002-00:00:00,03,22,2002,00,35.029
03.22.2002-03:00:00,03,22,2002,03,35.006
03.22.2002-06:00:00,03,22,2002,06,34.984
03.22.2002-09:00:00,03,22,2002,09,34.96
03.22.2002-12:00:00,03,22,2002,12,34.934
03.22.2002-15:00:00,03,22,2002,15,34.911
03.22.2002-18:00:00,03,22,2002,18,34.887
03.22.2002-21:00:00,03,22,2002,21,34.864
03.23.2002-00:00:00,03,23,2002,00,34.839
03.23.2002-03:00:00,03,23,2002,03,34.817
03.23.2002-06:00:00,03,23,2002,06,34.795
03.23.2002-09:00:00,03,23,2002,09,34.769
03.23.2002-12:00:00,03,23,2002,12,34.741
03.23.2002-15:00:00,03,23,2002,15,34.717
03.23.2002-18:00:00,03,23,2002,18,34.692
03.23.2002-21:00:00,03,23,2002,21,34.667
03.24.2002-00:00:00,03,24,2002,00,34.645
03.24.2002-03:00:00,03,24,2002,03,34.62
03.24.2002-06:00:00,03,24,2002,06,34.595
03.24.2002-09:00:00,03,24,2002,09,34.569
03.24.2002-12:00:00,03,24,2002,12,34.47
03.24.2002-15:00:00,03,24,2002,15,34.443
03.24.2002-18:00:00,03,24,2002,18,34.419
03.24.2002-21:00:00,03,24,2002,21,34.395
03.25.2002-00:00:00,03,25,2002,00,34.374
03.25.2002-03:00:00,03,25,2002,03,34.35
03.25.2002-06:00:00,03,25,2002,06,34.325
03.25.2002-09:00:00,03,25,2002,09,34.302
03.25.2002-12:00:00,03,25,2002,12,34.274
03.25.2002-15:00:00,03,25,2002,15,34.247
03.25.2002-18:00:00,03,25,2002,18,34.224
03.25.2002-21:00:00,03,25,2002,21,34.202
03.26.2002-00:00:00,03,26,2002,00,34.178
03.26.2002-03:00:00,03,26,2002,03,34.153
03.26.2002-06:00:00,03,26,2002,06,34.128
03.26.2002-09:00:00,03,26,2002,09,34.105
03.26.2002-12:00:00,03,26,2002,12,34.078
03.26.2002-15:00:00,03,26,2002,15,34.052
03.26.2002-18:00:00,03,26,2002,18,34.029
03.26.2002-21:00:00,03,26,2002,21,34.004
03.27.2002-00:00:00,03,27,2002,00,33.979
03.27.2002-03:00:00,03,27,2002,03,33.954
03.27.2002-06:00:00,03,27,2002,06,33.931
03.27.2002-09:00:00,03,27,2002,09,33.906
03.27.2002-12:00:00,03,27,2002,12,33.879
03.27.2002-15:00:00,03,27,2002,15,33.854
03.27.2002-18:00:00,03,27,2002,18,33.83
03.27.2002-21:00:00,03,27,2002,21,33.805
03.28.2002-00:00:00,03,28,2002,00,33.78
03.28.2002-03:00:00,03,28,2002,03,33.754
03.28.2002-06:00:00,03,28,2002,06,33.731
03.28.2002-09:00:00,03,28,2002,09,33.707
03.28.2002-12:00:00,03,28,2002,12,33.678
03.28.2002-15:00:00,03,28,2002,15,33.651
03.28.2002-18:00:00,03,28,2002,18,33.628
03.28.2002-21:00:00,03,28,2002,21,33.602
03.29.2002-00:00:00,03,29,2002,00,33.576
03.29.2002-03:00:00,03,29,2002,03,33.552
03.29.2002-06:00:00,03,29,2002,06,33.527
03.29.2002-09:00:00,03,29,2002,09,33.499
03.29.2002-12:00:00,03,29,2002,12,33.471
03.29.2002-15:00:00,03,29,2002,15,33.446
03.29.2002-18:00:00,03,29,2002,18,33.42
03.29.2002-21:00:00,03,29,2002,21,33.394
03.30.2002-00:00:00,03,30,2002,00,33.368
03.30.2002-03:00:00,03,30,2002,03,33.344
03.30.2002-06:00:00,03,30,2002,06,33.319
03.30.2002-09:00:00,03,30,2002,09,33.103
03.30.2002-12:00:00,03,30,2002,12,33.072
03.30.2002-15:00:00,03,30,2002,15,33.05
03.30.2002-18:00:00,03,30,2002,18,33.03
03.30.2002-21:00:00,03,30,2002,21,33.006
03.31.2002-00:00:00,03,31,2002,00,32.983
03.31.2002-03:00:00,03,31,2002,03,32.962
03.31.2002-06:00:00,03,31,2002,06,32.938
03.31.2002-09:00:00,03,31,2002,09,32.913
03.31.2002-12:00:00,03,31,2002,12,32.886
03.31.2002-15:00:00,03,31,2002,15,32.863
03.31.2002-18:00:00,03,31,2002,18,32.838
03.31.2002-21:00:00,03,31,2002,21,32.814
04.01.2002-00:00:00,04,01,2002,00,32.79
04.01.2002-03:00:00,04,01,2002,03,32.767
04.01.2002-06:00:00,04,01,2002,06,32.743
04.01.2002-09:00:00,04,01,2002,09,32.717
04.01.2002-12:00:00,04,01,2002,12,32.693
04.01.2002-15:00:00,04,01,2002,15,32.667
04.01.2002-18:00:00,04,01,2002,18,32.642
04.01.2002-21:00:00,04,01,2002,21,32.617
04.02.2002-00:00:00,04,02,2002,00,32.594
04.02.2002-03:00:00,04,02,2002,03,32.569
04.02.2002-06:00:00,04,02,2002,06,32.546
04.02.2002-09:00:00,04,02,2002,09,32.52
04.02.2002-12:00:00,04,02,2002,12,32.495
04.02.2002-15:00:00,04,02,2002,15,32.47
04.02.2002-18:00:00,04,02,2002,18,32.444
04.02.2002-21:00:00,04,02,2002,21,32.419
04.03.2002-00:00:00,04,03,2002,00,32.395
04.03.2002-03:00:00,04,03,2002,03,32.37
04.03.2002-06:00:00,04,03,2002,06,32.345
04.03.2002-09:00:00,04,03,2002,09,32.317
04.03.2002-12:00:00,04,03,2002,12,32.29
04.03.2002-15:00:00,04,03,2002,15,32.263
04.03.2002-18:00:00,04,03,2002,18,32.237
04.03.2002-21:00:00,04,03,2002,21,32.212
04.04.2002-00:00:00,04,04,2002,00,32.188
04.04.2002-03:00:00,04,04,2002,03,32.163
04.04.2002-06:00:00,04,04,2002,06,32.138
04.04.2002-09:00:00,04,04,2002,09,32.109
04.04.2002-12:00:00,04,04,2002,12,32.081
04.04.2002-15:00:00,04,04,2002,15,32.053
04.04.2002-18:00:00,04,04,2002,18,32.026
04.04.2002-21:00:00,04,04,2002,21,32.003
04.05.2002-00:00:00,04,05,2002,00,31.979
04.05.2002-03:00:00,04,05,2002,03,31.953
04.05.2002-06:00:00,04,05,2002,06,31.928
04.05.2002-09:00:00,04,05,2002,09,31.899
04.05.2002-12:00:00,04,05,2002,12,31.872
04.05.2002-15:00:00,04,05,2002,15,31.844
04.05.2002-18:00:00,04,05,2002,18,31.817
04.05.2002-21:00:00,04,05,2002,21,31.792
04.06.2002-00:00:00,04,06,2002,00,31.768
04.06.2002-03:00:00,04,06,2002,03,31.742
04.06.2002-06:00:00,04,06,2002,06,31.716
04.06.2002-09:00:00,04,06,2002,09,31.688
04.06.2002-12:00:00,04,06,2002,12,31.661
04.06.2002-15:00:00,04,06,2002,15,31.633
04.06.2002-18:00:00,04,06,2002,18,31.606
04.06.2002-21:00:00,04,06,2002,21,31.58
04.07.2002-00:00:00,04,07,2002,00,31.556
04.07.2002-03:00:00,04,07,2002,03,31.53
04.07.2002-06:00:00,04,07,2002,06,31.504
04.07.2002-09:00:00,04,07,2002,09,31.476
04.07.2002-12:00:00,04,07,2002,12,31.449
04.07.2002-15:00:00,04,07,2002,15,31.424
04.07.2002-18:00:00,04,07,2002,18,31.397
04.07.2002-21:00:00,04,07,2002,21,31.371
04.08.2002-00:00:00,04,08,2002,00,31.347
04.08.2002-03:00:00,04,08,2002,03,31.32
04.08.2002-06:00:00,04,08,2002,06,31.294
04.08.2002-09:00:00,04,08,2002,09,31.265
04.08.2002-12:00:00,04,08,2002,12,31.237
04.08.2002-15:00:00,04,08,2002,15,31.208
04.08.2002-18:00:00,04,08,2002,18,31.182
04.08.2002-21:00:00,04,08,2002,21,31.156
04.09.2002-00:00:00,04,09,2002,00,31.131
04.09.2002-03:00:00,04,09,2002,03,31.104
04.09.2002-06:00:00,04,09,2002,06,31.078
04.09.2002-09:00:00,04,09,2002,09,31.051
04.09.2002-12:00:00,04,09,2002,12,31.025
04.09.2002-15:00:00,04,09,2002,15,30.997
04.09.2002-18:00:00,04,09,2002,18,30.97
04.09.2002-21:00:00,04,09,2002,21,30.944
04.10.2002-00:00:00,04,10,2002,00,30.917
04.10.2002-03:00:00,04,10,2002,03,30.893
04.10.2002-06:00:00,04,10,2002,06,30.868
04.10.2002-09:00:00,04,10,2002,09,30.839
04.10.2002-12:00:00,04,10,2002,12,30.808
04.10.2002-15:00:00,04,10,2002,15,30.78
04.10.2002-18:00:00,04,10,2002,18,30.753
04.10.2002-21:00:00,04,10,2002,21,30.727
04.11.2002-00:00:00,04,11,2002,00,30.7
04.11.2002-03:00:00,04,11,2002,03,30.675
04.11.2002-06:00:00,04,11,2002,06,30.649
04.11.2002-09:00:00,04,11,2002,09,30.62
04.11.2002-12:00:00,04,11,2002,12,30.589
04.11.2002-15:00:00,04,11,2002,15,30.561
04.11.2002-18:00:00,04,11,2002,18,30.535
04.11.2002-21:00:00,04,11,2002,21,30.508
04.12.2002-00:00:00,04,12,2002,00,30.482
04.12.2002-03:00:00,04,12,2002,03,30.458
04.12.2002-06:00:00,04,12,2002,06,30.431
04.12.2002-09:00:00,04,12,2002,09,30.403
04.12.2002-12:00:00,04,12,2002,12,30.373
04.12.2002-15:00:00,04,12,2002,15,30.344
04.12.2002-18:00:00,04,12,2002,18,30.32
04.12.2002-21:00:00,04,12,2002,21,30.296
04.13.2002-00:00:00,04,13,2002,00,30.269
04.13.2002-03:00:00,04,13,2002,03,30.243
04.13.2002-06:00:00,04,13,2002,06,30.219
04.13.2002-09:00:00,04,13,2002,09,30.19
04.13.2002-12:00:00,04,13,2002,12,30.161
04.13.2002-15:00:00,04,13,2002,15,30.132
04.13.2002-18:00:00,04,13,2002,18,30.108
04.13.2002-21:00:00,04,13,2002,21,30.082
04.14.2002-00:00:00,04,14,2002,00,30.055
04.14.2002-03:00:00,04,14,2002,03,30.029
04.14.2002-06:00:00,04,14,2002,06,30.005
04.14.2002-09:00:00,04,14,2002,09,29.976
04.14.2002-12:00:00,04,14,2002,12,29.946
04.14.2002-15:00:00,04,14,2002,15,29.917
04.14.2002-18:00:00,04,14,2002,18,29.891
04.14.2002-21:00:00,04,14,2002,21,29.867
04.15.2002-00:00:00,04,15,2002,00,29.84
04.15.2002-03:00:00,04,15,2002,03,29.814
04.15.2002-06:00:00,04,15,2002,06,29.788
04.15.2002-09:00:00,04,15,2002,09,29.763
04.15.2002-12:00:00,04,15,2002,12,29.735
04.15.2002-15:00:00,04,15,2002,15,29.71
04.15.2002-18:00:00,04,15,2002,18,29.684
04.15.2002-21:00:00,04,15,2002,21,29.659
04.16.2002-00:00:00,04,16,2002,00,29.633
04.16.2002-03:00:00,04,16,2002,03,29.607
04.16.2002-06:00:00,04,16,2002,06,29.58
04.16.2002-09:00:00,04,16,2002,09,29.553
04.16.2002-12:00:00,04,16,2002,12,29.527
04.16.2002-15:00:00,04,16,2002,15,29.5
04.16.2002-18:00:00,04,16,2002,18,29.473
04.16.2002-21:00:00,04,16,2002,21,29.447
04.17.2002-00:00:00,04,17,2002,00,29.423
04.17.2002-03:00:00,04,17,2002,03,29.396
04.17.2002-06:00:00,04,17,2002,06,29.37
04.17.2002-09:00:00,04,17,2002,09,29.342
04.17.2002-12:00:00,04,17,2002,12,29.313
04.17.2002-15:00:00,04,17,2002,15,29.286
04.17.2002-18:00:00,04,17,2002,18,29.26
04.17.2002-21:00:00,04,17,2002,21,29.234
04.18.2002-00:00:00,04,18,2002,00,29.208
04.18.2002-03:00:00,04,18,2002,03,29.183
04.18.2002-06:00:00,04,18,2002,06,29.157
04.18.2002-09:00:00,04,18,2002,09,29.131
04.18.2002-12:00:00,04,18,2002,12,29.1
04.18.2002-15:00:00,04,18,2002,15,29.074
04.18.2002-18:00:00,04,18,2002,18,29.046
04.18.2002-21:00:00,04,18,2002,21,29.02
04.19.2002-00:00:00,04,19,2002,00,28.994
04.19.2002-03:00:00,04,19,2002,03,28.968
04.19.2002-06:00:00,04,19,2002,06,28.944
04.19.2002-09:00:00,04,19,2002,09,28.914
04.19.2002-12:00:00,04,19,2002,12,28.884
04.19.2002-15:00:00,04,19,2002,15,28.855
04.19.2002-18:00:00,04,19,2002,18,28.83
04.19.2002-21:00:00,04,19,2002,21,28.804
04.20.2002-00:00:00,04,20,2002,00,28.777
04.20.2002-03:00:00,04,20,2002,03,28.751
04.20.2002-06:00:00,04,20,2002,06,28.725
04.20.2002-09:00:00,04,20,2002,09,28.697
04.20.2002-12:00:00,04,20,2002,12,28.667
04.20.2002-15:00:00,04,20,2002,15,28.638
04.20.2002-18:00:00,04,20,2002,18,28.612
04.20.2002-21:00:00,04,20,2002,21,28.587
04.21.2002-00:00:00,04,21,2002,00,28.561
04.21.2002-03:00:00,04,21,2002,03,28.535
04.21.2002-06:00:00,04,21,2002,06,28.51
04.21.2002-09:00:00,04,21,2002,09,28.483
04.21.2002-12:00:00,04,21,2002,12,28.457
04.21.2002-15:00:00,04,21,2002,15,28.429
04.21.2002-18:00:00,04,21,2002,18,28.402
04.21.2002-21:00:00,04,21,2002,21,28.376
04.22.2002-00:00:00,04,22,2002,00,28.352
04.22.2002-03:00:00,04,22,2002,03,28.326
04.22.2002-06:00:00,04,22,2002,06,28.299
04.22.2002-09:00:00,04,22,2002,09,28.271
04.22.2002-12:00:00,04,22,2002,12,28.242
04.22.2002-15:00:00,04,22,2002,15,28.216
04.22.2002-18:00:00,04,22,2002,18,28.189
04.22.2002-21:00:00,04,22,2002,21,28.163
04.23.2002-00:00:00,04,23,2002,00,28.137
04.23.2002-03:00:00,04,23,2002,03,28.113
04.23.2002-06:00:00,04,23,2002,06,28.087
04.23.2002-09:00:00,04,23,2002,09,28.059
04.23.2002-12:00:00,04,23,2002,12,28.031
04.23.2002-15:00:00,04,23,2002,15,28.006
04.23.2002-18:00:00,04,23,2002,18,27.98
04.23.2002-21:00:00,04,23,2002,21,27.954
04.24.2002-00:00:00,04,24,2002,00,27.93
04.24.2002-03:00:00,04,24,2002,03,27.904
04.24.2002-06:00:00,04,24,2002,06,27.879
04.24.2002-09:00:00,04,24,2002,09,27.852
04.24.2002-12:00:00,04,24,2002,12,27.822
04.24.2002-15:00:00,04,24,2002,15,27.795
04.24.2002-18:00:00,04,24,2002,18,27.77
04.24.2002-21:00:00,04,24,2002,21,27.744
04.25.2002-00:00:00,04,25,2002,00,27.718
04.25.2002-03:00:00,04,25,2002,03,27.692
04.25.2002-06:00:00,04,25,2002,06,27.666
04.25.2002-09:00:00,04,25,2002,09,27.64
04.25.2002-12:00:00,04,25,2002,12,27.611
04.25.2002-15:00:00,04,25,2002,15,27.583
04.25.2002-18:00:00,04,25,2002,18,27.556
04.25.2002-21:00:00,04,25,2002,21,27.532
04.26.2002-00:00:00,04,26,2002,00,27.506
04.26.2002-03:00:00,04,26,2002,03,27.48
04.26.2002-06:00:00,04,26,2002,06,27.454
04.26.2002-09:00:00,04,26,2002,09,27.427
04.26.2002-12:00:00,04,26,2002,12,27.4
04.26.2002-15:00:00,04,26,2002,15,27.372
04.26.2002-18:00:00,04,26,2002,18,27.346
04.26.2002-21:00:00,04,26,2002,21,27.321
04.27.2002-00:00:00,04,27,2002,00,27.296
04.27.2002-03:00:00,04,27,2002,03,27.272
04.27.2002-06:00:00,04,27,2002,06,27.246
04.27.2002-09:00:00,04,27,2002,09,27.218
04.27.2002-12:00:00,04,27,2002,12,27.188
04.27.2002-15:00:00,04,27,2002,15,27.162
04.27.2002-18:00:00,04,27,2002,18,27.136
04.27.2002-21:00:00,04,27,2002,21,27.109
04.28.2002-00:00:00,04,28,2002,00,27.084
04.28.2002-03:00:00,04,28,2002,03,27.058
04.28.2002-06:00:00,04,28,2002,06,27.034
04.28.2002-09:00:00,04,28,2002,09,27.006
04.28.2002-12:00:00,04,28,2002,12,26.976
04.28.2002-15:00:00,04,28,2002,15,26.947
04.28.2002-18:00:00,04,28,2002,18,26.921
04.28.2002-21:00:00,04,28,2002,21,26.898
04.29.2002-00:00:00,04,29,2002,00,26.872
04.29.2002-03:00:00,04,29,2002,03,26.846
04.29.2002-06:00:00,04,29,2002,06,26.821
04.29.2002-09:00:00,04,29,2002,09,26.794
04.29.2002-12:00:00,04,29,2002,12,26.764
04.29.2002-15:00:00,04,29,2002,15,26.735
04.29.2002-18:00:00,04,29,2002,18,26.709
04.29.2002-21:00:00,04,29,2002,21,26.685
04.30.2002-00:00:00,04,30,2002,00,26.662
04.30.2002-03:00:00,04,30,2002,03,26.636
04.30.2002-06:00:00,04,30,2002,06,26.611
04.30.2002-09:00:00,04,30,2002,09,26.581
04.30.2002-12:00:00,04,30,2002,12,26.551
04.30.2002-15:00:00,04,30,2002,15,26.525
04.30.2002-18:00:00,04,30,2002,18,26.499
04.30.2002-21:00:00,04,30,2002,21,26.473
05.01.2002-00:00:00,05,01,2002,00,26.448
05.01.2002-03:00:00,05,01,2002,03,26.422
05.01.2002-06:00:00,05,01,2002,06,26.398
05.01.2002-09:00:00,05,01,2002,09,26.369
05.01.2002-12:00:00,05,01,2002,12,26.339
05.01.2002-15:00:00,05,01,2002,15,26.517
05.01.2002-18:00:00,05,01,2002,18,26.524
05.01.2002-21:00:00,05,01,2002,21,26.501
05.02.2002-00:00:00,05,02,2002,00,26.475
05.02.2002-03:00:00,05,02,2002,03,26.449
05.02.2002-06:00:00,05,02,2002,06,26.421
05.02.2002-09:00:00,05,02,2002,09,26.404
05.02.2002-12:00:00,05,02,2002,12,26.652
05.02.2002-15:00:00,05,02,2002,15,26.795
05.02.2002-18:00:00,05,02,2002,18,26.826
05.02.2002-21:00:00,05,02,2002,21,26.814
05.03.2002-00:00:00,05,03,2002,00,26.804
05.03.2002-03:00:00,05,03,2002,03,26.793
05.03.2002-06:00:00,05,03,2002,06,26.781
05.03.2002-09:00:00,05,03,2002,09,26.767
05.03.2002-12:00:00,05,03,2002,12,26.752
05.03.2002-15:00:00,05,03,2002,15,26.749
05.03.2002-18:00:00,05,03,2002,18,26.742
05.03.2002-21:00:00,05,03,2002,21,26.734
05.04.2002-00:00:00,05,04,2002,00,26.724
05.04.2002-03:00:00,05,04,2002,03,26.713
05.04.2002-06:00:00,05,04,2002,06,26.704
05.04.2002-09:00:00,05,04,2002,09,26.691
05.04.2002-12:00:00,05,04,2002,12,26.677
05.04.2002-15:00:00,05,04,2002,15,26.664
05.04.2002-18:00:00,05,04,2002,18,26.653
05.04.2002-21:00:00,05,04,2002,21,26.641
05.05.2002-00:00:00,05,05,2002,00,26.627
05.05.2002-03:00:00,05,05,2002,03,26.614
05.05.2002-06:00:00,05,05,2002,06,26.601
05.05.2002-09:00:00,05,05,2002,09,26.589
05.05.2002-12:00:00,05,05,2002,12,26.573
05.05.2002-15:00:00,05,05,2002,15,26.558
05.05.2002-18:00:00,05,05,2002,18,26.545
05.05.2002-21:00:00,05,05,2002,21,26.532
05.06.2002-00:00:00,05,06,2002,00,26.521
05.06.2002-03:00:00,05,06,2002,03,26.507
05.06.2002-06:00:00,05,06,2002,06,26.494
05.06.2002-09:00:00,05,06,2002,09,26.48
05.06.2002-12:00:00,05,06,2002,12,26.464
05.06.2002-15:00:00,05,06,2002,15,26.451
05.06.2002-18:00:00,05,06,2002,18,26.437
05.06.2002-21:00:00,05,06,2002,21,26.422
05.07.2002-00:00:00,05,07,2002,00,26.408
05.07.2002-03:00:00,05,07,2002,03,26.393
05.07.2002-06:00:00,05,07,2002,06,26.38
05.07.2002-09:00:00,05,07,2002,09,26.364
05.07.2002-12:00:00,05,07,2002,12,26.347
05.07.2002-15:00:00,05,07,2002,15,26.441
05.07.2002-18:00:00,05,07,2002,18,26.427
05.07.2002-21:00:00,05,07,2002,21,26.413
05.08.2002-00:00:00,05,08,2002,00,26.397
05.08.2002-03:00:00,05,08,2002,03,26.38
05.08.2002-06:00:00,05,08,2002,06,26.364
05.08.2002-09:00:00,05,08,2002,09,26.348
05.08.2002-12:00:00,05,08,2002,12,26.331
05.08.2002-15:00:00,05,08,2002,15,26.312
05.08.2002-18:00:00,05,08,2002,18,26.295
05.08.2002-21:00:00,05,08,2002,21,26.278
05.09.2002-00:00:00,05,09,2002,00,26.262
05.09.2002-03:00:00,05,09,2002,03,26.247
05.09.2002-06:00:00,05,09,2002,06,26.231
05.09.2002-09:00:00,05,09,2002,09,26.212
05.09.2002-12:00:00,05,09,2002,12,26.193
05.09.2002-15:00:00,05,09,2002,15,26.173
05.09.2002-18:00:00,05,09,2002,18,26.158
05.09.2002-21:00:00,05,09,2002,21,26.14
05.10.2002-00:00:00,05,10,2002,00,26.123
05.10.2002-03:00:00,05,10,2002,03,26.106
05.10.2002-06:00:00,05,10,2002,06,26.09
05.10.2002-09:00:00,05,10,2002,09,26.07
05.10.2002-12:00:00,05,10,2002,12,26.048
05.10.2002-15:00:00,05,10,2002,15,26.027
05.10.2002-18:00:00,05,10,2002,18,26.009
05.10.2002-21:00:00,05,10,2002,21,25.992
05.11.2002-00:00:00,05,11,2002,00,25.974
05.11.2002-03:00:00,05,11,2002,03,25.958
05.11.2002-06:00:00,05,11,2002,06,25.939
05.11.2002-09:00:00,05,11,2002,09,25.918
05.11.2002-12:00:00,05,11,2002,12,26.041
05.11.2002-15:00:00,05,11,2002,15,26.188
05.11.2002-18:00:00,05,11,2002,18,26.221
05.11.2002-21:00:00,05,11,2002,21,26.209
05.12.2002-00:00:00,05,12,2002,00,26.196
05.12.2002-03:00:00,05,12,2002,03,26.185
05.12.2002-06:00:00,05,12,2002,06,26.175
05.12.2002-09:00:00,05,12,2002,09,26.164
05.12.2002-12:00:00,05,12,2002,12,62.276
05.12.2002-15:00:00,05,12,2002,15,42.831
05.12.2002-18:00:00,05,12,2002,18,27.621
05.12.2002-21:00:00,05,12,2002,21,27.24
05.13.2002-00:00:00,05,13,2002,00,27.243
05.13.2002-03:00:00,05,13,2002,03,27.245
05.13.2002-06:00:00,05,13,2002,06,27.247
05.13.2002-09:00:00,05,13,2002,09,54.595
05.13.2002-12:00:00,05,13,2002,12,83.45
05.13.2002-15:00:00,05,13,2002,15,62.442
05.13.2002-18:00:00,05,13,2002,18,31.216
05.13.2002-21:00:00,05,13,2002,21,31.333
05.14.2002-00:00:00,05,14,2002,00,31.379
05.14.2002-03:00:00,05,14,2002,03,31.547
05.14.2002-06:00:00,05,14,2002,06,31.55
05.14.2002-09:00:00,05,14,2002,09,32.16
05.14.2002-12:00:00,05,14,2002,12,82.846
05.14.2002-15:00:00,05,14,2002,15,66.603
05.14.2002-18:00:00,05,14,2002,18,34.795
05.14.2002-21:00:00,05,14,2002,21,34.373
05.15.2002-00:00:00,05,15,2002,00,34.435
05.15.2002-03:00:00,05,15,2002,03,34.478
05.15.2002-06:00:00,05,15,2002,06,34.504
05.15.2002-09:00:00,05,15,2002,09,34.525
05.15.2002-12:00:00,05,15,2002,12,34.547
05.15.2002-15:00:00,05,15,2002,15,34.576
05.15.2002-18:00:00,05,15,2002,18,34.609
05.15.2002-21:00:00,05,15,2002,21,34.795
05.16.2002-00:00:00,05,16,2002,00,34.839
05.16.2002-03:00:00,05,16,2002,03,34.878
05.16.2002-06:00:00,05,16,2002,06,34.915
05.16.2002-09:00:00,05,16,2002,09,34.946
05.16.2002-12:00:00,05,16,2002,12,39.615
05.16.2002-15:00:00,05,16,2002,15,64.43
05.16.2002-18:00:00,05,16,2002,18,36.358
05.16.2002-21:00:00,05,16,2002,21,36.387
05.17.2002-00:00:00,05,17,2002,00,36.501
05.17.2002-03:00:00,05,17,2002,03,36.589
05.17.2002-06:00:00,05,17,2002,06,36.67
05.17.2002-09:00:00,05,17,2002,09,98.297
05.17.2002-12:00:00,05,17,2002,12,142.2
05.17.2002-15:00:00,05,17,2002,15,160.98
05.17.2002-18:00:00,05,17,2002,18,77.888
05.17.2002-21:00:00,05,17,2002,21,48.08
05.18.2002-00:00:00,05,18,2002,00,54.389
05.18.2002-03:00:00,05,18,2002,03,58.585
05.18.2002-06:00:00,05,18,2002,06,58.774
05.18.2002-09:00:00,05,18,2002,09,110.41
05.18.2002-12:00:00,05,18,2002,12,273.51
05.18.2002-15:00:00,05,18,2002,15,193.25
05.18.2002-18:00:00,05,18,2002,18,92.67
05.18.2002-21:00:00,05,18,2002,21,71.203
05.19.2002-00:00:00,05,19,2002,00,71.015
05.19.2002-03:00:00,05,19,2002,03,71.334
05.19.2002-06:00:00,05,19,2002,06,71.612
05.19.2002-09:00:00,05,19,2002,09,139.96
05.19.2002-12:00:00,05,19,2002,12,267.06
05.19.2002-15:00:00,05,19,2002,15,215.8
05.19.2002-18:00:00,05,19,2002,18,120.02
05.19.2002-21:00:00,05,19,2002,21,89.969
05.20.2002-00:00:00,05,20,2002,00,125.57
05.20.2002-03:00:00,05,20,2002,03,162.9
05.20.2002-06:00:00,05,20,2002,06,235.28
05.20.2002-09:00:00,05,20,2002,09,470.1
05.20.2002-12:00:00,05,20,2002,12,610.82
05.20.2002-15:00:00,05,20,2002,15,501.18
05.20.2002-18:00:00,05,20,2002,18,358.77
05.20.2002-21:00:00,05,20,2002,21,316.59
05.21.2002-00:00:00,05,21,2002,00,285.33
05.21.2002-03:00:00,05,21,2002,03,273.18
05.21.2002-06:00:00,05,21,2002,06,344.21
05.21.2002-09:00:00,05,21,2002,09,453.94
05.21.2002-12:00:00,05,21,2002,12,543.97
05.21.2002-15:00:00,05,21,2002,15,584.51
05.21.2002-18:00:00,05,21,2002,18,537.95
05.21.2002-21:00:00,05,21,2002,21,501.94
05.22.2002-00:00:00,05,22,2002,00,421.97
05.22.2002-03:00:00,05,22,2002,03,423.72
05.22.2002-06:00:00,05,22,2002,06,474.53
05.22.2002-09:00:00,05,22,2002,09,577.12
05.22.2002-12:00:00,05,22,2002,12,631.36
05.22.2002-15:00:00,05,22,2002,15,605.28
05.22.2002-18:00:00,05,22,2002,18,550.23
05.22.2002-21:00:00,05,22,2002,21,524.72
05.23.2002-00:00:00,05,23,2002,00,445.76
05.23.2002-03:00:00,05,23,2002,03,437.14
05.23.2002-06:00:00,05,23,2002,06,441.67
05.23.2002-09:00:00,05,23,2002,09,883.95
05.23.2002-12:00:00,05,23,2002,12,1146.4
05.23.2002-15:00:00,05,23,2002,15,994.84
05.23.2002-18:00:00,05,23,2002,18,719.32
05.23.2002-21:00:00,05,23,2002,21,602.71
05.24.2002-00:00:00,05,24,2002,00,573.42
05.24.2002-03:00:00,05,24,2002,03,568.1
05.24.2002-06:00:00,05,24,2002,06,556.31
05.24.2002-09:00:00,05,24,2002,09,539.69
05.24.2002-12:00:00,05,24,2002,12,854.98
05.24.2002-15:00:00,05,24,2002,15,1021.7
05.24.2002-18:00:00,05,24,2002,18,776.32
05.24.2002-21:00:00,05,24,2002,21,693.47
05.25.2002-00:00:00,05,25,2002,00,616.74
05.25.2002-03:00:00,05,25,2002,03,597.62
05.25.2002-06:00:00,05,25,2002,06,586.01
05.25.2002-09:00:00,05,25,2002,09,1045.3
05.25.2002-12:00:00,05,25,2002,12,1462
05.25.2002-15:00:00,05,25,2002,15,1408.7
05.25.2002-18:00:00,05,25,2002,18,1117
05.25.2002-21:00:00,05,25,2002,21,875.71
05.26.2002-00:00:00,05,26,2002,00,749.96
05.26.2002-03:00:00,05,26,2002,03,722.19
05.26.2002-06:00:00,05,26,2002,06,711.06
05.26.2002-09:00:00,05,26,2002,09,971.17
05.26.2002-12:00:00,05,26,2002,12,1668
05.26.2002-15:00:00,05,26,2002,15,1616.7
05.26.2002-18:00:00,05,26,2002,18,1229.1
05.26.2002-21:00:00,05,26,2002,21,1006.4
05.27.2002-00:00:00,05,27,2002,00,852.98
05.27.2002-03:00:00,05,27,2002,03,815.79
05.27.2002-06:00:00,05,27,2002,06,789.09
05.27.2002-09:00:00,05,27,2002,09,1263.7
05.27.2002-12:00:00,05,27,2002,12,1889.9
05.27.2002-15:00:00,05,27,2002,15,1847.6
05.27.2002-18:00:00,05,27,2002,18,1451
05.27.2002-21:00:00,05,27,2002,21,1212.8
05.28.2002-00:00:00,05,28,2002,00,1024.6
05.28.2002-03:00:00,05,28,2002,03,976.95
05.28.2002-06:00:00,05,28,2002,06,1178
05.28.2002-09:00:00,05,28,2002,09,1931
05.28.2002-12:00:00,05,28,2002,12,2331.6
05.28.2002-15:00:00,05,28,2002,15,2310.6
05.28.2002-18:00:00,05,28,2002,18,2095.2
05.28.2002-21:00:00,05,28,2002,21,1839.1
05.29.2002-00:00:00,05,29,2002,00,1506
05.29.2002-03:00:00,05,29,2002,03,1381
05.29.2002-06:00:00,05,29,2002,06,1419.2
05.29.2002-09:00:00,05,29,2002,09,2069.3
05.29.2002-12:00:00,05,29,2002,12,2439.4
05.29.2002-15:00:00,05,29,2002,15,2493.3
05.29.2002-18:00:00,05,29,2002,18,2387.2
05.29.2002-21:00:00,05,29,2002,21,2157
05.30.2002-00:00:00,05,30,2002,00,1931.8
05.30.2002-03:00:00,05,30,2002,03,1714.9
05.30.2002-06:00:00,05,30,2002,06,1498.6
05.30.2002-09:00:00,05,30,2002,09,1870.5
05.30.2002-12:00:00,05,30,2002,12,2498.4
05.30.2002-15:00:00,05,30,2002,15,2662.9
05.30.2002-18:00:00,05,30,2002,18,2624.7
05.30.2002-21:00:00,05,30,2002,21,2507.6
05.31.2002-00:00:00,05,31,2002,00,2221.9
05.31.2002-03:00:00,05,31,2002,03,2019.5
05.31.2002-06:00:00,05,31,2002,06,1773.1
05.31.2002-09:00:00,05,31,2002,09,2207.4
05.31.2002-12:00:00,05,31,2002,12,2660.2
05.31.2002-15:00:00,05,31,2002,15,2807.9
05.31.2002-18:00:00,05,31,2002,18,2680.1
05.31.2002-21:00:00,05,31,2002,21,2559.2
06.01.2002-00:00:00,06,01,2002,00,2346.5
06.01.2002-03:00:00,06,01,2002,03,2161.2
06.01.2002-06:00:00,06,01,2002,06,2132.1
06.01.2002-09:00:00,06,01,2002,09,2796.9
06.01.2002-12:00:00,06,01,2002,12,3192.6
06.01.2002-15:00:00,06,01,2002,15,3298.7
06.01.2002-18:00:00,06,01,2002,18,3217.6
06.01.2002-21:00:00,06,01,2002,21,3050.2
06.02.2002-00:00:00,06,02,2002,00,2965.6
06.02.2002-03:00:00,06,02,2002,03,2792.7
06.02.2002-06:00:00,06,02,2002,06,2786.8
06.02.2002-09:00:00,06,02,2002,09,3410.5
06.02.2002-12:00:00,06,02,2002,12,3817.3
06.02.2002-15:00:00,06,02,2002,15,3983.3
06.02.2002-18:00:00,06,02,2002,18,3825.1
06.02.2002-21:00:00,06,02,2002,21,3675.3
06.03.2002-00:00:00,06,03,2002,00,3445.3
06.03.2002-03:00:00,06,03,2002,03,3315.6
06.03.2002-06:00:00,06,03,2002,06,3163.8
06.03.2002-09:00:00,06,03,2002,09,3735.2
06.03.2002-12:00:00,06,03,2002,12,4101
06.03.2002-15:00:00,06,03,2002,15,4214.6
06.03.2002-18:00:00,06,03,2002,18,3975.7
06.03.2002-21:00:00,06,03,2002,21,3715.8
06.04.2002-00:00:00,06,04,2002,00,3538.6
06.04.2002-03:00:00,06,04,2002,03,3474.6
06.04.2002-06:00:00,06,04,2002,06,3615.9
06.04.2002-09:00:00,06,04,2002,09,4179.2
06.04.2002-12:00:00,06,04,2002,12,4587.3
06.04.2002-15:00:00,06,04,2002,15,4638.4
06.04.2002-18:00:00,06,04,2002,18,4509.7
06.04.2002-21:00:00,06,04,2002,21,4271.4
06.05.2002-00:00:00,06,05,2002,00,4108.5
06.05.2002-03:00:00,06,05,2002,03,3999.7
06.05.2002-06:00:00,06,05,2002,06,4098.7
06.05.2002-09:00:00,06,05,2002,09,4676.2
06.05.2002-12:00:00,06,05,2002,12,5072
06.05.2002-15:00:00,06,05,2002,15,5097.5
06.05.2002-18:00:00,06,05,2002,18,4992.5
06.05.2002-21:00:00,06,05,2002,21,4692.7
06.06.2002-00:00:00,06,06,2002,00,4406.8
06.06.2002-03:00:00,06,06,2002,03,4146.8
06.06.2002-06:00:00,06,06,2002,06,4083.7
06.06.2002-09:00:00,06,06,2002,09,4336.3
06.06.2002-12:00:00,06,06,2002,12,4437.4
06.06.2002-15:00:00,06,06,2002,15,4286.5
06.06.2002-18:00:00,06,06,2002,18,3960.9
06.06.2002-21:00:00,06,06,2002,21,3559.5
06.07.2002-00:00:00,06,07,2002,00,3291.1
06.07.2002-03:00:00,06,07,2002,03,3068.7
06.07.2002-06:00:00,06,07,2002,06,2978
06.07.2002-09:00:00,06,07,2002,09,2835.1
06.07.2002-12:00:00,06,07,2002,12,2972.4
06.07.2002-15:00:00,06,07,2002,15,2952.1
06.07.2002-18:00:00,06,07,2002,18,2687.5
06.07.2002-21:00:00,06,07,2002,21,2445.6
06.08.2002-00:00:00,06,08,2002,00,2252.3
06.08.2002-03:00:00,06,08,2002,03,2092
06.08.2002-06:00:00,06,08,2002,06,1990.5
06.08.2002-09:00:00,06,08,2002,09,1912.1
06.08.2002-12:00:00,06,08,2002,12,1872.3
06.08.2002-15:00:00,06,08,2002,15,1823.2
06.08.2002-18:00:00,06,08,2002,18,1762.7
06.08.2002-21:00:00,06,08,2002,21,1659.8
06.09.2002-00:00:00,06,09,2002,00,1600.4
06.09.2002-03:00:00,06,09,2002,03,1535.1
06.09.2002-06:00:00,06,09,2002,06,1516.7
06.09.2002-09:00:00,06,09,2002,09,1744.6
06.09.2002-12:00:00,06,09,2002,12,2474.8
06.09.2002-15:00:00,06,09,2002,15,2559.4
06.09.2002-18:00:00,06,09,2002,18,2470.4
06.09.2002-21:00:00,06,09,2002,21,2393.6
06.10.2002-00:00:00,06,10,2002,00,2404.3
06.10.2002-03:00:00,06,10,2002,03,2382.2
06.10.2002-06:00:00,06,10,2002,06,2494.5
06.10.2002-09:00:00,06,10,2002,09,3350.4
06.10.2002-12:00:00,06,10,2002,12,3774.5
06.10.2002-15:00:00,06,10,2002,15,3848
06.10.2002-18:00:00,06,10,2002,18,3864.1
06.10.2002-21:00:00,06,10,2002,21,3649
06.11.2002-00:00:00,06,11,2002,00,3610.7
06.11.2002-03:00:00,06,11,2002,03,3545.6
06.11.2002-06:00:00,06,11,2002,06,3525.7
06.11.2002-09:00:00,06,11,2002,09,3971.2
06.11.2002-12:00:00,06,11,2002,12,4295
06.11.2002-15:00:00,06,11,2002,15,4243.4
06.11.2002-18:00:00,06,11,2002,18,3727.1
06.11.2002-21:00:00,06,11,2002,21,3440.1
06.12.2002-00:00:00,06,12,2002,00,3290.9
06.12.2002-03:00:00,06,12,2002,03,3207.8
06.12.2002-06:00:00,06,12,2002,06,3257.9
06.12.2002-09:00:00,06,12,2002,09,4072
06.12.2002-12:00:00,06,12,2002,12,4557.3
06.12.2002-15:00:00,06,12,2002,15,4631.8
06.12.2002-18:00:00,06,12,2002,18,4410.2
06.12.2002-21:00:00,06,12,2002,21,4194.2
06.13.2002-00:00:00,06,13,2002,00,4085
06.13.2002-03:00:00,06,13,2002,03,4090.5
06.13.2002-06:00:00,06,13,2002,06,4130.5
06.13.2002-09:00:00,06,13,2002,09,4916
06.13.2002-12:00:00,06,13,2002,12,5315.1
06.13.2002-15:00:00,06,13,2002,15,5286.6
06.13.2002-18:00:00,06,13,2002,18,4982
06.13.2002-21:00:00,06,13,2002,21,4566
06.14.2002-00:00:00,06,14,2002,00,4317.2
06.14.2002-03:00:00,06,14,2002,03,4271.8
06.14.2002-06:00:00,06,14,2002,06,4369.1
06.14.2002-09:00:00,06,14,2002,09,5219.8
06.14.2002-12:00:00,06,14,2002,12,5647.8
06.14.2002-15:00:00,06,14,2002,15,5530.1
06.14.2002-18:00:00,06,14,2002,18,5280
06.14.2002-21:00:00,06,14,2002,21,4867.7
06.15.2002-00:00:00,06,15,2002,00,4755.7
06.15.2002-03:00:00,06,15,2002,03,4686.1
06.15.2002-06:00:00,06,15,2002,06,4998.5
06.15.2002-09:00:00,06,15,2002,09,5757.1
06.15.2002-12:00:00,06,15,2002,12,6113.8
06.15.2002-15:00:00,06,15,2002,15,5916.4
06.15.2002-18:00:00,06,15,2002,18,5644.1
06.15.2002-21:00:00,06,15,2002,21,5405.8
06.16.2002-00:00:00,06,16,2002,00,5248.7
06.16.2002-03:00:00,06,16,2002,03,5078.9
06.16.2002-06:00:00,06,16,2002,06,5328.1
06.16.2002-09:00:00,06,16,2002,09,5864.5
06.16.2002-12:00:00,06,16,2002,12,5974.3
06.16.2002-15:00:00,06,16,2002,15,5658.4
06.16.2002-18:00:00,06,16,2002,18,5434.2
06.16.2002-21:00:00,06,16,2002,21,4988.2
06.17.2002-00:00:00,06,17,2002,00,4697.5
06.17.2002-03:00:00,06,17,2002,03,4427.3
06.17.2002-06:00:00,06,17,2002,06,4443.2
06.17.2002-09:00:00,06,17,2002,09,4615.4
06.17.2002-12:00:00,06,17,2002,12,4599.2
06.17.2002-15:00:00,06,17,2002,15,4387.9
06.17.2002-18:00:00,06,17,2002,18,4188.4
06.17.2002-21:00:00,06,17,2002,21,3767.4
06.18.2002-00:00:00,06,18,2002,00,3458.1
06.18.2002-03:00:00,06,18,2002,03,3199.4
06.18.2002-06:00:00,06,18,2002,06,3104
06.18.2002-09:00:00,06,18,2002,09,3221.4
06.18.2002-12:00:00,06,18,2002,12,3270.4
06.18.2002-15:00:00,06,18,2002,15,3300.8
06.18.2002-18:00:00,06,18,2002,18,3165.3
06.18.2002-21:00:00,06,18,2002,21,2950.7
06.19.2002-00:00:00,06,19,2002,00,2693.9
06.19.2002-03:00:00,06,19,2002,03,2459.7
06.19.2002-06:00:00,06,19,2002,06,2403.8
06.19.2002-09:00:00,06,19,2002,09,2613.8
06.19.2002-12:00:00,06,19,2002,12,2652.9
06.19.2002-15:00:00,06,19,2002,15,2608.2
06.19.2002-18:00:00,06,19,2002,18,2418.6
06.19.2002-21:00:00,06,19,2002,21,2260.3
06.20.2002-00:00:00,06,20,2002,00,2114.3
06.20.2002-03:00:00,06,20,2002,03,2014.4
06.20.2002-06:00:00,06,20,2002,06,2041.6
06.20.2002-09:00:00,06,20,2002,09,2278.9
06.20.2002-12:00:00,06,20,2002,12,2398.2
06.20.2002-15:00:00,06,20,2002,15,2354.6
06.20.2002-18:00:00,06,20,2002,18,2194.1
06.20.2002-21:00:00,06,20,2002,21,1950
06.21.2002-00:00:00,06,21,2002,00,1752.7
06.21.2002-03:00:00,06,21,2002,03,1600.5
06.21.2002-06:00:00,06,21,2002,06,1665.9
06.21.2002-09:00:00,06,21,2002,09,1850.6
06.21.2002-12:00:00,06,21,2002,12,1989.5
06.21.2002-15:00:00,06,21,2002,15,2009.3
06.21.2002-18:00:00,06,21,2002,18,1817.9
06.21.2002-21:00:00,06,21,2002,21,1668.6
06.22.2002-00:00:00,06,22,2002,00,1494.2
06.22.2002-03:00:00,06,22,2002,03,1455.1
06.22.2002-06:00:00,06,22,2002,06,1500.3
06.22.2002-09:00:00,06,22,2002,09,1705.8
06.22.2002-12:00:00,06,22,2002,12,1781.3
06.22.2002-15:00:00,06,22,2002,15,1682
06.22.2002-18:00:00,06,22,2002,18,1591.5
06.22.2002-21:00:00,06,22,2002,21,1510.8
06.23.2002-00:00:00,06,23,2002,00,1405.1
06.23.2002-03:00:00,06,23,2002,03,1383.8
06.23.2002-06:00:00,06,23,2002,06,1426.7
06.23.2002-09:00:00,06,23,2002,09,1470.9
06.23.2002-12:00:00,06,23,2002,12,1510.7
06.23.2002-15:00:00,06,23,2002,15,1490
06.23.2002-18:00:00,06,23,2002,18,1523.7
06.23.2002-21:00:00,06,23,2002,21,1417.2
06.24.2002-00:00:00,06,24,2002,00,1322.4
06.24.2002-03:00:00,06,24,2002,03,1329.2
06.24.2002-06:00:00,06,24,2002,06,1307.9
06.24.2002-09:00:00,06,24,2002,09,1280.6
06.24.2002-12:00:00,06,24,2002,12,1301.5
06.24.2002-15:00:00,06,24,2002,15,1322
06.24.2002-18:00:00,06,24,2002,18,1290.8
06.24.2002-21:00:00,06,24,2002,21,1242.9
06.25.2002-00:00:00,06,25,2002,00,1143.4
06.25.2002-03:00:00,06,25,2002,03,1125.6
06.25.2002-06:00:00,06,25,2002,06,1102.2
06.25.2002-09:00:00,06,25,2002,09,1008.7
06.25.2002-12:00:00,06,25,2002,12,1010.4
06.25.2002-15:00:00,06,25,2002,15,994.35
06.25.2002-18:00:00,06,25,2002,18,1033.9
06.25.2002-21:00:00,06,25,2002,21,1001.7
06.26.2002-00:00:00,06,26,2002,00,947.15
06.26.2002-03:00:00,06,26,2002,03,937.43
06.26.2002-06:00:00,06,26,2002,06,938.08
06.26.2002-09:00:00,06,26,2002,09,842.08
06.26.2002-12:00:00,06,26,2002,12,890.3
06.26.2002-15:00:00,06,26,2002,15,880.29
06.26.2002-18:00:00,06,26,2002,18,939.43
06.26.2002-21:00:00,06,26,2002,21,904.92
06.27.2002-00:00:00,06,27,2002,00,847.89
06.27.2002-03:00:00,06,27,2002,03,826.47
06.27.2002-06:00:00,06,27,2002,06,796.32
06.27.2002-09:00:00,06,27,2002,09,723.27
06.27.2002-12:00:00,06,27,2002,12,682.23
06.27.2002-15:00:00,06,27,2002,15,710.27
06.27.2002-18:00:00,06,27,2002,18,804.96
06.27.2002-21:00:00,06,27,2002,21,802.49
06.28.2002-00:00:00,06,28,2002,00,782.2
06.28.2002-03:00:00,06,28,2002,03,797.18
06.28.2002-06:00:00,06,28,2002,06,797.2
06.28.2002-09:00:00,06,28,2002,09,798.34
06.28.2002-12:00:00,06,28,2002,12,788.62
06.28.2002-15:00:00,06,28,2002,15,853.5
06.28.2002-18:00:00,06,28,2002,18,949.84
06.28.2002-21:00:00,06,28,2002,21,986.31
06.29.2002-00:00:00,06,29,2002,00,959.39
06.29.2002-03:00:00,06,29,2002,03,972.38
06.29.2002-06:00:00,06,29,2002,06,931.75
06.29.2002-09:00:00,06,29,2002,09,911.69
06.29.2002-12:00:00,06,29,2002,12,909.71
06.29.2002-15:00:00,06,29,2002,15,934.63
06.29.2002-18:00:00,06,29,2002,18,978.11
06.29.2002-21:00:00,06,29,2002,21,957.65
06.30.2002-00:00:00,06,30,2002,00,956.28
06.30.2002-03:00:00,06,30,2002,03,910.72
06.30.2002-06:00:00,06,30,2002,06,872.68
06.30.2002-09:00:00,06,30,2002,09,801.35
06.30.2002-12:00:00,06,30,2002,12,794.39
06.30.2002-15:00:00,06,30,2002,15,759.81
06.30.2002-18:00:00,06,30,2002,18,806.73
06.30.2002-21:00:00,06,30,2002,21,755.14
07.01.2002-00:00:00,07,01,2002,00,734.92
07.01.2002-03:00:00,07,01,2002,03,694.81
07.01.2002-06:00:00,07,01,2002,06,634.28
07.01.2002-09:00:00,07,01,2002,09,550.32
07.01.2002-12:00:00,07,01,2002,12,512.04
07.01.2002-15:00:00,07,01,2002,15,543.27
07.01.2002-18:00:00,07,01,2002,18,536.63
07.01.2002-21:00:00,07,01,2002,21,597.87
07.02.2002-00:00:00,07,02,2002,00,572.37
07.02.2002-03:00:00,07,02,2002,03,583.32
07.02.2002-06:00:00,07,02,2002,06,525.85
07.02.2002-09:00:00,07,02,2002,09,427.01
07.02.2002-12:00:00,07,02,2002,12,397.83
07.02.2002-15:00:00,07,02,2002,15,423.68
07.02.2002-18:00:00,07,02,2002,18,451.37
07.02.2002-21:00:00,07,02,2002,21,462.18
07.03.2002-00:00:00,07,03,2002,00,515.74
07.03.2002-03:00:00,07,03,2002,03,484.05
07.03.2002-06:00:00,07,03,2002,06,471.83
07.03.2002-09:00:00,07,03,2002,09,356.71
07.03.2002-12:00:00,07,03,2002,12,351.88
07.03.2002-15:00:00,07,03,2002,15,338.68
07.03.2002-18:00:00,07,03,2002,18,399.84
07.03.2002-21:00:00,07,03,2002,21,419.88
07.04.2002-00:00:00,07,04,2002,00,446.36
07.04.2002-03:00:00,07,04,2002,03,451.82
07.04.2002-06:00:00,07,04,2002,06,444.37
07.04.2002-09:00:00,07,04,2002,09,344.62
07.04.2002-12:00:00,07,04,2002,12,321.49
07.04.2002-15:00:00,07,04,2002,15,342.91
07.04.2002-18:00:00,07,04,2002,18,376.86
07.04.2002-21:00:00,07,04,2002,21,426.77
07.05.2002-00:00:00,07,05,2002,00,434.72
07.05.2002-03:00:00,07,05,2002,03,441.36
07.05.2002-06:00:00,07,05,2002,06,422.62
07.05.2002-09:00:00,07,05,2002,09,299.39
07.05.2002-12:00:00,07,05,2002,12,275.99
07.05.2002-15:00:00,07,05,2002,15,270.6
07.05.2002-18:00:00,07,05,2002,18,327.09
07.05.2002-21:00:00,07,05,2002,21,341.61
07.06.2002-00:00:00,07,06,2002,00,378.7
07.06.2002-03:00:00,07,06,2002,03,390.05
07.06.2002-06:00:00,07,06,2002,06,365.92
07.06.2002-09:00:00,07,06,2002,09,272.77
07.06.2002-12:00:00,07,06,2002,12,215.07
07.06.2002-15:00:00,07,06,2002,15,241.55
07.06.2002-18:00:00,07,06,2002,18,256.25
07.06.2002-21:00:00,07,06,2002,21,311.95
07.07.2002-00:00:00,07,07,2002,00,330.28
07.07.2002-03:00:00,07,07,2002,03,352.83
07.07.2002-06:00:00,07,07,2002,06,337.96
07.07.2002-09:00:00,07,07,2002,09,232.22
07.07.2002-12:00:00,07,07,2002,12,208.48
07.07.2002-15:00:00,07,07,2002,15,207.95
07.07.2002-18:00:00,07,07,2002,18,246.52
07.07.2002-21:00:00,07,07,2002,21,271.1
07.08.2002-00:00:00,07,08,2002,00,519.15
07.08.2002-03:00:00,07,08,2002,03,659.66
07.08.2002-06:00:00,07,08,2002,06,759.27
07.08.2002-09:00:00,07,08,2002,09,758.13
07.08.2002-12:00:00,07,08,2002,12,808.43
07.08.2002-15:00:00,07,08,2002,15,894.39
07.08.2002-18:00:00,07,08,2002,18,1060
07.08.2002-21:00:00,07,08,2002,21,1196
07.09.2002-00:00:00,07,09,2002,00,1002.6
07.09.2002-03:00:00,07,09,2002,03,1029.9
07.09.2002-06:00:00,07,09,2002,06,1002.7
07.09.2002-09:00:00,07,09,2002,09,841.23
07.09.2002-12:00:00,07,09,2002,12,760.21
07.09.2002-15:00:00,07,09,2002,15,653.14
07.09.2002-18:00:00,07,09,2002,18,553.45
07.09.2002-21:00:00,07,09,2002,21,513.89
07.10.2002-00:00:00,07,10,2002,00,450.72
07.10.2002-03:00:00,07,10,2002,03,405.16
07.10.2002-06:00:00,07,10,2002,06,365.93
07.10.2002-09:00:00,07,10,2002,09,252.32
07.10.2002-12:00:00,07,10,2002,12,219.7
07.10.2002-15:00:00,07,10,2002,15,202.76
07.10.2002-18:00:00,07,10,2002,18,236
07.10.2002-21:00:00,07,10,2002,21,260.13
07.11.2002-00:00:00,07,11,2002,00,291.17
07.11.2002-03:00:00,07,11,2002,03,316.74
07.11.2002-06:00:00,07,11,2002,06,305.45
07.11.2002-09:00:00,07,11,2002,09,204.85
07.11.2002-12:00:00,07,11,2002,12,180.92
07.11.2002-15:00:00,07,11,2002,15,182.87
07.11.2002-18:00:00,07,11,2002,18,212.87
07.11.2002-21:00:00,07,11,2002,21,236.04
07.12.2002-00:00:00,07,12,2002,00,265.81
07.12.2002-03:00:00,07,12,2002,03,293.35
07.12.2002-06:00:00,07,12,2002,06,282.87
07.12.2002-09:00:00,07,12,2002,09,190.41
07.12.2002-12:00:00,07,12,2002,12,167.95
07.12.2002-15:00:00,07,12,2002,15,174
07.12.2002-18:00:00,07,12,2002,18,204.23
07.12.2002-21:00:00,07,12,2002,21,218.29
07.13.2002-00:00:00,07,13,2002,00,242.12
07.13.2002-03:00:00,07,13,2002,03,280.55
07.13.2002-06:00:00,07,13,2002,06,264.83
07.13.2002-09:00:00,07,13,2002,09,192.37
07.13.2002-12:00:00,07,13,2002,12,173.84
07.13.2002-15:00:00,07,13,2002,15,166.82
07.13.2002-18:00:00,07,13,2002,18,200.07
07.13.2002-21:00:00,07,13,2002,21,224.07
07.14.2002-00:00:00,07,14,2002,00,246.19
07.14.2002-03:00:00,07,14,2002,03,275.4
07.14.2002-06:00:00,07,14,2002,06,256.92
07.14.2002-09:00:00,07,14,2002,09,187.19
07.14.2002-12:00:00,07,14,2002,12,149.82
07.14.2002-15:00:00,07,14,2002,15,164.56
07.14.2002-18:00:00,07,14,2002,18,194.3
07.14.2002-21:00:00,07,14,2002,21,210.64
07.15.2002-00:00:00,07,15,2002,00,223.81
07.15.2002-03:00:00,07,15,2002,03,247.74
07.15.2002-06:00:00,07,15,2002,06,249.51
07.15.2002-09:00:00,07,15,2002,09,177.81
07.15.2002-12:00:00,07,15,2002,12,138.05
07.15.2002-15:00:00,07,15,2002,15,149.94
07.15.2002-18:00:00,07,15,2002,18,189.85
07.15.2002-21:00:00,07,15,2002,21,202.83
07.16.2002-00:00:00,07,16,2002,00,215.06
07.16.2002-03:00:00,07,16,2002,03,237.35
07.16.2002-06:00:00,07,16,2002,06,237.04
07.16.2002-09:00:00,07,16,2002,09,170.83
07.16.2002-12:00:00,07,16,2002,12,132.57
07.16.2002-15:00:00,07,16,2002,15,144.47
07.16.2002-18:00:00,07,16,2002,18,184.81
07.16.2002-21:00:00,07,16,2002,21,197.3
07.17.2002-00:00:00,07,17,2002,00,208.83
07.17.2002-03:00:00,07,17,2002,03,230.59
07.17.2002-06:00:00,07,17,2002,06,222.42
07.17.2002-09:00:00,07,17,2002,09,161.91
07.17.2002-12:00:00,07,17,2002,12,136.77
07.17.2002-15:00:00,07,17,2002,15,141.25
07.17.2002-18:00:00,07,17,2002,18,179.9
07.17.2002-21:00:00,07,17,2002,21,195.32
07.18.2002-00:00:00,07,18,2002,00,208.04
07.18.2002-03:00:00,07,18,2002,03,226.69
07.18.2002-06:00:00,07,18,2002,06,216.28
07.18.2002-09:00:00,07,18,2002,09,154.59
07.18.2002-12:00:00,07,18,2002,12,122.21
07.18.2002-15:00:00,07,18,2002,15,134.84
07.18.2002-18:00:00,07,18,2002,18,173.39
07.18.2002-21:00:00,07,18,2002,21,188.73
07.19.2002-00:00:00,07,19,2002,00,200.06
07.19.2002-03:00:00,07,19,2002,03,220.42
07.19.2002-06:00:00,07,19,2002,06,212.52
07.19.2002-09:00:00,07,19,2002,09,156.24
07.19.2002-12:00:00,07,19,2002,12,125.92
07.19.2002-15:00:00,07,19,2002,15,133.65
07.19.2002-18:00:00,07,19,2002,18,171.18
07.19.2002-21:00:00,07,19,2002,21,189.06
07.20.2002-00:00:00,07,20,2002,00,204.21
07.20.2002-03:00:00,07,20,2002,03,219.84
07.20.2002-06:00:00,07,20,2002,06,209.58
07.20.2002-09:00:00,07,20,2002,09,146.84
07.20.2002-12:00:00,07,20,2002,12,112.66
07.20.2002-15:00:00,07,20,2002,15,126.29
07.20.2002-18:00:00,07,20,2002,18,162.54
07.20.2002-21:00:00,07,20,2002,21,178.53
07.21.2002-00:00:00,07,21,2002,00,190.86
07.21.2002-03:00:00,07,21,2002,03,208.03
07.21.2002-06:00:00,07,21,2002,06,201.93
07.21.2002-09:00:00,07,21,2002,09,139.37
07.21.2002-12:00:00,07,21,2002,12,105.25
07.21.2002-15:00:00,07,21,2002,15,117.68
07.21.2002-18:00:00,07,21,2002,18,154.2
07.21.2002-21:00:00,07,21,2002,21,169.77
07.22.2002-00:00:00,07,22,2002,00,182.7
07.22.2002-03:00:00,07,22,2002,03,199
07.22.2002-06:00:00,07,22,2002,06,193.38
07.22.2002-09:00:00,07,22,2002,09,132.19
07.22.2002-12:00:00,07,22,2002,12,97.828
07.22.2002-15:00:00,07,22,2002,15,109.99
07.22.2002-18:00:00,07,22,2002,18,147.74
07.22.2002-21:00:00,07,22,2002,21,163.83
07.23.2002-00:00:00,07,23,2002,00,177.45
07.23.2002-03:00:00,07,23,2002,03,192.39
07.23.2002-06:00:00,07,23,2002,06,185.35
07.23.2002-09:00:00,07,23,2002,09,126.47
07.23.2002-12:00:00,07,23,2002,12,92.742
07.23.2002-15:00:00,07,23,2002,15,105.54
07.23.2002-18:00:00,07,23,2002,18,142.47
07.23.2002-21:00:00,07,23,2002,21,158.41
07.24.2002-00:00:00,07,24,2002,00,173.23
07.24.2002-03:00:00,07,24,2002,03,186.35
07.24.2002-06:00:00,07,24,2002,06,177.56
07.24.2002-09:00:00,07,24,2002,09,122.12
07.24.2002-12:00:00,07,24,2002,12,88.426
07.24.2002-15:00:00,07,24,2002,15,101.73
07.24.2002-18:00:00,07,24,2002,18,137.74
07.24.2002-21:00:00,07,24,2002,21,153.18
07.25.2002-00:00:00,07,25,2002,00,167.97
07.25.2002-03:00:00,07,25,2002,03,180.92
07.25.2002-06:00:00,07,25,2002,06,172.87
07.25.2002-09:00:00,07,25,2002,09,133.83
07.25.2002-12:00:00,07,25,2002,12,110.89
07.25.2002-15:00:00,07,25,2002,15,114.2
07.25.2002-18:00:00,07,25,2002,18,139.83
07.25.2002-21:00:00,07,25,2002,21,161.83
07.26.2002-00:00:00,07,26,2002,00,177.7
07.26.2002-03:00:00,07,26,2002,03,190.02
07.26.2002-06:00:00,07,26,2002,06,177.05
07.26.2002-09:00:00,07,26,2002,09,129.76
07.26.2002-12:00:00,07,26,2002,12,96.625
07.26.2002-15:00:00,07,26,2002,15,105.05
07.26.2002-18:00:00,07,26,2002,18,135.47
07.26.2002-21:00:00,07,26,2002,21,153.07
07.27.2002-00:00:00,07,27,2002,00,170.92
07.27.2002-03:00:00,07,27,2002,03,181.59
07.27.2002-06:00:00,07,27,2002,06,171.37
07.27.2002-09:00:00,07,27,2002,09,131.57
07.27.2002-12:00:00,07,27,2002,12,105.22
07.27.2002-15:00:00,07,27,2002,15,109.46
07.27.2002-18:00:00,07,27,2002,18,136.32
07.27.2002-21:00:00,07,27,2002,21,154.48
07.28.2002-00:00:00,07,28,2002,00,168.28
07.28.2002-03:00:00,07,28,2002,03,181.33
07.28.2002-06:00:00,07,28,2002,06,172.97
07.28.2002-09:00:00,07,28,2002,09,157.59
07.28.2002-12:00:00,07,28,2002,12,145.11
07.28.2002-15:00:00,07,28,2002,15,145.88
07.28.2002-18:00:00,07,28,2002,18,157.97
07.28.2002-21:00:00,07,28,2002,21,169.33
07.29.2002-00:00:00,07,29,2002,00,181.04
07.29.2002-03:00:00,07,29,2002,03,185.45
07.29.2002-06:00:00,07,29,2002,06,179.46
07.29.2002-09:00:00,07,29,2002,09,161.81
07.29.2002-12:00:00,07,29,2002,12,152.47
07.29.2002-15:00:00,07,29,2002,15,154.16
07.29.2002-18:00:00,07,29,2002,18,162.55
07.29.2002-21:00:00,07,29,2002,21,172.37
07.30.2002-00:00:00,07,30,2002,00,182.37
07.30.2002-03:00:00,07,30,2002,03,186.58
07.30.2002-06:00:00,07,30,2002,06,173.02
07.30.2002-09:00:00,07,30,2002,09,135.98
07.30.2002-12:00:00,07,30,2002,12,113.71
07.30.2002-15:00:00,07,30,2002,15,115.92
07.30.2002-18:00:00,07,30,2002,18,135.85
07.30.2002-21:00:00,07,30,2002,21,153.25
07.31.2002-00:00:00,07,31,2002,00,170.83
07.31.2002-03:00:00,07,31,2002,03,178.91
07.31.2002-06:00:00,07,31,2002,06,169.22
07.31.2002-09:00:00,07,31,2002,09,123.11
07.31.2002-12:00:00,07,31,2002,12,87.543
07.31.2002-15:00:00,07,31,2002,15,96.035
07.31.2002-18:00:00,07,31,2002,18,126.9
07.31.2002-21:00:00,07,31,2002,21,141.01
08.01.2002-00:00:00,08,01,2002,00,157.62
08.01.2002-03:00:00,08,01,2002,03,169.78
08.01.2002-06:00:00,08,01,2002,06,165.65
08.01.2002-09:00:00,08,01,2002,09,113.57
08.01.2002-12:00:00,08,01,2002,12,84.481
08.01.2002-15:00:00,08,01,2002,15,95.383
08.01.2002-18:00:00,08,01,2002,18,126.46
08.01.2002-21:00:00,08,01,2002,21,138.09
08.02.2002-00:00:00,08,02,2002,00,151.95
08.02.2002-03:00:00,08,02,2002,03,162.15
08.02.2002-06:00:00,08,02,2002,06,158.9
08.02.2002-09:00:00,08,02,2002,09,107.44
08.02.2002-12:00:00,08,02,2002,12,76.314
08.02.2002-15:00:00,08,02,2002,15,93.851
08.02.2002-18:00:00,08,02,2002,18,122.1
08.02.2002-21:00:00,08,02,2002,21,135.62
08.03.2002-00:00:00,08,03,2002,00,148.83
08.03.2002-03:00:00,08,03,2002,03,154.13
08.03.2002-06:00:00,08,03,2002,06,157.46
08.03.2002-09:00:00,08,03,2002,09,111.77
08.03.2002-12:00:00,08,03,2002,12,82.458
08.03.2002-15:00:00,08,03,2002,15,95.168
08.03.2002-18:00:00,08,03,2002,18,123.03
08.03.2002-21:00:00,08,03,2002,21,137.32
08.04.2002-00:00:00,08,04,2002,00,148.04
08.04.2002-03:00:00,08,04,2002,03,154.79
08.04.2002-06:00:00,08,04,2002,06,153.62
08.04.2002-09:00:00,08,04,2002,09,108.08
08.04.2002-12:00:00,08,04,2002,12,78.513
08.04.2002-15:00:00,08,04,2002,15,92.77
08.04.2002-18:00:00,08,04,2002,18,120.82
08.04.2002-21:00:00,08,04,2002,21,135.63
08.05.2002-00:00:00,08,05,2002,00,145.94
08.05.2002-03:00:00,08,05,2002,03,155.77
08.05.2002-06:00:00,08,05,2002,06,153.52
08.05.2002-09:00:00,08,05,2002,09,113.39
08.05.2002-12:00:00,08,05,2002,12,87.058
08.05.2002-15:00:00,08,05,2002,15,96.052
08.05.2002-18:00:00,08,05,2002,18,120.69
08.05.2002-21:00:00,08,05,2002,21,136.63
08.06.2002-00:00:00,08,06,2002,00,149.54
08.06.2002-03:00:00,08,06,2002,03,160.57
08.06.2002-06:00:00,08,06,2002,06,159.36
08.06.2002-09:00:00,08,06,2002,09,121.95
08.06.2002-12:00:00,08,06,2002,12,103.71
08.06.2002-15:00:00,08,06,2002,15,111.46
08.06.2002-18:00:00,08,06,2002,18,133.05
08.06.2002-21:00:00,08,06,2002,21,146.21
08.07.2002-00:00:00,08,07,2002,00,152.29
08.07.2002-03:00:00,08,07,2002,03,161.38
08.07.2002-06:00:00,08,07,2002,06,155.59
08.07.2002-09:00:00,08,07,2002,09,110.18
08.07.2002-12:00:00,08,07,2002,12,80.736
08.07.2002-15:00:00,08,07,2002,15,90.239
08.07.2002-18:00:00,08,07,2002,18,117.61
08.07.2002-21:00:00,08,07,2002,21,131.96
08.08.2002-00:00:00,08,08,2002,00,141.28
08.08.2002-03:00:00,08,08,2002,03,146.21
08.08.2002-06:00:00,08,08,2002,06,144.95
08.08.2002-09:00:00,08,08,2002,09,96.311
08.08.2002-12:00:00,08,08,2002,12,60.469
08.08.2002-15:00:00,08,08,2002,15,74.994
08.08.2002-18:00:00,08,08,2002,18,108.29
08.08.2002-21:00:00,08,08,2002,21,123.09
08.09.2002-00:00:00,08,09,2002,00,135.93
08.09.2002-03:00:00,08,09,2002,03,136.91
08.09.2002-06:00:00,08,09,2002,06,134.07
08.09.2002-09:00:00,08,09,2002,09,88.709
08.09.2002-12:00:00,08,09,2002,12,59.249
08.09.2002-15:00:00,08,09,2002,15,73.069
08.09.2002-18:00:00,08,09,2002,18,107.15
08.09.2002-21:00:00,08,09,2002,21,121.77
08.10.2002-00:00:00,08,10,2002,00,134.58
08.10.2002-03:00:00,08,10,2002,03,135.13
08.10.2002-06:00:00,08,10,2002,06,131.27
08.10.2002-09:00:00,08,10,2002,09,88.291
08.10.2002-12:00:00,08,10,2002,12,58.876
08.10.2002-15:00:00,08,10,2002,15,72.684
08.10.2002-18:00:00,08,10,2002,18,106.89
08.10.2002-21:00:00,08,10,2002,21,120.57
08.11.2002-00:00:00,08,11,2002,00,132.55
08.11.2002-03:00:00,08,11,2002,03,134.02
08.11.2002-06:00:00,08,11,2002,06,131.06
08.11.2002-09:00:00,08,11,2002,09,85.016
08.11.2002-12:00:00,08,11,2002,12,56.164
08.11.2002-15:00:00,08,11,2002,15,67.187
08.11.2002-18:00:00,08,11,2002,18,97.431
08.11.2002-21:00:00,08,11,2002,21,116.08
08.12.2002-00:00:00,08,12,2002,00,128.12
08.12.2002-03:00:00,08,12,2002,03,129.61
08.12.2002-06:00:00,08,12,2002,06,127.84
08.12.2002-09:00:00,08,12,2002,09,77.48
08.12.2002-12:00:00,08,12,2002,12,53.698
08.12.2002-15:00:00,08,12,2002,15,63.097
08.12.2002-18:00:00,08,12,2002,18,84.737
08.12.2002-21:00:00,08,12,2002,21,113.15
08.13.2002-00:00:00,08,13,2002,00,123.62
08.13.2002-03:00:00,08,13,2002,03,125.89
08.13.2002-06:00:00,08,13,2002,06,123.35
08.13.2002-09:00:00,08,13,2002,09,74.358
08.13.2002-12:00:00,08,13,2002,12,50.994
08.13.2002-15:00:00,08,13,2002,15,60.56
08.13.2002-18:00:00,08,13,2002,18,79.666
08.13.2002-21:00:00,08,13,2002,21,107.49
08.14.2002-00:00:00,08,14,2002,00,121.38
08.14.2002-03:00:00,08,14,2002,03,125.21
08.14.2002-06:00:00,08,14,2002,06,118.21
08.14.2002-09:00:00,08,14,2002,09,78.553
08.14.2002-12:00:00,08,14,2002,12,53.856
08.14.2002-15:00:00,08,14,2002,15,64.458
08.14.2002-18:00:00,08,14,2002,18,96.66
08.14.2002-21:00:00,08,14,2002,21,113.73
08.15.2002-00:00:00,08,15,2002,00,125.2
08.15.2002-03:00:00,08,15,2002,03,126.6
08.15.2002-06:00:00,08,15,2002,06,124.17
08.15.2002-09:00:00,08,15,2002,09,75.441
08.15.2002-12:00:00,08,15,2002,12,51.489
08.15.2002-15:00:00,08,15,2002,15,60.664
08.15.2002-18:00:00,08,15,2002,18,82.363
08.15.2002-21:00:00,08,15,2002,21,109.92
08.16.2002-00:00:00,08,16,2002,00,121.22
08.16.2002-03:00:00,08,16,2002,03,122.83
08.16.2002-06:00:00,08,16,2002,06,121.27
08.16.2002-09:00:00,08,16,2002,09,74.078
08.16.2002-12:00:00,08,16,2002,12,50.827
08.16.2002-15:00:00,08,16,2002,15,59.781
08.16.2002-18:00:00,08,16,2002,18,80.653
08.16.2002-21:00:00,08,16,2002,21,108.77
08.17.2002-00:00:00,08,17,2002,00,119.8
08.17.2002-03:00:00,08,17,2002,03,123.25
08.17.2002-06:00:00,08,17,2002,06,122.97
08.17.2002-09:00:00,08,17,2002,09,79.09
08.17.2002-12:00:00,08,17,2002,12,50.996
08.17.2002-15:00:00,08,17,2002,15,61.087
08.17.2002-18:00:00,08,17,2002,18,89.816
08.17.2002-21:00:00,08,17,2002,21,109.44
08.18.2002-00:00:00,08,18,2002,00,121.66
08.18.2002-03:00:00,08,18,2002,03,123.66
08.18.2002-06:00:00,08,18,2002,06,122.38
08.18.2002-09:00:00,08,18,2002,09,77.274
08.18.2002-12:00:00,08,18,2002,12,50.267
08.18.2002-15:00:00,08,18,2002,15,60.022
08.18.2002-18:00:00,08,18,2002,18,87.798
08.18.2002-21:00:00,08,18,2002,21,108.42
08.19.2002-00:00:00,08,19,2002,00,120.42
08.19.2002-03:00:00,08,19,2002,03,123.49
08.19.2002-06:00:00,08,19,2002,06,119.39
08.19.2002-09:00:00,08,19,2002,09,84.617
08.19.2002-12:00:00,08,19,2002,12,59.342
08.19.2002-15:00:00,08,19,2002,15,74.35
08.19.2002-18:00:00,08,19,2002,18,100.16
08.19.2002-21:00:00,08,19,2002,21,114.66
08.20.2002-00:00:00,08,20,2002,00,122.53
08.20.2002-03:00:00,08,20,2002,03,126.77
08.20.2002-06:00:00,08,20,2002,06,119.97
08.20.2002-09:00:00,08,20,2002,09,80.287
08.20.2002-12:00:00,08,20,2002,12,53.364
08.20.2002-15:00:00,08,20,2002,15,67.452
08.20.2002-18:00:00,08,20,2002,18,98.487
08.20.2002-21:00:00,08,20,2002,21,112.26
08.21.2002-00:00:00,08,21,2002,00,120.79
08.21.2002-03:00:00,08,21,2002,03,124.42
08.21.2002-06:00:00,08,21,2002,06,119.41
08.21.2002-09:00:00,08,21,2002,09,77.431
08.21.2002-12:00:00,08,21,2002,12,50.485
08.21.2002-15:00:00,08,21,2002,15,61.058
08.21.2002-18:00:00,08,21,2002,18,96.144
08.21.2002-21:00:00,08,21,2002,21,109.42
08.22.2002-00:00:00,08,22,2002,00,119.25
08.22.2002-03:00:00,08,22,2002,03,121.7
08.22.2002-06:00:00,08,22,2002,06,118.68
08.22.2002-09:00:00,08,22,2002,09,75.599
08.22.2002-12:00:00,08,22,2002,12,48.844
08.22.2002-15:00:00,08,22,2002,15,58.51
08.22.2002-18:00:00,08,22,2002,18,90.099
08.22.2002-21:00:00,08,22,2002,21,106.73
08.23.2002-00:00:00,08,23,2002,00,117.79
08.23.2002-03:00:00,08,23,2002,03,119.22
08.23.2002-06:00:00,08,23,2002,06,117.74
08.23.2002-09:00:00,08,23,2002,09,72.316
08.23.2002-12:00:00,08,23,2002,12,47.138
08.23.2002-15:00:00,08,23,2002,15,55.172
08.23.2002-18:00:00,08,23,2002,18,73.32
08.23.2002-21:00:00,08,23,2002,21,102.76
08.24.2002-00:00:00,08,24,2002,00,114.29
08.24.2002-03:00:00,08,24,2002,03,116.44
08.24.2002-06:00:00,08,24,2002,06,115.82
08.24.2002-09:00:00,08,24,2002,09,72.574
08.24.2002-12:00:00,08,24,2002,12,46.831
08.24.2002-15:00:00,08,24,2002,15,55.023
08.24.2002-18:00:00,08,24,2002,18,74.649
08.24.2002-21:00:00,08,24,2002,21,102.34
08.25.2002-00:00:00,08,25,2002,00,135.58
08.25.2002-03:00:00,08,25,2002,03,157.31
08.25.2002-06:00:00,08,25,2002,06,163.69
08.25.2002-09:00:00,08,25,2002,09,139.41
08.25.2002-12:00:00,08,25,2002,12,111.12
08.25.2002-15:00:00,08,25,2002,15,122.82
08.25.2002-18:00:00,08,25,2002,18,150.42
08.25.2002-21:00:00,08,25,2002,21,172.69
08.26.2002-00:00:00,08,26,2002,00,164.67
08.26.2002-03:00:00,08,26,2002,03,167.1
08.26.2002-06:00:00,08,26,2002,06,155.52
08.26.2002-09:00:00,08,26,2002,09,114.22
08.26.2002-12:00:00,08,26,2002,12,84.667
08.26.2002-15:00:00,08,26,2002,15,93.261
08.26.2002-18:00:00,08,26,2002,18,115.06
08.26.2002-21:00:00,08,26,2002,21,131.88
08.27.2002-00:00:00,08,27,2002,00,132.3
08.27.2002-03:00:00,08,27,2002,03,133.63
08.27.2002-06:00:00,08,27,2002,06,122.17
08.27.2002-09:00:00,08,27,2002,09,77.764
08.27.2002-12:00:00,08,27,2002,12,47.86
08.27.2002-15:00:00,08,27,2002,15,54.977
08.27.2002-18:00:00,08,27,2002,18,84.057
08.27.2002-21:00:00,08,27,2002,21,103.55
08.28.2002-00:00:00,08,28,2002,00,115.49
08.28.2002-03:00:00,08,28,2002,03,116.29
08.28.2002-06:00:00,08,28,2002,06,117.14
08.28.2002-09:00:00,08,28,2002,09,73.238
08.28.2002-12:00:00,08,28,2002,12,46.072
08.28.2002-15:00:00,08,28,2002,15,54.35
08.28.2002-18:00:00,08,28,2002,18,76.417
08.28.2002-21:00:00,08,28,2002,21,101.98
08.29.2002-00:00:00,08,29,2002,00,114.16
08.29.2002-03:00:00,08,29,2002,03,116.35
08.29.2002-06:00:00,08,29,2002,06,114.28
08.29.2002-09:00:00,08,29,2002,09,77.959
08.29.2002-12:00:00,08,29,2002,12,50.785
08.29.2002-15:00:00,08,29,2002,15,62.03
08.29.2002-18:00:00,08,29,2002,18,93.793
08.29.2002-21:00:00,08,29,2002,21,107.51
08.30.2002-00:00:00,08,30,2002,00,116.76
08.30.2002-03:00:00,08,30,2002,03,121
08.30.2002-06:00:00,08,30,2002,06,118.72
08.30.2002-09:00:00,08,30,2002,09,77.414
08.30.2002-12:00:00,08,30,2002,12,48.431
08.30.2002-15:00:00,08,30,2002,15,58.76
08.30.2002-18:00:00,08,30,2002,18,93.932
08.30.2002-21:00:00,08,30,2002,21,107.51
08.31.2002-00:00:00,08,31,2002,00,117.74
08.31.2002-03:00:00,08,31,2002,03,121.25
08.31.2002-06:00:00,08,31,2002,06,120.51
08.31.2002-09:00:00,08,31,2002,09,82.427
08.31.2002-12:00:00,08,31,2002,12,54.306
08.31.2002-15:00:00,08,31,2002,15,69.747
08.31.2002-18:00:00,08,31,2002,18,98.479
08.31.2002-21:00:00,08,31,2002,21,112.08
09.01.2002-00:00:00,09,01,2002,00,116.19
09.01.2002-03:00:00,09,01,2002,03,119.82
09.01.2002-06:00:00,09,01,2002,06,112.68
09.01.2002-09:00:00,09,01,2002,09,93.308
09.01.2002-12:00:00,09,01,2002,12,79.931
09.01.2002-15:00:00,09,01,2002,15,84.78
09.01.2002-18:00:00,09,01,2002,18,98.446
09.01.2002-21:00:00,09,01,2002,21,110.15
09.02.2002-00:00:00,09,02,2002,00,118.01
09.02.2002-03:00:00,09,02,2002,03,120.32
09.02.2002-06:00:00,09,02,2002,06,115.1
09.02.2002-09:00:00,09,02,2002,09,88.264
09.02.2002-12:00:00,09,02,2002,12,58.128
09.02.2002-15:00:00,09,02,2002,15,72.56
09.02.2002-18:00:00,09,02,2002,18,97.873
09.02.2002-21:00:00,09,02,2002,21,108.57
09.03.2002-00:00:00,09,03,2002,00,115.26
09.03.2002-03:00:00,09,03,2002,03,120.2
09.03.2002-06:00:00,09,03,2002,06,114.64
09.03.2002-09:00:00,09,03,2002,09,89.556
09.03.2002-12:00:00,09,03,2002,12,61.44
09.03.2002-15:00:00,09,03,2002,15,77.432
09.03.2002-18:00:00,09,03,2002,18,97.674
09.03.2002-21:00:00,09,03,2002,21,109.96
09.04.2002-00:00:00,09,04,2002,00,116.22
09.04.2002-03:00:00,09,04,2002,03,119.76
09.04.2002-06:00:00,09,04,2002,06,116.23
09.04.2002-09:00:00,09,04,2002,09,90.434
09.04.2002-12:00:00,09,04,2002,12,59.89
09.04.2002-15:00:00,09,04,2002,15,75.456
09.04.2002-18:00:00,09,04,2002,18,98.193
09.04.2002-21:00:00,09,04,2002,21,108.74
09.05.2002-00:00:00,09,05,2002,00,116.98
09.05.2002-03:00:00,09,05,2002,03,120.65
09.05.2002-06:00:00,09,05,2002,06,123.3
09.05.2002-09:00:00,09,05,2002,09,97.043
09.05.2002-12:00:00,09,05,2002,12,63.726
09.05.2002-15:00:00,09,05,2002,15,79.047
09.05.2002-18:00:00,09,05,2002,18,101.87
09.05.2002-21:00:00,09,05,2002,21,112.43
09.06.2002-00:00:00,09,06,2002,00,116.86
09.06.2002-03:00:00,09,06,2002,03,119.9
09.06.2002-06:00:00,09,06,2002,06,117.29
09.06.2002-09:00:00,09,06,2002,09,91.15
09.06.2002-12:00:00,09,06,2002,12,61.132
09.06.2002-15:00:00,09,06,2002,15,76.251
09.06.2002-18:00:00,09,06,2002,18,98.235
09.06.2002-21:00:00,09,06,2002,21,106.45
09.07.2002-00:00:00,09,07,2002,00,113.86
09.07.2002-03:00:00,09,07,2002,03,119.01
09.07.2002-06:00:00,09,07,2002,06,120.76
09.07.2002-09:00:00,09,07,2002,09,134.91
09.07.2002-12:00:00,09,07,2002,12,107.62
09.07.2002-15:00:00,09,07,2002,15,109.12
09.07.2002-18:00:00,09,07,2002,18,114.73
09.07.2002-21:00:00,09,07,2002,21,122.74
09.08.2002-00:00:00,09,08,2002,00,123.75
09.08.2002-03:00:00,09,08,2002,03,123.15
09.08.2002-06:00:00,09,08,2002,06,120.97
09.08.2002-09:00:00,09,08,2002,09,118.17
09.08.2002-12:00:00,09,08,2002,12,92.945
09.08.2002-15:00:00,09,08,2002,15,93.956
09.08.2002-18:00:00,09,08,2002,18,101.56
09.08.2002-21:00:00,09,08,2002,21,111.24
09.09.2002-00:00:00,09,09,2002,00,116.34
09.09.2002-03:00:00,09,09,2002,03,117.55
09.09.2002-06:00:00,09,09,2002,06,114.45
09.09.2002-09:00:00,09,09,2002,09,87.804
09.09.2002-12:00:00,09,09,2002,12,57.464
09.09.2002-15:00:00,09,09,2002,15,68.11
09.09.2002-18:00:00,09,09,2002,18,96.069
09.09.2002-21:00:00,09,09,2002,21,103.32
09.10.2002-00:00:00,09,10,2002,00,110.81
09.10.2002-03:00:00,09,10,2002,03,114.8
09.10.2002-06:00:00,09,10,2002,06,113.07
09.10.2002-09:00:00,09,10,2002,09,86.544
09.10.2002-12:00:00,09,10,2002,12,56.142
09.10.2002-15:00:00,09,10,2002,15,63.396
09.10.2002-18:00:00,09,10,2002,18,92.777
09.10.2002-21:00:00,09,10,2002,21,101.84
09.11.2002-00:00:00,09,11,2002,00,106.91
09.11.2002-03:00:00,09,11,2002,03,111.85
09.11.2002-06:00:00,09,11,2002,06,110.94
09.11.2002-09:00:00,09,11,2002,09,84.001
09.11.2002-12:00:00,09,11,2002,12,54.303
09.11.2002-15:00:00,09,11,2002,15,61.362
09.11.2002-18:00:00,09,11,2002,18,87.405
09.11.2002-21:00:00,09,11,2002,21,100.55
09.12.2002-00:00:00,09,12,2002,00,104.66
09.12.2002-03:00:00,09,12,2002,03,109.22
09.12.2002-06:00:00,09,12,2002,06,108.56
09.12.2002-09:00:00,09,12,2002,09,82.67
09.12.2002-12:00:00,09,12,2002,12,53.773
09.12.2002-15:00:00,09,12,2002,15,60.975
09.12.2002-18:00:00,09,12,2002,18,86.012
09.12.2002-21:00:00,09,12,2002,21,99.881
09.13.2002-00:00:00,09,13,2002,00,104.04
09.13.2002-03:00:00,09,13,2002,03,108.28
09.13.2002-06:00:00,09,13,2002,06,106.92
09.13.2002-09:00:00,09,13,2002,09,80.414
09.13.2002-12:00:00,09,13,2002,12,52.603
09.13.2002-15:00:00,09,13,2002,15,60.102
09.13.2002-18:00:00,09,13,2002,18,82.494
09.13.2002-21:00:00,09,13,2002,21,98.839
09.14.2002-00:00:00,09,14,2002,00,100.58
09.14.2002-03:00:00,09,14,2002,03,106.8
09.14.2002-06:00:00,09,14,2002,06,105.12
09.14.2002-09:00:00,09,14,2002,09,82.271
09.14.2002-12:00:00,09,14,2002,12,53.41
09.14.2002-15:00:00,09,14,2002,15,60.713
09.14.2002-18:00:00,09,14,2002,18,85.533
09.14.2002-21:00:00,09,14,2002,21,98.545
09.15.2002-00:00:00,09,15,2002,00,102.34
09.15.2002-03:00:00,09,15,2002,03,106.63
09.15.2002-06:00:00,09,15,2002,06,104.85
09.15.2002-09:00:00,09,15,2002,09,82.944
09.15.2002-12:00:00,09,15,2002,12,55.835
09.15.2002-15:00:00,09,15,2002,15,68.494
09.15.2002-18:00:00,09,15,2002,18,89.454
09.15.2002-21:00:00,09,15,2002,21,98.447
09.16.2002-00:00:00,09,16,2002,00,103.85
09.16.2002-03:00:00,09,16,2002,03,107.11
09.16.2002-06:00:00,09,16,2002,06,105.09
09.16.2002-09:00:00,09,16,2002,09,82.514
09.16.2002-12:00:00,09,16,2002,12,58.084
09.16.2002-15:00:00,09,16,2002,15,71.063
09.16.2002-18:00:00,09,16,2002,18,89.032
09.16.2002-21:00:00,09,16,2002,21,99.008
09.17.2002-00:00:00,09,17,2002,00,103.22
09.17.2002-03:00:00,09,17,2002,03,106.67
09.17.2002-06:00:00,09,17,2002,06,104.43
09.17.2002-09:00:00,09,17,2002,09,84.973
09.17.2002-12:00:00,09,17,2002,12,67.404
09.17.2002-15:00:00,09,17,2002,15,76.327
09.17.2002-18:00:00,09,17,2002,18,90.945
09.17.2002-21:00:00,09,17,2002,21,100.21
09.18.2002-00:00:00,09,18,2002,00,104.07
09.18.2002-03:00:00,09,18,2002,03,107.66
09.18.2002-06:00:00,09,18,2002,06,105.79
09.18.2002-09:00:00,09,18,2002,09,84.289
09.18.2002-12:00:00,09,18,2002,12,59.965
09.18.2002-15:00:00,09,18,2002,15,73.436
09.18.2002-18:00:00,09,18,2002,18,90.078
09.18.2002-21:00:00,09,18,2002,21,99.596
09.19.2002-00:00:00,09,19,2002,00,102.03
09.19.2002-03:00:00,09,19,2002,03,104.87
09.19.2002-06:00:00,09,19,2002,06,103.84
09.19.2002-09:00:00,09,19,2002,09,81.6
09.19.2002-12:00:00,09,19,2002,12,54.497
09.19.2002-15:00:00,09,19,2002,15,67.292
09.19.2002-18:00:00,09,19,2002,18,87.838
09.19.2002-21:00:00,09,19,2002,21,96.276
09.20.2002-00:00:00,09,20,2002,00,99.349
09.20.2002-03:00:00,09,20,2002,03,101.64
09.20.2002-06:00:00,09,20,2002,06,100.73
09.20.2002-09:00:00,09,20,2002,09,81.699
09.20.2002-12:00:00,09,20,2002,12,55.362
09.20.2002-15:00:00,09,20,2002,15,69.715
09.20.2002-18:00:00,09,20,2002,18,87.97
09.20.2002-21:00:00,09,20,2002,21,96.729
09.21.2002-00:00:00,09,21,2002,00,99.086
09.21.2002-03:00:00,09,21,2002,03,101.16
09.21.2002-06:00:00,09,21,2002,06,101.94
09.21.2002-09:00:00,09,21,2002,09,82.034
09.21.2002-12:00:00,09,21,2002,12,56.93
09.21.2002-15:00:00,09,21,2002,15,70.738
09.21.2002-18:00:00,09,21,2002,18,87.727
09.21.2002-21:00:00,09,21,2002,21,96.106
09.22.2002-00:00:00,09,22,2002,00,99.837
09.22.2002-03:00:00,09,22,2002,03,100.39
09.22.2002-06:00:00,09,22,2002,06,101.78
09.22.2002-09:00:00,09,22,2002,09,81.41
09.22.2002-12:00:00,09,22,2002,12,55.366
09.22.2002-15:00:00,09,22,2002,15,67.209
09.22.2002-18:00:00,09,22,2002,18,86.927
09.22.2002-21:00:00,09,22,2002,21,93.754
09.23.2002-00:00:00,09,23,2002,00,98.504
09.23.2002-03:00:00,09,23,2002,03,100.57
09.23.2002-06:00:00,09,23,2002,06,98.509
09.23.2002-09:00:00,09,23,2002,09,78.193
09.23.2002-12:00:00,09,23,2002,12,53.781
09.23.2002-15:00:00,09,23,2002,15,63.249
09.23.2002-18:00:00,09,23,2002,18,85.891
09.23.2002-21:00:00,09,23,2002,21,93.487
09.24.2002-00:00:00,09,24,2002,00,97.45
09.24.2002-03:00:00,09,24,2002,03,99.153
09.24.2002-06:00:00,09,24,2002,06,97.917
09.24.2002-09:00:00,09,24,2002,09,77.232
09.24.2002-12:00:00,09,24,2002,12,58.869
09.24.2002-15:00:00,09,24,2002,15,72.09
09.24.2002-18:00:00,09,24,2002,18,86.594
09.24.2002-21:00:00,09,24,2002,21,95.127
09.25.2002-00:00:00,09,25,2002,00,97.925
09.25.2002-03:00:00,09,25,2002,03,98.193
09.25.2002-06:00:00,09,25,2002,06,97.383
09.25.2002-09:00:00,09,25,2002,09,76.353
09.25.2002-12:00:00,09,25,2002,12,52.173
09.25.2002-15:00:00,09,25,2002,15,63.386
09.25.2002-18:00:00,09,25,2002,18,84.658
09.25.2002-21:00:00,09,25,2002,21,92.775
09.26.2002-00:00:00,09,26,2002,00,96.418
09.26.2002-03:00:00,09,26,2002,03,97.956
09.26.2002-06:00:00,09,26,2002,06,95.63
09.26.2002-09:00:00,09,26,2002,09,79.902
09.26.2002-12:00:00,09,26,2002,12,67.287
09.26.2002-15:00:00,09,26,2002,15,77.091
09.26.2002-18:00:00,09,26,2002,18,88.275
09.26.2002-21:00:00,09,26,2002,21,95.414
09.27.2002-00:00:00,09,27,2002,00,97.292
09.27.2002-03:00:00,09,27,2002,03,97.954
09.27.2002-06:00:00,09,27,2002,06,96.374
09.27.2002-09:00:00,09,27,2002,09,78.006
09.27.2002-12:00:00,09,27,2002,12,53.923
09.27.2002-15:00:00,09,27,2002,15,70.445
09.27.2002-18:00:00,09,27,2002,18,84.8
09.27.2002-21:00:00,09,27,2002,21,94.011
09.28.2002-00:00:00,09,28,2002,00,95.84
09.28.2002-03:00:00,09,28,2002,03,97.291
09.28.2002-06:00:00,09,28,2002,06,96.842
09.28.2002-09:00:00,09,28,2002,09,76.981
09.28.2002-12:00:00,09,28,2002,12,54.884
09.28.2002-15:00:00,09,28,2002,15,70.912
09.28.2002-18:00:00,09,28,2002,18,84.728
09.28.2002-21:00:00,09,28,2002,21,93.33
09.29.2002-00:00:00,09,29,2002,00,95.493
09.29.2002-03:00:00,09,29,2002,03,96.854
09.29.2002-06:00:00,09,29,2002,06,94.223
09.29.2002-09:00:00,09,29,2002,09,80.877
09.29.2002-12:00:00,09,29,2002,12,70.17
09.29.2002-15:00:00,09,29,2002,15,78.136
09.29.2002-18:00:00,09,29,2002,18,87.946
09.29.2002-21:00:00,09,29,2002,21,94.376
09.30.2002-00:00:00,09,30,2002,00,96.017
09.30.2002-03:00:00,09,30,2002,03,96.076
09.30.2002-06:00:00,09,30,2002,06,95.032
09.30.2002-09:00:00,09,30,2002,09,80.73
09.30.2002-12:00:00,09,30,2002,12,70.363
09.30.2002-15:00:00,09,30,2002,15,78.294
09.30.2002-18:00:00,09,30,2002,18,88.172
09.30.2002-21:00:00,09,30,2002,21,93.817
