TIMESTAMP,MONTH,DAY,YEAR,HOUR,C
10.01.2001-00:00:00,10,01,2001,00,2749.1
10.01.2001-03:00:00,10,01,2001,03,2760.5
10.01.2001-06:00:00,10,01,2001,06,2658.3
10.01.2001-09:00:00,10,01,2001,09,2399.9
10.01.2001-12:00:00,10,01,2001,12,2278.9
10.01.2001-15:00:00,10,01,2001,15,2415.2
10.01.2001-18:00:00,10,01,2001,18,2555
10.01.2001-21:00:00,10,01,2001,21,2596.2
10.02.2001-00:00:00,10,02,2001,00,2632.6
10.02.2001-03:00:00,10,02,2001,03,2643.9
10.02.2001-06:00:00,10,02,2001,06,2552.4
10.02.2001-09:00:00,10,02,2001,09,2293.7
10.02.2001-12:00:00,10,02,2001,12,2199.7
10.02.2001-15:00:00,10,02,2001,15,2326.4
10.02.2001-18:00:00,10,02,2001,18,2475.8
10.02.2001-21:00:00,10,02,2001,21,2524.8
10.03.2001-00:00:00,10,03,2001,00,2548.1
10.03.2001-03:00:00,10,03,2001,03,2561.6
10.03.2001-06:00:00,10,03,2001,06,2508.3
10.03.2001-09:00:00,10,03,2001,09,2275.9
10.03.2001-12:00:00,10,03,2001,12,2184.1
10.03.2001-15:00:00,10,03,2001,15,2304.8
10.03.2001-18:00:00,10,03,2001,18,2440.4
10.03.2001-21:00:00,10,03,2001,21,2487.4
10.04.2001-00:00:00,10,04,2001,00,2511.6
10.04.2001-03:00:00,10,04,2001,03,2526.5
10.04.2001-06:00:00,10,04,2001,06,2479
10.04.2001-09:00:00,10,04,2001,09,2252.5
10.04.2001-12:00:00,10,04,2001,12,2163.6
10.04.2001-15:00:00,10,04,2001,15,2283.1
10.04.2001-18:00:00,10,04,2001,18,2410
10.04.2001-21:00:00,10,04,2001,21,2453.4
10.05.2001-00:00:00,10,05,2001,00,2477.7
10.05.2001-03:00:00,10,05,2001,03,2491.1
10.05.2001-06:00:00,10,05,2001,06,2467.2
10.05.2001-09:00:00,10,05,2001,09,2238.1
10.05.2001-12:00:00,10,05,2001,12,2151.1
10.05.2001-15:00:00,10,05,2001,15,2270.9
10.05.2001-18:00:00,10,05,2001,18,2386.7
10.05.2001-21:00:00,10,05,2001,21,2425.4
10.06.2001-00:00:00,10,06,2001,00,2450.5
10.06.2001-03:00:00,10,06,2001,03,2460.6
10.06.2001-06:00:00,10,06,2001,06,2457.8
10.06.2001-09:00:00,10,06,2001,09,2222.6
10.06.2001-12:00:00,10,06,2001,12,2130.5
10.06.2001-15:00:00,10,06,2001,15,2250.7
10.06.2001-18:00:00,10,06,2001,18,2360.2
10.06.2001-21:00:00,10,06,2001,21,2394.8
10.07.2001-00:00:00,10,07,2001,00,2417.7
10.07.2001-03:00:00,10,07,2001,03,2428.5
10.07.2001-06:00:00,10,07,2001,06,2421.3
10.07.2001-09:00:00,10,07,2001,09,2198.9
10.07.2001-12:00:00,10,07,2001,12,2112.6
10.07.2001-15:00:00,10,07,2001,15,2226.7
10.07.2001-18:00:00,10,07,2001,18,2331.8
10.07.2001-21:00:00,10,07,2001,21,2363.8
10.08.2001-00:00:00,10,08,2001,00,2384.3
10.08.2001-03:00:00,10,08,2001,03,2395.1
10.08.2001-06:00:00,10,08,2001,06,2397.2
10.08.2001-09:00:00,10,08,2001,09,2236.3
10.08.2001-12:00:00,10,08,2001,12,2169
10.08.2001-15:00:00,10,08,2001,15,2261.9
10.08.2001-18:00:00,10,08,2001,18,2342.3
10.08.2001-21:00:00,10,08,2001,21,2370.5
10.09.2001-00:00:00,10,09,2001,00,2378.5
10.09.2001-03:00:00,10,09,2001,03,2379.3
10.09.2001-06:00:00,10,09,2001,06,2368.3
10.09.2001-09:00:00,10,09,2001,09,2209.9
10.09.2001-12:00:00,10,09,2001,12,2145.4
10.09.2001-15:00:00,10,09,2001,15,2235.2
10.09.2001-18:00:00,10,09,2001,18,2311.5
10.09.2001-21:00:00,10,09,2001,21,2341
10.10.2001-00:00:00,10,10,2001,00,2353.4
10.10.2001-03:00:00,10,10,2001,03,2355.3
10.10.2001-06:00:00,10,10,2001,06,2353.2
10.10.2001-09:00:00,10,10,2001,09,3307.7
10.10.2001-12:00:00,10,10,2001,12,4116.6
10.10.2001-15:00:00,10,10,2001,15,3236.9
10.10.2001-18:00:00,10,10,2001,18,2704.6
10.10.2001-21:00:00,10,10,2001,21,2562.7
10.11.2001-00:00:00,10,11,2001,00,2509.1
10.11.2001-03:00:00,10,11,2001,03,2498.7
10.11.2001-06:00:00,10,11,2001,06,2468.1
10.11.2001-09:00:00,10,11,2001,09,2440.4
10.11.2001-12:00:00,10,11,2001,12,2408.3
10.11.2001-15:00:00,10,11,2001,15,2431.6
10.11.2001-18:00:00,10,11,2001,18,2410.4
10.11.2001-21:00:00,10,11,2001,21,2405.5
10.12.2001-00:00:00,10,12,2001,00,2394.1
10.12.2001-03:00:00,10,12,2001,03,2393.4
10.12.2001-06:00:00,10,12,2001,06,2382.9
10.12.2001-09:00:00,10,12,2001,09,2492.6
10.12.2001-12:00:00,10,12,2001,12,3170.9
10.12.2001-15:00:00,10,12,2001,15,2658.7
10.12.2001-18:00:00,10,12,2001,18,2540.2
10.12.2001-21:00:00,10,12,2001,21,2589.8
10.13.2001-00:00:00,10,13,2001,00,2538.4
10.13.2001-03:00:00,10,13,2001,03,2521.9
10.13.2001-06:00:00,10,13,2001,06,2478.3
10.13.2001-09:00:00,10,13,2001,09,2729.3
10.13.2001-12:00:00,10,13,2001,12,3484.4
10.13.2001-15:00:00,10,13,2001,15,2724.5
10.13.2001-18:00:00,10,13,2001,18,2511.4
10.13.2001-21:00:00,10,13,2001,21,2467.7
10.14.2001-00:00:00,10,14,2001,00,2457.3
10.14.2001-03:00:00,10,14,2001,03,2437.2
10.14.2001-06:00:00,10,14,2001,06,2414.2
10.14.2001-09:00:00,10,14,2001,09,2496.8
10.14.2001-12:00:00,10,14,2001,12,2558.7
10.14.2001-15:00:00,10,14,2001,15,2451.9
10.14.2001-18:00:00,10,14,2001,18,2400.7
10.14.2001-21:00:00,10,14,2001,21,2397.7
10.15.2001-00:00:00,10,15,2001,00,2392.9
10.15.2001-03:00:00,10,15,2001,03,2428.9
10.15.2001-06:00:00,10,15,2001,06,2380.5
10.15.2001-09:00:00,10,15,2001,09,2285.8
10.15.2001-12:00:00,10,15,2001,12,2258.3
10.15.2001-15:00:00,10,15,2001,15,2267.6
10.15.2001-18:00:00,10,15,2001,18,2267.2
10.15.2001-21:00:00,10,15,2001,21,2297
10.16.2001-00:00:00,10,16,2001,00,2298.1
10.16.2001-03:00:00,10,16,2001,03,2324.2
10.16.2001-06:00:00,10,16,2001,06,2294.5
10.16.2001-09:00:00,10,16,2001,09,2171.2
10.16.2001-12:00:00,10,16,2001,12,2078.7
10.16.2001-15:00:00,10,16,2001,15,2161.4
10.16.2001-18:00:00,10,16,2001,18,2219.1
10.16.2001-21:00:00,10,16,2001,21,2234.9
10.17.2001-00:00:00,10,17,2001,00,2247.2
10.17.2001-03:00:00,10,17,2001,03,2246.8
10.17.2001-06:00:00,10,17,2001,06,2247
10.17.2001-09:00:00,10,17,2001,09,2076.1
10.17.2001-12:00:00,10,17,2001,12,2002.1
10.17.2001-15:00:00,10,17,2001,15,2089.5
10.17.2001-18:00:00,10,17,2001,18,2156.1
10.17.2001-21:00:00,10,17,2001,21,2177.9
10.18.2001-00:00:00,10,18,2001,00,2184.7
10.18.2001-03:00:00,10,18,2001,03,2185.3
10.18.2001-06:00:00,10,18,2001,06,2192.2
10.18.2001-09:00:00,10,18,2001,09,2110.6
10.18.2001-12:00:00,10,18,2001,12,2054.5
10.18.2001-15:00:00,10,18,2001,15,2118.8
10.18.2001-18:00:00,10,18,2001,18,2163.2
10.18.2001-21:00:00,10,18,2001,21,2170.2
10.19.2001-00:00:00,10,19,2001,00,2172.6
10.19.2001-03:00:00,10,19,2001,03,2177.5
10.19.2001-06:00:00,10,19,2001,06,2173.5
10.19.2001-09:00:00,10,19,2001,09,2044.5
10.19.2001-12:00:00,10,19,2001,12,1979.8
10.19.2001-15:00:00,10,19,2001,15,2052.6
10.19.2001-18:00:00,10,19,2001,18,2113.1
10.19.2001-21:00:00,10,19,2001,21,2125.5
10.20.2001-00:00:00,10,20,2001,00,2130
10.20.2001-03:00:00,10,20,2001,03,2134.1
10.20.2001-06:00:00,10,20,2001,06,2139.9
10.20.2001-09:00:00,10,20,2001,09,1996.3
10.20.2001-12:00:00,10,20,2001,12,1923.3
10.20.2001-15:00:00,10,20,2001,15,2003.7
10.20.2001-18:00:00,10,20,2001,18,2070.7
10.20.2001-21:00:00,10,20,2001,21,2086.3
10.21.2001-00:00:00,10,21,2001,00,2090.3
10.21.2001-03:00:00,10,21,2001,03,2092.7
10.21.2001-06:00:00,10,21,2001,06,2097.6
10.21.2001-09:00:00,10,21,2001,09,1990
10.21.2001-12:00:00,10,21,2001,12,1924.3
10.21.2001-15:00:00,10,21,2001,15,1996.8
10.21.2001-18:00:00,10,21,2001,18,2049
10.21.2001-21:00:00,10,21,2001,21,2063.1
10.22.2001-00:00:00,10,22,2001,00,2105.1
10.22.2001-03:00:00,10,22,2001,03,2096
10.22.2001-06:00:00,10,22,2001,06,2102
10.22.2001-09:00:00,10,22,2001,09,2986.8
10.22.2001-12:00:00,10,22,2001,12,4202.6
10.22.2001-15:00:00,10,22,2001,15,3532.7
10.22.2001-18:00:00,10,22,2001,18,2819.8
10.22.2001-21:00:00,10,22,2001,21,2514.9
10.23.2001-00:00:00,10,23,2001,00,2268.8
10.23.2001-03:00:00,10,23,2001,03,2210.7
10.23.2001-06:00:00,10,23,2001,06,2200.7
10.23.2001-09:00:00,10,23,2001,09,2395.1
10.23.2001-12:00:00,10,23,2001,12,3620.5
10.23.2001-15:00:00,10,23,2001,15,3268.6
10.23.2001-18:00:00,10,23,2001,18,2697.2
10.23.2001-21:00:00,10,23,2001,21,2361
10.24.2001-00:00:00,10,24,2001,00,2246.4
10.24.2001-03:00:00,10,24,2001,03,2232.3
10.24.2001-06:00:00,10,24,2001,06,2228.3
10.24.2001-09:00:00,10,24,2001,09,2227.5
10.24.2001-12:00:00,10,24,2001,12,2215.6
10.24.2001-15:00:00,10,24,2001,15,2214.9
10.24.2001-18:00:00,10,24,2001,18,2213.8
10.24.2001-21:00:00,10,24,2001,21,2205.6
10.25.2001-00:00:00,10,25,2001,00,2200.7
10.25.2001-03:00:00,10,25,2001,03,2200.6
10.25.2001-06:00:00,10,25,2001,06,2190.9
10.25.2001-09:00:00,10,25,2001,09,2169
10.25.2001-12:00:00,10,25,2001,12,2149
10.25.2001-15:00:00,10,25,2001,15,2166.3
10.25.2001-18:00:00,10,25,2001,18,2171.7
10.25.2001-21:00:00,10,25,2001,21,2173.8
10.26.2001-00:00:00,10,26,2001,00,2164.6
10.26.2001-03:00:00,10,26,2001,03,2161.6
10.26.2001-06:00:00,10,26,2001,06,2160.3
10.26.2001-09:00:00,10,26,2001,09,2152.2
10.26.2001-12:00:00,10,26,2001,12,2147.3
10.26.2001-15:00:00,10,26,2001,15,2148.4
10.26.2001-18:00:00,10,26,2001,18,2139.5
10.26.2001-21:00:00,10,26,2001,21,2136.5
10.27.2001-00:00:00,10,27,2001,00,2135.2
10.27.2001-03:00:00,10,27,2001,03,2127.8
10.27.2001-06:00:00,10,27,2001,06,2122.9
10.27.2001-09:00:00,10,27,2001,09,2075.8
10.27.2001-12:00:00,10,27,2001,12,2035.3
10.27.2001-15:00:00,10,27,2001,15,2075.4
10.27.2001-18:00:00,10,27,2001,18,2101.3
10.27.2001-21:00:00,10,27,2001,21,2098.3
10.28.2001-00:00:00,10,28,2001,00,2095.3
10.28.2001-03:00:00,10,28,2001,03,2097.4
10.28.2001-06:00:00,10,28,2001,06,2088.9
10.28.2001-09:00:00,10,28,2001,09,2028.6
10.28.2001-12:00:00,10,28,2001,12,1985.1
10.28.2001-15:00:00,10,28,2001,15,2035.3
10.28.2001-18:00:00,10,28,2001,18,2057
10.28.2001-21:00:00,10,28,2001,21,2064.8
10.29.2001-00:00:00,10,29,2001,00,2060.8
10.29.2001-03:00:00,10,29,2001,03,2056.4
10.29.2001-06:00:00,10,29,2001,06,2055.6
10.29.2001-09:00:00,10,29,2001,09,2042.8
10.29.2001-12:00:00,10,29,2001,12,2015
10.29.2001-15:00:00,10,29,2001,15,2037.5
10.29.2001-18:00:00,10,29,2001,18,2034.7
10.29.2001-21:00:00,10,29,2001,21,2033
10.30.2001-00:00:00,10,30,2001,00,2032.5
10.30.2001-03:00:00,10,30,2001,03,2025.7
10.30.2001-06:00:00,10,30,2001,06,2021.2
10.30.2001-09:00:00,10,30,2001,09,2016.8
10.30.2001-12:00:00,10,30,2001,12,1998.4
10.30.2001-15:00:00,10,30,2001,15,2008.1
10.30.2001-18:00:00,10,30,2001,18,2011.9
10.30.2001-21:00:00,10,30,2001,21,2006.3
10.31.2001-00:00:00,10,31,2001,00,2002.2
10.31.2001-03:00:00,10,31,2001,03,2003.4
10.31.2001-06:00:00,10,31,2001,06,1995.1
10.31.2001-09:00:00,10,31,2001,09,1991.6
10.31.2001-12:00:00,10,31,2001,12,1998.3
10.31.2001-15:00:00,10,31,2001,15,1985.8
10.31.2001-18:00:00,10,31,2001,18,1981
10.31.2001-21:00:00,10,31,2001,21,1982.6
11.01.2001-00:00:00,11,01,2001,00,1982.7
11.01.2001-03:00:00,11,01,2001,03,1972.6
11.01.2001-06:00:00,11,01,2001,06,1969.9
11.01.2001-09:00:00,11,01,2001,09,1955.9
11.01.2001-12:00:00,11,01,2001,12,1941.1
11.01.2001-15:00:00,11,01,2001,15,1953.1
11.01.2001-18:00:00,11,01,2001,18,1950
11.01.2001-21:00:00,11,01,2001,21,1948.7
11.02.2001-00:00:00,11,02,2001,00,1955.9
11.02.2001-03:00:00,11,02,2001,03,1943.6
11.02.2001-06:00:00,11,02,2001,06,1937.1
11.02.2001-09:00:00,11,02,2001,09,1902.1
11.02.2001-12:00:00,11,02,2001,12,1881.1
11.02.2001-15:00:00,11,02,2001,15,1905.2
11.02.2001-18:00:00,11,02,2001,18,1919
11.02.2001-21:00:00,11,02,2001,21,1917.8
11.03.2001-00:00:00,11,03,2001,00,1922.1
11.03.2001-03:00:00,11,03,2001,03,1918.6
11.03.2001-06:00:00,11,03,2001,06,1909.4
11.03.2001-09:00:00,11,03,2001,09,1848.9
11.03.2001-12:00:00,11,03,2001,12,1830.5
11.03.2001-15:00:00,11,03,2001,15,1860.7
11.03.2001-18:00:00,11,03,2001,18,1899.6
11.03.2001-21:00:00,11,03,2001,21,1939.5
11.04.2001-00:00:00,11,04,2001,00,1969.6
11.04.2001-03:00:00,11,04,2001,03,1914
11.04.2001-06:00:00,11,04,2001,06,1892.9
11.04.2001-09:00:00,11,04,2001,09,1830
11.04.2001-12:00:00,11,04,2001,12,1810.7
11.04.2001-15:00:00,11,04,2001,15,1860.9
11.04.2001-18:00:00,11,04,2001,18,1902.9
11.04.2001-21:00:00,11,04,2001,21,1974.9
11.05.2001-00:00:00,11,05,2001,00,2016.3
11.05.2001-03:00:00,11,05,2001,03,1953.8
11.05.2001-06:00:00,11,05,2001,06,1913.9
11.05.2001-09:00:00,11,05,2001,09,1832.6
11.05.2001-12:00:00,11,05,2001,12,1836.6
11.05.2001-15:00:00,11,05,2001,15,1891.6
11.05.2001-18:00:00,11,05,2001,18,1954.5
11.05.2001-21:00:00,11,05,2001,21,2091.8
11.06.2001-00:00:00,11,06,2001,00,2116.6
11.06.2001-03:00:00,11,06,2001,03,2072.4
11.06.2001-06:00:00,11,06,2001,06,1949.9
11.06.2001-09:00:00,11,06,2001,09,1946.2
11.06.2001-12:00:00,11,06,2001,12,1883.5
11.06.2001-15:00:00,11,06,2001,15,1887.1
11.06.2001-18:00:00,11,06,2001,18,1909.8
11.06.2001-21:00:00,11,06,2001,21,2008.4
11.07.2001-00:00:00,11,07,2001,00,2021.4
11.07.2001-03:00:00,11,07,2001,03,1981.2
11.07.2001-06:00:00,11,07,2001,06,1904.8
11.07.2001-09:00:00,11,07,2001,09,1885.1
11.07.2001-12:00:00,11,07,2001,12,1846.7
11.07.2001-15:00:00,11,07,2001,15,1850.3
11.07.2001-18:00:00,11,07,2001,18,1833.9
11.07.2001-21:00:00,11,07,2001,21,1859.8
11.08.2001-00:00:00,11,08,2001,00,1854.9
11.08.2001-03:00:00,11,08,2001,03,1837.2
11.08.2001-06:00:00,11,08,2001,06,1810
11.08.2001-09:00:00,11,08,2001,09,1816.8
11.08.2001-12:00:00,11,08,2001,12,1799.6
11.08.2001-15:00:00,11,08,2001,15,1804.8
11.08.2001-18:00:00,11,08,2001,18,1796.3
11.08.2001-21:00:00,11,08,2001,21,1799.3
11.09.2001-00:00:00,11,09,2001,00,1785.6
11.09.2001-03:00:00,11,09,2001,03,1793.1
11.09.2001-06:00:00,11,09,2001,06,1783.7
11.09.2001-09:00:00,11,09,2001,09,1783
11.09.2001-12:00:00,11,09,2001,12,1754.1
11.09.2001-15:00:00,11,09,2001,15,1774.5
11.09.2001-18:00:00,11,09,2001,18,1770
11.09.2001-21:00:00,11,09,2001,21,1794.3
11.10.2001-00:00:00,11,10,2001,00,1778.8
11.10.2001-03:00:00,11,10,2001,03,1773.2
11.10.2001-06:00:00,11,10,2001,06,1759.8
11.10.2001-09:00:00,11,10,2001,09,1752.4
11.10.2001-12:00:00,11,10,2001,12,1745.9
11.10.2001-15:00:00,11,10,2001,15,1744.2
11.10.2001-18:00:00,11,10,2001,18,1748.6
11.10.2001-21:00:00,11,10,2001,21,1750.7
11.11.2001-00:00:00,11,11,2001,00,1737.7
11.11.2001-03:00:00,11,11,2001,03,1737.2
11.11.2001-06:00:00,11,11,2001,06,1744.6
11.11.2001-09:00:00,11,11,2001,09,1715.5
11.11.2001-12:00:00,11,11,2001,12,1695.6
11.11.2001-15:00:00,11,11,2001,15,1721.9
11.11.2001-18:00:00,11,11,2001,18,1722.3
11.11.2001-21:00:00,11,11,2001,21,1756.9
11.12.2001-00:00:00,11,12,2001,00,1770.7
11.12.2001-03:00:00,11,12,2001,03,1738.8
11.12.2001-06:00:00,11,12,2001,06,1718.8
11.12.2001-09:00:00,11,12,2001,09,1687.3
11.12.2001-12:00:00,11,12,2001,12,1657.8
11.12.2001-15:00:00,11,12,2001,15,1680.3
11.12.2001-18:00:00,11,12,2001,18,1750.6
11.12.2001-21:00:00,11,12,2001,21,1824.4
11.13.2001-00:00:00,11,13,2001,00,1838.3
11.13.2001-03:00:00,11,13,2001,03,1790.9
11.13.2001-06:00:00,11,13,2001,06,1732.7
11.13.2001-09:00:00,11,13,2001,09,1737.2
11.13.2001-12:00:00,11,13,2001,12,1789.9
11.13.2001-15:00:00,11,13,2001,15,1879.8
11.13.2001-18:00:00,11,13,2001,18,1840.2
11.13.2001-21:00:00,11,13,2001,21,1795.4
11.14.2001-00:00:00,11,14,2001,00,1783.6
11.14.2001-03:00:00,11,14,2001,03,1773.5
11.14.2001-06:00:00,11,14,2001,06,1777.2
11.14.2001-09:00:00,11,14,2001,09,2010
11.14.2001-12:00:00,11,14,2001,12,2399.1
11.14.2001-15:00:00,11,14,2001,15,2472.9
11.14.2001-18:00:00,11,14,2001,18,2423
11.14.2001-21:00:00,11,14,2001,21,2360.8
11.15.2001-00:00:00,11,15,2001,00,1901.5
11.15.2001-03:00:00,11,15,2001,03,1855.1
11.15.2001-06:00:00,11,15,2001,06,1846.4
11.15.2001-09:00:00,11,15,2001,09,1820.8
11.15.2001-12:00:00,11,15,2001,12,1819.3
11.15.2001-15:00:00,11,15,2001,15,1851.2
11.15.2001-18:00:00,11,15,2001,18,1849.8
11.15.2001-21:00:00,11,15,2001,21,1853.7
11.16.2001-00:00:00,11,16,2001,00,1833.3
11.16.2001-03:00:00,11,16,2001,03,1827.1
11.16.2001-06:00:00,11,16,2001,06,1832.6
11.16.2001-09:00:00,11,16,2001,09,1798.6
11.16.2001-12:00:00,11,16,2001,12,1803.3
11.16.2001-15:00:00,11,16,2001,15,1849.7
11.16.2001-18:00:00,11,16,2001,18,1829
11.16.2001-21:00:00,11,16,2001,21,1821.7
11.17.2001-00:00:00,11,17,2001,00,1809.8
11.17.2001-03:00:00,11,17,2001,03,1811.3
11.17.2001-06:00:00,11,17,2001,06,1803.9
11.17.2001-09:00:00,11,17,2001,09,1771.1
11.17.2001-12:00:00,11,17,2001,12,1754.8
11.17.2001-15:00:00,11,17,2001,15,1795.3
11.17.2001-18:00:00,11,17,2001,18,1798.5
11.17.2001-21:00:00,11,17,2001,21,1784.8
11.18.2001-00:00:00,11,18,2001,00,1780.7
11.18.2001-03:00:00,11,18,2001,03,1785.9
11.18.2001-06:00:00,11,18,2001,06,1777.2
11.18.2001-09:00:00,11,18,2001,09,1767.2
11.18.2001-12:00:00,11,18,2001,12,1743.3
11.18.2001-15:00:00,11,18,2001,15,1766.1
11.18.2001-18:00:00,11,18,2001,18,1762.5
11.18.2001-21:00:00,11,18,2001,21,1760.7
11.19.2001-00:00:00,11,19,2001,00,1761.4
11.19.2001-03:00:00,11,19,2001,03,1764.7
11.19.2001-06:00:00,11,19,2001,06,1754.6
11.19.2001-09:00:00,11,19,2001,09,1750.6
11.19.2001-12:00:00,11,19,2001,12,1746.9
11.19.2001-15:00:00,11,19,2001,15,1758
11.19.2001-18:00:00,11,19,2001,18,1746
11.19.2001-21:00:00,11,19,2001,21,1741
11.20.2001-00:00:00,11,20,2001,00,1737.6
11.20.2001-03:00:00,11,20,2001,03,1737.8
11.20.2001-06:00:00,11,20,2001,06,1744.2
11.20.2001-09:00:00,11,20,2001,09,1733.4
11.20.2001-12:00:00,11,20,2001,12,1727.6
11.20.2001-15:00:00,11,20,2001,15,1725.4
11.20.2001-18:00:00,11,20,2001,18,1724.2
11.20.2001-21:00:00,11,20,2001,21,1732.5
11.21.2001-00:00:00,11,21,2001,00,1720.4
11.21.2001-03:00:00,11,21,2001,03,1715.5
11.21.2001-06:00:00,11,21,2001,06,1712.1
11.21.2001-09:00:00,11,21,2001,09,1710.7
11.21.2001-12:00:00,11,21,2001,12,1717.3
11.21.2001-15:00:00,11,21,2001,15,1707.7
11.21.2001-18:00:00,11,21,2001,18,1702.2
11.21.2001-21:00:00,11,21,2001,21,1700.1
11.22.2001-00:00:00,11,22,2001,00,1698.2
11.22.2001-03:00:00,11,22,2001,03,1707.1
11.22.2001-06:00:00,11,22,2001,06,1695.5
11.22.2001-09:00:00,11,22,2001,09,1690
11.22.2001-12:00:00,11,22,2001,12,1686.6
11.22.2001-15:00:00,11,22,2001,15,1691.3
11.22.2001-18:00:00,11,22,2001,18,1710.7
11.22.2001-21:00:00,11,22,2001,21,1706.5
11.23.2001-00:00:00,11,23,2001,00,1687.7
11.23.2001-03:00:00,11,23,2001,03,1684.4
11.23.2001-06:00:00,11,23,2001,06,1682.1
11.23.2001-09:00:00,11,23,2001,09,1686.1
11.23.2001-12:00:00,11,23,2001,12,1677.5
11.23.2001-15:00:00,11,23,2001,15,1679.1
11.23.2001-18:00:00,11,23,2001,18,1673.2
11.23.2001-21:00:00,11,23,2001,21,1670.8
11.24.2001-00:00:00,11,24,2001,00,1674.6
11.24.2001-03:00:00,11,24,2001,03,1667.4
11.24.2001-06:00:00,11,24,2001,06,1662.9
11.24.2001-09:00:00,11,24,2001,09,1664.8
11.24.2001-12:00:00,11,24,2001,12,1656.5
11.24.2001-15:00:00,11,24,2001,15,1663
11.24.2001-18:00:00,11,24,2001,18,1654.9
11.24.2001-21:00:00,11,24,2001,21,1651.5
11.25.2001-00:00:00,11,25,2001,00,1648.4
11.25.2001-03:00:00,11,25,2001,03,1647.3
11.25.2001-06:00:00,11,25,2001,06,1648.9
11.25.2001-09:00:00,11,25,2001,09,1650.6
11.25.2001-12:00:00,11,25,2001,12,1640.8
11.25.2001-15:00:00,11,25,2001,15,1637.6
11.25.2001-18:00:00,11,25,2001,18,1634.6
11.25.2001-21:00:00,11,25,2001,21,1632.8
11.26.2001-00:00:00,11,26,2001,00,1631.4
11.26.2001-03:00:00,11,26,2001,03,1639.7
11.26.2001-06:00:00,11,26,2001,06,1628.4
11.26.2001-09:00:00,11,26,2001,09,1624.1
11.26.2001-12:00:00,11,26,2001,12,1620.9
11.26.2001-15:00:00,11,26,2001,15,1619.3
11.26.2001-18:00:00,11,26,2001,18,1617.1
11.26.2001-21:00:00,11,26,2001,21,1622.3
11.27.2001-00:00:00,11,27,2001,00,1617.1
11.27.2001-03:00:00,11,27,2001,03,1612.4
11.27.2001-06:00:00,11,27,2001,06,1607.6
11.27.2001-09:00:00,11,27,2001,09,1606.8
11.27.2001-12:00:00,11,27,2001,12,1603.4
11.27.2001-15:00:00,11,27,2001,15,1608.4
11.27.2001-18:00:00,11,27,2001,18,1601.4
11.27.2001-21:00:00,11,27,2001,21,1597.7
11.28.2001-00:00:00,11,28,2001,00,1597.7
11.28.2001-03:00:00,11,28,2001,03,1593.3
11.28.2001-06:00:00,11,28,2001,06,1589.8
11.28.2001-09:00:00,11,28,2001,09,1595.1
11.28.2001-12:00:00,11,28,2001,12,1587.1
11.28.2001-15:00:00,11,28,2001,15,1583.8
11.28.2001-18:00:00,11,28,2001,18,1581
11.28.2001-21:00:00,11,28,2001,21,1579.5
11.29.2001-00:00:00,11,29,2001,00,1580.2
11.29.2001-03:00:00,11,29,2001,03,1577.1
11.29.2001-06:00:00,11,29,2001,06,1579.4
11.29.2001-09:00:00,11,29,2001,09,1572.4
11.29.2001-12:00:00,11,29,2001,12,1568.3
11.29.2001-15:00:00,11,29,2001,15,1566.9
11.29.2001-18:00:00,11,29,2001,18,1564.4
11.29.2001-21:00:00,11,29,2001,21,1562.7
11.30.2001-00:00:00,11,30,2001,00,1561
11.30.2001-03:00:00,11,30,2001,03,1569.5
11.30.2001-06:00:00,11,30,2001,06,1558.7
11.30.2001-09:00:00,11,30,2001,09,1554.4
11.30.2001-12:00:00,11,30,2001,12,1550.2
11.30.2001-15:00:00,11,30,2001,15,1549.5
11.30.2001-18:00:00,11,30,2001,18,1547
11.30.2001-21:00:00,11,30,2001,21,1546
12.01.2001-00:00:00,12,01,2001,00,1549.5
12.01.2001-03:00:00,12,01,2001,03,1543
12.01.2001-06:00:00,12,01,2001,06,1538.9
12.01.2001-09:00:00,12,01,2001,09,1537.5
12.01.2001-12:00:00,12,01,2001,12,1538
12.01.2001-15:00:00,12,01,2001,15,1533.9
12.01.2001-18:00:00,12,01,2001,18,1530.6
12.01.2001-21:00:00,12,01,2001,21,1535.7
12.02.2001-00:00:00,12,02,2001,00,1527.9
12.02.2001-03:00:00,12,02,2001,03,1524.7
12.02.2001-06:00:00,12,02,2001,06,1522
12.02.2001-09:00:00,12,02,2001,09,1520.4
12.02.2001-12:00:00,12,02,2001,12,1517
12.02.2001-15:00:00,12,02,2001,15,1516.1
12.02.2001-18:00:00,12,02,2001,18,1514.1
12.02.2001-21:00:00,12,02,2001,21,1519
12.03.2001-00:00:00,12,03,2001,00,1514.5
12.03.2001-03:00:00,12,03,2001,03,1508.9
12.03.2001-06:00:00,12,03,2001,06,1505.3
12.03.2001-09:00:00,12,03,2001,09,1503.6
12.03.2001-12:00:00,12,03,2001,12,1501.1
12.03.2001-15:00:00,12,03,2001,15,1499.6
12.03.2001-18:00:00,12,03,2001,18,1497.2
12.03.2001-21:00:00,12,03,2001,21,1502.1
12.04.2001-00:00:00,12,04,2001,00,1494.6
12.04.2001-03:00:00,12,04,2001,03,1491.5
12.04.2001-06:00:00,12,04,2001,06,1488.8
12.04.2001-09:00:00,12,04,2001,09,1487.4
12.04.2001-12:00:00,12,04,2001,12,1484.6
12.04.2001-15:00:00,12,04,2001,15,1483.3
12.04.2001-18:00:00,12,04,2001,18,1480.7
12.04.2001-21:00:00,12,04,2001,21,1479.9
12.05.2001-00:00:00,12,05,2001,00,1486.6
12.05.2001-03:00:00,12,05,2001,03,1477.8
12.05.2001-06:00:00,12,05,2001,06,1473
12.05.2001-09:00:00,12,05,2001,09,1471.3
12.05.2001-12:00:00,12,05,2001,12,1468.9
12.05.2001-15:00:00,12,05,2001,15,1467.4
12.05.2001-18:00:00,12,05,2001,18,1465
12.05.2001-21:00:00,12,05,2001,21,1463.5
12.06.2001-00:00:00,12,06,2001,00,1461.3
12.06.2001-03:00:00,12,06,2001,03,1466.2
12.06.2001-06:00:00,12,06,2001,06,1458.9
12.06.2001-09:00:00,12,06,2001,09,1455.9
12.06.2001-12:00:00,12,06,2001,12,1453.3
12.06.2001-15:00:00,12,06,2001,15,1451.8
12.06.2001-18:00:00,12,06,2001,18,1449.4
12.06.2001-21:00:00,12,06,2001,21,1447.9
12.07.2001-00:00:00,12,07,2001,00,1445.6
12.07.2001-03:00:00,12,07,2001,03,1444
12.07.2001-06:00:00,12,07,2001,06,1441.9
12.07.2001-09:00:00,12,07,2001,09,1446.6
12.07.2001-12:00:00,12,07,2001,12,1439.4
12.07.2001-15:00:00,12,07,2001,15,1436.4
12.07.2001-18:00:00,12,07,2001,18,1433.8
12.07.2001-21:00:00,12,07,2001,21,1432.3
12.08.2001-00:00:00,12,08,2001,00,1430
12.08.2001-03:00:00,12,08,2001,03,1428.5
12.08.2001-06:00:00,12,08,2001,06,1426.1
12.08.2001-09:00:00,12,08,2001,09,1424.6
12.08.2001-12:00:00,12,08,2001,12,1422.2
12.08.2001-15:00:00,12,08,2001,15,1420.9
12.08.2001-18:00:00,12,08,2001,18,1424.7
12.08.2001-21:00:00,12,08,2001,21,1418.4
12.09.2001-00:00:00,12,09,2001,00,1414.6
12.09.2001-03:00:00,12,09,2001,03,1412.9
12.09.2001-06:00:00,12,09,2001,06,1410.5
12.09.2001-09:00:00,12,09,2001,09,1409.1
12.09.2001-12:00:00,12,09,2001,12,1406.7
12.09.2001-15:00:00,12,09,2001,15,1405.2
12.09.2001-18:00:00,12,09,2001,18,1402.9
12.09.2001-21:00:00,12,09,2001,21,1401.4
12.10.2001-00:00:00,12,10,2001,00,1399.1
12.10.2001-03:00:00,12,10,2001,03,1397.6
12.10.2001-06:00:00,12,10,2001,06,1395.7
12.10.2001-09:00:00,12,10,2001,09,1400.1
12.10.2001-12:00:00,12,10,2001,12,1393.1
12.10.2001-15:00:00,12,10,2001,15,1390.1
12.10.2001-18:00:00,12,10,2001,18,1387.6
12.10.2001-21:00:00,12,10,2001,21,1386.2
12.11.2001-00:00:00,12,11,2001,00,1383.9
12.11.2001-03:00:00,12,11,2001,03,1382.4
12.11.2001-06:00:00,12,11,2001,06,1380.1
12.11.2001-09:00:00,12,11,2001,09,1378.6
12.11.2001-12:00:00,12,11,2001,12,1376.4
12.11.2001-15:00:00,12,11,2001,15,1374.9
12.11.2001-18:00:00,12,11,2001,18,1372.6
12.11.2001-21:00:00,12,11,2001,21,1371.1
12.12.2001-00:00:00,12,12,2001,00,1368.8
12.12.2001-03:00:00,12,12,2001,03,1367.5
12.12.2001-06:00:00,12,12,2001,06,1371.2
12.12.2001-09:00:00,12,12,2001,09,1365.1
12.12.2001-12:00:00,12,12,2001,12,1361.4
12.12.2001-15:00:00,12,12,2001,15,1359.7
12.12.2001-18:00:00,12,12,2001,18,1357.5
12.12.2001-21:00:00,12,12,2001,21,1356
12.13.2001-00:00:00,12,13,2001,00,1353.7
12.13.2001-03:00:00,12,13,2001,03,1352.3
12.13.2001-06:00:00,12,13,2001,06,1350
12.13.2001-09:00:00,12,13,2001,09,1348.6
12.13.2001-12:00:00,12,13,2001,12,1346.3
12.13.2001-15:00:00,12,13,2001,15,1344.9
12.13.2001-18:00:00,12,13,2001,18,1342.6
12.13.2001-21:00:00,12,13,2001,21,1341.2
12.14.2001-00:00:00,12,14,2001,00,1338.9
12.14.2001-03:00:00,12,14,2001,03,1337.5
12.14.2001-06:00:00,12,14,2001,06,1335.3
12.14.2001-09:00:00,12,14,2001,09,1333.9
12.14.2001-12:00:00,12,14,2001,12,1330.8
12.14.2001-15:00:00,12,14,2001,15,1330.1
12.14.2001-18:00:00,12,14,2001,18,1333.9
12.14.2001-21:00:00,12,14,2001,21,1328
12.15.2001-00:00:00,12,15,2001,00,1324.4
12.15.2001-03:00:00,12,15,2001,03,1322.8
12.15.2001-06:00:00,12,15,2001,06,1320.6
12.15.2001-09:00:00,12,15,2001,09,1319.2
12.15.2001-12:00:00,12,15,2001,12,1317
12.15.2001-15:00:00,12,15,2001,15,1315.6
12.15.2001-18:00:00,12,15,2001,18,1313.5
12.15.2001-21:00:00,12,15,2001,21,1312.1
12.16.2001-00:00:00,12,16,2001,00,1309.9
12.16.2001-03:00:00,12,16,2001,03,1308.5
12.16.2001-06:00:00,12,16,2001,06,1306.3
12.16.2001-09:00:00,12,16,2001,09,1304.9
12.16.2001-12:00:00,12,16,2001,12,1302.7
12.16.2001-15:00:00,12,16,2001,15,1301.3
12.16.2001-18:00:00,12,16,2001,18,1299.1
12.16.2001-21:00:00,12,16,2001,21,1297.7
12.17.2001-00:00:00,12,17,2001,00,1295.6
12.17.2001-03:00:00,12,17,2001,03,1294.2
12.17.2001-06:00:00,12,17,2001,06,1292.1
12.17.2001-09:00:00,12,17,2001,09,1290.7
12.17.2001-12:00:00,12,17,2001,12,1288.5
12.17.2001-15:00:00,12,17,2001,15,1287
12.17.2001-18:00:00,12,17,2001,18,1284.9
12.17.2001-21:00:00,12,17,2001,21,1283.5
12.18.2001-00:00:00,12,18,2001,00,1281.4
12.18.2001-03:00:00,12,18,2001,03,1280
12.18.2001-06:00:00,12,18,2001,06,1277.9
12.18.2001-09:00:00,12,18,2001,09,1276.5
12.18.2001-12:00:00,12,18,2001,12,1274.3
12.18.2001-15:00:00,12,18,2001,15,1272.9
12.18.2001-18:00:00,12,18,2001,18,1270.8
12.18.2001-21:00:00,12,18,2001,21,1269.4
12.19.2001-00:00:00,12,19,2001,00,1267.3
12.19.2001-03:00:00,12,19,2001,03,1265.9
12.19.2001-06:00:00,12,19,2001,06,1263.8
12.19.2001-09:00:00,12,19,2001,09,1262.4
12.19.2001-12:00:00,12,19,2001,12,1260.3
12.19.2001-15:00:00,12,19,2001,15,1258.9
12.19.2001-18:00:00,12,19,2001,18,1256.8
12.19.2001-21:00:00,12,19,2001,21,1255.4
12.20.2001-00:00:00,12,20,2001,00,1253.3
12.20.2001-03:00:00,12,20,2001,03,1252
12.20.2001-06:00:00,12,20,2001,06,1249.9
12.20.2001-09:00:00,12,20,2001,09,1248.5
12.20.2001-12:00:00,12,20,2001,12,1246.4
12.20.2001-15:00:00,12,20,2001,15,1245
12.20.2001-18:00:00,12,20,2001,18,1243
12.20.2001-21:00:00,12,20,2001,21,1241.6
12.21.2001-00:00:00,12,21,2001,00,1239.5
12.21.2001-03:00:00,12,21,2001,03,1238.1
12.21.2001-06:00:00,12,21,2001,06,1236
12.21.2001-09:00:00,12,21,2001,09,1234.7
12.21.2001-12:00:00,12,21,2001,12,1232.6
12.21.2001-15:00:00,12,21,2001,15,1231.2
12.21.2001-18:00:00,12,21,2001,18,1229.2
12.21.2001-21:00:00,12,21,2001,21,1227.8
12.22.2001-00:00:00,12,22,2001,00,1225.7
12.22.2001-03:00:00,12,22,2001,03,1224.3
12.22.2001-06:00:00,12,22,2001,06,1222.2
12.22.2001-09:00:00,12,22,2001,09,1220.8
12.22.2001-12:00:00,12,22,2001,12,1218.8
12.22.2001-15:00:00,12,22,2001,15,1217.4
12.22.2001-18:00:00,12,22,2001,18,1215.4
12.22.2001-21:00:00,12,22,2001,21,1214
12.23.2001-00:00:00,12,23,2001,00,1212
12.23.2001-03:00:00,12,23,2001,03,1210.6
12.23.2001-06:00:00,12,23,2001,06,1208.5
12.23.2001-09:00:00,12,23,2001,09,1207.3
12.23.2001-12:00:00,12,23,2001,12,1205
12.23.2001-15:00:00,12,23,2001,15,1203.9
12.23.2001-18:00:00,12,23,2001,18,1201.6
12.23.2001-21:00:00,12,23,2001,21,1200.5
12.24.2001-00:00:00,12,24,2001,00,1198.3
12.24.2001-03:00:00,12,24,2001,03,1197
12.24.2001-06:00:00,12,24,2001,06,1194.9
12.24.2001-09:00:00,12,24,2001,09,1193.7
12.24.2001-12:00:00,12,24,2001,12,1191.4
12.24.2001-15:00:00,12,24,2001,15,1190.3
12.24.2001-18:00:00,12,24,2001,18,1188.1
12.24.2001-21:00:00,12,24,2001,21,1186.8
12.25.2001-00:00:00,12,25,2001,00,1184.7
12.25.2001-03:00:00,12,25,2001,03,1183.6
12.25.2001-06:00:00,12,25,2001,06,1181.3
12.25.2001-09:00:00,12,25,2001,09,1180.2
12.25.2001-12:00:00,12,25,2001,12,1178
12.25.2001-15:00:00,12,25,2001,15,1176.7
12.25.2001-18:00:00,12,25,2001,18,1174.6
12.25.2001-21:00:00,12,25,2001,21,1173.5
12.26.2001-00:00:00,12,26,2001,00,1171.3
12.26.2001-03:00:00,12,26,2001,03,1170.1
12.26.2001-06:00:00,12,26,2001,06,1168
12.26.2001-09:00:00,12,26,2001,09,1166.7
12.26.2001-12:00:00,12,26,2001,12,1164.7
12.26.2001-15:00:00,12,26,2001,15,1163.5
12.26.2001-18:00:00,12,26,2001,18,1161.3
12.26.2001-21:00:00,12,26,2001,21,1160.2
12.27.2001-00:00:00,12,27,2001,00,1158.1
12.27.2001-03:00:00,12,27,2001,03,1156.8
12.27.2001-06:00:00,12,27,2001,06,1154.8
12.27.2001-09:00:00,12,27,2001,09,1153.6
12.27.2001-12:00:00,12,27,2001,12,1151.5
12.27.2001-15:00:00,12,27,2001,15,1150.3
12.27.2001-18:00:00,12,27,2001,18,1148.3
12.27.2001-21:00:00,12,27,2001,21,1147
12.28.2001-00:00:00,12,28,2001,00,1144.9
12.28.2001-03:00:00,12,28,2001,03,1143.8
12.28.2001-06:00:00,12,28,2001,06,1141.6
12.28.2001-09:00:00,12,28,2001,09,1140.5
12.28.2001-12:00:00,12,28,2001,12,1138.5
12.28.2001-15:00:00,12,28,2001,15,1137.3
12.28.2001-18:00:00,12,28,2001,18,1135.2
12.28.2001-21:00:00,12,28,2001,21,1134.1
12.29.2001-00:00:00,12,29,2001,00,1132
12.29.2001-03:00:00,12,29,2001,03,1130.9
12.29.2001-06:00:00,12,29,2001,06,1128.9
12.29.2001-09:00:00,12,29,2001,09,1127.6
12.29.2001-12:00:00,12,29,2001,12,1125.6
12.29.2001-15:00:00,12,29,2001,15,1124.5
12.29.2001-18:00:00,12,29,2001,18,1122.4
12.29.2001-21:00:00,12,29,2001,21,1121.3
12.30.2001-00:00:00,12,30,2001,00,1119.3
12.30.2001-03:00:00,12,30,2001,03,1118
12.30.2001-06:00:00,12,30,2001,06,1116.1
12.30.2001-09:00:00,12,30,2001,09,1115
12.30.2001-12:00:00,12,30,2001,12,1112.9
12.30.2001-15:00:00,12,30,2001,15,1111.8
12.30.2001-18:00:00,12,30,2001,18,1109.8
12.30.2001-21:00:00,12,30,2001,21,1108.6
12.31.2001-00:00:00,12,31,2001,00,1106.6
12.31.2001-03:00:00,12,31,2001,03,1105.6
12.31.2001-06:00:00,12,31,2001,06,1103.5
12.31.2001-09:00:00,12,31,2001,09,1102.4
12.31.2001-12:00:00,12,31,2001,12,1100.5
12.31.2001-15:00:00,12,31,2001,15,1099.2
12.31.2001-18:00:00,12,31,2001,18,1097.3
12.31.2001-21:00:00,12,31,2001,21,1096.2
01.01.2002-00:00:00,01,01,2002,00,1094.1
01.01.2002-03:00:00,01,01,2002,03,1093
01.01.2002-06:00:00,01,01,2002,06,1091
01.01.2002-09:00:00,01,01,2002,09,1090.1
01.01.2002-12:00:00,01,01,2002,12,1087.9
01.01.2002-15:00:00,01,01,2002,15,1086.9
01.01.2002-18:00:00,01,01,2002,18,1084.9
01.01.2002-21:00:00,01,01,2002,21,1084
01.02.2002-00:00:00,01,02,2002,00,1081.6
01.02.2002-03:00:00,01,02,2002,03,1081.1
01.02.2002-06:00:00,01,02,2002,06,1078.7
01.02.2002-09:00:00,01,02,2002,09,1077.9
01.02.2002-12:00:00,01,02,2002,12,1075.7
01.02.2002-15:00:00,01,02,2002,15,1075.1
01.02.2002-18:00:00,01,02,2002,18,1072.7
01.02.2002-21:00:00,01,02,2002,21,1072
01.03.2002-00:00:00,01,03,2002,00,1069.8
01.03.2002-03:00:00,01,03,2002,03,1069
01.03.2002-06:00:00,01,03,2002,06,1066.8
01.03.2002-09:00:00,01,03,2002,09,1066.1
01.03.2002-12:00:00,01,03,2002,12,1063.7
01.03.2002-15:00:00,01,03,2002,15,1063.1
01.03.2002-18:00:00,01,03,2002,18,1060.8
01.03.2002-21:00:00,01,03,2002,21,1060
01.04.2002-00:00:00,01,04,2002,00,1057.8
01.04.2002-03:00:00,01,04,2002,03,1057.2
01.04.2002-06:00:00,01,04,2002,06,1054.8
01.04.2002-09:00:00,01,04,2002,09,1054.2
01.04.2002-12:00:00,01,04,2002,12,1051.8
01.04.2002-15:00:00,01,04,2002,15,1051
01.04.2002-18:00:00,01,04,2002,18,1049
01.04.2002-21:00:00,01,04,2002,21,1048.1
01.05.2002-00:00:00,01,05,2002,00,1046
01.05.2002-03:00:00,01,05,2002,03,1045.2
01.05.2002-06:00:00,01,05,2002,06,1043.2
01.05.2002-09:00:00,01,05,2002,09,1042.2
01.05.2002-12:00:00,01,05,2002,12,1040.1
01.05.2002-15:00:00,01,05,2002,15,1039.4
01.05.2002-18:00:00,01,05,2002,18,1037.2
01.05.2002-21:00:00,01,05,2002,21,1036.5
01.06.2002-00:00:00,01,06,2002,00,1034.3
01.06.2002-03:00:00,01,06,2002,03,1033.4
01.06.2002-06:00:00,01,06,2002,06,1031.5
01.06.2002-09:00:00,01,06,2002,09,1030.7
01.06.2002-12:00:00,01,06,2002,12,1028.4
01.06.2002-15:00:00,01,06,2002,15,1027.7
01.06.2002-18:00:00,01,06,2002,18,1025.6
01.06.2002-21:00:00,01,06,2002,21,1025
01.07.2002-00:00:00,01,07,2002,00,1022.7
01.07.2002-03:00:00,01,07,2002,03,1022
01.07.2002-06:00:00,01,07,2002,06,1019.7
01.07.2002-09:00:00,01,07,2002,09,1019.1
01.07.2002-12:00:00,01,07,2002,12,1017
01.07.2002-15:00:00,01,07,2002,15,1016.4
01.07.2002-18:00:00,01,07,2002,18,1014.1
01.07.2002-21:00:00,01,07,2002,21,1013.4
01.08.2002-00:00:00,01,08,2002,00,1011.1
01.08.2002-03:00:00,01,08,2002,03,1010.5
01.08.2002-06:00:00,01,08,2002,06,1008.4
01.08.2002-09:00:00,01,08,2002,09,1007.7
01.08.2002-12:00:00,01,08,2002,12,1005.6
01.08.2002-15:00:00,01,08,2002,15,1004.9
01.08.2002-18:00:00,01,08,2002,18,1002.6
01.08.2002-21:00:00,01,08,2002,21,1001.9
01.09.2002-00:00:00,01,09,2002,00,999.88
01.09.2002-03:00:00,01,09,2002,03,999.08
01.09.2002-06:00:00,01,09,2002,06,997.13
01.09.2002-09:00:00,01,09,2002,09,994.09
01.09.2002-12:00:00,01,09,2002,12,988.4
01.09.2002-15:00:00,01,09,2002,15,990.66
01.09.2002-18:00:00,01,09,2002,18,989.86
01.09.2002-21:00:00,01,09,2002,21,989.3
01.10.2002-00:00:00,01,10,2002,00,987.5
01.10.2002-03:00:00,01,10,2002,03,987.04
01.10.2002-06:00:00,01,10,2002,06,985.12
01.10.2002-09:00:00,01,10,2002,09,984.35
01.10.2002-12:00:00,01,10,2002,12,979.39
01.10.2002-15:00:00,01,10,2002,15,980.16
01.10.2002-18:00:00,01,10,2002,18,978.68
01.10.2002-21:00:00,01,10,2002,21,978.3
01.11.2002-00:00:00,01,11,2002,00,976.42
01.11.2002-03:00:00,01,11,2002,03,975.88
01.11.2002-06:00:00,01,11,2002,06,973.88
01.11.2002-09:00:00,01,11,2002,09,973.21
01.11.2002-12:00:00,01,11,2002,12,971.02
01.11.2002-15:00:00,01,11,2002,15,970.45
01.11.2002-18:00:00,01,11,2002,18,968.33
01.11.2002-21:00:00,01,11,2002,21,967.67
01.12.2002-00:00:00,01,12,2002,00,965.59
01.12.2002-03:00:00,01,12,2002,03,964.85
01.12.2002-06:00:00,01,12,2002,06,962.87
01.12.2002-09:00:00,01,12,2002,09,962.26
01.12.2002-12:00:00,01,12,2002,12,960.08
01.12.2002-15:00:00,01,12,2002,15,959.49
01.12.2002-18:00:00,01,12,2002,18,957.51
01.12.2002-21:00:00,01,12,2002,21,956.9
01.13.2002-00:00:00,01,13,2002,00,954.78
01.13.2002-03:00:00,01,13,2002,03,954.28
01.13.2002-06:00:00,01,13,2002,06,952.04
01.13.2002-09:00:00,01,13,2002,09,951.45
01.13.2002-12:00:00,01,13,2002,12,949.32
01.13.2002-15:00:00,01,13,2002,15,948.61
01.13.2002-18:00:00,01,13,2002,18,946.61
01.13.2002-21:00:00,01,13,2002,21,946.05
01.14.2002-00:00:00,01,14,2002,00,943.93
01.14.2002-03:00:00,01,14,2002,03,943.35
01.14.2002-06:00:00,01,14,2002,06,941.3
01.14.2002-09:00:00,01,14,2002,09,940.79
01.14.2002-12:00:00,01,14,2002,12,938.63
01.14.2002-15:00:00,01,14,2002,15,938.07
01.14.2002-18:00:00,01,14,2002,18,935.99
01.14.2002-21:00:00,01,14,2002,21,935.51
01.15.2002-00:00:00,01,15,2002,00,933.35
01.15.2002-03:00:00,01,15,2002,03,932.94
01.15.2002-06:00:00,01,15,2002,06,930.75
01.15.2002-09:00:00,01,15,2002,09,930.34
01.15.2002-12:00:00,01,15,2002,12,928.26
01.15.2002-15:00:00,01,15,2002,15,927.71
01.15.2002-18:00:00,01,15,2002,18,925.65
01.15.2002-21:00:00,01,15,2002,21,925.39
01.16.2002-00:00:00,01,16,2002,00,923.12
01.16.2002-03:00:00,01,16,2002,03,922.71
01.16.2002-06:00:00,01,16,2002,06,920.59
01.16.2002-09:00:00,01,16,2002,09,920.15
01.16.2002-12:00:00,01,16,2002,12,918
01.16.2002-15:00:00,01,16,2002,15,917.63
01.16.2002-18:00:00,01,16,2002,18,915.44
01.16.2002-21:00:00,01,16,2002,21,915.08
01.17.2002-00:00:00,01,17,2002,00,913
01.17.2002-03:00:00,01,17,2002,03,912.5
01.17.2002-06:00:00,01,17,2002,06,910.43
01.17.2002-09:00:00,01,17,2002,09,910.1
01.17.2002-12:00:00,01,17,2002,12,907.86
01.17.2002-15:00:00,01,17,2002,15,907.45
01.17.2002-18:00:00,01,17,2002,18,905.42
01.17.2002-21:00:00,01,17,2002,21,904.97
01.18.2002-00:00:00,01,18,2002,00,902.9
01.18.2002-03:00:00,01,18,2002,03,902.52
01.18.2002-06:00:00,01,18,2002,06,900.41
01.18.2002-09:00:00,01,18,2002,09,900.06
01.18.2002-12:00:00,01,18,2002,12,897.99
01.18.2002-15:00:00,01,18,2002,15,897.55
01.18.2002-18:00:00,01,18,2002,18,895.48
01.18.2002-21:00:00,01,18,2002,21,895.18
01.19.2002-00:00:00,01,19,2002,00,893.03
01.19.2002-03:00:00,01,19,2002,03,892.61
01.19.2002-06:00:00,01,19,2002,06,890.63
01.19.2002-09:00:00,01,19,2002,09,890.2
01.19.2002-12:00:00,01,19,2002,12,888.14
01.19.2002-15:00:00,01,19,2002,15,887.78
01.19.2002-18:00:00,01,19,2002,18,885.67
01.19.2002-21:00:00,01,19,2002,21,885.33
01.20.2002-00:00:00,01,20,2002,00,883.32
01.20.2002-03:00:00,01,20,2002,03,882.86
01.20.2002-06:00:00,01,20,2002,06,880.84
01.20.2002-09:00:00,01,20,2002,09,880.59
01.20.2002-12:00:00,01,20,2002,12,878.42
01.20.2002-15:00:00,01,20,2002,15,878.05
01.20.2002-18:00:00,01,20,2002,18,876.09
01.20.2002-21:00:00,01,20,2002,21,875.6
01.21.2002-00:00:00,01,21,2002,00,873.75
01.21.2002-03:00:00,01,21,2002,03,873.32
01.21.2002-06:00:00,01,21,2002,06,871.34
01.21.2002-09:00:00,01,21,2002,09,870.85
01.21.2002-12:00:00,01,21,2002,12,868.99
01.21.2002-15:00:00,01,21,2002,15,868.61
01.21.2002-18:00:00,01,21,2002,18,866.58
01.21.2002-21:00:00,01,21,2002,21,866.3
01.22.2002-00:00:00,01,22,2002,00,864.21
01.22.2002-03:00:00,01,22,2002,03,863.81
01.22.2002-06:00:00,01,22,2002,06,862.03
01.22.2002-09:00:00,01,22,2002,09,861.49
01.22.2002-12:00:00,01,22,2002,12,859.6
01.22.2002-15:00:00,01,22,2002,15,859.22
01.22.2002-18:00:00,01,22,2002,18,857.2
01.22.2002-21:00:00,01,22,2002,21,856.63
01.23.2002-00:00:00,01,23,2002,00,854.9
01.23.2002-03:00:00,01,23,2002,03,854.27
01.23.2002-06:00:00,01,23,2002,06,852.51
01.23.2002-09:00:00,01,23,2002,09,851.98
01.23.2002-12:00:00,01,23,2002,12,850.31
01.23.2002-15:00:00,01,23,2002,15,849.65
01.23.2002-18:00:00,01,23,2002,18,847.8
01.23.2002-21:00:00,01,23,2002,21,847.54
01.24.2002-00:00:00,01,24,2002,00,845.46
01.24.2002-03:00:00,01,24,2002,03,845.08
01.24.2002-06:00:00,01,24,2002,06,843.23
01.24.2002-09:00:00,01,24,2002,09,842.77
01.24.2002-12:00:00,01,24,2002,12,841
01.24.2002-15:00:00,01,24,2002,15,840.48
01.24.2002-18:00:00,01,24,2002,18,838.6
01.24.2002-21:00:00,01,24,2002,21,838.3
01.25.2002-00:00:00,01,25,2002,00,836.48
01.25.2002-03:00:00,01,25,2002,03,836.03
01.25.2002-06:00:00,01,25,2002,06,834.3
01.25.2002-09:00:00,01,25,2002,09,833.74
01.25.2002-12:00:00,01,25,2002,12,831.86
01.25.2002-15:00:00,01,25,2002,15,831.55
01.25.2002-18:00:00,01,25,2002,18,829.77
01.25.2002-21:00:00,01,25,2002,21,829.31
01.26.2002-00:00:00,01,26,2002,00,827.56
01.26.2002-03:00:00,01,26,2002,03,827.09
01.26.2002-06:00:00,01,26,2002,06,825.24
01.26.2002-09:00:00,01,26,2002,09,824.93
01.26.2002-12:00:00,01,26,2002,12,823.03
01.26.2002-15:00:00,01,26,2002,15,822.81
01.26.2002-18:00:00,01,26,2002,18,820.93
01.26.2002-21:00:00,01,26,2002,21,820.59
01.27.2002-00:00:00,01,27,2002,00,818.69
01.27.2002-03:00:00,01,27,2002,03,818.41
01.27.2002-06:00:00,01,27,2002,06,816.49
01.27.2002-09:00:00,01,27,2002,09,816.18
01.27.2002-12:00:00,01,27,2002,12,814.52
01.27.2002-15:00:00,01,27,2002,15,814.05
01.27.2002-18:00:00,01,27,2002,18,812.28
01.27.2002-21:00:00,01,27,2002,21,811.97
01.28.2002-00:00:00,01,28,2002,00,810.07
01.28.2002-03:00:00,01,28,2002,03,809.72
01.28.2002-06:00:00,01,28,2002,06,807.99
01.28.2002-09:00:00,01,28,2002,09,807.61
01.28.2002-12:00:00,01,28,2002,12,805.91
01.28.2002-15:00:00,01,28,2002,15,805.57
01.28.2002-18:00:00,01,28,2002,18,803.78
01.28.2002-21:00:00,01,28,2002,21,803.39
01.29.2002-00:00:00,01,29,2002,00,801.65
01.29.2002-03:00:00,01,29,2002,03,801.27
01.29.2002-06:00:00,01,29,2002,06,799.49
01.29.2002-09:00:00,01,29,2002,09,799.22
01.29.2002-12:00:00,01,29,2002,12,797.41
01.29.2002-15:00:00,01,29,2002,15,797.2
01.29.2002-18:00:00,01,29,2002,18,795.42
01.29.2002-21:00:00,01,29,2002,21,795.08
01.30.2002-00:00:00,01,30,2002,00,793.24
01.30.2002-03:00:00,01,30,2002,03,793.01
01.30.2002-06:00:00,01,30,2002,06,791.17
01.30.2002-09:00:00,01,30,2002,09,790.86
01.30.2002-12:00:00,01,30,2002,12,789.15
01.30.2002-15:00:00,01,30,2002,15,788.81
01.30.2002-18:00:00,01,30,2002,18,787.02
01.30.2002-21:00:00,01,30,2002,21,786.8
01.31.2002-00:00:00,01,31,2002,00,784.72
01.31.2002-03:00:00,01,31,2002,03,784.61
01.31.2002-06:00:00,01,31,2002,06,782.69
01.31.2002-09:00:00,01,31,2002,09,782.57
01.31.2002-12:00:00,01,31,2002,12,780.53
01.31.2002-15:00:00,01,31,2002,15,780.55
01.31.2002-18:00:00,01,31,2002,18,778.44
01.31.2002-21:00:00,01,31,2002,21,778.48
02.01.2002-00:00:00,02,01,2002,00,776.47
02.01.2002-03:00:00,02,01,2002,03,776.46
02.01.2002-06:00:00,02,01,2002,06,774.43
02.01.2002-09:00:00,02,01,2002,09,774.47
02.01.2002-12:00:00,02,01,2002,12,772.43
02.01.2002-15:00:00,02,01,2002,15,772.45
02.01.2002-18:00:00,02,01,2002,18,770.49
02.01.2002-21:00:00,02,01,2002,21,770.56
02.02.2002-00:00:00,02,02,2002,00,768.51
02.02.2002-03:00:00,02,02,2002,03,768.62
02.02.2002-06:00:00,02,02,2002,06,766.5
02.02.2002-09:00:00,02,02,2002,09,766.54
02.02.2002-12:00:00,02,02,2002,12,764.55
02.02.2002-15:00:00,02,02,2002,15,764.52
02.02.2002-18:00:00,02,02,2002,18,762.58
02.02.2002-21:00:00,02,02,2002,21,762.63
02.03.2002-00:00:00,02,03,2002,00,760.55
02.03.2002-03:00:00,02,03,2002,03,760.62
02.03.2002-06:00:00,02,03,2002,06,758.64
02.03.2002-09:00:00,02,03,2002,09,758.69
02.03.2002-12:00:00,02,03,2002,12,756.66
02.03.2002-15:00:00,02,03,2002,15,756.77
02.03.2002-18:00:00,02,03,2002,18,754.7
02.03.2002-21:00:00,02,03,2002,21,754.8
02.04.2002-00:00:00,02,04,2002,00,752.83
02.04.2002-03:00:00,02,04,2002,03,752.81
02.04.2002-06:00:00,02,04,2002,06,750.93
02.04.2002-09:00:00,02,04,2002,09,750.97
02.04.2002-12:00:00,02,04,2002,12,748.94
02.04.2002-15:00:00,02,04,2002,15,749.04
02.04.2002-18:00:00,02,04,2002,18,747.05
02.04.2002-21:00:00,02,04,2002,21,747.12
02.05.2002-00:00:00,02,05,2002,00,745.15
02.05.2002-03:00:00,02,05,2002,03,745.18
02.05.2002-06:00:00,02,05,2002,06,743.3
02.05.2002-09:00:00,02,05,2002,09,743.37
02.05.2002-12:00:00,02,05,2002,12,741.39
02.05.2002-15:00:00,02,05,2002,15,741.39
02.05.2002-18:00:00,02,05,2002,18,739.51
02.05.2002-21:00:00,02,05,2002,21,739.6
02.06.2002-00:00:00,02,06,2002,00,737.64
02.06.2002-03:00:00,02,06,2002,03,737.37
02.06.2002-06:00:00,02,06,2002,06,735.95
02.06.2002-09:00:00,02,06,2002,09,735.67
02.06.2002-12:00:00,02,06,2002,12,733.83
02.06.2002-15:00:00,02,06,2002,15,733.94
02.06.2002-18:00:00,02,06,2002,18,732.07
02.06.2002-21:00:00,02,06,2002,21,731.88
02.07.2002-00:00:00,02,07,2002,00,730.42
02.07.2002-03:00:00,02,07,2002,03,730.05
02.07.2002-06:00:00,02,07,2002,06,728.3
02.07.2002-09:00:00,02,07,2002,09,728.47
02.07.2002-12:00:00,02,07,2002,12,726.55
02.07.2002-15:00:00,02,07,2002,15,726.32
02.07.2002-18:00:00,02,07,2002,18,724.62
02.07.2002-21:00:00,02,07,2002,21,724.81
02.08.2002-00:00:00,02,08,2002,00,722.89
02.08.2002-03:00:00,02,08,2002,03,722.7
02.08.2002-06:00:00,02,08,2002,06,720.98
02.08.2002-09:00:00,02,08,2002,09,721.2
02.08.2002-12:00:00,02,08,2002,12,719.24
02.08.2002-15:00:00,02,08,2002,15,719.06
02.08.2002-18:00:00,02,08,2002,18,717.38
02.08.2002-21:00:00,02,08,2002,21,717.3
02.09.2002-00:00:00,02,09,2002,00,715.84
02.09.2002-03:00:00,02,09,2002,03,715.55
02.09.2002-06:00:00,02,09,2002,06,713.8
02.09.2002-09:00:00,02,09,2002,09,713.76
02.09.2002-12:00:00,02,09,2002,12,712.03
02.09.2002-15:00:00,02,09,2002,15,711.9
02.09.2002-18:00:00,02,09,2002,18,710.22
02.09.2002-21:00:00,02,09,2002,21,710.18
02.10.2002-00:00:00,02,10,2002,00,708.47
02.10.2002-03:00:00,02,10,2002,03,708.62
02.10.2002-06:00:00,02,10,2002,06,706.81
02.10.2002-09:00:00,02,10,2002,09,706.77
02.10.2002-12:00:00,02,10,2002,12,704.99
02.10.2002-15:00:00,02,10,2002,15,704.86
02.10.2002-18:00:00,02,10,2002,18,703.33
02.10.2002-21:00:00,02,10,2002,21,703.17
02.11.2002-00:00:00,02,11,2002,00,701.55
02.11.2002-03:00:00,02,11,2002,03,701.45
02.11.2002-06:00:00,02,11,2002,06,699.81
02.11.2002-09:00:00,02,11,2002,09,699.77
02.11.2002-12:00:00,02,11,2002,12,698.21
02.11.2002-15:00:00,02,11,2002,15,697.98
02.11.2002-18:00:00,02,11,2002,18,696.4
02.11.2002-21:00:00,02,11,2002,21,696.39
02.12.2002-00:00:00,02,12,2002,00,694.71
02.12.2002-03:00:00,02,12,2002,03,694.58
02.12.2002-06:00:00,02,12,2002,06,693.08
02.12.2002-09:00:00,02,12,2002,09,692.94
02.12.2002-12:00:00,02,12,2002,12,691.32
02.12.2002-15:00:00,02,12,2002,15,691.26
02.12.2002-18:00:00,02,12,2002,18,689.61
02.12.2002-21:00:00,02,12,2002,21,689.57
02.13.2002-00:00:00,02,13,2002,00,688.03
02.13.2002-03:00:00,02,13,2002,03,687.84
02.13.2002-06:00:00,02,13,2002,06,686.27
02.13.2002-09:00:00,02,13,2002,09,686.3
02.13.2002-12:00:00,02,13,2002,12,684.61
02.13.2002-15:00:00,02,13,2002,15,684.53
02.13.2002-18:00:00,02,13,2002,18,683.01
02.13.2002-21:00:00,02,13,2002,21,682.91
02.14.2002-00:00:00,02,14,2002,00,681.31
02.14.2002-03:00:00,02,14,2002,03,681.25
02.14.2002-06:00:00,02,14,2002,06,679.62
02.14.2002-09:00:00,02,14,2002,09,679.58
02.14.2002-12:00:00,02,14,2002,12,671.12
02.14.2002-15:00:00,02,14,2002,15,675.54
02.14.2002-18:00:00,02,14,2002,18,675.71
02.14.2002-21:00:00,02,14,2002,21,676.11
02.15.2002-00:00:00,02,15,2002,00,674.51
02.15.2002-03:00:00,02,15,2002,03,674.43
02.15.2002-06:00:00,02,15,2002,06,672.94
02.15.2002-09:00:00,02,15,2002,09,672.78
02.15.2002-12:00:00,02,15,2002,12,667.32
02.15.2002-15:00:00,02,15,2002,15,670
02.15.2002-18:00:00,02,15,2002,18,669.35
02.15.2002-21:00:00,02,15,2002,21,669.39
02.16.2002-00:00:00,02,16,2002,00,667.96
02.16.2002-03:00:00,02,16,2002,03,667.85
02.16.2002-06:00:00,02,16,2002,06,666.19
02.16.2002-09:00:00,02,16,2002,09,666.19
02.16.2002-12:00:00,02,16,2002,12,664.46
02.16.2002-15:00:00,02,16,2002,15,664.5
02.16.2002-18:00:00,02,16,2002,18,663.02
02.16.2002-21:00:00,02,16,2002,21,662.89
02.17.2002-00:00:00,02,17,2002,00,661.29
02.17.2002-03:00:00,02,17,2002,03,661.33
02.17.2002-06:00:00,02,17,2002,06,659.72
02.17.2002-09:00:00,02,17,2002,09,659.72
02.17.2002-12:00:00,02,17,2002,12,654.95
02.17.2002-15:00:00,02,17,2002,15,657.07
02.17.2002-18:00:00,02,17,2002,18,656.33
02.17.2002-21:00:00,02,17,2002,21,656.47
02.18.2002-00:00:00,02,18,2002,00,655
02.18.2002-03:00:00,02,18,2002,03,654.88
02.18.2002-06:00:00,02,18,2002,06,653.44
02.18.2002-09:00:00,02,18,2002,09,653.26
02.18.2002-12:00:00,02,18,2002,12,647.53
02.18.2002-15:00:00,02,18,2002,15,650.62
02.18.2002-18:00:00,02,18,2002,18,649.97
02.18.2002-21:00:00,02,18,2002,21,650.05
02.19.2002-00:00:00,02,19,2002,00,648.64
02.19.2002-03:00:00,02,19,2002,03,648.54
02.19.2002-06:00:00,02,19,2002,06,647.08
02.19.2002-09:00:00,02,19,2002,09,641.24
02.19.2002-12:00:00,02,19,2002,12,635.68
02.19.2002-15:00:00,02,19,2002,15,641.1
02.19.2002-18:00:00,02,19,2002,18,642.31
02.19.2002-21:00:00,02,19,2002,21,643.2
02.20.2002-00:00:00,02,20,2002,00,642.01
02.20.2002-03:00:00,02,20,2002,03,642.15
02.20.2002-06:00:00,02,20,2002,06,640.6
02.20.2002-09:00:00,02,20,2002,09,637.68
02.20.2002-12:00:00,02,20,2002,12,632.22
02.20.2002-15:00:00,02,20,2002,15,636.79
02.20.2002-18:00:00,02,20,2002,18,636.8
02.20.2002-21:00:00,02,20,2002,21,637.34
02.21.2002-00:00:00,02,21,2002,00,635.89
02.21.2002-03:00:00,02,21,2002,03,635.9
02.21.2002-06:00:00,02,21,2002,06,634.57
02.21.2002-09:00:00,02,21,2002,09,634.39
02.21.2002-12:00:00,02,21,2002,12,625.6
02.21.2002-15:00:00,02,21,2002,15,630.31
02.21.2002-18:00:00,02,21,2002,18,630.35
02.21.2002-21:00:00,02,21,2002,21,631.05
02.22.2002-00:00:00,02,22,2002,00,629.92
02.22.2002-03:00:00,02,22,2002,03,629.83
02.22.2002-06:00:00,02,22,2002,06,628.35
02.22.2002-09:00:00,02,22,2002,09,622.31
02.22.2002-12:00:00,02,22,2002,12,616.65
02.22.2002-15:00:00,02,22,2002,15,621.76
02.22.2002-18:00:00,02,22,2002,18,623.53
02.22.2002-21:00:00,02,22,2002,21,624.46
02.23.2002-00:00:00,02,23,2002,00,623.47
02.23.2002-03:00:00,02,23,2002,03,623.7
02.23.2002-06:00:00,02,23,2002,06,622.19
02.23.2002-09:00:00,02,23,2002,09,614.56
02.23.2002-12:00:00,02,23,2002,12,609
02.23.2002-15:00:00,02,23,2002,15,613.52
02.23.2002-18:00:00,02,23,2002,18,616.33
02.23.2002-21:00:00,02,23,2002,21,618.03
02.24.2002-00:00:00,02,24,2002,00,616.91
02.24.2002-03:00:00,02,24,2002,03,617
02.24.2002-06:00:00,02,24,2002,06,615.95
02.24.2002-09:00:00,02,24,2002,09,616.05
02.24.2002-12:00:00,02,24,2002,12,614.6
02.24.2002-15:00:00,02,24,2002,15,614.7
02.24.2002-18:00:00,02,24,2002,18,613.2
02.24.2002-21:00:00,02,24,2002,21,613.21
02.25.2002-00:00:00,02,25,2002,00,611.91
02.25.2002-03:00:00,02,25,2002,03,611.91
02.25.2002-06:00:00,02,25,2002,06,610.42
02.25.2002-09:00:00,02,25,2002,09,610.52
02.25.2002-12:00:00,02,25,2002,12,609.03
02.25.2002-15:00:00,02,25,2002,15,609.05
02.25.2002-18:00:00,02,25,2002,18,607.73
02.25.2002-21:00:00,02,25,2002,21,607.71
02.26.2002-00:00:00,02,26,2002,00,606.33
02.26.2002-03:00:00,02,26,2002,03,606.4
02.26.2002-06:00:00,02,26,2002,06,604.92
02.26.2002-09:00:00,02,26,2002,09,604.95
02.26.2002-12:00:00,02,26,2002,12,603.64
02.26.2002-15:00:00,02,26,2002,15,603.62
02.26.2002-18:00:00,02,26,2002,18,602.18
02.26.2002-21:00:00,02,26,2002,21,602.35
02.27.2002-00:00:00,02,27,2002,00,600.86
02.27.2002-03:00:00,02,27,2002,03,600.89
02.27.2002-06:00:00,02,27,2002,06,599.55
02.27.2002-09:00:00,02,27,2002,09,599.55
02.27.2002-12:00:00,02,27,2002,12,598.12
02.27.2002-15:00:00,02,27,2002,15,598.24
02.27.2002-18:00:00,02,27,2002,18,596.74
02.27.2002-21:00:00,02,27,2002,21,596.88
02.28.2002-00:00:00,02,28,2002,00,595.49
02.28.2002-03:00:00,02,28,2002,03,595.53
02.28.2002-06:00:00,02,28,2002,06,594.04
02.28.2002-09:00:00,02,28,2002,09,594.17
02.28.2002-12:00:00,02,28,2002,12,585.85
02.28.2002-15:00:00,02,28,2002,15,590.88
02.28.2002-18:00:00,02,28,2002,18,591.09
02.28.2002-21:00:00,02,28,2002,21,591.37
03.01.2002-00:00:00,03,01,2002,00,589.97
03.01.2002-03:00:00,03,01,2002,03,590.11
03.01.2002-06:00:00,03,01,2002,06,588.64
03.01.2002-09:00:00,03,01,2002,09,588.73
03.01.2002-12:00:00,03,01,2002,12,583
03.01.2002-15:00:00,03,01,2002,15,586.18
03.01.2002-18:00:00,03,01,2002,18,585.76
03.01.2002-21:00:00,03,01,2002,21,586.01
03.02.2002-00:00:00,03,02,2002,00,584.63
03.02.2002-03:00:00,03,02,2002,03,584.82
03.02.2002-06:00:00,03,02,2002,06,583.39
03.02.2002-09:00:00,03,02,2002,09,583.46
03.02.2002-12:00:00,03,02,2002,12,578.05
03.02.2002-15:00:00,03,02,2002,15,580.98
03.02.2002-18:00:00,03,02,2002,18,580.6
03.02.2002-21:00:00,03,02,2002,21,580.76
03.03.2002-00:00:00,03,03,2002,00,579.44
03.03.2002-03:00:00,03,03,2002,03,579.64
03.03.2002-06:00:00,03,03,2002,06,578.18
03.03.2002-09:00:00,03,03,2002,09,578.21
03.03.2002-12:00:00,03,03,2002,12,570.21
03.03.2002-15:00:00,03,03,2002,15,575.22
03.03.2002-18:00:00,03,03,2002,18,575.31
03.03.2002-21:00:00,03,03,2002,21,575.57
03.04.2002-00:00:00,03,04,2002,00,574.31
03.04.2002-03:00:00,03,04,2002,03,574.43
03.04.2002-06:00:00,03,04,2002,06,573
03.04.2002-09:00:00,03,04,2002,09,567.69
03.04.2002-12:00:00,03,04,2002,12,561.83
03.04.2002-15:00:00,03,04,2002,15,567.82
03.04.2002-18:00:00,03,04,2002,18,568.84
03.04.2002-21:00:00,03,04,2002,21,569.92
03.05.2002-00:00:00,03,05,2002,00,568.96
03.05.2002-03:00:00,03,05,2002,03,569.19
03.05.2002-06:00:00,03,05,2002,06,567.86
03.05.2002-09:00:00,03,05,2002,09,558.19
03.05.2002-12:00:00,03,05,2002,12,551.37
03.05.2002-15:00:00,03,05,2002,15,553.35
03.05.2002-18:00:00,03,05,2002,18,557.33
03.05.2002-21:00:00,03,05,2002,21,561.02
03.06.2002-00:00:00,03,06,2002,00,561.73
03.06.2002-03:00:00,03,06,2002,03,562.61
03.06.2002-06:00:00,03,06,2002,06,561.62
03.06.2002-09:00:00,03,06,2002,09,557.16
03.06.2002-12:00:00,03,06,2002,12,550.13
03.06.2002-15:00:00,03,06,2002,15,556.32
03.06.2002-18:00:00,03,06,2002,18,557.95
03.06.2002-21:00:00,03,06,2002,21,559.11
03.07.2002-00:00:00,03,07,2002,00,558.03
03.07.2002-03:00:00,03,07,2002,03,558.28
03.07.2002-06:00:00,03,07,2002,06,556.91
03.07.2002-09:00:00,03,07,2002,09,557.16
03.07.2002-12:00:00,03,07,2002,12,556.01
03.07.2002-15:00:00,03,07,2002,15,556.17
03.07.2002-18:00:00,03,07,2002,18,554.79
03.07.2002-21:00:00,03,07,2002,21,554.91
03.08.2002-00:00:00,03,08,2002,00,553.66
03.08.2002-03:00:00,03,08,2002,03,553.95
03.08.2002-06:00:00,03,08,2002,06,552.59
03.08.2002-09:00:00,03,08,2002,09,552.74
03.08.2002-12:00:00,03,08,2002,12,551.43
03.08.2002-15:00:00,03,08,2002,15,551.63
03.08.2002-18:00:00,03,08,2002,18,550.27
03.08.2002-21:00:00,03,08,2002,21,550.39
03.09.2002-00:00:00,03,09,2002,00,549.09
03.09.2002-03:00:00,03,09,2002,03,549.31
03.09.2002-06:00:00,03,09,2002,06,547.94
03.09.2002-09:00:00,03,09,2002,09,548.07
03.09.2002-12:00:00,03,09,2002,12,546.76
03.09.2002-15:00:00,03,09,2002,15,546.99
03.09.2002-18:00:00,03,09,2002,18,545.61
03.09.2002-21:00:00,03,09,2002,21,545.74
03.10.2002-00:00:00,03,10,2002,00,544.46
03.10.2002-03:00:00,03,10,2002,03,544.65
03.10.2002-06:00:00,03,10,2002,06,543.29
03.10.2002-09:00:00,03,10,2002,09,543.44
03.10.2002-12:00:00,03,10,2002,12,542.17
03.10.2002-15:00:00,03,10,2002,15,542.36
03.10.2002-18:00:00,03,10,2002,18,541.01
03.10.2002-21:00:00,03,10,2002,21,541.17
03.11.2002-00:00:00,03,11,2002,00,539.87
03.11.2002-03:00:00,03,11,2002,03,540.09
03.11.2002-06:00:00,03,11,2002,06,538.74
03.11.2002-09:00:00,03,11,2002,09,538.91
03.11.2002-12:00:00,03,11,2002,12,537.61
03.11.2002-15:00:00,03,11,2002,15,537.83
03.11.2002-18:00:00,03,11,2002,18,536.51
03.11.2002-21:00:00,03,11,2002,21,536.65
03.12.2002-00:00:00,03,12,2002,00,535.37
03.12.2002-03:00:00,03,12,2002,03,535.59
03.12.2002-06:00:00,03,12,2002,06,534.27
03.12.2002-09:00:00,03,12,2002,09,534.42
03.12.2002-12:00:00,03,12,2002,12,533.14
03.12.2002-15:00:00,03,12,2002,15,533.38
03.12.2002-18:00:00,03,12,2002,18,532.03
03.12.2002-21:00:00,03,12,2002,21,532.2
03.13.2002-00:00:00,03,13,2002,00,530.92
03.13.2002-03:00:00,03,13,2002,03,531.17
03.13.2002-06:00:00,03,13,2002,06,529.84
03.13.2002-09:00:00,03,13,2002,09,529.99
03.13.2002-12:00:00,03,13,2002,12,525.53
03.13.2002-15:00:00,03,13,2002,15,528.02
03.13.2002-18:00:00,03,13,2002,18,527.47
03.13.2002-21:00:00,03,13,2002,21,527.75
03.14.2002-00:00:00,03,14,2002,00,526.47
03.14.2002-03:00:00,03,14,2002,03,526.73
03.14.2002-06:00:00,03,14,2002,06,525.39
03.14.2002-09:00:00,03,14,2002,09,521.18
03.14.2002-12:00:00,03,14,2002,12,514.7
03.14.2002-15:00:00,03,14,2002,15,520.24
03.14.2002-18:00:00,03,14,2002,18,521.58
03.14.2002-21:00:00,03,14,2002,21,522.66
03.15.2002-00:00:00,03,15,2002,00,521.81
03.15.2002-03:00:00,03,15,2002,03,522.17
03.15.2002-06:00:00,03,15,2002,06,520.87
03.15.2002-09:00:00,03,15,2002,09,517.09
03.15.2002-12:00:00,03,15,2002,12,510.28
03.15.2002-15:00:00,03,15,2002,15,516.06
03.15.2002-18:00:00,03,15,2002,18,517.21
03.15.2002-21:00:00,03,15,2002,21,518.21
03.16.2002-00:00:00,03,16,2002,00,517.36
03.16.2002-03:00:00,03,16,2002,03,517.73
03.16.2002-06:00:00,03,16,2002,06,516.43
03.16.2002-09:00:00,03,16,2002,09,516.63
03.16.2002-12:00:00,03,16,2002,12,510.97
03.16.2002-15:00:00,03,16,2002,15,514.31
03.16.2002-18:00:00,03,16,2002,18,514.1
03.16.2002-21:00:00,03,16,2002,21,514.45
03.17.2002-00:00:00,03,17,2002,00,513.19
03.17.2002-03:00:00,03,17,2002,03,513.46
03.17.2002-06:00:00,03,17,2002,06,512.14
03.17.2002-09:00:00,03,17,2002,09,512.34
03.17.2002-12:00:00,03,17,2002,12,511.1
03.17.2002-15:00:00,03,17,2002,15,511.35
03.17.2002-18:00:00,03,17,2002,18,510.06
03.17.2002-21:00:00,03,17,2002,21,510.26
03.18.2002-00:00:00,03,18,2002,00,509
03.18.2002-03:00:00,03,18,2002,03,509.28
03.18.2002-06:00:00,03,18,2002,06,507.98
03.18.2002-09:00:00,03,18,2002,09,508.18
03.18.2002-12:00:00,03,18,2002,12,506.94
03.18.2002-15:00:00,03,18,2002,15,507.2
03.18.2002-18:00:00,03,18,2002,18,505.89
03.18.2002-21:00:00,03,18,2002,21,506.11
03.19.2002-00:00:00,03,19,2002,00,504.83
03.19.2002-03:00:00,03,19,2002,03,505.14
03.19.2002-06:00:00,03,19,2002,06,503.82
03.19.2002-09:00:00,03,19,2002,09,504.05
03.19.2002-12:00:00,03,19,2002,12,502.79
03.19.2002-15:00:00,03,19,2002,15,503.04
03.19.2002-18:00:00,03,19,2002,18,501.79
03.19.2002-21:00:00,03,19,2002,21,502.04
03.20.2002-00:00:00,03,20,2002,00,500.79
03.20.2002-03:00:00,03,20,2002,03,500.99
03.20.2002-06:00:00,03,20,2002,06,499.73
03.20.2002-09:00:00,03,20,2002,09,499.97
03.20.2002-12:00:00,03,20,2002,12,498.74
03.20.2002-15:00:00,03,20,2002,15,499.02
03.20.2002-18:00:00,03,20,2002,18,497.75
03.20.2002-21:00:00,03,20,2002,21,497.96
03.21.2002-00:00:00,03,21,2002,00,496.72
03.21.2002-03:00:00,03,21,2002,03,496.95
03.21.2002-06:00:00,03,21,2002,06,495.73
03.21.2002-09:00:00,03,21,2002,09,496.02
03.21.2002-12:00:00,03,21,2002,12,494.72
03.21.2002-15:00:00,03,21,2002,15,494.95
03.21.2002-18:00:00,03,21,2002,18,493.71
03.21.2002-21:00:00,03,21,2002,21,493.96
03.22.2002-00:00:00,03,22,2002,00,492.75
03.22.2002-03:00:00,03,22,2002,03,493.02
03.22.2002-06:00:00,03,22,2002,06,491.74
03.22.2002-09:00:00,03,22,2002,09,491.99
03.22.2002-12:00:00,03,22,2002,12,490.74
03.22.2002-15:00:00,03,22,2002,15,491
03.22.2002-18:00:00,03,22,2002,18,489.77
03.22.2002-21:00:00,03,22,2002,21,490.07
03.23.2002-00:00:00,03,23,2002,00,488.8
03.23.2002-03:00:00,03,23,2002,03,489.03
03.23.2002-06:00:00,03,23,2002,06,487.81
03.23.2002-09:00:00,03,23,2002,09,483.78
03.23.2002-12:00:00,03,23,2002,12,477.35
03.23.2002-15:00:00,03,23,2002,15,482.2
03.23.2002-18:00:00,03,23,2002,18,484
03.23.2002-21:00:00,03,23,2002,21,485.36
03.24.2002-00:00:00,03,24,2002,00,484.45
03.24.2002-03:00:00,03,24,2002,03,484.94
03.24.2002-06:00:00,03,24,2002,06,483.77
03.24.2002-09:00:00,03,24,2002,09,475.07
03.24.2002-12:00:00,03,24,2002,12,469.95
03.24.2002-15:00:00,03,24,2002,15,468.89
03.24.2002-18:00:00,03,24,2002,18,470.13
03.24.2002-21:00:00,03,24,2002,21,474.53
03.25.2002-00:00:00,03,25,2002,00,475.98
03.25.2002-03:00:00,03,25,2002,03,478.36
03.25.2002-06:00:00,03,25,2002,06,478.12
03.25.2002-09:00:00,03,25,2002,09,470.41
03.25.2002-12:00:00,03,25,2002,12,465.66
03.25.2002-15:00:00,03,25,2002,15,463.8
03.25.2002-18:00:00,03,25,2002,18,463.55
03.25.2002-21:00:00,03,25,2002,21,466.72
03.26.2002-00:00:00,03,26,2002,00,468.49
03.26.2002-03:00:00,03,26,2002,03,471.28
03.26.2002-06:00:00,03,26,2002,06,471.89
03.26.2002-09:00:00,03,26,2002,09,465.93
03.26.2002-12:00:00,03,26,2002,12,461.66
03.26.2002-15:00:00,03,26,2002,15,460.96
03.26.2002-18:00:00,03,26,2002,18,461.55
03.26.2002-21:00:00,03,26,2002,21,464.56
03.27.2002-00:00:00,03,27,2002,00,466.52
03.27.2002-03:00:00,03,27,2002,03,468.78
03.27.2002-06:00:00,03,27,2002,06,468.9
03.27.2002-09:00:00,03,27,2002,09,462.87
03.27.2002-12:00:00,03,27,2002,12,458.41
03.27.2002-15:00:00,03,27,2002,15,458.57
03.27.2002-18:00:00,03,27,2002,18,460.61
03.27.2002-21:00:00,03,27,2002,21,464.72
03.28.2002-00:00:00,03,28,2002,00,465.73
03.28.2002-03:00:00,03,28,2002,03,466.94
03.28.2002-06:00:00,03,28,2002,06,465.94
03.28.2002-09:00:00,03,28,2002,09,460.35
03.28.2002-12:00:00,03,28,2002,12,456.27
03.28.2002-15:00:00,03,28,2002,15,460.09
03.28.2002-18:00:00,03,28,2002,18,462.1
03.28.2002-21:00:00,03,28,2002,21,463.98
03.29.2002-00:00:00,03,29,2002,00,463.31
03.29.2002-03:00:00,03,29,2002,03,463.77
03.29.2002-06:00:00,03,29,2002,06,462.59
03.29.2002-09:00:00,03,29,2002,09,455.42
03.29.2002-12:00:00,03,29,2002,12,450.96
03.29.2002-15:00:00,03,29,2002,15,450.57
03.29.2002-18:00:00,03,29,2002,18,451.7
03.29.2002-21:00:00,03,29,2002,21,456.05
03.30.2002-00:00:00,03,30,2002,00,457.44
03.30.2002-03:00:00,03,30,2002,03,459.25
03.30.2002-06:00:00,03,30,2002,06,458.64
03.30.2002-09:00:00,03,30,2002,09,451.69
03.30.2002-12:00:00,03,30,2002,12,447.32
03.30.2002-15:00:00,03,30,2002,15,446.79
03.30.2002-18:00:00,03,30,2002,18,447.94
03.30.2002-21:00:00,03,30,2002,21,451.78
03.31.2002-00:00:00,03,31,2002,00,453.4
03.31.2002-03:00:00,03,31,2002,03,455.4
03.31.2002-06:00:00,03,31,2002,06,454.79
03.31.2002-09:00:00,03,31,2002,09,447.86
03.31.2002-12:00:00,03,31,2002,12,443.41
03.31.2002-15:00:00,03,31,2002,15,441.79
03.31.2002-18:00:00,03,31,2002,18,441.43
03.31.2002-21:00:00,03,31,2002,21,443.5
04.01.2002-00:00:00,04,01,2002,00,444.47
04.01.2002-03:00:00,04,01,2002,03,446.79
04.01.2002-06:00:00,04,01,2002,06,447.94
04.01.2002-09:00:00,04,01,2002,09,443.66
04.01.2002-12:00:00,04,01,2002,12,439.99
04.01.2002-15:00:00,04,01,2002,15,438.51
04.01.2002-18:00:00,04,01,2002,18,438.61
04.01.2002-21:00:00,04,01,2002,21,440.57
04.02.2002-00:00:00,04,02,2002,00,441.67
04.02.2002-03:00:00,04,02,2002,03,444.79
04.02.2002-06:00:00,04,02,2002,06,445.03
04.02.2002-09:00:00,04,02,2002,09,440.67
04.02.2002-12:00:00,04,02,2002,12,437.03
04.02.2002-15:00:00,04,02,2002,15,436.05
04.02.2002-18:00:00,04,02,2002,18,436.11
04.02.2002-21:00:00,04,02,2002,21,438.55
04.03.2002-00:00:00,04,03,2002,00,440.09
04.03.2002-03:00:00,04,03,2002,03,442.76
04.03.2002-06:00:00,04,03,2002,06,443.31
04.03.2002-09:00:00,04,03,2002,09,438.87
04.03.2002-12:00:00,04,03,2002,12,435.52
04.03.2002-15:00:00,04,03,2002,15,437.25
04.03.2002-18:00:00,04,03,2002,18,439.06
04.03.2002-21:00:00,04,03,2002,21,441.82
04.04.2002-00:00:00,04,04,2002,00,441.29
04.04.2002-03:00:00,04,04,2002,03,441.93
04.04.2002-06:00:00,04,04,2002,06,441.34
04.04.2002-09:00:00,04,04,2002,09,435.37
04.04.2002-12:00:00,04,04,2002,12,431.22
04.04.2002-15:00:00,04,04,2002,15,429.96
04.04.2002-18:00:00,04,04,2002,18,429.33
04.04.2002-21:00:00,04,04,2002,21,431.86
04.05.2002-00:00:00,04,05,2002,00,432.49
04.05.2002-03:00:00,04,05,2002,03,435.63
04.05.2002-06:00:00,04,05,2002,06,436.35
04.05.2002-09:00:00,04,05,2002,09,431.99
04.05.2002-12:00:00,04,05,2002,12,428.21
04.05.2002-15:00:00,04,05,2002,15,426.62
04.05.2002-18:00:00,04,05,2002,18,426.94
04.05.2002-21:00:00,04,05,2002,21,428.32
04.06.2002-00:00:00,04,06,2002,00,427.61
04.06.2002-03:00:00,04,06,2002,03,430.38
04.06.2002-06:00:00,04,06,2002,06,430
04.06.2002-09:00:00,04,06,2002,09,428.62
04.06.2002-12:00:00,04,06,2002,12,426.46
04.06.2002-15:00:00,04,06,2002,15,425.49
04.06.2002-18:00:00,04,06,2002,18,425.98
04.06.2002-21:00:00,04,06,2002,21,427.76
04.07.2002-00:00:00,04,07,2002,00,428.36
04.07.2002-03:00:00,04,07,2002,03,430.63
04.07.2002-06:00:00,04,07,2002,06,429.66
04.07.2002-09:00:00,04,07,2002,09,428.36
04.07.2002-12:00:00,04,07,2002,12,426.03
04.07.2002-15:00:00,04,07,2002,15,425.63
04.07.2002-18:00:00,04,07,2002,18,425.76
04.07.2002-21:00:00,04,07,2002,21,427.77
04.08.2002-00:00:00,04,08,2002,00,429.13
04.08.2002-03:00:00,04,08,2002,03,430.64
04.08.2002-06:00:00,04,08,2002,06,430.16
04.08.2002-09:00:00,04,08,2002,09,428.15
04.08.2002-12:00:00,04,08,2002,12,425.5
04.08.2002-15:00:00,04,08,2002,15,425.3
04.08.2002-18:00:00,04,08,2002,18,425.18
04.08.2002-21:00:00,04,08,2002,21,427.39
04.09.2002-00:00:00,04,09,2002,00,428.6
04.09.2002-03:00:00,04,09,2002,03,430.55
04.09.2002-06:00:00,04,09,2002,06,430.52
04.09.2002-09:00:00,04,09,2002,09,427.97
04.09.2002-12:00:00,04,09,2002,12,425
04.09.2002-15:00:00,04,09,2002,15,423.77
04.09.2002-18:00:00,04,09,2002,18,424.23
04.09.2002-21:00:00,04,09,2002,21,425.75
04.10.2002-00:00:00,04,10,2002,00,425.41
04.10.2002-03:00:00,04,10,2002,03,428.32
04.10.2002-06:00:00,04,10,2002,06,428.48
04.10.2002-09:00:00,04,10,2002,09,427.85
04.10.2002-12:00:00,04,10,2002,12,426.16
04.10.2002-15:00:00,04,10,2002,15,427.34
04.10.2002-18:00:00,04,10,2002,18,428.35
04.10.2002-21:00:00,04,10,2002,21,430.27
04.11.2002-00:00:00,04,11,2002,00,429.87
04.11.2002-03:00:00,04,11,2002,03,430.93
04.11.2002-06:00:00,04,11,2002,06,428.89
04.11.2002-09:00:00,04,11,2002,09,426.97
04.11.2002-12:00:00,04,11,2002,12,423.88
04.11.2002-15:00:00,04,11,2002,15,423.21
04.11.2002-18:00:00,04,11,2002,18,423.42
04.11.2002-21:00:00,04,11,2002,21,425.55
04.12.2002-00:00:00,04,12,2002,00,426.81
04.12.2002-03:00:00,04,12,2002,03,428.89
04.12.2002-06:00:00,04,12,2002,06,427.87
04.12.2002-09:00:00,04,12,2002,09,427.34
04.12.2002-12:00:00,04,12,2002,12,425.02
04.12.2002-15:00:00,04,12,2002,15,425.72
04.12.2002-18:00:00,04,12,2002,18,426.47
04.12.2002-21:00:00,04,12,2002,21,429.6
04.13.2002-00:00:00,04,13,2002,00,430.52
04.13.2002-03:00:00,04,13,2002,03,433.74
04.13.2002-06:00:00,04,13,2002,06,432.75
04.13.2002-09:00:00,04,13,2002,09,432.96
04.13.2002-12:00:00,04,13,2002,12,432.56
04.13.2002-15:00:00,04,13,2002,15,434.94
04.13.2002-18:00:00,04,13,2002,18,437.46
04.13.2002-21:00:00,04,13,2002,21,441.63
04.14.2002-00:00:00,04,14,2002,00,443.5
04.14.2002-03:00:00,04,14,2002,03,446.41
04.14.2002-06:00:00,04,14,2002,06,445.37
04.14.2002-09:00:00,04,14,2002,09,445.71
04.14.2002-12:00:00,04,14,2002,12,445.69
04.14.2002-15:00:00,04,14,2002,15,447.86
04.14.2002-18:00:00,04,14,2002,18,450.57
04.14.2002-21:00:00,04,14,2002,21,464.01
04.15.2002-00:00:00,04,15,2002,00,454.49
04.15.2002-03:00:00,04,15,2002,03,457.11
04.15.2002-06:00:00,04,15,2002,06,456.7
04.15.2002-09:00:00,04,15,2002,09,456.74
04.15.2002-12:00:00,04,15,2002,12,455.05
04.15.2002-15:00:00,04,15,2002,15,456.92
04.15.2002-18:00:00,04,15,2002,18,456.59
04.15.2002-21:00:00,04,15,2002,21,458.09
04.16.2002-00:00:00,04,16,2002,00,457.07
04.16.2002-03:00:00,04,16,2002,03,457.82
04.16.2002-06:00:00,04,16,2002,06,456.81
04.16.2002-09:00:00,04,16,2002,09,454.29
04.16.2002-12:00:00,04,16,2002,12,451
04.16.2002-15:00:00,04,16,2002,15,450.83
04.16.2002-18:00:00,04,16,2002,18,450.64
04.16.2002-21:00:00,04,16,2002,21,452.87
04.17.2002-00:00:00,04,17,2002,00,452.98
04.17.2002-03:00:00,04,17,2002,03,455.05
04.17.2002-06:00:00,04,17,2002,06,454.43
04.17.2002-09:00:00,04,17,2002,09,451.75
04.17.2002-12:00:00,04,17,2002,12,448.47
04.17.2002-15:00:00,04,17,2002,15,448.58
04.17.2002-18:00:00,04,17,2002,18,448.83
04.17.2002-21:00:00,04,17,2002,21,451.13
04.18.2002-00:00:00,04,18,2002,00,451.39
04.18.2002-03:00:00,04,18,2002,03,453.16
04.18.2002-06:00:00,04,18,2002,06,452.16
04.18.2002-09:00:00,04,18,2002,09,449.32
04.18.2002-12:00:00,04,18,2002,12,446.28
04.18.2002-15:00:00,04,18,2002,15,446.29
04.18.2002-18:00:00,04,18,2002,18,446.8
04.18.2002-21:00:00,04,18,2002,21,449.64
04.19.2002-00:00:00,04,19,2002,00,449.62
04.19.2002-03:00:00,04,19,2002,03,451.55
04.19.2002-06:00:00,04,19,2002,06,450.19
04.19.2002-09:00:00,04,19,2002,09,447.19
04.19.2002-12:00:00,04,19,2002,12,444.47
04.19.2002-15:00:00,04,19,2002,15,443.57
04.19.2002-18:00:00,04,19,2002,18,444.07
04.19.2002-21:00:00,04,19,2002,21,445.9
04.20.2002-00:00:00,04,20,2002,00,445.04
04.20.2002-03:00:00,04,20,2002,03,446.07
04.20.2002-06:00:00,04,20,2002,06,445.82
04.20.2002-09:00:00,04,20,2002,09,446.35
04.20.2002-12:00:00,04,20,2002,12,459.16
04.20.2002-15:00:00,04,20,2002,15,463.66
04.20.2002-18:00:00,04,20,2002,18,455.21
04.20.2002-21:00:00,04,20,2002,21,457.01
04.21.2002-00:00:00,04,21,2002,00,451.65
04.21.2002-03:00:00,04,21,2002,03,452.77
04.21.2002-06:00:00,04,21,2002,06,452.05
04.21.2002-09:00:00,04,21,2002,09,465.73
04.21.2002-12:00:00,04,21,2002,12,489.05
04.21.2002-15:00:00,04,21,2002,15,468.16
04.21.2002-18:00:00,04,21,2002,18,473.15
04.21.2002-21:00:00,04,21,2002,21,469.41
04.22.2002-00:00:00,04,22,2002,00,470.5
04.22.2002-03:00:00,04,22,2002,03,465.94
04.22.2002-06:00:00,04,22,2002,06,464.71
04.22.2002-09:00:00,04,22,2002,09,475.08
04.22.2002-12:00:00,04,22,2002,12,492.33
04.22.2002-15:00:00,04,22,2002,15,478.35
04.22.2002-18:00:00,04,22,2002,18,481.48
04.22.2002-21:00:00,04,22,2002,21,480.54
04.23.2002-00:00:00,04,23,2002,00,472.72
04.23.2002-03:00:00,04,23,2002,03,474.3
04.23.2002-06:00:00,04,23,2002,06,473.56
04.23.2002-09:00:00,04,23,2002,09,474.3
04.23.2002-12:00:00,04,23,2002,12,483.44
04.23.2002-15:00:00,04,23,2002,15,487.85
04.23.2002-18:00:00,04,23,2002,18,482.83
04.23.2002-21:00:00,04,23,2002,21,476.63
04.24.2002-00:00:00,04,24,2002,00,475.92
04.24.2002-03:00:00,04,24,2002,03,477.61
04.24.2002-06:00:00,04,24,2002,06,476.87
04.24.2002-09:00:00,04,24,2002,09,477.62
04.24.2002-12:00:00,04,24,2002,12,475.57
04.24.2002-15:00:00,04,24,2002,15,476.6
04.24.2002-18:00:00,04,24,2002,18,476.11
04.24.2002-21:00:00,04,24,2002,21,477.26
04.25.2002-00:00:00,04,25,2002,00,476.63
04.25.2002-03:00:00,04,25,2002,03,478.5
04.25.2002-06:00:00,04,25,2002,06,477.83
04.25.2002-09:00:00,04,25,2002,09,477.1
04.25.2002-12:00:00,04,25,2002,12,474.61
04.25.2002-15:00:00,04,25,2002,15,477.77
04.25.2002-18:00:00,04,25,2002,18,482.93
04.25.2002-21:00:00,04,25,2002,21,477.66
04.26.2002-00:00:00,04,26,2002,00,476.82
04.26.2002-03:00:00,04,26,2002,03,478.08
04.26.2002-06:00:00,04,26,2002,06,477.36
04.26.2002-09:00:00,04,26,2002,09,477.58
04.26.2002-12:00:00,04,26,2002,12,503.89
04.26.2002-15:00:00,04,26,2002,15,512.63
04.26.2002-18:00:00,04,26,2002,18,499.83
04.26.2002-21:00:00,04,26,2002,21,498.43
04.27.2002-00:00:00,04,27,2002,00,485.59
04.27.2002-03:00:00,04,27,2002,03,483.85
04.27.2002-06:00:00,04,27,2002,06,483.23
04.27.2002-09:00:00,04,27,2002,09,506.18
04.27.2002-12:00:00,04,27,2002,12,562.17
04.27.2002-15:00:00,04,27,2002,15,520.79
04.27.2002-18:00:00,04,27,2002,18,510.96
04.27.2002-21:00:00,04,27,2002,21,505.09
04.28.2002-00:00:00,04,28,2002,00,497.1
04.28.2002-03:00:00,04,28,2002,03,492.94
04.28.2002-06:00:00,04,28,2002,06,493.52
04.28.2002-09:00:00,04,28,2002,09,528.24
04.28.2002-12:00:00,04,28,2002,12,573.98
04.28.2002-15:00:00,04,28,2002,15,522.09
04.28.2002-18:00:00,04,28,2002,18,524.98
04.28.2002-21:00:00,04,28,2002,21,512.2
04.29.2002-00:00:00,04,29,2002,00,507.54
04.29.2002-03:00:00,04,29,2002,03,503.38
04.29.2002-06:00:00,04,29,2002,06,503.84
04.29.2002-09:00:00,04,29,2002,09,553.96
04.29.2002-12:00:00,04,29,2002,12,624.48
04.29.2002-15:00:00,04,29,2002,15,562.05
04.29.2002-18:00:00,04,29,2002,18,572.46
04.29.2002-21:00:00,04,29,2002,21,555.71
04.30.2002-00:00:00,04,30,2002,00,541.54
04.30.2002-03:00:00,04,30,2002,03,528.98
04.30.2002-06:00:00,04,30,2002,06,526.73
04.30.2002-09:00:00,04,30,2002,09,622.41
04.30.2002-12:00:00,04,30,2002,12,724.3
04.30.2002-15:00:00,04,30,2002,15,699.44
04.30.2002-18:00:00,04,30,2002,18,674.4
04.30.2002-21:00:00,04,30,2002,21,613.11
05.01.2002-00:00:00,05,01,2002,00,607.39
05.01.2002-03:00:00,05,01,2002,03,582.77
05.01.2002-06:00:00,05,01,2002,06,584.33
05.01.2002-09:00:00,05,01,2002,09,804.65
05.01.2002-12:00:00,05,01,2002,12,1013.3
05.01.2002-15:00:00,05,01,2002,15,834.95
05.01.2002-18:00:00,05,01,2002,18,807.19
05.01.2002-21:00:00,05,01,2002,21,719.94
05.02.2002-00:00:00,05,02,2002,00,695.61
05.02.2002-03:00:00,05,02,2002,03,635.61
05.02.2002-06:00:00,05,02,2002,06,624.16
05.02.2002-09:00:00,05,02,2002,09,874.94
05.02.2002-12:00:00,05,02,2002,12,1213.8
05.02.2002-15:00:00,05,02,2002,15,927.09
05.02.2002-18:00:00,05,02,2002,18,904.45
05.02.2002-21:00:00,05,02,2002,21,764.68
05.03.2002-00:00:00,05,03,2002,00,754.19
05.03.2002-03:00:00,05,03,2002,03,661.24
05.03.2002-06:00:00,05,03,2002,06,651.15
05.03.2002-09:00:00,05,03,2002,09,921.26
05.03.2002-12:00:00,05,03,2002,12,1263
05.03.2002-15:00:00,05,03,2002,15,937.05
05.03.2002-18:00:00,05,03,2002,18,904.26
05.03.2002-21:00:00,05,03,2002,21,782.74
05.04.2002-00:00:00,05,04,2002,00,723.02
05.04.2002-03:00:00,05,04,2002,03,658.17
05.04.2002-06:00:00,05,04,2002,06,653.52
05.04.2002-09:00:00,05,04,2002,09,786.73
05.04.2002-12:00:00,05,04,2002,12,1100.1
05.04.2002-15:00:00,05,04,2002,15,927.91
05.04.2002-18:00:00,05,04,2002,18,789.19
05.04.2002-21:00:00,05,04,2002,21,715.59
05.05.2002-00:00:00,05,05,2002,00,686.82
05.05.2002-03:00:00,05,05,2002,03,686.01
05.05.2002-06:00:00,05,05,2002,06,681
05.05.2002-09:00:00,05,05,2002,09,778.65
05.05.2002-12:00:00,05,05,2002,12,1123.3
05.05.2002-15:00:00,05,05,2002,15,1005.5
05.05.2002-18:00:00,05,05,2002,18,809.87
05.05.2002-21:00:00,05,05,2002,21,744.19
05.06.2002-00:00:00,05,06,2002,00,706.49
05.06.2002-03:00:00,05,06,2002,03,704.04
05.06.2002-06:00:00,05,06,2002,06,701.9
05.06.2002-09:00:00,05,06,2002,09,730.5
05.06.2002-12:00:00,05,06,2002,12,991.1
05.06.2002-15:00:00,05,06,2002,15,958
05.06.2002-18:00:00,05,06,2002,18,786.31
05.06.2002-21:00:00,05,06,2002,21,720.74
05.07.2002-00:00:00,05,07,2002,00,714.46
05.07.2002-03:00:00,05,07,2002,03,716.3
05.07.2002-06:00:00,05,07,2002,06,715.94
05.07.2002-09:00:00,05,07,2002,09,696.16
05.07.2002-12:00:00,05,07,2002,12,821.03
05.07.2002-15:00:00,05,07,2002,15,823.34
05.07.2002-18:00:00,05,07,2002,18,759.6
05.07.2002-21:00:00,05,07,2002,21,723.08
05.08.2002-00:00:00,05,08,2002,00,719.44
05.08.2002-03:00:00,05,08,2002,03,719.84
05.08.2002-06:00:00,05,08,2002,06,718.05
05.08.2002-09:00:00,05,08,2002,09,705.49
05.08.2002-12:00:00,05,08,2002,12,936.38
05.08.2002-15:00:00,05,08,2002,15,922.63
05.08.2002-18:00:00,05,08,2002,18,818.79
05.08.2002-21:00:00,05,08,2002,21,744.76
05.09.2002-00:00:00,05,09,2002,00,730.08
05.09.2002-03:00:00,05,09,2002,03,729.97
05.09.2002-06:00:00,05,09,2002,06,729.05
05.09.2002-09:00:00,05,09,2002,09,726.97
05.09.2002-12:00:00,05,09,2002,12,964.32
05.09.2002-15:00:00,05,09,2002,15,955.7
05.09.2002-18:00:00,05,09,2002,18,845.16
05.09.2002-21:00:00,05,09,2002,21,766.12
05.10.2002-00:00:00,05,10,2002,00,741.16
05.10.2002-03:00:00,05,10,2002,03,742.49
05.10.2002-06:00:00,05,10,2002,06,736.32
05.10.2002-09:00:00,05,10,2002,09,830.84
05.10.2002-12:00:00,05,10,2002,12,1114.8
05.10.2002-15:00:00,05,10,2002,15,1004.7
05.10.2002-18:00:00,05,10,2002,18,858.24
05.10.2002-21:00:00,05,10,2002,21,790.42
05.11.2002-00:00:00,05,11,2002,00,758.71
05.11.2002-03:00:00,05,11,2002,03,758.48
05.11.2002-06:00:00,05,11,2002,06,747.32
05.11.2002-09:00:00,05,11,2002,09,957.63
05.11.2002-12:00:00,05,11,2002,12,1549.6
05.11.2002-15:00:00,05,11,2002,15,1306.8
05.11.2002-18:00:00,05,11,2002,18,1061.5
05.11.2002-21:00:00,05,11,2002,21,945.79
05.12.2002-00:00:00,05,12,2002,00,862.03
05.12.2002-03:00:00,05,12,2002,03,809.74
05.12.2002-06:00:00,05,12,2002,06,805.06
05.12.2002-09:00:00,05,12,2002,09,1271.3
05.12.2002-12:00:00,05,12,2002,12,2021.6
05.12.2002-15:00:00,05,12,2002,15,1601.8
05.12.2002-18:00:00,05,12,2002,18,1347.9
05.12.2002-21:00:00,05,12,2002,21,1189.7
05.13.2002-00:00:00,05,13,2002,00,1127.5
05.13.2002-03:00:00,05,13,2002,03,984.41
05.13.2002-06:00:00,05,13,2002,06,1128.4
05.13.2002-09:00:00,05,13,2002,09,2002
05.13.2002-12:00:00,05,13,2002,12,2960.4
05.13.2002-15:00:00,05,13,2002,15,2548.6
05.13.2002-18:00:00,05,13,2002,18,2261.8
05.13.2002-21:00:00,05,13,2002,21,2122.2
05.14.2002-00:00:00,05,14,2002,00,1953.1
05.14.2002-03:00:00,05,14,2002,03,1649.2
05.14.2002-06:00:00,05,14,2002,06,1618.6
05.14.2002-09:00:00,05,14,2002,09,2682.1
05.14.2002-12:00:00,05,14,2002,12,4061.3
05.14.2002-15:00:00,05,14,2002,15,3593.3
05.14.2002-18:00:00,05,14,2002,18,3210.8
05.14.2002-21:00:00,05,14,2002,21,2869.7
05.15.2002-00:00:00,05,15,2002,00,2683.9
05.15.2002-03:00:00,05,15,2002,03,2347.1
05.15.2002-06:00:00,05,15,2002,06,2117.1
05.15.2002-09:00:00,05,15,2002,09,2600.3
05.15.2002-12:00:00,05,15,2002,12,3833.4
05.15.2002-15:00:00,05,15,2002,15,3216.1
05.15.2002-18:00:00,05,15,2002,18,2525.5
05.15.2002-21:00:00,05,15,2002,21,2287.6
05.16.2002-00:00:00,05,16,2002,00,2192
05.16.2002-03:00:00,05,16,2002,03,2018.3
05.16.2002-06:00:00,05,16,2002,06,1949.6
05.16.2002-09:00:00,05,16,2002,09,2479
05.16.2002-12:00:00,05,16,2002,12,4471.3
05.16.2002-15:00:00,05,16,2002,15,4098.3
05.16.2002-18:00:00,05,16,2002,18,3125.5
05.16.2002-21:00:00,05,16,2002,21,2725.9
05.17.2002-00:00:00,05,17,2002,00,2629.5
05.17.2002-03:00:00,05,17,2002,03,2441.2
05.17.2002-06:00:00,05,17,2002,06,2374.7
05.17.2002-09:00:00,05,17,2002,09,3326.2
05.17.2002-12:00:00,05,17,2002,12,6010.3
05.17.2002-15:00:00,05,17,2002,15,5220.2
05.17.2002-18:00:00,05,17,2002,18,3948
05.17.2002-21:00:00,05,17,2002,21,3558.7
05.18.2002-00:00:00,05,18,2002,00,3484
05.18.2002-03:00:00,05,18,2002,03,3305.4
05.18.2002-06:00:00,05,18,2002,06,3355.2
05.18.2002-09:00:00,05,18,2002,09,4903.6
05.18.2002-12:00:00,05,18,2002,12,6712.6
05.18.2002-15:00:00,05,18,2002,15,5916
05.18.2002-18:00:00,05,18,2002,18,4546.2
05.18.2002-21:00:00,05,18,2002,21,3968.3
05.19.2002-00:00:00,05,19,2002,00,3771.1
05.19.2002-03:00:00,05,19,2002,03,3562.3
05.19.2002-06:00:00,05,19,2002,06,3675.5
05.19.2002-09:00:00,05,19,2002,09,5305.5
05.19.2002-12:00:00,05,19,2002,12,6668
05.19.2002-15:00:00,05,19,2002,15,5869.4
05.19.2002-18:00:00,05,19,2002,18,4721.4
05.19.2002-21:00:00,05,19,2002,21,4202.5
05.20.2002-00:00:00,05,20,2002,00,4074.6
05.20.2002-03:00:00,05,20,2002,03,3979.4
05.20.2002-06:00:00,05,20,2002,06,4556.8
05.20.2002-09:00:00,05,20,2002,09,7841.9
05.20.2002-12:00:00,05,20,2002,12,10127
05.20.2002-15:00:00,05,20,2002,15,9021.4
05.20.2002-18:00:00,05,20,2002,18,6998
05.20.2002-21:00:00,05,20,2002,21,6216.8
05.21.2002-00:00:00,05,21,2002,00,5854.5
05.21.2002-03:00:00,05,21,2002,03,5575.3
05.21.2002-06:00:00,05,21,2002,06,5473.6
05.21.2002-09:00:00,05,21,2002,09,7813.5
05.21.2002-12:00:00,05,21,2002,12,10084
05.21.2002-15:00:00,05,21,2002,15,9133.4
05.21.2002-18:00:00,05,21,2002,18,7459.1
05.21.2002-21:00:00,05,21,2002,21,6849.2
05.22.2002-00:00:00,05,22,2002,00,6608
05.22.2002-03:00:00,05,22,2002,03,6396
05.22.2002-06:00:00,05,22,2002,06,6262.1
05.22.2002-09:00:00,05,22,2002,09,8476.4
05.22.2002-12:00:00,05,22,2002,12,11445
05.22.2002-15:00:00,05,22,2002,15,10416
05.22.2002-18:00:00,05,22,2002,18,8587.3
05.22.2002-21:00:00,05,22,2002,21,7912.2
05.23.2002-00:00:00,05,23,2002,00,7662.2
05.23.2002-03:00:00,05,23,2002,03,7434.9
05.23.2002-06:00:00,05,23,2002,06,7137.8
05.23.2002-09:00:00,05,23,2002,09,8877.4
05.23.2002-12:00:00,05,23,2002,12,12732
05.23.2002-15:00:00,05,23,2002,15,11536
05.23.2002-18:00:00,05,23,2002,18,9171.6
05.23.2002-21:00:00,05,23,2002,21,8386
05.24.2002-00:00:00,05,24,2002,00,7888.4
05.24.2002-03:00:00,05,24,2002,03,7477.2
05.24.2002-06:00:00,05,24,2002,06,7024.6
05.24.2002-09:00:00,05,24,2002,09,9505.3
05.24.2002-12:00:00,05,24,2002,12,15562
05.24.2002-15:00:00,05,24,2002,15,14142
05.24.2002-18:00:00,05,24,2002,18,10941
05.24.2002-21:00:00,05,24,2002,21,9742.5
05.25.2002-00:00:00,05,25,2002,00,9267.5
05.25.2002-03:00:00,05,25,2002,03,8931.2
05.25.2002-06:00:00,05,25,2002,06,8536.2
05.25.2002-09:00:00,05,25,2002,09,11068
05.25.2002-12:00:00,05,25,2002,12,18716
05.25.2002-15:00:00,05,25,2002,15,17729
05.25.2002-18:00:00,05,25,2002,18,13901
05.25.2002-21:00:00,05,25,2002,21,12263
05.26.2002-00:00:00,05,26,2002,00,11607
05.26.2002-03:00:00,05,26,2002,03,11005
05.26.2002-06:00:00,05,26,2002,06,10961
05.26.2002-09:00:00,05,26,2002,09,15824
05.26.2002-12:00:00,05,26,2002,12,22431
05.26.2002-15:00:00,05,26,2002,15,21044
05.26.2002-18:00:00,05,26,2002,18,17664
05.26.2002-21:00:00,05,26,2002,21,16062
05.27.2002-00:00:00,05,27,2002,00,15093
05.27.2002-03:00:00,05,27,2002,03,14448
05.27.2002-06:00:00,05,27,2002,06,13754
05.27.2002-09:00:00,05,27,2002,09,18001
05.27.2002-12:00:00,05,27,2002,12,24370
05.27.2002-15:00:00,05,27,2002,15,23418
05.27.2002-18:00:00,05,27,2002,18,19213
05.27.2002-21:00:00,05,27,2002,21,16957
05.28.2002-00:00:00,05,28,2002,00,15588
05.28.2002-03:00:00,05,28,2002,03,14378
05.28.2002-06:00:00,05,28,2002,06,13930
05.28.2002-09:00:00,05,28,2002,09,20429
05.28.2002-12:00:00,05,28,2002,12,27630
05.28.2002-15:00:00,05,28,2002,15,27079
05.28.2002-18:00:00,05,28,2002,18,22034
05.28.2002-21:00:00,05,28,2002,21,19448
05.29.2002-00:00:00,05,29,2002,00,18083
05.29.2002-03:00:00,05,29,2002,03,17307
05.29.2002-06:00:00,05,29,2002,06,18551
05.29.2002-09:00:00,05,29,2002,09,26221
05.29.2002-12:00:00,05,29,2002,12,32294
05.29.2002-15:00:00,05,29,2002,15,31430
05.29.2002-18:00:00,05,29,2002,18,26959
05.29.2002-21:00:00,05,29,2002,21,24279
05.30.2002-00:00:00,05,30,2002,00,22519
05.30.2002-03:00:00,05,30,2002,03,21705
05.30.2002-06:00:00,05,30,2002,06,22383
05.30.2002-09:00:00,05,30,2002,09,34901
05.30.2002-12:00:00,05,30,2002,12,45963
05.30.2002-15:00:00,05,30,2002,15,44548
05.30.2002-18:00:00,05,30,2002,18,37597
05.30.2002-21:00:00,05,30,2002,21,33904
05.31.2002-00:00:00,05,31,2002,00,31660
05.31.2002-03:00:00,05,31,2002,03,30401
05.31.2002-06:00:00,05,31,2002,06,29366
05.31.2002-09:00:00,05,31,2002,09,40131
05.31.2002-12:00:00,05,31,2002,12,54727
05.31.2002-15:00:00,05,31,2002,15,54610
05.31.2002-18:00:00,05,31,2002,18,46457
05.31.2002-21:00:00,05,31,2002,21,41619
06.01.2002-00:00:00,06,01,2002,00,38421
06.01.2002-03:00:00,06,01,2002,03,35578
06.01.2002-06:00:00,06,01,2002,06,33632
06.01.2002-09:00:00,06,01,2002,09,43484
06.01.2002-12:00:00,06,01,2002,12,56218
06.01.2002-15:00:00,06,01,2002,15,56562
06.01.2002-18:00:00,06,01,2002,18,49059
06.01.2002-21:00:00,06,01,2002,21,44017
06.02.2002-00:00:00,06,02,2002,00,40826
06.02.2002-03:00:00,06,02,2002,03,38209
06.02.2002-06:00:00,06,02,2002,06,38059
06.02.2002-09:00:00,06,02,2002,09,53188
06.02.2002-12:00:00,06,02,2002,12,69109
06.02.2002-15:00:00,06,02,2002,15,70493
06.02.2002-18:00:00,06,02,2002,18,62808
06.02.2002-21:00:00,06,02,2002,21,56723
06.03.2002-00:00:00,06,03,2002,00,52586
06.03.2002-03:00:00,06,03,2002,03,49286
06.03.2002-06:00:00,06,03,2002,06,49059
06.03.2002-09:00:00,06,03,2002,09,65117
06.03.2002-12:00:00,06,03,2002,12,82892
06.03.2002-15:00:00,06,03,2002,15,85634
06.03.2002-18:00:00,06,03,2002,18,77274
06.03.2002-21:00:00,06,03,2002,21,70423
06.04.2002-00:00:00,06,04,2002,00,65361
06.04.2002-03:00:00,06,04,2002,03,60455
06.04.2002-06:00:00,06,04,2002,06,58771
06.04.2002-09:00:00,06,04,2002,09,73608
06.04.2002-12:00:00,06,04,2002,12,90908
06.04.2002-15:00:00,06,04,2002,15,93859
06.04.2002-18:00:00,06,04,2002,18,86590
06.04.2002-21:00:00,06,04,2002,21,77722
06.05.2002-00:00:00,06,05,2002,00,71395
06.05.2002-03:00:00,06,05,2002,03,66589
06.05.2002-06:00:00,06,05,2002,06,65307
06.05.2002-09:00:00,06,05,2002,09,81156
06.05.2002-12:00:00,06,05,2002,12,98487
06.05.2002-15:00:00,06,05,2002,15,1.0366e+05
06.05.2002-18:00:00,06,05,2002,18,95914
06.05.2002-21:00:00,06,05,2002,21,86957
06.06.2002-00:00:00,06,06,2002,00,79488
06.06.2002-03:00:00,06,06,2002,03,73667
06.06.2002-06:00:00,06,06,2002,06,72666
06.06.2002-09:00:00,06,06,2002,09,87828
06.06.2002-12:00:00,06,06,2002,12,1.0504e+05
06.06.2002-15:00:00,06,06,2002,15,1.1031e+05
06.06.2002-18:00:00,06,06,2002,18,1.0212e+05
06.06.2002-21:00:00,06,06,2002,21,92620
06.07.2002-00:00:00,06,07,2002,00,84053
06.07.2002-03:00:00,06,07,2002,03,78241
06.07.2002-06:00:00,06,07,2002,06,72436
06.07.2002-09:00:00,06,07,2002,09,77880
06.07.2002-12:00:00,06,07,2002,12,91402
06.07.2002-15:00:00,06,07,2002,15,95144
06.07.2002-18:00:00,06,07,2002,18,87391
06.07.2002-21:00:00,06,07,2002,21,78824
06.08.2002-00:00:00,06,08,2002,00,71059
06.08.2002-03:00:00,06,08,2002,03,65547
06.08.2002-06:00:00,06,08,2002,06,60382
06.08.2002-09:00:00,06,08,2002,09,56408
06.08.2002-12:00:00,06,08,2002,12,52260
06.08.2002-15:00:00,06,08,2002,15,50450
06.08.2002-18:00:00,06,08,2002,18,48565
06.08.2002-21:00:00,06,08,2002,21,46567
06.09.2002-00:00:00,06,09,2002,00,44752
06.09.2002-03:00:00,06,09,2002,03,43257
06.09.2002-06:00:00,06,09,2002,06,41821
06.09.2002-09:00:00,06,09,2002,09,39933
06.09.2002-12:00:00,06,09,2002,12,38414
06.09.2002-15:00:00,06,09,2002,15,37969
06.09.2002-18:00:00,06,09,2002,18,37919
06.09.2002-21:00:00,06,09,2002,21,37606
06.10.2002-00:00:00,06,10,2002,00,37288
06.10.2002-03:00:00,06,10,2002,03,36789
06.10.2002-06:00:00,06,10,2002,06,35857
06.10.2002-09:00:00,06,10,2002,09,36730
06.10.2002-12:00:00,06,10,2002,12,41604
06.10.2002-15:00:00,06,10,2002,15,46207
06.10.2002-18:00:00,06,10,2002,18,44193
06.10.2002-21:00:00,06,10,2002,21,41455
06.11.2002-00:00:00,06,11,2002,00,38738
06.11.2002-03:00:00,06,11,2002,03,36993
06.11.2002-06:00:00,06,11,2002,06,36398
06.11.2002-09:00:00,06,11,2002,09,53088
06.11.2002-12:00:00,06,11,2002,12,74917
06.11.2002-15:00:00,06,11,2002,15,83476
06.11.2002-18:00:00,06,11,2002,18,75883
06.11.2002-21:00:00,06,11,2002,21,67820
06.12.2002-00:00:00,06,12,2002,00,61127
06.12.2002-03:00:00,06,12,2002,03,56987
06.12.2002-06:00:00,06,12,2002,06,55927
06.12.2002-09:00:00,06,12,2002,09,73525
06.12.2002-12:00:00,06,12,2002,12,94951
06.12.2002-15:00:00,06,12,2002,15,1.0453e+05
06.12.2002-18:00:00,06,12,2002,18,97420
06.12.2002-21:00:00,06,12,2002,21,88991
06.13.2002-00:00:00,06,13,2002,00,80738
06.13.2002-03:00:00,06,13,2002,03,74817
06.13.2002-06:00:00,06,13,2002,06,75740
06.13.2002-09:00:00,06,13,2002,09,95110
06.13.2002-12:00:00,06,13,2002,12,1.2055e+05
06.13.2002-15:00:00,06,13,2002,15,1.32e+05
06.13.2002-18:00:00,06,13,2002,18,1.2692e+05
06.13.2002-21:00:00,06,13,2002,21,1.1708e+05
06.14.2002-00:00:00,06,14,2002,00,1.0649e+05
06.14.2002-03:00:00,06,14,2002,03,98006
06.14.2002-06:00:00,06,14,2002,06,99484
06.14.2002-09:00:00,06,14,2002,09,1.1845e+05
06.14.2002-12:00:00,06,14,2002,12,1.4373e+05
06.14.2002-15:00:00,06,14,2002,15,1.5603e+05
06.14.2002-18:00:00,06,14,2002,18,1.5185e+05
06.14.2002-21:00:00,06,14,2002,21,1.4141e+05
06.15.2002-00:00:00,06,15,2002,00,1.3036e+05
06.15.2002-03:00:00,06,15,2002,03,1.2044e+05
06.15.2002-06:00:00,06,15,2002,06,1.2104e+05
06.15.2002-09:00:00,06,15,2002,09,1.4069e+05
06.15.2002-12:00:00,06,15,2002,12,1.6731e+05
06.15.2002-15:00:00,06,15,2002,15,1.823e+05
06.15.2002-18:00:00,06,15,2002,18,1.7935e+05
06.15.2002-21:00:00,06,15,2002,21,1.6921e+05
06.16.2002-00:00:00,06,16,2002,00,1.5723e+05
06.16.2002-03:00:00,06,16,2002,03,1.4715e+05
06.16.2002-06:00:00,06,16,2002,06,1.4578e+05
06.16.2002-09:00:00,06,16,2002,09,1.6426e+05
06.16.2002-12:00:00,06,16,2002,12,1.9022e+05
06.16.2002-15:00:00,06,16,2002,15,2.0421e+05
06.16.2002-18:00:00,06,16,2002,18,2.0104e+05
06.16.2002-21:00:00,06,16,2002,21,1.9085e+05
06.17.2002-00:00:00,06,17,2002,00,1.7837e+05
06.17.2002-03:00:00,06,17,2002,03,1.6477e+05
06.17.2002-06:00:00,06,17,2002,06,1.5928e+05
06.17.2002-09:00:00,06,17,2002,09,1.7126e+05
06.17.2002-12:00:00,06,17,2002,12,1.9008e+05
06.17.2002-15:00:00,06,17,2002,15,1.9946e+05
06.17.2002-18:00:00,06,17,2002,18,1.9279e+05
06.17.2002-21:00:00,06,17,2002,21,1.8062e+05
06.18.2002-00:00:00,06,18,2002,00,1.6642e+05
06.18.2002-03:00:00,06,18,2002,03,1.5248e+05
06.18.2002-06:00:00,06,18,2002,06,1.4425e+05
06.18.2002-09:00:00,06,18,2002,09,1.4902e+05
06.18.2002-12:00:00,06,18,2002,12,1.597e+05
06.18.2002-15:00:00,06,18,2002,15,1.6342e+05
06.18.2002-18:00:00,06,18,2002,18,1.5536e+05
06.18.2002-21:00:00,06,18,2002,21,1.4381e+05
06.19.2002-00:00:00,06,19,2002,00,1.322e+05
06.19.2002-03:00:00,06,19,2002,03,1.2039e+05
06.19.2002-06:00:00,06,19,2002,06,1.1138e+05
06.19.2002-09:00:00,06,19,2002,09,1.1305e+05
06.19.2002-12:00:00,06,19,2002,12,1.2195e+05
06.19.2002-15:00:00,06,19,2002,15,1.2479e+05
06.19.2002-18:00:00,06,19,2002,18,1.1855e+05
06.19.2002-21:00:00,06,19,2002,21,1.1007e+05
06.20.2002-00:00:00,06,20,2002,00,1.0127e+05
06.20.2002-03:00:00,06,20,2002,03,93518
06.20.2002-06:00:00,06,20,2002,06,86725
06.20.2002-09:00:00,06,20,2002,09,92317
06.20.2002-12:00:00,06,20,2002,12,1.0774e+05
06.20.2002-15:00:00,06,20,2002,15,1.1602e+05
06.20.2002-18:00:00,06,20,2002,18,1.1255e+05
06.20.2002-21:00:00,06,20,2002,21,1.0528e+05
06.21.2002-00:00:00,06,21,2002,00,97430
06.21.2002-03:00:00,06,21,2002,03,90634
06.21.2002-06:00:00,06,21,2002,06,84997
06.21.2002-09:00:00,06,21,2002,09,94441
06.21.2002-12:00:00,06,21,2002,12,1.1057e+05
06.21.2002-15:00:00,06,21,2002,15,1.203e+05
06.21.2002-18:00:00,06,21,2002,18,1.1718e+05
06.21.2002-21:00:00,06,21,2002,21,1.1115e+05
06.22.2002-00:00:00,06,22,2002,00,1.0263e+05
06.22.2002-03:00:00,06,22,2002,03,95851
06.22.2002-06:00:00,06,22,2002,06,92239
06.22.2002-09:00:00,06,22,2002,09,1.0409e+05
06.22.2002-12:00:00,06,22,2002,12,1.2189e+05
06.22.2002-15:00:00,06,22,2002,15,1.3302e+05
06.22.2002-18:00:00,06,22,2002,18,1.319e+05
06.22.2002-21:00:00,06,22,2002,21,1.2497e+05
06.23.2002-00:00:00,06,23,2002,00,1.1665e+05
06.23.2002-03:00:00,06,23,2002,03,1.0858e+05
06.23.2002-06:00:00,06,23,2002,06,1.0597e+05
06.23.2002-09:00:00,06,23,2002,09,1.1571e+05
06.23.2002-12:00:00,06,23,2002,12,1.2984e+05
06.23.2002-15:00:00,06,23,2002,15,1.3877e+05
06.23.2002-18:00:00,06,23,2002,18,1.3674e+05
06.23.2002-21:00:00,06,23,2002,21,1.2999e+05
06.24.2002-00:00:00,06,24,2002,00,1.2206e+05
06.24.2002-03:00:00,06,24,2002,03,1.132e+05
06.24.2002-06:00:00,06,24,2002,06,1.0812e+05
06.24.2002-09:00:00,06,24,2002,09,1.1341e+05
06.24.2002-12:00:00,06,24,2002,12,1.2204e+05
06.24.2002-15:00:00,06,24,2002,15,1.2651e+05
06.24.2002-18:00:00,06,24,2002,18,1.2365e+05
06.24.2002-21:00:00,06,24,2002,21,1.173e+05
06.25.2002-00:00:00,06,25,2002,00,1.0993e+05
06.25.2002-03:00:00,06,25,2002,03,1.0178e+05
06.25.2002-06:00:00,06,25,2002,06,95588
06.25.2002-09:00:00,06,25,2002,09,98946
06.25.2002-12:00:00,06,25,2002,12,1.0528e+05
06.25.2002-15:00:00,06,25,2002,15,1.0953e+05
06.25.2002-18:00:00,06,25,2002,18,1.076e+05
06.25.2002-21:00:00,06,25,2002,21,1.029e+05
06.26.2002-00:00:00,06,26,2002,00,97475
06.26.2002-03:00:00,06,26,2002,03,91704
06.26.2002-06:00:00,06,26,2002,06,88164
06.26.2002-09:00:00,06,26,2002,09,92259
06.26.2002-12:00:00,06,26,2002,12,98353
06.26.2002-15:00:00,06,26,2002,15,1.024e+05
06.26.2002-18:00:00,06,26,2002,18,1.0243e+05
06.26.2002-21:00:00,06,26,2002,21,1.0111e+05
06.27.2002-00:00:00,06,27,2002,00,98502
06.27.2002-03:00:00,06,27,2002,03,94321
06.27.2002-06:00:00,06,27,2002,06,90852
06.27.2002-09:00:00,06,27,2002,09,91740
06.27.2002-12:00:00,06,27,2002,12,92863
06.27.2002-15:00:00,06,27,2002,15,95178
06.27.2002-18:00:00,06,27,2002,18,94784
06.27.2002-21:00:00,06,27,2002,21,95419
06.28.2002-00:00:00,06,28,2002,00,96944
06.28.2002-03:00:00,06,28,2002,03,98272
06.28.2002-06:00:00,06,28,2002,06,99443
06.28.2002-09:00:00,06,28,2002,09,1.0117e+05
06.28.2002-12:00:00,06,28,2002,12,1.0223e+05
06.28.2002-15:00:00,06,28,2002,15,1.0426e+05
06.28.2002-18:00:00,06,28,2002,18,1.0482e+05
06.28.2002-21:00:00,06,28,2002,21,1.0661e+05
06.29.2002-00:00:00,06,29,2002,00,1.0292e+05
06.29.2002-03:00:00,06,29,2002,03,98477
06.29.2002-06:00:00,06,29,2002,06,92537
06.29.2002-09:00:00,06,29,2002,09,88241
06.29.2002-12:00:00,06,29,2002,12,83076
06.29.2002-15:00:00,06,29,2002,15,79326
06.29.2002-18:00:00,06,29,2002,18,75484
06.29.2002-21:00:00,06,29,2002,21,72029
06.30.2002-00:00:00,06,30,2002,00,68313
06.30.2002-03:00:00,06,30,2002,03,65704
06.30.2002-06:00:00,06,30,2002,06,62273
06.30.2002-09:00:00,06,30,2002,09,58644
06.30.2002-12:00:00,06,30,2002,12,55840
06.30.2002-15:00:00,06,30,2002,15,54934
06.30.2002-18:00:00,06,30,2002,18,54357
06.30.2002-21:00:00,06,30,2002,21,53618
07.01.2002-00:00:00,07,01,2002,00,52800
07.01.2002-03:00:00,07,01,2002,03,51708
07.01.2002-06:00:00,07,01,2002,06,50207
07.01.2002-09:00:00,07,01,2002,09,48118
07.01.2002-12:00:00,07,01,2002,12,46452
07.01.2002-15:00:00,07,01,2002,15,46080
07.01.2002-18:00:00,07,01,2002,18,45842
07.01.2002-21:00:00,07,01,2002,21,46261
07.02.2002-00:00:00,07,02,2002,00,45984
07.02.2002-03:00:00,07,02,2002,03,45545
07.02.2002-06:00:00,07,02,2002,06,44031
07.02.2002-09:00:00,07,02,2002,09,41612
07.02.2002-12:00:00,07,02,2002,12,39495
07.02.2002-15:00:00,07,02,2002,15,39612
07.02.2002-18:00:00,07,02,2002,18,40005
07.02.2002-21:00:00,07,02,2002,21,40770
07.03.2002-00:00:00,07,03,2002,00,41126
07.03.2002-03:00:00,07,03,2002,03,40977
07.03.2002-06:00:00,07,03,2002,06,39475
07.03.2002-09:00:00,07,03,2002,09,36892
07.03.2002-12:00:00,07,03,2002,12,34336
07.03.2002-15:00:00,07,03,2002,15,34749
07.03.2002-18:00:00,07,03,2002,18,35686
07.03.2002-21:00:00,07,03,2002,21,36866
07.04.2002-00:00:00,07,04,2002,00,37303
07.04.2002-03:00:00,07,04,2002,03,37148
07.04.2002-06:00:00,07,04,2002,06,35777
07.04.2002-09:00:00,07,04,2002,09,33428
07.04.2002-12:00:00,07,04,2002,12,31613
07.04.2002-15:00:00,07,04,2002,15,32078
07.04.2002-18:00:00,07,04,2002,18,33033
07.04.2002-21:00:00,07,04,2002,21,34284
07.05.2002-00:00:00,07,05,2002,00,34748
07.05.2002-03:00:00,07,05,2002,03,34770
07.05.2002-06:00:00,07,05,2002,06,33875
07.05.2002-09:00:00,07,05,2002,09,31770
07.05.2002-12:00:00,07,05,2002,12,30031
07.05.2002-15:00:00,07,05,2002,15,30184
07.05.2002-18:00:00,07,05,2002,18,31366
07.05.2002-21:00:00,07,05,2002,21,32214
07.06.2002-00:00:00,07,06,2002,00,32659
07.06.2002-03:00:00,07,06,2002,03,32972
07.06.2002-06:00:00,07,06,2002,06,31854
07.06.2002-09:00:00,07,06,2002,09,29306
07.06.2002-12:00:00,07,06,2002,12,27027
07.06.2002-15:00:00,07,06,2002,15,27223
07.06.2002-18:00:00,07,06,2002,18,28403
07.06.2002-21:00:00,07,06,2002,21,29575
07.07.2002-00:00:00,07,07,2002,00,32945
07.07.2002-03:00:00,07,07,2002,03,36094
07.07.2002-06:00:00,07,07,2002,06,37739
07.07.2002-09:00:00,07,07,2002,09,37401
07.07.2002-12:00:00,07,07,2002,12,36853
07.07.2002-15:00:00,07,07,2002,15,37587
07.07.2002-18:00:00,07,07,2002,18,39798
07.07.2002-21:00:00,07,07,2002,21,42013
07.08.2002-00:00:00,07,08,2002,00,40191
07.08.2002-03:00:00,07,08,2002,03,37465
07.08.2002-06:00:00,07,08,2002,06,34665
07.08.2002-09:00:00,07,08,2002,09,30812
07.08.2002-12:00:00,07,08,2002,12,27879
07.08.2002-15:00:00,07,08,2002,15,27385
07.08.2002-18:00:00,07,08,2002,18,28114
07.08.2002-21:00:00,07,08,2002,21,29027
07.09.2002-00:00:00,07,09,2002,00,29270
07.09.2002-03:00:00,07,09,2002,03,29467
07.09.2002-06:00:00,07,09,2002,06,28416
07.09.2002-09:00:00,07,09,2002,09,26542
07.09.2002-12:00:00,07,09,2002,12,25078
07.09.2002-15:00:00,07,09,2002,15,25433
07.09.2002-18:00:00,07,09,2002,18,26167
07.09.2002-21:00:00,07,09,2002,21,27112
07.10.2002-00:00:00,07,10,2002,00,27624
07.10.2002-03:00:00,07,10,2002,03,27554
07.10.2002-06:00:00,07,10,2002,06,26376
07.10.2002-09:00:00,07,10,2002,09,23789
07.10.2002-12:00:00,07,10,2002,12,21919
07.10.2002-15:00:00,07,10,2002,15,22225
07.10.2002-18:00:00,07,10,2002,18,23567
07.10.2002-21:00:00,07,10,2002,21,24593
07.11.2002-00:00:00,07,11,2002,00,25158
07.11.2002-03:00:00,07,11,2002,03,25142
07.11.2002-06:00:00,07,11,2002,06,23791
07.11.2002-09:00:00,07,11,2002,09,21142
07.11.2002-12:00:00,07,11,2002,12,19584
07.11.2002-15:00:00,07,11,2002,15,20176
07.11.2002-18:00:00,07,11,2002,18,21442
07.11.2002-21:00:00,07,11,2002,21,22658
07.12.2002-00:00:00,07,12,2002,00,23331
07.12.2002-03:00:00,07,12,2002,03,23355
07.12.2002-06:00:00,07,12,2002,06,21860
07.12.2002-09:00:00,07,12,2002,09,19346
07.12.2002-12:00:00,07,12,2002,12,18141
07.12.2002-15:00:00,07,12,2002,15,18740
07.12.2002-18:00:00,07,12,2002,18,20114
07.12.2002-21:00:00,07,12,2002,21,21321
07.13.2002-00:00:00,07,13,2002,00,22033
07.13.2002-03:00:00,07,13,2002,03,22064
07.13.2002-06:00:00,07,13,2002,06,20665
07.13.2002-09:00:00,07,13,2002,09,18414
07.13.2002-12:00:00,07,13,2002,12,17221
07.13.2002-15:00:00,07,13,2002,15,17759
07.13.2002-18:00:00,07,13,2002,18,19130
07.13.2002-21:00:00,07,13,2002,21,20349
07.14.2002-00:00:00,07,14,2002,00,20931
07.14.2002-03:00:00,07,14,2002,03,20792
07.14.2002-06:00:00,07,14,2002,06,19319
07.14.2002-09:00:00,07,14,2002,09,16982
07.14.2002-12:00:00,07,14,2002,12,15558
07.14.2002-15:00:00,07,14,2002,15,16364
07.14.2002-18:00:00,07,14,2002,18,17862
07.14.2002-21:00:00,07,14,2002,21,19238
07.15.2002-00:00:00,07,15,2002,00,19913
07.15.2002-03:00:00,07,15,2002,03,19983
07.15.2002-06:00:00,07,15,2002,06,18855
07.15.2002-09:00:00,07,15,2002,09,16678
07.15.2002-12:00:00,07,15,2002,12,15448
07.15.2002-15:00:00,07,15,2002,15,16234
07.15.2002-18:00:00,07,15,2002,18,17638
07.15.2002-21:00:00,07,15,2002,21,18764
07.16.2002-00:00:00,07,16,2002,00,19327
07.16.2002-03:00:00,07,16,2002,03,19381
07.16.2002-06:00:00,07,16,2002,06,18112
07.16.2002-09:00:00,07,16,2002,09,15754
07.16.2002-12:00:00,07,16,2002,12,14542
07.16.2002-15:00:00,07,16,2002,15,15396
07.16.2002-18:00:00,07,16,2002,18,16856
07.16.2002-21:00:00,07,16,2002,21,17981
07.17.2002-00:00:00,07,17,2002,00,18506
07.17.2002-03:00:00,07,17,2002,03,18473
07.17.2002-06:00:00,07,17,2002,06,17163
07.17.2002-09:00:00,07,17,2002,09,14892
07.17.2002-12:00:00,07,17,2002,12,13740
07.17.2002-15:00:00,07,17,2002,15,14655
07.17.2002-18:00:00,07,17,2002,18,15981
07.17.2002-21:00:00,07,17,2002,21,17128
07.18.2002-00:00:00,07,18,2002,00,17702
07.18.2002-03:00:00,07,18,2002,03,17698
07.18.2002-06:00:00,07,18,2002,06,16505
07.18.2002-09:00:00,07,18,2002,09,14323
07.18.2002-12:00:00,07,18,2002,12,13252
07.18.2002-15:00:00,07,18,2002,15,14165
07.18.2002-18:00:00,07,18,2002,18,15465
07.18.2002-21:00:00,07,18,2002,21,16580
07.19.2002-00:00:00,07,19,2002,00,17084
07.19.2002-03:00:00,07,19,2002,03,17110
07.19.2002-06:00:00,07,19,2002,06,15845
07.19.2002-09:00:00,07,19,2002,09,13671
07.19.2002-12:00:00,07,19,2002,12,12594
07.19.2002-15:00:00,07,19,2002,15,13549
07.19.2002-18:00:00,07,19,2002,18,14878
07.19.2002-21:00:00,07,19,2002,21,15982
07.20.2002-00:00:00,07,20,2002,00,16488
07.20.2002-03:00:00,07,20,2002,03,16562
07.20.2002-06:00:00,07,20,2002,06,15430
07.20.2002-09:00:00,07,20,2002,09,13357
07.20.2002-12:00:00,07,20,2002,12,12302
07.20.2002-15:00:00,07,20,2002,15,13272
07.20.2002-18:00:00,07,20,2002,18,14530
07.20.2002-21:00:00,07,20,2002,21,15562
07.21.2002-00:00:00,07,21,2002,00,16064
07.21.2002-03:00:00,07,21,2002,03,16124
07.21.2002-06:00:00,07,21,2002,06,14997
07.21.2002-09:00:00,07,21,2002,09,12835
07.21.2002-12:00:00,07,21,2002,12,11819
07.21.2002-15:00:00,07,21,2002,15,12771
07.21.2002-18:00:00,07,21,2002,18,14070
07.21.2002-21:00:00,07,21,2002,21,15078
07.22.2002-00:00:00,07,22,2002,00,15540
07.22.2002-03:00:00,07,22,2002,03,15544
07.22.2002-06:00:00,07,22,2002,06,14454
07.22.2002-09:00:00,07,22,2002,09,12494
07.22.2002-12:00:00,07,22,2002,12,11617
07.22.2002-15:00:00,07,22,2002,15,12484
07.22.2002-18:00:00,07,22,2002,18,13652
07.22.2002-21:00:00,07,22,2002,21,14616
07.23.2002-00:00:00,07,23,2002,00,15110
07.23.2002-03:00:00,07,23,2002,03,15026
07.23.2002-06:00:00,07,23,2002,06,13902
07.23.2002-09:00:00,07,23,2002,09,11986
07.23.2002-12:00:00,07,23,2002,12,11145
07.23.2002-15:00:00,07,23,2002,15,12026
07.23.2002-18:00:00,07,23,2002,18,13190
07.23.2002-21:00:00,07,23,2002,21,14167
07.24.2002-00:00:00,07,24,2002,00,14584
07.24.2002-03:00:00,07,24,2002,03,14475
07.24.2002-06:00:00,07,24,2002,06,13273
07.24.2002-09:00:00,07,24,2002,09,11299
07.24.2002-12:00:00,07,24,2002,12,10484
07.24.2002-15:00:00,07,24,2002,15,11414
07.24.2002-18:00:00,07,24,2002,18,12611
07.24.2002-21:00:00,07,24,2002,21,13608
07.25.2002-00:00:00,07,25,2002,00,14083
07.25.2002-03:00:00,07,25,2002,03,13973
07.25.2002-06:00:00,07,25,2002,06,12786
07.25.2002-09:00:00,07,25,2002,09,10818
07.25.2002-12:00:00,07,25,2002,12,10096
07.25.2002-15:00:00,07,25,2002,15,10988
07.25.2002-18:00:00,07,25,2002,18,12235
07.25.2002-21:00:00,07,25,2002,21,13247
07.26.2002-00:00:00,07,26,2002,00,13664
07.26.2002-03:00:00,07,26,2002,03,13596
07.26.2002-06:00:00,07,26,2002,06,12403
07.26.2002-09:00:00,07,26,2002,09,10504
07.26.2002-12:00:00,07,26,2002,12,9701.1
07.26.2002-15:00:00,07,26,2002,15,10719
07.26.2002-18:00:00,07,26,2002,18,11907
07.26.2002-21:00:00,07,26,2002,21,12916
07.27.2002-00:00:00,07,27,2002,00,13362
07.27.2002-03:00:00,07,27,2002,03,13339
07.27.2002-06:00:00,07,27,2002,06,12332
07.27.2002-09:00:00,07,27,2002,09,10557
07.27.2002-12:00:00,07,27,2002,12,9765.3
07.27.2002-15:00:00,07,27,2002,15,10739
07.27.2002-18:00:00,07,27,2002,18,11857
07.27.2002-21:00:00,07,27,2002,21,12781
07.28.2002-00:00:00,07,28,2002,00,13175
07.28.2002-03:00:00,07,28,2002,03,13158
07.28.2002-06:00:00,07,28,2002,06,12156
07.28.2002-09:00:00,07,28,2002,09,10315
07.28.2002-12:00:00,07,28,2002,12,9541.1
07.28.2002-15:00:00,07,28,2002,15,10503
07.28.2002-18:00:00,07,28,2002,18,11629
07.28.2002-21:00:00,07,28,2002,21,12500
07.29.2002-00:00:00,07,29,2002,00,12868
07.29.2002-03:00:00,07,29,2002,03,12769
07.29.2002-06:00:00,07,29,2002,06,12092
07.29.2002-09:00:00,07,29,2002,09,10893
07.29.2002-12:00:00,07,29,2002,12,10355
07.29.2002-15:00:00,07,29,2002,15,11025
07.29.2002-18:00:00,07,29,2002,18,11787
07.29.2002-21:00:00,07,29,2002,21,12482
07.30.2002-00:00:00,07,30,2002,00,12783
07.30.2002-03:00:00,07,30,2002,03,12606
07.30.2002-06:00:00,07,30,2002,06,12076
07.30.2002-09:00:00,07,30,2002,09,11109
07.30.2002-12:00:00,07,30,2002,12,10725
07.30.2002-15:00:00,07,30,2002,15,11169
07.30.2002-18:00:00,07,30,2002,18,11800
07.30.2002-21:00:00,07,30,2002,21,12388
07.31.2002-00:00:00,07,31,2002,00,12652
07.31.2002-03:00:00,07,31,2002,03,12519
07.31.2002-06:00:00,07,31,2002,06,11648
07.31.2002-09:00:00,07,31,2002,09,10099
07.31.2002-12:00:00,07,31,2002,12,9436.1
07.31.2002-15:00:00,07,31,2002,15,10254
07.31.2002-18:00:00,07,31,2002,18,11221
07.31.2002-21:00:00,07,31,2002,21,11989
08.01.2002-00:00:00,08,01,2002,00,12317
08.01.2002-03:00:00,08,01,2002,03,12386
08.01.2002-06:00:00,08,01,2002,06,11634
08.01.2002-09:00:00,08,01,2002,09,9870.7
08.01.2002-12:00:00,08,01,2002,12,9074.2
08.01.2002-15:00:00,08,01,2002,15,10041
08.01.2002-18:00:00,08,01,2002,18,10962
08.01.2002-21:00:00,08,01,2002,21,11683
08.02.2002-00:00:00,08,02,2002,00,12025
08.02.2002-03:00:00,08,02,2002,03,12002
08.02.2002-06:00:00,08,02,2002,06,11224
08.02.2002-09:00:00,08,02,2002,09,9505.2
08.02.2002-12:00:00,08,02,2002,12,8785
08.02.2002-15:00:00,08,02,2002,15,9718.1
08.02.2002-18:00:00,08,02,2002,18,10656
08.02.2002-21:00:00,08,02,2002,21,11385
08.03.2002-00:00:00,08,03,2002,00,11717
08.03.2002-03:00:00,08,03,2002,03,11711
08.03.2002-06:00:00,08,03,2002,06,11124
08.03.2002-09:00:00,08,03,2002,09,9660
08.03.2002-12:00:00,08,03,2002,12,9097.1
08.03.2002-15:00:00,08,03,2002,15,9882.2
08.03.2002-18:00:00,08,03,2002,18,10657
08.03.2002-21:00:00,08,03,2002,21,11308
08.04.2002-00:00:00,08,04,2002,00,11736
08.04.2002-03:00:00,08,04,2002,03,12086
08.04.2002-06:00:00,08,04,2002,06,12093
08.04.2002-09:00:00,08,04,2002,09,10787
08.04.2002-12:00:00,08,04,2002,12,9712.2
08.04.2002-15:00:00,08,04,2002,15,10250
08.04.2002-18:00:00,08,04,2002,18,11216
08.04.2002-21:00:00,08,04,2002,21,12052
08.05.2002-00:00:00,08,05,2002,00,11821
08.05.2002-03:00:00,08,05,2002,03,11611
08.05.2002-06:00:00,08,05,2002,06,11036
08.05.2002-09:00:00,08,05,2002,09,9925.7
08.05.2002-12:00:00,08,05,2002,12,9074.7
08.05.2002-15:00:00,08,05,2002,15,9744.9
08.05.2002-18:00:00,08,05,2002,18,10486
08.05.2002-21:00:00,08,05,2002,21,11069
08.06.2002-00:00:00,08,06,2002,00,11301
08.06.2002-03:00:00,08,06,2002,03,11382
08.06.2002-06:00:00,08,06,2002,06,10847
08.06.2002-09:00:00,08,06,2002,09,9357.3
08.06.2002-12:00:00,08,06,2002,12,8740.1
08.06.2002-15:00:00,08,06,2002,15,9546.2
08.06.2002-18:00:00,08,06,2002,18,10291
08.06.2002-21:00:00,08,06,2002,21,10849
08.07.2002-00:00:00,08,07,2002,00,11083
08.07.2002-03:00:00,08,07,2002,03,11114
08.07.2002-06:00:00,08,07,2002,06,10727
08.07.2002-09:00:00,08,07,2002,09,9609.4
08.07.2002-12:00:00,08,07,2002,12,9151
08.07.2002-15:00:00,08,07,2002,15,9750
08.07.2002-18:00:00,08,07,2002,18,10337
08.07.2002-21:00:00,08,07,2002,21,10800
08.08.2002-00:00:00,08,08,2002,00,10990
08.08.2002-03:00:00,08,08,2002,03,10984
08.08.2002-06:00:00,08,08,2002,06,10396
08.08.2002-09:00:00,08,08,2002,09,8846.5
08.08.2002-12:00:00,08,08,2002,12,8225
08.08.2002-15:00:00,08,08,2002,15,9066.8
08.08.2002-18:00:00,08,08,2002,18,9829.8
08.08.2002-21:00:00,08,08,2002,21,10402
08.09.2002-00:00:00,08,09,2002,00,10635
08.09.2002-03:00:00,08,09,2002,03,10565
08.09.2002-06:00:00,08,09,2002,06,9813.5
08.09.2002-09:00:00,08,09,2002,09,8086.1
08.09.2002-12:00:00,08,09,2002,12,7450.1
08.09.2002-15:00:00,08,09,2002,15,8394
08.09.2002-18:00:00,08,09,2002,18,9287.8
08.09.2002-21:00:00,08,09,2002,21,9949.8
08.10.2002-00:00:00,08,10,2002,00,10219
08.10.2002-03:00:00,08,10,2002,03,10091
08.10.2002-06:00:00,08,10,2002,06,9282.6
08.10.2002-09:00:00,08,10,2002,09,7599.2
08.10.2002-12:00:00,08,10,2002,12,7034.4
08.10.2002-15:00:00,08,10,2002,15,8004.5
08.10.2002-18:00:00,08,10,2002,18,8891.9
08.10.2002-21:00:00,08,10,2002,21,9606.2
08.11.2002-00:00:00,08,11,2002,00,9902.5
08.11.2002-03:00:00,08,11,2002,03,9824.3
08.11.2002-06:00:00,08,11,2002,06,9108.3
08.11.2002-09:00:00,08,11,2002,09,7493
08.11.2002-12:00:00,08,11,2002,12,6934.9
08.11.2002-15:00:00,08,11,2002,15,7898.8
08.11.2002-18:00:00,08,11,2002,18,8760.1
08.11.2002-21:00:00,08,11,2002,21,9436.7
08.12.2002-00:00:00,08,12,2002,00,9715.8
08.12.2002-03:00:00,08,12,2002,03,9660.8
08.12.2002-06:00:00,08,12,2002,06,8967.1
08.12.2002-09:00:00,08,12,2002,09,7362.1
08.12.2002-12:00:00,08,12,2002,12,6819.2
08.12.2002-15:00:00,08,12,2002,15,7756.2
08.12.2002-18:00:00,08,12,2002,18,8597.4
08.12.2002-21:00:00,08,12,2002,21,9241
08.13.2002-00:00:00,08,13,2002,00,9494.4
08.13.2002-03:00:00,08,13,2002,03,9387.4
08.13.2002-06:00:00,08,13,2002,06,8611.5
08.13.2002-09:00:00,08,13,2002,09,7007.9
08.13.2002-12:00:00,08,13,2002,12,6506.8
08.13.2002-15:00:00,08,13,2002,15,7448
08.13.2002-18:00:00,08,13,2002,18,8266.9
08.13.2002-21:00:00,08,13,2002,21,8931.8
08.14.2002-00:00:00,08,14,2002,00,9221.1
08.14.2002-03:00:00,08,14,2002,03,9077.6
08.14.2002-06:00:00,08,14,2002,06,8219.9
08.14.2002-09:00:00,08,14,2002,09,6695
08.14.2002-12:00:00,08,14,2002,12,6363.8
08.14.2002-15:00:00,08,14,2002,15,7187.5
08.14.2002-18:00:00,08,14,2002,18,7986
08.14.2002-21:00:00,08,14,2002,21,8663.7
08.15.2002-00:00:00,08,15,2002,00,8949.8
08.15.2002-03:00:00,08,15,2002,03,8813.9
08.15.2002-06:00:00,08,15,2002,06,8010
08.15.2002-09:00:00,08,15,2002,09,6497.2
08.15.2002-12:00:00,08,15,2002,12,6078.5
08.15.2002-15:00:00,08,15,2002,15,6981.9
08.15.2002-18:00:00,08,15,2002,18,7795.8
08.15.2002-21:00:00,08,15,2002,21,8445.7
08.16.2002-00:00:00,08,16,2002,00,8737.5
08.16.2002-03:00:00,08,16,2002,03,8666.1
08.16.2002-06:00:00,08,16,2002,06,7982.9
08.16.2002-09:00:00,08,16,2002,09,6516.3
08.16.2002-12:00:00,08,16,2002,12,6073.1
08.16.2002-15:00:00,08,16,2002,15,6978.5
08.16.2002-18:00:00,08,16,2002,18,7753.7
08.16.2002-21:00:00,08,16,2002,21,8356.5
08.17.2002-00:00:00,08,17,2002,00,8611.8
08.17.2002-03:00:00,08,17,2002,03,8523.5
08.17.2002-06:00:00,08,17,2002,06,7901.9
08.17.2002-09:00:00,08,17,2002,09,6510.1
08.17.2002-12:00:00,08,17,2002,12,6079.4
08.17.2002-15:00:00,08,17,2002,15,6952.8
08.17.2002-18:00:00,08,17,2002,18,7687.6
08.17.2002-21:00:00,08,17,2002,21,8260.5
08.18.2002-00:00:00,08,18,2002,00,8500.1
08.18.2002-03:00:00,08,18,2002,03,8440.5
08.18.2002-06:00:00,08,18,2002,06,7818.3
08.18.2002-09:00:00,08,18,2002,09,6349.4
08.18.2002-12:00:00,08,18,2002,12,5900.1
08.18.2002-15:00:00,08,18,2002,15,6791.2
08.18.2002-18:00:00,08,18,2002,18,7559.9
08.18.2002-21:00:00,08,18,2002,21,8099.1
08.19.2002-00:00:00,08,19,2002,00,8334.3
08.19.2002-03:00:00,08,19,2002,03,8295.5
08.19.2002-06:00:00,08,19,2002,06,7714.4
08.19.2002-09:00:00,08,19,2002,09,6301.3
08.19.2002-12:00:00,08,19,2002,12,5868.1
08.19.2002-15:00:00,08,19,2002,15,6732.7
08.19.2002-18:00:00,08,19,2002,18,7469.1
08.19.2002-21:00:00,08,19,2002,21,7972.8
08.20.2002-00:00:00,08,20,2002,00,8191.7
08.20.2002-03:00:00,08,20,2002,03,8132.6
08.20.2002-06:00:00,08,20,2002,06,7549.5
08.20.2002-09:00:00,08,20,2002,09,6182.6
08.20.2002-12:00:00,08,20,2002,12,5767
08.20.2002-15:00:00,08,20,2002,15,6605.9
08.20.2002-18:00:00,08,20,2002,18,7335.8
08.20.2002-21:00:00,08,20,2002,21,7817.7
08.21.2002-00:00:00,08,21,2002,00,8035.8
08.21.2002-03:00:00,08,21,2002,03,7984.3
08.21.2002-06:00:00,08,21,2002,06,7528.7
08.21.2002-09:00:00,08,21,2002,09,6431.2
08.21.2002-12:00:00,08,21,2002,12,6080.3
08.21.2002-15:00:00,08,21,2002,15,6781.6
08.21.2002-18:00:00,08,21,2002,18,7375.8
08.21.2002-21:00:00,08,21,2002,21,7818
08.22.2002-00:00:00,08,22,2002,00,7984.6
08.22.2002-03:00:00,08,22,2002,03,7911.7
08.22.2002-06:00:00,08,22,2002,06,7438.1
08.22.2002-09:00:00,08,22,2002,09,6343.3
08.22.2002-12:00:00,08,22,2002,12,5998.4
08.22.2002-15:00:00,08,22,2002,15,6675.5
08.22.2002-18:00:00,08,22,2002,18,7259.9
08.22.2002-21:00:00,08,22,2002,21,7673.6
08.23.2002-00:00:00,08,23,2002,00,7836.4
08.23.2002-03:00:00,08,23,2002,03,7731.1
08.23.2002-06:00:00,08,23,2002,06,7160.3
08.23.2002-09:00:00,08,23,2002,09,5965.1
08.23.2002-12:00:00,08,23,2002,12,5607.7
08.23.2002-15:00:00,08,23,2002,15,6341
08.23.2002-18:00:00,08,23,2002,18,6999.1
08.23.2002-21:00:00,08,23,2002,21,7436.6
08.24.2002-00:00:00,08,24,2002,00,7600.2
08.24.2002-03:00:00,08,24,2002,03,7517.9
08.24.2002-06:00:00,08,24,2002,06,6929.3
08.24.2002-09:00:00,08,24,2002,09,5733.2
08.24.2002-12:00:00,08,24,2002,12,5383.3
08.24.2002-15:00:00,08,24,2002,15,6125.6
08.24.2002-18:00:00,08,24,2002,18,6803.4
08.24.2002-21:00:00,08,24,2002,21,7258.3
08.25.2002-00:00:00,08,25,2002,00,7994
08.25.2002-03:00:00,08,25,2002,03,8628.7
08.25.2002-06:00:00,08,25,2002,06,8321.9
08.25.2002-09:00:00,08,25,2002,09,7368.7
08.25.2002-12:00:00,08,25,2002,12,6579.1
08.25.2002-15:00:00,08,25,2002,15,7072.6
08.25.2002-18:00:00,08,25,2002,18,8116.9
08.25.2002-21:00:00,08,25,2002,21,8761.2
08.26.2002-00:00:00,08,26,2002,00,8428.1
08.26.2002-03:00:00,08,26,2002,03,8224.1
08.26.2002-06:00:00,08,26,2002,06,7665.1
08.26.2002-09:00:00,08,26,2002,09,6646.2
08.26.2002-12:00:00,08,26,2002,12,5899
08.26.2002-15:00:00,08,26,2002,15,6375.6
08.26.2002-18:00:00,08,26,2002,18,7261.6
08.26.2002-21:00:00,08,26,2002,21,7794
08.27.2002-00:00:00,08,27,2002,00,7534.9
08.27.2002-03:00:00,08,27,2002,03,7340.7
08.27.2002-06:00:00,08,27,2002,06,6803.7
08.27.2002-09:00:00,08,27,2002,09,5909.2
08.27.2002-12:00:00,08,27,2002,12,5331.4
08.27.2002-15:00:00,08,27,2002,15,5971.6
08.27.2002-18:00:00,08,27,2002,18,6616.7
08.27.2002-21:00:00,08,27,2002,21,7006.8
08.28.2002-00:00:00,08,28,2002,00,7135.4
08.28.2002-03:00:00,08,28,2002,03,7066.5
08.28.2002-06:00:00,08,28,2002,06,6515.6
08.28.2002-09:00:00,08,28,2002,09,5375.9
08.28.2002-12:00:00,08,28,2002,12,5052.9
08.28.2002-15:00:00,08,28,2002,15,5739
08.28.2002-18:00:00,08,28,2002,18,6362.4
08.28.2002-21:00:00,08,28,2002,21,6798.4
08.29.2002-00:00:00,08,29,2002,00,6938.3
08.29.2002-03:00:00,08,29,2002,03,6846.5
08.29.2002-06:00:00,08,29,2002,06,6286.9
08.29.2002-09:00:00,08,29,2002,09,5196.9
08.29.2002-12:00:00,08,29,2002,12,4900.9
08.29.2002-15:00:00,08,29,2002,15,5579.6
08.29.2002-18:00:00,08,29,2002,18,6169.8
08.29.2002-21:00:00,08,29,2002,21,6615.4
08.30.2002-00:00:00,08,30,2002,00,7336.5
08.30.2002-03:00:00,08,30,2002,03,7896.3
08.30.2002-06:00:00,08,30,2002,06,7632.6
08.30.2002-09:00:00,08,30,2002,09,6803.4
08.30.2002-12:00:00,08,30,2002,12,6095.8
08.30.2002-15:00:00,08,30,2002,15,6531.7
08.30.2002-18:00:00,08,30,2002,18,7516.7
08.30.2002-21:00:00,08,30,2002,21,8033.3
08.31.2002-00:00:00,08,31,2002,00,7189.3
08.31.2002-03:00:00,08,31,2002,03,6829.2
08.31.2002-06:00:00,08,31,2002,06,6290.2
08.31.2002-09:00:00,08,31,2002,09,5523.5
08.31.2002-12:00:00,08,31,2002,12,5011.2
08.31.2002-15:00:00,08,31,2002,15,5571.3
08.31.2002-18:00:00,08,31,2002,18,6140.3
08.31.2002-21:00:00,08,31,2002,21,6525.5
09.01.2002-00:00:00,09,01,2002,00,6644.9
09.01.2002-03:00:00,09,01,2002,03,6646.9
09.01.2002-06:00:00,09,01,2002,06,6170.9
09.01.2002-09:00:00,09,01,2002,09,4989.4
09.01.2002-12:00:00,09,01,2002,12,4660.5
09.01.2002-15:00:00,09,01,2002,15,5394.8
09.01.2002-18:00:00,09,01,2002,18,5979.5
09.01.2002-21:00:00,09,01,2002,21,6340.3
09.02.2002-00:00:00,09,02,2002,00,6589.7
09.02.2002-03:00:00,09,02,2002,03,6966.1
09.02.2002-06:00:00,09,02,2002,06,6856
09.02.2002-09:00:00,09,02,2002,09,6328.1
09.02.2002-12:00:00,09,02,2002,12,5863.7
09.02.2002-15:00:00,09,02,2002,15,6070.5
09.02.2002-18:00:00,09,02,2002,18,6750.7
09.02.2002-21:00:00,09,02,2002,21,7094.9
09.03.2002-00:00:00,09,03,2002,00,6718.7
09.03.2002-03:00:00,09,03,2002,03,6583.4
09.03.2002-06:00:00,09,03,2002,06,6162.2
09.03.2002-09:00:00,09,03,2002,09,5297
09.03.2002-12:00:00,09,03,2002,12,4764.1
09.03.2002-15:00:00,09,03,2002,15,5406.6
09.03.2002-18:00:00,09,03,2002,18,5964.5
09.03.2002-21:00:00,09,03,2002,21,6277.5
09.04.2002-00:00:00,09,04,2002,00,6383.1
09.04.2002-03:00:00,09,04,2002,03,6417.9
09.04.2002-06:00:00,09,04,2002,06,6174.3
09.04.2002-09:00:00,09,04,2002,09,5162.7
09.04.2002-12:00:00,09,04,2002,12,4844
09.04.2002-15:00:00,09,04,2002,15,5489.3
09.04.2002-18:00:00,09,04,2002,18,5992.8
09.04.2002-21:00:00,09,04,2002,21,6231.8
09.05.2002-00:00:00,09,05,2002,00,6315.1
09.05.2002-03:00:00,09,05,2002,03,6349.3
09.05.2002-06:00:00,09,05,2002,06,6141.5
09.05.2002-09:00:00,09,05,2002,09,5186.6
09.05.2002-12:00:00,09,05,2002,12,4873.9
09.05.2002-15:00:00,09,05,2002,15,5474.7
09.05.2002-18:00:00,09,05,2002,18,5943.7
09.05.2002-21:00:00,09,05,2002,21,6153.1
09.06.2002-00:00:00,09,06,2002,00,6224.1
09.06.2002-03:00:00,09,06,2002,03,6244.2
09.06.2002-06:00:00,09,06,2002,06,5975.5
09.06.2002-09:00:00,09,06,2002,09,5013.9
09.06.2002-12:00:00,09,06,2002,12,4711.6
09.06.2002-15:00:00,09,06,2002,15,5322
09.06.2002-18:00:00,09,06,2002,18,5798.9
09.06.2002-21:00:00,09,06,2002,21,6032.2
09.07.2002-00:00:00,09,07,2002,00,6107.1
09.07.2002-03:00:00,09,07,2002,03,6142.3
09.07.2002-06:00:00,09,07,2002,06,5909.4
09.07.2002-09:00:00,09,07,2002,09,4897.1
09.07.2002-12:00:00,09,07,2002,12,4583
09.07.2002-15:00:00,09,07,2002,15,5215
09.07.2002-18:00:00,09,07,2002,18,5694.1
09.07.2002-21:00:00,09,07,2002,21,5925.6
09.08.2002-00:00:00,09,08,2002,00,6001
09.08.2002-03:00:00,09,08,2002,03,6032.6
09.08.2002-06:00:00,09,08,2002,06,5826
09.08.2002-09:00:00,09,08,2002,09,4869.9
09.08.2002-12:00:00,09,08,2002,12,4565.6
09.08.2002-15:00:00,09,08,2002,15,5172.3
09.08.2002-18:00:00,09,08,2002,18,5632.3
09.08.2002-21:00:00,09,08,2002,21,5843.5
09.09.2002-00:00:00,09,09,2002,00,5911.6
09.09.2002-03:00:00,09,09,2002,03,5940.8
09.09.2002-06:00:00,09,09,2002,06,5758.5
09.09.2002-09:00:00,09,09,2002,09,4905.3
09.09.2002-12:00:00,09,09,2002,12,4628.5
09.09.2002-15:00:00,09,09,2002,15,5156.7
09.09.2002-18:00:00,09,09,2002,18,5574.6
09.09.2002-21:00:00,09,09,2002,21,5756.7
09.10.2002-00:00:00,09,10,2002,00,5809.4
09.10.2002-03:00:00,09,10,2002,03,5808.9
09.10.2002-06:00:00,09,10,2002,06,5472.9
09.10.2002-09:00:00,09,10,2002,09,4598.6
09.10.2002-12:00:00,09,10,2002,12,4345.6
09.10.2002-15:00:00,09,10,2002,15,4875.4
09.10.2002-18:00:00,09,10,2002,18,5340.9
09.10.2002-21:00:00,09,10,2002,21,5563.6
09.11.2002-00:00:00,09,11,2002,00,5651.8
09.11.2002-03:00:00,09,11,2002,03,5667
09.11.2002-06:00:00,09,11,2002,06,5296.3
09.11.2002-09:00:00,09,11,2002,09,4366.8
09.11.2002-12:00:00,09,11,2002,12,4111.4
09.11.2002-15:00:00,09,11,2002,15,4665.9
09.11.2002-18:00:00,09,11,2002,18,5148.9
09.11.2002-21:00:00,09,11,2002,21,5386
09.12.2002-00:00:00,09,12,2002,00,5481.1
09.12.2002-03:00:00,09,12,2002,03,5521.7
09.12.2002-06:00:00,09,12,2002,06,5120.7
09.12.2002-09:00:00,09,12,2002,09,4208.4
09.12.2002-12:00:00,09,12,2002,12,3958.7
09.12.2002-15:00:00,09,12,2002,15,4502.7
09.12.2002-18:00:00,09,12,2002,18,4987.3
09.12.2002-21:00:00,09,12,2002,21,5223.7
09.13.2002-00:00:00,09,13,2002,00,5327
09.13.2002-03:00:00,09,13,2002,03,5366.3
09.13.2002-06:00:00,09,13,2002,06,4951.6
09.13.2002-09:00:00,09,13,2002,09,4077.5
09.13.2002-12:00:00,09,13,2002,12,3839.8
09.13.2002-15:00:00,09,13,2002,15,4362
09.13.2002-18:00:00,09,13,2002,18,4851.5
09.13.2002-21:00:00,09,13,2002,21,5086.3
09.14.2002-00:00:00,09,14,2002,00,5203
09.14.2002-03:00:00,09,14,2002,03,5263.8
09.14.2002-06:00:00,09,14,2002,06,4895.7
09.14.2002-09:00:00,09,14,2002,09,4048.3
09.14.2002-12:00:00,09,14,2002,12,3814.1
09.14.2002-15:00:00,09,14,2002,15,4323.9
09.14.2002-18:00:00,09,14,2002,18,4791.4
09.14.2002-21:00:00,09,14,2002,21,5005.3
09.15.2002-00:00:00,09,15,2002,00,5104.6
09.15.2002-03:00:00,09,15,2002,03,5157.3
09.15.2002-06:00:00,09,15,2002,06,4783.4
09.15.2002-09:00:00,09,15,2002,09,4031.9
09.15.2002-12:00:00,09,15,2002,12,3820.9
09.15.2002-15:00:00,09,15,2002,15,4281.2
09.15.2002-18:00:00,09,15,2002,18,4716.3
09.15.2002-21:00:00,09,15,2002,21,4921.1
09.16.2002-00:00:00,09,16,2002,00,5019.6
09.16.2002-03:00:00,09,16,2002,03,5071.1
09.16.2002-06:00:00,09,16,2002,06,4714.1
09.16.2002-09:00:00,09,16,2002,09,4012.8
09.16.2002-12:00:00,09,16,2002,12,3812.7
09.16.2002-15:00:00,09,16,2002,15,4246.9
09.16.2002-18:00:00,09,16,2002,18,4661.2
09.16.2002-21:00:00,09,16,2002,21,4860
09.17.2002-00:00:00,09,17,2002,00,4953.3
09.17.2002-03:00:00,09,17,2002,03,5002.6
09.17.2002-06:00:00,09,17,2002,06,4718.1
09.17.2002-09:00:00,09,17,2002,09,4083.3
09.17.2002-12:00:00,09,17,2002,12,3897.3
09.17.2002-15:00:00,09,17,2002,15,4299.9
09.17.2002-18:00:00,09,17,2002,18,4686.2
09.17.2002-21:00:00,09,17,2002,21,4866.9
09.18.2002-00:00:00,09,18,2002,00,4941.3
09.18.2002-03:00:00,09,18,2002,03,4979.6
09.18.2002-06:00:00,09,18,2002,06,4776.2
09.18.2002-09:00:00,09,18,2002,09,4036.7
09.18.2002-12:00:00,09,18,2002,12,3812.4
09.18.2002-15:00:00,09,18,2002,15,4265.7
09.18.2002-18:00:00,09,18,2002,18,4654.1
09.18.2002-21:00:00,09,18,2002,21,4807.6
09.19.2002-00:00:00,09,19,2002,00,4875.7
09.19.2002-03:00:00,09,19,2002,03,4908.9
09.19.2002-06:00:00,09,19,2002,06,4710.1
09.19.2002-09:00:00,09,19,2002,09,3937.5
09.19.2002-12:00:00,09,19,2002,12,3701.1
09.19.2002-15:00:00,09,19,2002,15,4158.9
09.19.2002-18:00:00,09,19,2002,18,4550.2
09.19.2002-21:00:00,09,19,2002,21,4704.6
09.20.2002-00:00:00,09,20,2002,00,4768
09.20.2002-03:00:00,09,20,2002,03,4807
09.20.2002-06:00:00,09,20,2002,06,4566.5
09.20.2002-09:00:00,09,20,2002,09,3825.4
09.20.2002-12:00:00,09,20,2002,12,3600.5
09.20.2002-15:00:00,09,20,2002,15,4042.3
09.20.2002-18:00:00,09,20,2002,18,4443.3
09.20.2002-21:00:00,09,20,2002,21,4612.4
09.21.2002-00:00:00,09,21,2002,00,4680.6
09.21.2002-03:00:00,09,21,2002,03,4725.1
09.21.2002-06:00:00,09,21,2002,06,4615.3
09.21.2002-09:00:00,09,21,2002,09,3875.3
09.21.2002-12:00:00,09,21,2002,12,3637.9
09.21.2002-15:00:00,09,21,2002,15,4074.7
09.21.2002-18:00:00,09,21,2002,18,4448
09.21.2002-21:00:00,09,21,2002,21,4580
09.22.2002-00:00:00,09,22,2002,00,4630.5
09.22.2002-03:00:00,09,22,2002,03,4665.9
09.22.2002-06:00:00,09,22,2002,06,4547.8
09.22.2002-09:00:00,09,22,2002,09,3954
09.22.2002-12:00:00,09,22,2002,12,3755.3
09.22.2002-15:00:00,09,22,2002,15,4121.1
09.22.2002-18:00:00,09,22,2002,18,4438.9
09.22.2002-21:00:00,09,22,2002,21,4543.2
09.23.2002-00:00:00,09,23,2002,00,4579.7
09.23.2002-03:00:00,09,23,2002,03,4599.3
09.23.2002-06:00:00,09,23,2002,06,4384.5
09.23.2002-09:00:00,09,23,2002,09,3764.9
09.23.2002-12:00:00,09,23,2002,12,3568.2
09.23.2002-15:00:00,09,23,2002,15,3938.8
09.23.2002-18:00:00,09,23,2002,18,4286.9
09.23.2002-21:00:00,09,23,2002,21,4421.1
09.24.2002-00:00:00,09,24,2002,00,4465.3
09.24.2002-03:00:00,09,24,2002,03,4489.4
09.24.2002-06:00:00,09,24,2002,06,4228.8
09.24.2002-09:00:00,09,24,2002,09,3573.8
09.24.2002-12:00:00,09,24,2002,12,3374
09.24.2002-15:00:00,09,24,2002,15,3734.1
09.24.2002-18:00:00,09,24,2002,18,4124.7
09.24.2002-21:00:00,09,24,2002,21,4271.3
09.25.2002-00:00:00,09,25,2002,00,4343.4
09.25.2002-03:00:00,09,25,2002,03,4378.5
09.25.2002-06:00:00,09,25,2002,06,4163
09.25.2002-09:00:00,09,25,2002,09,3589.6
09.25.2002-12:00:00,09,25,2002,12,3408
09.25.2002-15:00:00,09,25,2002,15,3746.3
09.25.2002-18:00:00,09,25,2002,18,4105.5
09.25.2002-21:00:00,09,25,2002,21,4243.5
09.26.2002-00:00:00,09,26,2002,00,4300.1
09.26.2002-03:00:00,09,26,2002,03,4329.2
09.26.2002-06:00:00,09,26,2002,06,4148.8
09.26.2002-09:00:00,09,26,2002,09,3595.3
09.26.2002-12:00:00,09,26,2002,12,3414.7
09.26.2002-15:00:00,09,26,2002,15,3741.5
09.26.2002-18:00:00,09,26,2002,18,4079.7
09.26.2002-21:00:00,09,26,2002,21,4204.1
09.27.2002-00:00:00,09,27,2002,00,4246.2
09.27.2002-03:00:00,09,27,2002,03,4270.4
09.27.2002-06:00:00,09,27,2002,06,4122.5
09.27.2002-09:00:00,09,27,2002,09,3700.4
09.27.2002-12:00:00,09,27,2002,12,3553.1
09.27.2002-15:00:00,09,27,2002,15,3817.3
09.27.2002-18:00:00,09,27,2002,18,4108.8
09.27.2002-21:00:00,09,27,2002,21,4193.1
09.28.2002-00:00:00,09,28,2002,00,4218.2
09.28.2002-03:00:00,09,28,2002,03,4229.4
09.28.2002-06:00:00,09,28,2002,06,4079.7
09.28.2002-09:00:00,09,28,2002,09,3593.9
09.28.2002-12:00:00,09,28,2002,12,3426.3
09.28.2002-15:00:00,09,28,2002,15,3711.7
09.28.2002-18:00:00,09,28,2002,18,4018
09.28.2002-21:00:00,09,28,2002,21,4113.4
09.29.2002-00:00:00,09,29,2002,00,4143.5
09.29.2002-03:00:00,09,29,2002,03,4155.4
09.29.2002-06:00:00,09,29,2002,06,3970.2
09.29.2002-09:00:00,09,29,2002,09,3415.5
09.29.2002-12:00:00,09,29,2002,12,3235.8
09.29.2002-15:00:00,09,29,2002,15,3539.3
09.29.2002-18:00:00,09,29,2002,18,3859
09.29.2002-21:00:00,09,29,2002,21,3988.2
09.30.2002-00:00:00,09,30,2002,00,4045.8
09.30.2002-03:00:00,09,30,2002,03,4080.5
09.30.2002-06:00:00,09,30,2002,06,4035.2
09.30.2002-09:00:00,09,30,2002,09,3613.9
09.30.2002-12:00:00,09,30,2002,12,3459.1
09.30.2002-15:00:00,09,30,2002,15,3712.1
09.30.2002-18:00:00,09,30,2002,18,3964.4
09.30.2002-21:00:00,09,30,2002,21,4033.5
