TIMESTAMP,MONTH,DAY,YEAR,HOUR,C
10.01.2001-00:00:00,10,01,2001,00,62.64
10.01.2001-03:00:00,10,01,2001,03,62.811
10.01.2001-06:00:00,10,01,2001,06,60.62
10.01.2001-09:00:00,10,01,2001,09,54.835
10.01.2001-12:00:00,10,01,2001,12,55.204
10.01.2001-15:00:00,10,01,2001,15,59.407
10.01.2001-18:00:00,10,01,2001,18,61.865
10.01.2001-21:00:00,10,01,2001,21,62.405
10.02.2001-00:00:00,10,02,2001,00,62.552
10.02.2001-03:00:00,10,02,2001,03,62.723
10.02.2001-06:00:00,10,02,2001,06,60.38
10.02.2001-09:00:00,10,02,2001,09,54.897
10.02.2001-12:00:00,10,02,2001,12,55.249
10.02.2001-15:00:00,10,02,2001,15,59.336
10.02.2001-18:00:00,10,02,2001,18,61.825
10.02.2001-21:00:00,10,02,2001,21,62.404
10.03.2001-00:00:00,10,03,2001,00,62.604
10.03.2001-03:00:00,10,03,2001,03,62.799
10.03.2001-06:00:00,10,03,2001,06,60.879
10.03.2001-09:00:00,10,03,2001,09,55.201
10.03.2001-12:00:00,10,03,2001,12,55.408
10.03.2001-15:00:00,10,03,2001,15,59.523
10.03.2001-18:00:00,10,03,2001,18,61.933
10.03.2001-21:00:00,10,03,2001,21,62.481
10.04.2001-00:00:00,10,04,2001,00,62.681
10.04.2001-03:00:00,10,04,2001,03,62.872
10.04.2001-06:00:00,10,04,2001,06,61.273
10.04.2001-09:00:00,10,04,2001,09,55.802
10.04.2001-12:00:00,10,04,2001,12,55.858
10.04.2001-15:00:00,10,04,2001,15,59.795
10.04.2001-18:00:00,10,04,2001,18,62.103
10.04.2001-21:00:00,10,04,2001,21,62.667
10.05.2001-00:00:00,10,05,2001,00,62.878
10.05.2001-03:00:00,10,05,2001,03,63.093
10.05.2001-06:00:00,10,05,2001,06,63.187
10.05.2001-09:00:00,10,05,2001,09,57.152
10.05.2001-12:00:00,10,05,2001,12,56.554
10.05.2001-15:00:00,10,05,2001,15,60.316
10.05.2001-18:00:00,10,05,2001,18,62.409
10.05.2001-21:00:00,10,05,2001,21,62.867
10.06.2001-00:00:00,10,06,2001,00,63.032
10.06.2001-03:00:00,10,06,2001,03,63.22
10.06.2001-06:00:00,10,06,2001,06,62.485
10.06.2001-09:00:00,10,06,2001,09,57.659
10.06.2001-12:00:00,10,06,2001,12,57.228
10.06.2001-15:00:00,10,06,2001,15,60.501
10.06.2001-18:00:00,10,06,2001,18,62.511
10.06.2001-21:00:00,10,06,2001,21,62.962
10.07.2001-00:00:00,10,07,2001,00,63.103
10.07.2001-03:00:00,10,07,2001,03,63.237
10.07.2001-06:00:00,10,07,2001,06,62.241
10.07.2001-09:00:00,10,07,2001,09,58.705
10.07.2001-12:00:00,10,07,2001,12,58.389
10.07.2001-15:00:00,10,07,2001,15,60.882
10.07.2001-18:00:00,10,07,2001,18,62.69
10.07.2001-21:00:00,10,07,2001,21,63.17
10.08.2001-00:00:00,10,08,2001,00,63.451
10.08.2001-03:00:00,10,08,2001,03,63.61
10.08.2001-06:00:00,10,08,2001,06,63.61
10.08.2001-09:00:00,10,08,2001,09,61.71
10.08.2001-12:00:00,10,08,2001,12,59.651
10.08.2001-15:00:00,10,08,2001,15,61.457
10.08.2001-18:00:00,10,08,2001,18,63.225
10.08.2001-21:00:00,10,08,2001,21,63.655
10.09.2001-00:00:00,10,09,2001,00,63.621
10.09.2001-03:00:00,10,09,2001,03,63.685
10.09.2001-06:00:00,10,09,2001,06,62.134
10.09.2001-09:00:00,10,09,2001,09,58.652
10.09.2001-12:00:00,10,09,2001,12,58.493
10.09.2001-15:00:00,10,09,2001,15,61.063
10.09.2001-18:00:00,10,09,2001,18,63.014
10.09.2001-21:00:00,10,09,2001,21,63.568
10.10.2001-00:00:00,10,10,2001,00,66.071
10.10.2001-03:00:00,10,10,2001,03,64.812
10.10.2001-06:00:00,10,10,2001,06,64.127
10.10.2001-09:00:00,10,10,2001,09,72.014
10.10.2001-12:00:00,10,10,2001,12,81.497
10.10.2001-15:00:00,10,10,2001,15,75.904
10.10.2001-18:00:00,10,10,2001,18,74.055
10.10.2001-21:00:00,10,10,2001,21,70.59
10.11.2001-00:00:00,10,11,2001,00,67.179
10.11.2001-03:00:00,10,11,2001,03,66.449
10.11.2001-06:00:00,10,11,2001,06,66.411
10.11.2001-09:00:00,10,11,2001,09,79.429
10.11.2001-12:00:00,10,11,2001,12,76.138
10.11.2001-15:00:00,10,11,2001,15,68.829
10.11.2001-18:00:00,10,11,2001,18,70.198
10.11.2001-21:00:00,10,11,2001,21,71.975
10.12.2001-00:00:00,10,12,2001,00,72.531
10.12.2001-03:00:00,10,12,2001,03,71.97
10.12.2001-06:00:00,10,12,2001,06,68.641
10.12.2001-09:00:00,10,12,2001,09,64.133
10.12.2001-12:00:00,10,12,2001,12,62.015
10.12.2001-15:00:00,10,12,2001,15,62.874
10.12.2001-18:00:00,10,12,2001,18,64.533
10.12.2001-21:00:00,10,12,2001,21,65.839
10.13.2001-00:00:00,10,13,2001,00,66.182
10.13.2001-03:00:00,10,13,2001,03,66.228
10.13.2001-06:00:00,10,13,2001,06,64.379
10.13.2001-09:00:00,10,13,2001,09,61.036
10.13.2001-12:00:00,10,13,2001,12,60.367
10.13.2001-15:00:00,10,13,2001,15,61.91
10.13.2001-18:00:00,10,13,2001,18,63.975
10.13.2001-21:00:00,10,13,2001,21,64.648
10.14.2001-00:00:00,10,14,2001,00,65.032
10.14.2001-03:00:00,10,14,2001,03,65.435
10.14.2001-06:00:00,10,14,2001,06,64.928
10.14.2001-09:00:00,10,14,2001,09,60.997
10.14.2001-12:00:00,10,14,2001,12,60.365
10.14.2001-15:00:00,10,14,2001,15,62.839
10.14.2001-18:00:00,10,14,2001,18,64.623
10.14.2001-21:00:00,10,14,2001,21,65.114
10.15.2001-00:00:00,10,15,2001,00,65.139
10.15.2001-03:00:00,10,15,2001,03,65.265
10.15.2001-06:00:00,10,15,2001,06,65.355
10.15.2001-09:00:00,10,15,2001,09,60.854
10.15.2001-12:00:00,10,15,2001,12,60.101
10.15.2001-15:00:00,10,15,2001,15,62.977
10.15.2001-18:00:00,10,15,2001,18,64.626
10.15.2001-21:00:00,10,15,2001,21,64.976
10.16.2001-00:00:00,10,16,2001,00,65.087
10.16.2001-03:00:00,10,16,2001,03,65.195
10.16.2001-06:00:00,10,16,2001,06,64.346
10.16.2001-09:00:00,10,16,2001,09,60.364
10.16.2001-12:00:00,10,16,2001,12,59.927
10.16.2001-15:00:00,10,16,2001,15,62.736
10.16.2001-18:00:00,10,16,2001,18,64.466
10.16.2001-21:00:00,10,16,2001,21,64.867
10.17.2001-00:00:00,10,17,2001,00,64.972
10.17.2001-03:00:00,10,17,2001,03,65.092
10.17.2001-06:00:00,10,17,2001,06,64.651
10.17.2001-09:00:00,10,17,2001,09,62.262
10.17.2001-12:00:00,10,17,2001,12,61.614
10.17.2001-15:00:00,10,17,2001,15,63.087
10.17.2001-18:00:00,10,17,2001,18,64.504
10.17.2001-21:00:00,10,17,2001,21,64.883
10.18.2001-00:00:00,10,18,2001,00,64.995
10.18.2001-03:00:00,10,18,2001,03,65.083
10.18.2001-06:00:00,10,18,2001,06,63.884
10.18.2001-09:00:00,10,18,2001,09,60.316
10.18.2001-12:00:00,10,18,2001,12,59.902
10.18.2001-15:00:00,10,18,2001,15,62.415
10.18.2001-18:00:00,10,18,2001,18,64.239
10.18.2001-21:00:00,10,18,2001,21,64.691
10.19.2001-00:00:00,10,19,2001,00,64.912
10.19.2001-03:00:00,10,19,2001,03,65.057
10.19.2001-06:00:00,10,19,2001,06,63.877
10.19.2001-09:00:00,10,19,2001,09,59.809
10.19.2001-12:00:00,10,19,2001,12,59.487
10.19.2001-15:00:00,10,19,2001,15,62.459
10.19.2001-18:00:00,10,19,2001,18,64.284
10.19.2001-21:00:00,10,19,2001,21,64.724
10.20.2001-00:00:00,10,20,2001,00,64.782
10.20.2001-03:00:00,10,20,2001,03,64.89
10.20.2001-06:00:00,10,20,2001,06,64.279
10.20.2001-09:00:00,10,20,2001,09,60.313
10.20.2001-12:00:00,10,20,2001,12,59.762
10.20.2001-15:00:00,10,20,2001,15,62.548
10.20.2001-18:00:00,10,20,2001,18,64.215
10.20.2001-21:00:00,10,20,2001,21,64.587
10.21.2001-00:00:00,10,21,2001,00,64.827
10.21.2001-03:00:00,10,21,2001,03,64.937
10.21.2001-06:00:00,10,21,2001,06,64.962
10.21.2001-09:00:00,10,21,2001,09,66.418
10.21.2001-12:00:00,10,21,2001,12,63.449
10.21.2001-15:00:00,10,21,2001,15,63.935
10.21.2001-18:00:00,10,21,2001,18,65.689
10.21.2001-21:00:00,10,21,2001,21,67.389
10.22.2001-00:00:00,10,22,2001,00,69.318
10.22.2001-03:00:00,10,22,2001,03,69.118
10.22.2001-06:00:00,10,22,2001,06,68.521
10.22.2001-09:00:00,10,22,2001,09,82.259
10.22.2001-12:00:00,10,22,2001,12,92.192
10.22.2001-15:00:00,10,22,2001,15,96.851
10.22.2001-18:00:00,10,22,2001,18,93.511
10.22.2001-21:00:00,10,22,2001,21,90.413
10.23.2001-00:00:00,10,23,2001,00,89.438
10.23.2001-03:00:00,10,23,2001,03,80.115
10.23.2001-06:00:00,10,23,2001,06,78.428
10.23.2001-09:00:00,10,23,2001,09,105.43
10.23.2001-12:00:00,10,23,2001,12,123.25
10.23.2001-15:00:00,10,23,2001,15,101.66
10.23.2001-18:00:00,10,23,2001,18,82.804
10.23.2001-21:00:00,10,23,2001,21,78.856
10.24.2001-00:00:00,10,24,2001,00,72.265
10.24.2001-03:00:00,10,24,2001,03,70.06
10.24.2001-06:00:00,10,24,2001,06,69.995
10.24.2001-09:00:00,10,24,2001,09,71.748
10.24.2001-12:00:00,10,24,2001,12,87.499
10.24.2001-15:00:00,10,24,2001,15,79.501
10.24.2001-18:00:00,10,24,2001,18,71.941
10.24.2001-21:00:00,10,24,2001,21,70.53
10.25.2001-00:00:00,10,25,2001,00,76.788
10.25.2001-03:00:00,10,25,2001,03,73.271
10.25.2001-06:00:00,10,25,2001,06,73.012
10.25.2001-09:00:00,10,25,2001,09,85.204
10.25.2001-12:00:00,10,25,2001,12,104.37
10.25.2001-15:00:00,10,25,2001,15,93.608
10.25.2001-18:00:00,10,25,2001,18,81.504
10.25.2001-21:00:00,10,25,2001,21,79.072
10.26.2001-00:00:00,10,26,2001,00,72.373
10.26.2001-03:00:00,10,26,2001,03,70.15
10.26.2001-06:00:00,10,26,2001,06,70.778
10.26.2001-09:00:00,10,26,2001,09,84.544
10.26.2001-12:00:00,10,26,2001,12,91.282
10.26.2001-15:00:00,10,26,2001,15,82.75
10.26.2001-18:00:00,10,26,2001,18,78.38
10.26.2001-21:00:00,10,26,2001,21,76.582
10.27.2001-00:00:00,10,27,2001,00,73.443
10.27.2001-03:00:00,10,27,2001,03,71.73
10.27.2001-06:00:00,10,27,2001,06,70.006
10.27.2001-09:00:00,10,27,2001,09,82.379
10.27.2001-12:00:00,10,27,2001,12,106.09
10.27.2001-15:00:00,10,27,2001,15,88.143
10.27.2001-18:00:00,10,27,2001,18,75.75
10.27.2001-21:00:00,10,27,2001,21,70.443
10.28.2001-00:00:00,10,28,2001,00,70.281
10.28.2001-03:00:00,10,28,2001,03,70.57
10.28.2001-06:00:00,10,28,2001,06,70.74
10.28.2001-09:00:00,10,28,2001,09,81.45
10.28.2001-12:00:00,10,28,2001,12,95.36
10.28.2001-15:00:00,10,28,2001,15,82.58
10.28.2001-18:00:00,10,28,2001,18,71.131
10.28.2001-21:00:00,10,28,2001,21,69.097
10.29.2001-00:00:00,10,29,2001,00,69.956
10.29.2001-03:00:00,10,29,2001,03,70.614
10.29.2001-06:00:00,10,29,2001,06,70.737
10.29.2001-09:00:00,10,29,2001,09,71.419
10.29.2001-12:00:00,10,29,2001,12,69.096
10.29.2001-15:00:00,10,29,2001,15,70.076
10.29.2001-18:00:00,10,29,2001,18,69.29
10.29.2001-21:00:00,10,29,2001,21,69.397
10.30.2001-00:00:00,10,30,2001,00,70.378
10.30.2001-03:00:00,10,30,2001,03,73.721
10.30.2001-06:00:00,10,30,2001,06,72.14
10.30.2001-09:00:00,10,30,2001,09,78.97
10.30.2001-12:00:00,10,30,2001,12,82.937
10.30.2001-15:00:00,10,30,2001,15,87.439
10.30.2001-18:00:00,10,30,2001,18,83.668
10.30.2001-21:00:00,10,30,2001,21,77.222
10.31.2001-00:00:00,10,31,2001,00,98.541
10.31.2001-03:00:00,10,31,2001,03,108.38
10.31.2001-06:00:00,10,31,2001,06,119.68
10.31.2001-09:00:00,10,31,2001,09,150.85
10.31.2001-12:00:00,10,31,2001,12,171.26
10.31.2001-15:00:00,10,31,2001,15,154.19
10.31.2001-18:00:00,10,31,2001,18,132.52
10.31.2001-21:00:00,10,31,2001,21,122.7
11.01.2001-00:00:00,11,01,2001,00,91.377
11.01.2001-03:00:00,11,01,2001,03,79.364
11.01.2001-06:00:00,11,01,2001,06,78.542
11.01.2001-09:00:00,11,01,2001,09,85.684
11.01.2001-12:00:00,11,01,2001,12,106.4
11.01.2001-15:00:00,11,01,2001,15,95.99
11.01.2001-18:00:00,11,01,2001,18,81.721
11.01.2001-21:00:00,11,01,2001,21,77.496
11.02.2001-00:00:00,11,02,2001,00,77.491
11.02.2001-03:00:00,11,02,2001,03,78.253
11.02.2001-06:00:00,11,02,2001,06,77.251
11.02.2001-09:00:00,11,02,2001,09,87.404
11.02.2001-12:00:00,11,02,2001,12,111.61
11.02.2001-15:00:00,11,02,2001,15,99.815
11.02.2001-18:00:00,11,02,2001,18,83.823
11.02.2001-21:00:00,11,02,2001,21,78.553
11.03.2001-00:00:00,11,03,2001,00,78.052
11.03.2001-03:00:00,11,03,2001,03,78.149
11.03.2001-06:00:00,11,03,2001,06,78.094
11.03.2001-09:00:00,11,03,2001,09,91.159
11.03.2001-12:00:00,11,03,2001,12,91.9
11.03.2001-15:00:00,11,03,2001,15,82.611
11.03.2001-18:00:00,11,03,2001,18,77.112
11.03.2001-21:00:00,11,03,2001,21,76.161
11.04.2001-00:00:00,11,04,2001,00,76.163
11.04.2001-03:00:00,11,04,2001,03,76.505
11.04.2001-06:00:00,11,04,2001,06,74.837
11.04.2001-09:00:00,11,04,2001,09,70.299
11.04.2001-12:00:00,11,04,2001,12,69.565
11.04.2001-15:00:00,11,04,2001,15,71.509
11.04.2001-18:00:00,11,04,2001,18,72.837
11.04.2001-21:00:00,11,04,2001,21,73.178
11.05.2001-00:00:00,11,05,2001,00,74.407
11.05.2001-03:00:00,11,05,2001,03,75.805
11.05.2001-06:00:00,11,05,2001,06,76.766
11.05.2001-09:00:00,11,05,2001,09,73.35
11.05.2001-12:00:00,11,05,2001,12,72.634
11.05.2001-15:00:00,11,05,2001,15,72.424
11.05.2001-18:00:00,11,05,2001,18,72.901
11.05.2001-21:00:00,11,05,2001,21,74.298
11.06.2001-00:00:00,11,06,2001,00,76.227
11.06.2001-03:00:00,11,06,2001,03,77.11
11.06.2001-06:00:00,11,06,2001,06,77.19
11.06.2001-09:00:00,11,06,2001,09,73.677
11.06.2001-12:00:00,11,06,2001,12,73.135
11.06.2001-15:00:00,11,06,2001,15,74.046
11.06.2001-18:00:00,11,06,2001,18,75.114
11.06.2001-21:00:00,11,06,2001,21,75.432
11.07.2001-00:00:00,11,07,2001,00,76.4
11.07.2001-03:00:00,11,07,2001,03,76.749
11.07.2001-06:00:00,11,07,2001,06,76.724
11.07.2001-09:00:00,11,07,2001,09,72.162
11.07.2001-12:00:00,11,07,2001,12,70.439
11.07.2001-15:00:00,11,07,2001,15,71.82
11.07.2001-18:00:00,11,07,2001,18,73.699
11.07.2001-21:00:00,11,07,2001,21,74.898
11.08.2001-00:00:00,11,08,2001,00,76.015
11.08.2001-03:00:00,11,08,2001,03,76.267
11.08.2001-06:00:00,11,08,2001,06,76.221
11.08.2001-09:00:00,11,08,2001,09,70.859
11.08.2001-12:00:00,11,08,2001,12,69.311
11.08.2001-15:00:00,11,08,2001,15,70.729
11.08.2001-18:00:00,11,08,2001,18,71.611
11.08.2001-21:00:00,11,08,2001,21,72.56
11.09.2001-00:00:00,11,09,2001,00,74.395
11.09.2001-03:00:00,11,09,2001,03,75.59
11.09.2001-06:00:00,11,09,2001,06,75.79
11.09.2001-09:00:00,11,09,2001,09,70.27
11.09.2001-12:00:00,11,09,2001,12,68.638
11.09.2001-15:00:00,11,09,2001,15,70.407
11.09.2001-18:00:00,11,09,2001,18,71.342
11.09.2001-21:00:00,11,09,2001,21,71.469
11.10.2001-00:00:00,11,10,2001,00,72.784
11.10.2001-03:00:00,11,10,2001,03,74.595
11.10.2001-06:00:00,11,10,2001,06,75.296
11.10.2001-09:00:00,11,10,2001,09,70.156
11.10.2001-12:00:00,11,10,2001,12,68.56
11.10.2001-15:00:00,11,10,2001,15,70.175
11.10.2001-18:00:00,11,10,2001,18,71.054
11.10.2001-21:00:00,11,10,2001,21,71.453
11.11.2001-00:00:00,11,11,2001,00,73.261
11.11.2001-03:00:00,11,11,2001,03,74.762
11.11.2001-06:00:00,11,11,2001,06,75.053
11.11.2001-09:00:00,11,11,2001,09,69.592
11.11.2001-12:00:00,11,11,2001,12,67.998
11.11.2001-15:00:00,11,11,2001,15,69.757
11.11.2001-18:00:00,11,11,2001,18,70.665
11.11.2001-21:00:00,11,11,2001,21,70.957
11.12.2001-00:00:00,11,12,2001,00,72.135
11.12.2001-03:00:00,11,12,2001,03,74.17
11.12.2001-06:00:00,11,12,2001,06,74.733
11.12.2001-09:00:00,11,12,2001,09,81.508
11.12.2001-12:00:00,11,12,2001,12,73.406
11.12.2001-15:00:00,11,12,2001,15,72.825
11.12.2001-18:00:00,11,12,2001,18,74.088
11.12.2001-21:00:00,11,12,2001,21,75.369
11.13.2001-00:00:00,11,13,2001,00,79.776
11.13.2001-03:00:00,11,13,2001,03,84.254
11.13.2001-06:00:00,11,13,2001,06,83.608
11.13.2001-09:00:00,11,13,2001,09,85.804
11.13.2001-12:00:00,11,13,2001,12,87.671
11.13.2001-15:00:00,11,13,2001,15,86.039
11.13.2001-18:00:00,11,13,2001,18,84.278
11.13.2001-21:00:00,11,13,2001,21,83.828
11.14.2001-00:00:00,11,14,2001,00,147.52
11.14.2001-03:00:00,11,14,2001,03,169.76
11.14.2001-06:00:00,11,14,2001,06,181.5
11.14.2001-09:00:00,11,14,2001,09,195.12
11.14.2001-12:00:00,11,14,2001,12,203.72
11.14.2001-15:00:00,11,14,2001,15,202.83
11.14.2001-18:00:00,11,14,2001,18,209.15
11.14.2001-21:00:00,11,14,2001,21,274.28
11.15.2001-00:00:00,11,15,2001,00,208.88
11.15.2001-03:00:00,11,15,2001,03,153.83
11.15.2001-06:00:00,11,15,2001,06,127.18
11.15.2001-09:00:00,11,15,2001,09,118.47
11.15.2001-12:00:00,11,15,2001,12,113.71
11.15.2001-15:00:00,11,15,2001,15,119.33
11.15.2001-18:00:00,11,15,2001,18,113.71
11.15.2001-21:00:00,11,15,2001,21,113.46
11.16.2001-00:00:00,11,16,2001,00,113.37
11.16.2001-03:00:00,11,16,2001,03,108.26
11.16.2001-06:00:00,11,16,2001,06,107.97
11.16.2001-09:00:00,11,16,2001,09,107.81
11.16.2001-12:00:00,11,16,2001,12,105.19
11.16.2001-15:00:00,11,16,2001,15,103.11
11.16.2001-18:00:00,11,16,2001,18,104.82
11.16.2001-21:00:00,11,16,2001,21,105.96
11.17.2001-00:00:00,11,17,2001,00,105.94
11.17.2001-03:00:00,11,17,2001,03,105.43
11.17.2001-06:00:00,11,17,2001,06,105.14
11.17.2001-09:00:00,11,17,2001,09,99.588
11.17.2001-12:00:00,11,17,2001,12,97.08
11.17.2001-15:00:00,11,17,2001,15,99.518
11.17.2001-18:00:00,11,17,2001,18,100.91
11.17.2001-21:00:00,11,17,2001,21,101.44
11.18.2001-00:00:00,11,18,2001,00,103.38
11.18.2001-03:00:00,11,18,2001,03,103.88
11.18.2001-06:00:00,11,18,2001,06,103.73
11.18.2001-09:00:00,11,18,2001,09,99.564
11.18.2001-12:00:00,11,18,2001,12,97.129
11.18.2001-15:00:00,11,18,2001,15,100.76
11.18.2001-18:00:00,11,18,2001,18,102.6
11.18.2001-21:00:00,11,18,2001,21,102.67
11.19.2001-00:00:00,11,19,2001,00,102.51
11.19.2001-03:00:00,11,19,2001,03,103.23
11.19.2001-06:00:00,11,19,2001,06,102.52
11.19.2001-09:00:00,11,19,2001,09,106.48
11.19.2001-12:00:00,11,19,2001,12,105.03
11.19.2001-15:00:00,11,19,2001,15,102.67
11.19.2001-18:00:00,11,19,2001,18,101.99
11.19.2001-21:00:00,11,19,2001,21,101.84
11.20.2001-00:00:00,11,20,2001,00,103.47
11.20.2001-03:00:00,11,20,2001,03,104.92
11.20.2001-06:00:00,11,20,2001,06,105.97
11.20.2001-09:00:00,11,20,2001,09,121.42
11.20.2001-12:00:00,11,20,2001,12,144.46
11.20.2001-15:00:00,11,20,2001,15,146.87
11.20.2001-18:00:00,11,20,2001,18,142.62
11.20.2001-21:00:00,11,20,2001,21,142.29
11.21.2001-00:00:00,11,21,2001,00,125.54
11.21.2001-03:00:00,11,21,2001,03,119.16
11.21.2001-06:00:00,11,21,2001,06,119.37
11.21.2001-09:00:00,11,21,2001,09,120.91
11.21.2001-12:00:00,11,21,2001,12,135.29
11.21.2001-15:00:00,11,21,2001,15,136.31
11.21.2001-18:00:00,11,21,2001,18,129.44
11.21.2001-21:00:00,11,21,2001,21,125.74
11.22.2001-00:00:00,11,22,2001,00,141.98
11.22.2001-03:00:00,11,22,2001,03,144.04
11.22.2001-06:00:00,11,22,2001,06,138.73
11.22.2001-09:00:00,11,22,2001,09,154.45
11.22.2001-12:00:00,11,22,2001,12,176.75
11.22.2001-15:00:00,11,22,2001,15,209.86
11.22.2001-18:00:00,11,22,2001,18,205.95
11.22.2001-21:00:00,11,22,2001,21,216.11
11.23.2001-00:00:00,11,23,2001,00,185.12
11.23.2001-03:00:00,11,23,2001,03,166.37
11.23.2001-06:00:00,11,23,2001,06,146.75
11.23.2001-09:00:00,11,23,2001,09,137.68
11.23.2001-12:00:00,11,23,2001,12,135.66
11.23.2001-15:00:00,11,23,2001,15,132.46
11.23.2001-18:00:00,11,23,2001,18,129.87
11.23.2001-21:00:00,11,23,2001,21,129.21
11.24.2001-00:00:00,11,24,2001,00,129.02
11.24.2001-03:00:00,11,24,2001,03,128.82
11.24.2001-06:00:00,11,24,2001,06,128.6
11.24.2001-09:00:00,11,24,2001,09,127.33
11.24.2001-12:00:00,11,24,2001,12,126.46
11.24.2001-15:00:00,11,24,2001,15,127.37
11.24.2001-18:00:00,11,24,2001,18,127.55
11.24.2001-21:00:00,11,24,2001,21,127.31
11.25.2001-00:00:00,11,25,2001,00,127.06
11.25.2001-03:00:00,11,25,2001,03,126.81
11.25.2001-06:00:00,11,25,2001,06,126.57
11.25.2001-09:00:00,11,25,2001,09,126.64
11.25.2001-12:00:00,11,25,2001,12,124.77
11.25.2001-15:00:00,11,25,2001,15,125.35
11.25.2001-18:00:00,11,25,2001,18,125.57
11.25.2001-21:00:00,11,25,2001,21,125.36
11.26.2001-00:00:00,11,26,2001,00,125.14
11.26.2001-03:00:00,11,26,2001,03,124.92
11.26.2001-06:00:00,11,26,2001,06,124.7
11.26.2001-09:00:00,11,26,2001,09,124.4
11.26.2001-12:00:00,11,26,2001,12,124.12
11.26.2001-15:00:00,11,26,2001,15,124.01
11.26.2001-18:00:00,11,26,2001,18,123.84
11.26.2001-21:00:00,11,26,2001,21,123.64
11.27.2001-00:00:00,11,27,2001,00,123.45
11.27.2001-03:00:00,11,27,2001,03,123.26
11.27.2001-06:00:00,11,27,2001,06,123.06
11.27.2001-09:00:00,11,27,2001,09,122.87
11.27.2001-12:00:00,11,27,2001,12,122.68
11.27.2001-15:00:00,11,27,2001,15,122.52
11.27.2001-18:00:00,11,27,2001,18,122.35
11.27.2001-21:00:00,11,27,2001,21,122.17
11.28.2001-00:00:00,11,28,2001,00,121.98
11.28.2001-03:00:00,11,28,2001,03,121.81
11.28.2001-06:00:00,11,28,2001,06,121.63
11.28.2001-09:00:00,11,28,2001,09,121.45
11.28.2001-12:00:00,11,28,2001,12,121.28
11.28.2001-15:00:00,11,28,2001,15,121.1
11.28.2001-18:00:00,11,28,2001,18,120.94
11.28.2001-21:00:00,11,28,2001,21,120.77
11.29.2001-00:00:00,11,29,2001,00,120.6
11.29.2001-03:00:00,11,29,2001,03,120.44
11.29.2001-06:00:00,11,29,2001,06,120.27
11.29.2001-09:00:00,11,29,2001,09,120.11
11.29.2001-12:00:00,11,29,2001,12,119.85
11.29.2001-15:00:00,11,29,2001,15,119.75
11.29.2001-18:00:00,11,29,2001,18,119.62
11.29.2001-21:00:00,11,29,2001,21,119.47
11.30.2001-00:00:00,11,30,2001,00,119.31
11.30.2001-03:00:00,11,30,2001,03,119.16
11.30.2001-06:00:00,11,30,2001,06,119.01
11.30.2001-09:00:00,11,30,2001,09,118.86
11.30.2001-12:00:00,11,30,2001,12,118.71
11.30.2001-15:00:00,11,30,2001,15,118.57
11.30.2001-18:00:00,11,30,2001,18,118.42
11.30.2001-21:00:00,11,30,2001,21,118.27
12.01.2001-00:00:00,12,01,2001,00,118.13
12.01.2001-03:00:00,12,01,2001,03,117.99
12.01.2001-06:00:00,12,01,2001,06,117.85
12.01.2001-09:00:00,12,01,2001,09,117.71
12.01.2001-12:00:00,12,01,2001,12,117.47
12.01.2001-15:00:00,12,01,2001,15,117.4
12.01.2001-18:00:00,12,01,2001,18,117.29
12.01.2001-21:00:00,12,01,2001,21,117.16
12.02.2001-00:00:00,12,02,2001,00,117.03
12.02.2001-03:00:00,12,02,2001,03,116.9
12.02.2001-06:00:00,12,02,2001,06,116.77
12.02.2001-09:00:00,12,02,2001,09,116.64
12.02.2001-12:00:00,12,02,2001,12,116.52
12.02.2001-15:00:00,12,02,2001,15,116.39
12.02.2001-18:00:00,12,02,2001,18,116.26
12.02.2001-21:00:00,12,02,2001,21,116.14
12.03.2001-00:00:00,12,03,2001,00,116.01
12.03.2001-03:00:00,12,03,2001,03,115.89
12.03.2001-06:00:00,12,03,2001,06,115.77
12.03.2001-09:00:00,12,03,2001,09,115.65
12.03.2001-12:00:00,12,03,2001,12,115.52
12.03.2001-15:00:00,12,03,2001,15,115.4
12.03.2001-18:00:00,12,03,2001,18,115.28
12.03.2001-21:00:00,12,03,2001,21,115.17
12.04.2001-00:00:00,12,04,2001,00,115.05
12.04.2001-03:00:00,12,04,2001,03,114.93
12.04.2001-06:00:00,12,04,2001,06,114.81
12.04.2001-09:00:00,12,04,2001,09,114.69
12.04.2001-12:00:00,12,04,2001,12,114.58
12.04.2001-15:00:00,12,04,2001,15,114.46
12.04.2001-18:00:00,12,04,2001,18,114.35
12.04.2001-21:00:00,12,04,2001,21,114.23
12.05.2001-00:00:00,12,05,2001,00,114.12
12.05.2001-03:00:00,12,05,2001,03,114.01
12.05.2001-06:00:00,12,05,2001,06,113.89
12.05.2001-09:00:00,12,05,2001,09,113.78
12.05.2001-12:00:00,12,05,2001,12,113.67
12.05.2001-15:00:00,12,05,2001,15,113.56
12.05.2001-18:00:00,12,05,2001,18,113.45
12.05.2001-21:00:00,12,05,2001,21,113.34
12.06.2001-00:00:00,12,06,2001,00,113.23
12.06.2001-03:00:00,12,06,2001,03,113.12
12.06.2001-06:00:00,12,06,2001,06,113.01
12.06.2001-09:00:00,12,06,2001,09,112.9
12.06.2001-12:00:00,12,06,2001,12,112.79
12.06.2001-15:00:00,12,06,2001,15,112.69
12.06.2001-18:00:00,12,06,2001,18,112.58
12.06.2001-21:00:00,12,06,2001,21,112.47
12.07.2001-00:00:00,12,07,2001,00,112.37
12.07.2001-03:00:00,12,07,2001,03,112.26
12.07.2001-06:00:00,12,07,2001,06,112.15
12.07.2001-09:00:00,12,07,2001,09,112.05
12.07.2001-12:00:00,12,07,2001,12,111.94
12.07.2001-15:00:00,12,07,2001,15,111.84
12.07.2001-18:00:00,12,07,2001,18,111.74
12.07.2001-21:00:00,12,07,2001,21,111.63
12.08.2001-00:00:00,12,08,2001,00,111.53
12.08.2001-03:00:00,12,08,2001,03,111.43
12.08.2001-06:00:00,12,08,2001,06,111.32
12.08.2001-09:00:00,12,08,2001,09,111.22
12.08.2001-12:00:00,12,08,2001,12,111.12
12.08.2001-15:00:00,12,08,2001,15,111.02
12.08.2001-18:00:00,12,08,2001,18,110.92
12.08.2001-21:00:00,12,08,2001,21,110.82
12.09.2001-00:00:00,12,09,2001,00,110.72
12.09.2001-03:00:00,12,09,2001,03,110.62
12.09.2001-06:00:00,12,09,2001,06,110.52
12.09.2001-09:00:00,12,09,2001,09,110.42
12.09.2001-12:00:00,12,09,2001,12,110.32
12.09.2001-15:00:00,12,09,2001,15,110.22
12.09.2001-18:00:00,12,09,2001,18,110.12
12.09.2001-21:00:00,12,09,2001,21,110.03
12.10.2001-00:00:00,12,10,2001,00,109.93
12.10.2001-03:00:00,12,10,2001,03,109.83
12.10.2001-06:00:00,12,10,2001,06,109.74
12.10.2001-09:00:00,12,10,2001,09,109.64
12.10.2001-12:00:00,12,10,2001,12,109.55
12.10.2001-15:00:00,12,10,2001,15,109.45
12.10.2001-18:00:00,12,10,2001,18,109.36
12.10.2001-21:00:00,12,10,2001,21,109.26
12.11.2001-00:00:00,12,11,2001,00,109.17
12.11.2001-03:00:00,12,11,2001,03,109.07
12.11.2001-06:00:00,12,11,2001,06,108.98
12.11.2001-09:00:00,12,11,2001,09,108.89
12.11.2001-12:00:00,12,11,2001,12,108.8
12.11.2001-15:00:00,12,11,2001,15,108.71
12.11.2001-18:00:00,12,11,2001,18,108.61
12.11.2001-21:00:00,12,11,2001,21,108.52
12.12.2001-00:00:00,12,12,2001,00,108.43
12.12.2001-03:00:00,12,12,2001,03,108.34
12.12.2001-06:00:00,12,12,2001,06,108.25
12.12.2001-09:00:00,12,12,2001,09,108.16
12.12.2001-12:00:00,12,12,2001,12,108.07
12.12.2001-15:00:00,12,12,2001,15,107.98
12.12.2001-18:00:00,12,12,2001,18,107.89
12.12.2001-21:00:00,12,12,2001,21,107.8
12.13.2001-00:00:00,12,13,2001,00,107.71
12.13.2001-03:00:00,12,13,2001,03,107.63
12.13.2001-06:00:00,12,13,2001,06,107.54
12.13.2001-09:00:00,12,13,2001,09,107.45
12.13.2001-12:00:00,12,13,2001,12,107.36
12.13.2001-15:00:00,12,13,2001,15,107.28
12.13.2001-18:00:00,12,13,2001,18,107.19
12.13.2001-21:00:00,12,13,2001,21,107.1
12.14.2001-00:00:00,12,14,2001,00,107.01
12.14.2001-03:00:00,12,14,2001,03,106.93
12.14.2001-06:00:00,12,14,2001,06,106.84
12.14.2001-09:00:00,12,14,2001,09,106.75
12.14.2001-12:00:00,12,14,2001,12,106.67
12.14.2001-15:00:00,12,14,2001,15,106.58
12.14.2001-18:00:00,12,14,2001,18,106.49
12.14.2001-21:00:00,12,14,2001,21,106.41
12.15.2001-00:00:00,12,15,2001,00,106.32
12.15.2001-03:00:00,12,15,2001,03,106.24
12.15.2001-06:00:00,12,15,2001,06,106.15
12.15.2001-09:00:00,12,15,2001,09,106.07
12.15.2001-12:00:00,12,15,2001,12,105.98
12.15.2001-15:00:00,12,15,2001,15,105.9
12.15.2001-18:00:00,12,15,2001,18,105.81
12.15.2001-21:00:00,12,15,2001,21,105.73
12.16.2001-00:00:00,12,16,2001,00,105.65
12.16.2001-03:00:00,12,16,2001,03,105.57
12.16.2001-06:00:00,12,16,2001,06,105.48
12.16.2001-09:00:00,12,16,2001,09,105.4
12.16.2001-12:00:00,12,16,2001,12,105.25
12.16.2001-15:00:00,12,16,2001,15,105.21
12.16.2001-18:00:00,12,16,2001,18,105.14
12.16.2001-21:00:00,12,16,2001,21,105.06
12.17.2001-00:00:00,12,17,2001,00,104.98
12.17.2001-03:00:00,12,17,2001,03,104.9
12.17.2001-06:00:00,12,17,2001,06,104.82
12.17.2001-09:00:00,12,17,2001,09,104.74
12.17.2001-12:00:00,12,17,2001,12,104.58
12.17.2001-15:00:00,12,17,2001,15,104.54
12.17.2001-18:00:00,12,17,2001,18,104.48
12.17.2001-21:00:00,12,17,2001,21,104.4
12.18.2001-00:00:00,12,18,2001,00,104.32
12.18.2001-03:00:00,12,18,2001,03,104.24
12.18.2001-06:00:00,12,18,2001,06,104.16
12.18.2001-09:00:00,12,18,2001,09,104.08
12.18.2001-12:00:00,12,18,2001,12,104
12.18.2001-15:00:00,12,18,2001,15,103.92
12.18.2001-18:00:00,12,18,2001,18,103.84
12.18.2001-21:00:00,12,18,2001,21,103.76
12.19.2001-00:00:00,12,19,2001,00,103.68
12.19.2001-03:00:00,12,19,2001,03,103.6
12.19.2001-06:00:00,12,19,2001,06,103.52
12.19.2001-09:00:00,12,19,2001,09,103.45
12.19.2001-12:00:00,12,19,2001,12,103.37
12.19.2001-15:00:00,12,19,2001,15,103.29
12.19.2001-18:00:00,12,19,2001,18,103.21
12.19.2001-21:00:00,12,19,2001,21,103.13
12.20.2001-00:00:00,12,20,2001,00,103.06
12.20.2001-03:00:00,12,20,2001,03,102.98
12.20.2001-06:00:00,12,20,2001,06,102.9
12.20.2001-09:00:00,12,20,2001,09,102.83
12.20.2001-12:00:00,12,20,2001,12,102.75
12.20.2001-15:00:00,12,20,2001,15,102.67
12.20.2001-18:00:00,12,20,2001,18,102.59
12.20.2001-21:00:00,12,20,2001,21,102.52
12.21.2001-00:00:00,12,21,2001,00,102.44
12.21.2001-03:00:00,12,21,2001,03,102.37
12.21.2001-06:00:00,12,21,2001,06,102.29
12.21.2001-09:00:00,12,21,2001,09,102.21
12.21.2001-12:00:00,12,21,2001,12,102.14
12.21.2001-15:00:00,12,21,2001,15,102.06
12.21.2001-18:00:00,12,21,2001,18,101.99
12.21.2001-21:00:00,12,21,2001,21,101.92
12.22.2001-00:00:00,12,22,2001,00,101.85
12.22.2001-03:00:00,12,22,2001,03,101.78
12.22.2001-06:00:00,12,22,2001,06,101.71
12.22.2001-09:00:00,12,22,2001,09,101.64
12.22.2001-12:00:00,12,22,2001,12,101.58
12.22.2001-15:00:00,12,22,2001,15,101.51
12.22.2001-18:00:00,12,22,2001,18,101.44
12.22.2001-21:00:00,12,22,2001,21,101.37
12.23.2001-00:00:00,12,23,2001,00,101.31
12.23.2001-03:00:00,12,23,2001,03,101.24
12.23.2001-06:00:00,12,23,2001,06,101.17
12.23.2001-09:00:00,12,23,2001,09,101.11
12.23.2001-12:00:00,12,23,2001,12,101.04
12.23.2001-15:00:00,12,23,2001,15,100.97
12.23.2001-18:00:00,12,23,2001,18,100.9
12.23.2001-21:00:00,12,23,2001,21,100.84
12.24.2001-00:00:00,12,24,2001,00,100.77
12.24.2001-03:00:00,12,24,2001,03,100.7
12.24.2001-06:00:00,12,24,2001,06,100.64
12.24.2001-09:00:00,12,24,2001,09,100.57
12.24.2001-12:00:00,12,24,2001,12,100.5
12.24.2001-15:00:00,12,24,2001,15,100.44
12.24.2001-18:00:00,12,24,2001,18,100.37
12.24.2001-21:00:00,12,24,2001,21,100.3
12.25.2001-00:00:00,12,25,2001,00,100.24
12.25.2001-03:00:00,12,25,2001,03,100.17
12.25.2001-06:00:00,12,25,2001,06,100.11
12.25.2001-09:00:00,12,25,2001,09,100.04
12.25.2001-12:00:00,12,25,2001,12,99.974
12.25.2001-15:00:00,12,25,2001,15,99.909
12.25.2001-18:00:00,12,25,2001,18,99.842
12.25.2001-21:00:00,12,25,2001,21,99.777
12.26.2001-00:00:00,12,26,2001,00,99.711
12.26.2001-03:00:00,12,26,2001,03,99.646
12.26.2001-06:00:00,12,26,2001,06,99.579
12.26.2001-09:00:00,12,26,2001,09,99.515
12.26.2001-12:00:00,12,26,2001,12,99.449
12.26.2001-15:00:00,12,26,2001,15,99.384
12.26.2001-18:00:00,12,26,2001,18,99.318
12.26.2001-21:00:00,12,26,2001,21,99.254
12.27.2001-00:00:00,12,27,2001,00,99.188
12.27.2001-03:00:00,12,27,2001,03,99.124
12.27.2001-06:00:00,12,27,2001,06,99.057
12.27.2001-09:00:00,12,27,2001,09,98.994
12.27.2001-12:00:00,12,27,2001,12,98.928
12.27.2001-15:00:00,12,27,2001,15,98.864
12.27.2001-18:00:00,12,27,2001,18,98.798
12.27.2001-21:00:00,12,27,2001,21,98.734
12.28.2001-00:00:00,12,28,2001,00,98.669
12.28.2001-03:00:00,12,28,2001,03,98.605
12.28.2001-06:00:00,12,28,2001,06,98.54
12.28.2001-09:00:00,12,28,2001,09,98.476
12.28.2001-12:00:00,12,28,2001,12,98.41
12.28.2001-15:00:00,12,28,2001,15,98.347
12.28.2001-18:00:00,12,28,2001,18,98.282
12.28.2001-21:00:00,12,28,2001,21,98.219
12.29.2001-00:00:00,12,29,2001,00,98.154
12.29.2001-03:00:00,12,29,2001,03,98.09
12.29.2001-06:00:00,12,29,2001,06,98.025
12.29.2001-09:00:00,12,29,2001,09,97.963
12.29.2001-12:00:00,12,29,2001,12,97.898
12.29.2001-15:00:00,12,29,2001,15,97.834
12.29.2001-18:00:00,12,29,2001,18,97.769
12.29.2001-21:00:00,12,29,2001,21,97.707
12.30.2001-00:00:00,12,30,2001,00,97.642
12.30.2001-03:00:00,12,30,2001,03,97.58
12.30.2001-06:00:00,12,30,2001,06,97.515
12.30.2001-09:00:00,12,30,2001,09,97.452
12.30.2001-12:00:00,12,30,2001,12,97.387
12.30.2001-15:00:00,12,30,2001,15,97.325
12.30.2001-18:00:00,12,30,2001,18,97.26
12.30.2001-21:00:00,12,30,2001,21,97.198
12.31.2001-00:00:00,12,31,2001,00,97.134
12.31.2001-03:00:00,12,31,2001,03,97.071
12.31.2001-06:00:00,12,31,2001,06,97.007
12.31.2001-09:00:00,12,31,2001,09,96.923
12.31.2001-12:00:00,12,31,2001,12,96.844
12.31.2001-15:00:00,12,31,2001,15,96.805
12.31.2001-18:00:00,12,31,2001,18,96.749
12.31.2001-21:00:00,12,31,2001,21,96.687
01.01.2002-00:00:00,01,01,2002,00,96.623
01.01.2002-03:00:00,01,01,2002,03,96.561
01.01.2002-06:00:00,01,01,2002,06,96.497
01.01.2002-09:00:00,01,01,2002,09,96.435
01.01.2002-12:00:00,01,01,2002,12,96.371
01.01.2002-15:00:00,01,01,2002,15,96.31
01.01.2002-18:00:00,01,01,2002,18,96.246
01.01.2002-21:00:00,01,01,2002,21,96.185
01.02.2002-00:00:00,01,02,2002,00,96.121
01.02.2002-03:00:00,01,02,2002,03,96.059
01.02.2002-06:00:00,01,02,2002,06,95.996
01.02.2002-09:00:00,01,02,2002,09,95.863
01.02.2002-12:00:00,01,02,2002,12,95.779
01.02.2002-15:00:00,01,02,2002,15,95.78
01.02.2002-18:00:00,01,02,2002,18,95.738
01.02.2002-21:00:00,01,02,2002,21,95.679
01.03.2002-00:00:00,01,03,2002,00,95.618
01.03.2002-03:00:00,01,03,2002,03,95.557
01.03.2002-06:00:00,01,03,2002,06,95.496
01.03.2002-09:00:00,01,03,2002,09,95.437
01.03.2002-12:00:00,01,03,2002,12,95.376
01.03.2002-15:00:00,01,03,2002,15,95.317
01.03.2002-18:00:00,01,03,2002,18,95.255
01.03.2002-21:00:00,01,03,2002,21,95.197
01.04.2002-00:00:00,01,04,2002,00,95.136
01.04.2002-03:00:00,01,04,2002,03,95.077
01.04.2002-06:00:00,01,04,2002,06,95.017
01.04.2002-09:00:00,01,04,2002,09,94.959
01.04.2002-12:00:00,01,04,2002,12,94.899
01.04.2002-15:00:00,01,04,2002,15,94.842
01.04.2002-18:00:00,01,04,2002,18,94.781
01.04.2002-21:00:00,01,04,2002,21,94.724
01.05.2002-00:00:00,01,05,2002,00,94.665
01.05.2002-03:00:00,01,05,2002,03,94.607
01.05.2002-06:00:00,01,05,2002,06,94.547
01.05.2002-09:00:00,01,05,2002,09,94.49
01.05.2002-12:00:00,01,05,2002,12,94.431
01.05.2002-15:00:00,01,05,2002,15,94.374
01.05.2002-18:00:00,01,05,2002,18,94.314
01.05.2002-21:00:00,01,05,2002,21,94.257
01.06.2002-00:00:00,01,06,2002,00,94.198
01.06.2002-03:00:00,01,06,2002,03,94.141
01.06.2002-06:00:00,01,06,2002,06,94.082
01.06.2002-09:00:00,01,06,2002,09,94.026
01.06.2002-12:00:00,01,06,2002,12,93.967
01.06.2002-15:00:00,01,06,2002,15,93.911
01.06.2002-18:00:00,01,06,2002,18,93.852
01.06.2002-21:00:00,01,06,2002,21,93.796
01.07.2002-00:00:00,01,07,2002,00,93.737
01.07.2002-03:00:00,01,07,2002,03,93.681
01.07.2002-06:00:00,01,07,2002,06,93.622
01.07.2002-09:00:00,01,07,2002,09,93.566
01.07.2002-12:00:00,01,07,2002,12,93.508
01.07.2002-15:00:00,01,07,2002,15,93.452
01.07.2002-18:00:00,01,07,2002,18,93.393
01.07.2002-21:00:00,01,07,2002,21,93.337
01.08.2002-00:00:00,01,08,2002,00,93.279
01.08.2002-03:00:00,01,08,2002,03,93.223
01.08.2002-06:00:00,01,08,2002,06,93.165
01.08.2002-09:00:00,01,08,2002,09,93.015
01.08.2002-12:00:00,01,08,2002,12,92.924
01.08.2002-15:00:00,01,08,2002,15,92.953
01.08.2002-18:00:00,01,08,2002,18,92.924
01.08.2002-21:00:00,01,08,2002,21,92.869
01.09.2002-00:00:00,01,09,2002,00,92.81
01.09.2002-03:00:00,01,09,2002,03,92.754
01.09.2002-06:00:00,01,09,2002,06,92.696
01.09.2002-09:00:00,01,09,2002,09,92.598
01.09.2002-12:00:00,01,09,2002,12,92.412
01.09.2002-15:00:00,01,09,2002,15,92.462
01.09.2002-18:00:00,01,09,2002,18,92.45
01.09.2002-21:00:00,01,09,2002,21,92.395
01.10.2002-00:00:00,01,10,2002,00,92.336
01.10.2002-03:00:00,01,10,2002,03,92.28
01.10.2002-06:00:00,01,10,2002,06,92.222
01.10.2002-09:00:00,01,10,2002,09,92.167
01.10.2002-12:00:00,01,10,2002,12,91.975
01.10.2002-15:00:00,01,10,2002,15,92.003
01.10.2002-18:00:00,01,10,2002,18,91.988
01.10.2002-21:00:00,01,10,2002,21,91.933
01.11.2002-00:00:00,01,11,2002,00,91.875
01.11.2002-03:00:00,01,11,2002,03,91.819
01.11.2002-06:00:00,01,11,2002,06,91.762
01.11.2002-09:00:00,01,11,2002,09,91.707
01.11.2002-12:00:00,01,11,2002,12,91.65
01.11.2002-15:00:00,01,11,2002,15,91.594
01.11.2002-18:00:00,01,11,2002,18,91.537
01.11.2002-21:00:00,01,11,2002,21,91.482
01.12.2002-00:00:00,01,12,2002,00,91.425
01.12.2002-03:00:00,01,12,2002,03,91.372
01.12.2002-06:00:00,01,12,2002,06,91.323
01.12.2002-09:00:00,01,12,2002,09,91.102
01.12.2002-12:00:00,01,12,2002,12,91.065
01.12.2002-15:00:00,01,12,2002,15,91.13
01.12.2002-18:00:00,01,12,2002,18,91.111
01.12.2002-21:00:00,01,12,2002,21,91.064
01.13.2002-00:00:00,01,13,2002,00,91.014
01.13.2002-03:00:00,01,13,2002,03,90.967
01.13.2002-06:00:00,01,13,2002,06,90.918
01.13.2002-09:00:00,01,13,2002,09,90.569
01.13.2002-12:00:00,01,13,2002,12,90.339
01.13.2002-15:00:00,01,13,2002,15,90.61
01.13.2002-18:00:00,01,13,2002,18,90.674
01.13.2002-21:00:00,01,13,2002,21,90.631
01.14.2002-00:00:00,01,14,2002,00,90.579
01.14.2002-03:00:00,01,14,2002,03,90.531
01.14.2002-06:00:00,01,14,2002,06,90.48
01.14.2002-09:00:00,01,14,2002,09,90.433
01.14.2002-12:00:00,01,14,2002,12,90.031
01.14.2002-15:00:00,01,14,2002,15,90.201
01.14.2002-18:00:00,01,14,2002,18,90.26
01.14.2002-21:00:00,01,14,2002,21,90.212
01.15.2002-00:00:00,01,15,2002,00,90.165
01.15.2002-03:00:00,01,15,2002,03,90.115
01.15.2002-06:00:00,01,15,2002,06,90.066
01.15.2002-09:00:00,01,15,2002,09,90.018
01.15.2002-12:00:00,01,15,2002,12,89.97
01.15.2002-15:00:00,01,15,2002,15,89.921
01.15.2002-18:00:00,01,15,2002,18,89.875
01.15.2002-21:00:00,01,15,2002,21,89.825
01.16.2002-00:00:00,01,16,2002,00,89.779
01.16.2002-03:00:00,01,16,2002,03,89.73
01.16.2002-06:00:00,01,16,2002,06,89.683
01.16.2002-09:00:00,01,16,2002,09,89.633
01.16.2002-12:00:00,01,16,2002,12,89.586
01.16.2002-15:00:00,01,16,2002,15,89.537
01.16.2002-18:00:00,01,16,2002,18,89.49
01.16.2002-21:00:00,01,16,2002,21,89.44
01.17.2002-00:00:00,01,17,2002,00,89.394
01.17.2002-03:00:00,01,17,2002,03,89.344
01.17.2002-06:00:00,01,17,2002,06,89.297
01.17.2002-09:00:00,01,17,2002,09,89.247
01.17.2002-12:00:00,01,17,2002,12,89.2
01.17.2002-15:00:00,01,17,2002,15,89.15
01.17.2002-18:00:00,01,17,2002,18,89.103
01.17.2002-21:00:00,01,17,2002,21,89.053
01.18.2002-00:00:00,01,18,2002,00,89.007
01.18.2002-03:00:00,01,18,2002,03,88.956
01.18.2002-06:00:00,01,18,2002,06,88.909
01.18.2002-09:00:00,01,18,2002,09,88.859
01.18.2002-12:00:00,01,18,2002,12,88.812
01.18.2002-15:00:00,01,18,2002,15,88.762
01.18.2002-18:00:00,01,18,2002,18,88.714
01.18.2002-21:00:00,01,18,2002,21,88.664
01.19.2002-00:00:00,01,19,2002,00,88.617
01.19.2002-03:00:00,01,19,2002,03,88.567
01.19.2002-06:00:00,01,19,2002,06,88.52
01.19.2002-09:00:00,01,19,2002,09,88.472
01.19.2002-12:00:00,01,19,2002,12,88.032
01.19.2002-15:00:00,01,19,2002,15,88.222
01.19.2002-18:00:00,01,19,2002,18,88.292
01.19.2002-21:00:00,01,19,2002,21,88.249
01.20.2002-00:00:00,01,20,2002,00,88.197
01.20.2002-03:00:00,01,20,2002,03,88.149
01.20.2002-06:00:00,01,20,2002,06,88.097
01.20.2002-09:00:00,01,20,2002,09,88.051
01.20.2002-12:00:00,01,20,2002,12,87.92
01.20.2002-15:00:00,01,20,2002,15,87.92
01.20.2002-18:00:00,01,20,2002,18,87.894
01.20.2002-21:00:00,01,20,2002,21,87.844
01.21.2002-00:00:00,01,21,2002,00,87.799
01.21.2002-03:00:00,01,21,2002,03,87.749
01.21.2002-06:00:00,01,21,2002,06,87.7
01.21.2002-09:00:00,01,21,2002,09,87.651
01.21.2002-12:00:00,01,21,2002,12,87.603
01.21.2002-15:00:00,01,21,2002,15,87.555
01.21.2002-18:00:00,01,21,2002,18,87.509
01.21.2002-21:00:00,01,21,2002,21,87.458
01.22.2002-00:00:00,01,22,2002,00,87.411
01.22.2002-03:00:00,01,22,2002,03,87.363
01.22.2002-06:00:00,01,22,2002,06,87.317
01.22.2002-09:00:00,01,22,2002,09,87.267
01.22.2002-12:00:00,01,22,2002,12,87.219
01.22.2002-15:00:00,01,22,2002,15,87.172
01.22.2002-18:00:00,01,22,2002,18,87.125
01.22.2002-21:00:00,01,22,2002,21,87.074
01.23.2002-00:00:00,01,23,2002,00,87.027
01.23.2002-03:00:00,01,23,2002,03,86.979
01.23.2002-06:00:00,01,23,2002,06,86.932
01.23.2002-09:00:00,01,23,2002,09,86.881
01.23.2002-12:00:00,01,23,2002,12,86.833
01.23.2002-15:00:00,01,23,2002,15,86.785
01.23.2002-18:00:00,01,23,2002,18,86.738
01.23.2002-21:00:00,01,23,2002,21,86.688
01.24.2002-00:00:00,01,24,2002,00,86.64
01.24.2002-03:00:00,01,24,2002,03,86.592
01.24.2002-06:00:00,01,24,2002,06,86.546
01.24.2002-09:00:00,01,24,2002,09,86.495
01.24.2002-12:00:00,01,24,2002,12,86.356
01.24.2002-15:00:00,01,24,2002,15,86.36
01.24.2002-18:00:00,01,24,2002,18,86.337
01.24.2002-21:00:00,01,24,2002,21,86.289
01.25.2002-00:00:00,01,25,2002,00,86.238
01.25.2002-03:00:00,01,25,2002,03,86.192
01.25.2002-06:00:00,01,25,2002,06,86.141
01.25.2002-09:00:00,01,25,2002,09,85.968
01.25.2002-12:00:00,01,25,2002,12,85.984
01.25.2002-15:00:00,01,25,2002,15,85.973
01.25.2002-18:00:00,01,25,2002,18,85.928
01.25.2002-21:00:00,01,25,2002,21,85.876
01.26.2002-00:00:00,01,26,2002,00,85.823
01.26.2002-03:00:00,01,26,2002,03,85.775
01.26.2002-06:00:00,01,26,2002,06,85.724
01.26.2002-09:00:00,01,26,2002,09,85.678
01.26.2002-12:00:00,01,26,2002,12,85.486
01.26.2002-15:00:00,01,26,2002,15,85.484
01.26.2002-18:00:00,01,26,2002,18,85.471
01.26.2002-21:00:00,01,26,2002,21,85.431
01.27.2002-00:00:00,01,27,2002,00,85.397
01.27.2002-03:00:00,01,27,2002,03,85.358
01.27.2002-06:00:00,01,27,2002,06,85.319
01.27.2002-09:00:00,01,27,2002,09,85.284
01.27.2002-12:00:00,01,27,2002,12,85.244
01.27.2002-15:00:00,01,27,2002,15,85.208
01.27.2002-18:00:00,01,27,2002,18,85.171
01.27.2002-21:00:00,01,27,2002,21,85.134
01.28.2002-00:00:00,01,28,2002,00,85.095
01.28.2002-03:00:00,01,28,2002,03,85.057
01.28.2002-06:00:00,01,28,2002,06,85.02
01.28.2002-09:00:00,01,28,2002,09,84.982
01.28.2002-12:00:00,01,28,2002,12,84.942
01.28.2002-15:00:00,01,28,2002,15,84.903
01.28.2002-18:00:00,01,28,2002,18,84.865
01.28.2002-21:00:00,01,28,2002,21,84.827
01.29.2002-00:00:00,01,29,2002,00,84.785
01.29.2002-03:00:00,01,29,2002,03,84.746
01.29.2002-06:00:00,01,29,2002,06,84.707
01.29.2002-09:00:00,01,29,2002,09,84.668
01.29.2002-12:00:00,01,29,2002,12,84.626
01.29.2002-15:00:00,01,29,2002,15,84.586
01.29.2002-18:00:00,01,29,2002,18,84.547
01.29.2002-21:00:00,01,29,2002,21,84.507
01.30.2002-00:00:00,01,30,2002,00,84.465
01.30.2002-03:00:00,01,30,2002,03,84.424
01.30.2002-06:00:00,01,30,2002,06,84.384
01.30.2002-09:00:00,01,30,2002,09,84.344
01.30.2002-12:00:00,01,30,2002,12,84.301
01.30.2002-15:00:00,01,30,2002,15,84.26
01.30.2002-18:00:00,01,30,2002,18,84.219
01.30.2002-21:00:00,01,30,2002,21,84.178
01.31.2002-00:00:00,01,31,2002,00,84.134
01.31.2002-03:00:00,01,31,2002,03,84.093
01.31.2002-06:00:00,01,31,2002,06,84.052
01.31.2002-09:00:00,01,31,2002,09,84.01
01.31.2002-12:00:00,01,31,2002,12,83.966
01.31.2002-15:00:00,01,31,2002,15,83.924
01.31.2002-18:00:00,01,31,2002,18,83.882
01.31.2002-21:00:00,01,31,2002,21,83.841
02.01.2002-00:00:00,02,01,2002,00,83.796
02.01.2002-03:00:00,02,01,2002,03,83.753
02.01.2002-06:00:00,02,01,2002,06,83.711
02.01.2002-09:00:00,02,01,2002,09,83.669
02.01.2002-12:00:00,02,01,2002,12,83.624
02.01.2002-15:00:00,02,01,2002,15,83.581
02.01.2002-18:00:00,02,01,2002,18,83.538
02.01.2002-21:00:00,02,01,2002,21,83.496
02.02.2002-00:00:00,02,02,2002,00,83.45
02.02.2002-03:00:00,02,02,2002,03,83.407
02.02.2002-06:00:00,02,02,2002,06,83.364
02.02.2002-09:00:00,02,02,2002,09,83.321
02.02.2002-12:00:00,02,02,2002,12,83.174
02.02.2002-15:00:00,02,02,2002,15,83.19
02.02.2002-18:00:00,02,02,2002,18,83.177
02.02.2002-21:00:00,02,02,2002,21,83.132
02.03.2002-00:00:00,02,03,2002,00,83.088
02.03.2002-03:00:00,02,03,2002,03,83.041
02.03.2002-06:00:00,02,03,2002,06,82.997
02.03.2002-09:00:00,02,03,2002,09,82.768
02.03.2002-12:00:00,02,03,2002,12,82.715
02.03.2002-15:00:00,02,03,2002,15,82.784
02.03.2002-18:00:00,02,03,2002,18,82.769
02.03.2002-21:00:00,02,03,2002,21,82.726
02.04.2002-00:00:00,02,04,2002,00,82.677
02.04.2002-03:00:00,02,04,2002,03,82.629
02.04.2002-06:00:00,02,04,2002,06,82.583
02.04.2002-09:00:00,02,04,2002,09,82.536
02.04.2002-12:00:00,02,04,2002,12,82.489
02.04.2002-15:00:00,02,04,2002,15,82.444
02.04.2002-18:00:00,02,04,2002,18,82.397
02.04.2002-21:00:00,02,04,2002,21,82.355
02.05.2002-00:00:00,02,05,2002,00,82.309
02.05.2002-03:00:00,02,05,2002,03,82.264
02.05.2002-06:00:00,02,05,2002,06,82.217
02.05.2002-09:00:00,02,05,2002,09,82.174
02.05.2002-12:00:00,02,05,2002,12,82.126
02.05.2002-15:00:00,02,05,2002,15,82.08
02.05.2002-18:00:00,02,05,2002,18,82.032
02.05.2002-21:00:00,02,05,2002,21,81.985
02.06.2002-00:00:00,02,06,2002,00,81.941
02.06.2002-03:00:00,02,06,2002,03,81.896
02.06.2002-06:00:00,02,06,2002,06,81.849
02.06.2002-09:00:00,02,06,2002,09,81.806
02.06.2002-12:00:00,02,06,2002,12,81.758
02.06.2002-15:00:00,02,06,2002,15,81.714
02.06.2002-18:00:00,02,06,2002,18,81.669
02.06.2002-21:00:00,02,06,2002,21,81.624
02.07.2002-00:00:00,02,07,2002,00,81.577
02.07.2002-03:00:00,02,07,2002,03,81.532
02.07.2002-06:00:00,02,07,2002,06,81.486
02.07.2002-09:00:00,02,07,2002,09,81.443
02.07.2002-12:00:00,02,07,2002,12,81.327
02.07.2002-15:00:00,02,07,2002,15,81.319
02.07.2002-18:00:00,02,07,2002,18,81.291
02.07.2002-21:00:00,02,07,2002,21,81.243
02.08.2002-00:00:00,02,08,2002,00,81.2
02.08.2002-03:00:00,02,08,2002,03,81.152
02.08.2002-06:00:00,02,08,2002,06,81.104
02.08.2002-09:00:00,02,08,2002,09,80.855
02.08.2002-12:00:00,02,08,2002,12,80.918
02.08.2002-15:00:00,02,08,2002,15,80.916
02.08.2002-18:00:00,02,08,2002,18,80.862
02.08.2002-21:00:00,02,08,2002,21,80.811
02.09.2002-00:00:00,02,09,2002,00,80.761
02.09.2002-03:00:00,02,09,2002,03,80.714
02.09.2002-06:00:00,02,09,2002,06,80.662
02.09.2002-09:00:00,02,09,2002,09,80.617
02.09.2002-12:00:00,02,09,2002,12,80.287
02.09.2002-15:00:00,02,09,2002,15,80.404
02.09.2002-18:00:00,02,09,2002,18,80.435
02.09.2002-21:00:00,02,09,2002,21,80.384
02.10.2002-00:00:00,02,10,2002,00,80.335
02.10.2002-03:00:00,02,10,2002,03,80.289
02.10.2002-06:00:00,02,10,2002,06,80.239
02.10.2002-09:00:00,02,10,2002,09,80.122
02.10.2002-12:00:00,02,10,2002,12,80.022
02.10.2002-15:00:00,02,10,2002,15,80.05
02.10.2002-18:00:00,02,10,2002,18,80.033
02.10.2002-21:00:00,02,10,2002,21,79.985
02.11.2002-00:00:00,02,11,2002,00,79.936
02.11.2002-03:00:00,02,11,2002,03,79.891
02.11.2002-06:00:00,02,11,2002,06,79.843
02.11.2002-09:00:00,02,11,2002,09,78.814
02.11.2002-12:00:00,02,11,2002,12,79.143
02.11.2002-15:00:00,02,11,2002,15,79.52
02.11.2002-18:00:00,02,11,2002,18,79.534
02.11.2002-21:00:00,02,11,2002,21,79.481
02.12.2002-00:00:00,02,12,2002,00,79.429
02.12.2002-03:00:00,02,12,2002,03,79.381
02.12.2002-06:00:00,02,12,2002,06,79.33
02.12.2002-09:00:00,02,12,2002,09,79.283
02.12.2002-12:00:00,02,12,2002,12,79.04
02.12.2002-15:00:00,02,12,2002,15,79.1
02.12.2002-18:00:00,02,12,2002,18,79.1
02.12.2002-21:00:00,02,12,2002,21,79.048
02.13.2002-00:00:00,02,13,2002,00,78.998
02.13.2002-03:00:00,02,13,2002,03,78.952
02.13.2002-06:00:00,02,13,2002,06,78.902
02.13.2002-09:00:00,02,13,2002,09,78.844
02.13.2002-12:00:00,02,13,2002,12,78.479
02.13.2002-15:00:00,02,13,2002,15,78.606
02.13.2002-18:00:00,02,13,2002,18,78.642
02.13.2002-21:00:00,02,13,2002,21,78.591
02.14.2002-00:00:00,02,14,2002,00,78.544
02.14.2002-03:00:00,02,14,2002,03,78.498
02.14.2002-06:00:00,02,14,2002,06,78.449
02.14.2002-09:00:00,02,14,2002,09,77.615
02.14.2002-12:00:00,02,14,2002,12,77.695
02.14.2002-15:00:00,02,14,2002,15,78.097
02.14.2002-18:00:00,02,14,2002,18,78.154
02.14.2002-21:00:00,02,14,2002,21,78.105
02.15.2002-00:00:00,02,15,2002,00,78.055
02.15.2002-03:00:00,02,15,2002,03,78.008
02.15.2002-06:00:00,02,15,2002,06,77.96
02.15.2002-09:00:00,02,15,2002,09,77.915
02.15.2002-12:00:00,02,15,2002,12,77.553
02.15.2002-15:00:00,02,15,2002,15,77.684
02.15.2002-18:00:00,02,15,2002,18,77.721
02.15.2002-21:00:00,02,15,2002,21,77.672
02.16.2002-00:00:00,02,16,2002,00,77.622
02.16.2002-03:00:00,02,16,2002,03,77.576
02.16.2002-06:00:00,02,16,2002,06,77.528
02.16.2002-09:00:00,02,16,2002,09,77.484
02.16.2002-12:00:00,02,16,2002,12,77.112
02.16.2002-15:00:00,02,16,2002,15,77.259
02.16.2002-18:00:00,02,16,2002,18,77.305
02.16.2002-21:00:00,02,16,2002,21,77.257
02.17.2002-00:00:00,02,17,2002,00,77.21
02.17.2002-03:00:00,02,17,2002,03,77.168
02.17.2002-06:00:00,02,17,2002,06,77.121
02.17.2002-09:00:00,02,17,2002,09,76.246
02.17.2002-12:00:00,02,17,2002,12,76.337
02.17.2002-15:00:00,02,17,2002,15,76.769
02.17.2002-18:00:00,02,17,2002,18,76.835
02.17.2002-21:00:00,02,17,2002,21,76.789
02.18.2002-00:00:00,02,18,2002,00,76.74
02.18.2002-03:00:00,02,18,2002,03,76.697
02.18.2002-06:00:00,02,18,2002,06,76.648
02.18.2002-09:00:00,02,18,2002,09,75.454
02.18.2002-12:00:00,02,18,2002,12,75.616
02.18.2002-15:00:00,02,18,2002,15,76.225
02.18.2002-18:00:00,02,18,2002,18,76.332
02.18.2002-21:00:00,02,18,2002,21,76.284
02.19.2002-00:00:00,02,19,2002,00,76.234
02.19.2002-03:00:00,02,19,2002,03,76.186
02.19.2002-06:00:00,02,19,2002,06,76.131
02.19.2002-09:00:00,02,19,2002,09,75.71
02.19.2002-12:00:00,02,19,2002,12,75.873
02.19.2002-15:00:00,02,19,2002,15,75.931
02.19.2002-18:00:00,02,19,2002,18,75.882
02.19.2002-21:00:00,02,19,2002,21,75.833
02.20.2002-00:00:00,02,20,2002,00,75.784
02.20.2002-03:00:00,02,20,2002,03,75.736
02.20.2002-06:00:00,02,20,2002,06,75.688
02.20.2002-09:00:00,02,20,2002,09,74.113
02.20.2002-12:00:00,02,20,2002,12,74.496
02.20.2002-15:00:00,02,20,2002,15,75.242
02.20.2002-18:00:00,02,20,2002,18,75.359
02.20.2002-21:00:00,02,20,2002,21,75.311
02.21.2002-00:00:00,02,21,2002,00,75.264
02.21.2002-03:00:00,02,21,2002,03,75.217
02.21.2002-06:00:00,02,21,2002,06,75.169
02.21.2002-09:00:00,02,21,2002,09,75.047
02.21.2002-12:00:00,02,21,2002,12,74.978
02.21.2002-15:00:00,02,21,2002,15,74.996
02.21.2002-18:00:00,02,21,2002,18,74.971
02.21.2002-21:00:00,02,21,2002,21,74.928
02.22.2002-00:00:00,02,22,2002,00,74.881
02.22.2002-03:00:00,02,22,2002,03,74.835
02.22.2002-06:00:00,02,22,2002,06,74.107
02.22.2002-09:00:00,02,22,2002,09,73.959
02.22.2002-12:00:00,02,22,2002,12,74.463
02.22.2002-15:00:00,02,22,2002,15,74.59
02.22.2002-18:00:00,02,22,2002,18,74.718
02.22.2002-21:00:00,02,22,2002,21,75.201
02.23.2002-00:00:00,02,23,2002,00,75.482
02.23.2002-03:00:00,02,23,2002,03,75.625
02.23.2002-06:00:00,02,23,2002,06,75.708
02.23.2002-09:00:00,02,23,2002,09,74.931
02.23.2002-12:00:00,02,23,2002,12,75.012
02.23.2002-15:00:00,02,23,2002,15,75.688
02.23.2002-18:00:00,02,23,2002,18,75.932
02.23.2002-21:00:00,02,23,2002,21,75.948
02.24.2002-00:00:00,02,24,2002,00,75.94
02.24.2002-03:00:00,02,24,2002,03,75.915
02.24.2002-06:00:00,02,24,2002,06,75.871
02.24.2002-09:00:00,02,24,2002,09,75.824
02.24.2002-12:00:00,02,24,2002,12,75.487
02.24.2002-15:00:00,02,24,2002,15,75.61
02.24.2002-18:00:00,02,24,2002,18,75.644
02.24.2002-21:00:00,02,24,2002,21,75.595
02.25.2002-00:00:00,02,25,2002,00,75.545
02.25.2002-03:00:00,02,25,2002,03,75.497
02.25.2002-06:00:00,02,25,2002,06,75.447
02.25.2002-09:00:00,02,25,2002,09,75.401
02.25.2002-12:00:00,02,25,2002,12,75.353
02.25.2002-15:00:00,02,25,2002,15,75.308
02.25.2002-18:00:00,02,25,2002,18,75.26
02.25.2002-21:00:00,02,25,2002,21,75.214
02.26.2002-00:00:00,02,26,2002,00,75.167
02.26.2002-03:00:00,02,26,2002,03,75.122
02.26.2002-06:00:00,02,26,2002,06,75.073
02.26.2002-09:00:00,02,26,2002,09,75.028
02.26.2002-12:00:00,02,26,2002,12,74.762
02.26.2002-15:00:00,02,26,2002,15,74.838
02.26.2002-18:00:00,02,26,2002,18,74.852
02.26.2002-21:00:00,02,26,2002,21,74.802
02.27.2002-00:00:00,02,27,2002,00,74.752
02.27.2002-03:00:00,02,27,2002,03,74.706
02.27.2002-06:00:00,02,27,2002,06,74.657
02.27.2002-09:00:00,02,27,2002,09,73.798
02.27.2002-12:00:00,02,27,2002,12,73.857
02.27.2002-15:00:00,02,27,2002,15,74.296
02.27.2002-18:00:00,02,27,2002,18,74.366
02.27.2002-21:00:00,02,27,2002,21,74.315
02.28.2002-00:00:00,02,28,2002,00,74.266
02.28.2002-03:00:00,02,28,2002,03,74.217
02.28.2002-06:00:00,02,28,2002,06,74.166
02.28.2002-09:00:00,02,28,2002,09,73.013
02.28.2002-12:00:00,02,28,2002,12,73.348
02.28.2002-15:00:00,02,28,2002,15,73.82
02.28.2002-18:00:00,02,28,2002,18,73.864
02.28.2002-21:00:00,02,28,2002,21,73.814
03.01.2002-00:00:00,03,01,2002,00,73.763
03.01.2002-03:00:00,03,01,2002,03,73.713
03.01.2002-06:00:00,03,01,2002,06,73.663
03.01.2002-09:00:00,03,01,2002,09,72.219
03.01.2002-12:00:00,03,01,2002,12,71.661
03.01.2002-15:00:00,03,01,2002,15,72.903
03.01.2002-18:00:00,03,01,2002,18,73.301
03.01.2002-21:00:00,03,01,2002,21,73.26
03.02.2002-00:00:00,03,02,2002,00,73.207
03.02.2002-03:00:00,03,02,2002,03,73.158
03.02.2002-06:00:00,03,02,2002,06,73.108
03.02.2002-09:00:00,03,02,2002,09,71.748
03.02.2002-12:00:00,03,02,2002,12,71.222
03.02.2002-15:00:00,03,02,2002,15,72.391
03.02.2002-18:00:00,03,02,2002,18,72.758
03.02.2002-21:00:00,03,02,2002,21,72.717
03.03.2002-00:00:00,03,03,2002,00,72.667
03.03.2002-03:00:00,03,03,2002,03,72.618
03.03.2002-06:00:00,03,03,2002,06,72.57
03.03.2002-09:00:00,03,03,2002,09,71.288
03.03.2002-12:00:00,03,03,2002,12,70.786
03.03.2002-15:00:00,03,03,2002,15,71.529
03.03.2002-18:00:00,03,03,2002,18,72.1
03.03.2002-21:00:00,03,03,2002,21,72.173
03.04.2002-00:00:00,03,04,2002,00,72.126
03.04.2002-03:00:00,03,04,2002,03,72.079
03.04.2002-06:00:00,03,04,2002,06,72.031
03.04.2002-09:00:00,03,04,2002,09,70.819
03.04.2002-12:00:00,03,04,2002,12,70.33
03.04.2002-15:00:00,03,04,2002,15,70.273
03.04.2002-18:00:00,03,04,2002,18,71.285
03.04.2002-21:00:00,03,04,2002,21,71.601
03.05.2002-00:00:00,03,05,2002,00,71.562
03.05.2002-03:00:00,03,05,2002,03,71.516
03.05.2002-06:00:00,03,05,2002,06,71.468
03.05.2002-09:00:00,03,05,2002,09,70.35
03.05.2002-12:00:00,03,05,2002,12,69.899
03.05.2002-15:00:00,03,05,2002,15,69.846
03.05.2002-18:00:00,03,05,2002,18,70.774
03.05.2002-21:00:00,03,05,2002,21,71.062
03.06.2002-00:00:00,03,06,2002,00,71.026
03.06.2002-03:00:00,03,06,2002,03,70.981
03.06.2002-06:00:00,03,06,2002,06,70.935
03.06.2002-09:00:00,03,06,2002,09,70.891
03.06.2002-12:00:00,03,06,2002,12,70.845
03.06.2002-15:00:00,03,06,2002,15,70.801
03.06.2002-18:00:00,03,06,2002,18,70.756
03.06.2002-21:00:00,03,06,2002,21,70.712
03.07.2002-00:00:00,03,07,2002,00,70.668
03.07.2002-03:00:00,03,07,2002,03,70.623
03.07.2002-06:00:00,03,07,2002,06,70.578
03.07.2002-09:00:00,03,07,2002,09,70.534
03.07.2002-12:00:00,03,07,2002,12,70.489
03.07.2002-15:00:00,03,07,2002,15,70.444
03.07.2002-18:00:00,03,07,2002,18,70.399
03.07.2002-21:00:00,03,07,2002,21,70.355
03.08.2002-00:00:00,03,08,2002,00,70.31
03.08.2002-03:00:00,03,08,2002,03,70.268
03.08.2002-06:00:00,03,08,2002,06,70.223
03.08.2002-09:00:00,03,08,2002,09,70.18
03.08.2002-12:00:00,03,08,2002,12,70.135
03.08.2002-15:00:00,03,08,2002,15,70.092
03.08.2002-18:00:00,03,08,2002,18,70.047
03.08.2002-21:00:00,03,08,2002,21,70.004
03.09.2002-00:00:00,03,09,2002,00,69.959
03.09.2002-03:00:00,03,09,2002,03,69.917
03.09.2002-06:00:00,03,09,2002,06,69.871
03.09.2002-09:00:00,03,09,2002,09,69.828
03.09.2002-12:00:00,03,09,2002,12,69.539
03.09.2002-15:00:00,03,09,2002,15,69.648
03.09.2002-18:00:00,03,09,2002,18,69.68
03.09.2002-21:00:00,03,09,2002,21,69.638
03.10.2002-00:00:00,03,10,2002,00,69.593
03.10.2002-03:00:00,03,10,2002,03,69.55
03.10.2002-06:00:00,03,10,2002,06,69.504
03.10.2002-09:00:00,03,10,2002,09,69.434
03.10.2002-12:00:00,03,10,2002,12,69.369
03.10.2002-15:00:00,03,10,2002,15,69.354
03.10.2002-18:00:00,03,10,2002,18,69.322
03.10.2002-21:00:00,03,10,2002,21,69.278
03.11.2002-00:00:00,03,11,2002,00,69.232
03.11.2002-03:00:00,03,11,2002,03,69.189
03.11.2002-06:00:00,03,11,2002,06,69.144
03.11.2002-09:00:00,03,11,2002,09,69.072
03.11.2002-12:00:00,03,11,2002,12,69.017
03.11.2002-15:00:00,03,11,2002,15,68.997
03.11.2002-18:00:00,03,11,2002,18,68.961
03.11.2002-21:00:00,03,11,2002,21,68.945
03.12.2002-00:00:00,03,12,2002,00,68.949
03.12.2002-03:00:00,03,12,2002,03,68.94
03.12.2002-06:00:00,03,12,2002,06,68.675
03.12.2002-09:00:00,03,12,2002,09,68.388
03.12.2002-12:00:00,03,12,2002,12,68.317
03.12.2002-15:00:00,03,12,2002,15,68.4
03.12.2002-18:00:00,03,12,2002,18,68.823
03.12.2002-21:00:00,03,12,2002,21,69.058
03.13.2002-00:00:00,03,13,2002,00,69.102
03.13.2002-03:00:00,03,13,2002,03,69.106
03.13.2002-06:00:00,03,13,2002,06,69.101
03.13.2002-09:00:00,03,13,2002,09,68.598
03.13.2002-12:00:00,03,13,2002,12,68.342
03.13.2002-15:00:00,03,13,2002,15,68.278
03.13.2002-18:00:00,03,13,2002,18,68.241
03.13.2002-21:00:00,03,13,2002,21,68.205
03.14.2002-00:00:00,03,14,2002,00,68.174
03.14.2002-03:00:00,03,14,2002,03,68.148
03.14.2002-06:00:00,03,14,2002,06,68.122
03.14.2002-09:00:00,03,14,2002,09,68.01
03.14.2002-12:00:00,03,14,2002,12,67.876
03.14.2002-15:00:00,03,14,2002,15,67.812
03.14.2002-18:00:00,03,14,2002,18,67.774
03.14.2002-21:00:00,03,14,2002,21,67.742
03.15.2002-00:00:00,03,15,2002,00,67.714
03.15.2002-03:00:00,03,15,2002,03,67.686
03.15.2002-06:00:00,03,15,2002,06,67.659
03.15.2002-09:00:00,03,15,2002,09,67.594
03.15.2002-12:00:00,03,15,2002,12,67.517
03.15.2002-15:00:00,03,15,2002,15,67.465
03.15.2002-18:00:00,03,15,2002,18,67.43
03.15.2002-21:00:00,03,15,2002,21,67.404
03.16.2002-00:00:00,03,16,2002,00,67.378
03.16.2002-03:00:00,03,16,2002,03,67.353
03.16.2002-06:00:00,03,16,2002,06,67.327
03.16.2002-09:00:00,03,16,2002,09,67.285
03.16.2002-12:00:00,03,16,2002,12,67.232
03.16.2002-15:00:00,03,16,2002,15,67.199
03.16.2002-18:00:00,03,16,2002,18,67.167
03.16.2002-21:00:00,03,16,2002,21,67.139
03.17.2002-00:00:00,03,17,2002,00,67.112
03.17.2002-03:00:00,03,17,2002,03,67.086
03.17.2002-06:00:00,03,17,2002,06,67.058
03.17.2002-09:00:00,03,17,2002,09,66.977
03.17.2002-12:00:00,03,17,2002,12,66.874
03.17.2002-15:00:00,03,17,2002,15,66.823
03.17.2002-18:00:00,03,17,2002,18,66.785
03.17.2002-21:00:00,03,17,2002,21,66.751
03.18.2002-00:00:00,03,18,2002,00,66.721
03.18.2002-03:00:00,03,18,2002,03,66.693
03.18.2002-06:00:00,03,18,2002,06,66.664
03.18.2002-09:00:00,03,18,2002,09,66.635
03.18.2002-12:00:00,03,18,2002,12,66.607
03.18.2002-15:00:00,03,18,2002,15,66.578
03.18.2002-18:00:00,03,18,2002,18,66.549
03.18.2002-21:00:00,03,18,2002,21,66.519
03.19.2002-00:00:00,03,19,2002,00,66.489
03.19.2002-03:00:00,03,19,2002,03,66.46
03.19.2002-06:00:00,03,19,2002,06,66.429
03.19.2002-09:00:00,03,19,2002,09,66.399
03.19.2002-12:00:00,03,19,2002,12,66.368
03.19.2002-15:00:00,03,19,2002,15,66.337
03.19.2002-18:00:00,03,19,2002,18,66.308
03.19.2002-21:00:00,03,19,2002,21,66.278
03.20.2002-00:00:00,03,20,2002,00,66.246
03.20.2002-03:00:00,03,20,2002,03,66.216
03.20.2002-06:00:00,03,20,2002,06,66.184
03.20.2002-09:00:00,03,20,2002,09,66.153
03.20.2002-12:00:00,03,20,2002,12,66.122
03.20.2002-15:00:00,03,20,2002,15,66.09
03.20.2002-18:00:00,03,20,2002,18,66.057
03.20.2002-21:00:00,03,20,2002,21,66.026
03.21.2002-00:00:00,03,21,2002,00,65.993
03.21.2002-03:00:00,03,21,2002,03,65.96
03.21.2002-06:00:00,03,21,2002,06,65.928
03.21.2002-09:00:00,03,21,2002,09,65.873
03.21.2002-12:00:00,03,21,2002,12,65.807
03.21.2002-15:00:00,03,21,2002,15,65.756
03.21.2002-18:00:00,03,21,2002,18,65.717
03.21.2002-21:00:00,03,21,2002,21,65.682
03.22.2002-00:00:00,03,22,2002,00,65.646
03.22.2002-03:00:00,03,22,2002,03,65.614
03.22.2002-06:00:00,03,22,2002,06,65.579
03.22.2002-09:00:00,03,22,2002,09,65.455
03.22.2002-12:00:00,03,22,2002,12,65.311
03.22.2002-15:00:00,03,22,2002,15,65.236
03.22.2002-18:00:00,03,22,2002,18,65.189
03.22.2002-21:00:00,03,22,2002,21,65.145
03.23.2002-00:00:00,03,23,2002,00,65.106
03.23.2002-03:00:00,03,23,2002,03,65.069
03.23.2002-06:00:00,03,23,2002,06,65.032
03.23.2002-09:00:00,03,23,2002,09,64.878
03.23.2002-12:00:00,03,23,2002,12,64.71
03.23.2002-15:00:00,03,23,2002,15,64.63
03.23.2002-18:00:00,03,23,2002,18,64.582
03.23.2002-21:00:00,03,23,2002,21,64.537
03.24.2002-00:00:00,03,24,2002,00,64.494
03.24.2002-03:00:00,03,24,2002,03,64.452
03.24.2002-06:00:00,03,24,2002,06,64.373
03.24.2002-09:00:00,03,24,2002,09,64.205
03.24.2002-12:00:00,03,24,2002,12,64.032
03.24.2002-15:00:00,03,24,2002,15,63.975
03.24.2002-18:00:00,03,24,2002,18,64.006
03.24.2002-21:00:00,03,24,2002,21,64.083
03.25.2002-00:00:00,03,25,2002,00,64.156
03.25.2002-03:00:00,03,25,2002,03,64.164
03.25.2002-06:00:00,03,25,2002,06,64.153
03.25.2002-09:00:00,03,25,2002,09,64.013
03.25.2002-12:00:00,03,25,2002,12,63.972
03.25.2002-15:00:00,03,25,2002,15,64.245
03.25.2002-18:00:00,03,25,2002,18,64.495
03.25.2002-21:00:00,03,25,2002,21,64.636
03.26.2002-00:00:00,03,26,2002,00,64.715
03.26.2002-03:00:00,03,26,2002,03,64.743
03.26.2002-06:00:00,03,26,2002,06,64.733
03.26.2002-09:00:00,03,26,2002,09,64.674
03.26.2002-12:00:00,03,26,2002,12,64.662
03.26.2002-15:00:00,03,26,2002,15,64.796
03.26.2002-18:00:00,03,26,2002,18,64.993
03.26.2002-21:00:00,03,26,2002,21,65.132
03.27.2002-00:00:00,03,27,2002,00,65.204
03.27.2002-03:00:00,03,27,2002,03,65.231
03.27.2002-06:00:00,03,27,2002,06,65.229
03.27.2002-09:00:00,03,27,2002,09,65.196
03.27.2002-12:00:00,03,27,2002,12,65.284
03.27.2002-15:00:00,03,27,2002,15,65.477
03.27.2002-18:00:00,03,27,2002,18,65.672
03.27.2002-21:00:00,03,27,2002,21,65.822
03.28.2002-00:00:00,03,28,2002,00,65.903
03.28.2002-03:00:00,03,28,2002,03,65.948
03.28.2002-06:00:00,03,28,2002,06,65.945
03.28.2002-09:00:00,03,28,2002,09,66.037
03.28.2002-12:00:00,03,28,2002,12,66.422
03.28.2002-15:00:00,03,28,2002,15,66.941
03.28.2002-18:00:00,03,28,2002,18,67.397
03.28.2002-21:00:00,03,28,2002,21,67.71
03.29.2002-00:00:00,03,29,2002,00,67.89
03.29.2002-03:00:00,03,29,2002,03,67.979
03.29.2002-06:00:00,03,29,2002,06,68
03.29.2002-09:00:00,03,29,2002,09,67.95
03.29.2002-12:00:00,03,29,2002,12,71.725
03.29.2002-15:00:00,03,29,2002,15,76.042
03.29.2002-18:00:00,03,29,2002,18,73.298
03.29.2002-21:00:00,03,29,2002,21,70.4
03.30.2002-00:00:00,03,30,2002,00,69.279
03.30.2002-03:00:00,03,30,2002,03,69.161
03.30.2002-06:00:00,03,30,2002,06,69.205
03.30.2002-09:00:00,03,30,2002,09,75.936
03.30.2002-12:00:00,03,30,2002,12,86.525
03.30.2002-15:00:00,03,30,2002,15,82.673
03.30.2002-18:00:00,03,30,2002,18,83.103
03.30.2002-21:00:00,03,30,2002,21,84.539
03.31.2002-00:00:00,03,31,2002,00,78.671
03.31.2002-03:00:00,03,31,2002,03,77.036
03.31.2002-06:00:00,03,31,2002,06,73.923
03.31.2002-09:00:00,03,31,2002,09,82.713
03.31.2002-12:00:00,03,31,2002,12,103.8
03.31.2002-15:00:00,03,31,2002,15,94.899
03.31.2002-18:00:00,03,31,2002,18,91.357
03.31.2002-21:00:00,03,31,2002,21,84.066
04.01.2002-00:00:00,04,01,2002,00,82.627
04.01.2002-03:00:00,04,01,2002,03,78.13
04.01.2002-06:00:00,04,01,2002,06,78.011
04.01.2002-09:00:00,04,01,2002,09,86.945
04.01.2002-12:00:00,04,01,2002,12,101.17
04.01.2002-15:00:00,04,01,2002,15,95.176
04.01.2002-18:00:00,04,01,2002,18,92.015
04.01.2002-21:00:00,04,01,2002,21,84.853
04.02.2002-00:00:00,04,02,2002,00,79.886
04.02.2002-03:00:00,04,02,2002,03,76.778
04.02.2002-06:00:00,04,02,2002,06,76.004
04.02.2002-09:00:00,04,02,2002,09,74.725
04.02.2002-12:00:00,04,02,2002,12,88.382
04.02.2002-15:00:00,04,02,2002,15,93.688
04.02.2002-18:00:00,04,02,2002,18,86.192
04.02.2002-21:00:00,04,02,2002,21,80.563
04.03.2002-00:00:00,04,03,2002,00,77.468
04.03.2002-03:00:00,04,03,2002,03,76.743
04.03.2002-06:00:00,04,03,2002,06,75.926
04.03.2002-09:00:00,04,03,2002,09,74.816
04.03.2002-12:00:00,04,03,2002,12,88.726
04.03.2002-15:00:00,04,03,2002,15,101.84
04.03.2002-18:00:00,04,03,2002,18,94.769
04.03.2002-21:00:00,04,03,2002,21,85.135
04.04.2002-00:00:00,04,04,2002,00,79.188
04.04.2002-03:00:00,04,04,2002,03,77.874
04.04.2002-06:00:00,04,04,2002,06,76.665
04.04.2002-09:00:00,04,04,2002,09,75.967
04.04.2002-12:00:00,04,04,2002,12,111.02
04.04.2002-15:00:00,04,04,2002,15,120.47
04.04.2002-18:00:00,04,04,2002,18,108.12
04.04.2002-21:00:00,04,04,2002,21,94.989
04.05.2002-00:00:00,04,05,2002,00,86.871
04.05.2002-03:00:00,04,05,2002,03,81.739
04.05.2002-06:00:00,04,05,2002,06,79.606
04.05.2002-09:00:00,04,05,2002,09,89.22
04.05.2002-12:00:00,04,05,2002,12,119.12
04.05.2002-15:00:00,04,05,2002,15,118.02
04.05.2002-18:00:00,04,05,2002,18,115.84
04.05.2002-21:00:00,04,05,2002,21,107.22
04.06.2002-00:00:00,04,06,2002,00,95.448
04.06.2002-03:00:00,04,06,2002,03,91.876
04.06.2002-06:00:00,04,06,2002,06,87.19
04.06.2002-09:00:00,04,06,2002,09,104.57
04.06.2002-12:00:00,04,06,2002,12,172.95
04.06.2002-15:00:00,04,06,2002,15,164.82
04.06.2002-18:00:00,04,06,2002,18,130.73
04.06.2002-21:00:00,04,06,2002,21,108.82
04.07.2002-00:00:00,04,07,2002,00,102.99
04.07.2002-03:00:00,04,07,2002,03,94.339
04.07.2002-06:00:00,04,07,2002,06,92.37
04.07.2002-09:00:00,04,07,2002,09,108.57
04.07.2002-12:00:00,04,07,2002,12,172.07
04.07.2002-15:00:00,04,07,2002,15,157.34
04.07.2002-18:00:00,04,07,2002,18,126.48
04.07.2002-21:00:00,04,07,2002,21,107.81
04.08.2002-00:00:00,04,08,2002,00,99.052
04.08.2002-03:00:00,04,08,2002,03,92.098
04.08.2002-06:00:00,04,08,2002,06,88.381
04.08.2002-09:00:00,04,08,2002,09,96.97
04.08.2002-12:00:00,04,08,2002,12,200.8
04.08.2002-15:00:00,04,08,2002,15,186.88
04.08.2002-18:00:00,04,08,2002,18,137.07
04.08.2002-21:00:00,04,08,2002,21,115.62
04.09.2002-00:00:00,04,09,2002,00,107.87
04.09.2002-03:00:00,04,09,2002,03,104.41
04.09.2002-06:00:00,04,09,2002,06,99.945
04.09.2002-09:00:00,04,09,2002,09,117.53
04.09.2002-12:00:00,04,09,2002,12,155.54
04.09.2002-15:00:00,04,09,2002,15,164.62
04.09.2002-18:00:00,04,09,2002,18,139.47
04.09.2002-21:00:00,04,09,2002,21,121.27
04.10.2002-00:00:00,04,10,2002,00,105.5
04.10.2002-03:00:00,04,10,2002,03,101.56
04.10.2002-06:00:00,04,10,2002,06,99.28
04.10.2002-09:00:00,04,10,2002,09,95.906
04.10.2002-12:00:00,04,10,2002,12,163.9
04.10.2002-15:00:00,04,10,2002,15,191.93
04.10.2002-18:00:00,04,10,2002,18,157.98
04.10.2002-21:00:00,04,10,2002,21,135.32
04.11.2002-00:00:00,04,11,2002,00,128.01
04.11.2002-03:00:00,04,11,2002,03,124.2
04.11.2002-06:00:00,04,11,2002,06,121.23
04.11.2002-09:00:00,04,11,2002,09,158.45
04.11.2002-12:00:00,04,11,2002,12,257.46
04.11.2002-15:00:00,04,11,2002,15,269.3
04.11.2002-18:00:00,04,11,2002,18,274.32
04.11.2002-21:00:00,04,11,2002,21,264.73
04.12.2002-00:00:00,04,12,2002,00,239.09
04.12.2002-03:00:00,04,12,2002,03,195.57
04.12.2002-06:00:00,04,12,2002,06,175.07
04.12.2002-09:00:00,04,12,2002,09,220.05
04.12.2002-12:00:00,04,12,2002,12,513.7
04.12.2002-15:00:00,04,12,2002,15,586.23
04.12.2002-18:00:00,04,12,2002,18,519.76
04.12.2002-21:00:00,04,12,2002,21,427.3
04.13.2002-00:00:00,04,13,2002,00,414.49
04.13.2002-03:00:00,04,13,2002,03,346.27
04.13.2002-06:00:00,04,13,2002,06,324.23
04.13.2002-09:00:00,04,13,2002,09,496.73
04.13.2002-12:00:00,04,13,2002,12,945.64
04.13.2002-15:00:00,04,13,2002,15,1192.4
04.13.2002-18:00:00,04,13,2002,18,1096.9
04.13.2002-21:00:00,04,13,2002,21,955.96
04.14.2002-00:00:00,04,14,2002,00,851.6
04.14.2002-03:00:00,04,14,2002,03,734.31
04.14.2002-06:00:00,04,14,2002,06,649.88
04.14.2002-09:00:00,04,14,2002,09,1100.7
04.14.2002-12:00:00,04,14,2002,12,1758
04.14.2002-15:00:00,04,14,2002,15,2094.7
04.14.2002-18:00:00,04,14,2002,18,1849.8
04.14.2002-21:00:00,04,14,2002,21,1685.3
04.15.2002-00:00:00,04,15,2002,00,1375.3
04.15.2002-03:00:00,04,15,2002,03,1117.6
04.15.2002-06:00:00,04,15,2002,06,863.45
04.15.2002-09:00:00,04,15,2002,09,750.81
04.15.2002-12:00:00,04,15,2002,12,688.55
04.15.2002-15:00:00,04,15,2002,15,641.67
04.15.2002-18:00:00,04,15,2002,18,516.47
04.15.2002-21:00:00,04,15,2002,21,430.63
04.16.2002-00:00:00,04,16,2002,00,351.41
04.16.2002-03:00:00,04,16,2002,03,305.5
04.16.2002-06:00:00,04,16,2002,06,268.52
04.16.2002-09:00:00,04,16,2002,09,245.8
04.16.2002-12:00:00,04,16,2002,12,279.09
04.16.2002-15:00:00,04,16,2002,15,278.7
04.16.2002-18:00:00,04,16,2002,18,265.77
04.16.2002-21:00:00,04,16,2002,21,261.16
04.17.2002-00:00:00,04,17,2002,00,247.47
04.17.2002-03:00:00,04,17,2002,03,234.27
04.17.2002-06:00:00,04,17,2002,06,233.32
04.17.2002-09:00:00,04,17,2002,09,234.64
04.17.2002-12:00:00,04,17,2002,12,276.7
04.17.2002-15:00:00,04,17,2002,15,277.99
04.17.2002-18:00:00,04,17,2002,18,268.86
04.17.2002-21:00:00,04,17,2002,21,262.21
04.18.2002-00:00:00,04,18,2002,00,240.8
04.18.2002-03:00:00,04,18,2002,03,239.45
04.18.2002-06:00:00,04,18,2002,06,230.54
04.18.2002-09:00:00,04,18,2002,09,218.09
04.18.2002-12:00:00,04,18,2002,12,269.96
04.18.2002-15:00:00,04,18,2002,15,288.96
04.18.2002-18:00:00,04,18,2002,18,276.15
04.18.2002-21:00:00,04,18,2002,21,260.29
04.19.2002-00:00:00,04,19,2002,00,248.5
04.19.2002-03:00:00,04,19,2002,03,237.97
04.19.2002-06:00:00,04,19,2002,06,229.17
04.19.2002-09:00:00,04,19,2002,09,259.39
04.19.2002-12:00:00,04,19,2002,12,363.6
04.19.2002-15:00:00,04,19,2002,15,482.17
04.19.2002-18:00:00,04,19,2002,18,481.52
04.19.2002-21:00:00,04,19,2002,21,458.49
04.20.2002-00:00:00,04,20,2002,00,451.16
04.20.2002-03:00:00,04,20,2002,03,429.54
04.20.2002-06:00:00,04,20,2002,06,366.01
04.20.2002-09:00:00,04,20,2002,09,455.86
04.20.2002-12:00:00,04,20,2002,12,975.72
04.20.2002-15:00:00,04,20,2002,15,1388.2
04.20.2002-18:00:00,04,20,2002,18,1451
04.20.2002-21:00:00,04,20,2002,21,1450.1
04.21.2002-00:00:00,04,21,2002,00,1308.1
04.21.2002-03:00:00,04,21,2002,03,1197.7
04.21.2002-06:00:00,04,21,2002,06,1061.1
04.21.2002-09:00:00,04,21,2002,09,1511.3
04.21.2002-12:00:00,04,21,2002,12,2079
04.21.2002-15:00:00,04,21,2002,15,2498.9
04.21.2002-18:00:00,04,21,2002,18,2557.2
04.21.2002-21:00:00,04,21,2002,21,2406.1
04.22.2002-00:00:00,04,22,2002,00,2106.2
04.22.2002-03:00:00,04,22,2002,03,1885.7
04.22.2002-06:00:00,04,22,2002,06,1580.9
04.22.2002-09:00:00,04,22,2002,09,2107.5
04.22.2002-12:00:00,04,22,2002,12,2903.1
04.22.2002-15:00:00,04,22,2002,15,3287.8
04.22.2002-18:00:00,04,22,2002,18,3064.9
04.22.2002-21:00:00,04,22,2002,21,2710.7
04.23.2002-00:00:00,04,23,2002,00,2306.2
04.23.2002-03:00:00,04,23,2002,03,1992.8
04.23.2002-06:00:00,04,23,2002,06,1629.3
04.23.2002-09:00:00,04,23,2002,09,1369
04.23.2002-12:00:00,04,23,2002,12,1168.2
04.23.2002-15:00:00,04,23,2002,15,1193.8
04.23.2002-18:00:00,04,23,2002,18,1051.1
04.23.2002-21:00:00,04,23,2002,21,934.91
04.24.2002-00:00:00,04,24,2002,00,741.22
04.24.2002-03:00:00,04,24,2002,03,652.9
04.24.2002-06:00:00,04,24,2002,06,525.09
04.24.2002-09:00:00,04,24,2002,09,470.14
04.24.2002-12:00:00,04,24,2002,12,392.98
04.24.2002-15:00:00,04,24,2002,15,346.46
04.24.2002-18:00:00,04,24,2002,18,345.64
04.24.2002-21:00:00,04,24,2002,21,322.43
04.25.2002-00:00:00,04,25,2002,00,311.69
04.25.2002-03:00:00,04,25,2002,03,305.51
04.25.2002-06:00:00,04,25,2002,06,310.77
04.25.2002-09:00:00,04,25,2002,09,310.54
04.25.2002-12:00:00,04,25,2002,12,324.12
04.25.2002-15:00:00,04,25,2002,15,389.52
04.25.2002-18:00:00,04,25,2002,18,458.87
04.25.2002-21:00:00,04,25,2002,21,474.04
04.26.2002-00:00:00,04,26,2002,00,455.94
04.26.2002-03:00:00,04,26,2002,03,421.94
04.26.2002-06:00:00,04,26,2002,06,412.87
04.26.2002-09:00:00,04,26,2002,09,350.36
04.26.2002-12:00:00,04,26,2002,12,516.9
04.26.2002-15:00:00,04,26,2002,15,725.86
04.26.2002-18:00:00,04,26,2002,18,910.21
04.26.2002-21:00:00,04,26,2002,21,908.03
04.27.2002-00:00:00,04,27,2002,00,872.02
04.27.2002-03:00:00,04,27,2002,03,749.52
04.27.2002-06:00:00,04,27,2002,06,692.06
04.27.2002-09:00:00,04,27,2002,09,945.53
04.27.2002-12:00:00,04,27,2002,12,1955.4
04.27.2002-15:00:00,04,27,2002,15,2485
04.27.2002-18:00:00,04,27,2002,18,2491.4
04.27.2002-21:00:00,04,27,2002,21,2195.1
04.28.2002-00:00:00,04,28,2002,00,1994.9
04.28.2002-03:00:00,04,28,2002,03,1644.1
04.28.2002-06:00:00,04,28,2002,06,1454.1
04.28.2002-09:00:00,04,28,2002,09,1490
04.28.2002-12:00:00,04,28,2002,12,2492.9
04.28.2002-15:00:00,04,28,2002,15,3002.8
04.28.2002-18:00:00,04,28,2002,18,2935.9
04.28.2002-21:00:00,04,28,2002,21,2557.4
04.29.2002-00:00:00,04,29,2002,00,2330.4
04.29.2002-03:00:00,04,29,2002,03,1904.7
04.29.2002-06:00:00,04,29,2002,06,1679.9
04.29.2002-09:00:00,04,29,2002,09,1708.3
04.29.2002-12:00:00,04,29,2002,12,2785.6
04.29.2002-15:00:00,04,29,2002,15,3340.3
04.29.2002-18:00:00,04,29,2002,18,3278.1
04.29.2002-21:00:00,04,29,2002,21,2889.5
04.30.2002-00:00:00,04,30,2002,00,2642.3
04.30.2002-03:00:00,04,30,2002,03,2190.4
04.30.2002-06:00:00,04,30,2002,06,2112.4
04.30.2002-09:00:00,04,30,2002,09,2963.7
04.30.2002-12:00:00,04,30,2002,12,4432.7
04.30.2002-15:00:00,04,30,2002,15,5061.4
04.30.2002-18:00:00,04,30,2002,18,4997
04.30.2002-21:00:00,04,30,2002,21,4442.8
05.01.2002-00:00:00,05,01,2002,00,3964.7
05.01.2002-03:00:00,05,01,2002,03,3321.2
05.01.2002-06:00:00,05,01,2002,06,2862.3
05.01.2002-09:00:00,05,01,2002,09,3243.7
05.01.2002-12:00:00,05,01,2002,12,4374.5
05.01.2002-15:00:00,05,01,2002,15,4786.6
05.01.2002-18:00:00,05,01,2002,18,4589.3
05.01.2002-21:00:00,05,01,2002,21,3962.9
05.02.2002-00:00:00,05,02,2002,00,3511.6
05.02.2002-03:00:00,05,02,2002,03,2896.3
05.02.2002-06:00:00,05,02,2002,06,2599.5
05.02.2002-09:00:00,05,02,2002,09,3153.2
05.02.2002-12:00:00,05,02,2002,12,4375.3
05.02.2002-15:00:00,05,02,2002,15,4812
05.02.2002-18:00:00,05,02,2002,18,4703.2
05.02.2002-21:00:00,05,02,2002,21,4094
05.03.2002-00:00:00,05,03,2002,00,3652.8
05.03.2002-03:00:00,05,03,2002,03,3029.4
05.03.2002-06:00:00,05,03,2002,06,2639.6
05.03.2002-09:00:00,05,03,2002,09,2523
05.03.2002-12:00:00,05,03,2002,12,3247.8
05.03.2002-15:00:00,05,03,2002,15,3455.7
05.03.2002-18:00:00,05,03,2002,18,3316.5
05.03.2002-21:00:00,05,03,2002,21,2807.9
05.04.2002-00:00:00,05,04,2002,00,2502.9
05.04.2002-03:00:00,05,04,2002,03,2029
05.04.2002-06:00:00,05,04,2002,06,1785.9
05.04.2002-09:00:00,05,04,2002,09,1407.4
05.04.2002-12:00:00,05,04,2002,12,1640.8
05.04.2002-15:00:00,05,04,2002,15,1731
05.04.2002-18:00:00,05,04,2002,18,1701.8
05.04.2002-21:00:00,05,04,2002,21,1416.8
05.05.2002-00:00:00,05,05,2002,00,1277
05.05.2002-03:00:00,05,05,2002,03,1024.2
05.05.2002-06:00:00,05,05,2002,06,916.37
05.05.2002-09:00:00,05,05,2002,09,755.34
05.05.2002-12:00:00,05,05,2002,12,1340.2
05.05.2002-15:00:00,05,05,2002,15,1752.9
05.05.2002-18:00:00,05,05,2002,18,1726.3
05.05.2002-21:00:00,05,05,2002,21,1555
05.06.2002-00:00:00,05,06,2002,00,1390.8
05.06.2002-03:00:00,05,06,2002,03,1189.1
05.06.2002-06:00:00,05,06,2002,06,1061.7
05.06.2002-09:00:00,05,06,2002,09,876.5
05.06.2002-12:00:00,05,06,2002,12,1137.5
05.06.2002-15:00:00,05,06,2002,15,1276.4
05.06.2002-18:00:00,05,06,2002,18,1275.9
05.06.2002-21:00:00,05,06,2002,21,1123.9
05.07.2002-00:00:00,05,07,2002,00,1035.2
05.07.2002-03:00:00,05,07,2002,03,835.17
05.07.2002-06:00:00,05,07,2002,06,771.54
05.07.2002-09:00:00,05,07,2002,09,684.41
05.07.2002-12:00:00,05,07,2002,12,1189.5
05.07.2002-15:00:00,05,07,2002,15,1507.8
05.07.2002-18:00:00,05,07,2002,18,1523.8
05.07.2002-21:00:00,05,07,2002,21,1375
05.08.2002-00:00:00,05,08,2002,00,1247.5
05.08.2002-03:00:00,05,08,2002,03,1064
05.08.2002-06:00:00,05,08,2002,06,944.98
05.08.2002-09:00:00,05,08,2002,09,952.53
05.08.2002-12:00:00,05,08,2002,12,1623.6
05.08.2002-15:00:00,05,08,2002,15,1967.6
05.08.2002-18:00:00,05,08,2002,18,1978.1
05.08.2002-21:00:00,05,08,2002,21,1743.2
05.09.2002-00:00:00,05,09,2002,00,1591.1
05.09.2002-03:00:00,05,09,2002,03,1302.7
05.09.2002-06:00:00,05,09,2002,06,1182.7
05.09.2002-09:00:00,05,09,2002,09,951.84
05.09.2002-12:00:00,05,09,2002,12,1041.4
05.09.2002-15:00:00,05,09,2002,15,1138.5
05.09.2002-18:00:00,05,09,2002,18,1118.8
05.09.2002-21:00:00,05,09,2002,21,959.54
05.10.2002-00:00:00,05,10,2002,00,890.59
05.10.2002-03:00:00,05,10,2002,03,721.54
05.10.2002-06:00:00,05,10,2002,06,645.96
05.10.2002-09:00:00,05,10,2002,09,621.98
05.10.2002-12:00:00,05,10,2002,12,1273.1
05.10.2002-15:00:00,05,10,2002,15,1739.9
05.10.2002-18:00:00,05,10,2002,18,1787.3
05.10.2002-21:00:00,05,10,2002,21,1626.4
05.11.2002-00:00:00,05,11,2002,00,1464.7
05.11.2002-03:00:00,05,11,2002,03,1241.9
05.11.2002-06:00:00,05,11,2002,06,1121.3
05.11.2002-09:00:00,05,11,2002,09,1685.1
05.11.2002-12:00:00,05,11,2002,12,2932.9
05.11.2002-15:00:00,05,11,2002,15,3569.4
05.11.2002-18:00:00,05,11,2002,18,3607.5
05.11.2002-21:00:00,05,11,2002,21,3255.5
05.12.2002-00:00:00,05,12,2002,00,2924.9
05.12.2002-03:00:00,05,12,2002,03,2497.9
05.12.2002-06:00:00,05,12,2002,06,2181.1
05.12.2002-09:00:00,05,12,2002,09,2496.1
05.12.2002-12:00:00,05,12,2002,12,3479.4
05.12.2002-15:00:00,05,12,2002,15,3789.1
05.12.2002-18:00:00,05,12,2002,18,3671.2
05.12.2002-21:00:00,05,12,2002,21,3335.6
05.13.2002-00:00:00,05,13,2002,00,2981.7
05.13.2002-03:00:00,05,13,2002,03,2517.3
05.13.2002-06:00:00,05,13,2002,06,2289.6
05.13.2002-09:00:00,05,13,2002,09,2594.6
05.13.2002-12:00:00,05,13,2002,12,3264.9
05.13.2002-15:00:00,05,13,2002,15,3383.7
05.13.2002-18:00:00,05,13,2002,18,3209
05.13.2002-21:00:00,05,13,2002,21,2796.7
05.14.2002-00:00:00,05,14,2002,00,2466.4
05.14.2002-03:00:00,05,14,2002,03,2109.5
05.14.2002-06:00:00,05,14,2002,06,1878
05.14.2002-09:00:00,05,14,2002,09,2022.1
05.14.2002-12:00:00,05,14,2002,12,2323.8
05.14.2002-15:00:00,05,14,2002,15,2359.7
05.14.2002-18:00:00,05,14,2002,18,2088.5
05.14.2002-21:00:00,05,14,2002,21,1853.6
05.15.2002-00:00:00,05,15,2002,00,1650.7
05.15.2002-03:00:00,05,15,2002,03,1434.8
05.15.2002-06:00:00,05,15,2002,06,1268.3
05.15.2002-09:00:00,05,15,2002,09,1328.2
05.15.2002-12:00:00,05,15,2002,12,1526.9
05.15.2002-15:00:00,05,15,2002,15,1484.8
05.15.2002-18:00:00,05,15,2002,18,1223.5
05.15.2002-21:00:00,05,15,2002,21,1116.3
05.16.2002-00:00:00,05,16,2002,00,1053.3
05.16.2002-03:00:00,05,16,2002,03,982.61
05.16.2002-06:00:00,05,16,2002,06,893.57
05.16.2002-09:00:00,05,16,2002,09,808.63
05.16.2002-12:00:00,05,16,2002,12,909.6
05.16.2002-15:00:00,05,16,2002,15,789.56
05.16.2002-18:00:00,05,16,2002,18,643.01
05.16.2002-21:00:00,05,16,2002,21,524.36
05.17.2002-00:00:00,05,17,2002,00,472.54
05.17.2002-03:00:00,05,17,2002,03,464.95
05.17.2002-06:00:00,05,17,2002,06,466.3
05.17.2002-09:00:00,05,17,2002,09,439.45
05.17.2002-12:00:00,05,17,2002,12,562.76
05.17.2002-15:00:00,05,17,2002,15,528.33
05.17.2002-18:00:00,05,17,2002,18,425.49
05.17.2002-21:00:00,05,17,2002,21,323.85
05.18.2002-00:00:00,05,18,2002,00,292.36
05.18.2002-03:00:00,05,18,2002,03,308.64
05.18.2002-06:00:00,05,18,2002,06,260.75
05.18.2002-09:00:00,05,18,2002,09,298.78
05.18.2002-12:00:00,05,18,2002,12,441.6
05.18.2002-15:00:00,05,18,2002,15,456.42
05.18.2002-18:00:00,05,18,2002,18,398.23
05.18.2002-21:00:00,05,18,2002,21,306.67
05.19.2002-00:00:00,05,19,2002,00,263.05
05.19.2002-03:00:00,05,19,2002,03,251.48
05.19.2002-06:00:00,05,19,2002,06,238.47
05.19.2002-09:00:00,05,19,2002,09,317.23
05.19.2002-12:00:00,05,19,2002,12,440.59
05.19.2002-15:00:00,05,19,2002,15,437.58
05.19.2002-18:00:00,05,19,2002,18,423.27
05.19.2002-21:00:00,05,19,2002,21,320.06
05.20.2002-00:00:00,05,20,2002,00,336.08
05.20.2002-03:00:00,05,20,2002,03,410.47
05.20.2002-06:00:00,05,20,2002,06,509.25
05.20.2002-09:00:00,05,20,2002,09,647.3
05.20.2002-12:00:00,05,20,2002,12,821.8
05.20.2002-15:00:00,05,20,2002,15,894.06
05.20.2002-18:00:00,05,20,2002,18,923.05
05.20.2002-21:00:00,05,20,2002,21,917.76
05.21.2002-00:00:00,05,21,2002,00,1000.7
05.21.2002-03:00:00,05,21,2002,03,964.88
05.21.2002-06:00:00,05,21,2002,06,1010
05.21.2002-09:00:00,05,21,2002,09,1005.9
05.21.2002-12:00:00,05,21,2002,12,1057.8
05.21.2002-15:00:00,05,21,2002,15,1011.3
05.21.2002-18:00:00,05,21,2002,18,996.27
05.21.2002-21:00:00,05,21,2002,21,955.88
05.22.2002-00:00:00,05,22,2002,00,953.66
05.22.2002-03:00:00,05,22,2002,03,857.13
05.22.2002-06:00:00,05,22,2002,06,803.84
05.22.2002-09:00:00,05,22,2002,09,748.8
05.22.2002-12:00:00,05,22,2002,12,745.61
05.22.2002-15:00:00,05,22,2002,15,659.57
05.22.2002-18:00:00,05,22,2002,18,622.47
05.22.2002-21:00:00,05,22,2002,21,558.79
05.23.2002-00:00:00,05,23,2002,00,503.98
05.23.2002-03:00:00,05,23,2002,03,431.33
05.23.2002-06:00:00,05,23,2002,06,402.2
05.23.2002-09:00:00,05,23,2002,09,371.73
05.23.2002-12:00:00,05,23,2002,12,394.95
05.23.2002-15:00:00,05,23,2002,15,423.82
05.23.2002-18:00:00,05,23,2002,18,358.3
05.23.2002-21:00:00,05,23,2002,21,294.18
05.24.2002-00:00:00,05,24,2002,00,270.39
05.24.2002-03:00:00,05,24,2002,03,268.75
05.24.2002-06:00:00,05,24,2002,06,246.52
05.24.2002-09:00:00,05,24,2002,09,233.5
05.24.2002-12:00:00,05,24,2002,12,301.9
05.24.2002-15:00:00,05,24,2002,15,313.26
05.24.2002-18:00:00,05,24,2002,18,306.23
05.24.2002-21:00:00,05,24,2002,21,272.05
05.25.2002-00:00:00,05,25,2002,00,251.71
05.25.2002-03:00:00,05,25,2002,03,239.1
05.25.2002-06:00:00,05,25,2002,06,221.75
05.25.2002-09:00:00,05,25,2002,09,252.31
05.25.2002-12:00:00,05,25,2002,12,301.16
05.25.2002-15:00:00,05,25,2002,15,266.53
05.25.2002-18:00:00,05,25,2002,18,262.17
05.25.2002-21:00:00,05,25,2002,21,239.59
05.26.2002-00:00:00,05,26,2002,00,231.47
05.26.2002-03:00:00,05,26,2002,03,227.3
05.26.2002-06:00:00,05,26,2002,06,209.63
05.26.2002-09:00:00,05,26,2002,09,230.58
05.26.2002-12:00:00,05,26,2002,12,287.47
05.26.2002-15:00:00,05,26,2002,15,246.1
05.26.2002-18:00:00,05,26,2002,18,232.2
05.26.2002-21:00:00,05,26,2002,21,214.54
05.27.2002-00:00:00,05,27,2002,00,210.37
05.27.2002-03:00:00,05,27,2002,03,210.25
05.27.2002-06:00:00,05,27,2002,06,195.11
05.27.2002-09:00:00,05,27,2002,09,232.96
05.27.2002-12:00:00,05,27,2002,12,284.48
05.27.2002-15:00:00,05,27,2002,15,231.51
05.27.2002-18:00:00,05,27,2002,18,197.58
05.27.2002-21:00:00,05,27,2002,21,194.31
05.28.2002-00:00:00,05,28,2002,00,200.93
05.28.2002-03:00:00,05,28,2002,03,200.69
05.28.2002-06:00:00,05,28,2002,06,203.86
05.28.2002-09:00:00,05,28,2002,09,226.03
05.28.2002-12:00:00,05,28,2002,12,217.71
05.28.2002-15:00:00,05,28,2002,15,212.45
05.28.2002-18:00:00,05,28,2002,18,192.1
05.28.2002-21:00:00,05,28,2002,21,197.3
05.29.2002-00:00:00,05,29,2002,00,198.03
05.29.2002-03:00:00,05,29,2002,03,192.32
05.29.2002-06:00:00,05,29,2002,06,179.29
05.29.2002-09:00:00,05,29,2002,09,168.73
05.29.2002-12:00:00,05,29,2002,12,165.67
05.29.2002-15:00:00,05,29,2002,15,166.98
05.29.2002-18:00:00,05,29,2002,18,170.83
05.29.2002-21:00:00,05,29,2002,21,176.89
05.30.2002-00:00:00,05,30,2002,00,182.22
05.30.2002-03:00:00,05,30,2002,03,182.19
05.30.2002-06:00:00,05,30,2002,06,166.44
05.30.2002-09:00:00,05,30,2002,09,158
05.30.2002-12:00:00,05,30,2002,12,156.81
05.30.2002-15:00:00,05,30,2002,15,158.95
05.30.2002-18:00:00,05,30,2002,18,161.86
05.30.2002-21:00:00,05,30,2002,21,167.41
05.31.2002-00:00:00,05,31,2002,00,173.53
05.31.2002-03:00:00,05,31,2002,03,171.23
05.31.2002-06:00:00,05,31,2002,06,159.95
05.31.2002-09:00:00,05,31,2002,09,153.48
05.31.2002-12:00:00,05,31,2002,12,152.21
05.31.2002-15:00:00,05,31,2002,15,153.53
05.31.2002-18:00:00,05,31,2002,18,156.69
05.31.2002-21:00:00,05,31,2002,21,163.12
06.01.2002-00:00:00,06,01,2002,00,169.05
06.01.2002-03:00:00,06,01,2002,03,169.84
06.01.2002-06:00:00,06,01,2002,06,154.39
06.01.2002-09:00:00,06,01,2002,09,146.24
06.01.2002-12:00:00,06,01,2002,12,145.33
06.01.2002-15:00:00,06,01,2002,15,147.28
06.01.2002-18:00:00,06,01,2002,18,150.25
06.01.2002-21:00:00,06,01,2002,21,153.92
06.02.2002-00:00:00,06,02,2002,00,159.17
06.02.2002-03:00:00,06,02,2002,03,158.86
06.02.2002-06:00:00,06,02,2002,06,147.57
06.02.2002-09:00:00,06,02,2002,09,141.39
06.02.2002-12:00:00,06,02,2002,12,140.62
06.02.2002-15:00:00,06,02,2002,15,142.53
06.02.2002-18:00:00,06,02,2002,18,145.51
06.02.2002-21:00:00,06,02,2002,21,149.08
06.03.2002-00:00:00,06,03,2002,00,154.99
06.03.2002-03:00:00,06,03,2002,03,156.4
06.03.2002-06:00:00,06,03,2002,06,144.31
06.03.2002-09:00:00,06,03,2002,09,137.46
06.03.2002-12:00:00,06,03,2002,12,136.88
06.03.2002-15:00:00,06,03,2002,15,138.97
06.03.2002-18:00:00,06,03,2002,18,142.01
06.03.2002-21:00:00,06,03,2002,21,146.21
06.04.2002-00:00:00,06,04,2002,00,150.91
06.04.2002-03:00:00,06,04,2002,03,150.31
06.04.2002-06:00:00,06,04,2002,06,139.6
06.04.2002-09:00:00,06,04,2002,09,134.02
06.04.2002-12:00:00,06,04,2002,12,133.49
06.04.2002-15:00:00,06,04,2002,15,135.23
06.04.2002-18:00:00,06,04,2002,18,138
06.04.2002-21:00:00,06,04,2002,21,142.53
06.05.2002-00:00:00,06,05,2002,00,149.75
06.05.2002-03:00:00,06,05,2002,03,150.43
06.05.2002-06:00:00,06,05,2002,06,137.52
06.05.2002-09:00:00,06,05,2002,09,131.24
06.05.2002-12:00:00,06,05,2002,12,130.77
06.05.2002-15:00:00,06,05,2002,15,132.92
06.05.2002-18:00:00,06,05,2002,18,136.2
06.05.2002-21:00:00,06,05,2002,21,141.75
06.06.2002-00:00:00,06,06,2002,00,147.79
06.06.2002-03:00:00,06,06,2002,03,150.56
06.06.2002-06:00:00,06,06,2002,06,144.58
06.06.2002-09:00:00,06,06,2002,09,137.56
06.06.2002-12:00:00,06,06,2002,12,136.45
06.06.2002-15:00:00,06,06,2002,15,138.94
06.06.2002-18:00:00,06,06,2002,18,143.19
06.06.2002-21:00:00,06,06,2002,21,153.6
06.07.2002-00:00:00,06,07,2002,00,158.23
06.07.2002-03:00:00,06,07,2002,03,157.67
06.07.2002-06:00:00,06,07,2002,06,146.82
06.07.2002-09:00:00,06,07,2002,09,137.82
06.07.2002-12:00:00,06,07,2002,12,136.68
06.07.2002-15:00:00,06,07,2002,15,140.36
06.07.2002-18:00:00,06,07,2002,18,146.28
06.07.2002-21:00:00,06,07,2002,21,151.22
06.08.2002-00:00:00,06,08,2002,00,160.08
06.08.2002-03:00:00,06,08,2002,03,163.07
06.08.2002-06:00:00,06,08,2002,06,159.63
06.08.2002-09:00:00,06,08,2002,09,147.4
06.08.2002-12:00:00,06,08,2002,12,144.28
06.08.2002-15:00:00,06,08,2002,15,149.6
06.08.2002-18:00:00,06,08,2002,18,160.33
06.08.2002-21:00:00,06,08,2002,21,166.78
06.09.2002-00:00:00,06,09,2002,00,168.55
06.09.2002-03:00:00,06,09,2002,03,166.06
06.09.2002-06:00:00,06,09,2002,06,155.15
06.09.2002-09:00:00,06,09,2002,09,149.59
06.09.2002-12:00:00,06,09,2002,12,148.86
06.09.2002-15:00:00,06,09,2002,15,154.62
06.09.2002-18:00:00,06,09,2002,18,165.72
06.09.2002-21:00:00,06,09,2002,21,173.91
06.10.2002-00:00:00,06,10,2002,00,180.53
06.10.2002-03:00:00,06,10,2002,03,179
06.10.2002-06:00:00,06,10,2002,06,163.94
06.10.2002-09:00:00,06,10,2002,09,150.85
06.10.2002-12:00:00,06,10,2002,12,148.69
06.10.2002-15:00:00,06,10,2002,15,154.99
06.10.2002-18:00:00,06,10,2002,18,166.98
06.10.2002-21:00:00,06,10,2002,21,176.18
06.11.2002-00:00:00,06,11,2002,00,182.86
06.11.2002-03:00:00,06,11,2002,03,185.89
06.11.2002-06:00:00,06,11,2002,06,173.71
06.11.2002-09:00:00,06,11,2002,09,160.12
06.11.2002-12:00:00,06,11,2002,12,157.1
06.11.2002-15:00:00,06,11,2002,15,162.94
06.11.2002-18:00:00,06,11,2002,18,174.3
06.11.2002-21:00:00,06,11,2002,21,185.19
06.12.2002-00:00:00,06,12,2002,00,193.41
06.12.2002-03:00:00,06,12,2002,03,194.14
06.12.2002-06:00:00,06,12,2002,06,179.55
06.12.2002-09:00:00,06,12,2002,09,162.11
06.12.2002-12:00:00,06,12,2002,12,156.59
06.12.2002-15:00:00,06,12,2002,15,161.24
06.12.2002-18:00:00,06,12,2002,18,173.05
06.12.2002-21:00:00,06,12,2002,21,186.72
06.13.2002-00:00:00,06,13,2002,00,194.86
06.13.2002-03:00:00,06,13,2002,03,194.81
06.13.2002-06:00:00,06,13,2002,06,178.38
06.13.2002-09:00:00,06,13,2002,09,160.55
06.13.2002-12:00:00,06,13,2002,12,156.48
06.13.2002-15:00:00,06,13,2002,15,161.21
06.13.2002-18:00:00,06,13,2002,18,172.42
06.13.2002-21:00:00,06,13,2002,21,186.97
06.14.2002-00:00:00,06,14,2002,00,193.26
06.14.2002-03:00:00,06,14,2002,03,191.04
06.14.2002-06:00:00,06,14,2002,06,170.48
06.14.2002-09:00:00,06,14,2002,09,157.87
06.14.2002-12:00:00,06,14,2002,12,162.34
06.14.2002-15:00:00,06,14,2002,15,165.21
06.14.2002-18:00:00,06,14,2002,18,175.46
06.14.2002-21:00:00,06,14,2002,21,185.13
06.15.2002-00:00:00,06,15,2002,00,191.2
06.15.2002-03:00:00,06,15,2002,03,187.35
06.15.2002-06:00:00,06,15,2002,06,165.4
06.15.2002-09:00:00,06,15,2002,09,152.89
06.15.2002-12:00:00,06,15,2002,12,155.96
06.15.2002-15:00:00,06,15,2002,15,159.83
06.15.2002-18:00:00,06,15,2002,18,170.35
06.15.2002-21:00:00,06,15,2002,21,181.92
06.16.2002-00:00:00,06,16,2002,00,188.99
06.16.2002-03:00:00,06,16,2002,03,185.5
06.16.2002-06:00:00,06,16,2002,06,164.24
06.16.2002-09:00:00,06,16,2002,09,150.53
06.16.2002-12:00:00,06,16,2002,12,150.45
06.16.2002-15:00:00,06,16,2002,15,155.17
06.16.2002-18:00:00,06,16,2002,18,170.24
06.16.2002-21:00:00,06,16,2002,21,181.14
06.17.2002-00:00:00,06,17,2002,00,185.06
06.17.2002-03:00:00,06,17,2002,03,184.93
06.17.2002-06:00:00,06,17,2002,06,173.82
06.17.2002-09:00:00,06,17,2002,09,163.27
06.17.2002-12:00:00,06,17,2002,12,160.61
06.17.2002-15:00:00,06,17,2002,15,163.85
06.17.2002-18:00:00,06,17,2002,18,171.15
06.17.2002-21:00:00,06,17,2002,21,182.34
06.18.2002-00:00:00,06,18,2002,00,188.91
06.18.2002-03:00:00,06,18,2002,03,186.29
06.18.2002-06:00:00,06,18,2002,06,173.75
06.18.2002-09:00:00,06,18,2002,09,162.66
06.18.2002-12:00:00,06,18,2002,12,159.62
06.18.2002-15:00:00,06,18,2002,15,163.17
06.18.2002-18:00:00,06,18,2002,18,171.31
06.18.2002-21:00:00,06,18,2002,21,181.65
06.19.2002-00:00:00,06,19,2002,00,188.5
06.19.2002-03:00:00,06,19,2002,03,184.54
06.19.2002-06:00:00,06,19,2002,06,165.24
06.19.2002-09:00:00,06,19,2002,09,148.47
06.19.2002-12:00:00,06,19,2002,12,145.5
06.19.2002-15:00:00,06,19,2002,15,153.31
06.19.2002-18:00:00,06,19,2002,18,167.99
06.19.2002-21:00:00,06,19,2002,21,178.09
06.20.2002-00:00:00,06,20,2002,00,182.02
06.20.2002-03:00:00,06,20,2002,03,181.18
06.20.2002-06:00:00,06,20,2002,06,162.19
06.20.2002-09:00:00,06,20,2002,09,144.46
06.20.2002-12:00:00,06,20,2002,12,141.94
06.20.2002-15:00:00,06,20,2002,15,150.25
06.20.2002-18:00:00,06,20,2002,18,165.39
06.20.2002-21:00:00,06,20,2002,21,175.26
06.21.2002-00:00:00,06,21,2002,00,178.8
06.21.2002-03:00:00,06,21,2002,03,176.64
06.21.2002-06:00:00,06,21,2002,06,155.32
06.21.2002-09:00:00,06,21,2002,09,140.1
06.21.2002-12:00:00,06,21,2002,12,143.52
06.21.2002-15:00:00,06,21,2002,15,149.95
06.21.2002-18:00:00,06,21,2002,18,162.49
06.21.2002-21:00:00,06,21,2002,21,171.78
06.22.2002-00:00:00,06,22,2002,00,175.63
06.22.2002-03:00:00,06,22,2002,03,173.04
06.22.2002-06:00:00,06,22,2002,06,152.9
06.22.2002-09:00:00,06,22,2002,09,139.1
06.22.2002-12:00:00,06,22,2002,12,141.34
06.22.2002-15:00:00,06,22,2002,15,147.1
06.22.2002-18:00:00,06,22,2002,18,158.23
06.22.2002-21:00:00,06,22,2002,21,167.8
06.23.2002-00:00:00,06,23,2002,00,171.77
06.23.2002-03:00:00,06,23,2002,03,168.57
06.23.2002-06:00:00,06,23,2002,06,149.07
06.23.2002-09:00:00,06,23,2002,09,133.94
06.23.2002-12:00:00,06,23,2002,12,132.01
06.23.2002-15:00:00,06,23,2002,15,139.65
06.23.2002-18:00:00,06,23,2002,18,153.84
06.23.2002-21:00:00,06,23,2002,21,164.62
06.24.2002-00:00:00,06,24,2002,00,169.11
06.24.2002-03:00:00,06,24,2002,03,166.59
06.24.2002-06:00:00,06,24,2002,06,146.4
06.24.2002-09:00:00,06,24,2002,09,130.68
06.24.2002-12:00:00,06,24,2002,12,128.6
06.24.2002-15:00:00,06,24,2002,15,136.96
06.24.2002-18:00:00,06,24,2002,18,151.91
06.24.2002-21:00:00,06,24,2002,21,162.21
06.25.2002-00:00:00,06,25,2002,00,166.09
06.25.2002-03:00:00,06,25,2002,03,162.57
06.25.2002-06:00:00,06,25,2002,06,140.51
06.25.2002-09:00:00,06,25,2002,09,128.06
06.25.2002-12:00:00,06,25,2002,12,135.28
06.25.2002-15:00:00,06,25,2002,15,140.1
06.25.2002-18:00:00,06,25,2002,18,150.4
06.25.2002-21:00:00,06,25,2002,21,159.25
06.26.2002-00:00:00,06,26,2002,00,164.61
06.26.2002-03:00:00,06,26,2002,03,160.36
06.26.2002-06:00:00,06,26,2002,06,136.81
06.26.2002-09:00:00,06,26,2002,09,136.17
06.26.2002-12:00:00,06,26,2002,12,153.05
06.26.2002-15:00:00,06,26,2002,15,150.4
06.26.2002-18:00:00,06,26,2002,18,151.36
06.26.2002-21:00:00,06,26,2002,21,156.97
06.27.2002-00:00:00,06,27,2002,00,161.08
06.27.2002-03:00:00,06,27,2002,03,152.86
06.27.2002-06:00:00,06,27,2002,06,130.14
06.27.2002-09:00:00,06,27,2002,09,121.05
06.27.2002-12:00:00,06,27,2002,12,123.65
06.27.2002-15:00:00,06,27,2002,15,126.49
06.27.2002-18:00:00,06,27,2002,18,138.6
06.27.2002-21:00:00,06,27,2002,21,147.4
06.28.2002-00:00:00,06,28,2002,00,156.35
06.28.2002-03:00:00,06,28,2002,03,156.81
06.28.2002-06:00:00,06,28,2002,06,141.08
06.28.2002-09:00:00,06,28,2002,09,126.79
06.28.2002-12:00:00,06,28,2002,12,125.55
06.28.2002-15:00:00,06,28,2002,15,131.45
06.28.2002-18:00:00,06,28,2002,18,141.21
06.28.2002-21:00:00,06,28,2002,21,151
06.29.2002-00:00:00,06,29,2002,00,162.55
06.29.2002-03:00:00,06,29,2002,03,163.44
06.29.2002-06:00:00,06,29,2002,06,152.12
06.29.2002-09:00:00,06,29,2002,09,141.85
06.29.2002-12:00:00,06,29,2002,12,137.56
06.29.2002-15:00:00,06,29,2002,15,140.41
06.29.2002-18:00:00,06,29,2002,18,151.98
06.29.2002-21:00:00,06,29,2002,21,161.95
06.30.2002-00:00:00,06,30,2002,00,160.96
06.30.2002-03:00:00,06,30,2002,03,154.72
06.30.2002-06:00:00,06,30,2002,06,140.36
06.30.2002-09:00:00,06,30,2002,09,128.23
06.30.2002-12:00:00,06,30,2002,12,126.51
06.30.2002-15:00:00,06,30,2002,15,131.16
06.30.2002-18:00:00,06,30,2002,18,139.16
06.30.2002-21:00:00,06,30,2002,21,145.68
07.01.2002-00:00:00,07,01,2002,00,152.32
07.01.2002-03:00:00,07,01,2002,03,151.29
07.01.2002-06:00:00,07,01,2002,06,135.9
07.01.2002-09:00:00,07,01,2002,09,123.49
07.01.2002-12:00:00,07,01,2002,12,121.67
07.01.2002-15:00:00,07,01,2002,15,127.08
07.01.2002-18:00:00,07,01,2002,18,137.3
07.01.2002-21:00:00,07,01,2002,21,144.14
07.02.2002-00:00:00,07,02,2002,00,147.71
07.02.2002-03:00:00,07,02,2002,03,146.19
07.02.2002-06:00:00,07,02,2002,06,131.06
07.02.2002-09:00:00,07,02,2002,09,119.7
07.02.2002-12:00:00,07,02,2002,12,118.86
07.02.2002-15:00:00,07,02,2002,15,123.18
07.02.2002-18:00:00,07,02,2002,18,134.04
07.02.2002-21:00:00,07,02,2002,21,141.57
07.03.2002-00:00:00,07,03,2002,00,143.24
07.03.2002-03:00:00,07,03,2002,03,139.29
07.03.2002-06:00:00,07,03,2002,06,125.41
07.03.2002-09:00:00,07,03,2002,09,117.23
07.03.2002-12:00:00,07,03,2002,12,116.78
07.03.2002-15:00:00,07,03,2002,15,120.58
07.03.2002-18:00:00,07,03,2002,18,128.77
07.03.2002-21:00:00,07,03,2002,21,138.27
07.04.2002-00:00:00,07,04,2002,00,141.49
07.04.2002-03:00:00,07,04,2002,03,140.17
07.04.2002-06:00:00,07,04,2002,06,127.26
07.04.2002-09:00:00,07,04,2002,09,118.31
07.04.2002-12:00:00,07,04,2002,12,117.32
07.04.2002-15:00:00,07,04,2002,15,121.08
07.04.2002-18:00:00,07,04,2002,18,130.58
07.04.2002-21:00:00,07,04,2002,21,138.42
07.05.2002-00:00:00,07,05,2002,00,141.61
07.05.2002-03:00:00,07,05,2002,03,140.77
07.05.2002-06:00:00,07,05,2002,06,125.3
07.05.2002-09:00:00,07,05,2002,09,114.32
07.05.2002-12:00:00,07,05,2002,12,113.86
07.05.2002-15:00:00,07,05,2002,15,118.97
07.05.2002-18:00:00,07,05,2002,18,127.83
07.05.2002-21:00:00,07,05,2002,21,136.8
07.06.2002-00:00:00,07,06,2002,00,139.58
07.06.2002-03:00:00,07,06,2002,03,137.86
07.06.2002-06:00:00,07,06,2002,06,121.66
07.06.2002-09:00:00,07,06,2002,09,111.62
07.06.2002-12:00:00,07,06,2002,12,112.68
07.06.2002-15:00:00,07,06,2002,15,117.23
07.06.2002-18:00:00,07,06,2002,18,125.22
07.06.2002-21:00:00,07,06,2002,21,133.63
07.07.2002-00:00:00,07,07,2002,00,137.48
07.07.2002-03:00:00,07,07,2002,03,134.39
07.07.2002-06:00:00,07,07,2002,06,118.7
07.07.2002-09:00:00,07,07,2002,09,110.19
07.07.2002-12:00:00,07,07,2002,12,112.11
07.07.2002-15:00:00,07,07,2002,15,116.01
07.07.2002-18:00:00,07,07,2002,18,123.58
07.07.2002-21:00:00,07,07,2002,21,131.24
07.08.2002-00:00:00,07,08,2002,00,171.37
07.08.2002-03:00:00,07,08,2002,03,188.76
07.08.2002-06:00:00,07,08,2002,06,176.32
07.08.2002-09:00:00,07,08,2002,09,154.09
07.08.2002-12:00:00,07,08,2002,12,149.52
07.08.2002-15:00:00,07,08,2002,15,167.04
07.08.2002-18:00:00,07,08,2002,18,195.37
07.08.2002-21:00:00,07,08,2002,21,222.82
07.09.2002-00:00:00,07,09,2002,00,184.97
07.09.2002-03:00:00,07,09,2002,03,150.13
07.09.2002-06:00:00,07,09,2002,06,125.91
07.09.2002-09:00:00,07,09,2002,09,112.56
07.09.2002-12:00:00,07,09,2002,12,113.07
07.09.2002-15:00:00,07,09,2002,15,117.28
07.09.2002-18:00:00,07,09,2002,18,125.1
07.09.2002-21:00:00,07,09,2002,21,132.17
07.10.2002-00:00:00,07,10,2002,00,136.3
07.10.2002-03:00:00,07,10,2002,03,132.45
07.10.2002-06:00:00,07,10,2002,06,116.1
07.10.2002-09:00:00,07,10,2002,09,114.81
07.10.2002-12:00:00,07,10,2002,12,128.35
07.10.2002-15:00:00,07,10,2002,15,123.22
07.10.2002-18:00:00,07,10,2002,18,128.23
07.10.2002-21:00:00,07,10,2002,21,133.69
07.11.2002-00:00:00,07,11,2002,00,136.87
07.11.2002-03:00:00,07,11,2002,03,130.66
07.11.2002-06:00:00,07,11,2002,06,112.74
07.11.2002-09:00:00,07,11,2002,09,125.45
07.11.2002-12:00:00,07,11,2002,12,135.56
07.11.2002-15:00:00,07,11,2002,15,127.6
07.11.2002-18:00:00,07,11,2002,18,128.3
07.11.2002-21:00:00,07,11,2002,21,132.58
07.12.2002-00:00:00,07,12,2002,00,135.88
07.12.2002-03:00:00,07,12,2002,03,131.6
07.12.2002-06:00:00,07,12,2002,06,112.48
07.12.2002-09:00:00,07,12,2002,09,124.57
07.12.2002-12:00:00,07,12,2002,12,136.89
07.12.2002-15:00:00,07,12,2002,15,127.03
07.12.2002-18:00:00,07,12,2002,18,127.15
07.12.2002-21:00:00,07,12,2002,21,133.51
07.13.2002-00:00:00,07,13,2002,00,138.04
07.13.2002-03:00:00,07,13,2002,03,132.38
07.13.2002-06:00:00,07,13,2002,06,113.66
07.13.2002-09:00:00,07,13,2002,09,116.18
07.13.2002-12:00:00,07,13,2002,12,128.59
07.13.2002-15:00:00,07,13,2002,15,122.19
07.13.2002-18:00:00,07,13,2002,18,123.91
07.13.2002-21:00:00,07,13,2002,21,129.68
07.14.2002-00:00:00,07,14,2002,00,132.61
07.14.2002-03:00:00,07,14,2002,03,126.66
07.14.2002-06:00:00,07,14,2002,06,110.86
07.14.2002-09:00:00,07,14,2002,09,104.33
07.14.2002-12:00:00,07,14,2002,12,106.22
07.14.2002-15:00:00,07,14,2002,15,109.74
07.14.2002-18:00:00,07,14,2002,18,116.87
07.14.2002-21:00:00,07,14,2002,21,122.6
07.15.2002-00:00:00,07,15,2002,00,124.72
07.15.2002-03:00:00,07,15,2002,03,122.31
07.15.2002-06:00:00,07,15,2002,06,109.55
07.15.2002-09:00:00,07,15,2002,09,104.12
07.15.2002-12:00:00,07,15,2002,12,108.16
07.15.2002-15:00:00,07,15,2002,15,110.53
07.15.2002-18:00:00,07,15,2002,18,117.16
07.15.2002-21:00:00,07,15,2002,21,122.06
07.16.2002-00:00:00,07,16,2002,00,126.17
07.16.2002-03:00:00,07,16,2002,03,123.93
07.16.2002-06:00:00,07,16,2002,06,108.86
07.16.2002-09:00:00,07,16,2002,09,103.57
07.16.2002-12:00:00,07,16,2002,12,108.82
07.16.2002-15:00:00,07,16,2002,15,110.14
07.16.2002-18:00:00,07,16,2002,18,116.02
07.16.2002-21:00:00,07,16,2002,21,120.73
07.17.2002-00:00:00,07,17,2002,00,124.79
07.17.2002-03:00:00,07,17,2002,03,121.67
07.17.2002-06:00:00,07,17,2002,06,107.35
07.17.2002-09:00:00,07,17,2002,09,101.59
07.17.2002-12:00:00,07,17,2002,12,104.88
07.17.2002-15:00:00,07,17,2002,15,107.5
07.17.2002-18:00:00,07,17,2002,18,113.88
07.17.2002-21:00:00,07,17,2002,21,118.97
07.18.2002-00:00:00,07,18,2002,00,120.34
07.18.2002-03:00:00,07,18,2002,03,116.66
07.18.2002-06:00:00,07,18,2002,06,104.63
07.18.2002-09:00:00,07,18,2002,09,99.32
07.18.2002-12:00:00,07,18,2002,12,102.01
07.18.2002-15:00:00,07,18,2002,15,105.28
07.18.2002-18:00:00,07,18,2002,18,112.21
07.18.2002-21:00:00,07,18,2002,21,117.55
07.19.2002-00:00:00,07,19,2002,00,119.27
07.19.2002-03:00:00,07,19,2002,03,116.58
07.19.2002-06:00:00,07,19,2002,06,105.49
07.19.2002-09:00:00,07,19,2002,09,98.973
07.19.2002-12:00:00,07,19,2002,12,99.479
07.19.2002-15:00:00,07,19,2002,15,103.88
07.19.2002-18:00:00,07,19,2002,18,111.4
07.19.2002-21:00:00,07,19,2002,21,116.77
07.20.2002-00:00:00,07,20,2002,00,118.53
07.20.2002-03:00:00,07,20,2002,03,115.77
07.20.2002-06:00:00,07,20,2002,06,103.85
07.20.2002-09:00:00,07,20,2002,09,97.914
07.20.2002-12:00:00,07,20,2002,12,100.06
07.20.2002-15:00:00,07,20,2002,15,103.75
07.20.2002-18:00:00,07,20,2002,18,111.17
07.20.2002-21:00:00,07,20,2002,21,116.09
07.21.2002-00:00:00,07,21,2002,00,117.54
07.21.2002-03:00:00,07,21,2002,03,115.3
07.21.2002-06:00:00,07,21,2002,06,102.46
07.21.2002-09:00:00,07,21,2002,09,97.136
07.21.2002-12:00:00,07,21,2002,12,101.04
07.21.2002-15:00:00,07,21,2002,15,103.56
07.21.2002-18:00:00,07,21,2002,18,110.35
07.21.2002-21:00:00,07,21,2002,21,115.2
07.22.2002-00:00:00,07,22,2002,00,117.51
07.22.2002-03:00:00,07,22,2002,03,115.53
07.22.2002-06:00:00,07,22,2002,06,101.75
07.22.2002-09:00:00,07,22,2002,09,98.025
07.22.2002-12:00:00,07,22,2002,12,105.6
07.22.2002-15:00:00,07,22,2002,15,105.17
07.22.2002-18:00:00,07,22,2002,18,110.2
07.22.2002-21:00:00,07,22,2002,21,114.66
07.23.2002-00:00:00,07,23,2002,00,117.15
07.23.2002-03:00:00,07,23,2002,03,114.8
07.23.2002-06:00:00,07,23,2002,06,100.69
07.23.2002-09:00:00,07,23,2002,09,100.54
07.23.2002-12:00:00,07,23,2002,12,113.37
07.23.2002-15:00:00,07,23,2002,15,108.1
07.23.2002-18:00:00,07,23,2002,18,110.25
07.23.2002-21:00:00,07,23,2002,21,114.25
07.24.2002-00:00:00,07,24,2002,00,118.74
07.24.2002-03:00:00,07,24,2002,03,114.19
07.24.2002-06:00:00,07,24,2002,06,99.749
07.24.2002-09:00:00,07,24,2002,09,98.054
07.24.2002-12:00:00,07,24,2002,12,107.49
07.24.2002-15:00:00,07,24,2002,15,105.17
07.24.2002-18:00:00,07,24,2002,18,108.57
07.24.2002-21:00:00,07,24,2002,21,112.9
07.25.2002-00:00:00,07,25,2002,00,114.41
07.25.2002-03:00:00,07,25,2002,03,112.49
07.25.2002-06:00:00,07,25,2002,06,101.21
07.25.2002-09:00:00,07,25,2002,09,96.612
07.25.2002-12:00:00,07,25,2002,12,99.657
07.25.2002-15:00:00,07,25,2002,15,101.11
07.25.2002-18:00:00,07,25,2002,18,105.62
07.25.2002-21:00:00,07,25,2002,21,110.85
07.26.2002-00:00:00,07,26,2002,00,112.56
07.26.2002-03:00:00,07,26,2002,03,109.66
07.26.2002-06:00:00,07,26,2002,06,98.895
07.26.2002-09:00:00,07,26,2002,09,93.825
07.26.2002-12:00:00,07,26,2002,12,93.913
07.26.2002-15:00:00,07,26,2002,15,95.891
07.26.2002-18:00:00,07,26,2002,18,103.5
07.26.2002-21:00:00,07,26,2002,21,109.71
07.27.2002-00:00:00,07,27,2002,00,112.05
07.27.2002-03:00:00,07,27,2002,03,111.05
07.27.2002-06:00:00,07,27,2002,06,100.58
07.27.2002-09:00:00,07,27,2002,09,94.138
07.27.2002-12:00:00,07,27,2002,12,93.738
07.27.2002-15:00:00,07,27,2002,15,96.878
07.27.2002-18:00:00,07,27,2002,18,103.8
07.27.2002-21:00:00,07,27,2002,21,109.08
07.28.2002-00:00:00,07,28,2002,00,110.12
07.28.2002-03:00:00,07,28,2002,03,108.88
07.28.2002-06:00:00,07,28,2002,06,102.76
07.28.2002-09:00:00,07,28,2002,09,97.676
07.28.2002-12:00:00,07,28,2002,12,97.322
07.28.2002-15:00:00,07,28,2002,15,99.565
07.28.2002-18:00:00,07,28,2002,18,103.56
07.28.2002-21:00:00,07,28,2002,21,109.77
07.29.2002-00:00:00,07,29,2002,00,112.91
07.29.2002-03:00:00,07,29,2002,03,110.29
07.29.2002-06:00:00,07,29,2002,06,103.98
07.29.2002-09:00:00,07,29,2002,09,99.099
07.29.2002-12:00:00,07,29,2002,12,98.402
07.29.2002-15:00:00,07,29,2002,15,100.11
07.29.2002-18:00:00,07,29,2002,18,104.95
07.29.2002-21:00:00,07,29,2002,21,111.19
07.30.2002-00:00:00,07,30,2002,00,113.53
07.30.2002-03:00:00,07,30,2002,03,109.95
07.30.2002-06:00:00,07,30,2002,06,100.16
07.30.2002-09:00:00,07,30,2002,09,93.757
07.30.2002-12:00:00,07,30,2002,12,92.819
07.30.2002-15:00:00,07,30,2002,15,96.341
07.30.2002-18:00:00,07,30,2002,18,102.35
07.30.2002-21:00:00,07,30,2002,21,107.52
07.31.2002-00:00:00,07,31,2002,00,110.16
07.31.2002-03:00:00,07,31,2002,03,109.15
07.31.2002-06:00:00,07,31,2002,06,98.693
07.31.2002-09:00:00,07,31,2002,09,91.721
07.31.2002-12:00:00,07,31,2002,12,91.013
07.31.2002-15:00:00,07,31,2002,15,93.523
07.31.2002-18:00:00,07,31,2002,18,102.03
07.31.2002-21:00:00,07,31,2002,21,107.49
08.01.2002-00:00:00,08,01,2002,00,109.79
08.01.2002-03:00:00,08,01,2002,03,106.64
08.01.2002-06:00:00,08,01,2002,06,97.609
08.01.2002-09:00:00,08,01,2002,09,90.837
08.01.2002-12:00:00,08,01,2002,12,90.307
08.01.2002-15:00:00,08,01,2002,15,94.433
08.01.2002-18:00:00,08,01,2002,18,102.54
08.01.2002-21:00:00,08,01,2002,21,106.9
08.02.2002-00:00:00,08,02,2002,00,107.9
08.02.2002-03:00:00,08,02,2002,03,103.16
08.02.2002-06:00:00,08,02,2002,06,94.833
08.02.2002-09:00:00,08,02,2002,09,89.539
08.02.2002-12:00:00,08,02,2002,12,89.139
08.02.2002-15:00:00,08,02,2002,15,92.568
08.02.2002-18:00:00,08,02,2002,18,100.39
08.02.2002-21:00:00,08,02,2002,21,105.65
08.03.2002-00:00:00,08,03,2002,00,107.3
08.03.2002-03:00:00,08,03,2002,03,105.15
08.03.2002-06:00:00,08,03,2002,06,97.195
08.03.2002-09:00:00,08,03,2002,09,90.161
08.03.2002-12:00:00,08,03,2002,12,89.288
08.03.2002-15:00:00,08,03,2002,15,93.575
08.03.2002-18:00:00,08,03,2002,18,101.16
08.03.2002-21:00:00,08,03,2002,21,105.3
08.04.2002-00:00:00,08,04,2002,00,106.2
08.04.2002-03:00:00,08,04,2002,03,99.856
08.04.2002-06:00:00,08,04,2002,06,93.512
08.04.2002-09:00:00,08,04,2002,09,88.98
08.04.2002-12:00:00,08,04,2002,12,88.379
08.04.2002-15:00:00,08,04,2002,15,91.611
08.04.2002-18:00:00,08,04,2002,18,99.212
08.04.2002-21:00:00,08,04,2002,21,104.26
08.05.2002-00:00:00,08,05,2002,00,105.87
08.05.2002-03:00:00,08,05,2002,03,102.84
08.05.2002-06:00:00,08,05,2002,06,96.519
08.05.2002-09:00:00,08,05,2002,09,89.738
08.05.2002-12:00:00,08,05,2002,12,88.568
08.05.2002-15:00:00,08,05,2002,15,93.268
08.05.2002-18:00:00,08,05,2002,18,100.29
08.05.2002-21:00:00,08,05,2002,21,104.2
08.06.2002-00:00:00,08,06,2002,00,105.32
08.06.2002-03:00:00,08,06,2002,03,103.42
08.06.2002-06:00:00,08,06,2002,06,96.699
08.06.2002-09:00:00,08,06,2002,09,90.012
08.06.2002-12:00:00,08,06,2002,12,88.795
08.06.2002-15:00:00,08,06,2002,15,93.954
08.06.2002-18:00:00,08,06,2002,18,99.98
08.06.2002-21:00:00,08,06,2002,21,104.11
08.07.2002-00:00:00,08,07,2002,00,106.82
08.07.2002-03:00:00,08,07,2002,03,103.62
08.07.2002-06:00:00,08,07,2002,06,95.15
08.07.2002-09:00:00,08,07,2002,09,88.247
08.07.2002-12:00:00,08,07,2002,12,87.328
08.07.2002-15:00:00,08,07,2002,15,91.095
08.07.2002-18:00:00,08,07,2002,18,98.738
08.07.2002-21:00:00,08,07,2002,21,103.02
08.08.2002-00:00:00,08,08,2002,00,104.09
08.08.2002-03:00:00,08,08,2002,03,97.594
08.08.2002-06:00:00,08,08,2002,06,89.936
08.08.2002-09:00:00,08,08,2002,09,85.575
08.08.2002-12:00:00,08,08,2002,12,86.108
08.08.2002-15:00:00,08,08,2002,15,89.409
08.08.2002-18:00:00,08,08,2002,18,96.099
08.08.2002-21:00:00,08,08,2002,21,101.16
08.09.2002-00:00:00,08,09,2002,00,102.46
08.09.2002-03:00:00,08,09,2002,03,95.582
08.09.2002-06:00:00,08,09,2002,06,88.13
08.09.2002-09:00:00,08,09,2002,09,84.542
08.09.2002-12:00:00,08,09,2002,12,85.149
08.09.2002-15:00:00,08,09,2002,15,88.164
08.09.2002-18:00:00,08,09,2002,18,93.312
08.09.2002-21:00:00,08,09,2002,21,99.225
08.10.2002-00:00:00,08,10,2002,00,101
08.10.2002-03:00:00,08,10,2002,03,95.692
08.10.2002-06:00:00,08,10,2002,06,87.724
08.10.2002-09:00:00,08,10,2002,09,83.748
08.10.2002-12:00:00,08,10,2002,12,83.901
08.10.2002-15:00:00,08,10,2002,15,86.933
08.10.2002-18:00:00,08,10,2002,18,91.014
08.10.2002-21:00:00,08,10,2002,21,97.898
08.11.2002-00:00:00,08,11,2002,00,100.45
08.11.2002-03:00:00,08,11,2002,03,95.58
08.11.2002-06:00:00,08,11,2002,06,87.096
08.11.2002-09:00:00,08,11,2002,09,82.76
08.11.2002-12:00:00,08,11,2002,12,83.249
08.11.2002-15:00:00,08,11,2002,15,86.634
08.11.2002-18:00:00,08,11,2002,18,91.225
08.11.2002-21:00:00,08,11,2002,21,97.635
08.12.2002-00:00:00,08,12,2002,00,99.864
08.12.2002-03:00:00,08,12,2002,03,93.22
08.12.2002-06:00:00,08,12,2002,06,85.434
08.12.2002-09:00:00,08,12,2002,09,82.22
08.12.2002-12:00:00,08,12,2002,12,84.136
08.12.2002-15:00:00,08,12,2002,15,86.803
08.12.2002-18:00:00,08,12,2002,18,92.432
08.12.2002-21:00:00,08,12,2002,21,97.588
08.13.2002-00:00:00,08,13,2002,00,99.168
08.13.2002-03:00:00,08,13,2002,03,91.774
08.13.2002-06:00:00,08,13,2002,06,84.085
08.13.2002-09:00:00,08,13,2002,09,85.221
08.13.2002-12:00:00,08,13,2002,12,97.079
08.13.2002-15:00:00,08,13,2002,15,93.703
08.13.2002-18:00:00,08,13,2002,18,94.843
08.13.2002-21:00:00,08,13,2002,21,97.841
08.14.2002-00:00:00,08,14,2002,00,98.418
08.14.2002-03:00:00,08,14,2002,03,93.09
08.14.2002-06:00:00,08,14,2002,06,85.341
08.14.2002-09:00:00,08,14,2002,09,82.154
08.14.2002-12:00:00,08,14,2002,12,83.312
08.14.2002-15:00:00,08,14,2002,15,85.428
08.14.2002-18:00:00,08,14,2002,18,89.298
08.14.2002-21:00:00,08,14,2002,21,95.719
08.15.2002-00:00:00,08,15,2002,00,98.323
08.15.2002-03:00:00,08,15,2002,03,93.706
08.15.2002-06:00:00,08,15,2002,06,85.124
08.15.2002-09:00:00,08,15,2002,09,80.972
08.15.2002-12:00:00,08,15,2002,12,82.212
08.15.2002-15:00:00,08,15,2002,15,85.309
08.15.2002-18:00:00,08,15,2002,18,89.926
08.15.2002-21:00:00,08,15,2002,21,95.853
08.16.2002-00:00:00,08,16,2002,00,97.832
08.16.2002-03:00:00,08,16,2002,03,90.436
08.16.2002-06:00:00,08,16,2002,06,83.655
08.16.2002-09:00:00,08,16,2002,09,79.965
08.16.2002-12:00:00,08,16,2002,12,80.431
08.16.2002-15:00:00,08,16,2002,15,84.227
08.16.2002-18:00:00,08,16,2002,18,87.536
08.16.2002-21:00:00,08,16,2002,21,94.932
08.17.2002-00:00:00,08,17,2002,00,97.955
08.17.2002-03:00:00,08,17,2002,03,93.76
08.17.2002-06:00:00,08,17,2002,06,86.885
08.17.2002-09:00:00,08,17,2002,09,80.959
08.17.2002-12:00:00,08,17,2002,12,81.032
08.17.2002-15:00:00,08,17,2002,15,84.891
08.17.2002-18:00:00,08,17,2002,18,91.006
08.17.2002-21:00:00,08,17,2002,21,96.161
08.18.2002-00:00:00,08,18,2002,00,97.703
08.18.2002-03:00:00,08,18,2002,03,93.583
08.18.2002-06:00:00,08,18,2002,06,85.611
08.18.2002-09:00:00,08,18,2002,09,80.292
08.18.2002-12:00:00,08,18,2002,12,80.725
08.18.2002-15:00:00,08,18,2002,15,84.406
08.18.2002-18:00:00,08,18,2002,18,89.935
08.18.2002-21:00:00,08,18,2002,21,95.356
08.19.2002-00:00:00,08,19,2002,00,96.801
08.19.2002-03:00:00,08,19,2002,03,93.849
08.19.2002-06:00:00,08,19,2002,06,86.754
08.19.2002-09:00:00,08,19,2002,09,81.481
08.19.2002-12:00:00,08,19,2002,12,81.326
08.19.2002-15:00:00,08,19,2002,15,83.92
08.19.2002-18:00:00,08,19,2002,18,89.623
08.19.2002-21:00:00,08,19,2002,21,94.829
08.20.2002-00:00:00,08,20,2002,00,96.331
08.20.2002-03:00:00,08,20,2002,03,93.165
08.20.2002-06:00:00,08,20,2002,06,85.534
08.20.2002-09:00:00,08,20,2002,09,80.539
08.20.2002-12:00:00,08,20,2002,12,80.371
08.20.2002-15:00:00,08,20,2002,15,83.423
08.20.2002-18:00:00,08,20,2002,18,88.224
08.20.2002-21:00:00,08,20,2002,21,94.166
08.21.2002-00:00:00,08,21,2002,00,96.054
08.21.2002-03:00:00,08,21,2002,03,91.684
08.21.2002-06:00:00,08,21,2002,06,84.306
08.21.2002-09:00:00,08,21,2002,09,79.754
08.21.2002-12:00:00,08,21,2002,12,79.814
08.21.2002-15:00:00,08,21,2002,15,83.12
08.21.2002-18:00:00,08,21,2002,18,87.451
08.21.2002-21:00:00,08,21,2002,21,93.704
08.22.2002-00:00:00,08,22,2002,00,95.827
08.22.2002-03:00:00,08,22,2002,03,90.164
08.22.2002-06:00:00,08,22,2002,06,83.34
08.22.2002-09:00:00,08,22,2002,09,79.143
08.22.2002-12:00:00,08,22,2002,12,79.365
08.22.2002-15:00:00,08,22,2002,15,82.912
08.22.2002-18:00:00,08,22,2002,18,87.042
08.22.2002-21:00:00,08,22,2002,21,93.427
08.23.2002-00:00:00,08,23,2002,00,95.685
08.23.2002-03:00:00,08,23,2002,03,91.626
08.23.2002-06:00:00,08,23,2002,06,83.117
08.23.2002-09:00:00,08,23,2002,09,78.546
08.23.2002-12:00:00,08,23,2002,12,79.866
08.23.2002-15:00:00,08,23,2002,15,83.154
08.23.2002-18:00:00,08,23,2002,18,87.665
08.23.2002-21:00:00,08,23,2002,21,93.542
08.24.2002-00:00:00,08,24,2002,00,95.597
08.24.2002-03:00:00,08,24,2002,03,90.766
08.24.2002-06:00:00,08,24,2002,06,83.04
08.24.2002-09:00:00,08,24,2002,09,79.126
08.24.2002-12:00:00,08,24,2002,12,81.82
08.24.2002-15:00:00,08,24,2002,15,84.51
08.24.2002-18:00:00,08,24,2002,18,90.727
08.24.2002-21:00:00,08,24,2002,21,94.189
08.25.2002-00:00:00,08,25,2002,00,96.669
08.25.2002-03:00:00,08,25,2002,03,99.43
08.25.2002-06:00:00,08,25,2002,06,94.096
08.25.2002-09:00:00,08,25,2002,09,85.604
08.25.2002-12:00:00,08,25,2002,12,83.085
08.25.2002-15:00:00,08,25,2002,15,88.857
08.25.2002-18:00:00,08,25,2002,18,95.776
08.25.2002-21:00:00,08,25,2002,21,103.02
08.26.2002-00:00:00,08,26,2002,00,103.11
08.26.2002-03:00:00,08,26,2002,03,98.552
08.26.2002-06:00:00,08,26,2002,06,90.271
08.26.2002-09:00:00,08,26,2002,09,82.078
08.26.2002-12:00:00,08,26,2002,12,80.615
08.26.2002-15:00:00,08,26,2002,15,83.89
08.26.2002-18:00:00,08,26,2002,18,91.749
08.26.2002-21:00:00,08,26,2002,21,96.824
08.27.2002-00:00:00,08,27,2002,00,98.176
08.27.2002-03:00:00,08,27,2002,03,92.549
08.27.2002-06:00:00,08,27,2002,06,82.688
08.27.2002-09:00:00,08,27,2002,09,77.76
08.27.2002-12:00:00,08,27,2002,12,78.931
08.27.2002-15:00:00,08,27,2002,15,82.216
08.27.2002-18:00:00,08,27,2002,18,86.222
08.27.2002-21:00:00,08,27,2002,21,92.257
08.28.2002-00:00:00,08,28,2002,00,94.386
08.28.2002-03:00:00,08,28,2002,03,90.437
08.28.2002-06:00:00,08,28,2002,06,82.272
08.28.2002-09:00:00,08,28,2002,09,77.911
08.28.2002-12:00:00,08,28,2002,12,80.124
08.28.2002-15:00:00,08,28,2002,15,82.632
08.28.2002-18:00:00,08,28,2002,18,88.54
08.28.2002-21:00:00,08,28,2002,21,92.743
08.29.2002-00:00:00,08,29,2002,00,93.75
08.29.2002-03:00:00,08,29,2002,03,90.462
08.29.2002-06:00:00,08,29,2002,06,83.111
08.29.2002-09:00:00,08,29,2002,09,78.455
08.29.2002-12:00:00,08,29,2002,12,79.311
08.29.2002-15:00:00,08,29,2002,15,81.679
08.29.2002-18:00:00,08,29,2002,18,86.644
08.29.2002-21:00:00,08,29,2002,21,91.582
08.30.2002-00:00:00,08,30,2002,00,93.234
08.30.2002-03:00:00,08,30,2002,03,88.503
08.30.2002-06:00:00,08,30,2002,06,81.697
08.30.2002-09:00:00,08,30,2002,09,77.22
08.30.2002-12:00:00,08,30,2002,12,77.359
08.30.2002-15:00:00,08,30,2002,15,80.785
08.30.2002-18:00:00,08,30,2002,18,83.898
08.30.2002-21:00:00,08,30,2002,21,90.61
08.31.2002-00:00:00,08,31,2002,00,93.214
08.31.2002-03:00:00,08,31,2002,03,89.702
08.31.2002-06:00:00,08,31,2002,06,83.217
08.31.2002-09:00:00,08,31,2002,09,78.106
08.31.2002-12:00:00,08,31,2002,12,78.037
08.31.2002-15:00:00,08,31,2002,15,81.068
08.31.2002-18:00:00,08,31,2002,18,85.656
08.31.2002-21:00:00,08,31,2002,21,90.962
09.01.2002-00:00:00,09,01,2002,00,91.67
09.01.2002-03:00:00,09,01,2002,03,89.331
09.01.2002-06:00:00,09,01,2002,06,84.63
09.01.2002-09:00:00,09,01,2002,09,79.925
09.01.2002-12:00:00,09,01,2002,12,79.02
09.01.2002-15:00:00,09,01,2002,15,80.521
09.01.2002-18:00:00,09,01,2002,18,85.532
09.01.2002-21:00:00,09,01,2002,21,91.603
09.02.2002-00:00:00,09,02,2002,00,95.165
09.02.2002-03:00:00,09,02,2002,03,92.837
09.02.2002-06:00:00,09,02,2002,06,83.107
09.02.2002-09:00:00,09,02,2002,09,77.355
09.02.2002-12:00:00,09,02,2002,12,77.214
09.02.2002-15:00:00,09,02,2002,15,80.928
09.02.2002-18:00:00,09,02,2002,18,85.935
09.02.2002-21:00:00,09,02,2002,21,90.709
09.03.2002-00:00:00,09,03,2002,00,92.18
09.03.2002-03:00:00,09,03,2002,03,90.446
09.03.2002-06:00:00,09,03,2002,06,83.235
09.03.2002-09:00:00,09,03,2002,09,78.139
09.03.2002-12:00:00,09,03,2002,12,77.681
09.03.2002-15:00:00,09,03,2002,15,80.887
09.03.2002-18:00:00,09,03,2002,18,86.865
09.03.2002-21:00:00,09,03,2002,21,91.198
09.04.2002-00:00:00,09,04,2002,00,92.584
09.04.2002-03:00:00,09,04,2002,03,91.526
09.04.2002-06:00:00,09,04,2002,06,84.568
09.04.2002-09:00:00,09,04,2002,09,78.074
09.04.2002-12:00:00,09,04,2002,12,77.341
09.04.2002-15:00:00,09,04,2002,15,81.335
09.04.2002-18:00:00,09,04,2002,18,88.063
09.04.2002-21:00:00,09,04,2002,21,91.626
09.05.2002-00:00:00,09,05,2002,00,92.823
09.05.2002-03:00:00,09,05,2002,03,92.105
09.05.2002-06:00:00,09,05,2002,06,84.886
09.05.2002-09:00:00,09,05,2002,09,78.134
09.05.2002-12:00:00,09,05,2002,12,77.292
09.05.2002-15:00:00,09,05,2002,15,81.532
09.05.2002-18:00:00,09,05,2002,18,88.71
09.05.2002-21:00:00,09,05,2002,21,92.113
09.06.2002-00:00:00,09,06,2002,00,92.672
09.06.2002-03:00:00,09,06,2002,03,92.293
09.06.2002-06:00:00,09,06,2002,06,86.005
09.06.2002-09:00:00,09,06,2002,09,78.344
09.06.2002-12:00:00,09,06,2002,12,77.184
09.06.2002-15:00:00,09,06,2002,15,81.391
09.06.2002-18:00:00,09,06,2002,18,88.63
09.06.2002-21:00:00,09,06,2002,21,91.7
09.07.2002-00:00:00,09,07,2002,00,93.183
09.07.2002-03:00:00,09,07,2002,03,93.921
09.07.2002-06:00:00,09,07,2002,06,88.16
09.07.2002-09:00:00,09,07,2002,09,80.864
09.07.2002-12:00:00,09,07,2002,12,78.729
09.07.2002-15:00:00,09,07,2002,15,84.285
09.07.2002-18:00:00,09,07,2002,18,90.422
09.07.2002-21:00:00,09,07,2002,21,92.849
09.08.2002-00:00:00,09,08,2002,00,92.781
09.08.2002-03:00:00,09,08,2002,03,93.913
09.08.2002-06:00:00,09,08,2002,06,88.359
09.08.2002-09:00:00,09,08,2002,09,80.098
09.08.2002-12:00:00,09,08,2002,12,78.24
09.08.2002-15:00:00,09,08,2002,15,83.075
09.08.2002-18:00:00,09,08,2002,18,88.843
09.08.2002-21:00:00,09,08,2002,21,91.396
09.09.2002-00:00:00,09,09,2002,00,91.882
09.09.2002-03:00:00,09,09,2002,03,92.095
09.09.2002-06:00:00,09,09,2002,06,83.287
09.09.2002-09:00:00,09,09,2002,09,76.304
09.09.2002-12:00:00,09,09,2002,12,75.855
09.09.2002-15:00:00,09,09,2002,15,80.303
09.09.2002-18:00:00,09,09,2002,18,85.505
09.09.2002-21:00:00,09,09,2002,21,89.923
09.10.2002-00:00:00,09,10,2002,00,91.362
09.10.2002-03:00:00,09,10,2002,03,89.974
09.10.2002-06:00:00,09,10,2002,06,82.407
09.10.2002-09:00:00,09,10,2002,09,75.609
09.10.2002-12:00:00,09,10,2002,12,75.526
09.10.2002-15:00:00,09,10,2002,15,80.167
09.10.2002-18:00:00,09,10,2002,18,84.98
09.10.2002-21:00:00,09,10,2002,21,89.392
09.11.2002-00:00:00,09,11,2002,00,90.785
09.11.2002-03:00:00,09,11,2002,03,89.164
09.11.2002-06:00:00,09,11,2002,06,80.663
09.11.2002-09:00:00,09,11,2002,09,74.664
09.11.2002-12:00:00,09,11,2002,12,75.554
09.11.2002-15:00:00,09,11,2002,15,79.9
09.11.2002-18:00:00,09,11,2002,18,84.384
09.11.2002-21:00:00,09,11,2002,21,88.823
09.12.2002-00:00:00,09,12,2002,00,90.347
09.12.2002-03:00:00,09,12,2002,03,89.078
09.12.2002-06:00:00,09,12,2002,06,80.608
09.12.2002-09:00:00,09,12,2002,09,74.676
09.12.2002-12:00:00,09,12,2002,12,76.491
09.12.2002-15:00:00,09,12,2002,15,80.134
09.12.2002-18:00:00,09,12,2002,18,85.525
09.12.2002-21:00:00,09,12,2002,21,88.795
09.13.2002-00:00:00,09,13,2002,00,89.619
09.13.2002-03:00:00,09,13,2002,03,87.924
09.13.2002-06:00:00,09,13,2002,06,79.09
09.13.2002-09:00:00,09,13,2002,09,73.714
09.13.2002-12:00:00,09,13,2002,12,75.221
09.13.2002-15:00:00,09,13,2002,15,79.232
09.13.2002-18:00:00,09,13,2002,18,82.543
09.13.2002-21:00:00,09,13,2002,21,87.594
09.14.2002-00:00:00,09,14,2002,00,89.568
09.14.2002-03:00:00,09,14,2002,03,88.999
09.14.2002-06:00:00,09,14,2002,06,81.074
09.14.2002-09:00:00,09,14,2002,09,74.338
09.14.2002-12:00:00,09,14,2002,12,75.385
09.14.2002-15:00:00,09,14,2002,15,79.439
09.14.2002-18:00:00,09,14,2002,18,84.189
09.14.2002-21:00:00,09,14,2002,21,88
09.15.2002-00:00:00,09,15,2002,00,89.088
09.15.2002-03:00:00,09,15,2002,03,88.593
09.15.2002-06:00:00,09,15,2002,06,81.477
09.15.2002-09:00:00,09,15,2002,09,75.082
09.15.2002-12:00:00,09,15,2002,12,75.019
09.15.2002-15:00:00,09,15,2002,15,78.427
09.15.2002-18:00:00,09,15,2002,18,82.36
09.15.2002-21:00:00,09,15,2002,21,86.883
09.16.2002-00:00:00,09,16,2002,00,88.183
09.16.2002-03:00:00,09,16,2002,03,88.256
09.16.2002-06:00:00,09,16,2002,06,80.914
09.16.2002-09:00:00,09,16,2002,09,75.18
09.16.2002-12:00:00,09,16,2002,12,74.566
09.16.2002-15:00:00,09,16,2002,15,77.685
09.16.2002-18:00:00,09,16,2002,18,81.149
09.16.2002-21:00:00,09,16,2002,21,86.266
09.17.2002-00:00:00,09,17,2002,00,88.04
09.17.2002-03:00:00,09,17,2002,03,88.486
09.17.2002-06:00:00,09,17,2002,06,83.691
09.17.2002-09:00:00,09,17,2002,09,77.248
09.17.2002-12:00:00,09,17,2002,12,75.86
09.17.2002-15:00:00,09,17,2002,15,78.196
09.17.2002-18:00:00,09,17,2002,18,84.272
09.17.2002-21:00:00,09,17,2002,21,87.636
09.18.2002-00:00:00,09,18,2002,00,90.263
09.18.2002-03:00:00,09,18,2002,03,91.754
09.18.2002-06:00:00,09,18,2002,06,84.506
09.18.2002-09:00:00,09,18,2002,09,76.487
09.18.2002-12:00:00,09,18,2002,12,75.047
09.18.2002-15:00:00,09,18,2002,15,78.508
09.18.2002-18:00:00,09,18,2002,18,84.733
09.18.2002-21:00:00,09,18,2002,21,87.968
09.19.2002-00:00:00,09,19,2002,00,88.834
09.19.2002-03:00:00,09,19,2002,03,89.64
09.19.2002-06:00:00,09,19,2002,06,83.555
09.19.2002-09:00:00,09,19,2002,09,75.28
09.19.2002-12:00:00,09,19,2002,12,73.948
09.19.2002-15:00:00,09,19,2002,15,78.393
09.19.2002-18:00:00,09,19,2002,18,83.729
09.19.2002-21:00:00,09,19,2002,21,87.509
09.20.2002-00:00:00,09,20,2002,00,88.645
09.20.2002-03:00:00,09,20,2002,03,89.018
09.20.2002-06:00:00,09,20,2002,06,83.317
09.20.2002-09:00:00,09,20,2002,09,75.55
09.20.2002-12:00:00,09,20,2002,12,74.172
09.20.2002-15:00:00,09,20,2002,15,78.414
09.20.2002-18:00:00,09,20,2002,18,84.567
09.20.2002-21:00:00,09,20,2002,21,87.829
09.21.2002-00:00:00,09,21,2002,00,88.712
09.21.2002-03:00:00,09,21,2002,03,89.079
09.21.2002-06:00:00,09,21,2002,06,84.788
09.21.2002-09:00:00,09,21,2002,09,76.003
09.21.2002-12:00:00,09,21,2002,12,74.137
09.21.2002-15:00:00,09,21,2002,15,78.485
09.21.2002-18:00:00,09,21,2002,18,85.071
09.21.2002-21:00:00,09,21,2002,21,87.943
09.22.2002-00:00:00,09,22,2002,00,88.609
09.22.2002-03:00:00,09,22,2002,03,88.926
09.22.2002-06:00:00,09,22,2002,06,83.999
09.22.2002-09:00:00,09,22,2002,09,74.921
09.22.2002-12:00:00,09,22,2002,12,73.363
09.22.2002-15:00:00,09,22,2002,15,78.087
09.22.2002-18:00:00,09,22,2002,18,83.622
09.22.2002-21:00:00,09,22,2002,21,87.177
09.23.2002-00:00:00,09,23,2002,00,88.205
09.23.2002-03:00:00,09,23,2002,03,88.554
09.23.2002-06:00:00,09,23,2002,06,82.787
09.23.2002-09:00:00,09,23,2002,09,74.039
09.23.2002-12:00:00,09,23,2002,12,72.985
09.23.2002-15:00:00,09,23,2002,15,77.712
09.23.2002-18:00:00,09,23,2002,18,82.675
09.23.2002-21:00:00,09,23,2002,21,86.386
09.24.2002-00:00:00,09,24,2002,00,87.383
09.24.2002-03:00:00,09,24,2002,03,87.672
09.24.2002-06:00:00,09,24,2002,06,82.147
09.24.2002-09:00:00,09,24,2002,09,74.988
09.24.2002-12:00:00,09,24,2002,12,73.731
09.24.2002-15:00:00,09,24,2002,15,77.004
09.24.2002-18:00:00,09,24,2002,18,82.891
09.24.2002-21:00:00,09,24,2002,21,86.266
09.25.2002-00:00:00,09,25,2002,00,87.245
09.25.2002-03:00:00,09,25,2002,03,87.913
09.25.2002-06:00:00,09,25,2002,06,81.81
09.25.2002-09:00:00,09,25,2002,09,73.47
09.25.2002-12:00:00,09,25,2002,12,72.297
09.25.2002-15:00:00,09,25,2002,15,76.932
09.25.2002-18:00:00,09,25,2002,18,81.725
09.25.2002-21:00:00,09,25,2002,21,85.732
09.26.2002-00:00:00,09,26,2002,00,86.925
09.26.2002-03:00:00,09,26,2002,03,87.32
09.26.2002-06:00:00,09,26,2002,06,84.141
09.26.2002-09:00:00,09,26,2002,09,76.761
09.26.2002-12:00:00,09,26,2002,12,74.857
09.26.2002-15:00:00,09,26,2002,15,78.979
09.26.2002-18:00:00,09,26,2002,18,84.744
09.26.2002-21:00:00,09,26,2002,21,86.618
09.27.2002-00:00:00,09,27,2002,00,88.954
09.27.2002-03:00:00,09,27,2002,03,89.852
09.27.2002-06:00:00,09,27,2002,06,82.66
09.27.2002-09:00:00,09,27,2002,09,74.311
09.27.2002-12:00:00,09,27,2002,12,72.781
09.27.2002-15:00:00,09,27,2002,15,76.767
09.27.2002-18:00:00,09,27,2002,18,83.086
09.27.2002-21:00:00,09,27,2002,21,86.116
09.28.2002-00:00:00,09,28,2002,00,86.909
09.28.2002-03:00:00,09,28,2002,03,87.281
09.28.2002-06:00:00,09,28,2002,06,83.154
09.28.2002-09:00:00,09,28,2002,09,74.56
09.28.2002-12:00:00,09,28,2002,12,72.695
09.28.2002-15:00:00,09,28,2002,15,76.894
09.28.2002-18:00:00,09,28,2002,18,83.567
09.28.2002-21:00:00,09,28,2002,21,86.048
09.29.2002-00:00:00,09,29,2002,00,86.34
09.29.2002-03:00:00,09,29,2002,03,86.539
09.29.2002-06:00:00,09,29,2002,06,83.852
09.29.2002-09:00:00,09,29,2002,09,76.787
09.29.2002-12:00:00,09,29,2002,12,74.888
09.29.2002-15:00:00,09,29,2002,15,79.324
09.29.2002-18:00:00,09,29,2002,18,84.465
09.29.2002-21:00:00,09,29,2002,21,87.418
09.30.2002-00:00:00,09,30,2002,00,88.768
09.30.2002-03:00:00,09,30,2002,03,89.219
09.30.2002-06:00:00,09,30,2002,06,85.321
09.30.2002-09:00:00,09,30,2002,09,78.096
09.30.2002-12:00:00,09,30,2002,12,76.276
09.30.2002-15:00:00,09,30,2002,15,80.399
09.30.2002-18:00:00,09,30,2002,18,85.057
09.30.2002-21:00:00,09,30,2002,21,88.225
