TIMESTAMP,MONTH,DAY,YEAR,HOUR,C
10.01.2001-00:00:00,10,01,2001,00,336.87
10.01.2001-03:00:00,10,01,2001,03,337.17
10.01.2001-06:00:00,10,01,2001,06,328.24
10.01.2001-09:00:00,10,01,2001,09,294.55
10.01.2001-12:00:00,10,01,2001,12,290.94
10.01.2001-15:00:00,10,01,2001,15,311.6
10.01.2001-18:00:00,10,01,2001,18,326.53
10.01.2001-21:00:00,10,01,2001,21,332.17
10.02.2001-00:00:00,10,02,2001,00,332.97
10.02.2001-03:00:00,10,02,2001,03,333.15
10.02.2001-06:00:00,10,02,2001,06,322.64
10.02.2001-09:00:00,10,02,2001,09,291.36
10.02.2001-12:00:00,10,02,2001,12,288.26
10.02.2001-15:00:00,10,02,2001,15,308.84
10.02.2001-18:00:00,10,02,2001,18,322.75
10.02.2001-21:00:00,10,02,2001,21,328.69
10.03.2001-00:00:00,10,03,2001,00,329.61
10.03.2001-03:00:00,10,03,2001,03,329.94
10.03.2001-06:00:00,10,03,2001,06,325.9
10.03.2001-09:00:00,10,03,2001,09,290.11
10.03.2001-12:00:00,10,03,2001,12,286.21
10.03.2001-15:00:00,10,03,2001,15,306.96
10.03.2001-18:00:00,10,03,2001,18,319.82
10.03.2001-21:00:00,10,03,2001,21,325.63
10.04.2001-00:00:00,10,04,2001,00,326.54
10.04.2001-03:00:00,10,04,2001,03,326.77
10.04.2001-06:00:00,10,04,2001,06,326.38
10.04.2001-09:00:00,10,04,2001,09,289.49
10.04.2001-12:00:00,10,04,2001,12,285.44
10.04.2001-15:00:00,10,04,2001,15,306.16
10.04.2001-18:00:00,10,04,2001,18,318.4
10.04.2001-21:00:00,10,04,2001,21,323.14
10.05.2001-00:00:00,10,05,2001,00,323.83
10.05.2001-03:00:00,10,05,2001,03,323.81
10.05.2001-06:00:00,10,05,2001,06,323.7
10.05.2001-09:00:00,10,05,2001,09,289.78
10.05.2001-12:00:00,10,05,2001,12,285.31
10.05.2001-15:00:00,10,05,2001,15,306.4
10.05.2001-18:00:00,10,05,2001,18,317.64
10.05.2001-21:00:00,10,05,2001,21,320.93
10.06.2001-00:00:00,10,06,2001,00,321.22
10.06.2001-03:00:00,10,06,2001,03,321.13
10.06.2001-06:00:00,10,06,2001,06,321.01
10.06.2001-09:00:00,10,06,2001,09,290.93
10.06.2001-12:00:00,10,06,2001,12,286.57
10.06.2001-15:00:00,10,06,2001,15,306.17
10.06.2001-18:00:00,10,06,2001,18,316.01
10.06.2001-21:00:00,10,06,2001,21,318.42
10.07.2001-00:00:00,10,07,2001,00,318.65
10.07.2001-03:00:00,10,07,2001,03,318.61
10.07.2001-06:00:00,10,07,2001,06,318.49
10.07.2001-09:00:00,10,07,2001,09,294.32
10.07.2001-12:00:00,10,07,2001,12,290.35
10.07.2001-15:00:00,10,07,2001,15,307.13
10.07.2001-18:00:00,10,07,2001,18,315.47
10.07.2001-21:00:00,10,07,2001,21,316.45
10.08.2001-00:00:00,10,08,2001,00,316.48
10.08.2001-03:00:00,10,08,2001,03,316.35
10.08.2001-06:00:00,10,08,2001,06,316.21
10.08.2001-09:00:00,10,08,2001,09,314.85
10.08.2001-12:00:00,10,08,2001,12,294.17
10.08.2001-15:00:00,10,08,2001,15,307.26
10.08.2001-18:00:00,10,08,2001,18,314.16
10.08.2001-21:00:00,10,08,2001,21,314.7
10.09.2001-00:00:00,10,09,2001,00,314.39
10.09.2001-03:00:00,10,09,2001,03,314.26
10.09.2001-06:00:00,10,09,2001,06,312.41
10.09.2001-09:00:00,10,09,2001,09,304.43
10.09.2001-12:00:00,10,09,2001,12,287.97
10.09.2001-15:00:00,10,09,2001,15,302.19
10.09.2001-18:00:00,10,09,2001,18,309.45
10.09.2001-21:00:00,10,09,2001,21,311.64
10.10.2001-00:00:00,10,10,2001,00,311.98
10.10.2001-03:00:00,10,10,2001,03,311.85
10.10.2001-06:00:00,10,10,2001,06,311.69
10.10.2001-09:00:00,10,10,2001,09,361.59
10.10.2001-12:00:00,10,10,2001,12,368.83
10.10.2001-15:00:00,10,10,2001,15,321.43
10.10.2001-18:00:00,10,10,2001,18,312.52
10.10.2001-21:00:00,10,10,2001,21,311.53
10.11.2001-00:00:00,10,11,2001,00,311.29
10.11.2001-03:00:00,10,11,2001,03,311.07
10.11.2001-06:00:00,10,11,2001,06,310.85
10.11.2001-09:00:00,10,11,2001,09,331.66
10.11.2001-12:00:00,10,11,2001,12,386.82
10.11.2001-15:00:00,10,11,2001,15,328.83
10.11.2001-18:00:00,10,11,2001,18,313.11
10.11.2001-21:00:00,10,11,2001,21,311.16
10.12.2001-00:00:00,10,12,2001,00,310.73
10.12.2001-03:00:00,10,12,2001,03,310.49
10.12.2001-06:00:00,10,12,2001,06,310.24
10.12.2001-09:00:00,10,12,2001,09,328.47
10.12.2001-12:00:00,10,12,2001,12,391.06
10.12.2001-15:00:00,10,12,2001,15,344.19
10.12.2001-18:00:00,10,12,2001,18,319.21
10.12.2001-21:00:00,10,12,2001,21,313.01
10.13.2001-00:00:00,10,13,2001,00,316.22
10.13.2001-03:00:00,10,13,2001,03,313.34
10.13.2001-06:00:00,10,13,2001,06,327.6
10.13.2001-09:00:00,10,13,2001,09,399.74
10.13.2001-12:00:00,10,13,2001,12,367.91
10.13.2001-15:00:00,10,13,2001,15,332.81
10.13.2001-18:00:00,10,13,2001,18,322.14
10.13.2001-21:00:00,10,13,2001,21,314.52
10.14.2001-00:00:00,10,14,2001,00,309.97
10.14.2001-03:00:00,10,14,2001,03,309.03
10.14.2001-06:00:00,10,14,2001,06,308.29
10.14.2001-09:00:00,10,14,2001,09,334.34
10.14.2001-12:00:00,10,14,2001,12,300.5
10.14.2001-15:00:00,10,14,2001,15,302.71
10.14.2001-18:00:00,10,14,2001,18,305.53
10.14.2001-21:00:00,10,14,2001,21,305.46
10.15.2001-00:00:00,10,15,2001,00,306.07
10.15.2001-03:00:00,10,15,2001,03,306.76
10.15.2001-06:00:00,10,15,2001,06,306.83
10.15.2001-09:00:00,10,15,2001,09,301.22
10.15.2001-12:00:00,10,15,2001,12,282.35
10.15.2001-15:00:00,10,15,2001,15,297.49
10.15.2001-18:00:00,10,15,2001,18,302.64
10.15.2001-21:00:00,10,15,2001,21,302.97
10.16.2001-00:00:00,10,16,2001,00,302.88
10.16.2001-03:00:00,10,16,2001,03,303.4
10.16.2001-06:00:00,10,16,2001,06,304.17
10.16.2001-09:00:00,10,16,2001,09,281.1
10.16.2001-12:00:00,10,16,2001,12,276.55
10.16.2001-15:00:00,10,16,2001,15,294.14
10.16.2001-18:00:00,10,16,2001,18,299.86
10.16.2001-21:00:00,10,16,2001,21,300.42
10.17.2001-00:00:00,10,17,2001,00,300.41
10.17.2001-03:00:00,10,17,2001,03,300.29
10.17.2001-06:00:00,10,17,2001,06,300.16
10.17.2001-09:00:00,10,17,2001,09,289.74
10.17.2001-12:00:00,10,17,2001,12,286.12
10.17.2001-15:00:00,10,17,2001,15,294.38
10.17.2001-18:00:00,10,17,2001,18,298.34
10.17.2001-21:00:00,10,17,2001,21,298.65
10.18.2001-00:00:00,10,18,2001,00,298.57
10.18.2001-03:00:00,10,18,2001,03,298.91
10.18.2001-06:00:00,10,18,2001,06,298.84
10.18.2001-09:00:00,10,18,2001,09,277.75
10.18.2001-12:00:00,10,18,2001,12,273.71
10.18.2001-15:00:00,10,18,2001,15,289.41
10.18.2001-18:00:00,10,18,2001,18,295.47
10.18.2001-21:00:00,10,18,2001,21,296.05
10.19.2001-00:00:00,10,19,2001,00,296.28
10.19.2001-03:00:00,10,19,2001,03,296.2
10.19.2001-06:00:00,10,19,2001,06,296.09
10.19.2001-09:00:00,10,19,2001,09,289.44
10.19.2001-12:00:00,10,19,2001,12,272.43
10.19.2001-15:00:00,10,19,2001,15,288.41
10.19.2001-18:00:00,10,19,2001,18,294.06
10.19.2001-21:00:00,10,19,2001,21,294.46
10.20.2001-00:00:00,10,20,2001,00,294.38
10.20.2001-03:00:00,10,20,2001,03,294.27
10.20.2001-06:00:00,10,20,2001,06,294.15
10.20.2001-09:00:00,10,20,2001,09,286.05
10.20.2001-12:00:00,10,20,2001,12,271.01
10.20.2001-15:00:00,10,20,2001,15,286.56
10.20.2001-18:00:00,10,20,2001,18,291.98
10.20.2001-21:00:00,10,20,2001,21,292.46
10.21.2001-00:00:00,10,21,2001,00,292.45
10.21.2001-03:00:00,10,21,2001,03,292.34
10.21.2001-06:00:00,10,21,2001,06,292.22
10.21.2001-09:00:00,10,21,2001,09,329.97
10.21.2001-12:00:00,10,21,2001,12,290.45
10.21.2001-15:00:00,10,21,2001,15,290.84
10.21.2001-18:00:00,10,21,2001,18,291.86
10.21.2001-21:00:00,10,21,2001,21,291.95
10.22.2001-00:00:00,10,22,2001,00,292.75
10.22.2001-03:00:00,10,22,2001,03,291.86
10.22.2001-06:00:00,10,22,2001,06,291.59
10.22.2001-09:00:00,10,22,2001,09,295.7
10.22.2001-12:00:00,10,22,2001,12,298.75
10.22.2001-15:00:00,10,22,2001,15,291.52
10.22.2001-18:00:00,10,22,2001,18,291.26
10.22.2001-21:00:00,10,22,2001,21,291.24
10.23.2001-00:00:00,10,23,2001,00,291.18
10.23.2001-03:00:00,10,23,2001,03,291.02
10.23.2001-06:00:00,10,23,2001,06,290.83
10.23.2001-09:00:00,10,23,2001,09,288.6
10.23.2001-12:00:00,10,23,2001,12,381.89
10.23.2001-15:00:00,10,23,2001,15,309.05
10.23.2001-18:00:00,10,23,2001,18,292.48
10.23.2001-21:00:00,10,23,2001,21,291.55
10.24.2001-00:00:00,10,24,2001,00,291.39
10.24.2001-03:00:00,10,24,2001,03,291.22
10.24.2001-06:00:00,10,24,2001,06,291.01
10.24.2001-09:00:00,10,24,2001,09,286.52
10.24.2001-12:00:00,10,24,2001,12,283.95
10.24.2001-15:00:00,10,24,2001,15,288.84
10.24.2001-18:00:00,10,24,2001,18,289.62
10.24.2001-21:00:00,10,24,2001,21,289.47
10.25.2001-00:00:00,10,25,2001,00,289.26
10.25.2001-03:00:00,10,25,2001,03,289.05
10.25.2001-06:00:00,10,25,2001,06,288.82
10.25.2001-09:00:00,10,25,2001,09,288.18
10.25.2001-12:00:00,10,25,2001,12,294.03
10.25.2001-15:00:00,10,25,2001,15,293.3
10.25.2001-18:00:00,10,25,2001,18,292.22
10.25.2001-21:00:00,10,25,2001,21,291.9
10.26.2001-00:00:00,10,26,2001,00,288
10.26.2001-03:00:00,10,26,2001,03,287.73
10.26.2001-06:00:00,10,26,2001,06,287.51
10.26.2001-09:00:00,10,26,2001,09,289.05
10.26.2001-12:00:00,10,26,2001,12,291.28
10.26.2001-15:00:00,10,26,2001,15,288.9
10.26.2001-18:00:00,10,26,2001,18,287.39
10.26.2001-21:00:00,10,26,2001,21,286.31
10.27.2001-00:00:00,10,27,2001,00,286.05
10.27.2001-03:00:00,10,27,2001,03,285.81
10.27.2001-06:00:00,10,27,2001,06,285.56
10.27.2001-09:00:00,10,27,2001,09,278.68
10.27.2001-12:00:00,10,27,2001,12,275.99
10.27.2001-15:00:00,10,27,2001,15,282.8
10.27.2001-18:00:00,10,27,2001,18,284
10.27.2001-21:00:00,10,27,2001,21,283.85
10.28.2001-00:00:00,10,28,2001,00,283.62
10.28.2001-03:00:00,10,28,2001,03,283.38
10.28.2001-06:00:00,10,28,2001,06,283.15
10.28.2001-09:00:00,10,28,2001,09,278.67
10.28.2001-12:00:00,10,28,2001,12,275.23
10.28.2001-15:00:00,10,28,2001,15,281.21
10.28.2001-18:00:00,10,28,2001,18,281.87
10.28.2001-21:00:00,10,28,2001,21,281.67
10.29.2001-00:00:00,10,29,2001,00,281.43
10.29.2001-03:00:00,10,29,2001,03,281.19
10.29.2001-06:00:00,10,29,2001,06,280.95
10.29.2001-09:00:00,10,29,2001,09,279.59
10.29.2001-12:00:00,10,29,2001,12,277.06
10.29.2001-15:00:00,10,29,2001,15,279.62
10.29.2001-18:00:00,10,29,2001,18,279.84
10.29.2001-21:00:00,10,29,2001,21,279.61
10.30.2001-00:00:00,10,30,2001,00,279.36
10.30.2001-03:00:00,10,30,2001,03,279.11
10.30.2001-06:00:00,10,30,2001,06,278.86
10.30.2001-09:00:00,10,30,2001,09,278.6
10.30.2001-12:00:00,10,30,2001,12,278.34
10.30.2001-15:00:00,10,30,2001,15,278.1
10.30.2001-18:00:00,10,30,2001,18,277.84
10.30.2001-21:00:00,10,30,2001,21,277.59
10.31.2001-00:00:00,10,31,2001,00,277.33
10.31.2001-03:00:00,10,31,2001,03,277.07
10.31.2001-06:00:00,10,31,2001,06,276.78
10.31.2001-09:00:00,10,31,2001,09,276.53
10.31.2001-12:00:00,10,31,2001,12,289.16
10.31.2001-15:00:00,10,31,2001,15,286.34
10.31.2001-18:00:00,10,31,2001,18,281.16
10.31.2001-21:00:00,10,31,2001,21,276.61
11.01.2001-00:00:00,11,01,2001,00,276.46
11.01.2001-03:00:00,11,01,2001,03,276.35
11.01.2001-06:00:00,11,01,2001,06,276.17
11.01.2001-09:00:00,11,01,2001,09,273.3
11.01.2001-12:00:00,11,01,2001,12,270.48
11.01.2001-15:00:00,11,01,2001,15,273.01
11.01.2001-18:00:00,11,01,2001,18,274.89
11.01.2001-21:00:00,11,01,2001,21,274.66
11.02.2001-00:00:00,11,02,2001,00,274.39
11.02.2001-03:00:00,11,02,2001,03,274.11
11.02.2001-06:00:00,11,02,2001,06,273.83
11.02.2001-09:00:00,11,02,2001,09,269.34
11.02.2001-12:00:00,11,02,2001,12,266.88
11.02.2001-15:00:00,11,02,2001,15,268.86
11.02.2001-18:00:00,11,02,2001,18,272.55
11.02.2001-21:00:00,11,02,2001,21,272.38
11.03.2001-00:00:00,11,03,2001,00,272.12
11.03.2001-03:00:00,11,03,2001,03,271.86
11.03.2001-06:00:00,11,03,2001,06,271.59
11.03.2001-09:00:00,11,03,2001,09,267.89
11.03.2001-12:00:00,11,03,2001,12,264.96
11.03.2001-15:00:00,11,03,2001,15,267.79
11.03.2001-18:00:00,11,03,2001,18,270.27
11.03.2001-21:00:00,11,03,2001,21,270.08
11.04.2001-00:00:00,11,04,2001,00,269.83
11.04.2001-03:00:00,11,04,2001,03,269.58
11.04.2001-06:00:00,11,04,2001,06,269.32
11.04.2001-09:00:00,11,04,2001,09,265.09
11.04.2001-12:00:00,11,04,2001,12,262.6
11.04.2001-15:00:00,11,04,2001,15,265.2
11.04.2001-18:00:00,11,04,2001,18,267.98
11.04.2001-21:00:00,11,04,2001,21,267.84
11.05.2001-00:00:00,11,05,2001,00,267.61
11.05.2001-03:00:00,11,05,2001,03,267.37
11.05.2001-06:00:00,11,05,2001,06,267.13
11.05.2001-09:00:00,11,05,2001,09,263.46
11.05.2001-12:00:00,11,05,2001,12,260.86
11.05.2001-15:00:00,11,05,2001,15,263.43
11.05.2001-18:00:00,11,05,2001,18,265.91
11.05.2001-21:00:00,11,05,2001,21,265.74
11.06.2001-00:00:00,11,06,2001,00,265.51
11.06.2001-03:00:00,11,06,2001,03,265.28
11.06.2001-06:00:00,11,06,2001,06,265.05
11.06.2001-09:00:00,11,06,2001,09,263.49
11.06.2001-12:00:00,11,06,2001,12,260.16
11.06.2001-15:00:00,11,06,2001,15,262.39
11.06.2001-18:00:00,11,06,2001,18,263.99
11.06.2001-21:00:00,11,06,2001,21,263.81
11.07.2001-00:00:00,11,07,2001,00,263.58
11.07.2001-03:00:00,11,07,2001,03,263.36
11.07.2001-06:00:00,11,07,2001,06,263.13
11.07.2001-09:00:00,11,07,2001,09,262.91
11.07.2001-12:00:00,11,07,2001,12,260.55
11.07.2001-15:00:00,11,07,2001,15,262.4
11.07.2001-18:00:00,11,07,2001,18,262.21
11.07.2001-21:00:00,11,07,2001,21,261.99
11.08.2001-00:00:00,11,08,2001,00,261.76
11.08.2001-03:00:00,11,08,2001,03,261.54
11.08.2001-06:00:00,11,08,2001,06,261.32
11.08.2001-09:00:00,11,08,2001,09,259.94
11.08.2001-12:00:00,11,08,2001,12,257.02
11.08.2001-15:00:00,11,08,2001,15,258.95
11.08.2001-18:00:00,11,08,2001,18,260.3
11.08.2001-21:00:00,11,08,2001,21,260.11
11.09.2001-00:00:00,11,09,2001,00,259.9
11.09.2001-03:00:00,11,09,2001,03,259.68
11.09.2001-06:00:00,11,09,2001,06,259.47
11.09.2001-09:00:00,11,09,2001,09,257.99
11.09.2001-12:00:00,11,09,2001,12,254.46
11.09.2001-15:00:00,11,09,2001,15,257.17
11.09.2001-18:00:00,11,09,2001,18,258.49
11.09.2001-21:00:00,11,09,2001,21,258.32
11.10.2001-00:00:00,11,10,2001,00,258.13
11.10.2001-03:00:00,11,10,2001,03,257.93
11.10.2001-06:00:00,11,10,2001,06,257.73
11.10.2001-09:00:00,11,10,2001,09,256.5
11.10.2001-12:00:00,11,10,2001,12,253.46
11.10.2001-15:00:00,11,10,2001,15,256.9
11.10.2001-18:00:00,11,10,2001,18,256.87
11.10.2001-21:00:00,11,10,2001,21,256.69
11.11.2001-00:00:00,11,11,2001,00,256.51
11.11.2001-03:00:00,11,11,2001,03,256.32
11.11.2001-06:00:00,11,11,2001,06,256.14
11.11.2001-09:00:00,11,11,2001,09,254.85
11.11.2001-12:00:00,11,11,2001,12,251.68
11.11.2001-15:00:00,11,11,2001,15,254.11
11.11.2001-18:00:00,11,11,2001,18,255.27
11.11.2001-21:00:00,11,11,2001,21,255.12
11.12.2001-00:00:00,11,12,2001,00,254.94
11.12.2001-03:00:00,11,12,2001,03,254.76
11.12.2001-06:00:00,11,12,2001,06,254.59
11.12.2001-09:00:00,11,12,2001,09,254.09
11.12.2001-12:00:00,11,12,2001,12,253.04
11.12.2001-15:00:00,11,12,2001,15,253.78
11.12.2001-18:00:00,11,12,2001,18,253.89
11.12.2001-21:00:00,11,12,2001,21,253.73
11.13.2001-00:00:00,11,13,2001,00,253.57
11.13.2001-03:00:00,11,13,2001,03,253.41
11.13.2001-06:00:00,11,13,2001,06,253.25
11.13.2001-09:00:00,11,13,2001,09,252.8
11.13.2001-12:00:00,11,13,2001,12,252.63
11.13.2001-15:00:00,11,13,2001,15,252.71
11.13.2001-18:00:00,11,13,2001,18,252.74
11.13.2001-21:00:00,11,13,2001,21,252.53
11.14.2001-00:00:00,11,14,2001,00,270.28
11.14.2001-03:00:00,11,14,2001,03,273.18
11.14.2001-06:00:00,11,14,2001,06,273.32
11.14.2001-09:00:00,11,14,2001,09,277.76
11.14.2001-12:00:00,11,14,2001,12,343.75
11.14.2001-15:00:00,11,14,2001,15,384.2
11.14.2001-18:00:00,11,14,2001,18,375.15
11.14.2001-21:00:00,11,14,2001,21,368.58
11.15.2001-00:00:00,11,15,2001,00,293.38
11.15.2001-03:00:00,11,15,2001,03,286.13
11.15.2001-06:00:00,11,15,2001,06,286.06
11.15.2001-09:00:00,11,15,2001,09,284.78
11.15.2001-12:00:00,11,15,2001,12,286.98
11.15.2001-15:00:00,11,15,2001,15,286.58
11.15.2001-18:00:00,11,15,2001,18,287.48
11.15.2001-21:00:00,11,15,2001,21,288.07
11.16.2001-00:00:00,11,16,2001,00,288.34
11.16.2001-03:00:00,11,16,2001,03,288.71
11.16.2001-06:00:00,11,16,2001,06,289
11.16.2001-09:00:00,11,16,2001,09,287.16
11.16.2001-12:00:00,11,16,2001,12,285.18
11.16.2001-15:00:00,11,16,2001,15,287.59
11.16.2001-18:00:00,11,16,2001,18,289.33
11.16.2001-21:00:00,11,16,2001,21,289.48
11.17.2001-00:00:00,11,17,2001,00,289.61
11.17.2001-03:00:00,11,17,2001,03,289.73
11.17.2001-06:00:00,11,17,2001,06,289.86
11.17.2001-09:00:00,11,17,2001,09,287.4
11.17.2001-12:00:00,11,17,2001,12,284.96
11.17.2001-15:00:00,11,17,2001,15,287.81
11.17.2001-18:00:00,11,17,2001,18,290.1
11.17.2001-21:00:00,11,17,2001,21,290.32
11.18.2001-00:00:00,11,18,2001,00,290.49
11.18.2001-03:00:00,11,18,2001,03,290.67
11.18.2001-06:00:00,11,18,2001,06,290.85
11.18.2001-09:00:00,11,18,2001,09,291.05
11.18.2001-12:00:00,11,18,2001,12,289.88
11.18.2001-15:00:00,11,18,2001,15,291.39
11.18.2001-18:00:00,11,18,2001,18,291.62
11.18.2001-21:00:00,11,18,2001,21,291.83
11.19.2001-00:00:00,11,19,2001,00,292.04
11.19.2001-03:00:00,11,19,2001,03,292.25
11.19.2001-06:00:00,11,19,2001,06,292.45
11.19.2001-09:00:00,11,19,2001,09,292.65
11.19.2001-12:00:00,11,19,2001,12,292.86
11.19.2001-15:00:00,11,19,2001,15,293.09
11.19.2001-18:00:00,11,19,2001,18,293.32
11.19.2001-21:00:00,11,19,2001,21,293.54
11.20.2001-00:00:00,11,20,2001,00,293.75
11.20.2001-03:00:00,11,20,2001,03,293.95
11.20.2001-06:00:00,11,20,2001,06,294.15
11.20.2001-09:00:00,11,20,2001,09,294.28
11.20.2001-12:00:00,11,20,2001,12,294.51
11.20.2001-15:00:00,11,20,2001,15,294.98
11.20.2001-18:00:00,11,20,2001,18,295.51
11.20.2001-21:00:00,11,20,2001,21,296.12
11.21.2001-00:00:00,11,21,2001,00,296.76
11.21.2001-03:00:00,11,21,2001,03,297.37
11.21.2001-06:00:00,11,21,2001,06,297.9
11.21.2001-09:00:00,11,21,2001,09,298.26
11.21.2001-12:00:00,11,21,2001,12,298.47
11.21.2001-15:00:00,11,21,2001,15,299.21
11.21.2001-18:00:00,11,21,2001,18,299.73
11.21.2001-21:00:00,11,21,2001,21,300.15
11.22.2001-00:00:00,11,22,2001,00,300.65
11.22.2001-03:00:00,11,22,2001,03,301.22
11.22.2001-06:00:00,11,22,2001,06,301.79
11.22.2001-09:00:00,11,22,2001,09,302.33
11.22.2001-12:00:00,11,22,2001,12,303.19
11.22.2001-15:00:00,11,22,2001,15,304.12
11.22.2001-18:00:00,11,22,2001,18,305.21
11.22.2001-21:00:00,11,22,2001,21,306.36
11.23.2001-00:00:00,11,23,2001,00,307.44
11.23.2001-03:00:00,11,23,2001,03,308.41
11.23.2001-06:00:00,11,23,2001,06,309.24
11.23.2001-09:00:00,11,23,2001,09,308.92
11.23.2001-12:00:00,11,23,2001,12,307.84
11.23.2001-15:00:00,11,23,2001,15,309.37
11.23.2001-18:00:00,11,23,2001,18,310.72
11.23.2001-21:00:00,11,23,2001,21,311.11
11.24.2001-00:00:00,11,24,2001,00,311.48
11.24.2001-03:00:00,11,24,2001,03,311.85
11.24.2001-06:00:00,11,24,2001,06,312.22
11.24.2001-09:00:00,11,24,2001,09,312.24
11.24.2001-12:00:00,11,24,2001,12,311.76
11.24.2001-15:00:00,11,24,2001,15,313.3
11.24.2001-18:00:00,11,24,2001,18,313.7
11.24.2001-21:00:00,11,24,2001,21,314.07
11.25.2001-00:00:00,11,25,2001,00,314.43
11.25.2001-03:00:00,11,25,2001,03,314.79
11.25.2001-06:00:00,11,25,2001,06,315.15
11.25.2001-09:00:00,11,25,2001,09,315.5
11.25.2001-12:00:00,11,25,2001,12,315.46
11.25.2001-15:00:00,11,25,2001,15,316.17
11.25.2001-18:00:00,11,25,2001,18,316.52
11.25.2001-21:00:00,11,25,2001,21,316.85
11.26.2001-00:00:00,11,26,2001,00,317.18
11.26.2001-03:00:00,11,26,2001,03,317.52
11.26.2001-06:00:00,11,26,2001,06,317.86
11.26.2001-09:00:00,11,26,2001,09,318.2
11.26.2001-12:00:00,11,26,2001,12,318.01
11.26.2001-15:00:00,11,26,2001,15,318.84
11.26.2001-18:00:00,11,26,2001,18,319.17
11.26.2001-21:00:00,11,26,2001,21,319.49
11.27.2001-00:00:00,11,27,2001,00,319.8
11.27.2001-03:00:00,11,27,2001,03,320.1
11.27.2001-06:00:00,11,27,2001,06,320.4
11.27.2001-09:00:00,11,27,2001,09,320.69
11.27.2001-12:00:00,11,27,2001,12,320.97
11.27.2001-15:00:00,11,27,2001,15,321.25
11.27.2001-18:00:00,11,27,2001,18,321.53
11.27.2001-21:00:00,11,27,2001,21,321.79
11.28.2001-00:00:00,11,28,2001,00,322.05
11.28.2001-03:00:00,11,28,2001,03,322.29
11.28.2001-06:00:00,11,28,2001,06,322.54
11.28.2001-09:00:00,11,28,2001,09,322.78
11.28.2001-12:00:00,11,28,2001,12,323.02
11.28.2001-15:00:00,11,28,2001,15,323.25
11.28.2001-18:00:00,11,28,2001,18,323.47
11.28.2001-21:00:00,11,28,2001,21,323.69
11.29.2001-00:00:00,11,29,2001,00,323.9
11.29.2001-03:00:00,11,29,2001,03,324.1
11.29.2001-06:00:00,11,29,2001,06,324.3
11.29.2001-09:00:00,11,29,2001,09,324.49
11.29.2001-12:00:00,11,29,2001,12,324.67
11.29.2001-15:00:00,11,29,2001,15,324.84
11.29.2001-18:00:00,11,29,2001,18,325.01
11.29.2001-21:00:00,11,29,2001,21,325.17
11.30.2001-00:00:00,11,30,2001,00,325.33
11.30.2001-03:00:00,11,30,2001,03,325.48
11.30.2001-06:00:00,11,30,2001,06,325.62
11.30.2001-09:00:00,11,30,2001,09,325.75
11.30.2001-12:00:00,11,30,2001,12,325.88
11.30.2001-15:00:00,11,30,2001,15,326
11.30.2001-18:00:00,11,30,2001,18,326.11
11.30.2001-21:00:00,11,30,2001,21,326.22
12.01.2001-00:00:00,12,01,2001,00,326.32
12.01.2001-03:00:00,12,01,2001,03,326.42
12.01.2001-06:00:00,12,01,2001,06,326.5
12.01.2001-09:00:00,12,01,2001,09,326.59
12.01.2001-12:00:00,12,01,2001,12,326.66
12.01.2001-15:00:00,12,01,2001,15,326.73
12.01.2001-18:00:00,12,01,2001,18,326.79
12.01.2001-21:00:00,12,01,2001,21,326.82
12.02.2001-00:00:00,12,02,2001,00,326.89
12.02.2001-03:00:00,12,02,2001,03,326.91
12.02.2001-06:00:00,12,02,2001,06,326.95
12.02.2001-09:00:00,12,02,2001,09,327
12.02.2001-12:00:00,12,02,2001,12,327.01
12.02.2001-15:00:00,12,02,2001,15,327.03
12.02.2001-18:00:00,12,02,2001,18,327.07
12.02.2001-21:00:00,12,02,2001,21,327.06
12.03.2001-00:00:00,12,03,2001,00,327.08
12.03.2001-03:00:00,12,03,2001,03,327.06
12.03.2001-06:00:00,12,03,2001,06,327.05
12.03.2001-09:00:00,12,03,2001,09,327.06
12.03.2001-12:00:00,12,03,2001,12,327.03
12.03.2001-15:00:00,12,03,2001,15,327.01
12.03.2001-18:00:00,12,03,2001,18,326.98
12.03.2001-21:00:00,12,03,2001,21,326.97
12.04.2001-00:00:00,12,04,2001,00,326.91
12.04.2001-03:00:00,12,04,2001,03,326.89
12.04.2001-06:00:00,12,04,2001,06,326.82
12.04.2001-09:00:00,12,04,2001,09,326.78
12.04.2001-12:00:00,12,04,2001,12,326.69
12.04.2001-15:00:00,12,04,2001,15,326.62
12.04.2001-18:00:00,12,04,2001,18,326.54
12.04.2001-21:00:00,12,04,2001,21,326.48
12.05.2001-00:00:00,12,05,2001,00,326.4
12.05.2001-03:00:00,12,05,2001,03,326.28
12.05.2001-06:00:00,12,05,2001,06,326.18
12.05.2001-09:00:00,12,05,2001,09,326.07
12.05.2001-12:00:00,12,05,2001,12,325.98
12.05.2001-15:00:00,12,05,2001,15,325.85
12.05.2001-18:00:00,12,05,2001,18,325.75
12.05.2001-21:00:00,12,05,2001,21,325.61
12.06.2001-00:00:00,12,06,2001,00,325.47
12.06.2001-03:00:00,12,06,2001,03,325.34
12.06.2001-06:00:00,12,06,2001,06,325.22
12.06.2001-09:00:00,12,06,2001,09,325.06
12.06.2001-12:00:00,12,06,2001,12,324.9
12.06.2001-15:00:00,12,06,2001,15,324.77
12.06.2001-18:00:00,12,06,2001,18,324.59
12.06.2001-21:00:00,12,06,2001,21,324.44
12.07.2001-00:00:00,12,07,2001,00,324.25
12.07.2001-03:00:00,12,07,2001,03,324.07
12.07.2001-06:00:00,12,07,2001,06,323.91
12.07.2001-09:00:00,12,07,2001,09,323.71
12.07.2001-12:00:00,12,07,2001,12,323.51
12.07.2001-15:00:00,12,07,2001,15,323.34
12.07.2001-18:00:00,12,07,2001,18,323.12
12.07.2001-21:00:00,12,07,2001,21,322.91
12.08.2001-00:00:00,12,08,2001,00,322.7
12.08.2001-03:00:00,12,08,2001,03,322.51
12.08.2001-06:00:00,12,08,2001,06,322.27
12.08.2001-09:00:00,12,08,2001,09,322.06
12.08.2001-12:00:00,12,08,2001,12,321.82
12.08.2001-15:00:00,12,08,2001,15,321.58
12.08.2001-18:00:00,12,08,2001,18,321.37
12.08.2001-21:00:00,12,08,2001,21,321.11
12.09.2001-00:00:00,12,09,2001,00,320.86
12.09.2001-03:00:00,12,09,2001,03,320.64
12.09.2001-06:00:00,12,09,2001,06,320.37
12.09.2001-09:00:00,12,09,2001,09,320.11
12.09.2001-12:00:00,12,09,2001,12,319.85
12.09.2001-15:00:00,12,09,2001,15,319.6
12.09.2001-18:00:00,12,09,2001,18,319.31
12.09.2001-21:00:00,12,09,2001,21,319.04
12.10.2001-00:00:00,12,10,2001,00,318.76
12.10.2001-03:00:00,12,10,2001,03,318.5
12.10.2001-06:00:00,12,10,2001,06,318.2
12.10.2001-09:00:00,12,10,2001,09,317.91
12.10.2001-12:00:00,12,10,2001,12,317.63
12.10.2001-15:00:00,12,10,2001,15,317.32
12.10.2001-18:00:00,12,10,2001,18,317.04
12.10.2001-21:00:00,12,10,2001,21,316.72
12.11.2001-00:00:00,12,11,2001,00,316.4
12.11.2001-03:00:00,12,11,2001,03,316.11
12.11.2001-06:00:00,12,11,2001,06,315.78
12.11.2001-09:00:00,12,11,2001,09,315.46
12.11.2001-12:00:00,12,11,2001,12,315.16
12.11.2001-15:00:00,12,11,2001,15,314.82
12.11.2001-18:00:00,12,11,2001,18,314.49
12.11.2001-21:00:00,12,11,2001,21,314.18
12.12.2001-00:00:00,12,12,2001,00,313.83
12.12.2001-03:00:00,12,12,2001,03,313.49
12.12.2001-06:00:00,12,12,2001,06,313.15
12.12.2001-09:00:00,12,12,2001,09,312.83
12.12.2001-12:00:00,12,12,2001,12,312.46
12.12.2001-15:00:00,12,12,2001,15,312.11
12.12.2001-18:00:00,12,12,2001,18,311.72
12.12.2001-21:00:00,12,12,2001,21,311.35
12.13.2001-00:00:00,12,13,2001,00,310.99
12.13.2001-03:00:00,12,13,2001,03,310.6
12.13.2001-06:00:00,12,13,2001,06,310.24
12.13.2001-09:00:00,12,13,2001,09,309.84
12.13.2001-12:00:00,12,13,2001,12,309.46
12.13.2001-15:00:00,12,13,2001,15,309.09
12.13.2001-18:00:00,12,13,2001,18,308.69
12.13.2001-21:00:00,12,13,2001,21,308.3
12.14.2001-00:00:00,12,14,2001,00,307.9
12.14.2001-03:00:00,12,14,2001,03,307.51
12.14.2001-06:00:00,12,14,2001,06,307.14
12.14.2001-09:00:00,12,14,2001,09,306.72
12.14.2001-12:00:00,12,14,2001,12,306.34
12.14.2001-15:00:00,12,14,2001,15,305.92
12.14.2001-18:00:00,12,14,2001,18,305.52
12.14.2001-21:00:00,12,14,2001,21,305.14
12.15.2001-00:00:00,12,15,2001,00,304.71
12.15.2001-03:00:00,12,15,2001,03,304.3
12.15.2001-06:00:00,12,15,2001,06,303.89
12.15.2001-09:00:00,12,15,2001,09,303.5
12.15.2001-12:00:00,12,15,2001,12,303.07
12.15.2001-15:00:00,12,15,2001,15,302.66
12.15.2001-18:00:00,12,15,2001,18,302.26
12.15.2001-21:00:00,12,15,2001,21,301.83
12.16.2001-00:00:00,12,16,2001,00,301.41
12.16.2001-03:00:00,12,16,2001,03,300.99
12.16.2001-06:00:00,12,16,2001,06,300.57
12.16.2001-09:00:00,12,16,2001,09,300.17
12.16.2001-12:00:00,12,16,2001,12,299.73
12.16.2001-15:00:00,12,16,2001,15,299.32
12.16.2001-18:00:00,12,16,2001,18,298.88
12.16.2001-21:00:00,12,16,2001,21,298.45
12.17.2001-00:00:00,12,17,2001,00,298.02
12.17.2001-03:00:00,12,17,2001,03,297.61
12.17.2001-06:00:00,12,17,2001,06,297.17
12.17.2001-09:00:00,12,17,2001,09,296.75
12.17.2001-12:00:00,12,17,2001,12,296.3
12.17.2001-15:00:00,12,17,2001,15,295.87
12.17.2001-18:00:00,12,17,2001,18,295.46
12.17.2001-21:00:00,12,17,2001,21,295
12.18.2001-00:00:00,12,18,2001,00,294.57
12.18.2001-03:00:00,12,18,2001,03,294.13
12.18.2001-06:00:00,12,18,2001,06,293.71
12.18.2001-09:00:00,12,18,2001,09,293.25
12.18.2001-12:00:00,12,18,2001,12,292.81
12.18.2001-15:00:00,12,18,2001,15,292.37
12.18.2001-18:00:00,12,18,2001,18,291.95
12.18.2001-21:00:00,12,18,2001,21,291.49
12.19.2001-00:00:00,12,19,2001,00,291.05
12.19.2001-03:00:00,12,19,2001,03,290.63
12.19.2001-06:00:00,12,19,2001,06,290.18
12.19.2001-09:00:00,12,19,2001,09,289.75
12.19.2001-12:00:00,12,19,2001,12,289.31
12.19.2001-15:00:00,12,19,2001,15,288.88
12.19.2001-18:00:00,12,19,2001,18,288.44
12.19.2001-21:00:00,12,19,2001,21,288.01
12.20.2001-00:00:00,12,20,2001,00,287.57
12.20.2001-03:00:00,12,20,2001,03,287.13
12.20.2001-06:00:00,12,20,2001,06,286.7
12.20.2001-09:00:00,12,20,2001,09,286.26
12.20.2001-12:00:00,12,20,2001,12,285.82
12.20.2001-15:00:00,12,20,2001,15,285.38
12.20.2001-18:00:00,12,20,2001,18,284.94
12.20.2001-21:00:00,12,20,2001,21,284.5
12.21.2001-00:00:00,12,21,2001,00,284.06
12.21.2001-03:00:00,12,21,2001,03,283.62
12.21.2001-06:00:00,12,21,2001,06,283.18
12.21.2001-09:00:00,12,21,2001,09,282.74
12.21.2001-12:00:00,12,21,2001,12,282.3
12.21.2001-15:00:00,12,21,2001,15,281.86
12.21.2001-18:00:00,12,21,2001,18,281.42
12.21.2001-21:00:00,12,21,2001,21,280.97
12.22.2001-00:00:00,12,22,2001,00,280.53
12.22.2001-03:00:00,12,22,2001,03,280.09
12.22.2001-06:00:00,12,22,2001,06,279.65
12.22.2001-09:00:00,12,22,2001,09,279.21
12.22.2001-12:00:00,12,22,2001,12,278.77
12.22.2001-15:00:00,12,22,2001,15,278.33
12.22.2001-18:00:00,12,22,2001,18,277.9
12.22.2001-21:00:00,12,22,2001,21,277.46
12.23.2001-00:00:00,12,23,2001,00,277.02
12.23.2001-03:00:00,12,23,2001,03,276.59
12.23.2001-06:00:00,12,23,2001,06,276.18
12.23.2001-09:00:00,12,23,2001,09,275.77
12.23.2001-12:00:00,12,23,2001,12,275.36
12.23.2001-15:00:00,12,23,2001,15,274.95
12.23.2001-18:00:00,12,23,2001,18,274.54
12.23.2001-21:00:00,12,23,2001,21,274.13
12.24.2001-00:00:00,12,24,2001,00,273.72
12.24.2001-03:00:00,12,24,2001,03,273.31
12.24.2001-06:00:00,12,24,2001,06,272.9
12.24.2001-09:00:00,12,24,2001,09,272.49
12.24.2001-12:00:00,12,24,2001,12,272.08
12.24.2001-15:00:00,12,24,2001,15,271.67
12.24.2001-18:00:00,12,24,2001,18,271.25
12.24.2001-21:00:00,12,24,2001,21,270.84
12.25.2001-00:00:00,12,25,2001,00,270.43
12.25.2001-03:00:00,12,25,2001,03,270.02
12.25.2001-06:00:00,12,25,2001,06,269.6
12.25.2001-09:00:00,12,25,2001,09,269.19
12.25.2001-12:00:00,12,25,2001,12,268.78
12.25.2001-15:00:00,12,25,2001,15,268.37
12.25.2001-18:00:00,12,25,2001,18,267.95
12.25.2001-21:00:00,12,25,2001,21,267.54
12.26.2001-00:00:00,12,26,2001,00,267.13
12.26.2001-03:00:00,12,26,2001,03,266.71
12.26.2001-06:00:00,12,26,2001,06,266.3
12.26.2001-09:00:00,12,26,2001,09,265.89
12.26.2001-12:00:00,12,26,2001,12,265.47
12.26.2001-15:00:00,12,26,2001,15,265.06
12.26.2001-18:00:00,12,26,2001,18,264.65
12.26.2001-21:00:00,12,26,2001,21,264.23
12.27.2001-00:00:00,12,27,2001,00,263.82
12.27.2001-03:00:00,12,27,2001,03,263.41
12.27.2001-06:00:00,12,27,2001,06,263
12.27.2001-09:00:00,12,27,2001,09,262.6
12.27.2001-12:00:00,12,27,2001,12,262.19
12.27.2001-15:00:00,12,27,2001,15,261.78
12.27.2001-18:00:00,12,27,2001,18,261.37
12.27.2001-21:00:00,12,27,2001,21,260.97
12.28.2001-00:00:00,12,28,2001,00,260.56
12.28.2001-03:00:00,12,28,2001,03,260.15
12.28.2001-06:00:00,12,28,2001,06,259.74
12.28.2001-09:00:00,12,28,2001,09,259.34
12.28.2001-12:00:00,12,28,2001,12,258.93
12.28.2001-15:00:00,12,28,2001,15,258.52
12.28.2001-18:00:00,12,28,2001,18,258.11
12.28.2001-21:00:00,12,28,2001,21,257.71
12.29.2001-00:00:00,12,29,2001,00,257.3
12.29.2001-03:00:00,12,29,2001,03,256.89
12.29.2001-06:00:00,12,29,2001,06,256.48
12.29.2001-09:00:00,12,29,2001,09,256.08
12.29.2001-12:00:00,12,29,2001,12,255.67
12.29.2001-15:00:00,12,29,2001,15,255.26
12.29.2001-18:00:00,12,29,2001,18,254.86
12.29.2001-21:00:00,12,29,2001,21,254.45
12.30.2001-00:00:00,12,30,2001,00,254.05
12.30.2001-03:00:00,12,30,2001,03,253.65
12.30.2001-06:00:00,12,30,2001,06,253.24
12.30.2001-09:00:00,12,30,2001,09,252.84
12.30.2001-12:00:00,12,30,2001,12,252.43
12.30.2001-15:00:00,12,30,2001,15,252.03
12.30.2001-18:00:00,12,30,2001,18,251.63
12.30.2001-21:00:00,12,30,2001,21,251.22
12.31.2001-00:00:00,12,31,2001,00,250.82
12.31.2001-03:00:00,12,31,2001,03,250.42
12.31.2001-06:00:00,12,31,2001,06,250.01
12.31.2001-09:00:00,12,31,2001,09,249.61
12.31.2001-12:00:00,12,31,2001,12,249.08
12.31.2001-15:00:00,12,31,2001,15,248.8
12.31.2001-18:00:00,12,31,2001,18,248.4
12.31.2001-21:00:00,12,31,2001,21,248
01.01.2002-00:00:00,01,01,2002,00,247.6
01.01.2002-03:00:00,01,01,2002,03,247.2
01.01.2002-06:00:00,01,01,2002,06,246.79
01.01.2002-09:00:00,01,01,2002,09,246.39
01.01.2002-12:00:00,01,01,2002,12,245.99
01.01.2002-15:00:00,01,01,2002,15,245.59
01.01.2002-18:00:00,01,01,2002,18,245.19
01.01.2002-21:00:00,01,01,2002,21,244.79
01.02.2002-00:00:00,01,02,2002,00,244.39
01.02.2002-03:00:00,01,02,2002,03,243.99
01.02.2002-06:00:00,01,02,2002,06,243.6
01.02.2002-09:00:00,01,02,2002,09,243.2
01.02.2002-12:00:00,01,02,2002,12,242.8
01.02.2002-15:00:00,01,02,2002,15,242.41
01.02.2002-18:00:00,01,02,2002,18,242.01
01.02.2002-21:00:00,01,02,2002,21,241.61
01.03.2002-00:00:00,01,03,2002,00,241.22
01.03.2002-03:00:00,01,03,2002,03,240.82
01.03.2002-06:00:00,01,03,2002,06,240.43
01.03.2002-09:00:00,01,03,2002,09,240.03
01.03.2002-12:00:00,01,03,2002,12,239.64
01.03.2002-15:00:00,01,03,2002,15,239.24
01.03.2002-18:00:00,01,03,2002,18,238.85
01.03.2002-21:00:00,01,03,2002,21,238.46
01.04.2002-00:00:00,01,04,2002,00,238.06
01.04.2002-03:00:00,01,04,2002,03,237.67
01.04.2002-06:00:00,01,04,2002,06,237.28
01.04.2002-09:00:00,01,04,2002,09,236.89
01.04.2002-12:00:00,01,04,2002,12,236.5
01.04.2002-15:00:00,01,04,2002,15,236.11
01.04.2002-18:00:00,01,04,2002,18,235.72
01.04.2002-21:00:00,01,04,2002,21,235.33
01.05.2002-00:00:00,01,05,2002,00,234.94
01.05.2002-03:00:00,01,05,2002,03,234.55
01.05.2002-06:00:00,01,05,2002,06,234.16
01.05.2002-09:00:00,01,05,2002,09,233.78
01.05.2002-12:00:00,01,05,2002,12,233.39
01.05.2002-15:00:00,01,05,2002,15,233.01
01.05.2002-18:00:00,01,05,2002,18,232.62
01.05.2002-21:00:00,01,05,2002,21,232.24
01.06.2002-00:00:00,01,06,2002,00,231.86
01.06.2002-03:00:00,01,06,2002,03,231.47
01.06.2002-06:00:00,01,06,2002,06,231.09
01.06.2002-09:00:00,01,06,2002,09,230.71
01.06.2002-12:00:00,01,06,2002,12,230.33
01.06.2002-15:00:00,01,06,2002,15,229.95
01.06.2002-18:00:00,01,06,2002,18,229.57
01.06.2002-21:00:00,01,06,2002,21,229.19
01.07.2002-00:00:00,01,07,2002,00,228.81
01.07.2002-03:00:00,01,07,2002,03,228.43
01.07.2002-06:00:00,01,07,2002,06,228.05
01.07.2002-09:00:00,01,07,2002,09,227.68
01.07.2002-12:00:00,01,07,2002,12,227.3
01.07.2002-15:00:00,01,07,2002,15,226.92
01.07.2002-18:00:00,01,07,2002,18,226.55
01.07.2002-21:00:00,01,07,2002,21,226.18
01.08.2002-00:00:00,01,08,2002,00,225.8
01.08.2002-03:00:00,01,08,2002,03,225.43
01.08.2002-06:00:00,01,08,2002,06,225.06
01.08.2002-09:00:00,01,08,2002,09,224.69
01.08.2002-12:00:00,01,08,2002,12,224.05
01.08.2002-15:00:00,01,08,2002,15,223.94
01.08.2002-18:00:00,01,08,2002,18,223.57
01.08.2002-21:00:00,01,08,2002,21,223.2
01.09.2002-00:00:00,01,09,2002,00,222.83
01.09.2002-03:00:00,01,09,2002,03,222.46
01.09.2002-06:00:00,01,09,2002,06,222.1
01.09.2002-09:00:00,01,09,2002,09,221.73
01.09.2002-12:00:00,01,09,2002,12,221.36
01.09.2002-15:00:00,01,09,2002,15,221
01.09.2002-18:00:00,01,09,2002,18,220.63
01.09.2002-21:00:00,01,09,2002,21,220.27
01.10.2002-00:00:00,01,10,2002,00,219.91
01.10.2002-03:00:00,01,10,2002,03,219.54
01.10.2002-06:00:00,01,10,2002,06,219.18
01.10.2002-09:00:00,01,10,2002,09,218.82
01.10.2002-12:00:00,01,10,2002,12,218.46
01.10.2002-15:00:00,01,10,2002,15,218.09
01.10.2002-18:00:00,01,10,2002,18,217.73
01.10.2002-21:00:00,01,10,2002,21,217.37
01.11.2002-00:00:00,01,11,2002,00,217.02
01.11.2002-03:00:00,01,11,2002,03,216.66
01.11.2002-06:00:00,01,11,2002,06,216.3
01.11.2002-09:00:00,01,11,2002,09,215.94
01.11.2002-12:00:00,01,11,2002,12,215.59
01.11.2002-15:00:00,01,11,2002,15,215.23
01.11.2002-18:00:00,01,11,2002,18,214.88
01.11.2002-21:00:00,01,11,2002,21,214.52
01.12.2002-00:00:00,01,12,2002,00,214.17
01.12.2002-03:00:00,01,12,2002,03,213.81
01.12.2002-06:00:00,01,12,2002,06,213.46
01.12.2002-09:00:00,01,12,2002,09,212.86
01.12.2002-12:00:00,01,12,2002,12,212.23
01.12.2002-15:00:00,01,12,2002,15,212.38
01.12.2002-18:00:00,01,12,2002,18,212.04
01.12.2002-21:00:00,01,12,2002,21,211.69
01.13.2002-00:00:00,01,13,2002,00,211.35
01.13.2002-03:00:00,01,13,2002,03,211
01.13.2002-06:00:00,01,13,2002,06,210.65
01.13.2002-09:00:00,01,13,2002,09,210.3
01.13.2002-12:00:00,01,13,2002,12,208.53
01.13.2002-15:00:00,01,13,2002,15,209.56
01.13.2002-18:00:00,01,13,2002,18,209.24
01.13.2002-21:00:00,01,13,2002,21,208.9
01.14.2002-00:00:00,01,14,2002,00,208.55
01.14.2002-03:00:00,01,14,2002,03,208.21
01.14.2002-06:00:00,01,14,2002,06,207.87
01.14.2002-09:00:00,01,14,2002,09,207.53
01.14.2002-12:00:00,01,14,2002,12,207.2
01.14.2002-15:00:00,01,14,2002,15,206.86
01.14.2002-18:00:00,01,14,2002,18,206.53
01.14.2002-21:00:00,01,14,2002,21,206.19
01.15.2002-00:00:00,01,15,2002,00,205.86
01.15.2002-03:00:00,01,15,2002,03,205.53
01.15.2002-06:00:00,01,15,2002,06,205.19
01.15.2002-09:00:00,01,15,2002,09,204.86
01.15.2002-12:00:00,01,15,2002,12,204.53
01.15.2002-15:00:00,01,15,2002,15,204.2
01.15.2002-18:00:00,01,15,2002,18,203.87
01.15.2002-21:00:00,01,15,2002,21,203.54
01.16.2002-00:00:00,01,16,2002,00,203.21
01.16.2002-03:00:00,01,16,2002,03,202.89
01.16.2002-06:00:00,01,16,2002,06,202.56
01.16.2002-09:00:00,01,16,2002,09,202.23
01.16.2002-12:00:00,01,16,2002,12,201.91
01.16.2002-15:00:00,01,16,2002,15,201.58
01.16.2002-18:00:00,01,16,2002,18,201.25
01.16.2002-21:00:00,01,16,2002,21,200.93
01.17.2002-00:00:00,01,17,2002,00,200.61
01.17.2002-03:00:00,01,17,2002,03,200.28
01.17.2002-06:00:00,01,17,2002,06,199.96
01.17.2002-09:00:00,01,17,2002,09,199.64
01.17.2002-12:00:00,01,17,2002,12,199.31
01.17.2002-15:00:00,01,17,2002,15,198.99
01.17.2002-18:00:00,01,17,2002,18,198.67
01.17.2002-21:00:00,01,17,2002,21,198.35
01.18.2002-00:00:00,01,18,2002,00,198.03
01.18.2002-03:00:00,01,18,2002,03,197.71
01.18.2002-06:00:00,01,18,2002,06,197.39
01.18.2002-09:00:00,01,18,2002,09,197.07
01.18.2002-12:00:00,01,18,2002,12,196.75
01.18.2002-15:00:00,01,18,2002,15,196.43
01.18.2002-18:00:00,01,18,2002,18,196.12
01.18.2002-21:00:00,01,18,2002,21,195.8
01.19.2002-00:00:00,01,19,2002,00,195.49
01.19.2002-03:00:00,01,19,2002,03,195.17
01.19.2002-06:00:00,01,19,2002,06,194.86
01.19.2002-09:00:00,01,19,2002,09,194.55
01.19.2002-12:00:00,01,19,2002,12,194.23
01.19.2002-15:00:00,01,19,2002,15,193.92
01.19.2002-18:00:00,01,19,2002,18,193.61
01.19.2002-21:00:00,01,19,2002,21,193.3
01.20.2002-00:00:00,01,20,2002,00,192.99
01.20.2002-03:00:00,01,20,2002,03,192.68
01.20.2002-06:00:00,01,20,2002,06,192.37
01.20.2002-09:00:00,01,20,2002,09,192.06
01.20.2002-12:00:00,01,20,2002,12,191.75
01.20.2002-15:00:00,01,20,2002,15,191.44
01.20.2002-18:00:00,01,20,2002,18,191.14
01.20.2002-21:00:00,01,20,2002,21,190.83
01.21.2002-00:00:00,01,21,2002,00,190.52
01.21.2002-03:00:00,01,21,2002,03,190.22
01.21.2002-06:00:00,01,21,2002,06,189.91
01.21.2002-09:00:00,01,21,2002,09,189.61
01.21.2002-12:00:00,01,21,2002,12,189.3
01.21.2002-15:00:00,01,21,2002,15,189
01.21.2002-18:00:00,01,21,2002,18,188.69
01.21.2002-21:00:00,01,21,2002,21,188.39
01.22.2002-00:00:00,01,22,2002,00,188.09
01.22.2002-03:00:00,01,22,2002,03,187.78
01.22.2002-06:00:00,01,22,2002,06,187.48
01.22.2002-09:00:00,01,22,2002,09,187.18
01.22.2002-12:00:00,01,22,2002,12,186.88
01.22.2002-15:00:00,01,22,2002,15,186.58
01.22.2002-18:00:00,01,22,2002,18,186.28
01.22.2002-21:00:00,01,22,2002,21,185.98
01.23.2002-00:00:00,01,23,2002,00,185.68
01.23.2002-03:00:00,01,23,2002,03,185.39
01.23.2002-06:00:00,01,23,2002,06,185.09
01.23.2002-09:00:00,01,23,2002,09,184.79
01.23.2002-12:00:00,01,23,2002,12,184.5
01.23.2002-15:00:00,01,23,2002,15,184.2
01.23.2002-18:00:00,01,23,2002,18,183.91
01.23.2002-21:00:00,01,23,2002,21,183.61
01.24.2002-00:00:00,01,24,2002,00,183.32
01.24.2002-03:00:00,01,24,2002,03,183.03
01.24.2002-06:00:00,01,24,2002,06,182.74
01.24.2002-09:00:00,01,24,2002,09,182.44
01.24.2002-12:00:00,01,24,2002,12,182.15
01.24.2002-15:00:00,01,24,2002,15,181.86
01.24.2002-18:00:00,01,24,2002,18,181.57
01.24.2002-21:00:00,01,24,2002,21,181.28
01.25.2002-00:00:00,01,25,2002,00,180.99
01.25.2002-03:00:00,01,25,2002,03,180.71
01.25.2002-06:00:00,01,25,2002,06,180.42
01.25.2002-09:00:00,01,25,2002,09,179.42
01.25.2002-12:00:00,01,25,2002,12,178.14
01.25.2002-15:00:00,01,25,2002,15,179.5
01.25.2002-18:00:00,01,25,2002,18,179.24
01.25.2002-21:00:00,01,25,2002,21,178.96
01.26.2002-00:00:00,01,26,2002,00,178.67
01.26.2002-03:00:00,01,26,2002,03,178.39
01.26.2002-06:00:00,01,26,2002,06,178.1
01.26.2002-09:00:00,01,26,2002,09,177.82
01.26.2002-12:00:00,01,26,2002,12,177.54
01.26.2002-15:00:00,01,26,2002,15,177.26
01.26.2002-18:00:00,01,26,2002,18,176.97
01.26.2002-21:00:00,01,26,2002,21,176.69
01.27.2002-00:00:00,01,27,2002,00,176.41
01.27.2002-03:00:00,01,27,2002,03,176.13
01.27.2002-06:00:00,01,27,2002,06,175.85
01.27.2002-09:00:00,01,27,2002,09,175.57
01.27.2002-12:00:00,01,27,2002,12,175.3
01.27.2002-15:00:00,01,27,2002,15,175.02
01.27.2002-18:00:00,01,27,2002,18,174.74
01.27.2002-21:00:00,01,27,2002,21,174.46
01.28.2002-00:00:00,01,28,2002,00,174.19
01.28.2002-03:00:00,01,28,2002,03,173.91
01.28.2002-06:00:00,01,28,2002,06,173.63
01.28.2002-09:00:00,01,28,2002,09,173.36
01.28.2002-12:00:00,01,28,2002,12,173.08
01.28.2002-15:00:00,01,28,2002,15,172.81
01.28.2002-18:00:00,01,28,2002,18,172.53
01.28.2002-21:00:00,01,28,2002,21,172.26
01.29.2002-00:00:00,01,29,2002,00,171.99
01.29.2002-03:00:00,01,29,2002,03,171.71
01.29.2002-06:00:00,01,29,2002,06,171.44
01.29.2002-09:00:00,01,29,2002,09,171.17
01.29.2002-12:00:00,01,29,2002,12,170.9
01.29.2002-15:00:00,01,29,2002,15,170.63
01.29.2002-18:00:00,01,29,2002,18,170.36
01.29.2002-21:00:00,01,29,2002,21,170.09
01.30.2002-00:00:00,01,30,2002,00,169.82
01.30.2002-03:00:00,01,30,2002,03,169.55
01.30.2002-06:00:00,01,30,2002,06,169.28
01.30.2002-09:00:00,01,30,2002,09,169.01
01.30.2002-12:00:00,01,30,2002,12,168.74
01.30.2002-15:00:00,01,30,2002,15,168.48
01.30.2002-18:00:00,01,30,2002,18,168.21
01.30.2002-21:00:00,01,30,2002,21,167.94
01.31.2002-00:00:00,01,31,2002,00,167.68
01.31.2002-03:00:00,01,31,2002,03,167.41
01.31.2002-06:00:00,01,31,2002,06,167.15
01.31.2002-09:00:00,01,31,2002,09,166.88
01.31.2002-12:00:00,01,31,2002,12,166.62
01.31.2002-15:00:00,01,31,2002,15,166.36
01.31.2002-18:00:00,01,31,2002,18,166.09
01.31.2002-21:00:00,01,31,2002,21,165.83
02.01.2002-00:00:00,02,01,2002,00,165.57
02.01.2002-03:00:00,02,01,2002,03,165.31
02.01.2002-06:00:00,02,01,2002,06,165.04
02.01.2002-09:00:00,02,01,2002,09,164.78
02.01.2002-12:00:00,02,01,2002,12,164.52
02.01.2002-15:00:00,02,01,2002,15,164.26
02.01.2002-18:00:00,02,01,2002,18,164
02.01.2002-21:00:00,02,01,2002,21,163.75
02.02.2002-00:00:00,02,02,2002,00,163.49
02.02.2002-03:00:00,02,02,2002,03,163.23
02.02.2002-06:00:00,02,02,2002,06,162.97
02.02.2002-09:00:00,02,02,2002,09,162.72
02.02.2002-12:00:00,02,02,2002,12,162.46
02.02.2002-15:00:00,02,02,2002,15,162.21
02.02.2002-18:00:00,02,02,2002,18,161.95
02.02.2002-21:00:00,02,02,2002,21,161.69
02.03.2002-00:00:00,02,03,2002,00,161.44
02.03.2002-03:00:00,02,03,2002,03,161.19
02.03.2002-06:00:00,02,03,2002,06,160.93
02.03.2002-09:00:00,02,03,2002,09,160.68
02.03.2002-12:00:00,02,03,2002,12,159.62
02.03.2002-15:00:00,02,03,2002,15,160.17
02.03.2002-18:00:00,02,03,2002,18,159.93
02.03.2002-21:00:00,02,03,2002,21,159.69
02.04.2002-00:00:00,02,04,2002,00,159.44
02.04.2002-03:00:00,02,04,2002,03,159.19
02.04.2002-06:00:00,02,04,2002,06,158.95
02.04.2002-09:00:00,02,04,2002,09,158.7
02.04.2002-12:00:00,02,04,2002,12,158.46
02.04.2002-15:00:00,02,04,2002,15,158.21
02.04.2002-18:00:00,02,04,2002,18,157.97
02.04.2002-21:00:00,02,04,2002,21,157.73
02.05.2002-00:00:00,02,05,2002,00,157.48
02.05.2002-03:00:00,02,05,2002,03,157.24
02.05.2002-06:00:00,02,05,2002,06,157
02.05.2002-09:00:00,02,05,2002,09,156.75
02.05.2002-12:00:00,02,05,2002,12,156.51
02.05.2002-15:00:00,02,05,2002,15,156.27
02.05.2002-18:00:00,02,05,2002,18,156.03
02.05.2002-21:00:00,02,05,2002,21,155.79
02.06.2002-00:00:00,02,06,2002,00,155.55
02.06.2002-03:00:00,02,06,2002,03,155.31
02.06.2002-06:00:00,02,06,2002,06,155.07
02.06.2002-09:00:00,02,06,2002,09,154.83
02.06.2002-12:00:00,02,06,2002,12,154.6
02.06.2002-15:00:00,02,06,2002,15,154.36
02.06.2002-18:00:00,02,06,2002,18,154.12
02.06.2002-21:00:00,02,06,2002,21,153.88
02.07.2002-00:00:00,02,07,2002,00,153.65
02.07.2002-03:00:00,02,07,2002,03,153.41
02.07.2002-06:00:00,02,07,2002,06,153.18
02.07.2002-09:00:00,02,07,2002,09,152.94
02.07.2002-12:00:00,02,07,2002,12,152.71
02.07.2002-15:00:00,02,07,2002,15,152.47
02.07.2002-18:00:00,02,07,2002,18,152.24
02.07.2002-21:00:00,02,07,2002,21,152.01
02.08.2002-00:00:00,02,08,2002,00,151.77
02.08.2002-03:00:00,02,08,2002,03,151.54
02.08.2002-06:00:00,02,08,2002,06,151.31
02.08.2002-09:00:00,02,08,2002,09,149.99
02.08.2002-12:00:00,02,08,2002,12,148.86
02.08.2002-15:00:00,02,08,2002,15,150.56
02.08.2002-18:00:00,02,08,2002,18,150.37
02.08.2002-21:00:00,02,08,2002,21,150.14
02.09.2002-00:00:00,02,09,2002,00,149.91
02.09.2002-03:00:00,02,09,2002,03,149.68
02.09.2002-06:00:00,02,09,2002,06,149.45
02.09.2002-09:00:00,02,09,2002,09,149.22
02.09.2002-12:00:00,02,09,2002,12,147.88
02.09.2002-15:00:00,02,09,2002,15,148.74
02.09.2002-18:00:00,02,09,2002,18,148.53
02.09.2002-21:00:00,02,09,2002,21,148.31
02.10.2002-00:00:00,02,10,2002,00,148.08
02.10.2002-03:00:00,02,10,2002,03,147.85
02.10.2002-06:00:00,02,10,2002,06,147.63
02.10.2002-09:00:00,02,10,2002,09,147.4
02.10.2002-12:00:00,02,10,2002,12,147.17
02.10.2002-15:00:00,02,10,2002,15,146.95
02.10.2002-18:00:00,02,10,2002,18,146.73
02.10.2002-21:00:00,02,10,2002,21,146.5
02.11.2002-00:00:00,02,11,2002,00,146.28
02.11.2002-03:00:00,02,11,2002,03,146.06
02.11.2002-06:00:00,02,11,2002,06,145.83
02.11.2002-09:00:00,02,11,2002,09,144.66
02.11.2002-12:00:00,02,11,2002,12,142.93
02.11.2002-15:00:00,02,11,2002,15,145.11
02.11.2002-18:00:00,02,11,2002,18,144.93
02.11.2002-21:00:00,02,11,2002,21,144.71
02.12.2002-00:00:00,02,12,2002,00,144.49
02.12.2002-03:00:00,02,12,2002,03,144.27
02.12.2002-06:00:00,02,12,2002,06,144.05
02.12.2002-09:00:00,02,12,2002,09,143.83
02.12.2002-12:00:00,02,12,2002,12,143.61
02.12.2002-15:00:00,02,12,2002,15,143.4
02.12.2002-18:00:00,02,12,2002,18,143.18
02.12.2002-21:00:00,02,12,2002,21,142.96
02.13.2002-00:00:00,02,13,2002,00,142.74
02.13.2002-03:00:00,02,13,2002,03,142.52
02.13.2002-06:00:00,02,13,2002,06,142.31
02.13.2002-09:00:00,02,13,2002,09,142.09
02.13.2002-12:00:00,02,13,2002,12,141.88
02.13.2002-15:00:00,02,13,2002,15,141.66
02.13.2002-18:00:00,02,13,2002,18,141.44
02.13.2002-21:00:00,02,13,2002,21,141.23
02.14.2002-00:00:00,02,14,2002,00,141.01
02.14.2002-03:00:00,02,14,2002,03,140.8
02.14.2002-06:00:00,02,14,2002,06,140.59
02.14.2002-09:00:00,02,14,2002,09,140.37
02.14.2002-12:00:00,02,14,2002,12,138.19
02.14.2002-15:00:00,02,14,2002,15,139.9
02.14.2002-18:00:00,02,14,2002,18,139.73
02.14.2002-21:00:00,02,14,2002,21,139.51
02.15.2002-00:00:00,02,15,2002,00,139.3
02.15.2002-03:00:00,02,15,2002,03,139.09
02.15.2002-06:00:00,02,15,2002,06,138.88
02.15.2002-09:00:00,02,15,2002,09,138.67
02.15.2002-12:00:00,02,15,2002,12,136.96
02.15.2002-15:00:00,02,15,2002,15,138.22
02.15.2002-18:00:00,02,15,2002,18,138.03
02.15.2002-21:00:00,02,15,2002,21,137.82
02.16.2002-00:00:00,02,16,2002,00,137.61
02.16.2002-03:00:00,02,16,2002,03,137.38
02.16.2002-06:00:00,02,16,2002,06,137.19
02.16.2002-09:00:00,02,16,2002,09,136.99
02.16.2002-12:00:00,02,16,2002,12,135.45
02.16.2002-15:00:00,02,16,2002,15,136.54
02.16.2002-18:00:00,02,16,2002,18,136.34
02.16.2002-21:00:00,02,16,2002,21,136.15
02.17.2002-00:00:00,02,17,2002,00,135.95
02.17.2002-03:00:00,02,17,2002,03,135.72
02.17.2002-06:00:00,02,17,2002,06,135.53
02.17.2002-09:00:00,02,17,2002,09,135.31
02.17.2002-12:00:00,02,17,2002,12,133.36
02.17.2002-15:00:00,02,17,2002,15,134.88
02.17.2002-18:00:00,02,17,2002,18,134.71
02.17.2002-21:00:00,02,17,2002,21,134.5
02.18.2002-00:00:00,02,18,2002,00,134.28
02.18.2002-03:00:00,02,18,2002,03,134.09
02.18.2002-06:00:00,02,18,2002,06,133.87
02.18.2002-09:00:00,02,18,2002,09,132.68
02.18.2002-12:00:00,02,18,2002,12,131.06
02.18.2002-15:00:00,02,18,2002,15,133.08
02.18.2002-18:00:00,02,18,2002,18,132.93
02.18.2002-21:00:00,02,18,2002,21,132.75
02.19.2002-00:00:00,02,19,2002,00,132.57
02.19.2002-03:00:00,02,19,2002,03,132.39
02.19.2002-06:00:00,02,19,2002,06,132.2
02.19.2002-09:00:00,02,19,2002,09,130.87
02.19.2002-12:00:00,02,19,2002,12,129.49
02.19.2002-15:00:00,02,19,2002,15,131.3
02.19.2002-18:00:00,02,19,2002,18,131.45
02.19.2002-21:00:00,02,19,2002,21,131.27
02.20.2002-00:00:00,02,20,2002,00,131.09
02.20.2002-03:00:00,02,20,2002,03,130.91
02.20.2002-06:00:00,02,20,2002,06,130.73
02.20.2002-09:00:00,02,20,2002,09,129.04
02.20.2002-12:00:00,02,20,2002,12,126.88
02.20.2002-15:00:00,02,20,2002,15,130.1
02.20.2002-18:00:00,02,20,2002,18,129.97
02.20.2002-21:00:00,02,20,2002,21,129.79
02.21.2002-00:00:00,02,21,2002,00,129.61
02.21.2002-03:00:00,02,21,2002,03,129.43
02.21.2002-06:00:00,02,21,2002,06,129.26
02.21.2002-09:00:00,02,21,2002,09,128.73
02.21.2002-12:00:00,02,21,2002,12,128.21
02.21.2002-15:00:00,02,21,2002,15,128.71
02.21.2002-18:00:00,02,21,2002,18,128.54
02.21.2002-21:00:00,02,21,2002,21,128.36
02.22.2002-00:00:00,02,22,2002,00,128.18
02.22.2002-03:00:00,02,22,2002,03,128
02.22.2002-06:00:00,02,22,2002,06,127.82
02.22.2002-09:00:00,02,22,2002,09,126.79
02.22.2002-12:00:00,02,22,2002,12,125.91
02.22.2002-15:00:00,02,22,2002,15,127.2
02.22.2002-18:00:00,02,22,2002,18,127.05
02.22.2002-21:00:00,02,22,2002,21,126.88
02.23.2002-00:00:00,02,23,2002,00,126.7
02.23.2002-03:00:00,02,23,2002,03,126.52
02.23.2002-06:00:00,02,23,2002,06,126.35
02.23.2002-09:00:00,02,23,2002,09,125.38
02.23.2002-12:00:00,02,23,2002,12,124.78
02.23.2002-15:00:00,02,23,2002,15,125.61
02.23.2002-18:00:00,02,23,2002,18,125.64
02.23.2002-21:00:00,02,23,2002,21,125.46
02.24.2002-00:00:00,02,24,2002,00,125.29
02.24.2002-03:00:00,02,24,2002,03,125.12
02.24.2002-06:00:00,02,24,2002,06,124.94
02.24.2002-09:00:00,02,24,2002,09,124.77
02.24.2002-12:00:00,02,24,2002,12,124.59
02.24.2002-15:00:00,02,24,2002,15,124.42
02.24.2002-18:00:00,02,24,2002,18,124.24
02.24.2002-21:00:00,02,24,2002,21,124.07
02.25.2002-00:00:00,02,25,2002,00,123.89
02.25.2002-03:00:00,02,25,2002,03,123.72
02.25.2002-06:00:00,02,25,2002,06,123.55
02.25.2002-09:00:00,02,25,2002,09,123.37
02.25.2002-12:00:00,02,25,2002,12,123.2
02.25.2002-15:00:00,02,25,2002,15,123.03
02.25.2002-18:00:00,02,25,2002,18,122.86
02.25.2002-21:00:00,02,25,2002,21,122.68
02.26.2002-00:00:00,02,26,2002,00,122.51
02.26.2002-03:00:00,02,26,2002,03,122.34
02.26.2002-06:00:00,02,26,2002,06,122.17
02.26.2002-09:00:00,02,26,2002,09,121.99
02.26.2002-12:00:00,02,26,2002,12,121.82
02.26.2002-15:00:00,02,26,2002,15,121.65
02.26.2002-18:00:00,02,26,2002,18,121.48
02.26.2002-21:00:00,02,26,2002,21,121.31
02.27.2002-00:00:00,02,27,2002,00,121.14
02.27.2002-03:00:00,02,27,2002,03,120.97
02.27.2002-06:00:00,02,27,2002,06,120.8
02.27.2002-09:00:00,02,27,2002,09,120.63
02.27.2002-12:00:00,02,27,2002,12,118.46
02.27.2002-15:00:00,02,27,2002,15,120.25
02.27.2002-18:00:00,02,27,2002,18,120.12
02.27.2002-21:00:00,02,27,2002,21,119.95
02.28.2002-00:00:00,02,28,2002,00,119.78
02.28.2002-03:00:00,02,28,2002,03,119.61
02.28.2002-06:00:00,02,28,2002,06,119.44
02.28.2002-09:00:00,02,28,2002,09,118.18
02.28.2002-12:00:00,02,28,2002,12,116.45
02.28.2002-15:00:00,02,28,2002,15,118.89
02.28.2002-18:00:00,02,28,2002,18,118.77
02.28.2002-21:00:00,02,28,2002,21,118.6
03.01.2002-00:00:00,03,01,2002,00,118.43
03.01.2002-03:00:00,03,01,2002,03,118.27
03.01.2002-06:00:00,03,01,2002,06,118.1
03.01.2002-09:00:00,03,01,2002,09,116.45
03.01.2002-12:00:00,03,01,2002,12,114.43
03.01.2002-15:00:00,03,01,2002,15,117.51
03.01.2002-18:00:00,03,01,2002,18,117.4
03.01.2002-21:00:00,03,01,2002,21,117.24
03.02.2002-00:00:00,03,02,2002,00,117.07
03.02.2002-03:00:00,03,02,2002,03,116.91
03.02.2002-06:00:00,03,02,2002,06,116.74
03.02.2002-09:00:00,03,02,2002,09,115.1
03.02.2002-12:00:00,03,02,2002,12,113.27
03.02.2002-15:00:00,03,02,2002,15,116.18
03.02.2002-18:00:00,03,02,2002,18,116.07
03.02.2002-21:00:00,03,02,2002,21,115.9
03.03.2002-00:00:00,03,03,2002,00,115.74
03.03.2002-03:00:00,03,03,2002,03,115.58
03.03.2002-06:00:00,03,03,2002,06,115.41
03.03.2002-09:00:00,03,03,2002,09,113.6
03.03.2002-12:00:00,03,03,2002,12,111.82
03.03.2002-15:00:00,03,03,2002,15,114.84
03.03.2002-18:00:00,03,03,2002,18,114.73
03.03.2002-21:00:00,03,03,2002,21,114.57
03.04.2002-00:00:00,03,04,2002,00,114.41
03.04.2002-03:00:00,03,04,2002,03,114.25
03.04.2002-06:00:00,03,04,2002,06,114.09
03.04.2002-09:00:00,03,04,2002,09,111.9
03.04.2002-12:00:00,03,04,2002,12,109.97
03.04.2002-15:00:00,03,04,2002,15,113.16
03.04.2002-18:00:00,03,04,2002,18,113.36
03.04.2002-21:00:00,03,04,2002,21,113.21
03.05.2002-00:00:00,03,05,2002,00,113.05
03.05.2002-03:00:00,03,05,2002,03,112.89
03.05.2002-06:00:00,03,05,2002,06,112.73
03.05.2002-09:00:00,03,05,2002,09,110.78
03.05.2002-12:00:00,03,05,2002,12,109.21
03.05.2002-15:00:00,03,05,2002,15,111.85
03.05.2002-18:00:00,03,05,2002,18,112.05
03.05.2002-21:00:00,03,05,2002,21,111.9
03.06.2002-00:00:00,03,06,2002,00,111.74
03.06.2002-03:00:00,03,06,2002,03,111.58
03.06.2002-06:00:00,03,06,2002,06,111.43
03.06.2002-09:00:00,03,06,2002,09,111.27
03.06.2002-12:00:00,03,06,2002,12,111.11
03.06.2002-15:00:00,03,06,2002,15,110.96
03.06.2002-18:00:00,03,06,2002,18,110.8
03.06.2002-21:00:00,03,06,2002,21,110.65
03.07.2002-00:00:00,03,07,2002,00,110.49
03.07.2002-03:00:00,03,07,2002,03,110.33
03.07.2002-06:00:00,03,07,2002,06,110.18
03.07.2002-09:00:00,03,07,2002,09,110.02
03.07.2002-12:00:00,03,07,2002,12,109.87
03.07.2002-15:00:00,03,07,2002,15,109.71
03.07.2002-18:00:00,03,07,2002,18,109.56
03.07.2002-21:00:00,03,07,2002,21,109.41
03.08.2002-00:00:00,03,08,2002,00,109.25
03.08.2002-03:00:00,03,08,2002,03,109.1
03.08.2002-06:00:00,03,08,2002,06,108.95
03.08.2002-09:00:00,03,08,2002,09,108.79
03.08.2002-12:00:00,03,08,2002,12,108.64
03.08.2002-15:00:00,03,08,2002,15,108.49
03.08.2002-18:00:00,03,08,2002,18,108.33
03.08.2002-21:00:00,03,08,2002,21,108.18
03.09.2002-00:00:00,03,09,2002,00,108.03
03.09.2002-03:00:00,03,09,2002,03,107.88
03.09.2002-06:00:00,03,09,2002,06,107.73
03.09.2002-09:00:00,03,09,2002,09,107.57
03.09.2002-12:00:00,03,09,2002,12,107.42
03.09.2002-15:00:00,03,09,2002,15,107.27
03.09.2002-18:00:00,03,09,2002,18,107.12
03.09.2002-21:00:00,03,09,2002,21,106.97
03.10.2002-00:00:00,03,10,2002,00,106.82
03.10.2002-03:00:00,03,10,2002,03,106.67
03.10.2002-06:00:00,03,10,2002,06,106.52
03.10.2002-09:00:00,03,10,2002,09,106.37
03.10.2002-12:00:00,03,10,2002,12,106.22
03.10.2002-15:00:00,03,10,2002,15,106.07
03.10.2002-18:00:00,03,10,2002,18,105.92
03.10.2002-21:00:00,03,10,2002,21,105.77
03.11.2002-00:00:00,03,11,2002,00,105.63
03.11.2002-03:00:00,03,11,2002,03,105.48
03.11.2002-06:00:00,03,11,2002,06,105.33
03.11.2002-09:00:00,03,11,2002,09,105.1
03.11.2002-12:00:00,03,11,2002,12,104.93
03.11.2002-15:00:00,03,11,2002,15,104.88
03.11.2002-18:00:00,03,11,2002,18,104.74
03.11.2002-21:00:00,03,11,2002,21,104.59
03.12.2002-00:00:00,03,12,2002,00,104.44
03.12.2002-03:00:00,03,12,2002,03,104.3
03.12.2002-06:00:00,03,12,2002,06,104.15
03.12.2002-09:00:00,03,12,2002,09,102.14
03.12.2002-12:00:00,03,12,2002,12,101.29
03.12.2002-15:00:00,03,12,2002,15,103.29
03.12.2002-18:00:00,03,12,2002,18,103.5
03.12.2002-21:00:00,03,12,2002,21,103.36
03.13.2002-00:00:00,03,13,2002,00,103.21
03.13.2002-03:00:00,03,13,2002,03,103.07
03.13.2002-06:00:00,03,13,2002,06,102.92
03.13.2002-09:00:00,03,13,2002,09,100.85
03.13.2002-12:00:00,03,13,2002,12,99.365
03.13.2002-15:00:00,03,13,2002,15,101.76
03.13.2002-18:00:00,03,13,2002,18,102.3
03.13.2002-21:00:00,03,13,2002,21,102.17
03.14.2002-00:00:00,03,14,2002,00,102.02
03.14.2002-03:00:00,03,14,2002,03,101.88
03.14.2002-06:00:00,03,14,2002,06,101.74
03.14.2002-09:00:00,03,14,2002,09,99.353
03.14.2002-12:00:00,03,14,2002,12,98.24
03.14.2002-15:00:00,03,14,2002,15,99.996
03.14.2002-18:00:00,03,14,2002,18,101.09
03.14.2002-21:00:00,03,14,2002,21,100.97
03.15.2002-00:00:00,03,15,2002,00,100.82
03.15.2002-03:00:00,03,15,2002,03,100.68
03.15.2002-06:00:00,03,15,2002,06,100.54
03.15.2002-09:00:00,03,15,2002,09,99.288
03.15.2002-12:00:00,03,15,2002,12,98.53
03.15.2002-15:00:00,03,15,2002,15,99.851
03.15.2002-18:00:00,03,15,2002,18,99.974
03.15.2002-21:00:00,03,15,2002,21,99.839
03.16.2002-00:00:00,03,16,2002,00,99.7
03.16.2002-03:00:00,03,16,2002,03,99.561
03.16.2002-06:00:00,03,16,2002,06,99.422
03.16.2002-09:00:00,03,16,2002,09,99.283
03.16.2002-12:00:00,03,16,2002,12,98.154
03.16.2002-15:00:00,03,16,2002,15,98.988
03.16.2002-18:00:00,03,16,2002,18,98.867
03.16.2002-21:00:00,03,16,2002,21,98.729
03.17.2002-00:00:00,03,17,2002,00,98.592
03.17.2002-03:00:00,03,17,2002,03,98.454
03.17.2002-06:00:00,03,17,2002,06,98.317
03.17.2002-09:00:00,03,17,2002,09,98.18
03.17.2002-12:00:00,03,17,2002,12,95.759
03.17.2002-15:00:00,03,17,2002,15,97.865
03.17.2002-18:00:00,03,17,2002,18,97.767
03.17.2002-21:00:00,03,17,2002,21,97.631
03.18.2002-00:00:00,03,18,2002,00,97.495
03.18.2002-03:00:00,03,18,2002,03,97.358
03.18.2002-06:00:00,03,18,2002,06,97.223
03.18.2002-09:00:00,03,18,2002,09,97.087
03.18.2002-12:00:00,03,18,2002,12,96.952
03.18.2002-15:00:00,03,18,2002,15,96.816
03.18.2002-18:00:00,03,18,2002,18,96.682
03.18.2002-21:00:00,03,18,2002,21,96.547
03.19.2002-00:00:00,03,19,2002,00,96.412
03.19.2002-03:00:00,03,19,2002,03,96.278
03.19.2002-06:00:00,03,19,2002,06,96.144
03.19.2002-09:00:00,03,19,2002,09,96.01
03.19.2002-12:00:00,03,19,2002,12,95.876
03.19.2002-15:00:00,03,19,2002,15,95.743
03.19.2002-18:00:00,03,19,2002,18,95.61
03.19.2002-21:00:00,03,19,2002,21,95.477
03.20.2002-00:00:00,03,20,2002,00,95.344
03.20.2002-03:00:00,03,20,2002,03,95.211
03.20.2002-06:00:00,03,20,2002,06,95.079
03.20.2002-09:00:00,03,20,2002,09,94.947
03.20.2002-12:00:00,03,20,2002,12,94.816
03.20.2002-15:00:00,03,20,2002,15,94.684
03.20.2002-18:00:00,03,20,2002,18,94.552
03.20.2002-21:00:00,03,20,2002,21,94.421
03.21.2002-00:00:00,03,21,2002,00,94.29
03.21.2002-03:00:00,03,21,2002,03,94.16
03.21.2002-06:00:00,03,21,2002,06,94.029
03.21.2002-09:00:00,03,21,2002,09,93.899
03.21.2002-12:00:00,03,21,2002,12,93.769
03.21.2002-15:00:00,03,21,2002,15,93.639
03.21.2002-18:00:00,03,21,2002,18,93.509
03.21.2002-21:00:00,03,21,2002,21,93.379
03.22.2002-00:00:00,03,22,2002,00,93.25
03.22.2002-03:00:00,03,22,2002,03,93.121
03.22.2002-06:00:00,03,22,2002,06,92.992
03.22.2002-09:00:00,03,22,2002,09,90.596
03.22.2002-12:00:00,03,22,2002,12,90.227
03.22.2002-15:00:00,03,22,2002,15,90.389
03.22.2002-18:00:00,03,22,2002,18,92.384
03.22.2002-21:00:00,03,22,2002,21,92.293
03.23.2002-00:00:00,03,23,2002,00,92.166
03.23.2002-03:00:00,03,23,2002,03,92.039
03.23.2002-06:00:00,03,23,2002,06,91.912
03.23.2002-09:00:00,03,23,2002,09,89.396
03.23.2002-12:00:00,03,23,2002,12,89.165
03.23.2002-15:00:00,03,23,2002,15,89.047
03.23.2002-18:00:00,03,23,2002,18,88.944
03.23.2002-21:00:00,03,23,2002,21,90.045
03.24.2002-00:00:00,03,24,2002,00,91.02
03.24.2002-03:00:00,03,24,2002,03,90.915
03.24.2002-06:00:00,03,24,2002,06,90.791
03.24.2002-09:00:00,03,24,2002,09,88.356
03.24.2002-12:00:00,03,24,2002,12,88.125
03.24.2002-15:00:00,03,24,2002,15,88.007
03.24.2002-18:00:00,03,24,2002,18,87.907
03.24.2002-21:00:00,03,24,2002,21,87.906
03.25.2002-00:00:00,03,25,2002,00,89.889
03.25.2002-03:00:00,03,25,2002,03,89.804
03.25.2002-06:00:00,03,25,2002,06,89.682
03.25.2002-09:00:00,03,25,2002,09,87.332
03.25.2002-12:00:00,03,25,2002,12,87.099
03.25.2002-15:00:00,03,25,2002,15,86.982
03.25.2002-18:00:00,03,25,2002,18,86.884
03.25.2002-21:00:00,03,25,2002,21,86.786
03.26.2002-00:00:00,03,26,2002,00,87.866
03.26.2002-03:00:00,03,26,2002,03,88.689
03.26.2002-06:00:00,03,26,2002,06,88.585
03.26.2002-09:00:00,03,26,2002,09,86.367
03.26.2002-12:00:00,03,26,2002,12,86.186
03.26.2002-15:00:00,03,26,2002,15,86.077
03.26.2002-18:00:00,03,26,2002,18,87.05
03.26.2002-21:00:00,03,26,2002,21,87.916
03.27.2002-00:00:00,03,27,2002,00,87.814
03.27.2002-03:00:00,03,27,2002,03,87.696
03.27.2002-06:00:00,03,27,2002,06,87.578
03.27.2002-09:00:00,03,27,2002,09,85.765
03.27.2002-12:00:00,03,27,2002,12,85.305
03.27.2002-15:00:00,03,27,2002,15,86.058
03.27.2002-18:00:00,03,27,2002,18,87.059
03.27.2002-21:00:00,03,27,2002,21,86.961
03.28.2002-00:00:00,03,28,2002,00,86.845
03.28.2002-03:00:00,03,28,2002,03,86.729
03.28.2002-06:00:00,03,28,2002,06,86.613
03.28.2002-09:00:00,03,28,2002,09,84.551
03.28.2002-12:00:00,03,28,2002,12,84.361
03.28.2002-15:00:00,03,28,2002,15,84.252
03.28.2002-18:00:00,03,28,2002,18,84.158
03.28.2002-21:00:00,03,28,2002,21,85.108
03.29.2002-00:00:00,03,29,2002,00,85.825
03.29.2002-03:00:00,03,29,2002,03,85.725
03.29.2002-06:00:00,03,29,2002,06,85.612
03.29.2002-09:00:00,03,29,2002,09,83.639
03.29.2002-12:00:00,03,29,2002,12,83.455
03.29.2002-15:00:00,03,29,2002,15,83.348
03.29.2002-18:00:00,03,29,2002,18,83.255
03.29.2002-21:00:00,03,29,2002,21,83.977
03.30.2002-00:00:00,03,30,2002,00,84.84
03.30.2002-03:00:00,03,30,2002,03,84.745
03.30.2002-06:00:00,03,30,2002,06,84.484
03.30.2002-09:00:00,03,30,2002,09,82.729
03.30.2002-12:00:00,03,30,2002,12,82.541
03.30.2002-15:00:00,03,30,2002,15,82.435
03.30.2002-18:00:00,03,30,2002,18,82.359
03.30.2002-21:00:00,03,30,2002,21,82.319
03.31.2002-00:00:00,03,31,2002,00,82.303
03.31.2002-03:00:00,03,31,2002,03,83.885
03.31.2002-06:00:00,03,31,2002,06,83.594
03.31.2002-09:00:00,03,31,2002,09,82.061
03.31.2002-12:00:00,03,31,2002,12,81.927
03.31.2002-15:00:00,03,31,2002,15,81.891
03.31.2002-18:00:00,03,31,2002,18,81.902
03.31.2002-21:00:00,03,31,2002,21,82.071
04.01.2002-00:00:00,04,01,2002,00,83.563
04.01.2002-03:00:00,04,01,2002,03,83.577
04.01.2002-06:00:00,04,01,2002,06,83.314
04.01.2002-09:00:00,04,01,2002,09,81.911
04.01.2002-12:00:00,04,01,2002,12,81.834
04.01.2002-15:00:00,04,01,2002,15,81.848
04.01.2002-18:00:00,04,01,2002,18,81.931
04.01.2002-21:00:00,04,01,2002,21,82.837
04.02.2002-00:00:00,04,02,2002,00,83.656
04.02.2002-03:00:00,04,02,2002,03,83.725
04.02.2002-06:00:00,04,02,2002,06,83.76
04.02.2002-09:00:00,04,02,2002,09,82.178
04.02.2002-12:00:00,04,02,2002,12,82.042
04.02.2002-15:00:00,04,02,2002,15,81.997
04.02.2002-18:00:00,04,02,2002,18,81.999
04.02.2002-21:00:00,04,02,2002,21,82.67
04.03.2002-00:00:00,04,03,2002,00,83.495
04.03.2002-03:00:00,04,03,2002,03,83.497
04.03.2002-06:00:00,04,03,2002,06,83.452
04.03.2002-09:00:00,04,03,2002,09,81.903
04.03.2002-12:00:00,04,03,2002,12,81.745
04.03.2002-15:00:00,04,03,2002,15,81.681
04.03.2002-18:00:00,04,03,2002,18,81.687
04.03.2002-21:00:00,04,03,2002,21,81.752
04.04.2002-00:00:00,04,04,2002,00,81.837
04.04.2002-03:00:00,04,04,2002,03,81.921
04.04.2002-06:00:00,04,04,2002,06,81.99
04.04.2002-09:00:00,04,04,2002,09,81.864
04.04.2002-12:00:00,04,04,2002,12,81.751
04.04.2002-15:00:00,04,04,2002,15,81.862
04.04.2002-18:00:00,04,04,2002,18,82.19
04.04.2002-21:00:00,04,04,2002,21,82.554
04.05.2002-00:00:00,04,05,2002,00,82.871
04.05.2002-03:00:00,04,05,2002,03,83.115
04.05.2002-06:00:00,04,05,2002,06,83.291
04.05.2002-09:00:00,04,05,2002,09,83.233
04.05.2002-12:00:00,04,05,2002,12,83.223
04.05.2002-15:00:00,04,05,2002,15,83.535
04.05.2002-18:00:00,04,05,2002,18,84.109
04.05.2002-21:00:00,04,05,2002,21,84.711
04.06.2002-00:00:00,04,06,2002,00,85.231
04.06.2002-03:00:00,04,06,2002,03,85.644
04.06.2002-06:00:00,04,06,2002,06,85.951
04.06.2002-09:00:00,04,06,2002,09,86.1
04.06.2002-12:00:00,04,06,2002,12,86.364
04.06.2002-15:00:00,04,06,2002,15,86.977
04.06.2002-18:00:00,04,06,2002,18,87.835
04.06.2002-21:00:00,04,06,2002,21,88.702
04.07.2002-00:00:00,04,07,2002,00,89.473
04.07.2002-03:00:00,04,07,2002,03,90.097
04.07.2002-06:00:00,04,07,2002,06,90.576
04.07.2002-09:00:00,04,07,2002,09,90.785
04.07.2002-12:00:00,04,07,2002,12,91.06
04.07.2002-15:00:00,04,07,2002,15,91.682
04.07.2002-18:00:00,04,07,2002,18,92.59
04.07.2002-21:00:00,04,07,2002,21,93.534
04.08.2002-00:00:00,04,08,2002,00,94.377
04.08.2002-03:00:00,04,08,2002,03,95.1
04.08.2002-06:00:00,04,08,2002,06,95.724
04.08.2002-09:00:00,04,08,2002,09,95.8
04.08.2002-12:00:00,04,08,2002,12,95.94
04.08.2002-15:00:00,04,08,2002,15,96.467
04.08.2002-18:00:00,04,08,2002,18,97.387
04.08.2002-21:00:00,04,08,2002,21,98.45
04.09.2002-00:00:00,04,09,2002,00,99.489
04.09.2002-03:00:00,04,09,2002,03,100.43
04.09.2002-06:00:00,04,09,2002,06,101.23
04.09.2002-09:00:00,04,09,2002,09,101.86
04.09.2002-12:00:00,04,09,2002,12,102.59
04.09.2002-15:00:00,04,09,2002,15,103.83
04.09.2002-18:00:00,04,09,2002,18,105.44
04.09.2002-21:00:00,04,09,2002,21,107.09
04.10.2002-00:00:00,04,10,2002,00,108.55
04.10.2002-03:00:00,04,10,2002,03,109.82
04.10.2002-06:00:00,04,10,2002,06,110.78
04.10.2002-09:00:00,04,10,2002,09,111.01
04.10.2002-12:00:00,04,10,2002,12,111.29
04.10.2002-15:00:00,04,10,2002,15,112.24
04.10.2002-18:00:00,04,10,2002,18,113.52
04.10.2002-21:00:00,04,10,2002,21,115.11
04.11.2002-00:00:00,04,11,2002,00,117.03
04.11.2002-03:00:00,04,11,2002,03,118.75
04.11.2002-06:00:00,04,11,2002,06,120.16
04.11.2002-09:00:00,04,11,2002,09,121.38
04.11.2002-12:00:00,04,11,2002,12,124.18
04.11.2002-15:00:00,04,11,2002,15,127.67
04.11.2002-18:00:00,04,11,2002,18,131.64
04.11.2002-21:00:00,04,11,2002,21,135.51
04.12.2002-00:00:00,04,12,2002,00,138.22
04.12.2002-03:00:00,04,12,2002,03,140.36
04.12.2002-06:00:00,04,12,2002,06,141.93
04.12.2002-09:00:00,04,12,2002,09,143.48
04.12.2002-12:00:00,04,12,2002,12,147.82
04.12.2002-15:00:00,04,12,2002,15,173.82
04.12.2002-18:00:00,04,12,2002,18,177.69
04.12.2002-21:00:00,04,12,2002,21,176.56
04.13.2002-00:00:00,04,13,2002,00,179.03
04.13.2002-03:00:00,04,13,2002,03,174.2
04.13.2002-06:00:00,04,13,2002,06,177.38
04.13.2002-09:00:00,04,13,2002,09,224.91
04.13.2002-12:00:00,04,13,2002,12,280.28
04.13.2002-15:00:00,04,13,2002,15,331.85
04.13.2002-18:00:00,04,13,2002,18,336.67
04.13.2002-21:00:00,04,13,2002,21,331.27
04.14.2002-00:00:00,04,14,2002,00,309.07
04.14.2002-03:00:00,04,14,2002,03,263.12
04.14.2002-06:00:00,04,14,2002,06,292.82
04.14.2002-09:00:00,04,14,2002,09,363.69
04.14.2002-12:00:00,04,14,2002,12,463.45
04.14.2002-15:00:00,04,14,2002,15,504.41
04.14.2002-18:00:00,04,14,2002,18,493.47
04.14.2002-21:00:00,04,14,2002,21,465.52
04.15.2002-00:00:00,04,15,2002,00,369.83
04.15.2002-03:00:00,04,15,2002,03,355.4
04.15.2002-06:00:00,04,15,2002,06,358.49
04.15.2002-09:00:00,04,15,2002,09,351.42
04.15.2002-12:00:00,04,15,2002,12,402.73
04.15.2002-15:00:00,04,15,2002,15,460.51
04.15.2002-18:00:00,04,15,2002,18,431.29
04.15.2002-21:00:00,04,15,2002,21,398.12
04.16.2002-00:00:00,04,16,2002,00,386.35
04.16.2002-03:00:00,04,16,2002,03,388.75
04.16.2002-06:00:00,04,16,2002,06,386.77
04.16.2002-09:00:00,04,16,2002,09,372.84
04.16.2002-12:00:00,04,16,2002,12,424.81
04.16.2002-15:00:00,04,16,2002,15,502.66
04.16.2002-18:00:00,04,16,2002,18,503.69
04.16.2002-21:00:00,04,16,2002,21,436.87
04.17.2002-00:00:00,04,17,2002,00,429.29
04.17.2002-03:00:00,04,17,2002,03,435.1
04.17.2002-06:00:00,04,17,2002,06,435.79
04.17.2002-09:00:00,04,17,2002,09,392.84
04.17.2002-12:00:00,04,17,2002,12,425.39
04.17.2002-15:00:00,04,17,2002,15,602.07
04.17.2002-18:00:00,04,17,2002,18,580.42
04.17.2002-21:00:00,04,17,2002,21,468.78
04.18.2002-00:00:00,04,18,2002,00,466.61
04.18.2002-03:00:00,04,18,2002,03,469.13
04.18.2002-06:00:00,04,18,2002,06,459.63
04.18.2002-09:00:00,04,18,2002,09,393.38
04.18.2002-12:00:00,04,18,2002,12,389.3
04.18.2002-15:00:00,04,18,2002,15,581.67
04.18.2002-18:00:00,04,18,2002,18,631.79
04.18.2002-21:00:00,04,18,2002,21,487.65
04.19.2002-00:00:00,04,19,2002,00,486.33
04.19.2002-03:00:00,04,19,2002,03,488.86
04.19.2002-06:00:00,04,19,2002,06,472.46
04.19.2002-09:00:00,04,19,2002,09,400.36
04.19.2002-12:00:00,04,19,2002,12,821.29
04.19.2002-15:00:00,04,19,2002,15,878.13
04.19.2002-18:00:00,04,19,2002,18,784.52
04.19.2002-21:00:00,04,19,2002,21,660.43
04.20.2002-00:00:00,04,20,2002,00,613.06
04.20.2002-03:00:00,04,20,2002,03,571.03
04.20.2002-06:00:00,04,20,2002,06,547.28
04.20.2002-09:00:00,04,20,2002,09,851.66
04.20.2002-12:00:00,04,20,2002,12,1187.5
04.20.2002-15:00:00,04,20,2002,15,1126.8
04.20.2002-18:00:00,04,20,2002,18,983.9
04.20.2002-21:00:00,04,20,2002,21,867.51
04.21.2002-00:00:00,04,21,2002,00,846.73
04.21.2002-03:00:00,04,21,2002,03,835.76
04.21.2002-06:00:00,04,21,2002,06,831.02
04.21.2002-09:00:00,04,21,2002,09,1125.2
04.21.2002-12:00:00,04,21,2002,12,1352.3
04.21.2002-15:00:00,04,21,2002,15,1303.3
04.21.2002-18:00:00,04,21,2002,18,1213.6
04.21.2002-21:00:00,04,21,2002,21,1114.1
04.22.2002-00:00:00,04,22,2002,00,1031.6
04.22.2002-03:00:00,04,22,2002,03,963.62
04.22.2002-06:00:00,04,22,2002,06,926.82
04.22.2002-09:00:00,04,22,2002,09,1320.4
04.22.2002-12:00:00,04,22,2002,12,1649.7
04.22.2002-15:00:00,04,22,2002,15,1517.8
04.22.2002-18:00:00,04,22,2002,18,1424
04.22.2002-21:00:00,04,22,2002,21,1290
04.23.2002-00:00:00,04,23,2002,00,1017.3
04.23.2002-03:00:00,04,23,2002,03,1016.6
04.23.2002-06:00:00,04,23,2002,06,1010.8
04.23.2002-09:00:00,04,23,2002,09,885.4
04.23.2002-12:00:00,04,23,2002,12,944.67
04.23.2002-15:00:00,04,23,2002,15,1299.2
04.23.2002-18:00:00,04,23,2002,18,1171.4
04.23.2002-21:00:00,04,23,2002,21,1046.2
04.24.2002-00:00:00,04,24,2002,00,1044.7
04.24.2002-03:00:00,04,24,2002,03,1048.4
04.24.2002-06:00:00,04,24,2002,06,1050.8
04.24.2002-09:00:00,04,24,2002,09,855.91
04.24.2002-12:00:00,04,24,2002,12,860.36
04.24.2002-15:00:00,04,24,2002,15,1007.7
04.24.2002-18:00:00,04,24,2002,18,1065.2
04.24.2002-21:00:00,04,24,2002,21,1047.4
04.25.2002-00:00:00,04,25,2002,00,1050.7
04.25.2002-03:00:00,04,25,2002,03,1049.3
04.25.2002-06:00:00,04,25,2002,06,983.52
04.25.2002-09:00:00,04,25,2002,09,881.61
04.25.2002-12:00:00,04,25,2002,12,1138.6
04.25.2002-15:00:00,04,25,2002,15,1442.4
04.25.2002-18:00:00,04,25,2002,18,1439.1
04.25.2002-21:00:00,04,25,2002,21,1298.5
04.26.2002-00:00:00,04,26,2002,00,1071.8
04.26.2002-03:00:00,04,26,2002,03,1063.8
04.26.2002-06:00:00,04,26,2002,06,1008
04.26.2002-09:00:00,04,26,2002,09,899.85
04.26.2002-12:00:00,04,26,2002,12,1682.2
04.26.2002-15:00:00,04,26,2002,15,1784
04.26.2002-18:00:00,04,26,2002,18,1591
04.26.2002-21:00:00,04,26,2002,21,1382.9
04.27.2002-00:00:00,04,27,2002,00,1291.6
04.27.2002-03:00:00,04,27,2002,03,1221.6
04.27.2002-06:00:00,04,27,2002,06,1240.8
04.27.2002-09:00:00,04,27,2002,09,2012.6
04.27.2002-12:00:00,04,27,2002,12,2436.3
04.27.2002-15:00:00,04,27,2002,15,2110.8
04.27.2002-18:00:00,04,27,2002,18,1888.9
04.27.2002-21:00:00,04,27,2002,21,1645.7
04.28.2002-00:00:00,04,28,2002,00,1401.1
04.28.2002-03:00:00,04,28,2002,03,1271.3
04.28.2002-06:00:00,04,28,2002,06,1160.8
04.28.2002-09:00:00,04,28,2002,09,1850.7
04.28.2002-12:00:00,04,28,2002,12,2909.7
04.28.2002-15:00:00,04,28,2002,15,2488
04.28.2002-18:00:00,04,28,2002,18,2125.1
04.28.2002-21:00:00,04,28,2002,21,1752.3
04.29.2002-00:00:00,04,29,2002,00,1547.6
04.29.2002-03:00:00,04,29,2002,03,1413.7
04.29.2002-06:00:00,04,29,2002,06,1287.2
04.29.2002-09:00:00,04,29,2002,09,2264.4
04.29.2002-12:00:00,04,29,2002,12,3354.5
04.29.2002-15:00:00,04,29,2002,15,3035.5
04.29.2002-18:00:00,04,29,2002,18,2654.8
04.29.2002-21:00:00,04,29,2002,21,2223.6
04.30.2002-00:00:00,04,30,2002,00,2139.6
04.30.2002-03:00:00,04,30,2002,03,2046.6
04.30.2002-06:00:00,04,30,2002,06,2062.6
04.30.2002-09:00:00,04,30,2002,09,3130.7
04.30.2002-12:00:00,04,30,2002,12,3983.7
04.30.2002-15:00:00,04,30,2002,15,3614.3
04.30.2002-18:00:00,04,30,2002,18,3363.6
04.30.2002-21:00:00,04,30,2002,21,3006.6
05.01.2002-00:00:00,05,01,2002,00,2627.1
05.01.2002-03:00:00,05,01,2002,03,2271.3
05.01.2002-06:00:00,05,01,2002,06,2118.1
05.01.2002-09:00:00,05,01,2002,09,3310.3
05.01.2002-12:00:00,05,01,2002,12,4442.5
05.01.2002-15:00:00,05,01,2002,15,4065
05.01.2002-18:00:00,05,01,2002,18,3687.3
05.01.2002-21:00:00,05,01,2002,21,3250.2
05.02.2002-00:00:00,05,02,2002,00,3056.5
05.02.2002-03:00:00,05,02,2002,03,2851.3
05.02.2002-06:00:00,05,02,2002,06,2842.8
05.02.2002-09:00:00,05,02,2002,09,4119.7
05.02.2002-12:00:00,05,02,2002,12,5144
05.02.2002-15:00:00,05,02,2002,15,4648.5
05.02.2002-18:00:00,05,02,2002,18,4259.9
05.02.2002-21:00:00,05,02,2002,21,3838.4
05.03.2002-00:00:00,05,03,2002,00,3436.2
05.03.2002-03:00:00,05,03,2002,03,3119
05.03.2002-06:00:00,05,03,2002,06,2957
05.03.2002-09:00:00,05,03,2002,09,3798.7
05.03.2002-12:00:00,05,03,2002,12,4973.9
05.03.2002-15:00:00,05,03,2002,15,4327.9
05.03.2002-18:00:00,05,03,2002,18,3909.7
05.03.2002-21:00:00,05,03,2002,21,3599.3
05.04.2002-00:00:00,05,04,2002,00,3405.6
05.04.2002-03:00:00,05,04,2002,03,3400.3
05.04.2002-06:00:00,05,04,2002,06,3332.3
05.04.2002-09:00:00,05,04,2002,09,3082.2
05.04.2002-12:00:00,05,04,2002,12,4032.9
05.04.2002-15:00:00,05,04,2002,15,4079.2
05.04.2002-18:00:00,05,04,2002,18,3725.9
05.04.2002-21:00:00,05,04,2002,21,3477
05.05.2002-00:00:00,05,05,2002,00,3413.5
05.05.2002-03:00:00,05,05,2002,03,3409.6
05.05.2002-06:00:00,05,05,2002,06,3275.4
05.05.2002-09:00:00,05,05,2002,09,3388.6
05.05.2002-12:00:00,05,05,2002,12,4763.8
05.05.2002-15:00:00,05,05,2002,15,4344.2
05.05.2002-18:00:00,05,05,2002,18,3896
05.05.2002-21:00:00,05,05,2002,21,3615.8
05.06.2002-00:00:00,05,06,2002,00,3529.9
05.06.2002-03:00:00,05,06,2002,03,3534.2
05.06.2002-06:00:00,05,06,2002,06,3508.8
05.06.2002-09:00:00,05,06,2002,09,3230.7
05.06.2002-12:00:00,05,06,2002,12,3390.8
05.06.2002-15:00:00,05,06,2002,15,3799.3
05.06.2002-18:00:00,05,06,2002,18,3657.4
05.06.2002-21:00:00,05,06,2002,21,3508
05.07.2002-00:00:00,05,07,2002,00,3505.6
05.07.2002-03:00:00,05,07,2002,03,3502.1
05.07.2002-06:00:00,05,07,2002,06,3389.2
05.07.2002-09:00:00,05,07,2002,09,3107.6
05.07.2002-12:00:00,05,07,2002,12,3905.7
05.07.2002-15:00:00,05,07,2002,15,4032
05.07.2002-18:00:00,05,07,2002,18,3742.4
05.07.2002-21:00:00,05,07,2002,21,3504
05.08.2002-00:00:00,05,08,2002,00,3481.4
05.08.2002-03:00:00,05,08,2002,03,3500.5
05.08.2002-06:00:00,05,08,2002,06,3461.8
05.08.2002-09:00:00,05,08,2002,09,3067.7
05.08.2002-12:00:00,05,08,2002,12,3599.7
05.08.2002-15:00:00,05,08,2002,15,4113.7
05.08.2002-18:00:00,05,08,2002,18,3768.2
05.08.2002-21:00:00,05,08,2002,21,3515.9
05.09.2002-00:00:00,05,09,2002,00,3497.5
05.09.2002-03:00:00,05,09,2002,03,3509
05.09.2002-06:00:00,05,09,2002,06,3412.7
05.09.2002-09:00:00,05,09,2002,09,2996.1
05.09.2002-12:00:00,05,09,2002,12,2958.1
05.09.2002-15:00:00,05,09,2002,15,3380.8
05.09.2002-18:00:00,05,09,2002,18,3659.1
05.09.2002-21:00:00,05,09,2002,21,3444.6
05.10.2002-00:00:00,05,10,2002,00,3434.6
05.10.2002-03:00:00,05,10,2002,03,3431.4
05.10.2002-06:00:00,05,10,2002,06,3227.8
05.10.2002-09:00:00,05,10,2002,09,2718.5
05.10.2002-12:00:00,05,10,2002,12,3896.1
05.10.2002-15:00:00,05,10,2002,15,4458.2
05.10.2002-18:00:00,05,10,2002,18,4105.4
05.10.2002-21:00:00,05,10,2002,21,3701.5
05.11.2002-00:00:00,05,11,2002,00,3579.8
05.11.2002-03:00:00,05,11,2002,03,3466.3
05.11.2002-06:00:00,05,11,2002,06,3380.3
05.11.2002-09:00:00,05,11,2002,09,4873.4
05.11.2002-12:00:00,05,11,2002,12,6684
05.11.2002-15:00:00,05,11,2002,15,5957.4
05.11.2002-18:00:00,05,11,2002,18,5290.3
05.11.2002-21:00:00,05,11,2002,21,4735.2
05.12.2002-00:00:00,05,12,2002,00,4336.9
05.12.2002-03:00:00,05,12,2002,03,4002
05.12.2002-06:00:00,05,12,2002,06,3731.9
05.12.2002-09:00:00,05,12,2002,09,5668.9
05.12.2002-12:00:00,05,12,2002,12,7623.6
05.12.2002-15:00:00,05,12,2002,15,6720.2
05.12.2002-18:00:00,05,12,2002,18,5936.5
05.12.2002-21:00:00,05,12,2002,21,5321.8
05.13.2002-00:00:00,05,13,2002,00,4935
05.13.2002-03:00:00,05,13,2002,03,4619.4
05.13.2002-06:00:00,05,13,2002,06,4455
05.13.2002-09:00:00,05,13,2002,09,6703.7
05.13.2002-12:00:00,05,13,2002,12,8644.6
05.13.2002-15:00:00,05,13,2002,15,7816.5
05.13.2002-18:00:00,05,13,2002,18,6891.6
05.13.2002-21:00:00,05,13,2002,21,6213
05.14.2002-00:00:00,05,14,2002,00,5897.3
05.14.2002-03:00:00,05,14,2002,03,5290.3
05.14.2002-06:00:00,05,14,2002,06,4993.2
05.14.2002-09:00:00,05,14,2002,09,5804.5
05.14.2002-12:00:00,05,14,2002,12,7385.5
05.14.2002-15:00:00,05,14,2002,15,7010.9
05.14.2002-18:00:00,05,14,2002,18,6334.7
05.14.2002-21:00:00,05,14,2002,21,5954.4
05.15.2002-00:00:00,05,15,2002,00,5559.4
05.15.2002-03:00:00,05,15,2002,03,5404.4
05.15.2002-06:00:00,05,15,2002,06,5072.2
05.15.2002-09:00:00,05,15,2002,09,5973.2
05.15.2002-12:00:00,05,15,2002,12,8378.2
05.15.2002-15:00:00,05,15,2002,15,7615.2
05.15.2002-18:00:00,05,15,2002,18,6693
05.15.2002-21:00:00,05,15,2002,21,6184.9
05.16.2002-00:00:00,05,16,2002,00,5897.4
05.16.2002-03:00:00,05,16,2002,03,5789.7
05.16.2002-06:00:00,05,16,2002,06,5370.7
05.16.2002-09:00:00,05,16,2002,09,6430.8
05.16.2002-12:00:00,05,16,2002,12,9250.8
05.16.2002-15:00:00,05,16,2002,15,8467.6
05.16.2002-18:00:00,05,16,2002,18,7438.1
05.16.2002-21:00:00,05,16,2002,21,6982.6
05.17.2002-00:00:00,05,17,2002,00,6942.3
05.17.2002-03:00:00,05,17,2002,03,6750.4
05.17.2002-06:00:00,05,17,2002,06,7071.3
05.17.2002-09:00:00,05,17,2002,09,9330.7
05.17.2002-12:00:00,05,17,2002,12,10559
05.17.2002-15:00:00,05,17,2002,15,9837
05.17.2002-18:00:00,05,17,2002,18,9186.1
05.17.2002-21:00:00,05,17,2002,21,8671
05.18.2002-00:00:00,05,18,2002,00,8233.1
05.18.2002-03:00:00,05,18,2002,03,7669.8
05.18.2002-06:00:00,05,18,2002,06,7532.6
05.18.2002-09:00:00,05,18,2002,09,9703.9
05.18.2002-12:00:00,05,18,2002,12,11275
05.18.2002-15:00:00,05,18,2002,15,10389
05.18.2002-18:00:00,05,18,2002,18,9633
05.18.2002-21:00:00,05,18,2002,21,9281.6
05.19.2002-00:00:00,05,19,2002,00,9137.9
05.19.2002-03:00:00,05,19,2002,03,8818.9
05.19.2002-06:00:00,05,19,2002,06,8977.9
05.19.2002-09:00:00,05,19,2002,09,11280
05.19.2002-12:00:00,05,19,2002,12,12862
05.19.2002-15:00:00,05,19,2002,15,12381
05.19.2002-18:00:00,05,19,2002,18,11591
05.19.2002-21:00:00,05,19,2002,21,11316
05.20.2002-00:00:00,05,20,2002,00,12844
05.20.2002-03:00:00,05,20,2002,03,13448
05.20.2002-06:00:00,05,20,2002,06,14358
05.20.2002-09:00:00,05,20,2002,09,16686
05.20.2002-12:00:00,05,20,2002,12,18680
05.20.2002-15:00:00,05,20,2002,15,19036
05.20.2002-18:00:00,05,20,2002,18,18406
05.20.2002-21:00:00,05,20,2002,21,18596
05.21.2002-00:00:00,05,21,2002,00,17776
05.21.2002-03:00:00,05,21,2002,03,17406
05.21.2002-06:00:00,05,21,2002,06,17358
05.21.2002-09:00:00,05,21,2002,09,18348
05.21.2002-12:00:00,05,21,2002,12,19126
05.21.2002-15:00:00,05,21,2002,15,19346
05.21.2002-18:00:00,05,21,2002,18,19073
05.21.2002-21:00:00,05,21,2002,21,19150
05.22.2002-00:00:00,05,22,2002,00,18193
05.22.2002-03:00:00,05,22,2002,03,17776
05.22.2002-06:00:00,05,22,2002,06,17644
05.22.2002-09:00:00,05,22,2002,09,18094
05.22.2002-12:00:00,05,22,2002,12,18446
05.22.2002-15:00:00,05,22,2002,15,18582
05.22.2002-18:00:00,05,22,2002,18,18253
05.22.2002-21:00:00,05,22,2002,21,18144
05.23.2002-00:00:00,05,23,2002,00,17342
05.23.2002-03:00:00,05,23,2002,03,16715
05.23.2002-06:00:00,05,23,2002,06,16887
05.23.2002-09:00:00,05,23,2002,09,19359
05.23.2002-12:00:00,05,23,2002,12,21277
05.23.2002-15:00:00,05,23,2002,15,21190
05.23.2002-18:00:00,05,23,2002,18,20238
05.23.2002-21:00:00,05,23,2002,21,19612
05.24.2002-00:00:00,05,24,2002,00,18954
05.24.2002-03:00:00,05,24,2002,03,18569
05.24.2002-06:00:00,05,24,2002,06,17421
05.24.2002-09:00:00,05,24,2002,09,18807
05.24.2002-12:00:00,05,24,2002,12,21808
05.24.2002-15:00:00,05,24,2002,15,21686
05.24.2002-18:00:00,05,24,2002,18,20631
05.24.2002-21:00:00,05,24,2002,21,19768
05.25.2002-00:00:00,05,25,2002,00,19281
05.25.2002-03:00:00,05,25,2002,03,18977
05.25.2002-06:00:00,05,25,2002,06,19204
05.25.2002-09:00:00,05,25,2002,09,21640
05.25.2002-12:00:00,05,25,2002,12,23716
05.25.2002-15:00:00,05,25,2002,15,23839
05.25.2002-18:00:00,05,25,2002,18,23072
05.25.2002-21:00:00,05,25,2002,21,22780
05.26.2002-00:00:00,05,26,2002,00,21948
05.26.2002-03:00:00,05,26,2002,03,21395
05.26.2002-06:00:00,05,26,2002,06,20615
05.26.2002-09:00:00,05,26,2002,09,23042
05.26.2002-12:00:00,05,26,2002,12,25232
05.26.2002-15:00:00,05,26,2002,15,25310
05.26.2002-18:00:00,05,26,2002,18,24471
05.26.2002-21:00:00,05,26,2002,21,24144
05.27.2002-00:00:00,05,27,2002,00,23568
05.27.2002-03:00:00,05,27,2002,03,22932
05.27.2002-06:00:00,05,27,2002,06,22464
05.27.2002-09:00:00,05,27,2002,09,25000
05.27.2002-12:00:00,05,27,2002,12,27266
05.27.2002-15:00:00,05,27,2002,15,27944
05.27.2002-18:00:00,05,27,2002,18,27351
05.27.2002-21:00:00,05,27,2002,21,27358
05.28.2002-00:00:00,05,28,2002,00,27104
05.28.2002-03:00:00,05,28,2002,03,27154
05.28.2002-06:00:00,05,28,2002,06,27163
05.28.2002-09:00:00,05,28,2002,09,29674
05.28.2002-12:00:00,05,28,2002,12,31990
05.28.2002-15:00:00,05,28,2002,15,33255
05.28.2002-18:00:00,05,28,2002,18,33103
05.28.2002-21:00:00,05,28,2002,21,33423
05.29.2002-00:00:00,05,29,2002,00,32015
05.29.2002-03:00:00,05,29,2002,03,31390
05.29.2002-06:00:00,05,29,2002,06,30630
05.29.2002-09:00:00,05,29,2002,09,32619
05.29.2002-12:00:00,05,29,2002,12,34437
05.29.2002-15:00:00,05,29,2002,15,35181
05.29.2002-18:00:00,05,29,2002,18,34434
05.29.2002-21:00:00,05,29,2002,21,33798
05.30.2002-00:00:00,05,30,2002,00,32019
05.30.2002-03:00:00,05,30,2002,03,30804
05.30.2002-06:00:00,05,30,2002,06,29464
05.30.2002-09:00:00,05,30,2002,09,31240
05.30.2002-12:00:00,05,30,2002,12,33278
05.30.2002-15:00:00,05,30,2002,15,34547
05.30.2002-18:00:00,05,30,2002,18,33907
05.30.2002-21:00:00,05,30,2002,21,33340
05.31.2002-00:00:00,05,31,2002,00,31724
05.31.2002-03:00:00,05,31,2002,03,31018
05.31.2002-06:00:00,05,31,2002,06,29658
05.31.2002-09:00:00,05,31,2002,09,31374
05.31.2002-12:00:00,05,31,2002,12,32707
05.31.2002-15:00:00,05,31,2002,15,33858
05.31.2002-18:00:00,05,31,2002,18,32815
05.31.2002-21:00:00,05,31,2002,21,32369
06.01.2002-00:00:00,06,01,2002,00,31156
06.01.2002-03:00:00,06,01,2002,03,29909
06.01.2002-06:00:00,06,01,2002,06,28715
06.01.2002-09:00:00,06,01,2002,09,30366
06.01.2002-12:00:00,06,01,2002,12,32292
06.01.2002-15:00:00,06,01,2002,15,33393
06.01.2002-18:00:00,06,01,2002,18,33269
06.01.2002-21:00:00,06,01,2002,21,33107
06.02.2002-00:00:00,06,02,2002,00,31885
06.02.2002-03:00:00,06,02,2002,03,31061
06.02.2002-06:00:00,06,02,2002,06,30068
06.02.2002-09:00:00,06,02,2002,09,31893
06.02.2002-12:00:00,06,02,2002,12,33305
06.02.2002-15:00:00,06,02,2002,15,34631
06.02.2002-18:00:00,06,02,2002,18,34341
06.02.2002-21:00:00,06,02,2002,21,34166
06.03.2002-00:00:00,06,03,2002,00,32748
06.03.2002-03:00:00,06,03,2002,03,31481
06.03.2002-06:00:00,06,03,2002,06,30248
06.03.2002-09:00:00,06,03,2002,09,31599
06.03.2002-12:00:00,06,03,2002,12,32933
06.03.2002-15:00:00,06,03,2002,15,34064
06.03.2002-18:00:00,06,03,2002,18,33460
06.03.2002-21:00:00,06,03,2002,21,33123
06.04.2002-00:00:00,06,04,2002,00,32086
06.04.2002-03:00:00,06,04,2002,03,31025
06.04.2002-06:00:00,06,04,2002,06,30260
06.04.2002-09:00:00,06,04,2002,09,31494
06.04.2002-12:00:00,06,04,2002,12,33094
06.04.2002-15:00:00,06,04,2002,15,34114
06.04.2002-18:00:00,06,04,2002,18,34401
06.04.2002-21:00:00,06,04,2002,21,34177
06.05.2002-00:00:00,06,05,2002,00,33275
06.05.2002-03:00:00,06,05,2002,03,32034
06.05.2002-06:00:00,06,05,2002,06,31455
06.05.2002-09:00:00,06,05,2002,09,32400
06.05.2002-12:00:00,06,05,2002,12,33746
06.05.2002-15:00:00,06,05,2002,15,34672
06.05.2002-18:00:00,06,05,2002,18,34740
06.05.2002-21:00:00,06,05,2002,21,34253
06.06.2002-00:00:00,06,06,2002,00,33238
06.06.2002-03:00:00,06,06,2002,03,31711
06.06.2002-06:00:00,06,06,2002,06,30507
06.06.2002-09:00:00,06,06,2002,09,30428
06.06.2002-12:00:00,06,06,2002,12,30531
06.06.2002-15:00:00,06,06,2002,15,30509
06.06.2002-18:00:00,06,06,2002,18,29652
06.06.2002-21:00:00,06,06,2002,21,29058
06.07.2002-00:00:00,06,07,2002,00,27626
06.07.2002-03:00:00,06,07,2002,03,26713
06.07.2002-06:00:00,06,07,2002,06,25020
06.07.2002-09:00:00,06,07,2002,09,24339
06.07.2002-12:00:00,06,07,2002,12,24334
06.07.2002-15:00:00,06,07,2002,15,24389
06.07.2002-18:00:00,06,07,2002,18,23567
06.07.2002-21:00:00,06,07,2002,21,23151
06.08.2002-00:00:00,06,08,2002,00,22293
06.08.2002-03:00:00,06,08,2002,03,21997
06.08.2002-06:00:00,06,08,2002,06,21286
06.08.2002-09:00:00,06,08,2002,09,20323
06.08.2002-12:00:00,06,08,2002,12,19735
06.08.2002-15:00:00,06,08,2002,15,19856
06.08.2002-18:00:00,06,08,2002,18,19342
06.08.2002-21:00:00,06,08,2002,21,19222
06.09.2002-00:00:00,06,09,2002,00,18601
06.09.2002-03:00:00,06,09,2002,03,18416
06.09.2002-06:00:00,06,09,2002,06,17470
06.09.2002-09:00:00,06,09,2002,09,18601
06.09.2002-12:00:00,06,09,2002,12,19670
06.09.2002-15:00:00,06,09,2002,15,20355
06.09.2002-18:00:00,06,09,2002,18,20492
06.09.2002-21:00:00,06,09,2002,21,20416
06.10.2002-00:00:00,06,10,2002,00,20059
06.10.2002-03:00:00,06,10,2002,03,19902
06.10.2002-06:00:00,06,10,2002,06,19517
06.10.2002-09:00:00,06,10,2002,09,20795
06.10.2002-12:00:00,06,10,2002,12,22135
06.10.2002-15:00:00,06,10,2002,15,23214
06.10.2002-18:00:00,06,10,2002,18,22808
06.10.2002-21:00:00,06,10,2002,21,22509
06.11.2002-00:00:00,06,11,2002,00,21625
06.11.2002-03:00:00,06,11,2002,03,21332
06.11.2002-06:00:00,06,11,2002,06,20699
06.11.2002-09:00:00,06,11,2002,09,21688
06.11.2002-12:00:00,06,11,2002,12,22750
06.11.2002-15:00:00,06,11,2002,15,23227
06.11.2002-18:00:00,06,11,2002,18,22901
06.11.2002-21:00:00,06,11,2002,21,22404
06.12.2002-00:00:00,06,12,2002,00,21363
06.12.2002-03:00:00,06,12,2002,03,20652
06.12.2002-06:00:00,06,12,2002,06,19352
06.12.2002-09:00:00,06,12,2002,09,19903
06.12.2002-12:00:00,06,12,2002,12,20769
06.12.2002-15:00:00,06,12,2002,15,21492
06.12.2002-18:00:00,06,12,2002,18,21598
06.12.2002-21:00:00,06,12,2002,21,21601
06.13.2002-00:00:00,06,13,2002,00,20864
06.13.2002-03:00:00,06,13,2002,03,20118
06.13.2002-06:00:00,06,13,2002,06,19012
06.13.2002-09:00:00,06,13,2002,09,19360
06.13.2002-12:00:00,06,13,2002,12,20128
06.13.2002-15:00:00,06,13,2002,15,20865
06.13.2002-18:00:00,06,13,2002,18,21094
06.13.2002-21:00:00,06,13,2002,21,20976
06.14.2002-00:00:00,06,14,2002,00,20125
06.14.2002-03:00:00,06,14,2002,03,19331
06.14.2002-06:00:00,06,14,2002,06,18148
06.14.2002-09:00:00,06,14,2002,09,18315
06.14.2002-12:00:00,06,14,2002,12,18927
06.14.2002-15:00:00,06,14,2002,15,19481
06.14.2002-18:00:00,06,14,2002,18,19705
06.14.2002-21:00:00,06,14,2002,21,19704
06.15.2002-00:00:00,06,15,2002,00,19077
06.15.2002-03:00:00,06,15,2002,03,18521
06.15.2002-06:00:00,06,15,2002,06,17336
06.15.2002-09:00:00,06,15,2002,09,17194
06.15.2002-12:00:00,06,15,2002,12,17788
06.15.2002-15:00:00,06,15,2002,15,18355
06.15.2002-18:00:00,06,15,2002,18,18613
06.15.2002-21:00:00,06,15,2002,21,18590
06.16.2002-00:00:00,06,16,2002,00,18282
06.16.2002-03:00:00,06,16,2002,03,17440
06.16.2002-06:00:00,06,16,2002,06,16280
06.16.2002-09:00:00,06,16,2002,09,15680
06.16.2002-12:00:00,06,16,2002,12,15755
06.16.2002-15:00:00,06,16,2002,15,16050
06.16.2002-18:00:00,06,16,2002,18,16600
06.16.2002-21:00:00,06,16,2002,21,16590
06.17.2002-00:00:00,06,17,2002,00,16294
06.17.2002-03:00:00,06,17,2002,03,15613
06.17.2002-06:00:00,06,17,2002,06,14850
06.17.2002-09:00:00,06,17,2002,09,14392
06.17.2002-12:00:00,06,17,2002,12,14104
06.17.2002-15:00:00,06,17,2002,15,14108
06.17.2002-18:00:00,06,17,2002,18,14327
06.17.2002-21:00:00,06,17,2002,21,14413
06.18.2002-00:00:00,06,18,2002,00,14351
06.18.2002-03:00:00,06,18,2002,03,13945
06.18.2002-06:00:00,06,18,2002,06,13187
06.18.2002-09:00:00,06,18,2002,09,12671
06.18.2002-12:00:00,06,18,2002,12,12498
06.18.2002-15:00:00,06,18,2002,15,12517
06.18.2002-18:00:00,06,18,2002,18,12658
06.18.2002-21:00:00,06,18,2002,21,12888
06.19.2002-00:00:00,06,19,2002,00,12822
06.19.2002-03:00:00,06,19,2002,03,12559
06.19.2002-06:00:00,06,19,2002,06,11593
06.19.2002-09:00:00,06,19,2002,09,10781
06.19.2002-12:00:00,06,19,2002,12,10461
06.19.2002-15:00:00,06,19,2002,15,10739
06.19.2002-18:00:00,06,19,2002,18,11188
06.19.2002-21:00:00,06,19,2002,21,11601
06.20.2002-00:00:00,06,20,2002,00,11507
06.20.2002-03:00:00,06,20,2002,03,11397
06.20.2002-06:00:00,06,20,2002,06,10530
06.20.2002-09:00:00,06,20,2002,09,9522.1
06.20.2002-12:00:00,06,20,2002,12,9208.5
06.20.2002-15:00:00,06,20,2002,15,9631.3
06.20.2002-18:00:00,06,20,2002,18,10203
06.20.2002-21:00:00,06,20,2002,21,10525
06.21.2002-00:00:00,06,21,2002,00,10558
06.21.2002-03:00:00,06,21,2002,03,10444
06.21.2002-06:00:00,06,21,2002,06,9284.1
06.21.2002-09:00:00,06,21,2002,09,8506.8
06.21.2002-12:00:00,06,21,2002,12,8296.1
06.21.2002-15:00:00,06,21,2002,15,8637.5
06.21.2002-18:00:00,06,21,2002,18,9264.6
06.21.2002-21:00:00,06,21,2002,21,9712.3
06.22.2002-00:00:00,06,22,2002,00,9792.7
06.22.2002-03:00:00,06,22,2002,03,9581.8
06.22.2002-06:00:00,06,22,2002,06,8768.7
06.22.2002-09:00:00,06,22,2002,09,7994.5
06.22.2002-12:00:00,06,22,2002,12,7842.2
06.22.2002-15:00:00,06,22,2002,15,8135.5
06.22.2002-18:00:00,06,22,2002,18,8620.5
06.22.2002-21:00:00,06,22,2002,21,9035.3
06.23.2002-00:00:00,06,23,2002,00,9041.6
06.23.2002-03:00:00,06,23,2002,03,8964.5
06.23.2002-06:00:00,06,23,2002,06,8040.7
06.23.2002-09:00:00,06,23,2002,09,7390.5
06.23.2002-12:00:00,06,23,2002,12,7177.6
06.23.2002-15:00:00,06,23,2002,15,7377.1
06.23.2002-18:00:00,06,23,2002,18,7944.1
06.23.2002-21:00:00,06,23,2002,21,8319.2
06.24.2002-00:00:00,06,24,2002,00,8436.2
06.24.2002-03:00:00,06,24,2002,03,8331.8
06.24.2002-06:00:00,06,24,2002,06,7408.2
06.24.2002-09:00:00,06,24,2002,09,6708.5
06.24.2002-12:00:00,06,24,2002,12,6508.2
06.24.2002-15:00:00,06,24,2002,15,6763.3
06.24.2002-18:00:00,06,24,2002,18,7374.9
06.24.2002-21:00:00,06,24,2002,21,7759.8
06.25.2002-00:00:00,06,25,2002,00,7854.8
06.25.2002-03:00:00,06,25,2002,03,7697.5
06.25.2002-06:00:00,06,25,2002,06,6693.8
06.25.2002-09:00:00,06,25,2002,09,6061.5
06.25.2002-12:00:00,06,25,2002,12,6020.6
06.25.2002-15:00:00,06,25,2002,15,6238.5
06.25.2002-18:00:00,06,25,2002,18,6813
06.25.2002-21:00:00,06,25,2002,21,7185.3
06.26.2002-00:00:00,06,26,2002,00,7282.6
06.26.2002-03:00:00,06,26,2002,03,7126.2
06.26.2002-06:00:00,06,26,2002,06,6132.4
06.26.2002-09:00:00,06,26,2002,09,5739.1
06.26.2002-12:00:00,06,26,2002,12,5901.1
06.26.2002-15:00:00,06,26,2002,15,5909.1
06.26.2002-18:00:00,06,26,2002,18,6471.9
06.26.2002-21:00:00,06,26,2002,21,6825.3
06.27.2002-00:00:00,06,27,2002,00,6829.1
06.27.2002-03:00:00,06,27,2002,03,6478.9
06.27.2002-06:00:00,06,27,2002,06,5590.4
06.27.2002-09:00:00,06,27,2002,09,5078.1
06.27.2002-12:00:00,06,27,2002,12,5038.5
06.27.2002-15:00:00,06,27,2002,15,5267.2
06.27.2002-18:00:00,06,27,2002,18,5873
06.27.2002-21:00:00,06,27,2002,21,6242.6
06.28.2002-00:00:00,06,28,2002,00,6496.7
06.28.2002-03:00:00,06,28,2002,03,6336.3
06.28.2002-06:00:00,06,28,2002,06,5909.6
06.28.2002-09:00:00,06,28,2002,09,5419
06.28.2002-12:00:00,06,28,2002,12,5422.6
06.28.2002-15:00:00,06,28,2002,15,5572.7
06.28.2002-18:00:00,06,28,2002,18,6093.8
06.28.2002-21:00:00,06,28,2002,21,6317.7
06.29.2002-00:00:00,06,29,2002,00,6692.7
06.29.2002-03:00:00,06,29,2002,03,6569.7
06.29.2002-06:00:00,06,29,2002,06,6319
06.29.2002-09:00:00,06,29,2002,09,5974.7
06.29.2002-12:00:00,06,29,2002,12,5945.7
06.29.2002-15:00:00,06,29,2002,15,5968.8
06.29.2002-18:00:00,06,29,2002,18,6410.8
06.29.2002-21:00:00,06,29,2002,21,6558.9
06.30.2002-00:00:00,06,30,2002,00,6443.8
06.30.2002-03:00:00,06,30,2002,03,6125
06.30.2002-06:00:00,06,30,2002,06,5728.7
06.30.2002-09:00:00,06,30,2002,09,5226.1
06.30.2002-12:00:00,06,30,2002,12,5132.7
06.30.2002-15:00:00,06,30,2002,15,5210
06.30.2002-18:00:00,06,30,2002,18,5609.4
06.30.2002-21:00:00,06,30,2002,21,5874.7
07.01.2002-00:00:00,07,01,2002,00,5925.8
07.01.2002-03:00:00,07,01,2002,03,5804.1
07.01.2002-06:00:00,07,01,2002,06,5239.2
07.01.2002-09:00:00,07,01,2002,09,4742.1
07.01.2002-12:00:00,07,01,2002,12,4610.2
07.01.2002-15:00:00,07,01,2002,15,4841
07.01.2002-18:00:00,07,01,2002,18,5294.8
07.01.2002-21:00:00,07,01,2002,21,5509.5
07.02.2002-00:00:00,07,02,2002,00,5651
07.02.2002-03:00:00,07,02,2002,03,5469.6
07.02.2002-06:00:00,07,02,2002,06,4919.1
07.02.2002-09:00:00,07,02,2002,09,4339.6
07.02.2002-12:00:00,07,02,2002,12,4231.4
07.02.2002-15:00:00,07,02,2002,15,4493.6
07.02.2002-18:00:00,07,02,2002,18,4992.6
07.02.2002-21:00:00,07,02,2002,21,5201.2
07.03.2002-00:00:00,07,03,2002,00,5312.5
07.03.2002-03:00:00,07,03,2002,03,5100.9
07.03.2002-06:00:00,07,03,2002,06,4518.8
07.03.2002-09:00:00,07,03,2002,09,4082.6
07.03.2002-12:00:00,07,03,2002,12,4018.3
07.03.2002-15:00:00,07,03,2002,15,4188.3
07.03.2002-18:00:00,07,03,2002,18,4659.4
07.03.2002-21:00:00,07,03,2002,21,4977.6
07.04.2002-00:00:00,07,04,2002,00,5062.4
07.04.2002-03:00:00,07,04,2002,03,4948.9
07.04.2002-06:00:00,07,04,2002,06,4516.7
07.04.2002-09:00:00,07,04,2002,09,3983.2
07.04.2002-12:00:00,07,04,2002,12,3931.7
07.04.2002-15:00:00,07,04,2002,15,4162.2
07.04.2002-18:00:00,07,04,2002,18,4555.4
07.04.2002-21:00:00,07,04,2002,21,4820.6
07.05.2002-00:00:00,07,05,2002,00,4935.4
07.05.2002-03:00:00,07,05,2002,03,4894
07.05.2002-06:00:00,07,05,2002,06,4301
07.05.2002-09:00:00,07,05,2002,09,3710.2
07.05.2002-12:00:00,07,05,2002,12,3572.9
07.05.2002-15:00:00,07,05,2002,15,3872.3
07.05.2002-18:00:00,07,05,2002,18,4355.8
07.05.2002-21:00:00,07,05,2002,21,4599.4
07.06.2002-00:00:00,07,06,2002,00,4710.7
07.06.2002-03:00:00,07,06,2002,03,4618.3
07.06.2002-06:00:00,07,06,2002,06,3967.1
07.06.2002-09:00:00,07,06,2002,09,3376.5
07.06.2002-12:00:00,07,06,2002,12,3366.6
07.06.2002-15:00:00,07,06,2002,15,3565.3
07.06.2002-18:00:00,07,06,2002,18,4061.8
07.06.2002-21:00:00,07,06,2002,21,4354.8
07.07.2002-00:00:00,07,07,2002,00,4478.7
07.07.2002-03:00:00,07,07,2002,03,4321.3
07.07.2002-06:00:00,07,07,2002,06,3702.8
07.07.2002-09:00:00,07,07,2002,09,3232.6
07.07.2002-12:00:00,07,07,2002,12,3172.4
07.07.2002-15:00:00,07,07,2002,15,3392
07.07.2002-18:00:00,07,07,2002,18,3851.6
07.07.2002-21:00:00,07,07,2002,21,4141.5
07.08.2002-00:00:00,07,08,2002,00,6233.1
07.08.2002-03:00:00,07,08,2002,03,6685.6
07.08.2002-06:00:00,07,08,2002,06,6406.4
07.08.2002-09:00:00,07,08,2002,09,6054.2
07.08.2002-12:00:00,07,08,2002,12,5995.4
07.08.2002-15:00:00,07,08,2002,15,6415.4
07.08.2002-18:00:00,07,08,2002,18,7080.1
07.08.2002-21:00:00,07,08,2002,21,7498.7
07.09.2002-00:00:00,07,09,2002,00,5344.4
07.09.2002-03:00:00,07,09,2002,03,4823.3
07.09.2002-06:00:00,07,09,2002,06,4109.5
07.09.2002-09:00:00,07,09,2002,09,3442
07.09.2002-12:00:00,07,09,2002,12,3307.5
07.09.2002-15:00:00,07,09,2002,15,3502.6
07.09.2002-18:00:00,07,09,2002,18,3875
07.09.2002-21:00:00,07,09,2002,21,4160.5
07.10.2002-00:00:00,07,10,2002,00,4222.6
07.10.2002-03:00:00,07,10,2002,03,4137
07.10.2002-06:00:00,07,10,2002,06,3428.8
07.10.2002-09:00:00,07,10,2002,09,3090.4
07.10.2002-12:00:00,07,10,2002,12,3207.7
07.10.2002-15:00:00,07,10,2002,15,3237.8
07.10.2002-18:00:00,07,10,2002,18,3632.1
07.10.2002-21:00:00,07,10,2002,21,3908.3
07.11.2002-00:00:00,07,11,2002,00,4005.7
07.11.2002-03:00:00,07,11,2002,03,3794.8
07.11.2002-06:00:00,07,11,2002,06,3169.3
07.11.2002-09:00:00,07,11,2002,09,3016.3
07.11.2002-12:00:00,07,11,2002,12,3485.1
07.11.2002-15:00:00,07,11,2002,15,3170.8
07.11.2002-18:00:00,07,11,2002,18,3489.5
07.11.2002-21:00:00,07,11,2002,21,3757
07.12.2002-00:00:00,07,12,2002,00,3824.9
07.12.2002-03:00:00,07,12,2002,03,3619.6
07.12.2002-06:00:00,07,12,2002,06,3004.5
07.12.2002-09:00:00,07,12,2002,09,2851.2
07.12.2002-12:00:00,07,12,2002,12,3228.3
07.12.2002-15:00:00,07,12,2002,15,2993.1
07.12.2002-18:00:00,07,12,2002,18,3322.2
07.12.2002-21:00:00,07,12,2002,21,3561.7
07.13.2002-00:00:00,07,13,2002,00,3631.7
07.13.2002-03:00:00,07,13,2002,03,3435.1
07.13.2002-06:00:00,07,13,2002,06,2893.6
07.13.2002-09:00:00,07,13,2002,09,2708.5
07.13.2002-12:00:00,07,13,2002,12,2851.1
07.13.2002-15:00:00,07,13,2002,15,2845.4
07.13.2002-18:00:00,07,13,2002,18,3132.7
07.13.2002-21:00:00,07,13,2002,21,3373
07.14.2002-00:00:00,07,14,2002,00,3442.4
07.14.2002-03:00:00,07,14,2002,03,3216
07.14.2002-06:00:00,07,14,2002,06,2725.8
07.14.2002-09:00:00,07,14,2002,09,2450
07.14.2002-12:00:00,07,14,2002,12,2437.9
07.14.2002-15:00:00,07,14,2002,15,2561.5
07.14.2002-18:00:00,07,14,2002,18,2879.4
07.14.2002-21:00:00,07,14,2002,21,3148.2
07.15.2002-00:00:00,07,15,2002,00,3267.7
07.15.2002-03:00:00,07,15,2002,03,3152
07.15.2002-06:00:00,07,15,2002,06,2649.3
07.15.2002-09:00:00,07,15,2002,09,2352.6
07.15.2002-12:00:00,07,15,2002,12,2347.7
07.15.2002-15:00:00,07,15,2002,15,2479.9
07.15.2002-18:00:00,07,15,2002,18,2821.8
07.15.2002-21:00:00,07,15,2002,21,3056
07.16.2002-00:00:00,07,16,2002,00,3154.3
07.16.2002-03:00:00,07,16,2002,03,3019.2
07.16.2002-06:00:00,07,16,2002,06,2537.3
07.16.2002-09:00:00,07,16,2002,09,2265.9
07.16.2002-12:00:00,07,16,2002,12,2276.7
07.16.2002-15:00:00,07,16,2002,15,2388.7
07.16.2002-18:00:00,07,16,2002,18,2709.2
07.16.2002-21:00:00,07,16,2002,21,2935.2
07.17.2002-00:00:00,07,17,2002,00,3017.6
07.17.2002-03:00:00,07,17,2002,03,2864.5
07.17.2002-06:00:00,07,17,2002,06,2427.7
07.17.2002-09:00:00,07,17,2002,09,2178.8
07.17.2002-12:00:00,07,17,2002,12,2181.2
07.17.2002-15:00:00,07,17,2002,15,2296.2
07.17.2002-18:00:00,07,17,2002,18,2575.7
07.17.2002-21:00:00,07,17,2002,21,2795.6
07.18.2002-00:00:00,07,18,2002,00,2888.9
07.18.2002-03:00:00,07,18,2002,03,2732.6
07.18.2002-06:00:00,07,18,2002,06,2310.7
07.18.2002-09:00:00,07,18,2002,09,2076.8
07.18.2002-12:00:00,07,18,2002,12,2074.6
07.18.2002-15:00:00,07,18,2002,15,2191.8
07.18.2002-18:00:00,07,18,2002,18,2458.2
07.18.2002-21:00:00,07,18,2002,21,2662.4
07.19.2002-00:00:00,07,19,2002,00,2763.1
07.19.2002-03:00:00,07,19,2002,03,2654.1
07.19.2002-06:00:00,07,19,2002,06,2274.8
07.19.2002-09:00:00,07,19,2002,09,2030
07.19.2002-12:00:00,07,19,2002,12,2012.1
07.19.2002-15:00:00,07,19,2002,15,2137.8
07.19.2002-18:00:00,07,19,2002,18,2394.5
07.19.2002-21:00:00,07,19,2002,21,2587.6
07.20.2002-00:00:00,07,20,2002,00,2681.5
07.20.2002-03:00:00,07,20,2002,03,2587.8
07.20.2002-06:00:00,07,20,2002,06,2186
07.20.2002-09:00:00,07,20,2002,09,1936.6
07.20.2002-12:00:00,07,20,2002,12,1936.5
07.20.2002-15:00:00,07,20,2002,15,2060.1
07.20.2002-18:00:00,07,20,2002,18,2323.4
07.20.2002-21:00:00,07,20,2002,21,2492.3
07.21.2002-00:00:00,07,21,2002,00,2572.8
07.21.2002-03:00:00,07,21,2002,03,2488
07.21.2002-06:00:00,07,21,2002,06,2091.1
07.21.2002-09:00:00,07,21,2002,09,1855.9
07.21.2002-12:00:00,07,21,2002,12,1872.6
07.21.2002-15:00:00,07,21,2002,15,1987.4
07.21.2002-18:00:00,07,21,2002,18,2245
07.21.2002-21:00:00,07,21,2002,21,2401.1
07.22.2002-00:00:00,07,22,2002,00,2481.3
07.22.2002-03:00:00,07,22,2002,03,2403.2
07.22.2002-06:00:00,07,22,2002,06,2016.5
07.22.2002-09:00:00,07,22,2002,09,1803.5
07.22.2002-12:00:00,07,22,2002,12,1846
07.22.2002-15:00:00,07,22,2002,15,1935.9
07.22.2002-18:00:00,07,22,2002,18,2187.6
07.22.2002-21:00:00,07,22,2002,21,2335.2
07.23.2002-00:00:00,07,23,2002,00,2402
07.23.2002-03:00:00,07,23,2002,03,2321.6
07.23.2002-06:00:00,07,23,2002,06,1939.7
07.23.2002-09:00:00,07,23,2002,09,1763
07.23.2002-12:00:00,07,23,2002,12,1837.9
07.23.2002-15:00:00,07,23,2002,15,1891.4
07.23.2002-18:00:00,07,23,2002,18,2128.3
07.23.2002-21:00:00,07,23,2002,21,2267
07.24.2002-00:00:00,07,24,2002,00,2320.5
07.24.2002-03:00:00,07,24,2002,03,2207.3
07.24.2002-06:00:00,07,24,2002,06,1852.7
07.24.2002-09:00:00,07,24,2002,09,1692.4
07.24.2002-12:00:00,07,24,2002,12,1753.6
07.24.2002-15:00:00,07,24,2002,15,1818.1
07.24.2002-18:00:00,07,24,2002,18,2036.9
07.24.2002-21:00:00,07,24,2002,21,2175
07.25.2002-00:00:00,07,25,2002,00,2217.9
07.25.2002-03:00:00,07,25,2002,03,2113
07.25.2002-06:00:00,07,25,2002,06,1845.8
07.25.2002-09:00:00,07,25,2002,09,1695.7
07.25.2002-12:00:00,07,25,2002,12,1713.6
07.25.2002-15:00:00,07,25,2002,15,1783.6
07.25.2002-18:00:00,07,25,2002,18,1953.6
07.25.2002-21:00:00,07,25,2002,21,2108.9
07.26.2002-00:00:00,07,26,2002,00,2154.6
07.26.2002-03:00:00,07,26,2002,03,2045.4
07.26.2002-06:00:00,07,26,2002,06,1774.5
07.26.2002-09:00:00,07,26,2002,09,1599.5
07.26.2002-12:00:00,07,26,2002,12,1588.7
07.26.2002-15:00:00,07,26,2002,15,1695.6
07.26.2002-18:00:00,07,26,2002,18,1895.2
07.26.2002-21:00:00,07,26,2002,21,2035.5
07.27.2002-00:00:00,07,27,2002,00,2094.3
07.27.2002-03:00:00,07,27,2002,03,2020
07.27.2002-06:00:00,07,27,2002,06,1783.5
07.27.2002-09:00:00,07,27,2002,09,1598.6
07.27.2002-12:00:00,07,27,2002,12,1587.4
07.27.2002-15:00:00,07,27,2002,15,1689.4
07.27.2002-18:00:00,07,27,2002,18,1873
07.27.2002-21:00:00,07,27,2002,21,2003.3
07.28.2002-00:00:00,07,28,2002,00,2037.9
07.28.2002-03:00:00,07,28,2002,03,1966.3
07.28.2002-06:00:00,07,28,2002,06,1812.9
07.28.2002-09:00:00,07,28,2002,09,1689.7
07.28.2002-12:00:00,07,28,2002,12,1680.4
07.28.2002-15:00:00,07,28,2002,15,1739.5
07.28.2002-18:00:00,07,28,2002,18,1857.4
07.28.2002-21:00:00,07,28,2002,21,1979.4
07.29.2002-00:00:00,07,29,2002,00,2009.4
07.29.2002-03:00:00,07,29,2002,03,1932.2
07.29.2002-06:00:00,07,29,2002,06,1804.6
07.29.2002-09:00:00,07,29,2002,09,1704.7
07.29.2002-12:00:00,07,29,2002,12,1693.1
07.29.2002-15:00:00,07,29,2002,15,1739.8
07.29.2002-18:00:00,07,29,2002,18,1838.7
07.29.2002-21:00:00,07,29,2002,21,1954.7
07.30.2002-00:00:00,07,30,2002,00,1989.2
07.30.2002-03:00:00,07,30,2002,03,1897.4
07.30.2002-06:00:00,07,30,2002,06,1703.6
07.30.2002-09:00:00,07,30,2002,09,1544
07.30.2002-12:00:00,07,30,2002,12,1522.9
07.30.2002-15:00:00,07,30,2002,15,1612.4
07.30.2002-18:00:00,07,30,2002,18,1768.2
07.30.2002-21:00:00,07,30,2002,21,1889.1
07.31.2002-00:00:00,07,31,2002,00,1926.8
07.31.2002-03:00:00,07,31,2002,03,1873.7
07.31.2002-06:00:00,07,31,2002,06,1647.4
07.31.2002-09:00:00,07,31,2002,09,1451.3
07.31.2002-12:00:00,07,31,2002,12,1424.2
07.31.2002-15:00:00,07,31,2002,15,1527.6
07.31.2002-18:00:00,07,31,2002,18,1732.7
07.31.2002-21:00:00,07,31,2002,21,1846.1
08.01.2002-00:00:00,08,01,2002,00,1881.3
08.01.2002-03:00:00,08,01,2002,03,1821.1
08.01.2002-06:00:00,08,01,2002,06,1622.5
08.01.2002-09:00:00,08,01,2002,09,1401
08.01.2002-12:00:00,08,01,2002,12,1377.1
08.01.2002-15:00:00,08,01,2002,15,1502.6
08.01.2002-18:00:00,08,01,2002,18,1694.5
08.01.2002-21:00:00,08,01,2002,21,1796.9
08.02.2002-00:00:00,08,02,2002,00,1822.5
08.02.2002-03:00:00,08,02,2002,03,1720.8
08.02.2002-06:00:00,08,02,2002,06,1536.5
08.02.2002-09:00:00,08,02,2002,09,1357.1
08.02.2002-12:00:00,08,02,2002,12,1333.1
08.02.2002-15:00:00,08,02,2002,15,1452.7
08.02.2002-18:00:00,08,02,2002,18,1625.2
08.02.2002-21:00:00,08,02,2002,21,1742.9
08.03.2002-00:00:00,08,03,2002,00,1778.3
08.03.2002-03:00:00,08,03,2002,03,1737.8
08.03.2002-06:00:00,08,03,2002,06,1566.3
08.03.2002-09:00:00,08,03,2002,09,1355.3
08.03.2002-12:00:00,08,03,2002,12,1328
08.03.2002-15:00:00,08,03,2002,15,1444.1
08.03.2002-18:00:00,08,03,2002,18,1612.2
08.03.2002-21:00:00,08,03,2002,21,1710.7
08.04.2002-00:00:00,08,04,2002,00,1734.6
08.04.2002-03:00:00,08,04,2002,03,1633.7
08.04.2002-06:00:00,08,04,2002,06,1474.9
08.04.2002-09:00:00,08,04,2002,09,1316.8
08.04.2002-12:00:00,08,04,2002,12,1292.7
08.04.2002-15:00:00,08,04,2002,15,1396.7
08.04.2002-18:00:00,08,04,2002,18,1549.6
08.04.2002-21:00:00,08,04,2002,21,1660.9
08.05.2002-00:00:00,08,05,2002,00,1693.2
08.05.2002-03:00:00,08,05,2002,03,1669.2
08.05.2002-06:00:00,08,05,2002,06,1516
08.05.2002-09:00:00,08,05,2002,09,1314.8
08.05.2002-12:00:00,08,05,2002,12,1283.3
08.05.2002-15:00:00,08,05,2002,15,1390.4
08.05.2002-18:00:00,08,05,2002,18,1544.3
08.05.2002-21:00:00,08,05,2002,21,1633.5
08.06.2002-00:00:00,08,06,2002,00,1659.8
08.06.2002-03:00:00,08,06,2002,03,1603.2
08.06.2002-06:00:00,08,06,2002,06,1470.2
08.06.2002-09:00:00,08,06,2002,09,1318.4
08.06.2002-12:00:00,08,06,2002,12,1295.2
08.06.2002-15:00:00,08,06,2002,15,1391.2
08.06.2002-18:00:00,08,06,2002,18,1535.2
08.06.2002-21:00:00,08,06,2002,21,1623.9
08.07.2002-00:00:00,08,07,2002,00,1632
08.07.2002-03:00:00,08,07,2002,03,1578.6
08.07.2002-06:00:00,08,07,2002,06,1423.8
08.07.2002-09:00:00,08,07,2002,09,1241.4
08.07.2002-12:00:00,08,07,2002,12,1211.9
08.07.2002-15:00:00,08,07,2002,15,1302.2
08.07.2002-18:00:00,08,07,2002,18,1451.4
08.07.2002-21:00:00,08,07,2002,21,1545
08.08.2002-00:00:00,08,08,2002,00,1571.5
08.08.2002-03:00:00,08,08,2002,03,1492.6
08.08.2002-06:00:00,08,08,2002,06,1310.6
08.08.2002-09:00:00,08,08,2002,09,1154.5
08.08.2002-12:00:00,08,08,2002,12,1136.2
08.08.2002-15:00:00,08,08,2002,15,1226.2
08.08.2002-18:00:00,08,08,2002,18,1357.7
08.08.2002-21:00:00,08,08,2002,21,1458.6
08.09.2002-00:00:00,08,09,2002,00,1498.1
08.09.2002-03:00:00,08,09,2002,03,1402.9
08.09.2002-06:00:00,08,09,2002,06,1243.1
08.09.2002-09:00:00,08,09,2002,09,1120.4
08.09.2002-12:00:00,08,09,2002,12,1105.6
08.09.2002-15:00:00,08,09,2002,15,1183.8
08.09.2002-18:00:00,08,09,2002,18,1301.7
08.09.2002-21:00:00,08,09,2002,21,1391.6
08.10.2002-00:00:00,08,10,2002,00,1437
08.10.2002-03:00:00,08,10,2002,03,1345.9
08.10.2002-06:00:00,08,10,2002,06,1204.8
08.10.2002-09:00:00,08,10,2002,09,1094.1
08.10.2002-12:00:00,08,10,2002,12,1077.1
08.10.2002-15:00:00,08,10,2002,15,1150.3
08.10.2002-18:00:00,08,10,2002,18,1263.7
08.10.2002-21:00:00,08,10,2002,21,1345.5
08.11.2002-00:00:00,08,11,2002,00,1394.7
08.11.2002-03:00:00,08,11,2002,03,1319.2
08.11.2002-06:00:00,08,11,2002,06,1175.5
08.11.2002-09:00:00,08,11,2002,09,1053.8
08.11.2002-12:00:00,08,11,2002,12,1039.6
08.11.2002-15:00:00,08,11,2002,15,1118
08.11.2002-18:00:00,08,11,2002,18,1232.2
08.11.2002-21:00:00,08,11,2002,21,1305.7
08.12.2002-00:00:00,08,12,2002,00,1348.5
08.12.2002-03:00:00,08,12,2002,03,1279.1
08.12.2002-06:00:00,08,12,2002,06,1132.4
08.12.2002-09:00:00,08,12,2002,09,1014.7
08.12.2002-12:00:00,08,12,2002,12,1012.9
08.12.2002-15:00:00,08,12,2002,15,1084.8
08.12.2002-18:00:00,08,12,2002,18,1197.5
08.12.2002-21:00:00,08,12,2002,21,1263.3
08.13.2002-00:00:00,08,13,2002,00,1300.3
08.13.2002-03:00:00,08,13,2002,03,1222.9
08.13.2002-06:00:00,08,13,2002,06,1084.5
08.13.2002-09:00:00,08,13,2002,09,1004.8
08.13.2002-12:00:00,08,13,2002,12,1069.1
08.13.2002-15:00:00,08,13,2002,15,1080.2
08.13.2002-18:00:00,08,13,2002,18,1180.7
08.13.2002-21:00:00,08,13,2002,21,1248.6
08.14.2002-00:00:00,08,14,2002,00,1272.1
08.14.2002-03:00:00,08,14,2002,03,1186.9
08.14.2002-06:00:00,08,14,2002,06,1068.9
08.14.2002-09:00:00,08,14,2002,09,981.84
08.14.2002-12:00:00,08,14,2002,12,977.69
08.14.2002-15:00:00,08,14,2002,15,1034.7
08.14.2002-18:00:00,08,14,2002,18,1125.2
08.14.2002-21:00:00,08,14,2002,21,1192.8
08.15.2002-00:00:00,08,15,2002,00,1227.1
08.15.2002-03:00:00,08,15,2002,03,1170.5
08.15.2002-06:00:00,08,15,2002,06,1053.9
08.15.2002-09:00:00,08,15,2002,09,944.64
08.15.2002-12:00:00,08,15,2002,12,934.5
08.15.2002-15:00:00,08,15,2002,15,1004.5
08.15.2002-18:00:00,08,15,2002,18,1113.1
08.15.2002-21:00:00,08,15,2002,21,1165
08.16.2002-00:00:00,08,16,2002,00,1191.8
08.16.2002-03:00:00,08,16,2002,03,1130.4
08.16.2002-06:00:00,08,16,2002,06,1024.6
08.16.2002-09:00:00,08,16,2002,09,917.42
08.16.2002-12:00:00,08,16,2002,12,902.04
08.16.2002-15:00:00,08,16,2002,15,969.52
08.16.2002-18:00:00,08,16,2002,18,1084.1
08.16.2002-21:00:00,08,16,2002,21,1137.7
08.17.2002-00:00:00,08,17,2002,00,1163.3
08.17.2002-03:00:00,08,17,2002,03,1152.9
08.17.2002-06:00:00,08,17,2002,06,1054.6
08.17.2002-09:00:00,08,17,2002,09,916.21
08.17.2002-12:00:00,08,17,2002,12,896.43
08.17.2002-15:00:00,08,17,2002,15,969.21
08.17.2002-18:00:00,08,17,2002,18,1081
08.17.2002-21:00:00,08,17,2002,21,1126.6
08.18.2002-00:00:00,08,18,2002,00,1150.1
08.18.2002-03:00:00,08,18,2002,03,1118
08.18.2002-06:00:00,08,18,2002,06,1013.5
08.18.2002-09:00:00,08,18,2002,09,892.49
08.18.2002-12:00:00,08,18,2002,12,876.65
08.18.2002-15:00:00,08,18,2002,15,939.88
08.18.2002-18:00:00,08,18,2002,18,1050.5
08.18.2002-21:00:00,08,18,2002,21,1095
08.19.2002-00:00:00,08,19,2002,00,1111.6
08.19.2002-03:00:00,08,19,2002,03,1083
08.19.2002-06:00:00,08,19,2002,06,999.81
08.19.2002-09:00:00,08,19,2002,09,903.02
08.19.2002-12:00:00,08,19,2002,12,889.09
08.19.2002-15:00:00,08,19,2002,15,941.5
08.19.2002-18:00:00,08,19,2002,18,1027.4
08.19.2002-21:00:00,08,19,2002,21,1075.8
08.20.2002-00:00:00,08,20,2002,00,1094.3
08.20.2002-03:00:00,08,20,2002,03,1051.5
08.20.2002-06:00:00,08,20,2002,06,966.02
08.20.2002-09:00:00,08,20,2002,09,874.08
08.20.2002-12:00:00,08,20,2002,12,858.15
08.20.2002-15:00:00,08,20,2002,15,911.35
08.20.2002-18:00:00,08,20,2002,18,999.29
08.20.2002-21:00:00,08,20,2002,21,1048.6
08.21.2002-00:00:00,08,21,2002,00,1065.5
08.21.2002-03:00:00,08,21,2002,03,1025.7
08.21.2002-06:00:00,08,21,2002,06,937.93
08.21.2002-09:00:00,08,21,2002,09,845.39
08.21.2002-12:00:00,08,21,2002,12,830.13
08.21.2002-15:00:00,08,21,2002,15,883.66
08.21.2002-18:00:00,08,21,2002,18,967.36
08.21.2002-21:00:00,08,21,2002,21,1022.6
08.22.2002-00:00:00,08,22,2002,00,1035.6
08.22.2002-03:00:00,08,22,2002,03,999.88
08.22.2002-06:00:00,08,22,2002,06,914.12
08.22.2002-09:00:00,08,22,2002,09,819.48
08.22.2002-12:00:00,08,22,2002,12,804.88
08.22.2002-15:00:00,08,22,2002,15,858.92
08.22.2002-18:00:00,08,22,2002,18,940.49
08.22.2002-21:00:00,08,22,2002,21,995.68
08.23.2002-00:00:00,08,23,2002,00,1011.9
08.23.2002-03:00:00,08,23,2002,03,973.85
08.23.2002-06:00:00,08,23,2002,06,883.4
08.23.2002-09:00:00,08,23,2002,09,786.86
08.23.2002-12:00:00,08,23,2002,12,779.7
08.23.2002-15:00:00,08,23,2002,15,832.79
08.23.2002-18:00:00,08,23,2002,18,910.87
08.23.2002-21:00:00,08,23,2002,21,963.21
08.24.2002-00:00:00,08,24,2002,00,985.48
08.24.2002-03:00:00,08,24,2002,03,956.96
08.24.2002-06:00:00,08,24,2002,06,870.31
08.24.2002-09:00:00,08,24,2002,09,774.12
08.24.2002-12:00:00,08,24,2002,12,773.82
08.24.2002-15:00:00,08,24,2002,15,820.18
08.24.2002-18:00:00,08,24,2002,18,895.18
08.24.2002-21:00:00,08,24,2002,21,942.87
08.25.2002-00:00:00,08,25,2002,00,1014.4
08.25.2002-03:00:00,08,25,2002,03,1057
08.25.2002-06:00:00,08,25,2002,06,1001.5
08.25.2002-09:00:00,08,25,2002,09,911.26
08.25.2002-12:00:00,08,25,2002,12,882.52
08.25.2002-15:00:00,08,25,2002,15,944.19
08.25.2002-18:00:00,08,25,2002,18,1055.4
08.25.2002-21:00:00,08,25,2002,21,1113.8
08.26.2002-00:00:00,08,26,2002,00,1056.4
08.26.2002-03:00:00,08,26,2002,03,1015.8
08.26.2002-06:00:00,08,26,2002,06,928.41
08.26.2002-09:00:00,08,26,2002,09,828.34
08.26.2002-12:00:00,08,26,2002,12,800.04
08.26.2002-15:00:00,08,26,2002,15,849.22
08.26.2002-18:00:00,08,26,2002,18,935.17
08.26.2002-21:00:00,08,26,2002,21,996.71
08.27.2002-00:00:00,08,27,2002,00,963.59
08.27.2002-03:00:00,08,27,2002,03,922.04
08.27.2002-06:00:00,08,27,2002,06,826.91
08.27.2002-09:00:00,08,27,2002,09,740.78
08.27.2002-12:00:00,08,27,2002,12,730.08
08.27.2002-15:00:00,08,27,2002,15,777.2
08.27.2002-18:00:00,08,27,2002,18,852.18
08.27.2002-21:00:00,08,27,2002,21,882.76
08.28.2002-00:00:00,08,28,2002,00,901.34
08.28.2002-03:00:00,08,28,2002,03,886.32
08.28.2002-06:00:00,08,28,2002,06,808.5
08.28.2002-09:00:00,08,28,2002,09,721.46
08.28.2002-12:00:00,08,28,2002,12,716.27
08.28.2002-15:00:00,08,28,2002,15,762.44
08.28.2002-18:00:00,08,28,2002,18,834
08.28.2002-21:00:00,08,28,2002,21,863.78
08.29.2002-00:00:00,08,29,2002,00,877.63
08.29.2002-03:00:00,08,29,2002,03,865.13
08.29.2002-06:00:00,08,29,2002,06,798.89
08.29.2002-09:00:00,08,29,2002,09,723.97
08.29.2002-12:00:00,08,29,2002,12,715.36
08.29.2002-15:00:00,08,29,2002,15,753.2
08.29.2002-18:00:00,08,29,2002,18,818.07
08.29.2002-21:00:00,08,29,2002,21,847.18
08.30.2002-00:00:00,08,30,2002,00,862.11
08.30.2002-03:00:00,08,30,2002,03,842.31
08.30.2002-06:00:00,08,30,2002,06,776.17
08.30.2002-09:00:00,08,30,2002,09,704.19
08.30.2002-12:00:00,08,30,2002,12,690.7
08.30.2002-15:00:00,08,30,2002,15,731.98
08.30.2002-18:00:00,08,30,2002,18,798.39
08.30.2002-21:00:00,08,30,2002,21,831.32
08.31.2002-00:00:00,08,31,2002,00,843.26
08.31.2002-03:00:00,08,31,2002,03,832.44
08.31.2002-06:00:00,08,31,2002,06,778.5
08.31.2002-09:00:00,08,31,2002,09,707.33
08.31.2002-12:00:00,08,31,2002,12,690.62
08.31.2002-15:00:00,08,31,2002,15,729.33
08.31.2002-18:00:00,08,31,2002,18,790.35
08.31.2002-21:00:00,08,31,2002,21,820.32
09.01.2002-00:00:00,09,01,2002,00,819.89
09.01.2002-03:00:00,09,01,2002,03,805.79
09.01.2002-06:00:00,09,01,2002,06,765.34
09.01.2002-09:00:00,09,01,2002,09,723.13
09.01.2002-12:00:00,09,01,2002,12,712.47
09.01.2002-15:00:00,09,01,2002,15,734.49
09.01.2002-18:00:00,09,01,2002,18,774.88
09.01.2002-21:00:00,09,01,2002,21,803.02
09.02.2002-00:00:00,09,02,2002,00,815.68
09.02.2002-03:00:00,09,02,2002,03,807.82
09.02.2002-06:00:00,09,02,2002,06,747.98
09.02.2002-09:00:00,09,02,2002,09,676.02
09.02.2002-12:00:00,09,02,2002,12,665.62
09.02.2002-15:00:00,09,02,2002,15,709.99
09.02.2002-18:00:00,09,02,2002,18,762.17
09.02.2002-21:00:00,09,02,2002,21,788.42
09.03.2002-00:00:00,09,03,2002,00,796.2
09.03.2002-03:00:00,09,03,2002,03,786.65
09.03.2002-06:00:00,09,03,2002,06,738.09
09.03.2002-09:00:00,09,03,2002,09,675.93
09.03.2002-12:00:00,09,03,2002,12,664.27
09.03.2002-15:00:00,09,03,2002,15,705.72
09.03.2002-18:00:00,09,03,2002,18,754.25
09.03.2002-21:00:00,09,03,2002,21,777.65
09.04.2002-00:00:00,09,04,2002,00,786.26
09.04.2002-03:00:00,09,04,2002,03,786.58
09.04.2002-06:00:00,09,04,2002,06,742.14
09.04.2002-09:00:00,09,04,2002,09,663.79
09.04.2002-12:00:00,09,04,2002,12,650.16
09.04.2002-15:00:00,09,04,2002,15,696.98
09.04.2002-18:00:00,09,04,2002,18,747.01
09.04.2002-21:00:00,09,04,2002,21,765.17
09.05.2002-00:00:00,09,05,2002,00,777.78
09.05.2002-03:00:00,09,05,2002,03,781.05
09.05.2002-06:00:00,09,05,2002,06,744.48
09.05.2002-09:00:00,09,05,2002,09,659.88
09.05.2002-12:00:00,09,05,2002,12,644.1
09.05.2002-15:00:00,09,05,2002,15,691.1
09.05.2002-18:00:00,09,05,2002,18,741.67
09.05.2002-21:00:00,09,05,2002,21,758.81
09.06.2002-00:00:00,09,06,2002,00,763.11
09.06.2002-03:00:00,09,06,2002,03,768.38
09.06.2002-06:00:00,09,06,2002,06,735
09.06.2002-09:00:00,09,06,2002,09,651.08
09.06.2002-12:00:00,09,06,2002,12,634.34
09.06.2002-15:00:00,09,06,2002,15,678.85
09.06.2002-18:00:00,09,06,2002,18,727.34
09.06.2002-21:00:00,09,06,2002,21,745.03
09.07.2002-00:00:00,09,07,2002,00,758.31
09.07.2002-03:00:00,09,07,2002,03,760.92
09.07.2002-06:00:00,09,07,2002,06,783.98
09.07.2002-09:00:00,09,07,2002,09,692.53
09.07.2002-12:00:00,09,07,2002,12,654.43
09.07.2002-15:00:00,09,07,2002,15,697.24
09.07.2002-18:00:00,09,07,2002,18,740.59
09.07.2002-21:00:00,09,07,2002,21,758.48
09.08.2002-00:00:00,09,08,2002,00,754.71
09.08.2002-03:00:00,09,08,2002,03,754.22
09.08.2002-06:00:00,09,08,2002,06,744.71
09.08.2002-09:00:00,09,08,2002,09,676.67
09.08.2002-12:00:00,09,08,2002,12,648.43
09.08.2002-15:00:00,09,08,2002,15,679.12
09.08.2002-18:00:00,09,08,2002,18,716.98
09.08.2002-21:00:00,09,08,2002,21,733.63
09.09.2002-00:00:00,09,09,2002,00,735.91
09.09.2002-03:00:00,09,09,2002,03,734
09.09.2002-06:00:00,09,09,2002,06,684.13
09.09.2002-09:00:00,09,09,2002,09,612.74
09.09.2002-12:00:00,09,09,2002,12,601.84
09.09.2002-15:00:00,09,09,2002,15,640.83
09.09.2002-18:00:00,09,09,2002,18,682.84
09.09.2002-21:00:00,09,09,2002,21,706.48
09.10.2002-00:00:00,09,10,2002,00,713.22
09.10.2002-03:00:00,09,10,2002,03,715.63
09.10.2002-06:00:00,09,10,2002,06,670.01
09.10.2002-09:00:00,09,10,2002,09,593.34
09.10.2002-12:00:00,09,10,2002,12,585.42
09.10.2002-15:00:00,09,10,2002,15,626
09.10.2002-18:00:00,09,10,2002,18,663.86
09.10.2002-21:00:00,09,10,2002,21,688.78
09.11.2002-00:00:00,09,11,2002,00,697.05
09.11.2002-03:00:00,09,11,2002,03,695.66
09.11.2002-06:00:00,09,11,2002,06,646.07
09.11.2002-09:00:00,09,11,2002,09,574.63
09.11.2002-12:00:00,09,11,2002,12,570.22
09.11.2002-15:00:00,09,11,2002,15,611.14
09.11.2002-18:00:00,09,11,2002,18,646.11
09.11.2002-21:00:00,09,11,2002,21,669.59
09.12.2002-00:00:00,09,12,2002,00,679.4
09.12.2002-03:00:00,09,12,2002,03,679.82
09.12.2002-06:00:00,09,12,2002,06,632.15
09.12.2002-09:00:00,09,12,2002,09,562.51
09.12.2002-12:00:00,09,12,2002,12,560.44
09.12.2002-15:00:00,09,12,2002,15,599.55
09.12.2002-18:00:00,09,12,2002,18,632.96
09.12.2002-21:00:00,09,12,2002,21,653.79
09.13.2002-00:00:00,09,13,2002,00,664.39
09.13.2002-03:00:00,09,13,2002,03,661.41
09.13.2002-06:00:00,09,13,2002,06,607.39
09.13.2002-09:00:00,09,13,2002,09,545.86
09.13.2002-12:00:00,09,13,2002,12,544.1
09.13.2002-15:00:00,09,13,2002,15,583.94
09.13.2002-18:00:00,09,13,2002,18,616.42
09.13.2002-21:00:00,09,13,2002,21,634.09
09.14.2002-00:00:00,09,14,2002,00,649.6
09.14.2002-03:00:00,09,14,2002,03,651.99
09.14.2002-06:00:00,09,14,2002,06,610.5
09.14.2002-09:00:00,09,14,2002,09,541.07
09.14.2002-12:00:00,09,14,2002,12,537.35
09.14.2002-15:00:00,09,14,2002,15,577.28
09.14.2002-18:00:00,09,14,2002,18,608.49
09.14.2002-21:00:00,09,14,2002,21,625.19
09.15.2002-00:00:00,09,15,2002,00,637.64
09.15.2002-03:00:00,09,15,2002,03,639.23
09.15.2002-06:00:00,09,15,2002,06,600.73
09.15.2002-09:00:00,09,15,2002,09,544.39
09.15.2002-12:00:00,09,15,2002,12,537.4
09.15.2002-15:00:00,09,15,2002,15,568.13
09.15.2002-18:00:00,09,15,2002,18,600.83
09.15.2002-21:00:00,09,15,2002,21,615.55
09.16.2002-00:00:00,09,16,2002,00,625.92
09.16.2002-03:00:00,09,16,2002,03,627.48
09.16.2002-06:00:00,09,16,2002,06,587.1
09.16.2002-09:00:00,09,16,2002,09,540.6
09.16.2002-12:00:00,09,16,2002,12,532.12
09.16.2002-15:00:00,09,16,2002,15,560.72
09.16.2002-18:00:00,09,16,2002,18,591.77
09.16.2002-21:00:00,09,16,2002,21,605.89
09.17.2002-00:00:00,09,17,2002,00,615.49
09.17.2002-03:00:00,09,17,2002,03,618.2
09.17.2002-06:00:00,09,17,2002,06,589.26
09.17.2002-09:00:00,09,17,2002,09,550.09
09.17.2002-12:00:00,09,17,2002,12,540.63
09.17.2002-15:00:00,09,17,2002,15,563.24
09.17.2002-18:00:00,09,17,2002,18,590.49
09.17.2002-21:00:00,09,17,2002,21,606.1
09.18.2002-00:00:00,09,18,2002,00,611.03
09.18.2002-03:00:00,09,18,2002,03,613.31
09.18.2002-06:00:00,09,18,2002,06,584.98
09.18.2002-09:00:00,09,18,2002,09,533.32
09.18.2002-12:00:00,09,18,2002,12,523.25
09.18.2002-15:00:00,09,18,2002,15,554.65
09.18.2002-18:00:00,09,18,2002,18,581.68
09.18.2002-21:00:00,09,18,2002,21,594.14
09.19.2002-00:00:00,09,19,2002,00,601.05
09.19.2002-03:00:00,09,19,2002,03,603.3
09.19.2002-06:00:00,09,19,2002,06,577.55
09.19.2002-09:00:00,09,19,2002,09,514.69
09.19.2002-12:00:00,09,19,2002,12,504.07
09.19.2002-15:00:00,09,19,2002,15,541.42
09.19.2002-18:00:00,09,19,2002,18,571.54
09.19.2002-21:00:00,09,19,2002,21,579.34
09.20.2002-00:00:00,09,20,2002,00,586.67
09.20.2002-03:00:00,09,20,2002,03,591.27
09.20.2002-06:00:00,09,20,2002,06,569.83
09.20.2002-09:00:00,09,20,2002,09,511.45
09.20.2002-12:00:00,09,20,2002,12,500.84
09.20.2002-15:00:00,09,20,2002,15,536.83
09.20.2002-18:00:00,09,20,2002,18,565.32
09.20.2002-21:00:00,09,20,2002,21,572.63
09.21.2002-00:00:00,09,21,2002,00,579.05
09.21.2002-03:00:00,09,21,2002,03,583.23
09.21.2002-06:00:00,09,21,2002,06,577.97
09.21.2002-09:00:00,09,21,2002,09,510.8
09.21.2002-12:00:00,09,21,2002,12,495.24
09.21.2002-15:00:00,09,21,2002,15,530.91
09.21.2002-18:00:00,09,21,2002,18,558.48
09.21.2002-21:00:00,09,21,2002,21,564.56
09.22.2002-00:00:00,09,22,2002,00,570.92
09.22.2002-03:00:00,09,22,2002,03,574.45
09.22.2002-06:00:00,09,22,2002,06,565.42
09.22.2002-09:00:00,09,22,2002,09,496.6
09.22.2002-12:00:00,09,22,2002,12,482.74
09.22.2002-15:00:00,09,22,2002,15,515.38
09.22.2002-18:00:00,09,22,2002,18,547.05
09.22.2002-21:00:00,09,22,2002,21,554.71
09.23.2002-00:00:00,09,23,2002,00,558.36
09.23.2002-03:00:00,09,23,2002,03,562.63
09.23.2002-06:00:00,09,23,2002,06,544.09
09.23.2002-09:00:00,09,23,2002,09,480.5
09.23.2002-12:00:00,09,23,2002,12,472.73
09.23.2002-15:00:00,09,23,2002,15,504.34
09.23.2002-18:00:00,09,23,2002,18,534.99
09.23.2002-21:00:00,09,23,2002,21,544.41
09.24.2002-00:00:00,09,24,2002,00,546.66
09.24.2002-03:00:00,09,24,2002,03,550.77
09.24.2002-06:00:00,09,24,2002,06,530.17
09.24.2002-09:00:00,09,24,2002,09,484.88
09.24.2002-12:00:00,09,24,2002,12,476.13
09.24.2002-15:00:00,09,24,2002,15,501.27
09.24.2002-18:00:00,09,24,2002,18,531.33
09.24.2002-21:00:00,09,24,2002,21,537.66
09.25.2002-00:00:00,09,25,2002,00,541.44
09.25.2002-03:00:00,09,25,2002,03,544.39
09.25.2002-06:00:00,09,25,2002,06,519.19
09.25.2002-09:00:00,09,25,2002,09,465.08
09.25.2002-12:00:00,09,25,2002,12,458.61
09.25.2002-15:00:00,09,25,2002,15,488.1
09.25.2002-18:00:00,09,25,2002,18,516.67
09.25.2002-21:00:00,09,25,2002,21,527.1
09.26.2002-00:00:00,09,26,2002,00,529.64
09.26.2002-03:00:00,09,26,2002,03,531.96
09.26.2002-06:00:00,09,26,2002,06,522.39
09.26.2002-09:00:00,09,26,2002,09,486.19
09.26.2002-12:00:00,09,26,2002,12,476.08
09.26.2002-15:00:00,09,26,2002,15,497.73
09.26.2002-18:00:00,09,26,2002,18,519.79
09.26.2002-21:00:00,09,26,2002,21,524.82
09.27.2002-00:00:00,09,27,2002,00,527.66
09.27.2002-03:00:00,09,27,2002,03,528.46
09.27.2002-06:00:00,09,27,2002,06,505.7
09.27.2002-09:00:00,09,27,2002,09,459.95
09.27.2002-12:00:00,09,27,2002,12,453.2
09.27.2002-15:00:00,09,27,2002,15,480.58
09.27.2002-18:00:00,09,27,2002,18,506.66
09.27.2002-21:00:00,09,27,2002,21,514.45
09.28.2002-00:00:00,09,28,2002,00,516.32
09.28.2002-03:00:00,09,28,2002,03,518.56
09.28.2002-06:00:00,09,28,2002,06,514.38
09.28.2002-09:00:00,09,28,2002,09,459.69
09.28.2002-12:00:00,09,28,2002,12,448.19
09.28.2002-15:00:00,09,28,2002,15,475.36
09.28.2002-18:00:00,09,28,2002,18,500.03
09.28.2002-21:00:00,09,28,2002,21,506.28
09.29.2002-00:00:00,09,29,2002,00,508.35
09.29.2002-03:00:00,09,29,2002,03,509.61
09.29.2002-06:00:00,09,29,2002,06,499.87
09.29.2002-09:00:00,09,29,2002,09,470.55
09.29.2002-12:00:00,09,29,2002,12,462.15
09.29.2002-15:00:00,09,29,2002,15,478.88
09.29.2002-18:00:00,09,29,2002,18,498.39
09.29.2002-21:00:00,09,29,2002,21,502.86
09.30.2002-00:00:00,09,30,2002,00,504.49
09.30.2002-03:00:00,09,30,2002,03,505.13
09.30.2002-06:00:00,09,30,2002,06,495.9
09.30.2002-09:00:00,09,30,2002,09,470.07
09.30.2002-12:00:00,09,30,2002,12,462.27
09.30.2002-15:00:00,09,30,2002,15,478.4
09.30.2002-18:00:00,09,30,2002,18,495.26
09.30.2002-21:00:00,09,30,2002,21,498.6
