TIMESTAMP,MONTH,DAY,YEAR,HOUR,C
10.01.2001-00:00:00,10,01,2001,00,3432.6
10.01.2001-03:00:00,10,01,2001,03,3496.7
10.01.2001-06:00:00,10,01,2001,06,3457.4
10.01.2001-09:00:00,10,01,2001,09,3137.7
10.01.2001-12:00:00,10,01,2001,12,2821
10.01.2001-15:00:00,10,01,2001,15,2849.5
10.01.2001-18:00:00,10,01,2001,18,3084.1
10.01.2001-21:00:00,10,01,2001,21,3286
10.02.2001-00:00:00,10,02,2001,00,3407.4
10.02.2001-03:00:00,10,02,2001,03,3471
10.02.2001-06:00:00,10,02,2001,06,3421.4
10.02.2001-09:00:00,10,02,2001,09,3109.1
10.02.2001-12:00:00,10,02,2001,12,2805.5
10.02.2001-15:00:00,10,02,2001,15,2836
10.02.2001-18:00:00,10,02,2001,18,3069.1
10.02.2001-21:00:00,10,02,2001,21,3269.6
10.03.2001-00:00:00,10,03,2001,00,3391.4
10.03.2001-03:00:00,10,03,2001,03,3455.7
10.03.2001-06:00:00,10,03,2001,06,3426.9
10.03.2001-09:00:00,10,03,2001,09,3118.6
10.03.2001-12:00:00,10,03,2001,12,2811.1
10.03.2001-15:00:00,10,03,2001,15,2840
10.03.2001-18:00:00,10,03,2001,18,3068
10.03.2001-21:00:00,10,03,2001,21,3263.3
10.04.2001-00:00:00,10,04,2001,00,3381
10.04.2001-03:00:00,10,04,2001,03,3445.2
10.04.2001-06:00:00,10,04,2001,06,3435.4
10.04.2001-09:00:00,10,04,2001,09,3142.1
10.04.2001-12:00:00,10,04,2001,12,2840.4
10.04.2001-15:00:00,10,04,2001,15,2868.2
10.04.2001-18:00:00,10,04,2001,18,3087.9
10.04.2001-21:00:00,10,04,2001,21,3277
10.05.2001-00:00:00,10,05,2001,00,3390.7
10.05.2001-03:00:00,10,05,2001,03,3448.8
10.05.2001-06:00:00,10,05,2001,06,3472.8
10.05.2001-09:00:00,10,05,2001,09,3177
10.05.2001-12:00:00,10,05,2001,12,2878
10.05.2001-15:00:00,10,05,2001,15,2912.3
10.05.2001-18:00:00,10,05,2001,18,3119.9
10.05.2001-21:00:00,10,05,2001,21,3299.7
10.06.2001-00:00:00,10,06,2001,00,3401.7
10.06.2001-03:00:00,10,06,2001,03,3448.8
10.06.2001-06:00:00,10,06,2001,06,3466.1
10.06.2001-09:00:00,10,06,2001,09,3197.4
10.06.2001-12:00:00,10,06,2001,12,2922
10.06.2001-15:00:00,10,06,2001,15,2961.6
10.06.2001-18:00:00,10,06,2001,18,3152.3
10.06.2001-21:00:00,10,06,2001,21,3320.4
10.07.2001-00:00:00,10,07,2001,00,3408.9
10.07.2001-03:00:00,10,07,2001,03,3447.3
10.07.2001-06:00:00,10,07,2001,06,3456.9
10.07.2001-09:00:00,10,07,2001,09,3235.9
10.07.2001-12:00:00,10,07,2001,12,3001.9
10.07.2001-15:00:00,10,07,2001,15,3043.3
10.07.2001-18:00:00,10,07,2001,18,3209.6
10.07.2001-21:00:00,10,07,2001,21,3352.6
10.08.2001-00:00:00,10,08,2001,00,3423.3
10.08.2001-03:00:00,10,08,2001,03,3453.5
10.08.2001-06:00:00,10,08,2001,06,3461
10.08.2001-09:00:00,10,08,2001,09,3492.7
10.08.2001-12:00:00,10,08,2001,12,3246.2
10.08.2001-15:00:00,10,08,2001,15,3183.5
10.08.2001-18:00:00,10,08,2001,18,3283.4
10.08.2001-21:00:00,10,08,2001,21,3393.7
10.09.2001-00:00:00,10,09,2001,00,3447
10.09.2001-03:00:00,10,09,2001,03,3458.1
10.09.2001-06:00:00,10,09,2001,06,3410.7
10.09.2001-09:00:00,10,09,2001,09,3212
10.09.2001-12:00:00,10,09,2001,12,2995.2
10.09.2001-15:00:00,10,09,2001,15,3019
10.09.2001-18:00:00,10,09,2001,18,3173.3
10.09.2001-21:00:00,10,09,2001,21,3320
10.10.2001-00:00:00,10,10,2001,00,3398
10.10.2001-03:00:00,10,10,2001,03,3430.2
10.10.2001-06:00:00,10,10,2001,06,3440.2
10.10.2001-09:00:00,10,10,2001,09,4151.7
10.10.2001-12:00:00,10,10,2001,12,4901.9
10.10.2001-15:00:00,10,10,2001,15,4654.7
10.10.2001-18:00:00,10,10,2001,18,4059.6
10.10.2001-21:00:00,10,10,2001,21,3660.3
10.11.2001-00:00:00,10,11,2001,00,3510.3
10.11.2001-03:00:00,10,11,2001,03,3476.3
10.11.2001-06:00:00,10,11,2001,06,3469.2
10.11.2001-09:00:00,10,11,2001,09,3773.1
10.11.2001-12:00:00,10,11,2001,12,4480.5
10.11.2001-15:00:00,10,11,2001,15,4570.9
10.11.2001-18:00:00,10,11,2001,18,4221.6
10.11.2001-21:00:00,10,11,2001,21,3809.1
10.12.2001-00:00:00,10,12,2001,00,3586.4
10.12.2001-03:00:00,10,12,2001,03,3511.8
10.12.2001-06:00:00,10,12,2001,06,3491.9
10.12.2001-09:00:00,10,12,2001,09,3664.1
10.12.2001-12:00:00,10,12,2001,12,4283.7
10.12.2001-15:00:00,10,12,2001,15,4499.5
10.12.2001-18:00:00,10,12,2001,18,4202
10.12.2001-21:00:00,10,12,2001,21,3862.1
10.13.2001-00:00:00,10,13,2001,00,3693.5
10.13.2001-03:00:00,10,13,2001,03,3648
10.13.2001-06:00:00,10,13,2001,06,3651.3
10.13.2001-09:00:00,10,13,2001,09,4035.2
10.13.2001-12:00:00,10,13,2001,12,4332.6
10.13.2001-15:00:00,10,13,2001,15,4173.1
10.13.2001-18:00:00,10,13,2001,18,3848.3
10.13.2001-21:00:00,10,13,2001,21,3634.3
10.14.2001-00:00:00,10,14,2001,00,3554.3
10.14.2001-03:00:00,10,14,2001,03,3536.7
10.14.2001-06:00:00,10,14,2001,06,3529
10.14.2001-09:00:00,10,14,2001,09,3421.7
10.14.2001-12:00:00,10,14,2001,12,3259.3
10.14.2001-15:00:00,10,14,2001,15,3234.8
10.14.2001-18:00:00,10,14,2001,18,3323.9
10.14.2001-21:00:00,10,14,2001,21,3425.4
10.15.2001-00:00:00,10,15,2001,00,3480
10.15.2001-03:00:00,10,15,2001,03,3494.3
10.15.2001-06:00:00,10,15,2001,06,3499.6
10.15.2001-09:00:00,10,15,2001,09,3339.5
10.15.2001-12:00:00,10,15,2001,12,3116.2
10.15.2001-15:00:00,10,15,2001,15,3114.5
10.15.2001-18:00:00,10,15,2001,18,3241.2
10.15.2001-21:00:00,10,15,2001,21,3363.5
10.16.2001-00:00:00,10,16,2001,00,3426.6
10.16.2001-03:00:00,10,16,2001,03,3452.5
10.16.2001-06:00:00,10,16,2001,06,3457.7
10.16.2001-09:00:00,10,16,2001,09,3239.1
10.16.2001-12:00:00,10,16,2001,12,3002.5
10.16.2001-15:00:00,10,16,2001,15,3031.4
10.16.2001-18:00:00,10,16,2001,18,3184.7
10.16.2001-21:00:00,10,16,2001,21,3321
10.17.2001-00:00:00,10,17,2001,00,3390.9
10.17.2001-03:00:00,10,17,2001,03,3420.3
10.17.2001-06:00:00,10,17,2001,06,3433.2
10.17.2001-09:00:00,10,17,2001,09,3311.2
10.17.2001-12:00:00,10,17,2001,12,3185.5
10.17.2001-15:00:00,10,17,2001,15,3203.6
10.17.2001-18:00:00,10,17,2001,18,3299.5
10.17.2001-21:00:00,10,17,2001,21,3376.3
10.18.2001-00:00:00,10,18,2001,00,3408.7
10.18.2001-03:00:00,10,18,2001,03,3420.6
10.18.2001-06:00:00,10,18,2001,06,3392.6
10.18.2001-09:00:00,10,18,2001,09,3190.1
10.18.2001-12:00:00,10,18,2001,12,2984.7
10.18.2001-15:00:00,10,18,2001,15,3011
10.18.2001-18:00:00,10,18,2001,18,3149.1
10.18.2001-21:00:00,10,18,2001,21,3281.6
10.19.2001-00:00:00,10,19,2001,00,3354.1
10.19.2001-03:00:00,10,19,2001,03,3385
10.19.2001-06:00:00,10,19,2001,06,3406.1
10.19.2001-09:00:00,10,19,2001,09,3335.5
10.19.2001-12:00:00,10,19,2001,12,3094.8
10.19.2001-15:00:00,10,19,2001,15,3050.2
10.19.2001-18:00:00,10,19,2001,18,3160.9
10.19.2001-21:00:00,10,19,2001,21,3286.7
10.20.2001-00:00:00,10,20,2001,00,3357.9
10.20.2001-03:00:00,10,20,2001,03,3376.9
10.20.2001-06:00:00,10,20,2001,06,3390.1
10.20.2001-09:00:00,10,20,2001,09,3191.2
10.20.2001-12:00:00,10,20,2001,12,2974.6
10.20.2001-15:00:00,10,20,2001,15,2996.6
10.20.2001-18:00:00,10,20,2001,18,3133.3
10.20.2001-21:00:00,10,20,2001,21,3258.8
10.21.2001-00:00:00,10,21,2001,00,3323.8
10.21.2001-03:00:00,10,21,2001,03,3350.3
10.21.2001-06:00:00,10,21,2001,06,3359.8
10.21.2001-09:00:00,10,21,2001,09,3742.3
10.21.2001-12:00:00,10,21,2001,12,3632.7
10.21.2001-15:00:00,10,21,2001,15,3487.4
10.21.2001-18:00:00,10,21,2001,18,3406.2
10.21.2001-21:00:00,10,21,2001,21,3383
10.22.2001-00:00:00,10,22,2001,00,3383.6
10.22.2001-03:00:00,10,22,2001,03,3381.4
10.22.2001-06:00:00,10,22,2001,06,3372.5
10.22.2001-09:00:00,10,22,2001,09,3748.5
10.22.2001-12:00:00,10,22,2001,12,4339.3
10.22.2001-15:00:00,10,22,2001,15,4208.8
10.22.2001-18:00:00,10,22,2001,18,3820.3
10.22.2001-21:00:00,10,22,2001,21,3563.1
10.23.2001-00:00:00,10,23,2001,00,3463.7
10.23.2001-03:00:00,10,23,2001,03,3428
10.23.2001-06:00:00,10,23,2001,06,3423.4
10.23.2001-09:00:00,10,23,2001,09,3709
10.23.2001-12:00:00,10,23,2001,12,4911.8
10.23.2001-15:00:00,10,23,2001,15,5295
10.23.2001-18:00:00,10,23,2001,18,4661.2
10.23.2001-21:00:00,10,23,2001,21,3942
10.24.2001-00:00:00,10,24,2001,00,3561.9
10.24.2001-03:00:00,10,24,2001,03,3426.8
10.24.2001-06:00:00,10,24,2001,06,3393.9
10.24.2001-09:00:00,10,24,2001,09,3344.3
10.24.2001-12:00:00,10,24,2001,12,3302
10.24.2001-15:00:00,10,24,2001,15,3338.7
10.24.2001-18:00:00,10,24,2001,18,3378.6
10.24.2001-21:00:00,10,24,2001,21,3379.4
10.25.2001-00:00:00,10,25,2001,00,3373.4
10.25.2001-03:00:00,10,25,2001,03,3372.1
10.25.2001-06:00:00,10,25,2001,06,3369.2
10.25.2001-09:00:00,10,25,2001,09,3380.4
10.25.2001-12:00:00,10,25,2001,12,3587.8
10.25.2001-15:00:00,10,25,2001,15,3817.2
10.25.2001-18:00:00,10,25,2001,18,3807.8
10.25.2001-21:00:00,10,25,2001,21,3705.8
10.26.2001-00:00:00,10,26,2001,00,3541.6
10.26.2001-03:00:00,10,26,2001,03,3428.2
10.26.2001-06:00:00,10,26,2001,06,3378.7
10.26.2001-09:00:00,10,26,2001,09,3382.6
10.26.2001-12:00:00,10,26,2001,12,3487.9
10.26.2001-15:00:00,10,26,2001,15,3562.1
10.26.2001-18:00:00,10,26,2001,18,3557.1
10.26.2001-21:00:00,10,26,2001,21,3487
10.27.2001-00:00:00,10,27,2001,00,3401.9
10.27.2001-03:00:00,10,27,2001,03,3369.2
10.27.2001-06:00:00,10,27,2001,06,3353.4
10.27.2001-09:00:00,10,27,2001,09,3288.9
10.27.2001-12:00:00,10,27,2001,12,3389.8
10.27.2001-15:00:00,10,27,2001,15,3439.4
10.27.2001-18:00:00,10,27,2001,18,3443.7
10.27.2001-21:00:00,10,27,2001,21,3384.8
10.28.2001-00:00:00,10,28,2001,00,3347.7
10.28.2001-03:00:00,10,28,2001,03,3338.1
10.28.2001-06:00:00,10,28,2001,06,3336.1
10.28.2001-09:00:00,10,28,2001,09,3285.6
10.28.2001-12:00:00,10,28,2001,12,3273.9
10.28.2001-15:00:00,10,28,2001,15,3309.3
10.28.2001-18:00:00,10,28,2001,18,3352.6
10.28.2001-21:00:00,10,28,2001,21,3341
10.29.2001-00:00:00,10,29,2001,00,3324.9
10.29.2001-03:00:00,10,29,2001,03,3323.7
10.29.2001-06:00:00,10,29,2001,06,3318.6
10.29.2001-09:00:00,10,29,2001,09,3295.3
10.29.2001-12:00:00,10,29,2001,12,3261.9
10.29.2001-15:00:00,10,29,2001,15,3309.6
10.29.2001-18:00:00,10,29,2001,18,3331.4
10.29.2001-21:00:00,10,29,2001,21,3324
10.30.2001-00:00:00,10,30,2001,00,3309.2
10.30.2001-03:00:00,10,30,2001,03,3313.7
10.30.2001-06:00:00,10,30,2001,06,3309.1
10.30.2001-09:00:00,10,30,2001,09,3313.3
10.30.2001-12:00:00,10,30,2001,12,3326.7
10.30.2001-15:00:00,10,30,2001,15,3337.9
10.30.2001-18:00:00,10,30,2001,18,3322.8
10.30.2001-21:00:00,10,30,2001,21,3315.4
10.31.2001-00:00:00,10,31,2001,00,3369.6
10.31.2001-03:00:00,10,31,2001,03,3445.3
10.31.2001-06:00:00,10,31,2001,06,3504.1
10.31.2001-09:00:00,10,31,2001,09,3907.8
10.31.2001-12:00:00,10,31,2001,12,5221.6
10.31.2001-15:00:00,10,31,2001,15,5892.7
10.31.2001-18:00:00,10,31,2001,18,5407.2
10.31.2001-21:00:00,10,31,2001,21,4490.3
11.01.2001-00:00:00,11,01,2001,00,3777.4
11.01.2001-03:00:00,11,01,2001,03,3450.7
11.01.2001-06:00:00,11,01,2001,06,3342.3
11.01.2001-09:00:00,11,01,2001,09,3290.1
11.01.2001-12:00:00,11,01,2001,12,3230.9
11.01.2001-15:00:00,11,01,2001,15,3268.4
11.01.2001-18:00:00,11,01,2001,18,3318.8
11.01.2001-21:00:00,11,01,2001,21,3333.1
11.02.2001-00:00:00,11,02,2001,00,3315
11.02.2001-03:00:00,11,02,2001,03,3308.4
11.02.2001-06:00:00,11,02,2001,06,3302.2
11.02.2001-09:00:00,11,02,2001,09,3245.3
11.02.2001-12:00:00,11,02,2001,12,3210.1
11.02.2001-15:00:00,11,02,2001,15,3270.6
11.02.2001-18:00:00,11,02,2001,18,3312.8
11.02.2001-21:00:00,11,02,2001,21,3299.9
11.03.2001-00:00:00,11,03,2001,00,3284.9
11.03.2001-03:00:00,11,03,2001,03,3283.5
11.03.2001-06:00:00,11,03,2001,06,3280
11.03.2001-09:00:00,11,03,2001,09,3233.6
11.03.2001-12:00:00,11,03,2001,12,3207.9
11.03.2001-15:00:00,11,03,2001,15,3247.9
11.03.2001-18:00:00,11,03,2001,18,3317.3
11.03.2001-21:00:00,11,03,2001,21,3324.9
11.04.2001-00:00:00,11,04,2001,00,3298.7
11.04.2001-03:00:00,11,04,2001,03,3280.1
11.04.2001-06:00:00,11,04,2001,06,3266.2
11.04.2001-09:00:00,11,04,2001,09,3214
11.04.2001-12:00:00,11,04,2001,12,3387.5
11.04.2001-15:00:00,11,04,2001,15,3412.9
11.04.2001-18:00:00,11,04,2001,18,3437.2
11.04.2001-21:00:00,11,04,2001,21,3400.8
11.05.2001-00:00:00,11,05,2001,00,3333
11.05.2001-03:00:00,11,05,2001,03,3280.3
11.05.2001-06:00:00,11,05,2001,06,3261.8
11.05.2001-09:00:00,11,05,2001,09,3217.6
11.05.2001-12:00:00,11,05,2001,12,3187.4
11.05.2001-15:00:00,11,05,2001,15,3213.1
11.05.2001-18:00:00,11,05,2001,18,3251.2
11.05.2001-21:00:00,11,05,2001,21,3248.5
11.06.2001-00:00:00,11,06,2001,00,3243.6
11.06.2001-03:00:00,11,06,2001,03,3243.3
11.06.2001-06:00:00,11,06,2001,06,3240.5
11.06.2001-09:00:00,11,06,2001,09,3212.3
11.06.2001-12:00:00,11,06,2001,12,3208.7
11.06.2001-15:00:00,11,06,2001,15,3181.6
11.06.2001-18:00:00,11,06,2001,18,3207.4
11.06.2001-21:00:00,11,06,2001,21,3225.6
11.07.2001-00:00:00,11,07,2001,00,3225.6
11.07.2001-03:00:00,11,07,2001,03,3224.9
11.07.2001-06:00:00,11,07,2001,06,3226.3
11.07.2001-09:00:00,11,07,2001,09,3222.9
11.07.2001-12:00:00,11,07,2001,12,3189
11.07.2001-15:00:00,11,07,2001,15,3192.4
11.07.2001-18:00:00,11,07,2001,18,3205.5
11.07.2001-21:00:00,11,07,2001,21,3210.4
11.08.2001-00:00:00,11,08,2001,00,3211.6
11.08.2001-03:00:00,11,08,2001,03,3210.2
11.08.2001-06:00:00,11,08,2001,06,3210.8
11.08.2001-09:00:00,11,08,2001,09,3186.7
11.08.2001-12:00:00,11,08,2001,12,3197.1
11.08.2001-15:00:00,11,08,2001,15,3162.7
11.08.2001-18:00:00,11,08,2001,18,3184.3
11.08.2001-21:00:00,11,08,2001,21,3193.8
11.09.2001-00:00:00,11,09,2001,00,3193.7
11.09.2001-03:00:00,11,09,2001,03,3193.1
11.09.2001-06:00:00,11,09,2001,06,3193.3
11.09.2001-09:00:00,11,09,2001,09,3191.5
11.09.2001-12:00:00,11,09,2001,12,3222.8
11.09.2001-15:00:00,11,09,2001,15,3171
11.09.2001-18:00:00,11,09,2001,18,3173.2
11.09.2001-21:00:00,11,09,2001,21,3180.9
11.10.2001-00:00:00,11,10,2001,00,3184.2
11.10.2001-03:00:00,11,10,2001,03,3183.3
11.10.2001-06:00:00,11,10,2001,06,3177.9
11.10.2001-09:00:00,11,10,2001,09,3196.1
11.10.2001-12:00:00,11,10,2001,12,3221.4
11.10.2001-15:00:00,11,10,2001,15,3166.1
11.10.2001-18:00:00,11,10,2001,18,3161
11.10.2001-21:00:00,11,10,2001,21,3171.9
11.11.2001-00:00:00,11,11,2001,00,3169.4
11.11.2001-03:00:00,11,11,2001,03,3172.3
11.11.2001-06:00:00,11,11,2001,06,3173.8
11.11.2001-09:00:00,11,11,2001,09,3203.6
11.11.2001-12:00:00,11,11,2001,12,3231.3
11.11.2001-15:00:00,11,11,2001,15,3178
11.11.2001-18:00:00,11,11,2001,18,3164.6
11.11.2001-21:00:00,11,11,2001,21,3163.4
11.12.2001-00:00:00,11,12,2001,00,3160
11.12.2001-03:00:00,11,12,2001,03,3160.2
11.12.2001-06:00:00,11,12,2001,06,3153.6
11.12.2001-09:00:00,11,12,2001,09,3149.8
11.12.2001-12:00:00,11,12,2001,12,3125.5
11.12.2001-15:00:00,11,12,2001,15,3124.2
11.12.2001-18:00:00,11,12,2001,18,3131.6
11.12.2001-21:00:00,11,12,2001,21,3139.9
11.13.2001-00:00:00,11,13,2001,00,3147.9
11.13.2001-03:00:00,11,13,2001,03,3152.2
11.13.2001-06:00:00,11,13,2001,06,3158.6
11.13.2001-09:00:00,11,13,2001,09,3175.3
11.13.2001-12:00:00,11,13,2001,12,3247.5
11.13.2001-15:00:00,11,13,2001,15,3301
11.13.2001-18:00:00,11,13,2001,18,3302.2
11.13.2001-21:00:00,11,13,2001,21,3301.5
11.14.2001-00:00:00,11,14,2001,00,4061.4
11.14.2001-03:00:00,11,14,2001,03,5045.3
11.14.2001-06:00:00,11,14,2001,06,5843.9
11.14.2001-09:00:00,11,14,2001,09,7448.8
11.14.2001-12:00:00,11,14,2001,12,9566.6
11.14.2001-15:00:00,11,14,2001,15,10948
11.14.2001-18:00:00,11,14,2001,18,11378
11.14.2001-21:00:00,11,14,2001,21,11449
11.15.2001-00:00:00,11,15,2001,00,8472.6
11.15.2001-03:00:00,11,15,2001,03,5691.8
11.15.2001-06:00:00,11,15,2001,06,4348.3
11.15.2001-09:00:00,11,15,2001,09,4096
11.15.2001-12:00:00,11,15,2001,12,4336
11.15.2001-15:00:00,11,15,2001,15,4316.5
11.15.2001-18:00:00,11,15,2001,18,4198
11.15.2001-21:00:00,11,15,2001,21,3981.9
11.16.2001-00:00:00,11,16,2001,00,3738.5
11.16.2001-03:00:00,11,16,2001,03,3615.7
11.16.2001-06:00:00,11,16,2001,06,3571.6
11.16.2001-09:00:00,11,16,2001,09,3537.5
11.16.2001-12:00:00,11,16,2001,12,3492.7
11.16.2001-15:00:00,11,16,2001,15,3485.4
11.16.2001-18:00:00,11,16,2001,18,3508.4
11.16.2001-21:00:00,11,16,2001,21,3519.9
11.17.2001-00:00:00,11,17,2001,00,3522.6
11.17.2001-03:00:00,11,17,2001,03,3515.1
11.17.2001-06:00:00,11,17,2001,06,3508.9
11.17.2001-09:00:00,11,17,2001,09,3491.4
11.17.2001-12:00:00,11,17,2001,12,3499.2
11.17.2001-15:00:00,11,17,2001,15,3433.1
11.17.2001-18:00:00,11,17,2001,18,3466.1
11.17.2001-21:00:00,11,17,2001,21,3477.5
11.18.2001-00:00:00,11,18,2001,00,3475.2
11.18.2001-03:00:00,11,18,2001,03,3471.3
11.18.2001-06:00:00,11,18,2001,06,3465
11.18.2001-09:00:00,11,18,2001,09,3463.9
11.18.2001-12:00:00,11,18,2001,12,3438.8
11.18.2001-15:00:00,11,18,2001,15,3437.3
11.18.2001-18:00:00,11,18,2001,18,3443.7
11.18.2001-21:00:00,11,18,2001,21,3442
11.19.2001-00:00:00,11,19,2001,00,3437.5
11.19.2001-03:00:00,11,19,2001,03,3444.9
11.19.2001-06:00:00,11,19,2001,06,3438.6
11.19.2001-09:00:00,11,19,2001,09,3431.8
11.19.2001-12:00:00,11,19,2001,12,3426.3
11.19.2001-15:00:00,11,19,2001,15,3421
11.19.2001-18:00:00,11,19,2001,18,3415.2
11.19.2001-21:00:00,11,19,2001,21,3414.4
11.20.2001-00:00:00,11,20,2001,00,3408.4
11.20.2001-03:00:00,11,20,2001,03,3405.6
11.20.2001-06:00:00,11,20,2001,06,3402.6
11.20.2001-09:00:00,11,20,2001,09,3417.2
11.20.2001-12:00:00,11,20,2001,12,3496.6
11.20.2001-15:00:00,11,20,2001,15,3533.7
11.20.2001-18:00:00,11,20,2001,18,3531.8
11.20.2001-21:00:00,11,20,2001,21,3529.3
11.21.2001-00:00:00,11,21,2001,00,3469
11.21.2001-03:00:00,11,21,2001,03,3418.5
11.21.2001-06:00:00,11,21,2001,06,3394.7
11.21.2001-09:00:00,11,21,2001,09,3392.6
11.21.2001-12:00:00,11,21,2001,12,3413.3
11.21.2001-15:00:00,11,21,2001,15,3439.3
11.21.2001-18:00:00,11,21,2001,18,3412.9
11.21.2001-21:00:00,11,21,2001,21,3394.3
11.22.2001-00:00:00,11,22,2001,00,3456.1
11.22.2001-03:00:00,11,22,2001,03,3495.8
11.22.2001-06:00:00,11,22,2001,06,3475.5
11.22.2001-09:00:00,11,22,2001,09,3558.5
11.22.2001-12:00:00,11,22,2001,12,3687.1
11.22.2001-15:00:00,11,22,2001,15,3725.1
11.22.2001-18:00:00,11,22,2001,18,3672.7
11.22.2001-21:00:00,11,22,2001,21,3580.9
11.23.2001-00:00:00,11,23,2001,00,3478.3
11.23.2001-03:00:00,11,23,2001,03,3414
11.23.2001-06:00:00,11,23,2001,06,3389
11.23.2001-09:00:00,11,23,2001,09,3371.7
11.23.2001-12:00:00,11,23,2001,12,3340.7
11.23.2001-15:00:00,11,23,2001,15,3346.8
11.23.2001-18:00:00,11,23,2001,18,3362
11.23.2001-21:00:00,11,23,2001,21,3368.8
11.24.2001-00:00:00,11,24,2001,00,3367.6
11.24.2001-03:00:00,11,24,2001,03,3368
11.24.2001-06:00:00,11,24,2001,06,3364.1
11.24.2001-09:00:00,11,24,2001,09,3361.5
11.24.2001-12:00:00,11,24,2001,12,3359.7
11.24.2001-15:00:00,11,24,2001,15,3356.8
11.24.2001-18:00:00,11,24,2001,18,3353.4
11.24.2001-21:00:00,11,24,2001,21,3353
11.25.2001-00:00:00,11,25,2001,00,3348
11.25.2001-03:00:00,11,25,2001,03,3346.7
11.25.2001-06:00:00,11,25,2001,06,3344.7
11.25.2001-09:00:00,11,25,2001,09,3341.6
11.25.2001-12:00:00,11,25,2001,12,3328.6
11.25.2001-15:00:00,11,25,2001,15,3331.4
11.25.2001-18:00:00,11,25,2001,18,3330.6
11.25.2001-21:00:00,11,25,2001,21,3331.3
11.26.2001-00:00:00,11,26,2001,00,3329.7
11.26.2001-03:00:00,11,26,2001,03,3326.7
11.26.2001-06:00:00,11,26,2001,06,3323.8
11.26.2001-09:00:00,11,26,2001,09,3323.5
11.26.2001-12:00:00,11,26,2001,12,3317.3
11.26.2001-15:00:00,11,26,2001,15,3316.8
11.26.2001-18:00:00,11,26,2001,18,3315.2
11.26.2001-21:00:00,11,26,2001,21,3312.2
11.27.2001-00:00:00,11,27,2001,00,3309.1
11.27.2001-03:00:00,11,27,2001,03,3308.7
11.27.2001-06:00:00,11,27,2001,06,3304.2
11.27.2001-09:00:00,11,27,2001,09,3302.8
11.27.2001-12:00:00,11,27,2001,12,3300.6
11.27.2001-15:00:00,11,27,2001,15,3297.3
11.27.2001-18:00:00,11,27,2001,18,3294.8
11.27.2001-21:00:00,11,27,2001,21,3294.1
11.28.2001-00:00:00,11,28,2001,00,3289.5
11.28.2001-03:00:00,11,28,2001,03,3288.2
11.28.2001-06:00:00,11,28,2001,06,3286.5
11.28.2001-09:00:00,11,28,2001,09,3283
11.28.2001-12:00:00,11,28,2001,12,3280.4
11.28.2001-15:00:00,11,28,2001,15,3279.8
11.28.2001-18:00:00,11,28,2001,18,3275.5
11.28.2001-21:00:00,11,28,2001,21,3274.7
11.29.2001-00:00:00,11,29,2001,00,3270.9
11.29.2001-03:00:00,11,29,2001,03,3269.4
11.29.2001-06:00:00,11,29,2001,06,3266.5
11.29.2001-09:00:00,11,29,2001,09,3265
11.29.2001-12:00:00,11,29,2001,12,3260.8
11.29.2001-15:00:00,11,29,2001,15,3260.3
11.29.2001-18:00:00,11,29,2001,18,3256.5
11.29.2001-21:00:00,11,29,2001,21,3254.8
11.30.2001-00:00:00,11,30,2001,00,3251.9
11.30.2001-03:00:00,11,30,2001,03,3251
11.30.2001-06:00:00,11,30,2001,06,3247.9
11.30.2001-09:00:00,11,30,2001,09,3247.3
11.30.2001-12:00:00,11,30,2001,12,3243.7
11.30.2001-15:00:00,11,30,2001,15,3241.7
11.30.2001-18:00:00,11,30,2001,18,3238.8
11.30.2001-21:00:00,11,30,2001,21,3237.4
12.01.2001-00:00:00,12,01,2001,00,3233.5
12.01.2001-03:00:00,12,01,2001,03,3232.5
12.01.2001-06:00:00,12,01,2001,06,3228.9
12.01.2001-09:00:00,12,01,2001,09,3226.8
12.01.2001-12:00:00,12,01,2001,12,3224
12.01.2001-15:00:00,12,01,2001,15,3222.1
12.01.2001-18:00:00,12,01,2001,18,3218
12.01.2001-21:00:00,12,01,2001,21,3217.1
12.02.2001-00:00:00,12,02,2001,00,3213.4
12.02.2001-03:00:00,12,02,2001,03,3210.8
12.02.2001-06:00:00,12,02,2001,06,3207.8
12.02.2001-09:00:00,12,02,2001,09,3205.9
12.02.2001-12:00:00,12,02,2001,12,3202.1
12.02.2001-15:00:00,12,02,2001,15,3200.9
12.02.2001-18:00:00,12,02,2001,18,3197.8
12.02.2001-21:00:00,12,02,2001,21,3195.4
12.03.2001-00:00:00,12,03,2001,00,3192.8
12.03.2001-03:00:00,12,03,2001,03,3191
12.03.2001-06:00:00,12,03,2001,06,3187.2
12.03.2001-09:00:00,12,03,2001,09,3185.9
12.03.2001-12:00:00,12,03,2001,12,3182.8
12.03.2001-15:00:00,12,03,2001,15,3180.2
12.03.2001-18:00:00,12,03,2001,18,3177.6
12.03.2001-21:00:00,12,03,2001,21,3175.7
12.04.2001-00:00:00,12,04,2001,00,3172.1
12.04.2001-03:00:00,12,04,2001,03,3170.7
12.04.2001-06:00:00,12,04,2001,06,3167.2
12.04.2001-09:00:00,12,04,2001,09,3164.8
12.04.2001-12:00:00,12,04,2001,12,3162.3
12.04.2001-15:00:00,12,04,2001,15,3160.1
12.04.2001-18:00:00,12,04,2001,18,3156.5
12.04.2001-21:00:00,12,04,2001,21,3155.1
12.05.2001-00:00:00,12,05,2001,00,3151.8
12.05.2001-03:00:00,12,05,2001,03,3149.2
12.05.2001-06:00:00,12,05,2001,06,3146.1
12.05.2001-09:00:00,12,05,2001,09,3144
12.05.2001-12:00:00,12,05,2001,12,3140.9
12.05.2001-15:00:00,12,05,2001,15,3137.8
12.05.2001-18:00:00,12,05,2001,18,3135
12.05.2001-21:00:00,12,05,2001,21,3133.1
12.06.2001-00:00:00,12,06,2001,00,3130.2
12.06.2001-03:00:00,12,06,2001,03,3127.1
12.06.2001-06:00:00,12,06,2001,06,3124.4
12.06.2001-09:00:00,12,06,2001,09,3122.9
12.06.2001-12:00:00,12,06,2001,12,3120.4
12.06.2001-15:00:00,12,06,2001,15,3117.7
12.06.2001-18:00:00,12,06,2001,18,3113.8
12.06.2001-21:00:00,12,06,2001,21,3113.1
12.07.2001-00:00:00,12,07,2001,00,3108.8
12.07.2001-03:00:00,12,07,2001,03,3107.2
12.07.2001-06:00:00,12,07,2001,06,3103
12.07.2001-09:00:00,12,07,2001,09,3103.2
12.07.2001-12:00:00,12,07,2001,12,3098
12.07.2001-15:00:00,12,07,2001,15,3096.9
12.07.2001-18:00:00,12,07,2001,18,3091
12.07.2001-21:00:00,12,07,2001,21,3091.1
12.08.2001-00:00:00,12,08,2001,00,3086.9
12.08.2001-03:00:00,12,08,2001,03,3085
12.08.2001-06:00:00,12,08,2001,06,3079.7
12.08.2001-09:00:00,12,08,2001,09,3080.4
12.08.2001-12:00:00,12,08,2001,12,3075.4
12.08.2001-15:00:00,12,08,2001,15,3073.2
12.08.2001-18:00:00,12,08,2001,18,3070.7
12.08.2001-21:00:00,12,08,2001,21,3067.7
12.09.2001-00:00:00,12,09,2001,00,3065.7
12.09.2001-03:00:00,12,09,2001,03,3064.4
12.09.2001-06:00:00,12,09,2001,06,3058.5
12.09.2001-09:00:00,12,09,2001,09,3057.5
12.09.2001-12:00:00,12,09,2001,12,3053.6
12.09.2001-15:00:00,12,09,2001,15,3052.1
12.09.2001-18:00:00,12,09,2001,18,3047.7
12.09.2001-21:00:00,12,09,2001,21,3045.6
12.10.2001-00:00:00,12,10,2001,00,3042.6
12.10.2001-03:00:00,12,10,2001,03,3041
12.10.2001-06:00:00,12,10,2001,06,3038.7
12.10.2001-09:00:00,12,10,2001,09,3034.9
12.10.2001-12:00:00,12,10,2001,12,3030.9
12.10.2001-15:00:00,12,10,2001,15,3029.5
12.10.2001-18:00:00,12,10,2001,18,3026.7
12.10.2001-21:00:00,12,10,2001,21,3023.9
12.11.2001-00:00:00,12,11,2001,00,3020.6
12.11.2001-03:00:00,12,11,2001,03,3018.1
12.11.2001-06:00:00,12,11,2001,06,3015.4
12.11.2001-09:00:00,12,11,2001,09,3013.6
12.11.2001-12:00:00,12,11,2001,12,3009.9
12.11.2001-15:00:00,12,11,2001,15,3006.7
12.11.2001-18:00:00,12,11,2001,18,3003.6
12.11.2001-21:00:00,12,11,2001,21,3001.7
12.12.2001-00:00:00,12,12,2001,00,2998.8
12.12.2001-03:00:00,12,12,2001,03,2996.7
12.12.2001-06:00:00,12,12,2001,06,2993.3
12.12.2001-09:00:00,12,12,2001,09,2990.3
12.12.2001-12:00:00,12,12,2001,12,2987.2
12.12.2001-15:00:00,12,12,2001,15,2985.5
12.12.2001-18:00:00,12,12,2001,18,2982.4
12.12.2001-21:00:00,12,12,2001,21,2979.6
12.13.2001-00:00:00,12,13,2001,00,2976.4
12.13.2001-03:00:00,12,13,2001,03,2973.8
12.13.2001-06:00:00,12,13,2001,06,2971.5
12.13.2001-09:00:00,12,13,2001,09,2968.8
12.13.2001-12:00:00,12,13,2001,12,2965.5
12.13.2001-15:00:00,12,13,2001,15,2963.3
12.13.2001-18:00:00,12,13,2001,18,2960.3
12.13.2001-21:00:00,12,13,2001,21,2958
12.14.2001-00:00:00,12,14,2001,00,2955.1
12.14.2001-03:00:00,12,14,2001,03,2952.5
12.14.2001-06:00:00,12,14,2001,06,2949.5
12.14.2001-09:00:00,12,14,2001,09,2947.2
12.14.2001-12:00:00,12,14,2001,12,2944.2
12.14.2001-15:00:00,12,14,2001,15,2940.6
12.14.2001-18:00:00,12,14,2001,18,2938.5
12.14.2001-21:00:00,12,14,2001,21,2935.9
12.15.2001-00:00:00,12,15,2001,00,2932.9
12.15.2001-03:00:00,12,15,2001,03,2930.5
12.15.2001-06:00:00,12,15,2001,06,2927.4
12.15.2001-09:00:00,12,15,2001,09,2924
12.15.2001-12:00:00,12,15,2001,12,2922
12.15.2001-15:00:00,12,15,2001,15,2919.5
12.15.2001-18:00:00,12,15,2001,18,2916.4
12.15.2001-21:00:00,12,15,2001,21,2913.8
12.16.2001-00:00:00,12,16,2001,00,2910.8
12.16.2001-03:00:00,12,16,2001,03,2908.4
12.16.2001-06:00:00,12,16,2001,06,2904.3
12.16.2001-09:00:00,12,16,2001,09,2902.7
12.16.2001-12:00:00,12,16,2001,12,2899.8
12.16.2001-15:00:00,12,16,2001,15,2896.9
12.16.2001-18:00:00,12,16,2001,18,2893.8
12.16.2001-21:00:00,12,16,2001,21,2891.3
12.17.2001-00:00:00,12,17,2001,00,2887.3
12.17.2001-03:00:00,12,17,2001,03,2885.6
12.17.2001-06:00:00,12,17,2001,06,2882.8
12.17.2001-09:00:00,12,17,2001,09,2880.1
12.17.2001-12:00:00,12,17,2001,12,2877.1
12.17.2001-15:00:00,12,17,2001,15,2874.6
12.17.2001-18:00:00,12,17,2001,18,2870.7
12.17.2001-21:00:00,12,17,2001,21,2869.2
12.18.2001-00:00:00,12,18,2001,00,2866.2
12.18.2001-03:00:00,12,18,2001,03,2863.7
12.18.2001-06:00:00,12,18,2001,06,2860.7
12.18.2001-09:00:00,12,18,2001,09,2858.1
12.18.2001-12:00:00,12,18,2001,12,2853.4
12.18.2001-15:00:00,12,18,2001,15,2852.4
12.18.2001-18:00:00,12,18,2001,18,2849
12.18.2001-21:00:00,12,18,2001,21,2846.3
12.19.2001-00:00:00,12,19,2001,00,2843.4
12.19.2001-03:00:00,12,19,2001,03,2841.2
12.19.2001-06:00:00,12,19,2001,06,2836.6
12.19.2001-09:00:00,12,19,2001,09,2835.8
12.19.2001-12:00:00,12,19,2001,12,2832.5
12.19.2001-15:00:00,12,19,2001,15,2829.8
12.19.2001-18:00:00,12,19,2001,18,2826.8
12.19.2001-21:00:00,12,19,2001,21,2824.4
12.20.2001-00:00:00,12,20,2001,00,2819.7
12.20.2001-03:00:00,12,20,2001,03,2819.3
12.20.2001-06:00:00,12,20,2001,06,2816.2
12.20.2001-09:00:00,12,20,2001,09,2813.2
12.20.2001-12:00:00,12,20,2001,12,2810.3
12.20.2001-15:00:00,12,20,2001,15,2807.1
12.20.2001-18:00:00,12,20,2001,18,2804.3
12.20.2001-21:00:00,12,20,2001,21,2802.8
12.21.2001-00:00:00,12,21,2001,00,2799.4
12.21.2001-03:00:00,12,21,2001,03,2796.7
12.21.2001-06:00:00,12,21,2001,06,2792.4
12.21.2001-09:00:00,12,21,2001,09,2792
12.21.2001-12:00:00,12,21,2001,12,2788.5
12.21.2001-15:00:00,12,21,2001,15,2785.7
12.21.2001-18:00:00,12,21,2001,18,2782.2
12.21.2001-21:00:00,12,21,2001,21,2780.8
12.22.2001-00:00:00,12,22,2001,00,2776.6
12.22.2001-03:00:00,12,22,2001,03,2775
12.22.2001-06:00:00,12,22,2001,06,2771.5
12.22.2001-09:00:00,12,22,2001,09,2770.1
12.22.2001-12:00:00,12,22,2001,12,2766.8
12.22.2001-15:00:00,12,22,2001,15,2763.4
12.22.2001-18:00:00,12,22,2001,18,2760.8
12.22.2001-21:00:00,12,22,2001,21,2758.7
12.23.2001-00:00:00,12,23,2001,00,2755.8
12.23.2001-03:00:00,12,23,2001,03,2753.8
12.23.2001-06:00:00,12,23,2001,06,2749.3
12.23.2001-09:00:00,12,23,2001,09,2748.1
12.23.2001-12:00:00,12,23,2001,12,2744.7
12.23.2001-15:00:00,12,23,2001,15,2742.7
12.23.2001-18:00:00,12,23,2001,18,2739.2
12.23.2001-21:00:00,12,23,2001,21,2737.9
12.24.2001-00:00:00,12,24,2001,00,2734.1
12.24.2001-03:00:00,12,24,2001,03,2732
12.24.2001-06:00:00,12,24,2001,06,2728.8
12.24.2001-09:00:00,12,24,2001,09,2726
12.24.2001-12:00:00,12,24,2001,12,2723.5
12.24.2001-15:00:00,12,24,2001,15,2721.4
12.24.2001-18:00:00,12,24,2001,18,2718.7
12.24.2001-21:00:00,12,24,2001,21,2717
12.25.2001-00:00:00,12,25,2001,00,2712.4
12.25.2001-03:00:00,12,25,2001,03,2711.2
12.25.2001-06:00:00,12,25,2001,06,2707.9
12.25.2001-09:00:00,12,25,2001,09,2705.7
12.25.2001-12:00:00,12,25,2001,12,2701.4
12.25.2001-15:00:00,12,25,2001,15,2700.5
12.25.2001-18:00:00,12,25,2001,18,2697.4
12.25.2001-21:00:00,12,25,2001,21,2695.6
12.26.2001-00:00:00,12,26,2001,00,2692
12.26.2001-03:00:00,12,26,2001,03,2689.1
12.26.2001-06:00:00,12,26,2001,06,2686.9
12.26.2001-09:00:00,12,26,2001,09,2685.1
12.26.2001-12:00:00,12,26,2001,12,2681.8
12.26.2001-15:00:00,12,26,2001,15,2679
12.26.2001-18:00:00,12,26,2001,18,2676.6
12.26.2001-21:00:00,12,26,2001,21,2674.6
12.27.2001-00:00:00,12,27,2001,00,2671.5
12.27.2001-03:00:00,12,27,2001,03,2669.6
12.27.2001-06:00:00,12,27,2001,06,2665.5
12.27.2001-09:00:00,12,27,2001,09,2664.4
12.27.2001-12:00:00,12,27,2001,12,2661.1
12.27.2001-15:00:00,12,27,2001,15,2659.2
12.27.2001-18:00:00,12,27,2001,18,2655.3
12.27.2001-21:00:00,12,27,2001,21,2654.2
12.28.2001-00:00:00,12,28,2001,00,2651.2
12.28.2001-03:00:00,12,28,2001,03,2648.9
12.28.2001-06:00:00,12,28,2001,06,2644.7
12.28.2001-09:00:00,12,28,2001,09,2644.2
12.28.2001-12:00:00,12,28,2001,12,2640.6
12.28.2001-15:00:00,12,28,2001,15,2638.9
12.28.2001-18:00:00,12,28,2001,18,2634.9
12.28.2001-21:00:00,12,28,2001,21,2633.7
12.29.2001-00:00:00,12,29,2001,00,2630.2
12.29.2001-03:00:00,12,29,2001,03,2629
12.29.2001-06:00:00,12,29,2001,06,2625.3
12.29.2001-09:00:00,12,29,2001,09,2622.8
12.29.2001-12:00:00,12,29,2001,12,2619.8
12.29.2001-15:00:00,12,29,2001,15,2618.8
12.29.2001-18:00:00,12,29,2001,18,2615.1
12.29.2001-21:00:00,12,29,2001,21,2612.6
12.30.2001-00:00:00,12,30,2001,00,2609.8
12.30.2001-03:00:00,12,30,2001,03,2608.1
12.30.2001-06:00:00,12,30,2001,06,2604.6
12.30.2001-09:00:00,12,30,2001,09,2602.2
12.30.2001-12:00:00,12,30,2001,12,2598.5
12.30.2001-15:00:00,12,30,2001,15,2598.1
12.30.2001-18:00:00,12,30,2001,18,2593.3
12.30.2001-21:00:00,12,30,2001,21,2592.2
12.31.2001-00:00:00,12,31,2001,00,2587.2
12.31.2001-03:00:00,12,31,2001,03,2587.1
12.31.2001-06:00:00,12,31,2001,06,2582.6
12.31.2001-09:00:00,12,31,2001,09,2582.2
12.31.2001-12:00:00,12,31,2001,12,2578.6
12.31.2001-15:00:00,12,31,2001,15,2576.4
12.31.2001-18:00:00,12,31,2001,18,2573.8
12.31.2001-21:00:00,12,31,2001,21,2572.7
01.01.2002-00:00:00,01,01,2002,00,2567.8
01.01.2002-03:00:00,01,01,2002,03,2566.9
01.01.2002-06:00:00,01,01,2002,06,2564.2
01.01.2002-09:00:00,01,01,2002,09,2562.5
01.01.2002-12:00:00,01,01,2002,12,2559.2
01.01.2002-15:00:00,01,01,2002,15,2557.5
01.01.2002-18:00:00,01,01,2002,18,2551.9
01.01.2002-21:00:00,01,01,2002,21,2551.7
01.02.2002-00:00:00,01,02,2002,00,2548.2
01.02.2002-03:00:00,01,02,2002,03,2548.3
01.02.2002-06:00:00,01,02,2002,06,2542.5
01.02.2002-09:00:00,01,02,2002,09,2543
01.02.2002-12:00:00,01,02,2002,12,2537
01.02.2002-15:00:00,01,02,2002,15,2538.5
01.02.2002-18:00:00,01,02,2002,18,2533.9
01.02.2002-21:00:00,01,02,2002,21,2533
01.03.2002-00:00:00,01,03,2002,00,2528.1
01.03.2002-03:00:00,01,03,2002,03,2529
01.03.2002-06:00:00,01,03,2002,06,2523.9
01.03.2002-09:00:00,01,03,2002,09,2524.2
01.03.2002-12:00:00,01,03,2002,12,2519.6
01.03.2002-15:00:00,01,03,2002,15,2518.9
01.03.2002-18:00:00,01,03,2002,18,2513.2
01.03.2002-21:00:00,01,03,2002,21,2515.7
01.04.2002-00:00:00,01,04,2002,00,2509.7
01.04.2002-03:00:00,01,04,2002,03,2508.8
01.04.2002-06:00:00,01,04,2002,06,2505.6
01.04.2002-09:00:00,01,04,2002,09,2504.8
01.04.2002-12:00:00,01,04,2002,12,2499.7
01.04.2002-15:00:00,01,04,2002,15,2501.5
01.04.2002-18:00:00,01,04,2002,18,2494.8
01.04.2002-21:00:00,01,04,2002,21,2495.9
01.05.2002-00:00:00,01,05,2002,00,2490.4
01.05.2002-03:00:00,01,05,2002,03,2491.3
01.05.2002-06:00:00,01,05,2002,06,2485.6
01.05.2002-09:00:00,01,05,2002,09,2486.1
01.05.2002-12:00:00,01,05,2002,12,2481.2
01.05.2002-15:00:00,01,05,2002,15,2479.9
01.05.2002-18:00:00,01,05,2002,18,2476.2
01.05.2002-21:00:00,01,05,2002,21,2477
01.06.2002-00:00:00,01,06,2002,00,2470.3
01.06.2002-03:00:00,01,06,2002,03,2471.8
01.06.2002-06:00:00,01,06,2002,06,2466.6
01.06.2002-09:00:00,01,06,2002,09,2466.4
01.06.2002-12:00:00,01,06,2002,12,2462.4
01.06.2002-15:00:00,01,06,2002,15,2462.4
01.06.2002-18:00:00,01,06,2002,18,2457.1
01.06.2002-21:00:00,01,06,2002,21,2456.8
01.07.2002-00:00:00,01,07,2002,00,2453.9
01.07.2002-03:00:00,01,07,2002,03,2452
01.07.2002-06:00:00,01,07,2002,06,2447.9
01.07.2002-09:00:00,01,07,2002,09,2449.5
01.07.2002-12:00:00,01,07,2002,12,2442.8
01.07.2002-15:00:00,01,07,2002,15,2443.4
01.07.2002-18:00:00,01,07,2002,18,2439
01.07.2002-21:00:00,01,07,2002,21,2439.5
01.08.2002-00:00:00,01,08,2002,00,2433.9
01.08.2002-03:00:00,01,08,2002,03,2434.5
01.08.2002-06:00:00,01,08,2002,06,2429.3
01.08.2002-09:00:00,01,08,2002,09,2430.2
01.08.2002-12:00:00,01,08,2002,12,2425.2
01.08.2002-15:00:00,01,08,2002,15,2424.6
01.08.2002-18:00:00,01,08,2002,18,2419.1
01.08.2002-21:00:00,01,08,2002,21,2421.4
01.09.2002-00:00:00,01,09,2002,00,2416.6
01.09.2002-03:00:00,01,09,2002,03,2415.6
01.09.2002-06:00:00,01,09,2002,06,2412.5
01.09.2002-09:00:00,01,09,2002,09,2411.8
01.09.2002-12:00:00,01,09,2002,12,2406.2
01.09.2002-15:00:00,01,09,2002,15,2407.7
01.09.2002-18:00:00,01,09,2002,18,2402.5
01.09.2002-21:00:00,01,09,2002,21,2399.9
01.10.2002-00:00:00,01,10,2002,00,2401.9
01.10.2002-03:00:00,01,10,2002,03,2395.4
01.10.2002-06:00:00,01,10,2002,06,2393.2
01.10.2002-09:00:00,01,10,2002,09,2393.7
01.10.2002-12:00:00,01,10,2002,12,2390.2
01.10.2002-15:00:00,01,10,2002,15,2387.1
01.10.2002-18:00:00,01,10,2002,18,2386.9
01.10.2002-21:00:00,01,10,2002,21,2381.8
01.11.2002-00:00:00,01,11,2002,00,2380.2
01.11.2002-03:00:00,01,11,2002,03,2382.6
01.11.2002-06:00:00,01,11,2002,06,2376.1
01.11.2002-09:00:00,01,11,2002,09,2372.3
01.11.2002-12:00:00,01,11,2002,12,2372.7
01.11.2002-15:00:00,01,11,2002,15,2368.1
01.11.2002-18:00:00,01,11,2002,18,2367
01.11.2002-21:00:00,01,11,2002,21,2366.7
01.12.2002-00:00:00,01,12,2002,00,2362.3
01.12.2002-03:00:00,01,12,2002,03,2359.3
01.12.2002-06:00:00,01,12,2002,06,2359.3
01.12.2002-09:00:00,01,12,2002,09,2355.5
01.12.2002-12:00:00,01,12,2002,12,2347.2
01.12.2002-15:00:00,01,12,2002,15,2345.6
01.12.2002-18:00:00,01,12,2002,18,2346.9
01.12.2002-21:00:00,01,12,2002,21,2347.5
01.13.2002-00:00:00,01,13,2002,00,2344.3
01.13.2002-03:00:00,01,13,2002,03,2344.4
01.13.2002-06:00:00,01,13,2002,06,2341
01.13.2002-09:00:00,01,13,2002,09,2342.3
01.13.2002-12:00:00,01,13,2002,12,2333
01.13.2002-15:00:00,01,13,2002,15,2332.2
01.13.2002-18:00:00,01,13,2002,18,2329.1
01.13.2002-21:00:00,01,13,2002,21,2329.3
01.14.2002-00:00:00,01,14,2002,00,2330.3
01.14.2002-03:00:00,01,14,2002,03,2325.5
01.14.2002-06:00:00,01,14,2002,06,2321.9
01.14.2002-09:00:00,01,14,2002,09,2321.6
01.14.2002-12:00:00,01,14,2002,12,2320
01.14.2002-15:00:00,01,14,2002,15,2318.3
01.14.2002-18:00:00,01,14,2002,18,2318.8
01.14.2002-21:00:00,01,14,2002,21,2313.4
01.15.2002-00:00:00,01,15,2002,00,2311.6
01.15.2002-03:00:00,01,15,2002,03,2309.7
01.15.2002-06:00:00,01,15,2002,06,2305.1
01.15.2002-09:00:00,01,15,2002,09,2304.5
01.15.2002-12:00:00,01,15,2002,12,2302.4
01.15.2002-15:00:00,01,15,2002,15,2300.4
01.15.2002-18:00:00,01,15,2002,18,2299.8
01.15.2002-21:00:00,01,15,2002,21,2297.6
01.16.2002-00:00:00,01,16,2002,00,2294.8
01.16.2002-03:00:00,01,16,2002,03,2293
01.16.2002-06:00:00,01,16,2002,06,2288.6
01.16.2002-09:00:00,01,16,2002,09,2288.1
01.16.2002-12:00:00,01,16,2002,12,2285.5
01.16.2002-15:00:00,01,16,2002,15,2284.6
01.16.2002-18:00:00,01,16,2002,18,2281.2
01.16.2002-21:00:00,01,16,2002,21,2278.9
01.17.2002-00:00:00,01,17,2002,00,2278.9
01.17.2002-03:00:00,01,17,2002,03,2276
01.17.2002-06:00:00,01,17,2002,06,2273.4
01.17.2002-09:00:00,01,17,2002,09,2270.3
01.17.2002-12:00:00,01,17,2002,12,2270.8
01.17.2002-15:00:00,01,17,2002,15,2266.6
01.17.2002-18:00:00,01,17,2002,18,2264.5
01.17.2002-21:00:00,01,17,2002,21,2264
01.18.2002-00:00:00,01,18,2002,00,2262
01.18.2002-03:00:00,01,18,2002,03,2260.3
01.18.2002-06:00:00,01,18,2002,06,2257.2
01.18.2002-09:00:00,01,18,2002,09,2253.9
01.18.2002-12:00:00,01,18,2002,12,2253.1
01.18.2002-15:00:00,01,18,2002,15,2250
01.18.2002-18:00:00,01,18,2002,18,2250.3
01.18.2002-21:00:00,01,18,2002,21,2247.5
01.19.2002-00:00:00,01,19,2002,00,2243.8
01.19.2002-03:00:00,01,19,2002,03,2241.2
01.19.2002-06:00:00,01,19,2002,06,2240.3
01.19.2002-09:00:00,01,19,2002,09,2239.5
01.19.2002-12:00:00,01,19,2002,12,2230.4
01.19.2002-15:00:00,01,19,2002,15,2230
01.19.2002-18:00:00,01,19,2002,18,2229
01.19.2002-21:00:00,01,19,2002,21,2229.5
01.20.2002-00:00:00,01,20,2002,00,2227.3
01.20.2002-03:00:00,01,20,2002,03,2225.9
01.20.2002-06:00:00,01,20,2002,06,2223.1
01.20.2002-09:00:00,01,20,2002,09,2223.3
01.20.2002-12:00:00,01,20,2002,12,2221.1
01.20.2002-15:00:00,01,20,2002,15,2217
01.20.2002-18:00:00,01,20,2002,18,2214.9
01.20.2002-21:00:00,01,20,2002,21,2214
01.21.2002-00:00:00,01,21,2002,00,2212.4
01.21.2002-03:00:00,01,21,2002,03,2210.1
01.21.2002-06:00:00,01,21,2002,06,2208.5
01.21.2002-09:00:00,01,21,2002,09,2204.6
01.21.2002-12:00:00,01,21,2002,12,2203.2
01.21.2002-15:00:00,01,21,2002,15,2201.8
01.21.2002-18:00:00,01,21,2002,18,2199.7
01.21.2002-21:00:00,01,21,2002,21,2196.9
01.22.2002-00:00:00,01,22,2002,00,2197.1
01.22.2002-03:00:00,01,22,2002,03,2193.7
01.22.2002-06:00:00,01,22,2002,06,2192.4
01.22.2002-09:00:00,01,22,2002,09,2188.9
01.22.2002-12:00:00,01,22,2002,12,2187.6
01.22.2002-15:00:00,01,22,2002,15,2184.5
01.22.2002-18:00:00,01,22,2002,18,2183.8
01.22.2002-21:00:00,01,22,2002,21,2181.2
01.23.2002-00:00:00,01,23,2002,00,2181.4
01.23.2002-03:00:00,01,23,2002,03,2177.4
01.23.2002-06:00:00,01,23,2002,06,2175.6
01.23.2002-09:00:00,01,23,2002,09,2174
01.23.2002-12:00:00,01,23,2002,12,2171.4
01.23.2002-15:00:00,01,23,2002,15,2168.7
01.23.2002-18:00:00,01,23,2002,18,2166.6
01.23.2002-21:00:00,01,23,2002,21,2165.7
01.24.2002-00:00:00,01,24,2002,00,2163.6
01.24.2002-03:00:00,01,24,2002,03,2162.8
01.24.2002-06:00:00,01,24,2002,06,2160.3
01.24.2002-09:00:00,01,24,2002,09,2157.1
01.24.2002-12:00:00,01,24,2002,12,2154.9
01.24.2002-15:00:00,01,24,2002,15,2153.7
01.24.2002-18:00:00,01,24,2002,18,2151.6
01.24.2002-21:00:00,01,24,2002,21,2149.5
01.25.2002-00:00:00,01,25,2002,00,2147.4
01.25.2002-03:00:00,01,25,2002,03,2145.2
01.25.2002-06:00:00,01,25,2002,06,2143.2
01.25.2002-09:00:00,01,25,2002,09,2139.6
01.25.2002-12:00:00,01,25,2002,12,2129.9
01.25.2002-15:00:00,01,25,2002,15,2129.8
01.25.2002-18:00:00,01,25,2002,18,2132.3
01.25.2002-21:00:00,01,25,2002,21,2132.6
01.26.2002-00:00:00,01,26,2002,00,2130.7
01.26.2002-03:00:00,01,26,2002,03,2129.4
01.26.2002-06:00:00,01,26,2002,06,2127.8
01.26.2002-09:00:00,01,26,2002,09,2125.6
01.26.2002-12:00:00,01,26,2002,12,2123.4
01.26.2002-15:00:00,01,26,2002,15,2121.6
01.26.2002-18:00:00,01,26,2002,18,2120.6
01.26.2002-21:00:00,01,26,2002,21,2118.6
01.27.2002-00:00:00,01,27,2002,00,2116.1
01.27.2002-03:00:00,01,27,2002,03,2114.8
01.27.2002-06:00:00,01,27,2002,06,2111
01.27.2002-09:00:00,01,27,2002,09,2109.6
01.27.2002-12:00:00,01,27,2002,12,2109.3
01.27.2002-15:00:00,01,27,2002,15,2106.5
01.27.2002-18:00:00,01,27,2002,18,2104.6
01.27.2002-21:00:00,01,27,2002,21,2103
01.28.2002-00:00:00,01,28,2002,00,2101
01.28.2002-03:00:00,01,28,2002,03,2099.2
01.28.2002-06:00:00,01,28,2002,06,2097.2
01.28.2002-09:00:00,01,28,2002,09,2094.7
01.28.2002-12:00:00,01,28,2002,12,2093.2
01.28.2002-15:00:00,01,28,2002,15,2093.1
01.28.2002-18:00:00,01,28,2002,18,2089.4
01.28.2002-21:00:00,01,28,2002,21,2087.3
01.29.2002-00:00:00,01,29,2002,00,2086.1
01.29.2002-03:00:00,01,29,2002,03,2083.7
01.29.2002-06:00:00,01,29,2002,06,2083
01.29.2002-09:00:00,01,29,2002,09,2080.7
01.29.2002-12:00:00,01,29,2002,12,2078.4
01.29.2002-15:00:00,01,29,2002,15,2075.9
01.29.2002-18:00:00,01,29,2002,18,2074
01.29.2002-21:00:00,01,29,2002,21,2073.5
01.30.2002-00:00:00,01,30,2002,00,2072
01.30.2002-03:00:00,01,30,2002,03,2069.7
01.30.2002-06:00:00,01,30,2002,06,2067.5
01.30.2002-09:00:00,01,30,2002,09,2065
01.30.2002-12:00:00,01,30,2002,12,2062.9
01.30.2002-15:00:00,01,30,2002,15,2062.6
01.30.2002-18:00:00,01,30,2002,18,2060.1
01.30.2002-21:00:00,01,30,2002,21,2059.4
01.31.2002-00:00:00,01,31,2002,00,2057.3
01.31.2002-03:00:00,01,31,2002,03,2054.4
01.31.2002-06:00:00,01,31,2002,06,2051.9
01.31.2002-09:00:00,01,31,2002,09,2051.7
01.31.2002-12:00:00,01,31,2002,12,2048.5
01.31.2002-15:00:00,01,31,2002,15,2048.2
01.31.2002-18:00:00,01,31,2002,18,2045.6
01.31.2002-21:00:00,01,31,2002,21,2044.9
02.01.2002-00:00:00,02,01,2002,00,2042.2
02.01.2002-03:00:00,02,01,2002,03,2041
02.01.2002-06:00:00,02,01,2002,06,2037.5
02.01.2002-09:00:00,02,01,2002,09,2037.4
02.01.2002-12:00:00,02,01,2002,12,2035.1
02.01.2002-15:00:00,02,01,2002,15,2033
02.01.2002-18:00:00,02,01,2002,18,2030.2
02.01.2002-21:00:00,02,01,2002,21,2029.1
02.02.2002-00:00:00,02,02,2002,00,2028
02.02.2002-03:00:00,02,02,2002,03,2026.9
02.02.2002-06:00:00,02,02,2002,06,2024.4
02.02.2002-09:00:00,02,02,2002,09,2023.9
02.02.2002-12:00:00,02,02,2002,12,2019.8
02.02.2002-15:00:00,02,02,2002,15,2018.5
02.02.2002-18:00:00,02,02,2002,18,2017.4
02.02.2002-21:00:00,02,02,2002,21,2015.3
02.03.2002-00:00:00,02,03,2002,00,2013.5
02.03.2002-03:00:00,02,03,2002,03,2012.5
02.03.2002-06:00:00,02,03,2002,06,2008.9
02.03.2002-09:00:00,02,03,2002,09,2007.7
02.03.2002-12:00:00,02,03,2002,12,2001.6
02.03.2002-15:00:00,02,03,2002,15,2001.9
02.03.2002-18:00:00,02,03,2002,18,2001
02.03.2002-21:00:00,02,03,2002,21,2000.1
02.04.2002-00:00:00,02,04,2002,00,1999.2
02.04.2002-03:00:00,02,04,2002,03,1997.6
02.04.2002-06:00:00,02,04,2002,06,1994.7
02.04.2002-09:00:00,02,04,2002,09,1994.4
02.04.2002-12:00:00,02,04,2002,12,1992.1
02.04.2002-15:00:00,02,04,2002,15,1990
02.04.2002-18:00:00,02,04,2002,18,1988.4
02.04.2002-21:00:00,02,04,2002,21,1986.7
02.05.2002-00:00:00,02,05,2002,00,1984
02.05.2002-03:00:00,02,05,2002,03,1983.9
02.05.2002-06:00:00,02,05,2002,06,1980.6
02.05.2002-09:00:00,02,05,2002,09,1980.4
02.05.2002-12:00:00,02,05,2002,12,1977.9
02.05.2002-15:00:00,02,05,2002,15,1975.9
02.05.2002-18:00:00,02,05,2002,18,1973.4
02.05.2002-21:00:00,02,05,2002,21,1972.6
02.06.2002-00:00:00,02,06,2002,00,1970.9
02.06.2002-03:00:00,02,06,2002,03,1969.9
02.06.2002-06:00:00,02,06,2002,06,1966.6
02.06.2002-09:00:00,02,06,2002,09,1966.1
02.06.2002-12:00:00,02,06,2002,12,1963.2
02.06.2002-15:00:00,02,06,2002,15,1962
02.06.2002-18:00:00,02,06,2002,18,1960.6
02.06.2002-21:00:00,02,06,2002,21,1958.4
02.07.2002-00:00:00,02,07,2002,00,1956.7
02.07.2002-03:00:00,02,07,2002,03,1955.1
02.07.2002-06:00:00,02,07,2002,06,1953.6
02.07.2002-09:00:00,02,07,2002,09,1951.3
02.07.2002-12:00:00,02,07,2002,12,1949.3
02.07.2002-15:00:00,02,07,2002,15,1949.1
02.07.2002-18:00:00,02,07,2002,18,1945.6
02.07.2002-21:00:00,02,07,2002,21,1945.7
02.08.2002-00:00:00,02,08,2002,00,1943.4
02.08.2002-03:00:00,02,08,2002,03,1941
02.08.2002-06:00:00,02,08,2002,06,1939
02.08.2002-09:00:00,02,08,2002,09,1932.2
02.08.2002-12:00:00,02,08,2002,12,1913.9
02.08.2002-15:00:00,02,08,2002,15,1917.4
02.08.2002-18:00:00,02,08,2002,18,1923.7
02.08.2002-21:00:00,02,08,2002,21,1929
02.09.2002-00:00:00,02,09,2002,00,1927.6
02.09.2002-03:00:00,02,09,2002,03,1926.6
02.09.2002-06:00:00,02,09,2002,06,1925
02.09.2002-09:00:00,02,09,2002,09,1923.5
02.09.2002-12:00:00,02,09,2002,12,1922
02.09.2002-15:00:00,02,09,2002,15,1920.1
02.09.2002-18:00:00,02,09,2002,18,1918.9
02.09.2002-21:00:00,02,09,2002,21,1916.9
02.10.2002-00:00:00,02,10,2002,00,1914.2
02.10.2002-03:00:00,02,10,2002,03,1913.6
02.10.2002-06:00:00,02,10,2002,06,1910.3
02.10.2002-09:00:00,02,10,2002,09,1909.4
02.10.2002-12:00:00,02,10,2002,12,1906.8
02.10.2002-15:00:00,02,10,2002,15,1906.7
02.10.2002-18:00:00,02,10,2002,18,1903.1
02.10.2002-21:00:00,02,10,2002,21,1902.3
02.11.2002-00:00:00,02,11,2002,00,1900.9
02.11.2002-03:00:00,02,11,2002,03,1898.5
02.11.2002-06:00:00,02,11,2002,06,1897.8
02.11.2002-09:00:00,02,11,2002,09,1890.2
02.11.2002-12:00:00,02,11,2002,12,1864.2
02.11.2002-15:00:00,02,11,2002,15,1866
02.11.2002-18:00:00,02,11,2002,18,1877.4
02.11.2002-21:00:00,02,11,2002,21,1883.5
02.12.2002-00:00:00,02,12,2002,00,1886.2
02.12.2002-03:00:00,02,12,2002,03,1883.9
02.12.2002-06:00:00,02,12,2002,06,1883.2
02.12.2002-09:00:00,02,12,2002,09,1881.1
02.12.2002-12:00:00,02,12,2002,12,1879.3
02.12.2002-15:00:00,02,12,2002,15,1876.4
02.12.2002-18:00:00,02,12,2002,18,1876.4
02.12.2002-21:00:00,02,12,2002,21,1874.8
02.13.2002-00:00:00,02,13,2002,00,1872.9
02.13.2002-03:00:00,02,13,2002,03,1870.9
02.13.2002-06:00:00,02,13,2002,06,1869.8
02.13.2002-09:00:00,02,13,2002,09,1868.2
02.13.2002-12:00:00,02,13,2002,12,1837.4
02.13.2002-15:00:00,02,13,2002,15,1837.3
02.13.2002-18:00:00,02,13,2002,18,1848.6
02.13.2002-21:00:00,02,13,2002,21,1855.9
02.14.2002-00:00:00,02,14,2002,00,1859.6
02.14.2002-03:00:00,02,14,2002,03,1856.3
02.14.2002-06:00:00,02,14,2002,06,1855.5
02.14.2002-09:00:00,02,14,2002,09,1854
02.14.2002-12:00:00,02,14,2002,12,1829.9
02.14.2002-15:00:00,02,14,2002,15,1829.6
02.14.2002-18:00:00,02,14,2002,18,1838.8
02.14.2002-21:00:00,02,14,2002,21,1845.6
02.15.2002-00:00:00,02,15,2002,00,1844.4
02.15.2002-03:00:00,02,15,2002,03,1843.6
02.15.2002-06:00:00,02,15,2002,06,1843.2
02.15.2002-09:00:00,02,15,2002,09,1841.2
02.15.2002-12:00:00,02,15,2002,12,1828.6
02.15.2002-15:00:00,02,15,2002,15,1829.2
02.15.2002-18:00:00,02,15,2002,18,1831.5
02.15.2002-21:00:00,02,15,2002,21,1832.9
02.16.2002-00:00:00,02,16,2002,00,1832.7
02.16.2002-03:00:00,02,16,2002,03,1830.8
02.16.2002-06:00:00,02,16,2002,06,1828.9
02.16.2002-09:00:00,02,16,2002,09,1829.3
02.16.2002-12:00:00,02,16,2002,12,1822.9
02.16.2002-15:00:00,02,16,2002,15,1821.3
02.16.2002-18:00:00,02,16,2002,18,1821.1
02.16.2002-21:00:00,02,16,2002,21,1822.1
02.17.2002-00:00:00,02,17,2002,00,1819.9
02.17.2002-03:00:00,02,17,2002,03,1816.8
02.17.2002-06:00:00,02,17,2002,06,1817.9
02.17.2002-09:00:00,02,17,2002,09,1814.2
02.17.2002-12:00:00,02,17,2002,12,1793.4
02.17.2002-15:00:00,02,17,2002,15,1793.9
02.17.2002-18:00:00,02,17,2002,18,1802.9
02.17.2002-21:00:00,02,17,2002,21,1807.2
02.18.2002-00:00:00,02,18,2002,00,1806.1
02.18.2002-03:00:00,02,18,2002,03,1806.5
02.18.2002-06:00:00,02,18,2002,06,1804.2
02.18.2002-09:00:00,02,18,2002,09,1780.7
02.18.2002-12:00:00,02,18,2002,12,1748.8
02.18.2002-15:00:00,02,18,2002,15,1755.5
02.18.2002-18:00:00,02,18,2002,18,1775.9
02.18.2002-21:00:00,02,18,2002,21,1786.8
02.19.2002-00:00:00,02,19,2002,00,1790.3
02.19.2002-03:00:00,02,19,2002,03,1790.7
02.19.2002-06:00:00,02,19,2002,06,1789.2
02.19.2002-09:00:00,02,19,2002,09,1769.5
02.19.2002-12:00:00,02,19,2002,12,1752.4
02.19.2002-15:00:00,02,19,2002,15,1758.8
02.19.2002-18:00:00,02,19,2002,18,1769.8
02.19.2002-21:00:00,02,19,2002,21,1777.3
02.20.2002-00:00:00,02,20,2002,00,1778.4
02.20.2002-03:00:00,02,20,2002,03,1775.5
02.20.2002-06:00:00,02,20,2002,06,1777
02.20.2002-09:00:00,02,20,2002,09,1751.4
02.20.2002-12:00:00,02,20,2002,12,1710.4
02.20.2002-15:00:00,02,20,2002,15,1718.7
02.20.2002-18:00:00,02,20,2002,18,1741.9
02.20.2002-21:00:00,02,20,2002,21,1755.4
02.21.2002-00:00:00,02,21,2002,00,1760.4
02.21.2002-03:00:00,02,21,2002,03,1760.5
02.21.2002-06:00:00,02,21,2002,06,1759.7
02.21.2002-09:00:00,02,21,2002,09,1760.4
02.21.2002-12:00:00,02,21,2002,12,1758
02.21.2002-15:00:00,02,21,2002,15,1755.5
02.21.2002-18:00:00,02,21,2002,18,1756.3
02.21.2002-21:00:00,02,21,2002,21,1755
02.22.2002-00:00:00,02,22,2002,00,1752.6
02.22.2002-03:00:00,02,22,2002,03,1751.9
02.22.2002-06:00:00,02,22,2002,06,1750.8
02.22.2002-09:00:00,02,22,2002,09,1722.5
02.22.2002-12:00:00,02,22,2002,12,1701.5
02.22.2002-15:00:00,02,22,2002,15,1711.4
02.22.2002-18:00:00,02,22,2002,18,1724.8
02.22.2002-21:00:00,02,22,2002,21,1732.9
02.23.2002-00:00:00,02,23,2002,00,1735.4
02.23.2002-03:00:00,02,23,2002,03,1735.6
02.23.2002-06:00:00,02,23,2002,06,1735.5
02.23.2002-09:00:00,02,23,2002,09,1721.3
02.23.2002-12:00:00,02,23,2002,12,1702.9
02.23.2002-15:00:00,02,23,2002,15,1706.5
02.23.2002-18:00:00,02,23,2002,18,1717.7
02.23.2002-21:00:00,02,23,2002,21,1723.6
02.24.2002-00:00:00,02,24,2002,00,1724.6
02.24.2002-03:00:00,02,24,2002,03,1725.9
02.24.2002-06:00:00,02,24,2002,06,1722.8
02.24.2002-09:00:00,02,24,2002,09,1721.3
02.24.2002-12:00:00,02,24,2002,12,1720
02.24.2002-15:00:00,02,24,2002,15,1719.5
02.24.2002-18:00:00,02,24,2002,18,1716.8
02.24.2002-21:00:00,02,24,2002,21,1715.1
02.25.2002-00:00:00,02,25,2002,00,1713.1
02.25.2002-03:00:00,02,25,2002,03,1714.5
02.25.2002-06:00:00,02,25,2002,06,1711.7
02.25.2002-09:00:00,02,25,2002,09,1708.8
02.25.2002-12:00:00,02,25,2002,12,1708.1
02.25.2002-15:00:00,02,25,2002,15,1707.2
02.25.2002-18:00:00,02,25,2002,18,1705.1
02.25.2002-21:00:00,02,25,2002,21,1703.5
02.26.2002-00:00:00,02,26,2002,00,1703.2
02.26.2002-03:00:00,02,26,2002,03,1701.4
02.26.2002-06:00:00,02,26,2002,06,1700.3
02.26.2002-09:00:00,02,26,2002,09,1696.9
02.26.2002-12:00:00,02,26,2002,12,1696.3
02.26.2002-15:00:00,02,26,2002,15,1695.8
02.26.2002-18:00:00,02,26,2002,18,1694.3
02.26.2002-21:00:00,02,26,2002,21,1691.7
02.27.2002-00:00:00,02,27,2002,00,1690.1
02.27.2002-03:00:00,02,27,2002,03,1690.8
02.27.2002-06:00:00,02,27,2002,06,1687.5
02.27.2002-09:00:00,02,27,2002,09,1686.4
02.27.2002-12:00:00,02,27,2002,12,1662.4
02.27.2002-15:00:00,02,27,2002,15,1663.5
02.27.2002-18:00:00,02,27,2002,18,1672.6
02.27.2002-21:00:00,02,27,2002,21,1676.3
02.28.2002-00:00:00,02,28,2002,00,1677.5
02.28.2002-03:00:00,02,28,2002,03,1679.1
02.28.2002-06:00:00,02,28,2002,06,1676.1
02.28.2002-09:00:00,02,28,2002,09,1667
02.28.2002-12:00:00,02,28,2002,12,1642.7
02.28.2002-15:00:00,02,28,2002,15,1646
02.28.2002-18:00:00,02,28,2002,18,1656.9
02.28.2002-21:00:00,02,28,2002,21,1662.7
03.01.2002-00:00:00,03,01,2002,00,1664.2
03.01.2002-03:00:00,03,01,2002,03,1663.6
03.01.2002-06:00:00,03,01,2002,06,1662.3
03.01.2002-09:00:00,03,01,2002,09,1637.6
03.01.2002-12:00:00,03,01,2002,12,1592
03.01.2002-15:00:00,03,01,2002,15,1599.4
03.01.2002-18:00:00,03,01,2002,18,1624.2
03.01.2002-21:00:00,03,01,2002,21,1640.2
03.02.2002-00:00:00,03,02,2002,00,1645.6
03.02.2002-03:00:00,03,02,2002,03,1647.1
03.02.2002-06:00:00,03,02,2002,06,1648.4
03.02.2002-09:00:00,03,02,2002,09,1631.8
03.02.2002-12:00:00,03,02,2002,12,1591.1
03.02.2002-15:00:00,03,02,2002,15,1596.2
03.02.2002-18:00:00,03,02,2002,18,1617.1
03.02.2002-21:00:00,03,02,2002,21,1630.3
03.03.2002-00:00:00,03,03,2002,00,1635.1
03.03.2002-03:00:00,03,03,2002,03,1635.7
03.03.2002-06:00:00,03,03,2002,06,1636.7
03.03.2002-09:00:00,03,03,2002,09,1608.7
03.03.2002-12:00:00,03,03,2002,12,1567.4
03.03.2002-15:00:00,03,03,2002,15,1576.5
03.03.2002-18:00:00,03,03,2002,18,1600.8
03.03.2002-21:00:00,03,03,2002,21,1615.2
03.04.2002-00:00:00,03,04,2002,00,1619.8
03.04.2002-03:00:00,03,04,2002,03,1621.2
03.04.2002-06:00:00,03,04,2002,06,1621.4
03.04.2002-09:00:00,03,04,2002,09,1576.4
03.04.2002-12:00:00,03,04,2002,12,1523.7
03.04.2002-15:00:00,03,04,2002,15,1538.2
03.04.2002-18:00:00,03,04,2002,18,1571.8
03.04.2002-21:00:00,03,04,2002,21,1592.6
03.05.2002-00:00:00,03,05,2002,00,1599.9
03.05.2002-03:00:00,03,05,2002,03,1602
03.05.2002-06:00:00,03,05,2002,06,1603
03.05.2002-09:00:00,03,05,2002,09,1567.7
03.05.2002-12:00:00,03,05,2002,12,1526.6
03.05.2002-15:00:00,03,05,2002,15,1539.5
03.05.2002-18:00:00,03,05,2002,18,1567.5
03.05.2002-21:00:00,03,05,2002,21,1584.3
03.06.2002-00:00:00,03,06,2002,00,1590.1
03.06.2002-03:00:00,03,06,2002,03,1591.7
03.06.2002-06:00:00,03,06,2002,06,1592.3
03.06.2002-09:00:00,03,06,2002,09,1591.8
03.06.2002-12:00:00,03,06,2002,12,1591.3
03.06.2002-15:00:00,03,06,2002,15,1589.9
03.06.2002-18:00:00,03,06,2002,18,1589.2
03.06.2002-21:00:00,03,06,2002,21,1588.1
03.07.2002-00:00:00,03,07,2002,00,1587.8
03.07.2002-03:00:00,03,07,2002,03,1586.5
03.07.2002-06:00:00,03,07,2002,06,1585.7
03.07.2002-09:00:00,03,07,2002,09,1584.2
03.07.2002-12:00:00,03,07,2002,12,1583.4
03.07.2002-15:00:00,03,07,2002,15,1581.9
03.07.2002-18:00:00,03,07,2002,18,1581
03.07.2002-21:00:00,03,07,2002,21,1580.1
03.08.2002-00:00:00,03,08,2002,00,1579.2
03.08.2002-03:00:00,03,08,2002,03,1577.8
03.08.2002-06:00:00,03,08,2002,06,1576.1
03.08.2002-09:00:00,03,08,2002,09,1574.8
03.08.2002-12:00:00,03,08,2002,12,1573.4
03.08.2002-15:00:00,03,08,2002,15,1572.2
03.08.2002-18:00:00,03,08,2002,18,1571.8
03.08.2002-21:00:00,03,08,2002,21,1569.8
03.09.2002-00:00:00,03,09,2002,00,1570
03.09.2002-03:00:00,03,09,2002,03,1567.9
03.09.2002-06:00:00,03,09,2002,06,1566.7
03.09.2002-09:00:00,03,09,2002,09,1566.4
03.09.2002-12:00:00,03,09,2002,12,1563.6
03.09.2002-15:00:00,03,09,2002,15,1562.1
03.09.2002-18:00:00,03,09,2002,18,1560.6
03.09.2002-21:00:00,03,09,2002,21,1559.5
03.10.2002-00:00:00,03,10,2002,00,1559
03.10.2002-03:00:00,03,10,2002,03,1557
03.10.2002-06:00:00,03,10,2002,06,1556.2
03.10.2002-09:00:00,03,10,2002,09,1555.4
03.10.2002-12:00:00,03,10,2002,12,1553.1
03.10.2002-15:00:00,03,10,2002,15,1552.6
03.10.2002-18:00:00,03,10,2002,18,1550.7
03.10.2002-21:00:00,03,10,2002,21,1549.2
03.11.2002-00:00:00,03,11,2002,00,1548.2
03.11.2002-03:00:00,03,11,2002,03,1546.7
03.11.2002-06:00:00,03,11,2002,06,1545.6
03.11.2002-09:00:00,03,11,2002,09,1545
03.11.2002-12:00:00,03,11,2002,12,1543.1
03.11.2002-15:00:00,03,11,2002,15,1542.3
03.11.2002-18:00:00,03,11,2002,18,1542.2
03.11.2002-21:00:00,03,11,2002,21,1539.5
03.12.2002-00:00:00,03,12,2002,00,1539.1
03.12.2002-03:00:00,03,12,2002,03,1536.8
03.12.2002-06:00:00,03,12,2002,06,1535.7
03.12.2002-09:00:00,03,12,2002,09,1505
03.12.2002-12:00:00,03,12,2002,12,1477.2
03.12.2002-15:00:00,03,12,2002,15,1487.9
03.12.2002-18:00:00,03,12,2002,18,1506.7
03.12.2002-21:00:00,03,12,2002,21,1517.5
03.13.2002-00:00:00,03,13,2002,00,1521.4
03.13.2002-03:00:00,03,13,2002,03,1522.4
03.13.2002-06:00:00,03,13,2002,06,1521.4
03.13.2002-09:00:00,03,13,2002,09,1491.7
03.13.2002-12:00:00,03,13,2002,12,1450.6
03.13.2002-15:00:00,03,13,2002,15,1461.6
03.13.2002-18:00:00,03,13,2002,18,1486.9
03.13.2002-21:00:00,03,13,2002,21,1502.2
03.14.2002-00:00:00,03,14,2002,00,1506.5
03.14.2002-03:00:00,03,14,2002,03,1508
03.14.2002-06:00:00,03,14,2002,06,1508.1
03.14.2002-09:00:00,03,14,2002,09,1467.1
03.14.2002-12:00:00,03,14,2002,12,1421.3
03.14.2002-15:00:00,03,14,2002,15,1434.5
03.14.2002-18:00:00,03,14,2002,18,1465.4
03.14.2002-21:00:00,03,14,2002,21,1484.7
03.15.2002-00:00:00,03,15,2002,00,1491.3
03.15.2002-03:00:00,03,15,2002,03,1493.1
03.15.2002-06:00:00,03,15,2002,06,1493.3
03.15.2002-09:00:00,03,15,2002,09,1481.8
03.15.2002-12:00:00,03,15,2002,12,1463.7
03.15.2002-15:00:00,03,15,2002,15,1469.4
03.15.2002-18:00:00,03,15,2002,18,1480.9
03.15.2002-21:00:00,03,15,2002,21,1486.9
03.16.2002-00:00:00,03,16,2002,00,1487.6
03.16.2002-03:00:00,03,16,2002,03,1487.2
03.16.2002-06:00:00,03,16,2002,06,1486
03.16.2002-09:00:00,03,16,2002,09,1485.1
03.16.2002-12:00:00,03,16,2002,12,1483.8
03.16.2002-15:00:00,03,16,2002,15,1483
03.16.2002-18:00:00,03,16,2002,18,1481.8
03.16.2002-21:00:00,03,16,2002,21,1480.8
03.17.2002-00:00:00,03,17,2002,00,1479.6
03.17.2002-03:00:00,03,17,2002,03,1478.4
03.17.2002-06:00:00,03,17,2002,06,1477.2
03.17.2002-09:00:00,03,17,2002,09,1476.2
03.17.2002-12:00:00,03,17,2002,12,1459.8
03.17.2002-15:00:00,03,17,2002,15,1461
03.17.2002-18:00:00,03,17,2002,18,1465.8
03.17.2002-21:00:00,03,17,2002,21,1469.1
03.18.2002-00:00:00,03,18,2002,00,1469.5
03.18.2002-03:00:00,03,18,2002,03,1468.8
03.18.2002-06:00:00,03,18,2002,06,1467.8
03.18.2002-09:00:00,03,18,2002,09,1466.7
03.18.2002-12:00:00,03,18,2002,12,1465.5
03.18.2002-15:00:00,03,18,2002,15,1464.4
03.18.2002-18:00:00,03,18,2002,18,1463.2
03.18.2002-21:00:00,03,18,2002,21,1462.1
03.19.2002-00:00:00,03,19,2002,00,1460.9
03.19.2002-03:00:00,03,19,2002,03,1459.9
03.19.2002-06:00:00,03,19,2002,06,1458.8
03.19.2002-09:00:00,03,19,2002,09,1457.8
03.19.2002-12:00:00,03,19,2002,12,1456.6
03.19.2002-15:00:00,03,19,2002,15,1455.5
03.19.2002-18:00:00,03,19,2002,18,1454.2
03.19.2002-21:00:00,03,19,2002,21,1453.1
03.20.2002-00:00:00,03,20,2002,00,1451.9
03.20.2002-03:00:00,03,20,2002,03,1450.7
03.20.2002-06:00:00,03,20,2002,06,1449.3
03.20.2002-09:00:00,03,20,2002,09,1448.3
03.20.2002-12:00:00,03,20,2002,12,1447.1
03.20.2002-15:00:00,03,20,2002,15,1446.1
03.20.2002-18:00:00,03,20,2002,18,1444.7
03.20.2002-21:00:00,03,20,2002,21,1443.7
03.21.2002-00:00:00,03,21,2002,00,1442.4
03.21.2002-03:00:00,03,21,2002,03,1441.4
03.21.2002-06:00:00,03,21,2002,06,1440
03.21.2002-09:00:00,03,21,2002,09,1438.3
03.21.2002-12:00:00,03,21,2002,12,1437.6
03.21.2002-15:00:00,03,21,2002,15,1436.4
03.21.2002-18:00:00,03,21,2002,18,1434.8
03.21.2002-21:00:00,03,21,2002,21,1434.1
03.22.2002-00:00:00,03,22,2002,00,1432.8
03.22.2002-03:00:00,03,22,2002,03,1431.2
03.22.2002-06:00:00,03,22,2002,06,1430.5
03.22.2002-09:00:00,03,22,2002,09,1391.7
03.22.2002-12:00:00,03,22,2002,12,1347.2
03.22.2002-15:00:00,03,22,2002,15,1353.3
03.22.2002-18:00:00,03,22,2002,18,1382.3
03.22.2002-21:00:00,03,22,2002,21,1401.8
03.23.2002-00:00:00,03,23,2002,00,1410.6
03.23.2002-03:00:00,03,23,2002,03,1412.8
03.23.2002-06:00:00,03,23,2002,06,1413.2
03.23.2002-09:00:00,03,23,2002,09,1361.1
03.23.2002-12:00:00,03,23,2002,12,1307
03.23.2002-15:00:00,03,23,2002,15,1305.4
03.23.2002-18:00:00,03,23,2002,18,1336.2
03.23.2002-21:00:00,03,23,2002,21,1366
03.24.2002-00:00:00,03,24,2002,00,1379.7
03.24.2002-03:00:00,03,24,2002,03,1385.7
03.24.2002-06:00:00,03,24,2002,06,1389.2
03.24.2002-09:00:00,03,24,2002,09,1341.4
03.24.2002-12:00:00,03,24,2002,12,1289.5
03.24.2002-15:00:00,03,24,2002,15,1285.6
03.24.2002-18:00:00,03,24,2002,18,1314.1
03.24.2002-21:00:00,03,24,2002,21,1345
03.25.2002-00:00:00,03,25,2002,00,1361.8
03.25.2002-03:00:00,03,25,2002,03,1368
03.25.2002-06:00:00,03,25,2002,06,1371.4
03.25.2002-09:00:00,03,25,2002,09,1324.4
03.25.2002-12:00:00,03,25,2002,12,1272.8
03.25.2002-15:00:00,03,25,2002,15,1266.7
03.25.2002-18:00:00,03,25,2002,18,1294.9
03.25.2002-21:00:00,03,25,2002,21,1324.9
03.26.2002-00:00:00,03,26,2002,00,1343.3
03.26.2002-03:00:00,03,26,2002,03,1351.8
03.26.2002-06:00:00,03,26,2002,06,1355.6
03.26.2002-09:00:00,03,26,2002,09,1329.9
03.26.2002-12:00:00,03,26,2002,12,1300.6
03.26.2002-15:00:00,03,26,2002,15,1306.4
03.26.2002-18:00:00,03,26,2002,18,1329.1
03.26.2002-21:00:00,03,26,2002,21,1344.9
03.27.2002-00:00:00,03,27,2002,00,1351.1
03.27.2002-03:00:00,03,27,2002,03,1353.5
03.27.2002-06:00:00,03,27,2002,06,1354.3
03.27.2002-09:00:00,03,27,2002,09,1335.5
03.27.2002-12:00:00,03,27,2002,12,1313.5
03.27.2002-15:00:00,03,27,2002,15,1317.6
03.27.2002-18:00:00,03,27,2002,18,1334
03.27.2002-21:00:00,03,27,2002,21,1344.2
03.28.2002-00:00:00,03,28,2002,00,1347
03.28.2002-03:00:00,03,28,2002,03,1347.3
03.28.2002-06:00:00,03,28,2002,06,1339.6
03.28.2002-09:00:00,03,28,2002,09,1300.2
03.28.2002-12:00:00,03,28,2002,12,1260.9
03.28.2002-15:00:00,03,28,2002,15,1263.3
03.28.2002-18:00:00,03,28,2002,18,1291.9
03.28.2002-21:00:00,03,28,2002,21,1317.4
03.29.2002-00:00:00,03,29,2002,00,1327.9
03.29.2002-03:00:00,03,29,2002,03,1330.3
03.29.2002-06:00:00,03,29,2002,06,1331.3
03.29.2002-09:00:00,03,29,2002,09,1294
03.29.2002-12:00:00,03,29,2002,12,1258.2
03.29.2002-15:00:00,03,29,2002,15,1273.4
03.29.2002-18:00:00,03,29,2002,18,1305.2
03.29.2002-21:00:00,03,29,2002,21,1320.9
03.30.2002-00:00:00,03,30,2002,00,1324.1
03.30.2002-03:00:00,03,30,2002,03,1324.7
03.30.2002-06:00:00,03,30,2002,06,1312.9
03.30.2002-09:00:00,03,30,2002,09,1290.3
03.30.2002-12:00:00,03,30,2002,12,1288.2
03.30.2002-15:00:00,03,30,2002,15,1310.4
03.30.2002-18:00:00,03,30,2002,18,1332.8
03.30.2002-21:00:00,03,30,2002,21,1343.2
03.31.2002-00:00:00,03,31,2002,00,1339.8
03.31.2002-03:00:00,03,31,2002,03,1328.6
03.31.2002-06:00:00,03,31,2002,06,1309.9
03.31.2002-09:00:00,03,31,2002,09,1293.4
03.31.2002-12:00:00,03,31,2002,12,1308.6
03.31.2002-15:00:00,03,31,2002,15,1352.2
03.31.2002-18:00:00,03,31,2002,18,1385.9
03.31.2002-21:00:00,03,31,2002,21,1385
04.01.2002-00:00:00,04,01,2002,00,1366.1
04.01.2002-03:00:00,04,01,2002,03,1343.4
04.01.2002-06:00:00,04,01,2002,06,1318.9
04.01.2002-09:00:00,04,01,2002,09,1322.4
04.01.2002-12:00:00,04,01,2002,12,1380.4
04.01.2002-15:00:00,04,01,2002,15,1425.3
04.01.2002-18:00:00,04,01,2002,18,1430.3
04.01.2002-21:00:00,04,01,2002,21,1401.4
04.02.2002-00:00:00,04,02,2002,00,1352
04.02.2002-03:00:00,04,02,2002,03,1317.6
04.02.2002-06:00:00,04,02,2002,06,1305.1
04.02.2002-09:00:00,04,02,2002,09,1269.8
04.02.2002-12:00:00,04,02,2002,12,1238.3
04.02.2002-15:00:00,04,02,2002,15,1277.1
04.02.2002-18:00:00,04,02,2002,18,1324.8
04.02.2002-21:00:00,04,02,2002,21,1322.7
04.03.2002-00:00:00,04,03,2002,00,1304.4
04.03.2002-03:00:00,04,03,2002,03,1297.4
04.03.2002-06:00:00,04,03,2002,06,1296.1
04.03.2002-09:00:00,04,03,2002,09,1250.2
04.03.2002-12:00:00,04,03,2002,12,1205.2
04.03.2002-15:00:00,04,03,2002,15,1253.1
04.03.2002-18:00:00,04,03,2002,18,1342.8
04.03.2002-21:00:00,04,03,2002,21,1344.5
04.04.2002-00:00:00,04,04,2002,00,1304.4
04.04.2002-03:00:00,04,04,2002,03,1286
04.04.2002-06:00:00,04,04,2002,06,1280.7
04.04.2002-09:00:00,04,04,2002,09,1234
04.04.2002-12:00:00,04,04,2002,12,1256.9
04.04.2002-15:00:00,04,04,2002,15,1432.2
04.04.2002-18:00:00,04,04,2002,18,1547.6
04.04.2002-21:00:00,04,04,2002,21,1502.2
04.05.2002-00:00:00,04,05,2002,00,1387.5
04.05.2002-03:00:00,04,05,2002,03,1308.4
04.05.2002-06:00:00,04,05,2002,06,1280.6
04.05.2002-09:00:00,04,05,2002,09,1240.8
04.05.2002-12:00:00,04,05,2002,12,1355.4
04.05.2002-15:00:00,04,05,2002,15,1549.4
04.05.2002-18:00:00,04,05,2002,18,1610.5
04.05.2002-21:00:00,04,05,2002,21,1534.7
04.06.2002-00:00:00,04,06,2002,00,1433.9
04.06.2002-03:00:00,04,06,2002,03,1352.1
04.06.2002-06:00:00,04,06,2002,06,1296
04.06.2002-09:00:00,04,06,2002,09,1330.3
04.06.2002-12:00:00,04,06,2002,12,1519.7
04.06.2002-15:00:00,04,06,2002,15,1634.8
04.06.2002-18:00:00,04,06,2002,18,1625.8
04.06.2002-21:00:00,04,06,2002,21,1544.1
04.07.2002-00:00:00,04,07,2002,00,1457.5
04.07.2002-03:00:00,04,07,2002,03,1380
04.07.2002-06:00:00,04,07,2002,06,1320.8
04.07.2002-09:00:00,04,07,2002,09,1360
04.07.2002-12:00:00,04,07,2002,12,1522.7
04.07.2002-15:00:00,04,07,2002,15,1612.3
04.07.2002-18:00:00,04,07,2002,18,1605.2
04.07.2002-21:00:00,04,07,2002,21,1522.7
04.08.2002-00:00:00,04,08,2002,00,1411
04.08.2002-03:00:00,04,08,2002,03,1340.7
04.08.2002-06:00:00,04,08,2002,06,1315.9
04.08.2002-09:00:00,04,08,2002,09,1256.4
04.08.2002-12:00:00,04,08,2002,12,1372
04.08.2002-15:00:00,04,08,2002,15,1569
04.08.2002-18:00:00,04,08,2002,18,1646.7
04.08.2002-21:00:00,04,08,2002,21,1562.6
04.09.2002-00:00:00,04,09,2002,00,1445.8
04.09.2002-03:00:00,04,09,2002,03,1363.2
04.09.2002-06:00:00,04,09,2002,06,1323.3
04.09.2002-09:00:00,04,09,2002,09,1330.6
04.09.2002-12:00:00,04,09,2002,12,1495
04.09.2002-15:00:00,04,09,2002,15,1633.6
04.09.2002-18:00:00,04,09,2002,18,1639.5
04.09.2002-21:00:00,04,09,2002,21,1555.6
04.10.2002-00:00:00,04,10,2002,00,1438.2
04.10.2002-03:00:00,04,10,2002,03,1363.8
04.10.2002-06:00:00,04,10,2002,06,1326.7
04.10.2002-09:00:00,04,10,2002,09,1261.4
04.10.2002-12:00:00,04,10,2002,12,1260.7
04.10.2002-15:00:00,04,10,2002,15,1504.1
04.10.2002-18:00:00,04,10,2002,18,1687.4
04.10.2002-21:00:00,04,10,2002,21,1663.7
04.11.2002-00:00:00,04,11,2002,00,1567.4
04.11.2002-03:00:00,04,11,2002,03,1485
04.11.2002-06:00:00,04,11,2002,06,1416.5
04.11.2002-09:00:00,04,11,2002,09,1531.3
04.11.2002-12:00:00,04,11,2002,12,1824.3
04.11.2002-15:00:00,04,11,2002,15,1971.6
04.11.2002-18:00:00,04,11,2002,18,1937.3
04.11.2002-21:00:00,04,11,2002,21,1820.6
04.12.2002-00:00:00,04,12,2002,00,1683.6
04.12.2002-03:00:00,04,12,2002,03,1544.3
04.12.2002-06:00:00,04,12,2002,06,1436.7
04.12.2002-09:00:00,04,12,2002,09,1564.7
04.12.2002-12:00:00,04,12,2002,12,2005.2
04.12.2002-15:00:00,04,12,2002,15,2138
04.12.2002-18:00:00,04,12,2002,18,2096.3
04.12.2002-21:00:00,04,12,2002,21,1959.3
04.13.2002-00:00:00,04,13,2002,00,1774.4
04.13.2002-03:00:00,04,13,2002,03,1583.9
04.13.2002-06:00:00,04,13,2002,06,1523.5
04.13.2002-09:00:00,04,13,2002,09,1755
04.13.2002-12:00:00,04,13,2002,12,2336.7
04.13.2002-15:00:00,04,13,2002,15,2571.9
04.13.2002-18:00:00,04,13,2002,18,2547.6
04.13.2002-21:00:00,04,13,2002,21,2434.2
04.14.2002-00:00:00,04,14,2002,00,2128.8
04.14.2002-03:00:00,04,14,2002,03,1793.3
04.14.2002-06:00:00,04,14,2002,06,1707.4
04.14.2002-09:00:00,04,14,2002,09,2140.9
04.14.2002-12:00:00,04,14,2002,12,2922.1
04.14.2002-15:00:00,04,14,2002,15,3237
04.14.2002-18:00:00,04,14,2002,18,3209.2
04.14.2002-21:00:00,04,14,2002,21,2892.6
04.15.2002-00:00:00,04,15,2002,00,2301.2
04.15.2002-03:00:00,04,15,2002,03,1886.9
04.15.2002-06:00:00,04,15,2002,06,1735.4
04.15.2002-09:00:00,04,15,2002,09,1657.5
04.15.2002-12:00:00,04,15,2002,12,1664.6
04.15.2002-15:00:00,04,15,2002,15,1831.3
04.15.2002-18:00:00,04,15,2002,18,1949.9
04.15.2002-21:00:00,04,15,2002,21,1896.1
04.16.2002-00:00:00,04,16,2002,00,1787.4
04.16.2002-03:00:00,04,16,2002,03,1727.9
04.16.2002-06:00:00,04,16,2002,06,1701
04.16.2002-09:00:00,04,16,2002,09,1639
04.16.2002-12:00:00,04,16,2002,12,1645.1
04.16.2002-15:00:00,04,16,2002,15,1863.6
04.16.2002-18:00:00,04,16,2002,18,2010.6
04.16.2002-21:00:00,04,16,2002,21,1920.5
04.17.2002-00:00:00,04,17,2002,00,1799.1
04.17.2002-03:00:00,04,17,2002,03,1743.6
04.17.2002-06:00:00,04,17,2002,06,1715.2
04.17.2002-09:00:00,04,17,2002,09,1609.5
04.17.2002-12:00:00,04,17,2002,12,1567.9
04.17.2002-15:00:00,04,17,2002,15,1824.4
04.17.2002-18:00:00,04,17,2002,18,2077.3
04.17.2002-21:00:00,04,17,2002,21,2001.8
04.18.2002-00:00:00,04,18,2002,00,1839.7
04.18.2002-03:00:00,04,18,2002,03,1759.6
04.18.2002-06:00:00,04,18,2002,06,1725.3
04.18.2002-09:00:00,04,18,2002,09,1589.6
04.18.2002-12:00:00,04,18,2002,12,1496.1
04.18.2002-15:00:00,04,18,2002,15,1739.5
04.18.2002-18:00:00,04,18,2002,18,2074
04.18.2002-21:00:00,04,18,2002,21,2030.7
04.19.2002-00:00:00,04,19,2002,00,1855.5
04.19.2002-03:00:00,04,19,2002,03,1761.3
04.19.2002-06:00:00,04,19,2002,06,1713.9
04.19.2002-09:00:00,04,19,2002,09,1585.2
04.19.2002-12:00:00,04,19,2002,12,2014.8
04.19.2002-15:00:00,04,19,2002,15,2583.8
04.19.2002-18:00:00,04,19,2002,18,2752.5
04.19.2002-21:00:00,04,19,2002,21,2552.9
04.20.2002-00:00:00,04,20,2002,00,2283.2
04.20.2002-03:00:00,04,20,2002,03,2079.5
04.20.2002-06:00:00,04,20,2002,06,1918.4
04.20.2002-09:00:00,04,20,2002,09,2191.1
04.20.2002-12:00:00,04,20,2002,12,3242.7
04.20.2002-15:00:00,04,20,2002,15,3710.8
04.20.2002-18:00:00,04,20,2002,18,3643.8
04.20.2002-21:00:00,04,20,2002,21,3280.9
04.21.2002-00:00:00,04,21,2002,00,2982.5
04.21.2002-03:00:00,04,21,2002,03,2794.3
04.21.2002-06:00:00,04,21,2002,06,2678.2
04.21.2002-09:00:00,04,21,2002,09,3160.6
04.21.2002-12:00:00,04,21,2002,12,3968.5
04.21.2002-15:00:00,04,21,2002,15,4300
04.21.2002-18:00:00,04,21,2002,18,4127.8
04.21.2002-21:00:00,04,21,2002,21,3796.8
04.22.2002-00:00:00,04,22,2002,00,3406.6
04.22.2002-03:00:00,04,22,2002,03,3084.1
04.22.2002-06:00:00,04,22,2002,06,2950
04.22.2002-09:00:00,04,22,2002,09,4057.6
04.22.2002-12:00:00,04,22,2002,12,5227.1
04.22.2002-15:00:00,04,22,2002,15,5162.5
04.22.2002-18:00:00,04,22,2002,18,4541.7
04.22.2002-21:00:00,04,22,2002,21,3978.8
04.23.2002-00:00:00,04,23,2002,00,3317.2
04.23.2002-03:00:00,04,23,2002,03,2817.6
04.23.2002-06:00:00,04,23,2002,06,2571.8
04.23.2002-09:00:00,04,23,2002,09,2368.1
04.23.2002-12:00:00,04,23,2002,12,2247.8
04.23.2002-15:00:00,04,23,2002,15,2430.4
04.23.2002-18:00:00,04,23,2002,18,2549.5
04.23.2002-21:00:00,04,23,2002,21,2531.6
04.24.2002-00:00:00,04,24,2002,00,2482.2
04.24.2002-03:00:00,04,24,2002,03,2449.9
04.24.2002-06:00:00,04,24,2002,06,2434.9
04.24.2002-09:00:00,04,24,2002,09,2243.9
04.24.2002-12:00:00,04,24,2002,12,2065.7
04.24.2002-15:00:00,04,24,2002,15,2077.5
04.24.2002-18:00:00,04,24,2002,18,2211.3
04.24.2002-21:00:00,04,24,2002,21,2308.1
04.25.2002-00:00:00,04,25,2002,00,2352.2
04.25.2002-03:00:00,04,25,2002,03,2367.3
04.25.2002-06:00:00,04,25,2002,06,2320.8
04.25.2002-09:00:00,04,25,2002,09,2192.9
04.25.2002-12:00:00,04,25,2002,12,2357
04.25.2002-15:00:00,04,25,2002,15,2770.8
04.25.2002-18:00:00,04,25,2002,18,3142.4
04.25.2002-21:00:00,04,25,2002,21,3182.2
04.26.2002-00:00:00,04,26,2002,00,2913
04.26.2002-03:00:00,04,26,2002,03,2641.7
04.26.2002-06:00:00,04,26,2002,06,2455.9
04.26.2002-09:00:00,04,26,2002,09,2238.5
04.26.2002-12:00:00,04,26,2002,12,2574.9
04.26.2002-15:00:00,04,26,2002,15,3190.8
04.26.2002-18:00:00,04,26,2002,18,3529.3
04.26.2002-21:00:00,04,26,2002,21,3461.6
04.27.2002-00:00:00,04,27,2002,00,3239.8
04.27.2002-03:00:00,04,27,2002,03,3013.1
04.27.2002-06:00:00,04,27,2002,06,2835.4
04.27.2002-09:00:00,04,27,2002,09,3333.3
04.27.2002-12:00:00,04,27,2002,12,5194.8
04.27.2002-15:00:00,04,27,2002,15,5519.9
04.27.2002-18:00:00,04,27,2002,18,5007.1
04.27.2002-21:00:00,04,27,2002,21,4414.8
04.28.2002-00:00:00,04,28,2002,00,3830.2
04.28.2002-03:00:00,04,28,2002,03,3313.2
04.28.2002-06:00:00,04,28,2002,06,2898.1
04.28.2002-09:00:00,04,28,2002,09,3280.3
04.28.2002-12:00:00,04,28,2002,12,5881.6
04.28.2002-15:00:00,04,28,2002,15,6446.3
04.28.2002-18:00:00,04,28,2002,18,5927.7
04.28.2002-21:00:00,04,28,2002,21,5041.8
04.29.2002-00:00:00,04,29,2002,00,4258.4
04.29.2002-03:00:00,04,29,2002,03,3651.3
04.29.2002-06:00:00,04,29,2002,06,3195
04.29.2002-09:00:00,04,29,2002,09,4217.6
04.29.2002-12:00:00,04,29,2002,12,7510.9
04.29.2002-15:00:00,04,29,2002,15,8421
04.29.2002-18:00:00,04,29,2002,18,7684.9
04.29.2002-21:00:00,04,29,2002,21,6451.8
04.30.2002-00:00:00,04,30,2002,00,5557.2
04.30.2002-03:00:00,04,30,2002,03,4999.7
04.30.2002-06:00:00,04,30,2002,06,5113.4
04.30.2002-09:00:00,04,30,2002,09,8134.1
04.30.2002-12:00:00,04,30,2002,12,11469
04.30.2002-15:00:00,04,30,2002,15,12125
04.30.2002-18:00:00,04,30,2002,18,10605
04.30.2002-21:00:00,04,30,2002,21,8800.2
05.01.2002-00:00:00,05,01,2002,00,7269.4
05.01.2002-03:00:00,05,01,2002,03,6015.3
05.01.2002-06:00:00,05,01,2002,06,5096.3
05.01.2002-09:00:00,05,01,2002,09,7774.8
05.01.2002-12:00:00,05,01,2002,12,11885
05.01.2002-15:00:00,05,01,2002,15,12822
05.01.2002-18:00:00,05,01,2002,18,11186
05.01.2002-21:00:00,05,01,2002,21,9069.3
05.02.2002-00:00:00,05,02,2002,00,7674.6
05.02.2002-03:00:00,05,02,2002,03,6692.5
05.02.2002-06:00:00,05,02,2002,06,6431.7
05.02.2002-09:00:00,05,02,2002,09,10063
05.02.2002-12:00:00,05,02,2002,12,14416
05.02.2002-15:00:00,05,02,2002,15,15055
05.02.2002-18:00:00,05,02,2002,18,12802
05.02.2002-21:00:00,05,02,2002,21,10428
05.03.2002-00:00:00,05,03,2002,00,8555
05.03.2002-03:00:00,05,03,2002,03,7100.9
05.03.2002-06:00:00,05,03,2002,06,5989.9
05.03.2002-09:00:00,05,03,2002,09,6274.9
05.03.2002-12:00:00,05,03,2002,12,9846.8
05.03.2002-15:00:00,05,03,2002,15,10698
05.03.2002-18:00:00,05,03,2002,18,9454
05.03.2002-21:00:00,05,03,2002,21,7839.2
05.04.2002-00:00:00,05,04,2002,00,6635.2
05.04.2002-03:00:00,05,04,2002,03,5907.1
05.04.2002-06:00:00,05,04,2002,06,5479.1
05.04.2002-09:00:00,05,04,2002,09,5057.3
05.04.2002-12:00:00,05,04,2002,12,5422.9
05.04.2002-15:00:00,05,04,2002,15,6305.4
05.04.2002-18:00:00,05,04,2002,18,6568.3
05.04.2002-21:00:00,05,04,2002,21,6255
05.05.2002-00:00:00,05,05,2002,00,5809.8
05.05.2002-03:00:00,05,05,2002,03,5473
05.05.2002-06:00:00,05,05,2002,06,5177.5
05.05.2002-09:00:00,05,05,2002,09,5190.1
05.05.2002-12:00:00,05,05,2002,12,7123.5
05.05.2002-15:00:00,05,05,2002,15,8286.9
05.05.2002-18:00:00,05,05,2002,18,7965.1
05.05.2002-21:00:00,05,05,2002,21,7058.2
05.06.2002-00:00:00,05,06,2002,00,6250.8
05.06.2002-03:00:00,05,06,2002,03,5735
05.06.2002-06:00:00,05,06,2002,06,5433.7
05.06.2002-09:00:00,05,06,2002,09,5082.6
05.06.2002-12:00:00,05,06,2002,12,5026.7
05.06.2002-15:00:00,05,06,2002,15,5464.1
05.06.2002-18:00:00,05,06,2002,18,5789.4
05.06.2002-21:00:00,05,06,2002,21,5689.8
05.07.2002-00:00:00,05,07,2002,00,5455.2
05.07.2002-03:00:00,05,07,2002,03,5270.8
05.07.2002-06:00:00,05,07,2002,06,5083
05.07.2002-09:00:00,05,07,2002,09,4820.6
05.07.2002-12:00:00,05,07,2002,12,5743.3
05.07.2002-15:00:00,05,07,2002,15,6667.5
05.07.2002-18:00:00,05,07,2002,18,6683.3
05.07.2002-21:00:00,05,07,2002,21,6194
05.08.2002-00:00:00,05,08,2002,00,5700.9
05.08.2002-03:00:00,05,08,2002,03,5396.3
05.08.2002-06:00:00,05,08,2002,06,5182.8
05.08.2002-09:00:00,05,08,2002,09,4798
05.08.2002-12:00:00,05,08,2002,12,6106.4
05.08.2002-15:00:00,05,08,2002,15,7101.3
05.08.2002-18:00:00,05,08,2002,18,7078
05.08.2002-21:00:00,05,08,2002,21,6310.1
05.09.2002-00:00:00,05,09,2002,00,5669.4
05.09.2002-03:00:00,05,09,2002,03,5348.5
05.09.2002-06:00:00,05,09,2002,06,5108.6
05.09.2002-09:00:00,05,09,2002,09,4645.8
05.09.2002-12:00:00,05,09,2002,12,4343.5
05.09.2002-15:00:00,05,09,2002,15,4701
05.09.2002-18:00:00,05,09,2002,18,5325.3
05.09.2002-21:00:00,05,09,2002,21,5416.8
05.10.2002-00:00:00,05,10,2002,00,5222.1
05.10.2002-03:00:00,05,10,2002,03,5086.5
05.10.2002-06:00:00,05,10,2002,06,4869.9
05.10.2002-09:00:00,05,10,2002,09,4384.8
05.10.2002-12:00:00,05,10,2002,12,4852.8
05.10.2002-15:00:00,05,10,2002,15,6184.9
05.10.2002-18:00:00,05,10,2002,18,6672.2
05.10.2002-21:00:00,05,10,2002,21,6340.8
05.11.2002-00:00:00,05,11,2002,00,5887.3
05.11.2002-03:00:00,05,11,2002,03,5558.8
05.11.2002-06:00:00,05,11,2002,06,5254.8
05.11.2002-09:00:00,05,11,2002,09,7364.6
05.11.2002-12:00:00,05,11,2002,12,12107
05.11.2002-15:00:00,05,11,2002,15,13925
05.11.2002-18:00:00,05,11,2002,18,12173
05.11.2002-21:00:00,05,11,2002,21,9739
05.12.2002-00:00:00,05,12,2002,00,8056.5
05.12.2002-03:00:00,05,12,2002,03,6959
05.12.2002-06:00:00,05,12,2002,06,6154.7
05.12.2002-09:00:00,05,12,2002,09,9552.3
05.12.2002-12:00:00,05,12,2002,12,15591
05.12.2002-15:00:00,05,12,2002,15,16846
05.12.2002-18:00:00,05,12,2002,18,14105
05.12.2002-21:00:00,05,12,2002,21,10855
05.13.2002-00:00:00,05,13,2002,00,8868.5
05.13.2002-03:00:00,05,13,2002,03,7697.6
05.13.2002-06:00:00,05,13,2002,06,7011.2
05.13.2002-09:00:00,05,13,2002,09,11400
05.13.2002-12:00:00,05,13,2002,12,17889
05.13.2002-15:00:00,05,13,2002,15,18996
05.13.2002-18:00:00,05,13,2002,18,15859
05.13.2002-21:00:00,05,13,2002,21,12334
05.14.2002-00:00:00,05,14,2002,00,10150
05.14.2002-03:00:00,05,14,2002,03,8781.1
05.14.2002-06:00:00,05,14,2002,06,7928.3
05.14.2002-09:00:00,05,14,2002,09,10520
05.14.2002-12:00:00,05,14,2002,12,14536
05.14.2002-15:00:00,05,14,2002,15,15404
05.14.2002-18:00:00,05,14,2002,18,13279
05.14.2002-21:00:00,05,14,2002,21,10790
05.15.2002-00:00:00,05,15,2002,00,9095.3
05.15.2002-03:00:00,05,15,2002,03,8126.8
05.15.2002-06:00:00,05,15,2002,06,7428.4
05.15.2002-09:00:00,05,15,2002,09,8771.6
05.15.2002-12:00:00,05,15,2002,12,14052
05.15.2002-15:00:00,05,15,2002,15,15497
05.15.2002-18:00:00,05,15,2002,18,13617
05.15.2002-21:00:00,05,15,2002,21,10936
05.16.2002-00:00:00,05,16,2002,00,9161.8
05.16.2002-03:00:00,05,16,2002,03,8297.8
05.16.2002-06:00:00,05,16,2002,06,7619.3
05.16.2002-09:00:00,05,16,2002,09,8649.4
05.16.2002-12:00:00,05,16,2002,12,14517
05.16.2002-15:00:00,05,16,2002,15,16802
05.16.2002-18:00:00,05,16,2002,18,14974
05.16.2002-21:00:00,05,16,2002,21,12072
05.17.2002-00:00:00,05,17,2002,00,10221
05.17.2002-03:00:00,05,17,2002,03,9348.6
05.17.2002-06:00:00,05,17,2002,06,9292.1
05.17.2002-09:00:00,05,17,2002,09,14387
05.17.2002-12:00:00,05,17,2002,12,20197
05.17.2002-15:00:00,05,17,2002,15,21387
05.17.2002-18:00:00,05,17,2002,18,18587
05.17.2002-21:00:00,05,17,2002,21,15034
05.18.2002-00:00:00,05,18,2002,00,12400
05.18.2002-03:00:00,05,18,2002,03,10847
05.18.2002-06:00:00,05,18,2002,06,10128
05.18.2002-09:00:00,05,18,2002,09,14633
05.18.2002-12:00:00,05,18,2002,12,20719
05.18.2002-15:00:00,05,18,2002,15,22229
05.18.2002-18:00:00,05,18,2002,18,19230
05.18.2002-21:00:00,05,18,2002,21,15540
05.19.2002-00:00:00,05,19,2002,00,13236
05.19.2002-03:00:00,05,19,2002,03,12096
05.19.2002-06:00:00,05,19,2002,06,12085
05.19.2002-09:00:00,05,19,2002,09,17664
05.19.2002-12:00:00,05,19,2002,12,24397
05.19.2002-15:00:00,05,19,2002,15,26333
05.19.2002-18:00:00,05,19,2002,18,23587
05.19.2002-21:00:00,05,19,2002,21,19711
05.20.2002-00:00:00,05,20,2002,00,19076
05.20.2002-03:00:00,05,20,2002,03,20460
05.20.2002-06:00:00,05,20,2002,06,24238
05.20.2002-09:00:00,05,20,2002,09,31349
05.20.2002-12:00:00,05,20,2002,12,38351
05.20.2002-15:00:00,05,20,2002,15,41183
05.20.2002-18:00:00,05,20,2002,18,39884
05.20.2002-21:00:00,05,20,2002,21,37105
05.21.2002-00:00:00,05,21,2002,00,34242
05.21.2002-03:00:00,05,21,2002,03,32243
05.21.2002-06:00:00,05,21,2002,06,31475
05.21.2002-09:00:00,05,21,2002,09,33221
05.21.2002-12:00:00,05,21,2002,12,35582
05.21.2002-15:00:00,05,21,2002,15,37009
05.21.2002-18:00:00,05,21,2002,18,36520
05.21.2002-21:00:00,05,21,2002,21,35118
05.22.2002-00:00:00,05,22,2002,00,32810
05.22.2002-03:00:00,05,22,2002,03,30498
05.22.2002-06:00:00,05,22,2002,06,29214
05.22.2002-09:00:00,05,22,2002,09,29678
05.22.2002-12:00:00,05,22,2002,12,30434
05.22.2002-15:00:00,05,22,2002,15,31144
05.22.2002-18:00:00,05,22,2002,18,30438
05.22.2002-21:00:00,05,22,2002,21,29329
05.23.2002-00:00:00,05,23,2002,00,27192
05.23.2002-03:00:00,05,23,2002,03,24939
05.23.2002-06:00:00,05,23,2002,06,24681
05.23.2002-09:00:00,05,23,2002,09,30853
05.23.2002-12:00:00,05,23,2002,12,39034
05.23.2002-15:00:00,05,23,2002,15,42282
05.23.2002-18:00:00,05,23,2002,18,39454
05.23.2002-21:00:00,05,23,2002,21,35090
05.24.2002-00:00:00,05,24,2002,00,31126
05.24.2002-03:00:00,05,24,2002,03,28422
05.24.2002-06:00:00,05,24,2002,06,26282
05.24.2002-09:00:00,05,24,2002,09,28403
05.24.2002-12:00:00,05,24,2002,12,35967
05.24.2002-15:00:00,05,24,2002,15,40777
05.24.2002-18:00:00,05,24,2002,18,38869
05.24.2002-21:00:00,05,24,2002,21,34839
05.25.2002-00:00:00,05,25,2002,00,31491
05.25.2002-03:00:00,05,25,2002,03,29303
05.25.2002-06:00:00,05,25,2002,06,28450
05.25.2002-09:00:00,05,25,2002,09,34667
05.25.2002-12:00:00,05,25,2002,12,43851
05.25.2002-15:00:00,05,25,2002,15,48617
05.25.2002-18:00:00,05,25,2002,18,46722
05.25.2002-21:00:00,05,25,2002,21,42279
05.26.2002-00:00:00,05,26,2002,00,37939
05.26.2002-03:00:00,05,26,2002,03,34604
05.26.2002-06:00:00,05,26,2002,06,32604
05.26.2002-09:00:00,05,26,2002,09,38480
05.26.2002-12:00:00,05,26,2002,12,48741
05.26.2002-15:00:00,05,26,2002,15,53933
05.26.2002-18:00:00,05,26,2002,18,51919
05.26.2002-21:00:00,05,26,2002,21,46859
05.27.2002-00:00:00,05,27,2002,00,42123
05.27.2002-03:00:00,05,27,2002,03,38588
05.27.2002-06:00:00,05,27,2002,06,36899
05.27.2002-09:00:00,05,27,2002,09,43463
05.27.2002-12:00:00,05,27,2002,12,54745
05.27.2002-15:00:00,05,27,2002,15,61426
05.27.2002-18:00:00,05,27,2002,18,60435
05.27.2002-21:00:00,05,27,2002,21,55479
05.28.2002-00:00:00,05,28,2002,00,50891
05.28.2002-03:00:00,05,28,2002,03,48032
05.28.2002-06:00:00,05,28,2002,06,49497
05.28.2002-09:00:00,05,28,2002,09,57621
05.28.2002-12:00:00,05,28,2002,12,67833
05.28.2002-15:00:00,05,28,2002,15,74699
05.28.2002-18:00:00,05,28,2002,18,74835
05.28.2002-21:00:00,05,28,2002,21,71824
05.29.2002-00:00:00,05,29,2002,00,66296
05.29.2002-03:00:00,05,29,2002,03,61583
05.29.2002-06:00:00,05,29,2002,06,59468
05.29.2002-09:00:00,05,29,2002,09,64436
05.29.2002-12:00:00,05,29,2002,12,73030
05.29.2002-15:00:00,05,29,2002,15,78954
05.29.2002-18:00:00,05,29,2002,18,78697
05.29.2002-21:00:00,05,29,2002,21,74723
05.30.2002-00:00:00,05,30,2002,00,69018
05.30.2002-03:00:00,05,30,2002,03,64109
05.30.2002-06:00:00,05,30,2002,06,60478
05.30.2002-09:00:00,05,30,2002,09,64399
05.30.2002-12:00:00,05,30,2002,12,73864
05.30.2002-15:00:00,05,30,2002,15,80990
05.30.2002-18:00:00,05,30,2002,18,81464
05.30.2002-21:00:00,05,30,2002,21,77733
05.31.2002-00:00:00,05,31,2002,00,72244
05.31.2002-03:00:00,05,31,2002,03,67527
05.31.2002-06:00:00,05,31,2002,06,64134
05.31.2002-09:00:00,05,31,2002,09,66780
05.31.2002-12:00:00,05,31,2002,12,73209
05.31.2002-15:00:00,05,31,2002,15,78450
05.31.2002-18:00:00,05,31,2002,18,78698
05.31.2002-21:00:00,05,31,2002,21,75316
06.01.2002-00:00:00,06,01,2002,00,70727
06.01.2002-03:00:00,06,01,2002,03,66163
06.01.2002-06:00:00,06,01,2002,06,63221
06.01.2002-09:00:00,06,01,2002,09,67044
06.01.2002-12:00:00,06,01,2002,12,75579
06.01.2002-15:00:00,06,01,2002,15,82442
06.01.2002-18:00:00,06,01,2002,18,83144
06.01.2002-21:00:00,06,01,2002,21,79534
06.02.2002-00:00:00,06,02,2002,00,74943
06.02.2002-03:00:00,06,02,2002,03,70635
06.02.2002-06:00:00,06,02,2002,06,69466
06.02.2002-09:00:00,06,02,2002,09,73811
06.02.2002-12:00:00,06,02,2002,12,82464
06.02.2002-15:00:00,06,02,2002,15,88470
06.02.2002-18:00:00,06,02,2002,18,89229
06.02.2002-21:00:00,06,02,2002,21,85652
06.03.2002-00:00:00,06,03,2002,00,80636
06.03.2002-03:00:00,06,03,2002,03,76458
06.03.2002-06:00:00,06,03,2002,06,73802
06.03.2002-09:00:00,06,03,2002,09,76725
06.03.2002-12:00:00,06,03,2002,12,84115
06.03.2002-15:00:00,06,03,2002,15,89833
06.03.2002-18:00:00,06,03,2002,18,90128
06.03.2002-21:00:00,06,03,2002,21,86167
06.04.2002-00:00:00,06,04,2002,00,81145
06.04.2002-03:00:00,06,04,2002,03,77578
06.04.2002-06:00:00,06,04,2002,06,77038
06.04.2002-09:00:00,06,04,2002,09,81712
06.04.2002-12:00:00,06,04,2002,12,89378
06.04.2002-15:00:00,06,04,2002,15,95116
06.04.2002-18:00:00,06,04,2002,18,96772
06.04.2002-21:00:00,06,04,2002,21,94048
06.05.2002-00:00:00,06,05,2002,00,89994
06.05.2002-03:00:00,06,05,2002,03,85569
06.05.2002-06:00:00,06,05,2002,06,84292
06.05.2002-09:00:00,06,05,2002,09,88067
06.05.2002-12:00:00,06,05,2002,12,94988
06.05.2002-15:00:00,06,05,2002,15,1.001e+05
06.05.2002-18:00:00,06,05,2002,18,1.0084e+05
06.05.2002-21:00:00,06,05,2002,21,97306
06.06.2002-00:00:00,06,06,2002,00,92201
06.06.2002-03:00:00,06,06,2002,03,87662
06.06.2002-06:00:00,06,06,2002,06,84450
06.06.2002-09:00:00,06,06,2002,09,84802
06.06.2002-12:00:00,06,06,2002,12,86854
06.06.2002-15:00:00,06,06,2002,15,88263
06.06.2002-18:00:00,06,06,2002,18,86678
06.06.2002-21:00:00,06,06,2002,21,82900
06.07.2002-00:00:00,06,07,2002,00,77810
06.07.2002-03:00:00,06,07,2002,03,73193
06.07.2002-06:00:00,06,07,2002,06,68520
06.07.2002-09:00:00,06,07,2002,09,66112
06.07.2002-12:00:00,06,07,2002,12,66638
06.07.2002-15:00:00,06,07,2002,15,67472
06.07.2002-18:00:00,06,07,2002,18,66116
06.07.2002-21:00:00,06,07,2002,21,63112
06.08.2002-00:00:00,06,08,2002,00,59354
06.08.2002-03:00:00,06,08,2002,03,56561
06.08.2002-06:00:00,06,08,2002,06,54486
06.08.2002-09:00:00,06,08,2002,09,52018
06.08.2002-12:00:00,06,08,2002,12,50049
06.08.2002-15:00:00,06,08,2002,15,49529
06.08.2002-18:00:00,06,08,2002,18,48717
06.08.2002-21:00:00,06,08,2002,21,47449
06.09.2002-00:00:00,06,09,2002,00,46003
06.09.2002-03:00:00,06,09,2002,03,44509
06.09.2002-06:00:00,06,09,2002,06,42942
06.09.2002-09:00:00,06,09,2002,09,45151
06.09.2002-12:00:00,06,09,2002,12,51481
06.09.2002-15:00:00,06,09,2002,15,57011
06.09.2002-18:00:00,06,09,2002,18,58845
06.09.2002-21:00:00,06,09,2002,21,57225
06.10.2002-00:00:00,06,10,2002,00,54648
06.10.2002-03:00:00,06,10,2002,03,52354
06.10.2002-06:00:00,06,10,2002,06,51240
06.10.2002-09:00:00,06,10,2002,09,53966
06.10.2002-12:00:00,06,10,2002,12,60054
06.10.2002-15:00:00,06,10,2002,15,65291
06.10.2002-18:00:00,06,10,2002,18,67072
06.10.2002-21:00:00,06,10,2002,21,65392
06.11.2002-00:00:00,06,11,2002,00,62752
06.11.2002-03:00:00,06,11,2002,03,60547
06.11.2002-06:00:00,06,11,2002,06,59081
06.11.2002-09:00:00,06,11,2002,09,60827
06.11.2002-12:00:00,06,11,2002,12,65407
06.11.2002-15:00:00,06,11,2002,15,69986
06.11.2002-18:00:00,06,11,2002,18,71443
06.11.2002-21:00:00,06,11,2002,21,69629
06.12.2002-00:00:00,06,12,2002,00,66603
06.12.2002-03:00:00,06,12,2002,03,63387
06.12.2002-06:00:00,06,12,2002,06,60560
06.12.2002-09:00:00,06,12,2002,09,60856
06.12.2002-12:00:00,06,12,2002,12,64364
06.12.2002-15:00:00,06,12,2002,15,68315
06.12.2002-18:00:00,06,12,2002,18,69858
06.12.2002-21:00:00,06,12,2002,21,68768
06.13.2002-00:00:00,06,13,2002,00,66492
06.13.2002-03:00:00,06,13,2002,03,64235
06.13.2002-06:00:00,06,13,2002,06,62307
06.13.2002-09:00:00,06,13,2002,09,62646
06.13.2002-12:00:00,06,13,2002,12,65636
06.13.2002-15:00:00,06,13,2002,15,68611
06.13.2002-18:00:00,06,13,2002,18,69699
06.13.2002-21:00:00,06,13,2002,21,68788
06.14.2002-00:00:00,06,14,2002,00,66788
06.14.2002-03:00:00,06,14,2002,03,64668
06.14.2002-06:00:00,06,14,2002,06,62427
06.14.2002-09:00:00,06,14,2002,09,62302
06.14.2002-12:00:00,06,14,2002,12,64247
06.14.2002-15:00:00,06,14,2002,15,66699
06.14.2002-18:00:00,06,14,2002,18,67919
06.14.2002-21:00:00,06,14,2002,21,67837
06.15.2002-00:00:00,06,15,2002,00,66924
06.15.2002-03:00:00,06,15,2002,03,65774
06.15.2002-06:00:00,06,15,2002,06,64251
06.15.2002-09:00:00,06,15,2002,09,63676
06.15.2002-12:00:00,06,15,2002,12,64616
06.15.2002-15:00:00,06,15,2002,15,66398
06.15.2002-18:00:00,06,15,2002,18,67662
06.15.2002-21:00:00,06,15,2002,21,68322
06.16.2002-00:00:00,06,16,2002,00,68298
06.16.2002-03:00:00,06,16,2002,03,67475
06.16.2002-06:00:00,06,16,2002,06,65611
06.16.2002-09:00:00,06,16,2002,09,64005
06.16.2002-12:00:00,06,16,2002,12,63508
06.16.2002-15:00:00,06,16,2002,15,63918
06.16.2002-18:00:00,06,16,2002,18,64553
06.16.2002-21:00:00,06,16,2002,21,64853
06.17.2002-00:00:00,06,17,2002,00,64693
06.17.2002-03:00:00,06,17,2002,03,63877
06.17.2002-06:00:00,06,17,2002,06,62673
06.17.2002-09:00:00,06,17,2002,09,61258
06.17.2002-12:00:00,06,17,2002,12,60133
06.17.2002-15:00:00,06,17,2002,15,59461
06.17.2002-18:00:00,06,17,2002,18,59261
06.17.2002-21:00:00,06,17,2002,21,59066
06.18.2002-00:00:00,06,18,2002,00,58618
06.18.2002-03:00:00,06,18,2002,03,57532
06.18.2002-06:00:00,06,18,2002,06,55604
06.18.2002-09:00:00,06,18,2002,09,53327
06.18.2002-12:00:00,06,18,2002,12,51314
06.18.2002-15:00:00,06,18,2002,15,50209
06.18.2002-18:00:00,06,18,2002,18,49736
06.18.2002-21:00:00,06,18,2002,21,49651
06.19.2002-00:00:00,06,19,2002,00,49523
06.19.2002-03:00:00,06,19,2002,03,48844
06.19.2002-06:00:00,06,19,2002,06,46807
06.19.2002-09:00:00,06,19,2002,09,43895
06.19.2002-12:00:00,06,19,2002,12,41274
06.19.2002-15:00:00,06,19,2002,15,40125
06.19.2002-18:00:00,06,19,2002,18,40170
06.19.2002-21:00:00,06,19,2002,21,40928
06.20.2002-00:00:00,06,20,2002,00,41662
06.20.2002-03:00:00,06,20,2002,03,41839
06.20.2002-06:00:00,06,20,2002,06,40551
06.20.2002-09:00:00,06,20,2002,09,38108
06.20.2002-12:00:00,06,20,2002,12,36014
06.20.2002-15:00:00,06,20,2002,15,35179
06.20.2002-18:00:00,06,20,2002,18,35503
06.20.2002-21:00:00,06,20,2002,21,36449
06.21.2002-00:00:00,06,21,2002,00,37360
06.21.2002-03:00:00,06,21,2002,03,37678
06.21.2002-06:00:00,06,21,2002,06,36543
06.21.2002-09:00:00,06,21,2002,09,34319
06.21.2002-12:00:00,06,21,2002,12,32404
06.21.2002-15:00:00,06,21,2002,15,31697
06.21.2002-18:00:00,06,21,2002,18,32102
06.21.2002-21:00:00,06,21,2002,21,33164
06.22.2002-00:00:00,06,22,2002,00,34185
06.22.2002-03:00:00,06,22,2002,03,34814
06.22.2002-06:00:00,06,22,2002,06,34066
06.22.2002-09:00:00,06,22,2002,09,32260
06.22.2002-12:00:00,06,22,2002,12,30560
06.22.2002-15:00:00,06,22,2002,15,30045
06.22.2002-18:00:00,06,22,2002,18,30683
06.22.2002-21:00:00,06,22,2002,21,31838
06.23.2002-00:00:00,06,23,2002,00,33161
06.23.2002-03:00:00,06,23,2002,03,33714
06.23.2002-06:00:00,06,23,2002,06,32966
06.23.2002-09:00:00,06,23,2002,09,30928
06.23.2002-12:00:00,06,23,2002,12,29051
06.23.2002-15:00:00,06,23,2002,15,28302
06.23.2002-18:00:00,06,23,2002,18,28945
06.23.2002-21:00:00,06,23,2002,21,30158
06.24.2002-00:00:00,06,24,2002,00,31343
06.24.2002-03:00:00,06,24,2002,03,31836
06.24.2002-06:00:00,06,24,2002,06,30894
06.24.2002-09:00:00,06,24,2002,09,28628
06.24.2002-12:00:00,06,24,2002,12,26571
06.24.2002-15:00:00,06,24,2002,15,25747
06.24.2002-18:00:00,06,24,2002,18,26336
06.24.2002-21:00:00,06,24,2002,21,27487
06.25.2002-00:00:00,06,25,2002,00,28651
06.25.2002-03:00:00,06,25,2002,03,29057
06.25.2002-06:00:00,06,25,2002,06,28087
06.25.2002-09:00:00,06,25,2002,09,25828
06.25.2002-12:00:00,06,25,2002,12,23873
06.25.2002-15:00:00,06,25,2002,15,23116
06.25.2002-18:00:00,06,25,2002,18,23681
06.25.2002-21:00:00,06,25,2002,21,24903
06.26.2002-00:00:00,06,26,2002,00,26001
06.26.2002-03:00:00,06,26,2002,03,26480
06.26.2002-06:00:00,06,26,2002,06,25589
06.26.2002-09:00:00,06,26,2002,09,23661
06.26.2002-12:00:00,06,26,2002,12,22328
06.26.2002-15:00:00,06,26,2002,15,21764
06.26.2002-18:00:00,06,26,2002,18,22168
06.26.2002-21:00:00,06,26,2002,21,23165
06.27.2002-00:00:00,06,27,2002,00,24119
06.27.2002-03:00:00,06,27,2002,03,24387
06.27.2002-06:00:00,06,27,2002,06,23364
06.27.2002-09:00:00,06,27,2002,09,21376
06.27.2002-12:00:00,06,27,2002,12,19647
06.27.2002-15:00:00,06,27,2002,15,19100
06.27.2002-18:00:00,06,27,2002,18,19676
06.27.2002-21:00:00,06,27,2002,21,20859
06.28.2002-00:00:00,06,28,2002,00,22061
06.28.2002-03:00:00,06,28,2002,03,22891
06.28.2002-06:00:00,06,28,2002,06,22885
06.28.2002-09:00:00,06,28,2002,09,21988
06.28.2002-12:00:00,06,28,2002,12,20972
06.28.2002-15:00:00,06,28,2002,15,20588
06.28.2002-18:00:00,06,28,2002,18,20999
06.28.2002-21:00:00,06,28,2002,21,21842
06.29.2002-00:00:00,06,29,2002,00,22969
06.29.2002-03:00:00,06,29,2002,03,24016
06.29.2002-06:00:00,06,29,2002,06,24451
06.29.2002-09:00:00,06,29,2002,09,24144
06.29.2002-12:00:00,06,29,2002,12,23531
06.29.2002-15:00:00,06,29,2002,15,23130
06.29.2002-18:00:00,06,29,2002,18,23320
06.29.2002-21:00:00,06,29,2002,21,24052
06.30.2002-00:00:00,06,30,2002,00,24253
06.30.2002-03:00:00,06,30,2002,03,23942
06.30.2002-06:00:00,06,30,2002,06,23196
06.30.2002-09:00:00,06,30,2002,09,21874
06.30.2002-12:00:00,06,30,2002,12,20509
06.30.2002-15:00:00,06,30,2002,15,19851
06.30.2002-18:00:00,06,30,2002,18,19950
06.30.2002-21:00:00,06,30,2002,21,20539
07.01.2002-00:00:00,07,01,2002,00,21159
07.01.2002-03:00:00,07,01,2002,03,21458
07.01.2002-06:00:00,07,01,2002,06,20945
07.01.2002-09:00:00,07,01,2002,09,19517
07.01.2002-12:00:00,07,01,2002,12,18171
07.01.2002-15:00:00,07,01,2002,15,17621
07.01.2002-18:00:00,07,01,2002,18,17990
07.01.2002-21:00:00,07,01,2002,21,18812
07.02.2002-00:00:00,07,02,2002,00,19582
07.02.2002-03:00:00,07,02,2002,03,20060
07.02.2002-06:00:00,07,02,2002,06,19541
07.02.2002-09:00:00,07,02,2002,09,18004
07.02.2002-12:00:00,07,02,2002,12,16536
07.02.2002-15:00:00,07,02,2002,15,16021
07.02.2002-18:00:00,07,02,2002,18,16534
07.02.2002-21:00:00,07,02,2002,21,17483
07.03.2002-00:00:00,07,03,2002,00,18341
07.03.2002-03:00:00,07,03,2002,03,18739
07.03.2002-06:00:00,07,03,2002,06,18195
07.03.2002-09:00:00,07,03,2002,09,16789
07.03.2002-12:00:00,07,03,2002,12,15469
07.03.2002-15:00:00,07,03,2002,15,15099
07.03.2002-18:00:00,07,03,2002,18,15625
07.03.2002-21:00:00,07,03,2002,21,16596
07.04.2002-00:00:00,07,04,2002,00,17512
07.04.2002-03:00:00,07,04,2002,03,17968
07.04.2002-06:00:00,07,04,2002,06,17610
07.04.2002-09:00:00,07,04,2002,09,16394
07.04.2002-12:00:00,07,04,2002,12,15251
07.04.2002-15:00:00,07,04,2002,15,14934
07.04.2002-18:00:00,07,04,2002,18,15468
07.04.2002-21:00:00,07,04,2002,21,16374
07.05.2002-00:00:00,07,05,2002,00,17178
07.05.2002-03:00:00,07,05,2002,03,17649
07.05.2002-06:00:00,07,05,2002,06,17131
07.05.2002-09:00:00,07,05,2002,09,15550
07.05.2002-12:00:00,07,05,2002,12,14044
07.05.2002-15:00:00,07,05,2002,15,13662
07.05.2002-18:00:00,07,05,2002,18,14298
07.05.2002-21:00:00,07,05,2002,21,15301
07.06.2002-00:00:00,07,06,2002,00,16213
07.06.2002-03:00:00,07,06,2002,03,16717
07.06.2002-06:00:00,07,06,2002,06,16084
07.06.2002-09:00:00,07,06,2002,09,14422
07.06.2002-12:00:00,07,06,2002,12,12958
07.06.2002-15:00:00,07,06,2002,15,12647
07.06.2002-18:00:00,07,06,2002,18,13356
07.06.2002-21:00:00,07,06,2002,21,14389
07.07.2002-00:00:00,07,07,2002,00,15338
07.07.2002-03:00:00,07,07,2002,03,15820
07.07.2002-06:00:00,07,07,2002,06,15231
07.07.2002-09:00:00,07,07,2002,09,13651
07.07.2002-12:00:00,07,07,2002,12,12310
07.07.2002-15:00:00,07,07,2002,15,12079
07.07.2002-18:00:00,07,07,2002,18,12781
07.07.2002-21:00:00,07,07,2002,21,13803
07.08.2002-00:00:00,07,08,2002,00,17476
07.08.2002-03:00:00,07,08,2002,03,21980
07.08.2002-06:00:00,07,08,2002,06,24844
07.08.2002-09:00:00,07,08,2002,09,25435
07.08.2002-12:00:00,07,08,2002,12,25295
07.08.2002-15:00:00,07,08,2002,15,25768
07.08.2002-18:00:00,07,08,2002,18,27133
07.08.2002-21:00:00,07,08,2002,21,29123
07.09.2002-00:00:00,07,09,2002,00,27737
07.09.2002-03:00:00,07,09,2002,03,24702
07.09.2002-06:00:00,07,09,2002,06,21450
07.09.2002-09:00:00,07,09,2002,09,18007
07.09.2002-12:00:00,07,09,2002,12,15377
07.09.2002-15:00:00,07,09,2002,15,14324
07.09.2002-18:00:00,07,09,2002,18,14582
07.09.2002-21:00:00,07,09,2002,21,15309
07.10.2002-00:00:00,07,10,2002,00,16010
07.10.2002-03:00:00,07,10,2002,03,16378
07.10.2002-06:00:00,07,10,2002,06,15528
07.10.2002-09:00:00,07,10,2002,09,13860
07.10.2002-12:00:00,07,10,2002,12,12682
07.10.2002-15:00:00,07,10,2002,15,12430
07.10.2002-18:00:00,07,10,2002,18,12942
07.10.2002-21:00:00,07,10,2002,21,13796
07.11.2002-00:00:00,07,11,2002,00,14623
07.11.2002-03:00:00,07,11,2002,03,14985
07.11.2002-06:00:00,07,11,2002,06,14121
07.11.2002-09:00:00,07,11,2002,09,12772
07.11.2002-12:00:00,07,11,2002,12,12634
07.11.2002-15:00:00,07,11,2002,15,12639
07.11.2002-18:00:00,07,11,2002,18,12903
07.11.2002-21:00:00,07,11,2002,21,13537
07.12.2002-00:00:00,07,12,2002,00,14224
07.12.2002-03:00:00,07,12,2002,03,14489
07.12.2002-06:00:00,07,12,2002,06,13559
07.12.2002-09:00:00,07,12,2002,09,12167
07.12.2002-12:00:00,07,12,2002,12,11824
07.12.2002-15:00:00,07,12,2002,15,11794
07.12.2002-18:00:00,07,12,2002,18,12145
07.12.2002-21:00:00,07,12,2002,21,12836
07.13.2002-00:00:00,07,13,2002,00,13563
07.13.2002-03:00:00,07,13,2002,03,13826
07.13.2002-06:00:00,07,13,2002,06,13069
07.13.2002-09:00:00,07,13,2002,09,11802
07.13.2002-12:00:00,07,13,2002,12,11050
07.13.2002-15:00:00,07,13,2002,15,11003
07.13.2002-18:00:00,07,13,2002,18,11502
07.13.2002-21:00:00,07,13,2002,21,12284
07.14.2002-00:00:00,07,14,2002,00,13039
07.14.2002-03:00:00,07,14,2002,03,13253
07.14.2002-06:00:00,07,14,2002,06,12413
07.14.2002-09:00:00,07,14,2002,09,10948
07.14.2002-12:00:00,07,14,2002,12,9853.3
07.14.2002-15:00:00,07,14,2002,15,9779.7
07.14.2002-18:00:00,07,14,2002,18,10483
07.14.2002-21:00:00,07,14,2002,21,11472
07.15.2002-00:00:00,07,15,2002,00,12327
07.15.2002-03:00:00,07,15,2002,03,12679
07.15.2002-06:00:00,07,15,2002,06,11962
07.15.2002-09:00:00,07,15,2002,09,10530
07.15.2002-12:00:00,07,15,2002,12,9464.7
07.15.2002-15:00:00,07,15,2002,15,9441.5
07.15.2002-18:00:00,07,15,2002,18,10200
07.15.2002-21:00:00,07,15,2002,21,11170
07.16.2002-00:00:00,07,16,2002,00,11983
07.16.2002-03:00:00,07,16,2002,03,12293
07.16.2002-06:00:00,07,16,2002,06,11559
07.16.2002-09:00:00,07,16,2002,09,10173
07.16.2002-12:00:00,07,16,2002,12,9175.5
07.16.2002-15:00:00,07,16,2002,15,9171.5
07.16.2002-18:00:00,07,16,2002,18,9902.1
07.16.2002-21:00:00,07,16,2002,21,10843
07.17.2002-00:00:00,07,17,2002,00,11610
07.17.2002-03:00:00,07,17,2002,03,11857
07.17.2002-06:00:00,07,17,2002,06,11139
07.17.2002-09:00:00,07,17,2002,09,9832
07.17.2002-12:00:00,07,17,2002,12,8900.9
07.17.2002-15:00:00,07,17,2002,15,8912.4
07.17.2002-18:00:00,07,17,2002,18,9609.4
07.17.2002-21:00:00,07,17,2002,21,10521
07.18.2002-00:00:00,07,18,2002,00,11270
07.18.2002-03:00:00,07,18,2002,03,11476
07.18.2002-06:00:00,07,18,2002,06,10724
07.18.2002-09:00:00,07,18,2002,09,9429.3
07.18.2002-12:00:00,07,18,2002,12,8495.2
07.18.2002-15:00:00,07,18,2002,15,8516.1
07.18.2002-18:00:00,07,18,2002,18,9237.4
07.18.2002-21:00:00,07,18,2002,21,10160
07.19.2002-00:00:00,07,19,2002,00,10913
07.19.2002-03:00:00,07,19,2002,03,11176
07.19.2002-06:00:00,07,19,2002,06,10551
07.19.2002-09:00:00,07,19,2002,09,9341.8
07.19.2002-12:00:00,07,19,2002,12,8441.5
07.19.2002-15:00:00,07,19,2002,15,8465.1
07.19.2002-18:00:00,07,19,2002,18,9167.7
07.19.2002-21:00:00,07,19,2002,21,10064
07.20.2002-00:00:00,07,20,2002,00,10776
07.20.2002-03:00:00,07,20,2002,03,11013
07.20.2002-06:00:00,07,20,2002,06,10311
07.20.2002-09:00:00,07,20,2002,09,8990.6
07.20.2002-12:00:00,07,20,2002,12,8045.4
07.20.2002-15:00:00,07,20,2002,15,8083.2
07.20.2002-18:00:00,07,20,2002,18,8824.6
07.20.2002-21:00:00,07,20,2002,21,9723.3
07.21.2002-00:00:00,07,21,2002,00,10448
07.21.2002-03:00:00,07,21,2002,03,10685
07.21.2002-06:00:00,07,21,2002,06,9959.6
07.21.2002-09:00:00,07,21,2002,09,8654.4
07.21.2002-12:00:00,07,21,2002,12,7757.1
07.21.2002-15:00:00,07,21,2002,15,7815.8
07.21.2002-18:00:00,07,21,2002,18,8559
07.21.2002-21:00:00,07,21,2002,21,9450.6
07.22.2002-00:00:00,07,22,2002,00,10171
07.22.2002-03:00:00,07,22,2002,03,10433
07.22.2002-06:00:00,07,22,2002,06,9718.2
07.22.2002-09:00:00,07,22,2002,09,8434.4
07.22.2002-12:00:00,07,22,2002,12,7606.8
07.22.2002-15:00:00,07,22,2002,15,7696.8
07.22.2002-18:00:00,07,22,2002,18,8410.2
07.22.2002-21:00:00,07,22,2002,21,9265.5
07.23.2002-00:00:00,07,23,2002,00,9961
07.23.2002-03:00:00,07,23,2002,03,10211
07.23.2002-06:00:00,07,23,2002,06,9478.6
07.23.2002-09:00:00,07,23,2002,09,8256.7
07.23.2002-12:00:00,07,23,2002,12,7578.2
07.23.2002-15:00:00,07,23,2002,15,7670.8
07.23.2002-18:00:00,07,23,2002,18,8309.5
07.23.2002-21:00:00,07,23,2002,21,9114.5
07.24.2002-00:00:00,07,24,2002,00,9761.3
07.24.2002-03:00:00,07,24,2002,03,9936.9
07.24.2002-06:00:00,07,24,2002,06,9182.3
07.24.2002-09:00:00,07,24,2002,09,7997.4
07.24.2002-12:00:00,07,24,2002,12,7298.9
07.24.2002-15:00:00,07,24,2002,15,7419.1
07.24.2002-18:00:00,07,24,2002,18,8045.2
07.24.2002-21:00:00,07,24,2002,21,8839.2
07.25.2002-00:00:00,07,25,2002,00,9470
07.25.2002-03:00:00,07,25,2002,03,9656.5
07.25.2002-06:00:00,07,25,2002,06,9127.7
07.25.2002-09:00:00,07,25,2002,09,8190.9
07.25.2002-12:00:00,07,25,2002,12,7562.2
07.25.2002-15:00:00,07,25,2002,15,7629.1
07.25.2002-18:00:00,07,25,2002,18,8151.1
07.25.2002-21:00:00,07,25,2002,21,8879.9
07.26.2002-00:00:00,07,26,2002,00,9471.1
07.26.2002-03:00:00,07,26,2002,03,9594.8
07.26.2002-06:00:00,07,26,2002,06,8945.1
07.26.2002-09:00:00,07,26,2002,09,7847.4
07.26.2002-12:00:00,07,26,2002,12,7076.6
07.26.2002-15:00:00,07,26,2002,15,7155.3
07.26.2002-18:00:00,07,26,2002,18,7783.4
07.26.2002-21:00:00,07,26,2002,21,8576.4
07.27.2002-00:00:00,07,27,2002,00,9198.5
07.27.2002-03:00:00,07,27,2002,03,9422.5
07.27.2002-06:00:00,07,27,2002,06,8943.6
07.27.2002-09:00:00,07,27,2002,09,7966.7
07.27.2002-12:00:00,07,27,2002,12,7245.1
07.27.2002-15:00:00,07,27,2002,15,7310
07.27.2002-18:00:00,07,27,2002,18,7888.5
07.27.2002-21:00:00,07,27,2002,21,8617.7
07.28.2002-00:00:00,07,28,2002,00,9163
07.28.2002-03:00:00,07,28,2002,03,9335.1
07.28.2002-06:00:00,07,28,2002,06,9088.1
07.28.2002-09:00:00,07,28,2002,09,8582.8
07.28.2002-12:00:00,07,28,2002,12,8200
07.28.2002-15:00:00,07,28,2002,15,8196.8
07.28.2002-18:00:00,07,28,2002,18,8495.7
07.28.2002-21:00:00,07,28,2002,21,8964.2
07.29.2002-00:00:00,07,29,2002,00,9321.1
07.29.2002-03:00:00,07,29,2002,03,9381.3
07.29.2002-06:00:00,07,29,2002,06,9128.6
07.29.2002-09:00:00,07,29,2002,09,8701
07.29.2002-12:00:00,07,29,2002,12,8384.1
07.29.2002-15:00:00,07,29,2002,15,8372.5
07.29.2002-18:00:00,07,29,2002,18,8618.3
07.29.2002-21:00:00,07,29,2002,21,9018.3
07.30.2002-00:00:00,07,30,2002,00,9351.7
07.30.2002-03:00:00,07,30,2002,03,9389.1
07.30.2002-06:00:00,07,30,2002,06,8892
07.30.2002-09:00:00,07,30,2002,09,8001.1
07.30.2002-12:00:00,07,30,2002,12,7339.2
07.30.2002-15:00:00,07,30,2002,15,7370.6
07.30.2002-18:00:00,07,30,2002,18,7866.3
07.30.2002-21:00:00,07,30,2002,21,8529.1
07.31.2002-00:00:00,07,31,2002,00,9021.6
07.31.2002-03:00:00,07,31,2002,03,9175.4
07.31.2002-06:00:00,07,31,2002,06,8646.1
07.31.2002-09:00:00,07,31,2002,09,7578.9
07.31.2002-12:00:00,07,31,2002,12,6773.9
07.31.2002-15:00:00,07,31,2002,15,6846.8
07.31.2002-18:00:00,07,31,2002,18,7483.2
07.31.2002-21:00:00,07,31,2002,21,8225.1
08.01.2002-00:00:00,08,01,2002,00,8769.1
08.01.2002-03:00:00,08,01,2002,03,8927.9
08.01.2002-06:00:00,08,01,2002,06,8491.4
08.01.2002-09:00:00,08,01,2002,09,7436.9
08.01.2002-12:00:00,08,01,2002,12,6626.8
08.01.2002-15:00:00,08,01,2002,15,6728
08.01.2002-18:00:00,08,01,2002,18,7342
08.01.2002-21:00:00,08,01,2002,21,8040.1
08.02.2002-00:00:00,08,02,2002,00,8569.3
08.02.2002-03:00:00,08,02,2002,03,8644.9
08.02.2002-06:00:00,08,02,2002,06,8162.6
08.02.2002-09:00:00,08,02,2002,09,7178.2
08.02.2002-12:00:00,08,02,2002,12,6435.1
08.02.2002-15:00:00,08,02,2002,15,6568.7
08.02.2002-18:00:00,08,02,2002,18,7167.2
08.02.2002-21:00:00,08,02,2002,21,7858.7
08.03.2002-00:00:00,08,03,2002,00,8409.1
08.03.2002-03:00:00,08,03,2002,03,8602.8
08.03.2002-06:00:00,08,03,2002,06,8248.7
08.03.2002-09:00:00,08,03,2002,09,7283.4
08.03.2002-12:00:00,08,03,2002,12,6534.4
08.03.2002-15:00:00,08,03,2002,15,6628.7
08.03.2002-18:00:00,08,03,2002,18,7218.5
08.03.2002-21:00:00,08,03,2002,21,7868.2
08.04.2002-00:00:00,08,04,2002,00,8353.4
08.04.2002-03:00:00,08,04,2002,03,8419.5
08.04.2002-06:00:00,08,04,2002,06,7963.4
08.04.2002-09:00:00,08,04,2002,09,7058.9
08.04.2002-12:00:00,08,04,2002,12,6388
08.04.2002-15:00:00,08,04,2002,15,6502.7
08.04.2002-18:00:00,08,04,2002,18,7060.1
08.04.2002-21:00:00,08,04,2002,21,7705.7
08.05.2002-00:00:00,08,05,2002,00,8217.6
08.05.2002-03:00:00,08,05,2002,03,8415.2
08.05.2002-06:00:00,08,05,2002,06,8099.5
08.05.2002-09:00:00,08,05,2002,09,7199.6
08.05.2002-12:00:00,08,05,2002,12,6486
08.05.2002-15:00:00,08,05,2002,15,6572.6
08.05.2002-18:00:00,08,05,2002,18,7125.5
08.05.2002-21:00:00,08,05,2002,21,7735.7
08.06.2002-00:00:00,08,06,2002,00,8201.9
08.06.2002-03:00:00,08,06,2002,03,8353.6
08.06.2002-06:00:00,08,06,2002,06,8084
08.06.2002-09:00:00,08,06,2002,09,7447.4
08.06.2002-12:00:00,08,06,2002,12,6882.9
08.06.2002-15:00:00,08,06,2002,15,6919.9
08.06.2002-18:00:00,08,06,2002,18,7380.7
08.06.2002-21:00:00,08,06,2002,21,7943.8
08.07.2002-00:00:00,08,07,2002,00,8331.8
08.07.2002-03:00:00,08,07,2002,03,8376.4
08.07.2002-06:00:00,08,07,2002,06,7980
08.07.2002-09:00:00,08,07,2002,09,7100.7
08.07.2002-12:00:00,08,07,2002,12,6364.1
08.07.2002-15:00:00,08,07,2002,15,6394.4
08.07.2002-18:00:00,08,07,2002,18,6909.8
08.07.2002-21:00:00,08,07,2002,21,7506.9
08.08.2002-00:00:00,08,08,2002,00,7951
08.08.2002-03:00:00,08,08,2002,03,8020.6
08.08.2002-06:00:00,08,08,2002,06,7514.4
08.08.2002-09:00:00,08,08,2002,09,6501.1
08.08.2002-12:00:00,08,08,2002,12,5776.4
08.08.2002-15:00:00,08,08,2002,15,5881.3
08.08.2002-18:00:00,08,08,2002,18,6473.9
08.08.2002-21:00:00,08,08,2002,21,7112
08.09.2002-00:00:00,08,09,2002,00,7584.1
08.09.2002-03:00:00,08,09,2002,03,7655.7
08.09.2002-06:00:00,08,09,2002,06,7189
08.09.2002-09:00:00,08,09,2002,09,6278.9
08.09.2002-12:00:00,08,09,2002,12,5644
08.09.2002-15:00:00,08,09,2002,15,5769.3
08.09.2002-18:00:00,08,09,2002,18,6334.6
08.09.2002-21:00:00,08,09,2002,21,6947.5
08.10.2002-00:00:00,08,10,2002,00,7415
08.10.2002-03:00:00,08,10,2002,03,7478.1
08.10.2002-06:00:00,08,10,2002,06,7032.9
08.10.2002-09:00:00,08,10,2002,09,6176.9
08.10.2002-12:00:00,08,10,2002,12,5582.8
08.10.2002-15:00:00,08,10,2002,15,5700.2
08.10.2002-18:00:00,08,10,2002,18,6242.9
08.10.2002-21:00:00,08,10,2002,21,6845.5
08.11.2002-00:00:00,08,11,2002,00,7316.3
08.11.2002-03:00:00,08,11,2002,03,7403.7
08.11.2002-06:00:00,08,11,2002,06,6949
08.11.2002-09:00:00,08,11,2002,09,6030.2
08.11.2002-12:00:00,08,11,2002,12,5391.3
08.11.2002-15:00:00,08,11,2002,15,5513.8
08.11.2002-18:00:00,08,11,2002,18,6082.6
08.11.2002-21:00:00,08,11,2002,21,6700.4
08.12.2002-00:00:00,08,12,2002,00,7161.4
08.12.2002-03:00:00,08,12,2002,03,7241.5
08.12.2002-06:00:00,08,12,2002,06,6762.2
08.12.2002-09:00:00,08,12,2002,09,5830.4
08.12.2002-12:00:00,08,12,2002,12,5218.1
08.12.2002-15:00:00,08,12,2002,15,5347.8
08.12.2002-18:00:00,08,12,2002,18,5912.9
08.12.2002-21:00:00,08,12,2002,21,6533.5
08.13.2002-00:00:00,08,13,2002,00,6991.8
08.13.2002-03:00:00,08,13,2002,03,7066.6
08.13.2002-06:00:00,08,13,2002,06,6560.5
08.13.2002-09:00:00,08,13,2002,09,5720.5
08.13.2002-12:00:00,08,13,2002,12,5382.4
08.13.2002-15:00:00,08,13,2002,15,5501.4
08.13.2002-18:00:00,08,13,2002,18,5965.2
08.13.2002-21:00:00,08,13,2002,21,6500.3
08.14.2002-00:00:00,08,14,2002,00,6913.4
08.14.2002-03:00:00,08,14,2002,03,6951.6
08.14.2002-06:00:00,08,14,2002,06,6501.6
08.14.2002-09:00:00,08,14,2002,09,5722.7
08.14.2002-12:00:00,08,14,2002,12,5222.9
08.14.2002-15:00:00,08,14,2002,15,5350.5
08.14.2002-18:00:00,08,14,2002,18,5838.4
08.14.2002-21:00:00,08,14,2002,21,6397.3
08.15.2002-00:00:00,08,15,2002,00,6832.7
08.15.2002-03:00:00,08,15,2002,03,6911.3
08.15.2002-06:00:00,08,15,2002,06,6461.6
08.15.2002-09:00:00,08,15,2002,09,5572.4
08.15.2002-12:00:00,08,15,2002,12,4973.8
08.15.2002-15:00:00,08,15,2002,15,5100
08.15.2002-18:00:00,08,15,2002,18,5652.1
08.15.2002-21:00:00,08,15,2002,21,6243.9
08.16.2002-00:00:00,08,16,2002,00,6682.8
08.16.2002-03:00:00,08,16,2002,03,6760
08.16.2002-06:00:00,08,16,2002,06,6325.6
08.16.2002-09:00:00,08,16,2002,09,5451.6
08.16.2002-12:00:00,08,16,2002,12,4843.8
08.16.2002-15:00:00,08,16,2002,15,4971.6
08.16.2002-18:00:00,08,16,2002,18,5546.4
08.16.2002-21:00:00,08,16,2002,21,6149.6
08.17.2002-00:00:00,08,17,2002,00,6603
08.17.2002-03:00:00,08,17,2002,03,6782.4
08.17.2002-06:00:00,08,17,2002,06,6469.3
08.17.2002-09:00:00,08,17,2002,09,5585.5
08.17.2002-12:00:00,08,17,2002,12,4930.6
08.17.2002-15:00:00,08,17,2002,15,5046
08.17.2002-18:00:00,08,17,2002,18,5617.7
08.17.2002-21:00:00,08,17,2002,21,6198.4
08.18.2002-00:00:00,08,18,2002,00,6615.2
08.18.2002-03:00:00,08,18,2002,03,6725.5
08.18.2002-06:00:00,08,18,2002,06,6346.4
08.18.2002-09:00:00,08,18,2002,09,5477.5
08.18.2002-12:00:00,08,18,2002,12,4852.8
08.18.2002-15:00:00,08,18,2002,15,4967.5
08.18.2002-18:00:00,08,18,2002,18,5524.3
08.18.2002-21:00:00,08,18,2002,21,6085.9
08.19.2002-00:00:00,08,19,2002,00,6489.4
08.19.2002-03:00:00,08,19,2002,03,6601.6
08.19.2002-06:00:00,08,19,2002,06,6297.3
08.19.2002-09:00:00,08,19,2002,09,5613.9
08.19.2002-12:00:00,08,19,2002,12,5122.1
08.19.2002-15:00:00,08,19,2002,15,5221.6
08.19.2002-18:00:00,08,19,2002,18,5678.3
08.19.2002-21:00:00,08,19,2002,21,6174
08.20.2002-00:00:00,08,20,2002,00,6526.4
08.20.2002-03:00:00,08,20,2002,03,6579.2
08.20.2002-06:00:00,08,20,2002,06,6212.1
08.20.2002-09:00:00,08,20,2002,09,5469.7
08.20.2002-12:00:00,08,20,2002,12,4943.3
08.20.2002-15:00:00,08,20,2002,15,5054.2
08.20.2002-18:00:00,08,20,2002,18,5531.1
08.20.2002-21:00:00,08,20,2002,21,6041.5
08.21.2002-00:00:00,08,21,2002,00,6404.5
08.21.2002-03:00:00,08,21,2002,03,6467.5
08.21.2002-06:00:00,08,21,2002,06,6093.9
08.21.2002-09:00:00,08,21,2002,09,5327.9
08.21.2002-12:00:00,08,21,2002,12,4792.6
08.21.2002-15:00:00,08,21,2002,15,4906.3
08.21.2002-18:00:00,08,21,2002,18,5398.3
08.21.2002-21:00:00,08,21,2002,21,5915.3
08.22.2002-00:00:00,08,22,2002,00,6287
08.22.2002-03:00:00,08,22,2002,03,6361.3
08.22.2002-06:00:00,08,22,2002,06,5990.5
08.22.2002-09:00:00,08,22,2002,09,5209.1
08.22.2002-12:00:00,08,22,2002,12,4652.7
08.22.2002-15:00:00,08,22,2002,15,4764.9
08.22.2002-18:00:00,08,22,2002,18,5278.2
08.22.2002-21:00:00,08,22,2002,21,5804.4
08.23.2002-00:00:00,08,23,2002,00,6182.2
08.23.2002-03:00:00,08,23,2002,03,6265.1
08.23.2002-06:00:00,08,23,2002,06,5870.1
08.23.2002-09:00:00,08,23,2002,09,5049.4
08.23.2002-12:00:00,08,23,2002,12,4480.5
08.23.2002-15:00:00,08,23,2002,15,4579.3
08.23.2002-18:00:00,08,23,2002,18,5112.7
08.23.2002-21:00:00,08,23,2002,21,5661.9
08.24.2002-00:00:00,08,24,2002,00,6044.1
08.24.2002-03:00:00,08,24,2002,03,6172.2
08.24.2002-06:00:00,08,24,2002,06,5821.2
08.24.2002-09:00:00,08,24,2002,09,5025.4
08.24.2002-12:00:00,08,24,2002,12,4498
08.24.2002-15:00:00,08,24,2002,15,4595.8
08.24.2002-18:00:00,08,24,2002,18,5101
08.24.2002-21:00:00,08,24,2002,21,5618.9
08.25.2002-00:00:00,08,25,2002,00,6237.6
08.25.2002-03:00:00,08,25,2002,03,6905.9
08.25.2002-06:00:00,08,25,2002,06,7122
08.25.2002-09:00:00,08,25,2002,09,6733
08.25.2002-12:00:00,08,25,2002,12,6252.6
08.25.2002-15:00:00,08,25,2002,15,6228.8
08.25.2002-18:00:00,08,25,2002,18,6741
08.25.2002-21:00:00,08,25,2002,21,7361.8
08.26.2002-00:00:00,08,26,2002,00,7411.3
08.26.2002-03:00:00,08,26,2002,03,7170.4
08.26.2002-06:00:00,08,26,2002,06,6700.3
08.26.2002-09:00:00,08,26,2002,09,5941.3
08.26.2002-12:00:00,08,26,2002,12,5304
08.26.2002-15:00:00,08,26,2002,15,5267.2
08.26.2002-18:00:00,08,26,2002,18,5670.7
08.26.2002-21:00:00,08,26,2002,21,6207.2
08.27.2002-00:00:00,08,27,2002,00,6427.6
08.27.2002-03:00:00,08,27,2002,03,6326.7
08.27.2002-06:00:00,08,27,2002,06,5846.1
08.27.2002-09:00:00,08,27,2002,09,5056.3
08.27.2002-12:00:00,08,27,2002,12,4475.2
08.27.2002-15:00:00,08,27,2002,15,4514.1
08.27.2002-18:00:00,08,27,2002,18,4993.9
08.27.2002-21:00:00,08,27,2002,21,5511
08.28.2002-00:00:00,08,28,2002,00,5860.9
08.28.2002-03:00:00,08,28,2002,03,5968.8
08.28.2002-06:00:00,08,28,2002,06,5623.8
08.28.2002-09:00:00,08,28,2002,09,4856.9
08.28.2002-12:00:00,08,28,2002,12,4337.3
08.28.2002-15:00:00,08,28,2002,15,4425.7
08.28.2002-18:00:00,08,28,2002,18,4918.6
08.28.2002-21:00:00,08,28,2002,21,5422.7
08.29.2002-00:00:00,08,29,2002,00,5763.6
08.29.2002-03:00:00,08,29,2002,03,5870
08.29.2002-06:00:00,08,29,2002,06,5583.3
08.29.2002-09:00:00,08,29,2002,09,4928.4
08.29.2002-12:00:00,08,29,2002,12,4478.3
08.29.2002-15:00:00,08,29,2002,15,4574.5
08.29.2002-18:00:00,08,29,2002,18,5002.7
08.29.2002-21:00:00,08,29,2002,21,5450.6
08.30.2002-00:00:00,08,30,2002,00,5771.2
08.30.2002-03:00:00,08,30,2002,03,5855.4
08.30.2002-06:00:00,08,30,2002,06,5523.9
08.30.2002-09:00:00,08,30,2002,09,4847.9
08.30.2002-12:00:00,08,30,2002,12,4349.7
08.30.2002-15:00:00,08,30,2002,15,4433.2
08.30.2002-18:00:00,08,30,2002,18,4891.4
08.30.2002-21:00:00,08,30,2002,21,5373.4
08.31.2002-00:00:00,08,31,2002,00,5704.6
08.31.2002-03:00:00,08,31,2002,03,5827.1
08.31.2002-06:00:00,08,31,2002,06,5586.1
08.31.2002-09:00:00,08,31,2002,09,4988.2
08.31.2002-12:00:00,08,31,2002,12,4519.7
08.31.2002-15:00:00,08,31,2002,15,4579
08.31.2002-18:00:00,08,31,2002,18,4993
08.31.2002-21:00:00,08,31,2002,21,5426.8
09.01.2002-00:00:00,09,01,2002,00,5685.8
09.01.2002-03:00:00,09,01,2002,03,5728.9
09.01.2002-06:00:00,09,01,2002,06,5511
09.01.2002-09:00:00,09,01,2002,09,5113.4
09.01.2002-12:00:00,09,01,2002,12,4830
09.01.2002-15:00:00,09,01,2002,15,4859.9
09.01.2002-18:00:00,09,01,2002,18,5139.7
09.01.2002-21:00:00,09,01,2002,21,5478.8
09.02.2002-00:00:00,09,02,2002,00,5727.5
09.02.2002-03:00:00,09,02,2002,03,5802.3
09.02.2002-06:00:00,09,02,2002,06,5521.1
09.02.2002-09:00:00,09,02,2002,09,4895.3
09.02.2002-12:00:00,09,02,2002,12,4397.6
09.02.2002-15:00:00,09,02,2002,15,4476.7
09.02.2002-18:00:00,09,02,2002,18,4917.9
09.02.2002-21:00:00,09,02,2002,21,5337
09.03.2002-00:00:00,09,03,2002,00,5608.5
09.03.2002-03:00:00,09,03,2002,03,5706.6
09.03.2002-06:00:00,09,03,2002,06,5484
09.03.2002-09:00:00,09,03,2002,09,4928.9
09.03.2002-12:00:00,09,03,2002,12,4486.4
09.03.2002-15:00:00,09,03,2002,15,4575.2
09.03.2002-18:00:00,09,03,2002,18,4984.6
09.03.2002-21:00:00,09,03,2002,21,5381.2
09.04.2002-00:00:00,09,04,2002,00,5644.9
09.04.2002-03:00:00,09,04,2002,03,5756
09.04.2002-06:00:00,09,04,2002,06,5552.1
09.04.2002-09:00:00,09,04,2002,09,4938.1
09.04.2002-12:00:00,09,04,2002,12,4416.4
09.04.2002-15:00:00,09,04,2002,15,4496.7
09.04.2002-18:00:00,09,04,2002,18,4938.1
09.04.2002-21:00:00,09,04,2002,21,5343.9
09.05.2002-00:00:00,09,05,2002,00,5612
09.05.2002-03:00:00,09,05,2002,03,5743.7
09.05.2002-06:00:00,09,05,2002,06,5596.5
09.05.2002-09:00:00,09,05,2002,09,5028.8
09.05.2002-12:00:00,09,05,2002,12,4498.7
09.05.2002-15:00:00,09,05,2002,15,4547.7
09.05.2002-18:00:00,09,05,2002,18,4980.1
09.05.2002-21:00:00,09,05,2002,21,5388.9
09.06.2002-00:00:00,09,06,2002,00,5626.7
09.06.2002-03:00:00,09,06,2002,03,5731.5
09.06.2002-06:00:00,09,06,2002,06,5579.5
09.06.2002-09:00:00,09,06,2002,09,4985.2
09.06.2002-12:00:00,09,06,2002,12,4439.3
09.06.2002-15:00:00,09,06,2002,15,4489.7
09.06.2002-18:00:00,09,06,2002,18,4916.5
09.06.2002-21:00:00,09,06,2002,21,5309
09.07.2002-00:00:00,09,07,2002,00,5596.7
09.07.2002-03:00:00,09,07,2002,03,5758.8
09.07.2002-06:00:00,09,07,2002,06,5845.9
09.07.2002-09:00:00,09,07,2002,09,5464.5
09.07.2002-12:00:00,09,07,2002,12,4950.8
09.07.2002-15:00:00,09,07,2002,15,4919.4
09.07.2002-18:00:00,09,07,2002,18,5274.7
09.07.2002-21:00:00,09,07,2002,21,5673
09.08.2002-00:00:00,09,08,2002,00,5817.5
09.08.2002-03:00:00,09,08,2002,03,5819.9
09.08.2002-06:00:00,09,08,2002,06,5733.4
09.08.2002-09:00:00,09,08,2002,09,5265.1
09.08.2002-12:00:00,09,08,2002,12,4783.5
09.08.2002-15:00:00,09,08,2002,15,4778
09.08.2002-18:00:00,09,08,2002,18,5088.7
09.08.2002-21:00:00,09,08,2002,21,5396
09.09.2002-00:00:00,09,09,2002,00,5588.2
09.09.2002-03:00:00,09,09,2002,03,5653.4
09.09.2002-06:00:00,09,09,2002,06,5404
09.09.2002-09:00:00,09,09,2002,09,4755.3
09.09.2002-12:00:00,09,09,2002,12,4217.3
09.09.2002-15:00:00,09,09,2002,15,4268.1
09.09.2002-18:00:00,09,09,2002,18,4705.3
09.09.2002-21:00:00,09,09,2002,21,5114.1
09.10.2002-00:00:00,09,10,2002,00,5363.5
09.10.2002-03:00:00,09,10,2002,03,5490.2
09.10.2002-06:00:00,09,10,2002,06,5300.4
09.10.2002-09:00:00,09,10,2002,09,4646.9
09.10.2002-12:00:00,09,10,2002,12,4098.8
09.10.2002-15:00:00,09,10,2002,15,4152
09.10.2002-18:00:00,09,10,2002,18,4593.4
09.10.2002-21:00:00,09,10,2002,21,5011.2
09.11.2002-00:00:00,09,11,2002,00,5265.4
09.11.2002-03:00:00,09,11,2002,03,5388.4
09.11.2002-06:00:00,09,11,2002,06,5172.6
09.11.2002-09:00:00,09,11,2002,09,4519.6
09.11.2002-12:00:00,09,11,2002,12,3995.8
09.11.2002-15:00:00,09,11,2002,15,4051.8
09.11.2002-18:00:00,09,11,2002,18,4487.3
09.11.2002-21:00:00,09,11,2002,21,4907.1
09.12.2002-00:00:00,09,12,2002,00,5169.1
09.12.2002-03:00:00,09,12,2002,03,5301
09.12.2002-06:00:00,09,12,2002,06,5103.3
09.12.2002-09:00:00,09,12,2002,09,4467.2
09.12.2002-12:00:00,09,12,2002,12,3969.4
09.12.2002-15:00:00,09,12,2002,15,4028.1
09.12.2002-18:00:00,09,12,2002,18,4449.7
09.12.2002-21:00:00,09,12,2002,21,4851.8
09.13.2002-00:00:00,09,13,2002,00,5102
09.13.2002-03:00:00,09,13,2002,03,5220.1
09.13.2002-06:00:00,09,13,2002,06,4979.7
09.13.2002-09:00:00,09,13,2002,09,4352.4
09.13.2002-12:00:00,09,13,2002,12,3863.3
09.13.2002-15:00:00,09,13,2002,15,3919.2
09.13.2002-18:00:00,09,13,2002,18,4342.7
09.13.2002-21:00:00,09,13,2002,21,4754.2
09.14.2002-00:00:00,09,14,2002,00,5023.6
09.14.2002-03:00:00,09,14,2002,03,5164.7
09.14.2002-06:00:00,09,14,2002,06,5002
09.14.2002-09:00:00,09,14,2002,09,4394
09.14.2002-12:00:00,09,14,2002,12,3898
09.14.2002-15:00:00,09,14,2002,15,3951.3
09.14.2002-18:00:00,09,14,2002,18,4365.3
09.14.2002-21:00:00,09,14,2002,21,4760
09.15.2002-00:00:00,09,15,2002,00,5008.8
09.15.2002-03:00:00,09,15,2002,03,5132.5
09.15.2002-06:00:00,09,15,2002,06,4972.7
09.15.2002-09:00:00,09,15,2002,09,4437.8
09.15.2002-12:00:00,09,15,2002,12,4001.2
09.15.2002-15:00:00,09,15,2002,15,4055.3
09.15.2002-18:00:00,09,15,2002,18,4425.9
09.15.2002-21:00:00,09,15,2002,21,4785.5
09.16.2002-00:00:00,09,16,2002,00,4996.6
09.16.2002-03:00:00,09,16,2002,03,5100.1
09.16.2002-06:00:00,09,16,2002,06,4925.7
09.16.2002-09:00:00,09,16,2002,09,4427.4
09.16.2002-12:00:00,09,16,2002,12,4031.4
09.16.2002-15:00:00,09,16,2002,15,4082.2
09.16.2002-18:00:00,09,16,2002,18,4436.9
09.16.2002-21:00:00,09,16,2002,21,4780.1
09.17.2002-00:00:00,09,17,2002,00,4985.7
09.17.2002-03:00:00,09,17,2002,03,5090.1
09.17.2002-06:00:00,09,17,2002,06,4964.5
09.17.2002-09:00:00,09,17,2002,09,4549.8
09.17.2002-12:00:00,09,17,2002,12,4210.4
09.17.2002-15:00:00,09,17,2002,15,4259.4
09.17.2002-18:00:00,09,17,2002,18,4574.1
09.17.2002-21:00:00,09,17,2002,21,4866
09.18.2002-00:00:00,09,18,2002,00,5042.7
09.18.2002-03:00:00,09,18,2002,03,5129
09.18.2002-06:00:00,09,18,2002,06,4987.7
09.18.2002-09:00:00,09,18,2002,09,4498.7
09.18.2002-12:00:00,09,18,2002,12,4075.5
09.18.2002-15:00:00,09,18,2002,15,4132.7
09.18.2002-18:00:00,09,18,2002,18,4486.7
09.18.2002-21:00:00,09,18,2002,21,4816.2
09.19.2002-00:00:00,09,19,2002,00,5005.5
09.19.2002-03:00:00,09,19,2002,03,5100.5
09.19.2002-06:00:00,09,19,2002,06,4969.8
09.19.2002-09:00:00,09,19,2002,09,4418.4
09.19.2002-12:00:00,09,19,2002,12,3928.6
09.19.2002-15:00:00,09,19,2002,15,3979.3
09.19.2002-18:00:00,09,19,2002,18,4364.1
09.19.2002-21:00:00,09,19,2002,21,4717.1
09.20.2002-00:00:00,09,20,2002,00,4924.8
09.20.2002-03:00:00,09,20,2002,03,5034.1
09.20.2002-06:00:00,09,20,2002,06,4933.8
09.20.2002-09:00:00,09,20,2002,09,4416.3
09.20.2002-12:00:00,09,20,2002,12,3947.2
09.20.2002-15:00:00,09,20,2002,15,4004
09.20.2002-18:00:00,09,20,2002,18,4380.8
09.20.2002-21:00:00,09,20,2002,21,4720.7
09.21.2002-00:00:00,09,21,2002,00,4919.7
09.21.2002-03:00:00,09,21,2002,03,5026.8
09.21.2002-06:00:00,09,21,2002,06,4970.2
09.21.2002-09:00:00,09,21,2002,09,4456
09.21.2002-12:00:00,09,21,2002,12,3959.3
09.21.2002-15:00:00,09,21,2002,15,4002
09.21.2002-18:00:00,09,21,2002,18,4373.3
09.21.2002-21:00:00,09,21,2002,21,4705.7
09.22.2002-00:00:00,09,22,2002,00,4896.9
09.22.2002-03:00:00,09,22,2002,03,4999.2
09.22.2002-06:00:00,09,22,2002,06,4926.7
09.22.2002-09:00:00,09,22,2002,09,4374.3
09.22.2002-12:00:00,09,22,2002,12,3859.9
09.22.2002-15:00:00,09,22,2002,15,3898
09.22.2002-18:00:00,09,22,2002,18,4276
09.22.2002-21:00:00,09,22,2002,21,4617.8
09.23.2002-00:00:00,09,23,2002,00,4818.5
09.23.2002-03:00:00,09,23,2002,03,4928.1
09.23.2002-06:00:00,09,23,2002,06,4839.1
09.23.2002-09:00:00,09,23,2002,09,4287.6
09.23.2002-12:00:00,09,23,2002,12,3789.7
09.23.2002-15:00:00,09,23,2002,15,3829
09.23.2002-18:00:00,09,23,2002,18,4203
09.23.2002-21:00:00,09,23,2002,21,4543.3
09.24.2002-00:00:00,09,24,2002,00,4744.1
09.24.2002-03:00:00,09,24,2002,03,4845.8
09.24.2002-06:00:00,09,24,2002,06,4753.6
09.24.2002-09:00:00,09,24,2002,09,4323
09.24.2002-12:00:00,09,24,2002,12,3942.2
09.24.2002-15:00:00,09,24,2002,15,3982.1
09.24.2002-18:00:00,09,24,2002,18,4309.5
09.24.2002-21:00:00,09,24,2002,21,4611.1
09.25.2002-00:00:00,09,25,2002,00,4781
09.25.2002-03:00:00,09,25,2002,03,4865.6
09.25.2002-06:00:00,09,25,2002,06,4728.7
09.25.2002-09:00:00,09,25,2002,09,4195.7
09.25.2002-12:00:00,09,25,2002,12,3729.5
09.25.2002-15:00:00,09,25,2002,15,3774.6
09.25.2002-18:00:00,09,25,2002,18,4141.5
09.25.2002-21:00:00,09,25,2002,21,4474.2
09.26.2002-00:00:00,09,26,2002,00,4673.3
09.26.2002-03:00:00,09,26,2002,03,4774.1
09.26.2002-06:00:00,09,26,2002,06,4744.3
09.26.2002-09:00:00,09,26,2002,09,4428.6
09.26.2002-12:00:00,09,26,2002,12,4126.1
09.26.2002-15:00:00,09,26,2002,15,4157.1
09.26.2002-18:00:00,09,26,2002,18,4427.4
09.26.2002-21:00:00,09,26,2002,21,4661.4
09.27.2002-00:00:00,09,27,2002,00,4783
09.27.2002-03:00:00,09,27,2002,03,4837.7
09.27.2002-06:00:00,09,27,2002,06,4699.7
09.27.2002-09:00:00,09,27,2002,09,4226.1
09.27.2002-12:00:00,09,27,2002,12,3807.9
09.27.2002-15:00:00,09,27,2002,15,3863.9
09.27.2002-18:00:00,09,27,2002,18,4205.5
09.27.2002-21:00:00,09,27,2002,21,4508.3
09.28.2002-00:00:00,09,28,2002,00,4679.5
09.28.2002-03:00:00,09,28,2002,03,4768.3
09.28.2002-06:00:00,09,28,2002,06,4716.3
09.28.2002-09:00:00,09,28,2002,09,4258.3
09.28.2002-12:00:00,09,28,2002,12,3813.7
09.28.2002-15:00:00,09,28,2002,15,3860.4
09.28.2002-18:00:00,09,28,2002,18,4198.5
09.28.2002-21:00:00,09,28,2002,21,4490.4
09.29.2002-00:00:00,09,29,2002,00,4649.1
09.29.2002-03:00:00,09,29,2002,03,4725.8
09.29.2002-06:00:00,09,29,2002,06,4679.8
09.29.2002-09:00:00,09,29,2002,09,4396.3
09.29.2002-12:00:00,09,29,2002,12,4136.1
09.29.2002-15:00:00,09,29,2002,15,4161
09.29.2002-18:00:00,09,29,2002,18,4397.7
09.29.2002-21:00:00,09,29,2002,21,4606.7
09.30.2002-00:00:00,09,30,2002,00,4714.8
09.30.2002-03:00:00,09,30,2002,03,4761.3
09.30.2002-06:00:00,09,30,2002,06,4698.3
09.30.2002-09:00:00,09,30,2002,09,4416
09.30.2002-12:00:00,09,30,2002,12,4155.9
09.30.2002-15:00:00,09,30,2002,15,4192.6
09.30.2002-18:00:00,09,30,2002,18,4428.9
09.30.2002-21:00:00,09,30,2002,21,4631.3
