TIMESTAMP,MONTH,DAY,YEAR,HOUR,C
10.01.2001-00:00:00,10,01,2001,00,290.94
10.01.2001-03:00:00,10,01,2001,03,290.57
10.01.2001-06:00:00,10,01,2001,06,284.73
10.01.2001-09:00:00,10,01,2001,09,263.03
10.01.2001-12:00:00,10,01,2001,12,245.83
10.01.2001-15:00:00,10,01,2001,15,254.7
10.01.2001-18:00:00,10,01,2001,18,277.98
10.01.2001-21:00:00,10,01,2001,21,282.4
10.02.2001-00:00:00,10,02,2001,00,282.34
10.02.2001-03:00:00,10,02,2001,03,282.71
10.02.2001-06:00:00,10,02,2001,06,277.12
10.02.2001-09:00:00,10,02,2001,09,254.1
10.02.2001-12:00:00,10,02,2001,12,238.52
10.02.2001-15:00:00,10,02,2001,15,245.34
10.02.2001-18:00:00,10,02,2001,18,268.53
10.02.2001-21:00:00,10,02,2001,21,274.2
10.03.2001-00:00:00,10,03,2001,00,276.12
10.03.2001-03:00:00,10,03,2001,03,276.11
10.03.2001-06:00:00,10,03,2001,06,271.1
10.03.2001-09:00:00,10,03,2001,09,251.83
10.03.2001-12:00:00,10,03,2001,12,236.42
10.03.2001-15:00:00,10,03,2001,15,243.48
10.03.2001-18:00:00,10,03,2001,18,265.32
10.03.2001-21:00:00,10,03,2001,21,269.7
10.04.2001-00:00:00,10,04,2001,00,270.85
10.04.2001-03:00:00,10,04,2001,03,270.74
10.04.2001-06:00:00,10,04,2001,06,266.42
10.04.2001-09:00:00,10,04,2001,09,248.26
10.04.2001-12:00:00,10,04,2001,12,233.42
10.04.2001-15:00:00,10,04,2001,15,240.46
10.04.2001-18:00:00,10,04,2001,18,260.59
10.04.2001-21:00:00,10,04,2001,21,264.43
10.05.2001-00:00:00,10,05,2001,00,265.77
10.05.2001-03:00:00,10,05,2001,03,265.64
10.05.2001-06:00:00,10,05,2001,06,262.4
10.05.2001-09:00:00,10,05,2001,09,245.3
10.05.2001-12:00:00,10,05,2001,12,231.19
10.05.2001-15:00:00,10,05,2001,15,238.46
10.05.2001-18:00:00,10,05,2001,18,256.51
10.05.2001-21:00:00,10,05,2001,21,259.82
10.06.2001-00:00:00,10,06,2001,00,261.01
10.06.2001-03:00:00,10,06,2001,03,260.94
10.06.2001-06:00:00,10,06,2001,06,258.94
10.06.2001-09:00:00,10,06,2001,09,241.44
10.06.2001-12:00:00,10,06,2001,12,228.17
10.06.2001-15:00:00,10,06,2001,15,235.25
10.06.2001-18:00:00,10,06,2001,18,251.48
10.06.2001-21:00:00,10,06,2001,21,254.42
10.07.2001-00:00:00,10,07,2001,00,256.1
10.07.2001-03:00:00,10,07,2001,03,255.95
10.07.2001-06:00:00,10,07,2001,06,253.7
10.07.2001-09:00:00,10,07,2001,09,237.56
10.07.2001-12:00:00,10,07,2001,12,225.43
10.07.2001-15:00:00,10,07,2001,15,231.98
10.07.2001-18:00:00,10,07,2001,18,246.24
10.07.2001-21:00:00,10,07,2001,21,249.83
10.08.2001-00:00:00,10,08,2001,00,250.34
10.08.2001-03:00:00,10,08,2001,03,251.13
10.08.2001-06:00:00,10,08,2001,06,249.86
10.08.2001-09:00:00,10,08,2001,09,237.48
10.08.2001-12:00:00,10,08,2001,12,227.92
10.08.2001-15:00:00,10,08,2001,15,236.01
10.08.2001-18:00:00,10,08,2001,18,245.55
10.08.2001-21:00:00,10,08,2001,21,246.04
10.09.2001-00:00:00,10,09,2001,00,246.81
10.09.2001-03:00:00,10,09,2001,03,246.54
10.09.2001-06:00:00,10,09,2001,06,243.78
10.09.2001-09:00:00,10,09,2001,09,233.26
10.09.2001-12:00:00,10,09,2001,12,224.47
10.09.2001-15:00:00,10,09,2001,15,231.55
10.09.2001-18:00:00,10,09,2001,18,240.4
10.09.2001-21:00:00,10,09,2001,21,241.62
10.10.2001-00:00:00,10,10,2001,00,244.57
10.10.2001-03:00:00,10,10,2001,03,242.85
10.10.2001-06:00:00,10,10,2001,06,242.02
10.10.2001-09:00:00,10,10,2001,09,306.56
10.10.2001-12:00:00,10,10,2001,12,404
10.10.2001-15:00:00,10,10,2001,15,322.82
10.10.2001-18:00:00,10,10,2001,18,288.1
10.10.2001-21:00:00,10,10,2001,21,263.49
10.11.2001-00:00:00,10,11,2001,00,245.04
10.11.2001-03:00:00,10,11,2001,03,242.51
10.11.2001-06:00:00,10,11,2001,06,241.9
10.11.2001-09:00:00,10,11,2001,09,240.18
10.11.2001-12:00:00,10,11,2001,12,240.58
10.11.2001-15:00:00,10,11,2001,15,239.37
10.11.2001-18:00:00,10,11,2001,18,239.64
10.11.2001-21:00:00,10,11,2001,21,239.16
10.12.2001-00:00:00,10,12,2001,00,238.64
10.12.2001-03:00:00,10,12,2001,03,238.11
10.12.2001-06:00:00,10,12,2001,06,237.32
10.12.2001-09:00:00,10,12,2001,09,243.21
10.12.2001-12:00:00,10,12,2001,12,276
10.12.2001-15:00:00,10,12,2001,15,241.26
10.12.2001-18:00:00,10,12,2001,18,236.08
10.12.2001-21:00:00,10,12,2001,21,234.16
10.13.2001-00:00:00,10,13,2001,00,234.04
10.13.2001-03:00:00,10,13,2001,03,233.62
10.13.2001-06:00:00,10,13,2001,06,232.66
10.13.2001-09:00:00,10,13,2001,09,240.39
10.13.2001-12:00:00,10,13,2001,12,283.92
10.13.2001-15:00:00,10,13,2001,15,234.79
10.13.2001-18:00:00,10,13,2001,18,230.93
10.13.2001-21:00:00,10,13,2001,21,231.04
10.14.2001-00:00:00,10,14,2001,00,230.63
10.14.2001-03:00:00,10,14,2001,03,230.14
10.14.2001-06:00:00,10,14,2001,06,229.09
10.14.2001-09:00:00,10,14,2001,09,236.29
10.14.2001-12:00:00,10,14,2001,12,296.88
10.14.2001-15:00:00,10,14,2001,15,240.66
10.14.2001-18:00:00,10,14,2001,18,225.92
10.14.2001-21:00:00,10,14,2001,21,226.38
10.15.2001-00:00:00,10,15,2001,00,227.02
10.15.2001-03:00:00,10,15,2001,03,226.61
10.15.2001-06:00:00,10,15,2001,06,224.91
10.15.2001-09:00:00,10,15,2001,09,221.49
10.15.2001-12:00:00,10,15,2001,12,235.35
10.15.2001-15:00:00,10,15,2001,15,214.83
10.15.2001-18:00:00,10,15,2001,18,217.33
10.15.2001-21:00:00,10,15,2001,21,219.15
10.16.2001-00:00:00,10,16,2001,00,220.62
10.16.2001-03:00:00,10,16,2001,03,221.69
10.16.2001-06:00:00,10,16,2001,06,220.96
10.16.2001-09:00:00,10,16,2001,09,211.51
10.16.2001-12:00:00,10,16,2001,12,205.89
10.16.2001-15:00:00,10,16,2001,15,210.72
10.16.2001-18:00:00,10,16,2001,18,213.38
10.16.2001-21:00:00,10,16,2001,21,214.93
10.17.2001-00:00:00,10,17,2001,00,215.97
10.17.2001-03:00:00,10,17,2001,03,217.1
10.17.2001-06:00:00,10,17,2001,06,215.97
10.17.2001-09:00:00,10,17,2001,09,205.56
10.17.2001-12:00:00,10,17,2001,12,199.49
10.17.2001-15:00:00,10,17,2001,15,205.38
10.17.2001-18:00:00,10,17,2001,18,209.05
10.17.2001-21:00:00,10,17,2001,21,209.05
10.18.2001-00:00:00,10,18,2001,00,208.82
10.18.2001-03:00:00,10,18,2001,03,210.15
10.18.2001-06:00:00,10,18,2001,06,210.33
10.18.2001-09:00:00,10,18,2001,09,204.82
10.18.2001-12:00:00,10,18,2001,12,201.37
10.18.2001-15:00:00,10,18,2001,15,204.55
10.18.2001-18:00:00,10,18,2001,18,206.65
10.18.2001-21:00:00,10,18,2001,21,207.79
10.19.2001-00:00:00,10,19,2001,00,207.53
10.19.2001-03:00:00,10,19,2001,03,208.02
10.19.2001-06:00:00,10,19,2001,06,207.86
10.19.2001-09:00:00,10,19,2001,09,199.74
10.19.2001-12:00:00,10,19,2001,12,194.89
10.19.2001-15:00:00,10,19,2001,15,199.69
10.19.2001-18:00:00,10,19,2001,18,202.02
10.19.2001-21:00:00,10,19,2001,21,201.89
10.20.2001-00:00:00,10,20,2001,00,201.85
10.20.2001-03:00:00,10,20,2001,03,202.71
10.20.2001-06:00:00,10,20,2001,06,202.09
10.20.2001-09:00:00,10,20,2001,09,194.97
10.20.2001-12:00:00,10,20,2001,12,189.88
10.20.2001-15:00:00,10,20,2001,15,194.89
10.20.2001-18:00:00,10,20,2001,18,197.93
10.20.2001-21:00:00,10,20,2001,21,197.97
10.21.2001-00:00:00,10,21,2001,00,197.71
10.21.2001-03:00:00,10,21,2001,03,197.53
10.21.2001-06:00:00,10,21,2001,06,197.62
10.21.2001-09:00:00,10,21,2001,09,192.2
10.21.2001-12:00:00,10,21,2001,12,187.88
10.21.2001-15:00:00,10,21,2001,15,192.45
10.21.2001-18:00:00,10,21,2001,18,194.53
10.21.2001-21:00:00,10,21,2001,21,194.37
10.22.2001-00:00:00,10,22,2001,00,268.15
10.22.2001-03:00:00,10,22,2001,03,258.51
10.22.2001-06:00:00,10,22,2001,06,254.58
10.22.2001-09:00:00,10,22,2001,09,398.63
10.22.2001-12:00:00,10,22,2001,12,482.6
10.22.2001-15:00:00,10,22,2001,15,483.96
10.22.2001-18:00:00,10,22,2001,18,423.22
10.22.2001-21:00:00,10,22,2001,21,378.7
10.23.2001-00:00:00,10,23,2001,00,282.26
10.23.2001-03:00:00,10,23,2001,03,233.56
10.23.2001-06:00:00,10,23,2001,06,225.6
10.23.2001-09:00:00,10,23,2001,09,303.7
10.23.2001-12:00:00,10,23,2001,12,505.58
10.23.2001-15:00:00,10,23,2001,15,459.34
10.23.2001-18:00:00,10,23,2001,18,403.72
10.23.2001-21:00:00,10,23,2001,21,335.6
10.24.2001-00:00:00,10,24,2001,00,250.38
10.24.2001-03:00:00,10,24,2001,03,226.3
10.24.2001-06:00:00,10,24,2001,06,225.08
10.24.2001-09:00:00,10,24,2001,09,224.49
10.24.2001-12:00:00,10,24,2001,12,223.9
10.24.2001-15:00:00,10,24,2001,15,223.56
10.24.2001-18:00:00,10,24,2001,18,223.07
10.24.2001-21:00:00,10,24,2001,21,222.56
10.25.2001-00:00:00,10,25,2001,00,222.01
10.25.2001-03:00:00,10,25,2001,03,221.47
10.25.2001-06:00:00,10,25,2001,06,220.93
10.25.2001-09:00:00,10,25,2001,09,219.46
10.25.2001-12:00:00,10,25,2001,12,218.91
10.25.2001-15:00:00,10,25,2001,15,219.06
10.25.2001-18:00:00,10,25,2001,18,218.78
10.25.2001-21:00:00,10,25,2001,21,218.32
10.26.2001-00:00:00,10,26,2001,00,217.86
10.26.2001-03:00:00,10,26,2001,03,217.38
10.26.2001-06:00:00,10,26,2001,06,216.9
10.26.2001-09:00:00,10,26,2001,09,216.38
10.26.2001-12:00:00,10,26,2001,12,215.81
10.26.2001-15:00:00,10,26,2001,15,215.35
10.26.2001-18:00:00,10,26,2001,18,214.87
10.26.2001-21:00:00,10,26,2001,21,214.4
10.27.2001-00:00:00,10,27,2001,00,213.9
10.27.2001-03:00:00,10,27,2001,03,213.43
10.27.2001-06:00:00,10,27,2001,06,212.74
10.27.2001-09:00:00,10,27,2001,09,210.5
10.27.2001-12:00:00,10,27,2001,12,208.28
10.27.2001-15:00:00,10,27,2001,15,231.92
10.27.2001-18:00:00,10,27,2001,18,214.96
10.27.2001-21:00:00,10,27,2001,21,210.55
10.28.2001-00:00:00,10,28,2001,00,209.95
10.28.2001-03:00:00,10,28,2001,03,209.49
10.28.2001-06:00:00,10,28,2001,06,209.01
10.28.2001-09:00:00,10,28,2001,09,206.29
10.28.2001-12:00:00,10,28,2001,12,216.18
10.28.2001-15:00:00,10,28,2001,15,253.69
10.28.2001-18:00:00,10,28,2001,18,258
10.28.2001-21:00:00,10,28,2001,21,209.05
10.29.2001-00:00:00,10,29,2001,00,206.09
10.29.2001-03:00:00,10,29,2001,03,205.69
10.29.2001-06:00:00,10,29,2001,06,205.3
10.29.2001-09:00:00,10,29,2001,09,203.86
10.29.2001-12:00:00,10,29,2001,12,202.27
10.29.2001-15:00:00,10,29,2001,15,215.66
10.29.2001-18:00:00,10,29,2001,18,207.59
10.29.2001-21:00:00,10,29,2001,21,203.37
10.30.2001-00:00:00,10,30,2001,00,202.8
10.30.2001-03:00:00,10,30,2001,03,202.42
10.30.2001-06:00:00,10,30,2001,06,202.05
10.30.2001-09:00:00,10,30,2001,09,201.41
10.30.2001-12:00:00,10,30,2001,12,209.73
10.30.2001-15:00:00,10,30,2001,15,215.39
10.30.2001-18:00:00,10,30,2001,18,201.7
10.30.2001-21:00:00,10,30,2001,21,200.55
10.31.2001-00:00:00,10,31,2001,00,200.33
10.31.2001-03:00:00,10,31,2001,03,200.1
10.31.2001-06:00:00,10,31,2001,06,199.84
10.31.2001-09:00:00,10,31,2001,09,199.49
10.31.2001-12:00:00,10,31,2001,12,199.14
10.31.2001-15:00:00,10,31,2001,15,198.82
10.31.2001-18:00:00,10,31,2001,18,198.52
10.31.2001-21:00:00,10,31,2001,21,198.21
11.01.2001-00:00:00,11,01,2001,00,197.89
11.01.2001-03:00:00,11,01,2001,03,197.56
11.01.2001-06:00:00,11,01,2001,06,197.23
11.01.2001-09:00:00,11,01,2001,09,196.06
11.01.2001-12:00:00,11,01,2001,12,195.4
11.01.2001-15:00:00,11,01,2001,15,195.7
11.01.2001-18:00:00,11,01,2001,18,195.52
11.01.2001-21:00:00,11,01,2001,21,195.22
11.02.2001-00:00:00,11,02,2001,00,194.92
11.02.2001-03:00:00,11,02,2001,03,194.61
11.02.2001-06:00:00,11,02,2001,06,194.29
11.02.2001-09:00:00,11,02,2001,09,193.26
11.02.2001-12:00:00,11,02,2001,12,192.64
11.02.2001-15:00:00,11,02,2001,15,200.44
11.02.2001-18:00:00,11,02,2001,18,192.78
11.02.2001-21:00:00,11,02,2001,21,192.1
11.03.2001-00:00:00,11,03,2001,00,191.84
11.03.2001-03:00:00,11,03,2001,03,191.83
11.03.2001-06:00:00,11,03,2001,06,191.58
11.03.2001-09:00:00,11,03,2001,09,190.91
11.03.2001-12:00:00,11,03,2001,12,203.89
11.03.2001-15:00:00,11,03,2001,15,254.73
11.03.2001-18:00:00,11,03,2001,18,228.55
11.03.2001-21:00:00,11,03,2001,21,191.78
11.04.2001-00:00:00,11,04,2001,00,189.76
11.04.2001-03:00:00,11,04,2001,03,189.59
11.04.2001-06:00:00,11,04,2001,06,189.43
11.04.2001-09:00:00,11,04,2001,09,189.08
11.04.2001-12:00:00,11,04,2001,12,235.5
11.04.2001-15:00:00,11,04,2001,15,274.54
11.04.2001-18:00:00,11,04,2001,18,227.71
11.04.2001-21:00:00,11,04,2001,21,190.32
11.05.2001-00:00:00,11,05,2001,00,188.37
11.05.2001-03:00:00,11,05,2001,03,188.27
11.05.2001-06:00:00,11,05,2001,06,188.14
11.05.2001-09:00:00,11,05,2001,09,192.96
11.05.2001-12:00:00,11,05,2001,12,260.3
11.05.2001-15:00:00,11,05,2001,15,240.66
11.05.2001-18:00:00,11,05,2001,18,190.7
11.05.2001-21:00:00,11,05,2001,21,188.16
11.06.2001-00:00:00,11,06,2001,00,188.17
11.06.2001-03:00:00,11,06,2001,03,188.18
11.06.2001-06:00:00,11,06,2001,06,188.18
11.06.2001-09:00:00,11,06,2001,09,187.48
11.06.2001-12:00:00,11,06,2001,12,187.32
11.06.2001-15:00:00,11,06,2001,15,187.44
11.06.2001-18:00:00,11,06,2001,18,187.55
11.06.2001-21:00:00,11,06,2001,21,187.62
11.07.2001-00:00:00,11,07,2001,00,188.03
11.07.2001-03:00:00,11,07,2001,03,188.38
11.07.2001-06:00:00,11,07,2001,06,188.43
11.07.2001-09:00:00,11,07,2001,09,187.98
11.07.2001-12:00:00,11,07,2001,12,187.68
11.07.2001-15:00:00,11,07,2001,15,187.83
11.07.2001-18:00:00,11,07,2001,18,187.94
11.07.2001-21:00:00,11,07,2001,21,188.68
11.08.2001-00:00:00,11,08,2001,00,188.82
11.08.2001-03:00:00,11,08,2001,03,188.88
11.08.2001-06:00:00,11,08,2001,06,188.93
11.08.2001-09:00:00,11,08,2001,09,188.71
11.08.2001-12:00:00,11,08,2001,12,188.2
11.08.2001-15:00:00,11,08,2001,15,189
11.08.2001-18:00:00,11,08,2001,18,189.11
11.08.2001-21:00:00,11,08,2001,21,189.15
11.09.2001-00:00:00,11,09,2001,00,189.2
11.09.2001-03:00:00,11,09,2001,03,189.23
11.09.2001-06:00:00,11,09,2001,06,189.29
11.09.2001-09:00:00,11,09,2001,09,188.9
11.09.2001-12:00:00,11,09,2001,12,188.62
11.09.2001-15:00:00,11,09,2001,15,188.81
11.09.2001-18:00:00,11,09,2001,18,189.04
11.09.2001-21:00:00,11,09,2001,21,189.66
11.10.2001-00:00:00,11,10,2001,00,189.75
11.10.2001-03:00:00,11,10,2001,03,189.8
11.10.2001-06:00:00,11,10,2001,06,189.86
11.10.2001-09:00:00,11,10,2001,09,189.44
11.10.2001-12:00:00,11,10,2001,12,188.98
11.10.2001-15:00:00,11,10,2001,15,189.4
11.10.2001-18:00:00,11,10,2001,18,189.92
11.10.2001-21:00:00,11,10,2001,21,190
11.11.2001-00:00:00,11,11,2001,00,190.05
11.11.2001-03:00:00,11,11,2001,03,190.1
11.11.2001-06:00:00,11,11,2001,06,190.15
11.11.2001-09:00:00,11,11,2001,09,189.53
11.11.2001-12:00:00,11,11,2001,12,189.16
11.11.2001-15:00:00,11,11,2001,15,189.39
11.11.2001-18:00:00,11,11,2001,18,189.56
11.11.2001-21:00:00,11,11,2001,21,190.12
11.12.2001-00:00:00,11,12,2001,00,190.2
11.12.2001-03:00:00,11,12,2001,03,190.18
11.12.2001-06:00:00,11,12,2001,06,190.22
11.12.2001-09:00:00,11,12,2001,09,189.46
11.12.2001-12:00:00,11,12,2001,12,189.19
11.12.2001-15:00:00,11,12,2001,15,189.34
11.12.2001-18:00:00,11,12,2001,18,189.41
11.12.2001-21:00:00,11,12,2001,21,189.48
11.13.2001-00:00:00,11,13,2001,00,217.04
11.13.2001-03:00:00,11,13,2001,03,236.41
11.13.2001-06:00:00,11,13,2001,06,224.31
11.13.2001-09:00:00,11,13,2001,09,297.85
11.13.2001-12:00:00,11,13,2001,12,366.23
11.13.2001-15:00:00,11,13,2001,15,358.04
11.13.2001-18:00:00,11,13,2001,18,357.63
11.13.2001-21:00:00,11,13,2001,21,364.13
11.14.2001-00:00:00,11,14,2001,00,390.96
11.14.2001-03:00:00,11,14,2001,03,333.26
11.14.2001-06:00:00,11,14,2001,06,289.44
11.14.2001-09:00:00,11,14,2001,09,426.15
11.14.2001-12:00:00,11,14,2001,12,562.62
11.14.2001-15:00:00,11,14,2001,15,593.9
11.14.2001-18:00:00,11,14,2001,18,599.98
11.14.2001-21:00:00,11,14,2001,21,604.4
11.15.2001-00:00:00,11,15,2001,00,386.89
11.15.2001-03:00:00,11,15,2001,03,313.91
11.15.2001-06:00:00,11,15,2001,06,308.63
11.15.2001-09:00:00,11,15,2001,09,306.25
11.15.2001-12:00:00,11,15,2001,12,305.26
11.15.2001-15:00:00,11,15,2001,15,309.98
11.15.2001-18:00:00,11,15,2001,18,315.63
11.15.2001-21:00:00,11,15,2001,21,318.63
11.16.2001-00:00:00,11,16,2001,00,319.57
11.16.2001-03:00:00,11,16,2001,03,320.45
11.16.2001-06:00:00,11,16,2001,06,320.76
11.16.2001-09:00:00,11,16,2001,09,316.9
11.16.2001-12:00:00,11,16,2001,12,316.31
11.16.2001-15:00:00,11,16,2001,15,324.71
11.16.2001-18:00:00,11,16,2001,18,324.39
11.16.2001-21:00:00,11,16,2001,21,325.53
11.17.2001-00:00:00,11,17,2001,00,326.45
11.17.2001-03:00:00,11,17,2001,03,327.32
11.17.2001-06:00:00,11,17,2001,06,327.46
11.17.2001-09:00:00,11,17,2001,09,322.63
11.17.2001-12:00:00,11,17,2001,12,326.03
11.17.2001-15:00:00,11,17,2001,15,341.57
11.17.2001-18:00:00,11,17,2001,18,336.99
11.17.2001-21:00:00,11,17,2001,21,332.41
11.18.2001-00:00:00,11,18,2001,00,333.94
11.18.2001-03:00:00,11,18,2001,03,335.17
11.18.2001-06:00:00,11,18,2001,06,336.07
11.18.2001-09:00:00,11,18,2001,09,331.46
11.18.2001-12:00:00,11,18,2001,12,337.84
11.18.2001-15:00:00,11,18,2001,15,353.05
11.18.2001-18:00:00,11,18,2001,18,357.65
11.18.2001-21:00:00,11,18,2001,21,347.25
11.19.2001-00:00:00,11,19,2001,00,347.49
11.19.2001-03:00:00,11,19,2001,03,348.25
11.19.2001-06:00:00,11,19,2001,06,348.92
11.19.2001-09:00:00,11,19,2001,09,348.91
11.19.2001-12:00:00,11,19,2001,12,349.1
11.19.2001-15:00:00,11,19,2001,15,350.53
11.19.2001-18:00:00,11,19,2001,18,351.26
11.19.2001-21:00:00,11,19,2001,21,352.78
11.20.2001-00:00:00,11,20,2001,00,355.99
11.20.2001-03:00:00,11,20,2001,03,356.49
11.20.2001-06:00:00,11,20,2001,06,356.88
11.20.2001-09:00:00,11,20,2001,09,357.28
11.20.2001-12:00:00,11,20,2001,12,357.66
11.20.2001-15:00:00,11,20,2001,15,358.05
11.20.2001-18:00:00,11,20,2001,18,358.41
11.20.2001-21:00:00,11,20,2001,21,358.76
11.21.2001-00:00:00,11,21,2001,00,359.1
11.21.2001-03:00:00,11,21,2001,03,359.41
11.21.2001-06:00:00,11,21,2001,06,359.69
11.21.2001-09:00:00,11,21,2001,09,359.75
11.21.2001-12:00:00,11,21,2001,12,360.16
11.21.2001-15:00:00,11,21,2001,15,360.46
11.21.2001-18:00:00,11,21,2001,18,360.75
11.21.2001-21:00:00,11,21,2001,21,361
11.22.2001-00:00:00,11,22,2001,00,361.24
11.22.2001-03:00:00,11,22,2001,03,361.46
11.22.2001-06:00:00,11,22,2001,06,361.64
11.22.2001-09:00:00,11,22,2001,09,361.51
11.22.2001-12:00:00,11,22,2001,12,365.08
11.22.2001-15:00:00,11,22,2001,15,390.45
11.22.2001-18:00:00,11,22,2001,18,408.07
11.22.2001-21:00:00,11,22,2001,21,427.42
11.23.2001-00:00:00,11,23,2001,00,368.82
11.23.2001-03:00:00,11,23,2001,03,368.13
11.23.2001-06:00:00,11,23,2001,06,368.81
11.23.2001-09:00:00,11,23,2001,09,368.82
11.23.2001-12:00:00,11,23,2001,12,368.31
11.23.2001-15:00:00,11,23,2001,15,369.33
11.23.2001-18:00:00,11,23,2001,18,369.46
11.23.2001-21:00:00,11,23,2001,21,369.4
11.24.2001-00:00:00,11,24,2001,00,369.32
11.24.2001-03:00:00,11,24,2001,03,369.23
11.24.2001-06:00:00,11,24,2001,06,369.12
11.24.2001-09:00:00,11,24,2001,09,367.36
11.24.2001-12:00:00,11,24,2001,12,361.1
11.24.2001-15:00:00,11,24,2001,15,368.03
11.24.2001-18:00:00,11,24,2001,18,368.41
11.24.2001-21:00:00,11,24,2001,21,368.27
11.25.2001-00:00:00,11,25,2001,00,368.1
11.25.2001-03:00:00,11,25,2001,03,367.91
11.25.2001-06:00:00,11,25,2001,06,367.71
11.25.2001-09:00:00,11,25,2001,09,367.48
11.25.2001-12:00:00,11,25,2001,12,364.06
11.25.2001-15:00:00,11,25,2001,15,366.88
11.25.2001-18:00:00,11,25,2001,18,367.24
11.25.2001-21:00:00,11,25,2001,21,367.11
11.26.2001-00:00:00,11,26,2001,00,366.82
11.26.2001-03:00:00,11,26,2001,03,366.52
11.26.2001-06:00:00,11,26,2001,06,366.19
11.26.2001-09:00:00,11,26,2001,09,365.31
11.26.2001-12:00:00,11,26,2001,12,363.28
11.26.2001-15:00:00,11,26,2001,15,365.07
11.26.2001-18:00:00,11,26,2001,18,364.76
11.26.2001-21:00:00,11,26,2001,21,364.39
11.27.2001-00:00:00,11,27,2001,00,364
11.27.2001-03:00:00,11,27,2001,03,363.61
11.27.2001-06:00:00,11,27,2001,06,363.2
11.27.2001-09:00:00,11,27,2001,09,362.72
11.27.2001-12:00:00,11,27,2001,12,359.48
11.27.2001-15:00:00,11,27,2001,15,361.77
11.27.2001-18:00:00,11,27,2001,18,361.4
11.27.2001-21:00:00,11,27,2001,21,360.97
11.28.2001-00:00:00,11,28,2001,00,360.52
11.28.2001-03:00:00,11,28,2001,03,360.07
11.28.2001-06:00:00,11,28,2001,06,359.6
11.28.2001-09:00:00,11,28,2001,09,359.13
11.28.2001-12:00:00,11,28,2001,12,358.25
11.28.2001-15:00:00,11,28,2001,15,358.15
11.28.2001-18:00:00,11,28,2001,18,357.66
11.28.2001-21:00:00,11,28,2001,21,357.19
11.29.2001-00:00:00,11,29,2001,00,356.71
11.29.2001-03:00:00,11,29,2001,03,356.26
11.29.2001-06:00:00,11,29,2001,06,355.81
11.29.2001-09:00:00,11,29,2001,09,355.36
11.29.2001-12:00:00,11,29,2001,12,354.89
11.29.2001-15:00:00,11,29,2001,15,354.42
11.29.2001-18:00:00,11,29,2001,18,353.94
11.29.2001-21:00:00,11,29,2001,21,353.47
11.30.2001-00:00:00,11,30,2001,00,353
11.30.2001-03:00:00,11,30,2001,03,352.52
11.30.2001-06:00:00,11,30,2001,06,352.04
11.30.2001-09:00:00,11,30,2001,09,351.29
11.30.2001-12:00:00,11,30,2001,12,346.84
11.30.2001-15:00:00,11,30,2001,15,349.71
11.30.2001-18:00:00,11,30,2001,18,349.68
11.30.2001-21:00:00,11,30,2001,21,349.23
12.01.2001-00:00:00,12,01,2001,00,348.79
12.01.2001-03:00:00,12,01,2001,03,348.33
12.01.2001-06:00:00,12,01,2001,06,347.79
12.01.2001-09:00:00,12,01,2001,09,347.25
12.01.2001-12:00:00,12,01,2001,12,346.74
12.01.2001-15:00:00,12,01,2001,15,346.22
12.01.2001-18:00:00,12,01,2001,18,345.69
12.01.2001-21:00:00,12,01,2001,21,345.19
12.02.2001-00:00:00,12,02,2001,00,344.7
12.02.2001-03:00:00,12,02,2001,03,344.21
12.02.2001-06:00:00,12,02,2001,06,343.7
12.02.2001-09:00:00,12,02,2001,09,342.51
12.02.2001-12:00:00,12,02,2001,12,340.15
12.02.2001-15:00:00,12,02,2001,15,342
12.02.2001-18:00:00,12,02,2001,18,341.54
12.02.2001-21:00:00,12,02,2001,21,341.01
12.03.2001-00:00:00,12,03,2001,00,340.46
12.03.2001-03:00:00,12,03,2001,03,339.91
12.03.2001-06:00:00,12,03,2001,06,339.36
12.03.2001-09:00:00,12,03,2001,09,338.8
12.03.2001-12:00:00,12,03,2001,12,337.7
12.03.2001-15:00:00,12,03,2001,15,337.64
12.03.2001-18:00:00,12,03,2001,18,337.07
12.03.2001-21:00:00,12,03,2001,21,336.49
12.04.2001-00:00:00,12,04,2001,00,335.9
12.04.2001-03:00:00,12,04,2001,03,335.3
12.04.2001-06:00:00,12,04,2001,06,334.7
12.04.2001-09:00:00,12,04,2001,09,334.1
12.04.2001-12:00:00,12,04,2001,12,333.49
12.04.2001-15:00:00,12,04,2001,15,332.88
12.04.2001-18:00:00,12,04,2001,18,332.26
12.04.2001-21:00:00,12,04,2001,21,331.63
12.05.2001-00:00:00,12,05,2001,00,331.01
12.05.2001-03:00:00,12,05,2001,03,330.37
12.05.2001-06:00:00,12,05,2001,06,329.74
12.05.2001-09:00:00,12,05,2001,09,329.1
12.05.2001-12:00:00,12,05,2001,12,328.45
12.05.2001-15:00:00,12,05,2001,15,327.85
12.05.2001-18:00:00,12,05,2001,18,327.25
12.05.2001-21:00:00,12,05,2001,21,326.64
12.06.2001-00:00:00,12,06,2001,00,326.02
12.06.2001-03:00:00,12,06,2001,03,325.4
12.06.2001-06:00:00,12,06,2001,06,324.78
12.06.2001-09:00:00,12,06,2001,09,324.16
12.06.2001-12:00:00,12,06,2001,12,323.53
12.06.2001-15:00:00,12,06,2001,15,322.89
12.06.2001-18:00:00,12,06,2001,18,322.26
12.06.2001-21:00:00,12,06,2001,21,321.62
12.07.2001-00:00:00,12,07,2001,00,320.97
12.07.2001-03:00:00,12,07,2001,03,320.32
12.07.2001-06:00:00,12,07,2001,06,319.67
12.07.2001-09:00:00,12,07,2001,09,318.98
12.07.2001-12:00:00,12,07,2001,12,318.33
12.07.2001-15:00:00,12,07,2001,15,317.67
12.07.2001-18:00:00,12,07,2001,18,317.01
12.07.2001-21:00:00,12,07,2001,21,316.34
12.08.2001-00:00:00,12,08,2001,00,315.68
12.08.2001-03:00:00,12,08,2001,03,315.01
12.08.2001-06:00:00,12,08,2001,06,314.34
12.08.2001-09:00:00,12,08,2001,09,313.66
12.08.2001-12:00:00,12,08,2001,12,312.38
12.08.2001-15:00:00,12,08,2001,15,312.26
12.08.2001-18:00:00,12,08,2001,18,311.6
12.08.2001-21:00:00,12,08,2001,21,310.92
12.09.2001-00:00:00,12,09,2001,00,310.24
12.09.2001-03:00:00,12,09,2001,03,309.55
12.09.2001-06:00:00,12,09,2001,06,308.87
12.09.2001-09:00:00,12,09,2001,09,308.18
12.09.2001-12:00:00,12,09,2001,12,307.47
12.09.2001-15:00:00,12,09,2001,15,306.78
12.09.2001-18:00:00,12,09,2001,18,306.08
12.09.2001-21:00:00,12,09,2001,21,305.38
12.10.2001-00:00:00,12,10,2001,00,304.68
12.10.2001-03:00:00,12,10,2001,03,303.99
12.10.2001-06:00:00,12,10,2001,06,303.29
12.10.2001-09:00:00,12,10,2001,09,302.59
12.10.2001-12:00:00,12,10,2001,12,301.89
12.10.2001-15:00:00,12,10,2001,15,301.18
12.10.2001-18:00:00,12,10,2001,18,300.48
12.10.2001-21:00:00,12,10,2001,21,299.78
12.11.2001-00:00:00,12,11,2001,00,299.07
12.11.2001-03:00:00,12,11,2001,03,298.37
12.11.2001-06:00:00,12,11,2001,06,297.66
12.11.2001-09:00:00,12,11,2001,09,296.95
12.11.2001-12:00:00,12,11,2001,12,296.25
12.11.2001-15:00:00,12,11,2001,15,295.54
12.11.2001-18:00:00,12,11,2001,18,294.83
12.11.2001-21:00:00,12,11,2001,21,294.12
12.12.2001-00:00:00,12,12,2001,00,293.41
12.12.2001-03:00:00,12,12,2001,03,292.7
12.12.2001-06:00:00,12,12,2001,06,291.99
12.12.2001-09:00:00,12,12,2001,09,291.28
12.12.2001-12:00:00,12,12,2001,12,290.57
12.12.2001-15:00:00,12,12,2001,15,289.86
12.12.2001-18:00:00,12,12,2001,18,289.15
12.12.2001-21:00:00,12,12,2001,21,288.44
12.13.2001-00:00:00,12,13,2001,00,287.73
12.13.2001-03:00:00,12,13,2001,03,287.02
12.13.2001-06:00:00,12,13,2001,06,286.31
12.13.2001-09:00:00,12,13,2001,09,285.6
12.13.2001-12:00:00,12,13,2001,12,284.89
12.13.2001-15:00:00,12,13,2001,15,284.18
12.13.2001-18:00:00,12,13,2001,18,283.47
12.13.2001-21:00:00,12,13,2001,21,282.76
12.14.2001-00:00:00,12,14,2001,00,282.05
12.14.2001-03:00:00,12,14,2001,03,281.34
12.14.2001-06:00:00,12,14,2001,06,280.63
12.14.2001-09:00:00,12,14,2001,09,279.09
12.14.2001-12:00:00,12,14,2001,12,277.08
12.14.2001-15:00:00,12,14,2001,15,277.81
12.14.2001-18:00:00,12,14,2001,18,277.19
12.14.2001-21:00:00,12,14,2001,21,276.7
12.15.2001-00:00:00,12,15,2001,00,276.16
12.15.2001-03:00:00,12,15,2001,03,275.5
12.15.2001-06:00:00,12,15,2001,06,274.83
12.15.2001-09:00:00,12,15,2001,09,274.17
12.15.2001-12:00:00,12,15,2001,12,272.86
12.15.2001-15:00:00,12,15,2001,15,272.78
12.15.2001-18:00:00,12,15,2001,18,272.12
12.15.2001-21:00:00,12,15,2001,21,271.46
12.16.2001-00:00:00,12,16,2001,00,270.79
12.16.2001-03:00:00,12,16,2001,03,270.13
12.16.2001-06:00:00,12,16,2001,06,269.46
12.16.2001-09:00:00,12,16,2001,09,268.8
12.16.2001-12:00:00,12,16,2001,12,268.14
12.16.2001-15:00:00,12,16,2001,15,267.48
12.16.2001-18:00:00,12,16,2001,18,266.81
12.16.2001-21:00:00,12,16,2001,21,266.15
12.17.2001-00:00:00,12,17,2001,00,265.49
12.17.2001-03:00:00,12,17,2001,03,264.83
12.17.2001-06:00:00,12,17,2001,06,264.17
12.17.2001-09:00:00,12,17,2001,09,262.87
12.17.2001-12:00:00,12,17,2001,12,261.51
12.17.2001-15:00:00,12,17,2001,15,261.94
12.17.2001-18:00:00,12,17,2001,18,261.32
12.17.2001-21:00:00,12,17,2001,21,260.67
12.18.2001-00:00:00,12,18,2001,00,260.03
12.18.2001-03:00:00,12,18,2001,03,259.38
12.18.2001-06:00:00,12,18,2001,06,258.79
12.18.2001-09:00:00,12,18,2001,09,258.17
12.18.2001-12:00:00,12,18,2001,12,256.78
12.18.2001-15:00:00,12,18,2001,15,256.8
12.18.2001-18:00:00,12,18,2001,18,256.16
12.18.2001-21:00:00,12,18,2001,21,255.51
12.19.2001-00:00:00,12,19,2001,00,254.86
12.19.2001-03:00:00,12,19,2001,03,254.22
12.19.2001-06:00:00,12,19,2001,06,253.57
12.19.2001-09:00:00,12,19,2001,09,252.92
12.19.2001-12:00:00,12,19,2001,12,252.28
12.19.2001-15:00:00,12,19,2001,15,251.64
12.19.2001-18:00:00,12,19,2001,18,251.01
12.19.2001-21:00:00,12,19,2001,21,250.39
12.20.2001-00:00:00,12,20,2001,00,249.76
12.20.2001-03:00:00,12,20,2001,03,249.14
12.20.2001-06:00:00,12,20,2001,06,248.51
12.20.2001-09:00:00,12,20,2001,09,247.89
12.20.2001-12:00:00,12,20,2001,12,247.27
12.20.2001-15:00:00,12,20,2001,15,246.64
12.20.2001-18:00:00,12,20,2001,18,246.02
12.20.2001-21:00:00,12,20,2001,21,245.4
12.21.2001-00:00:00,12,21,2001,00,244.78
12.21.2001-03:00:00,12,21,2001,03,244.16
12.21.2001-06:00:00,12,21,2001,06,243.55
12.21.2001-09:00:00,12,21,2001,09,242.93
12.21.2001-12:00:00,12,21,2001,12,242.32
12.21.2001-15:00:00,12,21,2001,15,241.7
12.21.2001-18:00:00,12,21,2001,18,241.09
12.21.2001-21:00:00,12,21,2001,21,240.47
12.22.2001-00:00:00,12,22,2001,00,239.86
12.22.2001-03:00:00,12,22,2001,03,239.25
12.22.2001-06:00:00,12,22,2001,06,238.64
12.22.2001-09:00:00,12,22,2001,09,238.03
12.22.2001-12:00:00,12,22,2001,12,237.43
12.22.2001-15:00:00,12,22,2001,15,236.82
12.22.2001-18:00:00,12,22,2001,18,236.22
12.22.2001-21:00:00,12,22,2001,21,235.61
12.23.2001-00:00:00,12,23,2001,00,235.01
12.23.2001-03:00:00,12,23,2001,03,234.41
12.23.2001-06:00:00,12,23,2001,06,233.8
12.23.2001-09:00:00,12,23,2001,09,233.2
12.23.2001-12:00:00,12,23,2001,12,232.61
12.23.2001-15:00:00,12,23,2001,15,232.01
12.23.2001-18:00:00,12,23,2001,18,231.41
12.23.2001-21:00:00,12,23,2001,21,230.82
12.24.2001-00:00:00,12,24,2001,00,230.22
12.24.2001-03:00:00,12,24,2001,03,229.63
12.24.2001-06:00:00,12,24,2001,06,229.04
12.24.2001-09:00:00,12,24,2001,09,228.45
12.24.2001-12:00:00,12,24,2001,12,227.6
12.24.2001-15:00:00,12,24,2001,15,227.26
12.24.2001-18:00:00,12,24,2001,18,226.68
12.24.2001-21:00:00,12,24,2001,21,226.09
12.25.2001-00:00:00,12,25,2001,00,225.51
12.25.2001-03:00:00,12,25,2001,03,224.92
12.25.2001-06:00:00,12,25,2001,06,224.34
12.25.2001-09:00:00,12,25,2001,09,223.76
12.25.2001-12:00:00,12,25,2001,12,223.18
12.25.2001-15:00:00,12,25,2001,15,222.6
12.25.2001-18:00:00,12,25,2001,18,222.03
12.25.2001-21:00:00,12,25,2001,21,221.45
12.26.2001-00:00:00,12,26,2001,00,220.88
12.26.2001-03:00:00,12,26,2001,03,220.31
12.26.2001-06:00:00,12,26,2001,06,219.73
12.26.2001-09:00:00,12,26,2001,09,219.16
12.26.2001-12:00:00,12,26,2001,12,218.59
12.26.2001-15:00:00,12,26,2001,15,218.03
12.26.2001-18:00:00,12,26,2001,18,217.46
12.26.2001-21:00:00,12,26,2001,21,216.9
12.27.2001-00:00:00,12,27,2001,00,216.33
12.27.2001-03:00:00,12,27,2001,03,215.77
12.27.2001-06:00:00,12,27,2001,06,215.22
12.27.2001-09:00:00,12,27,2001,09,214.66
12.27.2001-12:00:00,12,27,2001,12,214.1
12.27.2001-15:00:00,12,27,2001,15,213.55
12.27.2001-18:00:00,12,27,2001,18,212.99
12.27.2001-21:00:00,12,27,2001,21,212.44
12.28.2001-00:00:00,12,28,2001,00,211.89
12.28.2001-03:00:00,12,28,2001,03,211.34
12.28.2001-06:00:00,12,28,2001,06,210.79
12.28.2001-09:00:00,12,28,2001,09,210.24
12.28.2001-12:00:00,12,28,2001,12,209.66
12.28.2001-15:00:00,12,28,2001,15,209.11
12.28.2001-18:00:00,12,28,2001,18,208.57
12.28.2001-21:00:00,12,28,2001,21,208.03
12.29.2001-00:00:00,12,29,2001,00,207.5
12.29.2001-03:00:00,12,29,2001,03,206.96
12.29.2001-06:00:00,12,29,2001,06,206.42
12.29.2001-09:00:00,12,29,2001,09,205.89
12.29.2001-12:00:00,12,29,2001,12,205.36
12.29.2001-15:00:00,12,29,2001,15,204.83
12.29.2001-18:00:00,12,29,2001,18,204.3
12.29.2001-21:00:00,12,29,2001,21,203.77
12.30.2001-00:00:00,12,30,2001,00,203.25
12.30.2001-03:00:00,12,30,2001,03,202.72
12.30.2001-06:00:00,12,30,2001,06,202.2
12.30.2001-09:00:00,12,30,2001,09,201.68
12.30.2001-12:00:00,12,30,2001,12,201.16
12.30.2001-15:00:00,12,30,2001,15,200.65
12.30.2001-18:00:00,12,30,2001,18,200.13
12.30.2001-21:00:00,12,30,2001,21,199.61
12.31.2001-00:00:00,12,31,2001,00,199.1
12.31.2001-03:00:00,12,31,2001,03,198.59
12.31.2001-06:00:00,12,31,2001,06,198.08
12.31.2001-09:00:00,12,31,2001,09,197.57
12.31.2001-12:00:00,12,31,2001,12,196.96
12.31.2001-15:00:00,12,31,2001,15,196.55
12.31.2001-18:00:00,12,31,2001,18,196.05
12.31.2001-21:00:00,12,31,2001,21,195.54
01.01.2002-00:00:00,01,01,2002,00,195.04
01.01.2002-03:00:00,01,01,2002,03,194.54
01.01.2002-06:00:00,01,01,2002,06,194.04
01.01.2002-09:00:00,01,01,2002,09,193.47
01.01.2002-12:00:00,01,01,2002,12,192.91
01.01.2002-15:00:00,01,01,2002,15,192.55
01.01.2002-18:00:00,01,01,2002,18,192.06
01.01.2002-21:00:00,01,01,2002,21,191.57
01.02.2002-00:00:00,01,02,2002,00,191.08
01.02.2002-03:00:00,01,02,2002,03,190.59
01.02.2002-06:00:00,01,02,2002,06,190.11
01.02.2002-09:00:00,01,02,2002,09,189.62
01.02.2002-12:00:00,01,02,2002,12,189.13
01.02.2002-15:00:00,01,02,2002,15,188.65
01.02.2002-18:00:00,01,02,2002,18,188.17
01.02.2002-21:00:00,01,02,2002,21,187.69
01.03.2002-00:00:00,01,03,2002,00,187.21
01.03.2002-03:00:00,01,03,2002,03,186.73
01.03.2002-06:00:00,01,03,2002,06,186.25
01.03.2002-09:00:00,01,03,2002,09,185.68
01.03.2002-12:00:00,01,03,2002,12,185.08
01.03.2002-15:00:00,01,03,2002,15,184.82
01.03.2002-18:00:00,01,03,2002,18,184.36
01.03.2002-21:00:00,01,03,2002,21,183.89
01.04.2002-00:00:00,01,04,2002,00,183.42
01.04.2002-03:00:00,01,04,2002,03,182.95
01.04.2002-06:00:00,01,04,2002,06,182.49
01.04.2002-09:00:00,01,04,2002,09,181.4
01.04.2002-12:00:00,01,04,2002,12,180.56
01.04.2002-15:00:00,01,04,2002,15,181.03
01.04.2002-18:00:00,01,04,2002,18,180.59
01.04.2002-21:00:00,01,04,2002,21,180.13
01.05.2002-00:00:00,01,05,2002,00,179.67
01.05.2002-03:00:00,01,05,2002,03,179.22
01.05.2002-06:00:00,01,05,2002,06,178.77
01.05.2002-09:00:00,01,05,2002,09,178.31
01.05.2002-12:00:00,01,05,2002,12,177.86
01.05.2002-15:00:00,01,05,2002,15,177.41
01.05.2002-18:00:00,01,05,2002,18,176.96
01.05.2002-21:00:00,01,05,2002,21,176.51
01.06.2002-00:00:00,01,06,2002,00,176.07
01.06.2002-03:00:00,01,06,2002,03,175.62
01.06.2002-06:00:00,01,06,2002,06,175.17
01.06.2002-09:00:00,01,06,2002,09,174.73
01.06.2002-12:00:00,01,06,2002,12,174.29
01.06.2002-15:00:00,01,06,2002,15,173.85
01.06.2002-18:00:00,01,06,2002,18,173.41
01.06.2002-21:00:00,01,06,2002,21,172.98
01.07.2002-00:00:00,01,07,2002,00,172.54
01.07.2002-03:00:00,01,07,2002,03,172.11
01.07.2002-06:00:00,01,07,2002,06,171.67
01.07.2002-09:00:00,01,07,2002,09,171.24
01.07.2002-12:00:00,01,07,2002,12,170.78
01.07.2002-15:00:00,01,07,2002,15,170.39
01.07.2002-18:00:00,01,07,2002,18,169.96
01.07.2002-21:00:00,01,07,2002,21,169.54
01.08.2002-00:00:00,01,08,2002,00,169.11
01.08.2002-03:00:00,01,08,2002,03,168.69
01.08.2002-06:00:00,01,08,2002,06,168.2
01.08.2002-09:00:00,01,08,2002,09,167.79
01.08.2002-12:00:00,01,08,2002,12,167.3
01.08.2002-15:00:00,01,08,2002,15,166.95
01.08.2002-18:00:00,01,08,2002,18,166.54
01.08.2002-21:00:00,01,08,2002,21,166.15
01.09.2002-00:00:00,01,09,2002,00,165.78
01.09.2002-03:00:00,01,09,2002,03,165.41
01.09.2002-06:00:00,01,09,2002,06,165.04
01.09.2002-09:00:00,01,09,2002,09,163.15
01.09.2002-12:00:00,01,09,2002,12,162.59
01.09.2002-15:00:00,01,09,2002,15,163.35
01.09.2002-18:00:00,01,09,2002,18,163.41
01.09.2002-21:00:00,01,09,2002,21,163.07
01.10.2002-00:00:00,01,10,2002,00,162.71
01.10.2002-03:00:00,01,10,2002,03,162.34
01.10.2002-06:00:00,01,10,2002,06,161.97
01.10.2002-09:00:00,01,10,2002,09,160.2
01.10.2002-12:00:00,01,10,2002,12,159.77
01.10.2002-15:00:00,01,10,2002,15,160.46
01.10.2002-18:00:00,01,10,2002,18,160.17
01.10.2002-21:00:00,01,10,2002,21,160.04
01.11.2002-00:00:00,01,11,2002,00,159.69
01.11.2002-03:00:00,01,11,2002,03,159.33
01.11.2002-06:00:00,01,11,2002,06,158.96
01.11.2002-09:00:00,01,11,2002,09,157.9
01.11.2002-12:00:00,01,11,2002,12,157.43
01.11.2002-15:00:00,01,11,2002,15,157.72
01.11.2002-18:00:00,01,11,2002,18,157.5
01.11.2002-21:00:00,01,11,2002,21,157.14
01.12.2002-00:00:00,01,12,2002,00,156.79
01.12.2002-03:00:00,01,12,2002,03,156.43
01.12.2002-06:00:00,01,12,2002,06,156.08
01.12.2002-09:00:00,01,12,2002,09,155.63
01.12.2002-12:00:00,01,12,2002,12,155.24
01.12.2002-15:00:00,01,12,2002,15,155.02
01.12.2002-18:00:00,01,12,2002,18,154.69
01.12.2002-21:00:00,01,12,2002,21,154.36
01.13.2002-00:00:00,01,13,2002,00,154.03
01.13.2002-03:00:00,01,13,2002,03,153.7
01.13.2002-06:00:00,01,13,2002,06,153.36
01.13.2002-09:00:00,01,13,2002,09,152.17
01.13.2002-12:00:00,01,13,2002,12,151.79
01.13.2002-15:00:00,01,13,2002,15,152.3
01.13.2002-18:00:00,01,13,2002,18,151.99
01.13.2002-21:00:00,01,13,2002,21,151.66
01.14.2002-00:00:00,01,14,2002,00,151.33
01.14.2002-03:00:00,01,14,2002,03,151
01.14.2002-06:00:00,01,14,2002,06,150.68
01.14.2002-09:00:00,01,14,2002,09,150.35
01.14.2002-12:00:00,01,14,2002,12,149.18
01.14.2002-15:00:00,01,14,2002,15,149.65
01.14.2002-18:00:00,01,14,2002,18,149.34
01.14.2002-21:00:00,01,14,2002,21,149.02
01.15.2002-00:00:00,01,15,2002,00,148.69
01.15.2002-03:00:00,01,15,2002,03,148.37
01.15.2002-06:00:00,01,15,2002,06,148.04
01.15.2002-09:00:00,01,15,2002,09,147.72
01.15.2002-12:00:00,01,15,2002,12,147.39
01.15.2002-15:00:00,01,15,2002,15,147.07
01.15.2002-18:00:00,01,15,2002,18,146.75
01.15.2002-21:00:00,01,15,2002,21,146.43
01.16.2002-00:00:00,01,16,2002,00,146.11
01.16.2002-03:00:00,01,16,2002,03,145.79
01.16.2002-06:00:00,01,16,2002,06,145.48
01.16.2002-09:00:00,01,16,2002,09,145.16
01.16.2002-12:00:00,01,16,2002,12,144.85
01.16.2002-15:00:00,01,16,2002,15,144.53
01.16.2002-18:00:00,01,16,2002,18,144.22
01.16.2002-21:00:00,01,16,2002,21,143.91
01.17.2002-00:00:00,01,17,2002,00,143.59
01.17.2002-03:00:00,01,17,2002,03,143.28
01.17.2002-06:00:00,01,17,2002,06,142.97
01.17.2002-09:00:00,01,17,2002,09,142.66
01.17.2002-12:00:00,01,17,2002,12,141.77
01.17.2002-15:00:00,01,17,2002,15,141.62
01.17.2002-18:00:00,01,17,2002,18,141.7
01.17.2002-21:00:00,01,17,2002,21,141.39
01.18.2002-00:00:00,01,18,2002,00,141.08
01.18.2002-03:00:00,01,18,2002,03,140.78
01.18.2002-06:00:00,01,18,2002,06,140.47
01.18.2002-09:00:00,01,18,2002,09,140.16
01.18.2002-12:00:00,01,18,2002,12,139.86
01.18.2002-15:00:00,01,18,2002,15,139.55
01.18.2002-18:00:00,01,18,2002,18,139.25
01.18.2002-21:00:00,01,18,2002,21,138.94
01.19.2002-00:00:00,01,19,2002,00,138.64
01.19.2002-03:00:00,01,19,2002,03,138.34
01.19.2002-06:00:00,01,19,2002,06,138.04
01.19.2002-09:00:00,01,19,2002,09,137.74
01.19.2002-12:00:00,01,19,2002,12,137.44
01.19.2002-15:00:00,01,19,2002,15,137.14
01.19.2002-18:00:00,01,19,2002,18,136.84
01.19.2002-21:00:00,01,19,2002,21,136.54
01.20.2002-00:00:00,01,20,2002,00,136.24
01.20.2002-03:00:00,01,20,2002,03,135.94
01.20.2002-06:00:00,01,20,2002,06,135.65
01.20.2002-09:00:00,01,20,2002,09,135.31
01.20.2002-12:00:00,01,20,2002,12,134.97
01.20.2002-15:00:00,01,20,2002,15,134.74
01.20.2002-18:00:00,01,20,2002,18,134.47
01.20.2002-21:00:00,01,20,2002,21,134.2
01.21.2002-00:00:00,01,21,2002,00,133.93
01.21.2002-03:00:00,01,21,2002,03,133.66
01.21.2002-06:00:00,01,21,2002,06,133.4
01.21.2002-09:00:00,01,21,2002,09,133.12
01.21.2002-12:00:00,01,21,2002,12,132.81
01.21.2002-15:00:00,01,21,2002,15,132.57
01.21.2002-18:00:00,01,21,2002,18,132.31
01.21.2002-21:00:00,01,21,2002,21,132.05
01.22.2002-00:00:00,01,22,2002,00,131.78
01.22.2002-03:00:00,01,22,2002,03,131.52
01.22.2002-06:00:00,01,22,2002,06,131.26
01.22.2002-09:00:00,01,22,2002,09,130.99
01.22.2002-12:00:00,01,22,2002,12,130.72
01.22.2002-15:00:00,01,22,2002,15,130.46
01.22.2002-18:00:00,01,22,2002,18,130.19
01.22.2002-21:00:00,01,22,2002,21,129.93
01.23.2002-00:00:00,01,23,2002,00,129.67
01.23.2002-03:00:00,01,23,2002,03,129.41
01.23.2002-06:00:00,01,23,2002,06,129.15
01.23.2002-09:00:00,01,23,2002,09,128.89
01.23.2002-12:00:00,01,23,2002,12,128.63
01.23.2002-15:00:00,01,23,2002,15,128.37
01.23.2002-18:00:00,01,23,2002,18,128.11
01.23.2002-21:00:00,01,23,2002,21,127.85
01.24.2002-00:00:00,01,24,2002,00,127.6
01.24.2002-03:00:00,01,24,2002,03,127.34
01.24.2002-06:00:00,01,24,2002,06,127.08
01.24.2002-09:00:00,01,24,2002,09,126.83
01.24.2002-12:00:00,01,24,2002,12,126.51
01.24.2002-15:00:00,01,24,2002,15,126.29
01.24.2002-18:00:00,01,24,2002,18,126.04
01.24.2002-21:00:00,01,24,2002,21,125.79
01.25.2002-00:00:00,01,25,2002,00,125.53
01.25.2002-03:00:00,01,25,2002,03,125.28
01.25.2002-06:00:00,01,25,2002,06,125.03
01.25.2002-09:00:00,01,25,2002,09,124.76
01.25.2002-12:00:00,01,25,2002,12,124.5
01.25.2002-15:00:00,01,25,2002,15,124.25
01.25.2002-18:00:00,01,25,2002,18,124
01.25.2002-21:00:00,01,25,2002,21,123.75
01.26.2002-00:00:00,01,26,2002,00,123.5
01.26.2002-03:00:00,01,26,2002,03,123.25
01.26.2002-06:00:00,01,26,2002,06,123
01.26.2002-09:00:00,01,26,2002,09,122.75
01.26.2002-12:00:00,01,26,2002,12,122.48
01.26.2002-15:00:00,01,26,2002,15,122.24
01.26.2002-18:00:00,01,26,2002,18,122
01.26.2002-21:00:00,01,26,2002,21,121.75
01.27.2002-00:00:00,01,27,2002,00,121.51
01.27.2002-03:00:00,01,27,2002,03,121.26
01.27.2002-06:00:00,01,27,2002,06,121.02
01.27.2002-09:00:00,01,27,2002,09,120.77
01.27.2002-12:00:00,01,27,2002,12,120.53
01.27.2002-15:00:00,01,27,2002,15,120.29
01.27.2002-18:00:00,01,27,2002,18,120.05
01.27.2002-21:00:00,01,27,2002,21,119.81
01.28.2002-00:00:00,01,28,2002,00,119.57
01.28.2002-03:00:00,01,28,2002,03,119.34
01.28.2002-06:00:00,01,28,2002,06,119.1
01.28.2002-09:00:00,01,28,2002,09,118.86
01.28.2002-12:00:00,01,28,2002,12,118.62
01.28.2002-15:00:00,01,28,2002,15,118.39
01.28.2002-18:00:00,01,28,2002,18,118.15
01.28.2002-21:00:00,01,28,2002,21,117.91
01.29.2002-00:00:00,01,29,2002,00,117.68
01.29.2002-03:00:00,01,29,2002,03,117.44
01.29.2002-06:00:00,01,29,2002,06,117.21
01.29.2002-09:00:00,01,29,2002,09,116.97
01.29.2002-12:00:00,01,29,2002,12,116.74
01.29.2002-15:00:00,01,29,2002,15,116.51
01.29.2002-18:00:00,01,29,2002,18,116.28
01.29.2002-21:00:00,01,29,2002,21,116.05
01.30.2002-00:00:00,01,30,2002,00,115.82
01.30.2002-03:00:00,01,30,2002,03,115.59
01.30.2002-06:00:00,01,30,2002,06,115.36
01.30.2002-09:00:00,01,30,2002,09,115.13
01.30.2002-12:00:00,01,30,2002,12,114.91
01.30.2002-15:00:00,01,30,2002,15,114.68
01.30.2002-18:00:00,01,30,2002,18,114.45
01.30.2002-21:00:00,01,30,2002,21,114.23
01.31.2002-00:00:00,01,31,2002,00,114
01.31.2002-03:00:00,01,31,2002,03,113.78
01.31.2002-06:00:00,01,31,2002,06,113.56
01.31.2002-09:00:00,01,31,2002,09,113.33
01.31.2002-12:00:00,01,31,2002,12,113.08
01.31.2002-15:00:00,01,31,2002,15,112.87
01.31.2002-18:00:00,01,31,2002,18,112.65
01.31.2002-21:00:00,01,31,2002,21,112.43
02.01.2002-00:00:00,02,01,2002,00,112.21
02.01.2002-03:00:00,02,01,2002,03,111.99
02.01.2002-06:00:00,02,01,2002,06,111.77
02.01.2002-09:00:00,02,01,2002,09,111.55
02.01.2002-12:00:00,02,01,2002,12,111.26
02.01.2002-15:00:00,02,01,2002,15,111.11
02.01.2002-18:00:00,02,01,2002,18,110.9
02.01.2002-21:00:00,02,01,2002,21,110.68
02.02.2002-00:00:00,02,02,2002,00,110.46
02.02.2002-03:00:00,02,02,2002,03,110.25
02.02.2002-06:00:00,02,02,2002,06,110.03
02.02.2002-09:00:00,02,02,2002,09,109.81
02.02.2002-12:00:00,02,02,2002,12,109.35
02.02.2002-15:00:00,02,02,2002,15,109.3
02.02.2002-18:00:00,02,02,2002,18,109.15
02.02.2002-21:00:00,02,02,2002,21,108.94
02.03.2002-00:00:00,02,03,2002,00,108.72
02.03.2002-03:00:00,02,03,2002,03,108.51
02.03.2002-06:00:00,02,03,2002,06,108.3
02.03.2002-09:00:00,02,03,2002,09,108.08
02.03.2002-12:00:00,02,03,2002,12,107.64
02.03.2002-15:00:00,02,03,2002,15,107.58
02.03.2002-18:00:00,02,03,2002,18,107.43
02.03.2002-21:00:00,02,03,2002,21,107.22
02.04.2002-00:00:00,02,04,2002,00,107.01
02.04.2002-03:00:00,02,04,2002,03,106.81
02.04.2002-06:00:00,02,04,2002,06,106.6
02.04.2002-09:00:00,02,04,2002,09,106.38
02.04.2002-12:00:00,02,04,2002,12,105.99
02.04.2002-15:00:00,02,04,2002,15,105.88
02.04.2002-18:00:00,02,04,2002,18,105.74
02.04.2002-21:00:00,02,04,2002,21,105.54
02.05.2002-00:00:00,02,05,2002,00,105.33
02.05.2002-03:00:00,02,05,2002,03,105.12
02.05.2002-06:00:00,02,05,2002,06,104.92
02.05.2002-09:00:00,02,05,2002,09,104.71
02.05.2002-12:00:00,02,05,2002,12,104.51
02.05.2002-15:00:00,02,05,2002,15,104.31
02.05.2002-18:00:00,02,05,2002,18,104.1
02.05.2002-21:00:00,02,05,2002,21,103.9
02.06.2002-00:00:00,02,06,2002,00,103.7
02.06.2002-03:00:00,02,06,2002,03,103.49
02.06.2002-06:00:00,02,06,2002,06,103.29
02.06.2002-09:00:00,02,06,2002,09,103.09
02.06.2002-12:00:00,02,06,2002,12,102.89
02.06.2002-15:00:00,02,06,2002,15,102.69
02.06.2002-18:00:00,02,06,2002,18,102.48
02.06.2002-21:00:00,02,06,2002,21,102.28
02.07.2002-00:00:00,02,07,2002,00,102.09
02.07.2002-03:00:00,02,07,2002,03,101.89
02.07.2002-06:00:00,02,07,2002,06,101.69
02.07.2002-09:00:00,02,07,2002,09,101.49
02.07.2002-12:00:00,02,07,2002,12,101.29
02.07.2002-15:00:00,02,07,2002,15,101.09
02.07.2002-18:00:00,02,07,2002,18,100.89
02.07.2002-21:00:00,02,07,2002,21,100.7
02.08.2002-00:00:00,02,08,2002,00,100.5
02.08.2002-03:00:00,02,08,2002,03,100.3
02.08.2002-06:00:00,02,08,2002,06,100.11
02.08.2002-09:00:00,02,08,2002,09,99.8
02.08.2002-12:00:00,02,08,2002,12,99.505
02.08.2002-15:00:00,02,08,2002,15,99.422
02.08.2002-18:00:00,02,08,2002,18,99.248
02.08.2002-21:00:00,02,08,2002,21,99.113
02.09.2002-00:00:00,02,09,2002,00,98.925
02.09.2002-03:00:00,02,09,2002,03,98.733
02.09.2002-06:00:00,02,09,2002,06,98.541
02.09.2002-09:00:00,02,09,2002,09,98.256
02.09.2002-12:00:00,02,09,2002,12,97.986
02.09.2002-15:00:00,02,09,2002,15,97.862
02.09.2002-18:00:00,02,09,2002,18,97.677
02.09.2002-21:00:00,02,09,2002,21,97.489
02.10.2002-00:00:00,02,10,2002,00,97.301
02.10.2002-03:00:00,02,10,2002,03,97.141
02.10.2002-06:00:00,02,10,2002,06,96.985
02.10.2002-09:00:00,02,10,2002,09,96.799
02.10.2002-12:00:00,02,10,2002,12,96.458
02.10.2002-15:00:00,02,10,2002,15,96.354
02.10.2002-18:00:00,02,10,2002,18,96.173
02.10.2002-21:00:00,02,10,2002,21,96.012
02.11.2002-00:00:00,02,11,2002,00,95.855
02.11.2002-03:00:00,02,11,2002,03,95.671
02.11.2002-06:00:00,02,11,2002,06,95.487
02.11.2002-09:00:00,02,11,2002,09,95.294
02.11.2002-12:00:00,02,11,2002,12,94.961
02.11.2002-15:00:00,02,11,2002,15,94.862
02.11.2002-18:00:00,02,11,2002,18,94.686
02.11.2002-21:00:00,02,11,2002,21,94.506
02.12.2002-00:00:00,02,12,2002,00,94.351
02.12.2002-03:00:00,02,12,2002,03,94.191
02.12.2002-06:00:00,02,12,2002,06,94.011
02.12.2002-09:00:00,02,12,2002,09,93.831
02.12.2002-12:00:00,02,12,2002,12,93.504
02.12.2002-15:00:00,02,12,2002,15,93.408
02.12.2002-18:00:00,02,12,2002,18,93.235
02.12.2002-21:00:00,02,12,2002,21,93.057
02.13.2002-00:00:00,02,13,2002,00,92.88
02.13.2002-03:00:00,02,13,2002,03,92.703
02.13.2002-06:00:00,02,13,2002,06,92.527
02.13.2002-09:00:00,02,13,2002,09,92.352
02.13.2002-12:00:00,02,13,2002,12,92.103
02.13.2002-15:00:00,02,13,2002,15,91.994
02.13.2002-18:00:00,02,13,2002,18,91.825
02.13.2002-21:00:00,02,13,2002,21,91.652
02.14.2002-00:00:00,02,14,2002,00,91.479
02.14.2002-03:00:00,02,14,2002,03,91.307
02.14.2002-06:00:00,02,14,2002,06,91.136
02.14.2002-09:00:00,02,14,2002,09,90.872
02.14.2002-12:00:00,02,14,2002,12,90.681
02.14.2002-15:00:00,02,14,2002,15,90.559
02.14.2002-18:00:00,02,14,2002,18,90.392
02.14.2002-21:00:00,02,14,2002,21,90.222
02.15.2002-00:00:00,02,15,2002,00,90.053
02.15.2002-03:00:00,02,15,2002,03,89.885
02.15.2002-06:00:00,02,15,2002,06,89.716
02.15.2002-09:00:00,02,15,2002,09,89.509
02.15.2002-12:00:00,02,15,2002,12,89.315
02.15.2002-15:00:00,02,15,2002,15,89.158
02.15.2002-18:00:00,02,15,2002,18,88.992
02.15.2002-21:00:00,02,15,2002,21,88.826
02.16.2002-00:00:00,02,16,2002,00,88.661
02.16.2002-03:00:00,02,16,2002,03,88.495
02.16.2002-06:00:00,02,16,2002,06,88.33
02.16.2002-09:00:00,02,16,2002,09,88.081
02.16.2002-12:00:00,02,16,2002,12,87.809
02.16.2002-15:00:00,02,16,2002,15,87.782
02.16.2002-18:00:00,02,16,2002,18,87.626
02.16.2002-21:00:00,02,16,2002,21,87.464
02.17.2002-00:00:00,02,17,2002,00,87.301
02.17.2002-03:00:00,02,17,2002,03,87.139
02.17.2002-06:00:00,02,17,2002,06,86.977
02.17.2002-09:00:00,02,17,2002,09,86.657
02.17.2002-12:00:00,02,17,2002,12,86.428
02.17.2002-15:00:00,02,17,2002,15,86.434
02.17.2002-18:00:00,02,17,2002,18,86.283
02.17.2002-21:00:00,02,17,2002,21,86.123
02.18.2002-00:00:00,02,18,2002,00,85.964
02.18.2002-03:00:00,02,18,2002,03,85.804
02.18.2002-06:00:00,02,18,2002,06,85.646
02.18.2002-09:00:00,02,18,2002,09,85.281
02.18.2002-12:00:00,02,18,2002,12,85.063
02.18.2002-15:00:00,02,18,2002,15,85.115
02.18.2002-18:00:00,02,18,2002,18,84.97
02.18.2002-21:00:00,02,18,2002,21,84.813
02.19.2002-00:00:00,02,19,2002,00,84.656
02.19.2002-03:00:00,02,19,2002,03,84.5
02.19.2002-06:00:00,02,19,2002,06,84.344
02.19.2002-09:00:00,02,19,2002,09,83.917
02.19.2002-12:00:00,02,19,2002,12,83.698
02.19.2002-15:00:00,02,19,2002,15,83.803
02.19.2002-18:00:00,02,19,2002,18,83.663
02.19.2002-21:00:00,02,19,2002,21,83.509
02.20.2002-00:00:00,02,20,2002,00,83.356
02.20.2002-03:00:00,02,20,2002,03,83.203
02.20.2002-06:00:00,02,20,2002,06,83.05
02.20.2002-09:00:00,02,20,2002,09,82.667
02.20.2002-12:00:00,02,20,2002,12,82.469
02.20.2002-15:00:00,02,20,2002,15,82.536
02.20.2002-18:00:00,02,20,2002,18,82.397
02.20.2002-21:00:00,02,20,2002,21,82.246
02.21.2002-00:00:00,02,21,2002,00,82.096
02.21.2002-03:00:00,02,21,2002,03,81.945
02.21.2002-06:00:00,02,21,2002,06,81.795
02.21.2002-09:00:00,02,21,2002,09,81.626
02.21.2002-12:00:00,02,21,2002,12,81.462
02.21.2002-15:00:00,02,21,2002,15,81.314
02.21.2002-18:00:00,02,21,2002,18,81.168
02.21.2002-21:00:00,02,21,2002,21,81.023
02.22.2002-00:00:00,02,22,2002,00,80.877
02.22.2002-03:00:00,02,22,2002,03,80.731
02.22.2002-06:00:00,02,22,2002,06,80.586
02.22.2002-09:00:00,02,22,2002,09,80.207
02.22.2002-12:00:00,02,22,2002,12,79.919
02.22.2002-15:00:00,02,22,2002,15,80.069
02.22.2002-18:00:00,02,22,2002,18,79.968
02.22.2002-21:00:00,02,22,2002,21,79.826
02.23.2002-00:00:00,02,23,2002,00,79.683
02.23.2002-03:00:00,02,23,2002,03,79.54
02.23.2002-06:00:00,02,23,2002,06,79.391
02.23.2002-09:00:00,02,23,2002,09,78.896
02.23.2002-12:00:00,02,23,2002,12,78.718
02.23.2002-15:00:00,02,23,2002,15,78.892
02.23.2002-18:00:00,02,23,2002,18,78.777
02.23.2002-21:00:00,02,23,2002,21,78.637
02.24.2002-00:00:00,02,24,2002,00,78.496
02.24.2002-03:00:00,02,24,2002,03,78.358
02.24.2002-06:00:00,02,24,2002,06,78.221
02.24.2002-09:00:00,02,24,2002,09,77.991
02.24.2002-12:00:00,02,24,2002,12,77.915
02.24.2002-15:00:00,02,24,2002,15,77.782
02.24.2002-18:00:00,02,24,2002,18,77.647
02.24.2002-21:00:00,02,24,2002,21,77.511
02.25.2002-00:00:00,02,25,2002,00,77.376
02.25.2002-03:00:00,02,25,2002,03,77.241
02.25.2002-06:00:00,02,25,2002,06,77.107
02.25.2002-09:00:00,02,25,2002,09,76.972
02.25.2002-12:00:00,02,25,2002,12,76.838
02.25.2002-15:00:00,02,25,2002,15,76.704
02.25.2002-18:00:00,02,25,2002,18,76.571
02.25.2002-21:00:00,02,25,2002,21,76.437
02.26.2002-00:00:00,02,26,2002,00,76.304
02.26.2002-03:00:00,02,26,2002,03,76.172
02.26.2002-06:00:00,02,26,2002,06,76.039
02.26.2002-09:00:00,02,26,2002,09,75.907
02.26.2002-12:00:00,02,26,2002,12,75.775
02.26.2002-15:00:00,02,26,2002,15,75.643
02.26.2002-18:00:00,02,26,2002,18,75.511
02.26.2002-21:00:00,02,26,2002,21,75.38
02.27.2002-00:00:00,02,27,2002,00,75.249
02.27.2002-03:00:00,02,27,2002,03,75.118
02.27.2002-06:00:00,02,27,2002,06,74.988
02.27.2002-09:00:00,02,27,2002,09,74.857
02.27.2002-12:00:00,02,27,2002,12,74.727
02.27.2002-15:00:00,02,27,2002,15,74.598
02.27.2002-18:00:00,02,27,2002,18,74.468
02.27.2002-21:00:00,02,27,2002,21,74.339
02.28.2002-00:00:00,02,28,2002,00,74.21
02.28.2002-03:00:00,02,28,2002,03,74.081
02.28.2002-06:00:00,02,28,2002,06,73.953
02.28.2002-09:00:00,02,28,2002,09,73.658
02.28.2002-12:00:00,02,28,2002,12,73.458
02.28.2002-15:00:00,02,28,2002,15,73.522
02.28.2002-18:00:00,02,28,2002,18,73.405
02.28.2002-21:00:00,02,28,2002,21,73.278
03.01.2002-00:00:00,03,01,2002,00,73.152
03.01.2002-03:00:00,03,01,2002,03,73.026
03.01.2002-06:00:00,03,01,2002,06,72.899
03.01.2002-09:00:00,03,01,2002,09,72.45
03.01.2002-12:00:00,03,01,2002,12,72.292
03.01.2002-15:00:00,03,01,2002,15,72.167
03.01.2002-18:00:00,03,01,2002,18,72.07
03.01.2002-21:00:00,03,01,2002,21,72.226
03.02.2002-00:00:00,03,02,2002,00,72.117
03.02.2002-03:00:00,03,02,2002,03,71.993
03.02.2002-06:00:00,03,02,2002,06,71.869
03.02.2002-09:00:00,03,02,2002,09,71.427
03.02.2002-12:00:00,03,02,2002,12,71.273
03.02.2002-15:00:00,03,02,2002,15,71.15
03.02.2002-18:00:00,03,02,2002,18,71.111
03.02.2002-21:00:00,03,02,2002,21,71.213
03.03.2002-00:00:00,03,03,2002,00,71.103
03.03.2002-03:00:00,03,03,2002,03,70.982
03.03.2002-06:00:00,03,03,2002,06,70.86
03.03.2002-09:00:00,03,03,2002,09,70.421
03.03.2002-12:00:00,03,03,2002,12,70.271
03.03.2002-15:00:00,03,03,2002,15,70.15
03.03.2002-18:00:00,03,03,2002,18,70.063
03.03.2002-21:00:00,03,03,2002,21,70.212
03.04.2002-00:00:00,03,04,2002,00,70.107
03.04.2002-03:00:00,03,04,2002,03,69.988
03.04.2002-06:00:00,03,04,2002,06,69.868
03.04.2002-09:00:00,03,04,2002,09,69.433
03.04.2002-12:00:00,03,04,2002,12,69.282
03.04.2002-15:00:00,03,04,2002,15,69.163
03.04.2002-18:00:00,03,04,2002,18,69.045
03.04.2002-21:00:00,03,04,2002,21,68.928
03.05.2002-00:00:00,03,05,2002,00,68.86
03.05.2002-03:00:00,03,05,2002,03,68.993
03.05.2002-06:00:00,03,05,2002,06,68.889
03.05.2002-09:00:00,03,05,2002,09,68.438
03.05.2002-12:00:00,03,05,2002,12,68.281
03.05.2002-15:00:00,03,05,2002,15,68.164
03.05.2002-18:00:00,03,05,2002,18,68.049
03.05.2002-21:00:00,03,05,2002,21,67.934
03.06.2002-00:00:00,03,06,2002,00,67.819
03.06.2002-03:00:00,03,06,2002,03,67.705
03.06.2002-06:00:00,03,06,2002,06,67.591
03.06.2002-09:00:00,03,06,2002,09,67.457
03.06.2002-12:00:00,03,06,2002,12,67.324
03.06.2002-15:00:00,03,06,2002,15,67.209
03.06.2002-18:00:00,03,06,2002,18,67.096
03.06.2002-21:00:00,03,06,2002,21,66.983
03.07.2002-00:00:00,03,07,2002,00,66.871
03.07.2002-03:00:00,03,07,2002,03,66.758
03.07.2002-06:00:00,03,07,2002,06,66.648
03.07.2002-09:00:00,03,07,2002,09,66.539
03.07.2002-12:00:00,03,07,2002,12,66.589
03.07.2002-15:00:00,03,07,2002,15,66.616
03.07.2002-18:00:00,03,07,2002,18,66.514
03.07.2002-21:00:00,03,07,2002,21,66.404
03.08.2002-00:00:00,03,08,2002,00,66.295
03.08.2002-03:00:00,03,08,2002,03,66.186
03.08.2002-06:00:00,03,08,2002,06,66.078
03.08.2002-09:00:00,03,08,2002,09,65.969
03.08.2002-12:00:00,03,08,2002,12,65.861
03.08.2002-15:00:00,03,08,2002,15,65.753
03.08.2002-18:00:00,03,08,2002,18,65.645
03.08.2002-21:00:00,03,08,2002,21,65.537
03.09.2002-00:00:00,03,09,2002,00,65.429
03.09.2002-03:00:00,03,09,2002,03,65.322
03.09.2002-06:00:00,03,09,2002,06,65.215
03.09.2002-09:00:00,03,09,2002,09,65.108
03.09.2002-12:00:00,03,09,2002,12,65.002
03.09.2002-15:00:00,03,09,2002,15,64.895
03.09.2002-18:00:00,03,09,2002,18,64.789
03.09.2002-21:00:00,03,09,2002,21,64.683
03.10.2002-00:00:00,03,10,2002,00,64.577
03.10.2002-03:00:00,03,10,2002,03,64.471
03.10.2002-06:00:00,03,10,2002,06,64.366
03.10.2002-09:00:00,03,10,2002,09,64.261
03.10.2002-12:00:00,03,10,2002,12,64.156
03.10.2002-15:00:00,03,10,2002,15,64.051
03.10.2002-18:00:00,03,10,2002,18,63.946
03.10.2002-21:00:00,03,10,2002,21,63.842
03.11.2002-00:00:00,03,11,2002,00,63.738
03.11.2002-03:00:00,03,11,2002,03,63.634
03.11.2002-06:00:00,03,11,2002,06,63.53
03.11.2002-09:00:00,03,11,2002,09,63.426
03.11.2002-12:00:00,03,11,2002,12,63.323
03.11.2002-15:00:00,03,11,2002,15,63.22
03.11.2002-18:00:00,03,11,2002,18,63.117
03.11.2002-21:00:00,03,11,2002,21,63.014
03.12.2002-00:00:00,03,12,2002,00,62.912
03.12.2002-03:00:00,03,12,2002,03,62.809
03.12.2002-06:00:00,03,12,2002,06,62.707
03.12.2002-09:00:00,03,12,2002,09,62.541
03.12.2002-12:00:00,03,12,2002,12,62.423
03.12.2002-15:00:00,03,12,2002,15,62.381
03.12.2002-18:00:00,03,12,2002,18,62.299
03.12.2002-21:00:00,03,12,2002,21,62.199
03.13.2002-00:00:00,03,13,2002,00,62.098
03.13.2002-03:00:00,03,13,2002,03,61.997
03.13.2002-06:00:00,03,13,2002,06,61.897
03.13.2002-09:00:00,03,13,2002,09,61.519
03.13.2002-12:00:00,03,13,2002,12,61.398
03.13.2002-15:00:00,03,13,2002,15,61.298
03.13.2002-18:00:00,03,13,2002,18,61.199
03.13.2002-21:00:00,03,13,2002,21,61.188
03.14.2002-00:00:00,03,14,2002,00,61.275
03.14.2002-03:00:00,03,14,2002,03,61.186
03.14.2002-06:00:00,03,14,2002,06,61.087
03.14.2002-09:00:00,03,14,2002,09,60.711
03.14.2002-12:00:00,03,14,2002,12,60.591
03.14.2002-15:00:00,03,14,2002,15,60.492
03.14.2002-18:00:00,03,14,2002,18,60.395
03.14.2002-21:00:00,03,14,2002,21,60.298
03.15.2002-00:00:00,03,15,2002,00,60.261
03.15.2002-03:00:00,03,15,2002,03,60.373
03.15.2002-06:00:00,03,15,2002,06,60.287
03.15.2002-09:00:00,03,15,2002,09,59.916
03.15.2002-12:00:00,03,15,2002,12,59.798
03.15.2002-15:00:00,03,15,2002,15,59.701
03.15.2002-18:00:00,03,15,2002,18,59.606
03.15.2002-21:00:00,03,15,2002,21,59.51
03.16.2002-00:00:00,03,16,2002,00,59.425
03.16.2002-03:00:00,03,16,2002,03,59.583
03.16.2002-06:00:00,03,16,2002,06,59.502
03.16.2002-09:00:00,03,16,2002,09,59.137
03.16.2002-12:00:00,03,16,2002,12,59.021
03.16.2002-15:00:00,03,16,2002,15,58.926
03.16.2002-18:00:00,03,16,2002,18,58.832
03.16.2002-21:00:00,03,16,2002,21,58.738
03.17.2002-00:00:00,03,17,2002,00,58.645
03.17.2002-03:00:00,03,17,2002,03,58.682
03.17.2002-06:00:00,03,17,2002,06,58.724
03.17.2002-09:00:00,03,17,2002,09,58.638
03.17.2002-12:00:00,03,17,2002,12,58.283
03.17.2002-15:00:00,03,17,2002,15,58.381
03.17.2002-18:00:00,03,17,2002,18,58.354
03.17.2002-21:00:00,03,17,2002,21,58.264
03.18.2002-00:00:00,03,18,2002,00,58.172
03.18.2002-03:00:00,03,18,2002,03,58.079
03.18.2002-06:00:00,03,18,2002,06,57.987
03.18.2002-09:00:00,03,18,2002,09,57.895
03.18.2002-12:00:00,03,18,2002,12,57.803
03.18.2002-15:00:00,03,18,2002,15,57.712
03.18.2002-18:00:00,03,18,2002,18,57.62
03.18.2002-21:00:00,03,18,2002,21,57.529
03.19.2002-00:00:00,03,19,2002,00,57.438
03.19.2002-03:00:00,03,19,2002,03,57.347
03.19.2002-06:00:00,03,19,2002,06,57.257
03.19.2002-09:00:00,03,19,2002,09,57.166
03.19.2002-12:00:00,03,19,2002,12,57.076
03.19.2002-15:00:00,03,19,2002,15,56.986
03.19.2002-18:00:00,03,19,2002,18,56.896
03.19.2002-21:00:00,03,19,2002,21,56.806
03.20.2002-00:00:00,03,20,2002,00,56.717
03.20.2002-03:00:00,03,20,2002,03,56.628
03.20.2002-06:00:00,03,20,2002,06,56.539
03.20.2002-09:00:00,03,20,2002,09,56.449
03.20.2002-12:00:00,03,20,2002,12,56.109
03.20.2002-15:00:00,03,20,2002,15,56.138
03.20.2002-18:00:00,03,20,2002,18,56.176
03.20.2002-21:00:00,03,20,2002,21,56.094
03.21.2002-00:00:00,03,21,2002,00,56.006
03.21.2002-03:00:00,03,21,2002,03,55.919
03.21.2002-06:00:00,03,21,2002,06,55.831
03.21.2002-09:00:00,03,21,2002,09,55.743
03.21.2002-12:00:00,03,21,2002,12,55.656
03.21.2002-15:00:00,03,21,2002,15,55.569
03.21.2002-18:00:00,03,21,2002,18,55.482
03.21.2002-21:00:00,03,21,2002,21,55.395
03.22.2002-00:00:00,03,22,2002,00,55.308
03.22.2002-03:00:00,03,22,2002,03,55.222
03.22.2002-06:00:00,03,22,2002,06,55.136
03.22.2002-09:00:00,03,22,2002,09,55.05
03.22.2002-12:00:00,03,22,2002,12,54.964
03.22.2002-15:00:00,03,22,2002,15,54.878
03.22.2002-18:00:00,03,22,2002,18,54.793
03.22.2002-21:00:00,03,22,2002,21,54.707
03.23.2002-00:00:00,03,23,2002,00,54.623
03.23.2002-03:00:00,03,23,2002,03,54.538
03.23.2002-06:00:00,03,23,2002,06,54.453
03.23.2002-09:00:00,03,23,2002,09,54.123
03.23.2002-12:00:00,03,23,2002,12,54.023
03.23.2002-15:00:00,03,23,2002,15,53.938
03.23.2002-18:00:00,03,23,2002,18,53.855
03.23.2002-21:00:00,03,23,2002,21,53.771
03.24.2002-00:00:00,03,24,2002,00,53.688
03.24.2002-03:00:00,03,24,2002,03,53.605
03.24.2002-06:00:00,03,24,2002,06,53.523
03.24.2002-09:00:00,03,24,2002,09,53.439
03.24.2002-12:00:00,03,24,2002,12,53.354
03.24.2002-15:00:00,03,24,2002,15,53.27
03.24.2002-18:00:00,03,24,2002,18,53.188
03.24.2002-21:00:00,03,24,2002,21,53.106
03.25.2002-00:00:00,03,25,2002,00,53.024
03.25.2002-03:00:00,03,25,2002,03,52.942
03.25.2002-06:00:00,03,25,2002,06,52.861
03.25.2002-09:00:00,03,25,2002,09,52.778
03.25.2002-12:00:00,03,25,2002,12,52.694
03.25.2002-15:00:00,03,25,2002,15,52.611
03.25.2002-18:00:00,03,25,2002,18,52.53
03.25.2002-21:00:00,03,25,2002,21,52.449
03.26.2002-00:00:00,03,26,2002,00,52.369
03.26.2002-03:00:00,03,26,2002,03,52.289
03.26.2002-06:00:00,03,26,2002,06,52.209
03.26.2002-09:00:00,03,26,2002,09,52.128
03.26.2002-12:00:00,03,26,2002,12,52.046
03.26.2002-15:00:00,03,26,2002,15,51.965
03.26.2002-18:00:00,03,26,2002,18,51.885
03.26.2002-21:00:00,03,26,2002,21,51.806
03.27.2002-00:00:00,03,27,2002,00,51.727
03.27.2002-03:00:00,03,27,2002,03,51.648
03.27.2002-06:00:00,03,27,2002,06,51.569
03.27.2002-09:00:00,03,27,2002,09,51.49
03.27.2002-12:00:00,03,27,2002,12,51.411
03.27.2002-15:00:00,03,27,2002,15,51.331
03.27.2002-18:00:00,03,27,2002,18,51.253
03.27.2002-21:00:00,03,27,2002,21,51.175
03.28.2002-00:00:00,03,28,2002,00,51.098
03.28.2002-03:00:00,03,28,2002,03,51.02
03.28.2002-06:00:00,03,28,2002,06,50.942
03.28.2002-09:00:00,03,28,2002,09,50.866
03.28.2002-12:00:00,03,28,2002,12,50.791
03.28.2002-15:00:00,03,28,2002,15,50.716
03.28.2002-18:00:00,03,28,2002,18,50.642
03.28.2002-21:00:00,03,28,2002,21,50.568
03.29.2002-00:00:00,03,29,2002,00,50.494
03.29.2002-03:00:00,03,29,2002,03,50.421
03.29.2002-06:00:00,03,29,2002,06,50.348
03.29.2002-09:00:00,03,29,2002,09,50.273
03.29.2002-12:00:00,03,29,2002,12,50.198
03.29.2002-15:00:00,03,29,2002,15,50.124
03.29.2002-18:00:00,03,29,2002,18,50.051
03.29.2002-21:00:00,03,29,2002,21,49.978
03.30.2002-00:00:00,03,30,2002,00,49.905
03.30.2002-03:00:00,03,30,2002,03,49.833
03.30.2002-06:00:00,03,30,2002,06,49.761
03.30.2002-09:00:00,03,30,2002,09,49.688
03.30.2002-12:00:00,03,30,2002,12,49.605
03.30.2002-15:00:00,03,30,2002,15,49.531
03.30.2002-18:00:00,03,30,2002,18,49.459
03.30.2002-21:00:00,03,30,2002,21,49.388
03.31.2002-00:00:00,03,31,2002,00,49.317
03.31.2002-03:00:00,03,31,2002,03,49.254
03.31.2002-06:00:00,03,31,2002,06,49.184
03.31.2002-09:00:00,03,31,2002,09,49.103
03.31.2002-12:00:00,03,31,2002,12,49.024
03.31.2002-15:00:00,03,31,2002,15,48.951
03.31.2002-18:00:00,03,31,2002,18,48.881
03.31.2002-21:00:00,03,31,2002,21,48.81
04.01.2002-00:00:00,04,01,2002,00,48.74
04.01.2002-03:00:00,04,01,2002,03,48.67
04.01.2002-06:00:00,04,01,2002,06,48.605
04.01.2002-09:00:00,04,01,2002,09,48.53
04.01.2002-12:00:00,04,01,2002,12,48.458
04.01.2002-15:00:00,04,01,2002,15,48.388
04.01.2002-18:00:00,04,01,2002,18,48.318
04.01.2002-21:00:00,04,01,2002,21,48.249
04.02.2002-00:00:00,04,02,2002,00,48.18
04.02.2002-03:00:00,04,02,2002,03,48.111
04.02.2002-06:00:00,04,02,2002,06,48.042
04.02.2002-09:00:00,04,02,2002,09,47.972
04.02.2002-12:00:00,04,02,2002,12,47.902
04.02.2002-15:00:00,04,02,2002,15,47.833
04.02.2002-18:00:00,04,02,2002,18,47.764
04.02.2002-21:00:00,04,02,2002,21,47.696
04.03.2002-00:00:00,04,03,2002,00,47.628
04.03.2002-03:00:00,04,03,2002,03,47.56
04.03.2002-06:00:00,04,03,2002,06,47.493
04.03.2002-09:00:00,04,03,2002,09,47.424
04.03.2002-12:00:00,04,03,2002,12,47.356
04.03.2002-15:00:00,04,03,2002,15,47.288
04.03.2002-18:00:00,04,03,2002,18,47.221
04.03.2002-21:00:00,04,03,2002,21,47.154
04.04.2002-00:00:00,04,04,2002,00,47.087
04.04.2002-03:00:00,04,04,2002,03,47.02
04.04.2002-06:00:00,04,04,2002,06,46.954
04.04.2002-09:00:00,04,04,2002,09,46.887
04.04.2002-12:00:00,04,04,2002,12,46.821
04.04.2002-15:00:00,04,04,2002,15,46.756
04.04.2002-18:00:00,04,04,2002,18,46.691
04.04.2002-21:00:00,04,04,2002,21,46.627
04.05.2002-00:00:00,04,05,2002,00,46.563
04.05.2002-03:00:00,04,05,2002,03,46.499
04.05.2002-06:00:00,04,05,2002,06,46.435
04.05.2002-09:00:00,04,05,2002,09,46.37
04.05.2002-12:00:00,04,05,2002,12,46.305
04.05.2002-15:00:00,04,05,2002,15,46.24
04.05.2002-18:00:00,04,05,2002,18,46.177
04.05.2002-21:00:00,04,05,2002,21,46.115
04.06.2002-00:00:00,04,06,2002,00,46.053
04.06.2002-03:00:00,04,06,2002,03,45.991
04.06.2002-06:00:00,04,06,2002,06,45.929
04.06.2002-09:00:00,04,06,2002,09,45.867
04.06.2002-12:00:00,04,06,2002,12,45.805
04.06.2002-15:00:00,04,06,2002,15,45.743
04.06.2002-18:00:00,04,06,2002,18,45.682
04.06.2002-21:00:00,04,06,2002,21,45.627
04.07.2002-00:00:00,04,07,2002,00,45.568
04.07.2002-03:00:00,04,07,2002,03,45.509
04.07.2002-06:00:00,04,07,2002,06,45.45
04.07.2002-09:00:00,04,07,2002,09,45.391
04.07.2002-12:00:00,04,07,2002,12,45.331
04.07.2002-15:00:00,04,07,2002,15,45.272
04.07.2002-18:00:00,04,07,2002,18,45.214
04.07.2002-21:00:00,04,07,2002,21,45.156
04.08.2002-00:00:00,04,08,2002,00,45.099
04.08.2002-03:00:00,04,08,2002,03,45.042
04.08.2002-06:00:00,04,08,2002,06,44.985
04.08.2002-09:00:00,04,08,2002,09,44.927
04.08.2002-12:00:00,04,08,2002,12,44.869
04.08.2002-15:00:00,04,08,2002,15,44.811
04.08.2002-18:00:00,04,08,2002,18,44.755
04.08.2002-21:00:00,04,08,2002,21,44.699
04.09.2002-00:00:00,04,09,2002,00,44.643
04.09.2002-03:00:00,04,09,2002,03,44.587
04.09.2002-06:00:00,04,09,2002,06,44.532
04.09.2002-09:00:00,04,09,2002,09,44.475
04.09.2002-12:00:00,04,09,2002,12,44.417
04.09.2002-15:00:00,04,09,2002,15,44.361
04.09.2002-18:00:00,04,09,2002,18,44.306
04.09.2002-21:00:00,04,09,2002,21,44.251
04.10.2002-00:00:00,04,10,2002,00,44.196
04.10.2002-03:00:00,04,10,2002,03,44.142
04.10.2002-06:00:00,04,10,2002,06,44.09
04.10.2002-09:00:00,04,10,2002,09,44.037
04.10.2002-12:00:00,04,10,2002,12,43.984
04.10.2002-15:00:00,04,10,2002,15,43.932
04.10.2002-18:00:00,04,10,2002,18,43.929
04.10.2002-21:00:00,04,10,2002,21,46.506
04.11.2002-00:00:00,04,11,2002,00,46.61
04.11.2002-03:00:00,04,11,2002,03,46.595
04.11.2002-06:00:00,04,11,2002,06,46.514
04.11.2002-09:00:00,04,11,2002,09,45.127
04.11.2002-12:00:00,04,11,2002,12,44.46
04.11.2002-15:00:00,04,11,2002,15,45.428
04.11.2002-18:00:00,04,11,2002,18,46.348
04.11.2002-21:00:00,04,11,2002,21,46.455
04.12.2002-00:00:00,04,12,2002,00,46.507
04.12.2002-03:00:00,04,12,2002,03,46.54
04.12.2002-06:00:00,04,12,2002,06,46.549
04.12.2002-09:00:00,04,12,2002,09,45.992
04.12.2002-12:00:00,04,12,2002,12,45.389
04.12.2002-15:00:00,04,12,2002,15,45.911
04.12.2002-18:00:00,04,12,2002,18,46.621
04.12.2002-21:00:00,04,12,2002,21,46.754
04.13.2002-00:00:00,04,13,2002,00,46.814
04.13.2002-03:00:00,04,13,2002,03,46.874
04.13.2002-06:00:00,04,13,2002,06,46.874
04.13.2002-09:00:00,04,13,2002,09,46.277
04.13.2002-12:00:00,04,13,2002,12,46.017
04.13.2002-15:00:00,04,13,2002,15,46.767
04.13.2002-18:00:00,04,13,2002,18,47.611
04.13.2002-21:00:00,04,13,2002,21,47.823
04.14.2002-00:00:00,04,14,2002,00,47.924
04.14.2002-03:00:00,04,14,2002,03,47.969
04.14.2002-06:00:00,04,14,2002,06,47.978
04.14.2002-09:00:00,04,14,2002,09,86.341
04.14.2002-12:00:00,04,14,2002,12,129.23
04.14.2002-15:00:00,04,14,2002,15,107.57
04.14.2002-18:00:00,04,14,2002,18,54.992
04.14.2002-21:00:00,04,14,2002,21,49.056
04.15.2002-00:00:00,04,15,2002,00,48.943
04.15.2002-03:00:00,04,15,2002,03,48.954
04.15.2002-06:00:00,04,15,2002,06,48.858
04.15.2002-09:00:00,04,15,2002,09,48.502
04.15.2002-12:00:00,04,15,2002,12,48.235
04.15.2002-15:00:00,04,15,2002,15,48.356
04.15.2002-18:00:00,04,15,2002,18,48.379
04.15.2002-21:00:00,04,15,2002,21,48.24
04.16.2002-00:00:00,04,16,2002,00,48.121
04.16.2002-03:00:00,04,16,2002,03,48.005
04.16.2002-06:00:00,04,16,2002,06,47.892
04.16.2002-09:00:00,04,16,2002,09,47.1
04.16.2002-12:00:00,04,16,2002,12,46.525
04.16.2002-15:00:00,04,16,2002,15,46.956
04.16.2002-18:00:00,04,16,2002,18,47.413
04.16.2002-21:00:00,04,16,2002,21,47.348
04.17.2002-00:00:00,04,17,2002,00,47.246
04.17.2002-03:00:00,04,17,2002,03,47.144
04.17.2002-06:00:00,04,17,2002,06,47.011
04.17.2002-09:00:00,04,17,2002,09,46.156
04.17.2002-12:00:00,04,17,2002,12,45.906
04.17.2002-15:00:00,04,17,2002,15,46.314
04.17.2002-18:00:00,04,17,2002,18,46.63
04.17.2002-21:00:00,04,17,2002,21,46.565
04.18.2002-00:00:00,04,18,2002,00,46.475
04.18.2002-03:00:00,04,18,2002,03,46.385
04.18.2002-06:00:00,04,18,2002,06,46.269
04.18.2002-09:00:00,04,18,2002,09,45.494
04.18.2002-12:00:00,04,18,2002,12,45.005
04.18.2002-15:00:00,04,18,2002,15,45.387
04.18.2002-18:00:00,04,18,2002,18,45.898
04.18.2002-21:00:00,04,18,2002,21,45.872
04.19.2002-00:00:00,04,19,2002,00,45.793
04.19.2002-03:00:00,04,19,2002,03,45.735
04.19.2002-06:00:00,04,19,2002,06,45.649
04.19.2002-09:00:00,04,19,2002,09,43.891
04.19.2002-12:00:00,04,19,2002,12,42.861
04.19.2002-15:00:00,04,19,2002,15,43.575
04.19.2002-18:00:00,04,19,2002,18,45.199
04.19.2002-21:00:00,04,19,2002,21,45.491
04.20.2002-00:00:00,04,20,2002,00,45.562
04.20.2002-03:00:00,04,20,2002,03,45.597
04.20.2002-06:00:00,04,20,2002,06,45.588
04.20.2002-09:00:00,04,20,2002,09,43.874
04.20.2002-12:00:00,04,20,2002,12,53.103
04.20.2002-15:00:00,04,20,2002,15,94.377
04.20.2002-18:00:00,04,20,2002,18,48.181
04.20.2002-21:00:00,04,20,2002,21,45.88
04.21.2002-00:00:00,04,21,2002,00,45.944
04.21.2002-03:00:00,04,21,2002,03,45.989
04.21.2002-06:00:00,04,21,2002,06,46.01
04.21.2002-09:00:00,04,21,2002,09,44.004
04.21.2002-12:00:00,04,21,2002,12,83.581
04.21.2002-15:00:00,04,21,2002,15,102.05
04.21.2002-18:00:00,04,21,2002,18,49.288
04.21.2002-21:00:00,04,21,2002,21,46.808
04.22.2002-00:00:00,04,22,2002,00,46.919
04.22.2002-03:00:00,04,22,2002,03,46.995
04.22.2002-06:00:00,04,22,2002,06,46.986
04.22.2002-09:00:00,04,22,2002,09,45.477
04.22.2002-12:00:00,04,22,2002,12,69.535
04.22.2002-15:00:00,04,22,2002,15,93.922
04.22.2002-18:00:00,04,22,2002,18,86.292
04.22.2002-21:00:00,04,22,2002,21,49.349
04.23.2002-00:00:00,04,23,2002,00,47.528
04.23.2002-03:00:00,04,23,2002,03,47.588
04.23.2002-06:00:00,04,23,2002,06,47.647
04.23.2002-09:00:00,04,23,2002,09,46.416
04.23.2002-12:00:00,04,23,2002,12,45.339
04.23.2002-15:00:00,04,23,2002,15,72.168
04.23.2002-18:00:00,04,23,2002,18,59.024
04.23.2002-21:00:00,04,23,2002,21,48.08
04.24.2002-00:00:00,04,24,2002,00,47.571
04.24.2002-03:00:00,04,24,2002,03,47.596
04.24.2002-06:00:00,04,24,2002,06,47.611
04.24.2002-09:00:00,04,24,2002,09,46.804
04.24.2002-12:00:00,04,24,2002,12,46.208
04.24.2002-15:00:00,04,24,2002,15,46.589
04.24.2002-18:00:00,04,24,2002,18,47.337
04.24.2002-21:00:00,04,24,2002,21,47.429
04.25.2002-00:00:00,04,25,2002,00,47.363
04.25.2002-03:00:00,04,25,2002,03,47.32
04.25.2002-06:00:00,04,25,2002,06,47.279
04.25.2002-09:00:00,04,25,2002,09,45.74
04.25.2002-12:00:00,04,25,2002,12,44.732
04.25.2002-15:00:00,04,25,2002,15,45.516
04.25.2002-18:00:00,04,25,2002,18,46.908
04.25.2002-21:00:00,04,25,2002,21,47.088
04.26.2002-00:00:00,04,26,2002,00,47.049
04.26.2002-03:00:00,04,26,2002,03,47.063
04.26.2002-06:00:00,04,26,2002,06,47.108
04.26.2002-09:00:00,04,26,2002,09,45.66
04.26.2002-12:00:00,04,26,2002,12,44.372
04.26.2002-15:00:00,04,26,2002,15,45.933
04.26.2002-18:00:00,04,26,2002,18,47.031
04.26.2002-21:00:00,04,26,2002,21,47.257
04.27.2002-00:00:00,04,27,2002,00,47.394
04.27.2002-03:00:00,04,27,2002,03,47.529
04.27.2002-06:00:00,04,27,2002,06,47.562
04.27.2002-09:00:00,04,27,2002,09,46.237
04.27.2002-12:00:00,04,27,2002,12,47.404
04.27.2002-15:00:00,04,27,2002,15,88.6
04.27.2002-18:00:00,04,27,2002,18,74.779
04.27.2002-21:00:00,04,27,2002,21,49.369
04.28.2002-00:00:00,04,28,2002,00,48.153
04.28.2002-03:00:00,04,28,2002,03,48.232
04.28.2002-06:00:00,04,28,2002,06,48.2
04.28.2002-09:00:00,04,28,2002,09,47.069
04.28.2002-12:00:00,04,28,2002,12,53.514
04.28.2002-15:00:00,04,28,2002,15,87.842
04.28.2002-18:00:00,04,28,2002,18,86.429
04.28.2002-21:00:00,04,28,2002,21,50.723
04.29.2002-00:00:00,04,29,2002,00,48.922
04.29.2002-03:00:00,04,29,2002,03,49.022
04.29.2002-06:00:00,04,29,2002,06,49.031
04.29.2002-09:00:00,04,29,2002,09,47.241
04.29.2002-12:00:00,04,29,2002,12,101.54
04.29.2002-15:00:00,04,29,2002,15,151.63
04.29.2002-18:00:00,04,29,2002,18,114.8
04.29.2002-21:00:00,04,29,2002,21,53.392
04.30.2002-00:00:00,04,30,2002,00,50.405
04.30.2002-03:00:00,04,30,2002,03,50.525
04.30.2002-06:00:00,04,30,2002,06,50.64
04.30.2002-09:00:00,04,30,2002,09,79.194
04.30.2002-12:00:00,04,30,2002,12,217.73
04.30.2002-15:00:00,04,30,2002,15,181.31
04.30.2002-18:00:00,04,30,2002,18,122.56
04.30.2002-21:00:00,04,30,2002,21,56.689
05.01.2002-00:00:00,05,01,2002,00,52.926
05.01.2002-03:00:00,05,01,2002,03,53.103
05.01.2002-06:00:00,05,01,2002,06,53.025
05.01.2002-09:00:00,05,01,2002,09,160.77
05.01.2002-12:00:00,05,01,2002,12,342.82
05.01.2002-15:00:00,05,01,2002,15,274.43
05.01.2002-18:00:00,05,01,2002,18,147.21
05.01.2002-21:00:00,05,01,2002,21,77.613
05.02.2002-00:00:00,05,02,2002,00,59.088
05.02.2002-03:00:00,05,02,2002,03,58.584
05.02.2002-06:00:00,05,02,2002,06,58.387
05.02.2002-09:00:00,05,02,2002,09,206.13
05.02.2002-12:00:00,05,02,2002,12,342.45
05.02.2002-15:00:00,05,02,2002,15,273.66
05.02.2002-18:00:00,05,02,2002,18,147.83
05.02.2002-21:00:00,05,02,2002,21,79.935
05.03.2002-00:00:00,05,03,2002,00,66.138
05.03.2002-03:00:00,05,03,2002,03,66.172
05.03.2002-06:00:00,05,03,2002,06,66.159
05.03.2002-09:00:00,05,03,2002,09,173.09
05.03.2002-12:00:00,05,03,2002,12,319.31
05.03.2002-15:00:00,05,03,2002,15,262.15
05.03.2002-18:00:00,05,03,2002,18,143.64
05.03.2002-21:00:00,05,03,2002,21,86.404
05.04.2002-00:00:00,05,04,2002,00,76.391
05.04.2002-03:00:00,05,04,2002,03,76.707
05.04.2002-06:00:00,05,04,2002,06,77.053
05.04.2002-09:00:00,05,04,2002,09,76.288
05.04.2002-12:00:00,05,04,2002,12,162.09
05.04.2002-15:00:00,05,04,2002,15,167.86
05.04.2002-18:00:00,05,04,2002,18,127.31
05.04.2002-21:00:00,05,04,2002,21,85.254
05.05.2002-00:00:00,05,05,2002,00,84.516
05.05.2002-03:00:00,05,05,2002,03,85.666
05.05.2002-06:00:00,05,05,2002,06,86.189
05.05.2002-09:00:00,05,05,2002,09,85.248
05.05.2002-12:00:00,05,05,2002,12,166.79
05.05.2002-15:00:00,05,05,2002,15,192.38
05.05.2002-18:00:00,05,05,2002,18,150.7
05.05.2002-21:00:00,05,05,2002,21,99.957
05.06.2002-00:00:00,05,06,2002,00,98.641
05.06.2002-03:00:00,05,06,2002,03,101.95
05.06.2002-06:00:00,05,06,2002,06,109.52
05.06.2002-09:00:00,05,06,2002,09,106.31
05.06.2002-12:00:00,05,06,2002,12,138.97
05.06.2002-15:00:00,05,06,2002,15,174.93
05.06.2002-18:00:00,05,06,2002,18,125.26
05.06.2002-21:00:00,05,06,2002,21,115.49
05.07.2002-00:00:00,05,07,2002,00,116.43
05.07.2002-03:00:00,05,07,2002,03,117.42
05.07.2002-06:00:00,05,07,2002,06,118.28
05.07.2002-09:00:00,05,07,2002,09,115.07
05.07.2002-12:00:00,05,07,2002,12,115.23
05.07.2002-15:00:00,05,07,2002,15,118.1
05.07.2002-18:00:00,05,07,2002,18,120.71
05.07.2002-21:00:00,05,07,2002,21,121.87
05.08.2002-00:00:00,05,08,2002,00,122.82
05.08.2002-03:00:00,05,08,2002,03,124.19
05.08.2002-06:00:00,05,08,2002,06,124.15
05.08.2002-09:00:00,05,08,2002,09,120.2
05.08.2002-12:00:00,05,08,2002,12,146.83
05.08.2002-15:00:00,05,08,2002,15,151.28
05.08.2002-18:00:00,05,08,2002,18,129.2
05.08.2002-21:00:00,05,08,2002,21,129.74
05.09.2002-00:00:00,05,09,2002,00,130.89
05.09.2002-03:00:00,05,09,2002,03,131.95
05.09.2002-06:00:00,05,09,2002,06,132.15
05.09.2002-09:00:00,05,09,2002,09,128.9
05.09.2002-12:00:00,05,09,2002,12,145.75
05.09.2002-15:00:00,05,09,2002,15,172.31
05.09.2002-18:00:00,05,09,2002,18,138.47
05.09.2002-21:00:00,05,09,2002,21,138.41
05.10.2002-00:00:00,05,10,2002,00,139.66
05.10.2002-03:00:00,05,10,2002,03,145.41
05.10.2002-06:00:00,05,10,2002,06,150.19
05.10.2002-09:00:00,05,10,2002,09,145.54
05.10.2002-12:00:00,05,10,2002,12,204.36
05.10.2002-15:00:00,05,10,2002,15,225.26
05.10.2002-18:00:00,05,10,2002,18,182.62
05.10.2002-21:00:00,05,10,2002,21,158.55
05.11.2002-00:00:00,05,11,2002,00,158.88
05.11.2002-03:00:00,05,11,2002,03,161.71
05.11.2002-06:00:00,05,11,2002,06,159.99
05.11.2002-09:00:00,05,11,2002,09,187.71
05.11.2002-12:00:00,05,11,2002,12,532.55
05.11.2002-15:00:00,05,11,2002,15,413.1
05.11.2002-18:00:00,05,11,2002,18,270.42
05.11.2002-21:00:00,05,11,2002,21,206.01
05.12.2002-00:00:00,05,12,2002,00,198.97
05.12.2002-03:00:00,05,12,2002,03,200.1
05.12.2002-06:00:00,05,12,2002,06,194.2
05.12.2002-09:00:00,05,12,2002,09,369
05.12.2002-12:00:00,05,12,2002,12,754.58
05.12.2002-15:00:00,05,12,2002,15,551.98
05.12.2002-18:00:00,05,12,2002,18,360.06
05.12.2002-21:00:00,05,12,2002,21,251.13
05.13.2002-00:00:00,05,13,2002,00,235.19
05.13.2002-03:00:00,05,13,2002,03,235.85
05.13.2002-06:00:00,05,13,2002,06,229.92
05.13.2002-09:00:00,05,13,2002,09,722.68
05.13.2002-12:00:00,05,13,2002,12,975.38
05.13.2002-15:00:00,05,13,2002,15,780
05.13.2002-18:00:00,05,13,2002,18,475.24
05.13.2002-21:00:00,05,13,2002,21,353.94
05.14.2002-00:00:00,05,14,2002,00,306.77
05.14.2002-03:00:00,05,14,2002,03,306.4
05.14.2002-06:00:00,05,14,2002,06,307.91
05.14.2002-09:00:00,05,14,2002,09,916.83
05.14.2002-12:00:00,05,14,2002,12,1251.8
05.14.2002-15:00:00,05,14,2002,15,941.65
05.14.2002-18:00:00,05,14,2002,18,591.37
05.14.2002-21:00:00,05,14,2002,21,455.54
05.15.2002-00:00:00,05,15,2002,00,417.17
05.15.2002-03:00:00,05,15,2002,03,417.61
05.15.2002-06:00:00,05,15,2002,06,409.17
05.15.2002-09:00:00,05,15,2002,09,738.3
05.15.2002-12:00:00,05,15,2002,12,1209.3
05.15.2002-15:00:00,05,15,2002,15,927.82
05.15.2002-18:00:00,05,15,2002,18,624.37
05.15.2002-21:00:00,05,15,2002,21,540.66
05.16.2002-00:00:00,05,16,2002,00,530.71
05.16.2002-03:00:00,05,16,2002,03,532.72
05.16.2002-06:00:00,05,16,2002,06,518.91
05.16.2002-09:00:00,05,16,2002,09,676.94
05.16.2002-12:00:00,05,16,2002,12,1607.1
05.16.2002-15:00:00,05,16,2002,15,1152.8
05.16.2002-18:00:00,05,16,2002,18,760.39
05.16.2002-21:00:00,05,16,2002,21,657.22
05.17.2002-00:00:00,05,17,2002,00,643.96
05.17.2002-03:00:00,05,17,2002,03,648.46
05.17.2002-06:00:00,05,17,2002,06,641
05.17.2002-09:00:00,05,17,2002,09,1050.7
05.17.2002-12:00:00,05,17,2002,12,1933.7
05.17.2002-15:00:00,05,17,2002,15,1472.1
05.17.2002-18:00:00,05,17,2002,18,962.09
05.17.2002-21:00:00,05,17,2002,21,823.49
05.18.2002-00:00:00,05,18,2002,00,805.92
05.18.2002-03:00:00,05,18,2002,03,801.59
05.18.2002-06:00:00,05,18,2002,06,929.58
05.18.2002-09:00:00,05,18,2002,09,1842.1
05.18.2002-12:00:00,05,18,2002,12,2376.4
05.18.2002-15:00:00,05,18,2002,15,1920.2
05.18.2002-18:00:00,05,18,2002,18,1322.3
05.18.2002-21:00:00,05,18,2002,21,1148.4
05.19.2002-00:00:00,05,19,2002,00,1118.3
05.19.2002-03:00:00,05,19,2002,03,1088.7
05.19.2002-06:00:00,05,19,2002,06,1331.3
05.19.2002-09:00:00,05,19,2002,09,2153.1
05.19.2002-12:00:00,05,19,2002,12,2493.3
05.19.2002-15:00:00,05,19,2002,15,2075.7
05.19.2002-18:00:00,05,19,2002,18,1562.7
05.19.2002-21:00:00,05,19,2002,21,1402.4
05.20.2002-00:00:00,05,20,2002,00,1334.6
05.20.2002-03:00:00,05,20,2002,03,1307.5
05.20.2002-06:00:00,05,20,2002,06,1647.2
05.20.2002-09:00:00,05,20,2002,09,3054.7
05.20.2002-12:00:00,05,20,2002,12,3641.6
05.20.2002-15:00:00,05,20,2002,15,2875.7
05.20.2002-18:00:00,05,20,2002,18,2046.1
05.20.2002-21:00:00,05,20,2002,21,1782.2
05.21.2002-00:00:00,05,21,2002,00,1624.9
05.21.2002-03:00:00,05,21,2002,03,1580.3
05.21.2002-06:00:00,05,21,2002,06,1660.7
05.21.2002-09:00:00,05,21,2002,09,2748.3
05.21.2002-12:00:00,05,21,2002,12,3308.3
05.21.2002-15:00:00,05,21,2002,15,2739.1
05.21.2002-18:00:00,05,21,2002,18,2052.9
05.21.2002-21:00:00,05,21,2002,21,1876.7
05.22.2002-00:00:00,05,22,2002,00,1829.8
05.22.2002-03:00:00,05,22,2002,03,1827.6
05.22.2002-06:00:00,05,22,2002,06,1814.3
05.22.2002-09:00:00,05,22,2002,09,2950.4
05.22.2002-12:00:00,05,22,2002,12,3745
05.22.2002-15:00:00,05,22,2002,15,3054
05.22.2002-18:00:00,05,22,2002,18,2294.2
05.22.2002-21:00:00,05,22,2002,21,2105.6
05.23.2002-00:00:00,05,23,2002,00,2063.2
05.23.2002-03:00:00,05,23,2002,03,2053.4
05.23.2002-06:00:00,05,23,2002,06,1991.1
05.23.2002-09:00:00,05,23,2002,09,2924.6
05.23.2002-12:00:00,05,23,2002,12,4067.8
05.23.2002-15:00:00,05,23,2002,15,3283.8
05.23.2002-18:00:00,05,23,2002,18,2509.4
05.23.2002-21:00:00,05,23,2002,21,2343.3
05.24.2002-00:00:00,05,24,2002,00,2308.3
05.24.2002-03:00:00,05,24,2002,03,2251.8
05.24.2002-06:00:00,05,24,2002,06,2196.1
05.24.2002-09:00:00,05,24,2002,09,3318.8
05.24.2002-12:00:00,05,24,2002,12,5439.9
05.24.2002-15:00:00,05,24,2002,15,4344.8
05.24.2002-18:00:00,05,24,2002,18,3082.8
05.24.2002-21:00:00,05,24,2002,21,2709.7
05.25.2002-00:00:00,05,25,2002,00,2694.9
05.25.2002-03:00:00,05,25,2002,03,2572.3
05.25.2002-06:00:00,05,25,2002,06,2523
05.25.2002-09:00:00,05,25,2002,09,3543.2
05.25.2002-12:00:00,05,25,2002,12,6031.3
05.25.2002-15:00:00,05,25,2002,15,4963.9
05.25.2002-18:00:00,05,25,2002,18,3639.8
05.25.2002-21:00:00,05,25,2002,21,3157.4
05.26.2002-00:00:00,05,26,2002,00,3140.7
05.26.2002-03:00:00,05,26,2002,03,3091.5
05.26.2002-06:00:00,05,26,2002,06,3022.6
05.26.2002-09:00:00,05,26,2002,09,4798.3
05.26.2002-12:00:00,05,26,2002,12,6290.2
05.26.2002-15:00:00,05,26,2002,15,5540.8
05.26.2002-18:00:00,05,26,2002,18,4295
05.26.2002-21:00:00,05,26,2002,21,3784.4
05.27.2002-00:00:00,05,27,2002,00,3635.9
05.27.2002-03:00:00,05,27,2002,03,3477.6
05.27.2002-06:00:00,05,27,2002,06,3683.1
05.27.2002-09:00:00,05,27,2002,09,5873
05.27.2002-12:00:00,05,27,2002,12,7900.2
05.27.2002-15:00:00,05,27,2002,15,7165.6
05.27.2002-18:00:00,05,27,2002,18,5379.5
05.27.2002-21:00:00,05,27,2002,21,4812.4
05.28.2002-00:00:00,05,28,2002,00,4484.6
05.28.2002-03:00:00,05,28,2002,03,4421.6
05.28.2002-06:00:00,05,28,2002,06,4546.4
05.28.2002-09:00:00,05,28,2002,09,7303.7
05.28.2002-12:00:00,05,28,2002,12,9118.6
05.28.2002-15:00:00,05,28,2002,15,8510.7
05.28.2002-18:00:00,05,28,2002,18,6819.5
05.28.2002-21:00:00,05,28,2002,21,6057.9
05.29.2002-00:00:00,05,29,2002,00,5674.8
05.29.2002-03:00:00,05,29,2002,03,5504.6
05.29.2002-06:00:00,05,29,2002,06,5822.8
05.29.2002-09:00:00,05,29,2002,09,7776.1
05.29.2002-12:00:00,05,29,2002,12,8980.1
05.29.2002-15:00:00,05,29,2002,15,8552
05.29.2002-18:00:00,05,29,2002,18,7207.1
05.29.2002-21:00:00,05,29,2002,21,6519.2
05.30.2002-00:00:00,05,30,2002,00,5909.7
05.30.2002-03:00:00,05,30,2002,03,5777.6
05.30.2002-06:00:00,05,30,2002,06,5690.2
05.30.2002-09:00:00,05,30,2002,09,8593.3
05.30.2002-12:00:00,05,30,2002,12,10493
05.30.2002-15:00:00,05,30,2002,15,9554
05.30.2002-18:00:00,05,30,2002,18,7912
05.30.2002-21:00:00,05,30,2002,21,6959.4
05.31.2002-00:00:00,05,31,2002,00,6572.4
05.31.2002-03:00:00,05,31,2002,03,6583.3
05.31.2002-06:00:00,05,31,2002,06,6163.9
05.31.2002-09:00:00,05,31,2002,09,8708.4
05.31.2002-12:00:00,05,31,2002,12,11366
05.31.2002-15:00:00,05,31,2002,15,10566
05.31.2002-18:00:00,05,31,2002,18,8799.1
05.31.2002-21:00:00,05,31,2002,21,7725.2
06.01.2002-00:00:00,06,01,2002,00,7302.3
06.01.2002-03:00:00,06,01,2002,03,7274.4
06.01.2002-06:00:00,06,01,2002,06,6917.4
06.01.2002-09:00:00,06,01,2002,09,9271
06.01.2002-12:00:00,06,01,2002,12,11181
06.01.2002-15:00:00,06,01,2002,15,10649
06.01.2002-18:00:00,06,01,2002,18,8855.7
06.01.2002-21:00:00,06,01,2002,21,7968.5
06.02.2002-00:00:00,06,02,2002,00,7450.5
06.02.2002-03:00:00,06,02,2002,03,7352.4
06.02.2002-06:00:00,06,02,2002,06,7324.9
06.02.2002-09:00:00,06,02,2002,09,10358
06.02.2002-12:00:00,06,02,2002,12,12747
06.02.2002-15:00:00,06,02,2002,15,11815
06.02.2002-18:00:00,06,02,2002,18,10069
06.02.2002-21:00:00,06,02,2002,21,9010.4
06.03.2002-00:00:00,06,03,2002,00,8451.3
06.03.2002-03:00:00,06,03,2002,03,8343.8
06.03.2002-06:00:00,06,03,2002,06,8303.9
06.03.2002-09:00:00,06,03,2002,09,11362
06.03.2002-12:00:00,06,03,2002,12,13579
06.03.2002-15:00:00,06,03,2002,15,12562
06.03.2002-18:00:00,06,03,2002,18,10963
06.03.2002-21:00:00,06,03,2002,21,9943.4
06.04.2002-00:00:00,06,04,2002,00,9336.7
06.04.2002-03:00:00,06,04,2002,03,9055.8
06.04.2002-06:00:00,06,04,2002,06,8877.6
06.04.2002-09:00:00,06,04,2002,09,11891
06.04.2002-12:00:00,06,04,2002,12,13752
06.04.2002-15:00:00,06,04,2002,15,12938
06.04.2002-18:00:00,06,04,2002,18,11385
06.04.2002-21:00:00,06,04,2002,21,10331
06.05.2002-00:00:00,06,05,2002,00,9637
06.05.2002-03:00:00,06,05,2002,03,9473.9
06.05.2002-06:00:00,06,05,2002,06,9673.4
06.05.2002-09:00:00,06,05,2002,09,12663
06.05.2002-12:00:00,06,05,2002,12,14379
06.05.2002-15:00:00,06,05,2002,15,13713
06.05.2002-18:00:00,06,05,2002,18,12265
06.05.2002-21:00:00,06,05,2002,21,10961
06.06.2002-00:00:00,06,06,2002,00,10366
06.06.2002-03:00:00,06,06,2002,03,10136
06.06.2002-06:00:00,06,06,2002,06,10399
06.06.2002-09:00:00,06,06,2002,09,13230
06.06.2002-12:00:00,06,06,2002,12,14652
06.06.2002-15:00:00,06,06,2002,15,14105
06.06.2002-18:00:00,06,06,2002,18,12643
06.06.2002-21:00:00,06,06,2002,21,11228
06.07.2002-00:00:00,06,07,2002,00,10669
06.07.2002-03:00:00,06,07,2002,03,10308
06.07.2002-06:00:00,06,07,2002,06,9829
06.07.2002-09:00:00,06,07,2002,09,11649
06.07.2002-12:00:00,06,07,2002,12,13301
06.07.2002-15:00:00,06,07,2002,15,12542
06.07.2002-18:00:00,06,07,2002,18,10934
06.07.2002-21:00:00,06,07,2002,21,10005
06.08.2002-00:00:00,06,08,2002,00,9375.4
06.08.2002-03:00:00,06,08,2002,03,9274
06.08.2002-06:00:00,06,08,2002,06,8939.1
06.08.2002-09:00:00,06,08,2002,09,8837.5
06.08.2002-12:00:00,06,08,2002,12,8658.1
06.08.2002-15:00:00,06,08,2002,15,8912.9
06.08.2002-18:00:00,06,08,2002,18,8234.6
06.08.2002-21:00:00,06,08,2002,21,7972.2
06.09.2002-00:00:00,06,09,2002,00,7845
06.09.2002-03:00:00,06,09,2002,03,7730.3
06.09.2002-06:00:00,06,09,2002,06,7584.5
06.09.2002-09:00:00,06,09,2002,09,7382.5
06.09.2002-12:00:00,06,09,2002,12,7414.9
06.09.2002-15:00:00,06,09,2002,15,7614.3
06.09.2002-18:00:00,06,09,2002,18,7336.6
06.09.2002-21:00:00,06,09,2002,21,7216.7
06.10.2002-00:00:00,06,10,2002,00,7156.6
06.10.2002-03:00:00,06,10,2002,03,7016.4
06.10.2002-06:00:00,06,10,2002,06,6932.9
06.10.2002-09:00:00,06,10,2002,09,8228.9
06.10.2002-12:00:00,06,10,2002,12,9918.7
06.10.2002-15:00:00,06,10,2002,15,9498.2
06.10.2002-18:00:00,06,10,2002,18,8293.1
06.10.2002-21:00:00,06,10,2002,21,7972
06.11.2002-00:00:00,06,11,2002,00,7532.3
06.11.2002-03:00:00,06,11,2002,03,7405.7
06.11.2002-06:00:00,06,11,2002,06,7425.3
06.11.2002-09:00:00,06,11,2002,09,10702
06.11.2002-12:00:00,06,11,2002,12,12473
06.11.2002-15:00:00,06,11,2002,15,11899
06.11.2002-18:00:00,06,11,2002,18,10249
06.11.2002-21:00:00,06,11,2002,21,9728.2
06.12.2002-00:00:00,06,12,2002,00,9152.1
06.12.2002-03:00:00,06,12,2002,03,8800.7
06.12.2002-06:00:00,06,12,2002,06,8854
06.12.2002-09:00:00,06,12,2002,09,11676
06.12.2002-12:00:00,06,12,2002,12,13344
06.12.2002-15:00:00,06,12,2002,15,12740
06.12.2002-18:00:00,06,12,2002,18,11111
06.12.2002-21:00:00,06,12,2002,21,10604
06.13.2002-00:00:00,06,13,2002,00,9838.5
06.13.2002-03:00:00,06,13,2002,03,9611.2
06.13.2002-06:00:00,06,13,2002,06,9916
06.13.2002-09:00:00,06,13,2002,09,13109
06.13.2002-12:00:00,06,13,2002,12,14888
06.13.2002-15:00:00,06,13,2002,15,14831
06.13.2002-18:00:00,06,13,2002,18,13023
06.13.2002-21:00:00,06,13,2002,21,12110
06.14.2002-00:00:00,06,14,2002,00,11546
06.14.2002-03:00:00,06,14,2002,03,11255
06.14.2002-06:00:00,06,14,2002,06,11772
06.14.2002-09:00:00,06,14,2002,09,14460
06.14.2002-12:00:00,06,14,2002,12,16543
06.14.2002-15:00:00,06,14,2002,15,16463
06.14.2002-18:00:00,06,14,2002,18,14760
06.14.2002-21:00:00,06,14,2002,21,13735
06.15.2002-00:00:00,06,15,2002,00,13089
06.15.2002-03:00:00,06,15,2002,03,12620
06.15.2002-06:00:00,06,15,2002,06,13127
06.15.2002-09:00:00,06,15,2002,09,16074
06.15.2002-12:00:00,06,15,2002,12,18489
06.15.2002-15:00:00,06,15,2002,15,18590
06.15.2002-18:00:00,06,15,2002,18,16959
06.15.2002-21:00:00,06,15,2002,21,15925
06.16.2002-00:00:00,06,16,2002,00,15148
06.16.2002-03:00:00,06,16,2002,03,14292
06.16.2002-06:00:00,06,16,2002,06,14628
06.16.2002-09:00:00,06,16,2002,09,17119
06.16.2002-12:00:00,06,16,2002,12,19886
06.16.2002-15:00:00,06,16,2002,15,20335
06.16.2002-18:00:00,06,16,2002,18,19090
06.16.2002-21:00:00,06,16,2002,21,17963
06.17.2002-00:00:00,06,17,2002,00,16584
06.17.2002-03:00:00,06,17,2002,03,15854
06.17.2002-06:00:00,06,17,2002,06,15589
06.17.2002-09:00:00,06,17,2002,09,17405
06.17.2002-12:00:00,06,17,2002,12,19284
06.17.2002-15:00:00,06,17,2002,15,19568
06.17.2002-18:00:00,06,17,2002,18,17989
06.17.2002-21:00:00,06,17,2002,21,17012
06.18.2002-00:00:00,06,18,2002,00,15885
06.18.2002-03:00:00,06,18,2002,03,15004
06.18.2002-06:00:00,06,18,2002,06,14550
06.18.2002-09:00:00,06,18,2002,09,15457
06.18.2002-12:00:00,06,18,2002,12,16511
06.18.2002-15:00:00,06,18,2002,15,16200
06.18.2002-18:00:00,06,18,2002,18,15310
06.18.2002-21:00:00,06,18,2002,21,14368
06.19.2002-00:00:00,06,19,2002,00,13640
06.19.2002-03:00:00,06,19,2002,03,13083
06.19.2002-06:00:00,06,19,2002,06,12219
06.19.2002-09:00:00,06,19,2002,09,12986
06.19.2002-12:00:00,06,19,2002,12,13706
06.19.2002-15:00:00,06,19,2002,15,13655
06.19.2002-18:00:00,06,19,2002,18,12899
06.19.2002-21:00:00,06,19,2002,21,12255
06.20.2002-00:00:00,06,20,2002,00,11705
06.20.2002-03:00:00,06,20,2002,03,11354
06.20.2002-06:00:00,06,20,2002,06,10725
06.20.2002-09:00:00,06,20,2002,09,11639
06.20.2002-12:00:00,06,20,2002,12,12848
06.20.2002-15:00:00,06,20,2002,15,13240
06.20.2002-18:00:00,06,20,2002,18,12756
06.20.2002-21:00:00,06,20,2002,21,12090
06.21.2002-00:00:00,06,21,2002,00,11590
06.21.2002-03:00:00,06,21,2002,03,11207
06.21.2002-06:00:00,06,21,2002,06,10779
06.21.2002-09:00:00,06,21,2002,09,11742
06.21.2002-12:00:00,06,21,2002,12,12814
06.21.2002-15:00:00,06,21,2002,15,13425
06.21.2002-18:00:00,06,21,2002,18,12887
06.21.2002-21:00:00,06,21,2002,21,12424
06.22.2002-00:00:00,06,22,2002,00,11897
06.22.2002-03:00:00,06,22,2002,03,11509
06.22.2002-06:00:00,06,22,2002,06,11299
06.22.2002-09:00:00,06,22,2002,09,11981
06.22.2002-12:00:00,06,22,2002,12,13212
06.22.2002-15:00:00,06,22,2002,15,13958
06.22.2002-18:00:00,06,22,2002,18,13900
06.22.2002-21:00:00,06,22,2002,21,13577
06.23.2002-00:00:00,06,23,2002,00,13154
06.23.2002-03:00:00,06,23,2002,03,12842
06.23.2002-06:00:00,06,23,2002,06,12357
06.23.2002-09:00:00,06,23,2002,09,12622
06.23.2002-12:00:00,06,23,2002,12,13813
06.23.2002-15:00:00,06,23,2002,15,14188
06.23.2002-18:00:00,06,23,2002,18,14205
06.23.2002-21:00:00,06,23,2002,21,13965
06.24.2002-00:00:00,06,24,2002,00,13492
06.24.2002-03:00:00,06,24,2002,03,12976
06.24.2002-06:00:00,06,24,2002,06,12272
06.24.2002-09:00:00,06,24,2002,09,12423
06.24.2002-12:00:00,06,24,2002,12,12889
06.24.2002-15:00:00,06,24,2002,15,12761
06.24.2002-18:00:00,06,24,2002,18,13016
06.24.2002-21:00:00,06,24,2002,21,12789
06.25.2002-00:00:00,06,25,2002,00,12368
06.25.2002-03:00:00,06,25,2002,03,12088
06.25.2002-06:00:00,06,25,2002,06,11330
06.25.2002-09:00:00,06,25,2002,09,11046
06.25.2002-12:00:00,06,25,2002,12,11090
06.25.2002-15:00:00,06,25,2002,15,11272
06.25.2002-18:00:00,06,25,2002,18,11522
06.25.2002-21:00:00,06,25,2002,21,11620
06.26.2002-00:00:00,06,26,2002,00,11486
06.26.2002-03:00:00,06,26,2002,03,11315
06.26.2002-06:00:00,06,26,2002,06,10685
06.26.2002-09:00:00,06,26,2002,09,10323
06.26.2002-12:00:00,06,26,2002,12,10354
06.26.2002-15:00:00,06,26,2002,15,10599
06.26.2002-18:00:00,06,26,2002,18,11005
06.26.2002-21:00:00,06,26,2002,21,11244
06.27.2002-00:00:00,06,27,2002,00,11483
06.27.2002-03:00:00,06,27,2002,03,11378
06.27.2002-06:00:00,06,27,2002,06,10934
06.27.2002-09:00:00,06,27,2002,09,10413
06.27.2002-12:00:00,06,27,2002,12,10201
06.27.2002-15:00:00,06,27,2002,15,10226
06.27.2002-18:00:00,06,27,2002,18,10671
06.27.2002-21:00:00,06,27,2002,21,10715
06.28.2002-00:00:00,06,28,2002,00,11628
06.28.2002-03:00:00,06,28,2002,03,12049
06.28.2002-06:00:00,06,28,2002,06,12098
06.28.2002-09:00:00,06,28,2002,09,11810
06.28.2002-12:00:00,06,28,2002,12,11803
06.28.2002-15:00:00,06,28,2002,15,11566
06.28.2002-18:00:00,06,28,2002,18,11970
06.28.2002-21:00:00,06,28,2002,21,12115
06.29.2002-00:00:00,06,29,2002,00,11723
06.29.2002-03:00:00,06,29,2002,03,11621
06.29.2002-06:00:00,06,29,2002,06,11283
06.29.2002-09:00:00,06,29,2002,09,10658
06.29.2002-12:00:00,06,29,2002,12,10173
06.29.2002-15:00:00,06,29,2002,15,9486.6
06.29.2002-18:00:00,06,29,2002,18,9129.5
06.29.2002-21:00:00,06,29,2002,21,8767.4
06.30.2002-00:00:00,06,30,2002,00,8639.6
06.30.2002-03:00:00,06,30,2002,03,8424.8
06.30.2002-06:00:00,06,30,2002,06,8119.3
06.30.2002-09:00:00,06,30,2002,09,7688.7
06.30.2002-12:00:00,06,30,2002,12,7496.7
06.30.2002-15:00:00,06,30,2002,15,7296.5
06.30.2002-18:00:00,06,30,2002,18,7286.7
06.30.2002-21:00:00,06,30,2002,21,7400.3
07.01.2002-00:00:00,07,01,2002,00,7384.2
07.01.2002-03:00:00,07,01,2002,03,7411.7
07.01.2002-06:00:00,07,01,2002,06,7235.7
07.01.2002-09:00:00,07,01,2002,09,6978.1
07.01.2002-12:00:00,07,01,2002,12,6682.2
07.01.2002-15:00:00,07,01,2002,15,6653.6
07.01.2002-18:00:00,07,01,2002,18,6665.2
07.01.2002-21:00:00,07,01,2002,21,6674.3
07.02.2002-00:00:00,07,02,2002,00,6781.2
07.02.2002-03:00:00,07,02,2002,03,6759.1
07.02.2002-06:00:00,07,02,2002,06,6655.6
07.02.2002-09:00:00,07,02,2002,09,6166.8
07.02.2002-12:00:00,07,02,2002,12,5984
07.02.2002-15:00:00,07,02,2002,15,5932.6
07.02.2002-18:00:00,07,02,2002,18,5997.6
07.02.2002-21:00:00,07,02,2002,21,6116.7
07.03.2002-00:00:00,07,03,2002,00,6207.2
07.03.2002-03:00:00,07,03,2002,03,6249.5
07.03.2002-06:00:00,07,03,2002,06,6106.2
07.03.2002-09:00:00,07,03,2002,09,5608.2
07.03.2002-12:00:00,07,03,2002,12,5403.1
07.03.2002-15:00:00,07,03,2002,15,5398
07.03.2002-18:00:00,07,03,2002,18,5535.1
07.03.2002-21:00:00,07,03,2002,21,5590.5
07.04.2002-00:00:00,07,04,2002,00,5747.2
07.04.2002-03:00:00,07,04,2002,03,5793
07.04.2002-06:00:00,07,04,2002,06,5597.2
07.04.2002-09:00:00,07,04,2002,09,5261.5
07.04.2002-12:00:00,07,04,2002,12,5096.9
07.04.2002-15:00:00,07,04,2002,15,5067.1
07.04.2002-18:00:00,07,04,2002,18,5203.5
07.04.2002-21:00:00,07,04,2002,21,5247.3
07.05.2002-00:00:00,07,05,2002,00,5351
07.05.2002-03:00:00,07,05,2002,03,5397.7
07.05.2002-06:00:00,07,05,2002,06,5350.1
07.05.2002-09:00:00,07,05,2002,09,4993
07.05.2002-12:00:00,07,05,2002,12,4843.5
07.05.2002-15:00:00,07,05,2002,15,4922.2
07.05.2002-18:00:00,07,05,2002,18,5011.9
07.05.2002-21:00:00,07,05,2002,21,5006.5
07.06.2002-00:00:00,07,06,2002,00,5069.8
07.06.2002-03:00:00,07,06,2002,03,5062.6
07.06.2002-06:00:00,07,06,2002,06,5011
07.06.2002-09:00:00,07,06,2002,09,4628.4
07.06.2002-12:00:00,07,06,2002,12,4511.7
07.06.2002-15:00:00,07,06,2002,15,4536.2
07.06.2002-18:00:00,07,06,2002,18,4679.2
07.06.2002-21:00:00,07,06,2002,21,4668.7
07.07.2002-00:00:00,07,07,2002,00,5270.8
07.07.2002-03:00:00,07,07,2002,03,5542.7
07.07.2002-06:00:00,07,07,2002,06,5649.4
07.07.2002-09:00:00,07,07,2002,09,5549.1
07.07.2002-12:00:00,07,07,2002,12,5505.1
07.07.2002-15:00:00,07,07,2002,15,5574
07.07.2002-18:00:00,07,07,2002,18,5841.1
07.07.2002-21:00:00,07,07,2002,21,5899.5
07.08.2002-00:00:00,07,08,2002,00,5304.6
07.08.2002-03:00:00,07,08,2002,03,5193.9
07.08.2002-06:00:00,07,08,2002,06,4887.5
07.08.2002-09:00:00,07,08,2002,09,4470.8
07.08.2002-12:00:00,07,08,2002,12,4267.1
07.08.2002-15:00:00,07,08,2002,15,4209.3
07.08.2002-18:00:00,07,08,2002,18,4319.1
07.08.2002-21:00:00,07,08,2002,21,4324.3
07.09.2002-00:00:00,07,09,2002,00,4396.1
07.09.2002-03:00:00,07,09,2002,03,4406.1
07.09.2002-06:00:00,07,09,2002,06,4279.9
07.09.2002-09:00:00,07,09,2002,09,4070.2
07.09.2002-12:00:00,07,09,2002,12,3949.3
07.09.2002-15:00:00,07,09,2002,15,4043.7
07.09.2002-18:00:00,07,09,2002,18,4136.1
07.09.2002-21:00:00,07,09,2002,21,4174.4
07.10.2002-00:00:00,07,10,2002,00,4248.4
07.10.2002-03:00:00,07,10,2002,03,4199.5
07.10.2002-06:00:00,07,10,2002,06,4071.9
07.10.2002-09:00:00,07,10,2002,09,3769
07.10.2002-12:00:00,07,10,2002,12,3630.2
07.10.2002-15:00:00,07,10,2002,15,3717.8
07.10.2002-18:00:00,07,10,2002,18,3823.2
07.10.2002-21:00:00,07,10,2002,21,3883.9
07.11.2002-00:00:00,07,11,2002,00,3958.3
07.11.2002-03:00:00,07,11,2002,03,3945.9
07.11.2002-06:00:00,07,11,2002,06,3749.8
07.11.2002-09:00:00,07,11,2002,09,3457
07.11.2002-12:00:00,07,11,2002,12,3377
07.11.2002-15:00:00,07,11,2002,15,3399.3
07.11.2002-18:00:00,07,11,2002,18,3553.4
07.11.2002-21:00:00,07,11,2002,21,3637.8
07.12.2002-00:00:00,07,12,2002,00,3712.9
07.12.2002-03:00:00,07,12,2002,03,3671
07.12.2002-06:00:00,07,12,2002,06,3541.7
07.12.2002-09:00:00,07,12,2002,09,3209.8
07.12.2002-12:00:00,07,12,2002,12,3213
07.12.2002-15:00:00,07,12,2002,15,3184.6
07.12.2002-18:00:00,07,12,2002,18,3374.9
07.12.2002-21:00:00,07,12,2002,21,3459.7
07.13.2002-00:00:00,07,13,2002,00,3510.4
07.13.2002-03:00:00,07,13,2002,03,3532.2
07.13.2002-06:00:00,07,13,2002,06,3316.2
07.13.2002-09:00:00,07,13,2002,09,3081.9
07.13.2002-12:00:00,07,13,2002,12,3032.9
07.13.2002-15:00:00,07,13,2002,15,3065.4
07.13.2002-18:00:00,07,13,2002,18,3186.8
07.13.2002-21:00:00,07,13,2002,21,3322.7
07.14.2002-00:00:00,07,14,2002,00,3373.6
07.14.2002-03:00:00,07,14,2002,03,3332
07.14.2002-06:00:00,07,14,2002,06,3172.9
07.14.2002-09:00:00,07,14,2002,09,2850.9
07.14.2002-12:00:00,07,14,2002,12,2790.2
07.14.2002-15:00:00,07,14,2002,15,2874.5
07.14.2002-18:00:00,07,14,2002,18,2997
07.14.2002-21:00:00,07,14,2002,21,3162.4
07.15.2002-00:00:00,07,15,2002,00,3234
07.15.2002-03:00:00,07,15,2002,03,3246.9
07.15.2002-06:00:00,07,15,2002,06,3076.7
07.15.2002-09:00:00,07,15,2002,09,2828.5
07.15.2002-12:00:00,07,15,2002,12,2698.6
07.15.2002-15:00:00,07,15,2002,15,2805.8
07.15.2002-18:00:00,07,15,2002,18,2967
07.15.2002-21:00:00,07,15,2002,21,3099.7
07.16.2002-00:00:00,07,16,2002,00,3155.1
07.16.2002-03:00:00,07,16,2002,03,3158.7
07.16.2002-06:00:00,07,16,2002,06,2969.1
07.16.2002-09:00:00,07,16,2002,09,2694.5
07.16.2002-12:00:00,07,16,2002,12,2579.9
07.16.2002-15:00:00,07,16,2002,15,2702.1
07.16.2002-18:00:00,07,16,2002,18,2847.7
07.16.2002-21:00:00,07,16,2002,21,2983.8
07.17.2002-00:00:00,07,17,2002,00,3043.1
07.17.2002-03:00:00,07,17,2002,03,3025.8
07.17.2002-06:00:00,07,17,2002,06,2848.5
07.17.2002-09:00:00,07,17,2002,09,2577.4
07.17.2002-12:00:00,07,17,2002,12,2468.8
07.17.2002-15:00:00,07,17,2002,15,2578.1
07.17.2002-18:00:00,07,17,2002,18,2737
07.17.2002-21:00:00,07,17,2002,21,2874.9
07.18.2002-00:00:00,07,18,2002,00,2925.8
07.18.2002-03:00:00,07,18,2002,03,2935.9
07.18.2002-06:00:00,07,18,2002,06,2740.3
07.18.2002-09:00:00,07,18,2002,09,2485.7
07.18.2002-12:00:00,07,18,2002,12,2366.4
07.18.2002-15:00:00,07,18,2002,15,2508.2
07.18.2002-18:00:00,07,18,2002,18,2634.5
07.18.2002-21:00:00,07,18,2002,21,2792.8
07.19.2002-00:00:00,07,19,2002,00,2843.3
07.19.2002-03:00:00,07,19,2002,03,2838
07.19.2002-06:00:00,07,19,2002,06,2650.7
07.19.2002-09:00:00,07,19,2002,09,2389.3
07.19.2002-12:00:00,07,19,2002,12,2265.7
07.19.2002-15:00:00,07,19,2002,15,2413.7
07.19.2002-18:00:00,07,19,2002,18,2546.1
07.19.2002-21:00:00,07,19,2002,21,2697.1
07.20.2002-00:00:00,07,20,2002,00,2758.9
07.20.2002-03:00:00,07,20,2002,03,2750.1
07.20.2002-06:00:00,07,20,2002,06,2597.5
07.20.2002-09:00:00,07,20,2002,09,2306.8
07.20.2002-12:00:00,07,20,2002,12,2248.5
07.20.2002-15:00:00,07,20,2002,15,2321.3
07.20.2002-18:00:00,07,20,2002,18,2495.3
07.20.2002-21:00:00,07,20,2002,21,2640.3
07.21.2002-00:00:00,07,21,2002,00,2684.9
07.21.2002-03:00:00,07,21,2002,03,2681.6
07.21.2002-06:00:00,07,21,2002,06,2506.4
07.21.2002-09:00:00,07,21,2002,09,2245.3
07.21.2002-12:00:00,07,21,2002,12,2145.4
07.21.2002-15:00:00,07,21,2002,15,2258
07.21.2002-18:00:00,07,21,2002,18,2433.8
07.21.2002-21:00:00,07,21,2002,21,2543.8
07.22.2002-00:00:00,07,22,2002,00,2610.4
07.22.2002-03:00:00,07,22,2002,03,2578.9
07.22.2002-06:00:00,07,22,2002,06,2437.7
07.22.2002-09:00:00,07,22,2002,09,2177.9
07.22.2002-12:00:00,07,22,2002,12,2114.8
07.22.2002-15:00:00,07,22,2002,15,2195.1
07.22.2002-18:00:00,07,22,2002,18,2345.6
07.22.2002-21:00:00,07,22,2002,21,2489.8
07.23.2002-00:00:00,07,23,2002,00,2514.5
07.23.2002-03:00:00,07,23,2002,03,2514
07.23.2002-06:00:00,07,23,2002,06,2331.4
07.23.2002-09:00:00,07,23,2002,09,2111.7
07.23.2002-12:00:00,07,23,2002,12,2018.4
07.23.2002-15:00:00,07,23,2002,15,2120.6
07.23.2002-18:00:00,07,23,2002,18,2284.5
07.23.2002-21:00:00,07,23,2002,21,2391.4
07.24.2002-00:00:00,07,24,2002,00,2441.4
07.24.2002-03:00:00,07,24,2002,03,2430.6
07.24.2002-06:00:00,07,24,2002,06,2238.7
07.24.2002-09:00:00,07,24,2002,09,2016.6
07.24.2002-12:00:00,07,24,2002,12,1917.1
07.24.2002-15:00:00,07,24,2002,15,2022.1
07.24.2002-18:00:00,07,24,2002,18,2181.6
07.24.2002-21:00:00,07,24,2002,21,2312.9
07.25.2002-00:00:00,07,25,2002,00,2378.6
07.25.2002-03:00:00,07,25,2002,03,2344.7
07.25.2002-06:00:00,07,25,2002,06,2177.4
07.25.2002-09:00:00,07,25,2002,09,1945.6
07.25.2002-12:00:00,07,25,2002,12,1851.5
07.25.2002-15:00:00,07,25,2002,15,1956.4
07.25.2002-18:00:00,07,25,2002,18,2110.7
07.25.2002-21:00:00,07,25,2002,21,2239.4
07.26.2002-00:00:00,07,26,2002,00,2308.3
07.26.2002-03:00:00,07,26,2002,03,2272.6
07.26.2002-06:00:00,07,26,2002,06,2113.9
07.26.2002-09:00:00,07,26,2002,09,1883.3
07.26.2002-12:00:00,07,26,2002,12,1781.4
07.26.2002-15:00:00,07,26,2002,15,1887.7
07.26.2002-18:00:00,07,26,2002,18,2048
07.26.2002-21:00:00,07,26,2002,21,2177.4
07.27.2002-00:00:00,07,27,2002,00,2229.5
07.27.2002-03:00:00,07,27,2002,03,2236.7
07.27.2002-06:00:00,07,27,2002,06,2073.5
07.27.2002-09:00:00,07,27,2002,09,1844.2
07.27.2002-12:00:00,07,27,2002,12,1783.6
07.27.2002-15:00:00,07,27,2002,15,1868.4
07.27.2002-18:00:00,07,27,2002,18,2019.9
07.27.2002-21:00:00,07,27,2002,21,2136.7
07.28.2002-00:00:00,07,28,2002,00,2178.3
07.28.2002-03:00:00,07,28,2002,03,2174.3
07.28.2002-06:00:00,07,28,2002,06,2045.6
07.28.2002-09:00:00,07,28,2002,09,1793.7
07.28.2002-12:00:00,07,28,2002,12,1718.5
07.28.2002-15:00:00,07,28,2002,15,1816.2
07.28.2002-18:00:00,07,28,2002,18,1970.8
07.28.2002-21:00:00,07,28,2002,21,2083.1
07.29.2002-00:00:00,07,29,2002,00,2117.2
07.29.2002-03:00:00,07,29,2002,03,2093.9
07.29.2002-06:00:00,07,29,2002,06,2002.1
07.29.2002-09:00:00,07,29,2002,09,1837.7
07.29.2002-12:00:00,07,29,2002,12,1800.4
07.29.2002-15:00:00,07,29,2002,15,1862.1
07.29.2002-18:00:00,07,29,2002,18,1964.2
07.29.2002-21:00:00,07,29,2002,21,2054.4
07.30.2002-00:00:00,07,30,2002,00,2080.6
07.30.2002-03:00:00,07,30,2002,03,2046.6
07.30.2002-06:00:00,07,30,2002,06,1969.8
07.30.2002-09:00:00,07,30,2002,09,1844.2
07.30.2002-12:00:00,07,30,2002,12,1817.2
07.30.2002-15:00:00,07,30,2002,15,1859.9
07.30.2002-18:00:00,07,30,2002,18,1941.4
07.30.2002-21:00:00,07,30,2002,21,2020.1
07.31.2002-00:00:00,07,31,2002,00,2044.5
07.31.2002-03:00:00,07,31,2002,03,2019
07.31.2002-06:00:00,07,31,2002,06,1899.7
07.31.2002-09:00:00,07,31,2002,09,1725.3
07.31.2002-12:00:00,07,31,2002,12,1647.1
07.31.2002-15:00:00,07,31,2002,15,1725.7
07.31.2002-18:00:00,07,31,2002,18,1857.9
07.31.2002-21:00:00,07,31,2002,21,1956.9
08.01.2002-00:00:00,08,01,2002,00,1992.3
08.01.2002-03:00:00,08,01,2002,03,1987.3
08.01.2002-06:00:00,08,01,2002,06,1899.5
08.01.2002-09:00:00,08,01,2002,09,1668.7
08.01.2002-12:00:00,08,01,2002,12,1588.6
08.01.2002-15:00:00,08,01,2002,15,1663.7
08.01.2002-18:00:00,08,01,2002,18,1798
08.01.2002-21:00:00,08,01,2002,21,1904.9
08.02.2002-00:00:00,08,02,2002,00,1943.8
08.02.2002-03:00:00,08,02,2002,03,1929.2
08.02.2002-06:00:00,08,02,2002,06,1837.4
08.02.2002-09:00:00,08,02,2002,09,1614
08.02.2002-12:00:00,08,02,2002,12,1542.3
08.02.2002-15:00:00,08,02,2002,15,1607.1
08.02.2002-18:00:00,08,02,2002,18,1734
08.02.2002-21:00:00,08,02,2002,21,1848
08.03.2002-00:00:00,08,03,2002,00,1889.7
08.03.2002-03:00:00,08,03,2002,03,1879.5
08.03.2002-06:00:00,08,03,2002,06,1800.5
08.03.2002-09:00:00,08,03,2002,09,1615
08.03.2002-12:00:00,08,03,2002,12,1554.8
08.03.2002-15:00:00,08,03,2002,15,1615
08.03.2002-18:00:00,08,03,2002,18,1727.5
08.03.2002-21:00:00,08,03,2002,21,1819.4
08.04.2002-00:00:00,08,04,2002,00,1855.7
08.04.2002-03:00:00,08,04,2002,03,1917.9
08.04.2002-06:00:00,08,04,2002,06,1891.3
08.04.2002-09:00:00,08,04,2002,09,1719
08.04.2002-12:00:00,08,04,2002,12,1609.6
08.04.2002-15:00:00,08,04,2002,15,1653.9
08.04.2002-18:00:00,08,04,2002,18,1793.4
08.04.2002-21:00:00,08,04,2002,21,1903.4
08.05.2002-00:00:00,08,05,2002,00,1840.6
08.05.2002-03:00:00,08,05,2002,03,1809.7
08.05.2002-06:00:00,08,05,2002,06,1741.9
08.05.2002-09:00:00,08,05,2002,09,1593.7
08.05.2002-12:00:00,08,05,2002,12,1515.6
08.05.2002-15:00:00,08,05,2002,15,1562.9
08.05.2002-18:00:00,08,05,2002,18,1664.5
08.05.2002-21:00:00,08,05,2002,21,1747.5
08.06.2002-00:00:00,08,06,2002,00,1774
08.06.2002-03:00:00,08,06,2002,03,1768.7
08.06.2002-06:00:00,08,06,2002,06,1701.9
08.06.2002-09:00:00,08,06,2002,09,1527.1
08.06.2002-12:00:00,08,06,2002,12,1466.6
08.06.2002-15:00:00,08,06,2002,15,1518.2
08.06.2002-18:00:00,08,06,2002,18,1614.4
08.06.2002-21:00:00,08,06,2002,21,1699
08.07.2002-00:00:00,08,07,2002,00,1727.8
08.07.2002-03:00:00,08,07,2002,03,1720.7
08.07.2002-06:00:00,08,07,2002,06,1662.9
08.07.2002-09:00:00,08,07,2002,09,1532.7
08.07.2002-12:00:00,08,07,2002,12,1489.1
08.07.2002-15:00:00,08,07,2002,15,1532.2
08.07.2002-18:00:00,08,07,2002,18,1613.6
08.07.2002-21:00:00,08,07,2002,21,1675.9
08.08.2002-00:00:00,08,08,2002,00,1693.5
08.08.2002-03:00:00,08,08,2002,03,1684.8
08.08.2002-06:00:00,08,08,2002,06,1611.5
08.08.2002-09:00:00,08,08,2002,09,1439.9
08.08.2002-12:00:00,08,08,2002,12,1378.6
08.08.2002-15:00:00,08,08,2002,15,1434.9
08.08.2002-18:00:00,08,08,2002,18,1524.6
08.08.2002-21:00:00,08,08,2002,21,1593.2
08.09.2002-00:00:00,08,09,2002,00,1629.1
08.09.2002-03:00:00,08,09,2002,03,1623.6
08.09.2002-06:00:00,08,09,2002,06,1539.8
08.09.2002-09:00:00,08,09,2002,09,1346.4
08.09.2002-12:00:00,08,09,2002,12,1285.2
08.09.2002-15:00:00,08,09,2002,15,1347
08.09.2002-18:00:00,08,09,2002,18,1452.6
08.09.2002-21:00:00,08,09,2002,21,1531.9
08.10.2002-00:00:00,08,10,2002,00,1557.1
08.10.2002-03:00:00,08,10,2002,03,1546.1
08.10.2002-06:00:00,08,10,2002,06,1470.8
08.10.2002-09:00:00,08,10,2002,09,1289.6
08.10.2002-12:00:00,08,10,2002,12,1231.1
08.10.2002-15:00:00,08,10,2002,15,1288
08.10.2002-18:00:00,08,10,2002,18,1402.6
08.10.2002-21:00:00,08,10,2002,21,1475.8
08.11.2002-00:00:00,08,11,2002,00,1510.5
08.11.2002-03:00:00,08,11,2002,03,1502.1
08.11.2002-06:00:00,08,11,2002,06,1433.3
08.11.2002-09:00:00,08,11,2002,09,1263.4
08.11.2002-12:00:00,08,11,2002,12,1207.9
08.11.2002-15:00:00,08,11,2002,15,1265.6
08.11.2002-18:00:00,08,11,2002,18,1375.7
08.11.2002-21:00:00,08,11,2002,21,1444.6
08.12.2002-00:00:00,08,12,2002,00,1477.6
08.12.2002-03:00:00,08,12,2002,03,1468.6
08.12.2002-06:00:00,08,12,2002,06,1398.9
08.12.2002-09:00:00,08,12,2002,09,1232.2
08.12.2002-12:00:00,08,12,2002,12,1181.9
08.12.2002-15:00:00,08,12,2002,15,1239.3
08.12.2002-18:00:00,08,12,2002,18,1347.1
08.12.2002-21:00:00,08,12,2002,21,1410
08.13.2002-00:00:00,08,13,2002,00,1441
08.13.2002-03:00:00,08,13,2002,03,1428.9
08.13.2002-06:00:00,08,13,2002,06,1350.6
08.13.2002-09:00:00,08,13,2002,09,1187
08.13.2002-12:00:00,08,13,2002,12,1143.1
08.13.2002-15:00:00,08,13,2002,15,1191.7
08.13.2002-18:00:00,08,13,2002,18,1298.9
08.13.2002-21:00:00,08,13,2002,21,1362.7
08.14.2002-00:00:00,08,14,2002,00,1393.7
08.14.2002-03:00:00,08,14,2002,03,1384.9
08.14.2002-06:00:00,08,14,2002,06,1298.2
08.14.2002-09:00:00,08,14,2002,09,1149.4
08.14.2002-12:00:00,08,14,2002,12,1128.9
08.14.2002-15:00:00,08,14,2002,15,1158.5
08.14.2002-18:00:00,08,14,2002,18,1255.2
08.14.2002-21:00:00,08,14,2002,21,1329.2
08.15.2002-00:00:00,08,15,2002,00,1348.1
08.15.2002-03:00:00,08,15,2002,03,1341.2
08.15.2002-06:00:00,08,15,2002,06,1263.3
08.15.2002-09:00:00,08,15,2002,09,1114.4
08.15.2002-12:00:00,08,15,2002,12,1077.7
08.15.2002-15:00:00,08,15,2002,15,1118
08.15.2002-18:00:00,08,15,2002,18,1214.7
08.15.2002-21:00:00,08,15,2002,21,1292.1
08.16.2002-00:00:00,08,16,2002,00,1314.2
08.16.2002-03:00:00,08,16,2002,03,1306.8
08.16.2002-06:00:00,08,16,2002,06,1244.6
08.16.2002-09:00:00,08,16,2002,09,1100.3
08.16.2002-12:00:00,08,16,2002,12,1062.4
08.16.2002-15:00:00,08,16,2002,15,1105.2
08.16.2002-18:00:00,08,16,2002,18,1196.1
08.16.2002-21:00:00,08,16,2002,21,1266.3
08.17.2002-00:00:00,08,17,2002,00,1285.8
08.17.2002-03:00:00,08,17,2002,03,1277.6
08.17.2002-06:00:00,08,17,2002,06,1216.9
08.17.2002-09:00:00,08,17,2002,09,1082.4
08.17.2002-12:00:00,08,17,2002,12,1050.6
08.17.2002-15:00:00,08,17,2002,15,1090.4
08.17.2002-18:00:00,08,17,2002,18,1174.8
08.17.2002-21:00:00,08,17,2002,21,1242.1
08.18.2002-00:00:00,08,18,2002,00,1260.9
08.18.2002-03:00:00,08,18,2002,03,1254.1
08.18.2002-06:00:00,08,18,2002,06,1196.4
08.18.2002-09:00:00,08,18,2002,09,1054.4
08.18.2002-12:00:00,08,18,2002,12,1020
08.18.2002-15:00:00,08,18,2002,15,1062.9
08.18.2002-18:00:00,08,18,2002,18,1146.9
08.18.2002-21:00:00,08,18,2002,21,1208.4
08.19.2002-00:00:00,08,19,2002,00,1231.6
08.19.2002-03:00:00,08,19,2002,03,1227.8
08.19.2002-06:00:00,08,19,2002,06,1172.8
08.19.2002-09:00:00,08,19,2002,09,1036.1
08.19.2002-12:00:00,08,19,2002,12,1003.1
08.19.2002-15:00:00,08,19,2002,15,1044.6
08.19.2002-18:00:00,08,19,2002,18,1125.2
08.19.2002-21:00:00,08,19,2002,21,1179
08.20.2002-00:00:00,08,20,2002,00,1204.4
08.20.2002-03:00:00,08,20,2002,03,1198.8
08.20.2002-06:00:00,08,20,2002,06,1143.1
08.20.2002-09:00:00,08,20,2002,09,1012.3
08.20.2002-12:00:00,08,20,2002,12,980.79
08.20.2002-15:00:00,08,20,2002,15,1020.3
08.20.2002-18:00:00,08,20,2002,18,1098.4
08.20.2002-21:00:00,08,20,2002,21,1148.8
08.21.2002-00:00:00,08,21,2002,00,1172.4
08.21.2002-03:00:00,08,21,2002,03,1170.1
08.21.2002-06:00:00,08,21,2002,06,1122.5
08.21.2002-09:00:00,08,21,2002,09,1018.8
08.21.2002-12:00:00,08,21,2002,12,991.57
08.21.2002-15:00:00,08,21,2002,15,1028.7
08.21.2002-18:00:00,08,21,2002,18,1092.9
08.21.2002-21:00:00,08,21,2002,21,1138.1
08.22.2002-00:00:00,08,22,2002,00,1159.7
08.22.2002-03:00:00,08,22,2002,03,1147.8
08.22.2002-06:00:00,08,22,2002,06,1098.4
08.22.2002-09:00:00,08,22,2002,09,996.84
08.22.2002-12:00:00,08,22,2002,12,971.68
08.22.2002-15:00:00,08,22,2002,15,1007.3
08.22.2002-18:00:00,08,22,2002,18,1070.4
08.22.2002-21:00:00,08,22,2002,21,1112.4
08.23.2002-00:00:00,08,23,2002,00,1127.6
08.23.2002-03:00:00,08,23,2002,03,1119.5
08.23.2002-06:00:00,08,23,2002,06,1063.1
08.23.2002-09:00:00,08,23,2002,09,954.79
08.23.2002-12:00:00,08,23,2002,12,928.23
08.23.2002-15:00:00,08,23,2002,15,963.22
08.23.2002-18:00:00,08,23,2002,18,1027.7
08.23.2002-21:00:00,08,23,2002,21,1077.2
08.24.2002-00:00:00,08,24,2002,00,1090.3
08.24.2002-03:00:00,08,24,2002,03,1081.5
08.24.2002-06:00:00,08,24,2002,06,1032.4
08.24.2002-09:00:00,08,24,2002,09,923.11
08.24.2002-12:00:00,08,24,2002,12,897.61
08.24.2002-15:00:00,08,24,2002,15,933.29
08.24.2002-18:00:00,08,24,2002,18,997.52
08.24.2002-21:00:00,08,24,2002,21,1042.3
08.25.2002-00:00:00,08,25,2002,00,1124.1
08.25.2002-03:00:00,08,25,2002,03,1196.3
08.25.2002-06:00:00,08,25,2002,06,1167.7
08.25.2002-09:00:00,08,25,2002,09,1070.8
08.25.2002-12:00:00,08,25,2002,12,990.49
08.25.2002-15:00:00,08,25,2002,15,1026.2
08.25.2002-18:00:00,08,25,2002,18,1134.6
08.25.2002-21:00:00,08,25,2002,21,1200.8
08.26.2002-00:00:00,08,26,2002,00,1146.2
08.26.2002-03:00:00,08,26,2002,03,1131.4
08.26.2002-06:00:00,08,26,2002,06,1083.7
08.26.2002-09:00:00,08,26,2002,09,974.93
08.26.2002-12:00:00,08,26,2002,12,918.07
08.26.2002-15:00:00,08,26,2002,15,948.59
08.26.2002-18:00:00,08,26,2002,18,1031.3
08.26.2002-21:00:00,08,26,2002,21,1083.8
08.27.2002-00:00:00,08,27,2002,00,1045.8
08.27.2002-03:00:00,08,27,2002,03,1031.5
08.27.2002-06:00:00,08,27,2002,06,985.01
08.27.2002-09:00:00,08,27,2002,09,891.85
08.27.2002-12:00:00,08,27,2002,12,859.02
08.27.2002-15:00:00,08,27,2002,15,892.7
08.27.2002-18:00:00,08,27,2002,18,953.1
08.27.2002-21:00:00,08,27,2002,21,990.46
08.28.2002-00:00:00,08,28,2002,00,998.09
08.28.2002-03:00:00,08,28,2002,03,992.73
08.28.2002-06:00:00,08,28,2002,06,947.97
08.28.2002-09:00:00,08,28,2002,09,848.87
08.28.2002-12:00:00,08,28,2002,12,830.27
08.28.2002-15:00:00,08,28,2002,15,863.85
08.28.2002-18:00:00,08,28,2002,18,925.14
08.28.2002-21:00:00,08,28,2002,21,958.76
08.29.2002-00:00:00,08,29,2002,00,971.06
08.29.2002-03:00:00,08,29,2002,03,963.3
08.29.2002-06:00:00,08,29,2002,06,919.26
08.29.2002-09:00:00,08,29,2002,09,823.59
08.29.2002-12:00:00,08,29,2002,12,806.38
08.29.2002-15:00:00,08,29,2002,15,839.41
08.29.2002-18:00:00,08,29,2002,18,899.21
08.29.2002-21:00:00,08,29,2002,21,930.87
08.30.2002-00:00:00,08,30,2002,00,1017.6
08.30.2002-03:00:00,08,30,2002,03,1055.2
08.30.2002-06:00:00,08,30,2002,06,1034
08.30.2002-09:00:00,08,30,2002,09,948.65
08.30.2002-12:00:00,08,30,2002,12,893.28
08.30.2002-15:00:00,08,30,2002,15,925.74
08.30.2002-18:00:00,08,30,2002,18,1021.5
08.30.2002-21:00:00,08,30,2002,21,1071.5
08.31.2002-00:00:00,08,31,2002,00,964.4
08.31.2002-03:00:00,08,31,2002,03,941
08.31.2002-06:00:00,08,31,2002,06,897.8
08.31.2002-09:00:00,08,31,2002,09,822.71
08.31.2002-12:00:00,08,31,2002,12,792.95
08.31.2002-15:00:00,08,31,2002,15,823.01
08.31.2002-18:00:00,08,31,2002,18,876.06
08.31.2002-21:00:00,08,31,2002,21,908.14
09.01.2002-00:00:00,09,01,2002,00,917.76
09.01.2002-03:00:00,09,01,2002,03,915.64
09.01.2002-06:00:00,09,01,2002,06,886.11
09.01.2002-09:00:00,09,01,2002,09,786.84
09.01.2002-12:00:00,09,01,2002,12,755.19
09.01.2002-15:00:00,09,01,2002,15,796.23
09.01.2002-18:00:00,09,01,2002,18,856.01
09.01.2002-21:00:00,09,01,2002,21,879.54
09.02.2002-00:00:00,09,02,2002,00,914.09
09.02.2002-03:00:00,09,02,2002,03,938.18
09.02.2002-06:00:00,09,02,2002,06,926.05
09.02.2002-09:00:00,09,02,2002,09,872.35
09.02.2002-12:00:00,09,02,2002,12,839.48
09.02.2002-15:00:00,09,02,2002,15,859.92
09.02.2002-18:00:00,09,02,2002,18,914.14
09.02.2002-21:00:00,09,02,2002,21,939.44
09.03.2002-00:00:00,09,03,2002,00,898.3
09.03.2002-03:00:00,09,03,2002,03,888.91
09.03.2002-06:00:00,09,03,2002,06,862.47
09.03.2002-09:00:00,09,03,2002,09,781.96
09.03.2002-12:00:00,09,03,2002,12,744.2
09.03.2002-15:00:00,09,03,2002,15,781.01
09.03.2002-18:00:00,09,03,2002,18,834.82
09.03.2002-21:00:00,09,03,2002,21,854.49
09.04.2002-00:00:00,09,04,2002,00,866.33
09.04.2002-03:00:00,09,04,2002,03,868.52
09.04.2002-06:00:00,09,04,2002,06,852.41
09.04.2002-09:00:00,09,04,2002,09,771.2
09.04.2002-12:00:00,09,04,2002,12,744.03
09.04.2002-15:00:00,09,04,2002,15,781.5
09.04.2002-18:00:00,09,04,2002,18,826.37
09.04.2002-21:00:00,09,04,2002,21,845.05
09.05.2002-00:00:00,09,05,2002,00,852.74
09.05.2002-03:00:00,09,05,2002,03,853.86
09.05.2002-06:00:00,09,05,2002,06,838.41
09.05.2002-09:00:00,09,05,2002,09,761.29
09.05.2002-12:00:00,09,05,2002,12,736.99
09.05.2002-15:00:00,09,05,2002,15,772.77
09.05.2002-18:00:00,09,05,2002,18,813.76
09.05.2002-21:00:00,09,05,2002,21,831
09.06.2002-00:00:00,09,06,2002,00,837.51
09.06.2002-03:00:00,09,06,2002,03,836.18
09.06.2002-06:00:00,09,06,2002,06,818.53
09.06.2002-09:00:00,09,06,2002,09,740.13
09.06.2002-12:00:00,09,06,2002,12,715.11
09.06.2002-15:00:00,09,06,2002,15,751.81
09.06.2002-18:00:00,09,06,2002,18,796.23
09.06.2002-21:00:00,09,06,2002,21,810.6
09.07.2002-00:00:00,09,07,2002,00,817.74
09.07.2002-03:00:00,09,07,2002,03,820.54
09.07.2002-06:00:00,09,07,2002,06,805.48
09.07.2002-09:00:00,09,07,2002,09,721.9
09.07.2002-12:00:00,09,07,2002,12,695.03
09.07.2002-15:00:00,09,07,2002,15,734.56
09.07.2002-18:00:00,09,07,2002,18,781.55
09.07.2002-21:00:00,09,07,2002,21,794.75
09.08.2002-00:00:00,09,08,2002,00,798.47
09.08.2002-03:00:00,09,08,2002,03,802.2
09.08.2002-06:00:00,09,08,2002,06,789.76
09.08.2002-09:00:00,09,08,2002,09,710.97
09.08.2002-12:00:00,09,08,2002,12,685.35
09.08.2002-15:00:00,09,08,2002,15,723.17
09.08.2002-18:00:00,09,08,2002,18,768.01
09.08.2002-21:00:00,09,08,2002,21,780.26
09.09.2002-00:00:00,09,09,2002,00,784.31
09.09.2002-03:00:00,09,09,2002,03,785.82
09.09.2002-06:00:00,09,09,2002,06,773.29
09.09.2002-09:00:00,09,09,2002,09,702.26
09.09.2002-12:00:00,09,09,2002,12,681.24
09.09.2002-15:00:00,09,09,2002,15,715.02
09.09.2002-18:00:00,09,09,2002,18,753.84
09.09.2002-21:00:00,09,09,2002,21,766.21
09.10.2002-00:00:00,09,10,2002,00,769.96
09.10.2002-03:00:00,09,10,2002,03,767.31
09.10.2002-06:00:00,09,10,2002,06,745.68
09.10.2002-09:00:00,09,10,2002,09,670.52
09.10.2002-12:00:00,09,10,2002,12,647.92
09.10.2002-15:00:00,09,10,2002,15,682.28
09.10.2002-18:00:00,09,10,2002,18,729.53
09.10.2002-21:00:00,09,10,2002,21,744.11
09.11.2002-00:00:00,09,11,2002,00,746.61
09.11.2002-03:00:00,09,11,2002,03,748.77
09.11.2002-06:00:00,09,11,2002,06,726.77
09.11.2002-09:00:00,09,11,2002,09,641.7
09.11.2002-12:00:00,09,11,2002,12,618.26
09.11.2002-15:00:00,09,11,2002,15,653.97
09.11.2002-18:00:00,09,11,2002,18,708.9
09.11.2002-21:00:00,09,11,2002,21,724.87
09.12.2002-00:00:00,09,12,2002,00,725.58
09.12.2002-03:00:00,09,12,2002,03,726.44
09.12.2002-06:00:00,09,12,2002,06,703.27
09.12.2002-09:00:00,09,12,2002,09,618.41
09.12.2002-12:00:00,09,12,2002,12,596.28
09.12.2002-15:00:00,09,12,2002,15,631.53
09.12.2002-18:00:00,09,12,2002,18,686.75
09.12.2002-21:00:00,09,12,2002,21,706.59
09.13.2002-00:00:00,09,13,2002,00,707.53
09.13.2002-03:00:00,09,13,2002,03,706.32
09.13.2002-06:00:00,09,13,2002,06,680.76
09.13.2002-09:00:00,09,13,2002,09,598.33
09.13.2002-12:00:00,09,13,2002,12,576.89
09.13.2002-15:00:00,09,13,2002,15,611.89
09.13.2002-18:00:00,09,13,2002,18,667.79
09.13.2002-21:00:00,09,13,2002,21,689.22
09.14.2002-00:00:00,09,14,2002,00,691.94
09.14.2002-03:00:00,09,14,2002,03,691.74
09.14.2002-06:00:00,09,14,2002,06,668.21
09.14.2002-09:00:00,09,14,2002,09,587.44
09.14.2002-12:00:00,09,14,2002,12,566.38
09.14.2002-15:00:00,09,14,2002,15,602.31
09.14.2002-18:00:00,09,14,2002,18,654.97
09.14.2002-21:00:00,09,14,2002,21,673.75
09.15.2002-00:00:00,09,15,2002,00,676.02
09.15.2002-03:00:00,09,15,2002,03,675.61
09.15.2002-06:00:00,09,15,2002,06,650.15
09.15.2002-09:00:00,09,15,2002,09,578.64
09.15.2002-12:00:00,09,15,2002,12,558.88
09.15.2002-15:00:00,09,15,2002,15,592.11
09.15.2002-18:00:00,09,15,2002,18,640.62
09.15.2002-21:00:00,09,15,2002,21,658.64
09.16.2002-00:00:00,09,16,2002,00,661.25
09.16.2002-03:00:00,09,16,2002,03,661.64
09.16.2002-06:00:00,09,16,2002,06,636.6
09.16.2002-09:00:00,09,16,2002,09,570.46
09.16.2002-12:00:00,09,16,2002,12,551.33
09.16.2002-15:00:00,09,16,2002,15,583.3
09.16.2002-18:00:00,09,16,2002,18,629.38
09.16.2002-21:00:00,09,16,2002,21,646.55
09.17.2002-00:00:00,09,17,2002,00,648.26
09.17.2002-03:00:00,09,17,2002,03,649.67
09.17.2002-06:00:00,09,17,2002,06,629.79
09.17.2002-09:00:00,09,17,2002,09,572.44
09.17.2002-12:00:00,09,17,2002,12,555.21
09.17.2002-15:00:00,09,17,2002,15,583.46
09.17.2002-18:00:00,09,17,2002,18,625.21
09.17.2002-21:00:00,09,17,2002,21,637.74
09.18.2002-00:00:00,09,18,2002,00,639.14
09.18.2002-03:00:00,09,18,2002,03,641.72
09.18.2002-06:00:00,09,18,2002,06,628.96
09.18.2002-09:00:00,09,18,2002,09,561.6
09.18.2002-12:00:00,09,18,2002,12,541.03
09.18.2002-15:00:00,09,18,2002,15,575.36
09.18.2002-18:00:00,09,18,2002,18,617.29
09.18.2002-21:00:00,09,18,2002,21,627.79
09.19.2002-00:00:00,09,19,2002,00,628.35
09.19.2002-03:00:00,09,19,2002,03,628.66
09.19.2002-06:00:00,09,19,2002,06,617.72
09.19.2002-09:00:00,09,19,2002,09,545.21
09.19.2002-12:00:00,09,19,2002,12,522.85
09.19.2002-15:00:00,09,19,2002,15,560.54
09.19.2002-18:00:00,09,19,2002,18,603.3
09.19.2002-21:00:00,09,19,2002,21,615.57
09.20.2002-00:00:00,09,20,2002,00,616.01
09.20.2002-03:00:00,09,20,2002,03,615.81
09.20.2002-06:00:00,09,20,2002,06,601.85
09.20.2002-09:00:00,09,20,2002,09,530.26
09.20.2002-12:00:00,09,20,2002,12,507.52
09.20.2002-15:00:00,09,20,2002,15,542.38
09.20.2002-18:00:00,09,20,2002,18,590.98
09.20.2002-21:00:00,09,20,2002,21,601.83
09.21.2002-00:00:00,09,21,2002,00,604.81
09.21.2002-03:00:00,09,21,2002,03,605.13
09.21.2002-06:00:00,09,21,2002,06,595.65
09.21.2002-09:00:00,09,21,2002,09,528.19
09.21.2002-12:00:00,09,21,2002,12,505.85
09.21.2002-15:00:00,09,21,2002,15,542
09.21.2002-18:00:00,09,21,2002,18,583.32
09.21.2002-21:00:00,09,21,2002,21,592.62
09.22.2002-00:00:00,09,22,2002,00,593.76
09.22.2002-03:00:00,09,22,2002,03,593.87
09.22.2002-06:00:00,09,22,2002,06,584.44
09.22.2002-09:00:00,09,22,2002,09,529.18
09.22.2002-12:00:00,09,22,2002,12,512.04
09.22.2002-15:00:00,09,22,2002,15,542.14
09.22.2002-18:00:00,09,22,2002,18,574.6
09.22.2002-21:00:00,09,22,2002,21,582.34
09.23.2002-00:00:00,09,23,2002,00,582.82
09.23.2002-03:00:00,09,23,2002,03,584.43
09.23.2002-06:00:00,09,23,2002,06,568.99
09.23.2002-09:00:00,09,23,2002,09,506.18
09.23.2002-12:00:00,09,23,2002,12,486.53
09.23.2002-15:00:00,09,23,2002,15,517.6
09.23.2002-18:00:00,09,23,2002,18,559.32
09.23.2002-21:00:00,09,23,2002,21,566.18
09.24.2002-00:00:00,09,24,2002,00,568.88
09.24.2002-03:00:00,09,24,2002,03,569.17
09.24.2002-06:00:00,09,24,2002,06,552.34
09.24.2002-09:00:00,09,24,2002,09,481.19
09.24.2002-12:00:00,09,24,2002,12,460.73
09.24.2002-15:00:00,09,24,2002,15,492.65
09.24.2002-18:00:00,09,24,2002,18,540.4
09.24.2002-21:00:00,09,24,2002,21,551.88
09.25.2002-00:00:00,09,25,2002,00,553.84
09.25.2002-03:00:00,09,25,2002,03,554.44
09.25.2002-06:00:00,09,25,2002,06,540.27
09.25.2002-09:00:00,09,25,2002,09,479.66
09.25.2002-12:00:00,09,25,2002,12,460.2
09.25.2002-15:00:00,09,25,2002,15,490.65
09.25.2002-18:00:00,09,25,2002,18,533.29
09.25.2002-21:00:00,09,25,2002,21,542.56
09.26.2002-00:00:00,09,26,2002,00,543.79
09.26.2002-03:00:00,09,26,2002,03,544.99
09.26.2002-06:00:00,09,26,2002,06,532.54
09.26.2002-09:00:00,09,26,2002,09,475.24
09.26.2002-12:00:00,09,26,2002,12,456.5
09.26.2002-15:00:00,09,26,2002,15,486.69
09.26.2002-18:00:00,09,26,2002,18,526.02
09.26.2002-21:00:00,09,26,2002,21,532.78
09.27.2002-00:00:00,09,27,2002,00,533.61
09.27.2002-03:00:00,09,27,2002,03,534.57
09.27.2002-06:00:00,09,27,2002,06,522.47
09.27.2002-09:00:00,09,27,2002,09,480.53
09.27.2002-12:00:00,09,27,2002,12,467.28
09.27.2002-15:00:00,09,27,2002,15,490.27
09.27.2002-18:00:00,09,27,2002,18,520.93
09.27.2002-21:00:00,09,27,2002,21,524.54
09.28.2002-00:00:00,09,28,2002,00,525.45
09.28.2002-03:00:00,09,28,2002,03,526.91
09.28.2002-06:00:00,09,28,2002,06,515.86
09.28.2002-09:00:00,09,28,2002,09,465.22
09.28.2002-12:00:00,09,28,2002,12,448.72
09.28.2002-15:00:00,09,28,2002,15,476.2
09.28.2002-18:00:00,09,28,2002,18,510.44
09.28.2002-21:00:00,09,28,2002,21,512.87
09.29.2002-00:00:00,09,29,2002,00,514.24
09.29.2002-03:00:00,09,29,2002,03,514.74
09.29.2002-06:00:00,09,29,2002,06,504.3
09.29.2002-09:00:00,09,29,2002,09,443.66
09.29.2002-12:00:00,09,29,2002,12,424.05
09.29.2002-15:00:00,09,29,2002,15,453.34
09.29.2002-18:00:00,09,29,2002,18,495.7
09.29.2002-21:00:00,09,29,2002,21,502.14
09.30.2002-00:00:00,09,30,2002,00,502.38
09.30.2002-03:00:00,09,30,2002,03,502.66
09.30.2002-06:00:00,09,30,2002,06,498
09.30.2002-09:00:00,09,30,2002,09,460.15
09.30.2002-12:00:00,09,30,2002,12,446.06
09.30.2002-15:00:00,09,30,2002,15,468.98
09.30.2002-18:00:00,09,30,2002,18,493.8
09.30.2002-21:00:00,09,30,2002,21,495.59
