TIMESTAMP,MONTH,DAY,YEAR,HOUR,C
10.01.2001-00:00:00,10,01,2001,00,331.12
10.01.2001-03:00:00,10,01,2001,03,331.28
10.01.2001-06:00:00,10,01,2001,06,325.78
10.01.2001-09:00:00,10,01,2001,09,305.46
10.01.2001-12:00:00,10,01,2001,12,297.69
10.01.2001-15:00:00,10,01,2001,15,309.52
10.01.2001-18:00:00,10,01,2001,18,316.85
10.01.2001-21:00:00,10,01,2001,21,321.36
10.02.2001-00:00:00,10,02,2001,00,325.1
10.02.2001-03:00:00,10,02,2001,03,325.47
10.02.2001-06:00:00,10,02,2001,06,318.97
10.02.2001-09:00:00,10,02,2001,09,298.34
10.02.2001-12:00:00,10,02,2001,12,291.27
10.02.2001-15:00:00,10,02,2001,15,301.26
10.02.2001-18:00:00,10,02,2001,18,309.2
10.02.2001-21:00:00,10,02,2001,21,311.68
10.03.2001-00:00:00,10,03,2001,00,317.72
10.03.2001-03:00:00,10,03,2001,03,319.82
10.03.2001-06:00:00,10,03,2001,06,315.06
10.03.2001-09:00:00,10,03,2001,09,295.63
10.03.2001-12:00:00,10,03,2001,12,289.5
10.03.2001-15:00:00,10,03,2001,15,298.47
10.03.2001-18:00:00,10,03,2001,18,305.39
10.03.2001-21:00:00,10,03,2001,21,311.49
10.04.2001-00:00:00,10,04,2001,00,315.14
10.04.2001-03:00:00,10,04,2001,03,315.67
10.04.2001-06:00:00,10,04,2001,06,311.85
10.04.2001-09:00:00,10,04,2001,09,292.91
10.04.2001-12:00:00,10,04,2001,12,287.68
10.04.2001-15:00:00,10,04,2001,15,296.25
10.04.2001-18:00:00,10,04,2001,18,303.23
10.04.2001-21:00:00,10,04,2001,21,310.63
10.05.2001-00:00:00,10,05,2001,00,312.36
10.05.2001-03:00:00,10,05,2001,03,312.78
10.05.2001-06:00:00,10,05,2001,06,311.64
10.05.2001-09:00:00,10,05,2001,09,291.04
10.05.2001-12:00:00,10,05,2001,12,285.84
10.05.2001-15:00:00,10,05,2001,15,293.85
10.05.2001-18:00:00,10,05,2001,18,303.85
10.05.2001-21:00:00,10,05,2001,21,309.33
10.06.2001-00:00:00,10,06,2001,00,310.12
10.06.2001-03:00:00,10,06,2001,03,310.21
10.06.2001-06:00:00,10,06,2001,06,310.2
10.06.2001-09:00:00,10,06,2001,09,289.48
10.06.2001-12:00:00,10,06,2001,12,284.2
10.06.2001-15:00:00,10,06,2001,15,292.11
10.06.2001-18:00:00,10,06,2001,18,302.34
10.06.2001-21:00:00,10,06,2001,21,306.98
10.07.2001-00:00:00,10,07,2001,00,307.69
10.07.2001-03:00:00,10,07,2001,03,307.72
10.07.2001-06:00:00,10,07,2001,06,307.67
10.07.2001-09:00:00,10,07,2001,09,287.91
10.07.2001-12:00:00,10,07,2001,12,282.84
10.07.2001-15:00:00,10,07,2001,15,290.31
10.07.2001-18:00:00,10,07,2001,18,300.77
10.07.2001-21:00:00,10,07,2001,21,304.19
10.08.2001-00:00:00,10,08,2001,00,304.74
10.08.2001-03:00:00,10,08,2001,03,304.76
10.08.2001-06:00:00,10,08,2001,06,305.16
10.08.2001-09:00:00,10,08,2001,09,291.46
10.08.2001-12:00:00,10,08,2001,12,287.01
10.08.2001-15:00:00,10,08,2001,15,295.8
10.08.2001-18:00:00,10,08,2001,18,302.26
10.08.2001-21:00:00,10,08,2001,21,303.02
10.09.2001-00:00:00,10,09,2001,00,303.12
10.09.2001-03:00:00,10,09,2001,03,303.47
10.09.2001-06:00:00,10,09,2001,06,303.44
10.09.2001-09:00:00,10,09,2001,09,289.55
10.09.2001-12:00:00,10,09,2001,12,285.51
10.09.2001-15:00:00,10,09,2001,15,293.43
10.09.2001-18:00:00,10,09,2001,18,300.38
10.09.2001-21:00:00,10,09,2001,21,301.3
10.10.2001-00:00:00,10,10,2001,00,301.31
10.10.2001-03:00:00,10,10,2001,03,301.26
10.10.2001-06:00:00,10,10,2001,06,301.2
10.10.2001-09:00:00,10,10,2001,09,351.21
10.10.2001-12:00:00,10,10,2001,12,389.1
10.10.2001-15:00:00,10,10,2001,15,349.72
10.10.2001-18:00:00,10,10,2001,18,309.88
10.10.2001-21:00:00,10,10,2001,21,306.59
10.11.2001-00:00:00,10,11,2001,00,306.74
10.11.2001-03:00:00,10,11,2001,03,307.35
10.11.2001-06:00:00,10,11,2001,06,307.33
10.11.2001-09:00:00,10,11,2001,09,306.94
10.11.2001-12:00:00,10,11,2001,12,305.01
10.11.2001-15:00:00,10,11,2001,15,306.91
10.11.2001-18:00:00,10,11,2001,18,307
10.11.2001-21:00:00,10,11,2001,21,306.92
10.12.2001-00:00:00,10,12,2001,00,306.84
10.12.2001-03:00:00,10,12,2001,03,306.76
10.12.2001-06:00:00,10,12,2001,06,306.68
10.12.2001-09:00:00,10,12,2001,09,306.41
10.12.2001-12:00:00,10,12,2001,12,343.72
10.12.2001-15:00:00,10,12,2001,15,310.47
10.12.2001-18:00:00,10,12,2001,18,306.85
10.12.2001-21:00:00,10,12,2001,21,306.81
10.13.2001-00:00:00,10,13,2001,00,306.75
10.13.2001-03:00:00,10,13,2001,03,306.68
10.13.2001-06:00:00,10,13,2001,06,306.59
10.13.2001-09:00:00,10,13,2001,09,300.04
10.13.2001-12:00:00,10,13,2001,12,354.17
10.13.2001-15:00:00,10,13,2001,15,318.49
10.13.2001-18:00:00,10,13,2001,18,308.26
10.13.2001-21:00:00,10,13,2001,21,307.27
10.14.2001-00:00:00,10,14,2001,00,307.17
10.14.2001-03:00:00,10,14,2001,03,307.19
10.14.2001-06:00:00,10,14,2001,06,306.25
10.14.2001-09:00:00,10,14,2001,09,315.02
10.14.2001-12:00:00,10,14,2001,12,352.1
10.14.2001-15:00:00,10,14,2001,15,314.77
10.14.2001-18:00:00,10,14,2001,18,306.76
10.14.2001-21:00:00,10,14,2001,21,306.22
10.15.2001-00:00:00,10,15,2001,00,306.15
10.15.2001-03:00:00,10,15,2001,03,306.11
10.15.2001-06:00:00,10,15,2001,06,305.04
10.15.2001-09:00:00,10,15,2001,09,304
10.15.2001-12:00:00,10,15,2001,12,288.14
10.15.2001-15:00:00,10,15,2001,15,291.64
10.15.2001-18:00:00,10,15,2001,18,299.9
10.15.2001-21:00:00,10,15,2001,21,301.4
10.16.2001-00:00:00,10,16,2001,00,302.52
10.16.2001-03:00:00,10,16,2001,03,302.56
10.16.2001-06:00:00,10,16,2001,06,302.45
10.16.2001-09:00:00,10,16,2001,09,288.58
10.16.2001-12:00:00,10,16,2001,12,283.6
10.16.2001-15:00:00,10,16,2001,15,292.39
10.16.2001-18:00:00,10,16,2001,18,298.26
10.16.2001-21:00:00,10,16,2001,21,300.04
10.17.2001-00:00:00,10,17,2001,00,300.09
10.17.2001-03:00:00,10,17,2001,03,299.95
10.17.2001-06:00:00,10,17,2001,06,299.79
10.17.2001-09:00:00,10,17,2001,09,283.29
10.17.2001-12:00:00,10,17,2001,12,277.32
10.17.2001-15:00:00,10,17,2001,15,285.8
10.17.2001-18:00:00,10,17,2001,18,294.75
10.17.2001-21:00:00,10,17,2001,21,295.78
10.18.2001-00:00:00,10,18,2001,00,295.83
10.18.2001-03:00:00,10,18,2001,03,296.09
10.18.2001-06:00:00,10,18,2001,06,296.53
10.18.2001-09:00:00,10,18,2001,09,288.34
10.18.2001-12:00:00,10,18,2001,12,284.74
10.18.2001-15:00:00,10,18,2001,15,292.58
10.18.2001-18:00:00,10,18,2001,18,294.96
10.18.2001-21:00:00,10,18,2001,21,295.01
10.19.2001-00:00:00,10,19,2001,00,294.85
10.19.2001-03:00:00,10,19,2001,03,294.68
10.19.2001-06:00:00,10,19,2001,06,294.52
10.19.2001-09:00:00,10,19,2001,09,282.31
10.19.2001-12:00:00,10,19,2001,12,277.26
10.19.2001-15:00:00,10,19,2001,15,286.12
10.19.2001-18:00:00,10,19,2001,18,291.23
10.19.2001-21:00:00,10,19,2001,21,291.62
10.20.2001-00:00:00,10,20,2001,00,291.5
10.20.2001-03:00:00,10,20,2001,03,291.41
10.20.2001-06:00:00,10,20,2001,06,291.81
10.20.2001-09:00:00,10,20,2001,09,277.59
10.20.2001-12:00:00,10,20,2001,12,272.19
10.20.2001-15:00:00,10,20,2001,15,281.08
10.20.2001-18:00:00,10,20,2001,18,288.09
10.20.2001-21:00:00,10,20,2001,21,288.82
10.21.2001-00:00:00,10,21,2001,00,288.72
10.21.2001-03:00:00,10,21,2001,03,288.59
10.21.2001-06:00:00,10,21,2001,06,288.45
10.21.2001-09:00:00,10,21,2001,09,277.74
10.21.2001-12:00:00,10,21,2001,12,273.02
10.21.2001-15:00:00,10,21,2001,15,281.52
10.21.2001-18:00:00,10,21,2001,18,286.13
10.21.2001-21:00:00,10,21,2001,21,286.46
10.22.2001-00:00:00,10,22,2001,00,286.33
10.22.2001-03:00:00,10,22,2001,03,286.19
10.22.2001-06:00:00,10,22,2001,06,286.06
10.22.2001-09:00:00,10,22,2001,09,319.01
10.22.2001-12:00:00,10,22,2001,12,412.91
10.22.2001-15:00:00,10,22,2001,15,343.96
10.22.2001-18:00:00,10,22,2001,18,300.98
10.22.2001-21:00:00,10,22,2001,21,296.53
10.23.2001-00:00:00,10,23,2001,00,296.02
10.23.2001-03:00:00,10,23,2001,03,296.18
10.23.2001-06:00:00,10,23,2001,06,296.29
10.23.2001-09:00:00,10,23,2001,09,300.7
10.23.2001-12:00:00,10,23,2001,12,385.86
10.23.2001-15:00:00,10,23,2001,15,322.85
10.23.2001-18:00:00,10,23,2001,18,302.7
10.23.2001-21:00:00,10,23,2001,21,302.14
10.24.2001-00:00:00,10,24,2001,00,302.61
10.24.2001-03:00:00,10,24,2001,03,302.7
10.24.2001-06:00:00,10,24,2001,06,302.62
10.24.2001-09:00:00,10,24,2001,09,302.5
10.24.2001-12:00:00,10,24,2001,12,302.38
10.24.2001-15:00:00,10,24,2001,15,302.25
10.24.2001-18:00:00,10,24,2001,18,302.12
10.24.2001-21:00:00,10,24,2001,21,302
10.25.2001-00:00:00,10,25,2001,00,301.87
10.25.2001-03:00:00,10,25,2001,03,301.75
10.25.2001-06:00:00,10,25,2001,06,301.62
10.25.2001-09:00:00,10,25,2001,09,300.85
10.25.2001-12:00:00,10,25,2001,12,299.63
10.25.2001-15:00:00,10,25,2001,15,300.94
10.25.2001-18:00:00,10,25,2001,18,300.94
10.25.2001-21:00:00,10,25,2001,21,300.8
10.26.2001-00:00:00,10,26,2001,00,300.65
10.26.2001-03:00:00,10,26,2001,03,300.5
10.26.2001-06:00:00,10,26,2001,06,300.33
10.26.2001-09:00:00,10,26,2001,09,300.16
10.26.2001-12:00:00,10,26,2001,12,299.98
10.26.2001-15:00:00,10,26,2001,15,299.8
10.26.2001-18:00:00,10,26,2001,18,299.6
10.26.2001-21:00:00,10,26,2001,21,299.4
10.27.2001-00:00:00,10,27,2001,00,299.19
10.27.2001-03:00:00,10,27,2001,03,298.98
10.27.2001-06:00:00,10,27,2001,06,298.76
10.27.2001-09:00:00,10,27,2001,09,295.82
10.27.2001-12:00:00,10,27,2001,12,293.44
10.27.2001-15:00:00,10,27,2001,15,296.05
10.27.2001-18:00:00,10,27,2001,18,297.09
10.27.2001-21:00:00,10,27,2001,21,297.37
10.28.2001-00:00:00,10,28,2001,00,297.19
10.28.2001-03:00:00,10,28,2001,03,296.95
10.28.2001-06:00:00,10,28,2001,06,296.7
10.28.2001-09:00:00,10,28,2001,09,292.75
10.28.2001-12:00:00,10,28,2001,12,289.39
10.28.2001-15:00:00,10,28,2001,15,294.42
10.28.2001-18:00:00,10,28,2001,18,294.69
10.28.2001-21:00:00,10,28,2001,21,294.49
10.29.2001-00:00:00,10,29,2001,00,294.43
10.29.2001-03:00:00,10,29,2001,03,294.4
10.29.2001-06:00:00,10,29,2001,06,294.19
10.29.2001-09:00:00,10,29,2001,09,293.96
10.29.2001-12:00:00,10,29,2001,12,292.25
10.29.2001-15:00:00,10,29,2001,15,293.25
10.29.2001-18:00:00,10,29,2001,18,293.23
10.29.2001-21:00:00,10,29,2001,21,293.04
10.30.2001-00:00:00,10,30,2001,00,292.85
10.30.2001-03:00:00,10,30,2001,03,292.65
10.30.2001-06:00:00,10,30,2001,06,292.45
10.30.2001-09:00:00,10,30,2001,09,292.25
10.30.2001-12:00:00,10,30,2001,12,291.4
10.30.2001-15:00:00,10,30,2001,15,291.93
10.30.2001-18:00:00,10,30,2001,18,291.88
10.30.2001-21:00:00,10,30,2001,21,291.71
10.31.2001-00:00:00,10,31,2001,00,291.5
10.31.2001-03:00:00,10,31,2001,03,291.3
10.31.2001-06:00:00,10,31,2001,06,291.08
10.31.2001-09:00:00,10,31,2001,09,290.87
10.31.2001-12:00:00,10,31,2001,12,290.65
10.31.2001-15:00:00,10,31,2001,15,290.42
10.31.2001-18:00:00,10,31,2001,18,290.19
10.31.2001-21:00:00,10,31,2001,21,289.96
11.01.2001-00:00:00,11,01,2001,00,289.72
11.01.2001-03:00:00,11,01,2001,03,289.48
11.01.2001-06:00:00,11,01,2001,06,289.23
11.01.2001-09:00:00,11,01,2001,09,288.96
11.01.2001-12:00:00,11,01,2001,12,286.93
11.01.2001-15:00:00,11,01,2001,15,288.16
11.01.2001-18:00:00,11,01,2001,18,288.1
11.01.2001-21:00:00,11,01,2001,21,287.85
11.02.2001-00:00:00,11,02,2001,00,287.58
11.02.2001-03:00:00,11,02,2001,03,287.31
11.02.2001-06:00:00,11,02,2001,06,287.03
11.02.2001-09:00:00,11,02,2001,09,284.31
11.02.2001-12:00:00,11,02,2001,12,282.3
11.02.2001-15:00:00,11,02,2001,15,284.92
11.02.2001-18:00:00,11,02,2001,18,285.33
11.02.2001-21:00:00,11,02,2001,21,285.12
11.03.2001-00:00:00,11,03,2001,00,284.99
11.03.2001-03:00:00,11,03,2001,03,284.83
11.03.2001-06:00:00,11,03,2001,06,284.55
11.03.2001-09:00:00,11,03,2001,09,279.66
11.03.2001-12:00:00,11,03,2001,12,276.19
11.03.2001-15:00:00,11,03,2001,15,280.82
11.03.2001-18:00:00,11,03,2001,18,282.86
11.03.2001-21:00:00,11,03,2001,21,282.91
11.04.2001-00:00:00,11,04,2001,00,282.78
11.04.2001-03:00:00,11,04,2001,03,282.62
11.04.2001-06:00:00,11,04,2001,06,282.45
11.04.2001-09:00:00,11,04,2001,09,277.8
11.04.2001-12:00:00,11,04,2001,12,274.34
11.04.2001-15:00:00,11,04,2001,15,279.34
11.04.2001-18:00:00,11,04,2001,18,281.62
11.04.2001-21:00:00,11,04,2001,21,281.85
11.05.2001-00:00:00,11,05,2001,00,281.96
11.05.2001-03:00:00,11,05,2001,03,282.02
11.05.2001-06:00:00,11,05,2001,06,282.12
11.05.2001-09:00:00,11,05,2001,09,277.7
11.05.2001-12:00:00,11,05,2001,12,274.81
11.05.2001-15:00:00,11,05,2001,15,280.09
11.05.2001-18:00:00,11,05,2001,18,282.79
11.05.2001-21:00:00,11,05,2001,21,283.47
11.06.2001-00:00:00,11,06,2001,00,283.94
11.06.2001-03:00:00,11,06,2001,03,284.43
11.06.2001-06:00:00,11,06,2001,06,284.93
11.06.2001-09:00:00,11,06,2001,09,284.16
11.06.2001-12:00:00,11,06,2001,12,281.81
11.06.2001-15:00:00,11,06,2001,15,286.1
11.06.2001-18:00:00,11,06,2001,18,287.12
11.06.2001-21:00:00,11,06,2001,21,287.81
11.07.2001-00:00:00,11,07,2001,00,288.46
11.07.2001-03:00:00,11,07,2001,03,289.17
11.07.2001-06:00:00,11,07,2001,06,289.86
11.07.2001-09:00:00,11,07,2001,09,290.58
11.07.2001-12:00:00,11,07,2001,12,290.08
11.07.2001-15:00:00,11,07,2001,15,292.02
11.07.2001-18:00:00,11,07,2001,18,292.83
11.07.2001-21:00:00,11,07,2001,21,293.56
11.08.2001-00:00:00,11,08,2001,00,294.33
11.08.2001-03:00:00,11,08,2001,03,295.07
11.08.2001-06:00:00,11,08,2001,06,295.76
11.08.2001-09:00:00,11,08,2001,09,296.49
11.08.2001-12:00:00,11,08,2001,12,297.17
11.08.2001-15:00:00,11,08,2001,15,302.02
11.08.2001-18:00:00,11,08,2001,18,303.51
11.08.2001-21:00:00,11,08,2001,21,304
11.09.2001-00:00:00,11,09,2001,00,304.45
11.09.2001-03:00:00,11,09,2001,03,304.85
11.09.2001-06:00:00,11,09,2001,06,305.18
11.09.2001-09:00:00,11,09,2001,09,305.44
11.09.2001-12:00:00,11,09,2001,12,304.56
11.09.2001-15:00:00,11,09,2001,15,305.82
11.09.2001-18:00:00,11,09,2001,18,306.09
11.09.2001-21:00:00,11,09,2001,21,306.22
11.10.2001-00:00:00,11,10,2001,00,306.39
11.10.2001-03:00:00,11,10,2001,03,306.5
11.10.2001-06:00:00,11,10,2001,06,306.51
11.10.2001-09:00:00,11,10,2001,09,306.48
11.10.2001-12:00:00,11,10,2001,12,306.05
11.10.2001-15:00:00,11,10,2001,15,306.36
11.10.2001-18:00:00,11,10,2001,18,306.3
11.10.2001-21:00:00,11,10,2001,21,306.13
11.11.2001-00:00:00,11,11,2001,00,305.91
11.11.2001-03:00:00,11,11,2001,03,305.7
11.11.2001-06:00:00,11,11,2001,06,305.5
11.11.2001-09:00:00,11,11,2001,09,304.34
11.11.2001-12:00:00,11,11,2001,12,302.18
11.11.2001-15:00:00,11,11,2001,15,304.26
11.11.2001-18:00:00,11,11,2001,18,304.2
11.11.2001-21:00:00,11,11,2001,21,303.98
11.12.2001-00:00:00,11,12,2001,00,303.76
11.12.2001-03:00:00,11,12,2001,03,303.49
11.12.2001-06:00:00,11,12,2001,06,303.18
11.12.2001-09:00:00,11,12,2001,09,300.31
11.12.2001-12:00:00,11,12,2001,12,297.98
11.12.2001-15:00:00,11,12,2001,15,300.92
11.12.2001-18:00:00,11,12,2001,18,301.95
11.12.2001-21:00:00,11,12,2001,21,301.97
11.13.2001-00:00:00,11,13,2001,00,302
11.13.2001-03:00:00,11,13,2001,03,302.02
11.13.2001-06:00:00,11,13,2001,06,302.04
11.13.2001-09:00:00,11,13,2001,09,301.73
11.13.2001-12:00:00,11,13,2001,12,302.39
11.13.2001-15:00:00,11,13,2001,15,304.25
11.13.2001-18:00:00,11,13,2001,18,306.01
11.13.2001-21:00:00,11,13,2001,21,307.13
11.14.2001-00:00:00,11,14,2001,00,308.05
11.14.2001-03:00:00,11,14,2001,03,316.29
11.14.2001-06:00:00,11,14,2001,06,317.12
11.14.2001-09:00:00,11,14,2001,09,336.94
11.14.2001-12:00:00,11,14,2001,12,392.21
11.14.2001-15:00:00,11,14,2001,15,375.09
11.14.2001-18:00:00,11,14,2001,18,357.32
11.14.2001-21:00:00,11,14,2001,21,354.02
11.15.2001-00:00:00,11,15,2001,00,325.87
11.15.2001-03:00:00,11,15,2001,03,326.64
11.15.2001-06:00:00,11,15,2001,06,326.48
11.15.2001-09:00:00,11,15,2001,09,325.88
11.15.2001-12:00:00,11,15,2001,12,328.6
11.15.2001-15:00:00,11,15,2001,15,332.49
11.15.2001-18:00:00,11,15,2001,18,330.65
11.15.2001-21:00:00,11,15,2001,21,329.5
11.16.2001-00:00:00,11,16,2001,00,328.96
11.16.2001-03:00:00,11,16,2001,03,328.29
11.16.2001-06:00:00,11,16,2001,06,327.55
11.16.2001-09:00:00,11,16,2001,09,325.19
11.16.2001-12:00:00,11,16,2001,12,328.31
11.16.2001-15:00:00,11,16,2001,15,331.9
11.16.2001-18:00:00,11,16,2001,18,329.58
11.16.2001-21:00:00,11,16,2001,21,328.55
11.17.2001-00:00:00,11,17,2001,00,326.82
11.17.2001-03:00:00,11,17,2001,03,325.95
11.17.2001-06:00:00,11,17,2001,06,324.15
11.17.2001-09:00:00,11,17,2001,09,321.31
11.17.2001-12:00:00,11,17,2001,12,323.53
11.17.2001-15:00:00,11,17,2001,15,328.24
11.17.2001-18:00:00,11,17,2001,18,325.89
11.17.2001-21:00:00,11,17,2001,21,323.32
11.18.2001-00:00:00,11,18,2001,00,322.3
11.18.2001-03:00:00,11,18,2001,03,322.04
11.18.2001-06:00:00,11,18,2001,06,321.78
11.18.2001-09:00:00,11,18,2001,09,321.17
11.18.2001-12:00:00,11,18,2001,12,318.04
11.18.2001-15:00:00,11,18,2001,15,324.29
11.18.2001-18:00:00,11,18,2001,18,319.87
11.18.2001-21:00:00,11,18,2001,21,320.28
11.19.2001-00:00:00,11,19,2001,00,319.25
11.19.2001-03:00:00,11,19,2001,03,319.73
11.19.2001-06:00:00,11,19,2001,06,318.69
11.19.2001-09:00:00,11,19,2001,09,319.17
11.19.2001-12:00:00,11,19,2001,12,321.61
11.19.2001-15:00:00,11,19,2001,15,318.69
11.19.2001-18:00:00,11,19,2001,18,317.54
11.19.2001-21:00:00,11,19,2001,21,317.9
11.20.2001-00:00:00,11,20,2001,00,316.84
11.20.2001-03:00:00,11,20,2001,03,317.28
11.20.2001-06:00:00,11,20,2001,06,316.26
11.20.2001-09:00:00,11,20,2001,09,316.64
11.20.2001-12:00:00,11,20,2001,12,315.58
11.20.2001-15:00:00,11,20,2001,15,315.95
11.20.2001-18:00:00,11,20,2001,18,314.89
11.20.2001-21:00:00,11,20,2001,21,314.47
11.21.2001-00:00:00,11,21,2001,00,314.92
11.21.2001-03:00:00,11,21,2001,03,313.88
11.21.2001-06:00:00,11,21,2001,06,313.37
11.21.2001-09:00:00,11,21,2001,09,313.75
11.21.2001-12:00:00,11,21,2001,12,312.71
11.21.2001-15:00:00,11,21,2001,15,312.23
11.21.2001-18:00:00,11,21,2001,18,311.86
11.21.2001-21:00:00,11,21,2001,21,312.19
11.22.2001-00:00:00,11,22,2001,00,311.18
11.22.2001-03:00:00,11,22,2001,03,310.64
11.22.2001-06:00:00,11,22,2001,06,310.26
11.22.2001-09:00:00,11,22,2001,09,309.83
11.22.2001-12:00:00,11,22,2001,12,314.45
11.22.2001-15:00:00,11,22,2001,15,317.48
11.22.2001-18:00:00,11,22,2001,18,313.99
11.22.2001-21:00:00,11,22,2001,21,312.53
11.23.2001-00:00:00,11,23,2001,00,308.04
11.23.2001-03:00:00,11,23,2001,03,307.41
11.23.2001-06:00:00,11,23,2001,06,306.94
11.23.2001-09:00:00,11,23,2001,09,306.53
11.23.2001-12:00:00,11,23,2001,12,306.11
11.23.2001-15:00:00,11,23,2001,15,305.65
11.23.2001-18:00:00,11,23,2001,18,305.2
11.23.2001-21:00:00,11,23,2001,21,304.75
11.24.2001-00:00:00,11,24,2001,00,304.3
11.24.2001-03:00:00,11,24,2001,03,303.83
11.24.2001-06:00:00,11,24,2001,06,303.34
11.24.2001-09:00:00,11,24,2001,09,302.87
11.24.2001-12:00:00,11,24,2001,12,302.42
11.24.2001-15:00:00,11,24,2001,15,301.96
11.24.2001-18:00:00,11,24,2001,18,301.5
11.24.2001-21:00:00,11,24,2001,21,301.03
11.25.2001-00:00:00,11,25,2001,00,300.55
11.25.2001-03:00:00,11,25,2001,03,300.04
11.25.2001-06:00:00,11,25,2001,06,299.56
11.25.2001-09:00:00,11,25,2001,09,299.09
11.25.2001-12:00:00,11,25,2001,12,298.6
11.25.2001-15:00:00,11,25,2001,15,298.14
11.25.2001-18:00:00,11,25,2001,18,297.65
11.25.2001-21:00:00,11,25,2001,21,297.16
11.26.2001-00:00:00,11,26,2001,00,296.7
11.26.2001-03:00:00,11,26,2001,03,296.18
11.26.2001-06:00:00,11,26,2001,06,295.68
11.26.2001-09:00:00,11,26,2001,09,295.21
11.26.2001-12:00:00,11,26,2001,12,294.74
11.26.2001-15:00:00,11,26,2001,15,294.26
11.26.2001-18:00:00,11,26,2001,18,293.77
11.26.2001-21:00:00,11,26,2001,21,293.26
11.27.2001-00:00:00,11,27,2001,00,292.77
11.27.2001-03:00:00,11,27,2001,03,292.29
11.27.2001-06:00:00,11,27,2001,06,291.79
11.27.2001-09:00:00,11,27,2001,09,291.29
11.27.2001-12:00:00,11,27,2001,12,290.8
11.27.2001-15:00:00,11,27,2001,15,290.32
11.27.2001-18:00:00,11,27,2001,18,289.8
11.27.2001-21:00:00,11,27,2001,21,289.33
11.28.2001-00:00:00,11,28,2001,00,288.85
11.28.2001-03:00:00,11,28,2001,03,288.34
11.28.2001-06:00:00,11,28,2001,06,287.85
11.28.2001-09:00:00,11,28,2001,09,287.38
11.28.2001-12:00:00,11,28,2001,12,286.89
11.28.2001-15:00:00,11,28,2001,15,286.41
11.28.2001-18:00:00,11,28,2001,18,285.93
11.28.2001-21:00:00,11,28,2001,21,285.42
11.29.2001-00:00:00,11,29,2001,00,284.94
11.29.2001-03:00:00,11,29,2001,03,284.44
11.29.2001-06:00:00,11,29,2001,06,283.96
11.29.2001-09:00:00,11,29,2001,09,283.47
11.29.2001-12:00:00,11,29,2001,12,282.99
11.29.2001-15:00:00,11,29,2001,15,282.51
11.29.2001-18:00:00,11,29,2001,18,282.02
11.29.2001-21:00:00,11,29,2001,21,281.54
11.30.2001-00:00:00,11,30,2001,00,281.05
11.30.2001-03:00:00,11,30,2001,03,280.56
11.30.2001-06:00:00,11,30,2001,06,280.09
11.30.2001-09:00:00,11,30,2001,09,279.62
11.30.2001-12:00:00,11,30,2001,12,279.13
11.30.2001-15:00:00,11,30,2001,15,278.65
11.30.2001-18:00:00,11,30,2001,18,278.18
11.30.2001-21:00:00,11,30,2001,21,277.7
12.01.2001-00:00:00,12,01,2001,00,277.22
12.01.2001-03:00:00,12,01,2001,03,276.75
12.01.2001-06:00:00,12,01,2001,06,276.27
12.01.2001-09:00:00,12,01,2001,09,275.8
12.01.2001-12:00:00,12,01,2001,12,275.33
12.01.2001-15:00:00,12,01,2001,15,274.85
12.01.2001-18:00:00,12,01,2001,18,274.38
12.01.2001-21:00:00,12,01,2001,21,273.91
12.02.2001-00:00:00,12,02,2001,00,273.44
12.02.2001-03:00:00,12,02,2001,03,272.97
12.02.2001-06:00:00,12,02,2001,06,272.5
12.02.2001-09:00:00,12,02,2001,09,272.04
12.02.2001-12:00:00,12,02,2001,12,271.57
12.02.2001-15:00:00,12,02,2001,15,271.1
12.02.2001-18:00:00,12,02,2001,18,270.63
12.02.2001-21:00:00,12,02,2001,21,270.18
12.03.2001-00:00:00,12,03,2001,00,269.71
12.03.2001-03:00:00,12,03,2001,03,269.25
12.03.2001-06:00:00,12,03,2001,06,268.78
12.03.2001-09:00:00,12,03,2001,09,268.31
12.03.2001-12:00:00,12,03,2001,12,267.85
12.03.2001-15:00:00,12,03,2001,15,267.39
12.03.2001-18:00:00,12,03,2001,18,266.94
12.03.2001-21:00:00,12,03,2001,21,266.47
12.04.2001-00:00:00,12,04,2001,00,266
12.04.2001-03:00:00,12,04,2001,03,265.54
12.04.2001-06:00:00,12,04,2001,06,265.09
12.04.2001-09:00:00,12,04,2001,09,264.64
12.04.2001-12:00:00,12,04,2001,12,264.18
12.04.2001-15:00:00,12,04,2001,15,263.72
12.04.2001-18:00:00,12,04,2001,18,263.26
12.04.2001-21:00:00,12,04,2001,21,262.81
12.05.2001-00:00:00,12,05,2001,00,262.37
12.05.2001-03:00:00,12,05,2001,03,261.92
12.05.2001-06:00:00,12,05,2001,06,261.48
12.05.2001-09:00:00,12,05,2001,09,261.03
12.05.2001-12:00:00,12,05,2001,12,260.57
12.05.2001-15:00:00,12,05,2001,15,260.13
12.05.2001-18:00:00,12,05,2001,18,259.69
12.05.2001-21:00:00,12,05,2001,21,259.25
12.06.2001-00:00:00,12,06,2001,00,258.8
12.06.2001-03:00:00,12,06,2001,03,258.36
12.06.2001-06:00:00,12,06,2001,06,257.92
12.06.2001-09:00:00,12,06,2001,09,257.47
12.06.2001-12:00:00,12,06,2001,12,257.04
12.06.2001-15:00:00,12,06,2001,15,256.6
12.06.2001-18:00:00,12,06,2001,18,256.16
12.06.2001-21:00:00,12,06,2001,21,255.72
12.07.2001-00:00:00,12,07,2001,00,255.29
12.07.2001-03:00:00,12,07,2001,03,254.85
12.07.2001-06:00:00,12,07,2001,06,254.42
12.07.2001-09:00:00,12,07,2001,09,253.99
12.07.2001-12:00:00,12,07,2001,12,253.56
12.07.2001-15:00:00,12,07,2001,15,253.14
12.07.2001-18:00:00,12,07,2001,18,252.71
12.07.2001-21:00:00,12,07,2001,21,252.27
12.08.2001-00:00:00,12,08,2001,00,251.84
12.08.2001-03:00:00,12,08,2001,03,251.41
12.08.2001-06:00:00,12,08,2001,06,250.99
12.08.2001-09:00:00,12,08,2001,09,250.56
12.08.2001-12:00:00,12,08,2001,12,250.14
12.08.2001-15:00:00,12,08,2001,15,249.71
12.08.2001-18:00:00,12,08,2001,18,249.28
12.08.2001-21:00:00,12,08,2001,21,248.86
12.09.2001-00:00:00,12,09,2001,00,248.43
12.09.2001-03:00:00,12,09,2001,03,248.01
12.09.2001-06:00:00,12,09,2001,06,247.59
12.09.2001-09:00:00,12,09,2001,09,247.17
12.09.2001-12:00:00,12,09,2001,12,246.76
12.09.2001-15:00:00,12,09,2001,15,246.34
12.09.2001-18:00:00,12,09,2001,18,245.92
12.09.2001-21:00:00,12,09,2001,21,245.51
12.10.2001-00:00:00,12,10,2001,00,245.09
12.10.2001-03:00:00,12,10,2001,03,244.68
12.10.2001-06:00:00,12,10,2001,06,244.27
12.10.2001-09:00:00,12,10,2001,09,243.86
12.10.2001-12:00:00,12,10,2001,12,243.45
12.10.2001-15:00:00,12,10,2001,15,243.04
12.10.2001-18:00:00,12,10,2001,18,242.64
12.10.2001-21:00:00,12,10,2001,21,242.23
12.11.2001-00:00:00,12,11,2001,00,241.83
12.11.2001-03:00:00,12,11,2001,03,241.43
12.11.2001-06:00:00,12,11,2001,06,241.02
12.11.2001-09:00:00,12,11,2001,09,240.62
12.11.2001-12:00:00,12,11,2001,12,240.23
12.11.2001-15:00:00,12,11,2001,15,239.83
12.11.2001-18:00:00,12,11,2001,18,239.44
12.11.2001-21:00:00,12,11,2001,21,239.05
12.12.2001-00:00:00,12,12,2001,00,238.66
12.12.2001-03:00:00,12,12,2001,03,238.26
12.12.2001-06:00:00,12,12,2001,06,237.87
12.12.2001-09:00:00,12,12,2001,09,237.48
12.12.2001-12:00:00,12,12,2001,12,237.09
12.12.2001-15:00:00,12,12,2001,15,236.71
12.12.2001-18:00:00,12,12,2001,18,236.32
12.12.2001-21:00:00,12,12,2001,21,235.94
12.13.2001-00:00:00,12,13,2001,00,235.56
12.13.2001-03:00:00,12,13,2001,03,235.17
12.13.2001-06:00:00,12,13,2001,06,234.79
12.13.2001-09:00:00,12,13,2001,09,234.41
12.13.2001-12:00:00,12,13,2001,12,234.03
12.13.2001-15:00:00,12,13,2001,15,233.65
12.13.2001-18:00:00,12,13,2001,18,233.27
12.13.2001-21:00:00,12,13,2001,21,232.9
12.14.2001-00:00:00,12,14,2001,00,232.52
12.14.2001-03:00:00,12,14,2001,03,232.14
12.14.2001-06:00:00,12,14,2001,06,231.77
12.14.2001-09:00:00,12,14,2001,09,231.4
12.14.2001-12:00:00,12,14,2001,12,231.03
12.14.2001-15:00:00,12,14,2001,15,230.66
12.14.2001-18:00:00,12,14,2001,18,230.29
12.14.2001-21:00:00,12,14,2001,21,229.92
12.15.2001-00:00:00,12,15,2001,00,229.55
12.15.2001-03:00:00,12,15,2001,03,229.18
12.15.2001-06:00:00,12,15,2001,06,228.81
12.15.2001-09:00:00,12,15,2001,09,228.45
12.15.2001-12:00:00,12,15,2001,12,228.09
12.15.2001-15:00:00,12,15,2001,15,227.73
12.15.2001-18:00:00,12,15,2001,18,227.37
12.15.2001-21:00:00,12,15,2001,21,227.01
12.16.2001-00:00:00,12,16,2001,00,226.65
12.16.2001-03:00:00,12,16,2001,03,226.29
12.16.2001-06:00:00,12,16,2001,06,225.94
12.16.2001-09:00:00,12,16,2001,09,225.59
12.16.2001-12:00:00,12,16,2001,12,225.23
12.16.2001-15:00:00,12,16,2001,15,224.88
12.16.2001-18:00:00,12,16,2001,18,224.53
12.16.2001-21:00:00,12,16,2001,21,224.17
12.17.2001-00:00:00,12,17,2001,00,223.82
12.17.2001-03:00:00,12,17,2001,03,223.47
12.17.2001-06:00:00,12,17,2001,06,223.13
12.17.2001-09:00:00,12,17,2001,09,222.81
12.17.2001-12:00:00,12,17,2001,12,222.48
12.17.2001-15:00:00,12,17,2001,15,222.15
12.17.2001-18:00:00,12,17,2001,18,221.83
12.17.2001-21:00:00,12,17,2001,21,221.5
12.18.2001-00:00:00,12,18,2001,00,221.18
12.18.2001-03:00:00,12,18,2001,03,220.85
12.18.2001-06:00:00,12,18,2001,06,220.53
12.18.2001-09:00:00,12,18,2001,09,220.21
12.18.2001-12:00:00,12,18,2001,12,219.89
12.18.2001-15:00:00,12,18,2001,15,219.57
12.18.2001-18:00:00,12,18,2001,18,219.25
12.18.2001-21:00:00,12,18,2001,21,218.93
12.19.2001-00:00:00,12,19,2001,00,218.61
12.19.2001-03:00:00,12,19,2001,03,218.29
12.19.2001-06:00:00,12,19,2001,06,217.98
12.19.2001-09:00:00,12,19,2001,09,217.66
12.19.2001-12:00:00,12,19,2001,12,217.35
12.19.2001-15:00:00,12,19,2001,15,217.04
12.19.2001-18:00:00,12,19,2001,18,216.73
12.19.2001-21:00:00,12,19,2001,21,216.42
12.20.2001-00:00:00,12,20,2001,00,216.11
12.20.2001-03:00:00,12,20,2001,03,215.8
12.20.2001-06:00:00,12,20,2001,06,215.49
12.20.2001-09:00:00,12,20,2001,09,215.18
12.20.2001-12:00:00,12,20,2001,12,214.88
12.20.2001-15:00:00,12,20,2001,15,214.57
12.20.2001-18:00:00,12,20,2001,18,214.27
12.20.2001-21:00:00,12,20,2001,21,213.96
12.21.2001-00:00:00,12,21,2001,00,213.65
12.21.2001-03:00:00,12,21,2001,03,213.35
12.21.2001-06:00:00,12,21,2001,06,213.05
12.21.2001-09:00:00,12,21,2001,09,212.75
12.21.2001-12:00:00,12,21,2001,12,212.45
12.21.2001-15:00:00,12,21,2001,15,212.14
12.21.2001-18:00:00,12,21,2001,18,211.84
12.21.2001-21:00:00,12,21,2001,21,211.54
12.22.2001-00:00:00,12,22,2001,00,211.24
12.22.2001-03:00:00,12,22,2001,03,210.94
12.22.2001-06:00:00,12,22,2001,06,210.64
12.22.2001-09:00:00,12,22,2001,09,210.35
12.22.2001-12:00:00,12,22,2001,12,210.05
12.22.2001-15:00:00,12,22,2001,15,209.76
12.22.2001-18:00:00,12,22,2001,18,209.46
12.22.2001-21:00:00,12,22,2001,21,209.16
12.23.2001-00:00:00,12,23,2001,00,208.87
12.23.2001-03:00:00,12,23,2001,03,208.58
12.23.2001-06:00:00,12,23,2001,06,207.37
12.23.2001-09:00:00,12,23,2001,09,207.89
12.23.2001-12:00:00,12,23,2001,12,206.82
12.23.2001-15:00:00,12,23,2001,15,207.33
12.23.2001-18:00:00,12,23,2001,18,206.26
12.23.2001-21:00:00,12,23,2001,21,206.77
12.24.2001-00:00:00,12,24,2001,00,205.72
12.24.2001-03:00:00,12,24,2001,03,206.21
12.24.2001-06:00:00,12,24,2001,06,205.17
12.24.2001-09:00:00,12,24,2001,09,205.66
12.24.2001-12:00:00,12,24,2001,12,204.63
12.24.2001-15:00:00,12,24,2001,15,205.1
12.24.2001-18:00:00,12,24,2001,18,204.09
12.24.2001-21:00:00,12,24,2001,21,204.55
12.25.2001-00:00:00,12,25,2001,00,203.55
12.25.2001-03:00:00,12,25,2001,03,204
12.25.2001-06:00:00,12,25,2001,06,203.01
12.25.2001-09:00:00,12,25,2001,09,203.45
12.25.2001-12:00:00,12,25,2001,12,202.48
12.25.2001-15:00:00,12,25,2001,15,202.12
12.25.2001-18:00:00,12,25,2001,18,202.63
12.25.2001-21:00:00,12,25,2001,21,201.69
12.26.2001-00:00:00,12,26,2001,00,201.33
12.26.2001-03:00:00,12,26,2001,03,201.82
12.26.2001-06:00:00,12,26,2001,06,200.89
12.26.2001-09:00:00,12,26,2001,09,200.54
12.26.2001-12:00:00,12,26,2001,12,200.28
12.26.2001-15:00:00,12,26,2001,15,200.03
12.26.2001-18:00:00,12,26,2001,18,200.5
12.26.2001-21:00:00,12,26,2001,21,199.6
12.27.2001-00:00:00,12,27,2001,00,199.26
12.27.2001-03:00:00,12,27,2001,03,199
12.27.2001-06:00:00,12,27,2001,06,198.75
12.27.2001-09:00:00,12,27,2001,09,198.5
12.27.2001-12:00:00,12,27,2001,12,198.25
12.27.2001-15:00:00,12,27,2001,15,198
12.27.2001-18:00:00,12,27,2001,18,197.75
12.27.2001-21:00:00,12,27,2001,21,197.49
12.28.2001-00:00:00,12,28,2001,00,197.25
12.28.2001-03:00:00,12,28,2001,03,196.99
12.28.2001-06:00:00,12,28,2001,06,196.74
12.28.2001-09:00:00,12,28,2001,09,196.49
12.28.2001-12:00:00,12,28,2001,12,196.25
12.28.2001-15:00:00,12,28,2001,15,196
12.28.2001-18:00:00,12,28,2001,18,195.75
12.28.2001-21:00:00,12,28,2001,21,195.5
12.29.2001-00:00:00,12,29,2001,00,195.25
12.29.2001-03:00:00,12,29,2001,03,195.01
12.29.2001-06:00:00,12,29,2001,06,194.76
12.29.2001-09:00:00,12,29,2001,09,194.51
12.29.2001-12:00:00,12,29,2001,12,194.26
12.29.2001-15:00:00,12,29,2001,15,194.01
12.29.2001-18:00:00,12,29,2001,18,193.77
12.29.2001-21:00:00,12,29,2001,21,193.52
12.30.2001-00:00:00,12,30,2001,00,193.27
12.30.2001-03:00:00,12,30,2001,03,193.03
12.30.2001-06:00:00,12,30,2001,06,192.78
12.30.2001-09:00:00,12,30,2001,09,192.54
12.30.2001-12:00:00,12,30,2001,12,192.29
12.30.2001-15:00:00,12,30,2001,15,192.05
12.30.2001-18:00:00,12,30,2001,18,191.8
12.30.2001-21:00:00,12,30,2001,21,191.56
12.31.2001-00:00:00,12,31,2001,00,191.32
12.31.2001-03:00:00,12,31,2001,03,191.07
12.31.2001-06:00:00,12,31,2001,06,190.83
12.31.2001-09:00:00,12,31,2001,09,190.59
12.31.2001-12:00:00,12,31,2001,12,190.34
12.31.2001-15:00:00,12,31,2001,15,190.1
12.31.2001-18:00:00,12,31,2001,18,189.86
12.31.2001-21:00:00,12,31,2001,21,189.61
01.01.2002-00:00:00,01,01,2002,00,189.37
01.01.2002-03:00:00,01,01,2002,03,189.13
01.01.2002-06:00:00,01,01,2002,06,188.89
01.01.2002-09:00:00,01,01,2002,09,188.65
01.01.2002-12:00:00,01,01,2002,12,188.41
01.01.2002-15:00:00,01,01,2002,15,188.17
01.01.2002-18:00:00,01,01,2002,18,187.93
01.01.2002-21:00:00,01,01,2002,21,187.69
01.02.2002-00:00:00,01,02,2002,00,187.45
01.02.2002-03:00:00,01,02,2002,03,187.21
01.02.2002-06:00:00,01,02,2002,06,186.97
01.02.2002-09:00:00,01,02,2002,09,186.73
01.02.2002-12:00:00,01,02,2002,12,186.49
01.02.2002-15:00:00,01,02,2002,15,186.25
01.02.2002-18:00:00,01,02,2002,18,186.01
01.02.2002-21:00:00,01,02,2002,21,185.78
01.03.2002-00:00:00,01,03,2002,00,185.54
01.03.2002-03:00:00,01,03,2002,03,185.31
01.03.2002-06:00:00,01,03,2002,06,185.07
01.03.2002-09:00:00,01,03,2002,09,184.83
01.03.2002-12:00:00,01,03,2002,12,184.6
01.03.2002-15:00:00,01,03,2002,15,184.36
01.03.2002-18:00:00,01,03,2002,18,184.13
01.03.2002-21:00:00,01,03,2002,21,183.89
01.04.2002-00:00:00,01,04,2002,00,183.66
01.04.2002-03:00:00,01,04,2002,03,183.42
01.04.2002-06:00:00,01,04,2002,06,183.19
01.04.2002-09:00:00,01,04,2002,09,182.96
01.04.2002-12:00:00,01,04,2002,12,182.73
01.04.2002-15:00:00,01,04,2002,15,182.5
01.04.2002-18:00:00,01,04,2002,18,182.26
01.04.2002-21:00:00,01,04,2002,21,182.03
01.05.2002-00:00:00,01,05,2002,00,181.8
01.05.2002-03:00:00,01,05,2002,03,181.57
01.05.2002-06:00:00,01,05,2002,06,181.34
01.05.2002-09:00:00,01,05,2002,09,181.11
01.05.2002-12:00:00,01,05,2002,12,180.88
01.05.2002-15:00:00,01,05,2002,15,180.65
01.05.2002-18:00:00,01,05,2002,18,180.42
01.05.2002-21:00:00,01,05,2002,21,180.19
01.06.2002-00:00:00,01,06,2002,00,179.96
01.06.2002-03:00:00,01,06,2002,03,179.73
01.06.2002-06:00:00,01,06,2002,06,179.51
01.06.2002-09:00:00,01,06,2002,09,179.28
01.06.2002-12:00:00,01,06,2002,12,179.05
01.06.2002-15:00:00,01,06,2002,15,178.82
01.06.2002-18:00:00,01,06,2002,18,178.6
01.06.2002-21:00:00,01,06,2002,21,178.37
01.07.2002-00:00:00,01,07,2002,00,178.15
01.07.2002-03:00:00,01,07,2002,03,177.92
01.07.2002-06:00:00,01,07,2002,06,177.7
01.07.2002-09:00:00,01,07,2002,09,177.47
01.07.2002-12:00:00,01,07,2002,12,177.25
01.07.2002-15:00:00,01,07,2002,15,177.02
01.07.2002-18:00:00,01,07,2002,18,176.8
01.07.2002-21:00:00,01,07,2002,21,176.58
01.08.2002-00:00:00,01,08,2002,00,176.36
01.08.2002-03:00:00,01,08,2002,03,176.14
01.08.2002-06:00:00,01,08,2002,06,175.92
01.08.2002-09:00:00,01,08,2002,09,175.7
01.08.2002-12:00:00,01,08,2002,12,175.47
01.08.2002-15:00:00,01,08,2002,15,175.25
01.08.2002-18:00:00,01,08,2002,18,175.03
01.08.2002-21:00:00,01,08,2002,21,174.81
01.09.2002-00:00:00,01,09,2002,00,174.59
01.09.2002-03:00:00,01,09,2002,03,174.37
01.09.2002-06:00:00,01,09,2002,06,174.15
01.09.2002-09:00:00,01,09,2002,09,173.73
01.09.2002-12:00:00,01,09,2002,12,172.59
01.09.2002-15:00:00,01,09,2002,15,173.15
01.09.2002-18:00:00,01,09,2002,18,173.04
01.09.2002-21:00:00,01,09,2002,21,172.99
01.10.2002-00:00:00,01,10,2002,00,172.79
01.10.2002-03:00:00,01,10,2002,03,172.58
01.10.2002-06:00:00,01,10,2002,06,172.36
01.10.2002-09:00:00,01,10,2002,09,172.15
01.10.2002-12:00:00,01,10,2002,12,171.78
01.10.2002-15:00:00,01,10,2002,15,171.56
01.10.2002-18:00:00,01,10,2002,18,171.41
01.10.2002-21:00:00,01,10,2002,21,171.28
01.11.2002-00:00:00,01,11,2002,00,171.08
01.11.2002-03:00:00,01,11,2002,03,170.87
01.11.2002-06:00:00,01,11,2002,06,170.66
01.11.2002-09:00:00,01,11,2002,09,170.45
01.11.2002-12:00:00,01,11,2002,12,170.24
01.11.2002-15:00:00,01,11,2002,15,170.04
01.11.2002-18:00:00,01,11,2002,18,169.83
01.11.2002-21:00:00,01,11,2002,21,169.62
01.12.2002-00:00:00,01,12,2002,00,169.42
01.12.2002-03:00:00,01,12,2002,03,169.21
01.12.2002-06:00:00,01,12,2002,06,169.01
01.12.2002-09:00:00,01,12,2002,09,168.81
01.12.2002-12:00:00,01,12,2002,12,168.6
01.12.2002-15:00:00,01,12,2002,15,168.39
01.12.2002-18:00:00,01,12,2002,18,168.19
01.12.2002-21:00:00,01,12,2002,21,167.99
01.13.2002-00:00:00,01,13,2002,00,167.78
01.13.2002-03:00:00,01,13,2002,03,167.58
01.13.2002-06:00:00,01,13,2002,06,167.38
01.13.2002-09:00:00,01,13,2002,09,167.18
01.13.2002-12:00:00,01,13,2002,12,166.98
01.13.2002-15:00:00,01,13,2002,15,166.78
01.13.2002-18:00:00,01,13,2002,18,166.59
01.13.2002-21:00:00,01,13,2002,21,166.39
01.14.2002-00:00:00,01,14,2002,00,166.2
01.14.2002-03:00:00,01,14,2002,03,166
01.14.2002-06:00:00,01,14,2002,06,165.81
01.14.2002-09:00:00,01,14,2002,09,165.62
01.14.2002-12:00:00,01,14,2002,12,165.42
01.14.2002-15:00:00,01,14,2002,15,165.23
01.14.2002-18:00:00,01,14,2002,18,165.04
01.14.2002-21:00:00,01,14,2002,21,164.85
01.15.2002-00:00:00,01,15,2002,00,164.66
01.15.2002-03:00:00,01,15,2002,03,164.46
01.15.2002-06:00:00,01,15,2002,06,164.27
01.15.2002-09:00:00,01,15,2002,09,164.08
01.15.2002-12:00:00,01,15,2002,12,163.89
01.15.2002-15:00:00,01,15,2002,15,163.7
01.15.2002-18:00:00,01,15,2002,18,163.51
01.15.2002-21:00:00,01,15,2002,21,163.32
01.16.2002-00:00:00,01,16,2002,00,163.13
01.16.2002-03:00:00,01,16,2002,03,162.94
01.16.2002-06:00:00,01,16,2002,06,162.76
01.16.2002-09:00:00,01,16,2002,09,162.57
01.16.2002-12:00:00,01,16,2002,12,162.38
01.16.2002-15:00:00,01,16,2002,15,162.19
01.16.2002-18:00:00,01,16,2002,18,162
01.16.2002-21:00:00,01,16,2002,21,161.81
01.17.2002-00:00:00,01,17,2002,00,161.63
01.17.2002-03:00:00,01,17,2002,03,161.44
01.17.2002-06:00:00,01,17,2002,06,161.25
01.17.2002-09:00:00,01,17,2002,09,161.06
01.17.2002-12:00:00,01,17,2002,12,160.88
01.17.2002-15:00:00,01,17,2002,15,160.69
01.17.2002-18:00:00,01,17,2002,18,160.51
01.17.2002-21:00:00,01,17,2002,21,160.32
01.18.2002-00:00:00,01,18,2002,00,160.14
01.18.2002-03:00:00,01,18,2002,03,159.95
01.18.2002-06:00:00,01,18,2002,06,159.77
01.18.2002-09:00:00,01,18,2002,09,159.59
01.18.2002-12:00:00,01,18,2002,12,159.4
01.18.2002-15:00:00,01,18,2002,15,159.22
01.18.2002-18:00:00,01,18,2002,18,159.03
01.18.2002-21:00:00,01,18,2002,21,158.85
01.19.2002-00:00:00,01,19,2002,00,158.67
01.19.2002-03:00:00,01,19,2002,03,158.49
01.19.2002-06:00:00,01,19,2002,06,158.3
01.19.2002-09:00:00,01,19,2002,09,158.12
01.19.2002-12:00:00,01,19,2002,12,157.94
01.19.2002-15:00:00,01,19,2002,15,157.76
01.19.2002-18:00:00,01,19,2002,18,157.58
01.19.2002-21:00:00,01,19,2002,21,157.39
01.20.2002-00:00:00,01,20,2002,00,157.21
01.20.2002-03:00:00,01,20,2002,03,157.03
01.20.2002-06:00:00,01,20,2002,06,156.85
01.20.2002-09:00:00,01,20,2002,09,156.67
01.20.2002-12:00:00,01,20,2002,12,156.49
01.20.2002-15:00:00,01,20,2002,15,156.31
01.20.2002-18:00:00,01,20,2002,18,156.13
01.20.2002-21:00:00,01,20,2002,21,155.95
01.21.2002-00:00:00,01,21,2002,00,155.77
01.21.2002-03:00:00,01,21,2002,03,155.6
01.21.2002-06:00:00,01,21,2002,06,155.42
01.21.2002-09:00:00,01,21,2002,09,155.24
01.21.2002-12:00:00,01,21,2002,12,155.07
01.21.2002-15:00:00,01,21,2002,15,154.89
01.21.2002-18:00:00,01,21,2002,18,154.71
01.21.2002-21:00:00,01,21,2002,21,154.54
01.22.2002-00:00:00,01,22,2002,00,154.36
01.22.2002-03:00:00,01,22,2002,03,154.18
01.22.2002-06:00:00,01,22,2002,06,154.01
01.22.2002-09:00:00,01,22,2002,09,153.83
01.22.2002-12:00:00,01,22,2002,12,153.66
01.22.2002-15:00:00,01,22,2002,15,153.48
01.22.2002-18:00:00,01,22,2002,18,153.31
01.22.2002-21:00:00,01,22,2002,21,153.13
01.23.2002-00:00:00,01,23,2002,00,152.96
01.23.2002-03:00:00,01,23,2002,03,152.79
01.23.2002-06:00:00,01,23,2002,06,152.61
01.23.2002-09:00:00,01,23,2002,09,152.44
01.23.2002-12:00:00,01,23,2002,12,152.27
01.23.2002-15:00:00,01,23,2002,15,152.1
01.23.2002-18:00:00,01,23,2002,18,151.92
01.23.2002-21:00:00,01,23,2002,21,151.75
01.24.2002-00:00:00,01,24,2002,00,151.58
01.24.2002-03:00:00,01,24,2002,03,151.41
01.24.2002-06:00:00,01,24,2002,06,151.24
01.24.2002-09:00:00,01,24,2002,09,151.06
01.24.2002-12:00:00,01,24,2002,12,150.9
01.24.2002-15:00:00,01,24,2002,15,150.73
01.24.2002-18:00:00,01,24,2002,18,150.56
01.24.2002-21:00:00,01,24,2002,21,150.39
01.25.2002-00:00:00,01,25,2002,00,150.22
01.25.2002-03:00:00,01,25,2002,03,150.05
01.25.2002-06:00:00,01,25,2002,06,149.88
01.25.2002-09:00:00,01,25,2002,09,149.71
01.25.2002-12:00:00,01,25,2002,12,149.54
01.25.2002-15:00:00,01,25,2002,15,149.37
01.25.2002-18:00:00,01,25,2002,18,149.2
01.25.2002-21:00:00,01,25,2002,21,149.04
01.26.2002-00:00:00,01,26,2002,00,148.87
01.26.2002-03:00:00,01,26,2002,03,148.7
01.26.2002-06:00:00,01,26,2002,06,148.53
01.26.2002-09:00:00,01,26,2002,09,148.37
01.26.2002-12:00:00,01,26,2002,12,148.2
01.26.2002-15:00:00,01,26,2002,15,148.04
01.26.2002-18:00:00,01,26,2002,18,147.87
01.26.2002-21:00:00,01,26,2002,21,147.7
01.27.2002-00:00:00,01,27,2002,00,147.54
01.27.2002-03:00:00,01,27,2002,03,147.37
01.27.2002-06:00:00,01,27,2002,06,147.21
01.27.2002-09:00:00,01,27,2002,09,147.04
01.27.2002-12:00:00,01,27,2002,12,146.88
01.27.2002-15:00:00,01,27,2002,15,146.72
01.27.2002-18:00:00,01,27,2002,18,146.55
01.27.2002-21:00:00,01,27,2002,21,146.39
01.28.2002-00:00:00,01,28,2002,00,146.22
01.28.2002-03:00:00,01,28,2002,03,146.06
01.28.2002-06:00:00,01,28,2002,06,145.9
01.28.2002-09:00:00,01,28,2002,09,145.73
01.28.2002-12:00:00,01,28,2002,12,145.57
01.28.2002-15:00:00,01,28,2002,15,145.41
01.28.2002-18:00:00,01,28,2002,18,145.25
01.28.2002-21:00:00,01,28,2002,21,145.09
01.29.2002-00:00:00,01,29,2002,00,144.93
01.29.2002-03:00:00,01,29,2002,03,144.76
01.29.2002-06:00:00,01,29,2002,06,144.61
01.29.2002-09:00:00,01,29,2002,09,144.45
01.29.2002-12:00:00,01,29,2002,12,144.29
01.29.2002-15:00:00,01,29,2002,15,144.13
01.29.2002-18:00:00,01,29,2002,18,143.97
01.29.2002-21:00:00,01,29,2002,21,143.81
01.30.2002-00:00:00,01,30,2002,00,143.65
01.30.2002-03:00:00,01,30,2002,03,143.49
01.30.2002-06:00:00,01,30,2002,06,143.33
01.30.2002-09:00:00,01,30,2002,09,143.18
01.30.2002-12:00:00,01,30,2002,12,143.02
01.30.2002-15:00:00,01,30,2002,15,142.86
01.30.2002-18:00:00,01,30,2002,18,142.7
01.30.2002-21:00:00,01,30,2002,21,142.55
01.31.2002-00:00:00,01,31,2002,00,142.39
01.31.2002-03:00:00,01,31,2002,03,142.23
01.31.2002-06:00:00,01,31,2002,06,142.08
01.31.2002-09:00:00,01,31,2002,09,141.92
01.31.2002-12:00:00,01,31,2002,12,141.76
01.31.2002-15:00:00,01,31,2002,15,141.61
01.31.2002-18:00:00,01,31,2002,18,141.46
01.31.2002-21:00:00,01,31,2002,21,141.3
02.01.2002-00:00:00,02,01,2002,00,141.15
02.01.2002-03:00:00,02,01,2002,03,141
02.01.2002-06:00:00,02,01,2002,06,140.84
02.01.2002-09:00:00,02,01,2002,09,140.69
02.01.2002-12:00:00,02,01,2002,12,140.55
02.01.2002-15:00:00,02,01,2002,15,140.4
02.01.2002-18:00:00,02,01,2002,18,140.26
02.01.2002-21:00:00,02,01,2002,21,140.11
02.02.2002-00:00:00,02,02,2002,00,139.97
02.02.2002-03:00:00,02,02,2002,03,139.82
02.02.2002-06:00:00,02,02,2002,06,139.67
02.02.2002-09:00:00,02,02,2002,09,139.53
02.02.2002-12:00:00,02,02,2002,12,139.38
02.02.2002-15:00:00,02,02,2002,15,139.24
02.02.2002-18:00:00,02,02,2002,18,139.09
02.02.2002-21:00:00,02,02,2002,21,138.95
02.03.2002-00:00:00,02,03,2002,00,138.81
02.03.2002-03:00:00,02,03,2002,03,138.66
02.03.2002-06:00:00,02,03,2002,06,138.52
02.03.2002-09:00:00,02,03,2002,09,138.38
02.03.2002-12:00:00,02,03,2002,12,138.23
02.03.2002-15:00:00,02,03,2002,15,138.09
02.03.2002-18:00:00,02,03,2002,18,137.95
02.03.2002-21:00:00,02,03,2002,21,137.81
02.04.2002-00:00:00,02,04,2002,00,137.66
02.04.2002-03:00:00,02,04,2002,03,137.53
02.04.2002-06:00:00,02,04,2002,06,137.39
02.04.2002-09:00:00,02,04,2002,09,137.26
02.04.2002-12:00:00,02,04,2002,12,137.12
02.04.2002-15:00:00,02,04,2002,15,136.99
02.04.2002-18:00:00,02,04,2002,18,136.85
02.04.2002-21:00:00,02,04,2002,21,136.72
02.05.2002-00:00:00,02,05,2002,00,136.58
02.05.2002-03:00:00,02,05,2002,03,136.45
02.05.2002-06:00:00,02,05,2002,06,136.32
02.05.2002-09:00:00,02,05,2002,09,136.18
02.05.2002-12:00:00,02,05,2002,12,136.05
02.05.2002-15:00:00,02,05,2002,15,135.91
02.05.2002-18:00:00,02,05,2002,18,135.78
02.05.2002-21:00:00,02,05,2002,21,135.64
02.06.2002-00:00:00,02,06,2002,00,135.51
02.06.2002-03:00:00,02,06,2002,03,135.37
02.06.2002-06:00:00,02,06,2002,06,135.24
02.06.2002-09:00:00,02,06,2002,09,135.11
02.06.2002-12:00:00,02,06,2002,12,134.97
02.06.2002-15:00:00,02,06,2002,15,134.84
02.06.2002-18:00:00,02,06,2002,18,134.7
02.06.2002-21:00:00,02,06,2002,21,134.57
02.07.2002-00:00:00,02,07,2002,00,134.44
02.07.2002-03:00:00,02,07,2002,03,134.31
02.07.2002-06:00:00,02,07,2002,06,134.17
02.07.2002-09:00:00,02,07,2002,09,134.04
02.07.2002-12:00:00,02,07,2002,12,133.91
02.07.2002-15:00:00,02,07,2002,15,133.78
02.07.2002-18:00:00,02,07,2002,18,133.64
02.07.2002-21:00:00,02,07,2002,21,133.51
02.08.2002-00:00:00,02,08,2002,00,133.38
02.08.2002-03:00:00,02,08,2002,03,133.25
02.08.2002-06:00:00,02,08,2002,06,133.11
02.08.2002-09:00:00,02,08,2002,09,132.98
02.08.2002-12:00:00,02,08,2002,12,132.85
02.08.2002-15:00:00,02,08,2002,15,132.72
02.08.2002-18:00:00,02,08,2002,18,132.59
02.08.2002-21:00:00,02,08,2002,21,132.46
02.09.2002-00:00:00,02,09,2002,00,132.33
02.09.2002-03:00:00,02,09,2002,03,132.19
02.09.2002-06:00:00,02,09,2002,06,132.06
02.09.2002-09:00:00,02,09,2002,09,131.93
02.09.2002-12:00:00,02,09,2002,12,131.8
02.09.2002-15:00:00,02,09,2002,15,131.67
02.09.2002-18:00:00,02,09,2002,18,131.54
02.09.2002-21:00:00,02,09,2002,21,131.41
02.10.2002-00:00:00,02,10,2002,00,131.28
02.10.2002-03:00:00,02,10,2002,03,131.15
02.10.2002-06:00:00,02,10,2002,06,131.03
02.10.2002-09:00:00,02,10,2002,09,130.9
02.10.2002-12:00:00,02,10,2002,12,130.77
02.10.2002-15:00:00,02,10,2002,15,130.64
02.10.2002-18:00:00,02,10,2002,18,130.51
02.10.2002-21:00:00,02,10,2002,21,130.38
02.11.2002-00:00:00,02,11,2002,00,130.25
02.11.2002-03:00:00,02,11,2002,03,130.12
02.11.2002-06:00:00,02,11,2002,06,130
02.11.2002-09:00:00,02,11,2002,09,129.87
02.11.2002-12:00:00,02,11,2002,12,129.74
02.11.2002-15:00:00,02,11,2002,15,129.61
02.11.2002-18:00:00,02,11,2002,18,129.48
02.11.2002-21:00:00,02,11,2002,21,129.36
02.12.2002-00:00:00,02,12,2002,00,129.23
02.12.2002-03:00:00,02,12,2002,03,129.1
02.12.2002-06:00:00,02,12,2002,06,128.98
02.12.2002-09:00:00,02,12,2002,09,128.85
02.12.2002-12:00:00,02,12,2002,12,128.72
02.12.2002-15:00:00,02,12,2002,15,128.59
02.12.2002-18:00:00,02,12,2002,18,128.47
02.12.2002-21:00:00,02,12,2002,21,128.34
02.13.2002-00:00:00,02,13,2002,00,128.21
02.13.2002-03:00:00,02,13,2002,03,128.09
02.13.2002-06:00:00,02,13,2002,06,127.96
02.13.2002-09:00:00,02,13,2002,09,127.83
02.13.2002-12:00:00,02,13,2002,12,127.71
02.13.2002-15:00:00,02,13,2002,15,127.58
02.13.2002-18:00:00,02,13,2002,18,127.46
02.13.2002-21:00:00,02,13,2002,21,127.33
02.14.2002-00:00:00,02,14,2002,00,127.21
02.14.2002-03:00:00,02,14,2002,03,127.08
02.14.2002-06:00:00,02,14,2002,06,126.96
02.14.2002-09:00:00,02,14,2002,09,126.83
02.14.2002-12:00:00,02,14,2002,12,126.66
02.14.2002-15:00:00,02,14,2002,15,126.53
02.14.2002-18:00:00,02,14,2002,18,126.41
02.14.2002-21:00:00,02,14,2002,21,126.29
02.15.2002-00:00:00,02,15,2002,00,126.16
02.15.2002-03:00:00,02,15,2002,03,126.04
02.15.2002-06:00:00,02,15,2002,06,125.92
02.15.2002-09:00:00,02,15,2002,09,125.8
02.15.2002-12:00:00,02,15,2002,12,125.66
02.15.2002-15:00:00,02,15,2002,15,125.54
02.15.2002-18:00:00,02,15,2002,18,125.42
02.15.2002-21:00:00,02,15,2002,21,125.3
02.16.2002-00:00:00,02,16,2002,00,125.18
02.16.2002-03:00:00,02,16,2002,03,125.06
02.16.2002-06:00:00,02,16,2002,06,124.94
02.16.2002-09:00:00,02,16,2002,09,124.82
02.16.2002-12:00:00,02,16,2002,12,124.7
02.16.2002-15:00:00,02,16,2002,15,124.58
02.16.2002-18:00:00,02,16,2002,18,124.47
02.16.2002-21:00:00,02,16,2002,21,124.35
02.17.2002-00:00:00,02,17,2002,00,124.23
02.17.2002-03:00:00,02,17,2002,03,124.11
02.17.2002-06:00:00,02,17,2002,06,124
02.17.2002-09:00:00,02,17,2002,09,123.88
02.17.2002-12:00:00,02,17,2002,12,123.75
02.17.2002-15:00:00,02,17,2002,15,123.63
02.17.2002-18:00:00,02,17,2002,18,123.51
02.17.2002-21:00:00,02,17,2002,21,123.4
02.18.2002-00:00:00,02,18,2002,00,123.28
02.18.2002-03:00:00,02,18,2002,03,123.16
02.18.2002-06:00:00,02,18,2002,06,123.05
02.18.2002-09:00:00,02,18,2002,09,122.93
02.18.2002-12:00:00,02,18,2002,12,122.79
02.18.2002-15:00:00,02,18,2002,15,122.67
02.18.2002-18:00:00,02,18,2002,18,122.56
02.18.2002-21:00:00,02,18,2002,21,122.44
02.19.2002-00:00:00,02,19,2002,00,122.32
02.19.2002-03:00:00,02,19,2002,03,122.21
02.19.2002-06:00:00,02,19,2002,06,122.09
02.19.2002-09:00:00,02,19,2002,09,121.93
02.19.2002-12:00:00,02,19,2002,12,121.74
02.19.2002-15:00:00,02,19,2002,15,121.62
02.19.2002-18:00:00,02,19,2002,18,121.51
02.19.2002-21:00:00,02,19,2002,21,121.39
02.20.2002-00:00:00,02,20,2002,00,121.28
02.20.2002-03:00:00,02,20,2002,03,121.17
02.20.2002-06:00:00,02,20,2002,06,121.05
02.20.2002-09:00:00,02,20,2002,09,120.93
02.20.2002-12:00:00,02,20,2002,12,120.77
02.20.2002-15:00:00,02,20,2002,15,120.65
02.20.2002-18:00:00,02,20,2002,18,120.54
02.20.2002-21:00:00,02,20,2002,21,120.43
02.21.2002-00:00:00,02,21,2002,00,120.32
02.21.2002-03:00:00,02,21,2002,03,120.21
02.21.2002-06:00:00,02,21,2002,06,120.1
02.21.2002-09:00:00,02,21,2002,09,119.98
02.21.2002-12:00:00,02,21,2002,12,119.82
02.21.2002-15:00:00,02,21,2002,15,119.71
02.21.2002-18:00:00,02,21,2002,18,119.6
02.21.2002-21:00:00,02,21,2002,21,119.49
02.22.2002-00:00:00,02,22,2002,00,119.37
02.22.2002-03:00:00,02,22,2002,03,119.26
02.22.2002-06:00:00,02,22,2002,06,119.15
02.22.2002-09:00:00,02,22,2002,09,118.99
02.22.2002-12:00:00,02,22,2002,12,118.81
02.22.2002-15:00:00,02,22,2002,15,118.69
02.22.2002-18:00:00,02,22,2002,18,118.58
02.22.2002-21:00:00,02,22,2002,21,118.48
02.23.2002-00:00:00,02,23,2002,00,118.37
02.23.2002-03:00:00,02,23,2002,03,118.26
02.23.2002-06:00:00,02,23,2002,06,118.15
02.23.2002-09:00:00,02,23,2002,09,117.97
02.23.2002-12:00:00,02,23,2002,12,117.78
02.23.2002-15:00:00,02,23,2002,15,117.66
02.23.2002-18:00:00,02,23,2002,18,117.55
02.23.2002-21:00:00,02,23,2002,21,117.44
02.24.2002-00:00:00,02,24,2002,00,117.34
02.24.2002-03:00:00,02,24,2002,03,117.23
02.24.2002-06:00:00,02,24,2002,06,117.13
02.24.2002-09:00:00,02,24,2002,09,117.02
02.24.2002-12:00:00,02,24,2002,12,116.91
02.24.2002-15:00:00,02,24,2002,15,116.81
02.24.2002-18:00:00,02,24,2002,18,116.7
02.24.2002-21:00:00,02,24,2002,21,116.6
02.25.2002-00:00:00,02,25,2002,00,116.49
02.25.2002-03:00:00,02,25,2002,03,116.39
02.25.2002-06:00:00,02,25,2002,06,116.28
02.25.2002-09:00:00,02,25,2002,09,116.18
02.25.2002-12:00:00,02,25,2002,12,116.07
02.25.2002-15:00:00,02,25,2002,15,115.97
02.25.2002-18:00:00,02,25,2002,18,115.86
02.25.2002-21:00:00,02,25,2002,21,115.76
02.26.2002-00:00:00,02,26,2002,00,115.65
02.26.2002-03:00:00,02,26,2002,03,115.55
02.26.2002-06:00:00,02,26,2002,06,115.44
02.26.2002-09:00:00,02,26,2002,09,115.34
02.26.2002-12:00:00,02,26,2002,12,115.23
02.26.2002-15:00:00,02,26,2002,15,115.13
02.26.2002-18:00:00,02,26,2002,18,115.02
02.26.2002-21:00:00,02,26,2002,21,114.92
02.27.2002-00:00:00,02,27,2002,00,114.82
02.27.2002-03:00:00,02,27,2002,03,114.71
02.27.2002-06:00:00,02,27,2002,06,114.61
02.27.2002-09:00:00,02,27,2002,09,114.5
02.27.2002-12:00:00,02,27,2002,12,114.4
02.27.2002-15:00:00,02,27,2002,15,114.29
02.27.2002-18:00:00,02,27,2002,18,114.19
02.27.2002-21:00:00,02,27,2002,21,114.09
02.28.2002-00:00:00,02,28,2002,00,113.98
02.28.2002-03:00:00,02,28,2002,03,113.88
02.28.2002-06:00:00,02,28,2002,06,113.78
02.28.2002-09:00:00,02,28,2002,09,113.67
02.28.2002-12:00:00,02,28,2002,12,113.54
02.28.2002-15:00:00,02,28,2002,15,113.44
02.28.2002-18:00:00,02,28,2002,18,113.33
02.28.2002-21:00:00,02,28,2002,21,113.23
03.01.2002-00:00:00,03,01,2002,00,113.13
03.01.2002-03:00:00,03,01,2002,03,113.03
03.01.2002-06:00:00,03,01,2002,06,112.93
03.01.2002-09:00:00,03,01,2002,09,112.82
03.01.2002-12:00:00,03,01,2002,12,112.7
03.01.2002-15:00:00,03,01,2002,15,112.59
03.01.2002-18:00:00,03,01,2002,18,112.49
03.01.2002-21:00:00,03,01,2002,21,112.39
03.02.2002-00:00:00,03,02,2002,00,112.29
03.02.2002-03:00:00,03,02,2002,03,112.19
03.02.2002-06:00:00,03,02,2002,06,112.08
03.02.2002-09:00:00,03,02,2002,09,111.98
03.02.2002-12:00:00,03,02,2002,12,111.86
03.02.2002-15:00:00,03,02,2002,15,111.76
03.02.2002-18:00:00,03,02,2002,18,111.66
03.02.2002-21:00:00,03,02,2002,21,111.56
03.03.2002-00:00:00,03,03,2002,00,111.45
03.03.2002-03:00:00,03,03,2002,03,111.35
03.03.2002-06:00:00,03,03,2002,06,111.25
03.03.2002-09:00:00,03,03,2002,09,111.15
03.03.2002-12:00:00,03,03,2002,12,111.03
03.03.2002-15:00:00,03,03,2002,15,110.93
03.03.2002-18:00:00,03,03,2002,18,110.83
03.03.2002-21:00:00,03,03,2002,21,110.73
03.04.2002-00:00:00,03,04,2002,00,110.63
03.04.2002-03:00:00,03,04,2002,03,110.53
03.04.2002-06:00:00,03,04,2002,06,110.43
03.04.2002-09:00:00,03,04,2002,09,110.3
03.04.2002-12:00:00,03,04,2002,12,110.14
03.04.2002-15:00:00,03,04,2002,15,110.04
03.04.2002-18:00:00,03,04,2002,18,109.94
03.04.2002-21:00:00,03,04,2002,21,109.84
03.05.2002-00:00:00,03,05,2002,00,109.74
03.05.2002-03:00:00,03,05,2002,03,109.65
03.05.2002-06:00:00,03,05,2002,06,109.55
03.05.2002-09:00:00,03,05,2002,09,109.36
03.05.2002-12:00:00,03,05,2002,12,109.16
03.05.2002-15:00:00,03,05,2002,15,109.04
03.05.2002-18:00:00,03,05,2002,18,108.94
03.05.2002-21:00:00,03,05,2002,21,108.84
03.06.2002-00:00:00,03,06,2002,00,108.75
03.06.2002-03:00:00,03,06,2002,03,108.65
03.06.2002-06:00:00,03,06,2002,06,108.56
03.06.2002-09:00:00,03,06,2002,09,108.44
03.06.2002-12:00:00,03,06,2002,12,108.27
03.06.2002-15:00:00,03,06,2002,15,108.17
03.06.2002-18:00:00,03,06,2002,18,108.08
03.06.2002-21:00:00,03,06,2002,21,107.98
03.07.2002-00:00:00,03,07,2002,00,107.89
03.07.2002-03:00:00,03,07,2002,03,107.79
03.07.2002-06:00:00,03,07,2002,06,107.7
03.07.2002-09:00:00,03,07,2002,09,107.61
03.07.2002-12:00:00,03,07,2002,12,107.51
03.07.2002-15:00:00,03,07,2002,15,107.42
03.07.2002-18:00:00,03,07,2002,18,107.33
03.07.2002-21:00:00,03,07,2002,21,107.23
03.08.2002-00:00:00,03,08,2002,00,107.14
03.08.2002-03:00:00,03,08,2002,03,107.05
03.08.2002-06:00:00,03,08,2002,06,106.95
03.08.2002-09:00:00,03,08,2002,09,106.86
03.08.2002-12:00:00,03,08,2002,12,106.77
03.08.2002-15:00:00,03,08,2002,15,106.67
03.08.2002-18:00:00,03,08,2002,18,106.58
03.08.2002-21:00:00,03,08,2002,21,106.49
03.09.2002-00:00:00,03,09,2002,00,106.39
03.09.2002-03:00:00,03,09,2002,03,106.3
03.09.2002-06:00:00,03,09,2002,06,106.21
03.09.2002-09:00:00,03,09,2002,09,106.11
03.09.2002-12:00:00,03,09,2002,12,106.02
03.09.2002-15:00:00,03,09,2002,15,105.93
03.09.2002-18:00:00,03,09,2002,18,105.84
03.09.2002-21:00:00,03,09,2002,21,105.74
03.10.2002-00:00:00,03,10,2002,00,105.65
03.10.2002-03:00:00,03,10,2002,03,105.56
03.10.2002-06:00:00,03,10,2002,06,105.47
03.10.2002-09:00:00,03,10,2002,09,105.37
03.10.2002-12:00:00,03,10,2002,12,105.28
03.10.2002-15:00:00,03,10,2002,15,105.19
03.10.2002-18:00:00,03,10,2002,18,105.1
03.10.2002-21:00:00,03,10,2002,21,105.01
03.11.2002-00:00:00,03,11,2002,00,104.92
03.11.2002-03:00:00,03,11,2002,03,104.83
03.11.2002-06:00:00,03,11,2002,06,104.73
03.11.2002-09:00:00,03,11,2002,09,104.64
03.11.2002-12:00:00,03,11,2002,12,104.55
03.11.2002-15:00:00,03,11,2002,15,104.46
03.11.2002-18:00:00,03,11,2002,18,104.37
03.11.2002-21:00:00,03,11,2002,21,104.28
03.12.2002-00:00:00,03,12,2002,00,104.19
03.12.2002-03:00:00,03,12,2002,03,104.09
03.12.2002-06:00:00,03,12,2002,06,104
03.12.2002-09:00:00,03,12,2002,09,103.91
03.12.2002-12:00:00,03,12,2002,12,103.82
03.12.2002-15:00:00,03,12,2002,15,103.73
03.12.2002-18:00:00,03,12,2002,18,103.64
03.12.2002-21:00:00,03,12,2002,21,103.55
03.13.2002-00:00:00,03,13,2002,00,103.46
03.13.2002-03:00:00,03,13,2002,03,103.37
03.13.2002-06:00:00,03,13,2002,06,103.28
03.13.2002-09:00:00,03,13,2002,09,103.19
03.13.2002-12:00:00,03,13,2002,12,103.09
03.13.2002-15:00:00,03,13,2002,15,103
03.13.2002-18:00:00,03,13,2002,18,102.91
03.13.2002-21:00:00,03,13,2002,21,102.82
03.14.2002-00:00:00,03,14,2002,00,102.73
03.14.2002-03:00:00,03,14,2002,03,102.64
03.14.2002-06:00:00,03,14,2002,06,102.55
03.14.2002-09:00:00,03,14,2002,09,102.45
03.14.2002-12:00:00,03,14,2002,12,102.31
03.14.2002-15:00:00,03,14,2002,15,102.22
03.14.2002-18:00:00,03,14,2002,18,102.13
03.14.2002-21:00:00,03,14,2002,21,102.04
03.15.2002-00:00:00,03,15,2002,00,101.96
03.15.2002-03:00:00,03,15,2002,03,101.87
03.15.2002-06:00:00,03,15,2002,06,101.78
03.15.2002-09:00:00,03,15,2002,09,101.69
03.15.2002-12:00:00,03,15,2002,12,101.55
03.15.2002-15:00:00,03,15,2002,15,101.46
03.15.2002-18:00:00,03,15,2002,18,101.37
03.15.2002-21:00:00,03,15,2002,21,101.28
03.16.2002-00:00:00,03,16,2002,00,101.2
03.16.2002-03:00:00,03,16,2002,03,101.11
03.16.2002-06:00:00,03,16,2002,06,101.02
03.16.2002-09:00:00,03,16,2002,09,100.94
03.16.2002-12:00:00,03,16,2002,12,100.83
03.16.2002-15:00:00,03,16,2002,15,100.74
03.16.2002-18:00:00,03,16,2002,18,100.66
03.16.2002-21:00:00,03,16,2002,21,100.57
03.17.2002-00:00:00,03,17,2002,00,100.48
03.17.2002-03:00:00,03,17,2002,03,100.4
03.17.2002-06:00:00,03,17,2002,06,100.31
03.17.2002-09:00:00,03,17,2002,09,100.23
03.17.2002-12:00:00,03,17,2002,12,100.14
03.17.2002-15:00:00,03,17,2002,15,100.06
03.17.2002-18:00:00,03,17,2002,18,99.972
03.17.2002-21:00:00,03,17,2002,21,99.888
03.18.2002-00:00:00,03,18,2002,00,99.802
03.18.2002-03:00:00,03,18,2002,03,99.718
03.18.2002-06:00:00,03,18,2002,06,99.633
03.18.2002-09:00:00,03,18,2002,09,99.549
03.18.2002-12:00:00,03,18,2002,12,99.464
03.18.2002-15:00:00,03,18,2002,15,99.38
03.18.2002-18:00:00,03,18,2002,18,99.296
03.18.2002-21:00:00,03,18,2002,21,99.212
03.19.2002-00:00:00,03,19,2002,00,99.128
03.19.2002-03:00:00,03,19,2002,03,99.044
03.19.2002-06:00:00,03,19,2002,06,98.961
03.19.2002-09:00:00,03,19,2002,09,98.877
03.19.2002-12:00:00,03,19,2002,12,98.793
03.19.2002-15:00:00,03,19,2002,15,98.709
03.19.2002-18:00:00,03,19,2002,18,98.626
03.19.2002-21:00:00,03,19,2002,21,98.542
03.20.2002-00:00:00,03,20,2002,00,98.459
03.20.2002-03:00:00,03,20,2002,03,98.375
03.20.2002-06:00:00,03,20,2002,06,98.292
03.20.2002-09:00:00,03,20,2002,09,98.209
03.20.2002-12:00:00,03,20,2002,12,98.126
03.20.2002-15:00:00,03,20,2002,15,98.044
03.20.2002-18:00:00,03,20,2002,18,97.961
03.20.2002-21:00:00,03,20,2002,21,97.88
03.21.2002-00:00:00,03,21,2002,00,97.798
03.21.2002-03:00:00,03,21,2002,03,97.718
03.21.2002-06:00:00,03,21,2002,06,97.637
03.21.2002-09:00:00,03,21,2002,09,97.555
03.21.2002-12:00:00,03,21,2002,12,97.474
03.21.2002-15:00:00,03,21,2002,15,97.395
03.21.2002-18:00:00,03,21,2002,18,97.315
03.21.2002-21:00:00,03,21,2002,21,97.234
03.22.2002-00:00:00,03,22,2002,00,97.154
03.22.2002-03:00:00,03,22,2002,03,97.074
03.22.2002-06:00:00,03,22,2002,06,96.993
03.22.2002-09:00:00,03,22,2002,09,96.913
03.22.2002-12:00:00,03,22,2002,12,96.832
03.22.2002-15:00:00,03,22,2002,15,96.751
03.22.2002-18:00:00,03,22,2002,18,96.672
03.22.2002-21:00:00,03,22,2002,21,96.592
03.23.2002-00:00:00,03,23,2002,00,96.512
03.23.2002-03:00:00,03,23,2002,03,96.432
03.23.2002-06:00:00,03,23,2002,06,96.352
03.23.2002-09:00:00,03,23,2002,09,96.252
03.23.2002-12:00:00,03,23,2002,12,96.121
03.23.2002-15:00:00,03,23,2002,15,96.036
03.23.2002-18:00:00,03,23,2002,18,95.958
03.23.2002-21:00:00,03,23,2002,21,95.879
03.24.2002-00:00:00,03,24,2002,00,95.801
03.24.2002-03:00:00,03,24,2002,03,95.722
03.24.2002-06:00:00,03,24,2002,06,95.644
03.24.2002-09:00:00,03,24,2002,09,95.475
03.24.2002-12:00:00,03,24,2002,12,95.287
03.24.2002-15:00:00,03,24,2002,15,95.169
03.24.2002-18:00:00,03,24,2002,18,95.09
03.24.2002-21:00:00,03,24,2002,21,95.014
03.25.2002-00:00:00,03,25,2002,00,94.938
03.25.2002-03:00:00,03,25,2002,03,94.862
03.25.2002-06:00:00,03,25,2002,06,94.787
03.25.2002-09:00:00,03,25,2002,09,94.595
03.25.2002-12:00:00,03,25,2002,12,94.383
03.25.2002-15:00:00,03,25,2002,15,94.256
03.25.2002-18:00:00,03,25,2002,18,94.179
03.25.2002-21:00:00,03,25,2002,21,94.106
03.26.2002-00:00:00,03,26,2002,00,94.034
03.26.2002-03:00:00,03,26,2002,03,93.963
03.26.2002-06:00:00,03,26,2002,06,93.89
03.26.2002-09:00:00,03,26,2002,09,93.745
03.26.2002-12:00:00,03,26,2002,12,93.586
03.26.2002-15:00:00,03,26,2002,15,93.489
03.26.2002-18:00:00,03,26,2002,18,93.417
03.26.2002-21:00:00,03,26,2002,21,93.345
03.27.2002-00:00:00,03,27,2002,00,93.275
03.27.2002-03:00:00,03,27,2002,03,93.205
03.27.2002-06:00:00,03,27,2002,06,93.135
03.27.2002-09:00:00,03,27,2002,09,93.018
03.27.2002-12:00:00,03,27,2002,12,92.891
03.27.2002-15:00:00,03,27,2002,15,92.8
03.27.2002-18:00:00,03,27,2002,18,92.729
03.27.2002-21:00:00,03,27,2002,21,92.66
03.28.2002-00:00:00,03,28,2002,00,92.59
03.28.2002-03:00:00,03,28,2002,03,92.521
03.28.2002-06:00:00,03,28,2002,06,92.452
03.28.2002-09:00:00,03,28,2002,09,92.351
03.28.2002-12:00:00,03,28,2002,12,92.232
03.28.2002-15:00:00,03,28,2002,15,92.159
03.28.2002-18:00:00,03,28,2002,18,92.09
03.28.2002-21:00:00,03,28,2002,21,92.023
03.29.2002-00:00:00,03,29,2002,00,91.955
03.29.2002-03:00:00,03,29,2002,03,91.887
03.29.2002-06:00:00,03,29,2002,06,91.819
03.29.2002-09:00:00,03,29,2002,09,91.686
03.29.2002-12:00:00,03,29,2002,12,91.538
03.29.2002-15:00:00,03,29,2002,15,91.44
03.29.2002-18:00:00,03,29,2002,18,91.371
03.29.2002-21:00:00,03,29,2002,21,91.304
03.30.2002-00:00:00,03,30,2002,00,91.238
03.30.2002-03:00:00,03,30,2002,03,91.172
03.30.2002-06:00:00,03,30,2002,06,91.105
03.30.2002-09:00:00,03,30,2002,09,90.974
03.30.2002-12:00:00,03,30,2002,12,90.825
03.30.2002-15:00:00,03,30,2002,15,90.729
03.30.2002-18:00:00,03,30,2002,18,90.661
03.30.2002-21:00:00,03,30,2002,21,90.597
03.31.2002-00:00:00,03,31,2002,00,90.532
03.31.2002-03:00:00,03,31,2002,03,90.467
03.31.2002-06:00:00,03,31,2002,06,90.402
03.31.2002-09:00:00,03,31,2002,09,90.233
03.31.2002-12:00:00,03,31,2002,12,90.049
03.31.2002-15:00:00,03,31,2002,15,89.933
03.31.2002-18:00:00,03,31,2002,18,89.865
03.31.2002-21:00:00,03,31,2002,21,89.803
04.01.2002-00:00:00,04,01,2002,00,89.74
04.01.2002-03:00:00,04,01,2002,03,89.678
04.01.2002-06:00:00,04,01,2002,06,89.615
04.01.2002-09:00:00,04,01,2002,09,89.476
04.01.2002-12:00:00,04,01,2002,12,89.324
04.01.2002-15:00:00,04,01,2002,15,89.233
04.01.2002-18:00:00,04,01,2002,18,89.169
04.01.2002-21:00:00,04,01,2002,21,89.108
04.02.2002-00:00:00,04,02,2002,00,89.046
04.02.2002-03:00:00,04,02,2002,03,88.986
04.02.2002-06:00:00,04,02,2002,06,88.925
04.02.2002-09:00:00,04,02,2002,09,88.792
04.02.2002-12:00:00,04,02,2002,12,88.643
04.02.2002-15:00:00,04,02,2002,15,88.55
04.02.2002-18:00:00,04,02,2002,18,88.488
04.02.2002-21:00:00,04,02,2002,21,88.429
04.03.2002-00:00:00,04,03,2002,00,88.368
04.03.2002-03:00:00,04,03,2002,03,88.309
04.03.2002-06:00:00,04,03,2002,06,88.249
04.03.2002-09:00:00,04,03,2002,09,88.158
04.03.2002-12:00:00,04,03,2002,12,88.051
04.03.2002-15:00:00,04,03,2002,15,87.987
04.03.2002-18:00:00,04,03,2002,18,87.928
04.03.2002-21:00:00,04,03,2002,21,87.869
04.04.2002-00:00:00,04,04,2002,00,87.81
04.04.2002-03:00:00,04,04,2002,03,87.751
04.04.2002-06:00:00,04,04,2002,06,87.693
04.04.2002-09:00:00,04,04,2002,09,87.561
04.04.2002-12:00:00,04,04,2002,12,87.409
04.04.2002-15:00:00,04,04,2002,15,87.317
04.04.2002-18:00:00,04,04,2002,18,87.257
04.04.2002-21:00:00,04,04,2002,21,87.199
04.05.2002-00:00:00,04,05,2002,00,87.142
04.05.2002-03:00:00,04,05,2002,03,87.084
04.05.2002-06:00:00,04,05,2002,06,87.027
04.05.2002-09:00:00,04,05,2002,09,86.861
04.05.2002-12:00:00,04,05,2002,12,86.68
04.05.2002-15:00:00,04,05,2002,15,86.574
04.05.2002-18:00:00,04,05,2002,18,86.514
04.05.2002-21:00:00,04,05,2002,21,86.459
04.06.2002-00:00:00,04,06,2002,00,86.405
04.06.2002-03:00:00,04,06,2002,03,86.35
04.06.2002-06:00:00,04,06,2002,06,86.285
04.06.2002-09:00:00,04,06,2002,09,86.157
04.06.2002-12:00:00,04,06,2002,12,86.02
04.06.2002-15:00:00,04,06,2002,15,85.957
04.06.2002-18:00:00,04,06,2002,18,85.934
04.06.2002-21:00:00,04,06,2002,21,85.912
04.07.2002-00:00:00,04,07,2002,00,85.882
04.07.2002-03:00:00,04,07,2002,03,85.847
04.07.2002-06:00:00,04,07,2002,06,85.802
04.07.2002-09:00:00,04,07,2002,09,85.681
04.07.2002-12:00:00,04,07,2002,12,85.557
04.07.2002-15:00:00,04,07,2002,15,85.493
04.07.2002-18:00:00,04,07,2002,18,85.466
04.07.2002-21:00:00,04,07,2002,21,85.439
04.08.2002-00:00:00,04,08,2002,00,85.405
04.08.2002-03:00:00,04,08,2002,03,85.366
04.08.2002-06:00:00,04,08,2002,06,85.32
04.08.2002-09:00:00,04,08,2002,09,85.2
04.08.2002-12:00:00,04,08,2002,12,85.071
04.08.2002-15:00:00,04,08,2002,15,85.001
04.08.2002-18:00:00,04,08,2002,18,84.966
04.08.2002-21:00:00,04,08,2002,21,84.933
04.09.2002-00:00:00,04,09,2002,00,84.897
04.09.2002-03:00:00,04,09,2002,03,84.858
04.09.2002-06:00:00,04,09,2002,06,84.815
04.09.2002-09:00:00,04,09,2002,09,84.676
04.09.2002-12:00:00,04,09,2002,12,84.523
04.09.2002-15:00:00,04,09,2002,15,84.444
04.09.2002-18:00:00,04,09,2002,18,84.427
04.09.2002-21:00:00,04,09,2002,21,84.415
04.10.2002-00:00:00,04,10,2002,00,84.398
04.10.2002-03:00:00,04,10,2002,03,84.372
04.10.2002-06:00:00,04,10,2002,06,84.341
04.10.2002-09:00:00,04,10,2002,09,84.277
04.10.2002-12:00:00,04,10,2002,12,84.205
04.10.2002-15:00:00,04,10,2002,15,84.154
04.10.2002-18:00:00,04,10,2002,18,84.114
04.10.2002-21:00:00,04,10,2002,21,84.077
04.11.2002-00:00:00,04,11,2002,00,84.041
04.11.2002-03:00:00,04,11,2002,03,84.003
04.11.2002-06:00:00,04,11,2002,06,83.957
04.11.2002-09:00:00,04,11,2002,09,83.844
04.11.2002-12:00:00,04,11,2002,12,83.732
04.11.2002-15:00:00,04,11,2002,15,83.687
04.11.2002-18:00:00,04,11,2002,18,83.684
04.11.2002-21:00:00,04,11,2002,21,83.687
04.12.2002-00:00:00,04,12,2002,00,83.687
04.12.2002-03:00:00,04,12,2002,03,83.677
04.12.2002-06:00:00,04,12,2002,06,83.651
04.12.2002-09:00:00,04,12,2002,09,83.569
04.12.2002-12:00:00,04,12,2002,12,83.488
04.12.2002-15:00:00,04,12,2002,15,83.459
04.12.2002-18:00:00,04,12,2002,18,83.46
04.12.2002-21:00:00,04,12,2002,21,83.466
04.13.2002-00:00:00,04,13,2002,00,83.474
04.13.2002-03:00:00,04,13,2002,03,83.48
04.13.2002-06:00:00,04,13,2002,06,83.473
04.13.2002-09:00:00,04,13,2002,09,83.439
04.13.2002-12:00:00,04,13,2002,12,83.48
04.13.2002-15:00:00,04,13,2002,15,83.636
04.13.2002-18:00:00,04,13,2002,18,83.801
04.13.2002-21:00:00,04,13,2002,21,83.946
04.14.2002-00:00:00,04,14,2002,00,84.072
04.14.2002-03:00:00,04,14,2002,03,84.155
04.14.2002-06:00:00,04,14,2002,06,84.187
04.14.2002-09:00:00,04,14,2002,09,84.155
04.14.2002-12:00:00,04,14,2002,12,84.201
04.14.2002-15:00:00,04,14,2002,15,84.391
04.14.2002-18:00:00,04,14,2002,18,84.635
04.14.2002-21:00:00,04,14,2002,21,84.842
04.15.2002-00:00:00,04,15,2002,00,84.976
04.15.2002-03:00:00,04,15,2002,03,85.024
04.15.2002-06:00:00,04,15,2002,06,85.008
04.15.2002-09:00:00,04,15,2002,09,84.982
04.15.2002-12:00:00,04,15,2002,12,84.951
04.15.2002-15:00:00,04,15,2002,15,84.928
04.15.2002-18:00:00,04,15,2002,18,84.905
04.15.2002-21:00:00,04,15,2002,21,84.882
04.16.2002-00:00:00,04,16,2002,00,84.859
04.16.2002-03:00:00,04,16,2002,03,84.835
04.16.2002-06:00:00,04,16,2002,06,84.811
04.16.2002-09:00:00,04,16,2002,09,84.75
04.16.2002-12:00:00,04,16,2002,12,84.684
04.16.2002-15:00:00,04,16,2002,15,84.645
04.16.2002-18:00:00,04,16,2002,18,84.62
04.16.2002-21:00:00,04,16,2002,21,84.597
04.17.2002-00:00:00,04,17,2002,00,84.573
04.17.2002-03:00:00,04,17,2002,03,84.55
04.17.2002-06:00:00,04,17,2002,06,84.525
04.17.2002-09:00:00,04,17,2002,09,84.47
04.17.2002-12:00:00,04,17,2002,12,84.408
04.17.2002-15:00:00,04,17,2002,15,84.37
04.17.2002-18:00:00,04,17,2002,18,84.344
04.17.2002-21:00:00,04,17,2002,21,84.317
04.18.2002-00:00:00,04,18,2002,00,84.289
04.18.2002-03:00:00,04,18,2002,03,84.261
04.18.2002-06:00:00,04,18,2002,06,84.233
04.18.2002-09:00:00,04,18,2002,09,84.168
04.18.2002-12:00:00,04,18,2002,12,84.094
04.18.2002-15:00:00,04,18,2002,15,84.047
04.18.2002-18:00:00,04,18,2002,18,84.016
04.18.2002-21:00:00,04,18,2002,21,83.987
04.19.2002-00:00:00,04,19,2002,00,83.957
04.19.2002-03:00:00,04,19,2002,03,83.926
04.19.2002-06:00:00,04,19,2002,06,83.893
04.19.2002-09:00:00,04,19,2002,09,83.765
04.19.2002-12:00:00,04,19,2002,12,83.623
04.19.2002-15:00:00,04,19,2002,15,83.544
04.19.2002-18:00:00,04,19,2002,18,83.509
04.19.2002-21:00:00,04,19,2002,21,83.483
04.20.2002-00:00:00,04,20,2002,00,83.464
04.20.2002-03:00:00,04,20,2002,03,83.448
04.20.2002-06:00:00,04,20,2002,06,83.414
04.20.2002-09:00:00,04,20,2002,09,83.296
04.20.2002-12:00:00,04,20,2002,12,83.225
04.20.2002-15:00:00,04,20,2002,15,83.273
04.20.2002-18:00:00,04,20,2002,18,83.396
04.20.2002-21:00:00,04,20,2002,21,83.51
04.21.2002-00:00:00,04,21,2002,00,83.601
04.21.2002-03:00:00,04,21,2002,03,83.662
04.21.2002-06:00:00,04,21,2002,06,83.655
04.21.2002-09:00:00,04,21,2002,09,83.567
04.21.2002-12:00:00,04,21,2002,12,83.647
04.21.2002-15:00:00,04,21,2002,15,83.991
04.21.2002-18:00:00,04,21,2002,18,84.397
04.21.2002-21:00:00,04,21,2002,21,84.722
04.22.2002-00:00:00,04,22,2002,00,84.952
04.22.2002-03:00:00,04,22,2002,03,85.086
04.22.2002-06:00:00,04,22,2002,06,85.067
04.22.2002-09:00:00,04,22,2002,09,84.979
04.22.2002-12:00:00,04,22,2002,12,84.95
04.22.2002-15:00:00,04,22,2002,15,85.122
04.22.2002-18:00:00,04,22,2002,18,85.726
04.22.2002-21:00:00,04,22,2002,21,86.054
04.23.2002-00:00:00,04,23,2002,00,86.26
04.23.2002-03:00:00,04,23,2002,03,86.402
04.23.2002-06:00:00,04,23,2002,06,86.478
04.23.2002-09:00:00,04,23,2002,09,86.395
04.23.2002-12:00:00,04,23,2002,12,86.37
04.23.2002-15:00:00,04,23,2002,15,86.58
04.23.2002-18:00:00,04,23,2002,18,86.793
04.23.2002-21:00:00,04,23,2002,21,86.898
04.24.2002-00:00:00,04,24,2002,00,86.969
04.24.2002-03:00:00,04,24,2002,03,87.05
04.24.2002-06:00:00,04,24,2002,06,87.098
04.24.2002-09:00:00,04,24,2002,09,87.051
04.24.2002-12:00:00,04,24,2002,12,86.966
04.24.2002-15:00:00,04,24,2002,15,86.982
04.24.2002-18:00:00,04,24,2002,18,87.002
04.24.2002-21:00:00,04,24,2002,21,87.021
04.25.2002-00:00:00,04,25,2002,00,87.009
04.25.2002-03:00:00,04,25,2002,03,87.014
04.25.2002-06:00:00,04,25,2002,06,86.998
04.25.2002-09:00:00,04,25,2002,09,86.867
04.25.2002-12:00:00,04,25,2002,12,86.749
04.25.2002-15:00:00,04,25,2002,15,86.751
04.25.2002-18:00:00,04,25,2002,18,86.834
04.25.2002-21:00:00,04,25,2002,21,86.922
04.26.2002-00:00:00,04,26,2002,00,86.931
04.26.2002-03:00:00,04,26,2002,03,86.932
04.26.2002-06:00:00,04,26,2002,06,86.928
04.26.2002-09:00:00,04,26,2002,09,86.791
04.26.2002-12:00:00,04,26,2002,12,86.779
04.26.2002-15:00:00,04,26,2002,15,87.047
04.26.2002-18:00:00,04,26,2002,18,87.245
04.26.2002-21:00:00,04,26,2002,21,87.397
04.27.2002-00:00:00,04,27,2002,00,87.472
04.27.2002-03:00:00,04,27,2002,03,87.506
04.27.2002-06:00:00,04,27,2002,06,87.519
04.27.2002-09:00:00,04,27,2002,09,87.472
04.27.2002-12:00:00,04,27,2002,12,87.803
04.27.2002-15:00:00,04,27,2002,15,88.028
04.27.2002-18:00:00,04,27,2002,18,88.245
04.27.2002-21:00:00,04,27,2002,21,88.419
04.28.2002-00:00:00,04,28,2002,00,88.527
04.28.2002-03:00:00,04,28,2002,03,88.58
04.28.2002-06:00:00,04,28,2002,06,88.578
04.28.2002-09:00:00,04,28,2002,09,88.73
04.28.2002-12:00:00,04,28,2002,12,89.024
04.28.2002-15:00:00,04,28,2002,15,89.381
04.28.2002-18:00:00,04,28,2002,18,89.651
04.28.2002-21:00:00,04,28,2002,21,89.846
04.29.2002-00:00:00,04,29,2002,00,89.962
04.29.2002-03:00:00,04,29,2002,03,90.069
04.29.2002-06:00:00,04,29,2002,06,90.019
04.29.2002-09:00:00,04,29,2002,09,90.262
04.29.2002-12:00:00,04,29,2002,12,96.947
04.29.2002-15:00:00,04,29,2002,15,112
04.29.2002-18:00:00,04,29,2002,18,103.24
04.29.2002-21:00:00,04,29,2002,21,100.42
04.30.2002-00:00:00,04,30,2002,00,96.343
04.30.2002-03:00:00,04,30,2002,03,93.321
04.30.2002-06:00:00,04,30,2002,06,93.8
04.30.2002-09:00:00,04,30,2002,09,120.11
04.30.2002-12:00:00,04,30,2002,12,120.48
04.30.2002-15:00:00,04,30,2002,15,119.31
04.30.2002-18:00:00,04,30,2002,18,111.63
04.30.2002-21:00:00,04,30,2002,21,107.21
05.01.2002-00:00:00,05,01,2002,00,105.37
05.01.2002-03:00:00,05,01,2002,03,102.87
05.01.2002-06:00:00,05,01,2002,06,103.64
05.01.2002-09:00:00,05,01,2002,09,129.85
05.01.2002-12:00:00,05,01,2002,12,135.15
05.01.2002-15:00:00,05,01,2002,15,139.29
05.01.2002-18:00:00,05,01,2002,18,130.4
05.01.2002-21:00:00,05,01,2002,21,124.8
05.02.2002-00:00:00,05,02,2002,00,118.75
05.02.2002-03:00:00,05,02,2002,03,114.41
05.02.2002-06:00:00,05,02,2002,06,113.74
05.02.2002-09:00:00,05,02,2002,09,164.69
05.02.2002-12:00:00,05,02,2002,12,201.14
05.02.2002-15:00:00,05,02,2002,15,166.93
05.02.2002-18:00:00,05,02,2002,18,160
05.02.2002-21:00:00,05,02,2002,21,147.99
05.03.2002-00:00:00,05,03,2002,00,138.88
05.03.2002-03:00:00,05,03,2002,03,130.25
05.03.2002-06:00:00,05,03,2002,06,131.16
05.03.2002-09:00:00,05,03,2002,09,179.34
05.03.2002-12:00:00,05,03,2002,12,200.4
05.03.2002-15:00:00,05,03,2002,15,176.9
05.03.2002-18:00:00,05,03,2002,18,168.01
05.03.2002-21:00:00,05,03,2002,21,158.3
05.04.2002-00:00:00,05,04,2002,00,149.18
05.04.2002-03:00:00,05,04,2002,03,140.93
05.04.2002-06:00:00,05,04,2002,06,139.58
05.04.2002-09:00:00,05,04,2002,09,174.19
05.04.2002-12:00:00,05,04,2002,12,198.19
05.04.2002-15:00:00,05,04,2002,15,175.8
05.04.2002-18:00:00,05,04,2002,18,167.62
05.04.2002-21:00:00,05,04,2002,21,160.12
05.05.2002-00:00:00,05,05,2002,00,155.52
05.05.2002-03:00:00,05,05,2002,03,157.56
05.05.2002-06:00:00,05,05,2002,06,156.61
05.05.2002-09:00:00,05,05,2002,09,184.59
05.05.2002-12:00:00,05,05,2002,12,221.23
05.05.2002-15:00:00,05,05,2002,15,197.78
05.05.2002-18:00:00,05,05,2002,18,189.01
05.05.2002-21:00:00,05,05,2002,21,180.33
05.06.2002-00:00:00,05,06,2002,00,174.88
05.06.2002-03:00:00,05,06,2002,03,176.77
05.06.2002-06:00:00,05,06,2002,06,178.62
05.06.2002-09:00:00,05,06,2002,09,182.13
05.06.2002-12:00:00,05,06,2002,12,228.96
05.06.2002-15:00:00,05,06,2002,15,208.92
05.06.2002-18:00:00,05,06,2002,18,198.23
05.06.2002-21:00:00,05,06,2002,21,187.8
05.07.2002-00:00:00,05,07,2002,00,190.48
05.07.2002-03:00:00,05,07,2002,03,196.36
05.07.2002-06:00:00,05,07,2002,06,196.87
05.07.2002-09:00:00,05,07,2002,09,189.78
05.07.2002-12:00:00,05,07,2002,12,219.13
05.07.2002-15:00:00,05,07,2002,15,232.54
05.07.2002-18:00:00,05,07,2002,18,207.61
05.07.2002-21:00:00,05,07,2002,21,198.59
05.08.2002-00:00:00,05,08,2002,00,198.36
05.08.2002-03:00:00,05,08,2002,03,198.33
05.08.2002-06:00:00,05,08,2002,06,198.02
05.08.2002-09:00:00,05,08,2002,09,187.79
05.08.2002-12:00:00,05,08,2002,12,257.69
05.08.2002-15:00:00,05,08,2002,15,247.26
05.08.2002-18:00:00,05,08,2002,18,219.5
05.08.2002-21:00:00,05,08,2002,21,197.95
05.09.2002-00:00:00,05,09,2002,00,197.33
05.09.2002-03:00:00,05,09,2002,03,197.57
05.09.2002-06:00:00,05,09,2002,06,197.77
05.09.2002-09:00:00,05,09,2002,09,190.69
05.09.2002-12:00:00,05,09,2002,12,255.09
05.09.2002-15:00:00,05,09,2002,15,248.73
05.09.2002-18:00:00,05,09,2002,18,215.18
05.09.2002-21:00:00,05,09,2002,21,202.94
05.10.2002-00:00:00,05,10,2002,00,198.92
05.10.2002-03:00:00,05,10,2002,03,198.89
05.10.2002-06:00:00,05,10,2002,06,196.57
05.10.2002-09:00:00,05,10,2002,09,217.65
05.10.2002-12:00:00,05,10,2002,12,269.28
05.10.2002-15:00:00,05,10,2002,15,249.16
05.10.2002-18:00:00,05,10,2002,18,217.08
05.10.2002-21:00:00,05,10,2002,21,207.61
05.11.2002-00:00:00,05,11,2002,00,201.15
05.11.2002-03:00:00,05,11,2002,03,201.1
05.11.2002-06:00:00,05,11,2002,06,195.83
05.11.2002-09:00:00,05,11,2002,09,238.24
05.11.2002-12:00:00,05,11,2002,12,338.83
05.11.2002-15:00:00,05,11,2002,15,288.35
05.11.2002-18:00:00,05,11,2002,18,260.69
05.11.2002-21:00:00,05,11,2002,21,236.44
05.12.2002-00:00:00,05,12,2002,00,224
05.12.2002-03:00:00,05,12,2002,03,213.98
05.12.2002-06:00:00,05,12,2002,06,215.82
05.12.2002-09:00:00,05,12,2002,09,303.56
05.12.2002-12:00:00,05,12,2002,12,454.46
05.12.2002-15:00:00,05,12,2002,15,354.28
05.12.2002-18:00:00,05,12,2002,18,318.44
05.12.2002-21:00:00,05,12,2002,21,297.68
05.13.2002-00:00:00,05,13,2002,00,279.03
05.13.2002-03:00:00,05,13,2002,03,265.66
05.13.2002-06:00:00,05,13,2002,06,282.64
05.13.2002-09:00:00,05,13,2002,09,484.29
05.13.2002-12:00:00,05,13,2002,12,645.92
05.13.2002-15:00:00,05,13,2002,15,522.96
05.13.2002-18:00:00,05,13,2002,18,455.5
05.13.2002-21:00:00,05,13,2002,21,405.63
05.14.2002-00:00:00,05,14,2002,00,380.01
05.14.2002-03:00:00,05,14,2002,03,342.98
05.14.2002-06:00:00,05,14,2002,06,369.52
05.14.2002-09:00:00,05,14,2002,09,697.76
05.14.2002-12:00:00,05,14,2002,12,957.88
05.14.2002-15:00:00,05,14,2002,15,788.78
05.14.2002-18:00:00,05,14,2002,18,643.68
05.14.2002-21:00:00,05,14,2002,21,573.84
05.15.2002-00:00:00,05,15,2002,00,532.55
05.15.2002-03:00:00,05,15,2002,03,510.53
05.15.2002-06:00:00,05,15,2002,06,531.16
05.15.2002-09:00:00,05,15,2002,09,876.79
05.15.2002-12:00:00,05,15,2002,12,1176.3
05.15.2002-15:00:00,05,15,2002,15,911.26
05.15.2002-18:00:00,05,15,2002,18,711.16
05.15.2002-21:00:00,05,15,2002,21,653.19
05.16.2002-00:00:00,05,16,2002,00,624.37
05.16.2002-03:00:00,05,16,2002,03,627.3
05.16.2002-06:00:00,05,16,2002,06,602.65
05.16.2002-09:00:00,05,16,2002,09,851.98
05.16.2002-12:00:00,05,16,2002,12,1299.5
05.16.2002-15:00:00,05,16,2002,15,1074.2
05.16.2002-18:00:00,05,16,2002,18,837.59
05.16.2002-21:00:00,05,16,2002,21,752.97
05.17.2002-00:00:00,05,17,2002,00,726.93
05.17.2002-03:00:00,05,17,2002,03,711.73
05.17.2002-06:00:00,05,17,2002,06,702.06
05.17.2002-09:00:00,05,17,2002,09,1114.2
05.17.2002-12:00:00,05,17,2002,12,1486.8
05.17.2002-15:00:00,05,17,2002,15,1215.9
05.17.2002-18:00:00,05,17,2002,18,978.25
05.17.2002-21:00:00,05,17,2002,21,915.68
05.18.2002-00:00:00,05,18,2002,00,918.84
05.18.2002-03:00:00,05,18,2002,03,897.48
05.18.2002-06:00:00,05,18,2002,06,996.63
05.18.2002-09:00:00,05,18,2002,09,1424.2
05.18.2002-12:00:00,05,18,2002,12,1639.5
05.18.2002-15:00:00,05,18,2002,15,1440.3
05.18.2002-18:00:00,05,18,2002,18,1197.8
05.18.2002-21:00:00,05,18,2002,21,1133.5
05.19.2002-00:00:00,05,19,2002,00,1121.1
05.19.2002-03:00:00,05,19,2002,03,1094.1
05.19.2002-06:00:00,05,19,2002,06,1160
05.19.2002-09:00:00,05,19,2002,09,1504.2
05.19.2002-12:00:00,05,19,2002,12,1704.7
05.19.2002-15:00:00,05,19,2002,15,1491.9
05.19.2002-18:00:00,05,19,2002,18,1326.6
05.19.2002-21:00:00,05,19,2002,21,1246.3
05.20.2002-00:00:00,05,20,2002,00,1246.2
05.20.2002-03:00:00,05,20,2002,03,1224.1
05.20.2002-06:00:00,05,20,2002,06,1420.8
05.20.2002-09:00:00,05,20,2002,09,2025.6
05.20.2002-12:00:00,05,20,2002,12,2288.6
05.20.2002-15:00:00,05,20,2002,15,1946.5
05.20.2002-18:00:00,05,20,2002,18,1653
05.20.2002-21:00:00,05,20,2002,21,1564
05.21.2002-00:00:00,05,21,2002,00,1474.6
05.21.2002-03:00:00,05,21,2002,03,1410.8
05.21.2002-06:00:00,05,21,2002,06,1470
05.21.2002-09:00:00,05,21,2002,09,2006.4
05.21.2002-12:00:00,05,21,2002,12,2293.4
05.21.2002-15:00:00,05,21,2002,15,1957.8
05.21.2002-18:00:00,05,21,2002,18,1697.5
05.21.2002-21:00:00,05,21,2002,21,1610.9
05.22.2002-00:00:00,05,22,2002,00,1542.4
05.22.2002-03:00:00,05,22,2002,03,1466.6
05.22.2002-06:00:00,05,22,2002,06,1506.7
05.22.2002-09:00:00,05,22,2002,09,2092.1
05.22.2002-12:00:00,05,22,2002,12,2403.6
05.22.2002-15:00:00,05,22,2002,15,2004.8
05.22.2002-18:00:00,05,22,2002,18,1745.9
05.22.2002-21:00:00,05,22,2002,21,1659.8
05.23.2002-00:00:00,05,23,2002,00,1617.1
05.23.2002-03:00:00,05,23,2002,03,1549.1
05.23.2002-06:00:00,05,23,2002,06,1520.4
05.23.2002-09:00:00,05,23,2002,09,2099
05.23.2002-12:00:00,05,23,2002,12,2547.6
05.23.2002-15:00:00,05,23,2002,15,2164.8
05.23.2002-18:00:00,05,23,2002,18,1820.6
05.23.2002-21:00:00,05,23,2002,21,1745.7
05.24.2002-00:00:00,05,24,2002,00,1694.9
05.24.2002-03:00:00,05,24,2002,03,1607.5
05.24.2002-06:00:00,05,24,2002,06,1533.4
05.24.2002-09:00:00,05,24,2002,09,2328.9
05.24.2002-12:00:00,05,24,2002,12,3063.4
05.24.2002-15:00:00,05,24,2002,15,2573.7
05.24.2002-18:00:00,05,24,2002,18,2074.1
05.24.2002-21:00:00,05,24,2002,21,1959.3
05.25.2002-00:00:00,05,25,2002,00,1889.8
05.25.2002-03:00:00,05,25,2002,03,1819.1
05.25.2002-06:00:00,05,25,2002,06,1706.2
05.25.2002-09:00:00,05,25,2002,09,2534.2
05.25.2002-12:00:00,05,25,2002,12,3516.9
05.25.2002-15:00:00,05,25,2002,15,2960.7
05.25.2002-18:00:00,05,25,2002,18,2366.7
05.25.2002-21:00:00,05,25,2002,21,2215.9
05.26.2002-00:00:00,05,26,2002,00,2143.3
05.26.2002-03:00:00,05,26,2002,03,2036.2
05.26.2002-06:00:00,05,26,2002,06,2027
05.26.2002-09:00:00,05,26,2002,09,3031.1
05.26.2002-12:00:00,05,26,2002,12,3579.1
05.26.2002-15:00:00,05,26,2002,15,3025.9
05.26.2002-18:00:00,05,26,2002,18,2630
05.26.2002-21:00:00,05,26,2002,21,2522.5
05.27.2002-00:00:00,05,27,2002,00,2415.2
05.27.2002-03:00:00,05,27,2002,03,2211.6
05.27.2002-06:00:00,05,27,2002,06,2077.2
05.27.2002-09:00:00,05,27,2002,09,2681.8
05.27.2002-12:00:00,05,27,2002,12,3472.8
05.27.2002-15:00:00,05,27,2002,15,3141
05.27.2002-18:00:00,05,27,2002,18,2763.4
05.27.2002-21:00:00,05,27,2002,21,2641.9
05.28.2002-00:00:00,05,28,2002,00,2528.9
05.28.2002-03:00:00,05,28,2002,03,2380.5
05.28.2002-06:00:00,05,28,2002,06,2359.9
05.28.2002-09:00:00,05,28,2002,09,3199.4
05.28.2002-12:00:00,05,28,2002,12,3921.3
05.28.2002-15:00:00,05,28,2002,15,3609.1
05.28.2002-18:00:00,05,28,2002,18,3257.8
05.28.2002-21:00:00,05,28,2002,21,3097.6
05.29.2002-00:00:00,05,29,2002,00,2974.8
05.29.2002-03:00:00,05,29,2002,03,2823.3
05.29.2002-06:00:00,05,29,2002,06,3001.5
05.29.2002-09:00:00,05,29,2002,09,3844.7
05.29.2002-12:00:00,05,29,2002,12,4309.5
05.29.2002-15:00:00,05,29,2002,15,3967.9
05.29.2002-18:00:00,05,29,2002,18,3536.6
05.29.2002-21:00:00,05,29,2002,21,3423.8
05.30.2002-00:00:00,05,30,2002,00,3174.2
05.30.2002-03:00:00,05,30,2002,03,2937.1
05.30.2002-06:00:00,05,30,2002,06,3094.5
05.30.2002-09:00:00,05,30,2002,09,4477.1
05.30.2002-12:00:00,05,30,2002,12,5192.7
05.30.2002-15:00:00,05,30,2002,15,4713
05.30.2002-18:00:00,05,30,2002,18,4092.8
05.30.2002-21:00:00,05,30,2002,21,3826
05.31.2002-00:00:00,05,31,2002,00,3623.6
05.31.2002-03:00:00,05,31,2002,03,3291.8
05.31.2002-06:00:00,05,31,2002,06,3190.1
05.31.2002-09:00:00,05,31,2002,09,4733.3
05.31.2002-12:00:00,05,31,2002,12,5957.3
05.31.2002-15:00:00,05,31,2002,15,5490.8
05.31.2002-18:00:00,05,31,2002,18,4719.3
05.31.2002-21:00:00,05,31,2002,21,4420.4
06.01.2002-00:00:00,06,01,2002,00,4119.7
06.01.2002-03:00:00,06,01,2002,03,3816.6
06.01.2002-06:00:00,06,01,2002,06,3734.7
06.01.2002-09:00:00,06,01,2002,09,5131.9
06.01.2002-12:00:00,06,01,2002,12,6282.3
06.01.2002-15:00:00,06,01,2002,15,5860.4
06.01.2002-18:00:00,06,01,2002,18,5220.1
06.01.2002-21:00:00,06,01,2002,21,4864.2
06.02.2002-00:00:00,06,02,2002,00,4537.6
06.02.2002-03:00:00,06,02,2002,03,4177.6
06.02.2002-06:00:00,06,02,2002,06,4254.2
06.02.2002-09:00:00,06,02,2002,09,5951
06.02.2002-12:00:00,06,02,2002,12,7274.4
06.02.2002-15:00:00,06,02,2002,15,7036.7
06.02.2002-18:00:00,06,02,2002,18,6436.9
06.02.2002-21:00:00,06,02,2002,21,5858
06.03.2002-00:00:00,06,03,2002,00,5512.6
06.03.2002-03:00:00,06,03,2002,03,5069.5
06.03.2002-06:00:00,06,03,2002,06,5204.7
06.03.2002-09:00:00,06,03,2002,09,6819.6
06.03.2002-12:00:00,06,03,2002,12,8129.5
06.03.2002-15:00:00,06,03,2002,15,7975.9
06.03.2002-18:00:00,06,03,2002,18,7392.8
06.03.2002-21:00:00,06,03,2002,21,6780.4
06.04.2002-00:00:00,06,04,2002,00,6356
06.04.2002-03:00:00,06,04,2002,03,5869
06.04.2002-06:00:00,06,04,2002,06,5933.4
06.04.2002-09:00:00,06,04,2002,09,7463.5
06.04.2002-12:00:00,06,04,2002,12,8954.8
06.04.2002-15:00:00,06,04,2002,15,8989.3
06.04.2002-18:00:00,06,04,2002,18,8137.1
06.04.2002-21:00:00,06,04,2002,21,7645.7
06.05.2002-00:00:00,06,05,2002,00,7182
06.05.2002-03:00:00,06,05,2002,03,6762.4
06.05.2002-06:00:00,06,05,2002,06,6940
06.05.2002-09:00:00,06,05,2002,09,8349.2
06.05.2002-12:00:00,06,05,2002,12,9690.1
06.05.2002-15:00:00,06,05,2002,15,9737.4
06.05.2002-18:00:00,06,05,2002,18,9049
06.05.2002-21:00:00,06,05,2002,21,8585.7
06.06.2002-00:00:00,06,06,2002,00,8193.8
06.06.2002-03:00:00,06,06,2002,03,7623.5
06.06.2002-06:00:00,06,06,2002,06,7793.8
06.06.2002-09:00:00,06,06,2002,09,8833.3
06.06.2002-12:00:00,06,06,2002,12,10354
06.06.2002-15:00:00,06,06,2002,15,10172
06.06.2002-18:00:00,06,06,2002,18,9629.6
06.06.2002-21:00:00,06,06,2002,21,9040.2
06.07.2002-00:00:00,06,07,2002,00,8587.6
06.07.2002-03:00:00,06,07,2002,03,8001.8
06.07.2002-06:00:00,06,07,2002,06,7539.3
06.07.2002-09:00:00,06,07,2002,09,8317.5
06.07.2002-12:00:00,06,07,2002,12,9605.1
06.07.2002-15:00:00,06,07,2002,15,9498.4
06.07.2002-18:00:00,06,07,2002,18,8671.7
06.07.2002-21:00:00,06,07,2002,21,8038.8
06.08.2002-00:00:00,06,08,2002,00,7669.6
06.08.2002-03:00:00,06,08,2002,03,7155.2
06.08.2002-06:00:00,06,08,2002,06,6938.7
06.08.2002-09:00:00,06,08,2002,09,6338.6
06.08.2002-12:00:00,06,08,2002,12,6165.1
06.08.2002-15:00:00,06,08,2002,15,6031.7
06.08.2002-18:00:00,06,08,2002,18,6073.7
06.08.2002-21:00:00,06,08,2002,21,5812.4
06.09.2002-00:00:00,06,09,2002,00,5673.8
06.09.2002-03:00:00,06,09,2002,03,5472
06.09.2002-06:00:00,06,09,2002,06,5389
06.09.2002-09:00:00,06,09,2002,09,5148.4
06.09.2002-12:00:00,06,09,2002,12,5008.3
06.09.2002-15:00:00,06,09,2002,15,5033.2
06.09.2002-18:00:00,06,09,2002,18,5000.2
06.09.2002-21:00:00,06,09,2002,21,4909.5
06.10.2002-00:00:00,06,10,2002,00,4793.8
06.10.2002-03:00:00,06,10,2002,03,4692.3
06.10.2002-06:00:00,06,10,2002,06,4604.8
06.10.2002-09:00:00,06,10,2002,09,4848.8
06.10.2002-12:00:00,06,10,2002,12,5665.3
06.10.2002-15:00:00,06,10,2002,15,5883.4
06.10.2002-18:00:00,06,10,2002,18,5620.3
06.10.2002-21:00:00,06,10,2002,21,5262
06.11.2002-00:00:00,06,11,2002,00,5091.8
06.11.2002-03:00:00,06,11,2002,03,4807.2
06.11.2002-06:00:00,06,11,2002,06,4935.8
06.11.2002-09:00:00,06,11,2002,09,6526.5
06.11.2002-12:00:00,06,11,2002,12,8081.9
06.11.2002-15:00:00,06,11,2002,15,8326.3
06.11.2002-18:00:00,06,11,2002,18,7781
06.11.2002-21:00:00,06,11,2002,21,7448.4
06.12.2002-00:00:00,06,12,2002,00,6992.5
06.12.2002-03:00:00,06,12,2002,03,6570.2
06.12.2002-06:00:00,06,12,2002,06,6607
06.12.2002-09:00:00,06,12,2002,09,8224.5
06.12.2002-12:00:00,06,12,2002,12,9697.6
06.12.2002-15:00:00,06,12,2002,15,9951.9
06.12.2002-18:00:00,06,12,2002,18,9641.5
06.12.2002-21:00:00,06,12,2002,21,9076.8
06.13.2002-00:00:00,06,13,2002,00,8675.2
06.13.2002-03:00:00,06,13,2002,03,7993.1
06.13.2002-06:00:00,06,13,2002,06,8147.1
06.13.2002-09:00:00,06,13,2002,09,9949
06.13.2002-12:00:00,06,13,2002,12,12056
06.13.2002-15:00:00,06,13,2002,15,12655
06.13.2002-18:00:00,06,13,2002,18,12328
06.13.2002-21:00:00,06,13,2002,21,11727
06.14.2002-00:00:00,06,14,2002,00,10899
06.14.2002-03:00:00,06,14,2002,03,10260
06.14.2002-06:00:00,06,14,2002,06,10479
06.14.2002-09:00:00,06,14,2002,09,12098
06.14.2002-12:00:00,06,14,2002,12,14085
06.14.2002-15:00:00,06,14,2002,15,15044
06.14.2002-18:00:00,06,14,2002,18,14660
06.14.2002-21:00:00,06,14,2002,21,13731
06.15.2002-00:00:00,06,15,2002,00,13072
06.15.2002-03:00:00,06,15,2002,03,12297
06.15.2002-06:00:00,06,15,2002,06,12396
06.15.2002-09:00:00,06,15,2002,09,14183
06.15.2002-12:00:00,06,15,2002,12,16243
06.15.2002-15:00:00,06,15,2002,15,17188
06.15.2002-18:00:00,06,15,2002,18,17155
06.15.2002-21:00:00,06,15,2002,21,16260
06.16.2002-00:00:00,06,16,2002,00,15582
06.16.2002-03:00:00,06,16,2002,03,14594
06.16.2002-06:00:00,06,16,2002,06,14178
06.16.2002-09:00:00,06,16,2002,09,15793
06.16.2002-12:00:00,06,16,2002,12,17783
06.16.2002-15:00:00,06,16,2002,15,18818
06.16.2002-18:00:00,06,16,2002,18,18846
06.16.2002-21:00:00,06,16,2002,21,17895
06.17.2002-00:00:00,06,17,2002,00,17124
06.17.2002-03:00:00,06,17,2002,03,15705
06.17.2002-06:00:00,06,17,2002,06,15348
06.17.2002-09:00:00,06,17,2002,09,16222
06.17.2002-12:00:00,06,17,2002,12,17718
06.17.2002-15:00:00,06,17,2002,15,18148
06.17.2002-18:00:00,06,17,2002,18,17935
06.17.2002-21:00:00,06,17,2002,21,16752
06.18.2002-00:00:00,06,18,2002,00,15706
06.18.2002-03:00:00,06,18,2002,03,14552
06.18.2002-06:00:00,06,18,2002,06,14003
06.18.2002-09:00:00,06,18,2002,09,14323
06.18.2002-12:00:00,06,18,2002,12,15202
06.18.2002-15:00:00,06,18,2002,15,15233
06.18.2002-18:00:00,06,18,2002,18,14871
06.18.2002-21:00:00,06,18,2002,21,13801
06.19.2002-00:00:00,06,19,2002,00,13053
06.19.2002-03:00:00,06,19,2002,03,11992
06.19.2002-06:00:00,06,19,2002,06,11472
06.19.2002-09:00:00,06,19,2002,09,11534
06.19.2002-12:00:00,06,19,2002,12,12443
06.19.2002-15:00:00,06,19,2002,15,12595
06.19.2002-18:00:00,06,19,2002,18,12225
06.19.2002-21:00:00,06,19,2002,21,11360
06.20.2002-00:00:00,06,20,2002,00,10678
06.20.2002-03:00:00,06,20,2002,03,10013
06.20.2002-06:00:00,06,20,2002,06,9503.2
06.20.2002-09:00:00,06,20,2002,09,10081
06.20.2002-12:00:00,06,20,2002,12,11469
06.20.2002-15:00:00,06,20,2002,15,12279
06.20.2002-18:00:00,06,20,2002,18,12167
06.20.2002-21:00:00,06,20,2002,21,11465
06.21.2002-00:00:00,06,21,2002,00,10732
06.21.2002-03:00:00,06,21,2002,03,10083
06.21.2002-06:00:00,06,21,2002,06,9824.9
06.21.2002-09:00:00,06,21,2002,09,10659
06.21.2002-12:00:00,06,21,2002,12,11971
06.21.2002-15:00:00,06,21,2002,15,12876
06.21.2002-18:00:00,06,21,2002,18,12746
06.21.2002-21:00:00,06,21,2002,21,12189
06.22.2002-00:00:00,06,22,2002,00,11489
06.22.2002-03:00:00,06,22,2002,03,10895
06.22.2002-06:00:00,06,22,2002,06,10762
06.22.2002-09:00:00,06,22,2002,09,11630
06.22.2002-12:00:00,06,22,2002,12,13414
06.22.2002-15:00:00,06,22,2002,15,14251
06.22.2002-18:00:00,06,22,2002,18,14591
06.22.2002-21:00:00,06,22,2002,21,13903
06.23.2002-00:00:00,06,23,2002,00,13496
06.23.2002-03:00:00,06,23,2002,03,12713
06.23.2002-06:00:00,06,23,2002,06,12458
06.23.2002-09:00:00,06,23,2002,09,13158
06.23.2002-12:00:00,06,23,2002,12,14531
06.23.2002-15:00:00,06,23,2002,15,15293
06.23.2002-18:00:00,06,23,2002,18,15243
06.23.2002-21:00:00,06,23,2002,21,14829
06.24.2002-00:00:00,06,24,2002,00,14018
06.24.2002-03:00:00,06,24,2002,03,13199
06.24.2002-06:00:00,06,24,2002,06,12578
06.24.2002-09:00:00,06,24,2002,09,13061
06.24.2002-12:00:00,06,24,2002,12,14214
06.24.2002-15:00:00,06,24,2002,15,14635
06.24.2002-18:00:00,06,24,2002,18,14195
06.24.2002-21:00:00,06,24,2002,21,13337
06.25.2002-00:00:00,06,25,2002,00,12647
06.25.2002-03:00:00,06,25,2002,03,11608
06.25.2002-06:00:00,06,25,2002,06,11124
06.25.2002-09:00:00,06,25,2002,09,11489
06.25.2002-12:00:00,06,25,2002,12,12631
06.25.2002-15:00:00,06,25,2002,15,12929
06.25.2002-18:00:00,06,25,2002,18,12849
06.25.2002-21:00:00,06,25,2002,21,12143
06.26.2002-00:00:00,06,26,2002,00,11540
06.26.2002-03:00:00,06,26,2002,03,10761
06.26.2002-06:00:00,06,26,2002,06,10373
06.26.2002-09:00:00,06,26,2002,09,10684
06.26.2002-12:00:00,06,26,2002,12,11620
06.26.2002-15:00:00,06,26,2002,15,12027
06.26.2002-18:00:00,06,26,2002,18,12197
06.26.2002-21:00:00,06,26,2002,21,11780
06.27.2002-00:00:00,06,27,2002,00,11382
06.27.2002-03:00:00,06,27,2002,03,10851
06.27.2002-06:00:00,06,27,2002,06,10267
06.27.2002-09:00:00,06,27,2002,09,10341
06.27.2002-12:00:00,06,27,2002,12,10616
06.27.2002-15:00:00,06,27,2002,15,11056
06.27.2002-18:00:00,06,27,2002,18,11439
06.27.2002-21:00:00,06,27,2002,21,11287
06.28.2002-00:00:00,06,28,2002,00,11376
06.28.2002-03:00:00,06,28,2002,03,11310
06.28.2002-06:00:00,06,28,2002,06,11163
06.28.2002-09:00:00,06,28,2002,09,11018
06.28.2002-12:00:00,06,28,2002,12,11159
06.28.2002-15:00:00,06,28,2002,15,11382
06.28.2002-18:00:00,06,28,2002,18,11870
06.28.2002-21:00:00,06,28,2002,21,11904
06.29.2002-00:00:00,06,29,2002,00,11551
06.29.2002-03:00:00,06,29,2002,03,10801
06.29.2002-06:00:00,06,29,2002,06,10166
06.29.2002-09:00:00,06,29,2002,09,9356.5
06.29.2002-12:00:00,06,29,2002,12,8890.7
06.29.2002-15:00:00,06,29,2002,15,8464.4
06.29.2002-18:00:00,06,29,2002,18,8225.9
06.29.2002-21:00:00,06,29,2002,21,8022.7
06.30.2002-00:00:00,06,30,2002,00,7866.1
06.30.2002-03:00:00,06,30,2002,03,7561.1
06.30.2002-06:00:00,06,30,2002,06,7127.4
06.30.2002-09:00:00,06,30,2002,09,6662.5
06.30.2002-12:00:00,06,30,2002,12,6372.1
06.30.2002-15:00:00,06,30,2002,15,6211.9
06.30.2002-18:00:00,06,30,2002,18,6239.7
06.30.2002-21:00:00,06,30,2002,21,6118
07.01.2002-00:00:00,07,01,2002,00,6101.3
07.01.2002-03:00:00,07,01,2002,03,5975.9
07.01.2002-06:00:00,07,01,2002,06,5775.8
07.01.2002-09:00:00,07,01,2002,09,5461.8
07.01.2002-12:00:00,07,01,2002,12,5294.3
07.01.2002-15:00:00,07,01,2002,15,5191
07.01.2002-18:00:00,07,01,2002,18,5287
07.01.2002-21:00:00,07,01,2002,21,5248.8
07.02.2002-00:00:00,07,02,2002,00,5291.8
07.02.2002-03:00:00,07,02,2002,03,5182.5
07.02.2002-06:00:00,07,02,2002,06,5005.2
07.02.2002-09:00:00,07,02,2002,09,4655.2
07.02.2002-12:00:00,07,02,2002,12,4501.4
07.02.2002-15:00:00,07,02,2002,15,4505.6
07.02.2002-18:00:00,07,02,2002,18,4571.9
07.02.2002-21:00:00,07,02,2002,21,4606.4
07.03.2002-00:00:00,07,03,2002,00,4665.5
07.03.2002-03:00:00,07,03,2002,03,4655.8
07.03.2002-06:00:00,07,03,2002,06,4398.1
07.03.2002-09:00:00,07,03,2002,09,4105.6
07.03.2002-12:00:00,07,03,2002,12,3908.4
07.03.2002-15:00:00,07,03,2002,15,3964.5
07.03.2002-18:00:00,07,03,2002,18,4024
07.03.2002-21:00:00,07,03,2002,21,4153.8
07.04.2002-00:00:00,07,04,2002,00,4122.3
07.04.2002-03:00:00,07,04,2002,03,4131
07.04.2002-06:00:00,07,04,2002,06,3839.3
07.04.2002-09:00:00,07,04,2002,09,3680
07.04.2002-12:00:00,07,04,2002,12,3479.7
07.04.2002-15:00:00,07,04,2002,15,3560.6
07.04.2002-18:00:00,07,04,2002,18,3707.9
07.04.2002-21:00:00,07,04,2002,21,3765.4
07.05.2002-00:00:00,07,05,2002,00,3803.8
07.05.2002-03:00:00,07,05,2002,03,3758.1
07.05.2002-06:00:00,07,05,2002,06,3643.5
07.05.2002-09:00:00,07,05,2002,09,3407.3
07.05.2002-12:00:00,07,05,2002,12,3291.4
07.05.2002-15:00:00,07,05,2002,15,3417.5
07.05.2002-18:00:00,07,05,2002,18,3417
07.05.2002-21:00:00,07,05,2002,21,3536.6
07.06.2002-00:00:00,07,06,2002,00,3557.9
07.06.2002-03:00:00,07,06,2002,03,3558.8
07.06.2002-06:00:00,07,06,2002,06,3337.3
07.06.2002-09:00:00,07,06,2002,09,3160.8
07.06.2002-12:00:00,07,06,2002,12,2931.4
07.06.2002-15:00:00,07,06,2002,15,3081.6
07.06.2002-18:00:00,07,06,2002,18,3128.6
07.06.2002-21:00:00,07,06,2002,21,3246.9
07.07.2002-00:00:00,07,07,2002,00,3640.3
07.07.2002-03:00:00,07,07,2002,03,3924.2
07.07.2002-06:00:00,07,07,2002,06,3764.2
07.07.2002-09:00:00,07,07,2002,09,3727.8
07.07.2002-12:00:00,07,07,2002,12,3693.7
07.07.2002-15:00:00,07,07,2002,15,3848
07.07.2002-18:00:00,07,07,2002,18,4000.5
07.07.2002-21:00:00,07,07,2002,21,4216.4
07.08.2002-00:00:00,07,08,2002,00,3785.5
07.08.2002-03:00:00,07,08,2002,03,3592.9
07.08.2002-06:00:00,07,08,2002,06,3273.3
07.08.2002-09:00:00,07,08,2002,09,2939.5
07.08.2002-12:00:00,07,08,2002,12,2756.5
07.08.2002-15:00:00,07,08,2002,15,2808.7
07.08.2002-18:00:00,07,08,2002,18,2861
07.08.2002-21:00:00,07,08,2002,21,2990.4
07.09.2002-00:00:00,07,09,2002,00,2957.4
07.09.2002-03:00:00,07,09,2002,03,2975.3
07.09.2002-06:00:00,07,09,2002,06,2797.8
07.09.2002-09:00:00,07,09,2002,09,2670.3
07.09.2002-12:00:00,07,09,2002,12,2540.2
07.09.2002-15:00:00,07,09,2002,15,2658.4
07.09.2002-18:00:00,07,09,2002,18,2707
07.09.2002-21:00:00,07,09,2002,21,2827.3
07.10.2002-00:00:00,07,10,2002,00,2839.8
07.10.2002-03:00:00,07,10,2002,03,2830.3
07.10.2002-06:00:00,07,10,2002,06,2603.2
07.10.2002-09:00:00,07,10,2002,09,2391.2
07.10.2002-12:00:00,07,10,2002,12,2262.6
07.10.2002-15:00:00,07,10,2002,15,2382.4
07.10.2002-18:00:00,07,10,2002,18,2468.8
07.10.2002-21:00:00,07,10,2002,21,2616.1
07.11.2002-00:00:00,07,11,2002,00,2602.5
07.11.2002-03:00:00,07,11,2002,03,2565
07.11.2002-06:00:00,07,11,2002,06,2290.8
07.11.2002-09:00:00,07,11,2002,09,2126
07.11.2002-12:00:00,07,11,2002,12,2013.8
07.11.2002-15:00:00,07,11,2002,15,2135.2
07.11.2002-18:00:00,07,11,2002,18,2241.5
07.11.2002-21:00:00,07,11,2002,21,2364
07.12.2002-00:00:00,07,12,2002,00,2380.3
07.12.2002-03:00:00,07,12,2002,03,2322
07.12.2002-06:00:00,07,12,2002,06,2027.7
07.12.2002-09:00:00,07,12,2002,09,1903.9
07.12.2002-12:00:00,07,12,2002,12,1877.5
07.12.2002-15:00:00,07,12,2002,15,1923.8
07.12.2002-18:00:00,07,12,2002,18,2086.7
07.12.2002-21:00:00,07,12,2002,21,2153.8
07.13.2002-00:00:00,07,13,2002,00,2231.6
07.13.2002-03:00:00,07,13,2002,03,2134.8
07.13.2002-06:00:00,07,13,2002,06,1922.3
07.13.2002-09:00:00,07,13,2002,09,1747.9
07.13.2002-12:00:00,07,13,2002,12,1748.5
07.13.2002-15:00:00,07,13,2002,15,1841.2
07.13.2002-18:00:00,07,13,2002,18,1916.4
07.13.2002-21:00:00,07,13,2002,21,2023.6
07.14.2002-00:00:00,07,14,2002,00,2098.9
07.14.2002-03:00:00,07,14,2002,03,1963.4
07.14.2002-06:00:00,07,14,2002,06,1755.5
07.14.2002-09:00:00,07,14,2002,09,1556.3
07.14.2002-12:00:00,07,14,2002,12,1544.4
07.14.2002-15:00:00,07,14,2002,15,1588.7
07.14.2002-18:00:00,07,14,2002,18,1772.6
07.14.2002-21:00:00,07,14,2002,21,1893.1
07.15.2002-00:00:00,07,15,2002,00,1927.4
07.15.2002-03:00:00,07,15,2002,03,1922.2
07.15.2002-06:00:00,07,15,2002,06,1719.1
07.15.2002-09:00:00,07,15,2002,09,1523
07.15.2002-12:00:00,07,15,2002,12,1532.6
07.15.2002-15:00:00,07,15,2002,15,1589.4
07.15.2002-18:00:00,07,15,2002,18,1729
07.15.2002-21:00:00,07,15,2002,21,1835.2
07.16.2002-00:00:00,07,16,2002,00,1911.7
07.16.2002-03:00:00,07,16,2002,03,1835.2
07.16.2002-06:00:00,07,16,2002,06,1626.1
07.16.2002-09:00:00,07,16,2002,09,1482.3
07.16.2002-12:00:00,07,16,2002,12,1418.8
07.16.2002-15:00:00,07,16,2002,15,1484.9
07.16.2002-18:00:00,07,16,2002,18,1629.2
07.16.2002-21:00:00,07,16,2002,21,1741.1
07.17.2002-00:00:00,07,17,2002,00,1774.7
07.17.2002-03:00:00,07,17,2002,03,1769.6
07.17.2002-06:00:00,07,17,2002,06,1495.6
07.17.2002-09:00:00,07,17,2002,09,1393.8
07.17.2002-12:00:00,07,17,2002,12,1315.8
07.17.2002-15:00:00,07,17,2002,15,1394.2
07.17.2002-18:00:00,07,17,2002,18,1529
07.17.2002-21:00:00,07,17,2002,21,1639.4
07.18.2002-00:00:00,07,18,2002,00,1695.4
07.18.2002-03:00:00,07,18,2002,03,1636.7
07.18.2002-06:00:00,07,18,2002,06,1451.5
07.18.2002-09:00:00,07,18,2002,09,1327.5
07.18.2002-12:00:00,07,18,2002,12,1282.8
07.18.2002-15:00:00,07,18,2002,15,1328.4
07.18.2002-18:00:00,07,18,2002,18,1453.4
07.18.2002-21:00:00,07,18,2002,21,1566.5
07.19.2002-00:00:00,07,19,2002,00,1611.9
07.19.2002-03:00:00,07,19,2002,03,1583.8
07.19.2002-06:00:00,07,19,2002,06,1403.4
07.19.2002-09:00:00,07,19,2002,09,1251.9
07.19.2002-12:00:00,07,19,2002,12,1225.1
07.19.2002-15:00:00,07,19,2002,15,1274.1
07.19.2002-18:00:00,07,19,2002,18,1385
07.19.2002-21:00:00,07,19,2002,21,1506.4
07.20.2002-00:00:00,07,20,2002,00,1546.3
07.20.2002-03:00:00,07,20,2002,03,1504.4
07.20.2002-06:00:00,07,20,2002,06,1362.3
07.20.2002-09:00:00,07,20,2002,09,1239.7
07.20.2002-12:00:00,07,20,2002,12,1180
07.20.2002-15:00:00,07,20,2002,15,1251.6
07.20.2002-18:00:00,07,20,2002,18,1360.3
07.20.2002-21:00:00,07,20,2002,21,1467
07.21.2002-00:00:00,07,21,2002,00,1498.3
07.21.2002-03:00:00,07,21,2002,03,1477.3
07.21.2002-06:00:00,07,21,2002,06,1312.8
07.21.2002-09:00:00,07,21,2002,09,1187.9
07.21.2002-12:00:00,07,21,2002,12,1138.4
07.21.2002-15:00:00,07,21,2002,15,1200.8
07.21.2002-18:00:00,07,21,2002,18,1309.9
07.21.2002-21:00:00,07,21,2002,21,1399
07.22.2002-00:00:00,07,22,2002,00,1438.7
07.22.2002-03:00:00,07,22,2002,03,1398.9
07.22.2002-06:00:00,07,22,2002,06,1245.8
07.22.2002-09:00:00,07,22,2002,09,1158.5
07.22.2002-12:00:00,07,22,2002,12,1092
07.22.2002-15:00:00,07,22,2002,15,1165.8
07.22.2002-18:00:00,07,22,2002,18,1249.9
07.22.2002-21:00:00,07,22,2002,21,1347.4
07.23.2002-00:00:00,07,23,2002,00,1373.4
07.23.2002-03:00:00,07,23,2002,03,1340.8
07.23.2002-06:00:00,07,23,2002,06,1180.6
07.23.2002-09:00:00,07,23,2002,09,1096.5
07.23.2002-12:00:00,07,23,2002,12,1060.9
07.23.2002-15:00:00,07,23,2002,15,1119.6
07.23.2002-18:00:00,07,23,2002,18,1183.5
07.23.2002-21:00:00,07,23,2002,21,1287.2
07.24.2002-00:00:00,07,24,2002,00,1309
07.24.2002-03:00:00,07,24,2002,03,1265
07.24.2002-06:00:00,07,24,2002,06,1109.7
07.24.2002-09:00:00,07,24,2002,09,1026.1
07.24.2002-12:00:00,07,24,2002,12,993.68
07.24.2002-15:00:00,07,24,2002,15,1055.5
07.24.2002-18:00:00,07,24,2002,18,1132.3
07.24.2002-21:00:00,07,24,2002,21,1221.3
07.25.2002-00:00:00,07,25,2002,00,1239.3
07.25.2002-03:00:00,07,25,2002,03,1227.1
07.25.2002-06:00:00,07,25,2002,06,1065.4
07.25.2002-09:00:00,07,25,2002,09,978.32
07.25.2002-12:00:00,07,25,2002,12,964.48
07.25.2002-15:00:00,07,25,2002,15,1018.7
07.25.2002-18:00:00,07,25,2002,18,1077.3
07.25.2002-21:00:00,07,25,2002,21,1180.1
07.26.2002-00:00:00,07,26,2002,00,1200.7
07.26.2002-03:00:00,07,26,2002,03,1172.9
07.26.2002-06:00:00,07,26,2002,06,1035.2
07.26.2002-09:00:00,07,26,2002,09,950.57
07.26.2002-12:00:00,07,26,2002,12,928.69
07.26.2002-15:00:00,07,26,2002,15,985.43
07.26.2002-18:00:00,07,26,2002,18,1047.9
07.26.2002-21:00:00,07,26,2002,21,1141.2
07.27.2002-00:00:00,07,27,2002,00,1167.9
07.27.2002-03:00:00,07,27,2002,03,1150.8
07.27.2002-06:00:00,07,27,2002,06,1044.6
07.27.2002-09:00:00,07,27,2002,09,948.48
07.27.2002-12:00:00,07,27,2002,12,934.37
07.27.2002-15:00:00,07,27,2002,15,980.95
07.27.2002-18:00:00,07,27,2002,18,1053.1
07.27.2002-21:00:00,07,27,2002,21,1132.6
07.28.2002-00:00:00,07,28,2002,00,1167.7
07.28.2002-03:00:00,07,28,2002,03,1148
07.28.2002-06:00:00,07,28,2002,06,1032.2
07.28.2002-09:00:00,07,28,2002,09,938.48
07.28.2002-12:00:00,07,28,2002,12,913.99
07.28.2002-15:00:00,07,28,2002,15,973.12
07.28.2002-18:00:00,07,28,2002,18,1018.6
07.28.2002-21:00:00,07,28,2002,21,1114.6
07.29.2002-00:00:00,07,29,2002,00,1130.5
07.29.2002-03:00:00,07,29,2002,03,1109.9
07.29.2002-06:00:00,07,29,2002,06,1036.3
07.29.2002-09:00:00,07,29,2002,09,972.49
07.29.2002-12:00:00,07,29,2002,12,955.29
07.29.2002-15:00:00,07,29,2002,15,1003.8
07.29.2002-18:00:00,07,29,2002,18,1035.4
07.29.2002-21:00:00,07,29,2002,21,1119
07.30.2002-00:00:00,07,30,2002,00,1134.9
07.30.2002-03:00:00,07,30,2002,03,1120
07.30.2002-06:00:00,07,30,2002,06,1066.8
07.30.2002-09:00:00,07,30,2002,09,996.16
07.30.2002-12:00:00,07,30,2002,12,983.62
07.30.2002-15:00:00,07,30,2002,15,1006.7
07.30.2002-18:00:00,07,30,2002,18,1043.5
07.30.2002-21:00:00,07,30,2002,21,1110.8
07.31.2002-00:00:00,07,31,2002,00,1143.1
07.31.2002-03:00:00,07,31,2002,03,1119
07.31.2002-06:00:00,07,31,2002,06,1021.3
07.31.2002-09:00:00,07,31,2002,09,927.89
07.31.2002-12:00:00,07,31,2002,12,892.72
07.31.2002-15:00:00,07,31,2002,15,943.94
07.31.2002-18:00:00,07,31,2002,18,980.67
07.31.2002-21:00:00,07,31,2002,21,1075.5
08.01.2002-00:00:00,08,01,2002,00,1087.8
08.01.2002-03:00:00,08,01,2002,03,1073.1
08.01.2002-06:00:00,08,01,2002,06,1001.9
08.01.2002-09:00:00,08,01,2002,09,894.4
08.01.2002-12:00:00,08,01,2002,12,877.67
08.01.2002-15:00:00,08,01,2002,15,924.84
08.01.2002-18:00:00,08,01,2002,18,980.86
08.01.2002-21:00:00,08,01,2002,21,1059.4
08.02.2002-00:00:00,08,02,2002,00,1064.5
08.02.2002-03:00:00,08,02,2002,03,1040.1
08.02.2002-06:00:00,08,02,2002,06,957.39
08.02.2002-09:00:00,08,02,2002,09,861.26
08.02.2002-12:00:00,08,02,2002,12,841.44
08.02.2002-15:00:00,08,02,2002,15,895
08.02.2002-18:00:00,08,02,2002,18,959.94
08.02.2002-21:00:00,08,02,2002,21,1017.3
08.03.2002-00:00:00,08,03,2002,00,1032.4
08.03.2002-03:00:00,08,03,2002,03,1019.8
08.03.2002-06:00:00,08,03,2002,06,958.46
08.03.2002-09:00:00,08,03,2002,09,876.93
08.03.2002-12:00:00,08,03,2002,12,852.04
08.03.2002-15:00:00,08,03,2002,15,901.64
08.03.2002-18:00:00,08,03,2002,18,959.44
08.03.2002-21:00:00,08,03,2002,21,1023.4
08.04.2002-00:00:00,08,04,2002,00,1061.9
08.04.2002-03:00:00,08,04,2002,03,1071.2
08.04.2002-06:00:00,08,04,2002,06,1058.3
08.04.2002-09:00:00,08,04,2002,09,965.93
08.04.2002-12:00:00,08,04,2002,12,919.39
08.04.2002-15:00:00,08,04,2002,15,961.88
08.04.2002-18:00:00,08,04,2002,18,1064
08.04.2002-21:00:00,08,04,2002,21,1116.7
08.05.2002-00:00:00,08,05,2002,00,1077.9
08.05.2002-03:00:00,08,05,2002,03,1052.5
08.05.2002-06:00:00,08,05,2002,06,988.71
08.05.2002-09:00:00,08,05,2002,09,912.31
08.05.2002-12:00:00,08,05,2002,12,877.32
08.05.2002-15:00:00,08,05,2002,15,897.19
08.05.2002-18:00:00,08,05,2002,18,959.13
08.05.2002-21:00:00,08,05,2002,21,1006.9
08.06.2002-00:00:00,08,06,2002,00,1021.7
08.06.2002-03:00:00,08,06,2002,03,1027.6
08.06.2002-06:00:00,08,06,2002,06,959.14
08.06.2002-09:00:00,08,06,2002,09,875.38
08.06.2002-12:00:00,08,06,2002,12,853.92
08.06.2002-15:00:00,08,06,2002,15,883.34
08.06.2002-18:00:00,08,06,2002,18,940.53
08.06.2002-21:00:00,08,06,2002,21,990.12
08.07.2002-00:00:00,08,07,2002,00,1004.1
08.07.2002-03:00:00,08,07,2002,03,1003.9
08.07.2002-06:00:00,08,07,2002,06,960.57
08.07.2002-09:00:00,08,07,2002,09,882.36
08.07.2002-12:00:00,08,07,2002,12,867.83
08.07.2002-15:00:00,08,07,2002,15,901.05
08.07.2002-18:00:00,08,07,2002,18,961.6
08.07.2002-21:00:00,08,07,2002,21,992.34
08.08.2002-00:00:00,08,08,2002,00,1010.6
08.08.2002-03:00:00,08,08,2002,03,987.96
08.08.2002-06:00:00,08,08,2002,06,916.62
08.08.2002-09:00:00,08,08,2002,09,839.51
08.08.2002-12:00:00,08,08,2002,12,808.43
08.08.2002-15:00:00,08,08,2002,15,843.77
08.08.2002-18:00:00,08,08,2002,18,888.79
08.08.2002-21:00:00,08,08,2002,21,933.43
08.09.2002-00:00:00,08,09,2002,00,952.65
08.09.2002-03:00:00,08,09,2002,03,921.76
08.09.2002-06:00:00,08,09,2002,06,846.3
08.09.2002-09:00:00,08,09,2002,09,759.7
08.09.2002-12:00:00,08,09,2002,12,733.97
08.09.2002-15:00:00,08,09,2002,15,783.74
08.09.2002-18:00:00,08,09,2002,18,831.55
08.09.2002-21:00:00,08,09,2002,21,872.4
08.10.2002-00:00:00,08,10,2002,00,880.22
08.10.2002-03:00:00,08,10,2002,03,844.15
08.10.2002-06:00:00,08,10,2002,06,782.69
08.10.2002-09:00:00,08,10,2002,09,709.64
08.10.2002-12:00:00,08,10,2002,12,699.42
08.10.2002-15:00:00,08,10,2002,15,725.95
08.10.2002-18:00:00,08,10,2002,18,806.84
08.10.2002-21:00:00,08,10,2002,21,828.42
08.11.2002-00:00:00,08,11,2002,00,840.34
08.11.2002-03:00:00,08,11,2002,03,819.9
08.11.2002-06:00:00,08,11,2002,06,762.13
08.11.2002-09:00:00,08,11,2002,09,691
08.11.2002-12:00:00,08,11,2002,12,682.56
08.11.2002-15:00:00,08,11,2002,15,720.21
08.11.2002-18:00:00,08,11,2002,18,785.93
08.11.2002-21:00:00,08,11,2002,21,818.72
08.12.2002-00:00:00,08,12,2002,00,828.39
08.12.2002-03:00:00,08,12,2002,03,809.7
08.12.2002-06:00:00,08,12,2002,06,749.61
08.12.2002-09:00:00,08,12,2002,09,683.44
08.12.2002-12:00:00,08,12,2002,12,666.87
08.12.2002-15:00:00,08,12,2002,15,715.2
08.12.2002-18:00:00,08,12,2002,18,768.96
08.12.2002-21:00:00,08,12,2002,21,805.36
08.13.2002-00:00:00,08,13,2002,00,809.54
08.13.2002-03:00:00,08,13,2002,03,778.81
08.13.2002-06:00:00,08,13,2002,06,720.6
08.13.2002-09:00:00,08,13,2002,09,646.17
08.13.2002-12:00:00,08,13,2002,12,637.17
08.13.2002-15:00:00,08,13,2002,15,675.64
08.13.2002-18:00:00,08,13,2002,18,747.83
08.13.2002-21:00:00,08,13,2002,21,780.36
08.14.2002-00:00:00,08,14,2002,00,784.8
08.14.2002-03:00:00,08,14,2002,03,743.19
08.14.2002-06:00:00,08,14,2002,06,668.01
08.14.2002-09:00:00,08,14,2002,09,622.96
08.14.2002-12:00:00,08,14,2002,12,622.11
08.14.2002-15:00:00,08,14,2002,15,648.54
08.14.2002-18:00:00,08,14,2002,18,724.47
08.14.2002-21:00:00,08,14,2002,21,753.15
08.15.2002-00:00:00,08,15,2002,00,760.54
08.15.2002-03:00:00,08,15,2002,03,720.34
08.15.2002-06:00:00,08,15,2002,06,645.86
08.15.2002-09:00:00,08,15,2002,09,599.95
08.15.2002-12:00:00,08,15,2002,12,594.39
08.15.2002-15:00:00,08,15,2002,15,621.75
08.15.2002-18:00:00,08,15,2002,18,695.32
08.15.2002-21:00:00,08,15,2002,21,738.56
08.16.2002-00:00:00,08,16,2002,00,745.92
08.16.2002-03:00:00,08,16,2002,03,714.8
08.16.2002-06:00:00,08,16,2002,06,649.02
08.16.2002-09:00:00,08,16,2002,09,592.05
08.16.2002-12:00:00,08,16,2002,12,587.32
08.16.2002-15:00:00,08,16,2002,15,629.31
08.16.2002-18:00:00,08,16,2002,18,689.81
08.16.2002-21:00:00,08,16,2002,21,725.92
08.17.2002-00:00:00,08,17,2002,00,733.92
08.17.2002-03:00:00,08,17,2002,03,706.95
08.17.2002-06:00:00,08,17,2002,06,646.17
08.17.2002-09:00:00,08,17,2002,09,590.95
08.17.2002-12:00:00,08,17,2002,12,590.03
08.17.2002-15:00:00,08,17,2002,15,615.88
08.17.2002-18:00:00,08,17,2002,18,687.41
08.17.2002-21:00:00,08,17,2002,21,717.58
08.18.2002-00:00:00,08,18,2002,00,726.87
08.18.2002-03:00:00,08,18,2002,03,704.24
08.18.2002-06:00:00,08,18,2002,06,644.55
08.18.2002-09:00:00,08,18,2002,09,590.46
08.18.2002-12:00:00,08,18,2002,12,573.25
08.18.2002-15:00:00,08,18,2002,15,610.19
08.18.2002-18:00:00,08,18,2002,18,673.68
08.18.2002-21:00:00,08,18,2002,21,709.35
08.19.2002-00:00:00,08,19,2002,00,717.61
08.19.2002-03:00:00,08,19,2002,03,697.86
08.19.2002-06:00:00,08,19,2002,06,638.97
08.19.2002-09:00:00,08,19,2002,09,579.88
08.19.2002-12:00:00,08,19,2002,12,573.27
08.19.2002-15:00:00,08,19,2002,15,603.72
08.19.2002-18:00:00,08,19,2002,18,665.59
08.19.2002-21:00:00,08,19,2002,21,698.24
08.20.2002-00:00:00,08,20,2002,00,708.11
08.20.2002-03:00:00,08,20,2002,03,686.82
08.20.2002-06:00:00,08,20,2002,06,627.25
08.20.2002-09:00:00,08,20,2002,09,573.33
08.20.2002-12:00:00,08,20,2002,12,561.2
08.20.2002-15:00:00,08,20,2002,15,593.19
08.20.2002-18:00:00,08,20,2002,18,652.2
08.20.2002-21:00:00,08,20,2002,21,686.94
08.21.2002-00:00:00,08,21,2002,00,697.95
08.21.2002-03:00:00,08,21,2002,03,681.67
08.21.2002-06:00:00,08,21,2002,06,634.17
08.21.2002-09:00:00,08,21,2002,09,581.8
08.21.2002-12:00:00,08,21,2002,12,579.44
08.21.2002-15:00:00,08,21,2002,15,605.88
08.21.2002-18:00:00,08,21,2002,18,657.17
08.21.2002-21:00:00,08,21,2002,21,687.52
08.22.2002-00:00:00,08,22,2002,00,698.05
08.22.2002-03:00:00,08,22,2002,03,677.94
08.22.2002-06:00:00,08,22,2002,06,635.87
08.22.2002-09:00:00,08,22,2002,09,587.85
08.22.2002-12:00:00,08,22,2002,12,569.64
08.22.2002-15:00:00,08,22,2002,15,603.94
08.22.2002-18:00:00,08,22,2002,18,646.83
08.22.2002-21:00:00,08,22,2002,21,677.65
08.23.2002-00:00:00,08,23,2002,00,688.19
08.23.2002-03:00:00,08,23,2002,03,660.11
08.23.2002-06:00:00,08,23,2002,06,606.51
08.23.2002-09:00:00,08,23,2002,09,561.92
08.23.2002-12:00:00,08,23,2002,12,542.64
08.23.2002-15:00:00,08,23,2002,15,574.54
08.23.2002-18:00:00,08,23,2002,18,623.15
08.23.2002-21:00:00,08,23,2002,21,653.88
08.24.2002-00:00:00,08,24,2002,00,666.35
08.24.2002-03:00:00,08,24,2002,03,643.85
08.24.2002-06:00:00,08,24,2002,06,585.38
08.24.2002-09:00:00,08,24,2002,09,535.86
08.24.2002-12:00:00,08,24,2002,12,524.97
08.24.2002-15:00:00,08,24,2002,15,551.32
08.24.2002-18:00:00,08,24,2002,18,604.94
08.24.2002-21:00:00,08,24,2002,21,635.96
08.25.2002-00:00:00,08,25,2002,00,696.62
08.25.2002-03:00:00,08,25,2002,03,712.3
08.25.2002-06:00:00,08,25,2002,06,662.72
08.25.2002-09:00:00,08,25,2002,09,609.14
08.25.2002-12:00:00,08,25,2002,12,591.11
08.25.2002-15:00:00,08,25,2002,15,648.53
08.25.2002-18:00:00,08,25,2002,18,723.95
08.25.2002-21:00:00,08,25,2002,21,753.55
08.26.2002-00:00:00,08,26,2002,00,731.14
08.26.2002-03:00:00,08,26,2002,03,707.75
08.26.2002-06:00:00,08,26,2002,06,662.77
08.26.2002-09:00:00,08,26,2002,09,603.48
08.26.2002-12:00:00,08,26,2002,12,577.38
08.26.2002-15:00:00,08,26,2002,15,597
08.26.2002-18:00:00,08,26,2002,18,659.61
08.26.2002-21:00:00,08,26,2002,21,689.2
08.27.2002-00:00:00,08,27,2002,00,669.46
08.27.2002-03:00:00,08,27,2002,03,647.41
08.27.2002-06:00:00,08,27,2002,06,600.62
08.27.2002-09:00:00,08,27,2002,09,549.11
08.27.2002-12:00:00,08,27,2002,12,524.97
08.27.2002-15:00:00,08,27,2002,15,554.1
08.27.2002-18:00:00,08,27,2002,18,596.66
08.27.2002-21:00:00,08,27,2002,21,619.98
08.28.2002-00:00:00,08,28,2002,00,633.7
08.28.2002-03:00:00,08,28,2002,03,616.61
08.28.2002-06:00:00,08,28,2002,06,564.32
08.28.2002-09:00:00,08,28,2002,09,515.94
08.28.2002-12:00:00,08,28,2002,12,505.05
08.28.2002-15:00:00,08,28,2002,15,527.58
08.28.2002-18:00:00,08,28,2002,18,575.42
08.28.2002-21:00:00,08,28,2002,21,606.83
08.29.2002-00:00:00,08,29,2002,00,612.87
08.29.2002-03:00:00,08,29,2002,03,596.15
08.29.2002-06:00:00,08,29,2002,06,548.31
08.29.2002-09:00:00,08,29,2002,09,502.5
08.29.2002-12:00:00,08,29,2002,12,493.95
08.29.2002-15:00:00,08,29,2002,15,516.3
08.29.2002-18:00:00,08,29,2002,18,559.22
08.29.2002-21:00:00,08,29,2002,21,592.25
08.30.2002-00:00:00,08,30,2002,00,642.29
08.30.2002-03:00:00,08,30,2002,03,664.45
08.30.2002-06:00:00,08,30,2002,06,628.93
08.30.2002-09:00:00,08,30,2002,09,567.7
08.30.2002-12:00:00,08,30,2002,12,544.33
08.30.2002-15:00:00,08,30,2002,15,586.43
08.30.2002-18:00:00,08,30,2002,18,654.79
08.30.2002-21:00:00,08,30,2002,21,693.38
08.31.2002-00:00:00,08,31,2002,00,648.67
08.31.2002-03:00:00,08,31,2002,03,620.07
08.31.2002-06:00:00,08,31,2002,06,576.52
08.31.2002-09:00:00,08,31,2002,09,530.72
08.31.2002-12:00:00,08,31,2002,12,502.39
08.31.2002-15:00:00,08,31,2002,15,524.28
08.31.2002-18:00:00,08,31,2002,18,560.73
08.31.2002-21:00:00,08,31,2002,21,588.89
09.01.2002-00:00:00,09,01,2002,00,595.79
09.01.2002-03:00:00,09,01,2002,03,595.57
09.01.2002-06:00:00,09,01,2002,06,542.47
09.01.2002-09:00:00,09,01,2002,09,488.8
09.01.2002-12:00:00,09,01,2002,12,479.35
09.01.2002-15:00:00,09,01,2002,15,505.21
09.01.2002-18:00:00,09,01,2002,18,544.65
09.01.2002-21:00:00,09,01,2002,21,576.81
09.02.2002-00:00:00,09,02,2002,00,604.38
09.02.2002-03:00:00,09,02,2002,03,613.16
09.02.2002-06:00:00,09,02,2002,06,593.84
09.02.2002-09:00:00,09,02,2002,09,553.02
09.02.2002-12:00:00,09,02,2002,12,538.47
09.02.2002-15:00:00,09,02,2002,15,564.9
09.02.2002-18:00:00,09,02,2002,18,607.17
09.02.2002-21:00:00,09,02,2002,21,640.59
09.03.2002-00:00:00,09,03,2002,00,620.27
09.03.2002-03:00:00,09,03,2002,03,612.21
09.03.2002-06:00:00,09,03,2002,06,572.49
09.03.2002-09:00:00,09,03,2002,09,510.8
09.03.2002-12:00:00,09,03,2002,12,488.94
09.03.2002-15:00:00,09,03,2002,15,515.16
09.03.2002-18:00:00,09,03,2002,18,551.71
09.03.2002-21:00:00,09,03,2002,21,575.93
09.04.2002-00:00:00,09,04,2002,00,581.41
09.04.2002-03:00:00,09,04,2002,03,587.76
09.04.2002-06:00:00,09,04,2002,06,560.84
09.04.2002-09:00:00,09,04,2002,09,506.24
09.04.2002-12:00:00,09,04,2002,12,494.46
09.04.2002-15:00:00,09,04,2002,15,519.62
09.04.2002-18:00:00,09,04,2002,18,560.82
09.04.2002-21:00:00,09,04,2002,21,576.06
09.05.2002-00:00:00,09,05,2002,00,582.03
09.05.2002-03:00:00,09,05,2002,03,589.62
09.05.2002-06:00:00,09,05,2002,06,564.57
09.05.2002-09:00:00,09,05,2002,09,515.35
09.05.2002-12:00:00,09,05,2002,12,497.71
09.05.2002-15:00:00,09,05,2002,15,523.01
09.05.2002-18:00:00,09,05,2002,18,562.38
09.05.2002-21:00:00,09,05,2002,21,573.63
09.06.2002-00:00:00,09,06,2002,00,579.39
09.06.2002-03:00:00,09,06,2002,03,586.24
09.06.2002-06:00:00,09,06,2002,06,554.22
09.06.2002-09:00:00,09,06,2002,09,499.97
09.06.2002-12:00:00,09,06,2002,12,488.34
09.06.2002-15:00:00,09,06,2002,15,511.52
09.06.2002-18:00:00,09,06,2002,18,551.18
09.06.2002-21:00:00,09,06,2002,21,565.25
09.07.2002-00:00:00,09,07,2002,00,573.07
09.07.2002-03:00:00,09,07,2002,03,575.46
09.07.2002-06:00:00,09,07,2002,06,548.86
09.07.2002-09:00:00,09,07,2002,09,497.03
09.07.2002-12:00:00,09,07,2002,12,478.65
09.07.2002-15:00:00,09,07,2002,15,503.14
09.07.2002-18:00:00,09,07,2002,18,540.19
09.07.2002-21:00:00,09,07,2002,21,558.88
09.08.2002-00:00:00,09,08,2002,00,564.25
09.08.2002-03:00:00,09,08,2002,03,568.28
09.08.2002-06:00:00,09,08,2002,06,545.22
09.08.2002-09:00:00,09,08,2002,09,492
09.08.2002-12:00:00,09,08,2002,12,477.04
09.08.2002-15:00:00,09,08,2002,15,501.68
09.08.2002-18:00:00,09,08,2002,18,536.67
09.08.2002-21:00:00,09,08,2002,21,554.25
09.09.2002-00:00:00,09,09,2002,00,559.73
09.09.2002-03:00:00,09,09,2002,03,563.75
09.09.2002-06:00:00,09,09,2002,06,543.7
09.09.2002-09:00:00,09,09,2002,09,492.07
09.09.2002-12:00:00,09,09,2002,12,481.1
09.09.2002-15:00:00,09,09,2002,15,500.91
09.09.2002-18:00:00,09,09,2002,18,531.99
09.09.2002-21:00:00,09,09,2002,21,547.86
09.10.2002-00:00:00,09,10,2002,00,553.21
09.10.2002-03:00:00,09,10,2002,03,554.45
09.10.2002-06:00:00,09,10,2002,06,516.79
09.10.2002-09:00:00,09,10,2002,09,466.71
09.10.2002-12:00:00,09,10,2002,12,456.93
09.10.2002-15:00:00,09,10,2002,15,478.75
09.10.2002-18:00:00,09,10,2002,18,512.71
09.10.2002-21:00:00,09,10,2002,21,528.22
09.11.2002-00:00:00,09,11,2002,00,536.86
09.11.2002-03:00:00,09,11,2002,03,540.91
09.11.2002-06:00:00,09,11,2002,06,502.08
09.11.2002-09:00:00,09,11,2002,09,449.74
09.11.2002-12:00:00,09,11,2002,12,440.47
09.11.2002-15:00:00,09,11,2002,15,461.65
09.11.2002-18:00:00,09,11,2002,18,496.87
09.11.2002-21:00:00,09,11,2002,21,515.24
09.12.2002-00:00:00,09,12,2002,00,520.78
09.12.2002-03:00:00,09,12,2002,03,523.72
09.12.2002-06:00:00,09,12,2002,06,484.57
09.12.2002-09:00:00,09,12,2002,09,436.23
09.12.2002-12:00:00,09,12,2002,12,428.46
09.12.2002-15:00:00,09,12,2002,15,447.93
09.12.2002-18:00:00,09,12,2002,18,483.75
09.12.2002-21:00:00,09,12,2002,21,500.28
09.13.2002-00:00:00,09,13,2002,00,509.26
09.13.2002-03:00:00,09,13,2002,03,511.11
09.13.2002-06:00:00,09,13,2002,06,471.01
09.13.2002-09:00:00,09,13,2002,09,425.98
09.13.2002-12:00:00,09,13,2002,12,417.98
09.13.2002-15:00:00,09,13,2002,15,434.62
09.13.2002-18:00:00,09,13,2002,18,472.93
09.13.2002-21:00:00,09,13,2002,21,487.77
09.14.2002-00:00:00,09,14,2002,00,498.49
09.14.2002-03:00:00,09,14,2002,03,503.6
09.14.2002-06:00:00,09,14,2002,06,466.44
09.14.2002-09:00:00,09,14,2002,09,421.87
09.14.2002-12:00:00,09,14,2002,12,413.59
09.14.2002-15:00:00,09,14,2002,15,431.51
09.14.2002-18:00:00,09,14,2002,18,467.68
09.14.2002-21:00:00,09,14,2002,21,481.5
09.15.2002-00:00:00,09,15,2002,00,491.52
09.15.2002-03:00:00,09,15,2002,03,495.22
09.15.2002-06:00:00,09,15,2002,06,457.88
09.15.2002-09:00:00,09,15,2002,09,418.48
09.15.2002-12:00:00,09,15,2002,12,410.43
09.15.2002-15:00:00,09,15,2002,15,427.29
09.15.2002-18:00:00,09,15,2002,18,460.84
09.15.2002-21:00:00,09,15,2002,21,474.98
09.16.2002-00:00:00,09,16,2002,00,483.81
09.16.2002-03:00:00,09,16,2002,03,488.69
09.16.2002-06:00:00,09,16,2002,06,453.36
09.16.2002-09:00:00,09,16,2002,09,416.1
09.16.2002-12:00:00,09,16,2002,12,408.24
09.16.2002-15:00:00,09,16,2002,15,424.99
09.16.2002-18:00:00,09,16,2002,18,456.86
09.16.2002-21:00:00,09,16,2002,21,470.98
09.17.2002-00:00:00,09,17,2002,00,480.08
09.17.2002-03:00:00,09,17,2002,03,483.93
09.17.2002-06:00:00,09,17,2002,06,455.88
09.17.2002-09:00:00,09,17,2002,09,420.64
09.17.2002-12:00:00,09,17,2002,12,413.48
09.17.2002-15:00:00,09,17,2002,15,431.39
09.17.2002-18:00:00,09,17,2002,18,459.99
09.17.2002-21:00:00,09,17,2002,21,476.14
09.18.2002-00:00:00,09,18,2002,00,480.62
09.18.2002-03:00:00,09,18,2002,03,482.12
09.18.2002-06:00:00,09,18,2002,06,463.52
09.18.2002-09:00:00,09,18,2002,09,419.85
09.18.2002-12:00:00,09,18,2002,12,410.39
09.18.2002-15:00:00,09,18,2002,15,431.01
09.18.2002-18:00:00,09,18,2002,18,460.15
09.18.2002-21:00:00,09,18,2002,21,475.1
09.19.2002-00:00:00,09,19,2002,00,477.85
09.19.2002-03:00:00,09,19,2002,03,478.97
09.19.2002-06:00:00,09,19,2002,06,460.35
09.19.2002-09:00:00,09,19,2002,09,413.27
09.19.2002-12:00:00,09,19,2002,12,402.56
09.19.2002-15:00:00,09,19,2002,15,423.58
09.19.2002-18:00:00,09,19,2002,18,453.86
09.19.2002-21:00:00,09,19,2002,21,466.49
09.20.2002-00:00:00,09,20,2002,00,472.24
09.20.2002-03:00:00,09,20,2002,03,473.79
09.20.2002-06:00:00,09,20,2002,06,449.86
09.20.2002-09:00:00,09,20,2002,09,406.16
09.20.2002-12:00:00,09,20,2002,12,396.24
09.20.2002-15:00:00,09,20,2002,15,416.2
09.20.2002-18:00:00,09,20,2002,18,446.41
09.20.2002-21:00:00,09,20,2002,21,458.38
09.21.2002-00:00:00,09,21,2002,00,467.74
09.21.2002-03:00:00,09,21,2002,03,470.11
09.21.2002-06:00:00,09,21,2002,06,461.07
09.21.2002-09:00:00,09,21,2002,09,412.02
09.21.2002-12:00:00,09,21,2002,12,399.07
09.21.2002-15:00:00,09,21,2002,15,420.18
09.21.2002-18:00:00,09,21,2002,18,448.47
09.21.2002-21:00:00,09,21,2002,21,461.24
09.22.2002-00:00:00,09,22,2002,00,465.2
09.22.2002-03:00:00,09,22,2002,03,466.5
09.22.2002-06:00:00,09,22,2002,06,456.52
09.22.2002-09:00:00,09,22,2002,09,415.77
09.22.2002-12:00:00,09,22,2002,12,405.48
09.22.2002-15:00:00,09,22,2002,15,424.93
09.22.2002-18:00:00,09,22,2002,18,450.06
09.22.2002-21:00:00,09,22,2002,21,460.21
09.23.2002-00:00:00,09,23,2002,00,461.65
09.23.2002-03:00:00,09,23,2002,03,462.16
09.23.2002-06:00:00,09,23,2002,06,441.86
09.23.2002-09:00:00,09,23,2002,09,401.74
09.23.2002-12:00:00,09,23,2002,12,392.56
09.23.2002-15:00:00,09,23,2002,15,410.66
09.23.2002-18:00:00,09,23,2002,18,437.72
09.23.2002-21:00:00,09,23,2002,21,447.6
09.24.2002-00:00:00,09,24,2002,00,454.95
09.24.2002-03:00:00,09,24,2002,03,456.61
09.24.2002-06:00:00,09,24,2002,06,429.67
09.24.2002-09:00:00,09,24,2002,09,387.43
09.24.2002-12:00:00,09,24,2002,12,379.59
09.24.2002-15:00:00,09,24,2002,15,395.3
09.24.2002-18:00:00,09,24,2002,18,424.29
09.24.2002-21:00:00,09,24,2002,21,435.75
09.25.2002-00:00:00,09,25,2002,00,441.16
09.25.2002-03:00:00,09,25,2002,03,446.24
09.25.2002-06:00:00,09,25,2002,06,425.76
09.25.2002-09:00:00,09,25,2002,09,388.97
09.25.2002-12:00:00,09,25,2002,12,380.52
09.25.2002-15:00:00,09,25,2002,15,396.74
09.25.2002-18:00:00,09,25,2002,18,424.23
09.25.2002-21:00:00,09,25,2002,21,434.46
09.26.2002-00:00:00,09,26,2002,00,439.23
09.26.2002-03:00:00,09,26,2002,03,445.61
09.26.2002-06:00:00,09,26,2002,06,426.88
09.26.2002-09:00:00,09,26,2002,09,389.38
09.26.2002-12:00:00,09,26,2002,12,380.39
09.26.2002-15:00:00,09,26,2002,15,397.3
09.26.2002-18:00:00,09,26,2002,18,423.54
09.26.2002-21:00:00,09,26,2002,21,431.88
09.27.2002-00:00:00,09,27,2002,00,438.47
09.27.2002-03:00:00,09,27,2002,03,441.76
09.27.2002-06:00:00,09,27,2002,06,427.4
09.27.2002-09:00:00,09,27,2002,09,396.23
09.27.2002-12:00:00,09,27,2002,12,388.46
09.27.2002-15:00:00,09,27,2002,15,403.65
09.27.2002-18:00:00,09,27,2002,18,426.68
09.27.2002-21:00:00,09,27,2002,21,436.04
09.28.2002-00:00:00,09,28,2002,00,438.4
09.28.2002-03:00:00,09,28,2002,03,439.14
09.28.2002-06:00:00,09,28,2002,06,425.07
09.28.2002-09:00:00,09,28,2002,09,389.74
09.28.2002-12:00:00,09,28,2002,12,380.84
09.28.2002-15:00:00,09,28,2002,15,396.51
09.28.2002-18:00:00,09,28,2002,18,420.87
09.28.2002-21:00:00,09,28,2002,21,428.62
09.29.2002-00:00:00,09,29,2002,00,433.91
09.29.2002-03:00:00,09,29,2002,03,435.04
09.29.2002-06:00:00,09,29,2002,06,415.76
09.29.2002-09:00:00,09,29,2002,09,377.34
09.29.2002-12:00:00,09,29,2002,12,368.24
09.29.2002-15:00:00,09,29,2002,15,384.21
09.29.2002-18:00:00,09,29,2002,18,409.69
09.29.2002-21:00:00,09,29,2002,21,419.12
09.30.2002-00:00:00,09,30,2002,00,423.71
09.30.2002-03:00:00,09,30,2002,03,429.09
09.30.2002-06:00:00,09,30,2002,06,429.27
09.30.2002-09:00:00,09,30,2002,09,394.18
09.30.2002-12:00:00,09,30,2002,12,384.78
09.30.2002-15:00:00,09,30,2002,15,400.94
09.30.2002-18:00:00,09,30,2002,18,421.72
09.30.2002-21:00:00,09,30,2002,21,428
