TIMESTAMP,MONTH,DAY,YEAR,HOUR,C
10.01.2001-00:00:00,10,01,2001,00,1048.6
10.01.2001-03:00:00,10,01,2001,03,1055.4
10.01.2001-06:00:00,10,01,2001,06,1037.6
10.01.2001-09:00:00,10,01,2001,09,951.09
10.01.2001-12:00:00,10,01,2001,12,914.06
10.01.2001-15:00:00,10,01,2001,15,943.51
10.01.2001-18:00:00,10,01,2001,18,1003.7
10.01.2001-21:00:00,10,01,2001,21,1025.1
10.02.2001-00:00:00,10,02,2001,00,1034.8
10.02.2001-03:00:00,10,02,2001,03,1038.7
10.02.2001-06:00:00,10,02,2001,06,1017.3
10.02.2001-09:00:00,10,02,2001,09,939.79
10.02.2001-12:00:00,10,02,2001,12,904.7
10.02.2001-15:00:00,10,02,2001,15,933.26
10.02.2001-18:00:00,10,02,2001,18,992.36
10.02.2001-21:00:00,10,02,2001,21,1013.9
10.03.2001-00:00:00,10,03,2001,00,1023.5
10.03.2001-03:00:00,10,03,2001,03,1027.6
10.03.2001-06:00:00,10,03,2001,06,1020.7
10.03.2001-09:00:00,10,03,2001,09,934.22
10.03.2001-12:00:00,10,03,2001,12,897.5
10.03.2001-15:00:00,10,03,2001,15,926.69
10.03.2001-18:00:00,10,03,2001,18,984.26
10.03.2001-21:00:00,10,03,2001,21,1004.4
10.04.2001-00:00:00,10,04,2001,00,1013.1
10.04.2001-03:00:00,10,04,2001,03,1016.8
10.04.2001-06:00:00,10,04,2001,06,1015.8
10.04.2001-09:00:00,10,04,2001,09,930.18
10.04.2001-12:00:00,10,04,2001,12,893.59
10.04.2001-15:00:00,10,04,2001,15,925.31
10.04.2001-18:00:00,10,04,2001,18,981.02
10.04.2001-21:00:00,10,04,2001,21,998.55
10.05.2001-00:00:00,10,05,2001,00,1005.6
10.05.2001-03:00:00,10,05,2001,03,1007.9
10.05.2001-06:00:00,10,05,2001,06,1011.3
10.05.2001-09:00:00,10,05,2001,09,927.55
10.05.2001-12:00:00,10,05,2001,12,891.39
10.05.2001-15:00:00,10,05,2001,15,930.43
10.05.2001-18:00:00,10,05,2001,18,979.42
10.05.2001-21:00:00,10,05,2001,21,993.29
10.06.2001-00:00:00,10,06,2001,00,997.64
10.06.2001-03:00:00,10,06,2001,03,1001.3
10.06.2001-06:00:00,10,06,2001,06,1003.7
10.06.2001-09:00:00,10,06,2001,09,927.59
10.06.2001-12:00:00,10,06,2001,12,895.1
10.06.2001-15:00:00,10,06,2001,15,935.1
10.06.2001-18:00:00,10,06,2001,18,975.48
10.06.2001-21:00:00,10,06,2001,21,986.63
10.07.2001-00:00:00,10,07,2001,00,991.32
10.07.2001-03:00:00,10,07,2001,03,994.09
10.07.2001-06:00:00,10,07,2001,06,996.28
10.07.2001-09:00:00,10,07,2001,09,934.51
10.07.2001-12:00:00,10,07,2001,12,909.49
10.07.2001-15:00:00,10,07,2001,15,941.91
10.07.2001-18:00:00,10,07,2001,18,972.75
10.07.2001-21:00:00,10,07,2001,21,983.15
10.08.2001-00:00:00,10,08,2001,00,988.9
10.08.2001-03:00:00,10,08,2001,03,990.52
10.08.2001-06:00:00,10,08,2001,06,990.24
10.08.2001-09:00:00,10,08,2001,09,1008.4
10.08.2001-12:00:00,10,08,2001,12,927.95
10.08.2001-15:00:00,10,08,2001,15,946.6
10.08.2001-18:00:00,10,08,2001,18,975.97
10.08.2001-21:00:00,10,08,2001,21,984.5
10.09.2001-00:00:00,10,09,2001,00,985.49
10.09.2001-03:00:00,10,09,2001,03,984.86
10.09.2001-06:00:00,10,09,2001,06,976.53
10.09.2001-09:00:00,10,09,2001,09,947.49
10.09.2001-12:00:00,10,09,2001,12,897.86
10.09.2001-15:00:00,10,09,2001,15,921.51
10.09.2001-18:00:00,10,09,2001,18,956.75
10.09.2001-21:00:00,10,09,2001,21,965.9
10.10.2001-00:00:00,10,10,2001,00,970.77
10.10.2001-03:00:00,10,10,2001,03,973.12
10.10.2001-06:00:00,10,10,2001,06,973.37
10.10.2001-09:00:00,10,10,2001,09,1203.2
10.10.2001-12:00:00,10,10,2001,12,1346.5
10.10.2001-15:00:00,10,10,2001,15,1086.4
10.10.2001-18:00:00,10,10,2001,18,1000.7
10.10.2001-21:00:00,10,10,2001,21,984.76
10.11.2001-00:00:00,10,11,2001,00,981.91
10.11.2001-03:00:00,10,11,2001,03,980.85
10.11.2001-06:00:00,10,11,2001,06,980.08
10.11.2001-09:00:00,10,11,2001,09,1068.7
10.11.2001-12:00:00,10,11,2001,12,1326.7
10.11.2001-15:00:00,10,11,2001,15,1169.4
10.11.2001-18:00:00,10,11,2001,18,1026.9
10.11.2001-21:00:00,10,11,2001,21,994.71
10.12.2001-00:00:00,10,12,2001,00,988.67
10.12.2001-03:00:00,10,12,2001,03,986.32
10.12.2001-06:00:00,10,12,2001,06,984.17
10.12.2001-09:00:00,10,12,2001,09,1071.4
10.12.2001-12:00:00,10,12,2001,12,1302.4
10.12.2001-15:00:00,10,12,2001,15,1198.8
10.12.2001-18:00:00,10,12,2001,18,1084.8
10.12.2001-21:00:00,10,12,2001,21,1039.3
10.13.2001-00:00:00,10,13,2001,00,1032.8
10.13.2001-03:00:00,10,13,2001,03,1033.7
10.13.2001-06:00:00,10,13,2001,06,1065.2
10.13.2001-09:00:00,10,13,2001,09,1214.4
10.13.2001-12:00:00,10,13,2001,12,1173.1
10.13.2001-15:00:00,10,13,2001,15,1065.4
10.13.2001-18:00:00,10,13,2001,18,1028.6
10.13.2001-21:00:00,10,13,2001,21,1005.2
10.14.2001-00:00:00,10,14,2001,00,997.32
10.14.2001-03:00:00,10,14,2001,03,993.99
10.14.2001-06:00:00,10,14,2001,06,992.26
10.14.2001-09:00:00,10,14,2001,09,991.33
10.14.2001-12:00:00,10,14,2001,12,937.38
10.14.2001-15:00:00,10,14,2001,15,942.05
10.14.2001-18:00:00,10,14,2001,18,969.57
10.14.2001-21:00:00,10,14,2001,21,972.96
10.15.2001-00:00:00,10,15,2001,00,977.82
10.15.2001-03:00:00,10,15,2001,03,979.56
10.15.2001-06:00:00,10,15,2001,06,979.35
10.15.2001-09:00:00,10,15,2001,09,959.43
10.15.2001-12:00:00,10,15,2001,12,900.99
10.15.2001-15:00:00,10,15,2001,15,925.09
10.15.2001-18:00:00,10,15,2001,18,954.4
10.15.2001-21:00:00,10,15,2001,21,959.85
10.16.2001-00:00:00,10,16,2001,00,964.23
10.16.2001-03:00:00,10,16,2001,03,968.14
10.16.2001-06:00:00,10,16,2001,06,969.02
10.16.2001-09:00:00,10,16,2001,09,906.45
10.16.2001-12:00:00,10,16,2001,12,875.93
10.16.2001-15:00:00,10,16,2001,15,909.12
10.16.2001-18:00:00,10,16,2001,18,942.26
10.16.2001-21:00:00,10,16,2001,21,947.19
10.17.2001-00:00:00,10,17,2001,00,949.82
10.17.2001-03:00:00,10,17,2001,03,953.89
10.17.2001-06:00:00,10,17,2001,06,955.87
10.17.2001-09:00:00,10,17,2001,09,922.36
10.17.2001-12:00:00,10,17,2001,12,907.56
10.17.2001-15:00:00,10,17,2001,15,924.45
10.17.2001-18:00:00,10,17,2001,18,943.85
10.17.2001-21:00:00,10,17,2001,21,947.89
10.18.2001-00:00:00,10,18,2001,00,950.1
10.18.2001-03:00:00,10,18,2001,03,950.24
10.18.2001-06:00:00,10,18,2001,06,946.42
10.18.2001-09:00:00,10,18,2001,09,887.21
10.18.2001-12:00:00,10,18,2001,12,861.57
10.18.2001-15:00:00,10,18,2001,15,891.18
10.18.2001-18:00:00,10,18,2001,18,920.1
10.18.2001-21:00:00,10,18,2001,21,927.02
10.19.2001-00:00:00,10,19,2001,00,930.23
10.19.2001-03:00:00,10,19,2001,03,933.93
10.19.2001-06:00:00,10,19,2001,06,934.51
10.19.2001-09:00:00,10,19,2001,09,929.46
10.19.2001-12:00:00,10,19,2001,12,867.93
10.19.2001-15:00:00,10,19,2001,15,882.81
10.19.2001-18:00:00,10,19,2001,18,914.61
10.19.2001-21:00:00,10,19,2001,21,921.19
10.20.2001-00:00:00,10,20,2001,00,921.58
10.20.2001-03:00:00,10,20,2001,03,923.67
10.20.2001-06:00:00,10,20,2001,06,927.66
10.20.2001-09:00:00,10,20,2001,09,901.88
10.20.2001-12:00:00,10,20,2001,12,853.16
10.20.2001-15:00:00,10,20,2001,15,877.63
10.20.2001-18:00:00,10,20,2001,18,905.07
10.20.2001-21:00:00,10,20,2001,21,910.6
10.21.2001-00:00:00,10,21,2001,00,913.44
10.21.2001-03:00:00,10,21,2001,03,916.37
10.21.2001-06:00:00,10,21,2001,06,918.61
10.21.2001-09:00:00,10,21,2001,09,1070
10.21.2001-12:00:00,10,21,2001,12,944.11
10.21.2001-15:00:00,10,21,2001,15,927.01
10.21.2001-18:00:00,10,21,2001,18,922.72
10.21.2001-21:00:00,10,21,2001,21,919.08
10.22.2001-00:00:00,10,22,2001,00,930.44
10.22.2001-03:00:00,10,22,2001,03,919.54
10.22.2001-06:00:00,10,22,2001,06,916.88
10.22.2001-09:00:00,10,22,2001,09,993.22
10.22.2001-12:00:00,10,22,2001,12,1066.7
10.22.2001-15:00:00,10,22,2001,15,961.11
10.22.2001-18:00:00,10,22,2001,18,928.33
10.22.2001-21:00:00,10,22,2001,21,925.14
10.23.2001-00:00:00,10,23,2001,00,920.42
10.23.2001-03:00:00,10,23,2001,03,918.34
10.23.2001-06:00:00,10,23,2001,06,920.16
10.23.2001-09:00:00,10,23,2001,09,976.39
10.23.2001-12:00:00,10,23,2001,12,1250.8
10.23.2001-15:00:00,10,23,2001,15,1101.4
10.23.2001-18:00:00,10,23,2001,18,967.96
10.23.2001-21:00:00,10,23,2001,21,926.89
10.24.2001-00:00:00,10,24,2001,00,920.69
10.24.2001-03:00:00,10,24,2001,03,919.93
10.24.2001-06:00:00,10,24,2001,06,919.25
10.24.2001-09:00:00,10,24,2001,09,904.82
10.24.2001-12:00:00,10,24,2001,12,892.92
10.24.2001-15:00:00,10,24,2001,15,913.24
10.24.2001-18:00:00,10,24,2001,18,912.76
10.24.2001-21:00:00,10,24,2001,21,912.94
10.25.2001-00:00:00,10,25,2001,00,912.38
10.25.2001-03:00:00,10,25,2001,03,911.94
10.25.2001-06:00:00,10,25,2001,06,911.13
10.25.2001-09:00:00,10,25,2001,09,909.04
10.25.2001-12:00:00,10,25,2001,12,931.33
10.25.2001-15:00:00,10,25,2001,15,950.05
10.25.2001-18:00:00,10,25,2001,18,938.87
10.25.2001-21:00:00,10,25,2001,21,936.07
10.26.2001-00:00:00,10,26,2001,00,915.85
10.26.2001-03:00:00,10,26,2001,03,914.58
10.26.2001-06:00:00,10,26,2001,06,913.76
10.26.2001-09:00:00,10,26,2001,09,917.44
10.26.2001-12:00:00,10,26,2001,12,927.97
10.26.2001-15:00:00,10,26,2001,15,924.75
10.26.2001-18:00:00,10,26,2001,18,918.23
10.26.2001-21:00:00,10,26,2001,21,913.46
10.27.2001-00:00:00,10,27,2001,00,902.5
10.27.2001-03:00:00,10,27,2001,03,901.47
10.27.2001-06:00:00,10,27,2001,06,900.56
10.27.2001-09:00:00,10,27,2001,09,881.15
10.27.2001-12:00:00,10,27,2001,12,867.58
10.27.2001-15:00:00,10,27,2001,15,897.19
10.27.2001-18:00:00,10,27,2001,18,895.77
10.27.2001-21:00:00,10,27,2001,21,893.24
10.28.2001-00:00:00,10,28,2001,00,893.16
10.28.2001-03:00:00,10,28,2001,03,892.78
10.28.2001-06:00:00,10,28,2001,06,892.11
10.28.2001-09:00:00,10,28,2001,09,881.17
10.28.2001-12:00:00,10,28,2001,12,867
10.28.2001-15:00:00,10,28,2001,15,885.61
10.28.2001-18:00:00,10,28,2001,18,886.67
10.28.2001-21:00:00,10,28,2001,21,886.58
10.29.2001-00:00:00,10,29,2001,00,886.09
10.29.2001-03:00:00,10,29,2001,03,885.23
10.29.2001-06:00:00,10,29,2001,06,884.38
10.29.2001-09:00:00,10,29,2001,09,880.15
10.29.2001-12:00:00,10,29,2001,12,872.83
10.29.2001-15:00:00,10,29,2001,15,881.46
10.29.2001-18:00:00,10,29,2001,18,880.45
10.29.2001-21:00:00,10,29,2001,21,879.77
10.30.2001-00:00:00,10,30,2001,00,878.51
10.30.2001-03:00:00,10,30,2001,03,878.08
10.30.2001-06:00:00,10,30,2001,06,876.92
10.30.2001-09:00:00,10,30,2001,09,876.3
10.30.2001-12:00:00,10,30,2001,12,876.56
10.30.2001-15:00:00,10,30,2001,15,874.83
10.30.2001-18:00:00,10,30,2001,18,873.82
10.30.2001-21:00:00,10,30,2001,21,872.57
10.31.2001-00:00:00,10,31,2001,00,886.73
10.31.2001-03:00:00,10,31,2001,03,893.54
10.31.2001-06:00:00,10,31,2001,06,896.98
10.31.2001-09:00:00,10,31,2001,09,954.26
10.31.2001-12:00:00,10,31,2001,12,1131.2
10.31.2001-15:00:00,10,31,2001,15,1109.7
10.31.2001-18:00:00,10,31,2001,18,984.28
10.31.2001-21:00:00,10,31,2001,21,928.04
11.01.2001-00:00:00,11,01,2001,00,885.52
11.01.2001-03:00:00,11,01,2001,03,881.28
11.01.2001-06:00:00,11,01,2001,06,880.5
11.01.2001-09:00:00,11,01,2001,09,870.75
11.01.2001-12:00:00,11,01,2001,12,859.18
11.01.2001-15:00:00,11,01,2001,15,871.61
11.01.2001-18:00:00,11,01,2001,18,874.8
11.01.2001-21:00:00,11,01,2001,21,874.8
11.02.2001-00:00:00,11,02,2001,00,873.96
11.02.2001-03:00:00,11,02,2001,03,873.07
11.02.2001-06:00:00,11,02,2001,06,872.12
11.02.2001-09:00:00,11,02,2001,09,854.8
11.02.2001-12:00:00,11,02,2001,12,839.69
11.02.2001-15:00:00,11,02,2001,15,860.11
11.02.2001-18:00:00,11,02,2001,18,864.48
11.02.2001-21:00:00,11,02,2001,21,865.27
11.03.2001-00:00:00,11,03,2001,00,864.78
11.03.2001-03:00:00,11,03,2001,03,863.95
11.03.2001-06:00:00,11,03,2001,06,863.22
11.03.2001-09:00:00,11,03,2001,09,848.41
11.03.2001-12:00:00,11,03,2001,12,834.31
11.03.2001-15:00:00,11,03,2001,15,853.85
11.03.2001-18:00:00,11,03,2001,18,857.29
11.03.2001-21:00:00,11,03,2001,21,857.2
11.04.2001-00:00:00,11,04,2001,00,856.58
11.04.2001-03:00:00,11,04,2001,03,855.86
11.04.2001-06:00:00,11,04,2001,06,855.21
11.04.2001-09:00:00,11,04,2001,09,838.04
11.04.2001-12:00:00,11,04,2001,12,824.54
11.04.2001-15:00:00,11,04,2001,15,851.11
11.04.2001-18:00:00,11,04,2001,18,851.1
11.04.2001-21:00:00,11,04,2001,21,849.71
11.05.2001-00:00:00,11,05,2001,00,848.55
11.05.2001-03:00:00,11,05,2001,03,847.86
11.05.2001-06:00:00,11,05,2001,06,847.08
11.05.2001-09:00:00,11,05,2001,09,833.85
11.05.2001-12:00:00,11,05,2001,12,821.59
11.05.2001-15:00:00,11,05,2001,15,839.23
11.05.2001-18:00:00,11,05,2001,18,841.55
11.05.2001-21:00:00,11,05,2001,21,841.47
11.06.2001-00:00:00,11,06,2001,00,840.93
11.06.2001-03:00:00,11,06,2001,03,840.17
11.06.2001-06:00:00,11,06,2001,06,839.38
11.06.2001-09:00:00,11,06,2001,09,834.52
11.06.2001-12:00:00,11,06,2001,12,819.81
11.06.2001-15:00:00,11,06,2001,15,833.19
11.06.2001-18:00:00,11,06,2001,18,835.28
11.06.2001-21:00:00,11,06,2001,21,835.04
11.07.2001-00:00:00,11,07,2001,00,834.35
11.07.2001-03:00:00,11,07,2001,03,833.57
11.07.2001-06:00:00,11,07,2001,06,832.74
11.07.2001-09:00:00,11,07,2001,09,831.92
11.07.2001-12:00:00,11,07,2001,12,825.67
11.07.2001-15:00:00,11,07,2001,15,829.9
11.07.2001-18:00:00,11,07,2001,18,829.29
11.07.2001-21:00:00,11,07,2001,21,828.48
11.08.2001-00:00:00,11,08,2001,00,827.67
11.08.2001-03:00:00,11,08,2001,03,826.82
11.08.2001-06:00:00,11,08,2001,06,825.99
11.08.2001-09:00:00,11,08,2001,09,820.94
11.08.2001-12:00:00,11,08,2001,12,808.56
11.08.2001-15:00:00,11,08,2001,15,821.17
11.08.2001-18:00:00,11,08,2001,18,821.61
11.08.2001-21:00:00,11,08,2001,21,821.19
11.09.2001-00:00:00,11,09,2001,00,820.54
11.09.2001-03:00:00,11,09,2001,03,819.73
11.09.2001-06:00:00,11,09,2001,06,818.92
11.09.2001-09:00:00,11,09,2001,09,813.77
11.09.2001-12:00:00,11,09,2001,12,798.07
11.09.2001-15:00:00,11,09,2001,15,814.22
11.09.2001-18:00:00,11,09,2001,18,814.3
11.09.2001-21:00:00,11,09,2001,21,813.95
11.10.2001-00:00:00,11,10,2001,00,813.21
11.10.2001-03:00:00,11,10,2001,03,812.45
11.10.2001-06:00:00,11,10,2001,06,811.73
11.10.2001-09:00:00,11,10,2001,09,808.64
11.10.2001-12:00:00,11,10,2001,12,794.31
11.10.2001-15:00:00,11,10,2001,15,807.72
11.10.2001-18:00:00,11,10,2001,18,807.49
11.10.2001-21:00:00,11,10,2001,21,807.07
11.11.2001-00:00:00,11,11,2001,00,806.3
11.11.2001-03:00:00,11,11,2001,03,805.52
11.11.2001-06:00:00,11,11,2001,06,804.77
11.11.2001-09:00:00,11,11,2001,09,799.31
11.11.2001-12:00:00,11,11,2001,12,785.46
11.11.2001-15:00:00,11,11,2001,15,799.86
11.11.2001-18:00:00,11,11,2001,18,800.28
11.11.2001-21:00:00,11,11,2001,21,799.78
11.12.2001-00:00:00,11,12,2001,00,799.15
11.12.2001-03:00:00,11,12,2001,03,798.43
11.12.2001-06:00:00,11,12,2001,06,797.58
11.12.2001-09:00:00,11,12,2001,09,795.83
11.12.2001-12:00:00,11,12,2001,12,793.09
11.12.2001-15:00:00,11,12,2001,15,794.5
11.12.2001-18:00:00,11,12,2001,18,794.22
11.12.2001-21:00:00,11,12,2001,21,793.43
11.13.2001-00:00:00,11,13,2001,00,792.63
11.13.2001-03:00:00,11,13,2001,03,791.77
11.13.2001-06:00:00,11,13,2001,06,790.93
11.13.2001-09:00:00,11,13,2001,09,789.71
11.13.2001-12:00:00,11,13,2001,12,799.46
11.13.2001-15:00:00,11,13,2001,15,808.84
11.13.2001-18:00:00,11,13,2001,18,810.42
11.13.2001-21:00:00,11,13,2001,21,808.72
11.14.2001-00:00:00,11,14,2001,00,930.88
11.14.2001-03:00:00,11,14,2001,03,961.54
11.14.2001-06:00:00,11,14,2001,06,1001.2
11.14.2001-09:00:00,11,14,2001,09,1235.9
11.14.2001-12:00:00,11,14,2001,12,1588.2
11.14.2001-15:00:00,11,14,2001,15,1751.5
11.14.2001-18:00:00,11,14,2001,18,1789.7
11.14.2001-21:00:00,11,14,2001,21,1859.1
11.15.2001-00:00:00,11,15,2001,00,1142.1
11.15.2001-03:00:00,11,15,2001,03,998.53
11.15.2001-06:00:00,11,15,2001,06,990.5
11.15.2001-09:00:00,11,15,2001,09,1007.2
11.15.2001-12:00:00,11,15,2001,12,1090
11.15.2001-15:00:00,11,15,2001,15,1069.3
11.15.2001-18:00:00,11,15,2001,18,1026.6
11.15.2001-21:00:00,11,15,2001,21,1006.1
11.16.2001-00:00:00,11,16,2001,00,975.15
11.16.2001-03:00:00,11,16,2001,03,974.35
11.16.2001-06:00:00,11,16,2001,06,975.64
11.16.2001-09:00:00,11,16,2001,09,968.69
11.16.2001-12:00:00,11,16,2001,12,960.44
11.16.2001-15:00:00,11,16,2001,15,970.41
11.16.2001-18:00:00,11,16,2001,18,972.99
11.16.2001-21:00:00,11,16,2001,21,973.2
11.17.2001-00:00:00,11,17,2001,00,972.64
11.17.2001-03:00:00,11,17,2001,03,972.01
11.17.2001-06:00:00,11,17,2001,06,971.41
11.17.2001-09:00:00,11,17,2001,09,959.11
11.17.2001-12:00:00,11,17,2001,12,943.7
11.17.2001-15:00:00,11,17,2001,15,968.69
11.17.2001-18:00:00,11,17,2001,18,971.85
11.17.2001-21:00:00,11,17,2001,21,972.01
11.18.2001-00:00:00,11,18,2001,00,971.53
11.18.2001-03:00:00,11,18,2001,03,970.94
11.18.2001-06:00:00,11,18,2001,06,970.67
11.18.2001-09:00:00,11,18,2001,09,970.1
11.18.2001-12:00:00,11,18,2001,12,966.3
11.18.2001-15:00:00,11,18,2001,15,968.7
11.18.2001-18:00:00,11,18,2001,18,968.26
11.18.2001-21:00:00,11,18,2001,21,967.68
11.19.2001-00:00:00,11,19,2001,00,967.09
11.19.2001-03:00:00,11,19,2001,03,966.51
11.19.2001-06:00:00,11,19,2001,06,965.93
11.19.2001-09:00:00,11,19,2001,09,965.34
11.19.2001-12:00:00,11,19,2001,12,964.76
11.19.2001-15:00:00,11,19,2001,15,965.05
11.19.2001-18:00:00,11,19,2001,18,965.32
11.19.2001-21:00:00,11,19,2001,21,964.77
11.20.2001-00:00:00,11,20,2001,00,964.17
11.20.2001-03:00:00,11,20,2001,03,963.55
11.20.2001-06:00:00,11,20,2001,06,962.95
11.20.2001-09:00:00,11,20,2001,09,961.84
11.20.2001-12:00:00,11,20,2001,12,968.86
11.20.2001-15:00:00,11,20,2001,15,967.03
11.20.2001-18:00:00,11,20,2001,18,973.6
11.20.2001-21:00:00,11,20,2001,21,984.56
11.21.2001-00:00:00,11,21,2001,00,962.8
11.21.2001-03:00:00,11,21,2001,03,962.28
11.21.2001-06:00:00,11,21,2001,06,962.34
11.21.2001-09:00:00,11,21,2001,09,961.66
11.21.2001-12:00:00,11,21,2001,12,960.72
11.21.2001-15:00:00,11,21,2001,15,962.61
11.21.2001-18:00:00,11,21,2001,18,961.26
11.21.2001-21:00:00,11,21,2001,21,960.92
11.22.2001-00:00:00,11,22,2001,00,970.12
11.22.2001-03:00:00,11,22,2001,03,975.42
11.22.2001-06:00:00,11,22,2001,06,965.84
11.22.2001-09:00:00,11,22,2001,09,1016.3
11.22.2001-12:00:00,11,22,2001,12,1051.9
11.22.2001-15:00:00,11,22,2001,15,1023.7
11.22.2001-18:00:00,11,22,2001,18,1000.3
11.22.2001-21:00:00,11,22,2001,21,979.93
11.23.2001-00:00:00,11,23,2001,00,967.03
11.23.2001-03:00:00,11,23,2001,03,967.84
11.23.2001-06:00:00,11,23,2001,06,968.72
11.23.2001-09:00:00,11,23,2001,09,966.83
11.23.2001-12:00:00,11,23,2001,12,962.54
11.23.2001-15:00:00,11,23,2001,15,967.17
11.23.2001-18:00:00,11,23,2001,18,967.62
11.23.2001-21:00:00,11,23,2001,21,967.19
11.24.2001-00:00:00,11,24,2001,00,966.72
11.24.2001-03:00:00,11,24,2001,03,966.25
11.24.2001-06:00:00,11,24,2001,06,965.77
11.24.2001-09:00:00,11,24,2001,09,965.28
11.24.2001-12:00:00,11,24,2001,12,964.8
11.24.2001-15:00:00,11,24,2001,15,964.29
11.24.2001-18:00:00,11,24,2001,18,963.1
11.24.2001-21:00:00,11,24,2001,21,963.28
11.25.2001-00:00:00,11,25,2001,00,962.11
11.25.2001-03:00:00,11,25,2001,03,961.58
11.25.2001-06:00:00,11,25,2001,06,961.08
11.25.2001-09:00:00,11,25,2001,09,959.93
11.25.2001-12:00:00,11,25,2001,12,957.44
11.25.2001-15:00:00,11,25,2001,15,959.34
11.25.2001-18:00:00,11,25,2001,18,958.92
11.25.2001-21:00:00,11,25,2001,21,958.38
11.26.2001-00:00:00,11,26,2001,00,957.83
11.26.2001-03:00:00,11,26,2001,03,957.26
11.26.2001-06:00:00,11,26,2001,06,956.7
11.26.2001-09:00:00,11,26,2001,09,956.13
11.26.2001-12:00:00,11,26,2001,12,955.16
11.26.2001-15:00:00,11,26,2001,15,955.03
11.26.2001-18:00:00,11,26,2001,18,954.47
11.26.2001-21:00:00,11,26,2001,21,953.91
11.27.2001-00:00:00,11,27,2001,00,953.33
11.27.2001-03:00:00,11,27,2001,03,952.75
11.27.2001-06:00:00,11,27,2001,06,952.15
11.27.2001-09:00:00,11,27,2001,09,951.55
11.27.2001-12:00:00,11,27,2001,12,950.96
11.27.2001-15:00:00,11,27,2001,15,950.34
11.27.2001-18:00:00,11,27,2001,18,949.74
11.27.2001-21:00:00,11,27,2001,21,949.14
11.28.2001-00:00:00,11,28,2001,00,948.55
11.28.2001-03:00:00,11,28,2001,03,947.95
11.28.2001-06:00:00,11,28,2001,06,947.33
11.28.2001-09:00:00,11,28,2001,09,946.7
11.28.2001-12:00:00,11,28,2001,12,946.06
11.28.2001-15:00:00,11,28,2001,15,945.43
11.28.2001-18:00:00,11,28,2001,18,944.79
11.28.2001-21:00:00,11,28,2001,21,944.13
11.29.2001-00:00:00,11,29,2001,00,943.46
11.29.2001-03:00:00,11,29,2001,03,942.77
11.29.2001-06:00:00,11,29,2001,06,942.06
11.29.2001-09:00:00,11,29,2001,09,941.39
11.29.2001-12:00:00,11,29,2001,12,940.68
11.29.2001-15:00:00,11,29,2001,15,939.98
11.29.2001-18:00:00,11,29,2001,18,939.27
11.29.2001-21:00:00,11,29,2001,21,938.57
11.30.2001-00:00:00,11,30,2001,00,937.84
11.30.2001-03:00:00,11,30,2001,03,937.1
11.30.2001-06:00:00,11,30,2001,06,936.36
11.30.2001-09:00:00,11,30,2001,09,935.6
11.30.2001-12:00:00,11,30,2001,12,934.85
11.30.2001-15:00:00,11,30,2001,15,934.09
11.30.2001-18:00:00,11,30,2001,18,933.04
11.30.2001-21:00:00,11,30,2001,21,932.46
12.01.2001-00:00:00,12,01,2001,00,931.62
12.01.2001-03:00:00,12,01,2001,03,931.2
12.01.2001-06:00:00,12,01,2001,06,930.2
12.01.2001-09:00:00,12,01,2001,09,929.33
12.01.2001-12:00:00,12,01,2001,12,928.76
12.01.2001-15:00:00,12,01,2001,15,927.75
12.01.2001-18:00:00,12,01,2001,18,926.84
12.01.2001-21:00:00,12,01,2001,21,925.99
12.02.2001-00:00:00,12,02,2001,00,925.17
12.02.2001-03:00:00,12,02,2001,03,924.28
12.02.2001-06:00:00,12,02,2001,06,923.41
12.02.2001-09:00:00,12,02,2001,09,922.55
12.02.2001-12:00:00,12,02,2001,12,921.66
12.02.2001-15:00:00,12,02,2001,15,920.78
12.02.2001-18:00:00,12,02,2001,18,919.99
12.02.2001-21:00:00,12,02,2001,21,919.5
12.03.2001-00:00:00,12,03,2001,00,918.59
12.03.2001-03:00:00,12,03,2001,03,918.05
12.03.2001-06:00:00,12,03,2001,06,919.04
12.03.2001-09:00:00,12,03,2001,09,918.18
12.03.2001-12:00:00,12,03,2001,12,917.19
12.03.2001-15:00:00,12,03,2001,15,916.2
12.03.2001-18:00:00,12,03,2001,18,915.21
12.03.2001-21:00:00,12,03,2001,21,914.2
12.04.2001-00:00:00,12,04,2001,00,913.19
12.04.2001-03:00:00,12,04,2001,03,912.19
12.04.2001-06:00:00,12,04,2001,06,911.16
12.04.2001-09:00:00,12,04,2001,09,910.14
12.04.2001-12:00:00,12,04,2001,12,909.12
12.04.2001-15:00:00,12,04,2001,15,908.08
12.04.2001-18:00:00,12,04,2001,18,907.04
12.04.2001-21:00:00,12,04,2001,21,906
12.05.2001-00:00:00,12,05,2001,00,904.94
12.05.2001-03:00:00,12,05,2001,03,903.88
12.05.2001-06:00:00,12,05,2001,06,902.83
12.05.2001-09:00:00,12,05,2001,09,901.75
12.05.2001-12:00:00,12,05,2001,12,900.69
12.05.2001-15:00:00,12,05,2001,15,899.61
12.05.2001-18:00:00,12,05,2001,18,898.51
12.05.2001-21:00:00,12,05,2001,21,897.42
12.06.2001-00:00:00,12,06,2001,00,896.33
12.06.2001-03:00:00,12,06,2001,03,895.22
12.06.2001-06:00:00,12,06,2001,06,894.11
12.06.2001-09:00:00,12,06,2001,09,893.01
12.06.2001-12:00:00,12,06,2001,12,891.88
12.06.2001-15:00:00,12,06,2001,15,890.75
12.06.2001-18:00:00,12,06,2001,18,889.63
12.06.2001-21:00:00,12,06,2001,21,888.51
12.07.2001-00:00:00,12,07,2001,00,887.37
12.07.2001-03:00:00,12,07,2001,03,886.25
12.07.2001-06:00:00,12,07,2001,06,885.13
12.07.2001-09:00:00,12,07,2001,09,884
12.07.2001-12:00:00,12,07,2001,12,882.93
12.07.2001-15:00:00,12,07,2001,15,881.85
12.07.2001-18:00:00,12,07,2001,18,880.77
12.07.2001-21:00:00,12,07,2001,21,879.69
12.08.2001-00:00:00,12,08,2001,00,878.6
12.08.2001-03:00:00,12,08,2001,03,877.5
12.08.2001-06:00:00,12,08,2001,06,876.41
12.08.2001-09:00:00,12,08,2001,09,875.3
12.08.2001-12:00:00,12,08,2001,12,874.19
12.08.2001-15:00:00,12,08,2001,15,873.08
12.08.2001-18:00:00,12,08,2001,18,871.96
12.08.2001-21:00:00,12,08,2001,21,870.83
12.09.2001-00:00:00,12,09,2001,00,869.71
12.09.2001-03:00:00,12,09,2001,03,868.58
12.09.2001-06:00:00,12,09,2001,06,867.44
12.09.2001-09:00:00,12,09,2001,09,866.31
12.09.2001-12:00:00,12,09,2001,12,865.18
12.09.2001-15:00:00,12,09,2001,15,864.04
12.09.2001-18:00:00,12,09,2001,18,862.91
12.09.2001-21:00:00,12,09,2001,21,861.77
12.10.2001-00:00:00,12,10,2001,00,860.62
12.10.2001-03:00:00,12,10,2001,03,859.47
12.10.2001-06:00:00,12,10,2001,06,858.33
12.10.2001-09:00:00,12,10,2001,09,857.17
12.10.2001-12:00:00,12,10,2001,12,856.01
12.10.2001-15:00:00,12,10,2001,15,854.85
12.10.2001-18:00:00,12,10,2001,18,853.69
12.10.2001-21:00:00,12,10,2001,21,852.5
12.11.2001-00:00:00,12,11,2001,00,851.33
12.11.2001-03:00:00,12,11,2001,03,850.17
12.11.2001-06:00:00,12,11,2001,06,848.98
12.11.2001-09:00:00,12,11,2001,09,847.79
12.11.2001-12:00:00,12,11,2001,12,846.61
12.11.2001-15:00:00,12,11,2001,15,845.42
12.11.2001-18:00:00,12,11,2001,18,844.22
12.11.2001-21:00:00,12,11,2001,21,843.02
12.12.2001-00:00:00,12,12,2001,00,841.84
12.12.2001-03:00:00,12,12,2001,03,840.64
12.12.2001-06:00:00,12,12,2001,06,839.42
12.12.2001-09:00:00,12,12,2001,09,838.21
12.12.2001-12:00:00,12,12,2001,12,837.02
12.12.2001-15:00:00,12,12,2001,15,835.8
12.12.2001-18:00:00,12,12,2001,18,834.58
12.12.2001-21:00:00,12,12,2001,21,833.36
12.13.2001-00:00:00,12,13,2001,00,832.16
12.13.2001-03:00:00,12,13,2001,03,830.94
12.13.2001-06:00:00,12,13,2001,06,829.7
12.13.2001-09:00:00,12,13,2001,09,828.48
12.13.2001-12:00:00,12,13,2001,12,827.27
12.13.2001-15:00:00,12,13,2001,15,826.04
12.13.2001-18:00:00,12,13,2001,18,824.8
12.13.2001-21:00:00,12,13,2001,21,823.57
12.14.2001-00:00:00,12,14,2001,00,822.35
12.14.2001-03:00:00,12,14,2001,03,821.12
12.14.2001-06:00:00,12,14,2001,06,819.88
12.14.2001-09:00:00,12,14,2001,09,818.64
12.14.2001-12:00:00,12,14,2001,12,817.42
12.14.2001-15:00:00,12,14,2001,15,816.19
12.14.2001-18:00:00,12,14,2001,18,814.95
12.14.2001-21:00:00,12,14,2001,21,813.71
12.15.2001-00:00:00,12,15,2001,00,812.48
12.15.2001-03:00:00,12,15,2001,03,811.24
12.15.2001-06:00:00,12,15,2001,06,810
12.15.2001-09:00:00,12,15,2001,09,808.75
12.15.2001-12:00:00,12,15,2001,12,807.53
12.15.2001-15:00:00,12,15,2001,15,806.3
12.15.2001-18:00:00,12,15,2001,18,805.05
12.15.2001-21:00:00,12,15,2001,21,803.81
12.16.2001-00:00:00,12,16,2001,00,802.58
12.16.2001-03:00:00,12,16,2001,03,801.34
12.16.2001-06:00:00,12,16,2001,06,800.1
12.16.2001-09:00:00,12,16,2001,09,798.86
12.16.2001-12:00:00,12,16,2001,12,797.64
12.16.2001-15:00:00,12,16,2001,15,796.42
12.16.2001-18:00:00,12,16,2001,18,795.18
12.16.2001-21:00:00,12,16,2001,21,793.95
12.17.2001-00:00:00,12,17,2001,00,792.72
12.17.2001-03:00:00,12,17,2001,03,791.5
12.17.2001-06:00:00,12,17,2001,06,790.28
12.17.2001-09:00:00,12,17,2001,09,789.04
12.17.2001-12:00:00,12,17,2001,12,787.8
12.17.2001-15:00:00,12,17,2001,15,786.58
12.17.2001-18:00:00,12,17,2001,18,785.25
12.17.2001-21:00:00,12,17,2001,21,784.1
12.18.2001-00:00:00,12,18,2001,00,782.78
12.18.2001-03:00:00,12,18,2001,03,781.62
12.18.2001-06:00:00,12,18,2001,06,780.32
12.18.2001-09:00:00,12,18,2001,09,779.18
12.18.2001-12:00:00,12,18,2001,12,777.86
12.18.2001-15:00:00,12,18,2001,15,776.71
12.18.2001-18:00:00,12,18,2001,18,775.39
12.18.2001-21:00:00,12,18,2001,21,774.26
12.19.2001-00:00:00,12,19,2001,00,772.95
12.19.2001-03:00:00,12,19,2001,03,771.81
12.19.2001-06:00:00,12,19,2001,06,770.49
12.19.2001-09:00:00,12,19,2001,09,769.24
12.19.2001-12:00:00,12,19,2001,12,768.13
12.19.2001-15:00:00,12,19,2001,15,766.83
12.19.2001-18:00:00,12,19,2001,18,765.58
12.19.2001-21:00:00,12,19,2001,21,764.45
12.20.2001-00:00:00,12,20,2001,00,763.14
12.20.2001-03:00:00,12,20,2001,03,761.89
12.20.2001-06:00:00,12,20,2001,06,760.68
12.20.2001-09:00:00,12,20,2001,09,759.57
12.20.2001-12:00:00,12,20,2001,12,758.26
12.20.2001-15:00:00,12,20,2001,15,756.27
12.20.2001-18:00:00,12,20,2001,18,755.78
12.20.2001-21:00:00,12,20,2001,21,753.82
12.21.2001-00:00:00,12,21,2001,00,753.35
12.21.2001-03:00:00,12,21,2001,03,751.41
12.21.2001-06:00:00,12,21,2001,06,750.92
12.21.2001-09:00:00,12,21,2001,09,748.97
12.21.2001-12:00:00,12,21,2001,12,748.48
12.21.2001-15:00:00,12,21,2001,15,746.55
12.21.2001-18:00:00,12,21,2001,18,746.1
12.21.2001-21:00:00,12,21,2001,21,744.2
12.22.2001-00:00:00,12,22,2001,00,743.74
12.22.2001-03:00:00,12,22,2001,03,741.83
12.22.2001-06:00:00,12,22,2001,06,741.37
12.22.2001-09:00:00,12,22,2001,09,739.47
12.22.2001-12:00:00,12,22,2001,12,739
12.22.2001-15:00:00,12,22,2001,15,737.13
12.22.2001-18:00:00,12,22,2001,18,736.61
12.22.2001-21:00:00,12,22,2001,21,734.81
12.23.2001-00:00:00,12,23,2001,00,734.25
12.23.2001-03:00:00,12,23,2001,03,732.52
12.23.2001-06:00:00,12,23,2001,06,731.87
12.23.2001-09:00:00,12,23,2001,09,730.2
12.23.2001-12:00:00,12,23,2001,12,729.49
12.23.2001-15:00:00,12,23,2001,15,727.88
12.23.2001-18:00:00,12,23,2001,18,727.11
12.23.2001-21:00:00,12,23,2001,21,725.57
12.24.2001-00:00:00,12,24,2001,00,724.4
12.24.2001-03:00:00,12,24,2001,03,723.38
12.24.2001-06:00:00,12,24,2001,06,722.1
12.24.2001-09:00:00,12,24,2001,09,720.94
12.24.2001-12:00:00,12,24,2001,12,719.8
12.24.2001-15:00:00,12,24,2001,15,718.65
12.24.2001-18:00:00,12,24,2001,18,717.04
12.24.2001-21:00:00,12,24,2001,21,716.23
12.25.2001-00:00:00,12,25,2001,00,714.75
12.25.2001-03:00:00,12,25,2001,03,713.96
12.25.2001-06:00:00,12,25,2001,06,712.5
12.25.2001-09:00:00,12,25,2001,09,711.69
12.25.2001-12:00:00,12,25,2001,12,710.22
12.25.2001-15:00:00,12,25,2001,15,709.42
12.25.2001-18:00:00,12,25,2001,18,707.95
12.25.2001-21:00:00,12,25,2001,21,707.13
12.26.2001-00:00:00,12,26,2001,00,705.68
12.26.2001-03:00:00,12,26,2001,03,704.87
12.26.2001-06:00:00,12,26,2001,06,703.42
12.26.2001-09:00:00,12,26,2001,09,702.6
12.26.2001-12:00:00,12,26,2001,12,701.16
12.26.2001-15:00:00,12,26,2001,15,700.34
12.26.2001-18:00:00,12,26,2001,18,698.91
12.26.2001-21:00:00,12,26,2001,21,698.08
12.27.2001-00:00:00,12,27,2001,00,696.66
12.27.2001-03:00:00,12,27,2001,03,695.82
12.27.2001-06:00:00,12,27,2001,06,694.42
12.27.2001-09:00:00,12,27,2001,09,693.21
12.27.2001-12:00:00,12,27,2001,12,692.39
12.27.2001-15:00:00,12,27,2001,15,691.03
12.27.2001-18:00:00,12,27,2001,18,689.83
12.27.2001-21:00:00,12,27,2001,21,689
12.28.2001-00:00:00,12,28,2001,00,687.67
12.28.2001-03:00:00,12,28,2001,03,686.49
12.28.2001-06:00:00,12,28,2001,06,685.65
12.28.2001-09:00:00,12,28,2001,09,684.31
12.28.2001-12:00:00,12,28,2001,12,683.13
12.28.2001-15:00:00,12,28,2001,15,682.28
12.28.2001-18:00:00,12,28,2001,18,680.97
12.28.2001-21:00:00,12,28,2001,21,679.81
12.29.2001-00:00:00,12,29,2001,00,678.69
12.29.2001-03:00:00,12,29,2001,03,677.77
12.29.2001-06:00:00,12,29,2001,06,676.53
12.29.2001-09:00:00,12,29,2001,09,675.4
12.29.2001-12:00:00,12,29,2001,12,674.29
12.29.2001-15:00:00,12,29,2001,15,673.2
12.29.2001-18:00:00,12,29,2001,18,672.2
12.29.2001-21:00:00,12,29,2001,21,671.05
12.30.2001-00:00:00,12,30,2001,00,669.94
12.30.2001-03:00:00,12,30,2001,03,668.85
12.30.2001-06:00:00,12,30,2001,06,667.77
12.30.2001-09:00:00,12,30,2001,09,666.68
12.30.2001-12:00:00,12,30,2001,12,665.62
12.30.2001-15:00:00,12,30,2001,15,664.55
12.30.2001-18:00:00,12,30,2001,18,663.48
12.30.2001-21:00:00,12,30,2001,21,662.41
12.31.2001-00:00:00,12,31,2001,00,661.35
12.31.2001-03:00:00,12,31,2001,03,660.28
12.31.2001-06:00:00,12,31,2001,06,659.23
12.31.2001-09:00:00,12,31,2001,09,658.17
12.31.2001-12:00:00,12,31,2001,12,657.11
12.31.2001-15:00:00,12,31,2001,15,656.05
12.31.2001-18:00:00,12,31,2001,18,655
12.31.2001-21:00:00,12,31,2001,21,653.95
01.01.2002-00:00:00,01,01,2002,00,652.84
01.01.2002-03:00:00,01,01,2002,03,651.79
01.01.2002-06:00:00,01,01,2002,06,650.74
01.01.2002-09:00:00,01,01,2002,09,649.7
01.01.2002-12:00:00,01,01,2002,12,648.66
01.01.2002-15:00:00,01,01,2002,15,647.68
01.01.2002-18:00:00,01,01,2002,18,646.58
01.01.2002-21:00:00,01,01,2002,21,645.55
01.02.2002-00:00:00,01,02,2002,00,644.52
01.02.2002-03:00:00,01,02,2002,03,643.48
01.02.2002-06:00:00,01,02,2002,06,642.46
01.02.2002-09:00:00,01,02,2002,09,641.44
01.02.2002-12:00:00,01,02,2002,12,640.41
01.02.2002-15:00:00,01,02,2002,15,639.39
01.02.2002-18:00:00,01,02,2002,18,638.37
01.02.2002-21:00:00,01,02,2002,21,637.35
01.03.2002-00:00:00,01,03,2002,00,636.34
01.03.2002-03:00:00,01,03,2002,03,635.32
01.03.2002-06:00:00,01,03,2002,06,634.31
01.03.2002-09:00:00,01,03,2002,09,633.36
01.03.2002-12:00:00,01,03,2002,12,632.3
01.03.2002-15:00:00,01,03,2002,15,630.96
01.03.2002-18:00:00,01,03,2002,18,629.87
01.03.2002-21:00:00,01,03,2002,21,629.2
01.04.2002-00:00:00,01,04,2002,00,627.94
01.04.2002-03:00:00,01,04,2002,03,626.88
01.04.2002-06:00:00,01,04,2002,06,625.87
01.04.2002-09:00:00,01,04,2002,09,625.19
01.04.2002-12:00:00,01,04,2002,12,623.94
01.04.2002-15:00:00,01,04,2002,15,623.22
01.04.2002-18:00:00,01,04,2002,18,621.96
01.04.2002-21:00:00,01,04,2002,21,620.91
01.05.2002-00:00:00,01,05,2002,00,619.92
01.05.2002-03:00:00,01,05,2002,03,618.93
01.05.2002-06:00:00,01,05,2002,06,618.29
01.05.2002-09:00:00,01,05,2002,09,617.04
01.05.2002-12:00:00,01,05,2002,12,616.34
01.05.2002-15:00:00,01,05,2002,15,615.09
01.05.2002-18:00:00,01,05,2002,18,614.05
01.05.2002-21:00:00,01,05,2002,21,613.07
01.06.2002-00:00:00,01,06,2002,00,612.43
01.06.2002-03:00:00,01,06,2002,03,611.2
01.06.2002-06:00:00,01,06,2002,06,610.17
01.06.2002-09:00:00,01,06,2002,09,609.53
01.06.2002-12:00:00,01,06,2002,12,608.3
01.06.2002-15:00:00,01,06,2002,15,607.27
01.06.2002-18:00:00,01,06,2002,18,606.64
01.06.2002-21:00:00,01,06,2002,21,605.42
01.07.2002-00:00:00,01,07,2002,00,604.4
01.07.2002-03:00:00,01,07,2002,03,603.44
01.07.2002-06:00:00,01,07,2002,06,602.49
01.07.2002-09:00:00,01,07,2002,09,601.87
01.07.2002-12:00:00,01,07,2002,12,600.67
01.07.2002-15:00:00,01,07,2002,15,599.99
01.07.2002-18:00:00,01,07,2002,18,598.77
01.07.2002-21:00:00,01,07,2002,21,597.77
01.08.2002-00:00:00,01,08,2002,00,596.82
01.08.2002-03:00:00,01,08,2002,03,595.88
01.08.2002-06:00:00,01,08,2002,06,595.29
01.08.2002-09:00:00,01,08,2002,09,594.06
01.08.2002-12:00:00,01,08,2002,12,592.89
01.08.2002-15:00:00,01,08,2002,15,592.5
01.08.2002-18:00:00,01,08,2002,18,591.32
01.08.2002-21:00:00,01,08,2002,21,590.33
01.09.2002-00:00:00,01,09,2002,00,589.39
01.09.2002-03:00:00,01,09,2002,03,588.81
01.09.2002-06:00:00,01,09,2002,06,587.63
01.09.2002-09:00:00,01,09,2002,09,586.65
01.09.2002-12:00:00,01,09,2002,12,586.06
01.09.2002-15:00:00,01,09,2002,15,584.89
01.09.2002-18:00:00,01,09,2002,18,583.91
01.09.2002-21:00:00,01,09,2002,21,583
01.10.2002-00:00:00,01,10,2002,00,582.43
01.10.2002-03:00:00,01,10,2002,03,581.26
01.10.2002-06:00:00,01,10,2002,06,580.29
01.10.2002-09:00:00,01,10,2002,09,579.72
01.10.2002-12:00:00,01,10,2002,12,578.56
01.10.2002-15:00:00,01,10,2002,15,577.6
01.10.2002-18:00:00,01,10,2002,18,576.69
01.10.2002-21:00:00,01,10,2002,21,575.8
01.11.2002-00:00:00,01,11,2002,00,575.24
01.11.2002-03:00:00,01,11,2002,03,574.09
01.11.2002-06:00:00,01,11,2002,06,573.47
01.11.2002-09:00:00,01,11,2002,09,572.32
01.11.2002-12:00:00,01,11,2002,12,571.37
01.11.2002-15:00:00,01,11,2002,15,570.48
01.11.2002-18:00:00,01,11,2002,18,569.6
01.11.2002-21:00:00,01,11,2002,21,569.06
01.12.2002-00:00:00,01,12,2002,00,567.92
01.12.2002-03:00:00,01,12,2002,03,566.98
01.12.2002-06:00:00,01,12,2002,06,566.43
01.12.2002-09:00:00,01,12,2002,09,564.86
01.12.2002-12:00:00,01,12,2002,12,563.6
01.12.2002-15:00:00,01,12,2002,15,563.46
01.12.2002-18:00:00,01,12,2002,18,562.6
01.12.2002-21:00:00,01,12,2002,21,562.08
01.13.2002-00:00:00,01,13,2002,00,560.95
01.13.2002-03:00:00,01,13,2002,03,560.36
01.13.2002-06:00:00,01,13,2002,06,559.24
01.13.2002-09:00:00,01,13,2002,09,558.31
01.13.2002-12:00:00,01,13,2002,12,556.13
01.13.2002-15:00:00,01,13,2002,15,556.56
01.13.2002-18:00:00,01,13,2002,18,556.07
01.13.2002-21:00:00,01,13,2002,21,554.96
01.14.2002-00:00:00,01,14,2002,00,554.05
01.14.2002-03:00:00,01,14,2002,03,553.53
01.14.2002-06:00:00,01,14,2002,06,552.43
01.14.2002-09:00:00,01,14,2002,09,551.52
01.14.2002-12:00:00,01,14,2002,12,550.67
01.14.2002-15:00:00,01,14,2002,15,549.83
01.14.2002-18:00:00,01,14,2002,18,548.99
01.14.2002-21:00:00,01,14,2002,21,548.49
01.15.2002-00:00:00,01,15,2002,00,547.4
01.15.2002-03:00:00,01,15,2002,03,546.5
01.15.2002-06:00:00,01,15,2002,06,546.01
01.15.2002-09:00:00,01,15,2002,09,544.93
01.15.2002-12:00:00,01,15,2002,12,544.04
01.15.2002-15:00:00,01,15,2002,15,543.22
01.15.2002-18:00:00,01,15,2002,18,542.74
01.15.2002-21:00:00,01,15,2002,21,541.66
01.16.2002-00:00:00,01,16,2002,00,540.78
01.16.2002-03:00:00,01,16,2002,03,540.3
01.16.2002-06:00:00,01,16,2002,06,539.22
01.16.2002-09:00:00,01,16,2002,09,538.35
01.16.2002-12:00:00,01,16,2002,12,537.54
01.16.2002-15:00:00,01,16,2002,15,536.73
01.16.2002-18:00:00,01,16,2002,18,536.26
01.16.2002-21:00:00,01,16,2002,21,535.2
01.17.2002-00:00:00,01,17,2002,00,534.33
01.17.2002-03:00:00,01,17,2002,03,533.53
01.17.2002-06:00:00,01,17,2002,06,533.06
01.17.2002-09:00:00,01,17,2002,09,532
01.17.2002-12:00:00,01,17,2002,12,531.14
01.17.2002-15:00:00,01,17,2002,15,530.33
01.17.2002-18:00:00,01,17,2002,18,529.87
01.17.2002-21:00:00,01,17,2002,21,528.82
01.18.2002-00:00:00,01,18,2002,00,527.96
01.18.2002-03:00:00,01,18,2002,03,527.16
01.18.2002-06:00:00,01,18,2002,06,526.37
01.18.2002-09:00:00,01,18,2002,09,525.91
01.18.2002-12:00:00,01,18,2002,12,524.87
01.18.2002-15:00:00,01,18,2002,15,524.02
01.18.2002-18:00:00,01,18,2002,18,523.56
01.18.2002-21:00:00,01,18,2002,21,522.52
01.19.2002-00:00:00,01,19,2002,00,521.63
01.19.2002-03:00:00,01,19,2002,03,520.86
01.19.2002-06:00:00,01,19,2002,06,520.08
01.19.2002-09:00:00,01,19,2002,09,519.3
01.19.2002-12:00:00,01,19,2002,12,516.47
01.19.2002-15:00:00,01,19,2002,15,517.46
01.19.2002-18:00:00,01,19,2002,18,516.97
01.19.2002-21:00:00,01,19,2002,21,516.54
01.20.2002-00:00:00,01,20,2002,00,515.51
01.20.2002-03:00:00,01,20,2002,03,514.69
01.20.2002-06:00:00,01,20,2002,06,513.91
01.20.2002-09:00:00,01,20,2002,09,513.15
01.20.2002-12:00:00,01,20,2002,12,512.73
01.20.2002-15:00:00,01,20,2002,15,511.73
01.20.2002-18:00:00,01,20,2002,18,510.91
01.20.2002-21:00:00,01,20,2002,21,510.27
01.21.2002-00:00:00,01,21,2002,00,509.44
01.21.2002-03:00:00,01,21,2002,03,508.46
01.21.2002-06:00:00,01,21,2002,06,507.88
01.21.2002-09:00:00,01,21,2002,09,506.98
01.21.2002-12:00:00,01,21,2002,12,506.4
01.21.2002-15:00:00,01,21,2002,15,505.83
01.21.2002-18:00:00,01,21,2002,18,505.01
01.21.2002-21:00:00,01,21,2002,21,504.05
01.22.2002-00:00:00,01,22,2002,00,503.26
01.22.2002-03:00:00,01,22,2002,03,503.06
01.22.2002-06:00:00,01,22,2002,06,501.92
01.22.2002-09:00:00,01,22,2002,09,501.08
01.22.2002-12:00:00,01,22,2002,12,500.35
01.22.2002-15:00:00,01,22,2002,15,500.16
01.22.2002-18:00:00,01,22,2002,18,499.02
01.22.2002-21:00:00,01,22,2002,21,498.19
01.23.2002-00:00:00,01,23,2002,00,497.46
01.23.2002-03:00:00,01,23,2002,03,496.74
01.23.2002-06:00:00,01,23,2002,06,496.03
01.23.2002-09:00:00,01,23,2002,09,495.65
01.23.2002-12:00:00,01,23,2002,12,494.89
01.23.2002-15:00:00,01,23,2002,15,493.96
01.23.2002-18:00:00,01,23,2002,18,493.54
01.23.2002-21:00:00,01,23,2002,21,492.57
01.24.2002-00:00:00,01,24,2002,00,491.8
01.24.2002-03:00:00,01,24,2002,03,491.1
01.24.2002-06:00:00,01,24,2002,06,490.4
01.24.2002-09:00:00,01,24,2002,09,489.7
01.24.2002-12:00:00,01,24,2002,12,489.27
01.24.2002-15:00:00,01,24,2002,15,488.37
01.24.2002-18:00:00,01,24,2002,18,487.61
01.24.2002-21:00:00,01,24,2002,21,486.92
01.25.2002-00:00:00,01,25,2002,00,486.55
01.25.2002-03:00:00,01,25,2002,03,485.6
01.25.2002-06:00:00,01,25,2002,06,484.84
01.25.2002-09:00:00,01,25,2002,09,483.79
01.25.2002-12:00:00,01,25,2002,12,483.06
01.25.2002-15:00:00,01,25,2002,15,482.82
01.25.2002-18:00:00,01,25,2002,18,482.08
01.25.2002-21:00:00,01,25,2002,21,481.4
01.26.2002-00:00:00,01,26,2002,00,480.72
01.26.2002-03:00:00,01,26,2002,03,480.05
01.26.2002-06:00:00,01,26,2002,06,479.37
01.26.2002-09:00:00,01,26,2002,09,479.03
01.26.2002-12:00:00,01,26,2002,12,478.1
01.26.2002-15:00:00,01,26,2002,15,477.36
01.26.2002-18:00:00,01,26,2002,18,477.02
01.26.2002-21:00:00,01,26,2002,21,476.09
01.27.2002-00:00:00,01,27,2002,00,475.36
01.27.2002-03:00:00,01,27,2002,03,474.68
01.27.2002-06:00:00,01,27,2002,06,474.02
01.27.2002-09:00:00,01,27,2002,09,473.69
01.27.2002-12:00:00,01,27,2002,12,472.77
01.27.2002-15:00:00,01,27,2002,15,472.05
01.27.2002-18:00:00,01,27,2002,18,471.37
01.27.2002-21:00:00,01,27,2002,21,470.72
01.28.2002-00:00:00,01,28,2002,00,470.4
01.28.2002-03:00:00,01,28,2002,03,469.48
01.28.2002-06:00:00,01,28,2002,06,468.78
01.28.2002-09:00:00,01,28,2002,09,468.12
01.28.2002-12:00:00,01,28,2002,12,467.47
01.28.2002-15:00:00,01,28,2002,15,467.15
01.28.2002-18:00:00,01,28,2002,18,466.25
01.28.2002-21:00:00,01,28,2002,21,465.54
01.29.2002-00:00:00,01,29,2002,00,464.89
01.29.2002-03:00:00,01,29,2002,03,464.25
01.29.2002-06:00:00,01,29,2002,06,463.61
01.29.2002-09:00:00,01,29,2002,09,462.97
01.29.2002-12:00:00,01,29,2002,12,462.66
01.29.2002-15:00:00,01,29,2002,15,461.77
01.29.2002-18:00:00,01,29,2002,18,461.4
01.29.2002-21:00:00,01,29,2002,21,460.5
01.30.2002-00:00:00,01,30,2002,00,459.79
01.30.2002-03:00:00,01,30,2002,03,459.16
01.30.2002-06:00:00,01,30,2002,06,458.52
01.30.2002-09:00:00,01,30,2002,09,457.89
01.30.2002-12:00:00,01,30,2002,12,457.26
01.30.2002-15:00:00,01,30,2002,15,456.97
01.30.2002-18:00:00,01,30,2002,18,456.08
01.30.2002-21:00:00,01,30,2002,21,455.38
01.31.2002-00:00:00,01,31,2002,00,454.76
01.31.2002-03:00:00,01,31,2002,03,454.14
01.31.2002-06:00:00,01,31,2002,06,453.51
01.31.2002-09:00:00,01,31,2002,09,453.22
01.31.2002-12:00:00,01,31,2002,12,452.35
01.31.2002-15:00:00,01,31,2002,15,451.66
01.31.2002-18:00:00,01,31,2002,18,451.03
01.31.2002-21:00:00,01,31,2002,21,450.75
02.01.2002-00:00:00,02,01,2002,00,449.88
02.01.2002-03:00:00,02,01,2002,03,449.2
02.01.2002-06:00:00,02,01,2002,06,448.58
02.01.2002-09:00:00,02,01,2002,09,447.96
02.01.2002-12:00:00,02,01,2002,12,447.35
02.01.2002-15:00:00,02,01,2002,15,447.07
02.01.2002-18:00:00,02,01,2002,18,446.21
02.01.2002-21:00:00,02,01,2002,21,445.53
02.02.2002-00:00:00,02,02,2002,00,444.92
02.02.2002-03:00:00,02,02,2002,03,444.64
02.02.2002-06:00:00,02,02,2002,06,443.77
02.02.2002-09:00:00,02,02,2002,09,443.1
02.02.2002-12:00:00,02,02,2002,12,442.5
02.02.2002-15:00:00,02,02,2002,15,441.89
02.02.2002-18:00:00,02,02,2002,18,441.29
02.02.2002-21:00:00,02,02,2002,21,441.02
02.03.2002-00:00:00,02,03,2002,00,440.16
02.03.2002-03:00:00,02,03,2002,03,439.49
02.03.2002-06:00:00,02,03,2002,06,438.89
02.03.2002-09:00:00,02,03,2002,09,438.29
02.03.2002-12:00:00,02,03,2002,12,437.26
02.03.2002-15:00:00,02,03,2002,15,437.15
02.03.2002-18:00:00,02,03,2002,18,436.51
02.03.2002-21:00:00,02,03,2002,21,435.9
02.04.2002-00:00:00,02,04,2002,00,435.32
02.04.2002-03:00:00,02,04,2002,03,435.06
02.04.2002-06:00:00,02,04,2002,06,434.21
02.04.2002-09:00:00,02,04,2002,09,433.56
02.04.2002-12:00:00,02,04,2002,12,432.97
02.04.2002-15:00:00,02,04,2002,15,432.38
02.04.2002-18:00:00,02,04,2002,18,431.79
02.04.2002-21:00:00,02,04,2002,21,431.54
02.05.2002-00:00:00,02,05,2002,00,430.7
02.05.2002-03:00:00,02,05,2002,03,430.05
02.05.2002-06:00:00,02,05,2002,06,429.47
02.05.2002-09:00:00,02,05,2002,09,428.89
02.05.2002-12:00:00,02,05,2002,12,428.31
02.05.2002-15:00:00,02,05,2002,15,427.73
02.05.2002-18:00:00,02,05,2002,18,427.48
02.05.2002-21:00:00,02,05,2002,21,426.65
02.06.2002-00:00:00,02,06,2002,00,426.01
02.06.2002-03:00:00,02,06,2002,03,425.76
02.06.2002-06:00:00,02,06,2002,06,424.92
02.06.2002-09:00:00,02,06,2002,09,424.29
02.06.2002-12:00:00,02,06,2002,12,423.72
02.06.2002-15:00:00,02,06,2002,15,423.15
02.06.2002-18:00:00,02,06,2002,18,422.59
02.06.2002-21:00:00,02,06,2002,21,422
02.07.2002-00:00:00,02,07,2002,00,421.78
02.07.2002-03:00:00,02,07,2002,03,420.96
02.07.2002-06:00:00,02,07,2002,06,420.34
02.07.2002-09:00:00,02,07,2002,09,419.76
02.07.2002-12:00:00,02,07,2002,12,419.2
02.07.2002-15:00:00,02,07,2002,15,418.65
02.07.2002-18:00:00,02,07,2002,18,418.09
02.07.2002-21:00:00,02,07,2002,21,417.86
02.08.2002-00:00:00,02,08,2002,00,417.04
02.08.2002-03:00:00,02,08,2002,03,416.43
02.08.2002-06:00:00,02,08,2002,06,415.86
02.08.2002-09:00:00,02,08,2002,09,414.69
02.08.2002-12:00:00,02,08,2002,12,412.54
02.08.2002-15:00:00,02,08,2002,15,413.77
02.08.2002-18:00:00,02,08,2002,18,413.59
02.08.2002-21:00:00,02,08,2002,21,413.06
02.09.2002-00:00:00,02,09,2002,00,412.66
02.09.2002-03:00:00,02,09,2002,03,412
02.09.2002-06:00:00,02,09,2002,06,411.24
02.09.2002-09:00:00,02,09,2002,09,410.83
02.09.2002-12:00:00,02,09,2002,12,410.15
02.09.2002-15:00:00,02,09,2002,15,409.55
02.09.2002-18:00:00,02,09,2002,18,409.19
02.09.2002-21:00:00,02,09,2002,21,408.51
02.10.2002-00:00:00,02,10,2002,00,408.27
02.10.2002-03:00:00,02,10,2002,03,407.65
02.10.2002-06:00:00,02,10,2002,06,406.9
02.10.2002-09:00:00,02,10,2002,09,406.32
02.10.2002-12:00:00,02,10,2002,12,405.77
02.10.2002-15:00:00,02,10,2002,15,405.57
02.10.2002-18:00:00,02,10,2002,18,404.78
02.10.2002-21:00:00,02,10,2002,21,404.18
02.11.2002-00:00:00,02,11,2002,00,403.63
02.11.2002-03:00:00,02,11,2002,03,403.1
02.11.2002-06:00:00,02,11,2002,06,402.56
02.11.2002-09:00:00,02,11,2002,09,401.3
02.11.2002-12:00:00,02,11,2002,12,399.43
02.11.2002-15:00:00,02,11,2002,15,399.82
02.11.2002-18:00:00,02,11,2002,18,400.12
02.11.2002-21:00:00,02,11,2002,21,399.61
02.12.2002-00:00:00,02,12,2002,00,399.13
02.12.2002-03:00:00,02,12,2002,03,398.9
02.12.2002-06:00:00,02,12,2002,06,398.17
02.12.2002-09:00:00,02,12,2002,09,397.54
02.12.2002-12:00:00,02,12,2002,12,397
02.12.2002-15:00:00,02,12,2002,15,396.67
02.12.2002-18:00:00,02,12,2002,18,396.13
02.12.2002-21:00:00,02,12,2002,21,395.64
02.13.2002-00:00:00,02,13,2002,00,395.41
02.13.2002-03:00:00,02,13,2002,03,394.67
02.13.2002-06:00:00,02,13,2002,06,394.05
02.13.2002-09:00:00,02,13,2002,09,393.51
02.13.2002-12:00:00,02,13,2002,12,391.44
02.13.2002-15:00:00,02,13,2002,15,390.88
02.13.2002-18:00:00,02,13,2002,18,391.53
02.13.2002-21:00:00,02,13,2002,21,391.16
02.14.2002-00:00:00,02,14,2002,00,390.8
02.14.2002-03:00:00,02,14,2002,03,390.12
02.14.2002-06:00:00,02,14,2002,06,389.66
02.14.2002-09:00:00,02,14,2002,09,389.12
02.14.2002-12:00:00,02,14,2002,12,387.83
02.14.2002-15:00:00,02,14,2002,15,387.93
02.14.2002-18:00:00,02,14,2002,18,387.58
02.14.2002-21:00:00,02,14,2002,21,387.08
02.15.2002-00:00:00,02,15,2002,00,386.58
02.15.2002-03:00:00,02,15,2002,03,386.13
02.15.2002-06:00:00,02,15,2002,06,385.93
02.15.2002-09:00:00,02,15,2002,09,385.17
02.15.2002-12:00:00,02,15,2002,12,383.45
02.15.2002-15:00:00,02,15,2002,15,383.73
02.15.2002-18:00:00,02,15,2002,18,383.91
02.15.2002-21:00:00,02,15,2002,21,383.23
02.16.2002-00:00:00,02,16,2002,00,382.63
02.16.2002-03:00:00,02,16,2002,03,382.12
02.16.2002-06:00:00,02,16,2002,06,381.62
02.16.2002-09:00:00,02,16,2002,09,381.02
02.16.2002-12:00:00,02,16,2002,12,379.76
02.16.2002-15:00:00,02,16,2002,15,380.3
02.16.2002-18:00:00,02,16,2002,18,379.57
02.16.2002-21:00:00,02,16,2002,21,379.07
02.17.2002-00:00:00,02,17,2002,00,378.54
02.17.2002-03:00:00,02,17,2002,03,378.05
02.17.2002-06:00:00,02,17,2002,06,377.61
02.17.2002-09:00:00,02,17,2002,09,377.1
02.17.2002-12:00:00,02,17,2002,12,375.66
02.17.2002-15:00:00,02,17,2002,15,376.14
02.17.2002-18:00:00,02,17,2002,18,375.74
02.17.2002-21:00:00,02,17,2002,21,375.16
02.18.2002-00:00:00,02,18,2002,00,374.66
02.18.2002-03:00:00,02,18,2002,03,374.19
02.18.2002-06:00:00,02,18,2002,06,373.75
02.18.2002-09:00:00,02,18,2002,09,372.59
02.18.2002-12:00:00,02,18,2002,12,370.12
02.18.2002-15:00:00,02,18,2002,15,370.46
02.18.2002-18:00:00,02,18,2002,18,371.49
02.18.2002-21:00:00,02,18,2002,21,371.46
02.19.2002-00:00:00,02,19,2002,00,370.74
02.19.2002-03:00:00,02,19,2002,03,370.21
02.19.2002-06:00:00,02,19,2002,06,369.8
02.19.2002-09:00:00,02,19,2002,09,368.43
02.19.2002-12:00:00,02,19,2002,12,367.43
02.19.2002-15:00:00,02,19,2002,15,367.31
02.19.2002-18:00:00,02,19,2002,18,367.79
02.19.2002-21:00:00,02,19,2002,21,367.69
02.20.2002-00:00:00,02,20,2002,00,366.98
02.20.2002-03:00:00,02,20,2002,03,366.51
02.20.2002-06:00:00,02,20,2002,06,366.01
02.20.2002-09:00:00,02,20,2002,09,364.74
02.20.2002-12:00:00,02,20,2002,12,362.03
02.20.2002-15:00:00,02,20,2002,15,362.66
02.20.2002-18:00:00,02,20,2002,18,362.66
02.20.2002-21:00:00,02,20,2002,21,363.05
02.21.2002-00:00:00,02,21,2002,00,363.1
02.21.2002-03:00:00,02,21,2002,03,362.68
02.21.2002-06:00:00,02,21,2002,06,362.17
02.21.2002-09:00:00,02,21,2002,09,361.73
02.21.2002-12:00:00,02,21,2002,12,361.56
02.21.2002-15:00:00,02,21,2002,15,360.91
02.21.2002-18:00:00,02,21,2002,18,360.38
02.21.2002-21:00:00,02,21,2002,21,359.98
02.22.2002-00:00:00,02,22,2002,00,359.49
02.22.2002-03:00:00,02,22,2002,03,359.03
02.22.2002-06:00:00,02,22,2002,06,358.63
02.22.2002-09:00:00,02,22,2002,09,355.33
02.22.2002-12:00:00,02,22,2002,12,354.37
02.22.2002-15:00:00,02,22,2002,15,355.32
02.22.2002-18:00:00,02,22,2002,18,355.32
02.22.2002-21:00:00,02,22,2002,21,354.99
02.23.2002-00:00:00,02,23,2002,00,355.06
02.23.2002-03:00:00,02,23,2002,03,355.51
02.23.2002-06:00:00,02,23,2002,06,354.86
02.23.2002-09:00:00,02,23,2002,09,353.68
02.23.2002-12:00:00,02,23,2002,12,353.19
02.23.2002-15:00:00,02,23,2002,15,352.8
02.23.2002-18:00:00,02,23,2002,18,352.88
02.23.2002-21:00:00,02,23,2002,21,352.53
02.24.2002-00:00:00,02,24,2002,00,352.1
02.24.2002-03:00:00,02,24,2002,03,351.72
02.24.2002-06:00:00,02,24,2002,06,351.58
02.24.2002-09:00:00,02,24,2002,09,350.88
02.24.2002-12:00:00,02,24,2002,12,350.37
02.24.2002-15:00:00,02,24,2002,15,349.93
02.24.2002-18:00:00,02,24,2002,18,349.88
02.24.2002-21:00:00,02,24,2002,21,349.15
02.25.2002-00:00:00,02,25,2002,00,348.65
02.25.2002-03:00:00,02,25,2002,03,348.21
02.25.2002-06:00:00,02,25,2002,06,347.44
02.25.2002-09:00:00,02,25,2002,09,347.27
02.25.2002-12:00:00,02,25,2002,12,346.52
02.25.2002-15:00:00,02,25,2002,15,346.39
02.25.2002-18:00:00,02,25,2002,18,346
02.25.2002-21:00:00,02,25,2002,21,345.67
02.26.2002-00:00:00,02,26,2002,00,344.84
02.26.2002-03:00:00,02,26,2002,03,344.69
02.26.2002-06:00:00,02,26,2002,06,343.97
02.26.2002-09:00:00,02,26,2002,09,343.84
02.26.2002-12:00:00,02,26,2002,12,343.17
02.26.2002-15:00:00,02,26,2002,15,343
02.26.2002-18:00:00,02,26,2002,18,342.27
02.26.2002-21:00:00,02,26,2002,21,342.47
02.27.2002-00:00:00,02,27,2002,00,341.5
02.27.2002-03:00:00,02,27,2002,03,341.36
02.27.2002-06:00:00,02,27,2002,06,340.6
02.27.2002-09:00:00,02,27,2002,09,340.46
02.27.2002-12:00:00,02,27,2002,12,339.23
02.27.2002-15:00:00,02,27,2002,15,339.11
02.27.2002-18:00:00,02,27,2002,18,338.45
02.27.2002-21:00:00,02,27,2002,21,338.81
02.28.2002-00:00:00,02,28,2002,00,338.13
02.28.2002-03:00:00,02,28,2002,03,337.95
02.28.2002-06:00:00,02,28,2002,06,337.23
02.28.2002-09:00:00,02,28,2002,09,337.02
02.28.2002-12:00:00,02,28,2002,12,335.98
02.28.2002-15:00:00,02,28,2002,15,335.79
02.28.2002-18:00:00,02,28,2002,18,335.08
02.28.2002-21:00:00,02,28,2002,21,334.6
03.01.2002-00:00:00,03,01,2002,00,334.59
03.01.2002-03:00:00,03,01,2002,03,334.18
03.01.2002-06:00:00,03,01,2002,06,334.13
03.01.2002-09:00:00,03,01,2002,09,333.38
03.01.2002-12:00:00,03,01,2002,12,330.85
03.01.2002-15:00:00,03,01,2002,15,331.42
03.01.2002-18:00:00,03,01,2002,18,331.82
03.01.2002-21:00:00,03,01,2002,21,331.21
03.02.2002-00:00:00,03,02,2002,00,330.74
03.02.2002-03:00:00,03,02,2002,03,330.7
03.02.2002-06:00:00,03,02,2002,06,330.03
03.02.2002-09:00:00,03,02,2002,09,329.92
03.02.2002-12:00:00,03,02,2002,12,329.15
03.02.2002-15:00:00,03,02,2002,15,329.03
03.02.2002-18:00:00,03,02,2002,18,328.37
03.02.2002-21:00:00,03,02,2002,21,327.9
03.03.2002-00:00:00,03,03,2002,00,327.57
03.03.2002-03:00:00,03,03,2002,03,327.5
03.03.2002-06:00:00,03,03,2002,06,326.84
03.03.2002-09:00:00,03,03,2002,09,326.33
03.03.2002-12:00:00,03,03,2002,12,324.84
03.03.2002-15:00:00,03,03,2002,15,325.06
03.03.2002-18:00:00,03,03,2002,18,325.38
03.03.2002-21:00:00,03,03,2002,21,324.74
03.04.2002-00:00:00,03,04,2002,00,324.61
03.04.2002-03:00:00,03,04,2002,03,323.97
03.04.2002-06:00:00,03,04,2002,06,323.52
03.04.2002-09:00:00,03,04,2002,09,321.17
03.04.2002-12:00:00,03,04,2002,12,320.59
03.04.2002-15:00:00,03,04,2002,15,320.46
03.04.2002-18:00:00,03,04,2002,18,320.49
03.04.2002-21:00:00,03,04,2002,21,320.89
03.05.2002-00:00:00,03,05,2002,00,320.69
03.05.2002-03:00:00,03,05,2002,03,320.66
03.05.2002-06:00:00,03,05,2002,06,320.09
03.05.2002-09:00:00,03,05,2002,09,319.55
03.05.2002-12:00:00,03,05,2002,12,317.67
03.05.2002-15:00:00,03,05,2002,15,317.99
03.05.2002-18:00:00,03,05,2002,18,318.16
03.05.2002-21:00:00,03,05,2002,21,317.88
03.06.2002-00:00:00,03,06,2002,00,317.57
03.06.2002-03:00:00,03,06,2002,03,317.16
03.06.2002-06:00:00,03,06,2002,06,317.1
03.06.2002-09:00:00,03,06,2002,09,316.49
03.06.2002-12:00:00,03,06,2002,12,316.06
03.06.2002-15:00:00,03,06,2002,15,315.69
03.06.2002-18:00:00,03,06,2002,18,315.32
03.06.2002-21:00:00,03,06,2002,21,315.01
03.07.2002-00:00:00,03,07,2002,00,314.6
03.07.2002-03:00:00,03,07,2002,03,314.23
03.07.2002-06:00:00,03,07,2002,06,313.87
03.07.2002-09:00:00,03,07,2002,09,313.84
03.07.2002-12:00:00,03,07,2002,12,313.21
03.07.2002-15:00:00,03,07,2002,15,312.84
03.07.2002-18:00:00,03,07,2002,18,312.44
03.07.2002-21:00:00,03,07,2002,21,312.07
03.08.2002-00:00:00,03,08,2002,00,311.7
03.08.2002-03:00:00,03,08,2002,03,311.34
03.08.2002-06:00:00,03,08,2002,06,311.31
03.08.2002-09:00:00,03,08,2002,09,310.69
03.08.2002-12:00:00,03,08,2002,12,310.32
03.08.2002-15:00:00,03,08,2002,15,309.91
03.08.2002-18:00:00,03,08,2002,18,309.54
03.08.2002-21:00:00,03,08,2002,21,309.18
03.09.2002-00:00:00,03,09,2002,00,308.82
03.09.2002-03:00:00,03,09,2002,03,308.46
03.09.2002-06:00:00,03,09,2002,06,308.15
03.09.2002-09:00:00,03,09,2002,09,308.09
03.09.2002-12:00:00,03,09,2002,12,307.47
03.09.2002-15:00:00,03,09,2002,15,307.04
03.09.2002-18:00:00,03,09,2002,18,306.73
03.09.2002-21:00:00,03,09,2002,21,306.33
03.10.2002-00:00:00,03,10,2002,00,305.97
03.10.2002-03:00:00,03,10,2002,03,305.61
03.10.2002-06:00:00,03,10,2002,06,305.64
03.10.2002-09:00:00,03,10,2002,09,304.99
03.10.2002-12:00:00,03,10,2002,12,304.57
03.10.2002-15:00:00,03,10,2002,15,304.2
03.10.2002-18:00:00,03,10,2002,18,303.91
03.10.2002-21:00:00,03,10,2002,21,303.52
03.11.2002-00:00:00,03,11,2002,00,303.16
03.11.2002-03:00:00,03,11,2002,03,303.12
03.11.2002-06:00:00,03,11,2002,06,302.53
03.11.2002-09:00:00,03,11,2002,09,302.16
03.11.2002-12:00:00,03,11,2002,12,301.77
03.11.2002-15:00:00,03,11,2002,15,301.41
03.11.2002-18:00:00,03,11,2002,18,301.05
03.11.2002-21:00:00,03,11,2002,21,300.71
03.12.2002-00:00:00,03,12,2002,00,300.37
03.12.2002-03:00:00,03,12,2002,03,300.02
03.12.2002-06:00:00,03,12,2002,06,299.66
03.12.2002-09:00:00,03,12,2002,09,299
03.12.2002-12:00:00,03,12,2002,12,297.36
03.12.2002-15:00:00,03,12,2002,15,297.47
03.12.2002-18:00:00,03,12,2002,18,297.3
03.12.2002-21:00:00,03,12,2002,21,296.99
03.13.2002-00:00:00,03,13,2002,00,296.95
03.13.2002-03:00:00,03,13,2002,03,296.4
03.13.2002-06:00:00,03,13,2002,06,296.14
03.13.2002-09:00:00,03,13,2002,09,295.97
03.13.2002-12:00:00,03,13,2002,12,295.04
03.13.2002-15:00:00,03,13,2002,15,294.78
03.13.2002-18:00:00,03,13,2002,18,294.5
03.13.2002-21:00:00,03,13,2002,21,294.19
03.14.2002-00:00:00,03,14,2002,00,293.95
03.14.2002-03:00:00,03,14,2002,03,293.59
03.14.2002-06:00:00,03,14,2002,06,293.31
03.14.2002-09:00:00,03,14,2002,09,292.55
03.14.2002-12:00:00,03,14,2002,12,291.3
03.14.2002-15:00:00,03,14,2002,15,291.45
03.14.2002-18:00:00,03,14,2002,18,291.61
03.14.2002-21:00:00,03,14,2002,21,291.34
03.15.2002-00:00:00,03,15,2002,00,290.97
03.15.2002-03:00:00,03,15,2002,03,290.65
03.15.2002-06:00:00,03,15,2002,06,290.34
03.15.2002-09:00:00,03,15,2002,09,289.75
03.15.2002-12:00:00,03,15,2002,12,289.41
03.15.2002-15:00:00,03,15,2002,15,289.14
03.15.2002-18:00:00,03,15,2002,18,288.79
03.15.2002-21:00:00,03,15,2002,21,288.46
03.16.2002-00:00:00,03,16,2002,00,288.4
03.16.2002-03:00:00,03,16,2002,03,288.16
03.16.2002-06:00:00,03,16,2002,06,287.59
03.16.2002-09:00:00,03,16,2002,09,287.47
03.16.2002-12:00:00,03,16,2002,12,286.94
03.16.2002-15:00:00,03,16,2002,15,286.59
03.16.2002-18:00:00,03,16,2002,18,286.27
03.16.2002-21:00:00,03,16,2002,21,285.96
03.17.2002-00:00:00,03,17,2002,00,285.65
03.17.2002-03:00:00,03,17,2002,03,285.67
03.17.2002-06:00:00,03,17,2002,06,285.1
03.17.2002-09:00:00,03,17,2002,09,284.73
03.17.2002-12:00:00,03,17,2002,12,284.4
03.17.2002-15:00:00,03,17,2002,15,284.09
03.17.2002-18:00:00,03,17,2002,18,283.78
03.17.2002-21:00:00,03,17,2002,21,283.8
03.18.2002-00:00:00,03,18,2002,00,283.24
03.18.2002-03:00:00,03,18,2002,03,282.87
03.18.2002-06:00:00,03,18,2002,06,282.55
03.18.2002-09:00:00,03,18,2002,09,282.25
03.18.2002-12:00:00,03,18,2002,12,281.94
03.18.2002-15:00:00,03,18,2002,15,281.64
03.18.2002-18:00:00,03,18,2002,18,281.33
03.18.2002-21:00:00,03,18,2002,21,281.35
03.19.2002-00:00:00,03,19,2002,00,280.79
03.19.2002-03:00:00,03,19,2002,03,280.42
03.19.2002-06:00:00,03,19,2002,06,280.11
03.19.2002-09:00:00,03,19,2002,09,279.8
03.19.2002-12:00:00,03,19,2002,12,279.5
03.19.2002-15:00:00,03,19,2002,15,279.19
03.19.2002-18:00:00,03,19,2002,18,278.89
03.19.2002-21:00:00,03,19,2002,21,278.58
03.20.2002-00:00:00,03,20,2002,00,278.28
03.20.2002-03:00:00,03,20,2002,03,278.3
03.20.2002-06:00:00,03,20,2002,06,277.75
03.20.2002-09:00:00,03,20,2002,09,277.38
03.20.2002-12:00:00,03,20,2002,12,277.07
03.20.2002-15:00:00,03,20,2002,15,276.76
03.20.2002-18:00:00,03,20,2002,18,276.46
03.20.2002-21:00:00,03,20,2002,21,276.16
03.21.2002-00:00:00,03,21,2002,00,275.87
03.21.2002-03:00:00,03,21,2002,03,275.56
03.21.2002-06:00:00,03,21,2002,06,275.25
03.21.2002-09:00:00,03,21,2002,09,275.28
03.21.2002-12:00:00,03,21,2002,12,274.72
03.21.2002-15:00:00,03,21,2002,15,274.35
03.21.2002-18:00:00,03,21,2002,18,274.04
03.21.2002-21:00:00,03,21,2002,21,273.74
03.22.2002-00:00:00,03,22,2002,00,273.45
03.22.2002-03:00:00,03,22,2002,03,273.15
03.22.2002-06:00:00,03,22,2002,06,272.85
03.22.2002-09:00:00,03,22,2002,09,272.42
03.22.2002-12:00:00,03,22,2002,12,271.14
03.22.2002-15:00:00,03,22,2002,15,271.38
03.22.2002-18:00:00,03,22,2002,18,271.59
03.22.2002-21:00:00,03,22,2002,21,271.07
03.23.2002-00:00:00,03,23,2002,00,270.71
03.23.2002-03:00:00,03,23,2002,03,270.4
03.23.2002-06:00:00,03,23,2002,06,270.11
03.23.2002-09:00:00,03,23,2002,09,266.25
03.23.2002-12:00:00,03,23,2002,12,266.48
03.23.2002-15:00:00,03,23,2002,15,267.56
03.23.2002-18:00:00,03,23,2002,18,268.06
03.23.2002-21:00:00,03,23,2002,21,267.93
03.24.2002-00:00:00,03,24,2002,00,267.99
03.24.2002-03:00:00,03,24,2002,03,267.45
03.24.2002-06:00:00,03,24,2002,06,267.1
03.24.2002-09:00:00,03,24,2002,09,262.78
03.24.2002-12:00:00,03,24,2002,12,262.84
03.24.2002-15:00:00,03,24,2002,15,264.05
03.24.2002-18:00:00,03,24,2002,18,264.96
03.24.2002-21:00:00,03,24,2002,21,264.9
03.25.2002-00:00:00,03,25,2002,00,264.64
03.25.2002-03:00:00,03,25,2002,03,264.35
03.25.2002-06:00:00,03,25,2002,06,264.41
03.25.2002-09:00:00,03,25,2002,09,259.46
03.25.2002-12:00:00,03,25,2002,12,259.34
03.25.2002-15:00:00,03,25,2002,15,260.69
03.25.2002-18:00:00,03,25,2002,18,261.84
03.25.2002-21:00:00,03,25,2002,21,261.54
03.26.2002-00:00:00,03,26,2002,00,261.51
03.26.2002-03:00:00,03,26,2002,03,260.95
03.26.2002-06:00:00,03,26,2002,06,260.69
03.26.2002-09:00:00,03,26,2002,09,258.75
03.26.2002-12:00:00,03,26,2002,12,258.32
03.26.2002-15:00:00,03,26,2002,15,259.13
03.26.2002-18:00:00,03,26,2002,18,259.26
03.26.2002-21:00:00,03,26,2002,21,259.39
03.27.2002-00:00:00,03,27,2002,00,258.88
03.27.2002-03:00:00,03,27,2002,03,258.55
03.27.2002-06:00:00,03,27,2002,06,258.28
03.27.2002-09:00:00,03,27,2002,09,257.57
03.27.2002-12:00:00,03,27,2002,12,256.82
03.27.2002-15:00:00,03,27,2002,15,257.16
03.27.2002-18:00:00,03,27,2002,18,257.07
03.27.2002-21:00:00,03,27,2002,21,256.83
03.28.2002-00:00:00,03,28,2002,00,256.57
03.28.2002-03:00:00,03,28,2002,03,256.63
03.28.2002-06:00:00,03,28,2002,06,256.11
03.28.2002-09:00:00,03,28,2002,09,252.9
03.28.2002-12:00:00,03,28,2002,12,253.08
03.28.2002-15:00:00,03,28,2002,15,253.78
03.28.2002-18:00:00,03,28,2002,18,254.35
03.28.2002-21:00:00,03,28,2002,21,254.27
03.29.2002-00:00:00,03,29,2002,00,254.03
03.29.2002-03:00:00,03,29,2002,03,253.77
03.29.2002-06:00:00,03,29,2002,06,253.51
03.29.2002-09:00:00,03,29,2002,09,250.71
03.29.2002-12:00:00,03,29,2002,12,251.07
03.29.2002-15:00:00,03,29,2002,15,251.54
03.29.2002-18:00:00,03,29,2002,18,251.93
03.29.2002-21:00:00,03,29,2002,21,251.82
03.30.2002-00:00:00,03,30,2002,00,251.59
03.30.2002-03:00:00,03,30,2002,03,251.32
03.30.2002-06:00:00,03,30,2002,06,251.07
03.30.2002-09:00:00,03,30,2002,09,247.42
03.30.2002-12:00:00,03,30,2002,12,247.22
03.30.2002-15:00:00,03,30,2002,15,248.28
03.30.2002-18:00:00,03,30,2002,18,249.21
03.30.2002-21:00:00,03,30,2002,21,249.54
03.31.2002-00:00:00,03,31,2002,00,249.07
03.31.2002-03:00:00,03,31,2002,03,248.76
03.31.2002-06:00:00,03,31,2002,06,248.5
03.31.2002-09:00:00,03,31,2002,09,245.45
03.31.2002-12:00:00,03,31,2002,12,245.37
03.31.2002-15:00:00,03,31,2002,15,246.18
03.31.2002-18:00:00,03,31,2002,18,246.9
03.31.2002-21:00:00,03,31,2002,21,246.88
04.01.2002-00:00:00,04,01,2002,00,246.7
04.01.2002-03:00:00,04,01,2002,03,246.49
04.01.2002-06:00:00,04,01,2002,06,246.59
04.01.2002-09:00:00,04,01,2002,09,244.15
04.01.2002-12:00:00,04,01,2002,12,243.17
04.01.2002-15:00:00,04,01,2002,15,244.13
04.01.2002-18:00:00,04,01,2002,18,244.95
04.01.2002-21:00:00,04,01,2002,21,244.98
04.02.2002-00:00:00,04,02,2002,00,244.82
04.02.2002-03:00:00,04,02,2002,03,244.65
04.02.2002-06:00:00,04,02,2002,06,244.47
04.02.2002-09:00:00,04,02,2002,09,242.37
04.02.2002-12:00:00,04,02,2002,12,241.63
04.02.2002-15:00:00,04,02,2002,15,242.9
04.02.2002-18:00:00,04,02,2002,18,243.28
04.02.2002-21:00:00,04,02,2002,21,243.18
04.03.2002-00:00:00,04,03,2002,00,243.02
04.03.2002-03:00:00,04,03,2002,03,242.82
04.03.2002-06:00:00,04,03,2002,06,242.61
04.03.2002-09:00:00,04,03,2002,09,239.52
04.03.2002-12:00:00,04,03,2002,12,237.74
04.03.2002-15:00:00,04,03,2002,15,238.61
04.03.2002-18:00:00,04,03,2002,18,240.5
04.03.2002-21:00:00,04,03,2002,21,241.02
04.04.2002-00:00:00,04,04,2002,00,240.96
04.04.2002-03:00:00,04,04,2002,03,240.8
04.04.2002-06:00:00,04,04,2002,06,240.95
04.04.2002-09:00:00,04,04,2002,09,236.92
04.04.2002-12:00:00,04,04,2002,12,235.52
04.04.2002-15:00:00,04,04,2002,15,235.16
04.04.2002-18:00:00,04,04,2002,18,236.29
04.04.2002-21:00:00,04,04,2002,21,238.16
04.05.2002-00:00:00,04,05,2002,00,239.01
04.05.2002-03:00:00,04,05,2002,03,239.1
04.05.2002-06:00:00,04,05,2002,06,239.03
04.05.2002-09:00:00,04,05,2002,09,235.67
04.05.2002-12:00:00,04,05,2002,12,234.63
04.05.2002-15:00:00,04,05,2002,15,234.91
04.05.2002-18:00:00,04,05,2002,18,236.66
04.05.2002-21:00:00,04,05,2002,21,237.73
04.06.2002-00:00:00,04,06,2002,00,237.98
04.06.2002-03:00:00,04,06,2002,03,238
04.06.2002-06:00:00,04,06,2002,06,237.94
04.06.2002-09:00:00,04,06,2002,09,235.11
04.06.2002-12:00:00,04,06,2002,12,233.79
04.06.2002-15:00:00,04,06,2002,15,234.48
04.06.2002-18:00:00,04,06,2002,18,236.46
04.06.2002-21:00:00,04,06,2002,21,237.85
04.07.2002-00:00:00,04,07,2002,00,237.9
04.07.2002-03:00:00,04,07,2002,03,237.92
04.07.2002-06:00:00,04,07,2002,06,237.94
04.07.2002-09:00:00,04,07,2002,09,235.41
04.07.2002-12:00:00,04,07,2002,12,234.28
04.07.2002-15:00:00,04,07,2002,15,235.3
04.07.2002-18:00:00,04,07,2002,18,237.35
04.07.2002-21:00:00,04,07,2002,21,237.98
04.08.2002-00:00:00,04,08,2002,00,238.15
04.08.2002-03:00:00,04,08,2002,03,238.22
04.08.2002-06:00:00,04,08,2002,06,238.61
04.08.2002-09:00:00,04,08,2002,09,235.13
04.08.2002-12:00:00,04,08,2002,12,234.05
04.08.2002-15:00:00,04,08,2002,15,234.4
04.08.2002-18:00:00,04,08,2002,18,236.19
04.08.2002-21:00:00,04,08,2002,21,237.71
04.09.2002-00:00:00,04,09,2002,00,238.34
04.09.2002-03:00:00,04,09,2002,03,238.57
04.09.2002-06:00:00,04,09,2002,06,238.7
04.09.2002-09:00:00,04,09,2002,09,236.96
04.09.2002-12:00:00,04,09,2002,12,236.43
04.09.2002-15:00:00,04,09,2002,15,237.57
04.09.2002-18:00:00,04,09,2002,18,239.48
04.09.2002-21:00:00,04,09,2002,21,239.72
04.10.2002-00:00:00,04,10,2002,00,239.91
04.10.2002-03:00:00,04,10,2002,03,240.11
04.10.2002-06:00:00,04,10,2002,06,240.26
04.10.2002-09:00:00,04,10,2002,09,237.12
04.10.2002-12:00:00,04,10,2002,12,236.05
04.10.2002-15:00:00,04,10,2002,15,236
04.10.2002-18:00:00,04,10,2002,18,236.26
04.10.2002-21:00:00,04,10,2002,21,238.24
04.11.2002-00:00:00,04,11,2002,00,239.66
04.11.2002-03:00:00,04,11,2002,03,240.86
04.11.2002-06:00:00,04,11,2002,06,240.53
04.11.2002-09:00:00,04,11,2002,09,238.37
04.11.2002-12:00:00,04,11,2002,12,238.3
04.11.2002-15:00:00,04,11,2002,15,239.06
04.11.2002-18:00:00,04,11,2002,18,240.58
04.11.2002-21:00:00,04,11,2002,21,243.01
04.12.2002-00:00:00,04,12,2002,00,244.49
04.12.2002-03:00:00,04,12,2002,03,245.81
04.12.2002-06:00:00,04,12,2002,06,246.39
04.12.2002-09:00:00,04,12,2002,09,243.94
04.12.2002-12:00:00,04,12,2002,12,243.42
04.12.2002-15:00:00,04,12,2002,15,244.27
04.12.2002-18:00:00,04,12,2002,18,245.8
04.12.2002-21:00:00,04,12,2002,21,248.47
04.13.2002-00:00:00,04,13,2002,00,250.42
04.13.2002-03:00:00,04,13,2002,03,252.08
04.13.2002-06:00:00,04,13,2002,06,252.67
04.13.2002-09:00:00,04,13,2002,09,251
04.13.2002-12:00:00,04,13,2002,12,259.34
04.13.2002-15:00:00,04,13,2002,15,275.63
04.13.2002-18:00:00,04,13,2002,18,279.87
04.13.2002-21:00:00,04,13,2002,21,286.83
04.14.2002-00:00:00,04,14,2002,00,273.37
04.14.2002-03:00:00,04,14,2002,03,269.42
04.14.2002-06:00:00,04,14,2002,06,274.64
04.14.2002-09:00:00,04,14,2002,09,313.43
04.14.2002-12:00:00,04,14,2002,12,336.7
04.14.2002-15:00:00,04,14,2002,15,337.7
04.14.2002-18:00:00,04,14,2002,18,327.44
04.14.2002-21:00:00,04,14,2002,21,312.84
04.15.2002-00:00:00,04,15,2002,00,304.59
04.15.2002-03:00:00,04,15,2002,03,306.61
04.15.2002-06:00:00,04,15,2002,06,308.38
04.15.2002-09:00:00,04,15,2002,09,304.41
04.15.2002-12:00:00,04,15,2002,12,302.13
04.15.2002-15:00:00,04,15,2002,15,327.71
04.15.2002-18:00:00,04,15,2002,18,330.59
04.15.2002-21:00:00,04,15,2002,21,323.4
04.16.2002-00:00:00,04,16,2002,00,323.58
04.16.2002-03:00:00,04,16,2002,03,324.53
04.16.2002-06:00:00,04,16,2002,06,324.37
04.16.2002-09:00:00,04,16,2002,09,317.47
04.16.2002-12:00:00,04,16,2002,12,326.85
04.16.2002-15:00:00,04,16,2002,15,346.88
04.16.2002-18:00:00,04,16,2002,18,349.71
04.16.2002-21:00:00,04,16,2002,21,342.58
04.17.2002-00:00:00,04,17,2002,00,343.61
04.17.2002-03:00:00,04,17,2002,03,344.27
04.17.2002-06:00:00,04,17,2002,06,343.67
04.17.2002-09:00:00,04,17,2002,09,331.14
04.17.2002-12:00:00,04,17,2002,12,328.18
04.17.2002-15:00:00,04,17,2002,15,351.19
04.17.2002-18:00:00,04,17,2002,18,387.28
04.17.2002-21:00:00,04,17,2002,21,355.44
04.18.2002-00:00:00,04,18,2002,00,353.95
04.18.2002-03:00:00,04,18,2002,03,355.14
04.18.2002-06:00:00,04,18,2002,06,354.61
04.18.2002-09:00:00,04,18,2002,09,336.11
04.18.2002-12:00:00,04,18,2002,12,330.4
04.18.2002-15:00:00,04,18,2002,15,356.29
04.18.2002-18:00:00,04,18,2002,18,396.66
04.18.2002-21:00:00,04,18,2002,21,358.92
04.19.2002-00:00:00,04,19,2002,00,357.58
04.19.2002-03:00:00,04,19,2002,03,358.54
04.19.2002-06:00:00,04,19,2002,06,358.19
04.19.2002-09:00:00,04,19,2002,09,339.09
04.19.2002-12:00:00,04,19,2002,12,422.63
04.19.2002-15:00:00,04,19,2002,15,469.71
04.19.2002-18:00:00,04,19,2002,18,438.48
04.19.2002-21:00:00,04,19,2002,21,403.32
04.20.2002-00:00:00,04,20,2002,00,389.86
04.20.2002-03:00:00,04,20,2002,03,381.41
04.20.2002-06:00:00,04,20,2002,06,377.23
04.20.2002-09:00:00,04,20,2002,09,486.23
04.20.2002-12:00:00,04,20,2002,12,647.91
04.20.2002-15:00:00,04,20,2002,15,602.7
04.20.2002-18:00:00,04,20,2002,18,555.97
04.20.2002-21:00:00,04,20,2002,21,502.63
04.21.2002-00:00:00,04,21,2002,00,511.56
04.21.2002-03:00:00,04,21,2002,03,503.89
04.21.2002-06:00:00,04,21,2002,06,506.66
04.21.2002-09:00:00,04,21,2002,09,594.79
04.21.2002-12:00:00,04,21,2002,12,709.9
04.21.2002-15:00:00,04,21,2002,15,695.38
04.21.2002-18:00:00,04,21,2002,18,694.54
04.21.2002-21:00:00,04,21,2002,21,662.96
04.22.2002-00:00:00,04,22,2002,00,617.28
04.22.2002-03:00:00,04,22,2002,03,585.78
04.22.2002-06:00:00,04,22,2002,06,575.06
04.22.2002-09:00:00,04,22,2002,09,768
04.22.2002-12:00:00,04,22,2002,12,920.2
04.22.2002-15:00:00,04,22,2002,15,805.51
04.22.2002-18:00:00,04,22,2002,18,756.35
04.22.2002-21:00:00,04,22,2002,21,699.82
04.23.2002-00:00:00,04,23,2002,00,596.41
04.23.2002-03:00:00,04,23,2002,03,598.44
04.23.2002-06:00:00,04,23,2002,06,606.57
04.23.2002-09:00:00,04,23,2002,09,571.7
04.23.2002-12:00:00,04,23,2002,12,564.13
04.23.2002-15:00:00,04,23,2002,15,638.28
04.23.2002-18:00:00,04,23,2002,18,629.4
04.23.2002-21:00:00,04,23,2002,21,640.89
04.24.2002-00:00:00,04,24,2002,00,651.49
04.24.2002-03:00:00,04,24,2002,03,654.65
04.24.2002-06:00:00,04,24,2002,06,659.47
04.24.2002-09:00:00,04,24,2002,09,588.2
04.24.2002-12:00:00,04,24,2002,12,563.39
04.24.2002-15:00:00,04,24,2002,15,618.63
04.24.2002-18:00:00,04,24,2002,18,656.79
04.24.2002-21:00:00,04,24,2002,21,663.9
04.25.2002-00:00:00,04,25,2002,00,666.83
04.25.2002-03:00:00,04,25,2002,03,668.13
04.25.2002-06:00:00,04,25,2002,06,661.19
04.25.2002-09:00:00,04,25,2002,09,587.82
04.25.2002-12:00:00,04,25,2002,12,645.88
04.25.2002-15:00:00,04,25,2002,15,793.73
04.25.2002-18:00:00,04,25,2002,18,843.88
04.25.2002-21:00:00,04,25,2002,21,787.01
04.26.2002-00:00:00,04,26,2002,00,697.53
04.26.2002-03:00:00,04,26,2002,03,693.96
04.26.2002-06:00:00,04,26,2002,06,686.13
04.26.2002-09:00:00,04,26,2002,09,612.8
04.26.2002-12:00:00,04,26,2002,12,895.2
04.26.2002-15:00:00,04,26,2002,15,988.64
04.26.2002-18:00:00,04,26,2002,18,925.78
04.26.2002-21:00:00,04,26,2002,21,831.95
04.27.2002-00:00:00,04,27,2002,00,797.2
04.27.2002-03:00:00,04,27,2002,03,775.27
04.27.2002-06:00:00,04,27,2002,06,775.79
04.27.2002-09:00:00,04,27,2002,09,1113.7
04.27.2002-12:00:00,04,27,2002,12,1484.4
04.27.2002-15:00:00,04,27,2002,15,1307.7
04.27.2002-18:00:00,04,27,2002,18,1160.2
04.27.2002-21:00:00,04,27,2002,21,1029.4
04.28.2002-00:00:00,04,28,2002,00,921.32
04.28.2002-03:00:00,04,28,2002,03,858.26
04.28.2002-06:00:00,04,28,2002,06,839.13
04.28.2002-09:00:00,04,28,2002,09,1116.5
04.28.2002-12:00:00,04,28,2002,12,2021.2
04.28.2002-15:00:00,04,28,2002,15,1740.2
04.28.2002-18:00:00,04,28,2002,18,1436.5
04.28.2002-21:00:00,04,28,2002,21,1195.8
04.29.2002-00:00:00,04,29,2002,00,1081
04.29.2002-03:00:00,04,29,2002,03,1003.5
04.29.2002-06:00:00,04,29,2002,06,977.11
04.29.2002-09:00:00,04,29,2002,09,1574.3
04.29.2002-12:00:00,04,29,2002,12,2604.7
04.29.2002-15:00:00,04,29,2002,15,2295.6
04.29.2002-18:00:00,04,29,2002,18,1922.4
04.29.2002-21:00:00,04,29,2002,21,1611.1
04.30.2002-00:00:00,04,30,2002,00,1574.8
04.30.2002-03:00:00,04,30,2002,03,1534.7
04.30.2002-06:00:00,04,30,2002,06,1592.4
04.30.2002-09:00:00,04,30,2002,09,2646.7
04.30.2002-12:00:00,04,30,2002,12,3833.9
04.30.2002-15:00:00,04,30,2002,15,3494.6
04.30.2002-18:00:00,04,30,2002,18,2938.2
04.30.2002-21:00:00,04,30,2002,21,2497.6
05.01.2002-00:00:00,05,01,2002,00,2109.1
05.01.2002-03:00:00,05,01,2002,03,1835
05.01.2002-06:00:00,05,01,2002,06,1724.1
05.01.2002-09:00:00,05,01,2002,09,3053.5
05.01.2002-12:00:00,05,01,2002,12,4597.5
05.01.2002-15:00:00,05,01,2002,15,4046.6
05.01.2002-18:00:00,05,01,2002,18,3294.5
05.01.2002-21:00:00,05,01,2002,21,2814.2
05.02.2002-00:00:00,05,02,2002,00,2692.7
05.02.2002-03:00:00,05,02,2002,03,2583.7
05.02.2002-06:00:00,05,02,2002,06,2660.8
05.02.2002-09:00:00,05,02,2002,09,4511.4
05.02.2002-12:00:00,05,02,2002,12,5959.9
05.02.2002-15:00:00,05,02,2002,15,5152.8
05.02.2002-18:00:00,05,02,2002,18,4298.6
05.02.2002-21:00:00,05,02,2002,21,3733.6
05.03.2002-00:00:00,05,03,2002,00,3228.6
05.03.2002-03:00:00,05,03,2002,03,2898.2
05.03.2002-06:00:00,05,03,2002,06,2807
05.03.2002-09:00:00,05,03,2002,09,3544.2
05.03.2002-12:00:00,05,03,2002,12,5435.7
05.03.2002-15:00:00,05,03,2002,15,4697.9
05.03.2002-18:00:00,05,03,2002,18,3782.6
05.03.2002-21:00:00,05,03,2002,21,3348.6
05.04.2002-00:00:00,05,04,2002,00,3188.5
05.04.2002-03:00:00,05,04,2002,03,3202.5
05.04.2002-06:00:00,05,04,2002,06,3212.5
05.04.2002-09:00:00,05,04,2002,09,2970.9
05.04.2002-12:00:00,05,04,2002,12,3741.1
05.04.2002-15:00:00,05,04,2002,15,4166.6
05.04.2002-18:00:00,05,04,2002,18,3765.3
05.04.2002-21:00:00,05,04,2002,21,3485.6
05.05.2002-00:00:00,05,05,2002,00,3427.1
05.05.2002-03:00:00,05,05,2002,03,3434.3
05.05.2002-06:00:00,05,05,2002,06,3357.2
05.05.2002-09:00:00,05,05,2002,09,3442.4
05.05.2002-12:00:00,05,05,2002,12,5314
05.05.2002-15:00:00,05,05,2002,15,5036.8
05.05.2002-18:00:00,05,05,2002,18,4184.6
05.05.2002-21:00:00,05,05,2002,21,3748.6
05.06.2002-00:00:00,05,06,2002,00,3643.5
05.06.2002-03:00:00,05,06,2002,03,3662.1
05.06.2002-06:00:00,05,06,2002,06,3682.9
05.06.2002-09:00:00,05,06,2002,09,3387.4
05.06.2002-12:00:00,05,06,2002,12,3438.5
05.06.2002-15:00:00,05,06,2002,15,4034.8
05.06.2002-18:00:00,05,06,2002,18,3936.4
05.06.2002-21:00:00,05,06,2002,21,3752.4
05.07.2002-00:00:00,05,07,2002,00,3734.9
05.07.2002-03:00:00,05,07,2002,03,3742.5
05.07.2002-06:00:00,05,07,2002,06,3693.3
05.07.2002-09:00:00,05,07,2002,09,3424.7
05.07.2002-12:00:00,05,07,2002,12,4546.8
05.07.2002-15:00:00,05,07,2002,15,4947.1
05.07.2002-18:00:00,05,07,2002,18,4319.4
05.07.2002-21:00:00,05,07,2002,21,3958.6
05.08.2002-00:00:00,05,08,2002,00,3907.1
05.08.2002-03:00:00,05,08,2002,03,3926.3
05.08.2002-06:00:00,05,08,2002,06,3922.2
05.08.2002-09:00:00,05,08,2002,09,3472.6
05.08.2002-12:00:00,05,08,2002,12,4461.2
05.08.2002-15:00:00,05,08,2002,15,5438.8
05.08.2002-18:00:00,05,08,2002,18,4563.6
05.08.2002-21:00:00,05,08,2002,21,4103.6
05.09.2002-00:00:00,05,09,2002,00,4050.5
05.09.2002-03:00:00,05,09,2002,03,4062.9
05.09.2002-06:00:00,05,09,2002,06,4008.1
05.09.2002-09:00:00,05,09,2002,09,3502.6
05.09.2002-12:00:00,05,09,2002,12,3418.2
05.09.2002-15:00:00,05,09,2002,15,4080.3
05.09.2002-18:00:00,05,09,2002,18,4442.1
05.09.2002-21:00:00,05,09,2002,21,4132.9
05.10.2002-00:00:00,05,10,2002,00,4107.6
05.10.2002-03:00:00,05,10,2002,03,4111.1
05.10.2002-06:00:00,05,10,2002,06,3967.9
05.10.2002-09:00:00,05,10,2002,09,3412.6
05.10.2002-12:00:00,05,10,2002,12,4997.1
05.10.2002-15:00:00,05,10,2002,15,5939.6
05.10.2002-18:00:00,05,10,2002,18,5337.4
05.10.2002-21:00:00,05,10,2002,21,4683.8
05.11.2002-00:00:00,05,11,2002,00,4451.8
05.11.2002-03:00:00,05,11,2002,03,4320.8
05.11.2002-06:00:00,05,11,2002,06,4296.6
05.11.2002-09:00:00,05,11,2002,09,7177
05.11.2002-12:00:00,05,11,2002,12,11670
05.11.2002-15:00:00,05,11,2002,15,10619
05.11.2002-18:00:00,05,11,2002,18,8002.9
05.11.2002-21:00:00,05,11,2002,21,6652.1
05.12.2002-00:00:00,05,12,2002,00,5775.1
05.12.2002-03:00:00,05,12,2002,03,5280.4
05.12.2002-06:00:00,05,12,2002,06,5038.4
05.12.2002-09:00:00,05,12,2002,09,9400.7
05.12.2002-12:00:00,05,12,2002,12,14426
05.12.2002-15:00:00,05,12,2002,15,12507
05.12.2002-18:00:00,05,12,2002,18,9400.9
05.12.2002-21:00:00,05,12,2002,21,7818
05.13.2002-00:00:00,05,13,2002,00,7058.4
05.13.2002-03:00:00,05,13,2002,03,6567.7
05.13.2002-06:00:00,05,13,2002,06,6490.1
05.13.2002-09:00:00,05,13,2002,09,12437
05.13.2002-12:00:00,05,13,2002,12,17867
05.13.2002-15:00:00,05,13,2002,15,15668
05.13.2002-18:00:00,05,13,2002,18,11847
05.13.2002-21:00:00,05,13,2002,21,9932.1
05.14.2002-00:00:00,05,14,2002,00,9239.3
05.14.2002-03:00:00,05,14,2002,03,8293.1
05.14.2002-06:00:00,05,14,2002,06,8203.1
05.14.2002-09:00:00,05,14,2002,09,11820
05.14.2002-12:00:00,05,14,2002,12,15455
05.14.2002-15:00:00,05,14,2002,15,13929
05.14.2002-18:00:00,05,14,2002,18,11304
05.14.2002-21:00:00,05,14,2002,21,9949.1
05.15.2002-00:00:00,05,15,2002,00,9046.2
05.15.2002-03:00:00,05,15,2002,03,8754.2
05.15.2002-06:00:00,05,15,2002,06,8440.4
05.15.2002-09:00:00,05,15,2002,09,10427
05.15.2002-12:00:00,05,15,2002,12,17652
05.15.2002-15:00:00,05,15,2002,15,15666
05.15.2002-18:00:00,05,15,2002,18,12407
05.15.2002-21:00:00,05,15,2002,21,10761
05.16.2002-00:00:00,05,16,2002,00,9813.7
05.16.2002-03:00:00,05,16,2002,03,9615.2
05.16.2002-06:00:00,05,16,2002,06,9108
05.16.2002-09:00:00,05,16,2002,09,11763
05.16.2002-12:00:00,05,16,2002,12,20260
05.16.2002-15:00:00,05,16,2002,15,18574
05.16.2002-18:00:00,05,16,2002,18,14729
05.16.2002-21:00:00,05,16,2002,21,12746
05.17.2002-00:00:00,05,17,2002,00,12243
05.17.2002-03:00:00,05,17,2002,03,11903
05.17.2002-06:00:00,05,17,2002,06,12629
05.17.2002-09:00:00,05,17,2002,09,19900
05.17.2002-12:00:00,05,17,2002,12,24541
05.17.2002-15:00:00,05,17,2002,15,22206
05.17.2002-18:00:00,05,17,2002,18,18618
05.17.2002-21:00:00,05,17,2002,21,16479
05.18.2002-00:00:00,05,18,2002,00,14750
05.18.2002-03:00:00,05,18,2002,03,13553
05.18.2002-06:00:00,05,18,2002,06,13423
05.18.2002-09:00:00,05,18,2002,09,20996
05.18.2002-12:00:00,05,18,2002,12,27191
05.18.2002-15:00:00,05,18,2002,15,24889
05.18.2002-18:00:00,05,18,2002,18,20464
05.18.2002-21:00:00,05,18,2002,21,18010
05.19.2002-00:00:00,05,19,2002,00,16981
05.19.2002-03:00:00,05,19,2002,03,16157
05.19.2002-06:00:00,05,19,2002,06,16927
05.19.2002-09:00:00,05,19,2002,09,25471
05.19.2002-12:00:00,05,19,2002,12,31759
05.19.2002-15:00:00,05,19,2002,15,29886
05.19.2002-18:00:00,05,19,2002,18,25889
05.19.2002-21:00:00,05,19,2002,21,23172
05.20.2002-00:00:00,05,20,2002,00,25987
05.20.2002-03:00:00,05,20,2002,03,27362
05.20.2002-06:00:00,05,20,2002,06,31437
05.20.2002-09:00:00,05,20,2002,09,39560
05.20.2002-12:00:00,05,20,2002,12,46767
05.20.2002-15:00:00,05,20,2002,15,46684
05.20.2002-18:00:00,05,20,2002,18,44264
05.20.2002-21:00:00,05,20,2002,21,42234
05.21.2002-00:00:00,05,21,2002,00,40245
05.21.2002-03:00:00,05,21,2002,03,38145
05.21.2002-06:00:00,05,21,2002,06,39051
05.21.2002-09:00:00,05,21,2002,09,42544
05.21.2002-12:00:00,05,21,2002,12,46391
05.21.2002-15:00:00,05,21,2002,15,46716
05.21.2002-18:00:00,05,21,2002,18,45942
05.21.2002-21:00:00,05,21,2002,21,45203
05.22.2002-00:00:00,05,22,2002,00,42833
05.22.2002-03:00:00,05,22,2002,03,41335
05.22.2002-06:00:00,05,22,2002,06,41473
05.22.2002-09:00:00,05,22,2002,09,43272
05.22.2002-12:00:00,05,22,2002,12,45133
05.22.2002-15:00:00,05,22,2002,15,45156
05.22.2002-18:00:00,05,22,2002,18,44504
05.22.2002-21:00:00,05,22,2002,21,43231
05.23.2002-00:00:00,05,23,2002,00,40808
05.23.2002-03:00:00,05,23,2002,03,38254
05.23.2002-06:00:00,05,23,2002,06,39352
05.23.2002-09:00:00,05,23,2002,09,49631
05.23.2002-12:00:00,05,23,2002,12,58960
05.23.2002-15:00:00,05,23,2002,15,58755
05.23.2002-18:00:00,05,23,2002,18,55172
05.23.2002-21:00:00,05,23,2002,21,51803
05.24.2002-00:00:00,05,24,2002,00,48474
05.24.2002-03:00:00,05,24,2002,03,45793
05.24.2002-06:00:00,05,24,2002,06,43460
05.24.2002-09:00:00,05,24,2002,09,47095
05.24.2002-12:00:00,05,24,2002,12,60463
05.24.2002-15:00:00,05,24,2002,15,61772
05.24.2002-18:00:00,05,24,2002,18,56954
05.24.2002-21:00:00,05,24,2002,21,52468
05.25.2002-00:00:00,05,25,2002,00,50241
05.25.2002-03:00:00,05,25,2002,03,47806
05.25.2002-06:00:00,05,25,2002,06,48338
05.25.2002-09:00:00,05,25,2002,09,58328
05.25.2002-12:00:00,05,25,2002,12,69425
05.25.2002-15:00:00,05,25,2002,15,70927
05.25.2002-18:00:00,05,25,2002,18,68231
05.25.2002-21:00:00,05,25,2002,21,64478
05.26.2002-00:00:00,05,26,2002,00,60448
05.26.2002-03:00:00,05,26,2002,03,56521
05.26.2002-06:00:00,05,26,2002,06,54157
05.26.2002-09:00:00,05,26,2002,09,64729
05.26.2002-12:00:00,05,26,2002,12,77974
05.26.2002-15:00:00,05,26,2002,15,80660
05.26.2002-18:00:00,05,26,2002,18,76571
05.26.2002-21:00:00,05,26,2002,21,71441
05.27.2002-00:00:00,05,27,2002,00,67875
05.27.2002-03:00:00,05,27,2002,03,63502
05.27.2002-06:00:00,05,27,2002,06,62326
05.27.2002-09:00:00,05,27,2002,09,73525
05.27.2002-12:00:00,05,27,2002,12,87655
05.27.2002-15:00:00,05,27,2002,15,91524
05.27.2002-18:00:00,05,27,2002,18,88252
05.27.2002-21:00:00,05,27,2002,21,83480
05.28.2002-00:00:00,05,28,2002,00,79975
05.28.2002-03:00:00,05,28,2002,03,76941
05.28.2002-06:00:00,05,28,2002,06,79599
05.28.2002-09:00:00,05,28,2002,09,90638
05.28.2002-12:00:00,05,28,2002,12,1.0447e+05
05.28.2002-15:00:00,05,28,2002,15,1.0999e+05
05.28.2002-18:00:00,05,28,2002,18,1.0681e+05
05.28.2002-21:00:00,05,28,2002,21,1.035e+05
05.29.2002-00:00:00,05,29,2002,00,96489
05.29.2002-03:00:00,05,29,2002,03,91661
05.29.2002-06:00:00,05,29,2002,06,90184
05.29.2002-09:00:00,05,29,2002,09,99590
05.29.2002-12:00:00,05,29,2002,12,1.1167e+05
05.29.2002-15:00:00,05,29,2002,15,1.1539e+05
05.29.2002-18:00:00,05,29,2002,18,1.1054e+05
05.29.2002-21:00:00,05,29,2002,21,1.0518e+05
05.30.2002-00:00:00,05,30,2002,00,97067
05.30.2002-03:00:00,05,30,2002,03,90290
05.30.2002-06:00:00,05,30,2002,06,85826
05.30.2002-09:00:00,05,30,2002,09,95751
05.30.2002-12:00:00,05,30,2002,12,1.0898e+05
05.30.2002-15:00:00,05,30,2002,15,1.1408e+05
05.30.2002-18:00:00,05,30,2002,18,1.0888e+05
05.30.2002-21:00:00,05,30,2002,21,1.03e+05
05.31.2002-00:00:00,05,31,2002,00,96314
05.31.2002-03:00:00,05,31,2002,03,90521
05.31.2002-06:00:00,05,31,2002,06,87217
05.31.2002-09:00:00,05,31,2002,09,93935
05.31.2002-12:00:00,05,31,2002,12,1.0381e+05
05.31.2002-15:00:00,05,31,2002,15,1.0707e+05
05.31.2002-18:00:00,05,31,2002,18,1.0339e+05
05.31.2002-21:00:00,05,31,2002,21,98207
06.01.2002-00:00:00,06,01,2002,00,92307
06.01.2002-03:00:00,06,01,2002,03,86987
06.01.2002-06:00:00,06,01,2002,06,84234
06.01.2002-09:00:00,06,01,2002,09,93042
06.01.2002-12:00:00,06,01,2002,12,1.056e+05
06.01.2002-15:00:00,06,01,2002,15,1.1019e+05
06.01.2002-18:00:00,06,01,2002,18,1.0728e+05
06.01.2002-21:00:00,06,01,2002,21,1.0247e+05
06.02.2002-00:00:00,06,02,2002,00,97805
06.02.2002-03:00:00,06,02,2002,03,93157
06.02.2002-06:00:00,06,02,2002,06,92477
06.02.2002-09:00:00,06,02,2002,09,1.0022e+05
06.02.2002-12:00:00,06,02,2002,12,1.1053e+05
06.02.2002-15:00:00,06,02,2002,15,1.1421e+05
06.02.2002-18:00:00,06,02,2002,18,1.1237e+05
06.02.2002-21:00:00,06,02,2002,21,1.083e+05
06.03.2002-00:00:00,06,03,2002,00,1.0289e+05
06.03.2002-03:00:00,06,03,2002,03,97243
06.03.2002-06:00:00,06,03,2002,06,93822
06.03.2002-09:00:00,06,03,2002,09,99530
06.03.2002-12:00:00,06,03,2002,12,1.091e+05
06.03.2002-15:00:00,06,03,2002,15,1.1276e+05
06.03.2002-18:00:00,06,03,2002,18,1.0972e+05
06.03.2002-21:00:00,06,03,2002,21,1.057e+05
06.04.2002-00:00:00,06,04,2002,00,1.0111e+05
06.04.2002-03:00:00,06,04,2002,03,97396
06.04.2002-06:00:00,06,04,2002,06,96437
06.04.2002-09:00:00,06,04,2002,09,1.0151e+05
06.04.2002-12:00:00,06,04,2002,12,1.0903e+05
06.04.2002-15:00:00,06,04,2002,15,1.1286e+05
06.04.2002-18:00:00,06,04,2002,18,1.1248e+05
06.04.2002-21:00:00,06,04,2002,21,1.1015e+05
06.05.2002-00:00:00,06,05,2002,00,1.0673e+05
06.05.2002-03:00:00,06,05,2002,03,1.0285e+05
06.05.2002-06:00:00,06,05,2002,06,1.0094e+05
06.05.2002-09:00:00,06,05,2002,09,1.0442e+05
06.05.2002-12:00:00,06,05,2002,12,1.1065e+05
06.05.2002-15:00:00,06,05,2002,15,1.1284e+05
06.05.2002-18:00:00,06,05,2002,18,1.1217e+05
06.05.2002-21:00:00,06,05,2002,21,1.0852e+05
06.06.2002-00:00:00,06,06,2002,00,1.0489e+05
06.06.2002-03:00:00,06,06,2002,03,1.005e+05
06.06.2002-06:00:00,06,06,2002,06,96751
06.06.2002-09:00:00,06,06,2002,09,95165
06.06.2002-12:00:00,06,06,2002,12,96302
06.06.2002-15:00:00,06,06,2002,15,95493
06.06.2002-18:00:00,06,06,2002,18,93048
06.06.2002-21:00:00,06,06,2002,21,89259
06.07.2002-00:00:00,06,07,2002,00,84981
06.07.2002-03:00:00,06,07,2002,03,80403
06.07.2002-06:00:00,06,07,2002,06,75937
06.07.2002-09:00:00,06,07,2002,09,73049
06.07.2002-12:00:00,06,07,2002,12,74905
06.07.2002-15:00:00,06,07,2002,15,74703
06.07.2002-18:00:00,06,07,2002,18,72154
06.07.2002-21:00:00,06,07,2002,21,68985
06.08.2002-00:00:00,06,08,2002,00,66708
06.08.2002-03:00:00,06,08,2002,03,64444
06.08.2002-06:00:00,06,08,2002,06,62485
06.08.2002-09:00:00,06,08,2002,09,59475
06.08.2002-12:00:00,06,08,2002,12,58309
06.08.2002-15:00:00,06,08,2002,15,58370
06.08.2002-18:00:00,06,08,2002,18,57903
06.08.2002-21:00:00,06,08,2002,21,56050
06.09.2002-00:00:00,06,09,2002,00,54703
06.09.2002-03:00:00,06,09,2002,03,53226
06.09.2002-06:00:00,06,09,2002,06,51321
06.09.2002-09:00:00,06,09,2002,09,55188
06.09.2002-12:00:00,06,09,2002,12,62485
06.09.2002-15:00:00,06,09,2002,15,65895
06.09.2002-18:00:00,06,09,2002,18,65932
06.09.2002-21:00:00,06,09,2002,21,64721
06.10.2002-00:00:00,06,10,2002,00,63287
06.10.2002-03:00:00,06,10,2002,03,61334
06.10.2002-06:00:00,06,10,2002,06,60487
06.10.2002-09:00:00,06,10,2002,09,64895
06.10.2002-12:00:00,06,10,2002,12,71043
06.10.2002-15:00:00,06,10,2002,15,74415
06.10.2002-18:00:00,06,10,2002,18,73782
06.10.2002-21:00:00,06,10,2002,21,72100
06.11.2002-00:00:00,06,11,2002,00,69593
06.11.2002-03:00:00,06,11,2002,03,67621
06.11.2002-06:00:00,06,11,2002,06,65243
06.11.2002-09:00:00,06,11,2002,09,67265
06.11.2002-12:00:00,06,11,2002,12,71509
06.11.2002-15:00:00,06,11,2002,15,74103
06.11.2002-18:00:00,06,11,2002,18,73033
06.11.2002-21:00:00,06,11,2002,21,70984
06.12.2002-00:00:00,06,12,2002,00,67765
06.12.2002-03:00:00,06,12,2002,03,64957
06.12.2002-06:00:00,06,12,2002,06,63011
06.12.2002-09:00:00,06,12,2002,09,64993
06.12.2002-12:00:00,06,12,2002,12,69711
06.12.2002-15:00:00,06,12,2002,15,72545
06.12.2002-18:00:00,06,12,2002,18,72803
06.12.2002-21:00:00,06,12,2002,21,70644
06.13.2002-00:00:00,06,13,2002,00,68095
06.13.2002-03:00:00,06,13,2002,03,65869
06.13.2002-06:00:00,06,13,2002,06,63441
06.13.2002-09:00:00,06,13,2002,09,64513
06.13.2002-12:00:00,06,13,2002,12,68353
06.13.2002-15:00:00,06,13,2002,15,70421
06.13.2002-18:00:00,06,13,2002,18,70991
06.13.2002-21:00:00,06,13,2002,21,68814
06.14.2002-00:00:00,06,14,2002,00,66793
06.14.2002-03:00:00,06,14,2002,03,64067
06.14.2002-06:00:00,06,14,2002,06,61089
06.14.2002-09:00:00,06,14,2002,09,61363
06.14.2002-12:00:00,06,14,2002,12,64505
06.14.2002-15:00:00,06,14,2002,15,66764
06.14.2002-18:00:00,06,14,2002,18,67558
06.14.2002-21:00:00,06,14,2002,21,65972
06.15.2002-00:00:00,06,15,2002,00,64268
06.15.2002-03:00:00,06,15,2002,03,61847
06.15.2002-06:00:00,06,15,2002,06,58918
06.15.2002-09:00:00,06,15,2002,09,58080
06.15.2002-12:00:00,06,15,2002,12,59979
06.15.2002-15:00:00,06,15,2002,15,61811
06.15.2002-18:00:00,06,15,2002,18,62163
06.15.2002-21:00:00,06,15,2002,21,61405
06.16.2002-00:00:00,06,16,2002,00,60225
06.16.2002-03:00:00,06,16,2002,03,57865
06.16.2002-06:00:00,06,16,2002,06,54840
06.16.2002-09:00:00,06,16,2002,09,52445
06.16.2002-12:00:00,06,16,2002,12,52304
06.16.2002-15:00:00,06,16,2002,15,53075
06.16.2002-18:00:00,06,16,2002,18,52974
06.16.2002-21:00:00,06,16,2002,21,52725
06.17.2002-00:00:00,06,17,2002,00,52034
06.17.2002-03:00:00,06,17,2002,03,50661
06.17.2002-06:00:00,06,17,2002,06,49128
06.17.2002-09:00:00,06,17,2002,09,47419
06.17.2002-12:00:00,06,17,2002,12,46770
06.17.2002-15:00:00,06,17,2002,15,46389
06.17.2002-18:00:00,06,17,2002,18,46149
06.17.2002-21:00:00,06,17,2002,21,45945
06.18.2002-00:00:00,06,18,2002,00,45959
06.18.2002-03:00:00,06,18,2002,03,44621
06.18.2002-06:00:00,06,18,2002,06,43271
06.18.2002-09:00:00,06,18,2002,09,41292
06.18.2002-12:00:00,06,18,2002,12,40661
06.18.2002-15:00:00,06,18,2002,15,40230
06.18.2002-18:00:00,06,18,2002,18,40633
06.18.2002-21:00:00,06,18,2002,21,40664
06.19.2002-00:00:00,06,19,2002,00,40662
06.19.2002-03:00:00,06,19,2002,03,39817
06.19.2002-06:00:00,06,19,2002,06,37767
06.19.2002-09:00:00,06,19,2002,09,35158
06.19.2002-12:00:00,06,19,2002,12,34447
06.19.2002-15:00:00,06,19,2002,15,34465
06.19.2002-18:00:00,06,19,2002,18,35771
06.19.2002-21:00:00,06,19,2002,21,36201
06.20.2002-00:00:00,06,20,2002,00,36420
06.20.2002-03:00:00,06,20,2002,03,35917
06.20.2002-06:00:00,06,20,2002,06,33932
06.20.2002-09:00:00,06,20,2002,09,31303
06.20.2002-12:00:00,06,20,2002,12,30390
06.20.2002-15:00:00,06,20,2002,15,30727
06.20.2002-18:00:00,06,20,2002,18,31990
06.20.2002-21:00:00,06,20,2002,21,32704
06.21.2002-00:00:00,06,21,2002,00,32854
06.21.2002-03:00:00,06,21,2002,03,32693
06.21.2002-06:00:00,06,21,2002,06,30357
06.21.2002-09:00:00,06,21,2002,09,28122
06.21.2002-12:00:00,06,21,2002,12,27061
06.21.2002-15:00:00,06,21,2002,15,27262
06.21.2002-18:00:00,06,21,2002,18,28787
06.21.2002-21:00:00,06,21,2002,21,29734
06.22.2002-00:00:00,06,22,2002,00,30194
06.22.2002-03:00:00,06,22,2002,03,30072
06.22.2002-06:00:00,06,22,2002,06,27924
06.22.2002-09:00:00,06,22,2002,09,25888
06.22.2002-12:00:00,06,22,2002,12,24899
06.22.2002-15:00:00,06,22,2002,15,25180
06.22.2002-18:00:00,06,22,2002,18,26466
06.22.2002-21:00:00,06,22,2002,21,27341
06.23.2002-00:00:00,06,23,2002,00,27922
06.23.2002-03:00:00,06,23,2002,03,27488
06.23.2002-06:00:00,06,23,2002,06,25675
06.23.2002-09:00:00,06,23,2002,09,23512
06.23.2002-12:00:00,06,23,2002,12,22580
06.23.2002-15:00:00,06,23,2002,15,23093
06.23.2002-18:00:00,06,23,2002,18,24424
06.23.2002-21:00:00,06,23,2002,21,25276
06.24.2002-00:00:00,06,24,2002,00,25876
06.24.2002-03:00:00,06,24,2002,03,25761
06.24.2002-06:00:00,06,24,2002,06,23707
06.24.2002-09:00:00,06,24,2002,09,21347
06.24.2002-12:00:00,06,24,2002,12,20630
06.24.2002-15:00:00,06,24,2002,15,21047
06.24.2002-18:00:00,06,24,2002,18,22591
06.24.2002-21:00:00,06,24,2002,21,23635
06.25.2002-00:00:00,06,25,2002,00,24034
06.25.2002-03:00:00,06,25,2002,03,23929
06.25.2002-06:00:00,06,25,2002,06,21636
06.25.2002-09:00:00,06,25,2002,09,19404
06.25.2002-12:00:00,06,25,2002,12,18805
06.25.2002-15:00:00,06,25,2002,15,19382
06.25.2002-18:00:00,06,25,2002,18,21021
06.25.2002-21:00:00,06,25,2002,21,22077
06.26.2002-00:00:00,06,26,2002,00,22591
06.26.2002-03:00:00,06,26,2002,03,22422
06.26.2002-06:00:00,06,26,2002,06,20091
06.26.2002-09:00:00,06,26,2002,09,18393
06.26.2002-12:00:00,06,26,2002,12,18458
06.26.2002-15:00:00,06,26,2002,15,18386
06.26.2002-18:00:00,06,26,2002,18,19938
06.26.2002-21:00:00,06,26,2002,21,20909
06.27.2002-00:00:00,06,27,2002,00,21253
06.27.2002-03:00:00,06,27,2002,03,20814
06.27.2002-06:00:00,06,27,2002,06,18405
06.27.2002-09:00:00,06,27,2002,09,16502
06.27.2002-12:00:00,06,27,2002,12,15925
06.27.2002-15:00:00,06,27,2002,15,16630
06.27.2002-18:00:00,06,27,2002,18,18090
06.27.2002-21:00:00,06,27,2002,21,19444
06.28.2002-00:00:00,06,28,2002,00,19916
06.28.2002-03:00:00,06,28,2002,03,20122
06.28.2002-06:00:00,06,28,2002,06,18916
06.28.2002-09:00:00,06,28,2002,09,17718
06.28.2002-12:00:00,06,28,2002,12,17166
06.28.2002-15:00:00,06,28,2002,15,17770
06.28.2002-18:00:00,06,28,2002,18,18868
06.28.2002-21:00:00,06,28,2002,21,19962
06.29.2002-00:00:00,06,29,2002,00,20866
06.29.2002-03:00:00,06,29,2002,03,21203
06.29.2002-06:00:00,06,29,2002,06,20397
06.29.2002-09:00:00,06,29,2002,09,19643
06.29.2002-12:00:00,06,29,2002,12,19145
06.29.2002-15:00:00,06,29,2002,15,19579
06.29.2002-18:00:00,06,29,2002,18,20403
06.29.2002-21:00:00,06,29,2002,21,21227
06.30.2002-00:00:00,06,30,2002,00,20281
06.30.2002-03:00:00,06,30,2002,03,19795
06.30.2002-06:00:00,06,30,2002,06,18561
06.30.2002-09:00:00,06,30,2002,09,17275
06.30.2002-12:00:00,06,30,2002,12,16498
06.30.2002-15:00:00,06,30,2002,15,16937
06.30.2002-18:00:00,06,30,2002,18,17696
06.30.2002-21:00:00,06,30,2002,21,18520
07.01.2002-00:00:00,07,01,2002,00,18684
07.01.2002-03:00:00,07,01,2002,03,18461
07.01.2002-06:00:00,07,01,2002,06,17025
07.01.2002-09:00:00,07,01,2002,09,15489
07.01.2002-12:00:00,07,01,2002,12,14780
07.01.2002-15:00:00,07,01,2002,15,15428
07.01.2002-18:00:00,07,01,2002,18,16464
07.01.2002-21:00:00,07,01,2002,21,17401
07.02.2002-00:00:00,07,02,2002,00,17639
07.02.2002-03:00:00,07,02,2002,03,17552
07.02.2002-06:00:00,07,02,2002,06,15913
07.02.2002-09:00:00,07,02,2002,09,14099
07.02.2002-12:00:00,07,02,2002,12,13446
07.02.2002-15:00:00,07,02,2002,15,14273
07.02.2002-18:00:00,07,02,2002,18,15462
07.02.2002-21:00:00,07,02,2002,21,16391
07.03.2002-00:00:00,07,03,2002,00,16639
07.03.2002-03:00:00,07,03,2002,03,16303
07.03.2002-06:00:00,07,03,2002,06,14813
07.03.2002-09:00:00,07,03,2002,09,13288
07.03.2002-12:00:00,07,03,2002,12,12814
07.03.2002-15:00:00,07,03,2002,15,13475
07.03.2002-18:00:00,07,03,2002,18,14594
07.03.2002-21:00:00,07,03,2002,21,15608
07.04.2002-00:00:00,07,04,2002,00,15925
07.04.2002-03:00:00,07,04,2002,03,15831
07.04.2002-06:00:00,07,04,2002,06,14580
07.04.2002-09:00:00,07,04,2002,09,13172
07.04.2002-12:00:00,07,04,2002,12,12691
07.04.2002-15:00:00,07,04,2002,15,13339
07.04.2002-18:00:00,07,04,2002,18,14406
07.04.2002-21:00:00,07,04,2002,21,15247
07.05.2002-00:00:00,07,05,2002,00,15554
07.05.2002-03:00:00,07,05,2002,03,15569
07.05.2002-06:00:00,07,05,2002,06,14020
07.05.2002-09:00:00,07,05,2002,09,11998
07.05.2002-12:00:00,07,05,2002,12,11478
07.05.2002-15:00:00,07,05,2002,15,12364
07.05.2002-18:00:00,07,05,2002,18,13667
07.05.2002-21:00:00,07,05,2002,21,14453
07.06.2002-00:00:00,07,06,2002,00,14768
07.06.2002-03:00:00,07,06,2002,03,14719
07.06.2002-06:00:00,07,06,2002,06,12951
07.06.2002-09:00:00,07,06,2002,09,11010
07.06.2002-12:00:00,07,06,2002,12,10618
07.06.2002-15:00:00,07,06,2002,15,11474
07.06.2002-18:00:00,07,06,2002,18,12851
07.06.2002-21:00:00,07,06,2002,21,13701
07.07.2002-00:00:00,07,07,2002,00,14060
07.07.2002-03:00:00,07,07,2002,03,13882
07.07.2002-06:00:00,07,07,2002,06,12183
07.07.2002-09:00:00,07,07,2002,09,10476
07.07.2002-12:00:00,07,07,2002,12,10140
07.07.2002-15:00:00,07,07,2002,15,10940
07.07.2002-18:00:00,07,07,2002,18,12286
07.07.2002-21:00:00,07,07,2002,21,13140
07.08.2002-00:00:00,07,08,2002,00,19362
07.08.2002-03:00:00,07,08,2002,03,21577
07.08.2002-06:00:00,07,08,2002,06,21147
07.08.2002-09:00:00,07,08,2002,09,19977
07.08.2002-12:00:00,07,08,2002,12,19906
07.08.2002-15:00:00,07,08,2002,15,20942
07.08.2002-18:00:00,07,08,2002,18,22865
07.08.2002-21:00:00,07,08,2002,21,24298
07.09.2002-00:00:00,07,09,2002,00,18223
07.09.2002-03:00:00,07,09,2002,03,16238
07.09.2002-06:00:00,07,09,2002,06,13990
07.09.2002-09:00:00,07,09,2002,09,11752
07.09.2002-12:00:00,07,09,2002,12,11054
07.09.2002-15:00:00,07,09,2002,15,11509
07.09.2002-18:00:00,07,09,2002,18,12712
07.09.2002-21:00:00,07,09,2002,21,13327
07.10.2002-00:00:00,07,10,2002,00,13564
07.10.2002-03:00:00,07,10,2002,03,13351
07.10.2002-06:00:00,07,10,2002,06,11484
07.10.2002-09:00:00,07,10,2002,09,10003
07.10.2002-12:00:00,07,10,2002,12,10146
07.10.2002-15:00:00,07,10,2002,15,10380
07.10.2002-18:00:00,07,10,2002,18,11634
07.10.2002-21:00:00,07,10,2002,21,12382
07.11.2002-00:00:00,07,11,2002,00,12661
07.11.2002-03:00:00,07,11,2002,03,12368
07.11.2002-06:00:00,07,11,2002,06,10383
07.11.2002-09:00:00,07,11,2002,09,9666.2
07.11.2002-12:00:00,07,11,2002,12,10953
07.11.2002-15:00:00,07,11,2002,15,10226
07.11.2002-18:00:00,07,11,2002,18,11084
07.11.2002-21:00:00,07,11,2002,21,11869
07.12.2002-00:00:00,07,12,2002,00,12115
07.12.2002-03:00:00,07,12,2002,03,11771
07.12.2002-06:00:00,07,12,2002,06,9783.9
07.12.2002-09:00:00,07,12,2002,09,9050.6
07.12.2002-12:00:00,07,12,2002,12,9991.7
07.12.2002-15:00:00,07,12,2002,15,9531.6
07.12.2002-18:00:00,07,12,2002,18,10458
07.12.2002-21:00:00,07,12,2002,21,11272
07.13.2002-00:00:00,07,13,2002,00,11523
07.13.2002-03:00:00,07,13,2002,03,11144
07.13.2002-06:00:00,07,13,2002,06,9474.2
07.13.2002-09:00:00,07,13,2002,09,8683.2
07.13.2002-12:00:00,07,13,2002,12,8929.8
07.13.2002-15:00:00,07,13,2002,15,9042.7
07.13.2002-18:00:00,07,13,2002,18,9949.9
07.13.2002-21:00:00,07,13,2002,21,10770
07.14.2002-00:00:00,07,14,2002,00,11007
07.14.2002-03:00:00,07,14,2002,03,10557
07.14.2002-06:00:00,07,14,2002,06,8942.5
07.14.2002-09:00:00,07,14,2002,09,7727.3
07.14.2002-12:00:00,07,14,2002,12,7599.4
07.14.2002-15:00:00,07,14,2002,15,8150.2
07.14.2002-18:00:00,07,14,2002,18,9295.2
07.14.2002-21:00:00,07,14,2002,21,10159
07.15.2002-00:00:00,07,15,2002,00,10491
07.15.2002-03:00:00,07,15,2002,03,10270
07.15.2002-06:00:00,07,15,2002,06,8678.1
07.15.2002-09:00:00,07,15,2002,09,7380.6
07.15.2002-12:00:00,07,15,2002,12,7310.5
07.15.2002-15:00:00,07,15,2002,15,7881.9
07.15.2002-18:00:00,07,15,2002,18,9031.8
07.15.2002-21:00:00,07,15,2002,21,9811.5
07.16.2002-00:00:00,07,16,2002,00,10106
07.16.2002-03:00:00,07,16,2002,03,9859.8
07.16.2002-06:00:00,07,16,2002,06,8289.2
07.16.2002-09:00:00,07,16,2002,09,7097.8
07.16.2002-12:00:00,07,16,2002,12,7047
07.16.2002-15:00:00,07,16,2002,15,7563.8
07.16.2002-18:00:00,07,16,2002,18,8698.7
07.16.2002-21:00:00,07,16,2002,21,9430.3
07.17.2002-00:00:00,07,17,2002,00,9679.3
07.17.2002-03:00:00,07,17,2002,03,9348.3
07.17.2002-06:00:00,07,17,2002,06,7909.6
07.17.2002-09:00:00,07,17,2002,09,6806
07.17.2002-12:00:00,07,17,2002,12,6737.2
07.17.2002-15:00:00,07,17,2002,15,7261.9
07.17.2002-18:00:00,07,17,2002,18,8286.1
07.17.2002-21:00:00,07,17,2002,21,9038.5
07.18.2002-00:00:00,07,18,2002,00,9282.1
07.18.2002-03:00:00,07,18,2002,03,8933.5
07.18.2002-06:00:00,07,18,2002,06,7500.8
07.18.2002-09:00:00,07,18,2002,09,6424.4
07.18.2002-12:00:00,07,18,2002,12,6349.8
07.18.2002-15:00:00,07,18,2002,15,6889
07.18.2002-18:00:00,07,18,2002,18,7902.7
07.18.2002-21:00:00,07,18,2002,21,8650.5
07.19.2002-00:00:00,07,19,2002,00,8936.2
07.19.2002-03:00:00,07,19,2002,03,8683.3
07.19.2002-06:00:00,07,19,2002,06,7432.2
07.19.2002-09:00:00,07,19,2002,09,6351.3
07.19.2002-12:00:00,07,19,2002,12,6198.1
07.19.2002-15:00:00,07,19,2002,15,6774.6
07.19.2002-18:00:00,07,19,2002,18,7745.9
07.19.2002-21:00:00,07,19,2002,21,8434.4
07.20.2002-00:00:00,07,20,2002,00,8702.5
07.20.2002-03:00:00,07,20,2002,03,8493.3
07.20.2002-06:00:00,07,20,2002,06,7106
07.20.2002-09:00:00,07,20,2002,09,5958.5
07.20.2002-12:00:00,07,20,2002,12,5891.9
07.20.2002-15:00:00,07,20,2002,15,6430.5
07.20.2002-18:00:00,07,20,2002,18,7448.9
07.20.2002-21:00:00,07,20,2002,21,8113.1
07.21.2002-00:00:00,07,21,2002,00,8349.1
07.21.2002-03:00:00,07,21,2002,03,8153.3
07.21.2002-06:00:00,07,21,2002,06,6766.6
07.21.2002-09:00:00,07,21,2002,09,5687.2
07.21.2002-12:00:00,07,21,2002,12,5647.1
07.21.2002-15:00:00,07,21,2002,15,6178.9
07.21.2002-18:00:00,07,21,2002,18,7147.4
07.21.2002-21:00:00,07,21,2002,21,7837.3
07.22.2002-00:00:00,07,22,2002,00,8063.7
07.22.2002-03:00:00,07,22,2002,03,7907.9
07.22.2002-06:00:00,07,22,2002,06,6527.1
07.22.2002-09:00:00,07,22,2002,09,5535.1
07.22.2002-12:00:00,07,22,2002,12,5538.7
07.22.2002-15:00:00,07,22,2002,15,6018.1
07.22.2002-18:00:00,07,22,2002,18,6935.2
07.22.2002-21:00:00,07,22,2002,21,7585.9
07.23.2002-00:00:00,07,23,2002,00,7806.3
07.23.2002-03:00:00,07,23,2002,03,7633.7
07.23.2002-06:00:00,07,23,2002,06,6250.8
07.23.2002-09:00:00,07,23,2002,09,5400.9
07.23.2002-12:00:00,07,23,2002,12,5558.6
07.23.2002-15:00:00,07,23,2002,15,5890.4
07.23.2002-18:00:00,07,23,2002,18,6729.7
07.23.2002-21:00:00,07,23,2002,21,7329.9
07.24.2002-00:00:00,07,24,2002,00,7533.9
07.24.2002-03:00:00,07,24,2002,03,7267.8
07.24.2002-06:00:00,07,24,2002,06,5938.7
07.24.2002-09:00:00,07,24,2002,09,5172.7
07.24.2002-12:00:00,07,24,2002,12,5256.7
07.24.2002-15:00:00,07,24,2002,15,5613.9
07.24.2002-18:00:00,07,24,2002,18,6412.7
07.24.2002-21:00:00,07,24,2002,21,7010.5
07.25.2002-00:00:00,07,25,2002,00,7204.3
07.25.2002-03:00:00,07,25,2002,03,6908.4
07.25.2002-06:00:00,07,25,2002,06,5944.2
07.25.2002-09:00:00,07,25,2002,09,5301.9
07.25.2002-12:00:00,07,25,2002,12,5281.6
07.25.2002-15:00:00,07,25,2002,15,5605.3
07.25.2002-18:00:00,07,25,2002,18,6231.6
07.25.2002-21:00:00,07,25,2002,21,6837.6
07.26.2002-00:00:00,07,26,2002,00,7028
07.26.2002-03:00:00,07,26,2002,03,6733.7
07.26.2002-06:00:00,07,26,2002,06,5706.2
07.26.2002-09:00:00,07,26,2002,09,4942.9
07.26.2002-12:00:00,07,26,2002,12,4843.6
07.26.2002-15:00:00,07,26,2002,15,5245.4
07.26.2002-18:00:00,07,26,2002,18,5942.4
07.26.2002-21:00:00,07,26,2002,21,6571.7
07.27.2002-00:00:00,07,27,2002,00,6802.2
07.27.2002-03:00:00,07,27,2002,03,6628.3
07.27.2002-06:00:00,07,27,2002,06,5762.2
07.27.2002-09:00:00,07,27,2002,09,4984.5
07.27.2002-12:00:00,07,27,2002,12,4894
07.27.2002-15:00:00,07,27,2002,15,5260.1
07.27.2002-18:00:00,07,27,2002,18,5930.1
07.27.2002-21:00:00,07,27,2002,21,6478.6
07.28.2002-00:00:00,07,28,2002,00,6623
07.28.2002-03:00:00,07,28,2002,03,6420
07.28.2002-06:00:00,07,28,2002,06,5951.7
07.28.2002-09:00:00,07,28,2002,09,5527.9
07.28.2002-12:00:00,07,28,2002,12,5467.9
07.28.2002-15:00:00,07,28,2002,15,5674.3
07.28.2002-18:00:00,07,28,2002,18,6034.4
07.28.2002-21:00:00,07,28,2002,21,6451
07.29.2002-00:00:00,07,29,2002,00,6552.7
07.29.2002-03:00:00,07,29,2002,03,6302.8
07.29.2002-06:00:00,07,29,2002,06,5912.3
07.29.2002-09:00:00,07,29,2002,09,5591.3
07.29.2002-12:00:00,07,29,2002,12,5520.5
07.29.2002-15:00:00,07,29,2002,15,5669.3
07.29.2002-18:00:00,07,29,2002,18,5989
07.29.2002-21:00:00,07,29,2002,21,6355.5
07.30.2002-00:00:00,07,30,2002,00,6481.4
07.30.2002-03:00:00,07,30,2002,03,6229.6
07.30.2002-06:00:00,07,30,2002,06,5481.4
07.30.2002-09:00:00,07,30,2002,09,4869.1
07.30.2002-12:00:00,07,30,2002,12,4738.7
07.30.2002-15:00:00,07,30,2002,15,5055.8
07.30.2002-18:00:00,07,30,2002,18,5585.4
07.30.2002-21:00:00,07,30,2002,21,6054.4
07.31.2002-00:00:00,07,31,2002,00,6236.8
07.31.2002-03:00:00,07,31,2002,03,6118.8
07.31.2002-06:00:00,07,31,2002,06,5302.2
07.31.2002-09:00:00,07,31,2002,09,4496.5
07.31.2002-12:00:00,07,31,2002,12,4349.4
07.31.2002-15:00:00,07,31,2002,15,4772.4
07.31.2002-18:00:00,07,31,2002,18,5382.5
07.31.2002-21:00:00,07,31,2002,21,5824.9
08.01.2002-00:00:00,08,01,2002,00,6017.6
08.01.2002-03:00:00,08,01,2002,03,5949.2
08.01.2002-06:00:00,08,01,2002,06,5271.3
08.01.2002-09:00:00,08,01,2002,09,4340.3
08.01.2002-12:00:00,08,01,2002,12,4217.1
08.01.2002-15:00:00,08,01,2002,15,4653.3
08.01.2002-18:00:00,08,01,2002,18,5229.1
08.01.2002-21:00:00,08,01,2002,21,5638.6
08.02.2002-00:00:00,08,02,2002,00,5805.7
08.02.2002-03:00:00,08,02,2002,03,5619.5
08.02.2002-06:00:00,08,02,2002,06,4978.8
08.02.2002-09:00:00,08,02,2002,09,4206.2
08.02.2002-12:00:00,08,02,2002,12,4095.3
08.02.2002-15:00:00,08,02,2002,15,4493.8
08.02.2002-18:00:00,08,02,2002,18,5035.8
08.02.2002-21:00:00,08,02,2002,21,5454.1
08.03.2002-00:00:00,08,03,2002,00,5633.7
08.03.2002-03:00:00,08,03,2002,03,5599
08.03.2002-06:00:00,08,03,2002,06,5031
08.03.2002-09:00:00,08,03,2002,09,4198.2
08.03.2002-12:00:00,08,03,2002,12,4064.5
08.03.2002-15:00:00,08,03,2002,15,4479.1
08.03.2002-18:00:00,08,03,2002,18,4995.4
08.03.2002-21:00:00,08,03,2002,21,5359.3
08.04.2002-00:00:00,08,04,2002,00,5490.3
08.04.2002-03:00:00,08,04,2002,03,5279.3
08.04.2002-06:00:00,08,04,2002,06,4724.6
08.04.2002-09:00:00,08,04,2002,09,4075
08.04.2002-12:00:00,08,04,2002,12,3964.7
08.04.2002-15:00:00,08,04,2002,15,4320.1
08.04.2002-18:00:00,08,04,2002,18,4802.2
08.04.2002-21:00:00,08,04,2002,21,5197.9
08.05.2002-00:00:00,08,05,2002,00,5351.6
08.05.2002-03:00:00,08,05,2002,03,5337.7
08.05.2002-06:00:00,08,05,2002,06,4843.7
08.05.2002-09:00:00,08,05,2002,09,4068.5
08.05.2002-12:00:00,08,05,2002,12,3950
08.05.2002-15:00:00,08,05,2002,15,4313.8
08.05.2002-18:00:00,08,05,2002,18,4793.1
08.05.2002-21:00:00,08,05,2002,21,5125.5
08.06.2002-00:00:00,08,06,2002,00,5264
08.06.2002-03:00:00,08,06,2002,03,5163.9
08.06.2002-06:00:00,08,06,2002,06,4746.5
08.06.2002-09:00:00,08,06,2002,09,4201.5
08.06.2002-12:00:00,08,06,2002,12,4079.4
08.06.2002-15:00:00,08,06,2002,15,4421
08.06.2002-18:00:00,08,06,2002,18,4879.5
08.06.2002-21:00:00,08,06,2002,21,5207.2
08.07.2002-00:00:00,08,07,2002,00,5204
08.07.2002-03:00:00,08,07,2002,03,5087.9
08.07.2002-06:00:00,08,07,2002,06,4575.6
08.07.2002-09:00:00,08,07,2002,09,3885.4
08.07.2002-12:00:00,08,07,2002,12,3746.1
08.07.2002-15:00:00,08,07,2002,15,4083.5
08.07.2002-18:00:00,08,07,2002,18,4510.7
08.07.2002-21:00:00,08,07,2002,21,4837.6
08.08.2002-00:00:00,08,08,2002,00,4961.2
08.08.2002-03:00:00,08,08,2002,03,4806.9
08.08.2002-06:00:00,08,08,2002,06,4202
08.08.2002-09:00:00,08,08,2002,09,3555
08.08.2002-12:00:00,08,08,2002,12,3488.6
08.08.2002-15:00:00,08,08,2002,15,3789.2
08.08.2002-18:00:00,08,08,2002,18,4211
08.08.2002-21:00:00,08,08,2002,21,4538.9
08.09.2002-00:00:00,08,09,2002,00,4668.6
08.09.2002-03:00:00,08,09,2002,03,4521
08.09.2002-06:00:00,08,09,2002,06,3989.7
08.09.2002-09:00:00,08,09,2002,09,3442.7
08.09.2002-12:00:00,08,09,2002,12,3388.6
08.09.2002-15:00:00,08,09,2002,15,3661.6
08.09.2002-18:00:00,08,09,2002,18,4047.6
08.09.2002-21:00:00,08,09,2002,21,4373.9
08.10.2002-00:00:00,08,10,2002,00,4495.1
08.10.2002-03:00:00,08,10,2002,03,4335.8
08.10.2002-06:00:00,08,10,2002,06,3859.8
08.10.2002-09:00:00,08,10,2002,09,3363.8
08.10.2002-12:00:00,08,10,2002,12,3306.2
08.10.2002-15:00:00,08,10,2002,15,3566.6
08.10.2002-18:00:00,08,10,2002,18,3930.6
08.10.2002-21:00:00,08,10,2002,21,4249.5
08.11.2002-00:00:00,08,11,2002,00,4387.6
08.11.2002-03:00:00,08,11,2002,03,4264.1
08.11.2002-06:00:00,08,11,2002,06,3772.7
08.11.2002-09:00:00,08,11,2002,09,3241.5
08.11.2002-12:00:00,08,11,2002,12,3180.5
08.11.2002-15:00:00,08,11,2002,15,3433.6
08.11.2002-18:00:00,08,11,2002,18,3818.6
08.11.2002-21:00:00,08,11,2002,21,4108.4
08.12.2002-00:00:00,08,12,2002,00,4242.3
08.12.2002-03:00:00,08,12,2002,03,4127.4
08.12.2002-06:00:00,08,12,2002,06,3622.7
08.12.2002-09:00:00,08,12,2002,09,3110.9
08.12.2002-12:00:00,08,12,2002,12,3080.8
08.12.2002-15:00:00,08,12,2002,15,3312.1
08.12.2002-18:00:00,08,12,2002,18,3686.4
08.12.2002-21:00:00,08,12,2002,21,3966.6
08.13.2002-00:00:00,08,13,2002,00,4086.5
08.13.2002-03:00:00,08,13,2002,03,3980.7
08.13.2002-06:00:00,08,13,2002,06,3464.3
08.13.2002-09:00:00,08,13,2002,09,3069.4
08.13.2002-12:00:00,08,13,2002,12,3236.1
08.13.2002-15:00:00,08,13,2002,15,3283.5
08.13.2002-18:00:00,08,13,2002,18,3613.9
08.13.2002-21:00:00,08,13,2002,21,3883.2
08.14.2002-00:00:00,08,14,2002,00,3969.8
08.14.2002-03:00:00,08,14,2002,03,3819.2
08.14.2002-06:00:00,08,14,2002,06,3400.9
08.14.2002-09:00:00,08,14,2002,09,3024
08.14.2002-12:00:00,08,14,2002,12,2996.8
08.14.2002-15:00:00,08,14,2002,15,3180.5
08.14.2002-18:00:00,08,14,2002,18,3491.2
08.14.2002-21:00:00,08,14,2002,21,3767.1
08.15.2002-00:00:00,08,15,2002,00,3880.1
08.15.2002-03:00:00,08,15,2002,03,3778.6
08.15.2002-06:00:00,08,15,2002,06,3346.6
08.15.2002-09:00:00,08,15,2002,09,2883.5
08.15.2002-12:00:00,08,15,2002,12,2839.8
08.15.2002-15:00:00,08,15,2002,15,3050.8
08.15.2002-18:00:00,08,15,2002,18,3386.3
08.15.2002-21:00:00,08,15,2002,21,3650.3
08.16.2002-00:00:00,08,16,2002,00,3749.5
08.16.2002-03:00:00,08,16,2002,03,3658.2
08.16.2002-06:00:00,08,16,2002,06,3260.4
08.16.2002-09:00:00,08,16,2002,09,2806.2
08.16.2002-12:00:00,08,16,2002,12,2743.7
08.16.2002-15:00:00,08,16,2002,15,2964.5
08.16.2002-18:00:00,08,16,2002,18,3288.2
08.16.2002-21:00:00,08,16,2002,21,3572.1
08.17.2002-00:00:00,08,17,2002,00,3672.7
08.17.2002-03:00:00,08,17,2002,03,3670.2
08.17.2002-06:00:00,08,17,2002,06,3338.1
08.17.2002-09:00:00,08,17,2002,09,2800
08.17.2002-12:00:00,08,17,2002,12,2729.4
08.17.2002-15:00:00,08,17,2002,15,2962.1
08.17.2002-18:00:00,08,17,2002,18,3289.7
08.17.2002-21:00:00,08,17,2002,21,3525.8
08.18.2002-00:00:00,08,18,2002,00,3609.1
08.18.2002-03:00:00,08,18,2002,03,3561.2
08.18.2002-06:00:00,08,18,2002,06,3204.8
08.18.2002-09:00:00,08,18,2002,09,2727.3
08.18.2002-12:00:00,08,18,2002,12,2666.7
08.18.2002-15:00:00,08,18,2002,15,2880.2
08.18.2002-18:00:00,08,18,2002,18,3180.8
08.18.2002-21:00:00,08,18,2002,21,3427.6
08.19.2002-00:00:00,08,19,2002,00,3498.6
08.19.2002-03:00:00,08,19,2002,03,3433.1
08.19.2002-06:00:00,08,19,2002,06,3140.7
08.19.2002-09:00:00,08,19,2002,09,2775.5
08.19.2002-12:00:00,08,19,2002,12,2733.3
08.19.2002-15:00:00,08,19,2002,15,2908.1
08.19.2002-18:00:00,08,19,2002,18,3163.9
08.19.2002-21:00:00,08,19,2002,21,3380.7
08.20.2002-00:00:00,08,20,2002,00,3452.5
08.20.2002-03:00:00,08,20,2002,03,3365.8
08.20.2002-06:00:00,08,20,2002,06,3048.4
08.20.2002-09:00:00,08,20,2002,09,2678.6
08.20.2002-12:00:00,08,20,2002,12,2623.6
08.20.2002-15:00:00,08,20,2002,15,2800.8
08.20.2002-18:00:00,08,20,2002,18,3069.2
08.20.2002-21:00:00,08,20,2002,21,3280.1
08.21.2002-00:00:00,08,21,2002,00,3357.5
08.21.2002-03:00:00,08,21,2002,03,3272
08.21.2002-06:00:00,08,21,2002,06,2954.3
08.21.2002-09:00:00,08,21,2002,09,2590.4
08.21.2002-12:00:00,08,21,2002,12,2536.6
08.21.2002-15:00:00,08,21,2002,15,2708.4
08.21.2002-18:00:00,08,21,2002,18,2969.6
08.21.2002-21:00:00,08,21,2002,21,3181.8
08.22.2002-00:00:00,08,22,2002,00,3266
08.22.2002-03:00:00,08,22,2002,03,3186.9
08.22.2002-06:00:00,08,22,2002,06,2873.2
08.22.2002-09:00:00,08,22,2002,09,2510.7
08.22.2002-12:00:00,08,22,2002,12,2455.1
08.22.2002-15:00:00,08,22,2002,15,2624.6
08.22.2002-18:00:00,08,22,2002,18,2877.9
08.22.2002-21:00:00,08,22,2002,21,3089.9
08.23.2002-00:00:00,08,23,2002,00,3183.3
08.23.2002-03:00:00,08,23,2002,03,3115.6
08.23.2002-06:00:00,08,23,2002,06,2781.2
08.23.2002-09:00:00,08,23,2002,09,2411.7
08.23.2002-12:00:00,08,23,2002,12,2370
08.23.2002-15:00:00,08,23,2002,15,2536.1
08.23.2002-18:00:00,08,23,2002,18,2774.8
08.23.2002-21:00:00,08,23,2002,21,2984.9
08.24.2002-00:00:00,08,24,2002,00,3088
08.24.2002-03:00:00,08,24,2002,03,3056.3
08.24.2002-06:00:00,08,24,2002,06,2737.6
08.24.2002-09:00:00,08,24,2002,09,2374.7
08.24.2002-12:00:00,08,24,2002,12,2354.5
08.24.2002-15:00:00,08,24,2002,15,2501.5
08.24.2002-18:00:00,08,24,2002,18,2726.1
08.24.2002-21:00:00,08,24,2002,21,2917.5
08.25.2002-00:00:00,08,25,2002,00,3287.7
08.25.2002-03:00:00,08,25,2002,03,3529.3
08.25.2002-06:00:00,08,25,2002,06,3349.1
08.25.2002-09:00:00,08,25,2002,09,3038.9
08.25.2002-12:00:00,08,25,2002,12,2864.4
08.25.2002-15:00:00,08,25,2002,15,3099.9
08.25.2002-18:00:00,08,25,2002,18,3461.2
08.25.2002-21:00:00,08,25,2002,21,3674.1
08.26.2002-00:00:00,08,26,2002,00,3387.1
08.26.2002-03:00:00,08,26,2002,03,3257.3
08.26.2002-06:00:00,08,26,2002,06,2977.2
08.26.2002-09:00:00,08,26,2002,09,2598.5
08.26.2002-12:00:00,08,26,2002,12,2480.5
08.26.2002-15:00:00,08,26,2002,15,2621.4
08.26.2002-18:00:00,08,26,2002,18,2879.4
08.26.2002-21:00:00,08,26,2002,21,3098.1
08.27.2002-00:00:00,08,27,2002,00,3041.5
08.27.2002-03:00:00,08,27,2002,03,2929.3
08.27.2002-06:00:00,08,27,2002,06,2604
08.27.2002-09:00:00,08,27,2002,09,2284.8
08.27.2002-12:00:00,08,27,2002,12,2238.8
08.27.2002-15:00:00,08,27,2002,15,2371
08.27.2002-18:00:00,08,27,2002,18,2578.6
08.27.2002-21:00:00,08,27,2002,21,2741
08.28.2002-00:00:00,08,28,2002,00,2825.2
08.28.2002-03:00:00,08,28,2002,03,2802.9
08.28.2002-06:00:00,08,28,2002,06,2534.1
08.28.2002-09:00:00,08,28,2002,09,2216.9
08.28.2002-12:00:00,08,28,2002,12,2190.9
08.28.2002-15:00:00,08,28,2002,15,2321
08.28.2002-18:00:00,08,28,2002,18,2526.9
08.28.2002-21:00:00,08,28,2002,21,2678.4
08.29.2002-00:00:00,08,29,2002,00,2746.8
08.29.2002-03:00:00,08,29,2002,03,2723.5
08.29.2002-06:00:00,08,29,2002,06,2494.9
08.29.2002-09:00:00,08,29,2002,09,2228.7
08.29.2002-12:00:00,08,29,2002,12,2199
08.29.2002-15:00:00,08,29,2002,15,2313.9
08.29.2002-18:00:00,08,29,2002,18,2496.4
08.29.2002-21:00:00,08,29,2002,21,2644.6
08.30.2002-00:00:00,08,30,2002,00,2718.1
08.30.2002-03:00:00,08,30,2002,03,2677.1
08.30.2002-06:00:00,08,30,2002,06,2441.2
08.30.2002-09:00:00,08,30,2002,09,2170.3
08.30.2002-12:00:00,08,30,2002,12,2118.7
08.30.2002-15:00:00,08,30,2002,15,2242.9
08.30.2002-18:00:00,08,30,2002,18,2436.6
08.30.2002-21:00:00,08,30,2002,21,2582.9
08.31.2002-00:00:00,08,31,2002,00,2661.4
08.31.2002-03:00:00,08,31,2002,03,2650.9
08.31.2002-06:00:00,08,31,2002,06,2456.2
08.31.2002-09:00:00,08,31,2002,09,2189
08.31.2002-12:00:00,08,31,2002,12,2131.8
08.31.2002-15:00:00,08,31,2002,15,2246.9
08.31.2002-18:00:00,08,31,2002,18,2435.4
08.31.2002-21:00:00,08,31,2002,21,2567.5
09.01.2002-00:00:00,09,01,2002,00,2589.1
09.01.2002-03:00:00,09,01,2002,03,2540.4
09.01.2002-06:00:00,09,01,2002,06,2394.1
09.01.2002-09:00:00,09,01,2002,09,2229.2
09.01.2002-12:00:00,09,01,2002,12,2198
09.01.2002-15:00:00,09,01,2002,15,2274.9
09.01.2002-18:00:00,09,01,2002,18,2415.9
09.01.2002-21:00:00,09,01,2002,21,2533.1
09.02.2002-00:00:00,09,02,2002,00,2580.3
09.02.2002-03:00:00,09,02,2002,03,2556.5
09.02.2002-06:00:00,09,02,2002,06,2362.7
09.02.2002-09:00:00,09,02,2002,09,2086.1
09.02.2002-12:00:00,09,02,2002,12,2032
09.02.2002-15:00:00,09,02,2002,15,2155.8
09.02.2002-18:00:00,09,02,2002,18,2344.5
09.02.2002-21:00:00,09,02,2002,21,2455.2
09.03.2002-00:00:00,09,03,2002,00,2507.9
09.03.2002-03:00:00,09,03,2002,03,2497.8
09.03.2002-06:00:00,09,03,2002,06,2339.5
09.03.2002-09:00:00,09,03,2002,09,2098.6
09.03.2002-12:00:00,09,03,2002,12,2047.7
09.03.2002-15:00:00,09,03,2002,15,2164
09.03.2002-18:00:00,09,03,2002,18,2338.1
09.03.2002-21:00:00,09,03,2002,21,2446.1
09.04.2002-00:00:00,09,04,2002,00,2496.4
09.04.2002-03:00:00,09,04,2002,03,2500.1
09.04.2002-06:00:00,09,04,2002,06,2351.5
09.04.2002-09:00:00,09,04,2002,09,2054.9
09.04.2002-12:00:00,09,04,2002,12,1991.2
09.04.2002-15:00:00,09,04,2002,15,2123.2
09.04.2002-18:00:00,09,04,2002,18,2304.3
09.04.2002-21:00:00,09,04,2002,21,2404.1
09.05.2002-00:00:00,09,05,2002,00,2462.9
09.05.2002-03:00:00,09,05,2002,03,2485.6
09.05.2002-06:00:00,09,05,2002,06,2372.3
09.05.2002-09:00:00,09,05,2002,09,2062.6
09.05.2002-12:00:00,09,05,2002,12,1979.8
09.05.2002-15:00:00,09,05,2002,15,2116
09.05.2002-18:00:00,09,05,2002,18,2297.5
09.05.2002-21:00:00,09,05,2002,21,2401.1
09.06.2002-00:00:00,09,06,2002,00,2418.2
09.06.2002-03:00:00,09,06,2002,03,2439.1
09.06.2002-06:00:00,09,06,2002,06,2329.9
09.06.2002-09:00:00,09,06,2002,09,2014.4
09.06.2002-12:00:00,09,06,2002,12,1939.5
09.06.2002-15:00:00,09,06,2002,15,2077.2
09.06.2002-18:00:00,09,06,2002,18,2239
09.06.2002-21:00:00,09,06,2002,21,2334.4
09.07.2002-00:00:00,09,07,2002,00,2413.4
09.07.2002-03:00:00,09,07,2002,03,2432.8
09.07.2002-06:00:00,09,07,2002,06,2485.1
09.07.2002-09:00:00,09,07,2002,09,2237.1
09.07.2002-12:00:00,09,07,2002,12,2065.4
09.07.2002-15:00:00,09,07,2002,15,2179.1
09.07.2002-18:00:00,09,07,2002,18,2354.7
09.07.2002-21:00:00,09,07,2002,21,2444.9
09.08.2002-00:00:00,09,08,2002,00,2406.6
09.08.2002-03:00:00,09,08,2002,03,2398.3
09.08.2002-06:00:00,09,08,2002,06,2361.2
09.08.2002-09:00:00,09,08,2002,09,2084.1
09.08.2002-12:00:00,09,08,2002,12,1978.9
09.08.2002-15:00:00,09,08,2002,15,2079.8
09.08.2002-18:00:00,09,08,2002,18,2224.9
09.08.2002-21:00:00,09,08,2002,21,2296.2
09.09.2002-00:00:00,09,09,2002,00,2323.7
09.09.2002-03:00:00,09,09,2002,03,2326.6
09.09.2002-06:00:00,09,09,2002,06,2164.8
09.09.2002-09:00:00,09,09,2002,09,1896.4
09.09.2002-12:00:00,09,09,2002,12,1830.9
09.09.2002-15:00:00,09,09,2002,15,1935.6
09.09.2002-18:00:00,09,09,2002,18,2094.8
09.09.2002-21:00:00,09,09,2002,21,2184.3
09.10.2002-00:00:00,09,10,2002,00,2230
09.10.2002-03:00:00,09,10,2002,03,2243.3
09.10.2002-06:00:00,09,10,2002,06,2109.8
09.10.2002-09:00:00,09,10,2002,09,1840.9
09.10.2002-12:00:00,09,10,2002,12,1779.1
09.10.2002-15:00:00,09,10,2002,15,1881.8
09.10.2002-18:00:00,09,10,2002,18,2037.1
09.10.2002-21:00:00,09,10,2002,21,2124.4
09.11.2002-00:00:00,09,11,2002,00,2168.1
09.11.2002-03:00:00,09,11,2002,03,2180.4
09.11.2002-06:00:00,09,11,2002,06,2031.1
09.11.2002-09:00:00,09,11,2002,09,1783.7
09.11.2002-12:00:00,09,11,2002,12,1731.3
09.11.2002-15:00:00,09,11,2002,15,1827.9
09.11.2002-18:00:00,09,11,2002,18,1976.6
09.11.2002-21:00:00,09,11,2002,21,2066.4
09.12.2002-00:00:00,09,12,2002,00,2102
09.12.2002-03:00:00,09,12,2002,03,2128.7
09.12.2002-06:00:00,09,12,2002,06,1988.4
09.12.2002-09:00:00,09,12,2002,09,1747.2
09.12.2002-12:00:00,09,12,2002,12,1703.3
09.12.2002-15:00:00,09,12,2002,15,1795.4
09.12.2002-18:00:00,09,12,2002,18,1937.8
09.12.2002-21:00:00,09,12,2002,21,2022.4
09.13.2002-00:00:00,09,13,2002,00,2052.5
09.13.2002-03:00:00,09,13,2002,03,2063
09.13.2002-06:00:00,09,13,2002,06,1913.4
09.13.2002-09:00:00,09,13,2002,09,1698.8
09.13.2002-12:00:00,09,13,2002,12,1654.1
09.13.2002-15:00:00,09,13,2002,15,1746.3
09.13.2002-18:00:00,09,13,2002,18,1881.6
09.13.2002-21:00:00,09,13,2002,21,1963.2
09.14.2002-00:00:00,09,14,2002,00,2010.7
09.14.2002-03:00:00,09,14,2002,03,2023.8
09.14.2002-06:00:00,09,14,2002,06,1914.3
09.14.2002-09:00:00,09,14,2002,09,1683
09.14.2002-12:00:00,09,14,2002,12,1637.8
09.14.2002-15:00:00,09,14,2002,15,1731.3
09.14.2002-18:00:00,09,14,2002,18,1866.2
09.14.2002-21:00:00,09,14,2002,21,1940.6
09.15.2002-00:00:00,09,15,2002,00,1975.8
09.15.2002-03:00:00,09,15,2002,03,1988.7
09.15.2002-06:00:00,09,15,2002,06,1877.6
09.15.2002-09:00:00,09,15,2002,09,1687.6
09.15.2002-12:00:00,09,15,2002,12,1649.8
09.15.2002-15:00:00,09,15,2002,15,1731.1
09.15.2002-18:00:00,09,15,2002,18,1846.5
09.15.2002-21:00:00,09,15,2002,21,1912.3
09.16.2002-00:00:00,09,16,2002,00,1939.5
09.16.2002-03:00:00,09,16,2002,03,1956.6
09.16.2002-06:00:00,09,16,2002,06,1835.9
09.16.2002-09:00:00,09,16,2002,09,1680.2
09.16.2002-12:00:00,09,16,2002,12,1642.4
09.16.2002-15:00:00,09,16,2002,15,1717.1
09.16.2002-18:00:00,09,16,2002,18,1821.1
09.16.2002-21:00:00,09,16,2002,21,1886.7
09.17.2002-00:00:00,09,17,2002,00,1910.9
09.17.2002-03:00:00,09,17,2002,03,1930.5
09.17.2002-06:00:00,09,17,2002,06,1840.8
09.17.2002-09:00:00,09,17,2002,09,1701.6
09.17.2002-12:00:00,09,17,2002,12,1667.6
09.17.2002-15:00:00,09,17,2002,15,1732.9
09.17.2002-18:00:00,09,17,2002,18,1832.7
09.17.2002-21:00:00,09,17,2002,21,1883.8
09.18.2002-00:00:00,09,18,2002,00,1907.1
09.18.2002-03:00:00,09,18,2002,03,1921.6
09.18.2002-06:00:00,09,18,2002,06,1832.5
09.18.2002-09:00:00,09,18,2002,09,1656.6
09.18.2002-12:00:00,09,18,2002,12,1609.4
09.18.2002-15:00:00,09,18,2002,15,1691.6
09.18.2002-18:00:00,09,18,2002,18,1801.5
09.18.2002-21:00:00,09,18,2002,21,1854.6
09.19.2002-00:00:00,09,19,2002,00,1874.7
09.19.2002-03:00:00,09,19,2002,03,1888.5
09.19.2002-06:00:00,09,19,2002,06,1816.6
09.19.2002-09:00:00,09,19,2002,09,1607.1
09.19.2002-12:00:00,09,19,2002,12,1550
09.19.2002-15:00:00,09,19,2002,15,1640.3
09.19.2002-18:00:00,09,19,2002,18,1758.2
09.19.2002-21:00:00,09,19,2002,21,1816.6
09.20.2002-00:00:00,09,20,2002,00,1836.6
09.20.2002-03:00:00,09,20,2002,03,1851
09.20.2002-06:00:00,09,20,2002,06,1785.5
09.20.2002-09:00:00,09,20,2002,09,1594.8
09.20.2002-12:00:00,09,20,2002,12,1539.6
09.20.2002-15:00:00,09,20,2002,15,1627.4
09.20.2002-18:00:00,09,20,2002,18,1741.8
09.20.2002-21:00:00,09,20,2002,21,1797.4
09.21.2002-00:00:00,09,21,2002,00,1816.8
09.21.2002-03:00:00,09,21,2002,03,1828.5
09.21.2002-06:00:00,09,21,2002,06,1806.3
09.21.2002-09:00:00,09,21,2002,09,1585.5
09.21.2002-12:00:00,09,21,2002,12,1521.4
09.21.2002-15:00:00,09,21,2002,15,1611.9
09.21.2002-18:00:00,09,21,2002,18,1721.7
09.21.2002-21:00:00,09,21,2002,21,1774.4
09.22.2002-00:00:00,09,22,2002,00,1792.3
09.22.2002-03:00:00,09,22,2002,03,1803.8
09.22.2002-06:00:00,09,22,2002,06,1779.3
09.22.2002-09:00:00,09,22,2002,09,1544.6
09.22.2002-12:00:00,09,22,2002,12,1480.1
09.22.2002-15:00:00,09,22,2002,15,1570.9
09.22.2002-18:00:00,09,22,2002,18,1680.2
09.22.2002-21:00:00,09,22,2002,21,1734.1
09.23.2002-00:00:00,09,23,2002,00,1757.9
09.23.2002-03:00:00,09,23,2002,03,1767.9
09.23.2002-06:00:00,09,23,2002,06,1711.6
09.23.2002-09:00:00,09,23,2002,09,1501
09.23.2002-12:00:00,09,23,2002,12,1445.8
09.23.2002-15:00:00,09,23,2002,15,1535.1
09.23.2002-18:00:00,09,23,2002,18,1644.2
09.23.2002-21:00:00,09,23,2002,21,1691.4
09.24.2002-00:00:00,09,24,2002,00,1718.9
09.24.2002-03:00:00,09,24,2002,03,1729.3
09.24.2002-06:00:00,09,24,2002,06,1662.5
09.24.2002-09:00:00,09,24,2002,09,1514.2
09.24.2002-12:00:00,09,24,2002,12,1476.5
09.24.2002-15:00:00,09,24,2002,15,1545.5
09.24.2002-18:00:00,09,24,2002,18,1642.8
09.24.2002-21:00:00,09,24,2002,21,1682.3
09.25.2002-00:00:00,09,25,2002,00,1704.8
09.25.2002-03:00:00,09,25,2002,03,1711.2
09.25.2002-06:00:00,09,25,2002,06,1633.8
09.25.2002-09:00:00,09,25,2002,09,1452.7
09.25.2002-12:00:00,09,25,2002,12,1401.9
09.25.2002-15:00:00,09,25,2002,15,1486.8
09.25.2002-18:00:00,09,25,2002,18,1590
09.25.2002-21:00:00,09,25,2002,21,1636.4
09.26.2002-00:00:00,09,26,2002,00,1660.5
09.26.2002-03:00:00,09,26,2002,03,1674.6
09.26.2002-06:00:00,09,26,2002,06,1642.6
09.26.2002-09:00:00,09,26,2002,09,1520.3
09.26.2002-12:00:00,09,26,2002,12,1487.5
09.26.2002-15:00:00,09,26,2002,15,1546.7
09.26.2002-18:00:00,09,26,2002,18,1625
09.26.2002-21:00:00,09,26,2002,21,1654.1
09.27.2002-00:00:00,09,27,2002,00,1662.4
09.27.2002-03:00:00,09,27,2002,03,1666.4
09.27.2002-06:00:00,09,27,2002,06,1593.8
09.27.2002-09:00:00,09,27,2002,09,1440.9
09.27.2002-12:00:00,09,27,2002,12,1396.5
09.27.2002-15:00:00,09,27,2002,15,1469.6
09.27.2002-18:00:00,09,27,2002,18,1568
09.27.2002-21:00:00,09,27,2002,21,1608
09.28.2002-00:00:00,09,28,2002,00,1627.2
09.28.2002-03:00:00,09,28,2002,03,1636.9
09.28.2002-06:00:00,09,28,2002,06,1619.8
09.28.2002-09:00:00,09,28,2002,09,1433.1
09.28.2002-12:00:00,09,28,2002,12,1379.3
09.28.2002-15:00:00,09,28,2002,15,1457.2
09.28.2002-18:00:00,09,28,2002,18,1548.6
09.28.2002-21:00:00,09,28,2002,21,1584.9
09.29.2002-00:00:00,09,29,2002,00,1601
09.29.2002-03:00:00,09,29,2002,03,1608.3
09.29.2002-06:00:00,09,29,2002,06,1574.1
09.29.2002-09:00:00,09,29,2002,09,1474.1
09.29.2002-12:00:00,09,29,2002,12,1446.7
09.29.2002-15:00:00,09,29,2002,15,1495.3
09.29.2002-18:00:00,09,29,2002,18,1565.4
09.29.2002-21:00:00,09,29,2002,21,1587
09.30.2002-00:00:00,09,30,2002,00,1595.5
09.30.2002-03:00:00,09,30,2002,03,1598.2
09.30.2002-06:00:00,09,30,2002,06,1562.6
09.30.2002-09:00:00,09,30,2002,09,1467.5
09.30.2002-12:00:00,09,30,2002,12,1439.1
09.30.2002-15:00:00,09,30,2002,15,1488.5
09.30.2002-18:00:00,09,30,2002,18,1558.1
09.30.2002-21:00:00,09,30,2002,21,1579.6
