TIMESTAMP,MONTH,DAY,YEAR,HOUR,C
10.01.2011-00:00:00,10,01,2011,00,226.2
10.01.2011-03:00:00,10,01,2011,03,233.31
10.01.2011-06:00:00,10,01,2011,06,254.88
10.01.2011-09:00:00,10,01,2011,09,263.81
10.01.2011-12:00:00,10,01,2011,12,272.45
10.01.2011-15:00:00,10,01,2011,15,283.47
10.01.2011-18:00:00,10,01,2011,18,298.36
10.01.2011-21:00:00,10,01,2011,21,307.65
10.02.2011-00:00:00,10,02,2011,00,317.55
10.02.2011-03:00:00,10,02,2011,03,351.65
10.02.2011-06:00:00,10,02,2011,06,382.53
10.02.2011-09:00:00,10,02,2011,09,387.82
10.02.2011-12:00:00,10,02,2011,12,393.7
10.02.2011-15:00:00,10,02,2011,15,403.56
10.02.2011-18:00:00,10,02,2011,18,416.98
10.02.2011-21:00:00,10,02,2011,21,438.34
10.03.2011-00:00:00,10,03,2011,00,472.02
10.03.2011-03:00:00,10,03,2011,03,479.78
10.03.2011-06:00:00,10,03,2011,06,514.41
10.03.2011-09:00:00,10,03,2011,09,540.4
10.03.2011-12:00:00,10,03,2011,12,571.71
10.03.2011-15:00:00,10,03,2011,15,586.26
10.03.2011-18:00:00,10,03,2011,18,620.7
10.03.2011-21:00:00,10,03,2011,21,648.5
10.04.2011-00:00:00,10,04,2011,00,665.54
10.04.2011-03:00:00,10,04,2011,03,689.12
10.04.2011-06:00:00,10,04,2011,06,705.98
10.04.2011-09:00:00,10,04,2011,09,719.75
10.04.2011-12:00:00,10,04,2011,12,729.84
10.04.2011-15:00:00,10,04,2011,15,745.14
10.04.2011-18:00:00,10,04,2011,18,765.51
10.04.2011-21:00:00,10,04,2011,21,787.34
10.05.2011-00:00:00,10,05,2011,00,831.61
10.05.2011-03:00:00,10,05,2011,03,866.55
10.05.2011-06:00:00,10,05,2011,06,896.49
10.05.2011-09:00:00,10,05,2011,09,909.79
10.05.2011-12:00:00,10,05,2011,12,921.58
10.05.2011-15:00:00,10,05,2011,15,945.76
10.05.2011-18:00:00,10,05,2011,18,976.25
10.05.2011-21:00:00,10,05,2011,21,1010.9
10.06.2011-00:00:00,10,06,2011,00,1069
10.06.2011-03:00:00,10,06,2011,03,1124.5
10.06.2011-06:00:00,10,06,2011,06,1164.5
10.06.2011-09:00:00,10,06,2011,09,1212.4
10.06.2011-12:00:00,10,06,2011,12,1264.7
10.06.2011-15:00:00,10,06,2011,15,1304.4
10.06.2011-18:00:00,10,06,2011,18,1361.3
10.06.2011-21:00:00,10,06,2011,21,1428.8
10.07.2011-00:00:00,10,07,2011,00,1376.3
10.07.2011-03:00:00,10,07,2011,03,1396.7
10.07.2011-06:00:00,10,07,2011,06,1400.5
10.07.2011-09:00:00,10,07,2011,09,1380.3
10.07.2011-12:00:00,10,07,2011,12,1375.8
10.07.2011-15:00:00,10,07,2011,15,1387
10.07.2011-18:00:00,10,07,2011,18,1384.4
10.07.2011-21:00:00,10,07,2011,21,1379.8
10.08.2011-00:00:00,10,08,2011,00,1364.1
10.08.2011-03:00:00,10,08,2011,03,1348.7
10.08.2011-06:00:00,10,08,2011,06,1324.8
10.08.2011-09:00:00,10,08,2011,09,1285.5
10.08.2011-12:00:00,10,08,2011,12,1276.1
10.08.2011-15:00:00,10,08,2011,15,1269.5
10.08.2011-18:00:00,10,08,2011,18,1248.4
10.08.2011-21:00:00,10,08,2011,21,1228.1
10.09.2011-00:00:00,10,09,2011,00,1206.5
10.09.2011-03:00:00,10,09,2011,03,1184.9
10.09.2011-06:00:00,10,09,2011,06,1156.6
10.09.2011-09:00:00,10,09,2011,09,1099.9
10.09.2011-12:00:00,10,09,2011,12,1092.7
10.09.2011-15:00:00,10,09,2011,15,1087.6
10.09.2011-18:00:00,10,09,2011,18,1065.2
10.09.2011-21:00:00,10,09,2011,21,1042.1
10.10.2011-00:00:00,10,10,2011,00,1019
10.10.2011-03:00:00,10,10,2011,03,985.78
10.10.2011-06:00:00,10,10,2011,06,958.14
10.10.2011-09:00:00,10,10,2011,09,923.05
10.10.2011-12:00:00,10,10,2011,12,910.87
10.10.2011-15:00:00,10,10,2011,15,896.88
10.10.2011-18:00:00,10,10,2011,18,840.43
10.10.2011-21:00:00,10,10,2011,21,862.5
10.11.2011-00:00:00,10,11,2011,00,866.99
10.11.2011-03:00:00,10,11,2011,03,920.13
10.11.2011-06:00:00,10,11,2011,06,887.49
10.11.2011-09:00:00,10,11,2011,09,953.65
10.11.2011-12:00:00,10,11,2011,12,992.05
10.11.2011-15:00:00,10,11,2011,15,952.9
10.11.2011-18:00:00,10,11,2011,18,1001.8
10.11.2011-21:00:00,10,11,2011,21,1076.7
10.12.2011-00:00:00,10,12,2011,00,1097.9
10.12.2011-03:00:00,10,12,2011,03,1044.3
10.12.2011-06:00:00,10,12,2011,06,1244.1
10.12.2011-09:00:00,10,12,2011,09,1330.1
10.12.2011-12:00:00,10,12,2011,12,1425.3
10.12.2011-15:00:00,10,12,2011,15,1488.4
10.12.2011-18:00:00,10,12,2011,18,1530
10.12.2011-21:00:00,10,12,2011,21,1629.9
10.13.2011-00:00:00,10,13,2011,00,1622.2
10.13.2011-03:00:00,10,13,2011,03,1567.7
10.13.2011-06:00:00,10,13,2011,06,1561.8
10.13.2011-09:00:00,10,13,2011,09,1600.8
10.13.2011-12:00:00,10,13,2011,12,1511.4
10.13.2011-15:00:00,10,13,2011,15,1519.1
10.13.2011-18:00:00,10,13,2011,18,1460
10.13.2011-21:00:00,10,13,2011,21,1431.5
10.14.2011-00:00:00,10,14,2011,00,1321.3
10.14.2011-03:00:00,10,14,2011,03,1392
10.14.2011-06:00:00,10,14,2011,06,1361.6
10.14.2011-09:00:00,10,14,2011,09,1347.2
10.14.2011-12:00:00,10,14,2011,12,1289.1
10.14.2011-15:00:00,10,14,2011,15,1203.1
10.14.2011-18:00:00,10,14,2011,18,1080
10.14.2011-21:00:00,10,14,2011,21,1247.5
10.15.2011-00:00:00,10,15,2011,00,1190.5
10.15.2011-03:00:00,10,15,2011,03,1164.7
10.15.2011-06:00:00,10,15,2011,06,1135.6
10.15.2011-09:00:00,10,15,2011,09,1022.3
10.15.2011-12:00:00,10,15,2011,12,1036.4
10.15.2011-15:00:00,10,15,2011,15,1066.1
10.15.2011-18:00:00,10,15,2011,18,1001.3
10.15.2011-21:00:00,10,15,2011,21,861.33
10.16.2011-00:00:00,10,16,2011,00,962.24
10.16.2011-03:00:00,10,16,2011,03,879.48
10.16.2011-06:00:00,10,16,2011,06,949.34
10.16.2011-09:00:00,10,16,2011,09,867.22
10.16.2011-12:00:00,10,16,2011,12,799.2
10.16.2011-15:00:00,10,16,2011,15,848.75
10.16.2011-18:00:00,10,16,2011,18,834.99
10.16.2011-21:00:00,10,16,2011,21,723.9
10.17.2011-00:00:00,10,17,2011,00,708.73
10.17.2011-03:00:00,10,17,2011,03,719.7
10.17.2011-06:00:00,10,17,2011,06,682.81
10.17.2011-09:00:00,10,17,2011,09,730.4
10.17.2011-12:00:00,10,17,2011,12,704.33
10.17.2011-15:00:00,10,17,2011,15,673.8
10.17.2011-18:00:00,10,17,2011,18,669.05
10.17.2011-21:00:00,10,17,2011,21,627.87
10.18.2011-00:00:00,10,18,2011,00,641.08
10.18.2011-03:00:00,10,18,2011,03,615.21
10.18.2011-06:00:00,10,18,2011,06,594.67
10.18.2011-09:00:00,10,18,2011,09,572.33
10.18.2011-12:00:00,10,18,2011,12,605.15
10.18.2011-15:00:00,10,18,2011,15,596.1
10.18.2011-18:00:00,10,18,2011,18,591.13
10.18.2011-21:00:00,10,18,2011,21,542.17
10.19.2011-00:00:00,10,19,2011,00,533.95
10.19.2011-03:00:00,10,19,2011,03,538.03
10.19.2011-06:00:00,10,19,2011,06,608.36
10.19.2011-09:00:00,10,19,2011,09,531.66
10.19.2011-12:00:00,10,19,2011,12,544.82
10.19.2011-15:00:00,10,19,2011,15,527.15
10.19.2011-18:00:00,10,19,2011,18,559.29
10.19.2011-21:00:00,10,19,2011,21,520.38
10.20.2011-00:00:00,10,20,2011,00,573.64
10.20.2011-03:00:00,10,20,2011,03,517.58
10.20.2011-06:00:00,10,20,2011,06,531.55
10.20.2011-09:00:00,10,20,2011,09,500.09
10.20.2011-12:00:00,10,20,2011,12,520.09
10.20.2011-15:00:00,10,20,2011,15,520.04
10.20.2011-18:00:00,10,20,2011,18,582.3
10.20.2011-21:00:00,10,20,2011,21,547.16
10.21.2011-00:00:00,10,21,2011,00,499.15
10.21.2011-03:00:00,10,21,2011,03,510.14
10.21.2011-06:00:00,10,21,2011,06,561.64
10.21.2011-09:00:00,10,21,2011,09,494.09
10.21.2011-12:00:00,10,21,2011,12,492.28
10.21.2011-15:00:00,10,21,2011,15,501.62
10.21.2011-18:00:00,10,21,2011,18,519.99
10.21.2011-21:00:00,10,21,2011,21,541.2
10.22.2011-00:00:00,10,22,2011,00,496.8
10.22.2011-03:00:00,10,22,2011,03,539.09
10.22.2011-06:00:00,10,22,2011,06,497.05
10.22.2011-09:00:00,10,22,2011,09,509.61
10.22.2011-12:00:00,10,22,2011,12,524.27
10.22.2011-15:00:00,10,22,2011,15,502.6
10.22.2011-18:00:00,10,22,2011,18,550.86
10.22.2011-21:00:00,10,22,2011,21,546.41
10.23.2011-00:00:00,10,23,2011,00,579.99
10.23.2011-03:00:00,10,23,2011,03,565.48
10.23.2011-06:00:00,10,23,2011,06,684.04
10.23.2011-09:00:00,10,23,2011,09,607.15
10.23.2011-12:00:00,10,23,2011,12,697.91
10.23.2011-15:00:00,10,23,2011,15,716.65
10.23.2011-18:00:00,10,23,2011,18,668.37
10.23.2011-21:00:00,10,23,2011,21,684.11
10.24.2011-00:00:00,10,24,2011,00,742.35
10.24.2011-03:00:00,10,24,2011,03,654.9
10.24.2011-06:00:00,10,24,2011,06,756.48
10.24.2011-09:00:00,10,24,2011,09,671.09
10.24.2011-12:00:00,10,24,2011,12,701.7
10.24.2011-15:00:00,10,24,2011,15,700.86
10.24.2011-18:00:00,10,24,2011,18,764.77
10.24.2011-21:00:00,10,24,2011,21,639.65
10.25.2011-00:00:00,10,25,2011,00,629.74
10.25.2011-03:00:00,10,25,2011,03,735.62
10.25.2011-06:00:00,10,25,2011,06,724.12
10.25.2011-09:00:00,10,25,2011,09,670.28
10.25.2011-12:00:00,10,25,2011,12,706.63
10.25.2011-15:00:00,10,25,2011,15,668.67
10.25.2011-18:00:00,10,25,2011,18,643.94
10.25.2011-21:00:00,10,25,2011,21,709.5
10.26.2011-00:00:00,10,26,2011,00,597.31
10.26.2011-03:00:00,10,26,2011,03,589.73
10.26.2011-06:00:00,10,26,2011,06,654.46
10.26.2011-09:00:00,10,26,2011,09,575.35
10.26.2011-12:00:00,10,26,2011,12,648.45
10.26.2011-15:00:00,10,26,2011,15,572.58
10.26.2011-18:00:00,10,26,2011,18,647.91
10.26.2011-21:00:00,10,26,2011,21,650.1
10.27.2011-00:00:00,10,27,2011,00,553.79
10.27.2011-03:00:00,10,27,2011,03,580.95
10.27.2011-06:00:00,10,27,2011,06,564.95
10.27.2011-09:00:00,10,27,2011,09,615.26
10.27.2011-12:00:00,10,27,2011,12,524.52
10.27.2011-15:00:00,10,27,2011,15,517.1
10.27.2011-18:00:00,10,27,2011,18,551.41
10.27.2011-21:00:00,10,27,2011,21,500.66
10.28.2011-00:00:00,10,28,2011,00,513.64
10.28.2011-03:00:00,10,28,2011,03,515.49
10.28.2011-06:00:00,10,28,2011,06,483.03
10.28.2011-09:00:00,10,28,2011,09,490.98
10.28.2011-12:00:00,10,28,2011,12,491.75
10.28.2011-15:00:00,10,28,2011,15,517.36
10.28.2011-18:00:00,10,28,2011,18,486.11
10.28.2011-21:00:00,10,28,2011,21,478.55
10.29.2011-00:00:00,10,29,2011,00,416.31
10.29.2011-03:00:00,10,29,2011,03,422.63
10.29.2011-06:00:00,10,29,2011,06,420.63
10.29.2011-09:00:00,10,29,2011,09,431.16
10.29.2011-12:00:00,10,29,2011,12,409.37
10.29.2011-15:00:00,10,29,2011,15,469.33
10.29.2011-18:00:00,10,29,2011,18,475.03
10.29.2011-21:00:00,10,29,2011,21,467.78
10.30.2011-00:00:00,10,30,2011,00,516.22
10.30.2011-03:00:00,10,30,2011,03,408.29
10.30.2011-06:00:00,10,30,2011,06,443.36
10.30.2011-09:00:00,10,30,2011,09,393.61
10.30.2011-12:00:00,10,30,2011,12,432.82
10.30.2011-15:00:00,10,30,2011,15,443.68
10.30.2011-18:00:00,10,30,2011,18,372.8
10.30.2011-21:00:00,10,30,2011,21,366.01
10.31.2011-00:00:00,10,31,2011,00,390.22
10.31.2011-03:00:00,10,31,2011,03,352.67
10.31.2011-06:00:00,10,31,2011,06,341.25
10.31.2011-09:00:00,10,31,2011,09,332.11
10.31.2011-12:00:00,10,31,2011,12,392.6
10.31.2011-15:00:00,10,31,2011,15,355.72
10.31.2011-18:00:00,10,31,2011,18,321.12
10.31.2011-21:00:00,10,31,2011,21,393.87
11.01.2011-00:00:00,11,01,2011,00,318.13
11.01.2011-03:00:00,11,01,2011,03,356.37
11.01.2011-06:00:00,11,01,2011,06,296.27
11.01.2011-09:00:00,11,01,2011,09,290.48
11.01.2011-12:00:00,11,01,2011,12,299.54
11.01.2011-15:00:00,11,01,2011,15,317.71
11.01.2011-18:00:00,11,01,2011,18,280.32
11.01.2011-21:00:00,11,01,2011,21,269.93
11.02.2011-00:00:00,11,02,2011,00,261.6
11.02.2011-03:00:00,11,02,2011,03,255.25
11.02.2011-06:00:00,11,02,2011,06,254.55
11.02.2011-09:00:00,11,02,2011,09,278.19
11.02.2011-12:00:00,11,02,2011,12,248.05
11.02.2011-15:00:00,11,02,2011,15,240.83
11.02.2011-18:00:00,11,02,2011,18,240.86
11.02.2011-21:00:00,11,02,2011,21,240.11
11.03.2011-00:00:00,11,03,2011,00,243.58
11.03.2011-03:00:00,11,03,2011,03,267.11
11.03.2011-06:00:00,11,03,2011,06,258.95
11.03.2011-09:00:00,11,03,2011,09,267.22
11.03.2011-12:00:00,11,03,2011,12,262.51
11.03.2011-15:00:00,11,03,2011,15,341.31
11.03.2011-18:00:00,11,03,2011,18,289.63
11.03.2011-21:00:00,11,03,2011,21,371.35
11.04.2011-00:00:00,11,04,2011,00,310.69
11.04.2011-03:00:00,11,04,2011,03,293.11
11.04.2011-06:00:00,11,04,2011,06,290.49
11.04.2011-09:00:00,11,04,2011,09,292.04
11.04.2011-12:00:00,11,04,2011,12,290.68
11.04.2011-15:00:00,11,04,2011,15,285.48
11.04.2011-18:00:00,11,04,2011,18,276.46
11.04.2011-21:00:00,11,04,2011,21,279.69
11.05.2011-00:00:00,11,05,2011,00,259.4
11.05.2011-03:00:00,11,05,2011,03,302.75
11.05.2011-06:00:00,11,05,2011,06,244.91
11.05.2011-09:00:00,11,05,2011,09,281.37
11.05.2011-12:00:00,11,05,2011,12,242.56
11.05.2011-15:00:00,11,05,2011,15,293.27
11.05.2011-18:00:00,11,05,2011,18,237.93
11.05.2011-21:00:00,11,05,2011,21,234.06
11.06.2011-00:00:00,11,06,2011,00,227.23
11.06.2011-03:00:00,11,06,2011,03,231.56
11.06.2011-06:00:00,11,06,2011,06,222.6
11.06.2011-09:00:00,11,06,2011,09,228.83
11.06.2011-12:00:00,11,06,2011,12,215.46
11.06.2011-15:00:00,11,06,2011,15,213.69
11.06.2011-18:00:00,11,06,2011,18,208.31
11.06.2011-21:00:00,11,06,2011,21,203.68
11.07.2011-00:00:00,11,07,2011,00,200.58
11.07.2011-03:00:00,11,07,2011,03,194.62
11.07.2011-06:00:00,11,07,2011,06,189.31
11.07.2011-09:00:00,11,07,2011,09,185.95
11.07.2011-12:00:00,11,07,2011,12,195.37
11.07.2011-15:00:00,11,07,2011,15,190.61
11.07.2011-18:00:00,11,07,2011,18,186.23
11.07.2011-21:00:00,11,07,2011,21,182.53
11.08.2011-00:00:00,11,08,2011,00,178.62
11.08.2011-03:00:00,11,08,2011,03,175.74
11.08.2011-06:00:00,11,08,2011,06,170.69
11.08.2011-09:00:00,11,08,2011,09,166.24
11.08.2011-12:00:00,11,08,2011,12,163.2
11.08.2011-15:00:00,11,08,2011,15,158.98
11.08.2011-18:00:00,11,08,2011,18,162.44
11.08.2011-21:00:00,11,08,2011,21,158.87
11.09.2011-00:00:00,11,09,2011,00,160.47
11.09.2011-03:00:00,11,09,2011,03,156.24
11.09.2011-06:00:00,11,09,2011,06,152.65
11.09.2011-09:00:00,11,09,2011,09,164.51
11.09.2011-12:00:00,11,09,2011,12,160.72
11.09.2011-15:00:00,11,09,2011,15,155.04
11.09.2011-18:00:00,11,09,2011,18,151.14
11.09.2011-21:00:00,11,09,2011,21,147.31
11.10.2011-00:00:00,11,10,2011,00,145.04
11.10.2011-03:00:00,11,10,2011,03,141.97
11.10.2011-06:00:00,11,10,2011,06,139.94
11.10.2011-09:00:00,11,10,2011,09,138.02
11.10.2011-12:00:00,11,10,2011,12,139.86
11.10.2011-15:00:00,11,10,2011,15,143.05
11.10.2011-18:00:00,11,10,2011,18,139.65
11.10.2011-21:00:00,11,10,2011,21,137.81
11.11.2011-00:00:00,11,11,2011,00,138.06
11.11.2011-03:00:00,11,11,2011,03,135.7
11.11.2011-06:00:00,11,11,2011,06,136.8
11.11.2011-09:00:00,11,11,2011,09,135.48
11.11.2011-12:00:00,11,11,2011,12,134.24
11.11.2011-15:00:00,11,11,2011,15,133.77
11.11.2011-18:00:00,11,11,2011,18,134.2
11.11.2011-21:00:00,11,11,2011,21,134.02
11.12.2011-00:00:00,11,12,2011,00,133.2
11.12.2011-03:00:00,11,12,2011,03,130.89
11.12.2011-06:00:00,11,12,2011,06,132.84
11.12.2011-09:00:00,11,12,2011,09,132.83
11.12.2011-12:00:00,11,12,2011,12,133.55
11.12.2011-15:00:00,11,12,2011,15,131.96
11.12.2011-18:00:00,11,12,2011,18,131.76
11.12.2011-21:00:00,11,12,2011,21,136.86
11.13.2011-00:00:00,11,13,2011,00,136.45
11.13.2011-03:00:00,11,13,2011,03,134.58
11.13.2011-06:00:00,11,13,2011,06,133.71
11.13.2011-09:00:00,11,13,2011,09,131.87
11.13.2011-12:00:00,11,13,2011,12,130.23
11.13.2011-15:00:00,11,13,2011,15,128.07
11.13.2011-18:00:00,11,13,2011,18,131.8
11.13.2011-21:00:00,11,13,2011,21,129.84
11.14.2011-00:00:00,11,14,2011,00,126.48
11.14.2011-03:00:00,11,14,2011,03,130.08
11.14.2011-06:00:00,11,14,2011,06,127.64
11.14.2011-09:00:00,11,14,2011,09,126.04
11.14.2011-12:00:00,11,14,2011,12,125.99
11.14.2011-15:00:00,11,14,2011,15,122.6
11.14.2011-18:00:00,11,14,2011,18,119.35
11.14.2011-21:00:00,11,14,2011,21,118.15
11.15.2011-00:00:00,11,15,2011,00,118.09
11.15.2011-03:00:00,11,15,2011,03,115.19
11.15.2011-06:00:00,11,15,2011,06,113.23
11.15.2011-09:00:00,11,15,2011,09,111.69
11.15.2011-12:00:00,11,15,2011,12,110.24
11.15.2011-15:00:00,11,15,2011,15,108.04
11.15.2011-18:00:00,11,15,2011,18,109.7
11.15.2011-21:00:00,11,15,2011,21,108.42
11.16.2011-00:00:00,11,16,2011,00,108.25
11.16.2011-03:00:00,11,16,2011,03,106.66
11.16.2011-06:00:00,11,16,2011,06,104.16
11.16.2011-09:00:00,11,16,2011,09,101.82
11.16.2011-12:00:00,11,16,2011,12,99.651
11.16.2011-15:00:00,11,16,2011,15,98.493
11.16.2011-18:00:00,11,16,2011,18,97.192
11.16.2011-21:00:00,11,16,2011,21,95.291
11.17.2011-00:00:00,11,17,2011,00,98.049
11.17.2011-03:00:00,11,17,2011,03,95.777
11.17.2011-06:00:00,11,17,2011,06,93.911
11.17.2011-09:00:00,11,17,2011,09,91.795
11.17.2011-12:00:00,11,17,2011,12,89.91
11.17.2011-15:00:00,11,17,2011,15,88.789
11.17.2011-18:00:00,11,17,2011,18,86.9
11.17.2011-21:00:00,11,17,2011,21,85.108
11.18.2011-00:00:00,11,18,2011,00,83.396
11.18.2011-03:00:00,11,18,2011,03,82.964
11.18.2011-06:00:00,11,18,2011,06,82.28
11.18.2011-09:00:00,11,18,2011,09,82.519
11.18.2011-12:00:00,11,18,2011,12,81.082
11.18.2011-15:00:00,11,18,2011,15,80.164
11.18.2011-18:00:00,11,18,2011,18,79.455
11.18.2011-21:00:00,11,18,2011,21,78.078
11.19.2011-00:00:00,11,19,2011,00,76.7
11.19.2011-03:00:00,11,19,2011,03,76.093
11.19.2011-06:00:00,11,19,2011,06,74.832
11.19.2011-09:00:00,11,19,2011,09,74.18
11.19.2011-12:00:00,11,19,2011,12,73.82
11.19.2011-15:00:00,11,19,2011,15,72.619
11.19.2011-18:00:00,11,19,2011,18,71.488
11.19.2011-21:00:00,11,19,2011,21,70.34
11.20.2011-00:00:00,11,20,2011,00,69.373
11.20.2011-03:00:00,11,20,2011,03,72.105
11.20.2011-06:00:00,11,20,2011,06,70.837
11.20.2011-09:00:00,11,20,2011,09,69.557
11.20.2011-12:00:00,11,20,2011,12,68.466
11.20.2011-15:00:00,11,20,2011,15,67.888
11.20.2011-18:00:00,11,20,2011,18,66.726
11.20.2011-21:00:00,11,20,2011,21,65.57
11.21.2011-00:00:00,11,21,2011,00,64.454
11.21.2011-03:00:00,11,21,2011,03,63.393
11.21.2011-06:00:00,11,21,2011,06,62.342
11.21.2011-09:00:00,11,21,2011,09,61.374
11.21.2011-12:00:00,11,21,2011,12,60.406
11.21.2011-15:00:00,11,21,2011,15,59.572
11.21.2011-18:00:00,11,21,2011,18,61.93
11.21.2011-21:00:00,11,21,2011,21,61.286
11.22.2011-00:00:00,11,22,2011,00,60.163
11.22.2011-03:00:00,11,22,2011,03,59.102
11.22.2011-06:00:00,11,22,2011,06,58.157
11.22.2011-09:00:00,11,22,2011,09,58.798
11.22.2011-12:00:00,11,22,2011,12,57.933
11.22.2011-15:00:00,11,22,2011,15,57.046
11.22.2011-18:00:00,11,22,2011,18,60.056
11.22.2011-21:00:00,11,22,2011,21,59.75
11.23.2011-00:00:00,11,23,2011,00,59.118
11.23.2011-03:00:00,11,23,2011,03,58.058
11.23.2011-06:00:00,11,23,2011,06,57.519
11.23.2011-09:00:00,11,23,2011,09,56.528
11.23.2011-12:00:00,11,23,2011,12,55.548
11.23.2011-15:00:00,11,23,2011,15,54.626
11.23.2011-18:00:00,11,23,2011,18,53.733
11.23.2011-21:00:00,11,23,2011,21,52.851
11.24.2011-00:00:00,11,24,2011,00,52.355
11.24.2011-03:00:00,11,24,2011,03,52.505
11.24.2011-06:00:00,11,24,2011,06,51.84
11.24.2011-09:00:00,11,24,2011,09,51.576
11.24.2011-12:00:00,11,24,2011,12,51.566
11.24.2011-15:00:00,11,24,2011,15,50.821
11.24.2011-18:00:00,11,24,2011,18,50.126
11.24.2011-21:00:00,11,24,2011,21,49.421
11.25.2011-00:00:00,11,25,2011,00,48.753
11.25.2011-03:00:00,11,25,2011,03,48.2
11.25.2011-06:00:00,11,25,2011,06,48.952
11.25.2011-09:00:00,11,25,2011,09,48.244
11.25.2011-12:00:00,11,25,2011,12,47.527
11.25.2011-15:00:00,11,25,2011,15,46.823
11.25.2011-18:00:00,11,25,2011,18,46.137
11.25.2011-21:00:00,11,25,2011,21,46.047
11.26.2011-00:00:00,11,26,2011,00,46.582
11.26.2011-03:00:00,11,26,2011,03,45.939
11.26.2011-06:00:00,11,26,2011,06,45.309
11.26.2011-09:00:00,11,26,2011,09,45.546
11.26.2011-12:00:00,11,26,2011,12,44.956
11.26.2011-15:00:00,11,26,2011,15,44.391
11.26.2011-18:00:00,11,26,2011,18,43.837
11.26.2011-21:00:00,11,26,2011,21,43.388
11.27.2011-00:00:00,11,27,2011,00,42.905
11.27.2011-03:00:00,11,27,2011,03,42.433
11.27.2011-06:00:00,11,27,2011,06,41.956
11.27.2011-09:00:00,11,27,2011,09,42.129
11.27.2011-12:00:00,11,27,2011,12,42.277
11.27.2011-15:00:00,11,27,2011,15,42.899
11.27.2011-18:00:00,11,27,2011,18,42.694
11.27.2011-21:00:00,11,27,2011,21,42.748
11.28.2011-00:00:00,11,28,2011,00,42.173
11.28.2011-03:00:00,11,28,2011,03,41.6
11.28.2011-06:00:00,11,28,2011,06,41.053
11.28.2011-09:00:00,11,28,2011,09,40.888
11.28.2011-12:00:00,11,28,2011,12,40.372
11.28.2011-15:00:00,11,28,2011,15,39.855
11.28.2011-18:00:00,11,28,2011,18,39.345
11.28.2011-21:00:00,11,28,2011,21,38.85
11.29.2011-00:00:00,11,29,2011,00,38.368
11.29.2011-03:00:00,11,29,2011,03,37.891
11.29.2011-06:00:00,11,29,2011,06,37.881
11.29.2011-09:00:00,11,29,2011,09,37.855
11.29.2011-12:00:00,11,29,2011,12,37.399
11.29.2011-15:00:00,11,29,2011,15,36.944
11.29.2011-18:00:00,11,29,2011,18,37.6
11.29.2011-21:00:00,11,29,2011,21,37.158
11.30.2011-00:00:00,11,30,2011,00,36.712
11.30.2011-03:00:00,11,30,2011,03,36.27
11.30.2011-06:00:00,11,30,2011,06,35.933
11.30.2011-09:00:00,11,30,2011,09,35.941
11.30.2011-12:00:00,11,30,2011,12,35.609
11.30.2011-15:00:00,11,30,2011,15,36.017
11.30.2011-18:00:00,11,30,2011,18,35.591
11.30.2011-21:00:00,11,30,2011,21,35.861
12.01.2011-00:00:00,12,01,2011,00,35.437
12.01.2011-03:00:00,12,01,2011,03,35.765
12.01.2011-06:00:00,12,01,2011,06,35.337
12.01.2011-09:00:00,12,01,2011,09,34.916
12.01.2011-12:00:00,12,01,2011,12,36.241
12.01.2011-15:00:00,12,01,2011,15,36.628
12.01.2011-18:00:00,12,01,2011,18,36.16
12.01.2011-21:00:00,12,01,2011,21,35.685
12.02.2011-00:00:00,12,02,2011,00,35.222
12.02.2011-03:00:00,12,02,2011,03,34.763
12.02.2011-06:00:00,12,02,2011,06,34.606
12.02.2011-09:00:00,12,02,2011,09,34.543
12.02.2011-12:00:00,12,02,2011,12,34.126
12.02.2011-15:00:00,12,02,2011,15,33.721
12.02.2011-18:00:00,12,02,2011,18,33.312
12.02.2011-21:00:00,12,02,2011,21,32.907
12.03.2011-00:00:00,12,03,2011,00,32.515
12.03.2011-03:00:00,12,03,2011,03,32.128
12.03.2011-06:00:00,12,03,2011,06,31.747
12.03.2011-09:00:00,12,03,2011,09,31.375
12.03.2011-12:00:00,12,03,2011,12,31.53
12.03.2011-15:00:00,12,03,2011,15,31.166
12.03.2011-18:00:00,12,03,2011,18,30.81
12.03.2011-21:00:00,12,03,2011,21,30.457
12.04.2011-00:00:00,12,04,2011,00,30.112
12.04.2011-03:00:00,12,04,2011,03,29.843
12.04.2011-06:00:00,12,04,2011,06,30.574
12.04.2011-09:00:00,12,04,2011,09,30.576
12.04.2011-12:00:00,12,04,2011,12,30.724
12.04.2011-15:00:00,12,04,2011,15,30.373
12.04.2011-18:00:00,12,04,2011,18,30.021
12.04.2011-21:00:00,12,04,2011,21,29.727
12.05.2011-00:00:00,12,05,2011,00,29.429
12.05.2011-03:00:00,12,05,2011,03,29.129
12.05.2011-06:00:00,12,05,2011,06,28.838
12.05.2011-09:00:00,12,05,2011,09,28.55
12.05.2011-12:00:00,12,05,2011,12,28.267
12.05.2011-15:00:00,12,05,2011,15,27.987
12.05.2011-18:00:00,12,05,2011,18,27.707
12.05.2011-21:00:00,12,05,2011,21,27.509
12.06.2011-00:00:00,12,06,2011,00,27.943
12.06.2011-03:00:00,12,06,2011,03,27.657
12.06.2011-06:00:00,12,06,2011,06,27.362
12.06.2011-09:00:00,12,06,2011,09,27.91
12.06.2011-12:00:00,12,06,2011,12,28.133
12.06.2011-15:00:00,12,06,2011,15,28.172
12.06.2011-18:00:00,12,06,2011,18,27.856
12.06.2011-21:00:00,12,06,2011,21,27.548
12.07.2011-00:00:00,12,07,2011,00,27.465
12.07.2011-03:00:00,12,07,2011,03,27.976
12.07.2011-06:00:00,12,07,2011,06,27.659
12.07.2011-09:00:00,12,07,2011,09,27.352
12.07.2011-12:00:00,12,07,2011,12,27.058
12.07.2011-15:00:00,12,07,2011,15,26.771
12.07.2011-18:00:00,12,07,2011,18,26.491
12.07.2011-21:00:00,12,07,2011,21,26.211
12.08.2011-00:00:00,12,08,2011,00,25.94
12.08.2011-03:00:00,12,08,2011,03,25.671
12.08.2011-06:00:00,12,08,2011,06,25.693
12.08.2011-09:00:00,12,08,2011,09,25.86
12.08.2011-12:00:00,12,08,2011,12,25.59
12.08.2011-15:00:00,12,08,2011,15,25.317
12.08.2011-18:00:00,12,08,2011,18,25.046
12.08.2011-21:00:00,12,08,2011,21,24.78
12.09.2011-00:00:00,12,09,2011,00,24.52
12.09.2011-03:00:00,12,09,2011,03,24.262
12.09.2011-06:00:00,12,09,2011,06,24.215
12.09.2011-09:00:00,12,09,2011,09,23.966
12.09.2011-12:00:00,12,09,2011,12,23.719
12.09.2011-15:00:00,12,09,2011,15,23.804
12.09.2011-18:00:00,12,09,2011,18,23.98
12.09.2011-21:00:00,12,09,2011,21,23.807
12.10.2011-00:00:00,12,10,2011,00,23.967
12.10.2011-03:00:00,12,10,2011,03,24.572
12.10.2011-06:00:00,12,10,2011,06,24.318
12.10.2011-09:00:00,12,10,2011,09,24.114
12.10.2011-12:00:00,12,10,2011,12,24.49
12.10.2011-15:00:00,12,10,2011,15,24.239
12.10.2011-18:00:00,12,10,2011,18,24.121
12.10.2011-21:00:00,12,10,2011,21,23.876
12.11.2011-00:00:00,12,11,2011,00,23.636
12.11.2011-03:00:00,12,11,2011,03,23.645
12.11.2011-06:00:00,12,11,2011,06,24.362
12.11.2011-09:00:00,12,11,2011,09,24.119
12.11.2011-12:00:00,12,11,2011,12,23.87
12.11.2011-15:00:00,12,11,2011,15,23.622
12.11.2011-18:00:00,12,11,2011,18,23.702
12.11.2011-21:00:00,12,11,2011,21,23.461
12.12.2011-00:00:00,12,12,2011,00,23.22
12.12.2011-03:00:00,12,12,2011,03,22.982
12.12.2011-06:00:00,12,12,2011,06,22.745
12.12.2011-09:00:00,12,12,2011,09,22.513
12.12.2011-12:00:00,12,12,2011,12,22.284
12.12.2011-15:00:00,12,12,2011,15,22.112
12.12.2011-18:00:00,12,12,2011,18,22.171
12.12.2011-21:00:00,12,12,2011,21,21.953
12.13.2011-00:00:00,12,13,2011,00,22.237
12.13.2011-03:00:00,12,13,2011,03,22.044
12.13.2011-06:00:00,12,13,2011,06,21.84
12.13.2011-09:00:00,12,13,2011,09,21.688
12.13.2011-12:00:00,12,13,2011,12,22.579
12.13.2011-15:00:00,12,13,2011,15,22.351
12.13.2011-18:00:00,12,13,2011,18,22.395
12.13.2011-21:00:00,12,13,2011,21,22.528
12.14.2011-00:00:00,12,14,2011,00,22.291
12.14.2011-03:00:00,12,14,2011,03,22.052
12.14.2011-06:00:00,12,14,2011,06,22.352
12.14.2011-09:00:00,12,14,2011,09,22.111
12.14.2011-12:00:00,12,14,2011,12,21.87
12.14.2011-15:00:00,12,14,2011,15,21.831
12.14.2011-18:00:00,12,14,2011,18,21.6
12.14.2011-21:00:00,12,14,2011,21,21.371
12.15.2011-00:00:00,12,15,2011,00,21.146
12.15.2011-03:00:00,12,15,2011,03,20.928
12.15.2011-06:00:00,12,15,2011,06,21.069
12.15.2011-09:00:00,12,15,2011,09,20.861
12.15.2011-12:00:00,12,15,2011,12,20.655
12.15.2011-15:00:00,12,15,2011,15,20.455
12.15.2011-18:00:00,12,15,2011,18,20.259
12.15.2011-21:00:00,12,15,2011,21,20.067
12.16.2011-00:00:00,12,16,2011,00,19.878
12.16.2011-03:00:00,12,16,2011,03,19.692
12.16.2011-06:00:00,12,16,2011,06,19.513
12.16.2011-09:00:00,12,16,2011,09,19.504
12.16.2011-12:00:00,12,16,2011,12,19.616
12.16.2011-15:00:00,12,16,2011,15,19.781
12.16.2011-18:00:00,12,16,2011,18,19.653
12.16.2011-21:00:00,12,16,2011,21,19.816
12.17.2011-00:00:00,12,17,2011,00,20.412
12.17.2011-03:00:00,12,17,2011,03,20.446
12.17.2011-06:00:00,12,17,2011,06,20.243
12.17.2011-09:00:00,12,17,2011,09,20.038
12.17.2011-12:00:00,12,17,2011,12,19.84
12.17.2011-15:00:00,12,17,2011,15,19.643
12.17.2011-18:00:00,12,17,2011,18,19.902
12.17.2011-21:00:00,12,17,2011,21,19.704
12.18.2011-00:00:00,12,18,2011,00,19.505
12.18.2011-03:00:00,12,18,2011,03,19.31
12.18.2011-06:00:00,12,18,2011,06,19.443
12.18.2011-09:00:00,12,18,2011,09,19.257
12.18.2011-12:00:00,12,18,2011,12,19.07
12.18.2011-15:00:00,12,18,2011,15,18.889
12.18.2011-18:00:00,12,18,2011,18,18.711
12.18.2011-21:00:00,12,18,2011,21,18.538
12.19.2011-00:00:00,12,19,2011,00,18.369
12.19.2011-03:00:00,12,19,2011,03,18.202
12.19.2011-06:00:00,12,19,2011,06,18.042
12.19.2011-09:00:00,12,19,2011,09,18.517
12.19.2011-12:00:00,12,19,2011,12,18.357
12.19.2011-15:00:00,12,19,2011,15,18.235
12.19.2011-18:00:00,12,19,2011,18,18.312
12.19.2011-21:00:00,12,19,2011,21,18.15
12.20.2011-00:00:00,12,20,2011,00,17.984
12.20.2011-03:00:00,12,20,2011,03,17.821
12.20.2011-06:00:00,12,20,2011,06,17.658
12.20.2011-09:00:00,12,20,2011,09,17.798
12.20.2011-12:00:00,12,20,2011,12,17.639
12.20.2011-15:00:00,12,20,2011,15,17.479
12.20.2011-18:00:00,12,20,2011,18,17.322
12.20.2011-21:00:00,12,20,2011,21,17.167
12.21.2011-00:00:00,12,21,2011,00,17.015
12.21.2011-03:00:00,12,21,2011,03,16.865
12.21.2011-06:00:00,12,21,2011,06,16.719
12.21.2011-09:00:00,12,21,2011,09,16.568
12.21.2011-12:00:00,12,21,2011,12,16.715
12.21.2011-15:00:00,12,21,2011,15,16.572
12.21.2011-18:00:00,12,21,2011,18,16.607
12.21.2011-21:00:00,12,21,2011,21,16.489
12.22.2011-00:00:00,12,22,2011,00,16.362
12.22.2011-03:00:00,12,22,2011,03,16.232
12.22.2011-06:00:00,12,22,2011,06,16.1
12.22.2011-09:00:00,12,22,2011,09,15.969
12.22.2011-12:00:00,12,22,2011,12,15.836
12.22.2011-15:00:00,12,22,2011,15,15.707
12.22.2011-18:00:00,12,22,2011,18,15.575
12.22.2011-21:00:00,12,22,2011,21,15.807
12.23.2011-00:00:00,12,23,2011,00,15.674
12.23.2011-03:00:00,12,23,2011,03,15.538
12.23.2011-06:00:00,12,23,2011,06,15.607
12.23.2011-09:00:00,12,23,2011,09,15.479
12.23.2011-12:00:00,12,23,2011,12,15.351
12.23.2011-15:00:00,12,23,2011,15,15.227
12.23.2011-18:00:00,12,23,2011,18,15.105
12.23.2011-21:00:00,12,23,2011,21,14.985
12.24.2011-00:00:00,12,24,2011,00,14.867
12.24.2011-03:00:00,12,24,2011,03,14.751
12.24.2011-06:00:00,12,24,2011,06,14.635
12.24.2011-09:00:00,12,24,2011,09,14.607
12.24.2011-12:00:00,12,24,2011,12,14.492
12.24.2011-15:00:00,12,24,2011,15,14.772
12.24.2011-18:00:00,12,24,2011,18,14.875
12.24.2011-21:00:00,12,24,2011,21,14.755
12.25.2011-00:00:00,12,25,2011,00,14.72
12.25.2011-03:00:00,12,25,2011,03,15.237
12.25.2011-06:00:00,12,25,2011,06,15.113
12.25.2011-09:00:00,12,25,2011,09,14.984
12.25.2011-12:00:00,12,25,2011,12,14.857
12.25.2011-15:00:00,12,25,2011,15,14.732
12.25.2011-18:00:00,12,25,2011,18,14.608
12.25.2011-21:00:00,12,25,2011,21,14.49
12.26.2011-00:00:00,12,26,2011,00,14.375
12.26.2011-03:00:00,12,26,2011,03,14.263
12.26.2011-06:00:00,12,26,2011,06,14.155
12.26.2011-09:00:00,12,26,2011,09,14.047
12.26.2011-12:00:00,12,26,2011,12,13.94
12.26.2011-15:00:00,12,26,2011,15,13.958
12.26.2011-18:00:00,12,26,2011,18,13.854
12.26.2011-21:00:00,12,26,2011,21,13.75
12.27.2011-00:00:00,12,27,2011,00,13.645
12.27.2011-03:00:00,12,27,2011,03,13.541
12.27.2011-06:00:00,12,27,2011,06,13.439
12.27.2011-09:00:00,12,27,2011,09,13.337
12.27.2011-12:00:00,12,27,2011,12,13.235
12.27.2011-15:00:00,12,27,2011,15,13.135
12.27.2011-18:00:00,12,27,2011,18,13.034
12.27.2011-21:00:00,12,27,2011,21,12.935
12.28.2011-00:00:00,12,28,2011,00,13.148
12.28.2011-03:00:00,12,28,2011,03,13.048
12.28.2011-06:00:00,12,28,2011,06,12.946
12.28.2011-09:00:00,12,28,2011,09,12.846
12.28.2011-12:00:00,12,28,2011,12,12.992
12.28.2011-15:00:00,12,28,2011,15,12.897
12.28.2011-18:00:00,12,28,2011,18,12.993
12.28.2011-21:00:00,12,28,2011,21,12.941
12.29.2011-00:00:00,12,29,2011,00,13.079
12.29.2011-03:00:00,12,29,2011,03,13.174
12.29.2011-06:00:00,12,29,2011,06,13.119
12.29.2011-09:00:00,12,29,2011,09,13.453
12.29.2011-12:00:00,12,29,2011,12,13.348
12.29.2011-15:00:00,12,29,2011,15,13.239
12.29.2011-18:00:00,12,29,2011,18,13.132
12.29.2011-21:00:00,12,29,2011,21,13.027
12.30.2011-00:00:00,12,30,2011,00,12.925
12.30.2011-03:00:00,12,30,2011,03,12.823
12.30.2011-06:00:00,12,30,2011,06,12.96
12.30.2011-09:00:00,12,30,2011,09,12.863
12.30.2011-12:00:00,12,30,2011,12,12.764
12.30.2011-15:00:00,12,30,2011,15,12.795
12.30.2011-18:00:00,12,30,2011,18,12.721
12.30.2011-21:00:00,12,30,2011,21,12.638
12.31.2011-00:00:00,12,31,2011,00,13.298
12.31.2011-03:00:00,12,31,2011,03,13.203
12.31.2011-06:00:00,12,31,2011,06,13.098
12.31.2011-09:00:00,12,31,2011,09,13.417
12.31.2011-12:00:00,12,31,2011,12,13.315
12.31.2011-15:00:00,12,31,2011,15,13.244
12.31.2011-18:00:00,12,31,2011,18,13.324
12.31.2011-21:00:00,12,31,2011,21,13.575
01.01.2012-00:00:00,01,01,2012,00,13.504
01.01.2012-03:00:00,01,01,2012,03,13.806
01.01.2012-06:00:00,01,01,2012,06,13.69
01.01.2012-09:00:00,01,01,2012,09,13.57
01.01.2012-12:00:00,01,01,2012,12,13.687
01.01.2012-15:00:00,01,01,2012,15,13.57
01.01.2012-18:00:00,01,01,2012,18,13.451
01.01.2012-21:00:00,01,01,2012,21,13.512
01.02.2012-00:00:00,01,02,2012,00,13.398
01.02.2012-03:00:00,01,02,2012,03,13.287
01.02.2012-06:00:00,01,02,2012,06,13.179
01.02.2012-09:00:00,01,02,2012,09,13.074
01.02.2012-12:00:00,01,02,2012,12,13.004
01.02.2012-15:00:00,01,02,2012,15,13.305
01.02.2012-18:00:00,01,02,2012,18,13.199
01.02.2012-21:00:00,01,02,2012,21,13.089
01.03.2012-00:00:00,01,03,2012,00,12.981
01.03.2012-03:00:00,01,03,2012,03,12.874
01.03.2012-06:00:00,01,03,2012,06,12.767
01.03.2012-09:00:00,01,03,2012,09,12.66
01.03.2012-12:00:00,01,03,2012,12,12.683
01.03.2012-15:00:00,01,03,2012,15,12.579
01.03.2012-18:00:00,01,03,2012,18,12.714
01.03.2012-21:00:00,01,03,2012,21,12.608
01.04.2012-00:00:00,01,04,2012,00,12.501
01.04.2012-03:00:00,01,04,2012,03,12.396
01.04.2012-06:00:00,01,04,2012,06,12.293
01.04.2012-09:00:00,01,04,2012,09,12.192
01.04.2012-12:00:00,01,04,2012,12,12.092
01.04.2012-15:00:00,01,04,2012,15,11.994
01.04.2012-18:00:00,01,04,2012,18,11.898
01.04.2012-21:00:00,01,04,2012,21,12.113
01.05.2012-00:00:00,01,05,2012,00,12.017
01.05.2012-03:00:00,01,05,2012,03,11.948
01.05.2012-06:00:00,01,05,2012,06,12.028
01.05.2012-09:00:00,01,05,2012,09,11.931
01.05.2012-12:00:00,01,05,2012,12,11.98
01.05.2012-15:00:00,01,05,2012,15,12.139
01.05.2012-18:00:00,01,05,2012,18,12.042
01.05.2012-21:00:00,01,05,2012,21,11.944
01.06.2012-00:00:00,01,06,2012,00,11.848
01.06.2012-03:00:00,01,06,2012,03,11.753
01.06.2012-06:00:00,01,06,2012,06,11.659
01.06.2012-09:00:00,01,06,2012,09,11.566
01.06.2012-12:00:00,01,06,2012,12,11.475
01.06.2012-15:00:00,01,06,2012,15,11.474
01.06.2012-18:00:00,01,06,2012,18,11.387
01.06.2012-21:00:00,01,06,2012,21,11.302
01.07.2012-00:00:00,01,07,2012,00,11.284
01.07.2012-03:00:00,01,07,2012,03,11.205
01.07.2012-06:00:00,01,07,2012,06,11.126
01.07.2012-09:00:00,01,07,2012,09,11.049
01.07.2012-12:00:00,01,07,2012,12,11
01.07.2012-15:00:00,01,07,2012,15,11.082
01.07.2012-18:00:00,01,07,2012,18,11.009
01.07.2012-21:00:00,01,07,2012,21,10.932
01.08.2012-00:00:00,01,08,2012,00,10.857
01.08.2012-03:00:00,01,08,2012,03,10.811
01.08.2012-06:00:00,01,08,2012,06,11.082
01.08.2012-09:00:00,01,08,2012,09,11.003
01.08.2012-12:00:00,01,08,2012,12,10.921
01.08.2012-15:00:00,01,08,2012,15,10.842
01.08.2012-18:00:00,01,08,2012,18,10.864
01.08.2012-21:00:00,01,08,2012,21,10.955
01.09.2012-00:00:00,01,09,2012,00,10.878
01.09.2012-03:00:00,01,09,2012,03,10.946
01.09.2012-06:00:00,01,09,2012,06,10.871
01.09.2012-09:00:00,01,09,2012,09,10.797
01.09.2012-12:00:00,01,09,2012,12,10.723
01.09.2012-15:00:00,01,09,2012,15,10.65
01.09.2012-18:00:00,01,09,2012,18,10.772
01.09.2012-21:00:00,01,09,2012,21,10.699
01.10.2012-00:00:00,01,10,2012,00,10.622
01.10.2012-03:00:00,01,10,2012,03,10.546
01.10.2012-06:00:00,01,10,2012,06,10.469
01.10.2012-09:00:00,01,10,2012,09,10.389
01.10.2012-12:00:00,01,10,2012,12,10.314
01.10.2012-15:00:00,01,10,2012,15,10.24
01.10.2012-18:00:00,01,10,2012,18,10.167
01.10.2012-21:00:00,01,10,2012,21,10.095
01.11.2012-00:00:00,01,11,2012,00,10.024
01.11.2012-03:00:00,01,11,2012,03,9.9535
01.11.2012-06:00:00,01,11,2012,06,10.155
01.11.2012-09:00:00,01,11,2012,09,10.241
01.11.2012-12:00:00,01,11,2012,12,10.168
01.11.2012-15:00:00,01,11,2012,15,10.094
01.11.2012-18:00:00,01,11,2012,18,10.021
01.11.2012-21:00:00,01,11,2012,21,9.9652
01.12.2012-00:00:00,01,12,2012,00,9.906
01.12.2012-03:00:00,01,12,2012,03,9.8441
01.12.2012-06:00:00,01,12,2012,06,9.8059
01.12.2012-09:00:00,01,12,2012,09,9.8838
01.12.2012-12:00:00,01,12,2012,12,9.8194
01.12.2012-15:00:00,01,12,2012,15,9.7532
01.12.2012-18:00:00,01,12,2012,18,9.9228
01.12.2012-21:00:00,01,12,2012,21,9.8545
01.13.2012-00:00:00,01,13,2012,00,9.999
01.13.2012-03:00:00,01,13,2012,03,9.9288
01.13.2012-06:00:00,01,13,2012,06,9.8576
01.13.2012-09:00:00,01,13,2012,09,9.7868
01.13.2012-12:00:00,01,13,2012,12,9.852
01.13.2012-15:00:00,01,13,2012,15,9.7833
01.13.2012-18:00:00,01,13,2012,18,9.7137
01.13.2012-21:00:00,01,13,2012,21,9.645
01.14.2012-00:00:00,01,14,2012,00,9.5772
01.14.2012-03:00:00,01,14,2012,03,9.5103
01.14.2012-06:00:00,01,14,2012,06,9.7375
01.14.2012-09:00:00,01,14,2012,09,9.9565
01.14.2012-12:00:00,01,14,2012,12,9.8834
01.14.2012-15:00:00,01,14,2012,15,9.8079
01.14.2012-18:00:00,01,14,2012,18,9.786
01.14.2012-21:00:00,01,14,2012,21,10.022
01.15.2012-00:00:00,01,15,2012,00,10.091
01.15.2012-03:00:00,01,15,2012,03,10.013
01.15.2012-06:00:00,01,15,2012,06,9.9349
01.15.2012-09:00:00,01,15,2012,09,9.8575
01.15.2012-12:00:00,01,15,2012,12,9.7813
01.15.2012-15:00:00,01,15,2012,15,9.7852
01.15.2012-18:00:00,01,15,2012,18,9.938
01.15.2012-21:00:00,01,15,2012,21,10.033
01.16.2012-00:00:00,01,16,2012,00,10.275
01.16.2012-03:00:00,01,16,2012,03,10.196
01.16.2012-06:00:00,01,16,2012,06,10.305
01.16.2012-09:00:00,01,16,2012,09,10.324
01.16.2012-12:00:00,01,16,2012,12,10.256
01.16.2012-15:00:00,01,16,2012,15,10.185
01.16.2012-18:00:00,01,16,2012,18,10.138
01.16.2012-21:00:00,01,16,2012,21,10.207
01.17.2012-00:00:00,01,17,2012,00,10.135
01.17.2012-03:00:00,01,17,2012,03,10.063
01.17.2012-06:00:00,01,17,2012,06,9.9901
01.17.2012-09:00:00,01,17,2012,09,9.9175
01.17.2012-12:00:00,01,17,2012,12,9.8459
01.17.2012-15:00:00,01,17,2012,15,9.7735
01.17.2012-18:00:00,01,17,2012,18,9.7002
01.17.2012-21:00:00,01,17,2012,21,9.6278
01.18.2012-00:00:00,01,18,2012,00,9.5564
01.18.2012-03:00:00,01,18,2012,03,9.4861
01.18.2012-06:00:00,01,18,2012,06,9.4166
01.18.2012-09:00:00,01,18,2012,09,9.4236
01.18.2012-12:00:00,01,18,2012,12,9.4986
01.18.2012-15:00:00,01,18,2012,15,9.434
01.18.2012-18:00:00,01,18,2012,18,9.3695
01.18.2012-21:00:00,01,18,2012,21,9.3081
01.19.2012-00:00:00,01,19,2012,00,9.2482
01.19.2012-03:00:00,01,19,2012,03,9.1899
01.19.2012-06:00:00,01,19,2012,06,9.1326
01.19.2012-09:00:00,01,19,2012,09,9.0761
01.19.2012-12:00:00,01,19,2012,12,9.0208
01.19.2012-15:00:00,01,19,2012,15,8.9649
01.19.2012-18:00:00,01,19,2012,18,8.9095
01.19.2012-21:00:00,01,19,2012,21,9.1083
01.20.2012-00:00:00,01,20,2012,00,9.0704
01.20.2012-03:00:00,01,20,2012,03,9.1358
01.20.2012-06:00:00,01,20,2012,06,9.0732
01.20.2012-09:00:00,01,20,2012,09,9.0083
01.20.2012-12:00:00,01,20,2012,12,9.0725
01.20.2012-15:00:00,01,20,2012,15,9.057
01.20.2012-18:00:00,01,20,2012,18,8.9939
01.20.2012-21:00:00,01,20,2012,21,9.1305
01.21.2012-00:00:00,01,21,2012,00,9.069
01.21.2012-03:00:00,01,21,2012,03,9.0314
01.21.2012-06:00:00,01,21,2012,06,9.2674
01.21.2012-09:00:00,01,21,2012,09,9.2074
01.21.2012-12:00:00,01,21,2012,12,9.1442
01.21.2012-15:00:00,01,21,2012,15,9.2064
01.21.2012-18:00:00,01,21,2012,18,9.146
01.21.2012-21:00:00,01,21,2012,21,9.0865
01.22.2012-00:00:00,01,22,2012,00,9.0258
01.22.2012-03:00:00,01,22,2012,03,8.9645
01.22.2012-06:00:00,01,22,2012,06,8.9045
01.22.2012-09:00:00,01,22,2012,09,8.8441
01.22.2012-12:00:00,01,22,2012,12,8.7832
01.22.2012-15:00:00,01,22,2012,15,8.7241
01.22.2012-18:00:00,01,22,2012,18,8.6651
01.22.2012-21:00:00,01,22,2012,21,8.6305
01.23.2012-00:00:00,01,23,2012,00,8.6966
01.23.2012-03:00:00,01,23,2012,03,8.638
01.23.2012-06:00:00,01,23,2012,06,8.5786
01.23.2012-09:00:00,01,23,2012,09,8.5199
01.23.2012-12:00:00,01,23,2012,12,8.4619
01.23.2012-15:00:00,01,23,2012,15,8.4047
01.23.2012-18:00:00,01,23,2012,18,8.3482
01.23.2012-21:00:00,01,23,2012,21,8.2923
01.24.2012-00:00:00,01,24,2012,00,8.3957
01.24.2012-03:00:00,01,24,2012,03,8.3413
01.24.2012-06:00:00,01,24,2012,06,8.2856
01.24.2012-09:00:00,01,24,2012,09,8.2306
01.24.2012-12:00:00,01,24,2012,12,8.1762
01.24.2012-15:00:00,01,24,2012,15,8.1226
01.24.2012-18:00:00,01,24,2012,18,8.5004
01.24.2012-21:00:00,01,24,2012,21,8.4446
01.25.2012-00:00:00,01,25,2012,00,8.3865
01.25.2012-03:00:00,01,25,2012,03,8.3304
01.25.2012-06:00:00,01,25,2012,06,8.2769
01.25.2012-09:00:00,01,25,2012,09,8.2248
01.25.2012-12:00:00,01,25,2012,12,8.1738
01.25.2012-15:00:00,01,25,2012,15,8.1672
01.25.2012-18:00:00,01,25,2012,18,8.117
01.25.2012-21:00:00,01,25,2012,21,8.0642
01.26.2012-00:00:00,01,26,2012,00,8.0121
01.26.2012-03:00:00,01,26,2012,03,7.972
01.26.2012-06:00:00,01,26,2012,06,7.929
01.26.2012-09:00:00,01,26,2012,09,7.8832
01.26.2012-12:00:00,01,26,2012,12,7.8355
01.26.2012-15:00:00,01,26,2012,15,7.8962
01.26.2012-18:00:00,01,26,2012,18,7.8483
01.26.2012-21:00:00,01,26,2012,21,7.8198
01.27.2012-00:00:00,01,27,2012,00,7.9411
01.27.2012-03:00:00,01,27,2012,03,7.9948
01.27.2012-06:00:00,01,27,2012,06,7.9441
01.27.2012-09:00:00,01,27,2012,09,7.8936
01.27.2012-12:00:00,01,27,2012,12,7.8423
01.27.2012-15:00:00,01,27,2012,15,7.7921
01.27.2012-18:00:00,01,27,2012,18,7.802
01.27.2012-21:00:00,01,27,2012,21,7.7532
01.28.2012-00:00:00,01,28,2012,00,7.7038
01.28.2012-03:00:00,01,28,2012,03,7.6551
01.28.2012-06:00:00,01,28,2012,06,7.6068
01.28.2012-09:00:00,01,28,2012,09,7.5798
01.28.2012-12:00:00,01,28,2012,12,7.7294
01.28.2012-15:00:00,01,28,2012,15,7.8484
01.28.2012-18:00:00,01,28,2012,18,7.7986
01.28.2012-21:00:00,01,28,2012,21,7.7475
01.29.2012-00:00:00,01,29,2012,00,7.6969
01.29.2012-03:00:00,01,29,2012,03,7.647
01.29.2012-06:00:00,01,29,2012,06,7.5976
01.29.2012-09:00:00,01,29,2012,09,7.5489
01.29.2012-12:00:00,01,29,2012,12,7.6996
01.29.2012-15:00:00,01,29,2012,15,7.6514
01.29.2012-18:00:00,01,29,2012,18,7.6014
01.29.2012-21:00:00,01,29,2012,21,7.552
01.30.2012-00:00:00,01,30,2012,00,7.5041
01.30.2012-03:00:00,01,30,2012,03,7.4558
01.30.2012-06:00:00,01,30,2012,06,7.4089
01.30.2012-09:00:00,01,30,2012,09,7.5382
01.30.2012-12:00:00,01,30,2012,12,7.6025
01.30.2012-15:00:00,01,30,2012,15,7.5556
01.30.2012-18:00:00,01,30,2012,18,7.6148
01.30.2012-21:00:00,01,30,2012,21,7.5666
01.31.2012-00:00:00,01,31,2012,00,7.537
01.31.2012-03:00:00,01,31,2012,03,7.5981
01.31.2012-06:00:00,01,31,2012,06,7.5505
01.31.2012-09:00:00,01,31,2012,09,7.4981
01.31.2012-12:00:00,01,31,2012,12,7.4499
01.31.2012-15:00:00,01,31,2012,15,7.4026
01.31.2012-18:00:00,01,31,2012,18,7.3755
01.31.2012-21:00:00,01,31,2012,21,7.5397
02.01.2012-00:00:00,02,01,2012,00,7.4924
02.01.2012-03:00:00,02,01,2012,03,7.5813
02.01.2012-06:00:00,02,01,2012,06,7.5327
02.01.2012-09:00:00,02,01,2012,09,7.6684
02.01.2012-12:00:00,02,01,2012,12,7.6176
02.01.2012-15:00:00,02,01,2012,15,7.5657
02.01.2012-18:00:00,02,01,2012,18,7.5145
02.01.2012-21:00:00,02,01,2012,21,7.4646
02.02.2012-00:00:00,02,02,2012,00,7.4148
02.02.2012-03:00:00,02,02,2012,03,7.3655
02.02.2012-06:00:00,02,02,2012,06,7.3169
02.02.2012-09:00:00,02,02,2012,09,7.2703
02.02.2012-12:00:00,02,02,2012,12,7.2955
02.02.2012-15:00:00,02,02,2012,15,7.3429
02.02.2012-18:00:00,02,02,2012,18,7.3019
02.02.2012-21:00:00,02,02,2012,21,7.2616
02.03.2012-00:00:00,02,03,2012,00,7.2217
02.03.2012-03:00:00,02,03,2012,03,7.1831
02.03.2012-06:00:00,02,03,2012,06,7.1465
02.03.2012-09:00:00,02,03,2012,09,7.1094
02.03.2012-12:00:00,02,03,2012,12,7.0729
02.03.2012-15:00:00,02,03,2012,15,7.0361
02.03.2012-18:00:00,02,03,2012,18,6.9979
02.03.2012-21:00:00,02,03,2012,21,6.9603
02.04.2012-00:00:00,02,04,2012,00,6.9213
02.04.2012-03:00:00,02,04,2012,03,6.8818
02.04.2012-06:00:00,02,04,2012,06,6.8436
02.04.2012-09:00:00,02,04,2012,09,6.8033
02.04.2012-12:00:00,02,04,2012,12,6.7643
02.04.2012-15:00:00,02,04,2012,15,6.7745
02.04.2012-18:00:00,02,04,2012,18,6.7352
02.04.2012-21:00:00,02,04,2012,21,6.696
02.05.2012-00:00:00,02,05,2012,00,6.6723
02.05.2012-03:00:00,02,05,2012,03,6.7276
02.05.2012-06:00:00,02,05,2012,06,6.7245
02.05.2012-09:00:00,02,05,2012,09,6.7723
02.05.2012-12:00:00,02,05,2012,12,6.8714
02.05.2012-15:00:00,02,05,2012,15,6.8317
02.05.2012-18:00:00,02,05,2012,18,6.7907
02.05.2012-21:00:00,02,05,2012,21,6.7502
02.06.2012-00:00:00,02,06,2012,00,6.7224
02.06.2012-03:00:00,02,06,2012,03,6.6929
02.06.2012-06:00:00,02,06,2012,06,6.6623
02.06.2012-09:00:00,02,06,2012,09,6.6293
02.06.2012-12:00:00,02,06,2012,12,6.5953
02.06.2012-15:00:00,02,06,2012,15,6.5607
02.06.2012-18:00:00,02,06,2012,18,6.525
02.06.2012-21:00:00,02,06,2012,21,6.4889
02.07.2012-00:00:00,02,07,2012,00,6.4534
02.07.2012-03:00:00,02,07,2012,03,6.417
02.07.2012-06:00:00,02,07,2012,06,6.3818
02.07.2012-09:00:00,02,07,2012,09,6.3448
02.07.2012-12:00:00,02,07,2012,12,6.3085
02.07.2012-15:00:00,02,07,2012,15,6.3745
02.07.2012-18:00:00,02,07,2012,18,6.4359
02.07.2012-21:00:00,02,07,2012,21,6.4224
02.08.2012-00:00:00,02,08,2012,00,6.6806
02.08.2012-03:00:00,02,08,2012,03,6.6439
02.08.2012-06:00:00,02,08,2012,06,6.7502
02.08.2012-09:00:00,02,08,2012,09,6.8751
02.08.2012-12:00:00,02,08,2012,12,6.832
02.08.2012-15:00:00,02,08,2012,15,6.7879
02.08.2012-18:00:00,02,08,2012,18,6.7443
02.08.2012-21:00:00,02,08,2012,21,6.7013
02.09.2012-00:00:00,02,09,2012,00,6.6588
02.09.2012-03:00:00,02,09,2012,03,6.6168
02.09.2012-06:00:00,02,09,2012,06,6.5753
02.09.2012-09:00:00,02,09,2012,09,6.5354
02.09.2012-12:00:00,02,09,2012,12,6.4964
02.09.2012-15:00:00,02,09,2012,15,6.459
02.09.2012-18:00:00,02,09,2012,18,6.4212
02.09.2012-21:00:00,02,09,2012,21,6.385
02.10.2012-00:00:00,02,10,2012,00,6.3484
02.10.2012-03:00:00,02,10,2012,03,6.4131
02.10.2012-06:00:00,02,10,2012,06,6.4712
02.10.2012-09:00:00,02,10,2012,09,6.6991
02.10.2012-12:00:00,02,10,2012,12,6.7135
02.10.2012-15:00:00,02,10,2012,15,6.6719
02.10.2012-18:00:00,02,10,2012,18,6.6299
02.10.2012-21:00:00,02,10,2012,21,6.5884
02.11.2012-00:00:00,02,11,2012,00,6.5475
02.11.2012-03:00:00,02,11,2012,03,6.5069
02.11.2012-06:00:00,02,11,2012,06,6.467
02.11.2012-09:00:00,02,11,2012,09,6.4273
02.11.2012-12:00:00,02,11,2012,12,6.3888
02.11.2012-15:00:00,02,11,2012,15,6.3826
02.11.2012-18:00:00,02,11,2012,18,6.3449
02.11.2012-21:00:00,02,11,2012,21,6.3068
02.12.2012-00:00:00,02,12,2012,00,6.2692
02.12.2012-03:00:00,02,12,2012,03,6.232
02.12.2012-06:00:00,02,12,2012,06,6.1952
02.12.2012-09:00:00,02,12,2012,09,6.1573
02.12.2012-12:00:00,02,12,2012,12,6.1201
02.12.2012-15:00:00,02,12,2012,15,6.0845
02.12.2012-18:00:00,02,12,2012,18,6.0493
02.12.2012-21:00:00,02,12,2012,21,6.0144
02.13.2012-00:00:00,02,13,2012,00,5.98
02.13.2012-03:00:00,02,13,2012,03,5.9459
02.13.2012-06:00:00,02,13,2012,06,6.028
02.13.2012-09:00:00,02,13,2012,09,6.0663
02.13.2012-12:00:00,02,13,2012,12,6.0313
02.13.2012-15:00:00,02,13,2012,15,5.9968
02.13.2012-18:00:00,02,13,2012,18,5.9626
02.13.2012-21:00:00,02,13,2012,21,5.9288
02.14.2012-00:00:00,02,14,2012,00,5.8953
02.14.2012-03:00:00,02,14,2012,03,5.8798
02.14.2012-06:00:00,02,14,2012,06,6.0199
02.14.2012-09:00:00,02,14,2012,09,6.1262
02.14.2012-12:00:00,02,14,2012,12,6.0889
02.14.2012-15:00:00,02,14,2012,15,6.0518
02.14.2012-18:00:00,02,14,2012,18,6.0151
02.14.2012-21:00:00,02,14,2012,21,6.0195
02.15.2012-00:00:00,02,15,2012,00,5.9841
02.15.2012-03:00:00,02,15,2012,03,5.9484
02.15.2012-06:00:00,02,15,2012,06,5.9131
02.15.2012-09:00:00,02,15,2012,09,5.877
02.15.2012-12:00:00,02,15,2012,12,5.8414
02.15.2012-15:00:00,02,15,2012,15,5.8072
02.15.2012-18:00:00,02,15,2012,18,5.7733
02.15.2012-21:00:00,02,15,2012,21,5.7399
02.16.2012-00:00:00,02,16,2012,00,5.7215
02.16.2012-03:00:00,02,16,2012,03,5.7738
02.16.2012-06:00:00,02,16,2012,06,5.7416
02.16.2012-09:00:00,02,16,2012,09,5.7075
02.16.2012-12:00:00,02,16,2012,12,5.7594
02.16.2012-15:00:00,02,16,2012,15,5.7275
02.16.2012-18:00:00,02,16,2012,18,5.6948
02.16.2012-21:00:00,02,16,2012,21,5.6626
02.17.2012-00:00:00,02,17,2012,00,5.6445
02.17.2012-03:00:00,02,17,2012,03,5.788
02.17.2012-06:00:00,02,17,2012,06,5.7561
02.17.2012-09:00:00,02,17,2012,09,5.723
02.17.2012-12:00:00,02,17,2012,12,5.6904
02.17.2012-15:00:00,02,17,2012,15,5.6597
02.17.2012-18:00:00,02,17,2012,18,5.6281
02.17.2012-21:00:00,02,17,2012,21,5.5965
02.18.2012-00:00:00,02,18,2012,00,5.6625
02.18.2012-03:00:00,02,18,2012,03,5.695
02.18.2012-06:00:00,02,18,2012,06,5.6668
02.18.2012-09:00:00,02,18,2012,09,5.7213
02.18.2012-12:00:00,02,18,2012,12,5.6931
02.18.2012-15:00:00,02,18,2012,15,5.6646
02.18.2012-18:00:00,02,18,2012,18,5.635
02.18.2012-21:00:00,02,18,2012,21,5.7222
02.19.2012-00:00:00,02,19,2012,00,5.7095
02.19.2012-03:00:00,02,19,2012,03,5.7629
02.19.2012-06:00:00,02,19,2012,06,5.7299
02.19.2012-09:00:00,02,19,2012,09,5.6962
02.19.2012-12:00:00,02,19,2012,12,5.663
02.19.2012-15:00:00,02,19,2012,15,5.63
02.19.2012-18:00:00,02,19,2012,18,5.5974
02.19.2012-21:00:00,02,19,2012,21,5.5652
02.20.2012-00:00:00,02,20,2012,00,5.5333
02.20.2012-03:00:00,02,20,2012,03,5.5018
02.20.2012-06:00:00,02,20,2012,06,5.4706
02.20.2012-09:00:00,02,20,2012,09,5.4393
02.20.2012-12:00:00,02,20,2012,12,5.4084
02.20.2012-15:00:00,02,20,2012,15,5.3794
02.20.2012-18:00:00,02,20,2012,18,5.3512
02.20.2012-21:00:00,02,20,2012,21,5.3249
02.21.2012-00:00:00,02,21,2012,00,5.299
02.21.2012-03:00:00,02,21,2012,03,5.2743
02.21.2012-06:00:00,02,21,2012,06,5.3264
02.21.2012-09:00:00,02,21,2012,09,5.3662
02.21.2012-12:00:00,02,21,2012,12,5.3406
02.21.2012-15:00:00,02,21,2012,15,5.3136
02.21.2012-18:00:00,02,21,2012,18,5.3135
02.21.2012-21:00:00,02,21,2012,21,5.3689
02.22.2012-00:00:00,02,22,2012,00,5.4223
02.22.2012-03:00:00,02,22,2012,03,5.3949
02.22.2012-06:00:00,02,22,2012,06,5.3795
02.22.2012-09:00:00,02,22,2012,09,5.5112
02.22.2012-12:00:00,02,22,2012,12,5.4842
02.22.2012-15:00:00,02,22,2012,15,5.4554
02.22.2012-18:00:00,02,22,2012,18,5.4262
02.22.2012-21:00:00,02,22,2012,21,5.3973
02.23.2012-00:00:00,02,23,2012,00,5.3683
02.23.2012-03:00:00,02,23,2012,03,5.3384
02.23.2012-06:00:00,02,23,2012,06,5.3088
02.23.2012-09:00:00,02,23,2012,09,5.2793
02.23.2012-12:00:00,02,23,2012,12,5.2503
02.23.2012-15:00:00,02,23,2012,15,5.2216
02.23.2012-18:00:00,02,23,2012,18,5.1932
02.23.2012-21:00:00,02,23,2012,21,5.1651
02.24.2012-00:00:00,02,24,2012,00,5.1373
02.24.2012-03:00:00,02,24,2012,03,5.1097
02.24.2012-06:00:00,02,24,2012,06,5.0824
02.24.2012-09:00:00,02,24,2012,09,5.0546
02.24.2012-12:00:00,02,24,2012,12,5.0994
02.24.2012-15:00:00,02,24,2012,15,5.0731
02.24.2012-18:00:00,02,24,2012,18,5.239
02.24.2012-21:00:00,02,24,2012,21,5.2649
02.25.2012-00:00:00,02,25,2012,00,5.2367
02.25.2012-03:00:00,02,25,2012,03,5.2734
02.25.2012-06:00:00,02,25,2012,06,5.2462
02.25.2012-09:00:00,02,25,2012,09,5.2186
02.25.2012-12:00:00,02,25,2012,12,5.1907
02.25.2012-15:00:00,02,25,2012,15,5.1635
02.25.2012-18:00:00,02,25,2012,18,5.1355
02.25.2012-21:00:00,02,25,2012,21,5.1077
02.26.2012-00:00:00,02,26,2012,00,5.195
02.26.2012-03:00:00,02,26,2012,03,5.1673
02.26.2012-06:00:00,02,26,2012,06,5.1385
02.26.2012-09:00:00,02,26,2012,09,5.11
02.26.2012-12:00:00,02,26,2012,12,5.0816
02.26.2012-15:00:00,02,26,2012,15,5.0537
02.26.2012-18:00:00,02,26,2012,18,5.026
02.26.2012-21:00:00,02,26,2012,21,4.9988
02.27.2012-00:00:00,02,27,2012,00,4.9718
02.27.2012-03:00:00,02,27,2012,03,4.945
02.27.2012-06:00:00,02,27,2012,06,4.9185
02.27.2012-09:00:00,02,27,2012,09,4.9074
02.27.2012-12:00:00,02,27,2012,12,4.9545
02.27.2012-15:00:00,02,27,2012,15,4.929
02.27.2012-18:00:00,02,27,2012,18,4.9032
02.27.2012-21:00:00,02,27,2012,21,4.8773
02.28.2012-00:00:00,02,28,2012,00,4.8519
02.28.2012-03:00:00,02,28,2012,03,4.8265
02.28.2012-06:00:00,02,28,2012,06,4.8014
02.28.2012-09:00:00,02,28,2012,09,4.7831
02.28.2012-12:00:00,02,28,2012,12,4.7629
02.28.2012-15:00:00,02,28,2012,15,4.7419
02.28.2012-18:00:00,02,28,2012,18,4.7204
02.28.2012-21:00:00,02,28,2012,21,4.7087
02.29.2012-00:00:00,02,29,2012,00,4.9049
02.29.2012-03:00:00,02,29,2012,03,4.8827
02.29.2012-06:00:00,02,29,2012,06,4.8576
02.29.2012-09:00:00,02,29,2012,09,4.8329
02.29.2012-12:00:00,02,29,2012,12,4.8089
02.29.2012-15:00:00,02,29,2012,15,4.784
02.29.2012-18:00:00,02,29,2012,18,4.7597
02.29.2012-21:00:00,02,29,2012,21,4.7342
03.01.2012-00:00:00,03,01,2012,00,4.7094
03.01.2012-03:00:00,03,01,2012,03,4.7493
03.01.2012-06:00:00,03,01,2012,06,4.7814
03.01.2012-09:00:00,03,01,2012,09,4.8879
03.01.2012-12:00:00,03,01,2012,12,4.8667
03.01.2012-15:00:00,03,01,2012,15,4.8428
03.01.2012-18:00:00,03,01,2012,18,4.853
03.01.2012-21:00:00,03,01,2012,21,4.8293
03.02.2012-00:00:00,03,02,2012,00,4.8057
03.02.2012-03:00:00,03,02,2012,03,4.7824
03.02.2012-06:00:00,03,02,2012,06,4.7837
03.02.2012-09:00:00,03,02,2012,09,4.7615
03.02.2012-12:00:00,03,02,2012,12,4.7383
03.02.2012-15:00:00,03,02,2012,15,4.7152
03.02.2012-18:00:00,03,02,2012,18,4.6923
03.02.2012-21:00:00,03,02,2012,21,4.67
03.03.2012-00:00:00,03,03,2012,00,4.6466
03.03.2012-03:00:00,03,03,2012,03,4.6232
03.03.2012-06:00:00,03,03,2012,06,4.5991
03.03.2012-09:00:00,03,03,2012,09,4.5747
03.03.2012-12:00:00,03,03,2012,12,4.5506
03.03.2012-15:00:00,03,03,2012,15,4.5272
03.03.2012-18:00:00,03,03,2012,18,4.5749
03.03.2012-21:00:00,03,03,2012,21,4.6562
03.04.2012-00:00:00,03,04,2012,00,4.6351
03.04.2012-03:00:00,03,04,2012,03,4.6256
03.04.2012-06:00:00,03,04,2012,06,4.6758
03.04.2012-09:00:00,03,04,2012,09,4.6528
03.04.2012-12:00:00,03,04,2012,12,4.6408
03.04.2012-15:00:00,03,04,2012,15,4.6832
03.04.2012-18:00:00,03,04,2012,18,4.6612
03.04.2012-21:00:00,03,04,2012,21,4.6373
03.05.2012-00:00:00,03,05,2012,00,4.6136
03.05.2012-03:00:00,03,05,2012,03,4.5901
03.05.2012-06:00:00,03,05,2012,06,4.5669
03.05.2012-09:00:00,03,05,2012,09,4.5789
03.05.2012-12:00:00,03,05,2012,12,4.6212
03.05.2012-15:00:00,03,05,2012,15,4.675
03.05.2012-18:00:00,03,05,2012,18,4.6523
03.05.2012-21:00:00,03,05,2012,21,4.6285
03.06.2012-00:00:00,03,06,2012,00,4.605
03.06.2012-03:00:00,03,06,2012,03,4.5815
03.06.2012-06:00:00,03,06,2012,06,4.6113
03.06.2012-09:00:00,03,06,2012,09,4.6191
03.06.2012-12:00:00,03,06,2012,12,4.595
03.06.2012-15:00:00,03,06,2012,15,4.5717
03.06.2012-18:00:00,03,06,2012,18,4.5487
03.06.2012-21:00:00,03,06,2012,21,4.5267
03.07.2012-00:00:00,03,07,2012,00,4.5052
03.07.2012-03:00:00,03,07,2012,03,4.485
03.07.2012-06:00:00,03,07,2012,06,4.4639
03.07.2012-09:00:00,03,07,2012,09,4.4439
03.07.2012-12:00:00,03,07,2012,12,4.4227
03.07.2012-15:00:00,03,07,2012,15,4.4019
03.07.2012-18:00:00,03,07,2012,18,4.3804
03.07.2012-21:00:00,03,07,2012,21,4.3599
03.08.2012-00:00:00,03,08,2012,00,4.3396
03.08.2012-03:00:00,03,08,2012,03,4.3195
03.08.2012-06:00:00,03,08,2012,06,4.2996
03.08.2012-09:00:00,03,08,2012,09,4.2769
03.08.2012-12:00:00,03,08,2012,12,4.2551
03.08.2012-15:00:00,03,08,2012,15,4.2353
03.08.2012-18:00:00,03,08,2012,18,4.2152
03.08.2012-21:00:00,03,08,2012,21,4.2031
03.09.2012-00:00:00,03,09,2012,00,4.2771
03.09.2012-03:00:00,03,09,2012,03,4.2572
03.09.2012-06:00:00,03,09,2012,06,4.3074
03.09.2012-09:00:00,03,09,2012,09,4.2823
03.09.2012-12:00:00,03,09,2012,12,4.2586
03.09.2012-15:00:00,03,09,2012,15,4.2374
03.09.2012-18:00:00,03,09,2012,18,4.2165
03.09.2012-21:00:00,03,09,2012,21,4.1957
03.10.2012-00:00:00,03,10,2012,00,4.1751
03.10.2012-03:00:00,03,10,2012,03,4.2108
03.10.2012-06:00:00,03,10,2012,06,4.1909
03.10.2012-09:00:00,03,10,2012,09,4.1653
03.10.2012-12:00:00,03,10,2012,12,4.1766
03.10.2012-15:00:00,03,10,2012,15,4.2177
03.10.2012-18:00:00,03,10,2012,18,4.1991
03.10.2012-21:00:00,03,10,2012,21,4.1799
03.11.2012-00:00:00,03,11,2012,00,4.1609
03.11.2012-03:00:00,03,11,2012,03,4.141
03.11.2012-06:00:00,03,11,2012,06,4.1205
03.11.2012-09:00:00,03,11,2012,09,4.0992
03.11.2012-12:00:00,03,11,2012,12,4.0789
03.11.2012-15:00:00,03,11,2012,15,4.0597
03.11.2012-18:00:00,03,11,2012,18,4.0778
03.11.2012-21:00:00,03,11,2012,21,4.082
03.12.2012-00:00:00,03,12,2012,00,4.0631
03.12.2012-03:00:00,03,12,2012,03,4.044
03.12.2012-06:00:00,03,12,2012,06,4.0251
03.12.2012-09:00:00,03,12,2012,09,4.0039
03.12.2012-12:00:00,03,12,2012,12,3.9841
03.12.2012-15:00:00,03,12,2012,15,3.9657
03.12.2012-18:00:00,03,12,2012,18,3.9475
03.12.2012-21:00:00,03,12,2012,21,3.9294
03.13.2012-00:00:00,03,13,2012,00,3.9115
03.13.2012-03:00:00,03,13,2012,03,3.8937
03.13.2012-06:00:00,03,13,2012,06,3.882
03.13.2012-09:00:00,03,13,2012,09,3.8689
03.13.2012-12:00:00,03,13,2012,12,3.8546
03.13.2012-15:00:00,03,13,2012,15,3.8394
03.13.2012-18:00:00,03,13,2012,18,3.8239
03.13.2012-21:00:00,03,13,2012,21,3.808
03.14.2012-00:00:00,03,14,2012,00,3.792
03.14.2012-03:00:00,03,14,2012,03,3.7753
03.14.2012-06:00:00,03,14,2012,06,3.7586
03.14.2012-09:00:00,03,14,2012,09,3.7421
03.14.2012-12:00:00,03,14,2012,12,3.7643
03.14.2012-15:00:00,03,14,2012,15,3.8068
03.14.2012-18:00:00,03,14,2012,18,3.7908
03.14.2012-21:00:00,03,14,2012,21,3.8323
03.15.2012-00:00:00,03,15,2012,00,3.8395
03.15.2012-03:00:00,03,15,2012,03,3.8229
03.15.2012-06:00:00,03,15,2012,06,3.8061
03.15.2012-09:00:00,03,15,2012,09,3.7895
03.15.2012-12:00:00,03,15,2012,12,3.773
03.15.2012-15:00:00,03,15,2012,15,3.7566
03.15.2012-18:00:00,03,15,2012,18,3.7404
03.15.2012-21:00:00,03,15,2012,21,3.7243
03.16.2012-00:00:00,03,16,2012,00,3.8147
03.16.2012-03:00:00,03,16,2012,03,3.7988
03.16.2012-06:00:00,03,16,2012,06,3.8374
03.16.2012-09:00:00,03,16,2012,09,3.8207
03.16.2012-12:00:00,03,16,2012,12,3.8145
03.16.2012-15:00:00,03,16,2012,15,3.8519
03.16.2012-18:00:00,03,16,2012,18,3.8353
03.16.2012-21:00:00,03,16,2012,21,3.8184
03.17.2012-00:00:00,03,17,2012,00,3.8017
03.17.2012-03:00:00,03,17,2012,03,3.7851
03.17.2012-06:00:00,03,17,2012,06,3.7693
03.17.2012-09:00:00,03,17,2012,09,3.7503
03.17.2012-12:00:00,03,17,2012,12,3.7842
03.17.2012-15:00:00,03,17,2012,15,3.7691
03.17.2012-18:00:00,03,17,2012,18,3.7534
03.17.2012-21:00:00,03,17,2012,21,3.7372
03.18.2012-00:00:00,03,18,2012,00,3.7213
03.18.2012-03:00:00,03,18,2012,03,3.705
03.18.2012-06:00:00,03,18,2012,06,3.6889
03.18.2012-09:00:00,03,18,2012,09,3.6713
03.18.2012-12:00:00,03,18,2012,12,3.6544
03.18.2012-15:00:00,03,18,2012,15,3.6386
03.18.2012-18:00:00,03,18,2012,18,3.623
03.18.2012-21:00:00,03,18,2012,21,3.6074
03.19.2012-00:00:00,03,19,2012,00,3.6298
03.19.2012-03:00:00,03,19,2012,03,3.6654
03.19.2012-06:00:00,03,19,2012,06,3.6611
03.19.2012-09:00:00,03,19,2012,09,3.6488
03.19.2012-12:00:00,03,19,2012,12,3.6825
03.19.2012-15:00:00,03,19,2012,15,3.667
03.19.2012-18:00:00,03,19,2012,18,3.651
03.19.2012-21:00:00,03,19,2012,21,3.6351
03.20.2012-00:00:00,03,20,2012,00,3.6194
03.20.2012-03:00:00,03,20,2012,03,3.6038
03.20.2012-06:00:00,03,20,2012,06,3.5893
03.20.2012-09:00:00,03,20,2012,09,3.573
03.20.2012-12:00:00,03,20,2012,12,3.576
03.20.2012-15:00:00,03,20,2012,15,3.5621
03.20.2012-18:00:00,03,20,2012,18,3.5473
03.20.2012-21:00:00,03,20,2012,21,3.5324
03.21.2012-00:00:00,03,21,2012,00,3.5176
03.21.2012-03:00:00,03,21,2012,03,3.5028
03.21.2012-06:00:00,03,21,2012,06,3.5139
03.21.2012-09:00:00,03,21,2012,09,3.5153
03.21.2012-12:00:00,03,21,2012,12,3.5104
03.21.2012-15:00:00,03,21,2012,15,3.52
03.21.2012-18:00:00,03,21,2012,18,3.5057
03.21.2012-21:00:00,03,21,2012,21,3.492
03.22.2012-00:00:00,03,22,2012,00,3.4785
03.22.2012-03:00:00,03,22,2012,03,3.4648
03.22.2012-06:00:00,03,22,2012,06,3.4505
03.22.2012-09:00:00,03,22,2012,09,3.4341
03.22.2012-12:00:00,03,22,2012,12,3.4188
03.22.2012-15:00:00,03,22,2012,15,3.4048
03.22.2012-18:00:00,03,22,2012,18,3.3909
03.22.2012-21:00:00,03,22,2012,21,3.3771
03.23.2012-00:00:00,03,23,2012,00,3.3634
03.23.2012-03:00:00,03,23,2012,03,3.3497
03.23.2012-06:00:00,03,23,2012,06,3.3714
03.23.2012-09:00:00,03,23,2012,09,3.355
03.23.2012-12:00:00,03,23,2012,12,3.3396
03.23.2012-15:00:00,03,23,2012,15,3.326
03.23.2012-18:00:00,03,23,2012,18,3.3125
03.23.2012-21:00:00,03,23,2012,21,3.2992
03.24.2012-00:00:00,03,24,2012,00,3.3086
03.24.2012-03:00:00,03,24,2012,03,3.3094
03.24.2012-06:00:00,03,24,2012,06,3.3582
03.24.2012-09:00:00,03,24,2012,09,3.3412
03.24.2012-12:00:00,03,24,2012,12,3.3341
03.24.2012-15:00:00,03,24,2012,15,3.3659
03.24.2012-18:00:00,03,24,2012,18,3.3528
03.24.2012-21:00:00,03,24,2012,21,3.3392
03.25.2012-00:00:00,03,25,2012,00,3.3256
03.25.2012-03:00:00,03,25,2012,03,3.3122
03.25.2012-06:00:00,03,25,2012,06,3.2989
03.25.2012-09:00:00,03,25,2012,09,3.2815
03.25.2012-12:00:00,03,25,2012,12,3.2669
03.25.2012-15:00:00,03,25,2012,15,3.2538
03.25.2012-18:00:00,03,25,2012,18,3.2412
03.25.2012-21:00:00,03,25,2012,21,3.229
03.26.2012-00:00:00,03,26,2012,00,3.2166
03.26.2012-03:00:00,03,26,2012,03,3.2047
03.26.2012-06:00:00,03,26,2012,06,3.1924
03.26.2012-09:00:00,03,26,2012,09,3.1852
03.26.2012-12:00:00,03,26,2012,12,3.1773
03.26.2012-15:00:00,03,26,2012,15,3.1679
03.26.2012-18:00:00,03,26,2012,18,3.1583
03.26.2012-21:00:00,03,26,2012,21,3.1477
03.27.2012-00:00:00,03,27,2012,00,3.1373
03.27.2012-03:00:00,03,27,2012,03,3.1266
03.27.2012-06:00:00,03,27,2012,06,3.1147
03.27.2012-09:00:00,03,27,2012,09,3.1025
03.27.2012-12:00:00,03,27,2012,12,3.0905
03.27.2012-15:00:00,03,27,2012,15,3.0785
03.27.2012-18:00:00,03,27,2012,18,3.0665
03.27.2012-21:00:00,03,27,2012,21,3.0547
03.28.2012-00:00:00,03,28,2012,00,3.0916
03.28.2012-03:00:00,03,28,2012,03,3.0802
03.28.2012-06:00:00,03,28,2012,06,3.0682
03.28.2012-09:00:00,03,28,2012,09,3.0563
03.28.2012-12:00:00,03,28,2012,12,3.0445
03.28.2012-15:00:00,03,28,2012,15,3.0328
03.28.2012-18:00:00,03,28,2012,18,3.0211
03.28.2012-21:00:00,03,28,2012,21,3.0352
03.29.2012-00:00:00,03,29,2012,00,3.0237
03.29.2012-03:00:00,03,29,2012,03,3.0121
03.29.2012-06:00:00,03,29,2012,06,3.0004
03.29.2012-09:00:00,03,29,2012,09,2.9889
03.29.2012-12:00:00,03,29,2012,12,2.9774
03.29.2012-15:00:00,03,29,2012,15,2.966
03.29.2012-18:00:00,03,29,2012,18,2.9547
03.29.2012-21:00:00,03,29,2012,21,2.9435
03.30.2012-00:00:00,03,30,2012,00,2.9323
03.30.2012-03:00:00,03,30,2012,03,2.9212
03.30.2012-06:00:00,03,30,2012,06,2.9102
03.30.2012-09:00:00,03,30,2012,09,2.8992
03.30.2012-12:00:00,03,30,2012,12,2.8886
03.30.2012-15:00:00,03,30,2012,15,2.8782
03.30.2012-18:00:00,03,30,2012,18,2.8675
03.30.2012-21:00:00,03,30,2012,21,2.8568
03.31.2012-00:00:00,03,31,2012,00,2.8462
03.31.2012-03:00:00,03,31,2012,03,2.8356
03.31.2012-06:00:00,03,31,2012,06,2.8251
03.31.2012-09:00:00,03,31,2012,09,2.8147
03.31.2012-12:00:00,03,31,2012,12,2.8188
03.31.2012-15:00:00,03,31,2012,15,2.8087
03.31.2012-18:00:00,03,31,2012,18,2.7984
03.31.2012-21:00:00,03,31,2012,21,2.7882
04.01.2012-00:00:00,04,01,2012,00,2.778
04.01.2012-03:00:00,04,01,2012,03,2.7679
04.01.2012-06:00:00,04,01,2012,06,2.7646
04.01.2012-09:00:00,04,01,2012,09,2.7912
04.01.2012-12:00:00,04,01,2012,12,2.7815
04.01.2012-15:00:00,04,01,2012,15,2.7715
04.01.2012-18:00:00,04,01,2012,18,2.8018
04.01.2012-21:00:00,04,01,2012,21,2.8266
04.02.2012-00:00:00,04,02,2012,00,2.8168
04.02.2012-03:00:00,04,02,2012,03,2.8066
04.02.2012-06:00:00,04,02,2012,06,2.8313
04.02.2012-09:00:00,04,02,2012,09,2.8215
04.02.2012-12:00:00,04,02,2012,12,2.8181
04.02.2012-15:00:00,04,02,2012,15,2.8415
04.02.2012-18:00:00,04,02,2012,18,2.8316
04.02.2012-21:00:00,04,02,2012,21,2.8213
04.03.2012-00:00:00,04,03,2012,00,2.8111
04.03.2012-03:00:00,04,03,2012,03,2.8169
04.03.2012-06:00:00,04,03,2012,06,2.8166
04.03.2012-09:00:00,04,03,2012,09,2.8124
04.03.2012-12:00:00,04,03,2012,12,2.8023
04.03.2012-15:00:00,04,03,2012,15,2.7922
04.03.2012-18:00:00,04,03,2012,18,2.7822
04.03.2012-21:00:00,04,03,2012,21,2.7722
04.04.2012-00:00:00,04,04,2012,00,2.7623
04.04.2012-03:00:00,04,04,2012,03,2.7525
04.04.2012-06:00:00,04,04,2012,06,2.7427
04.04.2012-09:00:00,04,04,2012,09,2.7329
04.04.2012-12:00:00,04,04,2012,12,2.7233
04.04.2012-15:00:00,04,04,2012,15,2.7136
04.04.2012-18:00:00,04,04,2012,18,2.7041
04.04.2012-21:00:00,04,04,2012,21,2.6946
04.05.2012-00:00:00,04,05,2012,00,2.6851
04.05.2012-03:00:00,04,05,2012,03,2.6757
04.05.2012-06:00:00,04,05,2012,06,2.6664
04.05.2012-09:00:00,04,05,2012,09,2.6571
04.05.2012-12:00:00,04,05,2012,12,2.6478
04.05.2012-15:00:00,04,05,2012,15,2.6386
04.05.2012-18:00:00,04,05,2012,18,2.6295
04.05.2012-21:00:00,04,05,2012,21,2.6214
04.06.2012-00:00:00,04,06,2012,00,2.6124
04.06.2012-03:00:00,04,06,2012,03,2.6034
04.06.2012-06:00:00,04,06,2012,06,2.5945
04.06.2012-09:00:00,04,06,2012,09,2.5856
04.06.2012-12:00:00,04,06,2012,12,2.5767
04.06.2012-15:00:00,04,06,2012,15,2.568
04.06.2012-18:00:00,04,06,2012,18,2.5592
04.06.2012-21:00:00,04,06,2012,21,2.5505
04.07.2012-00:00:00,04,07,2012,00,2.5419
04.07.2012-03:00:00,04,07,2012,03,2.5333
04.07.2012-06:00:00,04,07,2012,06,2.5247
04.07.2012-09:00:00,04,07,2012,09,2.5162
04.07.2012-12:00:00,04,07,2012,12,2.5078
04.07.2012-15:00:00,04,07,2012,15,2.4993
04.07.2012-18:00:00,04,07,2012,18,2.491
04.07.2012-21:00:00,04,07,2012,21,2.4826
04.08.2012-00:00:00,04,08,2012,00,2.4744
04.08.2012-03:00:00,04,08,2012,03,2.4661
04.08.2012-06:00:00,04,08,2012,06,2.4579
04.08.2012-09:00:00,04,08,2012,09,2.4668
04.08.2012-12:00:00,04,08,2012,12,2.4589
04.08.2012-15:00:00,04,08,2012,15,2.4507
04.08.2012-18:00:00,04,08,2012,18,2.4609
04.08.2012-21:00:00,04,08,2012,21,2.4531
04.09.2012-00:00:00,04,09,2012,00,2.4802
04.09.2012-03:00:00,04,09,2012,03,2.4724
04.09.2012-06:00:00,04,09,2012,06,2.4642
04.09.2012-09:00:00,04,09,2012,09,2.456
04.09.2012-12:00:00,04,09,2012,12,2.4479
04.09.2012-15:00:00,04,09,2012,15,2.4517
04.09.2012-18:00:00,04,09,2012,18,2.4438
04.09.2012-21:00:00,04,09,2012,21,2.4357
04.10.2012-00:00:00,04,10,2012,00,2.4607
04.10.2012-03:00:00,04,10,2012,03,2.453
04.10.2012-06:00:00,04,10,2012,06,2.4448
04.10.2012-09:00:00,04,10,2012,09,2.437
04.10.2012-12:00:00,04,10,2012,12,2.4295
04.10.2012-15:00:00,04,10,2012,15,2.4221
04.10.2012-18:00:00,04,10,2012,18,2.4151
04.10.2012-21:00:00,04,10,2012,21,2.4074
04.11.2012-00:00:00,04,11,2012,00,2.3996
04.11.2012-03:00:00,04,11,2012,03,2.3917
04.11.2012-06:00:00,04,11,2012,06,2.3839
04.11.2012-09:00:00,04,11,2012,09,2.3761
04.11.2012-12:00:00,04,11,2012,12,2.3684
04.11.2012-15:00:00,04,11,2012,15,2.3607
04.11.2012-18:00:00,04,11,2012,18,2.353
04.11.2012-21:00:00,04,11,2012,21,2.3454
04.12.2012-00:00:00,04,12,2012,00,2.3379
04.12.2012-03:00:00,04,12,2012,03,2.3304
04.12.2012-06:00:00,04,12,2012,06,2.323
04.12.2012-09:00:00,04,12,2012,09,2.3156
04.12.2012-12:00:00,04,12,2012,12,2.3239
04.12.2012-15:00:00,04,12,2012,15,2.3249
04.12.2012-18:00:00,04,12,2012,18,2.3227
04.12.2012-21:00:00,04,12,2012,21,2.3176
04.13.2012-00:00:00,04,13,2012,00,2.3104
04.13.2012-03:00:00,04,13,2012,03,2.3034
04.13.2012-06:00:00,04,13,2012,06,2.2964
04.13.2012-09:00:00,04,13,2012,09,2.2894
04.13.2012-12:00:00,04,13,2012,12,2.2973
04.13.2012-15:00:00,04,13,2012,15,2.3036
04.13.2012-18:00:00,04,13,2012,18,2.3036
04.13.2012-21:00:00,04,13,2012,21,2.2968
04.14.2012-00:00:00,04,14,2012,00,2.2899
04.14.2012-03:00:00,04,14,2012,03,2.2831
04.14.2012-06:00:00,04,14,2012,06,2.2804
04.14.2012-09:00:00,04,14,2012,09,2.2769
04.14.2012-12:00:00,04,14,2012,12,2.2758
04.14.2012-15:00:00,04,14,2012,15,2.2773
04.14.2012-18:00:00,04,14,2012,18,2.2737
04.14.2012-21:00:00,04,14,2012,21,2.2682
04.15.2012-00:00:00,04,15,2012,00,2.2621
04.15.2012-03:00:00,04,15,2012,03,2.2559
04.15.2012-06:00:00,04,15,2012,06,2.2499
04.15.2012-09:00:00,04,15,2012,09,2.2441
04.15.2012-12:00:00,04,15,2012,12,2.243
04.15.2012-15:00:00,04,15,2012,15,2.2411
04.15.2012-18:00:00,04,15,2012,18,2.2456
04.15.2012-21:00:00,04,15,2012,21,2.2395
04.16.2012-00:00:00,04,16,2012,00,2.2333
04.16.2012-03:00:00,04,16,2012,03,2.2271
04.16.2012-06:00:00,04,16,2012,06,2.221
04.16.2012-09:00:00,04,16,2012,09,2.2149
04.16.2012-12:00:00,04,16,2012,12,2.213
04.16.2012-15:00:00,04,16,2012,15,2.2319
04.16.2012-18:00:00,04,16,2012,18,2.2402
04.16.2012-21:00:00,04,16,2012,21,2.2454
04.17.2012-00:00:00,04,17,2012,00,2.2713
04.17.2012-03:00:00,04,17,2012,03,2.2854
04.17.2012-06:00:00,04,17,2012,06,2.3113
04.17.2012-09:00:00,04,17,2012,09,2.3188
04.17.2012-12:00:00,04,17,2012,12,2.3318
04.17.2012-15:00:00,04,17,2012,15,2.3392
04.17.2012-18:00:00,04,17,2012,18,2.3438
04.17.2012-21:00:00,04,17,2012,21,2.3468
04.18.2012-00:00:00,04,18,2012,00,2.3407
04.18.2012-03:00:00,04,18,2012,03,2.3346
04.18.2012-06:00:00,04,18,2012,06,2.3285
04.18.2012-09:00:00,04,18,2012,09,2.3225
04.18.2012-12:00:00,04,18,2012,12,2.3217
04.18.2012-15:00:00,04,18,2012,15,2.3343
04.18.2012-18:00:00,04,18,2012,18,2.3287
04.18.2012-21:00:00,04,18,2012,21,2.3229
04.19.2012-00:00:00,04,19,2012,00,2.3171
04.19.2012-03:00:00,04,19,2012,03,2.3157
04.19.2012-06:00:00,04,19,2012,06,2.3326
04.19.2012-09:00:00,04,19,2012,09,2.364
04.19.2012-12:00:00,04,19,2012,12,2.4012
04.19.2012-15:00:00,04,19,2012,15,2.4356
04.19.2012-18:00:00,04,19,2012,18,2.4544
04.19.2012-21:00:00,04,19,2012,21,2.4635
04.20.2012-00:00:00,04,20,2012,00,2.4666
04.20.2012-03:00:00,04,20,2012,03,2.4662
04.20.2012-06:00:00,04,20,2012,06,2.4602
04.20.2012-09:00:00,04,20,2012,09,2.4742
04.20.2012-12:00:00,04,20,2012,12,2.5511
04.20.2012-15:00:00,04,20,2012,15,2.5882
04.20.2012-18:00:00,04,20,2012,18,2.6211
04.20.2012-21:00:00,04,20,2012,21,2.6506
04.21.2012-00:00:00,04,21,2012,00,2.6451
04.21.2012-03:00:00,04,21,2012,03,2.6455
04.21.2012-06:00:00,04,21,2012,06,2.6511
04.21.2012-09:00:00,04,21,2012,09,2.7038
04.21.2012-12:00:00,04,21,2012,12,2.7807
04.21.2012-15:00:00,04,21,2012,15,2.8629
04.21.2012-18:00:00,04,21,2012,18,2.9089
04.21.2012-21:00:00,04,21,2012,21,2.9322
04.22.2012-00:00:00,04,22,2012,00,2.9401
04.22.2012-03:00:00,04,22,2012,03,3.007
04.22.2012-06:00:00,04,22,2012,06,3.0864
04.22.2012-09:00:00,04,22,2012,09,3.1574
04.22.2012-12:00:00,04,22,2012,12,3.2319
04.22.2012-15:00:00,04,22,2012,15,3.2799
04.22.2012-18:00:00,04,22,2012,18,3.2982
04.22.2012-21:00:00,04,22,2012,21,3.2989
04.23.2012-00:00:00,04,23,2012,00,3.288
04.23.2012-03:00:00,04,23,2012,03,3.277
04.23.2012-06:00:00,04,23,2012,06,3.2662
04.23.2012-09:00:00,04,23,2012,09,3.2991
04.23.2012-12:00:00,04,23,2012,12,3.3705
04.23.2012-15:00:00,04,23,2012,15,3.4027
04.23.2012-18:00:00,04,23,2012,18,3.4972
04.23.2012-21:00:00,04,23,2012,21,3.5916
04.24.2012-00:00:00,04,24,2012,00,3.6686
04.24.2012-03:00:00,04,24,2012,03,3.7076
04.24.2012-06:00:00,04,24,2012,06,3.7329
04.24.2012-09:00:00,04,24,2012,09,3.9049
04.24.2012-12:00:00,04,24,2012,12,4.1218
04.24.2012-15:00:00,04,24,2012,15,4.2776
04.24.2012-18:00:00,04,24,2012,18,4.3905
04.24.2012-21:00:00,04,24,2012,21,4.4482
04.25.2012-00:00:00,04,25,2012,00,4.5815
04.25.2012-03:00:00,04,25,2012,03,4.7116
04.25.2012-06:00:00,04,25,2012,06,4.8282
04.25.2012-09:00:00,04,25,2012,09,4.9941
04.25.2012-12:00:00,04,25,2012,12,5.2863
04.25.2012-15:00:00,04,25,2012,15,5.5044
04.25.2012-18:00:00,04,25,2012,18,5.672
04.25.2012-21:00:00,04,25,2012,21,5.7834
04.26.2012-00:00:00,04,26,2012,00,5.8716
04.26.2012-03:00:00,04,26,2012,03,5.9163
04.26.2012-06:00:00,04,26,2012,06,6.0814
04.26.2012-09:00:00,04,26,2012,09,6.3613
04.26.2012-12:00:00,04,26,2012,12,6.6602
04.26.2012-15:00:00,04,26,2012,15,6.7951
04.26.2012-18:00:00,04,26,2012,18,6.8742
04.26.2012-21:00:00,04,26,2012,21,6.9226
04.27.2012-00:00:00,04,27,2012,00,6.9307
04.27.2012-03:00:00,04,27,2012,03,6.8922
04.27.2012-06:00:00,04,27,2012,06,7.0081
04.27.2012-09:00:00,04,27,2012,09,7.1482
04.27.2012-12:00:00,04,27,2012,12,7.3033
04.27.2012-15:00:00,04,27,2012,15,7.4744
04.27.2012-18:00:00,04,27,2012,18,7.5569
04.27.2012-21:00:00,04,27,2012,21,7.5946
04.28.2012-00:00:00,04,28,2012,00,7.7458
04.28.2012-03:00:00,04,28,2012,03,7.9107
04.28.2012-06:00:00,04,28,2012,06,8.0474
04.28.2012-09:00:00,04,28,2012,09,8.0959
04.28.2012-12:00:00,04,28,2012,12,8.1985
04.28.2012-15:00:00,04,28,2012,15,8.2284
04.28.2012-18:00:00,04,28,2012,18,8.2144
04.28.2012-21:00:00,04,28,2012,21,8.1714
04.29.2012-00:00:00,04,29,2012,00,8.1277
04.29.2012-03:00:00,04,29,2012,03,8.0846
04.29.2012-06:00:00,04,29,2012,06,8.0279
04.29.2012-09:00:00,04,29,2012,09,8.0615
04.29.2012-12:00:00,04,29,2012,12,8.3555
04.29.2012-15:00:00,04,29,2012,15,8.5932
04.29.2012-18:00:00,04,29,2012,18,8.7963
04.29.2012-21:00:00,04,29,2012,21,8.9144
04.30.2012-00:00:00,04,30,2012,00,8.989
04.30.2012-03:00:00,04,30,2012,03,9.0318
04.30.2012-06:00:00,04,30,2012,06,9.029
04.30.2012-09:00:00,04,30,2012,09,8.967
04.30.2012-12:00:00,04,30,2012,12,9.034
04.30.2012-15:00:00,04,30,2012,15,9.0865
04.30.2012-18:00:00,04,30,2012,18,9.0851
04.30.2012-21:00:00,04,30,2012,21,9.0459
05.01.2012-00:00:00,05,01,2012,00,9.1814
05.01.2012-03:00:00,05,01,2012,03,9.3282
05.01.2012-06:00:00,05,01,2012,06,9.4641
05.01.2012-09:00:00,05,01,2012,09,9.5827
05.01.2012-12:00:00,05,01,2012,12,9.6841
05.01.2012-15:00:00,05,01,2012,15,9.7191
05.01.2012-18:00:00,05,01,2012,18,9.707
05.01.2012-21:00:00,05,01,2012,21,9.6608
05.02.2012-00:00:00,05,02,2012,00,9.5984
05.02.2012-03:00:00,05,02,2012,03,9.5569
05.02.2012-06:00:00,05,02,2012,06,9.4874
05.02.2012-09:00:00,05,02,2012,09,9.6115
05.02.2012-12:00:00,05,02,2012,12,9.8847
05.02.2012-15:00:00,05,02,2012,15,10.056
05.02.2012-18:00:00,05,02,2012,18,10.103
05.02.2012-21:00:00,05,02,2012,21,10.097
05.03.2012-00:00:00,05,03,2012,00,10.065
05.03.2012-03:00:00,05,03,2012,03,10.017
05.03.2012-06:00:00,05,03,2012,06,9.9314
05.03.2012-09:00:00,05,03,2012,09,9.8223
05.03.2012-12:00:00,05,03,2012,12,9.7184
05.03.2012-15:00:00,05,03,2012,15,9.6919
05.03.2012-18:00:00,05,03,2012,18,9.6359
05.03.2012-21:00:00,05,03,2012,21,9.5812
05.04.2012-00:00:00,05,04,2012,00,9.7226
05.04.2012-03:00:00,05,04,2012,03,9.8538
05.04.2012-06:00:00,05,04,2012,06,10.002
05.04.2012-09:00:00,05,04,2012,09,10.139
05.04.2012-12:00:00,05,04,2012,12,10.28
05.04.2012-15:00:00,05,04,2012,15,10.359
05.04.2012-18:00:00,05,04,2012,18,10.421
05.04.2012-21:00:00,05,04,2012,21,10.458
05.05.2012-00:00:00,05,05,2012,00,10.413
05.05.2012-03:00:00,05,05,2012,03,10.375
05.05.2012-06:00:00,05,05,2012,06,10.344
05.05.2012-09:00:00,05,05,2012,09,10.323
05.05.2012-12:00:00,05,05,2012,12,10.571
05.05.2012-15:00:00,05,05,2012,15,10.787
05.05.2012-18:00:00,05,05,2012,18,10.938
05.05.2012-21:00:00,05,05,2012,21,11.024
05.06.2012-00:00:00,05,06,2012,00,11.044
05.06.2012-03:00:00,05,06,2012,03,11.024
05.06.2012-06:00:00,05,06,2012,06,10.967
05.06.2012-09:00:00,05,06,2012,09,10.968
05.06.2012-12:00:00,05,06,2012,12,11.07
05.06.2012-15:00:00,05,06,2012,15,11.06
05.06.2012-18:00:00,05,06,2012,18,11.178
05.06.2012-21:00:00,05,06,2012,21,11.322
05.07.2012-00:00:00,05,07,2012,00,11.429
05.07.2012-03:00:00,05,07,2012,03,11.466
05.07.2012-06:00:00,05,07,2012,06,11.437
05.07.2012-09:00:00,05,07,2012,09,11.422
05.07.2012-12:00:00,05,07,2012,12,11.655
05.07.2012-15:00:00,05,07,2012,15,11.755
05.07.2012-18:00:00,05,07,2012,18,11.809
05.07.2012-21:00:00,05,07,2012,21,11.825
05.08.2012-00:00:00,05,08,2012,00,11.832
05.08.2012-03:00:00,05,08,2012,03,12.007
05.08.2012-06:00:00,05,08,2012,06,12.153
05.08.2012-09:00:00,05,08,2012,09,12.57
05.08.2012-12:00:00,05,08,2012,12,13.523
05.08.2012-15:00:00,05,08,2012,15,14.484
05.08.2012-18:00:00,05,08,2012,18,15.065
05.08.2012-21:00:00,05,08,2012,21,15.321
05.09.2012-00:00:00,05,09,2012,00,15.596
05.09.2012-03:00:00,05,09,2012,03,15.804
05.09.2012-06:00:00,05,09,2012,06,15.968
05.09.2012-09:00:00,05,09,2012,09,16.398
05.09.2012-12:00:00,05,09,2012,12,17.346
05.09.2012-15:00:00,05,09,2012,15,18.351
05.09.2012-18:00:00,05,09,2012,18,19.324
05.09.2012-21:00:00,05,09,2012,21,19.975
05.10.2012-00:00:00,05,10,2012,00,20.361
05.10.2012-03:00:00,05,10,2012,03,20.812
05.10.2012-06:00:00,05,10,2012,06,21.231
05.10.2012-09:00:00,05,10,2012,09,21.799
05.10.2012-12:00:00,05,10,2012,12,22.742
05.10.2012-15:00:00,05,10,2012,15,23.478
05.10.2012-18:00:00,05,10,2012,18,24.153
05.10.2012-21:00:00,05,10,2012,21,24.676
05.11.2012-00:00:00,05,11,2012,00,25.067
05.11.2012-03:00:00,05,11,2012,03,25.295
05.11.2012-06:00:00,05,11,2012,06,25.446
05.11.2012-09:00:00,05,11,2012,09,26.227
05.11.2012-12:00:00,05,11,2012,12,28.055
05.11.2012-15:00:00,05,11,2012,15,29.247
05.11.2012-18:00:00,05,11,2012,18,30.084
05.11.2012-21:00:00,05,11,2012,21,30.702
05.12.2012-00:00:00,05,12,2012,00,31.156
05.12.2012-03:00:00,05,12,2012,03,31.468
05.12.2012-06:00:00,05,12,2012,06,31.84
05.12.2012-09:00:00,05,12,2012,09,33.752
05.12.2012-12:00:00,05,12,2012,12,40.669
05.12.2012-15:00:00,05,12,2012,15,43.153
05.12.2012-18:00:00,05,12,2012,18,46.327
05.12.2012-21:00:00,05,12,2012,21,47.222
05.13.2012-00:00:00,05,13,2012,00,47.702
05.13.2012-03:00:00,05,13,2012,03,48.348
05.13.2012-06:00:00,05,13,2012,06,50.209
05.13.2012-09:00:00,05,13,2012,09,108.3
05.13.2012-12:00:00,05,13,2012,12,223.98
05.13.2012-15:00:00,05,13,2012,15,117.59
05.13.2012-18:00:00,05,13,2012,18,106.99
05.13.2012-21:00:00,05,13,2012,21,112.04
05.14.2012-00:00:00,05,14,2012,00,222.99
05.14.2012-03:00:00,05,14,2012,03,125.78
05.14.2012-06:00:00,05,14,2012,06,285.42
05.14.2012-09:00:00,05,14,2012,09,346.56
05.14.2012-12:00:00,05,14,2012,12,434.93
05.14.2012-15:00:00,05,14,2012,15,379.65
05.14.2012-18:00:00,05,14,2012,18,286.5
05.14.2012-21:00:00,05,14,2012,21,309.53
05.15.2012-00:00:00,05,15,2012,00,425.97
05.15.2012-03:00:00,05,15,2012,03,362.84
05.15.2012-06:00:00,05,15,2012,06,569.15
05.15.2012-09:00:00,05,15,2012,09,938.54
05.15.2012-12:00:00,05,15,2012,12,924.3
05.15.2012-15:00:00,05,15,2012,15,794.98
05.15.2012-18:00:00,05,15,2012,18,966.55
05.15.2012-21:00:00,05,15,2012,21,678.8
05.16.2012-00:00:00,05,16,2012,00,787.86
05.16.2012-03:00:00,05,16,2012,03,656.96
05.16.2012-06:00:00,05,16,2012,06,1016.2
05.16.2012-09:00:00,05,16,2012,09,1239.8
05.16.2012-12:00:00,05,16,2012,12,1329.1
05.16.2012-15:00:00,05,16,2012,15,1315.7
05.16.2012-18:00:00,05,16,2012,18,1532.7
05.16.2012-21:00:00,05,16,2012,21,1454.6
05.17.2012-00:00:00,05,17,2012,00,1161.2
05.17.2012-03:00:00,05,17,2012,03,1075.7
05.17.2012-06:00:00,05,17,2012,06,1304.3
05.17.2012-09:00:00,05,17,2012,09,1949.3
05.17.2012-12:00:00,05,17,2012,12,2137.7
05.17.2012-15:00:00,05,17,2012,15,2341.9
05.17.2012-18:00:00,05,17,2012,18,2504.8
05.17.2012-21:00:00,05,17,2012,21,2291.7
05.18.2012-00:00:00,05,18,2012,00,2123
05.18.2012-03:00:00,05,18,2012,03,1914.7
05.18.2012-06:00:00,05,18,2012,06,2212.5
05.18.2012-09:00:00,05,18,2012,09,2571.2
05.18.2012-12:00:00,05,18,2012,12,2615.6
05.18.2012-15:00:00,05,18,2012,15,2497.1
05.18.2012-18:00:00,05,18,2012,18,2412.3
05.18.2012-21:00:00,05,18,2012,21,2228.6
05.19.2012-00:00:00,05,19,2012,00,2128.3
05.19.2012-03:00:00,05,19,2012,03,2176.8
05.19.2012-06:00:00,05,19,2012,06,2354.8
05.19.2012-09:00:00,05,19,2012,09,3020.5
05.19.2012-12:00:00,05,19,2012,12,3177
05.19.2012-15:00:00,05,19,2012,15,3026.8
05.19.2012-18:00:00,05,19,2012,18,2983.5
05.19.2012-21:00:00,05,19,2012,21,2961.3
05.20.2012-00:00:00,05,20,2012,00,2784.2
05.20.2012-03:00:00,05,20,2012,03,2731.4
05.20.2012-06:00:00,05,20,2012,06,2797.8
05.20.2012-09:00:00,05,20,2012,09,3540.7
05.20.2012-12:00:00,05,20,2012,12,3554.8
05.20.2012-15:00:00,05,20,2012,15,3339.3
05.20.2012-18:00:00,05,20,2012,18,3205.4
05.20.2012-21:00:00,05,20,2012,21,3168.1
05.21.2012-00:00:00,05,21,2012,00,3034
05.21.2012-03:00:00,05,21,2012,03,3014.3
05.21.2012-06:00:00,05,21,2012,06,3334.2
05.21.2012-09:00:00,05,21,2012,09,3673.4
05.21.2012-12:00:00,05,21,2012,12,3906.4
05.21.2012-15:00:00,05,21,2012,15,3880.1
05.21.2012-18:00:00,05,21,2012,18,3799.6
05.21.2012-21:00:00,05,21,2012,21,3602.6
05.22.2012-00:00:00,05,22,2012,00,3386.6
05.22.2012-03:00:00,05,22,2012,03,3354.1
05.22.2012-06:00:00,05,22,2012,06,3492.4
05.22.2012-09:00:00,05,22,2012,09,3744.5
05.22.2012-12:00:00,05,22,2012,12,3836.7
05.22.2012-15:00:00,05,22,2012,15,3706.5
05.22.2012-18:00:00,05,22,2012,18,3590.9
05.22.2012-21:00:00,05,22,2012,21,3399
05.23.2012-00:00:00,05,23,2012,00,3267.4
05.23.2012-03:00:00,05,23,2012,03,3154.8
05.23.2012-06:00:00,05,23,2012,06,3215.1
05.23.2012-09:00:00,05,23,2012,09,3409.4
05.23.2012-12:00:00,05,23,2012,12,3403.5
05.23.2012-15:00:00,05,23,2012,15,3150.3
05.23.2012-18:00:00,05,23,2012,18,2936.9
05.23.2012-21:00:00,05,23,2012,21,2830.4
05.24.2012-00:00:00,05,24,2012,00,2723
05.24.2012-03:00:00,05,24,2012,03,2621
05.24.2012-06:00:00,05,24,2012,06,2547.9
05.24.2012-09:00:00,05,24,2012,09,2584
05.24.2012-12:00:00,05,24,2012,12,2603.8
05.24.2012-15:00:00,05,24,2012,15,2420.8
05.24.2012-18:00:00,05,24,2012,18,2260.5
05.24.2012-21:00:00,05,24,2012,21,2169.1
05.25.2012-00:00:00,05,25,2012,00,2076.6
05.25.2012-03:00:00,05,25,2012,03,1992
05.25.2012-06:00:00,05,25,2012,06,1902.8
05.25.2012-09:00:00,05,25,2012,09,1842
05.25.2012-12:00:00,05,25,2012,12,1924.1
05.25.2012-15:00:00,05,25,2012,15,1729.3
05.25.2012-18:00:00,05,25,2012,18,1649.3
05.25.2012-21:00:00,05,25,2012,21,1582.1
05.26.2012-00:00:00,05,26,2012,00,1519.3
05.26.2012-03:00:00,05,26,2012,03,1436.9
05.26.2012-06:00:00,05,26,2012,06,1413.2
05.26.2012-09:00:00,05,26,2012,09,1653.4
05.26.2012-12:00:00,05,26,2012,12,1603.3
05.26.2012-15:00:00,05,26,2012,15,1432.6
05.26.2012-18:00:00,05,26,2012,18,1329.5
05.26.2012-21:00:00,05,26,2012,21,1425.6
05.27.2012-00:00:00,05,27,2012,00,1359.6
05.27.2012-03:00:00,05,27,2012,03,1289.4
05.27.2012-06:00:00,05,27,2012,06,1251.4
05.27.2012-09:00:00,05,27,2012,09,1740.9
05.27.2012-12:00:00,05,27,2012,12,1675.8
05.27.2012-15:00:00,05,27,2012,15,1346.1
05.27.2012-18:00:00,05,27,2012,18,1492
05.27.2012-21:00:00,05,27,2012,21,1320.5
05.28.2012-00:00:00,05,28,2012,00,1508.2
05.28.2012-03:00:00,05,28,2012,03,1451
05.28.2012-06:00:00,05,28,2012,06,1555
05.28.2012-09:00:00,05,28,2012,09,1808.2
05.28.2012-12:00:00,05,28,2012,12,1814.1
05.28.2012-15:00:00,05,28,2012,15,1768.1
05.28.2012-18:00:00,05,28,2012,18,1611.7
05.28.2012-21:00:00,05,28,2012,21,1728.6
05.29.2012-00:00:00,05,29,2012,00,1682.5
05.29.2012-03:00:00,05,29,2012,03,1629.9
05.29.2012-06:00:00,05,29,2012,06,1839.7
05.29.2012-09:00:00,05,29,2012,09,2171.7
05.29.2012-12:00:00,05,29,2012,12,2277.5
05.29.2012-15:00:00,05,29,2012,15,2107.3
05.29.2012-18:00:00,05,29,2012,18,2033.8
05.29.2012-21:00:00,05,29,2012,21,2051.2
05.30.2012-00:00:00,05,30,2012,00,1980.3
05.30.2012-03:00:00,05,30,2012,03,1922.6
05.30.2012-06:00:00,05,30,2012,06,2123.1
05.30.2012-09:00:00,05,30,2012,09,2521.4
05.30.2012-12:00:00,05,30,2012,12,2515.3
05.30.2012-15:00:00,05,30,2012,15,2333
05.30.2012-18:00:00,05,30,2012,18,2245.4
05.30.2012-21:00:00,05,30,2012,21,2265
05.31.2012-00:00:00,05,31,2012,00,2199.6
05.31.2012-03:00:00,05,31,2012,03,2195.7
05.31.2012-06:00:00,05,31,2012,06,2581.5
05.31.2012-09:00:00,05,31,2012,09,3011.7
05.31.2012-12:00:00,05,31,2012,12,3326.4
05.31.2012-15:00:00,05,31,2012,15,3194.1
05.31.2012-18:00:00,05,31,2012,18,3178.8
05.31.2012-21:00:00,05,31,2012,21,3113.6
06.01.2012-00:00:00,06,01,2012,00,2929.5
06.01.2012-03:00:00,06,01,2012,03,2851.8
06.01.2012-06:00:00,06,01,2012,06,3264.2
06.01.2012-09:00:00,06,01,2012,09,3807
06.01.2012-12:00:00,06,01,2012,12,4013.7
06.01.2012-15:00:00,06,01,2012,15,3907.3
06.01.2012-18:00:00,06,01,2012,18,3923.5
06.01.2012-21:00:00,06,01,2012,21,3686.3
06.02.2012-00:00:00,06,02,2012,00,3420
06.02.2012-03:00:00,06,02,2012,03,3320.8
06.02.2012-06:00:00,06,02,2012,06,3740
06.02.2012-09:00:00,06,02,2012,09,4145.6
06.02.2012-12:00:00,06,02,2012,12,4380.3
06.02.2012-15:00:00,06,02,2012,15,4283.3
06.02.2012-18:00:00,06,02,2012,18,4214.4
06.02.2012-21:00:00,06,02,2012,21,3931.7
06.03.2012-00:00:00,06,03,2012,00,3678.9
06.03.2012-03:00:00,06,03,2012,03,3488
06.03.2012-06:00:00,06,03,2012,06,3904.3
06.03.2012-09:00:00,06,03,2012,09,4315.4
06.03.2012-12:00:00,06,03,2012,12,4561.5
06.03.2012-15:00:00,06,03,2012,15,4404.1
06.03.2012-18:00:00,06,03,2012,18,4359.4
06.03.2012-21:00:00,06,03,2012,21,4081.3
06.04.2012-00:00:00,06,04,2012,00,3788.3
06.04.2012-03:00:00,06,04,2012,03,3558
06.04.2012-06:00:00,06,04,2012,06,3573.9
06.04.2012-09:00:00,06,04,2012,09,3759.3
06.04.2012-12:00:00,06,04,2012,12,3816.9
06.04.2012-15:00:00,06,04,2012,15,3524.7
06.04.2012-18:00:00,06,04,2012,18,3284
06.04.2012-21:00:00,06,04,2012,21,3128.5
06.05.2012-00:00:00,06,05,2012,00,3080.2
06.05.2012-03:00:00,06,05,2012,03,3125.2
06.05.2012-06:00:00,06,05,2012,06,3246.1
06.05.2012-09:00:00,06,05,2012,09,3411.1
06.05.2012-12:00:00,06,05,2012,12,3571.7
06.05.2012-15:00:00,06,05,2012,15,3621.5
06.05.2012-18:00:00,06,05,2012,18,3614.6
06.05.2012-21:00:00,06,05,2012,21,3542.9
06.06.2012-00:00:00,06,06,2012,00,3254.1
06.06.2012-03:00:00,06,06,2012,03,3052.7
06.06.2012-06:00:00,06,06,2012,06,3068.2
06.06.2012-09:00:00,06,06,2012,09,3187.4
06.06.2012-12:00:00,06,06,2012,12,3211.9
06.06.2012-15:00:00,06,06,2012,15,3032
06.06.2012-18:00:00,06,06,2012,18,2837.4
06.06.2012-21:00:00,06,06,2012,21,2719.5
06.07.2012-00:00:00,06,07,2012,00,2626.2
06.07.2012-03:00:00,06,07,2012,03,2538.6
06.07.2012-06:00:00,06,07,2012,06,2441.1
06.07.2012-09:00:00,06,07,2012,09,2366.5
06.07.2012-12:00:00,06,07,2012,12,2429.3
06.07.2012-15:00:00,06,07,2012,15,2218.7
06.07.2012-18:00:00,06,07,2012,18,2123.4
06.07.2012-21:00:00,06,07,2012,21,2038.5
06.08.2012-00:00:00,06,08,2012,00,1969.9
06.08.2012-03:00:00,06,08,2012,03,1882.6
06.08.2012-06:00:00,06,08,2012,06,1820.8
06.08.2012-09:00:00,06,08,2012,09,1810.6
06.08.2012-12:00:00,06,08,2012,12,1759.3
06.08.2012-15:00:00,06,08,2012,15,1717.2
06.08.2012-18:00:00,06,08,2012,18,1659.2
06.08.2012-21:00:00,06,08,2012,21,1596.8
06.09.2012-00:00:00,06,09,2012,00,1517.9
06.09.2012-03:00:00,06,09,2012,03,1455.3
06.09.2012-06:00:00,06,09,2012,06,1394.1
06.09.2012-09:00:00,06,09,2012,09,1332.5
06.09.2012-12:00:00,06,09,2012,12,1346.4
06.09.2012-15:00:00,06,09,2012,15,1272
06.09.2012-18:00:00,06,09,2012,18,1215.7
06.09.2012-21:00:00,06,09,2012,21,1151
06.10.2012-00:00:00,06,10,2012,00,1126.6
06.10.2012-03:00:00,06,10,2012,03,1010.4
06.10.2012-06:00:00,06,10,2012,06,998.28
06.10.2012-09:00:00,06,10,2012,09,1074.8
06.10.2012-12:00:00,06,10,2012,12,1000.6
06.10.2012-15:00:00,06,10,2012,15,971.61
06.10.2012-18:00:00,06,10,2012,18,917.9
06.10.2012-21:00:00,06,10,2012,21,890.55
06.11.2012-00:00:00,06,11,2012,00,887.54
06.11.2012-03:00:00,06,11,2012,03,875.29
06.11.2012-06:00:00,06,11,2012,06,802.9
06.11.2012-09:00:00,06,11,2012,09,1088.4
06.11.2012-12:00:00,06,11,2012,12,1060.9
06.11.2012-15:00:00,06,11,2012,15,1112.3
06.11.2012-18:00:00,06,11,2012,18,925.82
06.11.2012-21:00:00,06,11,2012,21,1111.1
06.12.2012-00:00:00,06,12,2012,00,1017.3
06.12.2012-03:00:00,06,12,2012,03,846.08
06.12.2012-06:00:00,06,12,2012,06,1007.5
06.12.2012-09:00:00,06,12,2012,09,1251.3
06.12.2012-12:00:00,06,12,2012,12,1334.6
06.12.2012-15:00:00,06,12,2012,15,1166.5
06.12.2012-18:00:00,06,12,2012,18,1236
06.12.2012-21:00:00,06,12,2012,21,1147
06.13.2012-00:00:00,06,13,2012,00,1221.6
06.13.2012-03:00:00,06,13,2012,03,1081.2
06.13.2012-06:00:00,06,13,2012,06,1487.7
06.13.2012-09:00:00,06,13,2012,09,1742.9
06.13.2012-12:00:00,06,13,2012,12,1768.9
06.13.2012-15:00:00,06,13,2012,15,1999
06.13.2012-18:00:00,06,13,2012,18,2056.8
06.13.2012-21:00:00,06,13,2012,21,1981.3
06.14.2012-00:00:00,06,14,2012,00,2003.1
06.14.2012-03:00:00,06,14,2012,03,1957.4
06.14.2012-06:00:00,06,14,2012,06,2257.5
06.14.2012-09:00:00,06,14,2012,09,2520
06.14.2012-12:00:00,06,14,2012,12,2743
06.14.2012-15:00:00,06,14,2012,15,2723.3
06.14.2012-18:00:00,06,14,2012,18,2712.2
06.14.2012-21:00:00,06,14,2012,21,2575.1
06.15.2012-00:00:00,06,15,2012,00,2426.6
06.15.2012-03:00:00,06,15,2012,03,2357.5
06.15.2012-06:00:00,06,15,2012,06,2760.2
06.15.2012-09:00:00,06,15,2012,09,3273.3
06.15.2012-12:00:00,06,15,2012,12,3596
06.15.2012-15:00:00,06,15,2012,15,3483.9
06.15.2012-18:00:00,06,15,2012,18,3569.1
06.15.2012-21:00:00,06,15,2012,21,3337
06.16.2012-00:00:00,06,16,2012,00,3179.1
06.16.2012-03:00:00,06,16,2012,03,3062.7
06.16.2012-06:00:00,06,16,2012,06,3136.9
06.16.2012-09:00:00,06,16,2012,09,3823.2
06.16.2012-12:00:00,06,16,2012,12,3928.3
06.16.2012-15:00:00,06,16,2012,15,3779.7
06.16.2012-18:00:00,06,16,2012,18,3609
06.16.2012-21:00:00,06,16,2012,21,3523.7
06.17.2012-00:00:00,06,17,2012,00,3368.2
06.17.2012-03:00:00,06,17,2012,03,3347.4
06.17.2012-06:00:00,06,17,2012,06,3893.9
06.17.2012-09:00:00,06,17,2012,09,4382.2
06.17.2012-12:00:00,06,17,2012,12,5120
06.17.2012-15:00:00,06,17,2012,15,5225.8
06.17.2012-18:00:00,06,17,2012,18,5160.4
06.17.2012-21:00:00,06,17,2012,21,4741.6
06.18.2012-00:00:00,06,18,2012,00,4483.6
06.18.2012-03:00:00,06,18,2012,03,4197.7
06.18.2012-06:00:00,06,18,2012,06,4665.1
06.18.2012-09:00:00,06,18,2012,09,5150.4
06.18.2012-12:00:00,06,18,2012,12,5640.3
06.18.2012-15:00:00,06,18,2012,15,5870.2
06.18.2012-18:00:00,06,18,2012,18,5685.2
06.18.2012-21:00:00,06,18,2012,21,5260.8
06.19.2012-00:00:00,06,19,2012,00,4949.1
06.19.2012-03:00:00,06,19,2012,03,4659.1
06.19.2012-06:00:00,06,19,2012,06,5019.8
06.19.2012-09:00:00,06,19,2012,09,5378.1
06.19.2012-12:00:00,06,19,2012,12,5703.2
06.19.2012-15:00:00,06,19,2012,15,5777.9
06.19.2012-18:00:00,06,19,2012,18,5593.7
06.19.2012-21:00:00,06,19,2012,21,5422.2
06.20.2012-00:00:00,06,20,2012,00,5216.6
06.20.2012-03:00:00,06,20,2012,03,5071.9
06.20.2012-06:00:00,06,20,2012,06,5466.4
06.20.2012-09:00:00,06,20,2012,09,5998.8
06.20.2012-12:00:00,06,20,2012,12,6569.5
06.20.2012-15:00:00,06,20,2012,15,6398
06.20.2012-18:00:00,06,20,2012,18,6348.9
06.20.2012-21:00:00,06,20,2012,21,5908.7
06.21.2012-00:00:00,06,21,2012,00,5554.2
06.21.2012-03:00:00,06,21,2012,03,5179.1
06.21.2012-06:00:00,06,21,2012,06,5537.2
06.21.2012-09:00:00,06,21,2012,09,6104.6
06.21.2012-12:00:00,06,21,2012,12,6522.4
06.21.2012-15:00:00,06,21,2012,15,6503.4
06.21.2012-18:00:00,06,21,2012,18,6475.1
06.21.2012-21:00:00,06,21,2012,21,6008.9
06.22.2012-00:00:00,06,22,2012,00,5610.1
06.22.2012-03:00:00,06,22,2012,03,5311
06.22.2012-06:00:00,06,22,2012,06,5843
06.22.2012-09:00:00,06,22,2012,09,6471.8
06.22.2012-12:00:00,06,22,2012,12,7434.8
06.22.2012-15:00:00,06,22,2012,15,7303
06.22.2012-18:00:00,06,22,2012,18,7193.1
06.22.2012-21:00:00,06,22,2012,21,6711.3
06.23.2012-00:00:00,06,23,2012,00,6292.7
06.23.2012-03:00:00,06,23,2012,03,6059.3
06.23.2012-06:00:00,06,23,2012,06,6255.1
06.23.2012-09:00:00,06,23,2012,09,6436.1
06.23.2012-12:00:00,06,23,2012,12,6985.3
06.23.2012-15:00:00,06,23,2012,15,7186.5
06.23.2012-18:00:00,06,23,2012,18,7133.9
06.23.2012-21:00:00,06,23,2012,21,7047.7
06.24.2012-00:00:00,06,24,2012,00,6753.9
06.24.2012-03:00:00,06,24,2012,03,6644.6
06.24.2012-06:00:00,06,24,2012,06,6860.7
06.24.2012-09:00:00,06,24,2012,09,8119.8
06.24.2012-12:00:00,06,24,2012,12,8844.1
06.24.2012-15:00:00,06,24,2012,15,9640
06.24.2012-18:00:00,06,24,2012,18,7977.4
06.24.2012-21:00:00,06,24,2012,21,8485.1
06.25.2012-00:00:00,06,25,2012,00,6566
06.25.2012-03:00:00,06,25,2012,03,6770.1
06.25.2012-06:00:00,06,25,2012,06,6916.6
06.25.2012-09:00:00,06,25,2012,09,7372.6
06.25.2012-12:00:00,06,25,2012,12,7973.1
06.25.2012-15:00:00,06,25,2012,15,7959.5
06.25.2012-18:00:00,06,25,2012,18,7211.2
06.25.2012-21:00:00,06,25,2012,21,6803.7
06.26.2012-00:00:00,06,26,2012,00,6491.5
06.26.2012-03:00:00,06,26,2012,03,5536.2
06.26.2012-06:00:00,06,26,2012,06,6113
06.26.2012-09:00:00,06,26,2012,09,6536.8
06.26.2012-12:00:00,06,26,2012,12,6887
06.26.2012-15:00:00,06,26,2012,15,6467.3
06.26.2012-18:00:00,06,26,2012,18,6217.1
06.26.2012-21:00:00,06,26,2012,21,5766.2
06.27.2012-00:00:00,06,27,2012,00,5349
06.27.2012-03:00:00,06,27,2012,03,5040.7
06.27.2012-06:00:00,06,27,2012,06,5009.1
06.27.2012-09:00:00,06,27,2012,09,5000.1
06.27.2012-12:00:00,06,27,2012,12,4958.1
06.27.2012-15:00:00,06,27,2012,15,4781.8
06.27.2012-18:00:00,06,27,2012,18,4550.3
06.27.2012-21:00:00,06,27,2012,21,4360.1
06.28.2012-00:00:00,06,28,2012,00,4113.9
06.28.2012-03:00:00,06,28,2012,03,4021.3
06.28.2012-06:00:00,06,28,2012,06,4312.2
06.28.2012-09:00:00,06,28,2012,09,5010.3
06.28.2012-12:00:00,06,28,2012,12,5289
06.28.2012-15:00:00,06,28,2012,15,4988.2
06.28.2012-18:00:00,06,28,2012,18,4886.4
06.28.2012-21:00:00,06,28,2012,21,4481.4
06.29.2012-00:00:00,06,29,2012,00,4070.9
06.29.2012-03:00:00,06,29,2012,03,3834.1
06.29.2012-06:00:00,06,29,2012,06,4287.2
06.29.2012-09:00:00,06,29,2012,09,4740.3
06.29.2012-12:00:00,06,29,2012,12,5154.3
06.29.2012-15:00:00,06,29,2012,15,4889.1
06.29.2012-18:00:00,06,29,2012,18,4855.4
06.29.2012-21:00:00,06,29,2012,21,4482.7
06.30.2012-00:00:00,06,30,2012,00,3984.3
06.30.2012-03:00:00,06,30,2012,03,3867.2
06.30.2012-06:00:00,06,30,2012,06,4338.9
06.30.2012-09:00:00,06,30,2012,09,4782.8
06.30.2012-12:00:00,06,30,2012,12,5392.9
06.30.2012-15:00:00,06,30,2012,15,5492.3
06.30.2012-18:00:00,06,30,2012,18,5421.2
06.30.2012-21:00:00,06,30,2012,21,5001.9
07.01.2012-00:00:00,07,01,2012,00,4415.8
07.01.2012-03:00:00,07,01,2012,03,4344.2
07.01.2012-06:00:00,07,01,2012,06,4750.8
07.01.2012-09:00:00,07,01,2012,09,5283.2
07.01.2012-12:00:00,07,01,2012,12,5978.8
07.01.2012-15:00:00,07,01,2012,15,6211.2
07.01.2012-18:00:00,07,01,2012,18,6017.8
07.01.2012-21:00:00,07,01,2012,21,5626.8
07.02.2012-00:00:00,07,02,2012,00,5244.1
07.02.2012-03:00:00,07,02,2012,03,5139.3
07.02.2012-06:00:00,07,02,2012,06,5543.4
07.02.2012-09:00:00,07,02,2012,09,6020.3
07.02.2012-12:00:00,07,02,2012,12,6618
07.02.2012-15:00:00,07,02,2012,15,6986.6
07.02.2012-18:00:00,07,02,2012,18,6828.3
07.02.2012-21:00:00,07,02,2012,21,7143.5
07.03.2012-00:00:00,07,03,2012,00,5912.1
07.03.2012-03:00:00,07,03,2012,03,6034.7
07.03.2012-06:00:00,07,03,2012,06,6468.7
07.03.2012-09:00:00,07,03,2012,09,6973.6
07.03.2012-12:00:00,07,03,2012,12,7584
07.03.2012-15:00:00,07,03,2012,15,8208.5
07.03.2012-18:00:00,07,03,2012,18,7410.5
07.03.2012-21:00:00,07,03,2012,21,7482.2
07.04.2012-00:00:00,07,04,2012,00,7273.5
07.04.2012-03:00:00,07,04,2012,03,5545.2
07.04.2012-06:00:00,07,04,2012,06,6181.7
07.04.2012-09:00:00,07,04,2012,09,6270.6
07.04.2012-12:00:00,07,04,2012,12,6431.1
07.04.2012-15:00:00,07,04,2012,15,6073.9
07.04.2012-18:00:00,07,04,2012,18,5912
07.04.2012-21:00:00,07,04,2012,21,5588.9
07.05.2012-00:00:00,07,05,2012,00,5682.1
07.05.2012-03:00:00,07,05,2012,03,5350.4
07.05.2012-06:00:00,07,05,2012,06,5837.4
07.05.2012-09:00:00,07,05,2012,09,6301.9
07.05.2012-12:00:00,07,05,2012,12,6717.9
07.05.2012-15:00:00,07,05,2012,15,6684.7
07.05.2012-18:00:00,07,05,2012,18,6304.5
07.05.2012-21:00:00,07,05,2012,21,5749.2
07.06.2012-00:00:00,07,06,2012,00,5316
07.06.2012-03:00:00,07,06,2012,03,5089.1
07.06.2012-06:00:00,07,06,2012,06,5515.9
07.06.2012-09:00:00,07,06,2012,09,5825.3
07.06.2012-12:00:00,07,06,2012,12,6154.2
07.06.2012-15:00:00,07,06,2012,15,6223.3
07.06.2012-18:00:00,07,06,2012,18,6017
07.06.2012-21:00:00,07,06,2012,21,5422.6
07.07.2012-00:00:00,07,07,2012,00,5141
07.07.2012-03:00:00,07,07,2012,03,4792
07.07.2012-06:00:00,07,07,2012,06,5197
07.07.2012-09:00:00,07,07,2012,09,5732.7
07.07.2012-12:00:00,07,07,2012,12,6749.7
07.07.2012-15:00:00,07,07,2012,15,6736.4
07.07.2012-18:00:00,07,07,2012,18,6478
07.07.2012-21:00:00,07,07,2012,21,5814.5
07.08.2012-00:00:00,07,08,2012,00,5307.5
07.08.2012-03:00:00,07,08,2012,03,5080.2
07.08.2012-06:00:00,07,08,2012,06,5533.5
07.08.2012-09:00:00,07,08,2012,09,6200.7
07.08.2012-12:00:00,07,08,2012,12,7446.6
07.08.2012-15:00:00,07,08,2012,15,7589.1
07.08.2012-18:00:00,07,08,2012,18,7496.3
07.08.2012-21:00:00,07,08,2012,21,7075.8
07.09.2012-00:00:00,07,09,2012,00,6511.3
07.09.2012-03:00:00,07,09,2012,03,6297.5
07.09.2012-06:00:00,07,09,2012,06,6671
07.09.2012-09:00:00,07,09,2012,09,7285.5
07.09.2012-12:00:00,07,09,2012,12,9086.8
07.09.2012-15:00:00,07,09,2012,15,9386.4
07.09.2012-18:00:00,07,09,2012,18,10180
07.09.2012-21:00:00,07,09,2012,21,8883.9
07.10.2012-00:00:00,07,10,2012,00,8470.6
07.10.2012-03:00:00,07,10,2012,03,8497.8
07.10.2012-06:00:00,07,10,2012,06,8313.5
07.10.2012-09:00:00,07,10,2012,09,8804.7
07.10.2012-12:00:00,07,10,2012,12,11371
07.10.2012-15:00:00,07,10,2012,15,10667
07.10.2012-18:00:00,07,10,2012,18,10865
07.10.2012-21:00:00,07,10,2012,21,11147
07.11.2012-00:00:00,07,11,2012,00,9239.4
07.11.2012-03:00:00,07,11,2012,03,10341
07.11.2012-06:00:00,07,11,2012,06,8580.9
07.11.2012-09:00:00,07,11,2012,09,10273
07.11.2012-12:00:00,07,11,2012,12,10102
07.11.2012-15:00:00,07,11,2012,15,11410
07.11.2012-18:00:00,07,11,2012,18,10987
07.11.2012-21:00:00,07,11,2012,21,10588
07.12.2012-00:00:00,07,12,2012,00,9804
07.12.2012-03:00:00,07,12,2012,03,10530
07.12.2012-06:00:00,07,12,2012,06,9601.7
07.12.2012-09:00:00,07,12,2012,09,9611.8
07.12.2012-12:00:00,07,12,2012,12,9329.9
07.12.2012-15:00:00,07,12,2012,15,11163
07.12.2012-18:00:00,07,12,2012,18,10107
07.12.2012-21:00:00,07,12,2012,21,10322
07.13.2012-00:00:00,07,13,2012,00,10143
07.13.2012-03:00:00,07,13,2012,03,9571.5
07.13.2012-06:00:00,07,13,2012,06,8221.3
07.13.2012-09:00:00,07,13,2012,09,9363.3
07.13.2012-12:00:00,07,13,2012,12,9168.8
07.13.2012-15:00:00,07,13,2012,15,10625
07.13.2012-18:00:00,07,13,2012,18,9948.2
07.13.2012-21:00:00,07,13,2012,21,9773.6
07.14.2012-00:00:00,07,14,2012,00,9918
07.14.2012-03:00:00,07,14,2012,03,9548.6
07.14.2012-06:00:00,07,14,2012,06,8425
07.14.2012-09:00:00,07,14,2012,09,9701
07.14.2012-12:00:00,07,14,2012,12,8937.8
07.14.2012-15:00:00,07,14,2012,15,10452
07.14.2012-18:00:00,07,14,2012,18,9790.1
07.14.2012-21:00:00,07,14,2012,21,9784
07.15.2012-00:00:00,07,15,2012,00,9028.9
07.15.2012-03:00:00,07,15,2012,03,9933
07.15.2012-06:00:00,07,15,2012,06,9059
07.15.2012-09:00:00,07,15,2012,09,9639.5
07.15.2012-12:00:00,07,15,2012,12,10479
07.15.2012-15:00:00,07,15,2012,15,10527
07.15.2012-18:00:00,07,15,2012,18,8564.2
07.15.2012-21:00:00,07,15,2012,21,10320
07.16.2012-00:00:00,07,16,2012,00,10156
07.16.2012-03:00:00,07,16,2012,03,10172
07.16.2012-06:00:00,07,16,2012,06,8294
07.16.2012-09:00:00,07,16,2012,09,9525.8
07.16.2012-12:00:00,07,16,2012,12,9451.4
07.16.2012-15:00:00,07,16,2012,15,10283
07.16.2012-18:00:00,07,16,2012,18,9235.9
07.16.2012-21:00:00,07,16,2012,21,9501.4
07.17.2012-00:00:00,07,17,2012,00,9363.3
07.17.2012-03:00:00,07,17,2012,03,10034
07.17.2012-06:00:00,07,17,2012,06,7956
07.17.2012-09:00:00,07,17,2012,09,9129.3
07.17.2012-12:00:00,07,17,2012,12,8530.1
07.17.2012-15:00:00,07,17,2012,15,9743.5
07.17.2012-18:00:00,07,17,2012,18,8567.1
07.17.2012-21:00:00,07,17,2012,21,9301
07.18.2012-00:00:00,07,18,2012,00,8648.3
07.18.2012-03:00:00,07,18,2012,03,9077.1
07.18.2012-06:00:00,07,18,2012,06,7422.6
07.18.2012-09:00:00,07,18,2012,09,8411.5
07.18.2012-12:00:00,07,18,2012,12,8067
07.18.2012-15:00:00,07,18,2012,15,8864.2
07.18.2012-18:00:00,07,18,2012,18,7914.9
07.18.2012-21:00:00,07,18,2012,21,8781.6
07.19.2012-00:00:00,07,19,2012,00,7801.2
07.19.2012-03:00:00,07,19,2012,03,8502.6
07.19.2012-06:00:00,07,19,2012,06,7448.9
07.19.2012-09:00:00,07,19,2012,09,8694.8
07.19.2012-12:00:00,07,19,2012,12,7100.4
07.19.2012-15:00:00,07,19,2012,15,8839.7
07.19.2012-18:00:00,07,19,2012,18,8072.2
07.19.2012-21:00:00,07,19,2012,21,8402.1
07.20.2012-00:00:00,07,20,2012,00,7454.5
07.20.2012-03:00:00,07,20,2012,03,8796.4
07.20.2012-06:00:00,07,20,2012,06,7172.4
07.20.2012-09:00:00,07,20,2012,09,7620.3
07.20.2012-12:00:00,07,20,2012,12,7468.1
07.20.2012-15:00:00,07,20,2012,15,8483.4
07.20.2012-18:00:00,07,20,2012,18,7535.4
07.20.2012-21:00:00,07,20,2012,21,8045.1
07.21.2012-00:00:00,07,21,2012,00,7952.5
07.21.2012-03:00:00,07,21,2012,03,8625.5
07.21.2012-06:00:00,07,21,2012,06,6964.5
07.21.2012-09:00:00,07,21,2012,09,7766.5
07.21.2012-12:00:00,07,21,2012,12,6863.5
07.21.2012-15:00:00,07,21,2012,15,8541.1
07.21.2012-18:00:00,07,21,2012,18,7116.9
07.21.2012-21:00:00,07,21,2012,21,8674.4
07.22.2012-00:00:00,07,22,2012,00,6827.5
07.22.2012-03:00:00,07,22,2012,03,8227.5
07.22.2012-06:00:00,07,22,2012,06,6440.1
07.22.2012-09:00:00,07,22,2012,09,7051.1
07.22.2012-12:00:00,07,22,2012,12,6200.2
07.22.2012-15:00:00,07,22,2012,15,7376.2
07.22.2012-18:00:00,07,22,2012,18,6046.8
07.22.2012-21:00:00,07,22,2012,21,6878.7
07.23.2012-00:00:00,07,23,2012,00,7182.6
07.23.2012-03:00:00,07,23,2012,03,5472.7
07.23.2012-06:00:00,07,23,2012,06,5910.3
07.23.2012-09:00:00,07,23,2012,09,5637.4
07.23.2012-12:00:00,07,23,2012,12,5615
07.23.2012-15:00:00,07,23,2012,15,5673.7
07.23.2012-18:00:00,07,23,2012,18,5663.4
07.23.2012-21:00:00,07,23,2012,21,5576.8
07.24.2012-00:00:00,07,24,2012,00,5466.2
07.24.2012-03:00:00,07,24,2012,03,5283.1
07.24.2012-06:00:00,07,24,2012,06,5275.6
07.24.2012-09:00:00,07,24,2012,09,5060.5
07.24.2012-12:00:00,07,24,2012,12,5123.1
07.24.2012-15:00:00,07,24,2012,15,4900.1
07.24.2012-18:00:00,07,24,2012,18,4967.3
07.24.2012-21:00:00,07,24,2012,21,4814.8
07.25.2012-00:00:00,07,25,2012,00,4813.3
07.25.2012-03:00:00,07,25,2012,03,4590
07.25.2012-06:00:00,07,25,2012,06,4480.3
07.25.2012-09:00:00,07,25,2012,09,4397.6
07.25.2012-12:00:00,07,25,2012,12,4321.7
07.25.2012-15:00:00,07,25,2012,15,4306.9
07.25.2012-18:00:00,07,25,2012,18,4227.8
07.25.2012-21:00:00,07,25,2012,21,4144
07.26.2012-00:00:00,07,26,2012,00,4059
07.26.2012-03:00:00,07,26,2012,03,3944.5
07.26.2012-06:00:00,07,26,2012,06,3835.6
07.26.2012-09:00:00,07,26,2012,09,3755.6
07.26.2012-12:00:00,07,26,2012,12,3698.4
07.26.2012-15:00:00,07,26,2012,15,3738.9
07.26.2012-18:00:00,07,26,2012,18,3682.6
07.26.2012-21:00:00,07,26,2012,21,3618.4
07.27.2012-00:00:00,07,27,2012,00,3671.7
07.27.2012-03:00:00,07,27,2012,03,3671.9
07.27.2012-06:00:00,07,27,2012,06,3623
07.27.2012-09:00:00,07,27,2012,09,3613
07.27.2012-12:00:00,07,27,2012,12,3709.9
07.27.2012-15:00:00,07,27,2012,15,3842.4
07.27.2012-18:00:00,07,27,2012,18,3848.3
07.27.2012-21:00:00,07,27,2012,21,3972.8
07.28.2012-00:00:00,07,28,2012,00,3933.2
07.28.2012-03:00:00,07,28,2012,03,3984.3
07.28.2012-06:00:00,07,28,2012,06,4008.1
07.28.2012-09:00:00,07,28,2012,09,4013.7
07.28.2012-12:00:00,07,28,2012,12,4027.2
07.28.2012-15:00:00,07,28,2012,15,4090.1
07.28.2012-18:00:00,07,28,2012,18,4267.5
07.28.2012-21:00:00,07,28,2012,21,4444.8
07.29.2012-00:00:00,07,29,2012,00,4512.6
07.29.2012-03:00:00,07,29,2012,03,4556.9
07.29.2012-06:00:00,07,29,2012,06,4525.9
07.29.2012-09:00:00,07,29,2012,09,4474.8
07.29.2012-12:00:00,07,29,2012,12,4319.9
07.29.2012-15:00:00,07,29,2012,15,4408.1
07.29.2012-18:00:00,07,29,2012,18,4354.9
07.29.2012-21:00:00,07,29,2012,21,4372.1
07.30.2012-00:00:00,07,30,2012,00,4157.9
07.30.2012-03:00:00,07,30,2012,03,4147
07.30.2012-06:00:00,07,30,2012,06,4114.3
07.30.2012-09:00:00,07,30,2012,09,3841.2
07.30.2012-12:00:00,07,30,2012,12,3780.9
07.30.2012-15:00:00,07,30,2012,15,3762.2
07.30.2012-18:00:00,07,30,2012,18,3692
07.30.2012-21:00:00,07,30,2012,21,3625.5
07.31.2012-00:00:00,07,31,2012,00,3555.5
07.31.2012-03:00:00,07,31,2012,03,3471.1
07.31.2012-06:00:00,07,31,2012,06,3385.9
07.31.2012-09:00:00,07,31,2012,09,3318.2
07.31.2012-12:00:00,07,31,2012,12,3229.2
07.31.2012-15:00:00,07,31,2012,15,3173.7
07.31.2012-18:00:00,07,31,2012,18,3111.1
07.31.2012-21:00:00,07,31,2012,21,3039.3
08.01.2012-00:00:00,08,01,2012,00,2974.9
08.01.2012-03:00:00,08,01,2012,03,2910.5
08.01.2012-06:00:00,08,01,2012,06,2859.6
08.01.2012-09:00:00,08,01,2012,09,2834.2
08.01.2012-12:00:00,08,01,2012,12,2797.1
08.01.2012-15:00:00,08,01,2012,15,2797.8
08.01.2012-18:00:00,08,01,2012,18,2745
08.01.2012-21:00:00,08,01,2012,21,2678.8
08.02.2012-00:00:00,08,02,2012,00,2614.1
08.02.2012-03:00:00,08,02,2012,03,2527.2
08.02.2012-06:00:00,08,02,2012,06,2453.1
08.02.2012-09:00:00,08,02,2012,09,2432.7
08.02.2012-12:00:00,08,02,2012,12,2391.9
08.02.2012-15:00:00,08,02,2012,15,2375
08.02.2012-18:00:00,08,02,2012,18,2319.7
08.02.2012-21:00:00,08,02,2012,21,2262.3
08.03.2012-00:00:00,08,03,2012,00,2209.3
08.03.2012-03:00:00,08,03,2012,03,2138.1
08.03.2012-06:00:00,08,03,2012,06,2075.1
08.03.2012-09:00:00,08,03,2012,09,2030.1
08.03.2012-12:00:00,08,03,2012,12,1982
08.03.2012-15:00:00,08,03,2012,15,1955.8
08.03.2012-18:00:00,08,03,2012,18,1913
08.03.2012-21:00:00,08,03,2012,21,1864.7
08.04.2012-00:00:00,08,04,2012,00,1813.3
08.04.2012-03:00:00,08,04,2012,03,1740.4
08.04.2012-06:00:00,08,04,2012,06,1673.8
08.04.2012-09:00:00,08,04,2012,09,1644.7
08.04.2012-12:00:00,08,04,2012,12,1588
08.04.2012-15:00:00,08,04,2012,15,1574
08.04.2012-18:00:00,08,04,2012,18,1527.5
08.04.2012-21:00:00,08,04,2012,21,1481.2
08.05.2012-00:00:00,08,05,2012,00,1448.7
08.05.2012-03:00:00,08,05,2012,03,1389.1
08.05.2012-06:00:00,08,05,2012,06,1349.3
08.05.2012-09:00:00,08,05,2012,09,1341.3
08.05.2012-12:00:00,08,05,2012,12,1287.8
08.05.2012-15:00:00,08,05,2012,15,1263.6
08.05.2012-18:00:00,08,05,2012,18,1225
08.05.2012-21:00:00,08,05,2012,21,1187.4
08.06.2012-00:00:00,08,06,2012,00,1149.4
08.06.2012-03:00:00,08,06,2012,03,1091.7
08.06.2012-06:00:00,08,06,2012,06,1051.9
08.06.2012-09:00:00,08,06,2012,09,1062
08.06.2012-12:00:00,08,06,2012,12,1006.4
08.06.2012-15:00:00,08,06,2012,15,985.42
08.06.2012-18:00:00,08,06,2012,18,959.3
08.06.2012-21:00:00,08,06,2012,21,934.03
08.07.2012-00:00:00,08,07,2012,00,911.66
08.07.2012-03:00:00,08,07,2012,03,878.76
08.07.2012-06:00:00,08,07,2012,06,862.73
08.07.2012-09:00:00,08,07,2012,09,873.21
08.07.2012-12:00:00,08,07,2012,12,814.15
08.07.2012-15:00:00,08,07,2012,15,779.37
08.07.2012-18:00:00,08,07,2012,18,777.38
08.07.2012-21:00:00,08,07,2012,21,749.12
08.08.2012-00:00:00,08,08,2012,00,737.21
08.08.2012-03:00:00,08,08,2012,03,714.5
08.08.2012-06:00:00,08,08,2012,06,681.75
08.08.2012-09:00:00,08,08,2012,09,655.7
08.08.2012-12:00:00,08,08,2012,12,652.55
08.08.2012-15:00:00,08,08,2012,15,655.93
08.08.2012-18:00:00,08,08,2012,18,636.78
08.08.2012-21:00:00,08,08,2012,21,628.72
08.09.2012-00:00:00,08,09,2012,00,616.7
08.09.2012-03:00:00,08,09,2012,03,588.88
08.09.2012-06:00:00,08,09,2012,06,586.68
08.09.2012-09:00:00,08,09,2012,09,566.62
08.09.2012-12:00:00,08,09,2012,12,559.35
08.09.2012-15:00:00,08,09,2012,15,544.12
08.09.2012-18:00:00,08,09,2012,18,531.85
08.09.2012-21:00:00,08,09,2012,21,525.03
08.10.2012-00:00:00,08,10,2012,00,512.51
08.10.2012-03:00:00,08,10,2012,03,496.57
08.10.2012-06:00:00,08,10,2012,06,487.26
08.10.2012-09:00:00,08,10,2012,09,468.61
08.10.2012-12:00:00,08,10,2012,12,464.11
08.10.2012-15:00:00,08,10,2012,15,459.42
08.10.2012-18:00:00,08,10,2012,18,448.19
08.10.2012-21:00:00,08,10,2012,21,440.95
08.11.2012-00:00:00,08,11,2012,00,429.66
08.11.2012-03:00:00,08,11,2012,03,422.31
08.11.2012-06:00:00,08,11,2012,06,408.98
08.11.2012-09:00:00,08,11,2012,09,399.88
08.11.2012-12:00:00,08,11,2012,12,389.43
08.11.2012-15:00:00,08,11,2012,15,380.23
08.11.2012-18:00:00,08,11,2012,18,373.74
08.11.2012-21:00:00,08,11,2012,21,364.71
08.12.2012-00:00:00,08,12,2012,00,354.26
08.12.2012-03:00:00,08,12,2012,03,348.81
08.12.2012-06:00:00,08,12,2012,06,339.52
08.12.2012-09:00:00,08,12,2012,09,329.44
08.12.2012-12:00:00,08,12,2012,12,322.75
08.12.2012-15:00:00,08,12,2012,15,313.72
08.12.2012-18:00:00,08,12,2012,18,306.01
08.12.2012-21:00:00,08,12,2012,21,298.82
08.13.2012-00:00:00,08,13,2012,00,292.07
08.13.2012-03:00:00,08,13,2012,03,285.73
08.13.2012-06:00:00,08,13,2012,06,277
08.13.2012-09:00:00,08,13,2012,09,270.42
08.13.2012-12:00:00,08,13,2012,12,262.93
08.13.2012-15:00:00,08,13,2012,15,255.91
08.13.2012-18:00:00,08,13,2012,18,249.38
08.13.2012-21:00:00,08,13,2012,21,243.4
08.14.2012-00:00:00,08,14,2012,00,237.58
08.14.2012-03:00:00,08,14,2012,03,231.58
08.14.2012-06:00:00,08,14,2012,06,226.76
08.14.2012-09:00:00,08,14,2012,09,222.67
08.14.2012-12:00:00,08,14,2012,12,216.81
08.14.2012-15:00:00,08,14,2012,15,210.03
08.14.2012-18:00:00,08,14,2012,18,205.6
08.14.2012-21:00:00,08,14,2012,21,202.41
08.15.2012-00:00:00,08,15,2012,00,197.92
08.15.2012-03:00:00,08,15,2012,03,194.79
08.15.2012-06:00:00,08,15,2012,06,189.02
08.15.2012-09:00:00,08,15,2012,09,182.37
08.15.2012-12:00:00,08,15,2012,12,179.45
08.15.2012-15:00:00,08,15,2012,15,176.01
08.15.2012-18:00:00,08,15,2012,18,172.45
08.15.2012-21:00:00,08,15,2012,21,167.92
08.16.2012-00:00:00,08,16,2012,00,165.87
08.16.2012-03:00:00,08,16,2012,03,160.59
08.16.2012-06:00:00,08,16,2012,06,158.36
08.16.2012-09:00:00,08,16,2012,09,154.32
08.16.2012-12:00:00,08,16,2012,12,150.54
08.16.2012-15:00:00,08,16,2012,15,148.25
08.16.2012-18:00:00,08,16,2012,18,146.31
08.16.2012-21:00:00,08,16,2012,21,142.09
08.17.2012-00:00:00,08,17,2012,00,141.63
08.17.2012-03:00:00,08,17,2012,03,149.38
08.17.2012-06:00:00,08,17,2012,06,161.38
08.17.2012-09:00:00,08,17,2012,09,182.65
08.17.2012-12:00:00,08,17,2012,12,272.71
08.17.2012-15:00:00,08,17,2012,15,387.54
08.17.2012-18:00:00,08,17,2012,18,446.09
08.17.2012-21:00:00,08,17,2012,21,499.4
08.18.2012-00:00:00,08,18,2012,00,427.51
08.18.2012-03:00:00,08,18,2012,03,407.03
08.18.2012-06:00:00,08,18,2012,06,400.96
08.18.2012-09:00:00,08,18,2012,09,350.13
08.18.2012-12:00:00,08,18,2012,12,353.22
08.18.2012-15:00:00,08,18,2012,15,363.37
08.18.2012-18:00:00,08,18,2012,18,358.96
08.18.2012-21:00:00,08,18,2012,21,346.58
08.19.2012-00:00:00,08,19,2012,00,347.22
08.19.2012-03:00:00,08,19,2012,03,360.17
08.19.2012-06:00:00,08,19,2012,06,322.87
08.19.2012-09:00:00,08,19,2012,09,319.61
08.19.2012-12:00:00,08,19,2012,12,330.39
08.19.2012-15:00:00,08,19,2012,15,351.28
08.19.2012-18:00:00,08,19,2012,18,359.76
08.19.2012-21:00:00,08,19,2012,21,392.28
08.20.2012-00:00:00,08,20,2012,00,415.81
08.20.2012-03:00:00,08,20,2012,03,451.74
08.20.2012-06:00:00,08,20,2012,06,455.04
08.20.2012-09:00:00,08,20,2012,09,439.84
08.20.2012-12:00:00,08,20,2012,12,442.82
08.20.2012-15:00:00,08,20,2012,15,453.06
08.20.2012-18:00:00,08,20,2012,18,452.54
08.20.2012-21:00:00,08,20,2012,21,453.92
08.21.2012-00:00:00,08,21,2012,00,450.95
08.21.2012-03:00:00,08,21,2012,03,448.59
08.21.2012-06:00:00,08,21,2012,06,443.02
08.21.2012-09:00:00,08,21,2012,09,431.1
08.21.2012-12:00:00,08,21,2012,12,435.4
08.21.2012-15:00:00,08,21,2012,15,444.94
08.21.2012-18:00:00,08,21,2012,18,448.39
08.21.2012-21:00:00,08,21,2012,21,447.77
08.22.2012-00:00:00,08,22,2012,00,450.73
08.22.2012-03:00:00,08,22,2012,03,462.4
08.22.2012-06:00:00,08,22,2012,06,461.72
08.22.2012-09:00:00,08,22,2012,09,461.9
08.22.2012-12:00:00,08,22,2012,12,463.82
08.22.2012-15:00:00,08,22,2012,15,467.53
08.22.2012-18:00:00,08,22,2012,18,470.81
08.22.2012-21:00:00,08,22,2012,21,475.7
08.23.2012-00:00:00,08,23,2012,00,474.43
08.23.2012-03:00:00,08,23,2012,03,475.68
08.23.2012-06:00:00,08,23,2012,06,475.18
08.23.2012-09:00:00,08,23,2012,09,471.36
08.23.2012-12:00:00,08,23,2012,12,467.81
08.23.2012-15:00:00,08,23,2012,15,466.95
08.23.2012-18:00:00,08,23,2012,18,465
08.23.2012-21:00:00,08,23,2012,21,461.93
08.24.2012-00:00:00,08,24,2012,00,460.15
08.24.2012-03:00:00,08,24,2012,03,457.78
08.24.2012-06:00:00,08,24,2012,06,453.97
08.24.2012-09:00:00,08,24,2012,09,436.55
08.24.2012-12:00:00,08,24,2012,12,430.23
08.24.2012-15:00:00,08,24,2012,15,427.47
08.24.2012-18:00:00,08,24,2012,18,424.43
08.24.2012-21:00:00,08,24,2012,21,418.41
08.25.2012-00:00:00,08,25,2012,00,410.91
08.25.2012-03:00:00,08,25,2012,03,405.06
08.25.2012-06:00:00,08,25,2012,06,398.92
08.25.2012-09:00:00,08,25,2012,09,390.52
08.25.2012-12:00:00,08,25,2012,12,383.14
08.25.2012-15:00:00,08,25,2012,15,376.61
08.25.2012-18:00:00,08,25,2012,18,370.88
08.25.2012-21:00:00,08,25,2012,21,365.34
08.26.2012-00:00:00,08,26,2012,00,359.26
08.26.2012-03:00:00,08,26,2012,03,353.44
08.26.2012-06:00:00,08,26,2012,06,346.39
08.26.2012-09:00:00,08,26,2012,09,338.81
08.26.2012-12:00:00,08,26,2012,12,332.1
08.26.2012-15:00:00,08,26,2012,15,326.62
08.26.2012-18:00:00,08,26,2012,18,320.98
08.26.2012-21:00:00,08,26,2012,21,315.65
08.27.2012-00:00:00,08,27,2012,00,308.68
08.27.2012-03:00:00,08,27,2012,03,303.3
08.27.2012-06:00:00,08,27,2012,06,297.96
08.27.2012-09:00:00,08,27,2012,09,291.67
08.27.2012-12:00:00,08,27,2012,12,286.01
08.27.2012-15:00:00,08,27,2012,15,280.93
08.27.2012-18:00:00,08,27,2012,18,275.63
08.27.2012-21:00:00,08,27,2012,21,269.5
08.28.2012-00:00:00,08,28,2012,00,265.11
08.28.2012-03:00:00,08,28,2012,03,260.71
08.28.2012-06:00:00,08,28,2012,06,255.52
08.28.2012-09:00:00,08,28,2012,09,250.12
08.28.2012-12:00:00,08,28,2012,12,245.2
08.28.2012-15:00:00,08,28,2012,15,240.58
08.28.2012-18:00:00,08,28,2012,18,236.67
08.28.2012-21:00:00,08,28,2012,21,232.36
08.29.2012-00:00:00,08,29,2012,00,228.33
08.29.2012-03:00:00,08,29,2012,03,224.48
08.29.2012-06:00:00,08,29,2012,06,219.87
08.29.2012-09:00:00,08,29,2012,09,215.69
08.29.2012-12:00:00,08,29,2012,12,210.85
08.29.2012-15:00:00,08,29,2012,15,207.39
08.29.2012-18:00:00,08,29,2012,18,202.49
08.29.2012-21:00:00,08,29,2012,21,199.17
08.30.2012-00:00:00,08,30,2012,00,194.2
08.30.2012-03:00:00,08,30,2012,03,191.08
08.30.2012-06:00:00,08,30,2012,06,187.81
08.30.2012-09:00:00,08,30,2012,09,184.81
08.30.2012-12:00:00,08,30,2012,12,181.05
08.30.2012-15:00:00,08,30,2012,15,176.22
08.30.2012-18:00:00,08,30,2012,18,173.84
08.30.2012-21:00:00,08,30,2012,21,170.52
08.31.2012-00:00:00,08,31,2012,00,167.37
08.31.2012-03:00:00,08,31,2012,03,164.55
08.31.2012-06:00:00,08,31,2012,06,160.58
08.31.2012-09:00:00,08,31,2012,09,157.54
08.31.2012-12:00:00,08,31,2012,12,155.4
08.31.2012-15:00:00,08,31,2012,15,151.28
08.31.2012-18:00:00,08,31,2012,18,147.62
08.31.2012-21:00:00,08,31,2012,21,145.4
09.01.2012-00:00:00,09,01,2012,00,143.83
09.01.2012-03:00:00,09,01,2012,03,141.36
09.01.2012-06:00:00,09,01,2012,06,139.67
09.01.2012-09:00:00,09,01,2012,09,135.86
09.01.2012-12:00:00,09,01,2012,12,132.3
09.01.2012-15:00:00,09,01,2012,15,129.6
09.01.2012-18:00:00,09,01,2012,18,127.52
09.01.2012-21:00:00,09,01,2012,21,125.63
09.02.2012-00:00:00,09,02,2012,00,122.55
09.02.2012-03:00:00,09,02,2012,03,120
09.02.2012-06:00:00,09,02,2012,06,118.67
09.02.2012-09:00:00,09,02,2012,09,115.82
09.02.2012-12:00:00,09,02,2012,12,114.14
09.02.2012-15:00:00,09,02,2012,15,111.59
09.02.2012-18:00:00,09,02,2012,18,109.72
09.02.2012-21:00:00,09,02,2012,21,108.33
09.03.2012-00:00:00,09,03,2012,00,106.19
09.03.2012-03:00:00,09,03,2012,03,104.15
09.03.2012-06:00:00,09,03,2012,06,103.1
09.03.2012-09:00:00,09,03,2012,09,101.01
09.03.2012-12:00:00,09,03,2012,12,99.138
09.03.2012-15:00:00,09,03,2012,15,97.523
09.03.2012-18:00:00,09,03,2012,18,96.129
09.03.2012-21:00:00,09,03,2012,21,95.232
09.04.2012-00:00:00,09,04,2012,00,93.374
09.04.2012-03:00:00,09,04,2012,03,91.555
09.04.2012-06:00:00,09,04,2012,06,89.748
09.04.2012-09:00:00,09,04,2012,09,88.621
09.04.2012-12:00:00,09,04,2012,12,87.746
09.04.2012-15:00:00,09,04,2012,15,86.248
09.04.2012-18:00:00,09,04,2012,18,84.725
09.04.2012-21:00:00,09,04,2012,21,83.196
09.05.2012-00:00:00,09,05,2012,00,81.713
09.05.2012-03:00:00,09,05,2012,03,80.345
09.05.2012-06:00:00,09,05,2012,06,78.845
09.05.2012-09:00:00,09,05,2012,09,77.459
09.05.2012-12:00:00,09,05,2012,12,76.152
09.05.2012-15:00:00,09,05,2012,15,75.211
09.05.2012-18:00:00,09,05,2012,18,73.957
09.05.2012-21:00:00,09,05,2012,21,73.434
09.06.2012-00:00:00,09,06,2012,00,72.671
09.06.2012-03:00:00,09,06,2012,03,71.404
09.06.2012-06:00:00,09,06,2012,06,70.116
09.06.2012-09:00:00,09,06,2012,09,68.857
09.06.2012-12:00:00,09,06,2012,12,67.713
09.06.2012-15:00:00,09,06,2012,15,66.555
09.06.2012-18:00:00,09,06,2012,18,65.442
09.06.2012-21:00:00,09,06,2012,21,64.543
09.07.2012-00:00:00,09,07,2012,00,63.884
09.07.2012-03:00:00,09,07,2012,03,62.892
09.07.2012-06:00:00,09,07,2012,06,61.887
09.07.2012-09:00:00,09,07,2012,09,60.989
09.07.2012-12:00:00,09,07,2012,12,60
09.07.2012-15:00:00,09,07,2012,15,59.047
09.07.2012-18:00:00,09,07,2012,18,58.122
09.07.2012-21:00:00,09,07,2012,21,57.224
09.08.2012-00:00:00,09,08,2012,00,56.347
09.08.2012-03:00:00,09,08,2012,03,55.491
09.08.2012-06:00:00,09,08,2012,06,54.636
09.08.2012-09:00:00,09,08,2012,09,53.797
09.08.2012-12:00:00,09,08,2012,12,52.98
09.08.2012-15:00:00,09,08,2012,15,52.193
09.08.2012-18:00:00,09,08,2012,18,51.804
09.08.2012-21:00:00,09,08,2012,21,51.053
09.09.2012-00:00:00,09,09,2012,00,50.536
09.09.2012-03:00:00,09,09,2012,03,49.812
09.09.2012-06:00:00,09,09,2012,06,49.085
09.09.2012-09:00:00,09,09,2012,09,48.371
09.09.2012-12:00:00,09,09,2012,12,47.674
09.09.2012-15:00:00,09,09,2012,15,47.004
09.09.2012-18:00:00,09,09,2012,18,46.353
09.09.2012-21:00:00,09,09,2012,21,45.717
09.10.2012-00:00:00,09,10,2012,00,45.691
09.10.2012-03:00:00,09,10,2012,03,45.075
09.10.2012-06:00:00,09,10,2012,06,44.452
09.10.2012-09:00:00,09,10,2012,09,43.844
09.10.2012-12:00:00,09,10,2012,12,43.247
09.10.2012-15:00:00,09,10,2012,15,42.669
09.10.2012-18:00:00,09,10,2012,18,42.108
09.10.2012-21:00:00,09,10,2012,21,41.559
09.11.2012-00:00:00,09,11,2012,00,41.043
09.11.2012-03:00:00,09,11,2012,03,40.56
09.11.2012-06:00:00,09,11,2012,06,40.183
09.11.2012-09:00:00,09,11,2012,09,39.68
09.11.2012-12:00:00,09,11,2012,12,39.189
09.11.2012-15:00:00,09,11,2012,15,38.787
09.11.2012-18:00:00,09,11,2012,18,38.529
09.11.2012-21:00:00,09,11,2012,21,38.164
09.12.2012-00:00:00,09,12,2012,00,37.649
09.12.2012-03:00:00,09,12,2012,03,37.261
09.12.2012-06:00:00,09,12,2012,06,36.932
09.12.2012-09:00:00,09,12,2012,09,36.597
09.12.2012-12:00:00,09,12,2012,12,36.258
09.12.2012-15:00:00,09,12,2012,15,35.924
09.12.2012-18:00:00,09,12,2012,18,35.584
09.12.2012-21:00:00,09,12,2012,21,35.263
09.13.2012-00:00:00,09,13,2012,00,35.199
09.13.2012-03:00:00,09,13,2012,03,35.276
09.13.2012-06:00:00,09,13,2012,06,35
09.13.2012-09:00:00,09,13,2012,09,34.676
09.13.2012-12:00:00,09,13,2012,12,34.42
09.13.2012-15:00:00,09,13,2012,15,34.121
09.13.2012-18:00:00,09,13,2012,18,33.948
09.13.2012-21:00:00,09,13,2012,21,33.931
09.14.2012-00:00:00,09,14,2012,00,33.675
09.14.2012-03:00:00,09,14,2012,03,33.447
09.14.2012-06:00:00,09,14,2012,06,33.176
09.14.2012-09:00:00,09,14,2012,09,33.013
09.14.2012-12:00:00,09,14,2012,12,32.947
09.14.2012-15:00:00,09,14,2012,15,32.815
09.14.2012-18:00:00,09,14,2012,18,32.553
09.14.2012-21:00:00,09,14,2012,21,32.515
09.15.2012-00:00:00,09,15,2012,00,32.661
09.15.2012-03:00:00,09,15,2012,03,32.583
09.15.2012-06:00:00,09,15,2012,06,32.333
09.15.2012-09:00:00,09,15,2012,09,32.067
09.15.2012-12:00:00,09,15,2012,12,32.069
09.15.2012-15:00:00,09,15,2012,15,32.104
09.15.2012-18:00:00,09,15,2012,18,31.989
09.15.2012-21:00:00,09,15,2012,21,31.964
09.16.2012-00:00:00,09,16,2012,00,32.018
09.16.2012-03:00:00,09,16,2012,03,31.82
09.16.2012-06:00:00,09,16,2012,06,31.58
09.16.2012-09:00:00,09,16,2012,09,31.529
09.16.2012-12:00:00,09,16,2012,12,31.644
09.16.2012-15:00:00,09,16,2012,15,31.412
09.16.2012-18:00:00,09,16,2012,18,31.252
09.16.2012-21:00:00,09,16,2012,21,31.331
09.17.2012-00:00:00,09,17,2012,00,31.409
09.17.2012-03:00:00,09,17,2012,03,31.412
09.17.2012-06:00:00,09,17,2012,06,31.564
09.17.2012-09:00:00,09,17,2012,09,31.484
09.17.2012-12:00:00,09,17,2012,12,31.176
09.17.2012-15:00:00,09,17,2012,15,31.015
09.17.2012-18:00:00,09,17,2012,18,30.884
09.17.2012-21:00:00,09,17,2012,21,30.72
09.18.2012-00:00:00,09,18,2012,00,30.654
09.18.2012-03:00:00,09,18,2012,03,30.559
09.18.2012-06:00:00,09,18,2012,06,30.672
09.18.2012-09:00:00,09,18,2012,09,30.388
09.18.2012-12:00:00,09,18,2012,12,30.168
09.18.2012-15:00:00,09,18,2012,15,30.073
09.18.2012-18:00:00,09,18,2012,18,30.26
09.18.2012-21:00:00,09,18,2012,21,30.097
09.19.2012-00:00:00,09,19,2012,00,29.83
09.19.2012-03:00:00,09,19,2012,03,29.616
09.19.2012-06:00:00,09,19,2012,06,29.556
09.19.2012-09:00:00,09,19,2012,09,29.568
09.19.2012-12:00:00,09,19,2012,12,29.38
09.19.2012-15:00:00,09,19,2012,15,29.114
09.19.2012-18:00:00,09,19,2012,18,28.843
09.19.2012-21:00:00,09,19,2012,21,28.568
09.20.2012-00:00:00,09,20,2012,00,28.508
09.20.2012-03:00:00,09,20,2012,03,28.292
09.20.2012-06:00:00,09,20,2012,06,28.103
09.20.2012-09:00:00,09,20,2012,09,27.958
09.20.2012-12:00:00,09,20,2012,12,27.844
09.20.2012-15:00:00,09,20,2012,15,27.961
09.20.2012-18:00:00,09,20,2012,18,27.974
09.20.2012-21:00:00,09,20,2012,21,27.725
09.21.2012-00:00:00,09,21,2012,00,27.488
09.21.2012-03:00:00,09,21,2012,03,27.305
09.21.2012-06:00:00,09,21,2012,06,27.315
09.21.2012-09:00:00,09,21,2012,09,27.11
09.21.2012-12:00:00,09,21,2012,12,27.068
09.21.2012-15:00:00,09,21,2012,15,26.825
09.21.2012-18:00:00,09,21,2012,18,26.545
09.21.2012-21:00:00,09,21,2012,21,26.27
09.22.2012-00:00:00,09,22,2012,00,25.999
09.22.2012-03:00:00,09,22,2012,03,25.845
09.22.2012-06:00:00,09,22,2012,06,25.764
09.22.2012-09:00:00,09,22,2012,09,25.682
09.22.2012-12:00:00,09,22,2012,12,25.696
09.22.2012-15:00:00,09,22,2012,15,25.458
09.22.2012-18:00:00,09,22,2012,18,25.213
09.22.2012-21:00:00,09,22,2012,21,25.269
09.23.2012-00:00:00,09,23,2012,00,25.018
09.23.2012-03:00:00,09,23,2012,03,24.767
09.23.2012-06:00:00,09,23,2012,06,24.519
09.23.2012-09:00:00,09,23,2012,09,24.276
09.23.2012-12:00:00,09,23,2012,12,24.071
09.23.2012-15:00:00,09,23,2012,15,23.993
09.23.2012-18:00:00,09,23,2012,18,23.794
09.23.2012-21:00:00,09,23,2012,21,23.776
09.24.2012-00:00:00,09,24,2012,00,23.567
09.24.2012-03:00:00,09,24,2012,03,23.371
09.24.2012-06:00:00,09,24,2012,06,23.149
09.24.2012-09:00:00,09,24,2012,09,22.997
09.24.2012-12:00:00,09,24,2012,12,22.835
09.24.2012-15:00:00,09,24,2012,15,22.791
09.24.2012-18:00:00,09,24,2012,18,22.586
09.24.2012-21:00:00,09,24,2012,21,22.555
09.25.2012-00:00:00,09,25,2012,00,22.344
09.25.2012-03:00:00,09,25,2012,03,22.135
09.25.2012-06:00:00,09,25,2012,06,21.928
09.25.2012-09:00:00,09,25,2012,09,21.726
09.25.2012-12:00:00,09,25,2012,12,21.527
09.25.2012-15:00:00,09,25,2012,15,21.492
09.25.2012-18:00:00,09,25,2012,18,21.298
09.25.2012-21:00:00,09,25,2012,21,21.196
09.26.2012-00:00:00,09,26,2012,00,21.006
09.26.2012-03:00:00,09,26,2012,03,20.816
09.26.2012-06:00:00,09,26,2012,06,20.629
09.26.2012-09:00:00,09,26,2012,09,20.459
09.26.2012-12:00:00,09,26,2012,12,20.303
09.26.2012-15:00:00,09,26,2012,15,20.125
09.26.2012-18:00:00,09,26,2012,18,20.013
09.26.2012-21:00:00,09,26,2012,21,19.9
09.27.2012-00:00:00,09,27,2012,00,19.757
09.27.2012-03:00:00,09,27,2012,03,19.605
09.27.2012-06:00:00,09,27,2012,06,19.447
09.27.2012-09:00:00,09,27,2012,09,19.283
09.27.2012-12:00:00,09,27,2012,12,19.119
09.27.2012-15:00:00,09,27,2012,15,18.958
09.27.2012-18:00:00,09,27,2012,18,18.799
09.27.2012-21:00:00,09,27,2012,21,18.643
09.28.2012-00:00:00,09,28,2012,00,18.488
09.28.2012-03:00:00,09,28,2012,03,18.336
09.28.2012-06:00:00,09,28,2012,06,18.187
09.28.2012-09:00:00,09,28,2012,09,18.038
09.28.2012-12:00:00,09,28,2012,12,17.892
09.28.2012-15:00:00,09,28,2012,15,17.748
09.28.2012-18:00:00,09,28,2012,18,17.606
09.28.2012-21:00:00,09,28,2012,21,17.466
09.29.2012-00:00:00,09,29,2012,00,17.327
09.29.2012-03:00:00,09,29,2012,03,17.191
09.29.2012-06:00:00,09,29,2012,06,17.056
09.29.2012-09:00:00,09,29,2012,09,16.948
09.29.2012-12:00:00,09,29,2012,12,16.925
09.29.2012-15:00:00,09,29,2012,15,16.795
09.29.2012-18:00:00,09,29,2012,18,16.665
09.29.2012-21:00:00,09,29,2012,21,16.537
09.30.2012-00:00:00,09,30,2012,00,16.411
09.30.2012-03:00:00,09,30,2012,03,16.286
09.30.2012-06:00:00,09,30,2012,06,16.163
09.30.2012-09:00:00,09,30,2012,09,16.041
09.30.2012-12:00:00,09,30,2012,12,15.961
09.30.2012-15:00:00,09,30,2012,15,15.867
09.30.2012-18:00:00,09,30,2012,18,15.764
09.30.2012-21:00:00,09,30,2012,21,15.656
