TIMESTAMP,MONTH,DAY,YEAR,HOUR,C
10.01.2001-00:00:00,10,01,2001,00,19.491
10.01.2001-03:00:00,10,01,2001,03,19.491
10.01.2001-06:00:00,10,01,2001,06,19.332
10.01.2001-09:00:00,10,01,2001,09,16.2
10.01.2001-12:00:00,10,01,2001,12,17.646
10.01.2001-15:00:00,10,01,2001,15,18.335
10.01.2001-18:00:00,10,01,2001,18,18.621
10.01.2001-21:00:00,10,01,2001,21,18.614
10.02.2001-00:00:00,10,02,2001,00,18.603
10.02.2001-03:00:00,10,02,2001,03,18.59
10.02.2001-06:00:00,10,02,2001,06,18.4
10.02.2001-09:00:00,10,02,2001,09,15.574
10.02.2001-12:00:00,10,02,2001,12,17.284
10.02.2001-15:00:00,10,02,2001,15,18.016
10.02.2001-18:00:00,10,02,2001,18,18.358
10.02.2001-21:00:00,10,02,2001,21,18.36
10.03.2001-00:00:00,10,03,2001,00,18.353
10.03.2001-03:00:00,10,03,2001,03,18.346
10.03.2001-06:00:00,10,03,2001,06,18.204
10.03.2001-09:00:00,10,03,2001,09,15.778
10.03.2001-12:00:00,10,03,2001,12,17.219
10.03.2001-15:00:00,10,03,2001,15,17.864
10.03.2001-18:00:00,10,03,2001,18,18.141
10.03.2001-21:00:00,10,03,2001,21,18.139
10.04.2001-00:00:00,10,04,2001,00,18.128
10.04.2001-03:00:00,10,04,2001,03,18.118
10.04.2001-06:00:00,10,04,2001,06,18.001
10.04.2001-09:00:00,10,04,2001,09,15.788
10.04.2001-12:00:00,10,04,2001,12,16.994
10.04.2001-15:00:00,10,04,2001,15,17.589
10.04.2001-18:00:00,10,04,2001,18,17.921
10.04.2001-21:00:00,10,04,2001,21,17.921
10.05.2001-00:00:00,10,05,2001,00,17.909
10.05.2001-03:00:00,10,05,2001,03,17.898
10.05.2001-06:00:00,10,05,2001,06,17.814
10.05.2001-09:00:00,10,05,2001,09,15.769
10.05.2001-12:00:00,10,05,2001,12,16.915
10.05.2001-15:00:00,10,05,2001,15,17.446
10.05.2001-18:00:00,10,05,2001,18,17.642
10.05.2001-21:00:00,10,05,2001,21,17.638
10.06.2001-00:00:00,10,06,2001,00,17.626
10.06.2001-03:00:00,10,06,2001,03,17.613
10.06.2001-06:00:00,10,06,2001,06,17.556
10.06.2001-09:00:00,10,06,2001,09,15.69
10.06.2001-12:00:00,10,06,2001,12,16.742
10.06.2001-15:00:00,10,06,2001,15,17.284
10.06.2001-18:00:00,10,06,2001,18,17.455
10.06.2001-21:00:00,10,06,2001,21,17.446
10.07.2001-00:00:00,10,07,2001,00,17.435
10.07.2001-03:00:00,10,07,2001,03,17.421
10.07.2001-06:00:00,10,07,2001,06,17.358
10.07.2001-09:00:00,10,07,2001,09,15.608
10.07.2001-12:00:00,10,07,2001,12,16.604
10.07.2001-15:00:00,10,07,2001,15,17.104
10.07.2001-18:00:00,10,07,2001,18,17.266
10.07.2001-21:00:00,10,07,2001,21,17.259
10.08.2001-00:00:00,10,08,2001,00,17.246
10.08.2001-03:00:00,10,08,2001,03,17.233
10.08.2001-06:00:00,10,08,2001,06,17.176
10.08.2001-09:00:00,10,08,2001,09,15.943
10.08.2001-12:00:00,10,08,2001,12,16.292
10.08.2001-15:00:00,10,08,2001,15,16.944
10.08.2001-18:00:00,10,08,2001,18,17.098
10.08.2001-21:00:00,10,08,2001,21,17.086
10.09.2001-00:00:00,10,09,2001,00,17.071
10.09.2001-03:00:00,10,09,2001,03,17.055
10.09.2001-06:00:00,10,09,2001,06,16.973
10.09.2001-09:00:00,10,09,2001,09,15.791
10.09.2001-12:00:00,10,09,2001,12,16.19
10.09.2001-15:00:00,10,09,2001,15,16.76
10.09.2001-18:00:00,10,09,2001,18,16.922
10.09.2001-21:00:00,10,09,2001,21,16.914
10.10.2001-00:00:00,10,10,2001,00,17.364
10.10.2001-03:00:00,10,10,2001,03,17.222
10.10.2001-06:00:00,10,10,2001,06,17.207
10.10.2001-09:00:00,10,10,2001,09,35.664
10.10.2001-12:00:00,10,10,2001,12,41.2
10.10.2001-15:00:00,10,10,2001,15,31.151
10.10.2001-18:00:00,10,10,2001,18,25.72
10.10.2001-21:00:00,10,10,2001,21,21.205
10.11.2001-00:00:00,10,11,2001,00,17.476
10.11.2001-03:00:00,10,11,2001,03,17.35
10.11.2001-06:00:00,10,11,2001,06,17.441
10.11.2001-09:00:00,10,11,2001,09,17.417
10.11.2001-12:00:00,10,11,2001,12,17.256
10.11.2001-15:00:00,10,11,2001,15,17.265
10.11.2001-18:00:00,10,11,2001,18,17.331
10.11.2001-21:00:00,10,11,2001,21,17.329
10.12.2001-00:00:00,10,12,2001,00,17.307
10.12.2001-03:00:00,10,12,2001,03,17.285
10.12.2001-06:00:00,10,12,2001,06,17.262
10.12.2001-09:00:00,10,12,2001,09,17.434
10.12.2001-12:00:00,10,12,2001,12,19.466
10.12.2001-15:00:00,10,12,2001,15,18.409
10.12.2001-18:00:00,10,12,2001,18,17.372
10.12.2001-21:00:00,10,12,2001,21,17.358
10.13.2001-00:00:00,10,13,2001,00,17.339
10.13.2001-03:00:00,10,13,2001,03,17.317
10.13.2001-06:00:00,10,13,2001,06,17.296
10.13.2001-09:00:00,10,13,2001,09,20.471
10.13.2001-12:00:00,10,13,2001,12,21.256
10.13.2001-15:00:00,10,13,2001,15,20.786
10.13.2001-18:00:00,10,13,2001,18,17.389
10.13.2001-21:00:00,10,13,2001,21,17.302
10.14.2001-00:00:00,10,14,2001,00,17.284
10.14.2001-03:00:00,10,14,2001,03,17.263
10.14.2001-06:00:00,10,14,2001,06,17.243
10.14.2001-09:00:00,10,14,2001,09,24.452
10.14.2001-12:00:00,10,14,2001,12,26.593
10.14.2001-15:00:00,10,14,2001,15,24.127
10.14.2001-18:00:00,10,14,2001,18,17.44
10.14.2001-21:00:00,10,14,2001,21,17.25
10.15.2001-00:00:00,10,15,2001,00,17.231
10.15.2001-03:00:00,10,15,2001,03,17.212
10.15.2001-06:00:00,10,15,2001,06,17.194
10.15.2001-09:00:00,10,15,2001,09,26.946
10.15.2001-12:00:00,10,15,2001,12,29.747
10.15.2001-15:00:00,10,15,2001,15,24.362
10.15.2001-18:00:00,10,15,2001,18,17.415
10.15.2001-21:00:00,10,15,2001,21,17.209
10.16.2001-00:00:00,10,16,2001,00,17.192
10.16.2001-03:00:00,10,16,2001,03,17.174
10.16.2001-06:00:00,10,16,2001,06,17.157
10.16.2001-09:00:00,10,16,2001,09,24.887
10.16.2001-12:00:00,10,16,2001,12,25.034
10.16.2001-15:00:00,10,16,2001,15,18.481
10.16.2001-18:00:00,10,16,2001,18,17.091
10.16.2001-21:00:00,10,16,2001,21,17.051
10.17.2001-00:00:00,10,17,2001,00,17.034
10.17.2001-03:00:00,10,17,2001,03,17.016
10.17.2001-06:00:00,10,17,2001,06,17
10.17.2001-09:00:00,10,17,2001,09,27.864
10.17.2001-12:00:00,10,17,2001,12,26.508
10.17.2001-15:00:00,10,17,2001,15,17.393
10.17.2001-18:00:00,10,17,2001,18,16.748
10.17.2001-21:00:00,10,17,2001,21,16.816
10.18.2001-00:00:00,10,18,2001,00,16.808
10.18.2001-03:00:00,10,18,2001,03,16.796
10.18.2001-06:00:00,10,18,2001,06,16.785
10.18.2001-09:00:00,10,18,2001,09,21.916
10.18.2001-12:00:00,10,18,2001,12,16.095
10.18.2001-15:00:00,10,18,2001,15,16.245
10.18.2001-18:00:00,10,18,2001,18,16.625
10.18.2001-21:00:00,10,18,2001,21,16.687
10.19.2001-00:00:00,10,19,2001,00,16.679
10.19.2001-03:00:00,10,19,2001,03,16.664
10.19.2001-06:00:00,10,19,2001,06,16.649
10.19.2001-09:00:00,10,19,2001,09,25.312
10.19.2001-12:00:00,10,19,2001,12,16.088
10.19.2001-15:00:00,10,19,2001,15,15.868
10.19.2001-18:00:00,10,19,2001,18,16.188
10.19.2001-21:00:00,10,19,2001,21,16.534
10.20.2001-00:00:00,10,20,2001,00,16.532
10.20.2001-03:00:00,10,20,2001,03,16.52
10.20.2001-06:00:00,10,20,2001,06,16.509
10.20.2001-09:00:00,10,20,2001,09,25.969
10.20.2001-12:00:00,10,20,2001,12,15.934
10.20.2001-15:00:00,10,20,2001,15,15.74
10.20.2001-18:00:00,10,20,2001,18,15.772
10.20.2001-21:00:00,10,20,2001,21,16.383
10.21.2001-00:00:00,10,21,2001,00,16.392
10.21.2001-03:00:00,10,21,2001,03,16.385
10.21.2001-06:00:00,10,21,2001,06,16.37
10.21.2001-09:00:00,10,21,2001,09,15.903
10.21.2001-12:00:00,10,21,2001,12,15.316
10.21.2001-15:00:00,10,21,2001,15,15.62
10.21.2001-18:00:00,10,21,2001,18,16.078
10.21.2001-21:00:00,10,21,2001,21,16.269
10.22.2001-00:00:00,10,22,2001,00,42.365
10.22.2001-03:00:00,10,22,2001,03,31.783
10.22.2001-06:00:00,10,22,2001,06,23.965
10.22.2001-09:00:00,10,22,2001,09,70.989
10.22.2001-12:00:00,10,22,2001,12,105.37
10.22.2001-15:00:00,10,22,2001,15,121.95
10.22.2001-18:00:00,10,22,2001,18,117.81
10.22.2001-21:00:00,10,22,2001,21,114.89
10.23.2001-00:00:00,10,23,2001,00,73.506
10.23.2001-03:00:00,10,23,2001,03,34.343
10.23.2001-06:00:00,10,23,2001,06,21.672
10.23.2001-09:00:00,10,23,2001,09,37.725
10.23.2001-12:00:00,10,23,2001,12,77.526
10.23.2001-15:00:00,10,23,2001,15,111.58
10.23.2001-18:00:00,10,23,2001,18,142.43
10.23.2001-21:00:00,10,23,2001,21,98.368
10.24.2001-00:00:00,10,24,2001,00,47.484
10.24.2001-03:00:00,10,24,2001,03,30.713
10.24.2001-06:00:00,10,24,2001,06,29.094
10.24.2001-09:00:00,10,24,2001,09,27.444
10.24.2001-12:00:00,10,24,2001,12,27.393
10.24.2001-15:00:00,10,24,2001,15,27.448
10.24.2001-18:00:00,10,24,2001,18,27.656
10.24.2001-21:00:00,10,24,2001,21,27.669
10.25.2001-00:00:00,10,25,2001,00,27.826
10.25.2001-03:00:00,10,25,2001,03,27.791
10.25.2001-06:00:00,10,25,2001,06,27.927
10.25.2001-09:00:00,10,25,2001,09,27.92
10.25.2001-12:00:00,10,25,2001,12,27.858
10.25.2001-15:00:00,10,25,2001,15,28.074
10.25.2001-18:00:00,10,25,2001,18,28.453
10.25.2001-21:00:00,10,25,2001,21,28.493
10.26.2001-00:00:00,10,26,2001,00,28.716
10.26.2001-03:00:00,10,26,2001,03,28.69
10.26.2001-06:00:00,10,26,2001,06,28.926
10.26.2001-09:00:00,10,26,2001,09,28.849
10.26.2001-12:00:00,10,26,2001,12,29.078
10.26.2001-15:00:00,10,26,2001,15,29
10.26.2001-18:00:00,10,26,2001,18,29.275
10.26.2001-21:00:00,10,26,2001,21,29.135
10.27.2001-00:00:00,10,27,2001,00,29.441
10.27.2001-03:00:00,10,27,2001,03,29.243
10.27.2001-06:00:00,10,27,2001,06,29.593
10.27.2001-09:00:00,10,27,2001,09,29.173
10.27.2001-12:00:00,10,27,2001,12,28.958
10.27.2001-15:00:00,10,27,2001,15,29.254
10.27.2001-18:00:00,10,27,2001,18,29.869
10.27.2001-21:00:00,10,27,2001,21,29.678
10.28.2001-00:00:00,10,28,2001,00,29.983
10.28.2001-03:00:00,10,28,2001,03,30.264
10.28.2001-06:00:00,10,28,2001,06,30.042
10.28.2001-09:00:00,10,28,2001,09,30.086
10.28.2001-12:00:00,10,28,2001,12,29.799
10.28.2001-15:00:00,10,28,2001,15,30.019
10.28.2001-18:00:00,10,28,2001,18,30.282
10.28.2001-21:00:00,10,28,2001,21,30.611
10.29.2001-00:00:00,10,29,2001,00,30.403
10.29.2001-03:00:00,10,29,2001,03,30.496
10.29.2001-06:00:00,10,29,2001,06,30.92
10.29.2001-09:00:00,10,29,2001,09,30.474
10.29.2001-12:00:00,10,29,2001,12,30.182
10.29.2001-15:00:00,10,29,2001,15,30.715
10.29.2001-18:00:00,10,29,2001,18,31.161
10.29.2001-21:00:00,10,29,2001,21,31.03
10.30.2001-00:00:00,10,30,2001,00,31.113
10.30.2001-03:00:00,10,30,2001,03,31.181
10.30.2001-06:00:00,10,30,2001,06,31.522
10.30.2001-09:00:00,10,30,2001,09,31.349
10.30.2001-12:00:00,10,30,2001,12,31.439
10.30.2001-15:00:00,10,30,2001,15,31.737
10.30.2001-18:00:00,10,30,2001,18,32.806
10.30.2001-21:00:00,10,30,2001,21,34.537
10.31.2001-00:00:00,10,31,2001,00,33.119
10.31.2001-03:00:00,10,31,2001,03,33.042
10.31.2001-06:00:00,10,31,2001,06,33.247
10.31.2001-09:00:00,10,31,2001,09,33.371
10.31.2001-12:00:00,10,31,2001,12,33.546
10.31.2001-15:00:00,10,31,2001,15,33.844
10.31.2001-18:00:00,10,31,2001,18,34.113
10.31.2001-21:00:00,10,31,2001,21,34.338
11.01.2001-00:00:00,11,01,2001,00,34.469
11.01.2001-03:00:00,11,01,2001,03,34.618
11.01.2001-06:00:00,11,01,2001,06,34.685
11.01.2001-09:00:00,11,01,2001,09,34.485
11.01.2001-12:00:00,11,01,2001,12,34.341
11.01.2001-15:00:00,11,01,2001,15,34.828
11.01.2001-18:00:00,11,01,2001,18,35.099
11.01.2001-21:00:00,11,01,2001,21,35.231
11.02.2001-00:00:00,11,02,2001,00,38.402
11.02.2001-03:00:00,11,02,2001,03,39.126
11.02.2001-06:00:00,11,02,2001,06,39.201
11.02.2001-09:00:00,11,02,2001,09,38.714
11.02.2001-12:00:00,11,02,2001,12,38.444
11.02.2001-15:00:00,11,02,2001,15,39.174
11.02.2001-18:00:00,11,02,2001,18,39.45
11.02.2001-21:00:00,11,02,2001,21,39.572
11.03.2001-00:00:00,11,03,2001,00,39.648
11.03.2001-03:00:00,11,03,2001,03,39.708
11.03.2001-06:00:00,11,03,2001,06,39.767
11.03.2001-09:00:00,11,03,2001,09,39.606
11.03.2001-12:00:00,11,03,2001,12,41.745
11.03.2001-15:00:00,11,03,2001,15,43.562
11.03.2001-18:00:00,11,03,2001,18,43.778
11.03.2001-21:00:00,11,03,2001,21,43.878
11.04.2001-00:00:00,11,04,2001,00,43.971
11.04.2001-03:00:00,11,04,2001,03,44.058
11.04.2001-06:00:00,11,04,2001,06,44.106
11.04.2001-09:00:00,11,04,2001,09,43.884
11.04.2001-12:00:00,11,04,2001,12,43.589
11.04.2001-15:00:00,11,04,2001,15,44.159
11.04.2001-18:00:00,11,04,2001,18,44.354
11.04.2001-21:00:00,11,04,2001,21,44.462
11.05.2001-00:00:00,11,05,2001,00,44.562
11.05.2001-03:00:00,11,05,2001,03,44.657
11.05.2001-06:00:00,11,05,2001,06,44.726
11.05.2001-09:00:00,11,05,2001,09,44.59
11.05.2001-12:00:00,11,05,2001,12,44.343
11.05.2001-15:00:00,11,05,2001,15,44.834
11.05.2001-18:00:00,11,05,2001,18,44.996
11.05.2001-21:00:00,11,05,2001,21,45.084
11.06.2001-00:00:00,11,06,2001,00,45.175
11.06.2001-03:00:00,11,06,2001,03,45.265
11.06.2001-06:00:00,11,06,2001,06,45.33
11.06.2001-09:00:00,11,06,2001,09,45.155
11.06.2001-12:00:00,11,06,2001,12,44.922
11.06.2001-15:00:00,11,06,2001,15,45.319
11.06.2001-18:00:00,11,06,2001,18,45.419
11.06.2001-21:00:00,11,06,2001,21,45.457
11.07.2001-00:00:00,11,07,2001,00,45.467
11.07.2001-03:00:00,11,07,2001,03,45.474
11.07.2001-06:00:00,11,07,2001,06,45.481
11.07.2001-09:00:00,11,07,2001,09,45.268
11.07.2001-12:00:00,11,07,2001,12,45.038
11.07.2001-15:00:00,11,07,2001,15,45.445
11.07.2001-18:00:00,11,07,2001,18,45.502
11.07.2001-21:00:00,11,07,2001,21,45.504
11.08.2001-00:00:00,11,08,2001,00,45.504
11.08.2001-03:00:00,11,08,2001,03,45.503
11.08.2001-06:00:00,11,08,2001,06,45.501
11.08.2001-09:00:00,11,08,2001,09,45.142
11.08.2001-12:00:00,11,08,2001,12,44.839
11.08.2001-15:00:00,11,08,2001,15,45.422
11.08.2001-18:00:00,11,08,2001,18,45.477
11.08.2001-21:00:00,11,08,2001,21,45.471
11.09.2001-00:00:00,11,09,2001,00,45.463
11.09.2001-03:00:00,11,09,2001,03,45.454
11.09.2001-06:00:00,11,09,2001,06,45.444
11.09.2001-09:00:00,11,09,2001,09,45.15
11.09.2001-12:00:00,11,09,2001,12,44.858
11.09.2001-15:00:00,11,09,2001,15,45.342
11.09.2001-18:00:00,11,09,2001,18,45.397
11.09.2001-21:00:00,11,09,2001,21,45.384
11.10.2001-00:00:00,11,10,2001,00,45.368
11.10.2001-03:00:00,11,10,2001,03,45.351
11.10.2001-06:00:00,11,10,2001,06,45.333
11.10.2001-09:00:00,11,10,2001,09,44.731
11.10.2001-12:00:00,11,10,2001,12,44.324
11.10.2001-15:00:00,11,10,2001,15,45.099
11.10.2001-18:00:00,11,10,2001,18,45.226
11.10.2001-21:00:00,11,10,2001,21,45.2
11.11.2001-00:00:00,11,11,2001,00,45.169
11.11.2001-03:00:00,11,11,2001,03,45.136
11.11.2001-06:00:00,11,11,2001,06,45.106
11.11.2001-09:00:00,11,11,2001,09,44.488
11.11.2001-12:00:00,11,11,2001,12,44.054
11.11.2001-15:00:00,11,11,2001,15,44.867
11.11.2001-18:00:00,11,11,2001,18,44.986
11.11.2001-21:00:00,11,11,2001,21,44.934
11.12.2001-00:00:00,11,12,2001,00,44.905
11.12.2001-03:00:00,11,12,2001,03,44.874
11.12.2001-06:00:00,11,12,2001,06,44.842
11.12.2001-09:00:00,11,12,2001,09,44.344
11.12.2001-12:00:00,11,12,2001,12,43.927
11.12.2001-15:00:00,11,12,2001,15,44.657
11.12.2001-18:00:00,11,12,2001,18,44.763
11.12.2001-21:00:00,11,12,2001,21,44.78
11.13.2001-00:00:00,11,13,2001,00,68.001
11.13.2001-03:00:00,11,13,2001,03,106.03
11.13.2001-06:00:00,11,13,2001,06,110.69
11.13.2001-09:00:00,11,13,2001,09,129.82
11.13.2001-12:00:00,11,13,2001,12,177.92
11.13.2001-15:00:00,11,13,2001,15,215.92
11.13.2001-18:00:00,11,13,2001,18,263.07
11.13.2001-21:00:00,11,13,2001,21,247.85
11.14.2001-00:00:00,11,14,2001,00,245.94
11.14.2001-03:00:00,11,14,2001,03,211.37
11.14.2001-06:00:00,11,14,2001,06,196.04
11.14.2001-09:00:00,11,14,2001,09,271.74
11.14.2001-12:00:00,11,14,2001,12,342.25
11.14.2001-15:00:00,11,14,2001,15,364.19
11.14.2001-18:00:00,11,14,2001,18,377.55
11.14.2001-21:00:00,11,14,2001,21,392.62
11.15.2001-00:00:00,11,15,2001,00,187.31
11.15.2001-03:00:00,11,15,2001,03,146.01
11.15.2001-06:00:00,11,15,2001,06,128.71
11.15.2001-09:00:00,11,15,2001,09,126.91
11.15.2001-12:00:00,11,15,2001,12,129.91
11.15.2001-15:00:00,11,15,2001,15,132.57
11.15.2001-18:00:00,11,15,2001,18,131.46
11.15.2001-21:00:00,11,15,2001,21,130.9
11.16.2001-00:00:00,11,16,2001,00,130.81
11.16.2001-03:00:00,11,16,2001,03,130.73
11.16.2001-06:00:00,11,16,2001,06,130.49
11.16.2001-09:00:00,11,16,2001,09,129.89
11.16.2001-12:00:00,11,16,2001,12,133.73
11.16.2001-15:00:00,11,16,2001,15,136.04
11.16.2001-18:00:00,11,16,2001,18,135.05
11.16.2001-21:00:00,11,16,2001,21,134.27
11.17.2001-00:00:00,11,17,2001,00,133.3
11.17.2001-03:00:00,11,17,2001,03,133.69
11.17.2001-06:00:00,11,17,2001,06,133.88
11.17.2001-09:00:00,11,17,2001,09,133.12
11.17.2001-12:00:00,11,17,2001,12,132.93
11.17.2001-15:00:00,11,17,2001,15,134.92
11.17.2001-18:00:00,11,17,2001,18,138.55
11.17.2001-21:00:00,11,17,2001,21,139.94
11.18.2001-00:00:00,11,18,2001,00,144.16
11.18.2001-03:00:00,11,18,2001,03,148.3
11.18.2001-06:00:00,11,18,2001,06,148.58
11.18.2001-09:00:00,11,18,2001,09,147.56
11.18.2001-12:00:00,11,18,2001,12,147.11
11.18.2001-15:00:00,11,18,2001,15,148.51
11.18.2001-18:00:00,11,18,2001,18,149
11.18.2001-21:00:00,11,18,2001,21,149.16
11.19.2001-00:00:00,11,19,2001,00,149.33
11.19.2001-03:00:00,11,19,2001,03,149.45
11.19.2001-06:00:00,11,19,2001,06,153
11.19.2001-09:00:00,11,19,2001,09,170.31
11.19.2001-12:00:00,11,19,2001,12,182.19
11.19.2001-15:00:00,11,19,2001,15,162.22
11.19.2001-18:00:00,11,19,2001,18,159.8
11.19.2001-21:00:00,11,19,2001,21,160.95
11.20.2001-00:00:00,11,20,2001,00,160.85
11.20.2001-03:00:00,11,20,2001,03,161.58
11.20.2001-06:00:00,11,20,2001,06,163.28
11.20.2001-09:00:00,11,20,2001,09,174.29
11.20.2001-12:00:00,11,20,2001,12,180.53
11.20.2001-15:00:00,11,20,2001,15,175.99
11.20.2001-18:00:00,11,20,2001,18,176.32
11.20.2001-21:00:00,11,20,2001,21,181.97
11.21.2001-00:00:00,11,21,2001,00,164.22
11.21.2001-03:00:00,11,21,2001,03,164.1
11.21.2001-06:00:00,11,21,2001,06,164.48
11.21.2001-09:00:00,11,21,2001,09,165.63
11.21.2001-12:00:00,11,21,2001,12,171.22
11.21.2001-15:00:00,11,21,2001,15,173.19
11.21.2001-18:00:00,11,21,2001,18,171.61
11.21.2001-21:00:00,11,21,2001,21,170.78
11.22.2001-00:00:00,11,22,2001,00,195.44
11.22.2001-03:00:00,11,22,2001,03,202.14
11.22.2001-06:00:00,11,22,2001,06,202.07
11.22.2001-09:00:00,11,22,2001,09,237.97
11.22.2001-12:00:00,11,22,2001,12,290.86
11.22.2001-15:00:00,11,22,2001,15,288.82
11.22.2001-18:00:00,11,22,2001,18,283.97
11.22.2001-21:00:00,11,22,2001,21,284.8
11.23.2001-00:00:00,11,23,2001,00,186.44
11.23.2001-03:00:00,11,23,2001,03,184.27
11.23.2001-06:00:00,11,23,2001,06,184.63
11.23.2001-09:00:00,11,23,2001,09,184.12
11.23.2001-12:00:00,11,23,2001,12,184.02
11.23.2001-15:00:00,11,23,2001,15,184.83
11.23.2001-18:00:00,11,23,2001,18,184.45
11.23.2001-21:00:00,11,23,2001,21,184.1
11.24.2001-00:00:00,11,24,2001,00,183.75
11.24.2001-03:00:00,11,24,2001,03,183.25
11.24.2001-06:00:00,11,24,2001,06,182.78
11.24.2001-09:00:00,11,24,2001,09,180.75
11.24.2001-12:00:00,11,24,2001,12,179.87
11.24.2001-15:00:00,11,24,2001,15,180.95
11.24.2001-18:00:00,11,24,2001,18,180.85
11.24.2001-21:00:00,11,24,2001,21,180.39
11.25.2001-00:00:00,11,25,2001,00,179.91
11.25.2001-03:00:00,11,25,2001,03,179.43
11.25.2001-06:00:00,11,25,2001,06,178.95
11.25.2001-09:00:00,11,25,2001,09,176.74
11.25.2001-12:00:00,11,25,2001,12,175.08
11.25.2001-15:00:00,11,25,2001,15,177.03
11.25.2001-18:00:00,11,25,2001,18,176.95
11.25.2001-21:00:00,11,25,2001,21,176.47
11.26.2001-00:00:00,11,26,2001,00,175.98
11.26.2001-03:00:00,11,26,2001,03,175.49
11.26.2001-06:00:00,11,26,2001,06,174.99
11.26.2001-09:00:00,11,26,2001,09,172.63
11.26.2001-12:00:00,11,26,2001,12,171.15
11.26.2001-15:00:00,11,26,2001,15,172.89
11.26.2001-18:00:00,11,26,2001,18,172.93
11.26.2001-21:00:00,11,26,2001,21,172.44
11.27.2001-00:00:00,11,27,2001,00,171.94
11.27.2001-03:00:00,11,27,2001,03,171.43
11.27.2001-06:00:00,11,27,2001,06,170.92
11.27.2001-09:00:00,11,27,2001,09,169.02
11.27.2001-12:00:00,11,27,2001,12,167.32
11.27.2001-15:00:00,11,27,2001,15,169.27
11.27.2001-18:00:00,11,27,2001,18,168.83
11.27.2001-21:00:00,11,27,2001,21,168.31
11.28.2001-00:00:00,11,28,2001,00,169.53
11.28.2001-03:00:00,11,28,2001,03,170.51
11.28.2001-06:00:00,11,28,2001,06,169.44
11.28.2001-09:00:00,11,28,2001,09,183
11.28.2001-12:00:00,11,28,2001,12,198.56
11.28.2001-15:00:00,11,28,2001,15,174.28
11.28.2001-18:00:00,11,28,2001,18,172.38
11.28.2001-21:00:00,11,28,2001,21,171.38
11.29.2001-00:00:00,11,29,2001,00,165.85
11.29.2001-03:00:00,11,29,2001,03,165.31
11.29.2001-06:00:00,11,29,2001,06,164.86
11.29.2001-09:00:00,11,29,2001,09,164.32
11.29.2001-12:00:00,11,29,2001,12,163.76
11.29.2001-15:00:00,11,29,2001,15,163.2
11.29.2001-18:00:00,11,29,2001,18,162.63
11.29.2001-21:00:00,11,29,2001,21,162.07
11.30.2001-00:00:00,11,30,2001,00,161.5
11.30.2001-03:00:00,11,30,2001,03,160.93
11.30.2001-06:00:00,11,30,2001,06,160.37
11.30.2001-09:00:00,11,30,2001,09,159.64
11.30.2001-12:00:00,11,30,2001,12,159.21
11.30.2001-15:00:00,11,30,2001,15,158.81
11.30.2001-18:00:00,11,30,2001,18,158.3
11.30.2001-21:00:00,11,30,2001,21,157.79
12.01.2001-00:00:00,12,01,2001,00,157.28
12.01.2001-03:00:00,12,01,2001,03,156.76
12.01.2001-06:00:00,12,01,2001,06,156.24
12.01.2001-09:00:00,12,01,2001,09,155.72
12.01.2001-12:00:00,12,01,2001,12,154.86
12.01.2001-15:00:00,12,01,2001,15,154.66
12.01.2001-18:00:00,12,01,2001,18,154.15
12.01.2001-21:00:00,12,01,2001,21,153.63
12.02.2001-00:00:00,12,02,2001,00,153.1
12.02.2001-03:00:00,12,02,2001,03,152.57
12.02.2001-06:00:00,12,02,2001,06,152.03
12.02.2001-09:00:00,12,02,2001,09,151.06
12.02.2001-12:00:00,12,02,2001,12,150.5
12.02.2001-15:00:00,12,02,2001,15,150.4
12.02.2001-18:00:00,12,02,2001,18,149.88
12.02.2001-21:00:00,12,02,2001,21,149.35
12.03.2001-00:00:00,12,03,2001,00,148.81
12.03.2001-03:00:00,12,03,2001,03,148.26
12.03.2001-06:00:00,12,03,2001,06,147.72
12.03.2001-09:00:00,12,03,2001,09,147.17
12.03.2001-12:00:00,12,03,2001,12,146.28
12.03.2001-15:00:00,12,03,2001,15,146.05
12.03.2001-18:00:00,12,03,2001,18,145.54
12.03.2001-21:00:00,12,03,2001,21,145.04
12.04.2001-00:00:00,12,04,2001,00,144.54
12.04.2001-03:00:00,12,04,2001,03,144.04
12.04.2001-06:00:00,12,04,2001,06,143.53
12.04.2001-09:00:00,12,04,2001,09,143.03
12.04.2001-12:00:00,12,04,2001,12,142.34
12.04.2001-15:00:00,12,04,2001,15,142.01
12.04.2001-18:00:00,12,04,2001,18,141.51
12.04.2001-21:00:00,12,04,2001,21,141
12.05.2001-00:00:00,12,05,2001,00,140.49
12.05.2001-03:00:00,12,05,2001,03,139.98
12.05.2001-06:00:00,12,05,2001,06,139.47
12.05.2001-09:00:00,12,05,2001,09,138.96
12.05.2001-12:00:00,12,05,2001,12,138.38
12.05.2001-15:00:00,12,05,2001,15,137.93
12.05.2001-18:00:00,12,05,2001,18,137.42
12.05.2001-21:00:00,12,05,2001,21,136.91
12.06.2001-00:00:00,12,06,2001,00,136.4
12.06.2001-03:00:00,12,06,2001,03,135.88
12.06.2001-06:00:00,12,06,2001,06,135.37
12.06.2001-09:00:00,12,06,2001,09,134.86
12.06.2001-12:00:00,12,06,2001,12,134.2
12.06.2001-15:00:00,12,06,2001,15,133.82
12.06.2001-18:00:00,12,06,2001,18,133.31
12.06.2001-21:00:00,12,06,2001,21,132.8
12.07.2001-00:00:00,12,07,2001,00,132.28
12.07.2001-03:00:00,12,07,2001,03,131.77
12.07.2001-06:00:00,12,07,2001,06,131.25
12.07.2001-09:00:00,12,07,2001,09,130.74
12.07.2001-12:00:00,12,07,2001,12,130.17
12.07.2001-15:00:00,12,07,2001,15,129.73
12.07.2001-18:00:00,12,07,2001,18,129.26
12.07.2001-21:00:00,12,07,2001,21,128.79
12.08.2001-00:00:00,12,08,2001,00,128.32
12.08.2001-03:00:00,12,08,2001,03,127.85
12.08.2001-06:00:00,12,08,2001,06,127.38
12.08.2001-09:00:00,12,08,2001,09,126.64
12.08.2001-12:00:00,12,08,2001,12,125.61
12.08.2001-15:00:00,12,08,2001,15,125.93
12.08.2001-18:00:00,12,08,2001,18,125.48
12.08.2001-21:00:00,12,08,2001,21,125.01
12.09.2001-00:00:00,12,09,2001,00,124.54
12.09.2001-03:00:00,12,09,2001,03,124.07
12.09.2001-06:00:00,12,09,2001,06,123.6
12.09.2001-09:00:00,12,09,2001,09,122.93
12.09.2001-12:00:00,12,09,2001,12,122.18
12.09.2001-15:00:00,12,09,2001,15,122.17
12.09.2001-18:00:00,12,09,2001,18,121.72
12.09.2001-21:00:00,12,09,2001,21,121.25
12.10.2001-00:00:00,12,10,2001,00,120.78
12.10.2001-03:00:00,12,10,2001,03,120.31
12.10.2001-06:00:00,12,10,2001,06,119.84
12.10.2001-09:00:00,12,10,2001,09,119.38
12.10.2001-12:00:00,12,10,2001,12,118.79
12.10.2001-15:00:00,12,10,2001,15,118.44
12.10.2001-18:00:00,12,10,2001,18,117.96
12.10.2001-21:00:00,12,10,2001,21,117.42
12.11.2001-00:00:00,12,11,2001,00,117.03
12.11.2001-03:00:00,12,11,2001,03,116.48
12.11.2001-06:00:00,12,11,2001,06,116.01
12.11.2001-09:00:00,12,11,2001,09,115.55
12.11.2001-12:00:00,12,11,2001,12,115.02
12.11.2001-15:00:00,12,11,2001,15,114.62
12.11.2001-18:00:00,12,11,2001,18,114.17
12.11.2001-21:00:00,12,11,2001,21,113.71
12.12.2001-00:00:00,12,12,2001,00,113.25
12.12.2001-03:00:00,12,12,2001,03,112.79
12.12.2001-06:00:00,12,12,2001,06,112.33
12.12.2001-09:00:00,12,12,2001,09,111.87
12.12.2001-12:00:00,12,12,2001,12,111.42
12.12.2001-15:00:00,12,12,2001,15,110.96
12.12.2001-18:00:00,12,12,2001,18,110.51
12.12.2001-21:00:00,12,12,2001,21,110.05
12.13.2001-00:00:00,12,13,2001,00,109.6
12.13.2001-03:00:00,12,13,2001,03,109.15
12.13.2001-06:00:00,12,13,2001,06,108.7
12.13.2001-09:00:00,12,13,2001,09,108.25
12.13.2001-12:00:00,12,13,2001,12,107.8
12.13.2001-15:00:00,12,13,2001,15,107.3
12.13.2001-18:00:00,12,13,2001,18,106.9
12.13.2001-21:00:00,12,13,2001,21,106.41
12.14.2001-00:00:00,12,14,2001,00,105.96
12.14.2001-03:00:00,12,14,2001,03,105.52
12.14.2001-06:00:00,12,14,2001,06,105.08
12.14.2001-09:00:00,12,14,2001,09,104.63
12.14.2001-12:00:00,12,14,2001,12,104.18
12.14.2001-15:00:00,12,14,2001,15,103.88
12.14.2001-18:00:00,12,14,2001,18,103.5
12.14.2001-21:00:00,12,14,2001,21,103.11
12.15.2001-00:00:00,12,15,2001,00,102.72
12.15.2001-03:00:00,12,15,2001,03,102.33
12.15.2001-06:00:00,12,15,2001,06,101.94
12.15.2001-09:00:00,12,15,2001,09,101.55
12.15.2001-12:00:00,12,15,2001,12,101.07
12.15.2001-15:00:00,12,15,2001,15,100.77
12.15.2001-18:00:00,12,15,2001,18,100.39
12.15.2001-21:00:00,12,15,2001,21,100
12.16.2001-00:00:00,12,16,2001,00,99.614
12.16.2001-03:00:00,12,16,2001,03,99.228
12.16.2001-06:00:00,12,16,2001,06,98.842
12.16.2001-09:00:00,12,16,2001,09,98.457
12.16.2001-12:00:00,12,16,2001,12,98.073
12.16.2001-15:00:00,12,16,2001,15,97.69
12.16.2001-18:00:00,12,16,2001,18,97.309
12.16.2001-21:00:00,12,16,2001,21,96.929
12.17.2001-00:00:00,12,17,2001,00,96.551
12.17.2001-03:00:00,12,17,2001,03,96.174
12.17.2001-06:00:00,12,17,2001,06,95.797
12.17.2001-09:00:00,12,17,2001,09,95.351
12.17.2001-12:00:00,12,17,2001,12,94.908
12.17.2001-15:00:00,12,17,2001,15,94.657
12.17.2001-18:00:00,12,17,2001,18,94.286
12.17.2001-21:00:00,12,17,2001,21,93.912
12.18.2001-00:00:00,12,18,2001,00,93.539
12.18.2001-03:00:00,12,18,2001,03,93.164
12.18.2001-06:00:00,12,18,2001,06,92.791
12.18.2001-09:00:00,12,18,2001,09,92.418
12.18.2001-12:00:00,12,18,2001,12,92.024
12.18.2001-15:00:00,12,18,2001,15,91.674
12.18.2001-18:00:00,12,18,2001,18,91.305
12.18.2001-21:00:00,12,18,2001,21,90.936
12.19.2001-00:00:00,12,19,2001,00,90.568
12.19.2001-03:00:00,12,19,2001,03,90.201
12.19.2001-06:00:00,12,19,2001,06,89.835
12.19.2001-09:00:00,12,19,2001,09,89.47
12.19.2001-12:00:00,12,19,2001,12,89.106
12.19.2001-15:00:00,12,19,2001,15,88.743
12.19.2001-18:00:00,12,19,2001,18,88.382
12.19.2001-21:00:00,12,19,2001,21,88.021
12.20.2001-00:00:00,12,20,2001,00,87.662
12.20.2001-03:00:00,12,20,2001,03,87.303
12.20.2001-06:00:00,12,20,2001,06,86.945
12.20.2001-09:00:00,12,20,2001,09,86.589
12.20.2001-12:00:00,12,20,2001,12,86.233
12.20.2001-15:00:00,12,20,2001,15,85.879
12.20.2001-18:00:00,12,20,2001,18,85.526
12.20.2001-21:00:00,12,20,2001,21,85.174
12.21.2001-00:00:00,12,21,2001,00,84.823
12.21.2001-03:00:00,12,21,2001,03,84.473
12.21.2001-06:00:00,12,21,2001,06,84.125
12.21.2001-09:00:00,12,21,2001,09,83.777
12.21.2001-12:00:00,12,21,2001,12,83.227
12.21.2001-15:00:00,12,21,2001,15,83.09
12.21.2001-18:00:00,12,21,2001,18,82.767
12.21.2001-21:00:00,12,21,2001,21,82.439
12.22.2001-00:00:00,12,22,2001,00,82.112
12.22.2001-03:00:00,12,22,2001,03,81.786
12.22.2001-06:00:00,12,22,2001,06,81.461
12.22.2001-09:00:00,12,22,2001,09,81.136
12.22.2001-12:00:00,12,22,2001,12,80.637
12.22.2001-15:00:00,12,22,2001,15,80.484
12.22.2001-18:00:00,12,22,2001,18,80.169
12.22.2001-21:00:00,12,22,2001,21,79.849
12.23.2001-00:00:00,12,23,2001,00,79.53
12.23.2001-03:00:00,12,23,2001,03,79.213
12.23.2001-06:00:00,12,23,2001,06,78.896
12.23.2001-09:00:00,12,23,2001,09,78.58
12.23.2001-12:00:00,12,23,2001,12,77.976
12.23.2001-15:00:00,12,23,2001,15,77.941
12.23.2001-18:00:00,12,23,2001,18,77.637
12.23.2001-21:00:00,12,23,2001,21,77.336
12.24.2001-00:00:00,12,24,2001,00,77.038
12.24.2001-03:00:00,12,24,2001,03,76.742
12.24.2001-06:00:00,12,24,2001,06,76.448
12.24.2001-09:00:00,12,24,2001,09,76.154
12.24.2001-12:00:00,12,24,2001,12,75.522
12.24.2001-15:00:00,12,24,2001,15,75.613
12.24.2001-18:00:00,12,24,2001,18,75.363
12.24.2001-21:00:00,12,24,2001,21,75.103
12.25.2001-00:00:00,12,25,2001,00,74.843
12.25.2001-03:00:00,12,25,2001,03,74.584
12.25.2001-06:00:00,12,25,2001,06,74.326
12.25.2001-09:00:00,12,25,2001,09,74.067
12.25.2001-12:00:00,12,25,2001,12,73.766
12.25.2001-15:00:00,12,25,2001,15,73.549
12.25.2001-18:00:00,12,25,2001,18,73.295
12.25.2001-21:00:00,12,25,2001,21,73.038
12.26.2001-00:00:00,12,26,2001,00,72.784
12.26.2001-03:00:00,12,26,2001,03,72.529
12.26.2001-06:00:00,12,26,2001,06,72.275
12.26.2001-09:00:00,12,26,2001,09,72.021
12.26.2001-12:00:00,12,26,2001,12,71.768
12.26.2001-15:00:00,12,26,2001,15,71.516
12.26.2001-18:00:00,12,26,2001,18,71.264
12.26.2001-21:00:00,12,26,2001,21,71.013
12.27.2001-00:00:00,12,27,2001,00,70.763
12.27.2001-03:00:00,12,27,2001,03,70.513
12.27.2001-06:00:00,12,27,2001,06,70.264
12.27.2001-09:00:00,12,27,2001,09,70.015
12.27.2001-12:00:00,12,27,2001,12,69.768
12.27.2001-15:00:00,12,27,2001,15,69.52
12.27.2001-18:00:00,12,27,2001,18,69.274
12.27.2001-21:00:00,12,27,2001,21,69.028
12.28.2001-00:00:00,12,28,2001,00,68.783
12.28.2001-03:00:00,12,28,2001,03,68.539
12.28.2001-06:00:00,12,28,2001,06,68.295
12.28.2001-09:00:00,12,28,2001,09,68.052
12.28.2001-12:00:00,12,28,2001,12,67.81
12.28.2001-15:00:00,12,28,2001,15,67.568
12.28.2001-18:00:00,12,28,2001,18,67.327
12.28.2001-21:00:00,12,28,2001,21,67.087
12.29.2001-00:00:00,12,29,2001,00,66.847
12.29.2001-03:00:00,12,29,2001,03,66.608
12.29.2001-06:00:00,12,29,2001,06,66.371
12.29.2001-09:00:00,12,29,2001,09,66.133
12.29.2001-12:00:00,12,29,2001,12,65.897
12.29.2001-15:00:00,12,29,2001,15,65.661
12.29.2001-18:00:00,12,29,2001,18,65.426
12.29.2001-21:00:00,12,29,2001,21,65.191
12.30.2001-00:00:00,12,30,2001,00,64.958
12.30.2001-03:00:00,12,30,2001,03,64.725
12.30.2001-06:00:00,12,30,2001,06,64.493
12.30.2001-09:00:00,12,30,2001,09,64.262
12.30.2001-12:00:00,12,30,2001,12,64.031
12.30.2001-15:00:00,12,30,2001,15,63.801
12.30.2001-18:00:00,12,30,2001,18,63.573
12.30.2001-21:00:00,12,30,2001,21,63.344
12.31.2001-00:00:00,12,31,2001,00,63.117
12.31.2001-03:00:00,12,31,2001,03,62.89
12.31.2001-06:00:00,12,31,2001,06,62.664
12.31.2001-09:00:00,12,31,2001,09,62.334
12.31.2001-12:00:00,12,31,2001,12,62.024
12.31.2001-15:00:00,12,31,2001,15,61.981
12.31.2001-18:00:00,12,31,2001,18,61.764
12.31.2001-21:00:00,12,31,2001,21,61.542
01.01.2002-00:00:00,01,01,2002,00,61.321
01.01.2002-03:00:00,01,01,2002,03,61.101
01.01.2002-06:00:00,01,01,2002,06,60.881
01.01.2002-09:00:00,01,01,2002,09,60.505
01.01.2002-12:00:00,01,01,2002,12,60.158
01.01.2002-15:00:00,01,01,2002,15,60.209
01.01.2002-18:00:00,01,01,2002,18,60.005
01.01.2002-21:00:00,01,01,2002,21,59.789
01.02.2002-00:00:00,01,02,2002,00,59.589
01.02.2002-03:00:00,01,02,2002,03,59.394
01.02.2002-06:00:00,01,02,2002,06,59.215
01.02.2002-09:00:00,01,02,2002,09,59.036
01.02.2002-12:00:00,01,02,2002,12,58.858
01.02.2002-15:00:00,01,02,2002,15,58.681
01.02.2002-18:00:00,01,02,2002,18,58.505
01.02.2002-21:00:00,01,02,2002,21,58.329
01.03.2002-00:00:00,01,03,2002,00,58.155
01.03.2002-03:00:00,01,03,2002,03,57.981
01.03.2002-06:00:00,01,03,2002,06,57.805
01.03.2002-09:00:00,01,03,2002,09,57.54
01.03.2002-12:00:00,01,03,2002,12,57.283
01.03.2002-15:00:00,01,03,2002,15,57.268
01.03.2002-18:00:00,01,03,2002,18,57.101
01.03.2002-21:00:00,01,03,2002,21,56.929
01.04.2002-00:00:00,01,04,2002,00,56.758
01.04.2002-03:00:00,01,04,2002,03,56.587
01.04.2002-06:00:00,01,04,2002,06,56.416
01.04.2002-09:00:00,01,04,2002,09,56.081
01.04.2002-12:00:00,01,04,2002,12,55.863
01.04.2002-15:00:00,01,04,2002,15,55.829
01.04.2002-18:00:00,01,04,2002,18,55.694
01.04.2002-21:00:00,01,04,2002,21,55.539
01.05.2002-00:00:00,01,05,2002,00,55.384
01.05.2002-03:00:00,01,05,2002,03,55.228
01.05.2002-06:00:00,01,05,2002,06,55.072
01.05.2002-09:00:00,01,05,2002,09,54.915
01.05.2002-12:00:00,01,05,2002,12,54.758
01.05.2002-15:00:00,01,05,2002,15,54.601
01.05.2002-18:00:00,01,05,2002,18,54.445
01.05.2002-21:00:00,01,05,2002,21,54.289
01.06.2002-00:00:00,01,06,2002,00,54.134
01.06.2002-03:00:00,01,06,2002,03,53.978
01.06.2002-06:00:00,01,06,2002,06,53.824
01.06.2002-09:00:00,01,06,2002,09,53.669
01.06.2002-12:00:00,01,06,2002,12,53.515
01.06.2002-15:00:00,01,06,2002,15,53.361
01.06.2002-18:00:00,01,06,2002,18,53.209
01.06.2002-21:00:00,01,06,2002,21,53.057
01.07.2002-00:00:00,01,07,2002,00,52.906
01.07.2002-03:00:00,01,07,2002,03,52.757
01.07.2002-06:00:00,01,07,2002,06,52.609
01.07.2002-09:00:00,01,07,2002,09,52.476
01.07.2002-12:00:00,01,07,2002,12,52.374
01.07.2002-15:00:00,01,07,2002,15,52.424
01.07.2002-18:00:00,01,07,2002,18,52.677
01.07.2002-21:00:00,01,07,2002,21,53.343
01.08.2002-00:00:00,01,08,2002,00,53.678
01.08.2002-03:00:00,01,08,2002,03,53.621
01.08.2002-06:00:00,01,08,2002,06,53.647
01.08.2002-09:00:00,01,08,2002,09,53.484
01.08.2002-12:00:00,01,08,2002,12,53.5
01.08.2002-15:00:00,01,08,2002,15,53.367
01.08.2002-18:00:00,01,08,2002,18,53.35
01.08.2002-21:00:00,01,08,2002,21,53.446
01.09.2002-00:00:00,01,09,2002,00,53.384
01.09.2002-03:00:00,01,09,2002,03,53.498
01.09.2002-06:00:00,01,09,2002,06,53.47
01.09.2002-09:00:00,01,09,2002,09,53.282
01.09.2002-12:00:00,01,09,2002,12,53.082
01.09.2002-15:00:00,01,09,2002,15,53.32
01.09.2002-18:00:00,01,09,2002,18,53.375
01.09.2002-21:00:00,01,09,2002,21,53.388
01.10.2002-00:00:00,01,10,2002,00,53.387
01.10.2002-03:00:00,01,10,2002,03,53.352
01.10.2002-06:00:00,01,10,2002,06,53.293
01.10.2002-09:00:00,01,10,2002,09,53.101
01.10.2002-12:00:00,01,10,2002,12,52.983
01.10.2002-15:00:00,01,10,2002,15,53.067
01.10.2002-18:00:00,01,10,2002,18,53.069
01.10.2002-21:00:00,01,10,2002,21,53.041
01.11.2002-00:00:00,01,11,2002,00,52.992
01.11.2002-03:00:00,01,11,2002,03,52.91
01.11.2002-06:00:00,01,11,2002,06,52.819
01.11.2002-09:00:00,01,11,2002,09,52.557
01.11.2002-12:00:00,01,11,2002,12,52.357
01.11.2002-15:00:00,01,11,2002,15,52.444
01.11.2002-18:00:00,01,11,2002,18,52.395
01.11.2002-21:00:00,01,11,2002,21,52.322
01.12.2002-00:00:00,01,12,2002,00,52.24
01.12.2002-03:00:00,01,12,2002,03,52.145
01.12.2002-06:00:00,01,12,2002,06,52.044
01.12.2002-09:00:00,01,12,2002,09,51.88
01.12.2002-12:00:00,01,12,2002,12,51.758
01.12.2002-15:00:00,01,12,2002,15,51.734
01.12.2002-18:00:00,01,12,2002,18,51.657
01.12.2002-21:00:00,01,12,2002,21,51.581
01.13.2002-00:00:00,01,13,2002,00,51.493
01.13.2002-03:00:00,01,13,2002,03,51.402
01.13.2002-06:00:00,01,13,2002,06,51.304
01.13.2002-09:00:00,01,13,2002,09,51.071
01.13.2002-12:00:00,01,13,2002,12,50.956
01.13.2002-15:00:00,01,13,2002,15,51.014
01.13.2002-18:00:00,01,13,2002,18,50.979
01.13.2002-21:00:00,01,13,2002,21,50.921
01.14.2002-00:00:00,01,14,2002,00,50.828
01.14.2002-03:00:00,01,14,2002,03,50.725
01.14.2002-06:00:00,01,14,2002,06,50.586
01.14.2002-09:00:00,01,14,2002,09,50.407
01.14.2002-12:00:00,01,14,2002,12,50.234
01.14.2002-15:00:00,01,14,2002,15,50.122
01.14.2002-18:00:00,01,14,2002,18,49.972
01.14.2002-21:00:00,01,14,2002,21,49.82
01.15.2002-00:00:00,01,15,2002,00,49.67
01.15.2002-03:00:00,01,15,2002,03,49.519
01.15.2002-06:00:00,01,15,2002,06,49.368
01.15.2002-09:00:00,01,15,2002,09,49.217
01.15.2002-12:00:00,01,15,2002,12,49.066
01.15.2002-15:00:00,01,15,2002,15,48.916
01.15.2002-18:00:00,01,15,2002,18,48.766
01.15.2002-21:00:00,01,15,2002,21,48.617
01.16.2002-00:00:00,01,16,2002,00,48.468
01.16.2002-03:00:00,01,16,2002,03,48.319
01.16.2002-06:00:00,01,16,2002,06,48.171
01.16.2002-09:00:00,01,16,2002,09,48.02
01.16.2002-12:00:00,01,16,2002,12,47.871
01.16.2002-15:00:00,01,16,2002,15,47.724
01.16.2002-18:00:00,01,16,2002,18,47.577
01.16.2002-21:00:00,01,16,2002,21,47.43
01.17.2002-00:00:00,01,17,2002,00,47.283
01.17.2002-03:00:00,01,17,2002,03,47.137
01.17.2002-06:00:00,01,17,2002,06,46.991
01.17.2002-09:00:00,01,17,2002,09,46.833
01.17.2002-12:00:00,01,17,2002,12,46.674
01.17.2002-15:00:00,01,17,2002,15,46.549
01.17.2002-18:00:00,01,17,2002,18,46.406
01.17.2002-21:00:00,01,17,2002,21,46.262
01.18.2002-00:00:00,01,18,2002,00,46.119
01.18.2002-03:00:00,01,18,2002,03,45.976
01.18.2002-06:00:00,01,18,2002,06,45.833
01.18.2002-09:00:00,01,18,2002,09,45.691
01.18.2002-12:00:00,01,18,2002,12,45.549
01.18.2002-15:00:00,01,18,2002,15,45.408
01.18.2002-18:00:00,01,18,2002,18,45.268
01.18.2002-21:00:00,01,18,2002,21,45.127
01.19.2002-00:00:00,01,19,2002,00,44.987
01.19.2002-03:00:00,01,19,2002,03,44.847
01.19.2002-06:00:00,01,19,2002,06,44.709
01.19.2002-09:00:00,01,19,2002,09,44.57
01.19.2002-12:00:00,01,19,2002,12,44.43
01.19.2002-15:00:00,01,19,2002,15,44.293
01.19.2002-18:00:00,01,19,2002,18,44.156
01.19.2002-21:00:00,01,19,2002,21,44.019
01.20.2002-00:00:00,01,20,2002,00,43.884
01.20.2002-03:00:00,01,20,2002,03,43.747
01.20.2002-06:00:00,01,20,2002,06,43.613
01.20.2002-09:00:00,01,20,2002,09,43.402
01.20.2002-12:00:00,01,20,2002,12,43.215
01.20.2002-15:00:00,01,20,2002,15,43.183
01.20.2002-18:00:00,01,20,2002,18,43.069
01.20.2002-21:00:00,01,20,2002,21,42.936
01.21.2002-00:00:00,01,21,2002,00,42.804
01.21.2002-03:00:00,01,21,2002,03,42.672
01.21.2002-06:00:00,01,21,2002,06,42.541
01.21.2002-09:00:00,01,21,2002,09,42.356
01.21.2002-12:00:00,01,21,2002,12,42.211
01.21.2002-15:00:00,01,21,2002,15,42.141
01.21.2002-18:00:00,01,21,2002,18,42.014
01.21.2002-21:00:00,01,21,2002,21,41.885
01.22.2002-00:00:00,01,22,2002,00,41.757
01.22.2002-03:00:00,01,22,2002,03,41.629
01.22.2002-06:00:00,01,22,2002,06,41.502
01.22.2002-09:00:00,01,22,2002,09,41.373
01.22.2002-12:00:00,01,22,2002,12,41.226
01.22.2002-15:00:00,01,22,2002,15,41.119
01.22.2002-18:00:00,01,22,2002,18,40.995
01.22.2002-21:00:00,01,22,2002,21,40.87
01.23.2002-00:00:00,01,23,2002,00,40.746
01.23.2002-03:00:00,01,23,2002,03,40.622
01.23.2002-06:00:00,01,23,2002,06,40.5
01.23.2002-09:00:00,01,23,2002,09,40.377
01.23.2002-12:00:00,01,23,2002,12,40.255
01.23.2002-15:00:00,01,23,2002,15,40.133
01.23.2002-18:00:00,01,23,2002,18,40.013
01.23.2002-21:00:00,01,23,2002,21,39.892
01.24.2002-00:00:00,01,24,2002,00,39.772
01.24.2002-03:00:00,01,24,2002,03,39.652
01.24.2002-06:00:00,01,24,2002,06,39.534
01.24.2002-09:00:00,01,24,2002,09,39.397
01.24.2002-12:00:00,01,24,2002,12,39.277
01.24.2002-15:00:00,01,24,2002,15,39.167
01.24.2002-18:00:00,01,24,2002,18,39.072
01.24.2002-21:00:00,01,24,2002,21,38.964
01.25.2002-00:00:00,01,25,2002,00,38.858
01.25.2002-03:00:00,01,25,2002,03,38.751
01.25.2002-06:00:00,01,25,2002,06,38.646
01.25.2002-09:00:00,01,25,2002,09,38.525
01.25.2002-12:00:00,01,25,2002,12,38.4
01.25.2002-15:00:00,01,25,2002,15,38.307
01.25.2002-18:00:00,01,25,2002,18,38.223
01.25.2002-21:00:00,01,25,2002,21,38.12
01.26.2002-00:00:00,01,26,2002,00,38.016
01.26.2002-03:00:00,01,26,2002,03,37.913
01.26.2002-06:00:00,01,26,2002,06,37.81
01.26.2002-09:00:00,01,26,2002,09,37.706
01.26.2002-12:00:00,01,26,2002,12,37.605
01.26.2002-15:00:00,01,26,2002,15,37.507
01.26.2002-18:00:00,01,26,2002,18,37.41
01.26.2002-21:00:00,01,26,2002,21,37.314
01.27.2002-00:00:00,01,27,2002,00,37.216
01.27.2002-03:00:00,01,27,2002,03,37.116
01.27.2002-06:00:00,01,27,2002,06,37.016
01.27.2002-09:00:00,01,27,2002,09,36.916
01.27.2002-12:00:00,01,27,2002,12,36.818
01.27.2002-15:00:00,01,27,2002,15,36.718
01.27.2002-18:00:00,01,27,2002,18,36.62
01.27.2002-21:00:00,01,27,2002,21,36.522
01.28.2002-00:00:00,01,28,2002,00,36.425
01.28.2002-03:00:00,01,28,2002,03,36.327
01.28.2002-06:00:00,01,28,2002,06,36.23
01.28.2002-09:00:00,01,28,2002,09,36.133
01.28.2002-12:00:00,01,28,2002,12,36.037
01.28.2002-15:00:00,01,28,2002,15,35.941
01.28.2002-18:00:00,01,28,2002,18,35.846
01.28.2002-21:00:00,01,28,2002,21,35.751
01.29.2002-00:00:00,01,29,2002,00,35.656
01.29.2002-03:00:00,01,29,2002,03,35.562
01.29.2002-06:00:00,01,29,2002,06,35.468
01.29.2002-09:00:00,01,29,2002,09,35.374
01.29.2002-12:00:00,01,29,2002,12,35.282
01.29.2002-15:00:00,01,29,2002,15,35.188
01.29.2002-18:00:00,01,29,2002,18,35.096
01.29.2002-21:00:00,01,29,2002,21,35.004
01.30.2002-00:00:00,01,30,2002,00,34.913
01.30.2002-03:00:00,01,30,2002,03,34.822
01.30.2002-06:00:00,01,30,2002,06,34.733
01.30.2002-09:00:00,01,30,2002,09,34.643
01.30.2002-12:00:00,01,30,2002,12,34.555
01.30.2002-15:00:00,01,30,2002,15,34.466
01.30.2002-18:00:00,01,30,2002,18,34.378
01.30.2002-21:00:00,01,30,2002,21,34.29
01.31.2002-00:00:00,01,31,2002,00,34.203
01.31.2002-03:00:00,01,31,2002,03,34.115
01.31.2002-06:00:00,01,31,2002,06,34.029
01.31.2002-09:00:00,01,31,2002,09,33.941
01.31.2002-12:00:00,01,31,2002,12,33.855
01.31.2002-15:00:00,01,31,2002,15,33.769
01.31.2002-18:00:00,01,31,2002,18,33.684
01.31.2002-21:00:00,01,31,2002,21,33.598
02.01.2002-00:00:00,02,01,2002,00,33.514
02.01.2002-03:00:00,02,01,2002,03,33.429
02.01.2002-06:00:00,02,01,2002,06,33.345
02.01.2002-09:00:00,02,01,2002,09,33.259
02.01.2002-12:00:00,02,01,2002,12,33.175
02.01.2002-15:00:00,02,01,2002,15,33.091
02.01.2002-18:00:00,02,01,2002,18,33.009
02.01.2002-21:00:00,02,01,2002,21,32.926
02.02.2002-00:00:00,02,02,2002,00,32.844
02.02.2002-03:00:00,02,02,2002,03,32.762
02.02.2002-06:00:00,02,02,2002,06,32.681
02.02.2002-09:00:00,02,02,2002,09,32.597
02.02.2002-12:00:00,02,02,2002,12,32.49
02.02.2002-15:00:00,02,02,2002,15,32.432
02.02.2002-18:00:00,02,02,2002,18,32.352
02.02.2002-21:00:00,02,02,2002,21,32.272
02.03.2002-00:00:00,02,03,2002,00,32.193
02.03.2002-03:00:00,02,03,2002,03,32.113
02.03.2002-06:00:00,02,03,2002,06,32.034
02.03.2002-09:00:00,02,03,2002,09,31.953
02.03.2002-12:00:00,02,03,2002,12,31.848
02.03.2002-15:00:00,02,03,2002,15,31.794
02.03.2002-18:00:00,02,03,2002,18,31.719
02.03.2002-21:00:00,02,03,2002,21,31.642
02.04.2002-00:00:00,02,04,2002,00,31.566
02.04.2002-03:00:00,02,04,2002,03,31.491
02.04.2002-06:00:00,02,04,2002,06,31.416
02.04.2002-09:00:00,02,04,2002,09,31.339
02.04.2002-12:00:00,02,04,2002,12,31.255
02.04.2002-15:00:00,02,04,2002,15,31.189
02.04.2002-18:00:00,02,04,2002,18,31.115
02.04.2002-21:00:00,02,04,2002,21,31.042
02.05.2002-00:00:00,02,05,2002,00,30.968
02.05.2002-03:00:00,02,05,2002,03,30.895
02.05.2002-06:00:00,02,05,2002,06,30.822
02.05.2002-09:00:00,02,05,2002,09,30.749
02.05.2002-12:00:00,02,05,2002,12,30.677
02.05.2002-15:00:00,02,05,2002,15,30.605
02.05.2002-18:00:00,02,05,2002,18,30.533
02.05.2002-21:00:00,02,05,2002,21,30.461
02.06.2002-00:00:00,02,06,2002,00,30.39
02.06.2002-03:00:00,02,06,2002,03,30.318
02.06.2002-06:00:00,02,06,2002,06,30.247
02.06.2002-09:00:00,02,06,2002,09,30.178
02.06.2002-12:00:00,02,06,2002,12,30.107
02.06.2002-15:00:00,02,06,2002,15,30.038
02.06.2002-18:00:00,02,06,2002,18,29.971
02.06.2002-21:00:00,02,06,2002,21,29.902
02.07.2002-00:00:00,02,07,2002,00,29.834
02.07.2002-03:00:00,02,07,2002,03,29.767
02.07.2002-06:00:00,02,07,2002,06,29.699
02.07.2002-09:00:00,02,07,2002,09,29.632
02.07.2002-12:00:00,02,07,2002,12,29.566
02.07.2002-15:00:00,02,07,2002,15,29.5
02.07.2002-18:00:00,02,07,2002,18,29.434
02.07.2002-21:00:00,02,07,2002,21,29.369
02.08.2002-00:00:00,02,08,2002,00,29.303
02.08.2002-03:00:00,02,08,2002,03,29.238
02.08.2002-06:00:00,02,08,2002,06,29.174
02.08.2002-09:00:00,02,08,2002,09,29.107
02.08.2002-12:00:00,02,08,2002,12,29.009
02.08.2002-15:00:00,02,08,2002,15,28.949
02.08.2002-18:00:00,02,08,2002,18,28.91
02.08.2002-21:00:00,02,08,2002,21,28.848
02.09.2002-00:00:00,02,09,2002,00,28.786
02.09.2002-03:00:00,02,09,2002,03,28.723
02.09.2002-06:00:00,02,09,2002,06,28.66
02.09.2002-09:00:00,02,09,2002,09,28.598
02.09.2002-12:00:00,02,09,2002,12,28.524
02.09.2002-15:00:00,02,09,2002,15,28.461
02.09.2002-18:00:00,02,09,2002,18,28.412
02.09.2002-21:00:00,02,09,2002,21,28.351
02.10.2002-00:00:00,02,10,2002,00,28.289
02.10.2002-03:00:00,02,10,2002,03,28.229
02.10.2002-06:00:00,02,10,2002,06,28.168
02.10.2002-09:00:00,02,10,2002,09,28.106
02.10.2002-12:00:00,02,10,2002,12,28.044
02.10.2002-15:00:00,02,10,2002,15,27.984
02.10.2002-18:00:00,02,10,2002,18,27.924
02.10.2002-21:00:00,02,10,2002,21,27.865
02.11.2002-00:00:00,02,11,2002,00,27.805
02.11.2002-03:00:00,02,11,2002,03,27.746
02.11.2002-06:00:00,02,11,2002,06,27.687
02.11.2002-09:00:00,02,11,2002,09,27.627
02.11.2002-12:00:00,02,11,2002,12,27.567
02.11.2002-15:00:00,02,11,2002,15,27.509
02.11.2002-18:00:00,02,11,2002,18,27.45
02.11.2002-21:00:00,02,11,2002,21,27.392
02.12.2002-00:00:00,02,12,2002,00,27.335
02.12.2002-03:00:00,02,12,2002,03,27.277
02.12.2002-06:00:00,02,12,2002,06,27.22
02.12.2002-09:00:00,02,12,2002,09,27.163
02.12.2002-12:00:00,02,12,2002,12,27.09
02.12.2002-15:00:00,02,12,2002,15,27.047
02.12.2002-18:00:00,02,12,2002,18,26.992
02.12.2002-21:00:00,02,12,2002,21,26.935
02.13.2002-00:00:00,02,13,2002,00,26.879
02.13.2002-03:00:00,02,13,2002,03,26.824
02.13.2002-06:00:00,02,13,2002,06,26.77
02.13.2002-09:00:00,02,13,2002,09,26.715
02.13.2002-12:00:00,02,13,2002,12,26.661
02.13.2002-15:00:00,02,13,2002,15,26.607
02.13.2002-18:00:00,02,13,2002,18,26.553
02.13.2002-21:00:00,02,13,2002,21,26.5
02.14.2002-00:00:00,02,14,2002,00,26.447
02.14.2002-03:00:00,02,14,2002,03,26.394
02.14.2002-06:00:00,02,14,2002,06,26.341
02.14.2002-09:00:00,02,14,2002,09,26.281
02.14.2002-12:00:00,02,14,2002,12,26.076
02.14.2002-15:00:00,02,14,2002,15,26.168
02.14.2002-18:00:00,02,14,2002,18,26.131
02.14.2002-21:00:00,02,14,2002,21,26.079
02.15.2002-00:00:00,02,15,2002,00,26.027
02.15.2002-03:00:00,02,15,2002,03,25.976
02.15.2002-06:00:00,02,15,2002,06,25.927
02.15.2002-09:00:00,02,15,2002,09,25.868
02.15.2002-12:00:00,02,15,2002,12,25.652
02.15.2002-15:00:00,02,15,2002,15,25.761
02.15.2002-18:00:00,02,15,2002,18,25.728
02.15.2002-21:00:00,02,15,2002,21,25.678
02.16.2002-00:00:00,02,16,2002,00,25.629
02.16.2002-03:00:00,02,16,2002,03,25.58
02.16.2002-06:00:00,02,16,2002,06,25.535
02.16.2002-09:00:00,02,16,2002,09,25.47
02.16.2002-12:00:00,02,16,2002,12,25.41
02.16.2002-15:00:00,02,16,2002,15,25.365
02.16.2002-18:00:00,02,16,2002,18,25.35
02.16.2002-21:00:00,02,16,2002,21,25.306
02.17.2002-00:00:00,02,17,2002,00,25.262
02.17.2002-03:00:00,02,17,2002,03,25.218
02.17.2002-06:00:00,02,17,2002,06,25.174
02.17.2002-09:00:00,02,17,2002,09,25.105
02.17.2002-12:00:00,02,17,2002,12,24.912
02.17.2002-15:00:00,02,17,2002,15,24.998
02.17.2002-18:00:00,02,17,2002,18,24.996
02.17.2002-21:00:00,02,17,2002,21,24.953
02.18.2002-00:00:00,02,18,2002,00,24.91
02.18.2002-03:00:00,02,18,2002,03,24.867
02.18.2002-06:00:00,02,18,2002,06,24.824
02.18.2002-09:00:00,02,18,2002,09,24.733
02.18.2002-12:00:00,02,18,2002,12,24.523
02.18.2002-15:00:00,02,18,2002,15,24.619
02.18.2002-18:00:00,02,18,2002,18,24.647
02.18.2002-21:00:00,02,18,2002,21,24.606
02.19.2002-00:00:00,02,19,2002,00,24.564
02.19.2002-03:00:00,02,19,2002,03,24.521
02.19.2002-06:00:00,02,19,2002,06,24.48
02.19.2002-09:00:00,02,19,2002,09,24.378
02.19.2002-12:00:00,02,19,2002,12,24.052
02.19.2002-15:00:00,02,19,2002,15,24.259
02.19.2002-18:00:00,02,19,2002,18,24.295
02.19.2002-21:00:00,02,19,2002,21,24.266
02.20.2002-00:00:00,02,20,2002,00,24.227
02.20.2002-03:00:00,02,20,2002,03,24.19
02.20.2002-06:00:00,02,20,2002,06,24.152
02.20.2002-09:00:00,02,20,2002,09,24.076
02.20.2002-12:00:00,02,20,2002,12,23.811
02.20.2002-15:00:00,02,20,2002,15,23.984
02.20.2002-18:00:00,02,20,2002,18,24.005
02.20.2002-21:00:00,02,20,2002,21,23.996
02.21.2002-00:00:00,02,21,2002,00,23.987
02.21.2002-03:00:00,02,21,2002,03,23.978
02.21.2002-06:00:00,02,21,2002,06,23.959
02.21.2002-09:00:00,02,21,2002,09,23.952
02.21.2002-12:00:00,02,21,2002,12,23.883
02.21.2002-15:00:00,02,21,2002,15,24.75
02.21.2002-18:00:00,02,21,2002,18,25.355
02.21.2002-21:00:00,02,21,2002,21,25.782
02.22.2002-00:00:00,02,22,2002,00,25.872
02.22.2002-03:00:00,02,22,2002,03,25.86
02.22.2002-06:00:00,02,22,2002,06,25.84
02.22.2002-09:00:00,02,22,2002,09,25.723
02.22.2002-12:00:00,02,22,2002,12,25.421
02.22.2002-15:00:00,02,22,2002,15,25.694
02.22.2002-18:00:00,02,22,2002,18,25.878
02.22.2002-21:00:00,02,22,2002,21,25.989
02.23.2002-00:00:00,02,23,2002,00,26.089
02.23.2002-03:00:00,02,23,2002,03,26.183
02.23.2002-06:00:00,02,23,2002,06,26.025
02.23.2002-09:00:00,02,23,2002,09,25.925
02.23.2002-12:00:00,02,23,2002,12,25.939
02.23.2002-15:00:00,02,23,2002,15,26.408
02.23.2002-18:00:00,02,23,2002,18,26.657
02.23.2002-21:00:00,02,23,2002,21,26.836
02.24.2002-00:00:00,02,24,2002,00,26.976
02.24.2002-03:00:00,02,24,2002,03,27.071
02.24.2002-06:00:00,02,24,2002,06,27.129
02.24.2002-09:00:00,02,24,2002,09,27.116
02.24.2002-12:00:00,02,24,2002,12,27.069
02.24.2002-15:00:00,02,24,2002,15,27.047
02.24.2002-18:00:00,02,24,2002,18,27.051
02.24.2002-21:00:00,02,24,2002,21,27.041
02.25.2002-00:00:00,02,25,2002,00,27.016
02.25.2002-03:00:00,02,25,2002,03,26.972
02.25.2002-06:00:00,02,25,2002,06,26.928
02.25.2002-09:00:00,02,25,2002,09,26.885
02.25.2002-12:00:00,02,25,2002,12,26.841
02.25.2002-15:00:00,02,25,2002,15,26.797
02.25.2002-18:00:00,02,25,2002,18,26.753
02.25.2002-21:00:00,02,25,2002,21,26.708
02.26.2002-00:00:00,02,26,2002,00,26.664
02.26.2002-03:00:00,02,26,2002,03,26.619
02.26.2002-06:00:00,02,26,2002,06,26.574
02.26.2002-09:00:00,02,26,2002,09,26.529
02.26.2002-12:00:00,02,26,2002,12,26.484
02.26.2002-15:00:00,02,26,2002,15,26.438
02.26.2002-18:00:00,02,26,2002,18,26.393
02.26.2002-21:00:00,02,26,2002,21,26.347
02.27.2002-00:00:00,02,27,2002,00,26.301
02.27.2002-03:00:00,02,27,2002,03,26.255
02.27.2002-06:00:00,02,27,2002,06,26.21
02.27.2002-09:00:00,02,27,2002,09,26.164
02.27.2002-12:00:00,02,27,2002,12,26.117
02.27.2002-15:00:00,02,27,2002,15,26.072
02.27.2002-18:00:00,02,27,2002,18,26.026
02.27.2002-21:00:00,02,27,2002,21,25.98
02.28.2002-00:00:00,02,28,2002,00,25.934
02.28.2002-03:00:00,02,28,2002,03,25.888
02.28.2002-06:00:00,02,28,2002,06,25.841
02.28.2002-09:00:00,02,28,2002,09,25.765
02.28.2002-12:00:00,02,28,2002,12,25.5
02.28.2002-15:00:00,02,28,2002,15,25.649
02.28.2002-18:00:00,02,28,2002,18,25.641
02.28.2002-21:00:00,02,28,2002,21,25.595
03.01.2002-00:00:00,03,01,2002,00,25.548
03.01.2002-03:00:00,03,01,2002,03,25.501
03.01.2002-06:00:00,03,01,2002,06,25.454
03.01.2002-09:00:00,03,01,2002,09,25.293
03.01.2002-12:00:00,03,01,2002,12,25.096
03.01.2002-15:00:00,03,01,2002,15,25.21
03.01.2002-18:00:00,03,01,2002,18,25.241
03.01.2002-21:00:00,03,01,2002,21,25.196
03.02.2002-00:00:00,03,02,2002,00,25.149
03.02.2002-03:00:00,03,02,2002,03,25.102
03.02.2002-06:00:00,03,02,2002,06,25.054
03.02.2002-09:00:00,03,02,2002,09,24.907
03.02.2002-12:00:00,03,02,2002,12,24.864
03.02.2002-15:00:00,03,02,2002,15,24.82
03.02.2002-18:00:00,03,02,2002,18,24.844
03.02.2002-21:00:00,03,02,2002,21,24.799
03.03.2002-00:00:00,03,03,2002,00,24.752
03.03.2002-03:00:00,03,03,2002,03,24.705
03.03.2002-06:00:00,03,03,2002,06,24.658
03.03.2002-09:00:00,03,03,2002,09,24.513
03.03.2002-12:00:00,03,03,2002,12,24.369
03.03.2002-15:00:00,03,03,2002,15,24.475
03.03.2002-18:00:00,03,03,2002,18,24.46
03.03.2002-21:00:00,03,03,2002,21,24.415
03.04.2002-00:00:00,03,04,2002,00,24.368
03.04.2002-03:00:00,03,04,2002,03,24.321
03.04.2002-06:00:00,03,04,2002,06,24.275
03.04.2002-09:00:00,03,04,2002,09,24.049
03.04.2002-12:00:00,03,04,2002,12,23.761
03.04.2002-15:00:00,03,04,2002,15,23.965
03.04.2002-18:00:00,03,04,2002,18,24.053
03.04.2002-21:00:00,03,04,2002,21,24.021
03.05.2002-00:00:00,03,05,2002,00,23.976
03.05.2002-03:00:00,03,05,2002,03,23.931
03.05.2002-06:00:00,03,05,2002,06,23.884
03.05.2002-09:00:00,03,05,2002,09,23.503
03.05.2002-12:00:00,03,05,2002,12,23.42
03.05.2002-15:00:00,03,05,2002,15,23.449
03.05.2002-18:00:00,03,05,2002,18,23.572
03.05.2002-21:00:00,03,05,2002,21,23.771
03.06.2002-00:00:00,03,06,2002,00,23.84
03.06.2002-03:00:00,03,06,2002,03,23.903
03.06.2002-06:00:00,03,06,2002,06,23.948
03.06.2002-09:00:00,03,06,2002,09,23.774
03.06.2002-12:00:00,03,06,2002,12,23.597
03.06.2002-15:00:00,03,06,2002,15,23.835
03.06.2002-18:00:00,03,06,2002,18,24.089
03.06.2002-21:00:00,03,06,2002,21,24.173
03.07.2002-00:00:00,03,07,2002,00,24.228
03.07.2002-03:00:00,03,07,2002,03,24.262
03.07.2002-06:00:00,03,07,2002,06,24.278
03.07.2002-09:00:00,03,07,2002,09,24.237
03.07.2002-12:00:00,03,07,2002,12,24.192
03.07.2002-15:00:00,03,07,2002,15,24.146
03.07.2002-18:00:00,03,07,2002,18,24.101
03.07.2002-21:00:00,03,07,2002,21,24.055
03.08.2002-00:00:00,03,08,2002,00,24.01
03.08.2002-03:00:00,03,08,2002,03,23.964
03.08.2002-06:00:00,03,08,2002,06,23.918
03.08.2002-09:00:00,03,08,2002,09,23.873
03.08.2002-12:00:00,03,08,2002,12,23.827
03.08.2002-15:00:00,03,08,2002,15,23.782
03.08.2002-18:00:00,03,08,2002,18,23.737
03.08.2002-21:00:00,03,08,2002,21,23.691
03.09.2002-00:00:00,03,09,2002,00,23.646
03.09.2002-03:00:00,03,09,2002,03,23.601
03.09.2002-06:00:00,03,09,2002,06,23.556
03.09.2002-09:00:00,03,09,2002,09,23.511
03.09.2002-12:00:00,03,09,2002,12,23.465
03.09.2002-15:00:00,03,09,2002,15,23.42
03.09.2002-18:00:00,03,09,2002,18,23.375
03.09.2002-21:00:00,03,09,2002,21,23.331
03.10.2002-00:00:00,03,10,2002,00,23.286
03.10.2002-03:00:00,03,10,2002,03,23.241
03.10.2002-06:00:00,03,10,2002,06,23.197
03.10.2002-09:00:00,03,10,2002,09,23.152
03.10.2002-12:00:00,03,10,2002,12,23.107
03.10.2002-15:00:00,03,10,2002,15,23.062
03.10.2002-18:00:00,03,10,2002,18,23.018
03.10.2002-21:00:00,03,10,2002,21,22.974
03.11.2002-00:00:00,03,11,2002,00,22.93
03.11.2002-03:00:00,03,11,2002,03,22.886
03.11.2002-06:00:00,03,11,2002,06,22.842
03.11.2002-09:00:00,03,11,2002,09,22.798
03.11.2002-12:00:00,03,11,2002,12,22.755
03.11.2002-15:00:00,03,11,2002,15,22.711
03.11.2002-18:00:00,03,11,2002,18,22.668
03.11.2002-21:00:00,03,11,2002,21,22.625
03.12.2002-00:00:00,03,12,2002,00,22.581
03.12.2002-03:00:00,03,12,2002,03,22.538
03.12.2002-06:00:00,03,12,2002,06,22.495
03.12.2002-09:00:00,03,12,2002,09,22.436
03.12.2002-12:00:00,03,12,2002,12,22.366
03.12.2002-15:00:00,03,12,2002,15,22.341
03.12.2002-18:00:00,03,12,2002,18,22.336
03.12.2002-21:00:00,03,12,2002,21,22.305
03.13.2002-00:00:00,03,13,2002,00,22.282
03.13.2002-03:00:00,03,13,2002,03,22.262
03.13.2002-06:00:00,03,13,2002,06,22.239
03.13.2002-09:00:00,03,13,2002,09,22.099
03.13.2002-12:00:00,03,13,2002,12,21.937
03.13.2002-15:00:00,03,13,2002,15,22.093
03.13.2002-18:00:00,03,13,2002,18,22.221
03.13.2002-21:00:00,03,13,2002,21,22.272
03.14.2002-00:00:00,03,14,2002,00,22.3
03.14.2002-03:00:00,03,14,2002,03,22.314
03.14.2002-06:00:00,03,14,2002,06,22.317
03.14.2002-09:00:00,03,14,2002,09,22.184
03.14.2002-12:00:00,03,14,2002,12,22.022
03.14.2002-15:00:00,03,14,2002,15,22.093
03.14.2002-18:00:00,03,14,2002,18,22.189
03.14.2002-21:00:00,03,14,2002,21,22.201
03.15.2002-00:00:00,03,15,2002,00,22.208
03.15.2002-03:00:00,03,15,2002,03,22.206
03.15.2002-06:00:00,03,15,2002,06,22.192
03.15.2002-09:00:00,03,15,2002,09,22.069
03.15.2002-12:00:00,03,15,2002,12,21.906
03.15.2002-15:00:00,03,15,2002,15,21.995
03.15.2002-18:00:00,03,15,2002,18,22.097
03.15.2002-21:00:00,03,15,2002,21,22.128
03.16.2002-00:00:00,03,16,2002,00,22.152
03.16.2002-03:00:00,03,16,2002,03,22.165
03.16.2002-06:00:00,03,16,2002,06,22.168
03.16.2002-09:00:00,03,16,2002,09,22
03.16.2002-12:00:00,03,16,2002,12,21.819
03.16.2002-15:00:00,03,16,2002,15,21.976
03.16.2002-18:00:00,03,16,2002,18,22.12
03.16.2002-21:00:00,03,16,2002,21,22.147
03.17.2002-00:00:00,03,17,2002,00,22.169
03.17.2002-03:00:00,03,17,2002,03,22.182
03.17.2002-06:00:00,03,17,2002,06,22.183
03.17.2002-09:00:00,03,17,2002,09,22.137
03.17.2002-12:00:00,03,17,2002,12,22.09
03.17.2002-15:00:00,03,17,2002,15,22.054
03.17.2002-18:00:00,03,17,2002,18,22.017
03.17.2002-21:00:00,03,17,2002,21,21.978
03.18.2002-00:00:00,03,18,2002,00,21.937
03.18.2002-03:00:00,03,18,2002,03,21.896
03.18.2002-06:00:00,03,18,2002,06,21.855
03.18.2002-09:00:00,03,18,2002,09,21.812
03.18.2002-12:00:00,03,18,2002,12,21.769
03.18.2002-15:00:00,03,18,2002,15,21.728
03.18.2002-18:00:00,03,18,2002,18,21.688
03.18.2002-21:00:00,03,18,2002,21,21.647
03.19.2002-00:00:00,03,19,2002,00,21.606
03.19.2002-03:00:00,03,19,2002,03,21.566
03.19.2002-06:00:00,03,19,2002,06,21.525
03.19.2002-09:00:00,03,19,2002,09,21.485
03.19.2002-12:00:00,03,19,2002,12,21.445
03.19.2002-15:00:00,03,19,2002,15,21.405
03.19.2002-18:00:00,03,19,2002,18,21.364
03.19.2002-21:00:00,03,19,2002,21,21.325
03.20.2002-00:00:00,03,20,2002,00,21.285
03.20.2002-03:00:00,03,20,2002,03,21.245
03.20.2002-06:00:00,03,20,2002,06,21.205
03.20.2002-09:00:00,03,20,2002,09,21.163
03.20.2002-12:00:00,03,20,2002,12,21.121
03.20.2002-15:00:00,03,20,2002,15,21.082
03.20.2002-18:00:00,03,20,2002,18,21.043
03.20.2002-21:00:00,03,20,2002,21,21.003
03.21.2002-00:00:00,03,21,2002,00,20.965
03.21.2002-03:00:00,03,21,2002,03,20.926
03.21.2002-06:00:00,03,21,2002,06,20.887
03.21.2002-09:00:00,03,21,2002,09,20.848
03.21.2002-12:00:00,03,21,2002,12,20.809
03.21.2002-15:00:00,03,21,2002,15,20.771
03.21.2002-18:00:00,03,21,2002,18,20.733
03.21.2002-21:00:00,03,21,2002,21,20.694
03.22.2002-00:00:00,03,22,2002,00,20.656
03.22.2002-03:00:00,03,22,2002,03,20.618
03.22.2002-06:00:00,03,22,2002,06,20.58
03.22.2002-09:00:00,03,22,2002,09,20.542
03.22.2002-12:00:00,03,22,2002,12,20.503
03.22.2002-15:00:00,03,22,2002,15,20.466
03.22.2002-18:00:00,03,22,2002,18,20.428
03.22.2002-21:00:00,03,22,2002,21,20.391
03.23.2002-00:00:00,03,23,2002,00,20.354
03.23.2002-03:00:00,03,23,2002,03,20.316
03.23.2002-06:00:00,03,23,2002,06,20.279
03.23.2002-09:00:00,03,23,2002,09,20.047
03.23.2002-12:00:00,03,23,2002,12,19.908
03.23.2002-15:00:00,03,23,2002,15,19.993
03.23.2002-18:00:00,03,23,2002,18,19.977
03.23.2002-21:00:00,03,23,2002,21,20.058
03.24.2002-00:00:00,03,24,2002,00,20.053
03.24.2002-03:00:00,03,24,2002,03,20.018
03.24.2002-06:00:00,03,24,2002,06,19.981
03.24.2002-09:00:00,03,24,2002,09,19.547
03.24.2002-12:00:00,03,24,2002,12,19.534
03.24.2002-15:00:00,03,24,2002,15,19.689
03.24.2002-18:00:00,03,24,2002,18,19.683
03.24.2002-21:00:00,03,24,2002,21,19.653
03.25.2002-00:00:00,03,25,2002,00,19.626
03.25.2002-03:00:00,03,25,2002,03,19.603
03.25.2002-06:00:00,03,25,2002,06,19.402
03.25.2002-09:00:00,03,25,2002,09,19.17
03.25.2002-12:00:00,03,25,2002,12,19.357
03.25.2002-15:00:00,03,25,2002,15,19.81
03.25.2002-18:00:00,03,25,2002,18,20.094
03.25.2002-21:00:00,03,25,2002,21,20.297
03.26.2002-00:00:00,03,26,2002,00,20.442
03.26.2002-03:00:00,03,26,2002,03,20.532
03.26.2002-06:00:00,03,26,2002,06,20.567
03.26.2002-09:00:00,03,26,2002,09,20.291
03.26.2002-12:00:00,03,26,2002,12,20.578
03.26.2002-15:00:00,03,26,2002,15,20.825
03.26.2002-18:00:00,03,26,2002,18,21.102
03.26.2002-21:00:00,03,26,2002,21,21.391
03.27.2002-00:00:00,03,27,2002,00,21.633
03.27.2002-03:00:00,03,27,2002,03,21.811
03.27.2002-06:00:00,03,27,2002,06,21.936
03.27.2002-09:00:00,03,27,2002,09,21.854
03.27.2002-12:00:00,03,27,2002,12,22.172
03.27.2002-15:00:00,03,27,2002,15,22.477
03.27.2002-18:00:00,03,27,2002,18,22.784
03.27.2002-21:00:00,03,27,2002,21,23.066
03.28.2002-00:00:00,03,28,2002,00,23.273
03.28.2002-03:00:00,03,28,2002,03,23.405
03.28.2002-06:00:00,03,28,2002,06,23.525
03.28.2002-09:00:00,03,28,2002,09,23.39
03.28.2002-12:00:00,03,28,2002,12,23.355
03.28.2002-15:00:00,03,28,2002,15,23.588
03.28.2002-18:00:00,03,28,2002,18,23.756
03.28.2002-21:00:00,03,28,2002,21,23.892
03.29.2002-00:00:00,03,29,2002,00,24.05
03.29.2002-03:00:00,03,29,2002,03,24.233
03.29.2002-06:00:00,03,29,2002,06,24.27
03.29.2002-09:00:00,03,29,2002,09,23.978
03.29.2002-12:00:00,03,29,2002,12,24.176
03.29.2002-15:00:00,03,29,2002,15,24.573
03.29.2002-18:00:00,03,29,2002,18,24.856
03.29.2002-21:00:00,03,29,2002,21,25.072
03.30.2002-00:00:00,03,30,2002,00,25.232
03.30.2002-03:00:00,03,30,2002,03,25.337
03.30.2002-06:00:00,03,30,2002,06,25.383
03.30.2002-09:00:00,03,30,2002,09,25.135
03.30.2002-12:00:00,03,30,2002,12,25.6
03.30.2002-15:00:00,03,30,2002,15,26.253
03.30.2002-18:00:00,03,30,2002,18,26.509
03.30.2002-21:00:00,03,30,2002,21,26.646
03.31.2002-00:00:00,03,31,2002,00,26.747
03.31.2002-03:00:00,03,31,2002,03,26.816
03.31.2002-06:00:00,03,31,2002,06,26.564
03.31.2002-09:00:00,03,31,2002,09,26.483
03.31.2002-12:00:00,03,31,2002,12,27.415
03.31.2002-15:00:00,03,31,2002,15,28.141
03.31.2002-18:00:00,03,31,2002,18,28.581
03.31.2002-21:00:00,03,31,2002,21,28.857
04.01.2002-00:00:00,04,01,2002,00,29.062
04.01.2002-03:00:00,04,01,2002,03,29.216
04.01.2002-06:00:00,04,01,2002,06,29.104
04.01.2002-09:00:00,04,01,2002,09,29.017
04.01.2002-12:00:00,04,01,2002,12,30.213
04.01.2002-15:00:00,04,01,2002,15,31.1
04.01.2002-18:00:00,04,01,2002,18,31.591
04.01.2002-21:00:00,04,01,2002,21,31.951
04.02.2002-00:00:00,04,02,2002,00,32.126
04.02.2002-03:00:00,04,02,2002,03,32.197
04.02.2002-06:00:00,04,02,2002,06,32.226
04.02.2002-09:00:00,04,02,2002,09,31.904
04.02.2002-12:00:00,04,02,2002,12,33.755
04.02.2002-15:00:00,04,02,2002,15,40.103
04.02.2002-18:00:00,04,02,2002,18,34.223
04.02.2002-21:00:00,04,02,2002,21,37.064
04.03.2002-00:00:00,04,03,2002,00,34.153
04.03.2002-03:00:00,04,03,2002,03,34.036
04.03.2002-06:00:00,04,03,2002,06,33.956
04.03.2002-09:00:00,04,03,2002,09,33.837
04.03.2002-12:00:00,04,03,2002,12,40.077
04.03.2002-15:00:00,04,03,2002,15,50.518
04.03.2002-18:00:00,04,03,2002,18,36.788
04.03.2002-21:00:00,04,03,2002,21,38.682
04.04.2002-00:00:00,04,04,2002,00,35.02
04.04.2002-03:00:00,04,04,2002,03,34.779
04.04.2002-06:00:00,04,04,2002,06,34.617
04.04.2002-09:00:00,04,04,2002,09,34.212
04.04.2002-12:00:00,04,04,2002,12,60.193
04.04.2002-15:00:00,04,04,2002,15,76.068
04.04.2002-18:00:00,04,04,2002,18,43.956
04.04.2002-21:00:00,04,04,2002,21,52.384
04.05.2002-00:00:00,04,05,2002,00,36.315
04.05.2002-03:00:00,04,05,2002,03,39.576
04.05.2002-06:00:00,04,05,2002,06,35.475
04.05.2002-09:00:00,04,05,2002,09,57.292
04.05.2002-12:00:00,04,05,2002,12,111.82
04.05.2002-15:00:00,04,05,2002,15,65.244
04.05.2002-18:00:00,04,05,2002,18,77.996
04.05.2002-21:00:00,04,05,2002,21,47.604
04.06.2002-00:00:00,04,06,2002,00,64.617
04.06.2002-03:00:00,04,06,2002,03,50.109
04.06.2002-06:00:00,04,06,2002,06,68.466
04.06.2002-09:00:00,04,06,2002,09,75.091
04.06.2002-12:00:00,04,06,2002,12,115.66
04.06.2002-15:00:00,04,06,2002,15,76.915
04.06.2002-18:00:00,04,06,2002,18,90.876
04.06.2002-21:00:00,04,06,2002,21,66.524
04.07.2002-00:00:00,04,07,2002,00,63.377
04.07.2002-03:00:00,04,07,2002,03,44.942
04.07.2002-06:00:00,04,07,2002,06,49.812
04.07.2002-09:00:00,04,07,2002,09,95.426
04.07.2002-12:00:00,04,07,2002,12,104.9
04.07.2002-15:00:00,04,07,2002,15,88.36
04.07.2002-18:00:00,04,07,2002,18,74.517
04.07.2002-21:00:00,04,07,2002,21,67.214
04.08.2002-00:00:00,04,08,2002,00,52.813
04.08.2002-03:00:00,04,08,2002,03,41.819
04.08.2002-06:00:00,04,08,2002,06,42.927
04.08.2002-09:00:00,04,08,2002,09,66.059
04.08.2002-12:00:00,04,08,2002,12,121.25
04.08.2002-15:00:00,04,08,2002,15,66.711
04.08.2002-18:00:00,04,08,2002,18,78.032
04.08.2002-21:00:00,04,08,2002,21,47.906
04.09.2002-00:00:00,04,09,2002,00,47.759
04.09.2002-03:00:00,04,09,2002,03,40.494
04.09.2002-06:00:00,04,09,2002,06,40.224
04.09.2002-09:00:00,04,09,2002,09,63.707
04.09.2002-12:00:00,04,09,2002,12,135.67
04.09.2002-15:00:00,04,09,2002,15,81.524
04.09.2002-18:00:00,04,09,2002,18,89.053
04.09.2002-21:00:00,04,09,2002,21,54.381
04.10.2002-00:00:00,04,10,2002,00,67.032
04.10.2002-03:00:00,04,10,2002,03,54.377
04.10.2002-06:00:00,04,10,2002,06,61.532
04.10.2002-09:00:00,04,10,2002,09,88.231
04.10.2002-12:00:00,04,10,2002,12,101.4
04.10.2002-15:00:00,04,10,2002,15,84.395
04.10.2002-18:00:00,04,10,2002,18,78.052
04.10.2002-21:00:00,04,10,2002,21,72.181
04.11.2002-00:00:00,04,11,2002,00,68.232
04.11.2002-03:00:00,04,11,2002,03,64.26
04.11.2002-06:00:00,04,11,2002,06,65.722
04.11.2002-09:00:00,04,11,2002,09,109.83
04.11.2002-12:00:00,04,11,2002,12,121.18
04.11.2002-15:00:00,04,11,2002,15,108.76
04.11.2002-18:00:00,04,11,2002,18,87.857
04.11.2002-21:00:00,04,11,2002,21,88.252
04.12.2002-00:00:00,04,12,2002,00,75.096
04.12.2002-03:00:00,04,12,2002,03,78.722
04.12.2002-06:00:00,04,12,2002,06,71.428
04.12.2002-09:00:00,04,12,2002,09,114.71
04.12.2002-12:00:00,04,12,2002,12,120.07
04.12.2002-15:00:00,04,12,2002,15,111.67
04.12.2002-18:00:00,04,12,2002,18,91.04
04.12.2002-21:00:00,04,12,2002,21,93.723
04.13.2002-00:00:00,04,13,2002,00,108.17
04.13.2002-03:00:00,04,13,2002,03,112.67
04.13.2002-06:00:00,04,13,2002,06,107.71
04.13.2002-09:00:00,04,13,2002,09,150.93
04.13.2002-12:00:00,04,13,2002,12,161.11
04.13.2002-15:00:00,04,13,2002,15,148.37
04.13.2002-18:00:00,04,13,2002,18,137.49
04.13.2002-21:00:00,04,13,2002,21,134.71
04.14.2002-00:00:00,04,14,2002,00,112.3
04.14.2002-03:00:00,04,14,2002,03,112.68
04.14.2002-06:00:00,04,14,2002,06,116.08
04.14.2002-09:00:00,04,14,2002,09,176.88
04.14.2002-12:00:00,04,14,2002,12,212.07
04.14.2002-15:00:00,04,14,2002,15,182.67
04.14.2002-18:00:00,04,14,2002,18,173.44
04.14.2002-21:00:00,04,14,2002,21,155.78
04.15.2002-00:00:00,04,15,2002,00,110.57
04.15.2002-03:00:00,04,15,2002,03,75.822
04.15.2002-06:00:00,04,15,2002,06,73.869
04.15.2002-09:00:00,04,15,2002,09,70.877
04.15.2002-12:00:00,04,15,2002,12,81.957
04.15.2002-15:00:00,04,15,2002,15,101.66
04.15.2002-18:00:00,04,15,2002,18,92.517
04.15.2002-21:00:00,04,15,2002,21,84.123
04.16.2002-00:00:00,04,16,2002,00,72.289
04.16.2002-03:00:00,04,16,2002,03,71.537
04.16.2002-06:00:00,04,16,2002,06,69.051
04.16.2002-09:00:00,04,16,2002,09,66.023
04.16.2002-12:00:00,04,16,2002,12,102.55
04.16.2002-15:00:00,04,16,2002,15,111.64
04.16.2002-18:00:00,04,16,2002,18,98.875
04.16.2002-21:00:00,04,16,2002,21,93.957
04.17.2002-00:00:00,04,17,2002,00,88.132
04.17.2002-03:00:00,04,17,2002,03,69.8
04.17.2002-06:00:00,04,17,2002,06,70.199
04.17.2002-09:00:00,04,17,2002,09,83.285
04.17.2002-12:00:00,04,17,2002,12,107.31
04.17.2002-15:00:00,04,17,2002,15,108.13
04.17.2002-18:00:00,04,17,2002,18,103.03
04.17.2002-21:00:00,04,17,2002,21,96.697
04.18.2002-00:00:00,04,18,2002,00,84.628
04.18.2002-03:00:00,04,18,2002,03,76.621
04.18.2002-06:00:00,04,18,2002,06,79.24
04.18.2002-09:00:00,04,18,2002,09,103.33
04.18.2002-12:00:00,04,18,2002,12,132.06
04.18.2002-15:00:00,04,18,2002,15,106.89
04.18.2002-18:00:00,04,18,2002,18,99.617
04.18.2002-21:00:00,04,18,2002,21,84.915
04.19.2002-00:00:00,04,19,2002,00,80.899
04.19.2002-03:00:00,04,19,2002,03,72.377
04.19.2002-06:00:00,04,19,2002,06,66.505
04.19.2002-09:00:00,04,19,2002,09,130.47
04.19.2002-12:00:00,04,19,2002,12,156.39
04.19.2002-15:00:00,04,19,2002,15,140.05
04.19.2002-18:00:00,04,19,2002,18,116.77
04.19.2002-21:00:00,04,19,2002,21,99.266
04.20.2002-00:00:00,04,20,2002,00,87.57
04.20.2002-03:00:00,04,20,2002,03,81.601
04.20.2002-06:00:00,04,20,2002,06,72.539
04.20.2002-09:00:00,04,20,2002,09,145.01
04.20.2002-12:00:00,04,20,2002,12,182.74
04.20.2002-15:00:00,04,20,2002,15,158.28
04.20.2002-18:00:00,04,20,2002,18,126.96
04.20.2002-21:00:00,04,20,2002,21,107.66
04.21.2002-00:00:00,04,21,2002,00,96.558
04.21.2002-03:00:00,04,21,2002,03,89.128
04.21.2002-06:00:00,04,21,2002,06,82.76
04.21.2002-09:00:00,04,21,2002,09,185.06
04.21.2002-12:00:00,04,21,2002,12,227.16
04.21.2002-15:00:00,04,21,2002,15,169.98
04.21.2002-18:00:00,04,21,2002,18,139.63
04.21.2002-21:00:00,04,21,2002,21,114.24
04.22.2002-00:00:00,04,22,2002,00,108.02
04.22.2002-03:00:00,04,22,2002,03,98.889
04.22.2002-06:00:00,04,22,2002,06,112.65
04.22.2002-09:00:00,04,22,2002,09,209.63
04.22.2002-12:00:00,04,22,2002,12,235
04.22.2002-15:00:00,04,22,2002,15,181.07
04.22.2002-18:00:00,04,22,2002,18,153.75
04.22.2002-21:00:00,04,22,2002,21,133.8
04.23.2002-00:00:00,04,23,2002,00,113.15
04.23.2002-03:00:00,04,23,2002,03,93.147
04.23.2002-06:00:00,04,23,2002,06,83.309
04.23.2002-09:00:00,04,23,2002,09,99.816
04.23.2002-12:00:00,04,23,2002,12,168.12
04.23.2002-15:00:00,04,23,2002,15,158.21
04.23.2002-18:00:00,04,23,2002,18,133.58
04.23.2002-21:00:00,04,23,2002,21,113.37
04.24.2002-00:00:00,04,24,2002,00,95.453
04.24.2002-03:00:00,04,24,2002,03,85.886
04.24.2002-06:00:00,04,24,2002,06,85.922
04.24.2002-09:00:00,04,24,2002,09,103.88
04.24.2002-12:00:00,04,24,2002,12,122.73
04.24.2002-15:00:00,04,24,2002,15,100.07
04.24.2002-18:00:00,04,24,2002,18,91.961
04.24.2002-21:00:00,04,24,2002,21,87.352
04.25.2002-00:00:00,04,25,2002,00,83.725
04.25.2002-03:00:00,04,25,2002,03,83.41
04.25.2002-06:00:00,04,25,2002,06,74.663
04.25.2002-09:00:00,04,25,2002,09,74.233
04.25.2002-12:00:00,04,25,2002,12,109.65
04.25.2002-15:00:00,04,25,2002,15,112.18
04.25.2002-18:00:00,04,25,2002,18,95.812
04.25.2002-21:00:00,04,25,2002,21,85.927
04.26.2002-00:00:00,04,26,2002,00,84.968
04.26.2002-03:00:00,04,26,2002,03,79.792
04.26.2002-06:00:00,04,26,2002,06,69.507
04.26.2002-09:00:00,04,26,2002,09,66.252
04.26.2002-12:00:00,04,26,2002,12,111.95
04.26.2002-15:00:00,04,26,2002,15,128.43
04.26.2002-18:00:00,04,26,2002,18,113.74
04.26.2002-21:00:00,04,26,2002,21,101.6
04.27.2002-00:00:00,04,27,2002,00,89.263
04.27.2002-03:00:00,04,27,2002,03,85.671
04.27.2002-06:00:00,04,27,2002,06,80.289
04.27.2002-09:00:00,04,27,2002,09,128.87
04.27.2002-12:00:00,04,27,2002,12,173.77
04.27.2002-15:00:00,04,27,2002,15,133.8
04.27.2002-18:00:00,04,27,2002,18,113.01
04.27.2002-21:00:00,04,27,2002,21,102.34
04.28.2002-00:00:00,04,28,2002,00,97.933
04.28.2002-03:00:00,04,28,2002,03,94.555
04.28.2002-06:00:00,04,28,2002,06,90.233
04.28.2002-09:00:00,04,28,2002,09,149.99
04.28.2002-12:00:00,04,28,2002,12,182.62
04.28.2002-15:00:00,04,28,2002,15,139.5
04.28.2002-18:00:00,04,28,2002,18,123.31
04.28.2002-21:00:00,04,28,2002,21,111.52
04.29.2002-00:00:00,04,29,2002,00,105.68
04.29.2002-03:00:00,04,29,2002,03,102.16
04.29.2002-06:00:00,04,29,2002,06,92.113
04.29.2002-09:00:00,04,29,2002,09,184.72
04.29.2002-12:00:00,04,29,2002,12,214.23
04.29.2002-15:00:00,04,29,2002,15,153.63
04.29.2002-18:00:00,04,29,2002,18,131.95
04.29.2002-21:00:00,04,29,2002,21,116.49
04.30.2002-00:00:00,04,30,2002,00,110.41
04.30.2002-03:00:00,04,30,2002,03,104.9
04.30.2002-06:00:00,04,30,2002,06,96.928
04.30.2002-09:00:00,04,30,2002,09,187.15
04.30.2002-12:00:00,04,30,2002,12,206.37
04.30.2002-15:00:00,04,30,2002,15,172.65
04.30.2002-18:00:00,04,30,2002,18,152.69
04.30.2002-21:00:00,04,30,2002,21,135.04
05.01.2002-00:00:00,05,01,2002,00,131.55
05.01.2002-03:00:00,05,01,2002,03,118.98
05.01.2002-06:00:00,05,01,2002,06,139.04
05.01.2002-09:00:00,05,01,2002,09,226.38
05.01.2002-12:00:00,05,01,2002,12,251.59
05.01.2002-15:00:00,05,01,2002,15,241.75
05.01.2002-18:00:00,05,01,2002,18,229.37
05.01.2002-21:00:00,05,01,2002,21,201.62
05.02.2002-00:00:00,05,02,2002,00,179.83
05.02.2002-03:00:00,05,02,2002,03,157.85
05.02.2002-06:00:00,05,02,2002,06,208.49
05.02.2002-09:00:00,05,02,2002,09,389.67
05.02.2002-12:00:00,05,02,2002,12,427.05
05.02.2002-15:00:00,05,02,2002,15,317.26
05.02.2002-18:00:00,05,02,2002,18,251.6
05.02.2002-21:00:00,05,02,2002,21,216.41
05.03.2002-00:00:00,05,03,2002,00,197.25
05.03.2002-03:00:00,05,03,2002,03,177.93
05.03.2002-06:00:00,05,03,2002,06,228.97
05.03.2002-09:00:00,05,03,2002,09,459.3
05.03.2002-12:00:00,05,03,2002,12,491.61
05.03.2002-15:00:00,05,03,2002,15,309.97
05.03.2002-18:00:00,05,03,2002,18,259.09
05.03.2002-21:00:00,05,03,2002,21,229.65
05.04.2002-00:00:00,05,04,2002,00,212.44
05.04.2002-03:00:00,05,04,2002,03,201.08
05.04.2002-06:00:00,05,04,2002,06,189.24
05.04.2002-09:00:00,05,04,2002,09,288.88
05.04.2002-12:00:00,05,04,2002,12,424.19
05.04.2002-15:00:00,05,04,2002,15,279.9
05.04.2002-18:00:00,05,04,2002,18,225.34
05.04.2002-21:00:00,05,04,2002,21,214.35
05.05.2002-00:00:00,05,05,2002,00,209.93
05.05.2002-03:00:00,05,05,2002,03,206.75
05.05.2002-06:00:00,05,05,2002,06,191.64
05.05.2002-09:00:00,05,05,2002,09,248.87
05.05.2002-12:00:00,05,05,2002,12,433.37
05.05.2002-15:00:00,05,05,2002,15,300.78
05.05.2002-18:00:00,05,05,2002,18,263.83
05.05.2002-21:00:00,05,05,2002,21,227.03
05.06.2002-00:00:00,05,06,2002,00,224.43
05.06.2002-03:00:00,05,06,2002,03,223.51
05.06.2002-06:00:00,05,06,2002,06,208.33
05.06.2002-09:00:00,05,06,2002,09,213.24
05.06.2002-12:00:00,05,06,2002,12,340.9
05.06.2002-15:00:00,05,06,2002,15,276.4
05.06.2002-18:00:00,05,06,2002,18,245.57
05.06.2002-21:00:00,05,06,2002,21,230.14
05.07.2002-00:00:00,05,07,2002,00,227.2
05.07.2002-03:00:00,05,07,2002,03,227.79
05.07.2002-06:00:00,05,07,2002,06,216.96
05.07.2002-09:00:00,05,07,2002,09,200.14
05.07.2002-12:00:00,05,07,2002,12,244.26
05.07.2002-15:00:00,05,07,2002,15,257.41
05.07.2002-18:00:00,05,07,2002,18,233.3
05.07.2002-21:00:00,05,07,2002,21,227.59
05.08.2002-00:00:00,05,08,2002,00,226.54
05.08.2002-03:00:00,05,08,2002,03,226.79
05.08.2002-06:00:00,05,08,2002,06,214.6
05.08.2002-09:00:00,05,08,2002,09,204.42
05.08.2002-12:00:00,05,08,2002,12,314.37
05.08.2002-15:00:00,05,08,2002,15,285.55
05.08.2002-18:00:00,05,08,2002,18,249.07
05.08.2002-21:00:00,05,08,2002,21,241.94
05.09.2002-00:00:00,05,09,2002,00,239.42
05.09.2002-03:00:00,05,09,2002,03,240.02
05.09.2002-06:00:00,05,09,2002,06,222.31
05.09.2002-09:00:00,05,09,2002,09,211
05.09.2002-12:00:00,05,09,2002,12,315.08
05.09.2002-15:00:00,05,09,2002,15,291.64
05.09.2002-18:00:00,05,09,2002,18,250.49
05.09.2002-21:00:00,05,09,2002,21,242.93
05.10.2002-00:00:00,05,10,2002,00,240.61
05.10.2002-03:00:00,05,10,2002,03,236
05.10.2002-06:00:00,05,10,2002,06,221.76
05.10.2002-09:00:00,05,10,2002,09,245.91
05.10.2002-12:00:00,05,10,2002,12,383.21
05.10.2002-15:00:00,05,10,2002,15,305.47
05.10.2002-18:00:00,05,10,2002,18,257.94
05.10.2002-21:00:00,05,10,2002,21,248.67
05.11.2002-00:00:00,05,11,2002,00,246.39
05.11.2002-03:00:00,05,11,2002,03,240
05.11.2002-06:00:00,05,11,2002,06,213.35
05.11.2002-09:00:00,05,11,2002,09,346.01
05.11.2002-12:00:00,05,11,2002,12,537.88
05.11.2002-15:00:00,05,11,2002,15,419.07
05.11.2002-18:00:00,05,11,2002,18,341.96
05.11.2002-21:00:00,05,11,2002,21,285.85
05.12.2002-00:00:00,05,12,2002,00,272.12
05.12.2002-03:00:00,05,12,2002,03,255.1
05.12.2002-06:00:00,05,12,2002,06,259.57
05.12.2002-09:00:00,05,12,2002,09,517.42
05.12.2002-12:00:00,05,12,2002,12,619.53
05.12.2002-15:00:00,05,12,2002,15,511.34
05.12.2002-18:00:00,05,12,2002,18,439.56
05.12.2002-21:00:00,05,12,2002,21,372.6
05.13.2002-00:00:00,05,13,2002,00,321.33
05.13.2002-03:00:00,05,13,2002,03,292.03
05.13.2002-06:00:00,05,13,2002,06,392.16
05.13.2002-09:00:00,05,13,2002,09,680.41
05.13.2002-12:00:00,05,13,2002,12,824.74
05.13.2002-15:00:00,05,13,2002,15,694.35
05.13.2002-18:00:00,05,13,2002,18,675.43
05.13.2002-21:00:00,05,13,2002,21,663.61
05.14.2002-00:00:00,05,14,2002,00,526.18
05.14.2002-03:00:00,05,14,2002,03,392.58
05.14.2002-06:00:00,05,14,2002,06,491.44
05.14.2002-09:00:00,05,14,2002,09,839.78
05.14.2002-12:00:00,05,14,2002,12,1002.8
05.14.2002-15:00:00,05,14,2002,15,964.78
05.14.2002-18:00:00,05,14,2002,18,916.21
05.14.2002-21:00:00,05,14,2002,21,790.34
05.15.2002-00:00:00,05,15,2002,00,607.11
05.15.2002-03:00:00,05,15,2002,03,476.01
05.15.2002-06:00:00,05,15,2002,06,454.5
05.15.2002-09:00:00,05,15,2002,09,774.36
05.15.2002-12:00:00,05,15,2002,12,944.85
05.15.2002-15:00:00,05,15,2002,15,837
05.15.2002-18:00:00,05,15,2002,18,752.5
05.15.2002-21:00:00,05,15,2002,21,705.96
05.16.2002-00:00:00,05,16,2002,00,583.3
05.16.2002-03:00:00,05,16,2002,03,486.56
05.16.2002-06:00:00,05,16,2002,06,431.58
05.16.2002-09:00:00,05,16,2002,09,736.67
05.16.2002-12:00:00,05,16,2002,12,963.25
05.16.2002-15:00:00,05,16,2002,15,825.98
05.16.2002-18:00:00,05,16,2002,18,744.14
05.16.2002-21:00:00,05,16,2002,21,682.15
05.17.2002-00:00:00,05,17,2002,00,624.07
05.17.2002-03:00:00,05,17,2002,03,511.28
05.17.2002-06:00:00,05,17,2002,06,512.11
05.17.2002-09:00:00,05,17,2002,09,857.44
05.17.2002-12:00:00,05,17,2002,12,1128.7
05.17.2002-15:00:00,05,17,2002,15,1008.2
05.17.2002-18:00:00,05,17,2002,18,932.29
05.17.2002-21:00:00,05,17,2002,21,850.54
05.18.2002-00:00:00,05,18,2002,00,748.07
05.18.2002-03:00:00,05,18,2002,03,631.02
05.18.2002-06:00:00,05,18,2002,06,736.03
05.18.2002-09:00:00,05,18,2002,09,1078.5
05.18.2002-12:00:00,05,18,2002,12,1263.9
05.18.2002-15:00:00,05,18,2002,15,1188.8
05.18.2002-18:00:00,05,18,2002,18,1107
05.18.2002-21:00:00,05,18,2002,21,1057.7
05.19.2002-00:00:00,05,19,2002,00,985.42
05.19.2002-03:00:00,05,19,2002,03,788.35
05.19.2002-06:00:00,05,19,2002,06,847.7
05.19.2002-09:00:00,05,19,2002,09,1085.3
05.19.2002-12:00:00,05,19,2002,12,1237.3
05.19.2002-15:00:00,05,19,2002,15,1201.6
05.19.2002-18:00:00,05,19,2002,18,1195.5
05.19.2002-21:00:00,05,19,2002,21,1066.2
05.20.2002-00:00:00,05,20,2002,00,1029.9
05.20.2002-03:00:00,05,20,2002,03,871.26
05.20.2002-06:00:00,05,20,2002,06,1027.3
05.20.2002-09:00:00,05,20,2002,09,1402.4
05.20.2002-12:00:00,05,20,2002,12,1712.5
05.20.2002-15:00:00,05,20,2002,15,1593.4
05.20.2002-18:00:00,05,20,2002,18,1563.2
05.20.2002-21:00:00,05,20,2002,21,1425.5
05.21.2002-00:00:00,05,21,2002,00,1215.1
05.21.2002-03:00:00,05,21,2002,03,1026.8
05.21.2002-06:00:00,05,21,2002,06,1052.7
05.21.2002-09:00:00,05,21,2002,09,1345.9
05.21.2002-12:00:00,05,21,2002,12,1469
05.21.2002-15:00:00,05,21,2002,15,1421.2
05.21.2002-18:00:00,05,21,2002,18,1313.1
05.21.2002-21:00:00,05,21,2002,21,1273.4
05.22.2002-00:00:00,05,22,2002,00,1164.1
05.22.2002-03:00:00,05,22,2002,03,1123.9
05.22.2002-06:00:00,05,22,2002,06,1036.9
05.22.2002-09:00:00,05,22,2002,09,1358.7
05.22.2002-12:00:00,05,22,2002,12,1488
05.22.2002-15:00:00,05,22,2002,15,1466.5
05.22.2002-18:00:00,05,22,2002,18,1397.5
05.22.2002-21:00:00,05,22,2002,21,1318.4
05.23.2002-00:00:00,05,23,2002,00,1198.2
05.23.2002-03:00:00,05,23,2002,03,1168.1
05.23.2002-06:00:00,05,23,2002,06,1042.4
05.23.2002-09:00:00,05,23,2002,09,1366.1
05.23.2002-12:00:00,05,23,2002,12,1539.3
05.23.2002-15:00:00,05,23,2002,15,1499.6
05.23.2002-18:00:00,05,23,2002,18,1383.5
05.23.2002-21:00:00,05,23,2002,21,1400
05.24.2002-00:00:00,05,24,2002,00,1209.9
05.24.2002-03:00:00,05,24,2002,03,1172.7
05.24.2002-06:00:00,05,24,2002,06,1120.4
05.24.2002-09:00:00,05,24,2002,09,1502.4
05.24.2002-12:00:00,05,24,2002,12,1779
05.24.2002-15:00:00,05,24,2002,15,1810.3
05.24.2002-18:00:00,05,24,2002,18,1637.2
05.24.2002-21:00:00,05,24,2002,21,1637.1
05.25.2002-00:00:00,05,25,2002,00,1351
05.25.2002-03:00:00,05,25,2002,03,1318.8
05.25.2002-06:00:00,05,25,2002,06,1197
05.25.2002-09:00:00,05,25,2002,09,1636.6
05.25.2002-12:00:00,05,25,2002,12,1906.7
05.25.2002-15:00:00,05,25,2002,15,1962.9
05.25.2002-18:00:00,05,25,2002,18,1771.4
05.25.2002-21:00:00,05,25,2002,21,1728
05.26.2002-00:00:00,05,26,2002,00,1531.5
05.26.2002-03:00:00,05,26,2002,03,1383.3
05.26.2002-06:00:00,05,26,2002,06,1469.4
05.26.2002-09:00:00,05,26,2002,09,1708.6
05.26.2002-12:00:00,05,26,2002,12,2034.1
05.26.2002-15:00:00,05,26,2002,15,1952
05.26.2002-18:00:00,05,26,2002,18,1926.5
05.26.2002-21:00:00,05,26,2002,21,1760.7
05.27.2002-00:00:00,05,27,2002,00,1705.7
05.27.2002-03:00:00,05,27,2002,03,1468.8
05.27.2002-06:00:00,05,27,2002,06,1654.3
05.27.2002-09:00:00,05,27,2002,09,2091.5
05.27.2002-12:00:00,05,27,2002,12,2428.7
05.27.2002-15:00:00,05,27,2002,15,2311.3
05.27.2002-18:00:00,05,27,2002,18,2160.3
05.27.2002-21:00:00,05,27,2002,21,1935.4
05.28.2002-00:00:00,05,28,2002,00,1768.8
05.28.2002-03:00:00,05,28,2002,03,1597.5
05.28.2002-06:00:00,05,28,2002,06,1747.2
05.28.2002-09:00:00,05,28,2002,09,2140.4
05.28.2002-12:00:00,05,28,2002,12,2573.2
05.28.2002-15:00:00,05,28,2002,15,2566
05.28.2002-18:00:00,05,28,2002,18,2505.6
05.28.2002-21:00:00,05,28,2002,21,2218.1
05.29.2002-00:00:00,05,29,2002,00,2036.9
05.29.2002-03:00:00,05,29,2002,03,1920.1
05.29.2002-06:00:00,05,29,2002,06,1971.4
05.29.2002-09:00:00,05,29,2002,09,2256.3
05.29.2002-12:00:00,05,29,2002,12,2579.5
05.29.2002-15:00:00,05,29,2002,15,2387.6
05.29.2002-18:00:00,05,29,2002,18,2364.5
05.29.2002-21:00:00,05,29,2002,21,2261.1
05.30.2002-00:00:00,05,30,2002,00,2033.3
05.30.2002-03:00:00,05,30,2002,03,1938
05.30.2002-06:00:00,05,30,2002,06,2007.6
05.30.2002-09:00:00,05,30,2002,09,2391.7
05.30.2002-12:00:00,05,30,2002,12,2826.6
05.30.2002-15:00:00,05,30,2002,15,2675.6
05.30.2002-18:00:00,05,30,2002,18,2615.1
05.30.2002-21:00:00,05,30,2002,21,2403.4
05.31.2002-00:00:00,05,31,2002,00,2139.6
05.31.2002-03:00:00,05,31,2002,03,2046.4
05.31.2002-06:00:00,05,31,2002,06,2137
05.31.2002-09:00:00,05,31,2002,09,2492.7
05.31.2002-12:00:00,05,31,2002,12,2761.7
05.31.2002-15:00:00,05,31,2002,15,2883.2
05.31.2002-18:00:00,05,31,2002,18,2720.6
05.31.2002-21:00:00,05,31,2002,21,2588.9
06.01.2002-00:00:00,06,01,2002,00,2258.3
06.01.2002-03:00:00,06,01,2002,03,2146.8
06.01.2002-06:00:00,06,01,2002,06,2237.5
06.01.2002-09:00:00,06,01,2002,09,2487.3
06.01.2002-12:00:00,06,01,2002,12,2779.6
06.01.2002-15:00:00,06,01,2002,15,2725.1
06.01.2002-18:00:00,06,01,2002,18,2654.8
06.01.2002-21:00:00,06,01,2002,21,2523.9
06.02.2002-00:00:00,06,02,2002,00,2255.6
06.02.2002-03:00:00,06,02,2002,03,2129.7
06.02.2002-06:00:00,06,02,2002,06,2215.6
06.02.2002-09:00:00,06,02,2002,09,2704.3
06.02.2002-12:00:00,06,02,2002,12,2909
06.02.2002-15:00:00,06,02,2002,15,3054.8
06.02.2002-18:00:00,06,02,2002,18,2918.8
06.02.2002-21:00:00,06,02,2002,21,2801.6
06.03.2002-00:00:00,06,03,2002,00,2485.9
06.03.2002-03:00:00,06,03,2002,03,2311.8
06.03.2002-06:00:00,06,03,2002,06,2567.7
06.03.2002-09:00:00,06,03,2002,09,2794.7
06.03.2002-12:00:00,06,03,2002,12,3279.3
06.03.2002-15:00:00,06,03,2002,15,3142.2
06.03.2002-18:00:00,06,03,2002,18,3098.8
06.03.2002-21:00:00,06,03,2002,21,2934.2
06.04.2002-00:00:00,06,04,2002,00,2655.4
06.04.2002-03:00:00,06,04,2002,03,2423.1
06.04.2002-06:00:00,06,04,2002,06,2622.2
06.04.2002-09:00:00,06,04,2002,09,2866.3
06.04.2002-12:00:00,06,04,2002,12,3335.5
06.04.2002-15:00:00,06,04,2002,15,3239.3
06.04.2002-18:00:00,06,04,2002,18,3065.6
06.04.2002-21:00:00,06,04,2002,21,2974.5
06.05.2002-00:00:00,06,05,2002,00,2670.9
06.05.2002-03:00:00,06,05,2002,03,2491.3
06.05.2002-06:00:00,06,05,2002,06,2697.9
06.05.2002-09:00:00,06,05,2002,09,2987.1
06.05.2002-12:00:00,06,05,2002,12,3348.5
06.05.2002-15:00:00,06,05,2002,15,3296.2
06.05.2002-18:00:00,06,05,2002,18,3135.8
06.05.2002-21:00:00,06,05,2002,21,3084.1
06.06.2002-00:00:00,06,06,2002,00,2698.6
06.06.2002-03:00:00,06,06,2002,03,2582.1
06.06.2002-06:00:00,06,06,2002,06,2781.3
06.06.2002-09:00:00,06,06,2002,09,2958.9
06.06.2002-12:00:00,06,06,2002,12,3325.9
06.06.2002-15:00:00,06,06,2002,15,3177.6
06.06.2002-18:00:00,06,06,2002,18,3031.8
06.06.2002-21:00:00,06,06,2002,21,2908.1
06.07.2002-00:00:00,06,07,2002,00,2654.1
06.07.2002-03:00:00,06,07,2002,03,2519.7
06.07.2002-06:00:00,06,07,2002,06,2517.2
06.07.2002-09:00:00,06,07,2002,09,2588.7
06.07.2002-12:00:00,06,07,2002,12,2885.7
06.07.2002-15:00:00,06,07,2002,15,2741.5
06.07.2002-18:00:00,06,07,2002,18,2654.3
06.07.2002-21:00:00,06,07,2002,21,2488.8
06.08.2002-00:00:00,06,08,2002,00,2328
06.08.2002-03:00:00,06,08,2002,03,2275.8
06.08.2002-06:00:00,06,08,2002,06,2089.6
06.08.2002-09:00:00,06,08,2002,09,2105.4
06.08.2002-12:00:00,06,08,2002,12,1991.6
06.08.2002-15:00:00,06,08,2002,15,1966.3
06.08.2002-18:00:00,06,08,2002,18,1850.8
06.08.2002-21:00:00,06,08,2002,21,1876.7
06.09.2002-00:00:00,06,09,2002,00,1678.2
06.09.2002-03:00:00,06,09,2002,03,1716.5
06.09.2002-06:00:00,06,09,2002,06,1608.7
06.09.2002-09:00:00,06,09,2002,09,1622.3
06.09.2002-12:00:00,06,09,2002,12,1518
06.09.2002-15:00:00,06,09,2002,15,1623
06.09.2002-18:00:00,06,09,2002,18,1480.2
06.09.2002-21:00:00,06,09,2002,21,1539.7
06.10.2002-00:00:00,06,10,2002,00,1466.4
06.10.2002-03:00:00,06,10,2002,03,1394.4
06.10.2002-06:00:00,06,10,2002,06,1325.6
06.10.2002-09:00:00,06,10,2002,09,1577.9
06.10.2002-12:00:00,06,10,2002,12,1701.6
06.10.2002-15:00:00,06,10,2002,15,1849.2
06.10.2002-18:00:00,06,10,2002,18,1722.2
06.10.2002-21:00:00,06,10,2002,21,1733.9
06.11.2002-00:00:00,06,11,2002,00,1603.3
06.11.2002-03:00:00,06,11,2002,03,1433.9
06.11.2002-06:00:00,06,11,2002,06,1476.7
06.11.2002-09:00:00,06,11,2002,09,1784.2
06.11.2002-12:00:00,06,11,2002,12,2089.5
06.11.2002-15:00:00,06,11,2002,15,2123.7
06.11.2002-18:00:00,06,11,2002,18,2155.8
06.11.2002-21:00:00,06,11,2002,21,2003.8
06.12.2002-00:00:00,06,12,2002,00,1907
06.12.2002-03:00:00,06,12,2002,03,1790.7
06.12.2002-06:00:00,06,12,2002,06,1805.6
06.12.2002-09:00:00,06,12,2002,09,2078.9
06.12.2002-12:00:00,06,12,2002,12,2368.9
06.12.2002-15:00:00,06,12,2002,15,2281
06.12.2002-18:00:00,06,12,2002,18,2283.1
06.12.2002-21:00:00,06,12,2002,21,2059.5
06.13.2002-00:00:00,06,13,2002,00,2048.2
06.13.2002-03:00:00,06,13,2002,03,1890.8
06.13.2002-06:00:00,06,13,2002,06,2192.2
06.13.2002-09:00:00,06,13,2002,09,2308.1
06.13.2002-12:00:00,06,13,2002,12,2741.4
06.13.2002-15:00:00,06,13,2002,15,2450.9
06.13.2002-18:00:00,06,13,2002,18,2261.6
06.13.2002-21:00:00,06,13,2002,21,2200.1
06.14.2002-00:00:00,06,14,2002,00,2204.6
06.14.2002-03:00:00,06,14,2002,03,2132.3
06.14.2002-06:00:00,06,14,2002,06,2427.4
06.14.2002-09:00:00,06,14,2002,09,2587.7
06.14.2002-12:00:00,06,14,2002,12,2951
06.14.2002-15:00:00,06,14,2002,15,2553.3
06.14.2002-18:00:00,06,14,2002,18,2502.2
06.14.2002-21:00:00,06,14,2002,21,2294.1
06.15.2002-00:00:00,06,15,2002,00,2354.9
06.15.2002-03:00:00,06,15,2002,03,2445.7
06.15.2002-06:00:00,06,15,2002,06,2529.8
06.15.2002-09:00:00,06,15,2002,09,2923.3
06.15.2002-12:00:00,06,15,2002,12,2928.9
06.15.2002-15:00:00,06,15,2002,15,2750.6
06.15.2002-18:00:00,06,15,2002,18,2572.1
06.15.2002-21:00:00,06,15,2002,21,2448.1
06.16.2002-00:00:00,06,16,2002,00,2490.1
06.16.2002-03:00:00,06,16,2002,03,2345.9
06.16.2002-06:00:00,06,16,2002,06,2659.7
06.16.2002-09:00:00,06,16,2002,09,2742.4
06.16.2002-12:00:00,06,16,2002,12,3118.8
06.16.2002-15:00:00,06,16,2002,15,3006.9
06.16.2002-18:00:00,06,16,2002,18,2802.7
06.16.2002-21:00:00,06,16,2002,21,2705.3
06.17.2002-00:00:00,06,17,2002,00,2596.4
06.17.2002-03:00:00,06,17,2002,03,2401.6
06.17.2002-06:00:00,06,17,2002,06,2430.1
06.17.2002-09:00:00,06,17,2002,09,2582.7
06.17.2002-12:00:00,06,17,2002,12,2631.9
06.17.2002-15:00:00,06,17,2002,15,2581.4
06.17.2002-18:00:00,06,17,2002,18,2463.8
06.17.2002-21:00:00,06,17,2002,21,2436.8
06.18.2002-00:00:00,06,18,2002,00,2391.3
06.18.2002-03:00:00,06,18,2002,03,2317.6
06.18.2002-06:00:00,06,18,2002,06,2297.4
06.18.2002-09:00:00,06,18,2002,09,2340.2
06.18.2002-12:00:00,06,18,2002,12,2465.8
06.18.2002-15:00:00,06,18,2002,15,2304.6
06.18.2002-18:00:00,06,18,2002,18,2256.9
06.18.2002-21:00:00,06,18,2002,21,2153.6
06.19.2002-00:00:00,06,19,2002,00,2069.9
06.19.2002-03:00:00,06,19,2002,03,1965.3
06.19.2002-06:00:00,06,19,2002,06,1986.2
06.19.2002-09:00:00,06,19,2002,09,2014
06.19.2002-12:00:00,06,19,2002,12,1977.3
06.19.2002-15:00:00,06,19,2002,15,2029.2
06.19.2002-18:00:00,06,19,2002,18,1763.7
06.19.2002-21:00:00,06,19,2002,21,1781
06.20.2002-00:00:00,06,20,2002,00,1672.3
06.20.2002-03:00:00,06,20,2002,03,1690.1
06.20.2002-06:00:00,06,20,2002,06,1563.5
06.20.2002-09:00:00,06,20,2002,09,1756.8
06.20.2002-12:00:00,06,20,2002,12,1795.2
06.20.2002-15:00:00,06,20,2002,15,1765.4
06.20.2002-18:00:00,06,20,2002,18,1594.1
06.20.2002-21:00:00,06,20,2002,21,1550.9
06.21.2002-00:00:00,06,21,2002,00,1471.4
06.21.2002-03:00:00,06,21,2002,03,1481.5
06.21.2002-06:00:00,06,21,2002,06,1442.6
06.21.2002-09:00:00,06,21,2002,09,1669.9
06.21.2002-12:00:00,06,21,2002,12,1703.1
06.21.2002-15:00:00,06,21,2002,15,1681.6
06.21.2002-18:00:00,06,21,2002,18,1507.9
06.21.2002-21:00:00,06,21,2002,21,1511.5
06.22.2002-00:00:00,06,22,2002,00,1429
06.22.2002-03:00:00,06,22,2002,03,1388
06.22.2002-06:00:00,06,22,2002,06,1525.4
06.22.2002-09:00:00,06,22,2002,09,1597.4
06.22.2002-12:00:00,06,22,2002,12,1816
06.22.2002-15:00:00,06,22,2002,15,1588.9
06.22.2002-18:00:00,06,22,2002,18,1564.6
06.22.2002-21:00:00,06,22,2002,21,1529.2
06.23.2002-00:00:00,06,23,2002,00,1495
06.23.2002-03:00:00,06,23,2002,03,1394.4
06.23.2002-06:00:00,06,23,2002,06,1506.4
06.23.2002-09:00:00,06,23,2002,09,1678.6
06.23.2002-12:00:00,06,23,2002,12,1755.2
06.23.2002-15:00:00,06,23,2002,15,1658.1
06.23.2002-18:00:00,06,23,2002,18,1554.9
06.23.2002-21:00:00,06,23,2002,21,1453.2
06.24.2002-00:00:00,06,24,2002,00,1451.9
06.24.2002-03:00:00,06,24,2002,03,1406.6
06.24.2002-06:00:00,06,24,2002,06,1387.2
06.24.2002-09:00:00,06,24,2002,09,1495
06.24.2002-12:00:00,06,24,2002,12,1649.1
06.24.2002-15:00:00,06,24,2002,15,1398.6
06.24.2002-18:00:00,06,24,2002,18,1426.4
06.24.2002-21:00:00,06,24,2002,21,1437.5
06.25.2002-00:00:00,06,25,2002,00,1351.6
06.25.2002-03:00:00,06,25,2002,03,1280
06.25.2002-06:00:00,06,25,2002,06,1280
06.25.2002-09:00:00,06,25,2002,09,1279.9
06.25.2002-12:00:00,06,25,2002,12,1277
06.25.2002-15:00:00,06,25,2002,15,1244.7
06.25.2002-18:00:00,06,25,2002,18,1281.7
06.25.2002-21:00:00,06,25,2002,21,1232.8
06.26.2002-00:00:00,06,26,2002,00,1275.1
06.26.2002-03:00:00,06,26,2002,03,1176.9
06.26.2002-06:00:00,06,26,2002,06,1203.5
06.26.2002-09:00:00,06,26,2002,09,1214.3
06.26.2002-12:00:00,06,26,2002,12,1212.9
06.26.2002-15:00:00,06,26,2002,15,1132.1
06.26.2002-18:00:00,06,26,2002,18,1172.7
06.26.2002-21:00:00,06,26,2002,21,1231.1
06.27.2002-00:00:00,06,27,2002,00,1235.3
06.27.2002-03:00:00,06,27,2002,03,1138.4
06.27.2002-06:00:00,06,27,2002,06,1155.5
06.27.2002-09:00:00,06,27,2002,09,1071.5
06.27.2002-12:00:00,06,27,2002,12,1077.1
06.27.2002-15:00:00,06,27,2002,15,1094.1
06.27.2002-18:00:00,06,27,2002,18,1128.8
06.27.2002-21:00:00,06,27,2002,21,1120.3
06.28.2002-00:00:00,06,28,2002,00,1303.5
06.28.2002-03:00:00,06,28,2002,03,1260.9
06.28.2002-06:00:00,06,28,2002,06,1327.4
06.28.2002-09:00:00,06,28,2002,09,1219.3
06.28.2002-12:00:00,06,28,2002,12,1322.6
06.28.2002-15:00:00,06,28,2002,15,1234.7
06.28.2002-18:00:00,06,28,2002,18,1368.3
06.28.2002-21:00:00,06,28,2002,21,1375.5
06.29.2002-00:00:00,06,29,2002,00,1394.7
06.29.2002-03:00:00,06,29,2002,03,1226.5
06.29.2002-06:00:00,06,29,2002,06,1255.9
06.29.2002-09:00:00,06,29,2002,09,1149.4
06.29.2002-12:00:00,06,29,2002,12,1227.3
06.29.2002-15:00:00,06,29,2002,15,1055
06.29.2002-18:00:00,06,29,2002,18,1157
06.29.2002-21:00:00,06,29,2002,21,1121.4
06.30.2002-00:00:00,06,30,2002,00,1124.8
06.30.2002-03:00:00,06,30,2002,03,1013.1
06.30.2002-06:00:00,06,30,2002,06,1033.7
06.30.2002-09:00:00,06,30,2002,09,881.49
06.30.2002-12:00:00,06,30,2002,12,989.39
06.30.2002-15:00:00,06,30,2002,15,820.67
06.30.2002-18:00:00,06,30,2002,18,946.69
06.30.2002-21:00:00,06,30,2002,21,871.24
07.01.2002-00:00:00,07,01,2002,00,939.69
07.01.2002-03:00:00,07,01,2002,03,897.57
07.01.2002-06:00:00,07,01,2002,06,827.2
07.01.2002-09:00:00,07,01,2002,09,851.66
07.01.2002-12:00:00,07,01,2002,12,739.92
07.01.2002-15:00:00,07,01,2002,15,813.98
07.01.2002-18:00:00,07,01,2002,18,758.81
07.01.2002-21:00:00,07,01,2002,21,795.47
07.02.2002-00:00:00,07,02,2002,00,868.5
07.02.2002-03:00:00,07,02,2002,03,769.32
07.02.2002-06:00:00,07,02,2002,06,735.64
07.02.2002-09:00:00,07,02,2002,09,704.04
07.02.2002-12:00:00,07,02,2002,12,699.65
07.02.2002-15:00:00,07,02,2002,15,663.88
07.02.2002-18:00:00,07,02,2002,18,689.49
07.02.2002-21:00:00,07,02,2002,21,788.54
07.03.2002-00:00:00,07,03,2002,00,718.67
07.03.2002-03:00:00,07,03,2002,03,738.73
07.03.2002-06:00:00,07,03,2002,06,653.39
07.03.2002-09:00:00,07,03,2002,09,607.23
07.03.2002-12:00:00,07,03,2002,12,602.87
07.03.2002-15:00:00,07,03,2002,15,613.48
07.03.2002-18:00:00,07,03,2002,18,631.53
07.03.2002-21:00:00,07,03,2002,21,695.16
07.04.2002-00:00:00,07,04,2002,00,699.72
07.04.2002-03:00:00,07,04,2002,03,672.83
07.04.2002-06:00:00,07,04,2002,06,578.01
07.04.2002-09:00:00,07,04,2002,09,552.3
07.04.2002-12:00:00,07,04,2002,12,524.75
07.04.2002-15:00:00,07,04,2002,15,571.44
07.04.2002-18:00:00,07,04,2002,18,615.7
07.04.2002-21:00:00,07,04,2002,21,635.15
07.05.2002-00:00:00,07,05,2002,00,661.49
07.05.2002-03:00:00,07,05,2002,03,642.38
07.05.2002-06:00:00,07,05,2002,06,573.53
07.05.2002-09:00:00,07,05,2002,09,528.19
07.05.2002-12:00:00,07,05,2002,12,512.03
07.05.2002-15:00:00,07,05,2002,15,542.58
07.05.2002-18:00:00,07,05,2002,18,574.31
07.05.2002-21:00:00,07,05,2002,21,588.94
07.06.2002-00:00:00,07,06,2002,00,602.53
07.06.2002-03:00:00,07,06,2002,03,586.18
07.06.2002-06:00:00,07,06,2002,06,524.67
07.06.2002-09:00:00,07,06,2002,09,485.89
07.06.2002-12:00:00,07,06,2002,12,474.95
07.06.2002-15:00:00,07,06,2002,15,507.53
07.06.2002-18:00:00,07,06,2002,18,516.18
07.06.2002-21:00:00,07,06,2002,21,540.78
07.07.2002-00:00:00,07,07,2002,00,651.55
07.07.2002-03:00:00,07,07,2002,03,699.31
07.07.2002-06:00:00,07,07,2002,06,673.88
07.07.2002-09:00:00,07,07,2002,09,662.23
07.07.2002-12:00:00,07,07,2002,12,665.63
07.07.2002-15:00:00,07,07,2002,15,700.82
07.07.2002-18:00:00,07,07,2002,18,710.77
07.07.2002-21:00:00,07,07,2002,21,762.72
07.08.2002-00:00:00,07,08,2002,00,659.17
07.08.2002-03:00:00,07,08,2002,03,589.06
07.08.2002-06:00:00,07,08,2002,06,515.58
07.08.2002-09:00:00,07,08,2002,09,479.63
07.08.2002-12:00:00,07,08,2002,12,489.71
07.08.2002-15:00:00,07,08,2002,15,490.89
07.08.2002-18:00:00,07,08,2002,18,500.1
07.08.2002-21:00:00,07,08,2002,21,530.89
07.09.2002-00:00:00,07,09,2002,00,529.68
07.09.2002-03:00:00,07,09,2002,03,518.86
07.09.2002-06:00:00,07,09,2002,06,484.37
07.09.2002-09:00:00,07,09,2002,09,445.08
07.09.2002-12:00:00,07,09,2002,12,448.9
07.09.2002-15:00:00,07,09,2002,15,460.13
07.09.2002-18:00:00,07,09,2002,18,483.99
07.09.2002-21:00:00,07,09,2002,21,487.52
07.10.2002-00:00:00,07,10,2002,00,499.8
07.10.2002-03:00:00,07,10,2002,03,483.37
07.10.2002-06:00:00,07,10,2002,06,435.67
07.10.2002-09:00:00,07,10,2002,09,394.35
07.10.2002-12:00:00,07,10,2002,12,401.44
07.10.2002-15:00:00,07,10,2002,15,418.26
07.10.2002-18:00:00,07,10,2002,18,452.99
07.10.2002-21:00:00,07,10,2002,21,442.2
07.11.2002-00:00:00,07,11,2002,00,464.8
07.11.2002-03:00:00,07,11,2002,03,438.76
07.11.2002-06:00:00,07,11,2002,06,368.32
07.11.2002-09:00:00,07,11,2002,09,345.88
07.11.2002-12:00:00,07,11,2002,12,380.63
07.11.2002-15:00:00,07,11,2002,15,396.16
07.11.2002-18:00:00,07,11,2002,18,407.53
07.11.2002-21:00:00,07,11,2002,21,418.22
07.12.2002-00:00:00,07,12,2002,00,424.59
07.12.2002-03:00:00,07,12,2002,03,390.3
07.12.2002-06:00:00,07,12,2002,06,332.74
07.12.2002-09:00:00,07,12,2002,09,336.71
07.12.2002-12:00:00,07,12,2002,12,358.93
07.12.2002-15:00:00,07,12,2002,15,369.62
07.12.2002-18:00:00,07,12,2002,18,387.62
07.12.2002-21:00:00,07,12,2002,21,402.39
07.13.2002-00:00:00,07,13,2002,00,405.94
07.13.2002-03:00:00,07,13,2002,03,374.38
07.13.2002-06:00:00,07,13,2002,06,317.01
07.13.2002-09:00:00,07,13,2002,09,319.1
07.13.2002-12:00:00,07,13,2002,12,339.59
07.13.2002-15:00:00,07,13,2002,15,350.24
07.13.2002-18:00:00,07,13,2002,18,366.99
07.13.2002-21:00:00,07,13,2002,21,379.33
07.14.2002-00:00:00,07,14,2002,00,382.13
07.14.2002-03:00:00,07,14,2002,03,347.19
07.14.2002-06:00:00,07,14,2002,06,287.87
07.14.2002-09:00:00,07,14,2002,09,284.12
07.14.2002-12:00:00,07,14,2002,12,285.59
07.14.2002-15:00:00,07,14,2002,15,317.84
07.14.2002-18:00:00,07,14,2002,18,339.28
07.14.2002-21:00:00,07,14,2002,21,350.29
07.15.2002-00:00:00,07,15,2002,00,354.02
07.15.2002-03:00:00,07,15,2002,03,334.45
07.15.2002-06:00:00,07,15,2002,06,298.91
07.15.2002-09:00:00,07,15,2002,09,264.28
07.15.2002-12:00:00,07,15,2002,12,274.43
07.15.2002-15:00:00,07,15,2002,15,305.73
07.15.2002-18:00:00,07,15,2002,18,322.1
07.15.2002-21:00:00,07,15,2002,21,336.17
07.16.2002-00:00:00,07,16,2002,00,336.74
07.16.2002-03:00:00,07,16,2002,03,321.9
07.16.2002-06:00:00,07,16,2002,06,269.55
07.16.2002-09:00:00,07,16,2002,09,256.39
07.16.2002-12:00:00,07,16,2002,12,256.63
07.16.2002-15:00:00,07,16,2002,15,284.94
07.16.2002-18:00:00,07,16,2002,18,310.86
07.16.2002-21:00:00,07,16,2002,21,317.44
07.17.2002-00:00:00,07,17,2002,00,321.59
07.17.2002-03:00:00,07,17,2002,03,294.61
07.17.2002-06:00:00,07,17,2002,06,257.89
07.17.2002-09:00:00,07,17,2002,09,229.46
07.17.2002-12:00:00,07,17,2002,12,239.68
07.17.2002-15:00:00,07,17,2002,15,268.15
07.17.2002-18:00:00,07,17,2002,18,294.61
07.17.2002-21:00:00,07,17,2002,21,300.99
07.18.2002-00:00:00,07,18,2002,00,306.94
07.18.2002-03:00:00,07,18,2002,03,278.7
07.18.2002-06:00:00,07,18,2002,06,245.83
07.18.2002-09:00:00,07,18,2002,09,216.33
07.18.2002-12:00:00,07,18,2002,12,224.77
07.18.2002-15:00:00,07,18,2002,15,252.53
07.18.2002-18:00:00,07,18,2002,18,276.42
07.18.2002-21:00:00,07,18,2002,21,291.79
07.19.2002-00:00:00,07,19,2002,00,289.05
07.19.2002-03:00:00,07,19,2002,03,273.3
07.19.2002-06:00:00,07,19,2002,06,222.36
07.19.2002-09:00:00,07,19,2002,09,201.98
07.19.2002-12:00:00,07,19,2002,12,212.17
07.19.2002-15:00:00,07,19,2002,15,241.15
07.19.2002-18:00:00,07,19,2002,18,263.57
07.19.2002-21:00:00,07,19,2002,21,277.97
07.20.2002-00:00:00,07,20,2002,00,275.29
07.20.2002-03:00:00,07,20,2002,03,263.76
07.20.2002-06:00:00,07,20,2002,06,215.89
07.20.2002-09:00:00,07,20,2002,09,192.63
07.20.2002-12:00:00,07,20,2002,12,201.07
07.20.2002-15:00:00,07,20,2002,15,230.81
07.20.2002-18:00:00,07,20,2002,18,251.65
07.20.2002-21:00:00,07,20,2002,21,267.4
07.21.2002-00:00:00,07,21,2002,00,262.97
07.21.2002-03:00:00,07,21,2002,03,253.41
07.21.2002-06:00:00,07,21,2002,06,205.39
07.21.2002-09:00:00,07,21,2002,09,181.75
07.21.2002-12:00:00,07,21,2002,12,191.98
07.21.2002-15:00:00,07,21,2002,15,221.38
07.21.2002-18:00:00,07,21,2002,18,239.76
07.21.2002-21:00:00,07,21,2002,21,251.49
07.22.2002-00:00:00,07,22,2002,00,257.67
07.22.2002-03:00:00,07,22,2002,03,231.42
07.22.2002-06:00:00,07,22,2002,06,194.72
07.22.2002-09:00:00,07,22,2002,09,174.24
07.22.2002-12:00:00,07,22,2002,12,183.33
07.22.2002-15:00:00,07,22,2002,15,210.96
07.22.2002-18:00:00,07,22,2002,18,227.74
07.22.2002-21:00:00,07,22,2002,21,240.33
07.23.2002-00:00:00,07,23,2002,00,247.19
07.23.2002-03:00:00,07,23,2002,03,219.71
07.23.2002-06:00:00,07,23,2002,06,182.19
07.23.2002-09:00:00,07,23,2002,09,165.19
07.23.2002-12:00:00,07,23,2002,12,175.27
07.23.2002-15:00:00,07,23,2002,15,201.48
07.23.2002-18:00:00,07,23,2002,18,217.97
07.23.2002-21:00:00,07,23,2002,21,226.31
07.24.2002-00:00:00,07,24,2002,00,228.78
07.24.2002-03:00:00,07,24,2002,03,213.6
07.24.2002-06:00:00,07,24,2002,06,168.11
07.24.2002-09:00:00,07,24,2002,09,154.59
07.24.2002-12:00:00,07,24,2002,12,165.23
07.24.2002-15:00:00,07,24,2002,15,191.09
07.24.2002-18:00:00,07,24,2002,18,209.04
07.24.2002-21:00:00,07,24,2002,21,217.26
07.25.2002-00:00:00,07,25,2002,00,217.91
07.25.2002-03:00:00,07,25,2002,03,196.51
07.25.2002-06:00:00,07,25,2002,06,160.27
07.25.2002-09:00:00,07,25,2002,09,148.13
07.25.2002-12:00:00,07,25,2002,12,157.75
07.25.2002-15:00:00,07,25,2002,15,182.06
07.25.2002-18:00:00,07,25,2002,18,199.81
07.25.2002-21:00:00,07,25,2002,21,208.77
07.26.2002-00:00:00,07,26,2002,00,209.33
07.26.2002-03:00:00,07,26,2002,03,188.43
07.26.2002-06:00:00,07,26,2002,06,154.38
07.26.2002-09:00:00,07,26,2002,09,139.27
07.26.2002-12:00:00,07,26,2002,12,148.44
07.26.2002-15:00:00,07,26,2002,15,170.68
07.26.2002-18:00:00,07,26,2002,18,190.27
07.26.2002-21:00:00,07,26,2002,21,198.25
07.27.2002-00:00:00,07,27,2002,00,201.78
07.27.2002-03:00:00,07,27,2002,03,184.96
07.27.2002-06:00:00,07,27,2002,06,154.84
07.27.2002-09:00:00,07,27,2002,09,136.39
07.27.2002-12:00:00,07,27,2002,12,141.95
07.27.2002-15:00:00,07,27,2002,15,165.15
07.27.2002-18:00:00,07,27,2002,18,183.99
07.27.2002-21:00:00,07,27,2002,21,191.11
07.28.2002-00:00:00,07,28,2002,00,192.77
07.28.2002-03:00:00,07,28,2002,03,179.68
07.28.2002-06:00:00,07,28,2002,06,149.76
07.28.2002-09:00:00,07,28,2002,09,130.67
07.28.2002-12:00:00,07,28,2002,12,136.89
07.28.2002-15:00:00,07,28,2002,15,159
07.28.2002-18:00:00,07,28,2002,18,176.24
07.28.2002-21:00:00,07,28,2002,21,183.92
07.29.2002-00:00:00,07,29,2002,00,183.99
07.29.2002-03:00:00,07,29,2002,03,173.63
07.29.2002-06:00:00,07,29,2002,06,154.33
07.29.2002-09:00:00,07,29,2002,09,139.52
07.29.2002-12:00:00,07,29,2002,12,140
07.29.2002-15:00:00,07,29,2002,15,153.39
07.29.2002-18:00:00,07,29,2002,18,168.24
07.29.2002-21:00:00,07,29,2002,21,176.86
07.30.2002-00:00:00,07,30,2002,00,177.17
07.30.2002-03:00:00,07,30,2002,03,168.04
07.30.2002-06:00:00,07,30,2002,06,153.17
07.30.2002-09:00:00,07,30,2002,09,140.83
07.30.2002-12:00:00,07,30,2002,12,139.81
07.30.2002-15:00:00,07,30,2002,15,149.27
07.30.2002-18:00:00,07,30,2002,18,161.83
07.30.2002-21:00:00,07,30,2002,21,170.72
07.31.2002-00:00:00,07,31,2002,00,171.61
07.31.2002-03:00:00,07,31,2002,03,159.44
07.31.2002-06:00:00,07,31,2002,06,136.27
07.31.2002-09:00:00,07,31,2002,09,118.28
07.31.2002-12:00:00,07,31,2002,12,121.41
07.31.2002-15:00:00,07,31,2002,15,142.19
07.31.2002-18:00:00,07,31,2002,18,155.09
07.31.2002-21:00:00,07,31,2002,21,163.82
08.01.2002-00:00:00,08,01,2002,00,166.36
08.01.2002-03:00:00,08,01,2002,03,157.3
08.01.2002-06:00:00,08,01,2002,06,134.82
08.01.2002-09:00:00,08,01,2002,09,113.28
08.01.2002-12:00:00,08,01,2002,12,118.46
08.01.2002-15:00:00,08,01,2002,15,142.27
08.01.2002-18:00:00,08,01,2002,18,152.14
08.01.2002-21:00:00,08,01,2002,21,159.79
08.02.2002-00:00:00,08,02,2002,00,160.06
08.02.2002-03:00:00,08,02,2002,03,148.24
08.02.2002-06:00:00,08,02,2002,06,126.39
08.02.2002-09:00:00,08,02,2002,09,106.27
08.02.2002-12:00:00,08,02,2002,12,111.98
08.02.2002-15:00:00,08,02,2002,15,135.35
08.02.2002-18:00:00,08,02,2002,18,145.33
08.02.2002-21:00:00,08,02,2002,21,150.09
08.03.2002-00:00:00,08,03,2002,00,153.69
08.03.2002-03:00:00,08,03,2002,03,143.93
08.03.2002-06:00:00,08,03,2002,06,126.31
08.03.2002-09:00:00,08,03,2002,09,108.41
08.03.2002-12:00:00,08,03,2002,12,110.98
08.03.2002-15:00:00,08,03,2002,15,131.31
08.03.2002-18:00:00,08,03,2002,18,140.13
08.03.2002-21:00:00,08,03,2002,21,145.73
08.04.2002-00:00:00,08,04,2002,00,150.55
08.04.2002-03:00:00,08,04,2002,03,152.92
08.04.2002-06:00:00,08,04,2002,06,139.17
08.04.2002-09:00:00,08,04,2002,09,125.3
08.04.2002-12:00:00,08,04,2002,12,120.24
08.04.2002-15:00:00,08,04,2002,15,139.73
08.04.2002-18:00:00,08,04,2002,18,156.09
08.04.2002-21:00:00,08,04,2002,21,162.46
08.05.2002-00:00:00,08,05,2002,00,145.98
08.05.2002-03:00:00,08,05,2002,03,135.98
08.05.2002-06:00:00,08,05,2002,06,120.52
08.05.2002-09:00:00,08,05,2002,09,108.98
08.05.2002-12:00:00,08,05,2002,12,104.23
08.05.2002-15:00:00,08,05,2002,15,123.16
08.05.2002-18:00:00,08,05,2002,18,131.61
08.05.2002-21:00:00,08,05,2002,21,135.59
08.06.2002-00:00:00,08,06,2002,00,138.14
08.06.2002-03:00:00,08,06,2002,03,132.39
08.06.2002-06:00:00,08,06,2002,06,116.27
08.06.2002-09:00:00,08,06,2002,09,97.11
08.06.2002-12:00:00,08,06,2002,12,99.656
08.06.2002-15:00:00,08,06,2002,15,118.89
08.06.2002-18:00:00,08,06,2002,18,127.73
08.06.2002-21:00:00,08,06,2002,21,131.08
08.07.2002-00:00:00,08,07,2002,00,132.63
08.07.2002-03:00:00,08,07,2002,03,128.32
08.07.2002-06:00:00,08,07,2002,06,116.55
08.07.2002-09:00:00,08,07,2002,09,101.22
08.07.2002-12:00:00,08,07,2002,12,101.14
08.07.2002-15:00:00,08,07,2002,15,114.8
08.07.2002-18:00:00,08,07,2002,18,122.82
08.07.2002-21:00:00,08,07,2002,21,126.66
08.08.2002-00:00:00,08,08,2002,00,128.64
08.08.2002-03:00:00,08,08,2002,03,121.98
08.08.2002-06:00:00,08,08,2002,06,105.43
08.08.2002-09:00:00,08,08,2002,09,87.845
08.08.2002-12:00:00,08,08,2002,12,89.625
08.08.2002-15:00:00,08,08,2002,15,107.59
08.08.2002-18:00:00,08,08,2002,18,116.72
08.08.2002-21:00:00,08,08,2002,21,121.69
08.09.2002-00:00:00,08,09,2002,00,121.83
08.09.2002-03:00:00,08,09,2002,03,111.34
08.09.2002-06:00:00,08,09,2002,06,93.066
08.09.2002-09:00:00,08,09,2002,09,78.46
08.09.2002-12:00:00,08,09,2002,12,83.604
08.09.2002-15:00:00,08,09,2002,15,97.647
08.09.2002-18:00:00,08,09,2002,18,109.59
08.09.2002-21:00:00,08,09,2002,21,114.08
08.10.2002-00:00:00,08,10,2002,00,116.44
08.10.2002-03:00:00,08,10,2002,03,102.78
08.10.2002-06:00:00,08,10,2002,06,84.77
08.10.2002-09:00:00,08,10,2002,09,72.727
08.10.2002-12:00:00,08,10,2002,12,79.311
08.10.2002-15:00:00,08,10,2002,15,92.84
08.10.2002-18:00:00,08,10,2002,18,100
08.10.2002-21:00:00,08,10,2002,21,108.48
08.11.2002-00:00:00,08,11,2002,00,109.64
08.11.2002-03:00:00,08,11,2002,03,98.83
08.11.2002-06:00:00,08,11,2002,06,82.911
08.11.2002-09:00:00,08,11,2002,09,70.834
08.11.2002-12:00:00,08,11,2002,12,76.455
08.11.2002-15:00:00,08,11,2002,15,88.519
08.11.2002-18:00:00,08,11,2002,18,95.762
08.11.2002-21:00:00,08,11,2002,21,103.52
08.12.2002-00:00:00,08,12,2002,00,105.68
08.12.2002-03:00:00,08,12,2002,03,95.515
08.12.2002-06:00:00,08,12,2002,06,80.914
08.12.2002-09:00:00,08,12,2002,09,69.437
08.12.2002-12:00:00,08,12,2002,12,74.352
08.12.2002-15:00:00,08,12,2002,15,84.351
08.12.2002-18:00:00,08,12,2002,18,91.928
08.12.2002-21:00:00,08,12,2002,21,98.19
08.13.2002-00:00:00,08,13,2002,00,101.46
08.13.2002-03:00:00,08,13,2002,03,90.51
08.13.2002-06:00:00,08,13,2002,06,75.882
08.13.2002-09:00:00,08,13,2002,09,66.672
08.13.2002-12:00:00,08,13,2002,12,71.936
08.13.2002-15:00:00,08,13,2002,15,79.654
08.13.2002-18:00:00,08,13,2002,18,85.188
08.13.2002-21:00:00,08,13,2002,21,91.315
08.14.2002-00:00:00,08,14,2002,00,94.237
08.14.2002-03:00:00,08,14,2002,03,86.053
08.14.2002-06:00:00,08,14,2002,06,70.634
08.14.2002-09:00:00,08,14,2002,09,65.643
08.14.2002-12:00:00,08,14,2002,12,71.689
08.14.2002-15:00:00,08,14,2002,15,77.814
08.14.2002-18:00:00,08,14,2002,18,81.428
08.14.2002-21:00:00,08,14,2002,21,89.546
08.15.2002-00:00:00,08,15,2002,00,91.122
08.15.2002-03:00:00,08,15,2002,03,82.587
08.15.2002-06:00:00,08,15,2002,06,68.699
08.15.2002-09:00:00,08,15,2002,09,62.774
08.15.2002-12:00:00,08,15,2002,12,68.099
08.15.2002-15:00:00,08,15,2002,15,74.337
08.15.2002-18:00:00,08,15,2002,18,76.594
08.15.2002-21:00:00,08,15,2002,21,79.652
08.16.2002-00:00:00,08,16,2002,00,83.318
08.16.2002-03:00:00,08,16,2002,03,80.711
08.16.2002-06:00:00,08,16,2002,06,68.91
08.16.2002-09:00:00,08,16,2002,09,61.511
08.16.2002-12:00:00,08,16,2002,12,66.024
08.16.2002-15:00:00,08,16,2002,15,72.523
08.16.2002-18:00:00,08,16,2002,18,74.677
08.16.2002-21:00:00,08,16,2002,21,78.185
08.17.2002-00:00:00,08,17,2002,00,78.459
08.17.2002-03:00:00,08,17,2002,03,76.084
08.17.2002-06:00:00,08,17,2002,06,67.871
08.17.2002-09:00:00,08,17,2002,09,60.361
08.17.2002-12:00:00,08,17,2002,12,64.356
08.17.2002-15:00:00,08,17,2002,15,70.46
08.17.2002-18:00:00,08,17,2002,18,73.034
08.17.2002-21:00:00,08,17,2002,21,76.195
08.18.2002-00:00:00,08,18,2002,00,76.456
08.18.2002-03:00:00,08,18,2002,03,73.545
08.18.2002-06:00:00,08,18,2002,06,66.372
08.18.2002-09:00:00,08,18,2002,09,58.403
08.18.2002-12:00:00,08,18,2002,12,62.719
08.18.2002-15:00:00,08,18,2002,15,68.371
08.18.2002-18:00:00,08,18,2002,18,71.005
08.18.2002-21:00:00,08,18,2002,21,73.813
08.19.2002-00:00:00,08,19,2002,00,74.39
08.19.2002-03:00:00,08,19,2002,03,71.859
08.19.2002-06:00:00,08,19,2002,06,65.141
08.19.2002-09:00:00,08,19,2002,09,57.203
08.19.2002-12:00:00,08,19,2002,12,61.179
08.19.2002-15:00:00,08,19,2002,15,66.289
08.19.2002-18:00:00,08,19,2002,18,69.111
08.19.2002-21:00:00,08,19,2002,21,71.882
08.20.2002-00:00:00,08,20,2002,00,72.326
08.20.2002-03:00:00,08,20,2002,03,69.683
08.20.2002-06:00:00,08,20,2002,06,62.871
08.20.2002-09:00:00,08,20,2002,09,55.525
08.20.2002-12:00:00,08,20,2002,12,59.436
08.20.2002-15:00:00,08,20,2002,15,64.135
08.20.2002-18:00:00,08,20,2002,18,66.907
08.20.2002-21:00:00,08,20,2002,21,69.433
08.21.2002-00:00:00,08,21,2002,00,70.23
08.21.2002-03:00:00,08,21,2002,03,68.362
08.21.2002-06:00:00,08,21,2002,06,63.212
08.21.2002-09:00:00,08,21,2002,09,56.797
08.21.2002-12:00:00,08,21,2002,12,58.552
08.21.2002-15:00:00,08,21,2002,15,62.407
08.21.2002-18:00:00,08,21,2002,18,65.925
08.21.2002-21:00:00,08,21,2002,21,68.189
08.22.2002-00:00:00,08,22,2002,00,68.35
08.22.2002-03:00:00,08,22,2002,03,66.625
08.22.2002-06:00:00,08,22,2002,06,61.526
08.22.2002-09:00:00,08,22,2002,09,55.448
08.22.2002-12:00:00,08,22,2002,12,56.99
08.22.2002-15:00:00,08,22,2002,15,60.603
08.22.2002-18:00:00,08,22,2002,18,63.424
08.22.2002-21:00:00,08,22,2002,21,66.188
08.23.2002-00:00:00,08,23,2002,00,66.352
08.23.2002-03:00:00,08,23,2002,03,63.911
08.23.2002-06:00:00,08,23,2002,06,57.444
08.23.2002-09:00:00,08,23,2002,09,51.543
08.23.2002-12:00:00,08,23,2002,12,54.692
08.23.2002-15:00:00,08,23,2002,15,58.885
08.23.2002-18:00:00,08,23,2002,18,59.712
08.23.2002-21:00:00,08,23,2002,21,62.986
08.24.2002-00:00:00,08,24,2002,00,64.169
08.24.2002-03:00:00,08,24,2002,03,61.476
08.24.2002-06:00:00,08,24,2002,06,54.725
08.24.2002-09:00:00,08,24,2002,09,49.173
08.24.2002-12:00:00,08,24,2002,12,52.798
08.24.2002-15:00:00,08,24,2002,15,57.134
08.24.2002-18:00:00,08,24,2002,18,57.907
08.24.2002-21:00:00,08,24,2002,21,58.751
08.25.2002-00:00:00,08,25,2002,00,67.27
08.25.2002-03:00:00,08,25,2002,03,75.296
08.25.2002-06:00:00,08,25,2002,06,67.852
08.25.2002-09:00:00,08,25,2002,09,62.629
08.25.2002-12:00:00,08,25,2002,12,66.538
08.25.2002-15:00:00,08,25,2002,15,69.813
08.25.2002-18:00:00,08,25,2002,18,76.471
08.25.2002-21:00:00,08,25,2002,21,78.206
08.26.2002-00:00:00,08,26,2002,00,71.869
08.26.2002-03:00:00,08,26,2002,03,68.896
08.26.2002-06:00:00,08,26,2002,06,60.023
08.26.2002-09:00:00,08,26,2002,09,54.235
08.26.2002-12:00:00,08,26,2002,12,55.191
08.26.2002-15:00:00,08,26,2002,15,61.201
08.26.2002-18:00:00,08,26,2002,18,66.055
08.26.2002-21:00:00,08,26,2002,21,68.5
08.27.2002-00:00:00,08,27,2002,00,62.37
08.27.2002-03:00:00,08,27,2002,03,59.372
08.27.2002-06:00:00,08,27,2002,06,53.105
08.27.2002-09:00:00,08,27,2002,09,48.655
08.27.2002-12:00:00,08,27,2002,12,50.277
08.27.2002-15:00:00,08,27,2002,15,54.388
08.27.2002-18:00:00,08,27,2002,18,55.114
08.27.2002-21:00:00,08,27,2002,21,56.564
08.28.2002-00:00:00,08,28,2002,00,57.42
08.28.2002-03:00:00,08,28,2002,03,56.387
08.28.2002-06:00:00,08,28,2002,06,50.258
08.28.2002-09:00:00,08,28,2002,09,45.651
08.28.2002-12:00:00,08,28,2002,12,48.589
08.28.2002-15:00:00,08,28,2002,15,52.792
08.28.2002-18:00:00,08,28,2002,18,53.508
08.28.2002-21:00:00,08,28,2002,21,53.61
08.29.2002-00:00:00,08,29,2002,00,54.407
08.29.2002-03:00:00,08,29,2002,03,53.196
08.29.2002-06:00:00,08,29,2002,06,47.982
08.29.2002-09:00:00,08,29,2002,09,43.502
08.29.2002-12:00:00,08,29,2002,12,46.973
08.29.2002-15:00:00,08,29,2002,15,51.214
08.29.2002-18:00:00,08,29,2002,18,51.938
08.29.2002-21:00:00,08,29,2002,21,52.056
08.30.2002-00:00:00,08,30,2002,00,57.539
08.30.2002-03:00:00,08,30,2002,03,68.375
08.30.2002-06:00:00,08,30,2002,06,62.878
08.30.2002-09:00:00,08,30,2002,09,55.395
08.30.2002-12:00:00,08,30,2002,12,61.022
08.30.2002-15:00:00,08,30,2002,15,62.123
08.30.2002-18:00:00,08,30,2002,18,69.395
08.30.2002-21:00:00,08,30,2002,21,70.974
08.31.2002-00:00:00,08,31,2002,00,58.327
08.31.2002-03:00:00,08,31,2002,03,53.297
08.31.2002-06:00:00,08,31,2002,06,48.158
08.31.2002-09:00:00,08,31,2002,09,43.47
08.31.2002-12:00:00,08,31,2002,12,45.172
08.31.2002-15:00:00,08,31,2002,15,49.162
08.31.2002-18:00:00,08,31,2002,18,49.944
08.31.2002-21:00:00,08,31,2002,21,51.392
09.01.2002-00:00:00,09,01,2002,00,51.517
09.01.2002-03:00:00,09,01,2002,03,51.368
09.01.2002-06:00:00,09,01,2002,06,42.285
09.01.2002-09:00:00,09,01,2002,09,40.42
09.01.2002-12:00:00,09,01,2002,12,43.838
09.01.2002-15:00:00,09,01,2002,15,48.078
09.01.2002-18:00:00,09,01,2002,18,48.617
09.01.2002-21:00:00,09,01,2002,21,48.677
09.02.2002-00:00:00,09,02,2002,00,48.693
09.02.2002-03:00:00,09,02,2002,03,54.69
09.02.2002-06:00:00,09,02,2002,06,53.974
09.02.2002-09:00:00,09,02,2002,09,50.143
09.02.2002-12:00:00,09,02,2002,12,49.148
09.02.2002-15:00:00,09,02,2002,15,51.913
09.02.2002-18:00:00,09,02,2002,18,56.326
09.02.2002-21:00:00,09,02,2002,21,58.409
09.03.2002-00:00:00,09,03,2002,00,52.271
09.03.2002-03:00:00,09,03,2002,03,50.087
09.03.2002-06:00:00,09,03,2002,06,43.667
09.03.2002-09:00:00,09,03,2002,09,39.714
09.03.2002-12:00:00,09,03,2002,12,42.347
09.03.2002-15:00:00,09,03,2002,15,46.171
09.03.2002-18:00:00,09,03,2002,18,46.614
09.03.2002-21:00:00,09,03,2002,21,46.638
09.04.2002-00:00:00,09,04,2002,00,47.108
09.04.2002-03:00:00,09,04,2002,03,48.055
09.04.2002-06:00:00,09,04,2002,06,44.128
09.04.2002-09:00:00,09,04,2002,09,39.626
09.04.2002-12:00:00,09,04,2002,12,41.979
09.04.2002-15:00:00,09,04,2002,15,45.172
09.04.2002-18:00:00,09,04,2002,18,45.565
09.04.2002-21:00:00,09,04,2002,21,45.563
09.05.2002-00:00:00,09,05,2002,00,45.598
09.05.2002-03:00:00,09,05,2002,03,47.481
09.05.2002-06:00:00,09,05,2002,06,43.923
09.05.2002-09:00:00,09,05,2002,09,38.985
09.05.2002-12:00:00,09,05,2002,12,41.198
09.05.2002-15:00:00,09,05,2002,15,44.116
09.05.2002-18:00:00,09,05,2002,18,44.551
09.05.2002-21:00:00,09,05,2002,21,44.545
09.06.2002-00:00:00,09,06,2002,00,45.315
09.06.2002-03:00:00,09,06,2002,03,45.827
09.06.2002-06:00:00,09,06,2002,06,41.796
09.06.2002-09:00:00,09,06,2002,09,37.161
09.06.2002-12:00:00,09,06,2002,12,39.954
09.06.2002-15:00:00,09,06,2002,15,43.117
09.06.2002-18:00:00,09,06,2002,18,43.529
09.06.2002-21:00:00,09,06,2002,21,43.531
09.07.2002-00:00:00,09,07,2002,00,43.47
09.07.2002-03:00:00,09,07,2002,03,44.631
09.07.2002-06:00:00,09,07,2002,06,40.842
09.07.2002-09:00:00,09,07,2002,09,35.882
09.07.2002-12:00:00,09,07,2002,12,38.862
09.07.2002-15:00:00,09,07,2002,15,42.194
09.07.2002-18:00:00,09,07,2002,18,42.559
09.07.2002-21:00:00,09,07,2002,21,42.548
09.08.2002-00:00:00,09,08,2002,00,42.479
09.08.2002-03:00:00,09,08,2002,03,43.249
09.08.2002-06:00:00,09,08,2002,06,40.238
09.08.2002-09:00:00,09,08,2002,09,35.387
09.08.2002-12:00:00,09,08,2002,12,38.113
09.08.2002-15:00:00,09,08,2002,15,41.269
09.08.2002-18:00:00,09,08,2002,18,41.626
09.08.2002-21:00:00,09,08,2002,21,41.612
09.09.2002-00:00:00,09,09,2002,00,41.543
09.09.2002-03:00:00,09,09,2002,03,42.51
09.09.2002-06:00:00,09,09,2002,06,40.116
09.09.2002-09:00:00,09,09,2002,09,35.614
09.09.2002-12:00:00,09,09,2002,12,37.425
09.09.2002-15:00:00,09,09,2002,15,40.195
09.09.2002-18:00:00,09,09,2002,18,40.715
09.09.2002-21:00:00,09,09,2002,21,40.71
09.10.2002-00:00:00,09,10,2002,00,41.566
09.10.2002-03:00:00,09,10,2002,03,41.664
09.10.2002-06:00:00,09,10,2002,06,36.74
09.10.2002-09:00:00,09,10,2002,09,33.168
09.10.2002-12:00:00,09,10,2002,12,35.755
09.10.2002-15:00:00,09,10,2002,15,39.156
09.10.2002-18:00:00,09,10,2002,18,39.733
09.10.2002-21:00:00,09,10,2002,21,39.76
09.11.2002-00:00:00,09,11,2002,00,39.695
09.11.2002-03:00:00,09,11,2002,03,39.979
09.11.2002-06:00:00,09,11,2002,06,34.418
09.11.2002-09:00:00,09,11,2002,09,31.472
09.11.2002-12:00:00,09,11,2002,12,34.171
09.11.2002-15:00:00,09,11,2002,15,38.274
09.11.2002-18:00:00,09,11,2002,18,38.811
09.11.2002-21:00:00,09,11,2002,21,38.833
09.12.2002-00:00:00,09,12,2002,00,38.77
09.12.2002-03:00:00,09,12,2002,03,38.684
09.12.2002-06:00:00,09,12,2002,06,31.585
09.12.2002-09:00:00,09,12,2002,09,30.514
09.12.2002-12:00:00,09,12,2002,12,32.876
09.12.2002-15:00:00,09,12,2002,15,37.326
09.12.2002-18:00:00,09,12,2002,18,37.884
09.12.2002-21:00:00,09,12,2002,21,37.911
09.13.2002-00:00:00,09,13,2002,00,37.85
09.13.2002-03:00:00,09,13,2002,03,37.77
09.13.2002-06:00:00,09,13,2002,06,30.014
09.13.2002-09:00:00,09,13,2002,09,29.566
09.13.2002-12:00:00,09,13,2002,12,31.264
09.13.2002-15:00:00,09,13,2002,15,36.43
09.13.2002-18:00:00,09,13,2002,18,36.997
09.13.2002-21:00:00,09,13,2002,21,37.033
09.14.2002-00:00:00,09,14,2002,00,36.977
09.14.2002-03:00:00,09,14,2002,03,36.912
09.14.2002-06:00:00,09,14,2002,06,29.968
09.14.2002-09:00:00,09,14,2002,09,29.083
09.14.2002-12:00:00,09,14,2002,12,31.115
09.14.2002-15:00:00,09,14,2002,15,35.612
09.14.2002-18:00:00,09,14,2002,18,36.167
09.14.2002-21:00:00,09,14,2002,21,36.188
09.15.2002-00:00:00,09,15,2002,00,36.129
09.15.2002-03:00:00,09,15,2002,03,36.062
09.15.2002-06:00:00,09,15,2002,06,29.584
09.15.2002-09:00:00,09,15,2002,09,28.577
09.15.2002-12:00:00,09,15,2002,12,30.503
09.15.2002-15:00:00,09,15,2002,15,34.646
09.15.2002-18:00:00,09,15,2002,18,35.313
09.15.2002-21:00:00,09,15,2002,21,35.355
09.16.2002-00:00:00,09,16,2002,00,35.298
09.16.2002-03:00:00,09,16,2002,03,35.241
09.16.2002-06:00:00,09,16,2002,06,29.386
09.16.2002-09:00:00,09,16,2002,09,28.001
09.16.2002-12:00:00,09,16,2002,12,30.01
09.16.2002-15:00:00,09,16,2002,15,33.849
09.16.2002-18:00:00,09,16,2002,18,34.518
09.16.2002-21:00:00,09,16,2002,21,34.562
09.17.2002-00:00:00,09,17,2002,00,34.507
09.17.2002-03:00:00,09,17,2002,03,34.453
09.17.2002-06:00:00,09,17,2002,06,30.148
09.17.2002-09:00:00,09,17,2002,09,28.156
09.17.2002-12:00:00,09,17,2002,12,30.175
09.17.2002-15:00:00,09,17,2002,15,33.281
09.17.2002-18:00:00,09,17,2002,18,33.839
09.17.2002-21:00:00,09,17,2002,21,33.863
09.18.2002-00:00:00,09,18,2002,00,33.808
09.18.2002-03:00:00,09,18,2002,03,33.754
09.18.2002-06:00:00,09,18,2002,06,30.496
09.18.2002-09:00:00,09,18,2002,09,27.34
09.18.2002-12:00:00,09,18,2002,12,29.601
09.18.2002-15:00:00,09,18,2002,15,32.836
09.18.2002-18:00:00,09,18,2002,18,33.201
09.18.2002-21:00:00,09,18,2002,21,33.184
09.19.2002-00:00:00,09,19,2002,00,33.13
09.19.2002-03:00:00,09,19,2002,03,33.073
09.19.2002-06:00:00,09,19,2002,06,29.764
09.19.2002-09:00:00,09,19,2002,09,26.454
09.19.2002-12:00:00,09,19,2002,12,28.546
09.19.2002-15:00:00,09,19,2002,15,32.151
09.19.2002-18:00:00,09,19,2002,18,32.529
09.19.2002-21:00:00,09,19,2002,21,32.508
09.20.2002-00:00:00,09,20,2002,00,32.457
09.20.2002-03:00:00,09,20,2002,03,32.403
09.20.2002-06:00:00,09,20,2002,06,28.148
09.20.2002-09:00:00,09,20,2002,09,25.693
09.20.2002-12:00:00,09,20,2002,12,27.296
09.20.2002-15:00:00,09,20,2002,15,31.482
09.20.2002-18:00:00,09,20,2002,18,31.872
09.20.2002-21:00:00,09,20,2002,21,31.861
09.21.2002-00:00:00,09,21,2002,00,31.813
09.21.2002-03:00:00,09,21,2002,03,31.764
09.21.2002-06:00:00,09,21,2002,06,29.321
09.21.2002-09:00:00,09,21,2002,09,25.528
09.21.2002-12:00:00,09,21,2002,12,27.676
09.21.2002-15:00:00,09,21,2002,15,30.974
09.21.2002-18:00:00,09,21,2002,18,31.278
09.21.2002-21:00:00,09,21,2002,21,31.249
09.22.2002-00:00:00,09,22,2002,00,31.198
09.22.2002-03:00:00,09,22,2002,03,31.146
09.22.2002-06:00:00,09,22,2002,06,29.27
09.22.2002-09:00:00,09,22,2002,09,26.434
09.22.2002-12:00:00,09,22,2002,12,27.63
09.22.2002-15:00:00,09,22,2002,15,30.254
09.22.2002-18:00:00,09,22,2002,18,30.672
09.22.2002-21:00:00,09,22,2002,21,30.647
09.23.2002-00:00:00,09,23,2002,00,30.596
09.23.2002-03:00:00,09,23,2002,03,30.541
09.23.2002-06:00:00,09,23,2002,06,27.287
09.23.2002-09:00:00,09,23,2002,09,24.642
09.23.2002-12:00:00,09,23,2002,12,26.36
09.23.2002-15:00:00,09,23,2002,15,29.595
09.23.2002-18:00:00,09,23,2002,18,30.041
09.23.2002-21:00:00,09,23,2002,21,30.018
09.24.2002-00:00:00,09,24,2002,00,29.971
09.24.2002-03:00:00,09,24,2002,03,29.921
09.24.2002-06:00:00,09,24,2002,06,25.089
09.24.2002-09:00:00,09,24,2002,09,23.636
09.24.2002-12:00:00,09,24,2002,12,24.366
09.24.2002-15:00:00,09,24,2002,15,28.764
09.24.2002-18:00:00,09,24,2002,18,29.399
09.24.2002-21:00:00,09,24,2002,21,29.383
09.25.2002-00:00:00,09,25,2002,00,29.341
09.25.2002-03:00:00,09,25,2002,03,29.298
09.25.2002-06:00:00,09,25,2002,06,25.183
09.25.2002-09:00:00,09,25,2002,09,23.396
09.25.2002-12:00:00,09,25,2002,12,24.437
09.25.2002-15:00:00,09,25,2002,15,28.383
09.25.2002-18:00:00,09,25,2002,18,28.822
09.25.2002-21:00:00,09,25,2002,21,28.801
09.26.2002-00:00:00,09,26,2002,00,28.757
09.26.2002-03:00:00,09,26,2002,03,28.714
09.26.2002-06:00:00,09,26,2002,06,25.543
09.26.2002-09:00:00,09,26,2002,09,23.134
09.26.2002-12:00:00,09,26,2002,12,24.547
09.26.2002-15:00:00,09,26,2002,15,27.871
09.26.2002-18:00:00,09,26,2002,18,28.268
09.26.2002-21:00:00,09,26,2002,21,28.238
09.27.2002-00:00:00,09,27,2002,00,28.192
09.27.2002-03:00:00,09,27,2002,03,28.148
09.27.2002-06:00:00,09,27,2002,06,26.279
09.27.2002-09:00:00,09,27,2002,09,24.209
09.27.2002-12:00:00,09,27,2002,12,24.951
09.27.2002-15:00:00,09,27,2002,15,27.243
09.27.2002-18:00:00,09,27,2002,18,27.737
09.27.2002-21:00:00,09,27,2002,21,27.709
09.28.2002-00:00:00,09,28,2002,00,27.664
09.28.2002-03:00:00,09,28,2002,03,27.618
09.28.2002-06:00:00,09,28,2002,06,25.487
09.28.2002-09:00:00,09,28,2002,09,22.984
09.28.2002-12:00:00,09,28,2002,12,24.116
09.28.2002-15:00:00,09,28,2002,15,26.8
09.28.2002-18:00:00,09,28,2002,18,27.211
09.28.2002-21:00:00,09,28,2002,21,27.175
09.29.2002-00:00:00,09,29,2002,00,27.132
09.29.2002-03:00:00,09,29,2002,03,27.087
09.29.2002-06:00:00,09,29,2002,06,23.739
09.29.2002-09:00:00,09,29,2002,09,21.627
09.29.2002-12:00:00,09,29,2002,12,22.202
09.29.2002-15:00:00,09,29,2002,15,26.287
09.29.2002-18:00:00,09,29,2002,18,26.671
09.29.2002-21:00:00,09,29,2002,21,26.644
09.30.2002-00:00:00,09,30,2002,00,26.604
09.30.2002-03:00:00,09,30,2002,03,26.565
09.30.2002-06:00:00,09,30,2002,06,25.415
09.30.2002-09:00:00,09,30,2002,09,23.288
09.30.2002-12:00:00,09,30,2002,12,23.947
09.30.2002-15:00:00,09,30,2002,15,25.936
09.30.2002-18:00:00,09,30,2002,18,26.221
09.30.2002-21:00:00,09,30,2002,21,26.187
