TIMESTAMP,MONTH,DAY,YEAR,HOUR,C
10.01.2001-00:00:00,10,01,2001,00,58.681
10.01.2001-03:00:00,10,01,2001,03,58.652
10.01.2001-06:00:00,10,01,2001,06,58.592
10.01.2001-09:00:00,10,01,2001,09,58.342
10.01.2001-12:00:00,10,01,2001,12,58.018
10.01.2001-15:00:00,10,01,2001,15,57.705
10.01.2001-18:00:00,10,01,2001,18,57.669
10.01.2001-21:00:00,10,01,2001,21,57.637
10.02.2001-00:00:00,10,02,2001,00,57.607
10.02.2001-03:00:00,10,02,2001,03,57.579
10.02.2001-06:00:00,10,02,2001,06,57.513
10.02.2001-09:00:00,10,02,2001,09,57.236
10.02.2001-12:00:00,10,02,2001,12,56.887
10.02.2001-15:00:00,10,02,2001,15,56.544
10.02.2001-18:00:00,10,02,2001,18,56.509
10.02.2001-21:00:00,10,02,2001,21,56.481
10.03.2001-00:00:00,10,03,2001,00,56.457
10.03.2001-03:00:00,10,03,2001,03,56.436
10.03.2001-06:00:00,10,03,2001,06,56.389
10.03.2001-09:00:00,10,03,2001,09,56.168
10.03.2001-12:00:00,10,03,2001,12,55.886
10.03.2001-15:00:00,10,03,2001,15,55.621
10.03.2001-18:00:00,10,03,2001,18,55.595
10.03.2001-21:00:00,10,03,2001,21,55.575
10.04.2001-00:00:00,10,04,2001,00,55.556
10.04.2001-03:00:00,10,04,2001,03,55.54
10.04.2001-06:00:00,10,04,2001,06,55.506
10.04.2001-09:00:00,10,04,2001,09,55.323
10.04.2001-12:00:00,10,04,2001,12,55.076
10.04.2001-15:00:00,10,04,2001,15,54.857
10.04.2001-18:00:00,10,04,2001,18,54.837
10.04.2001-21:00:00,10,04,2001,21,54.821
10.05.2001-00:00:00,10,05,2001,00,54.807
10.05.2001-03:00:00,10,05,2001,03,54.795
10.05.2001-06:00:00,10,05,2001,06,54.783
10.05.2001-09:00:00,10,05,2001,09,54.637
10.05.2001-12:00:00,10,05,2001,12,54.435
10.05.2001-15:00:00,10,05,2001,15,54.251
10.05.2001-18:00:00,10,05,2001,18,54.233
10.05.2001-21:00:00,10,05,2001,21,54.22
10.06.2001-00:00:00,10,06,2001,00,54.209
10.06.2001-03:00:00,10,06,2001,03,54.197
10.06.2001-06:00:00,10,06,2001,06,54.185
10.06.2001-09:00:00,10,06,2001,09,54.048
10.06.2001-12:00:00,10,06,2001,12,53.855
10.06.2001-15:00:00,10,06,2001,15,53.692
10.06.2001-18:00:00,10,06,2001,18,53.675
10.06.2001-21:00:00,10,06,2001,21,53.662
10.07.2001-00:00:00,10,07,2001,00,53.65
10.07.2001-03:00:00,10,07,2001,03,53.638
10.07.2001-06:00:00,10,07,2001,06,53.626
10.07.2001-09:00:00,10,07,2001,09,53.499
10.07.2001-12:00:00,10,07,2001,12,53.319
10.07.2001-15:00:00,10,07,2001,15,53.167
10.07.2001-18:00:00,10,07,2001,18,53.152
10.07.2001-21:00:00,10,07,2001,21,53.14
10.08.2001-00:00:00,10,08,2001,00,53.13
10.08.2001-03:00:00,10,08,2001,03,53.119
10.08.2001-06:00:00,10,08,2001,06,53.108
10.08.2001-09:00:00,10,08,2001,09,53.022
10.08.2001-12:00:00,10,08,2001,12,52.905
10.08.2001-15:00:00,10,08,2001,15,52.82
10.08.2001-18:00:00,10,08,2001,18,52.805
10.08.2001-21:00:00,10,08,2001,21,52.793
10.09.2001-00:00:00,10,09,2001,00,52.781
10.09.2001-03:00:00,10,09,2001,03,52.768
10.09.2001-06:00:00,10,09,2001,06,52.754
10.09.2001-09:00:00,10,09,2001,09,52.665
10.09.2001-12:00:00,10,09,2001,12,52.547
10.09.2001-15:00:00,10,09,2001,15,52.451
10.09.2001-18:00:00,10,09,2001,18,52.434
10.09.2001-21:00:00,10,09,2001,21,52.42
10.10.2001-00:00:00,10,10,2001,00,52.406
10.10.2001-03:00:00,10,10,2001,03,52.391
10.10.2001-06:00:00,10,10,2001,06,52.375
10.10.2001-09:00:00,10,10,2001,09,52.452
10.10.2001-12:00:00,10,10,2001,12,52.679
10.10.2001-15:00:00,10,10,2001,15,52.961
10.10.2001-18:00:00,10,10,2001,18,53.104
10.10.2001-21:00:00,10,10,2001,21,53.093
10.11.2001-00:00:00,10,11,2001,00,53.064
10.11.2001-03:00:00,10,11,2001,03,53.035
10.11.2001-06:00:00,10,11,2001,06,53.005
10.11.2001-09:00:00,10,11,2001,09,52.974
10.11.2001-12:00:00,10,11,2001,12,52.936
10.11.2001-15:00:00,10,11,2001,15,52.905
10.11.2001-18:00:00,10,11,2001,18,52.873
10.11.2001-21:00:00,10,11,2001,21,52.842
10.12.2001-00:00:00,10,12,2001,00,52.809
10.12.2001-03:00:00,10,12,2001,03,52.777
10.12.2001-06:00:00,10,12,2001,06,52.743
10.12.2001-09:00:00,10,12,2001,09,52.68
10.12.2001-12:00:00,10,12,2001,12,52.636
10.12.2001-15:00:00,10,12,2001,15,52.613
10.12.2001-18:00:00,10,12,2001,18,52.585
10.12.2001-21:00:00,10,12,2001,21,52.55
10.13.2001-00:00:00,10,13,2001,00,52.515
10.13.2001-03:00:00,10,13,2001,03,52.48
10.13.2001-06:00:00,10,13,2001,06,52.444
10.13.2001-09:00:00,10,13,2001,09,52.369
10.13.2001-12:00:00,10,13,2001,12,52.353
10.13.2001-15:00:00,10,13,2001,15,52.361
10.13.2001-18:00:00,10,13,2001,18,52.395
10.13.2001-21:00:00,10,13,2001,21,52.36
10.14.2001-00:00:00,10,14,2001,00,52.321
10.14.2001-03:00:00,10,14,2001,03,52.282
10.14.2001-06:00:00,10,14,2001,06,52.243
10.14.2001-09:00:00,10,14,2001,09,52.157
10.14.2001-12:00:00,10,14,2001,12,54.762
10.14.2001-15:00:00,10,14,2001,15,56.546
10.14.2001-18:00:00,10,14,2001,18,52.52
10.14.2001-21:00:00,10,14,2001,21,52.484
10.15.2001-00:00:00,10,15,2001,00,52.441
10.15.2001-03:00:00,10,15,2001,03,52.398
10.15.2001-06:00:00,10,15,2001,06,52.353
10.15.2001-09:00:00,10,15,2001,09,52.288
10.15.2001-12:00:00,10,15,2001,12,60.949
10.15.2001-15:00:00,10,15,2001,15,56.355
10.15.2001-18:00:00,10,15,2001,18,52.077
10.15.2001-21:00:00,10,15,2001,21,52.001
10.16.2001-00:00:00,10,16,2001,00,51.959
10.16.2001-03:00:00,10,16,2001,03,51.917
10.16.2001-06:00:00,10,16,2001,06,51.875
10.16.2001-09:00:00,10,16,2001,09,51.755
10.16.2001-12:00:00,10,16,2001,12,51.592
10.16.2001-15:00:00,10,16,2001,15,51.47
10.16.2001-18:00:00,10,16,2001,18,51.43
10.16.2001-21:00:00,10,16,2001,21,51.391
10.17.2001-00:00:00,10,17,2001,00,51.352
10.17.2001-03:00:00,10,17,2001,03,51.313
10.17.2001-06:00:00,10,17,2001,06,51.274
10.17.2001-09:00:00,10,17,2001,09,51.132
10.17.2001-12:00:00,10,17,2001,12,50.936
10.17.2001-15:00:00,10,17,2001,15,50.78
10.17.2001-18:00:00,10,17,2001,18,50.741
10.17.2001-21:00:00,10,17,2001,21,50.706
10.18.2001-00:00:00,10,18,2001,00,50.671
10.18.2001-03:00:00,10,18,2001,03,50.636
10.18.2001-06:00:00,10,18,2001,06,50.601
10.18.2001-09:00:00,10,18,2001,09,50.523
10.18.2001-12:00:00,10,18,2001,12,50.419
10.18.2001-15:00:00,10,18,2001,15,50.384
10.18.2001-18:00:00,10,18,2001,18,50.35
10.18.2001-21:00:00,10,18,2001,21,50.316
10.19.2001-00:00:00,10,19,2001,00,50.282
10.19.2001-03:00:00,10,19,2001,03,50.247
10.19.2001-06:00:00,10,19,2001,06,50.213
10.19.2001-09:00:00,10,19,2001,09,50.111
10.19.2001-12:00:00,10,19,2001,12,49.967
10.19.2001-15:00:00,10,19,2001,15,49.868
10.19.2001-18:00:00,10,19,2001,18,49.835
10.19.2001-21:00:00,10,19,2001,21,49.803
10.20.2001-00:00:00,10,20,2001,00,49.77
10.20.2001-03:00:00,10,20,2001,03,49.738
10.20.2001-06:00:00,10,20,2001,06,49.706
10.20.2001-09:00:00,10,20,2001,09,49.589
10.20.2001-12:00:00,10,20,2001,12,49.425
10.20.2001-15:00:00,10,20,2001,15,49.302
10.20.2001-18:00:00,10,20,2001,18,49.27
10.20.2001-21:00:00,10,20,2001,21,49.241
10.21.2001-00:00:00,10,21,2001,00,49.212
10.21.2001-03:00:00,10,21,2001,03,49.182
10.21.2001-06:00:00,10,21,2001,06,49.152
10.21.2001-09:00:00,10,21,2001,09,49.06
10.21.2001-12:00:00,10,21,2001,12,48.931
10.21.2001-15:00:00,10,21,2001,15,48.847
10.21.2001-18:00:00,10,21,2001,18,48.819
10.21.2001-21:00:00,10,21,2001,21,48.791
10.22.2001-00:00:00,10,22,2001,00,48.763
10.22.2001-03:00:00,10,22,2001,03,48.735
10.22.2001-06:00:00,10,22,2001,06,48.707
10.22.2001-09:00:00,10,22,2001,09,48.76
10.22.2001-12:00:00,10,22,2001,12,49.209
10.22.2001-15:00:00,10,22,2001,15,49.341
10.22.2001-18:00:00,10,22,2001,18,49.336
10.22.2001-21:00:00,10,22,2001,21,49.298
10.23.2001-00:00:00,10,23,2001,00,49.26
10.23.2001-03:00:00,10,23,2001,03,49.221
10.23.2001-06:00:00,10,23,2001,06,49.183
10.23.2001-09:00:00,10,23,2001,09,49.139
10.23.2001-12:00:00,10,23,2001,12,49.156
10.23.2001-15:00:00,10,23,2001,15,49.162
10.23.2001-18:00:00,10,23,2001,18,49.149
10.23.2001-21:00:00,10,23,2001,21,49.11
10.24.2001-00:00:00,10,24,2001,00,49.07
10.24.2001-03:00:00,10,24,2001,03,49.03
10.24.2001-06:00:00,10,24,2001,06,48.99
10.24.2001-09:00:00,10,24,2001,09,48.951
10.24.2001-12:00:00,10,24,2001,12,48.911
10.24.2001-15:00:00,10,24,2001,15,48.871
10.24.2001-18:00:00,10,24,2001,18,48.832
10.24.2001-21:00:00,10,24,2001,21,48.792
10.25.2001-00:00:00,10,25,2001,00,48.753
10.25.2001-03:00:00,10,25,2001,03,48.713
10.25.2001-06:00:00,10,25,2001,06,48.674
10.25.2001-09:00:00,10,25,2001,09,48.635
10.25.2001-12:00:00,10,25,2001,12,48.584
10.25.2001-15:00:00,10,25,2001,15,48.544
10.25.2001-18:00:00,10,25,2001,18,48.505
10.25.2001-21:00:00,10,25,2001,21,48.466
10.26.2001-00:00:00,10,26,2001,00,48.427
10.26.2001-03:00:00,10,26,2001,03,48.388
10.26.2001-06:00:00,10,26,2001,06,48.349
10.26.2001-09:00:00,10,26,2001,09,48.31
10.26.2001-12:00:00,10,26,2001,12,48.271
10.26.2001-15:00:00,10,26,2001,15,48.233
10.26.2001-18:00:00,10,26,2001,18,48.194
10.26.2001-21:00:00,10,26,2001,21,48.155
10.27.2001-00:00:00,10,27,2001,00,48.116
10.27.2001-03:00:00,10,27,2001,03,48.078
10.27.2001-06:00:00,10,27,2001,06,48.039
10.27.2001-09:00:00,10,27,2001,09,47.991
10.27.2001-12:00:00,10,27,2001,12,47.916
10.27.2001-15:00:00,10,27,2001,15,47.859
10.27.2001-18:00:00,10,27,2001,18,47.821
10.27.2001-21:00:00,10,27,2001,21,47.784
10.28.2001-00:00:00,10,28,2001,00,47.746
10.28.2001-03:00:00,10,28,2001,03,47.708
10.28.2001-06:00:00,10,28,2001,06,47.671
10.28.2001-09:00:00,10,28,2001,09,47.619
10.28.2001-12:00:00,10,28,2001,12,47.532
10.28.2001-15:00:00,10,28,2001,15,47.495
10.28.2001-18:00:00,10,28,2001,18,47.458
10.28.2001-21:00:00,10,28,2001,21,47.422
10.29.2001-00:00:00,10,29,2001,00,47.385
10.29.2001-03:00:00,10,29,2001,03,47.348
10.29.2001-06:00:00,10,29,2001,06,47.312
10.29.2001-09:00:00,10,29,2001,09,47.275
10.29.2001-12:00:00,10,29,2001,12,47.239
10.29.2001-15:00:00,10,29,2001,15,47.202
10.29.2001-18:00:00,10,29,2001,18,47.166
10.29.2001-21:00:00,10,29,2001,21,47.129
10.30.2001-00:00:00,10,30,2001,00,47.093
10.30.2001-03:00:00,10,30,2001,03,47.056
10.30.2001-06:00:00,10,30,2001,06,47.02
10.30.2001-09:00:00,10,30,2001,09,46.983
10.30.2001-12:00:00,10,30,2001,12,46.944
10.30.2001-15:00:00,10,30,2001,15,46.908
10.30.2001-18:00:00,10,30,2001,18,46.871
10.30.2001-21:00:00,10,30,2001,21,46.835
10.31.2001-00:00:00,10,31,2001,00,46.799
10.31.2001-03:00:00,10,31,2001,03,46.762
10.31.2001-06:00:00,10,31,2001,06,46.726
10.31.2001-09:00:00,10,31,2001,09,46.69
10.31.2001-12:00:00,10,31,2001,12,46.654
10.31.2001-15:00:00,10,31,2001,15,46.617
10.31.2001-18:00:00,10,31,2001,18,46.581
10.31.2001-21:00:00,10,31,2001,21,46.545
11.01.2001-00:00:00,11,01,2001,00,46.508
11.01.2001-03:00:00,11,01,2001,03,46.472
11.01.2001-06:00:00,11,01,2001,06,46.436
11.01.2001-09:00:00,11,01,2001,09,46.4
11.01.2001-12:00:00,11,01,2001,12,46.357
11.01.2001-15:00:00,11,01,2001,15,46.321
11.01.2001-18:00:00,11,01,2001,18,46.285
11.01.2001-21:00:00,11,01,2001,21,46.249
11.02.2001-00:00:00,11,02,2001,00,46.213
11.02.2001-03:00:00,11,02,2001,03,46.177
11.02.2001-06:00:00,11,02,2001,06,46.14
11.02.2001-09:00:00,11,02,2001,09,46.096
11.02.2001-12:00:00,11,02,2001,12,46.035
11.02.2001-15:00:00,11,02,2001,15,45.999
11.02.2001-18:00:00,11,02,2001,18,45.963
11.02.2001-21:00:00,11,02,2001,21,45.928
11.03.2001-00:00:00,11,03,2001,00,45.892
11.03.2001-03:00:00,11,03,2001,03,45.856
11.03.2001-06:00:00,11,03,2001,06,45.82
11.03.2001-09:00:00,11,03,2001,09,45.773
11.03.2001-12:00:00,11,03,2001,12,45.692
11.03.2001-15:00:00,11,03,2001,15,45.64
11.03.2001-18:00:00,11,03,2001,18,45.605
11.03.2001-21:00:00,11,03,2001,21,45.57
11.04.2001-00:00:00,11,04,2001,00,45.535
11.04.2001-03:00:00,11,04,2001,03,45.5
11.04.2001-06:00:00,11,04,2001,06,45.465
11.04.2001-09:00:00,11,04,2001,09,45.418
11.04.2001-12:00:00,11,04,2001,12,45.337
11.04.2001-15:00:00,11,04,2001,15,45.286
11.04.2001-18:00:00,11,04,2001,18,45.251
11.04.2001-21:00:00,11,04,2001,21,45.217
11.05.2001-00:00:00,11,05,2001,00,45.183
11.05.2001-03:00:00,11,05,2001,03,45.148
11.05.2001-06:00:00,11,05,2001,06,45.114
11.05.2001-09:00:00,11,05,2001,09,45.07
11.05.2001-12:00:00,11,05,2001,12,44.996
11.05.2001-15:00:00,11,05,2001,15,44.947
11.05.2001-18:00:00,11,05,2001,18,44.913
11.05.2001-21:00:00,11,05,2001,21,44.88
11.06.2001-00:00:00,11,06,2001,00,44.846
11.06.2001-03:00:00,11,06,2001,03,44.812
11.06.2001-06:00:00,11,06,2001,06,44.778
11.06.2001-09:00:00,11,06,2001,09,44.744
11.06.2001-12:00:00,11,06,2001,12,44.691
11.06.2001-15:00:00,11,06,2001,15,44.658
11.06.2001-18:00:00,11,06,2001,18,44.626
11.06.2001-21:00:00,11,06,2001,21,44.594
11.07.2001-00:00:00,11,07,2001,00,44.561
11.07.2001-03:00:00,11,07,2001,03,44.529
11.07.2001-06:00:00,11,07,2001,06,44.497
11.07.2001-09:00:00,11,07,2001,09,44.464
11.07.2001-12:00:00,11,07,2001,12,44.431
11.07.2001-15:00:00,11,07,2001,15,44.399
11.07.2001-18:00:00,11,07,2001,18,44.366
11.07.2001-21:00:00,11,07,2001,21,44.333
11.08.2001-00:00:00,11,08,2001,00,44.3
11.08.2001-03:00:00,11,08,2001,03,44.268
11.08.2001-06:00:00,11,08,2001,06,44.235
11.08.2001-09:00:00,11,08,2001,09,44.202
11.08.2001-12:00:00,11,08,2001,12,44.169
11.08.2001-15:00:00,11,08,2001,15,44.135
11.08.2001-18:00:00,11,08,2001,18,44.102
11.08.2001-21:00:00,11,08,2001,21,44.069
11.09.2001-00:00:00,11,09,2001,00,44.036
11.09.2001-03:00:00,11,09,2001,03,44.002
11.09.2001-06:00:00,11,09,2001,06,43.969
11.09.2001-09:00:00,11,09,2001,09,43.936
11.09.2001-12:00:00,11,09,2001,12,43.902
11.09.2001-15:00:00,11,09,2001,15,43.869
11.09.2001-18:00:00,11,09,2001,18,43.835
11.09.2001-21:00:00,11,09,2001,21,43.801
11.10.2001-00:00:00,11,10,2001,00,43.768
11.10.2001-03:00:00,11,10,2001,03,43.734
11.10.2001-06:00:00,11,10,2001,06,43.7
11.10.2001-09:00:00,11,10,2001,09,43.666
11.10.2001-12:00:00,11,10,2001,12,43.632
11.10.2001-15:00:00,11,10,2001,15,43.598
11.10.2001-18:00:00,11,10,2001,18,43.564
11.10.2001-21:00:00,11,10,2001,21,43.53
11.11.2001-00:00:00,11,11,2001,00,43.496
11.11.2001-03:00:00,11,11,2001,03,43.461
11.11.2001-06:00:00,11,11,2001,06,43.427
11.11.2001-09:00:00,11,11,2001,09,43.393
11.11.2001-12:00:00,11,11,2001,12,43.346
11.11.2001-15:00:00,11,11,2001,15,43.312
11.11.2001-18:00:00,11,11,2001,18,43.277
11.11.2001-21:00:00,11,11,2001,21,43.243
11.12.2001-00:00:00,11,12,2001,00,43.208
11.12.2001-03:00:00,11,12,2001,03,43.174
11.12.2001-06:00:00,11,12,2001,06,43.139
11.12.2001-09:00:00,11,12,2001,09,43.099
11.12.2001-12:00:00,11,12,2001,12,43.044
11.12.2001-15:00:00,11,12,2001,15,43.005
11.12.2001-18:00:00,11,12,2001,18,42.971
11.12.2001-21:00:00,11,12,2001,21,42.936
11.13.2001-00:00:00,11,13,2001,00,42.901
11.13.2001-03:00:00,11,13,2001,03,42.867
11.13.2001-06:00:00,11,13,2001,06,42.832
11.13.2001-09:00:00,11,13,2001,09,42.796
11.13.2001-12:00:00,11,13,2001,12,42.757
11.13.2001-15:00:00,11,13,2001,15,42.722
11.13.2001-18:00:00,11,13,2001,18,42.687
11.13.2001-21:00:00,11,13,2001,21,42.652
11.14.2001-00:00:00,11,14,2001,00,42.617
11.14.2001-03:00:00,11,14,2001,03,42.582
11.14.2001-06:00:00,11,14,2001,06,42.546
11.14.2001-09:00:00,11,14,2001,09,42.51
11.14.2001-12:00:00,11,14,2001,12,42.471
11.14.2001-15:00:00,11,14,2001,15,42.436
11.14.2001-18:00:00,11,14,2001,18,42.4
11.14.2001-21:00:00,11,14,2001,21,42.365
11.15.2001-00:00:00,11,15,2001,00,42.329
11.15.2001-03:00:00,11,15,2001,03,42.294
11.15.2001-06:00:00,11,15,2001,06,42.258
11.15.2001-09:00:00,11,15,2001,09,42.22
11.15.2001-12:00:00,11,15,2001,12,42.172
11.15.2001-15:00:00,11,15,2001,15,42.134
11.15.2001-18:00:00,11,15,2001,18,42.098
11.15.2001-21:00:00,11,15,2001,21,42.062
11.16.2001-00:00:00,11,16,2001,00,42.027
11.16.2001-03:00:00,11,16,2001,03,41.991
11.16.2001-06:00:00,11,16,2001,06,41.955
11.16.2001-09:00:00,11,16,2001,09,41.913
11.16.2001-12:00:00,11,16,2001,12,41.865
11.16.2001-15:00:00,11,16,2001,15,41.826
11.16.2001-18:00:00,11,16,2001,18,41.79
11.16.2001-21:00:00,11,16,2001,21,41.754
11.17.2001-00:00:00,11,17,2001,00,41.718
11.17.2001-03:00:00,11,17,2001,03,41.682
11.17.2001-06:00:00,11,17,2001,06,41.646
11.17.2001-09:00:00,11,17,2001,09,41.607
11.17.2001-12:00:00,11,17,2001,12,41.557
11.17.2001-15:00:00,11,17,2001,15,41.521
11.17.2001-18:00:00,11,17,2001,18,41.485
11.17.2001-21:00:00,11,17,2001,21,41.448
11.18.2001-00:00:00,11,18,2001,00,41.412
11.18.2001-03:00:00,11,18,2001,03,41.376
11.18.2001-06:00:00,11,18,2001,06,41.34
11.18.2001-09:00:00,11,18,2001,09,41.303
11.18.2001-12:00:00,11,18,2001,12,41.265
11.18.2001-15:00:00,11,18,2001,15,41.229
11.18.2001-18:00:00,11,18,2001,18,41.192
11.18.2001-21:00:00,11,18,2001,21,41.156
11.19.2001-00:00:00,11,19,2001,00,41.119
11.19.2001-03:00:00,11,19,2001,03,41.083
11.19.2001-06:00:00,11,19,2001,06,41.046
11.19.2001-09:00:00,11,19,2001,09,41.009
11.19.2001-12:00:00,11,19,2001,12,40.972
11.19.2001-15:00:00,11,19,2001,15,40.935
11.19.2001-18:00:00,11,19,2001,18,40.898
11.19.2001-21:00:00,11,19,2001,21,40.861
11.20.2001-00:00:00,11,20,2001,00,40.824
11.20.2001-03:00:00,11,20,2001,03,40.787
11.20.2001-06:00:00,11,20,2001,06,40.75
11.20.2001-09:00:00,11,20,2001,09,40.713
11.20.2001-12:00:00,11,20,2001,12,40.676
11.20.2001-15:00:00,11,20,2001,15,40.639
11.20.2001-18:00:00,11,20,2001,18,40.601
11.20.2001-21:00:00,11,20,2001,21,40.564
11.21.2001-00:00:00,11,21,2001,00,40.527
11.21.2001-03:00:00,11,21,2001,03,40.489
11.21.2001-06:00:00,11,21,2001,06,40.452
11.21.2001-09:00:00,11,21,2001,09,40.414
11.21.2001-12:00:00,11,21,2001,12,40.377
11.21.2001-15:00:00,11,21,2001,15,40.339
11.21.2001-18:00:00,11,21,2001,18,40.302
11.21.2001-21:00:00,11,21,2001,21,40.264
11.22.2001-00:00:00,11,22,2001,00,40.226
11.22.2001-03:00:00,11,22,2001,03,40.188
11.22.2001-06:00:00,11,22,2001,06,40.151
11.22.2001-09:00:00,11,22,2001,09,40.113
11.22.2001-12:00:00,11,22,2001,12,40.075
11.22.2001-15:00:00,11,22,2001,15,40.037
11.22.2001-18:00:00,11,22,2001,18,39.999
11.22.2001-21:00:00,11,22,2001,21,39.961
11.23.2001-00:00:00,11,23,2001,00,39.923
11.23.2001-03:00:00,11,23,2001,03,39.885
11.23.2001-06:00:00,11,23,2001,06,39.847
11.23.2001-09:00:00,11,23,2001,09,39.809
11.23.2001-12:00:00,11,23,2001,12,39.771
11.23.2001-15:00:00,11,23,2001,15,39.733
11.23.2001-18:00:00,11,23,2001,18,39.695
11.23.2001-21:00:00,11,23,2001,21,39.657
11.24.2001-00:00:00,11,24,2001,00,39.618
11.24.2001-03:00:00,11,24,2001,03,39.58
11.24.2001-06:00:00,11,24,2001,06,39.542
11.24.2001-09:00:00,11,24,2001,09,39.504
11.24.2001-12:00:00,11,24,2001,12,39.465
11.24.2001-15:00:00,11,24,2001,15,39.427
11.24.2001-18:00:00,11,24,2001,18,39.388
11.24.2001-21:00:00,11,24,2001,21,39.35
11.25.2001-00:00:00,11,25,2001,00,39.312
11.25.2001-03:00:00,11,25,2001,03,39.273
11.25.2001-06:00:00,11,25,2001,06,39.235
11.25.2001-09:00:00,11,25,2001,09,39.196
11.25.2001-12:00:00,11,25,2001,12,39.158
11.25.2001-15:00:00,11,25,2001,15,39.119
11.25.2001-18:00:00,11,25,2001,18,39.081
11.25.2001-21:00:00,11,25,2001,21,39.042
11.26.2001-00:00:00,11,26,2001,00,39.003
11.26.2001-03:00:00,11,26,2001,03,38.965
11.26.2001-06:00:00,11,26,2001,06,38.926
11.26.2001-09:00:00,11,26,2001,09,38.887
11.26.2001-12:00:00,11,26,2001,12,38.849
11.26.2001-15:00:00,11,26,2001,15,38.81
11.26.2001-18:00:00,11,26,2001,18,38.771
11.26.2001-21:00:00,11,26,2001,21,38.732
11.27.2001-00:00:00,11,27,2001,00,38.694
11.27.2001-03:00:00,11,27,2001,03,38.655
11.27.2001-06:00:00,11,27,2001,06,38.616
11.27.2001-09:00:00,11,27,2001,09,38.577
11.27.2001-12:00:00,11,27,2001,12,38.539
11.27.2001-15:00:00,11,27,2001,15,38.5
11.27.2001-18:00:00,11,27,2001,18,38.461
11.27.2001-21:00:00,11,27,2001,21,38.422
11.28.2001-00:00:00,11,28,2001,00,38.383
11.28.2001-03:00:00,11,28,2001,03,38.344
11.28.2001-06:00:00,11,28,2001,06,38.305
11.28.2001-09:00:00,11,28,2001,09,38.266
11.28.2001-12:00:00,11,28,2001,12,38.227
11.28.2001-15:00:00,11,28,2001,15,38.188
11.28.2001-18:00:00,11,28,2001,18,38.15
11.28.2001-21:00:00,11,28,2001,21,38.111
11.29.2001-00:00:00,11,29,2001,00,38.072
11.29.2001-03:00:00,11,29,2001,03,38.033
11.29.2001-06:00:00,11,29,2001,06,37.994
11.29.2001-09:00:00,11,29,2001,09,37.955
11.29.2001-12:00:00,11,29,2001,12,37.916
11.29.2001-15:00:00,11,29,2001,15,37.877
11.29.2001-18:00:00,11,29,2001,18,37.838
11.29.2001-21:00:00,11,29,2001,21,37.799
11.30.2001-00:00:00,11,30,2001,00,37.76
11.30.2001-03:00:00,11,30,2001,03,37.721
11.30.2001-06:00:00,11,30,2001,06,37.682
11.30.2001-09:00:00,11,30,2001,09,37.643
11.30.2001-12:00:00,11,30,2001,12,37.604
11.30.2001-15:00:00,11,30,2001,15,37.565
11.30.2001-18:00:00,11,30,2001,18,37.526
11.30.2001-21:00:00,11,30,2001,21,37.486
12.01.2001-00:00:00,12,01,2001,00,37.447
12.01.2001-03:00:00,12,01,2001,03,37.408
12.01.2001-06:00:00,12,01,2001,06,37.369
12.01.2001-09:00:00,12,01,2001,09,37.33
12.01.2001-12:00:00,12,01,2001,12,37.291
12.01.2001-15:00:00,12,01,2001,15,37.252
12.01.2001-18:00:00,12,01,2001,18,37.213
12.01.2001-21:00:00,12,01,2001,21,37.174
12.02.2001-00:00:00,12,02,2001,00,37.135
12.02.2001-03:00:00,12,02,2001,03,37.096
12.02.2001-06:00:00,12,02,2001,06,37.057
12.02.2001-09:00:00,12,02,2001,09,37.018
12.02.2001-12:00:00,12,02,2001,12,36.979
12.02.2001-15:00:00,12,02,2001,15,36.94
12.02.2001-18:00:00,12,02,2001,18,36.901
12.02.2001-21:00:00,12,02,2001,21,36.862
12.03.2001-00:00:00,12,03,2001,00,36.823
12.03.2001-03:00:00,12,03,2001,03,36.784
12.03.2001-06:00:00,12,03,2001,06,36.745
12.03.2001-09:00:00,12,03,2001,09,36.705
12.03.2001-12:00:00,12,03,2001,12,36.666
12.03.2001-15:00:00,12,03,2001,15,36.627
12.03.2001-18:00:00,12,03,2001,18,36.588
12.03.2001-21:00:00,12,03,2001,21,36.549
12.04.2001-00:00:00,12,04,2001,00,36.51
12.04.2001-03:00:00,12,04,2001,03,36.471
12.04.2001-06:00:00,12,04,2001,06,36.432
12.04.2001-09:00:00,12,04,2001,09,36.394
12.04.2001-12:00:00,12,04,2001,12,36.355
12.04.2001-15:00:00,12,04,2001,15,36.316
12.04.2001-18:00:00,12,04,2001,18,36.277
12.04.2001-21:00:00,12,04,2001,21,36.238
12.05.2001-00:00:00,12,05,2001,00,36.199
12.05.2001-03:00:00,12,05,2001,03,36.16
12.05.2001-06:00:00,12,05,2001,06,36.121
12.05.2001-09:00:00,12,05,2001,09,36.082
12.05.2001-12:00:00,12,05,2001,12,36.043
12.05.2001-15:00:00,12,05,2001,15,36.004
12.05.2001-18:00:00,12,05,2001,18,35.965
12.05.2001-21:00:00,12,05,2001,21,35.927
12.06.2001-00:00:00,12,06,2001,00,35.888
12.06.2001-03:00:00,12,06,2001,03,35.849
12.06.2001-06:00:00,12,06,2001,06,35.81
12.06.2001-09:00:00,12,06,2001,09,35.771
12.06.2001-12:00:00,12,06,2001,12,35.733
12.06.2001-15:00:00,12,06,2001,15,35.694
12.06.2001-18:00:00,12,06,2001,18,35.655
12.06.2001-21:00:00,12,06,2001,21,35.616
12.07.2001-00:00:00,12,07,2001,00,35.578
12.07.2001-03:00:00,12,07,2001,03,35.539
12.07.2001-06:00:00,12,07,2001,06,35.5
12.07.2001-09:00:00,12,07,2001,09,35.461
12.07.2001-12:00:00,12,07,2001,12,35.423
12.07.2001-15:00:00,12,07,2001,15,35.384
12.07.2001-18:00:00,12,07,2001,18,35.345
12.07.2001-21:00:00,12,07,2001,21,35.307
12.08.2001-00:00:00,12,08,2001,00,35.268
12.08.2001-03:00:00,12,08,2001,03,35.23
12.08.2001-06:00:00,12,08,2001,06,35.191
12.08.2001-09:00:00,12,08,2001,09,35.152
12.08.2001-12:00:00,12,08,2001,12,35.114
12.08.2001-15:00:00,12,08,2001,15,35.076
12.08.2001-18:00:00,12,08,2001,18,35.037
12.08.2001-21:00:00,12,08,2001,21,34.999
12.09.2001-00:00:00,12,09,2001,00,34.96
12.09.2001-03:00:00,12,09,2001,03,34.922
12.09.2001-06:00:00,12,09,2001,06,34.883
12.09.2001-09:00:00,12,09,2001,09,34.845
12.09.2001-12:00:00,12,09,2001,12,34.807
12.09.2001-15:00:00,12,09,2001,15,34.768
12.09.2001-18:00:00,12,09,2001,18,34.73
12.09.2001-21:00:00,12,09,2001,21,34.692
12.10.2001-00:00:00,12,10,2001,00,34.653
12.10.2001-03:00:00,12,10,2001,03,34.615
12.10.2001-06:00:00,12,10,2001,06,34.577
12.10.2001-09:00:00,12,10,2001,09,34.538
12.10.2001-12:00:00,12,10,2001,12,34.5
12.10.2001-15:00:00,12,10,2001,15,34.462
12.10.2001-18:00:00,12,10,2001,18,34.424
12.10.2001-21:00:00,12,10,2001,21,34.386
12.11.2001-00:00:00,12,11,2001,00,34.348
12.11.2001-03:00:00,12,11,2001,03,34.31
12.11.2001-06:00:00,12,11,2001,06,34.272
12.11.2001-09:00:00,12,11,2001,09,34.234
12.11.2001-12:00:00,12,11,2001,12,34.196
12.11.2001-15:00:00,12,11,2001,15,34.158
12.11.2001-18:00:00,12,11,2001,18,34.12
12.11.2001-21:00:00,12,11,2001,21,34.082
12.12.2001-00:00:00,12,12,2001,00,34.044
12.12.2001-03:00:00,12,12,2001,03,34.006
12.12.2001-06:00:00,12,12,2001,06,33.968
12.12.2001-09:00:00,12,12,2001,09,33.93
12.12.2001-12:00:00,12,12,2001,12,33.893
12.12.2001-15:00:00,12,12,2001,15,33.855
12.12.2001-18:00:00,12,12,2001,18,33.817
12.12.2001-21:00:00,12,12,2001,21,33.779
12.13.2001-00:00:00,12,13,2001,00,33.742
12.13.2001-03:00:00,12,13,2001,03,33.704
12.13.2001-06:00:00,12,13,2001,06,33.666
12.13.2001-09:00:00,12,13,2001,09,33.629
12.13.2001-12:00:00,12,13,2001,12,33.591
12.13.2001-15:00:00,12,13,2001,15,33.554
12.13.2001-18:00:00,12,13,2001,18,33.516
12.13.2001-21:00:00,12,13,2001,21,33.479
12.14.2001-00:00:00,12,14,2001,00,33.441
12.14.2001-03:00:00,12,14,2001,03,33.404
12.14.2001-06:00:00,12,14,2001,06,33.366
12.14.2001-09:00:00,12,14,2001,09,33.329
12.14.2001-12:00:00,12,14,2001,12,33.292
12.14.2001-15:00:00,12,14,2001,15,33.254
12.14.2001-18:00:00,12,14,2001,18,33.217
12.14.2001-21:00:00,12,14,2001,21,33.18
12.15.2001-00:00:00,12,15,2001,00,33.142
12.15.2001-03:00:00,12,15,2001,03,33.105
12.15.2001-06:00:00,12,15,2001,06,33.068
12.15.2001-09:00:00,12,15,2001,09,33.031
12.15.2001-12:00:00,12,15,2001,12,32.994
12.15.2001-15:00:00,12,15,2001,15,32.957
12.15.2001-18:00:00,12,15,2001,18,32.92
12.15.2001-21:00:00,12,15,2001,21,32.883
12.16.2001-00:00:00,12,16,2001,00,32.846
12.16.2001-03:00:00,12,16,2001,03,32.809
12.16.2001-06:00:00,12,16,2001,06,32.772
12.16.2001-09:00:00,12,16,2001,09,32.735
12.16.2001-12:00:00,12,16,2001,12,32.698
12.16.2001-15:00:00,12,16,2001,15,32.661
12.16.2001-18:00:00,12,16,2001,18,32.625
12.16.2001-21:00:00,12,16,2001,21,32.588
12.17.2001-00:00:00,12,17,2001,00,32.551
12.17.2001-03:00:00,12,17,2001,03,32.514
12.17.2001-06:00:00,12,17,2001,06,32.478
12.17.2001-09:00:00,12,17,2001,09,32.441
12.17.2001-12:00:00,12,17,2001,12,32.404
12.17.2001-15:00:00,12,17,2001,15,32.368
12.17.2001-18:00:00,12,17,2001,18,32.331
12.17.2001-21:00:00,12,17,2001,21,32.295
12.18.2001-00:00:00,12,18,2001,00,32.258
12.18.2001-03:00:00,12,18,2001,03,32.222
12.18.2001-06:00:00,12,18,2001,06,32.186
12.18.2001-09:00:00,12,18,2001,09,32.149
12.18.2001-12:00:00,12,18,2001,12,32.113
12.18.2001-15:00:00,12,18,2001,15,32.077
12.18.2001-18:00:00,12,18,2001,18,32.04
12.18.2001-21:00:00,12,18,2001,21,32.004
12.19.2001-00:00:00,12,19,2001,00,31.968
12.19.2001-03:00:00,12,19,2001,03,31.932
12.19.2001-06:00:00,12,19,2001,06,31.896
12.19.2001-09:00:00,12,19,2001,09,31.86
12.19.2001-12:00:00,12,19,2001,12,31.824
12.19.2001-15:00:00,12,19,2001,15,31.788
12.19.2001-18:00:00,12,19,2001,18,31.752
12.19.2001-21:00:00,12,19,2001,21,31.716
12.20.2001-00:00:00,12,20,2001,00,31.68
12.20.2001-03:00:00,12,20,2001,03,31.644
12.20.2001-06:00:00,12,20,2001,06,31.608
12.20.2001-09:00:00,12,20,2001,09,31.573
12.20.2001-12:00:00,12,20,2001,12,31.537
12.20.2001-15:00:00,12,20,2001,15,31.501
12.20.2001-18:00:00,12,20,2001,18,31.465
12.20.2001-21:00:00,12,20,2001,21,31.43
12.21.2001-00:00:00,12,21,2001,00,31.394
12.21.2001-03:00:00,12,21,2001,03,31.359
12.21.2001-06:00:00,12,21,2001,06,31.323
12.21.2001-09:00:00,12,21,2001,09,31.288
12.21.2001-12:00:00,12,21,2001,12,31.252
12.21.2001-15:00:00,12,21,2001,15,31.217
12.21.2001-18:00:00,12,21,2001,18,31.181
12.21.2001-21:00:00,12,21,2001,21,31.146
12.22.2001-00:00:00,12,22,2001,00,31.111
12.22.2001-03:00:00,12,22,2001,03,31.076
12.22.2001-06:00:00,12,22,2001,06,31.04
12.22.2001-09:00:00,12,22,2001,09,31.005
12.22.2001-12:00:00,12,22,2001,12,30.97
12.22.2001-15:00:00,12,22,2001,15,30.935
12.22.2001-18:00:00,12,22,2001,18,30.9
12.22.2001-21:00:00,12,22,2001,21,30.865
12.23.2001-00:00:00,12,23,2001,00,30.83
12.23.2001-03:00:00,12,23,2001,03,30.795
12.23.2001-06:00:00,12,23,2001,06,30.76
12.23.2001-09:00:00,12,23,2001,09,30.725
12.23.2001-12:00:00,12,23,2001,12,30.69
12.23.2001-15:00:00,12,23,2001,15,30.656
12.23.2001-18:00:00,12,23,2001,18,30.621
12.23.2001-21:00:00,12,23,2001,21,30.586
12.24.2001-00:00:00,12,24,2001,00,30.551
12.24.2001-03:00:00,12,24,2001,03,30.517
12.24.2001-06:00:00,12,24,2001,06,30.482
12.24.2001-09:00:00,12,24,2001,09,30.448
12.24.2001-12:00:00,12,24,2001,12,30.413
12.24.2001-15:00:00,12,24,2001,15,30.379
12.24.2001-18:00:00,12,24,2001,18,30.344
12.24.2001-21:00:00,12,24,2001,21,30.31
12.25.2001-00:00:00,12,25,2001,00,30.275
12.25.2001-03:00:00,12,25,2001,03,30.241
12.25.2001-06:00:00,12,25,2001,06,30.207
12.25.2001-09:00:00,12,25,2001,09,30.173
12.25.2001-12:00:00,12,25,2001,12,30.138
12.25.2001-15:00:00,12,25,2001,15,30.104
12.25.2001-18:00:00,12,25,2001,18,30.07
12.25.2001-21:00:00,12,25,2001,21,30.036
12.26.2001-00:00:00,12,26,2001,00,30.002
12.26.2001-03:00:00,12,26,2001,03,29.968
12.26.2001-06:00:00,12,26,2001,06,29.934
12.26.2001-09:00:00,12,26,2001,09,29.9
12.26.2001-12:00:00,12,26,2001,12,29.866
12.26.2001-15:00:00,12,26,2001,15,29.832
12.26.2001-18:00:00,12,26,2001,18,29.799
12.26.2001-21:00:00,12,26,2001,21,29.765
12.27.2001-00:00:00,12,27,2001,00,29.731
12.27.2001-03:00:00,12,27,2001,03,29.697
12.27.2001-06:00:00,12,27,2001,06,29.665
12.27.2001-09:00:00,12,27,2001,09,29.633
12.27.2001-12:00:00,12,27,2001,12,29.6
12.27.2001-15:00:00,12,27,2001,15,29.568
12.27.2001-18:00:00,12,27,2001,18,29.536
12.27.2001-21:00:00,12,27,2001,21,29.504
12.28.2001-00:00:00,12,28,2001,00,29.472
12.28.2001-03:00:00,12,28,2001,03,29.44
12.28.2001-06:00:00,12,28,2001,06,29.408
12.28.2001-09:00:00,12,28,2001,09,29.376
12.28.2001-12:00:00,12,28,2001,12,29.344
12.28.2001-15:00:00,12,28,2001,15,29.312
12.28.2001-18:00:00,12,28,2001,18,29.28
12.28.2001-21:00:00,12,28,2001,21,29.249
12.29.2001-00:00:00,12,29,2001,00,29.217
12.29.2001-03:00:00,12,29,2001,03,29.185
12.29.2001-06:00:00,12,29,2001,06,29.153
12.29.2001-09:00:00,12,29,2001,09,29.122
12.29.2001-12:00:00,12,29,2001,12,29.09
12.29.2001-15:00:00,12,29,2001,15,29.058
12.29.2001-18:00:00,12,29,2001,18,29.027
12.29.2001-21:00:00,12,29,2001,21,28.995
12.30.2001-00:00:00,12,30,2001,00,28.964
12.30.2001-03:00:00,12,30,2001,03,28.932
12.30.2001-06:00:00,12,30,2001,06,28.901
12.30.2001-09:00:00,12,30,2001,09,28.869
12.30.2001-12:00:00,12,30,2001,12,28.838
12.30.2001-15:00:00,12,30,2001,15,28.807
12.30.2001-18:00:00,12,30,2001,18,28.775
12.30.2001-21:00:00,12,30,2001,21,28.744
12.31.2001-00:00:00,12,31,2001,00,28.713
12.31.2001-03:00:00,12,31,2001,03,28.681
12.31.2001-06:00:00,12,31,2001,06,28.65
12.31.2001-09:00:00,12,31,2001,09,28.619
12.31.2001-12:00:00,12,31,2001,12,28.588
12.31.2001-15:00:00,12,31,2001,15,28.557
12.31.2001-18:00:00,12,31,2001,18,28.526
12.31.2001-21:00:00,12,31,2001,21,28.495
01.01.2002-00:00:00,01,01,2002,00,28.464
01.01.2002-03:00:00,01,01,2002,03,28.433
01.01.2002-06:00:00,01,01,2002,06,28.402
01.01.2002-09:00:00,01,01,2002,09,28.371
01.01.2002-12:00:00,01,01,2002,12,28.34
01.01.2002-15:00:00,01,01,2002,15,28.309
01.01.2002-18:00:00,01,01,2002,18,28.279
01.01.2002-21:00:00,01,01,2002,21,28.248
01.02.2002-00:00:00,01,02,2002,00,28.217
01.02.2002-03:00:00,01,02,2002,03,28.187
01.02.2002-06:00:00,01,02,2002,06,28.156
01.02.2002-09:00:00,01,02,2002,09,28.125
01.02.2002-12:00:00,01,02,2002,12,28.095
01.02.2002-15:00:00,01,02,2002,15,28.064
01.02.2002-18:00:00,01,02,2002,18,28.034
01.02.2002-21:00:00,01,02,2002,21,28.003
01.03.2002-00:00:00,01,03,2002,00,27.973
01.03.2002-03:00:00,01,03,2002,03,27.942
01.03.2002-06:00:00,01,03,2002,06,27.912
01.03.2002-09:00:00,01,03,2002,09,27.882
01.03.2002-12:00:00,01,03,2002,12,27.851
01.03.2002-15:00:00,01,03,2002,15,27.821
01.03.2002-18:00:00,01,03,2002,18,27.791
01.03.2002-21:00:00,01,03,2002,21,27.761
01.04.2002-00:00:00,01,04,2002,00,27.73
01.04.2002-03:00:00,01,04,2002,03,27.7
01.04.2002-06:00:00,01,04,2002,06,27.67
01.04.2002-09:00:00,01,04,2002,09,27.64
01.04.2002-12:00:00,01,04,2002,12,27.61
01.04.2002-15:00:00,01,04,2002,15,27.58
01.04.2002-18:00:00,01,04,2002,18,27.55
01.04.2002-21:00:00,01,04,2002,21,27.52
01.05.2002-00:00:00,01,05,2002,00,27.49
01.05.2002-03:00:00,01,05,2002,03,27.461
01.05.2002-06:00:00,01,05,2002,06,27.431
01.05.2002-09:00:00,01,05,2002,09,27.401
01.05.2002-12:00:00,01,05,2002,12,27.371
01.05.2002-15:00:00,01,05,2002,15,27.342
01.05.2002-18:00:00,01,05,2002,18,27.312
01.05.2002-21:00:00,01,05,2002,21,27.282
01.06.2002-00:00:00,01,06,2002,00,27.253
01.06.2002-03:00:00,01,06,2002,03,27.223
01.06.2002-06:00:00,01,06,2002,06,27.194
01.06.2002-09:00:00,01,06,2002,09,27.164
01.06.2002-12:00:00,01,06,2002,12,27.135
01.06.2002-15:00:00,01,06,2002,15,27.105
01.06.2002-18:00:00,01,06,2002,18,27.076
01.06.2002-21:00:00,01,06,2002,21,27.047
01.07.2002-00:00:00,01,07,2002,00,27.017
01.07.2002-03:00:00,01,07,2002,03,26.988
01.07.2002-06:00:00,01,07,2002,06,26.959
01.07.2002-09:00:00,01,07,2002,09,26.93
01.07.2002-12:00:00,01,07,2002,12,26.9
01.07.2002-15:00:00,01,07,2002,15,26.871
01.07.2002-18:00:00,01,07,2002,18,26.842
01.07.2002-21:00:00,01,07,2002,21,26.813
01.08.2002-00:00:00,01,08,2002,00,26.784
01.08.2002-03:00:00,01,08,2002,03,26.755
01.08.2002-06:00:00,01,08,2002,06,26.726
01.08.2002-09:00:00,01,08,2002,09,26.697
01.08.2002-12:00:00,01,08,2002,12,26.668
01.08.2002-15:00:00,01,08,2002,15,26.64
01.08.2002-18:00:00,01,08,2002,18,26.611
01.08.2002-21:00:00,01,08,2002,21,26.582
01.09.2002-00:00:00,01,09,2002,00,26.553
01.09.2002-03:00:00,01,09,2002,03,26.525
01.09.2002-06:00:00,01,09,2002,06,26.496
01.09.2002-09:00:00,01,09,2002,09,26.467
01.09.2002-12:00:00,01,09,2002,12,26.439
01.09.2002-15:00:00,01,09,2002,15,26.41
01.09.2002-18:00:00,01,09,2002,18,26.382
01.09.2002-21:00:00,01,09,2002,21,26.353
01.10.2002-00:00:00,01,10,2002,00,26.325
01.10.2002-03:00:00,01,10,2002,03,26.296
01.10.2002-06:00:00,01,10,2002,06,26.268
01.10.2002-09:00:00,01,10,2002,09,26.24
01.10.2002-12:00:00,01,10,2002,12,26.211
01.10.2002-15:00:00,01,10,2002,15,26.183
01.10.2002-18:00:00,01,10,2002,18,26.155
01.10.2002-21:00:00,01,10,2002,21,26.127
01.11.2002-00:00:00,01,11,2002,00,26.099
01.11.2002-03:00:00,01,11,2002,03,26.07
01.11.2002-06:00:00,01,11,2002,06,26.042
01.11.2002-09:00:00,01,11,2002,09,26.014
01.11.2002-12:00:00,01,11,2002,12,25.986
01.11.2002-15:00:00,01,11,2002,15,25.958
01.11.2002-18:00:00,01,11,2002,18,25.93
01.11.2002-21:00:00,01,11,2002,21,25.902
01.12.2002-00:00:00,01,12,2002,00,25.875
01.12.2002-03:00:00,01,12,2002,03,25.847
01.12.2002-06:00:00,01,12,2002,06,25.819
01.12.2002-09:00:00,01,12,2002,09,25.791
01.12.2002-12:00:00,01,12,2002,12,25.763
01.12.2002-15:00:00,01,12,2002,15,25.736
01.12.2002-18:00:00,01,12,2002,18,25.708
01.12.2002-21:00:00,01,12,2002,21,25.681
01.13.2002-00:00:00,01,13,2002,00,25.653
01.13.2002-03:00:00,01,13,2002,03,25.625
01.13.2002-06:00:00,01,13,2002,06,25.598
01.13.2002-09:00:00,01,13,2002,09,25.571
01.13.2002-12:00:00,01,13,2002,12,25.543
01.13.2002-15:00:00,01,13,2002,15,25.516
01.13.2002-18:00:00,01,13,2002,18,25.488
01.13.2002-21:00:00,01,13,2002,21,25.461
01.14.2002-00:00:00,01,14,2002,00,25.434
01.14.2002-03:00:00,01,14,2002,03,25.406
01.14.2002-06:00:00,01,14,2002,06,25.379
01.14.2002-09:00:00,01,14,2002,09,25.352
01.14.2002-12:00:00,01,14,2002,12,25.325
01.14.2002-15:00:00,01,14,2002,15,25.298
01.14.2002-18:00:00,01,14,2002,18,25.271
01.14.2002-21:00:00,01,14,2002,21,25.244
01.15.2002-00:00:00,01,15,2002,00,25.218
01.15.2002-03:00:00,01,15,2002,03,25.192
01.15.2002-06:00:00,01,15,2002,06,25.166
01.15.2002-09:00:00,01,15,2002,09,25.141
01.15.2002-12:00:00,01,15,2002,12,25.115
01.15.2002-15:00:00,01,15,2002,15,25.089
01.15.2002-18:00:00,01,15,2002,18,25.064
01.15.2002-21:00:00,01,15,2002,21,25.038
01.16.2002-00:00:00,01,16,2002,00,25.013
01.16.2002-03:00:00,01,16,2002,03,24.987
01.16.2002-06:00:00,01,16,2002,06,24.962
01.16.2002-09:00:00,01,16,2002,09,24.936
01.16.2002-12:00:00,01,16,2002,12,24.911
01.16.2002-15:00:00,01,16,2002,15,24.885
01.16.2002-18:00:00,01,16,2002,18,24.86
01.16.2002-21:00:00,01,16,2002,21,24.834
01.17.2002-00:00:00,01,17,2002,00,24.809
01.17.2002-03:00:00,01,17,2002,03,24.784
01.17.2002-06:00:00,01,17,2002,06,24.759
01.17.2002-09:00:00,01,17,2002,09,24.733
01.17.2002-12:00:00,01,17,2002,12,24.708
01.17.2002-15:00:00,01,17,2002,15,24.683
01.17.2002-18:00:00,01,17,2002,18,24.658
01.17.2002-21:00:00,01,17,2002,21,24.633
01.18.2002-00:00:00,01,18,2002,00,24.607
01.18.2002-03:00:00,01,18,2002,03,24.582
01.18.2002-06:00:00,01,18,2002,06,24.557
01.18.2002-09:00:00,01,18,2002,09,24.532
01.18.2002-12:00:00,01,18,2002,12,24.507
01.18.2002-15:00:00,01,18,2002,15,24.482
01.18.2002-18:00:00,01,18,2002,18,24.457
01.18.2002-21:00:00,01,18,2002,21,24.433
01.19.2002-00:00:00,01,19,2002,00,24.408
01.19.2002-03:00:00,01,19,2002,03,24.383
01.19.2002-06:00:00,01,19,2002,06,24.358
01.19.2002-09:00:00,01,19,2002,09,24.333
01.19.2002-12:00:00,01,19,2002,12,24.308
01.19.2002-15:00:00,01,19,2002,15,24.284
01.19.2002-18:00:00,01,19,2002,18,24.259
01.19.2002-21:00:00,01,19,2002,21,24.234
01.20.2002-00:00:00,01,20,2002,00,24.21
01.20.2002-03:00:00,01,20,2002,03,24.185
01.20.2002-06:00:00,01,20,2002,06,24.16
01.20.2002-09:00:00,01,20,2002,09,24.136
01.20.2002-12:00:00,01,20,2002,12,24.111
01.20.2002-15:00:00,01,20,2002,15,24.087
01.20.2002-18:00:00,01,20,2002,18,24.062
01.20.2002-21:00:00,01,20,2002,21,24.038
01.21.2002-00:00:00,01,21,2002,00,24.014
01.21.2002-03:00:00,01,21,2002,03,23.989
01.21.2002-06:00:00,01,21,2002,06,23.965
01.21.2002-09:00:00,01,21,2002,09,23.94
01.21.2002-12:00:00,01,21,2002,12,23.916
01.21.2002-15:00:00,01,21,2002,15,23.892
01.21.2002-18:00:00,01,21,2002,18,23.868
01.21.2002-21:00:00,01,21,2002,21,23.843
01.22.2002-00:00:00,01,22,2002,00,23.819
01.22.2002-03:00:00,01,22,2002,03,23.795
01.22.2002-06:00:00,01,22,2002,06,23.771
01.22.2002-09:00:00,01,22,2002,09,23.747
01.22.2002-12:00:00,01,22,2002,12,23.723
01.22.2002-15:00:00,01,22,2002,15,23.699
01.22.2002-18:00:00,01,22,2002,18,23.675
01.22.2002-21:00:00,01,22,2002,21,23.651
01.23.2002-00:00:00,01,23,2002,00,23.627
01.23.2002-03:00:00,01,23,2002,03,23.603
01.23.2002-06:00:00,01,23,2002,06,23.579
01.23.2002-09:00:00,01,23,2002,09,23.555
01.23.2002-12:00:00,01,23,2002,12,23.531
01.23.2002-15:00:00,01,23,2002,15,23.507
01.23.2002-18:00:00,01,23,2002,18,23.484
01.23.2002-21:00:00,01,23,2002,21,23.46
01.24.2002-00:00:00,01,24,2002,00,23.436
01.24.2002-03:00:00,01,24,2002,03,23.412
01.24.2002-06:00:00,01,24,2002,06,23.389
01.24.2002-09:00:00,01,24,2002,09,23.365
01.24.2002-12:00:00,01,24,2002,12,23.341
01.24.2002-15:00:00,01,24,2002,15,23.318
01.24.2002-18:00:00,01,24,2002,18,23.294
01.24.2002-21:00:00,01,24,2002,21,23.271
01.25.2002-00:00:00,01,25,2002,00,23.247
01.25.2002-03:00:00,01,25,2002,03,23.224
01.25.2002-06:00:00,01,25,2002,06,23.2
01.25.2002-09:00:00,01,25,2002,09,23.177
01.25.2002-12:00:00,01,25,2002,12,23.154
01.25.2002-15:00:00,01,25,2002,15,23.13
01.25.2002-18:00:00,01,25,2002,18,23.107
01.25.2002-21:00:00,01,25,2002,21,23.084
01.26.2002-00:00:00,01,26,2002,00,23.06
01.26.2002-03:00:00,01,26,2002,03,23.037
01.26.2002-06:00:00,01,26,2002,06,23.014
01.26.2002-09:00:00,01,26,2002,09,22.991
01.26.2002-12:00:00,01,26,2002,12,22.968
01.26.2002-15:00:00,01,26,2002,15,22.944
01.26.2002-18:00:00,01,26,2002,18,22.921
01.26.2002-21:00:00,01,26,2002,21,22.9
01.27.2002-00:00:00,01,27,2002,00,22.878
01.27.2002-03:00:00,01,27,2002,03,22.856
01.27.2002-06:00:00,01,27,2002,06,22.834
01.27.2002-09:00:00,01,27,2002,09,22.813
01.27.2002-12:00:00,01,27,2002,12,22.791
01.27.2002-15:00:00,01,27,2002,15,22.769
01.27.2002-18:00:00,01,27,2002,18,22.748
01.27.2002-21:00:00,01,27,2002,21,22.726
01.28.2002-00:00:00,01,28,2002,00,22.705
01.28.2002-03:00:00,01,28,2002,03,22.683
01.28.2002-06:00:00,01,28,2002,06,22.662
01.28.2002-09:00:00,01,28,2002,09,22.64
01.28.2002-12:00:00,01,28,2002,12,22.618
01.28.2002-15:00:00,01,28,2002,15,22.597
01.28.2002-18:00:00,01,28,2002,18,22.576
01.28.2002-21:00:00,01,28,2002,21,22.554
01.29.2002-00:00:00,01,29,2002,00,22.533
01.29.2002-03:00:00,01,29,2002,03,22.511
01.29.2002-06:00:00,01,29,2002,06,22.49
01.29.2002-09:00:00,01,29,2002,09,22.469
01.29.2002-12:00:00,01,29,2002,12,22.447
01.29.2002-15:00:00,01,29,2002,15,22.426
01.29.2002-18:00:00,01,29,2002,18,22.405
01.29.2002-21:00:00,01,29,2002,21,22.383
01.30.2002-00:00:00,01,30,2002,00,22.362
01.30.2002-03:00:00,01,30,2002,03,22.341
01.30.2002-06:00:00,01,30,2002,06,22.32
01.30.2002-09:00:00,01,30,2002,09,22.298
01.30.2002-12:00:00,01,30,2002,12,22.277
01.30.2002-15:00:00,01,30,2002,15,22.256
01.30.2002-18:00:00,01,30,2002,18,22.235
01.30.2002-21:00:00,01,30,2002,21,22.214
01.31.2002-00:00:00,01,31,2002,00,22.193
01.31.2002-03:00:00,01,31,2002,03,22.172
01.31.2002-06:00:00,01,31,2002,06,22.151
01.31.2002-09:00:00,01,31,2002,09,22.13
01.31.2002-12:00:00,01,31,2002,12,22.109
01.31.2002-15:00:00,01,31,2002,15,22.088
01.31.2002-18:00:00,01,31,2002,18,22.067
01.31.2002-21:00:00,01,31,2002,21,22.046
02.01.2002-00:00:00,02,01,2002,00,22.025
02.01.2002-03:00:00,02,01,2002,03,22.004
02.01.2002-06:00:00,02,01,2002,06,21.983
02.01.2002-09:00:00,02,01,2002,09,21.962
02.01.2002-12:00:00,02,01,2002,12,21.941
02.01.2002-15:00:00,02,01,2002,15,21.92
02.01.2002-18:00:00,02,01,2002,18,21.9
02.01.2002-21:00:00,02,01,2002,21,21.879
02.02.2002-00:00:00,02,02,2002,00,21.858
02.02.2002-03:00:00,02,02,2002,03,21.837
02.02.2002-06:00:00,02,02,2002,06,21.817
02.02.2002-09:00:00,02,02,2002,09,21.796
02.02.2002-12:00:00,02,02,2002,12,21.775
02.02.2002-15:00:00,02,02,2002,15,21.755
02.02.2002-18:00:00,02,02,2002,18,21.734
02.02.2002-21:00:00,02,02,2002,21,21.713
02.03.2002-00:00:00,02,03,2002,00,21.693
02.03.2002-03:00:00,02,03,2002,03,21.672
02.03.2002-06:00:00,02,03,2002,06,21.652
02.03.2002-09:00:00,02,03,2002,09,21.631
02.03.2002-12:00:00,02,03,2002,12,21.611
02.03.2002-15:00:00,02,03,2002,15,21.59
02.03.2002-18:00:00,02,03,2002,18,21.569
02.03.2002-21:00:00,02,03,2002,21,21.549
02.04.2002-00:00:00,02,04,2002,00,21.528
02.04.2002-03:00:00,02,04,2002,03,21.508
02.04.2002-06:00:00,02,04,2002,06,21.488
02.04.2002-09:00:00,02,04,2002,09,21.469
02.04.2002-12:00:00,02,04,2002,12,21.45
02.04.2002-15:00:00,02,04,2002,15,21.431
02.04.2002-18:00:00,02,04,2002,18,21.413
02.04.2002-21:00:00,02,04,2002,21,21.394
02.05.2002-00:00:00,02,05,2002,00,21.375
02.05.2002-03:00:00,02,05,2002,03,21.356
02.05.2002-06:00:00,02,05,2002,06,21.337
02.05.2002-09:00:00,02,05,2002,09,21.318
02.05.2002-12:00:00,02,05,2002,12,21.3
02.05.2002-15:00:00,02,05,2002,15,21.281
02.05.2002-18:00:00,02,05,2002,18,21.262
02.05.2002-21:00:00,02,05,2002,21,21.243
02.06.2002-00:00:00,02,06,2002,00,21.225
02.06.2002-03:00:00,02,06,2002,03,21.206
02.06.2002-06:00:00,02,06,2002,06,21.187
02.06.2002-09:00:00,02,06,2002,09,21.169
02.06.2002-12:00:00,02,06,2002,12,21.15
02.06.2002-15:00:00,02,06,2002,15,21.131
02.06.2002-18:00:00,02,06,2002,18,21.113
02.06.2002-21:00:00,02,06,2002,21,21.094
02.07.2002-00:00:00,02,07,2002,00,21.075
02.07.2002-03:00:00,02,07,2002,03,21.057
02.07.2002-06:00:00,02,07,2002,06,21.038
02.07.2002-09:00:00,02,07,2002,09,21.02
02.07.2002-12:00:00,02,07,2002,12,21.001
02.07.2002-15:00:00,02,07,2002,15,20.982
02.07.2002-18:00:00,02,07,2002,18,20.964
02.07.2002-21:00:00,02,07,2002,21,20.945
02.08.2002-00:00:00,02,08,2002,00,20.927
02.08.2002-03:00:00,02,08,2002,03,20.908
02.08.2002-06:00:00,02,08,2002,06,20.89
02.08.2002-09:00:00,02,08,2002,09,20.871
02.08.2002-12:00:00,02,08,2002,12,20.853
02.08.2002-15:00:00,02,08,2002,15,20.834
02.08.2002-18:00:00,02,08,2002,18,20.816
02.08.2002-21:00:00,02,08,2002,21,20.797
02.09.2002-00:00:00,02,09,2002,00,20.779
02.09.2002-03:00:00,02,09,2002,03,20.761
02.09.2002-06:00:00,02,09,2002,06,20.742
02.09.2002-09:00:00,02,09,2002,09,20.724
02.09.2002-12:00:00,02,09,2002,12,20.706
02.09.2002-15:00:00,02,09,2002,15,20.687
02.09.2002-18:00:00,02,09,2002,18,20.669
02.09.2002-21:00:00,02,09,2002,21,20.651
02.10.2002-00:00:00,02,10,2002,00,20.632
02.10.2002-03:00:00,02,10,2002,03,20.614
02.10.2002-06:00:00,02,10,2002,06,20.596
02.10.2002-09:00:00,02,10,2002,09,20.577
02.10.2002-12:00:00,02,10,2002,12,20.559
02.10.2002-15:00:00,02,10,2002,15,20.541
02.10.2002-18:00:00,02,10,2002,18,20.523
02.10.2002-21:00:00,02,10,2002,21,20.504
02.11.2002-00:00:00,02,11,2002,00,20.486
02.11.2002-03:00:00,02,11,2002,03,20.468
02.11.2002-06:00:00,02,11,2002,06,20.45
02.11.2002-09:00:00,02,11,2002,09,20.432
02.11.2002-12:00:00,02,11,2002,12,20.414
02.11.2002-15:00:00,02,11,2002,15,20.395
02.11.2002-18:00:00,02,11,2002,18,20.377
02.11.2002-21:00:00,02,11,2002,21,20.359
02.12.2002-00:00:00,02,12,2002,00,20.341
02.12.2002-03:00:00,02,12,2002,03,20.323
02.12.2002-06:00:00,02,12,2002,06,20.305
02.12.2002-09:00:00,02,12,2002,09,20.287
02.12.2002-12:00:00,02,12,2002,12,20.269
02.12.2002-15:00:00,02,12,2002,15,20.251
02.12.2002-18:00:00,02,12,2002,18,20.233
02.12.2002-21:00:00,02,12,2002,21,20.215
02.13.2002-00:00:00,02,13,2002,00,20.197
02.13.2002-03:00:00,02,13,2002,03,20.179
02.13.2002-06:00:00,02,13,2002,06,20.161
02.13.2002-09:00:00,02,13,2002,09,20.143
02.13.2002-12:00:00,02,13,2002,12,20.125
02.13.2002-15:00:00,02,13,2002,15,20.107
02.13.2002-18:00:00,02,13,2002,18,20.089
02.13.2002-21:00:00,02,13,2002,21,20.072
02.14.2002-00:00:00,02,14,2002,00,20.054
02.14.2002-03:00:00,02,14,2002,03,20.036
02.14.2002-06:00:00,02,14,2002,06,20.018
02.14.2002-09:00:00,02,14,2002,09,20
02.14.2002-12:00:00,02,14,2002,12,19.982
02.14.2002-15:00:00,02,14,2002,15,19.965
02.14.2002-18:00:00,02,14,2002,18,19.947
02.14.2002-21:00:00,02,14,2002,21,19.929
02.15.2002-00:00:00,02,15,2002,00,19.911
02.15.2002-03:00:00,02,15,2002,03,19.894
02.15.2002-06:00:00,02,15,2002,06,19.876
02.15.2002-09:00:00,02,15,2002,09,19.858
02.15.2002-12:00:00,02,15,2002,12,19.841
02.15.2002-15:00:00,02,15,2002,15,19.823
02.15.2002-18:00:00,02,15,2002,18,19.805
02.15.2002-21:00:00,02,15,2002,21,19.788
02.16.2002-00:00:00,02,16,2002,00,19.77
02.16.2002-03:00:00,02,16,2002,03,19.753
02.16.2002-06:00:00,02,16,2002,06,19.735
02.16.2002-09:00:00,02,16,2002,09,19.717
02.16.2002-12:00:00,02,16,2002,12,19.7
02.16.2002-15:00:00,02,16,2002,15,19.682
02.16.2002-18:00:00,02,16,2002,18,19.665
02.16.2002-21:00:00,02,16,2002,21,19.647
02.17.2002-00:00:00,02,17,2002,00,19.63
02.17.2002-03:00:00,02,17,2002,03,19.612
02.17.2002-06:00:00,02,17,2002,06,19.595
02.17.2002-09:00:00,02,17,2002,09,19.577
02.17.2002-12:00:00,02,17,2002,12,19.56
02.17.2002-15:00:00,02,17,2002,15,19.543
02.17.2002-18:00:00,02,17,2002,18,19.525
02.17.2002-21:00:00,02,17,2002,21,19.508
02.18.2002-00:00:00,02,18,2002,00,19.491
02.18.2002-03:00:00,02,18,2002,03,19.473
02.18.2002-06:00:00,02,18,2002,06,19.456
02.18.2002-09:00:00,02,18,2002,09,19.438
02.18.2002-12:00:00,02,18,2002,12,19.421
02.18.2002-15:00:00,02,18,2002,15,19.404
02.18.2002-18:00:00,02,18,2002,18,19.387
02.18.2002-21:00:00,02,18,2002,21,19.369
02.19.2002-00:00:00,02,19,2002,00,19.352
02.19.2002-03:00:00,02,19,2002,03,19.335
02.19.2002-06:00:00,02,19,2002,06,19.318
02.19.2002-09:00:00,02,19,2002,09,19.301
02.19.2002-12:00:00,02,19,2002,12,19.283
02.19.2002-15:00:00,02,19,2002,15,19.266
02.19.2002-18:00:00,02,19,2002,18,19.248
02.19.2002-21:00:00,02,19,2002,21,19.231
02.20.2002-00:00:00,02,20,2002,00,19.214
02.20.2002-03:00:00,02,20,2002,03,19.197
02.20.2002-06:00:00,02,20,2002,06,19.18
02.20.2002-09:00:00,02,20,2002,09,19.163
02.20.2002-12:00:00,02,20,2002,12,19.146
02.20.2002-15:00:00,02,20,2002,15,19.129
02.20.2002-18:00:00,02,20,2002,18,19.112
02.20.2002-21:00:00,02,20,2002,21,19.095
02.21.2002-00:00:00,02,21,2002,00,19.078
02.21.2002-03:00:00,02,21,2002,03,19.061
02.21.2002-06:00:00,02,21,2002,06,19.044
02.21.2002-09:00:00,02,21,2002,09,19.027
02.21.2002-12:00:00,02,21,2002,12,19.01
02.21.2002-15:00:00,02,21,2002,15,18.993
02.21.2002-18:00:00,02,21,2002,18,18.977
02.21.2002-21:00:00,02,21,2002,21,18.96
02.22.2002-00:00:00,02,22,2002,00,18.943
02.22.2002-03:00:00,02,22,2002,03,18.926
02.22.2002-06:00:00,02,22,2002,06,18.909
02.22.2002-09:00:00,02,22,2002,09,18.892
02.22.2002-12:00:00,02,22,2002,12,18.875
02.22.2002-15:00:00,02,22,2002,15,18.858
02.22.2002-18:00:00,02,22,2002,18,18.841
02.22.2002-21:00:00,02,22,2002,21,18.825
02.23.2002-00:00:00,02,23,2002,00,18.808
02.23.2002-03:00:00,02,23,2002,03,18.791
02.23.2002-06:00:00,02,23,2002,06,18.775
02.23.2002-09:00:00,02,23,2002,09,18.757
02.23.2002-12:00:00,02,23,2002,12,18.74
02.23.2002-15:00:00,02,23,2002,15,18.723
02.23.2002-18:00:00,02,23,2002,18,18.707
02.23.2002-21:00:00,02,23,2002,21,18.69
02.24.2002-00:00:00,02,24,2002,00,18.673
02.24.2002-03:00:00,02,24,2002,03,18.657
02.24.2002-06:00:00,02,24,2002,06,18.64
02.24.2002-09:00:00,02,24,2002,09,18.624
02.24.2002-12:00:00,02,24,2002,12,18.607
02.24.2002-15:00:00,02,24,2002,15,18.591
02.24.2002-18:00:00,02,24,2002,18,18.574
02.24.2002-21:00:00,02,24,2002,21,18.558
02.25.2002-00:00:00,02,25,2002,00,18.541
02.25.2002-03:00:00,02,25,2002,03,18.525
02.25.2002-06:00:00,02,25,2002,06,18.509
02.25.2002-09:00:00,02,25,2002,09,18.492
02.25.2002-12:00:00,02,25,2002,12,18.476
02.25.2002-15:00:00,02,25,2002,15,18.459
02.25.2002-18:00:00,02,25,2002,18,18.443
02.25.2002-21:00:00,02,25,2002,21,18.427
02.26.2002-00:00:00,02,26,2002,00,18.41
02.26.2002-03:00:00,02,26,2002,03,18.394
02.26.2002-06:00:00,02,26,2002,06,18.378
02.26.2002-09:00:00,02,26,2002,09,18.362
02.26.2002-12:00:00,02,26,2002,12,18.345
02.26.2002-15:00:00,02,26,2002,15,18.329
02.26.2002-18:00:00,02,26,2002,18,18.313
02.26.2002-21:00:00,02,26,2002,21,18.297
02.27.2002-00:00:00,02,27,2002,00,18.281
02.27.2002-03:00:00,02,27,2002,03,18.264
02.27.2002-06:00:00,02,27,2002,06,18.248
02.27.2002-09:00:00,02,27,2002,09,18.232
02.27.2002-12:00:00,02,27,2002,12,18.216
02.27.2002-15:00:00,02,27,2002,15,18.2
02.27.2002-18:00:00,02,27,2002,18,18.184
02.27.2002-21:00:00,02,27,2002,21,18.168
02.28.2002-00:00:00,02,28,2002,00,18.152
02.28.2002-03:00:00,02,28,2002,03,18.136
02.28.2002-06:00:00,02,28,2002,06,18.12
02.28.2002-09:00:00,02,28,2002,09,18.104
02.28.2002-12:00:00,02,28,2002,12,18.088
02.28.2002-15:00:00,02,28,2002,15,18.072
02.28.2002-18:00:00,02,28,2002,18,18.056
02.28.2002-21:00:00,02,28,2002,21,18.04
03.01.2002-00:00:00,03,01,2002,00,18.024
03.01.2002-03:00:00,03,01,2002,03,18.008
03.01.2002-06:00:00,03,01,2002,06,17.992
03.01.2002-09:00:00,03,01,2002,09,17.976
03.01.2002-12:00:00,03,01,2002,12,17.961
03.01.2002-15:00:00,03,01,2002,15,17.945
03.01.2002-18:00:00,03,01,2002,18,17.929
03.01.2002-21:00:00,03,01,2002,21,17.913
03.02.2002-00:00:00,03,02,2002,00,17.897
03.02.2002-03:00:00,03,02,2002,03,17.882
03.02.2002-06:00:00,03,02,2002,06,17.866
03.02.2002-09:00:00,03,02,2002,09,17.85
03.02.2002-12:00:00,03,02,2002,12,17.834
03.02.2002-15:00:00,03,02,2002,15,17.819
03.02.2002-18:00:00,03,02,2002,18,17.803
03.02.2002-21:00:00,03,02,2002,21,17.787
03.03.2002-00:00:00,03,03,2002,00,17.772
03.03.2002-03:00:00,03,03,2002,03,17.756
03.03.2002-06:00:00,03,03,2002,06,17.74
03.03.2002-09:00:00,03,03,2002,09,17.725
03.03.2002-12:00:00,03,03,2002,12,17.709
03.03.2002-15:00:00,03,03,2002,15,17.694
03.03.2002-18:00:00,03,03,2002,18,17.678
03.03.2002-21:00:00,03,03,2002,21,17.663
03.04.2002-00:00:00,03,04,2002,00,17.647
03.04.2002-03:00:00,03,04,2002,03,17.632
03.04.2002-06:00:00,03,04,2002,06,17.616
03.04.2002-09:00:00,03,04,2002,09,17.601
03.04.2002-12:00:00,03,04,2002,12,17.585
03.04.2002-15:00:00,03,04,2002,15,17.569
03.04.2002-18:00:00,03,04,2002,18,17.554
03.04.2002-21:00:00,03,04,2002,21,17.538
03.05.2002-00:00:00,03,05,2002,00,17.523
03.05.2002-03:00:00,03,05,2002,03,17.508
03.05.2002-06:00:00,03,05,2002,06,17.492
03.05.2002-09:00:00,03,05,2002,09,17.476
03.05.2002-12:00:00,03,05,2002,12,17.459
03.05.2002-15:00:00,03,05,2002,15,17.443
03.05.2002-18:00:00,03,05,2002,18,17.428
03.05.2002-21:00:00,03,05,2002,21,17.413
03.06.2002-00:00:00,03,06,2002,00,17.398
03.06.2002-03:00:00,03,06,2002,03,17.382
03.06.2002-06:00:00,03,06,2002,06,17.367
03.06.2002-09:00:00,03,06,2002,09,17.352
03.06.2002-12:00:00,03,06,2002,12,17.336
03.06.2002-15:00:00,03,06,2002,15,17.321
03.06.2002-18:00:00,03,06,2002,18,17.306
03.06.2002-21:00:00,03,06,2002,21,17.291
03.07.2002-00:00:00,03,07,2002,00,17.276
03.07.2002-03:00:00,03,07,2002,03,17.26
03.07.2002-06:00:00,03,07,2002,06,17.245
03.07.2002-09:00:00,03,07,2002,09,17.23
03.07.2002-12:00:00,03,07,2002,12,17.215
03.07.2002-15:00:00,03,07,2002,15,17.2
03.07.2002-18:00:00,03,07,2002,18,17.185
03.07.2002-21:00:00,03,07,2002,21,17.17
03.08.2002-00:00:00,03,08,2002,00,17.155
03.08.2002-03:00:00,03,08,2002,03,17.14
03.08.2002-06:00:00,03,08,2002,06,17.126
03.08.2002-09:00:00,03,08,2002,09,17.111
03.08.2002-12:00:00,03,08,2002,12,17.096
03.08.2002-15:00:00,03,08,2002,15,17.081
03.08.2002-18:00:00,03,08,2002,18,17.066
03.08.2002-21:00:00,03,08,2002,21,17.051
03.09.2002-00:00:00,03,09,2002,00,17.036
03.09.2002-03:00:00,03,09,2002,03,17.022
03.09.2002-06:00:00,03,09,2002,06,17.007
03.09.2002-09:00:00,03,09,2002,09,16.992
03.09.2002-12:00:00,03,09,2002,12,16.977
03.09.2002-15:00:00,03,09,2002,15,16.962
03.09.2002-18:00:00,03,09,2002,18,16.948
03.09.2002-21:00:00,03,09,2002,21,16.933
03.10.2002-00:00:00,03,10,2002,00,16.918
03.10.2002-03:00:00,03,10,2002,03,16.904
03.10.2002-06:00:00,03,10,2002,06,16.889
03.10.2002-09:00:00,03,10,2002,09,16.874
03.10.2002-12:00:00,03,10,2002,12,16.86
03.10.2002-15:00:00,03,10,2002,15,16.845
03.10.2002-18:00:00,03,10,2002,18,16.83
03.10.2002-21:00:00,03,10,2002,21,16.816
03.11.2002-00:00:00,03,11,2002,00,16.801
03.11.2002-03:00:00,03,11,2002,03,16.787
03.11.2002-06:00:00,03,11,2002,06,16.772
03.11.2002-09:00:00,03,11,2002,09,16.758
03.11.2002-12:00:00,03,11,2002,12,16.743
03.11.2002-15:00:00,03,11,2002,15,16.729
03.11.2002-18:00:00,03,11,2002,18,16.714
03.11.2002-21:00:00,03,11,2002,21,16.7
03.12.2002-00:00:00,03,12,2002,00,16.685
03.12.2002-03:00:00,03,12,2002,03,16.671
03.12.2002-06:00:00,03,12,2002,06,16.656
03.12.2002-09:00:00,03,12,2002,09,16.642
03.12.2002-12:00:00,03,12,2002,12,16.628
03.12.2002-15:00:00,03,12,2002,15,16.613
03.12.2002-18:00:00,03,12,2002,18,16.599
03.12.2002-21:00:00,03,12,2002,21,16.585
03.13.2002-00:00:00,03,13,2002,00,16.57
03.13.2002-03:00:00,03,13,2002,03,16.556
03.13.2002-06:00:00,03,13,2002,06,16.542
03.13.2002-09:00:00,03,13,2002,09,16.528
03.13.2002-12:00:00,03,13,2002,12,16.513
03.13.2002-15:00:00,03,13,2002,15,16.499
03.13.2002-18:00:00,03,13,2002,18,16.485
03.13.2002-21:00:00,03,13,2002,21,16.471
03.14.2002-00:00:00,03,14,2002,00,16.457
03.14.2002-03:00:00,03,14,2002,03,16.442
03.14.2002-06:00:00,03,14,2002,06,16.428
03.14.2002-09:00:00,03,14,2002,09,16.414
03.14.2002-12:00:00,03,14,2002,12,16.4
03.14.2002-15:00:00,03,14,2002,15,16.386
03.14.2002-18:00:00,03,14,2002,18,16.372
03.14.2002-21:00:00,03,14,2002,21,16.358
03.15.2002-00:00:00,03,15,2002,00,16.344
03.15.2002-03:00:00,03,15,2002,03,16.33
03.15.2002-06:00:00,03,15,2002,06,16.316
03.15.2002-09:00:00,03,15,2002,09,16.302
03.15.2002-12:00:00,03,15,2002,12,16.288
03.15.2002-15:00:00,03,15,2002,15,16.274
03.15.2002-18:00:00,03,15,2002,18,16.26
03.15.2002-21:00:00,03,15,2002,21,16.246
03.16.2002-00:00:00,03,16,2002,00,16.232
03.16.2002-03:00:00,03,16,2002,03,16.218
03.16.2002-06:00:00,03,16,2002,06,16.204
03.16.2002-09:00:00,03,16,2002,09,16.19
03.16.2002-12:00:00,03,16,2002,12,16.176
03.16.2002-15:00:00,03,16,2002,15,16.162
03.16.2002-18:00:00,03,16,2002,18,16.149
03.16.2002-21:00:00,03,16,2002,21,16.135
03.17.2002-00:00:00,03,17,2002,00,16.121
03.17.2002-03:00:00,03,17,2002,03,16.107
03.17.2002-06:00:00,03,17,2002,06,16.094
03.17.2002-09:00:00,03,17,2002,09,16.08
03.17.2002-12:00:00,03,17,2002,12,16.066
03.17.2002-15:00:00,03,17,2002,15,16.052
03.17.2002-18:00:00,03,17,2002,18,16.039
03.17.2002-21:00:00,03,17,2002,21,16.025
03.18.2002-00:00:00,03,18,2002,00,16.011
03.18.2002-03:00:00,03,18,2002,03,15.998
03.18.2002-06:00:00,03,18,2002,06,15.984
03.18.2002-09:00:00,03,18,2002,09,15.97
03.18.2002-12:00:00,03,18,2002,12,15.957
03.18.2002-15:00:00,03,18,2002,15,15.943
03.18.2002-18:00:00,03,18,2002,18,15.93
03.18.2002-21:00:00,03,18,2002,21,15.916
03.19.2002-00:00:00,03,19,2002,00,15.903
03.19.2002-03:00:00,03,19,2002,03,15.889
03.19.2002-06:00:00,03,19,2002,06,15.876
03.19.2002-09:00:00,03,19,2002,09,15.862
03.19.2002-12:00:00,03,19,2002,12,15.849
03.19.2002-15:00:00,03,19,2002,15,15.835
03.19.2002-18:00:00,03,19,2002,18,15.822
03.19.2002-21:00:00,03,19,2002,21,15.808
03.20.2002-00:00:00,03,20,2002,00,15.795
03.20.2002-03:00:00,03,20,2002,03,15.781
03.20.2002-06:00:00,03,20,2002,06,15.768
03.20.2002-09:00:00,03,20,2002,09,15.755
03.20.2002-12:00:00,03,20,2002,12,15.741
03.20.2002-15:00:00,03,20,2002,15,15.728
03.20.2002-18:00:00,03,20,2002,18,15.715
03.20.2002-21:00:00,03,20,2002,21,15.701
03.21.2002-00:00:00,03,21,2002,00,15.688
03.21.2002-03:00:00,03,21,2002,03,15.675
03.21.2002-06:00:00,03,21,2002,06,15.662
03.21.2002-09:00:00,03,21,2002,09,15.648
03.21.2002-12:00:00,03,21,2002,12,15.635
03.21.2002-15:00:00,03,21,2002,15,15.622
03.21.2002-18:00:00,03,21,2002,18,15.609
03.21.2002-21:00:00,03,21,2002,21,15.596
03.22.2002-00:00:00,03,22,2002,00,15.582
03.22.2002-03:00:00,03,22,2002,03,15.569
03.22.2002-06:00:00,03,22,2002,06,15.556
03.22.2002-09:00:00,03,22,2002,09,15.543
03.22.2002-12:00:00,03,22,2002,12,15.53
03.22.2002-15:00:00,03,22,2002,15,15.517
03.22.2002-18:00:00,03,22,2002,18,15.504
03.22.2002-21:00:00,03,22,2002,21,15.491
03.23.2002-00:00:00,03,23,2002,00,15.478
03.23.2002-03:00:00,03,23,2002,03,15.465
03.23.2002-06:00:00,03,23,2002,06,15.452
03.23.2002-09:00:00,03,23,2002,09,15.439
03.23.2002-12:00:00,03,23,2002,12,15.426
03.23.2002-15:00:00,03,23,2002,15,15.413
03.23.2002-18:00:00,03,23,2002,18,15.4
03.23.2002-21:00:00,03,23,2002,21,15.387
03.24.2002-00:00:00,03,24,2002,00,15.374
03.24.2002-03:00:00,03,24,2002,03,15.361
03.24.2002-06:00:00,03,24,2002,06,15.348
03.24.2002-09:00:00,03,24,2002,09,15.334
03.24.2002-12:00:00,03,24,2002,12,15.319
03.24.2002-15:00:00,03,24,2002,15,15.305
03.24.2002-18:00:00,03,24,2002,18,15.293
03.24.2002-21:00:00,03,24,2002,21,15.28
03.25.2002-00:00:00,03,25,2002,00,15.267
03.25.2002-03:00:00,03,25,2002,03,15.254
03.25.2002-06:00:00,03,25,2002,06,15.241
03.25.2002-09:00:00,03,25,2002,09,15.227
03.25.2002-12:00:00,03,25,2002,12,15.211
03.25.2002-15:00:00,03,25,2002,15,15.197
03.25.2002-18:00:00,03,25,2002,18,15.184
03.25.2002-21:00:00,03,25,2002,21,15.172
03.26.2002-00:00:00,03,26,2002,00,15.159
03.26.2002-03:00:00,03,26,2002,03,15.147
03.26.2002-06:00:00,03,26,2002,06,15.134
03.26.2002-09:00:00,03,26,2002,09,15.12
03.26.2002-12:00:00,03,26,2002,12,15.106
03.26.2002-15:00:00,03,26,2002,15,15.092
03.26.2002-18:00:00,03,26,2002,18,15.08
03.26.2002-21:00:00,03,26,2002,21,15.067
03.27.2002-00:00:00,03,27,2002,00,15.055
03.27.2002-03:00:00,03,27,2002,03,15.042
03.27.2002-06:00:00,03,27,2002,06,15.03
03.27.2002-09:00:00,03,27,2002,09,15.016
03.27.2002-12:00:00,03,27,2002,12,15.003
03.27.2002-15:00:00,03,27,2002,15,14.99
03.27.2002-18:00:00,03,27,2002,18,14.978
03.27.2002-21:00:00,03,27,2002,21,14.966
03.28.2002-00:00:00,03,28,2002,00,14.953
03.28.2002-03:00:00,03,28,2002,03,14.941
03.28.2002-06:00:00,03,28,2002,06,14.929
03.28.2002-09:00:00,03,28,2002,09,14.916
03.28.2002-12:00:00,03,28,2002,12,14.903
03.28.2002-15:00:00,03,28,2002,15,14.891
03.28.2002-18:00:00,03,28,2002,18,14.879
03.28.2002-21:00:00,03,28,2002,21,14.866
03.29.2002-00:00:00,03,29,2002,00,14.854
03.29.2002-03:00:00,03,29,2002,03,14.842
03.29.2002-06:00:00,03,29,2002,06,14.83
03.29.2002-09:00:00,03,29,2002,09,14.817
03.29.2002-12:00:00,03,29,2002,12,14.803
03.29.2002-15:00:00,03,29,2002,15,14.791
03.29.2002-18:00:00,03,29,2002,18,14.779
03.29.2002-21:00:00,03,29,2002,21,14.767
03.30.2002-00:00:00,03,30,2002,00,14.754
03.30.2002-03:00:00,03,30,2002,03,14.742
03.30.2002-06:00:00,03,30,2002,06,14.73
03.30.2002-09:00:00,03,30,2002,09,14.717
03.30.2002-12:00:00,03,30,2002,12,14.704
03.30.2002-15:00:00,03,30,2002,15,14.692
03.30.2002-18:00:00,03,30,2002,18,14.68
03.30.2002-21:00:00,03,30,2002,21,14.668
03.31.2002-00:00:00,03,31,2002,00,14.656
03.31.2002-03:00:00,03,31,2002,03,14.644
03.31.2002-06:00:00,03,31,2002,06,14.632
03.31.2002-09:00:00,03,31,2002,09,14.618
03.31.2002-12:00:00,03,31,2002,12,14.603
03.31.2002-15:00:00,03,31,2002,15,14.59
03.31.2002-18:00:00,03,31,2002,18,14.578
03.31.2002-21:00:00,03,31,2002,21,14.566
04.01.2002-00:00:00,04,01,2002,00,14.554
04.01.2002-03:00:00,04,01,2002,03,14.542
04.01.2002-06:00:00,04,01,2002,06,14.53
04.01.2002-09:00:00,04,01,2002,09,14.517
04.01.2002-12:00:00,04,01,2002,12,14.503
04.01.2002-15:00:00,04,01,2002,15,14.491
04.01.2002-18:00:00,04,01,2002,18,14.479
04.01.2002-21:00:00,04,01,2002,21,14.467
04.02.2002-00:00:00,04,02,2002,00,14.455
04.02.2002-03:00:00,04,02,2002,03,14.444
04.02.2002-06:00:00,04,02,2002,06,14.432
04.02.2002-09:00:00,04,02,2002,09,14.419
04.02.2002-12:00:00,04,02,2002,12,14.406
04.02.2002-15:00:00,04,02,2002,15,14.393
04.02.2002-18:00:00,04,02,2002,18,14.382
04.02.2002-21:00:00,04,02,2002,21,14.37
04.03.2002-00:00:00,04,03,2002,00,14.358
04.03.2002-03:00:00,04,03,2002,03,14.347
04.03.2002-06:00:00,04,03,2002,06,14.335
04.03.2002-09:00:00,04,03,2002,09,14.324
04.03.2002-12:00:00,04,03,2002,12,14.311
04.03.2002-15:00:00,04,03,2002,15,14.3
04.03.2002-18:00:00,04,03,2002,18,14.288
04.03.2002-21:00:00,04,03,2002,21,14.277
04.04.2002-00:00:00,04,04,2002,00,14.265
04.04.2002-03:00:00,04,04,2002,03,14.253
04.04.2002-06:00:00,04,04,2002,06,14.242
04.04.2002-09:00:00,04,04,2002,09,14.229
04.04.2002-12:00:00,04,04,2002,12,14.216
04.04.2002-15:00:00,04,04,2002,15,14.204
04.04.2002-18:00:00,04,04,2002,18,14.192
04.04.2002-21:00:00,04,04,2002,21,14.181
04.05.2002-00:00:00,04,05,2002,00,14.169
04.05.2002-03:00:00,04,05,2002,03,14.158
04.05.2002-06:00:00,04,05,2002,06,14.146
04.05.2002-09:00:00,04,05,2002,09,14.135
04.05.2002-12:00:00,04,05,2002,12,14.124
04.05.2002-15:00:00,04,05,2002,15,14.112
04.05.2002-18:00:00,04,05,2002,18,14.101
04.05.2002-21:00:00,04,05,2002,21,14.089
04.06.2002-00:00:00,04,06,2002,00,14.078
04.06.2002-03:00:00,04,06,2002,03,14.067
04.06.2002-06:00:00,04,06,2002,06,14.055
04.06.2002-09:00:00,04,06,2002,09,14.044
04.06.2002-12:00:00,04,06,2002,12,14.033
04.06.2002-15:00:00,04,06,2002,15,14.022
04.06.2002-18:00:00,04,06,2002,18,14.01
04.06.2002-21:00:00,04,06,2002,21,13.999
04.07.2002-00:00:00,04,07,2002,00,13.988
04.07.2002-03:00:00,04,07,2002,03,13.977
04.07.2002-06:00:00,04,07,2002,06,13.965
04.07.2002-09:00:00,04,07,2002,09,13.954
04.07.2002-12:00:00,04,07,2002,12,13.943
04.07.2002-15:00:00,04,07,2002,15,13.932
04.07.2002-18:00:00,04,07,2002,18,13.921
04.07.2002-21:00:00,04,07,2002,21,13.909
04.08.2002-00:00:00,04,08,2002,00,13.898
04.08.2002-03:00:00,04,08,2002,03,13.887
04.08.2002-06:00:00,04,08,2002,06,13.876
04.08.2002-09:00:00,04,08,2002,09,13.865
04.08.2002-12:00:00,04,08,2002,12,13.854
04.08.2002-15:00:00,04,08,2002,15,13.843
04.08.2002-18:00:00,04,08,2002,18,13.832
04.08.2002-21:00:00,04,08,2002,21,13.821
04.09.2002-00:00:00,04,09,2002,00,13.81
04.09.2002-03:00:00,04,09,2002,03,13.798
04.09.2002-06:00:00,04,09,2002,06,13.787
04.09.2002-09:00:00,04,09,2002,09,13.776
04.09.2002-12:00:00,04,09,2002,12,13.765
04.09.2002-15:00:00,04,09,2002,15,13.754
04.09.2002-18:00:00,04,09,2002,18,13.743
04.09.2002-21:00:00,04,09,2002,21,13.732
04.10.2002-00:00:00,04,10,2002,00,13.721
04.10.2002-03:00:00,04,10,2002,03,13.71
04.10.2002-06:00:00,04,10,2002,06,13.699
04.10.2002-09:00:00,04,10,2002,09,13.689
04.10.2002-12:00:00,04,10,2002,12,13.678
04.10.2002-15:00:00,04,10,2002,15,13.667
04.10.2002-18:00:00,04,10,2002,18,13.656
04.10.2002-21:00:00,04,10,2002,21,13.645
04.11.2002-00:00:00,04,11,2002,00,13.634
04.11.2002-03:00:00,04,11,2002,03,13.623
04.11.2002-06:00:00,04,11,2002,06,13.612
04.11.2002-09:00:00,04,11,2002,09,13.601
04.11.2002-12:00:00,04,11,2002,12,13.59
04.11.2002-15:00:00,04,11,2002,15,13.58
04.11.2002-18:00:00,04,11,2002,18,13.569
04.11.2002-21:00:00,04,11,2002,21,13.558
04.12.2002-00:00:00,04,12,2002,00,13.547
04.12.2002-03:00:00,04,12,2002,03,13.536
04.12.2002-06:00:00,04,12,2002,06,13.525
04.12.2002-09:00:00,04,12,2002,09,13.515
04.12.2002-12:00:00,04,12,2002,12,13.504
04.12.2002-15:00:00,04,12,2002,15,13.493
04.12.2002-18:00:00,04,12,2002,18,13.482
04.12.2002-21:00:00,04,12,2002,21,13.472
04.13.2002-00:00:00,04,13,2002,00,13.461
04.13.2002-03:00:00,04,13,2002,03,13.45
04.13.2002-06:00:00,04,13,2002,06,13.439
04.13.2002-09:00:00,04,13,2002,09,13.429
04.13.2002-12:00:00,04,13,2002,12,13.418
04.13.2002-15:00:00,04,13,2002,15,13.407
04.13.2002-18:00:00,04,13,2002,18,13.397
04.13.2002-21:00:00,04,13,2002,21,13.386
04.14.2002-00:00:00,04,14,2002,00,13.375
04.14.2002-03:00:00,04,14,2002,03,13.365
04.14.2002-06:00:00,04,14,2002,06,13.354
04.14.2002-09:00:00,04,14,2002,09,13.343
04.14.2002-12:00:00,04,14,2002,12,13.333
04.14.2002-15:00:00,04,14,2002,15,13.322
04.14.2002-18:00:00,04,14,2002,18,13.311
04.14.2002-21:00:00,04,14,2002,21,13.301
04.15.2002-00:00:00,04,15,2002,00,13.29
04.15.2002-03:00:00,04,15,2002,03,13.28
04.15.2002-06:00:00,04,15,2002,06,13.269
04.15.2002-09:00:00,04,15,2002,09,13.258
04.15.2002-12:00:00,04,15,2002,12,13.248
04.15.2002-15:00:00,04,15,2002,15,13.237
04.15.2002-18:00:00,04,15,2002,18,13.227
04.15.2002-21:00:00,04,15,2002,21,13.216
04.16.2002-00:00:00,04,16,2002,00,13.206
04.16.2002-03:00:00,04,16,2002,03,13.195
04.16.2002-06:00:00,04,16,2002,06,13.185
04.16.2002-09:00:00,04,16,2002,09,13.174
04.16.2002-12:00:00,04,16,2002,12,13.164
04.16.2002-15:00:00,04,16,2002,15,13.153
04.16.2002-18:00:00,04,16,2002,18,13.143
04.16.2002-21:00:00,04,16,2002,21,13.132
04.17.2002-00:00:00,04,17,2002,00,13.122
04.17.2002-03:00:00,04,17,2002,03,13.111
04.17.2002-06:00:00,04,17,2002,06,13.101
04.17.2002-09:00:00,04,17,2002,09,13.09
04.17.2002-12:00:00,04,17,2002,12,13.08
04.17.2002-15:00:00,04,17,2002,15,13.069
04.17.2002-18:00:00,04,17,2002,18,13.059
04.17.2002-21:00:00,04,17,2002,21,13.049
04.18.2002-00:00:00,04,18,2002,00,13.038
04.18.2002-03:00:00,04,18,2002,03,13.028
04.18.2002-06:00:00,04,18,2002,06,13.018
04.18.2002-09:00:00,04,18,2002,09,13.007
04.18.2002-12:00:00,04,18,2002,12,12.997
04.18.2002-15:00:00,04,18,2002,15,12.986
04.18.2002-18:00:00,04,18,2002,18,12.976
04.18.2002-21:00:00,04,18,2002,21,12.966
04.19.2002-00:00:00,04,19,2002,00,12.955
04.19.2002-03:00:00,04,19,2002,03,12.945
04.19.2002-06:00:00,04,19,2002,06,12.935
04.19.2002-09:00:00,04,19,2002,09,12.924
04.19.2002-12:00:00,04,19,2002,12,12.914
04.19.2002-15:00:00,04,19,2002,15,12.904
04.19.2002-18:00:00,04,19,2002,18,12.894
04.19.2002-21:00:00,04,19,2002,21,12.883
04.20.2002-00:00:00,04,20,2002,00,12.873
04.20.2002-03:00:00,04,20,2002,03,12.863
04.20.2002-06:00:00,04,20,2002,06,12.853
04.20.2002-09:00:00,04,20,2002,09,12.842
04.20.2002-12:00:00,04,20,2002,12,12.832
04.20.2002-15:00:00,04,20,2002,15,12.822
04.20.2002-18:00:00,04,20,2002,18,12.812
04.20.2002-21:00:00,04,20,2002,21,12.801
04.21.2002-00:00:00,04,21,2002,00,12.791
04.21.2002-03:00:00,04,21,2002,03,12.781
04.21.2002-06:00:00,04,21,2002,06,12.771
04.21.2002-09:00:00,04,21,2002,09,12.761
04.21.2002-12:00:00,04,21,2002,12,12.751
04.21.2002-15:00:00,04,21,2002,15,12.74
04.21.2002-18:00:00,04,21,2002,18,12.73
04.21.2002-21:00:00,04,21,2002,21,12.72
04.22.2002-00:00:00,04,22,2002,00,12.71
04.22.2002-03:00:00,04,22,2002,03,12.7
04.22.2002-06:00:00,04,22,2002,06,12.69
04.22.2002-09:00:00,04,22,2002,09,12.68
04.22.2002-12:00:00,04,22,2002,12,12.67
04.22.2002-15:00:00,04,22,2002,15,12.66
04.22.2002-18:00:00,04,22,2002,18,12.649
04.22.2002-21:00:00,04,22,2002,21,12.639
04.23.2002-00:00:00,04,23,2002,00,12.629
04.23.2002-03:00:00,04,23,2002,03,12.619
04.23.2002-06:00:00,04,23,2002,06,12.609
04.23.2002-09:00:00,04,23,2002,09,12.599
04.23.2002-12:00:00,04,23,2002,12,12.589
04.23.2002-15:00:00,04,23,2002,15,12.579
04.23.2002-18:00:00,04,23,2002,18,12.569
04.23.2002-21:00:00,04,23,2002,21,12.559
04.24.2002-00:00:00,04,24,2002,00,12.549
04.24.2002-03:00:00,04,24,2002,03,12.539
04.24.2002-06:00:00,04,24,2002,06,12.529
04.24.2002-09:00:00,04,24,2002,09,12.519
04.24.2002-12:00:00,04,24,2002,12,12.509
04.24.2002-15:00:00,04,24,2002,15,12.499
04.24.2002-18:00:00,04,24,2002,18,12.489
04.24.2002-21:00:00,04,24,2002,21,12.479
04.25.2002-00:00:00,04,25,2002,00,12.469
04.25.2002-03:00:00,04,25,2002,03,12.459
04.25.2002-06:00:00,04,25,2002,06,12.449
04.25.2002-09:00:00,04,25,2002,09,12.44
04.25.2002-12:00:00,04,25,2002,12,12.43
04.25.2002-15:00:00,04,25,2002,15,12.42
04.25.2002-18:00:00,04,25,2002,18,12.41
04.25.2002-21:00:00,04,25,2002,21,12.4
04.26.2002-00:00:00,04,26,2002,00,12.39
04.26.2002-03:00:00,04,26,2002,03,12.38
04.26.2002-06:00:00,04,26,2002,06,12.37
04.26.2002-09:00:00,04,26,2002,09,12.36
04.26.2002-12:00:00,04,26,2002,12,12.351
04.26.2002-15:00:00,04,26,2002,15,12.341
04.26.2002-18:00:00,04,26,2002,18,12.331
04.26.2002-21:00:00,04,26,2002,21,12.321
04.27.2002-00:00:00,04,27,2002,00,12.311
04.27.2002-03:00:00,04,27,2002,03,12.301
04.27.2002-06:00:00,04,27,2002,06,12.292
04.27.2002-09:00:00,04,27,2002,09,12.282
04.27.2002-12:00:00,04,27,2002,12,12.272
04.27.2002-15:00:00,04,27,2002,15,12.262
04.27.2002-18:00:00,04,27,2002,18,12.252
04.27.2002-21:00:00,04,27,2002,21,12.243
04.28.2002-00:00:00,04,28,2002,00,12.233
04.28.2002-03:00:00,04,28,2002,03,12.223
04.28.2002-06:00:00,04,28,2002,06,12.214
04.28.2002-09:00:00,04,28,2002,09,12.204
04.28.2002-12:00:00,04,28,2002,12,12.194
04.28.2002-15:00:00,04,28,2002,15,12.184
04.28.2002-18:00:00,04,28,2002,18,12.175
04.28.2002-21:00:00,04,28,2002,21,12.165
04.29.2002-00:00:00,04,29,2002,00,12.155
04.29.2002-03:00:00,04,29,2002,03,12.146
04.29.2002-06:00:00,04,29,2002,06,12.136
04.29.2002-09:00:00,04,29,2002,09,12.126
04.29.2002-12:00:00,04,29,2002,12,12.117
04.29.2002-15:00:00,04,29,2002,15,12.107
04.29.2002-18:00:00,04,29,2002,18,12.097
04.29.2002-21:00:00,04,29,2002,21,12.088
04.30.2002-00:00:00,04,30,2002,00,12.078
04.30.2002-03:00:00,04,30,2002,03,12.068
04.30.2002-06:00:00,04,30,2002,06,12.059
04.30.2002-09:00:00,04,30,2002,09,12.049
04.30.2002-12:00:00,04,30,2002,12,12.039
04.30.2002-15:00:00,04,30,2002,15,12.03
04.30.2002-18:00:00,04,30,2002,18,12.02
04.30.2002-21:00:00,04,30,2002,21,12.011
05.01.2002-00:00:00,05,01,2002,00,12.001
05.01.2002-03:00:00,05,01,2002,03,11.992
05.01.2002-06:00:00,05,01,2002,06,11.982
05.01.2002-09:00:00,05,01,2002,09,11.973
05.01.2002-12:00:00,05,01,2002,12,11.963
05.01.2002-15:00:00,05,01,2002,15,11.953
05.01.2002-18:00:00,05,01,2002,18,11.944
05.01.2002-21:00:00,05,01,2002,21,11.934
05.02.2002-00:00:00,05,02,2002,00,11.925
05.02.2002-03:00:00,05,02,2002,03,11.915
05.02.2002-06:00:00,05,02,2002,06,11.906
05.02.2002-09:00:00,05,02,2002,09,11.896
05.02.2002-12:00:00,05,02,2002,12,11.887
05.02.2002-15:00:00,05,02,2002,15,11.877
05.02.2002-18:00:00,05,02,2002,18,11.868
05.02.2002-21:00:00,05,02,2002,21,11.859
05.03.2002-00:00:00,05,03,2002,00,11.849
05.03.2002-03:00:00,05,03,2002,03,11.84
05.03.2002-06:00:00,05,03,2002,06,11.83
05.03.2002-09:00:00,05,03,2002,09,11.821
05.03.2002-12:00:00,05,03,2002,12,11.812
05.03.2002-15:00:00,05,03,2002,15,11.802
05.03.2002-18:00:00,05,03,2002,18,11.793
05.03.2002-21:00:00,05,03,2002,21,11.783
05.04.2002-00:00:00,05,04,2002,00,11.774
05.04.2002-03:00:00,05,04,2002,03,11.765
05.04.2002-06:00:00,05,04,2002,06,11.755
05.04.2002-09:00:00,05,04,2002,09,11.746
05.04.2002-12:00:00,05,04,2002,12,11.737
05.04.2002-15:00:00,05,04,2002,15,11.727
05.04.2002-18:00:00,05,04,2002,18,11.718
05.04.2002-21:00:00,05,04,2002,21,11.709
05.05.2002-00:00:00,05,05,2002,00,11.699
05.05.2002-03:00:00,05,05,2002,03,11.69
05.05.2002-06:00:00,05,05,2002,06,11.681
05.05.2002-09:00:00,05,05,2002,09,11.671
05.05.2002-12:00:00,05,05,2002,12,11.662
05.05.2002-15:00:00,05,05,2002,15,11.653
05.05.2002-18:00:00,05,05,2002,18,11.644
05.05.2002-21:00:00,05,05,2002,21,11.634
05.06.2002-00:00:00,05,06,2002,00,11.625
05.06.2002-03:00:00,05,06,2002,03,11.616
05.06.2002-06:00:00,05,06,2002,06,11.607
05.06.2002-09:00:00,05,06,2002,09,11.598
05.06.2002-12:00:00,05,06,2002,12,11.588
05.06.2002-15:00:00,05,06,2002,15,11.579
05.06.2002-18:00:00,05,06,2002,18,11.57
05.06.2002-21:00:00,05,06,2002,21,11.561
05.07.2002-00:00:00,05,07,2002,00,11.552
05.07.2002-03:00:00,05,07,2002,03,11.542
05.07.2002-06:00:00,05,07,2002,06,11.533
05.07.2002-09:00:00,05,07,2002,09,11.524
05.07.2002-12:00:00,05,07,2002,12,11.515
05.07.2002-15:00:00,05,07,2002,15,11.506
05.07.2002-18:00:00,05,07,2002,18,11.497
05.07.2002-21:00:00,05,07,2002,21,11.488
05.08.2002-00:00:00,05,08,2002,00,11.479
05.08.2002-03:00:00,05,08,2002,03,11.469
05.08.2002-06:00:00,05,08,2002,06,11.46
05.08.2002-09:00:00,05,08,2002,09,11.451
05.08.2002-12:00:00,05,08,2002,12,11.442
05.08.2002-15:00:00,05,08,2002,15,11.433
05.08.2002-18:00:00,05,08,2002,18,11.424
05.08.2002-21:00:00,05,08,2002,21,11.415
05.09.2002-00:00:00,05,09,2002,00,11.406
05.09.2002-03:00:00,05,09,2002,03,11.397
05.09.2002-06:00:00,05,09,2002,06,11.388
05.09.2002-09:00:00,05,09,2002,09,11.379
05.09.2002-12:00:00,05,09,2002,12,11.37
05.09.2002-15:00:00,05,09,2002,15,11.361
05.09.2002-18:00:00,05,09,2002,18,11.352
05.09.2002-21:00:00,05,09,2002,21,11.343
05.10.2002-00:00:00,05,10,2002,00,11.334
05.10.2002-03:00:00,05,10,2002,03,11.325
05.10.2002-06:00:00,05,10,2002,06,11.316
05.10.2002-09:00:00,05,10,2002,09,11.307
05.10.2002-12:00:00,05,10,2002,12,11.298
05.10.2002-15:00:00,05,10,2002,15,11.289
05.10.2002-18:00:00,05,10,2002,18,11.28
05.10.2002-21:00:00,05,10,2002,21,11.271
05.11.2002-00:00:00,05,11,2002,00,11.262
05.11.2002-03:00:00,05,11,2002,03,11.253
05.11.2002-06:00:00,05,11,2002,06,11.245
05.11.2002-09:00:00,05,11,2002,09,11.236
05.11.2002-12:00:00,05,11,2002,12,11.227
05.11.2002-15:00:00,05,11,2002,15,11.218
05.11.2002-18:00:00,05,11,2002,18,11.209
05.11.2002-21:00:00,05,11,2002,21,11.2
05.12.2002-00:00:00,05,12,2002,00,11.191
05.12.2002-03:00:00,05,12,2002,03,11.183
05.12.2002-06:00:00,05,12,2002,06,11.174
05.12.2002-09:00:00,05,12,2002,09,11.165
05.12.2002-12:00:00,05,12,2002,12,11.156
05.12.2002-15:00:00,05,12,2002,15,11.147
05.12.2002-18:00:00,05,12,2002,18,11.139
05.12.2002-21:00:00,05,12,2002,21,11.13
05.13.2002-00:00:00,05,13,2002,00,11.121
05.13.2002-03:00:00,05,13,2002,03,11.112
05.13.2002-06:00:00,05,13,2002,06,11.103
05.13.2002-09:00:00,05,13,2002,09,11.095
05.13.2002-12:00:00,05,13,2002,12,11.086
05.13.2002-15:00:00,05,13,2002,15,11.077
05.13.2002-18:00:00,05,13,2002,18,11.069
05.13.2002-21:00:00,05,13,2002,21,11.06
05.14.2002-00:00:00,05,14,2002,00,11.051
05.14.2002-03:00:00,05,14,2002,03,11.043
05.14.2002-06:00:00,05,14,2002,06,11.034
05.14.2002-09:00:00,05,14,2002,09,11.026
05.14.2002-12:00:00,05,14,2002,12,11.033
05.14.2002-15:00:00,05,14,2002,15,11.136
05.14.2002-18:00:00,05,14,2002,18,11.253
05.14.2002-21:00:00,05,14,2002,21,11.344
05.15.2002-00:00:00,05,15,2002,00,11.388
05.15.2002-03:00:00,05,15,2002,03,11.414
05.15.2002-06:00:00,05,15,2002,06,11.428
05.15.2002-09:00:00,05,15,2002,09,11.437
05.15.2002-12:00:00,05,15,2002,12,11.449
05.15.2002-15:00:00,05,15,2002,15,11.472
05.15.2002-18:00:00,05,15,2002,18,11.498
05.15.2002-21:00:00,05,15,2002,21,11.524
05.16.2002-00:00:00,05,16,2002,00,11.549
05.16.2002-03:00:00,05,16,2002,03,11.569
05.16.2002-06:00:00,05,16,2002,06,11.585
05.16.2002-09:00:00,05,16,2002,09,11.598
05.16.2002-12:00:00,05,16,2002,12,11.615
05.16.2002-15:00:00,05,16,2002,15,11.969
05.16.2002-18:00:00,05,16,2002,18,12.238
05.16.2002-21:00:00,05,16,2002,21,12.395
05.17.2002-00:00:00,05,17,2002,00,12.481
05.17.2002-03:00:00,05,17,2002,03,12.526
05.17.2002-06:00:00,05,17,2002,06,12.544
05.17.2002-09:00:00,05,17,2002,09,12.551
05.17.2002-12:00:00,05,17,2002,12,12.566
05.17.2002-15:00:00,05,17,2002,15,12.62
05.17.2002-18:00:00,05,17,2002,18,12.717
05.17.2002-21:00:00,05,17,2002,21,12.836
05.18.2002-00:00:00,05,18,2002,00,12.944
05.18.2002-03:00:00,05,18,2002,03,13.023
05.18.2002-06:00:00,05,18,2002,06,13.077
05.18.2002-09:00:00,05,18,2002,09,13.117
05.18.2002-12:00:00,05,18,2002,12,13.155
05.18.2002-15:00:00,05,18,2002,15,13.209
05.18.2002-18:00:00,05,18,2002,18,13.282
05.18.2002-21:00:00,05,18,2002,21,13.367
05.19.2002-00:00:00,05,19,2002,00,13.451
05.19.2002-03:00:00,05,19,2002,03,13.526
05.19.2002-06:00:00,05,19,2002,06,13.585
05.19.2002-09:00:00,05,19,2002,09,13.635
05.19.2002-12:00:00,05,19,2002,12,13.689
05.19.2002-15:00:00,05,19,2002,15,13.782
05.19.2002-18:00:00,05,19,2002,18,13.915
05.19.2002-21:00:00,05,19,2002,21,14.057
05.20.2002-00:00:00,05,20,2002,00,14.184
05.20.2002-03:00:00,05,20,2002,03,14.289
05.20.2002-06:00:00,05,20,2002,06,14.376
05.20.2002-09:00:00,05,20,2002,09,14.454
05.20.2002-12:00:00,05,20,2002,12,14.763
05.20.2002-15:00:00,05,20,2002,15,15.333
05.20.2002-18:00:00,05,20,2002,18,15.806
05.20.2002-21:00:00,05,20,2002,21,16.121
05.21.2002-00:00:00,05,21,2002,00,16.298
05.21.2002-03:00:00,05,21,2002,03,16.398
05.21.2002-06:00:00,05,21,2002,06,16.46
05.21.2002-09:00:00,05,21,2002,09,16.51
05.21.2002-12:00:00,05,21,2002,12,16.604
05.21.2002-15:00:00,05,21,2002,15,16.746
05.21.2002-18:00:00,05,21,2002,18,16.899
05.21.2002-21:00:00,05,21,2002,21,17.044
05.22.2002-00:00:00,05,22,2002,00,17.174
05.22.2002-03:00:00,05,22,2002,03,17.275
05.22.2002-06:00:00,05,22,2002,06,17.351
05.22.2002-09:00:00,05,22,2002,09,17.425
05.22.2002-12:00:00,05,22,2002,12,17.581
05.22.2002-15:00:00,05,22,2002,15,17.99
05.22.2002-18:00:00,05,22,2002,18,18.485
05.22.2002-21:00:00,05,22,2002,21,18.859
05.23.2002-00:00:00,05,23,2002,00,19.109
05.23.2002-03:00:00,05,23,2002,03,19.26
05.23.2002-06:00:00,05,23,2002,06,19.356
05.23.2002-09:00:00,05,23,2002,09,19.435
05.23.2002-12:00:00,05,23,2002,12,19.551
05.23.2002-15:00:00,05,23,2002,15,19.72
05.23.2002-18:00:00,05,23,2002,18,19.898
05.23.2002-21:00:00,05,23,2002,21,20.055
05.24.2002-00:00:00,05,24,2002,00,20.192
05.24.2002-03:00:00,05,24,2002,03,20.299
05.24.2002-06:00:00,05,24,2002,06,20.378
05.24.2002-09:00:00,05,24,2002,09,20.444
05.24.2002-12:00:00,05,24,2002,12,20.612
05.24.2002-15:00:00,05,24,2002,15,21.652
05.24.2002-18:00:00,05,24,2002,18,22.486
05.24.2002-21:00:00,05,24,2002,21,23.069
05.25.2002-00:00:00,05,25,2002,00,23.485
05.25.2002-03:00:00,05,25,2002,03,23.74
05.25.2002-06:00:00,05,25,2002,06,23.922
05.25.2002-09:00:00,05,25,2002,09,24.044
05.25.2002-12:00:00,05,25,2002,12,24.265
05.25.2002-15:00:00,05,25,2002,15,24.829
05.25.2002-18:00:00,05,25,2002,18,25.47
05.25.2002-21:00:00,05,25,2002,21,26.014
05.26.2002-00:00:00,05,26,2002,00,26.408
05.26.2002-03:00:00,05,26,2002,03,26.69
05.26.2002-06:00:00,05,26,2002,06,26.925
05.26.2002-09:00:00,05,26,2002,09,27.134
05.26.2002-12:00:00,05,26,2002,12,27.77
05.26.2002-15:00:00,05,26,2002,15,29.397
05.26.2002-18:00:00,05,26,2002,18,30.849
05.26.2002-21:00:00,05,26,2002,21,31.927
05.27.2002-00:00:00,05,27,2002,00,32.626
05.27.2002-03:00:00,05,27,2002,03,33.11
05.27.2002-06:00:00,05,27,2002,06,33.484
05.27.2002-09:00:00,05,27,2002,09,33.743
05.27.2002-12:00:00,05,27,2002,12,34.029
05.27.2002-15:00:00,05,27,2002,15,34.51
05.27.2002-18:00:00,05,27,2002,18,35.138
05.27.2002-21:00:00,05,27,2002,21,35.819
05.28.2002-00:00:00,05,28,2002,00,36.462
05.28.2002-03:00:00,05,28,2002,03,37.024
05.28.2002-06:00:00,05,28,2002,06,37.466
05.28.2002-09:00:00,05,28,2002,09,37.832
05.28.2002-12:00:00,05,28,2002,12,38.437
05.28.2002-15:00:00,05,28,2002,15,41.184
05.28.2002-18:00:00,05,28,2002,18,43.665
05.28.2002-21:00:00,05,28,2002,21,45.496
05.29.2002-00:00:00,05,29,2002,00,46.801
05.29.2002-03:00:00,05,29,2002,03,47.758
05.29.2002-06:00:00,05,29,2002,06,48.524
05.29.2002-09:00:00,05,29,2002,09,49.337
05.29.2002-12:00:00,05,29,2002,12,52.807
05.29.2002-15:00:00,05,29,2002,15,56.345
05.29.2002-18:00:00,05,29,2002,18,59.346
05.29.2002-21:00:00,05,29,2002,21,61.869
05.30.2002-00:00:00,05,30,2002,00,66.851
05.30.2002-03:00:00,05,30,2002,03,70.133
05.30.2002-06:00:00,05,30,2002,06,74.231
05.30.2002-09:00:00,05,30,2002,09,169.33
05.30.2002-12:00:00,05,30,2002,12,285.32
05.30.2002-15:00:00,05,30,2002,15,290.05
05.30.2002-18:00:00,05,30,2002,18,300.13
05.30.2002-21:00:00,05,30,2002,21,289.31
05.31.2002-00:00:00,05,31,2002,00,399.82
05.31.2002-03:00:00,05,31,2002,03,394.81
05.31.2002-06:00:00,05,31,2002,06,374.7
05.31.2002-09:00:00,05,31,2002,09,395.19
05.31.2002-12:00:00,05,31,2002,12,496.27
05.31.2002-15:00:00,05,31,2002,15,535.59
05.31.2002-18:00:00,05,31,2002,18,516.92
05.31.2002-21:00:00,05,31,2002,21,511.19
06.01.2002-00:00:00,06,01,2002,00,500.5
06.01.2002-03:00:00,06,01,2002,03,505.99
06.01.2002-06:00:00,06,01,2002,06,460.56
06.01.2002-09:00:00,06,01,2002,09,590
06.01.2002-12:00:00,06,01,2002,12,702.46
06.01.2002-15:00:00,06,01,2002,15,658.92
06.01.2002-18:00:00,06,01,2002,18,591.81
06.01.2002-21:00:00,06,01,2002,21,546.57
06.02.2002-00:00:00,06,02,2002,00,684.04
06.02.2002-03:00:00,06,02,2002,03,667.9
06.02.2002-06:00:00,06,02,2002,06,700.91
06.02.2002-09:00:00,06,02,2002,09,852.56
06.02.2002-12:00:00,06,02,2002,12,1171.7
06.02.2002-15:00:00,06,02,2002,15,1367.7
06.02.2002-18:00:00,06,02,2002,18,1312.7
06.02.2002-21:00:00,06,02,2002,21,1186.1
06.03.2002-00:00:00,06,03,2002,00,1295.5
06.03.2002-03:00:00,06,03,2002,03,1033.8
06.03.2002-06:00:00,06,03,2002,06,1220.7
06.03.2002-09:00:00,06,03,2002,09,1537.7
06.03.2002-12:00:00,06,03,2002,12,1933.9
06.03.2002-15:00:00,06,03,2002,15,2304.2
06.03.2002-18:00:00,06,03,2002,18,2094.1
06.03.2002-21:00:00,06,03,2002,21,2091.8
06.04.2002-00:00:00,06,04,2002,00,1967.9
06.04.2002-03:00:00,06,04,2002,03,1965.9
06.04.2002-06:00:00,06,04,2002,06,2105.2
06.04.2002-09:00:00,06,04,2002,09,2384.4
06.04.2002-12:00:00,06,04,2002,12,2983.3
06.04.2002-15:00:00,06,04,2002,15,2770.1
06.04.2002-18:00:00,06,04,2002,18,2790.9
06.04.2002-21:00:00,06,04,2002,21,2322.7
06.05.2002-00:00:00,06,05,2002,00,2285.8
06.05.2002-03:00:00,06,05,2002,03,1992.5
06.05.2002-06:00:00,06,05,2002,06,2134
06.05.2002-09:00:00,06,05,2002,09,2642.5
06.05.2002-12:00:00,06,05,2002,12,2903.7
06.05.2002-15:00:00,06,05,2002,15,2958.4
06.05.2002-18:00:00,06,05,2002,18,2672
06.05.2002-21:00:00,06,05,2002,21,2496.8
06.06.2002-00:00:00,06,06,2002,00,2207
06.06.2002-03:00:00,06,06,2002,03,2098.5
06.06.2002-06:00:00,06,06,2002,06,2237.9
06.06.2002-09:00:00,06,06,2002,09,2599.2
06.06.2002-12:00:00,06,06,2002,12,3114.3
06.06.2002-15:00:00,06,06,2002,15,2869.1
06.06.2002-18:00:00,06,06,2002,18,2925.7
06.06.2002-21:00:00,06,06,2002,21,2495.1
06.07.2002-00:00:00,06,07,2002,00,2401
06.07.2002-03:00:00,06,07,2002,03,2139.2
06.07.2002-06:00:00,06,07,2002,06,2253.9
06.07.2002-09:00:00,06,07,2002,09,2363.8
06.07.2002-12:00:00,06,07,2002,12,2663.9
06.07.2002-15:00:00,06,07,2002,15,2703
06.07.2002-18:00:00,06,07,2002,18,2359
06.07.2002-21:00:00,06,07,2002,21,2090.6
06.08.2002-00:00:00,06,08,2002,00,1968.1
06.08.2002-03:00:00,06,08,2002,03,1754
06.08.2002-06:00:00,06,08,2002,06,1696.1
06.08.2002-09:00:00,06,08,2002,09,1569.5
06.08.2002-12:00:00,06,08,2002,12,1485.1
06.08.2002-15:00:00,06,08,2002,15,1329.2
06.08.2002-18:00:00,06,08,2002,18,1217.6
06.08.2002-21:00:00,06,08,2002,21,1173.8
06.09.2002-00:00:00,06,09,2002,00,1024.9
06.09.2002-03:00:00,06,09,2002,03,1033.8
06.09.2002-06:00:00,06,09,2002,06,925.18
06.09.2002-09:00:00,06,09,2002,09,936.28
06.09.2002-12:00:00,06,09,2002,12,883.98
06.09.2002-15:00:00,06,09,2002,15,868.65
06.09.2002-18:00:00,06,09,2002,18,836.66
06.09.2002-21:00:00,06,09,2002,21,849.39
06.10.2002-00:00:00,06,10,2002,00,814.84
06.10.2002-03:00:00,06,10,2002,03,828.49
06.10.2002-06:00:00,06,10,2002,06,781.19
06.10.2002-09:00:00,06,10,2002,09,766.35
06.10.2002-12:00:00,06,10,2002,12,744.73
06.10.2002-15:00:00,06,10,2002,15,859.28
06.10.2002-18:00:00,06,10,2002,18,807.3
06.10.2002-21:00:00,06,10,2002,21,771.64
06.11.2002-00:00:00,06,11,2002,00,743.33
06.11.2002-03:00:00,06,11,2002,03,714.03
06.11.2002-06:00:00,06,11,2002,06,710.96
06.11.2002-09:00:00,06,11,2002,09,1071.2
06.11.2002-12:00:00,06,11,2002,12,1497.4
06.11.2002-15:00:00,06,11,2002,15,1425
06.11.2002-18:00:00,06,11,2002,18,1123.6
06.11.2002-21:00:00,06,11,2002,21,952.89
06.12.2002-00:00:00,06,12,2002,00,868.16
06.12.2002-03:00:00,06,12,2002,03,826.1
06.12.2002-06:00:00,06,12,2002,06,805.73
06.12.2002-09:00:00,06,12,2002,09,1331.1
06.12.2002-12:00:00,06,12,2002,12,1761.4
06.12.2002-15:00:00,06,12,2002,15,1738
06.12.2002-18:00:00,06,12,2002,18,1659.9
06.12.2002-21:00:00,06,12,2002,21,1499.6
06.13.2002-00:00:00,06,13,2002,00,1542.7
06.13.2002-03:00:00,06,13,2002,03,1376.4
06.13.2002-06:00:00,06,13,2002,06,1676.5
06.13.2002-09:00:00,06,13,2002,09,2382.7
06.13.2002-12:00:00,06,13,2002,12,3099.5
06.13.2002-15:00:00,06,13,2002,15,3074.6
06.13.2002-18:00:00,06,13,2002,18,2930
06.13.2002-21:00:00,06,13,2002,21,2622.4
06.14.2002-00:00:00,06,14,2002,00,2577.9
06.14.2002-03:00:00,06,14,2002,03,2343.6
06.14.2002-06:00:00,06,14,2002,06,2658.1
06.14.2002-09:00:00,06,14,2002,09,3338.6
06.14.2002-12:00:00,06,14,2002,12,3908.2
06.14.2002-15:00:00,06,14,2002,15,3794.9
06.14.2002-18:00:00,06,14,2002,18,3752.7
06.14.2002-21:00:00,06,14,2002,21,3175.7
06.15.2002-00:00:00,06,15,2002,00,3118.1
06.15.2002-03:00:00,06,15,2002,03,3022.7
06.15.2002-06:00:00,06,15,2002,06,3224.7
06.15.2002-09:00:00,06,15,2002,09,3892.1
06.15.2002-12:00:00,06,15,2002,12,4616.4
06.15.2002-15:00:00,06,15,2002,15,4473.6
06.15.2002-18:00:00,06,15,2002,18,4257.8
06.15.2002-21:00:00,06,15,2002,21,3804.8
06.16.2002-00:00:00,06,16,2002,00,3508.1
06.16.2002-03:00:00,06,16,2002,03,3394.8
06.16.2002-06:00:00,06,16,2002,06,3913.7
06.16.2002-09:00:00,06,16,2002,09,4217.8
06.16.2002-12:00:00,06,16,2002,12,5118.7
06.16.2002-15:00:00,06,16,2002,15,5258.2
06.16.2002-18:00:00,06,16,2002,18,4679.8
06.16.2002-21:00:00,06,16,2002,21,4393.1
06.17.2002-00:00:00,06,17,2002,00,4048
06.17.2002-03:00:00,06,17,2002,03,3897.6
06.17.2002-06:00:00,06,17,2002,06,3983.6
06.17.2002-09:00:00,06,17,2002,09,4515.4
06.17.2002-12:00:00,06,17,2002,12,5373.7
06.17.2002-15:00:00,06,17,2002,15,5118.7
06.17.2002-18:00:00,06,17,2002,18,4744.7
06.17.2002-21:00:00,06,17,2002,21,4340.1
06.18.2002-00:00:00,06,18,2002,00,4058.5
06.18.2002-03:00:00,06,18,2002,03,3543
06.18.2002-06:00:00,06,18,2002,06,3980.1
06.18.2002-09:00:00,06,18,2002,09,4021.1
06.18.2002-12:00:00,06,18,2002,12,4528.5
06.18.2002-15:00:00,06,18,2002,15,4472.5
06.18.2002-18:00:00,06,18,2002,18,3913.3
06.18.2002-21:00:00,06,18,2002,21,3623.8
06.19.2002-00:00:00,06,19,2002,00,3235.1
06.19.2002-03:00:00,06,19,2002,03,2979.8
06.19.2002-06:00:00,06,19,2002,06,2949.4
06.19.2002-09:00:00,06,19,2002,09,3134.2
06.19.2002-12:00:00,06,19,2002,12,3702.9
06.19.2002-15:00:00,06,19,2002,15,3132.6
06.19.2002-18:00:00,06,19,2002,18,3033.4
06.19.2002-21:00:00,06,19,2002,21,2551.8
06.20.2002-00:00:00,06,20,2002,00,2550.5
06.20.2002-03:00:00,06,20,2002,03,2052.3
06.20.2002-06:00:00,06,20,2002,06,2282.5
06.20.2002-09:00:00,06,20,2002,09,2155
06.20.2002-12:00:00,06,20,2002,12,2781.2
06.20.2002-15:00:00,06,20,2002,15,2609.4
06.20.2002-18:00:00,06,20,2002,18,2672.5
06.20.2002-21:00:00,06,20,2002,21,2257.7
06.21.2002-00:00:00,06,21,2002,00,2187.3
06.21.2002-03:00:00,06,21,2002,03,1797.9
06.21.2002-06:00:00,06,21,2002,06,1983.4
06.21.2002-09:00:00,06,21,2002,09,2212.9
06.21.2002-12:00:00,06,21,2002,12,2741.7
06.21.2002-15:00:00,06,21,2002,15,2759.5
06.21.2002-18:00:00,06,21,2002,18,2937.4
06.21.2002-21:00:00,06,21,2002,21,2487.5
06.22.2002-00:00:00,06,22,2002,00,2368.7
06.22.2002-03:00:00,06,22,2002,03,2067.7
06.22.2002-06:00:00,06,22,2002,06,2130.4
06.22.2002-09:00:00,06,22,2002,09,2653.9
06.22.2002-12:00:00,06,22,2002,12,3305.8
06.22.2002-15:00:00,06,22,2002,15,3500
06.22.2002-18:00:00,06,22,2002,18,3448.2
06.22.2002-21:00:00,06,22,2002,21,2985.4
06.23.2002-00:00:00,06,23,2002,00,2766.2
06.23.2002-03:00:00,06,23,2002,03,2535.1
06.23.2002-06:00:00,06,23,2002,06,2650.6
06.23.2002-09:00:00,06,23,2002,09,3107.1
06.23.2002-12:00:00,06,23,2002,12,3793.9
06.23.2002-15:00:00,06,23,2002,15,3823.2
06.23.2002-18:00:00,06,23,2002,18,3742.6
06.23.2002-21:00:00,06,23,2002,21,3259.7
06.24.2002-00:00:00,06,24,2002,00,3007.4
06.24.2002-03:00:00,06,24,2002,03,2727.3
06.24.2002-06:00:00,06,24,2002,06,2749
06.24.2002-09:00:00,06,24,2002,09,2964.7
06.24.2002-12:00:00,06,24,2002,12,3778.6
06.24.2002-15:00:00,06,24,2002,15,3612.7
06.24.2002-18:00:00,06,24,2002,18,3502.8
06.24.2002-21:00:00,06,24,2002,21,3126.4
06.25.2002-00:00:00,06,25,2002,00,2868.4
06.25.2002-03:00:00,06,25,2002,03,2498.2
06.25.2002-06:00:00,06,25,2002,06,2622.7
06.25.2002-09:00:00,06,25,2002,09,2841.5
06.25.2002-12:00:00,06,25,2002,12,3478.2
06.25.2002-15:00:00,06,25,2002,15,3264.6
06.25.2002-18:00:00,06,25,2002,18,3059.3
06.25.2002-21:00:00,06,25,2002,21,2665.2
06.26.2002-00:00:00,06,26,2002,00,2545.2
06.26.2002-03:00:00,06,26,2002,03,2178.9
06.26.2002-06:00:00,06,26,2002,06,2375.4
06.26.2002-09:00:00,06,26,2002,09,2650.7
06.26.2002-12:00:00,06,26,2002,12,3287.4
06.26.2002-15:00:00,06,26,2002,15,3035.6
06.26.2002-18:00:00,06,26,2002,18,3031.5
06.26.2002-21:00:00,06,26,2002,21,2544.2
06.27.2002-00:00:00,06,27,2002,00,2485.4
06.27.2002-03:00:00,06,27,2002,03,2305.5
06.27.2002-06:00:00,06,27,2002,06,2311.8
06.27.2002-09:00:00,06,27,2002,09,2700.8
06.27.2002-12:00:00,06,27,2002,12,3056.9
06.27.2002-15:00:00,06,27,2002,15,3144.3
06.27.2002-18:00:00,06,27,2002,18,2822.4
06.27.2002-21:00:00,06,27,2002,21,2725.8
06.28.2002-00:00:00,06,28,2002,00,2458.7
06.28.2002-03:00:00,06,28,2002,03,2624.1
06.28.2002-06:00:00,06,28,2002,06,2518.5
06.28.2002-09:00:00,06,28,2002,09,2888.6
06.28.2002-12:00:00,06,28,2002,12,3055.2
06.28.2002-15:00:00,06,28,2002,15,3035.5
06.28.2002-18:00:00,06,28,2002,18,2943.3
06.28.2002-21:00:00,06,28,2002,21,2843.9
06.29.2002-00:00:00,06,29,2002,00,2630.5
06.29.2002-03:00:00,06,29,2002,03,2441.6
06.29.2002-06:00:00,06,29,2002,06,2171.5
06.29.2002-09:00:00,06,29,2002,09,2238.2
06.29.2002-12:00:00,06,29,2002,12,2068.2
06.29.2002-15:00:00,06,29,2002,15,2125.4
06.29.2002-18:00:00,06,29,2002,18,1916.5
06.29.2002-21:00:00,06,29,2002,21,1893.9
06.30.2002-00:00:00,06,30,2002,00,1618.7
06.30.2002-03:00:00,06,30,2002,03,1760.1
06.30.2002-06:00:00,06,30,2002,06,1429.7
06.30.2002-09:00:00,06,30,2002,09,1579.2
06.30.2002-12:00:00,06,30,2002,12,1589.5
06.30.2002-15:00:00,06,30,2002,15,1626.3
06.30.2002-18:00:00,06,30,2002,18,1569.1
06.30.2002-21:00:00,06,30,2002,21,1416.8
07.01.2002-00:00:00,07,01,2002,00,1371.7
07.01.2002-03:00:00,07,01,2002,03,1251.3
07.01.2002-06:00:00,07,01,2002,06,1231.1
07.01.2002-09:00:00,07,01,2002,09,1270
07.01.2002-12:00:00,07,01,2002,12,1396
07.01.2002-15:00:00,07,01,2002,15,1333.1
07.01.2002-18:00:00,07,01,2002,18,1287.4
07.01.2002-21:00:00,07,01,2002,21,1257.8
07.02.2002-00:00:00,07,02,2002,00,1160.5
07.02.2002-03:00:00,07,02,2002,03,1170
07.02.2002-06:00:00,07,02,2002,06,1079.7
07.02.2002-09:00:00,07,02,2002,09,1108.1
07.02.2002-12:00:00,07,02,2002,12,1212.6
07.02.2002-15:00:00,07,02,2002,15,1141.2
07.02.2002-18:00:00,07,02,2002,18,1113.6
07.02.2002-21:00:00,07,02,2002,21,1090.5
07.03.2002-00:00:00,07,03,2002,00,1082.8
07.03.2002-03:00:00,07,03,2002,03,1005.4
07.03.2002-06:00:00,07,03,2002,06,1008.2
07.03.2002-09:00:00,07,03,2002,09,932.78
07.03.2002-12:00:00,07,03,2002,12,1078.8
07.03.2002-15:00:00,07,03,2002,15,950.14
07.03.2002-18:00:00,07,03,2002,18,993.59
07.03.2002-21:00:00,07,03,2002,21,1016.1
07.04.2002-00:00:00,07,04,2002,00,979.01
07.04.2002-03:00:00,07,04,2002,03,911.27
07.04.2002-06:00:00,07,04,2002,06,916.07
07.04.2002-09:00:00,07,04,2002,09,958.65
07.04.2002-12:00:00,07,04,2002,12,997.19
07.04.2002-15:00:00,07,04,2002,15,838.25
07.04.2002-18:00:00,07,04,2002,18,906.95
07.04.2002-21:00:00,07,04,2002,21,998.23
07.05.2002-00:00:00,07,05,2002,00,879.96
07.05.2002-03:00:00,07,05,2002,03,904.96
07.05.2002-06:00:00,07,05,2002,06,841.93
07.05.2002-09:00:00,07,05,2002,09,814.11
07.05.2002-12:00:00,07,05,2002,12,759.77
07.05.2002-15:00:00,07,05,2002,15,821.8
07.05.2002-18:00:00,07,05,2002,18,799.1
07.05.2002-21:00:00,07,05,2002,21,881.02
07.06.2002-00:00:00,07,06,2002,00,823.81
07.06.2002-03:00:00,07,06,2002,03,847.09
07.06.2002-06:00:00,07,06,2002,06,781.56
07.06.2002-09:00:00,07,06,2002,09,742.82
07.06.2002-12:00:00,07,06,2002,12,680.03
07.06.2002-15:00:00,07,06,2002,15,717.97
07.06.2002-18:00:00,07,06,2002,18,738.82
07.06.2002-21:00:00,07,06,2002,21,784.15
07.07.2002-00:00:00,07,07,2002,00,880.97
07.07.2002-03:00:00,07,07,2002,03,893.67
07.07.2002-06:00:00,07,07,2002,06,884.04
07.07.2002-09:00:00,07,07,2002,09,886.96
07.07.2002-12:00:00,07,07,2002,12,907.69
07.07.2002-15:00:00,07,07,2002,15,860.41
07.07.2002-18:00:00,07,07,2002,18,989.97
07.07.2002-21:00:00,07,07,2002,21,935.84
07.08.2002-00:00:00,07,08,2002,00,905
07.08.2002-03:00:00,07,08,2002,03,799.85
07.08.2002-06:00:00,07,08,2002,06,797.2
07.08.2002-09:00:00,07,08,2002,09,661.81
07.08.2002-12:00:00,07,08,2002,12,654.34
07.08.2002-15:00:00,07,08,2002,15,619.65
07.08.2002-18:00:00,07,08,2002,18,802.67
07.08.2002-21:00:00,07,08,2002,21,718.43
07.09.2002-00:00:00,07,09,2002,00,759.76
07.09.2002-03:00:00,07,09,2002,03,774.55
07.09.2002-06:00:00,07,09,2002,06,716.62
07.09.2002-09:00:00,07,09,2002,09,631.92
07.09.2002-12:00:00,07,09,2002,12,642.04
07.09.2002-15:00:00,07,09,2002,15,597.93
07.09.2002-18:00:00,07,09,2002,18,639.16
07.09.2002-21:00:00,07,09,2002,21,662.12
07.10.2002-00:00:00,07,10,2002,00,667.45
07.10.2002-03:00:00,07,10,2002,03,693.88
07.10.2002-06:00:00,07,10,2002,06,629.99
07.10.2002-09:00:00,07,10,2002,09,580.09
07.10.2002-12:00:00,07,10,2002,12,568.42
07.10.2002-15:00:00,07,10,2002,15,549.46
07.10.2002-18:00:00,07,10,2002,18,577.5
07.10.2002-21:00:00,07,10,2002,21,609.12
07.11.2002-00:00:00,07,11,2002,00,613.49
07.11.2002-03:00:00,07,11,2002,03,618.15
07.11.2002-06:00:00,07,11,2002,06,576.92
07.11.2002-09:00:00,07,11,2002,09,527.34
07.11.2002-12:00:00,07,11,2002,12,500.24
07.11.2002-15:00:00,07,11,2002,15,505.27
07.11.2002-18:00:00,07,11,2002,18,535.36
07.11.2002-21:00:00,07,11,2002,21,576.25
07.12.2002-00:00:00,07,12,2002,00,581.32
07.12.2002-03:00:00,07,12,2002,03,572.66
07.12.2002-06:00:00,07,12,2002,06,527.23
07.12.2002-09:00:00,07,12,2002,09,484.33
07.12.2002-12:00:00,07,12,2002,12,471.25
07.12.2002-15:00:00,07,12,2002,15,470.93
07.12.2002-18:00:00,07,12,2002,18,497.33
07.12.2002-21:00:00,07,12,2002,21,535.47
07.13.2002-00:00:00,07,13,2002,00,545.07
07.13.2002-03:00:00,07,13,2002,03,539.41
07.13.2002-06:00:00,07,13,2002,06,495.74
07.13.2002-09:00:00,07,13,2002,09,455.92
07.13.2002-12:00:00,07,13,2002,12,443.76
07.13.2002-15:00:00,07,13,2002,15,443.67
07.13.2002-18:00:00,07,13,2002,18,470.18
07.13.2002-21:00:00,07,13,2002,21,506.62
07.14.2002-00:00:00,07,14,2002,00,509.7
07.14.2002-03:00:00,07,14,2002,03,502.6
07.14.2002-06:00:00,07,14,2002,06,465.41
07.14.2002-09:00:00,07,14,2002,09,422
07.14.2002-12:00:00,07,14,2002,12,405.66
07.14.2002-15:00:00,07,14,2002,15,411.43
07.14.2002-18:00:00,07,14,2002,18,439.53
07.14.2002-21:00:00,07,14,2002,21,479.83
07.15.2002-00:00:00,07,15,2002,00,484.88
07.15.2002-03:00:00,07,15,2002,03,481.8
07.15.2002-06:00:00,07,15,2002,06,451.54
07.15.2002-09:00:00,07,15,2002,09,407.21
07.15.2002-12:00:00,07,15,2002,12,390.84
07.15.2002-15:00:00,07,15,2002,15,399.41
07.15.2002-18:00:00,07,15,2002,18,426.41
07.15.2002-21:00:00,07,15,2002,21,457.9
07.16.2002-00:00:00,07,16,2002,00,461.51
07.16.2002-03:00:00,07,16,2002,03,458.37
07.16.2002-06:00:00,07,16,2002,06,426.5
07.16.2002-09:00:00,07,16,2002,09,382.39
07.16.2002-12:00:00,07,16,2002,12,367.31
07.16.2002-15:00:00,07,16,2002,15,376.23
07.16.2002-18:00:00,07,16,2002,18,405.44
07.16.2002-21:00:00,07,16,2002,21,438.29
07.17.2002-00:00:00,07,17,2002,00,441.88
07.17.2002-03:00:00,07,17,2002,03,436.43
07.17.2002-06:00:00,07,17,2002,06,403.26
07.17.2002-09:00:00,07,17,2002,09,361.69
07.17.2002-12:00:00,07,17,2002,12,347.09
07.17.2002-15:00:00,07,17,2002,15,355.89
07.17.2002-18:00:00,07,17,2002,18,385.93
07.17.2002-21:00:00,07,17,2002,21,418.31
07.18.2002-00:00:00,07,18,2002,00,423.16
07.18.2002-03:00:00,07,18,2002,03,419.25
07.18.2002-06:00:00,07,18,2002,06,387.65
07.18.2002-09:00:00,07,18,2002,09,346.3
07.18.2002-12:00:00,07,18,2002,12,331.76
07.18.2002-15:00:00,07,18,2002,15,342.49
07.18.2002-18:00:00,07,18,2002,18,371.84
07.18.2002-21:00:00,07,18,2002,21,402.73
07.19.2002-00:00:00,07,19,2002,00,404.13
07.19.2002-03:00:00,07,19,2002,03,402.22
07.19.2002-06:00:00,07,19,2002,06,369.8
07.19.2002-09:00:00,07,19,2002,09,327.94
07.19.2002-12:00:00,07,19,2002,12,308.54
07.19.2002-15:00:00,07,19,2002,15,325.5
07.19.2002-18:00:00,07,19,2002,18,352.23
07.19.2002-21:00:00,07,19,2002,21,383.95
07.20.2002-00:00:00,07,20,2002,00,389.4
07.20.2002-03:00:00,07,20,2002,03,382.16
07.20.2002-06:00:00,07,20,2002,06,353.54
07.20.2002-09:00:00,07,20,2002,09,314.15
07.20.2002-12:00:00,07,20,2002,12,300.35
07.20.2002-15:00:00,07,20,2002,15,315.03
07.20.2002-18:00:00,07,20,2002,18,345.03
07.20.2002-21:00:00,07,20,2002,21,373.52
07.21.2002-00:00:00,07,21,2002,00,374.9
07.21.2002-03:00:00,07,21,2002,03,371.96
07.21.2002-06:00:00,07,21,2002,06,342.71
07.21.2002-09:00:00,07,21,2002,09,299.67
07.21.2002-12:00:00,07,21,2002,12,287.05
07.21.2002-15:00:00,07,21,2002,15,302.21
07.21.2002-18:00:00,07,21,2002,18,333.48
07.21.2002-21:00:00,07,21,2002,21,361.98
07.22.2002-00:00:00,07,22,2002,00,362.95
07.22.2002-03:00:00,07,22,2002,03,358.34
07.22.2002-06:00:00,07,22,2002,06,329.73
07.22.2002-09:00:00,07,22,2002,09,291.01
07.22.2002-12:00:00,07,22,2002,12,279.73
07.22.2002-15:00:00,07,22,2002,15,294.43
07.22.2002-18:00:00,07,22,2002,18,323.06
07.22.2002-21:00:00,07,22,2002,21,350.32
07.23.2002-00:00:00,07,23,2002,00,351.27
07.23.2002-03:00:00,07,23,2002,03,345.81
07.23.2002-06:00:00,07,23,2002,06,315.87
07.23.2002-09:00:00,07,23,2002,09,277.54
07.23.2002-12:00:00,07,23,2002,12,267.24
07.23.2002-15:00:00,07,23,2002,15,281.14
07.23.2002-18:00:00,07,23,2002,18,309.74
07.23.2002-21:00:00,07,23,2002,21,338.48
07.24.2002-00:00:00,07,24,2002,00,339.5
07.24.2002-03:00:00,07,24,2002,03,333.63
07.24.2002-06:00:00,07,24,2002,06,300.75
07.24.2002-09:00:00,07,24,2002,09,262.16
07.24.2002-12:00:00,07,24,2002,12,254.02
07.24.2002-15:00:00,07,24,2002,15,264.87
07.24.2002-18:00:00,07,24,2002,18,289.74
07.24.2002-21:00:00,07,24,2002,21,325.35
07.25.2002-00:00:00,07,25,2002,00,327.08
07.25.2002-03:00:00,07,25,2002,03,323.11
07.25.2002-06:00:00,07,25,2002,06,288.6
07.25.2002-09:00:00,07,25,2002,09,249.72
07.25.2002-12:00:00,07,25,2002,12,242.73
07.25.2002-15:00:00,07,25,2002,15,253.65
07.25.2002-18:00:00,07,25,2002,18,274.55
07.25.2002-21:00:00,07,25,2002,21,310.16
07.26.2002-00:00:00,07,26,2002,00,315.03
07.26.2002-03:00:00,07,26,2002,03,310.5
07.26.2002-06:00:00,07,26,2002,06,278.52
07.26.2002-09:00:00,07,26,2002,09,242.53
07.26.2002-12:00:00,07,26,2002,12,235.52
07.26.2002-15:00:00,07,26,2002,15,247.3
07.26.2002-18:00:00,07,26,2002,18,268.17
07.26.2002-21:00:00,07,26,2002,21,296.29
07.27.2002-00:00:00,07,27,2002,00,305.24
07.27.2002-03:00:00,07,27,2002,03,301.34
07.27.2002-06:00:00,07,27,2002,06,274.45
07.27.2002-09:00:00,07,27,2002,09,241.31
07.27.2002-12:00:00,07,27,2002,12,234.73
07.27.2002-15:00:00,07,27,2002,15,246.72
07.27.2002-18:00:00,07,27,2002,18,266.04
07.27.2002-21:00:00,07,27,2002,21,291.24
07.28.2002-00:00:00,07,28,2002,00,297.55
07.28.2002-03:00:00,07,28,2002,03,294.7
07.28.2002-06:00:00,07,28,2002,06,267.92
07.28.2002-09:00:00,07,28,2002,09,233.87
07.28.2002-12:00:00,07,28,2002,12,227.9
07.28.2002-15:00:00,07,28,2002,15,240.37
07.28.2002-18:00:00,07,28,2002,18,260.07
07.28.2002-21:00:00,07,28,2002,21,283.41
07.29.2002-00:00:00,07,29,2002,00,284.86
07.29.2002-03:00:00,07,29,2002,03,282.11
07.29.2002-06:00:00,07,29,2002,06,263.26
07.29.2002-09:00:00,07,29,2002,09,240.45
07.29.2002-12:00:00,07,29,2002,12,237.29
07.29.2002-15:00:00,07,29,2002,15,247.75
07.29.2002-18:00:00,07,29,2002,18,263.14
07.29.2002-21:00:00,07,29,2002,21,278.24
07.30.2002-00:00:00,07,30,2002,00,281.01
07.30.2002-03:00:00,07,30,2002,03,275.11
07.30.2002-06:00:00,07,30,2002,06,258.58
07.30.2002-09:00:00,07,30,2002,09,241.31
07.30.2002-12:00:00,07,30,2002,12,239.15
07.30.2002-15:00:00,07,30,2002,15,247.93
07.30.2002-18:00:00,07,30,2002,18,260.08
07.30.2002-21:00:00,07,30,2002,21,272.24
07.31.2002-00:00:00,07,31,2002,00,273.88
07.31.2002-03:00:00,07,31,2002,03,270.62
07.31.2002-06:00:00,07,31,2002,06,248.88
07.31.2002-09:00:00,07,31,2002,09,223.03
07.31.2002-12:00:00,07,31,2002,12,217.51
07.31.2002-15:00:00,07,31,2002,15,228.32
07.31.2002-18:00:00,07,31,2002,18,245.62
07.31.2002-21:00:00,07,31,2002,21,266.42
08.01.2002-00:00:00,08,01,2002,00,267.14
08.01.2002-03:00:00,08,01,2002,03,267.1
08.01.2002-06:00:00,08,01,2002,06,251.42
08.01.2002-09:00:00,08,01,2002,09,215.74
08.01.2002-12:00:00,08,01,2002,12,209.62
08.01.2002-15:00:00,08,01,2002,15,219.5
08.01.2002-18:00:00,08,01,2002,18,230.65
08.01.2002-21:00:00,08,01,2002,21,258.97
08.02.2002-00:00:00,08,02,2002,00,259.76
08.02.2002-03:00:00,08,02,2002,03,257.68
08.02.2002-06:00:00,08,02,2002,06,241.52
08.02.2002-09:00:00,08,02,2002,09,208.35
08.02.2002-12:00:00,08,02,2002,12,202.6
08.02.2002-15:00:00,08,02,2002,15,212.21
08.02.2002-18:00:00,08,02,2002,18,221.79
08.02.2002-21:00:00,08,02,2002,21,248.77
08.03.2002-00:00:00,08,03,2002,00,253.14
08.03.2002-03:00:00,08,03,2002,03,251.03
08.03.2002-06:00:00,08,03,2002,06,237.29
08.03.2002-09:00:00,08,03,2002,09,209.33
08.03.2002-12:00:00,08,03,2002,12,204.39
08.03.2002-15:00:00,08,03,2002,15,213.17
08.03.2002-18:00:00,08,03,2002,18,224.13
08.03.2002-21:00:00,08,03,2002,21,247.13
08.04.2002-00:00:00,08,04,2002,00,252.7
08.04.2002-03:00:00,08,04,2002,03,248
08.04.2002-06:00:00,08,04,2002,06,269.09
08.04.2002-09:00:00,08,04,2002,09,219.23
08.04.2002-12:00:00,08,04,2002,12,207.08
08.04.2002-15:00:00,08,04,2002,15,215.8
08.04.2002-18:00:00,08,04,2002,18,228.09
08.04.2002-21:00:00,08,04,2002,21,251.79
08.05.2002-00:00:00,08,05,2002,00,242.28
08.05.2002-03:00:00,08,05,2002,03,240.47
08.05.2002-06:00:00,08,05,2002,06,229.55
08.05.2002-09:00:00,08,05,2002,09,204.88
08.05.2002-12:00:00,08,05,2002,12,196.65
08.05.2002-15:00:00,08,05,2002,15,205.26
08.05.2002-18:00:00,08,05,2002,18,215.81
08.05.2002-21:00:00,08,05,2002,21,235.63
08.06.2002-00:00:00,08,06,2002,00,236.65
08.06.2002-03:00:00,08,06,2002,03,236.67
08.06.2002-06:00:00,08,06,2002,06,225.03
08.06.2002-09:00:00,08,06,2002,09,196.91
08.06.2002-12:00:00,08,06,2002,12,191.84
08.06.2002-15:00:00,08,06,2002,15,201.01
08.06.2002-18:00:00,08,06,2002,18,212.28
08.06.2002-21:00:00,08,06,2002,21,229.29
08.07.2002-00:00:00,08,07,2002,00,231.58
08.07.2002-03:00:00,08,07,2002,03,231.67
08.07.2002-06:00:00,08,07,2002,06,220.76
08.07.2002-09:00:00,08,07,2002,09,199.58
08.07.2002-12:00:00,08,07,2002,12,195.99
08.07.2002-15:00:00,08,07,2002,15,203.55
08.07.2002-18:00:00,08,07,2002,18,214.15
08.07.2002-21:00:00,08,07,2002,21,225.9
08.08.2002-00:00:00,08,08,2002,00,226.07
08.08.2002-03:00:00,08,08,2002,03,227.03
08.08.2002-06:00:00,08,08,2002,06,212.53
08.08.2002-09:00:00,08,08,2002,09,184.52
08.08.2002-12:00:00,08,08,2002,12,179.84
08.08.2002-15:00:00,08,08,2002,15,189.28
08.08.2002-18:00:00,08,08,2002,18,199.23
08.08.2002-21:00:00,08,08,2002,21,216.73
08.09.2002-00:00:00,08,09,2002,00,218.06
08.09.2002-03:00:00,08,09,2002,03,216.88
08.09.2002-06:00:00,08,09,2002,06,202.17
08.09.2002-09:00:00,08,09,2002,09,172.56
08.09.2002-12:00:00,08,09,2002,12,168.16
08.09.2002-15:00:00,08,09,2002,15,174.55
08.09.2002-18:00:00,08,09,2002,18,185.25
08.09.2002-21:00:00,08,09,2002,21,207.48
08.10.2002-00:00:00,08,10,2002,00,207.86
08.10.2002-03:00:00,08,10,2002,03,209.58
08.10.2002-06:00:00,08,10,2002,06,193.07
08.10.2002-09:00:00,08,10,2002,09,165.35
08.10.2002-12:00:00,08,10,2002,12,161.12
08.10.2002-15:00:00,08,10,2002,15,166.64
08.10.2002-18:00:00,08,10,2002,18,174.92
08.10.2002-21:00:00,08,10,2002,21,200.04
08.11.2002-00:00:00,08,11,2002,00,202.54
08.11.2002-03:00:00,08,11,2002,03,200.98
08.11.2002-06:00:00,08,11,2002,06,189.55
08.11.2002-09:00:00,08,11,2002,09,163.03
08.11.2002-12:00:00,08,11,2002,12,158.84
08.11.2002-15:00:00,08,11,2002,15,164.35
08.11.2002-18:00:00,08,11,2002,18,172.98
08.11.2002-21:00:00,08,11,2002,21,194.09
08.12.2002-00:00:00,08,12,2002,00,197.89
08.12.2002-03:00:00,08,12,2002,03,198.01
08.12.2002-06:00:00,08,12,2002,06,185.81
08.12.2002-09:00:00,08,12,2002,09,159.25
08.12.2002-12:00:00,08,12,2002,12,155.76
08.12.2002-15:00:00,08,12,2002,15,160.47
08.12.2002-18:00:00,08,12,2002,18,169.95
08.12.2002-21:00:00,08,12,2002,21,189.12
08.13.2002-00:00:00,08,13,2002,00,191.01
08.13.2002-03:00:00,08,13,2002,03,192.03
08.13.2002-06:00:00,08,13,2002,06,177.91
08.13.2002-09:00:00,08,13,2002,09,152.87
08.13.2002-12:00:00,08,13,2002,12,150.76
08.13.2002-15:00:00,08,13,2002,15,152.37
08.13.2002-18:00:00,08,13,2002,18,161.66
08.13.2002-21:00:00,08,13,2002,21,184.35
08.14.2002-00:00:00,08,14,2002,00,184.99
08.14.2002-03:00:00,08,14,2002,03,183.29
08.14.2002-06:00:00,08,14,2002,06,169.07
08.14.2002-09:00:00,08,14,2002,09,147.79
08.14.2002-12:00:00,08,14,2002,12,147.97
08.14.2002-15:00:00,08,14,2002,15,146.16
08.14.2002-18:00:00,08,14,2002,18,148.91
08.14.2002-21:00:00,08,14,2002,21,177.7
08.15.2002-00:00:00,08,15,2002,00,179.84
08.15.2002-03:00:00,08,15,2002,03,178.06
08.15.2002-06:00:00,08,15,2002,06,164.65
08.15.2002-09:00:00,08,15,2002,09,144.95
08.15.2002-12:00:00,08,15,2002,12,144.03
08.15.2002-15:00:00,08,15,2002,15,143.71
08.15.2002-18:00:00,08,15,2002,18,144.16
08.15.2002-21:00:00,08,15,2002,21,170.43
08.16.2002-00:00:00,08,16,2002,00,176.01
08.16.2002-03:00:00,08,16,2002,03,175.28
08.16.2002-06:00:00,08,16,2002,06,163.05
08.16.2002-09:00:00,08,16,2002,09,144.01
08.16.2002-12:00:00,08,16,2002,12,142.76
08.16.2002-15:00:00,08,16,2002,15,142.47
08.16.2002-18:00:00,08,16,2002,18,146.57
08.16.2002-21:00:00,08,16,2002,21,169.72
08.17.2002-00:00:00,08,17,2002,00,173.13
08.17.2002-03:00:00,08,17,2002,03,171.68
08.17.2002-06:00:00,08,17,2002,06,161.05
08.17.2002-09:00:00,08,17,2002,09,143.02
08.17.2002-12:00:00,08,17,2002,12,141.43
08.17.2002-15:00:00,08,17,2002,15,141.8
08.17.2002-18:00:00,08,17,2002,18,148.91
08.17.2002-21:00:00,08,17,2002,21,166.39
08.18.2002-00:00:00,08,18,2002,00,170.64
08.18.2002-03:00:00,08,18,2002,03,169.76
08.18.2002-06:00:00,08,18,2002,06,159.4
08.18.2002-09:00:00,08,18,2002,09,141.45
08.18.2002-12:00:00,08,18,2002,12,139.95
08.18.2002-15:00:00,08,18,2002,15,140.05
08.18.2002-18:00:00,08,18,2002,18,144.88
08.18.2002-21:00:00,08,18,2002,21,162.25
08.19.2002-00:00:00,08,19,2002,00,164.99
08.19.2002-03:00:00,08,19,2002,03,167.04
08.19.2002-06:00:00,08,19,2002,06,157.31
08.19.2002-09:00:00,08,19,2002,09,140.22
08.19.2002-12:00:00,08,19,2002,12,138.54
08.19.2002-15:00:00,08,19,2002,15,139.16
08.19.2002-18:00:00,08,19,2002,18,144.48
08.19.2002-21:00:00,08,19,2002,21,159.73
08.20.2002-00:00:00,08,20,2002,00,162.14
08.20.2002-03:00:00,08,20,2002,03,161.72
08.20.2002-06:00:00,08,20,2002,06,154.02
08.20.2002-09:00:00,08,20,2002,09,138.64
08.20.2002-12:00:00,08,20,2002,12,136.98
08.20.2002-15:00:00,08,20,2002,15,137.5
08.20.2002-18:00:00,08,20,2002,18,142.22
08.20.2002-21:00:00,08,20,2002,21,155.99
08.21.2002-00:00:00,08,21,2002,00,159.75
08.21.2002-03:00:00,08,21,2002,03,158.87
08.21.2002-06:00:00,08,21,2002,06,152.32
08.21.2002-09:00:00,08,21,2002,09,138.39
08.21.2002-12:00:00,08,21,2002,12,136.76
08.21.2002-15:00:00,08,21,2002,15,139.16
08.21.2002-18:00:00,08,21,2002,18,145.54
08.21.2002-21:00:00,08,21,2002,21,157.48
08.22.2002-00:00:00,08,22,2002,00,157.86
08.22.2002-03:00:00,08,22,2002,03,156.85
08.22.2002-06:00:00,08,22,2002,06,149.61
08.22.2002-09:00:00,08,22,2002,09,136.66
08.22.2002-12:00:00,08,22,2002,12,135.13
08.22.2002-15:00:00,08,22,2002,15,137.7
08.22.2002-18:00:00,08,22,2002,18,142.41
08.22.2002-21:00:00,08,22,2002,21,154.58
08.23.2002-00:00:00,08,23,2002,00,154.91
08.23.2002-03:00:00,08,23,2002,03,153.67
08.23.2002-06:00:00,08,23,2002,06,145.98
08.23.2002-09:00:00,08,23,2002,09,133.43
08.23.2002-12:00:00,08,23,2002,12,132.01
08.23.2002-15:00:00,08,23,2002,15,132.52
08.23.2002-18:00:00,08,23,2002,18,136.56
08.23.2002-21:00:00,08,23,2002,21,146.24
08.24.2002-00:00:00,08,24,2002,00,151.17
08.24.2002-03:00:00,08,24,2002,03,150.79
08.24.2002-06:00:00,08,24,2002,06,142.64
08.24.2002-09:00:00,08,24,2002,09,130.9
08.24.2002-12:00:00,08,24,2002,12,130.01
08.24.2002-15:00:00,08,24,2002,15,129.55
08.24.2002-18:00:00,08,24,2002,18,131.78
08.24.2002-21:00:00,08,24,2002,21,142.4
08.25.2002-00:00:00,08,25,2002,00,150.85
08.25.2002-03:00:00,08,25,2002,03,156.27
08.25.2002-06:00:00,08,25,2002,06,155.85
08.25.2002-09:00:00,08,25,2002,09,141.67
08.25.2002-12:00:00,08,25,2002,12,133.6
08.25.2002-15:00:00,08,25,2002,15,136.17
08.25.2002-18:00:00,08,25,2002,18,143.66
08.25.2002-21:00:00,08,25,2002,21,154.01
08.26.2002-00:00:00,08,26,2002,00,153.41
08.26.2002-03:00:00,08,26,2002,03,156.64
08.26.2002-06:00:00,08,26,2002,06,150.1
08.26.2002-09:00:00,08,26,2002,09,135.9
08.26.2002-12:00:00,08,26,2002,12,129.3
08.26.2002-15:00:00,08,26,2002,15,129.97
08.26.2002-18:00:00,08,26,2002,18,136.8
08.26.2002-21:00:00,08,26,2002,21,144.44
08.27.2002-00:00:00,08,27,2002,00,145.06
08.27.2002-03:00:00,08,27,2002,03,144.46
08.27.2002-06:00:00,08,27,2002,06,138.41
08.27.2002-09:00:00,08,27,2002,09,126.85
08.27.2002-12:00:00,08,27,2002,12,125.84
08.27.2002-15:00:00,08,27,2002,15,125.38
08.27.2002-18:00:00,08,27,2002,18,128.2
08.27.2002-21:00:00,08,27,2002,21,138.23
08.28.2002-00:00:00,08,28,2002,00,138.99
08.28.2002-03:00:00,08,28,2002,03,138.06
08.28.2002-06:00:00,08,28,2002,06,132.29
08.28.2002-09:00:00,08,28,2002,09,124.4
08.28.2002-12:00:00,08,28,2002,12,123.51
08.28.2002-15:00:00,08,28,2002,15,122.97
08.28.2002-18:00:00,08,28,2002,18,123.17
08.28.2002-21:00:00,08,28,2002,21,131.93
08.29.2002-00:00:00,08,29,2002,00,135.81
08.29.2002-03:00:00,08,29,2002,03,134.77
08.29.2002-06:00:00,08,29,2002,06,128.01
08.29.2002-09:00:00,08,29,2002,09,121.28
08.29.2002-12:00:00,08,29,2002,12,120.44
08.29.2002-15:00:00,08,29,2002,15,119.92
08.29.2002-18:00:00,08,29,2002,18,119.73
08.29.2002-21:00:00,08,29,2002,21,124.8
08.30.2002-00:00:00,08,30,2002,00,139.07
08.30.2002-03:00:00,08,30,2002,03,139.34
08.30.2002-06:00:00,08,30,2002,06,134.76
08.30.2002-09:00:00,08,30,2002,09,125.86
08.30.2002-12:00:00,08,30,2002,12,122.62
08.30.2002-15:00:00,08,30,2002,15,124.15
08.30.2002-18:00:00,08,30,2002,18,131.35
08.30.2002-21:00:00,08,30,2002,21,138.06
08.31.2002-00:00:00,08,31,2002,00,131.67
08.31.2002-03:00:00,08,31,2002,03,130.75
08.31.2002-06:00:00,08,31,2002,06,125.64
08.31.2002-09:00:00,08,31,2002,09,118.7
08.31.2002-12:00:00,08,31,2002,12,117.94
08.31.2002-15:00:00,08,31,2002,15,117.49
08.31.2002-18:00:00,08,31,2002,18,118.09
08.31.2002-21:00:00,08,31,2002,21,126.53
09.01.2002-00:00:00,09,01,2002,00,129.67
09.01.2002-03:00:00,09,01,2002,03,129.11
09.01.2002-06:00:00,09,01,2002,06,125.07
09.01.2002-09:00:00,09,01,2002,09,116.61
09.01.2002-12:00:00,09,01,2002,12,114.45
09.01.2002-15:00:00,09,01,2002,15,115.09
09.01.2002-18:00:00,09,01,2002,18,115.03
09.01.2002-21:00:00,09,01,2002,21,121.11
09.02.2002-00:00:00,09,02,2002,00,130.31
09.02.2002-03:00:00,09,02,2002,03,130.23
09.02.2002-06:00:00,09,02,2002,06,127.63
09.02.2002-09:00:00,09,02,2002,09,120.29
09.02.2002-12:00:00,09,02,2002,12,117.7
09.02.2002-15:00:00,09,02,2002,15,120.56
09.02.2002-18:00:00,09,02,2002,18,126.49
09.02.2002-21:00:00,09,02,2002,21,129.32
09.03.2002-00:00:00,09,03,2002,00,126.47
09.03.2002-03:00:00,09,03,2002,03,126
09.03.2002-06:00:00,09,03,2002,06,122.77
09.03.2002-09:00:00,09,03,2002,09,112.55
09.03.2002-12:00:00,09,03,2002,12,111.77
09.03.2002-15:00:00,09,03,2002,15,111.32
09.03.2002-18:00:00,09,03,2002,18,112.98
09.03.2002-21:00:00,09,03,2002,21,124.16
09.04.2002-00:00:00,09,04,2002,00,124.55
09.04.2002-03:00:00,09,04,2002,03,124.82
09.04.2002-06:00:00,09,04,2002,06,122.54
09.04.2002-09:00:00,09,04,2002,09,111.04
09.04.2002-12:00:00,09,04,2002,12,109.1
09.04.2002-15:00:00,09,04,2002,15,110.02
09.04.2002-18:00:00,09,04,2002,18,117.54
09.04.2002-21:00:00,09,04,2002,21,121.62
09.05.2002-00:00:00,09,05,2002,00,122.92
09.05.2002-03:00:00,09,05,2002,03,121.91
09.05.2002-06:00:00,09,05,2002,06,120.19
09.05.2002-09:00:00,09,05,2002,09,109.35
09.05.2002-12:00:00,09,05,2002,12,107.34
09.05.2002-15:00:00,09,05,2002,15,109.51
09.05.2002-18:00:00,09,05,2002,18,116.56
09.05.2002-21:00:00,09,05,2002,21,119.26
09.06.2002-00:00:00,09,06,2002,00,120.12
09.06.2002-03:00:00,09,06,2002,03,120.29
09.06.2002-06:00:00,09,06,2002,06,116.99
09.06.2002-09:00:00,09,06,2002,09,107.28
09.06.2002-12:00:00,09,06,2002,12,105.92
09.06.2002-15:00:00,09,06,2002,15,106.14
09.06.2002-18:00:00,09,06,2002,18,113.98
09.06.2002-21:00:00,09,06,2002,21,117.13
09.07.2002-00:00:00,09,07,2002,00,117.3
09.07.2002-03:00:00,09,07,2002,03,117.43
09.07.2002-06:00:00,09,07,2002,06,116.17
09.07.2002-09:00:00,09,07,2002,09,105.7
09.07.2002-12:00:00,09,07,2002,12,104.67
09.07.2002-15:00:00,09,07,2002,15,104.39
09.07.2002-18:00:00,09,07,2002,18,111.85
09.07.2002-21:00:00,09,07,2002,21,115.61
09.08.2002-00:00:00,09,08,2002,00,115.74
09.08.2002-03:00:00,09,08,2002,03,115.83
09.08.2002-06:00:00,09,08,2002,06,114.1
09.08.2002-09:00:00,09,08,2002,09,104.64
09.08.2002-12:00:00,09,08,2002,12,103.35
09.08.2002-15:00:00,09,08,2002,15,103.32
09.08.2002-18:00:00,09,08,2002,18,111.39
09.08.2002-21:00:00,09,08,2002,21,114.06
09.09.2002-00:00:00,09,09,2002,00,114.31
09.09.2002-03:00:00,09,09,2002,03,114.21
09.09.2002-06:00:00,09,09,2002,06,112.52
09.09.2002-09:00:00,09,09,2002,09,103.3
09.09.2002-12:00:00,09,09,2002,12,102
09.09.2002-15:00:00,09,09,2002,15,103.36
09.09.2002-18:00:00,09,09,2002,18,109.93
09.09.2002-21:00:00,09,09,2002,21,112.22
09.10.2002-00:00:00,09,10,2002,00,112.2
09.10.2002-03:00:00,09,10,2002,03,111.83
09.10.2002-06:00:00,09,10,2002,06,108.5
09.10.2002-09:00:00,09,10,2002,09,100.9
09.10.2002-12:00:00,09,10,2002,12,100.32
09.10.2002-15:00:00,09,10,2002,15,99.958
09.10.2002-18:00:00,09,10,2002,18,99.904
09.10.2002-21:00:00,09,10,2002,21,108.86
09.11.2002-00:00:00,09,11,2002,00,109.99
09.11.2002-03:00:00,09,11,2002,03,109.77
09.11.2002-06:00:00,09,11,2002,06,106.11
09.11.2002-09:00:00,09,11,2002,09,99.09
09.11.2002-12:00:00,09,11,2002,12,97.061
09.11.2002-15:00:00,09,11,2002,15,97.992
09.11.2002-18:00:00,09,11,2002,18,97.939
09.11.2002-21:00:00,09,11,2002,21,98.804
09.12.2002-00:00:00,09,12,2002,00,107.18
09.12.2002-03:00:00,09,12,2002,03,107.43
09.12.2002-06:00:00,09,12,2002,06,103.29
09.12.2002-09:00:00,09,12,2002,09,96.027
09.12.2002-12:00:00,09,12,2002,12,95.404
09.12.2002-15:00:00,09,12,2002,15,94.989
09.12.2002-18:00:00,09,12,2002,18,94.93
09.12.2002-21:00:00,09,12,2002,21,94.996
09.13.2002-00:00:00,09,13,2002,00,98.564
09.13.2002-03:00:00,09,13,2002,03,104.07
09.13.2002-06:00:00,09,13,2002,06,99.674
09.13.2002-09:00:00,09,13,2002,09,94.401
09.13.2002-12:00:00,09,13,2002,12,93.784
09.13.2002-15:00:00,09,13,2002,15,93.331
09.13.2002-18:00:00,09,13,2002,18,93.254
09.13.2002-21:00:00,09,13,2002,21,93.308
09.14.2002-00:00:00,09,14,2002,00,93.962
09.14.2002-03:00:00,09,14,2002,03,101.88
09.14.2002-06:00:00,09,14,2002,06,98.569
09.14.2002-09:00:00,09,14,2002,09,92.79
09.14.2002-12:00:00,09,14,2002,12,92.189
09.14.2002-15:00:00,09,14,2002,15,91.774
09.14.2002-18:00:00,09,14,2002,18,91.706
09.14.2002-21:00:00,09,14,2002,21,91.752
09.15.2002-00:00:00,09,15,2002,00,93.488
09.15.2002-03:00:00,09,15,2002,03,100.51
09.15.2002-06:00:00,09,15,2002,06,96.141
09.15.2002-09:00:00,09,15,2002,09,91.199
09.15.2002-12:00:00,09,15,2002,12,90.648
09.15.2002-15:00:00,09,15,2002,15,90.266
09.15.2002-18:00:00,09,15,2002,18,90.198
09.15.2002-21:00:00,09,15,2002,21,90.238
09.16.2002-00:00:00,09,16,2002,00,93.216
09.16.2002-03:00:00,09,16,2002,03,98.888
09.16.2002-06:00:00,09,16,2002,06,94.545
09.16.2002-09:00:00,09,16,2002,09,89.689
09.16.2002-12:00:00,09,16,2002,12,89.174
09.16.2002-15:00:00,09,16,2002,15,88.823
09.16.2002-18:00:00,09,16,2002,18,88.765
09.16.2002-21:00:00,09,16,2002,21,88.805
09.17.2002-00:00:00,09,17,2002,00,94.29
09.17.2002-03:00:00,09,17,2002,03,97.53
09.17.2002-06:00:00,09,17,2002,06,92.906
09.17.2002-09:00:00,09,17,2002,09,88.325
09.17.2002-12:00:00,09,17,2002,12,86.965
09.17.2002-15:00:00,09,17,2002,15,86.743
09.17.2002-18:00:00,09,17,2002,18,87.623
09.17.2002-21:00:00,09,17,2002,21,92.64
09.18.2002-00:00:00,09,18,2002,00,95.618
09.18.2002-03:00:00,09,18,2002,03,95.82
09.18.2002-06:00:00,09,18,2002,06,93.875
09.18.2002-09:00:00,09,18,2002,09,86.396
09.18.2002-12:00:00,09,18,2002,12,86.018
09.18.2002-15:00:00,09,18,2002,15,85.825
09.18.2002-18:00:00,09,18,2002,18,85.856
09.18.2002-21:00:00,09,18,2002,21,93.487
09.19.2002-00:00:00,09,19,2002,00,94.628
09.19.2002-03:00:00,09,19,2002,03,94.831
09.19.2002-06:00:00,09,19,2002,06,92.815
09.19.2002-09:00:00,09,19,2002,09,85.386
09.19.2002-12:00:00,09,19,2002,12,84.966
09.19.2002-15:00:00,09,19,2002,15,84.74
09.19.2002-18:00:00,09,19,2002,18,84.731
09.19.2002-21:00:00,09,19,2002,21,88.148
09.20.2002-00:00:00,09,20,2002,00,93.112
09.20.2002-03:00:00,09,20,2002,03,93.236
09.20.2002-06:00:00,09,20,2002,06,90.753
09.20.2002-09:00:00,09,20,2002,09,84.264
09.20.2002-12:00:00,09,20,2002,12,83.83
09.20.2002-15:00:00,09,20,2002,15,83.579
09.20.2002-18:00:00,09,20,2002,18,83.561
09.20.2002-21:00:00,09,20,2002,21,84.224
09.21.2002-00:00:00,09,21,2002,00,91.026
09.21.2002-03:00:00,09,21,2002,03,92.112
09.21.2002-06:00:00,09,21,2002,06,92.014
09.21.2002-09:00:00,09,21,2002,09,83.221
09.21.2002-12:00:00,09,21,2002,12,82.792
09.21.2002-15:00:00,09,21,2002,15,82.594
09.21.2002-18:00:00,09,21,2002,18,82.589
09.21.2002-21:00:00,09,21,2002,21,88.022
09.22.2002-00:00:00,09,22,2002,00,90.682
09.22.2002-03:00:00,09,22,2002,03,90.808
09.22.2002-06:00:00,09,22,2002,06,90.22
09.22.2002-09:00:00,09,22,2002,09,82.179
09.22.2002-12:00:00,09,22,2002,12,81.811
09.22.2002-15:00:00,09,22,2002,15,81.65
09.22.2002-18:00:00,09,22,2002,18,84.134
09.22.2002-21:00:00,09,22,2002,21,89.226
09.23.2002-00:00:00,09,23,2002,00,89.295
09.23.2002-03:00:00,09,23,2002,03,89.265
09.23.2002-06:00:00,09,23,2002,06,86.837
09.23.2002-09:00:00,09,23,2002,09,81.016
09.23.2002-12:00:00,09,23,2002,12,80.613
09.23.2002-15:00:00,09,23,2002,15,80.387
09.23.2002-18:00:00,09,23,2002,18,80.359
09.23.2002-21:00:00,09,23,2002,21,81.804
09.24.2002-00:00:00,09,24,2002,00,86.441
09.24.2002-03:00:00,09,24,2002,03,87.616
09.24.2002-06:00:00,09,24,2002,06,84.601
09.24.2002-09:00:00,09,24,2002,09,79.761
09.24.2002-12:00:00,09,24,2002,12,79.311
09.24.2002-15:00:00,09,24,2002,15,79.013
09.24.2002-18:00:00,09,24,2002,18,78.973
09.24.2002-21:00:00,09,24,2002,21,78.981
09.25.2002-00:00:00,09,25,2002,00,78.998
09.25.2002-03:00:00,09,25,2002,03,82.483
09.25.2002-06:00:00,09,25,2002,06,83.222
09.25.2002-09:00:00,09,25,2002,09,78.616
09.25.2002-12:00:00,09,25,2002,12,78.219
09.25.2002-15:00:00,09,25,2002,15,77.966
09.25.2002-18:00:00,09,25,2002,18,77.939
09.25.2002-21:00:00,09,25,2002,21,77.948
09.26.2002-00:00:00,09,26,2002,00,80.549
09.26.2002-03:00:00,09,26,2002,03,84.377
09.26.2002-06:00:00,09,26,2002,06,82.756
09.26.2002-09:00:00,09,26,2002,09,77.546
09.26.2002-12:00:00,09,26,2002,12,77.169
09.26.2002-15:00:00,09,26,2002,15,76.95
09.26.2002-18:00:00,09,26,2002,18,76.937
09.26.2002-21:00:00,09,26,2002,21,77.91
09.27.2002-00:00:00,09,27,2002,00,81.666
09.27.2002-03:00:00,09,27,2002,03,83.723
09.27.2002-06:00:00,09,27,2002,06,81.689
09.27.2002-09:00:00,09,27,2002,09,76.552
09.27.2002-12:00:00,09,27,2002,12,76.254
09.27.2002-15:00:00,09,27,2002,15,76.101
09.27.2002-18:00:00,09,27,2002,18,77.742
09.27.2002-21:00:00,09,27,2002,21,81.792
09.28.2002-00:00:00,09,28,2002,00,82.68
09.28.2002-03:00:00,09,28,2002,03,82.727
09.28.2002-06:00:00,09,28,2002,06,80.993
09.28.2002-09:00:00,09,28,2002,09,75.569
09.28.2002-12:00:00,09,28,2002,12,75.232
09.28.2002-15:00:00,09,28,2002,15,75.057
09.28.2002-18:00:00,09,28,2002,18,75.057
09.28.2002-21:00:00,09,28,2002,21,78.68
09.29.2002-00:00:00,09,29,2002,00,81.397
09.29.2002-03:00:00,09,29,2002,03,81.459
09.29.2002-06:00:00,09,29,2002,06,79.417
09.29.2002-09:00:00,09,29,2002,09,74.493
09.29.2002-12:00:00,09,29,2002,12,74.091
09.29.2002-15:00:00,09,29,2002,15,73.852
09.29.2002-18:00:00,09,29,2002,18,73.849
09.29.2002-21:00:00,09,29,2002,21,73.853
09.30.2002-00:00:00,09,30,2002,00,75.895
09.30.2002-03:00:00,09,30,2002,03,79.704
09.30.2002-06:00:00,09,30,2002,06,80.304
09.30.2002-09:00:00,09,30,2002,09,73.803
09.30.2002-12:00:00,09,30,2002,12,73.323
09.30.2002-15:00:00,09,30,2002,15,73.363
09.30.2002-18:00:00,09,30,2002,18,77.496
09.30.2002-21:00:00,09,30,2002,21,79.532
