TIMESTAMP,MONTH,DAY,YEAR,HOUR,C
10.01.2001-00:00:00,10,01,2001,00,11.583
10.01.2001-03:00:00,10,01,2001,03,11.579
10.01.2001-06:00:00,10,01,2001,06,11.575
10.01.2001-09:00:00,10,01,2001,09,11.569
10.01.2001-12:00:00,10,01,2001,12,11.563
10.01.2001-15:00:00,10,01,2001,15,11.559
10.01.2001-18:00:00,10,01,2001,18,11.559
10.01.2001-21:00:00,10,01,2001,21,11.555
10.02.2001-00:00:00,10,02,2001,00,11.552
10.02.2001-03:00:00,10,02,2001,03,11.548
10.02.2001-06:00:00,10,02,2001,06,11.544
10.02.2001-09:00:00,10,02,2001,09,11.538
10.02.2001-12:00:00,10,02,2001,12,11.532
10.02.2001-15:00:00,10,02,2001,15,11.528
10.02.2001-18:00:00,10,02,2001,18,11.528
10.02.2001-21:00:00,10,02,2001,21,11.524
10.03.2001-00:00:00,10,03,2001,00,11.52
10.03.2001-03:00:00,10,03,2001,03,11.517
10.03.2001-06:00:00,10,03,2001,06,11.513
10.03.2001-09:00:00,10,03,2001,09,11.507
10.03.2001-12:00:00,10,03,2001,12,11.501
10.03.2001-15:00:00,10,03,2001,15,11.498
10.03.2001-18:00:00,10,03,2001,18,11.497
10.03.2001-21:00:00,10,03,2001,21,11.494
10.04.2001-00:00:00,10,04,2001,00,11.49
10.04.2001-03:00:00,10,04,2001,03,11.486
10.04.2001-06:00:00,10,04,2001,06,11.482
10.04.2001-09:00:00,10,04,2001,09,11.477
10.04.2001-12:00:00,10,04,2001,12,11.471
10.04.2001-15:00:00,10,04,2001,15,11.468
10.04.2001-18:00:00,10,04,2001,18,11.467
10.04.2001-21:00:00,10,04,2001,21,11.463
10.05.2001-00:00:00,10,05,2001,00,11.459
10.05.2001-03:00:00,10,05,2001,03,11.456
10.05.2001-06:00:00,10,05,2001,06,11.452
10.05.2001-09:00:00,10,05,2001,09,11.447
10.05.2001-12:00:00,10,05,2001,12,11.443
10.05.2001-15:00:00,10,05,2001,15,11.44
10.05.2001-18:00:00,10,05,2001,18,11.437
10.05.2001-21:00:00,10,05,2001,21,11.433
10.06.2001-00:00:00,10,06,2001,00,11.429
10.06.2001-03:00:00,10,06,2001,03,11.425
10.06.2001-06:00:00,10,06,2001,06,11.422
10.06.2001-09:00:00,10,06,2001,09,11.418
10.06.2001-12:00:00,10,06,2001,12,11.414
10.06.2001-15:00:00,10,06,2001,15,11.41
10.06.2001-18:00:00,10,06,2001,18,11.407
10.06.2001-21:00:00,10,06,2001,21,11.403
10.07.2001-00:00:00,10,07,2001,00,11.399
10.07.2001-03:00:00,10,07,2001,03,11.396
10.07.2001-06:00:00,10,07,2001,06,11.392
10.07.2001-09:00:00,10,07,2001,09,11.388
10.07.2001-12:00:00,10,07,2001,12,11.385
10.07.2001-15:00:00,10,07,2001,15,11.381
10.07.2001-18:00:00,10,07,2001,18,11.377
10.07.2001-21:00:00,10,07,2001,21,11.374
10.08.2001-00:00:00,10,08,2001,00,11.37
10.08.2001-03:00:00,10,08,2001,03,11.366
10.08.2001-06:00:00,10,08,2001,06,11.363
10.08.2001-09:00:00,10,08,2001,09,11.358
10.08.2001-12:00:00,10,08,2001,12,11.355
10.08.2001-15:00:00,10,08,2001,15,11.352
10.08.2001-18:00:00,10,08,2001,18,11.348
10.08.2001-21:00:00,10,08,2001,21,11.345
10.09.2001-00:00:00,10,09,2001,00,11.341
10.09.2001-03:00:00,10,09,2001,03,11.337
10.09.2001-06:00:00,10,09,2001,06,11.334
10.09.2001-09:00:00,10,09,2001,09,11.33
10.09.2001-12:00:00,10,09,2001,12,11.327
10.09.2001-15:00:00,10,09,2001,15,11.323
10.09.2001-18:00:00,10,09,2001,18,11.319
10.09.2001-21:00:00,10,09,2001,21,11.316
10.10.2001-00:00:00,10,10,2001,00,11.312
10.10.2001-03:00:00,10,10,2001,03,11.309
10.10.2001-06:00:00,10,10,2001,06,11.305
10.10.2001-09:00:00,10,10,2001,09,11.301
10.10.2001-12:00:00,10,10,2001,12,11.298
10.10.2001-15:00:00,10,10,2001,15,11.297
10.10.2001-18:00:00,10,10,2001,18,11.291
10.10.2001-21:00:00,10,10,2001,21,11.287
10.11.2001-00:00:00,10,11,2001,00,11.284
10.11.2001-03:00:00,10,11,2001,03,11.28
10.11.2001-06:00:00,10,11,2001,06,11.277
10.11.2001-09:00:00,10,11,2001,09,11.273
10.11.2001-12:00:00,10,11,2001,12,11.272
10.11.2001-15:00:00,10,11,2001,15,11.274
10.11.2001-18:00:00,10,11,2001,18,11.286
10.11.2001-21:00:00,10,11,2001,21,11.297
10.12.2001-00:00:00,10,12,2001,00,11.262
10.12.2001-03:00:00,10,12,2001,03,11.252
10.12.2001-06:00:00,10,12,2001,06,11.249
10.12.2001-09:00:00,10,12,2001,09,11.245
10.12.2001-12:00:00,10,12,2001,12,11.242
10.12.2001-15:00:00,10,12,2001,15,11.238
10.12.2001-18:00:00,10,12,2001,18,11.235
10.12.2001-21:00:00,10,12,2001,21,11.231
10.13.2001-00:00:00,10,13,2001,00,11.228
10.13.2001-03:00:00,10,13,2001,03,11.224
10.13.2001-06:00:00,10,13,2001,06,11.221
10.13.2001-09:00:00,10,13,2001,09,11.217
10.13.2001-12:00:00,10,13,2001,12,11.214
10.13.2001-15:00:00,10,13,2001,15,11.21
10.13.2001-18:00:00,10,13,2001,18,11.207
10.13.2001-21:00:00,10,13,2001,21,11.204
10.14.2001-00:00:00,10,14,2001,00,11.2
10.14.2001-03:00:00,10,14,2001,03,11.197
10.14.2001-06:00:00,10,14,2001,06,11.193
10.14.2001-09:00:00,10,14,2001,09,11.19
10.14.2001-12:00:00,10,14,2001,12,11.187
10.14.2001-15:00:00,10,14,2001,15,11.183
10.14.2001-18:00:00,10,14,2001,18,11.18
10.14.2001-21:00:00,10,14,2001,21,11.176
10.15.2001-00:00:00,10,15,2001,00,11.173
10.15.2001-03:00:00,10,15,2001,03,11.17
10.15.2001-06:00:00,10,15,2001,06,11.166
10.15.2001-09:00:00,10,15,2001,09,11.163
10.15.2001-12:00:00,10,15,2001,12,11.159
10.15.2001-15:00:00,10,15,2001,15,11.156
10.15.2001-18:00:00,10,15,2001,18,11.153
10.15.2001-21:00:00,10,15,2001,21,11.149
10.16.2001-00:00:00,10,16,2001,00,11.146
10.16.2001-03:00:00,10,16,2001,03,11.143
10.16.2001-06:00:00,10,16,2001,06,11.139
10.16.2001-09:00:00,10,16,2001,09,11.136
10.16.2001-12:00:00,10,16,2001,12,11.133
10.16.2001-15:00:00,10,16,2001,15,11.129
10.16.2001-18:00:00,10,16,2001,18,11.126
10.16.2001-21:00:00,10,16,2001,21,11.123
10.17.2001-00:00:00,10,17,2001,00,11.119
10.17.2001-03:00:00,10,17,2001,03,11.116
10.17.2001-06:00:00,10,17,2001,06,11.113
10.17.2001-09:00:00,10,17,2001,09,11.109
10.17.2001-12:00:00,10,17,2001,12,11.106
10.17.2001-15:00:00,10,17,2001,15,11.103
10.17.2001-18:00:00,10,17,2001,18,11.099
10.17.2001-21:00:00,10,17,2001,21,11.096
10.18.2001-00:00:00,10,18,2001,00,11.093
10.18.2001-03:00:00,10,18,2001,03,11.09
10.18.2001-06:00:00,10,18,2001,06,11.086
10.18.2001-09:00:00,10,18,2001,09,11.083
10.18.2001-12:00:00,10,18,2001,12,11.08
10.18.2001-15:00:00,10,18,2001,15,11.077
10.18.2001-18:00:00,10,18,2001,18,11.073
10.18.2001-21:00:00,10,18,2001,21,11.07
10.19.2001-00:00:00,10,19,2001,00,11.067
10.19.2001-03:00:00,10,19,2001,03,11.064
10.19.2001-06:00:00,10,19,2001,06,11.06
10.19.2001-09:00:00,10,19,2001,09,11.057
10.19.2001-12:00:00,10,19,2001,12,11.054
10.19.2001-15:00:00,10,19,2001,15,11.051
10.19.2001-18:00:00,10,19,2001,18,11.047
10.19.2001-21:00:00,10,19,2001,21,11.044
10.20.2001-00:00:00,10,20,2001,00,11.041
10.20.2001-03:00:00,10,20,2001,03,11.038
10.20.2001-06:00:00,10,20,2001,06,11.035
10.20.2001-09:00:00,10,20,2001,09,11.031
10.20.2001-12:00:00,10,20,2001,12,11.028
10.20.2001-15:00:00,10,20,2001,15,11.025
10.20.2001-18:00:00,10,20,2001,18,11.022
10.20.2001-21:00:00,10,20,2001,21,11.019
10.21.2001-00:00:00,10,21,2001,00,11.015
10.21.2001-03:00:00,10,21,2001,03,11.012
10.21.2001-06:00:00,10,21,2001,06,11.009
10.21.2001-09:00:00,10,21,2001,09,11.006
10.21.2001-12:00:00,10,21,2001,12,11.003
10.21.2001-15:00:00,10,21,2001,15,11
10.21.2001-18:00:00,10,21,2001,18,10.996
10.21.2001-21:00:00,10,21,2001,21,10.993
10.22.2001-00:00:00,10,22,2001,00,10.99
10.22.2001-03:00:00,10,22,2001,03,10.987
10.22.2001-06:00:00,10,22,2001,06,10.984
10.22.2001-09:00:00,10,22,2001,09,10.981
10.22.2001-12:00:00,10,22,2001,12,11.046
10.22.2001-15:00:00,10,22,2001,15,11.138
10.22.2001-18:00:00,10,22,2001,18,11.194
10.22.2001-21:00:00,10,22,2001,21,11.226
10.23.2001-00:00:00,10,23,2001,00,11.201
10.23.2001-03:00:00,10,23,2001,03,11.207
10.23.2001-06:00:00,10,23,2001,06,11.217
10.23.2001-09:00:00,10,23,2001,09,11.243
10.23.2001-12:00:00,10,23,2001,12,11.387
10.23.2001-15:00:00,10,23,2001,15,11.569
10.23.2001-18:00:00,10,23,2001,18,11.684
10.23.2001-21:00:00,10,23,2001,21,11.732
10.24.2001-00:00:00,10,24,2001,00,11.737
10.24.2001-03:00:00,10,24,2001,03,11.751
10.24.2001-06:00:00,10,24,2001,06,11.763
10.24.2001-09:00:00,10,24,2001,09,11.761
10.24.2001-12:00:00,10,24,2001,12,11.791
10.24.2001-15:00:00,10,24,2001,15,11.84
10.24.2001-18:00:00,10,24,2001,18,11.854
10.24.2001-21:00:00,10,24,2001,21,11.866
10.25.2001-00:00:00,10,25,2001,00,11.926
10.25.2001-03:00:00,10,25,2001,03,12
10.25.2001-06:00:00,10,25,2001,06,12.041
10.25.2001-09:00:00,10,25,2001,09,12.099
10.25.2001-12:00:00,10,25,2001,12,12.292
10.25.2001-15:00:00,10,25,2001,15,12.53
10.25.2001-18:00:00,10,25,2001,18,12.701
10.25.2001-21:00:00,10,25,2001,21,12.832
10.26.2001-00:00:00,10,26,2001,00,12.891
10.26.2001-03:00:00,10,26,2001,03,12.936
10.26.2001-06:00:00,10,26,2001,06,12.962
10.26.2001-09:00:00,10,26,2001,09,12.977
10.26.2001-12:00:00,10,26,2001,12,13.069
10.26.2001-15:00:00,10,26,2001,15,15.067
10.26.2001-18:00:00,10,26,2001,18,17.204
10.26.2001-21:00:00,10,26,2001,21,15.252
10.27.2001-00:00:00,10,27,2001,00,15.194
10.27.2001-03:00:00,10,27,2001,03,14.246
10.27.2001-06:00:00,10,27,2001,06,14.727
10.27.2001-09:00:00,10,27,2001,09,13.399
10.27.2001-12:00:00,10,27,2001,12,14.901
10.27.2001-15:00:00,10,27,2001,15,13.805
10.27.2001-18:00:00,10,27,2001,18,13.184
10.27.2001-21:00:00,10,27,2001,21,13.105
10.28.2001-00:00:00,10,28,2001,00,13.095
10.28.2001-03:00:00,10,28,2001,03,13.097
10.28.2001-06:00:00,10,28,2001,06,13.105
10.28.2001-09:00:00,10,28,2001,09,13.094
10.28.2001-12:00:00,10,28,2001,12,13.074
10.28.2001-15:00:00,10,28,2001,15,13.073
10.28.2001-18:00:00,10,28,2001,18,13.067
10.28.2001-21:00:00,10,28,2001,21,13.06
10.29.2001-00:00:00,10,29,2001,00,13.055
10.29.2001-03:00:00,10,29,2001,03,13.06
10.29.2001-06:00:00,10,29,2001,06,13.07
10.29.2001-09:00:00,10,29,2001,09,13.068
10.29.2001-12:00:00,10,29,2001,12,13.049
10.29.2001-15:00:00,10,29,2001,15,13.038
10.29.2001-18:00:00,10,29,2001,18,13.03
10.29.2001-21:00:00,10,29,2001,21,13.03
10.30.2001-00:00:00,10,30,2001,00,13.037
10.30.2001-03:00:00,10,30,2001,03,13.05
10.30.2001-06:00:00,10,30,2001,06,13.061
10.30.2001-09:00:00,10,30,2001,09,13.132
10.30.2001-12:00:00,10,30,2001,12,15.451
10.30.2001-15:00:00,10,30,2001,15,14.598
10.30.2001-18:00:00,10,30,2001,18,14.506
10.30.2001-21:00:00,10,30,2001,21,14.587
10.31.2001-00:00:00,10,31,2001,00,15.416
10.31.2001-03:00:00,10,31,2001,03,15
10.31.2001-06:00:00,10,31,2001,06,15.429
10.31.2001-09:00:00,10,31,2001,09,23.13
10.31.2001-12:00:00,10,31,2001,12,51.435
10.31.2001-15:00:00,10,31,2001,15,63.002
10.31.2001-18:00:00,10,31,2001,18,52.506
10.31.2001-21:00:00,10,31,2001,21,33.776
11.01.2001-00:00:00,11,01,2001,00,22.383
11.01.2001-03:00:00,11,01,2001,03,17.48
11.01.2001-06:00:00,11,01,2001,06,16.312
11.01.2001-09:00:00,11,01,2001,09,14.165
11.01.2001-12:00:00,11,01,2001,12,24.756
11.01.2001-15:00:00,11,01,2001,15,37.997
11.01.2001-18:00:00,11,01,2001,18,31.991
11.01.2001-21:00:00,11,01,2001,21,20.13
11.02.2001-00:00:00,11,02,2001,00,17.558
11.02.2001-03:00:00,11,02,2001,03,16.134
11.02.2001-06:00:00,11,02,2001,06,16.009
11.02.2001-09:00:00,11,02,2001,09,13.69
11.02.2001-12:00:00,11,02,2001,12,36.779
11.02.2001-15:00:00,11,02,2001,15,27.724
11.02.2001-18:00:00,11,02,2001,18,16.377
11.02.2001-21:00:00,11,02,2001,21,15.716
11.03.2001-00:00:00,11,03,2001,00,15.896
11.03.2001-03:00:00,11,03,2001,03,15.709
11.03.2001-06:00:00,11,03,2001,06,15.855
11.03.2001-09:00:00,11,03,2001,09,14.063
11.03.2001-12:00:00,11,03,2001,12,14.201
11.03.2001-15:00:00,11,03,2001,15,13.19
11.03.2001-18:00:00,11,03,2001,18,12.982
11.03.2001-21:00:00,11,03,2001,21,12.977
11.04.2001-00:00:00,11,04,2001,00,12.985
11.04.2001-03:00:00,11,04,2001,03,14.595
11.04.2001-06:00:00,11,04,2001,06,15.558
11.04.2001-09:00:00,11,04,2001,09,13.705
11.04.2001-12:00:00,11,04,2001,12,19.835
11.04.2001-15:00:00,11,04,2001,15,14.778
11.04.2001-18:00:00,11,04,2001,18,13.096
11.04.2001-21:00:00,11,04,2001,21,12.976
11.05.2001-00:00:00,11,05,2001,00,13.806
11.05.2001-03:00:00,11,05,2001,03,15.061
11.05.2001-06:00:00,11,05,2001,06,15.17
11.05.2001-09:00:00,11,05,2001,09,15.689
11.05.2001-12:00:00,11,05,2001,12,13.396
11.05.2001-15:00:00,11,05,2001,15,12.941
11.05.2001-18:00:00,11,05,2001,18,12.929
11.05.2001-21:00:00,11,05,2001,21,12.925
11.06.2001-00:00:00,11,06,2001,00,12.926
11.06.2001-03:00:00,11,06,2001,03,12.944
11.06.2001-06:00:00,11,06,2001,06,14.337
11.06.2001-09:00:00,11,06,2001,09,15.281
11.06.2001-12:00:00,11,06,2001,12,13.329
11.06.2001-15:00:00,11,06,2001,15,12.946
11.06.2001-18:00:00,11,06,2001,18,13.051
11.06.2001-21:00:00,11,06,2001,21,13.853
11.07.2001-00:00:00,11,07,2001,00,14.063
11.07.2001-03:00:00,11,07,2001,03,14.5
11.07.2001-06:00:00,11,07,2001,06,14.73
11.07.2001-09:00:00,11,07,2001,09,15.132
11.07.2001-12:00:00,11,07,2001,12,13.275
11.07.2001-15:00:00,11,07,2001,15,12.911
11.07.2001-18:00:00,11,07,2001,18,12.9
11.07.2001-21:00:00,11,07,2001,21,12.899
11.08.2001-00:00:00,11,08,2001,00,12.907
11.08.2001-03:00:00,11,08,2001,03,13.123
11.08.2001-06:00:00,11,08,2001,06,14.693
11.08.2001-09:00:00,11,08,2001,09,13.552
11.08.2001-12:00:00,11,08,2001,12,13.88
11.08.2001-15:00:00,11,08,2001,15,13.054
11.08.2001-18:00:00,11,08,2001,18,12.878
11.08.2001-21:00:00,11,08,2001,21,12.871
11.09.2001-00:00:00,11,09,2001,00,12.871
11.09.2001-03:00:00,11,09,2001,03,12.88
11.09.2001-06:00:00,11,09,2001,06,12.895
11.09.2001-09:00:00,11,09,2001,09,12.894
11.09.2001-12:00:00,11,09,2001,12,12.871
11.09.2001-15:00:00,11,09,2001,15,12.859
11.09.2001-18:00:00,11,09,2001,18,12.854
11.09.2001-21:00:00,11,09,2001,21,12.85
11.10.2001-00:00:00,11,10,2001,00,12.846
11.10.2001-03:00:00,11,10,2001,03,12.848
11.10.2001-06:00:00,11,10,2001,06,12.858
11.10.2001-09:00:00,11,10,2001,09,12.858
11.10.2001-12:00:00,11,10,2001,12,12.839
11.10.2001-15:00:00,11,10,2001,15,12.829
11.10.2001-18:00:00,11,10,2001,18,12.825
11.10.2001-21:00:00,11,10,2001,21,12.821
11.11.2001-00:00:00,11,11,2001,00,12.817
11.11.2001-03:00:00,11,11,2001,03,12.824
11.11.2001-06:00:00,11,11,2001,06,12.836
11.11.2001-09:00:00,11,11,2001,09,12.836
11.11.2001-12:00:00,11,11,2001,12,12.818
11.11.2001-15:00:00,11,11,2001,15,12.808
11.11.2001-18:00:00,11,11,2001,18,12.804
11.11.2001-21:00:00,11,11,2001,21,12.8
11.12.2001-00:00:00,11,12,2001,00,12.797
11.12.2001-03:00:00,11,12,2001,03,12.804
11.12.2001-06:00:00,11,12,2001,06,12.815
11.12.2001-09:00:00,11,12,2001,09,12.823
11.12.2001-12:00:00,11,12,2001,12,15.771
11.12.2001-15:00:00,11,12,2001,15,16.251
11.12.2001-18:00:00,11,12,2001,18,14.735
11.12.2001-21:00:00,11,12,2001,21,14.46
11.13.2001-00:00:00,11,13,2001,00,14.589
11.13.2001-03:00:00,11,13,2001,03,15.038
11.13.2001-06:00:00,11,13,2001,06,14.515
11.13.2001-09:00:00,11,13,2001,09,14.738
11.13.2001-12:00:00,11,13,2001,12,19.77
11.13.2001-15:00:00,11,13,2001,15,29.999
11.13.2001-18:00:00,11,13,2001,18,26.102
11.13.2001-21:00:00,11,13,2001,21,20.282
11.14.2001-00:00:00,11,14,2001,00,30.457
11.14.2001-03:00:00,11,14,2001,03,59.018
11.14.2001-06:00:00,11,14,2001,06,73.901
11.14.2001-09:00:00,11,14,2001,09,84.864
11.14.2001-12:00:00,11,14,2001,12,96.755
11.14.2001-15:00:00,11,14,2001,15,96.44
11.14.2001-18:00:00,11,14,2001,18,95.255
11.14.2001-21:00:00,11,14,2001,21,95.205
11.15.2001-00:00:00,11,15,2001,00,80.025
11.15.2001-03:00:00,11,15,2001,03,46.967
11.15.2001-06:00:00,11,15,2001,06,30.306
11.15.2001-09:00:00,11,15,2001,09,24.393
11.15.2001-12:00:00,11,15,2001,12,25.665
11.15.2001-15:00:00,11,15,2001,15,24.653
11.15.2001-18:00:00,11,15,2001,18,20.033
11.15.2001-21:00:00,11,15,2001,21,21.491
11.16.2001-00:00:00,11,16,2001,00,21.37
11.16.2001-03:00:00,11,16,2001,03,21.427
11.16.2001-06:00:00,11,16,2001,06,21.183
11.16.2001-09:00:00,11,16,2001,09,20.327
11.16.2001-12:00:00,11,16,2001,12,18.182
11.16.2001-15:00:00,11,16,2001,15,19.073
11.16.2001-18:00:00,11,16,2001,18,18.771
11.16.2001-21:00:00,11,16,2001,21,19.484
11.17.2001-00:00:00,11,17,2001,00,20.224
11.17.2001-03:00:00,11,17,2001,03,20.24
11.17.2001-06:00:00,11,17,2001,06,19.947
11.17.2001-09:00:00,11,17,2001,09,19.764
11.17.2001-12:00:00,11,17,2001,12,17.192
11.17.2001-15:00:00,11,17,2001,15,16.705
11.17.2001-18:00:00,11,17,2001,18,16.701
11.17.2001-21:00:00,11,17,2001,21,16.685
11.18.2001-00:00:00,11,18,2001,00,16.691
11.18.2001-03:00:00,11,18,2001,03,17.957
11.18.2001-06:00:00,11,18,2001,06,19.205
11.18.2001-09:00:00,11,18,2001,09,19.34
11.18.2001-12:00:00,11,18,2001,12,17.13
11.18.2001-15:00:00,11,18,2001,15,16.705
11.18.2001-18:00:00,11,18,2001,18,16.696
11.18.2001-21:00:00,11,18,2001,21,17.745
11.19.2001-00:00:00,11,19,2001,00,18.983
11.19.2001-03:00:00,11,19,2001,03,19.296
11.19.2001-06:00:00,11,19,2001,06,19.428
11.19.2001-09:00:00,11,19,2001,09,19.45
11.19.2001-12:00:00,11,19,2001,12,22.732
11.19.2001-15:00:00,11,19,2001,15,22.138
11.19.2001-18:00:00,11,19,2001,18,20.64
11.19.2001-21:00:00,11,19,2001,21,20.297
11.20.2001-00:00:00,11,20,2001,00,20.101
11.20.2001-03:00:00,11,20,2001,03,21.064
11.20.2001-06:00:00,11,20,2001,06,21.225
11.20.2001-09:00:00,11,20,2001,09,21.321
11.20.2001-12:00:00,11,20,2001,12,28.334
11.20.2001-15:00:00,11,20,2001,15,47.185
11.20.2001-18:00:00,11,20,2001,18,50.196
11.20.2001-21:00:00,11,20,2001,21,45.933
11.21.2001-00:00:00,11,21,2001,00,46.475
11.21.2001-03:00:00,11,21,2001,03,52.243
11.21.2001-06:00:00,11,21,2001,06,39.547
11.21.2001-09:00:00,11,21,2001,09,43.282
11.21.2001-12:00:00,11,21,2001,12,44.757
11.21.2001-15:00:00,11,21,2001,15,59.399
11.21.2001-18:00:00,11,21,2001,18,49.623
11.21.2001-21:00:00,11,21,2001,21,48.845
11.22.2001-00:00:00,11,22,2001,00,47.771
11.22.2001-03:00:00,11,22,2001,03,60.173
11.22.2001-06:00:00,11,22,2001,06,52.095
11.22.2001-09:00:00,11,22,2001,09,61.883
11.22.2001-12:00:00,11,22,2001,12,74.348
11.22.2001-15:00:00,11,22,2001,15,94.172
11.22.2001-18:00:00,11,22,2001,18,88.409
11.22.2001-21:00:00,11,22,2001,21,91.541
11.23.2001-00:00:00,11,23,2001,00,75.07
11.23.2001-03:00:00,11,23,2001,03,64.777
11.23.2001-06:00:00,11,23,2001,06,47.067
11.23.2001-09:00:00,11,23,2001,09,44.332
11.23.2001-12:00:00,11,23,2001,12,27.792
11.23.2001-15:00:00,11,23,2001,15,27.12
11.23.2001-18:00:00,11,23,2001,18,31.617
11.23.2001-21:00:00,11,23,2001,21,28.154
11.24.2001-00:00:00,11,24,2001,00,27.407
11.24.2001-03:00:00,11,24,2001,03,27.591
11.24.2001-06:00:00,11,24,2001,06,27.652
11.24.2001-09:00:00,11,24,2001,09,27.586
11.24.2001-12:00:00,11,24,2001,12,25.566
11.24.2001-15:00:00,11,24,2001,15,26.473
11.24.2001-18:00:00,11,24,2001,18,27.656
11.24.2001-21:00:00,11,24,2001,21,31.747
11.25.2001-00:00:00,11,25,2001,00,28.296
11.25.2001-03:00:00,11,25,2001,03,27.61
11.25.2001-06:00:00,11,25,2001,06,27.632
11.25.2001-09:00:00,11,25,2001,09,27.573
11.25.2001-12:00:00,11,25,2001,12,26.795
11.25.2001-15:00:00,11,25,2001,15,27.302
11.25.2001-18:00:00,11,25,2001,18,31.954
11.25.2001-21:00:00,11,25,2001,21,28.362
11.26.2001-00:00:00,11,26,2001,00,27.609
11.26.2001-03:00:00,11,26,2001,03,27.697
11.26.2001-06:00:00,11,26,2001,06,27.829
11.26.2001-09:00:00,11,26,2001,09,27.768
11.26.2001-12:00:00,11,26,2001,12,26.659
11.26.2001-15:00:00,11,26,2001,15,27.635
11.26.2001-18:00:00,11,26,2001,18,31.961
11.26.2001-21:00:00,11,26,2001,21,28.446
11.27.2001-00:00:00,11,27,2001,00,27.747
11.27.2001-03:00:00,11,27,2001,03,28.041
11.27.2001-06:00:00,11,27,2001,06,27.83
11.27.2001-09:00:00,11,27,2001,09,27.744
11.27.2001-12:00:00,11,27,2001,12,27.67
11.27.2001-15:00:00,11,27,2001,15,31.849
11.27.2001-18:00:00,11,27,2001,18,28.339
11.27.2001-21:00:00,11,27,2001,21,27.566
11.28.2001-00:00:00,11,28,2001,00,27.699
11.28.2001-03:00:00,11,28,2001,03,27.728
11.28.2001-06:00:00,11,28,2001,06,27.731
11.28.2001-09:00:00,11,28,2001,09,27.732
11.28.2001-12:00:00,11,28,2001,12,28.324
11.28.2001-15:00:00,11,28,2001,15,33.314
11.28.2001-18:00:00,11,28,2001,18,28.703
11.28.2001-21:00:00,11,28,2001,21,27.678
11.29.2001-00:00:00,11,29,2001,00,27.665
11.29.2001-03:00:00,11,29,2001,03,27.665
11.29.2001-06:00:00,11,29,2001,06,27.666
11.29.2001-09:00:00,11,29,2001,09,27.576
11.29.2001-12:00:00,11,29,2001,12,26.456
11.29.2001-15:00:00,11,29,2001,15,26.888
11.29.2001-18:00:00,11,29,2001,18,27.413
11.29.2001-21:00:00,11,29,2001,21,31.591
11.30.2001-00:00:00,11,30,2001,00,28.284
11.30.2001-03:00:00,11,30,2001,03,27.56
11.30.2001-06:00:00,11,30,2001,06,27.554
11.30.2001-09:00:00,11,30,2001,09,27.555
11.30.2001-12:00:00,11,30,2001,12,27.555
11.30.2001-15:00:00,11,30,2001,15,27.554
11.30.2001-18:00:00,11,30,2001,18,27.553
11.30.2001-21:00:00,11,30,2001,21,27.958
12.01.2001-00:00:00,12,01,2001,00,31.852
12.01.2001-03:00:00,12,01,2001,03,28.283
12.01.2001-06:00:00,12,01,2001,06,27.491
12.01.2001-09:00:00,12,01,2001,09,27.475
12.01.2001-12:00:00,12,01,2001,12,27.383
12.01.2001-15:00:00,12,01,2001,15,26.968
12.01.2001-18:00:00,12,01,2001,18,27.09
12.01.2001-21:00:00,12,01,2001,21,27.377
12.02.2001-00:00:00,12,02,2001,00,27.388
12.02.2001-03:00:00,12,02,2001,03,27.611
12.02.2001-06:00:00,12,02,2001,06,31.677
12.02.2001-09:00:00,12,02,2001,09,28.174
12.02.2001-12:00:00,12,02,2001,12,27.387
12.02.2001-15:00:00,12,02,2001,15,27.371
12.02.2001-18:00:00,12,02,2001,18,27.369
12.02.2001-21:00:00,12,02,2001,21,27.366
12.03.2001-00:00:00,12,03,2001,00,27.364
12.03.2001-03:00:00,12,03,2001,03,27.36
12.03.2001-06:00:00,12,03,2001,06,27.407
12.03.2001-09:00:00,12,03,2001,09,31.483
12.03.2001-12:00:00,12,03,2001,12,28.075
12.03.2001-15:00:00,12,03,2001,15,27.297
12.03.2001-18:00:00,12,03,2001,18,27.288
12.03.2001-21:00:00,12,03,2001,21,27.275
12.04.2001-00:00:00,12,04,2001,00,27.283
12.04.2001-03:00:00,12,04,2001,03,27.267
12.04.2001-06:00:00,12,04,2001,06,27.277
12.04.2001-09:00:00,12,04,2001,09,27.259
12.04.2001-12:00:00,12,04,2001,12,27.545
12.04.2001-15:00:00,12,04,2001,15,31.388
12.04.2001-18:00:00,12,04,2001,18,27.977
12.04.2001-21:00:00,12,04,2001,21,27.189
12.05.2001-00:00:00,12,05,2001,00,27.196
12.05.2001-03:00:00,12,05,2001,03,27.164
12.05.2001-06:00:00,12,05,2001,06,27.195
12.05.2001-09:00:00,12,05,2001,09,27.149
12.05.2001-12:00:00,12,05,2001,12,27.194
12.05.2001-15:00:00,12,05,2001,15,27.133
12.05.2001-18:00:00,12,05,2001,18,27.193
12.05.2001-21:00:00,12,05,2001,21,27.445
12.06.2001-00:00:00,12,06,2001,00,31.359
12.06.2001-03:00:00,12,06,2001,03,27.815
12.06.2001-06:00:00,12,06,2001,06,27.135
12.06.2001-09:00:00,12,06,2001,09,27.016
12.06.2001-12:00:00,12,06,2001,12,27.119
12.06.2001-15:00:00,12,06,2001,15,27.004
12.06.2001-18:00:00,12,06,2001,18,27.088
12.06.2001-21:00:00,12,06,2001,21,27.028
12.07.2001-00:00:00,12,07,2001,00,27.082
12.07.2001-03:00:00,12,07,2001,03,26.972
12.07.2001-06:00:00,12,07,2001,06,27.112
12.07.2001-09:00:00,12,07,2001,09,27.223
12.07.2001-12:00:00,12,07,2001,12,31.183
12.07.2001-15:00:00,12,07,2001,15,27.654
12.07.2001-18:00:00,12,07,2001,18,27.018
12.07.2001-21:00:00,12,07,2001,21,26.869
12.08.2001-00:00:00,12,08,2001,00,27.036
12.08.2001-03:00:00,12,08,2001,03,26.861
12.08.2001-06:00:00,12,08,2001,06,26.999
12.08.2001-09:00:00,12,08,2001,09,26.84
12.08.2001-12:00:00,12,08,2001,12,26.996
12.08.2001-15:00:00,12,08,2001,15,26.827
12.08.2001-18:00:00,12,08,2001,18,26.992
12.08.2001-21:00:00,12,08,2001,21,26.811
12.09.2001-00:00:00,12,09,2001,00,27.089
12.09.2001-03:00:00,12,09,2001,03,30.785
12.09.2001-06:00:00,12,09,2001,06,27.569
12.09.2001-09:00:00,12,09,2001,09,26.913
12.09.2001-12:00:00,12,09,2001,12,26.753
12.09.2001-15:00:00,12,09,2001,15,26.79
12.09.2001-18:00:00,12,09,2001,18,26.892
12.09.2001-21:00:00,12,09,2001,21,26.747
12.10.2001-00:00:00,12,10,2001,00,26.758
12.10.2001-03:00:00,12,10,2001,03,26.882
12.10.2001-06:00:00,12,10,2001,06,26.741
12.10.2001-09:00:00,12,10,2001,09,26.737
12.10.2001-12:00:00,12,10,2001,12,26.738
12.10.2001-15:00:00,12,10,2001,15,26.872
12.10.2001-18:00:00,12,10,2001,18,26.739
12.10.2001-21:00:00,12,10,2001,21,26.734
12.11.2001-00:00:00,12,11,2001,00,26.936
12.11.2001-03:00:00,12,11,2001,03,30.639
12.11.2001-06:00:00,12,11,2001,06,27.394
12.11.2001-09:00:00,12,11,2001,09,26.806
12.11.2001-12:00:00,12,11,2001,12,26.666
12.11.2001-15:00:00,12,11,2001,15,26.662
12.11.2001-18:00:00,12,11,2001,18,26.637
12.11.2001-21:00:00,12,11,2001,21,26.63
12.12.2001-00:00:00,12,12,2001,00,26.628
12.12.2001-03:00:00,12,12,2001,03,26.626
12.12.2001-06:00:00,12,12,2001,06,26.624
12.12.2001-09:00:00,12,12,2001,09,26.621
12.12.2001-12:00:00,12,12,2001,12,26.62
12.12.2001-15:00:00,12,12,2001,15,26.616
12.12.2001-18:00:00,12,12,2001,18,26.614
12.12.2001-21:00:00,12,12,2001,21,26.611
12.13.2001-00:00:00,12,13,2001,00,26.607
12.13.2001-03:00:00,12,13,2001,03,26.604
12.13.2001-06:00:00,12,13,2001,06,26.601
12.13.2001-09:00:00,12,13,2001,09,26.597
12.13.2001-12:00:00,12,13,2001,12,26.593
12.13.2001-15:00:00,12,13,2001,15,26.634
12.13.2001-18:00:00,12,13,2001,18,30.467
12.13.2001-21:00:00,12,13,2001,21,27.26
12.14.2001-00:00:00,12,14,2001,00,26.536
12.14.2001-03:00:00,12,14,2001,03,26.52
12.14.2001-06:00:00,12,14,2001,06,26.519
12.14.2001-09:00:00,12,14,2001,09,26.509
12.14.2001-12:00:00,12,14,2001,12,26.428
12.14.2001-15:00:00,12,14,2001,15,25.923
12.14.2001-18:00:00,12,14,2001,18,26.368
12.14.2001-21:00:00,12,14,2001,21,26.463
12.15.2001-00:00:00,12,15,2001,00,26.462
12.15.2001-03:00:00,12,15,2001,03,26.459
12.15.2001-06:00:00,12,15,2001,06,26.457
12.15.2001-09:00:00,12,15,2001,09,26.454
12.15.2001-12:00:00,12,15,2001,12,26.451
12.15.2001-15:00:00,12,15,2001,15,26.448
12.15.2001-18:00:00,12,15,2001,18,26.445
12.15.2001-21:00:00,12,15,2001,21,26.441
12.16.2001-00:00:00,12,16,2001,00,26.438
12.16.2001-03:00:00,12,16,2001,03,26.434
12.16.2001-06:00:00,12,16,2001,06,26.431
12.16.2001-09:00:00,12,16,2001,09,26.426
12.16.2001-12:00:00,12,16,2001,12,26.377
12.16.2001-15:00:00,12,16,2001,15,26.135
12.16.2001-18:00:00,12,16,2001,18,26.352
12.16.2001-21:00:00,12,16,2001,21,26.394
12.17.2001-00:00:00,12,17,2001,00,26.391
12.17.2001-03:00:00,12,17,2001,03,26.386
12.17.2001-06:00:00,12,17,2001,06,26.382
12.17.2001-09:00:00,12,17,2001,09,26.377
12.17.2001-12:00:00,12,17,2001,12,26.326
12.17.2001-15:00:00,12,17,2001,15,25.717
12.17.2001-18:00:00,12,17,2001,18,26.216
12.17.2001-21:00:00,12,17,2001,21,26.323
12.18.2001-00:00:00,12,18,2001,00,26.319
12.18.2001-03:00:00,12,18,2001,03,26.313
12.18.2001-06:00:00,12,18,2001,06,26.308
12.18.2001-09:00:00,12,18,2001,09,26.302
12.18.2001-12:00:00,12,18,2001,12,26.297
12.18.2001-15:00:00,12,18,2001,15,26.29
12.18.2001-18:00:00,12,18,2001,18,26.285
12.18.2001-21:00:00,12,18,2001,21,26.278
12.19.2001-00:00:00,12,19,2001,00,26.272
12.19.2001-03:00:00,12,19,2001,03,26.266
12.19.2001-06:00:00,12,19,2001,06,26.26
12.19.2001-09:00:00,12,19,2001,09,26.254
12.19.2001-12:00:00,12,19,2001,12,26.246
12.19.2001-15:00:00,12,19,2001,15,26.243
12.19.2001-18:00:00,12,19,2001,18,26.23
12.19.2001-21:00:00,12,19,2001,21,26.232
12.20.2001-00:00:00,12,20,2001,00,26.214
12.20.2001-03:00:00,12,20,2001,03,26.22
12.20.2001-06:00:00,12,20,2001,06,26.196
12.20.2001-09:00:00,12,20,2001,09,26.208
12.20.2001-12:00:00,12,20,2001,12,26.179
12.20.2001-15:00:00,12,20,2001,15,26.196
12.20.2001-18:00:00,12,20,2001,18,26.162
12.20.2001-21:00:00,12,20,2001,21,26.183
12.21.2001-00:00:00,12,21,2001,00,26.144
12.21.2001-03:00:00,12,21,2001,03,26.171
12.21.2001-06:00:00,12,21,2001,06,26.125
12.21.2001-09:00:00,12,21,2001,09,26.157
12.21.2001-12:00:00,12,21,2001,12,26.106
12.21.2001-15:00:00,12,21,2001,15,26.144
12.21.2001-18:00:00,12,21,2001,18,26.088
12.21.2001-21:00:00,12,21,2001,21,26.13
12.22.2001-00:00:00,12,22,2001,00,26.068
12.22.2001-03:00:00,12,22,2001,03,26.116
12.22.2001-06:00:00,12,22,2001,06,26.048
12.22.2001-09:00:00,12,22,2001,09,26.102
12.22.2001-12:00:00,12,22,2001,12,26.027
12.22.2001-15:00:00,12,22,2001,15,26.087
12.22.2001-18:00:00,12,22,2001,18,26.006
12.22.2001-21:00:00,12,22,2001,21,26.072
12.23.2001-00:00:00,12,23,2001,00,25.986
12.23.2001-03:00:00,12,23,2001,03,26.057
12.23.2001-06:00:00,12,23,2001,06,25.964
12.23.2001-09:00:00,12,23,2001,09,26.041
12.23.2001-12:00:00,12,23,2001,12,25.942
12.23.2001-15:00:00,12,23,2001,15,26.025
12.23.2001-18:00:00,12,23,2001,18,25.92
12.23.2001-21:00:00,12,23,2001,21,26.009
12.24.2001-00:00:00,12,24,2001,00,25.897
12.24.2001-03:00:00,12,24,2001,03,25.993
12.24.2001-06:00:00,12,24,2001,06,25.875
12.24.2001-09:00:00,12,24,2001,09,25.976
12.24.2001-12:00:00,12,24,2001,12,25.851
12.24.2001-15:00:00,12,24,2001,15,25.959
12.24.2001-18:00:00,12,24,2001,18,25.828
12.24.2001-21:00:00,12,24,2001,21,25.942
12.25.2001-00:00:00,12,25,2001,00,25.804
12.25.2001-03:00:00,12,25,2001,03,25.925
12.25.2001-06:00:00,12,25,2001,06,25.78
12.25.2001-09:00:00,12,25,2001,09,25.907
12.25.2001-12:00:00,12,25,2001,12,25.756
12.25.2001-15:00:00,12,25,2001,15,25.89
12.25.2001-18:00:00,12,25,2001,18,25.731
12.25.2001-21:00:00,12,25,2001,21,25.872
12.26.2001-00:00:00,12,26,2001,00,25.707
12.26.2001-03:00:00,12,26,2001,03,25.854
12.26.2001-06:00:00,12,26,2001,06,25.682
12.26.2001-09:00:00,12,26,2001,09,25.836
12.26.2001-12:00:00,12,26,2001,12,25.657
12.26.2001-15:00:00,12,26,2001,15,25.817
12.26.2001-18:00:00,12,26,2001,18,25.631
12.26.2001-21:00:00,12,26,2001,21,25.798
12.27.2001-00:00:00,12,27,2001,00,25.605
12.27.2001-03:00:00,12,27,2001,03,25.779
12.27.2001-06:00:00,12,27,2001,06,25.58
12.27.2001-09:00:00,12,27,2001,09,25.761
12.27.2001-12:00:00,12,27,2001,12,25.554
12.27.2001-15:00:00,12,27,2001,15,25.743
12.27.2001-18:00:00,12,27,2001,18,25.529
12.27.2001-21:00:00,12,27,2001,21,25.725
12.28.2001-00:00:00,12,28,2001,00,25.503
12.28.2001-03:00:00,12,28,2001,03,25.706
12.28.2001-06:00:00,12,28,2001,06,25.477
12.28.2001-09:00:00,12,28,2001,09,25.687
12.28.2001-12:00:00,12,28,2001,12,25.451
12.28.2001-15:00:00,12,28,2001,15,25.669
12.28.2001-18:00:00,12,28,2001,18,25.426
12.28.2001-21:00:00,12,28,2001,21,25.651
12.29.2001-00:00:00,12,29,2001,00,25.401
12.29.2001-03:00:00,12,29,2001,03,25.633
12.29.2001-06:00:00,12,29,2001,06,25.375
12.29.2001-09:00:00,12,29,2001,09,25.615
12.29.2001-12:00:00,12,29,2001,12,25.349
12.29.2001-15:00:00,12,29,2001,15,25.596
12.29.2001-18:00:00,12,29,2001,18,25.324
12.29.2001-21:00:00,12,29,2001,21,25.579
12.30.2001-00:00:00,12,30,2001,00,25.299
12.30.2001-03:00:00,12,30,2001,03,25.563
12.30.2001-06:00:00,12,30,2001,06,25.277
12.30.2001-09:00:00,12,30,2001,09,25.548
12.30.2001-12:00:00,12,30,2001,12,25.237
12.30.2001-15:00:00,12,30,2001,15,25.53
12.30.2001-18:00:00,12,30,2001,18,25.232
12.30.2001-21:00:00,12,30,2001,21,25.518
12.31.2001-00:00:00,12,31,2001,00,25.21
12.31.2001-03:00:00,12,31,2001,03,25.503
12.31.2001-06:00:00,12,31,2001,06,25.187
12.31.2001-09:00:00,12,31,2001,09,25.479
12.31.2001-12:00:00,12,31,2001,12,24.772
12.31.2001-15:00:00,12,31,2001,15,25.066
12.31.2001-18:00:00,12,31,2001,18,25.456
12.31.2001-21:00:00,12,31,2001,21,25.101
01.01.2002-00:00:00,01,01,2002,00,25.426
01.01.2002-03:00:00,01,01,2002,03,25.076
01.01.2002-06:00:00,01,01,2002,06,25.409
01.01.2002-09:00:00,01,01,2002,09,25.044
01.01.2002-12:00:00,01,01,2002,12,25.39
01.01.2002-15:00:00,01,01,2002,15,25.016
01.01.2002-18:00:00,01,01,2002,18,25.373
01.01.2002-21:00:00,01,01,2002,21,25.003
01.02.2002-00:00:00,01,02,2002,00,25.359
01.02.2002-03:00:00,01,02,2002,03,24.979
01.02.2002-06:00:00,01,02,2002,06,25.343
01.02.2002-09:00:00,01,02,2002,09,24.861
01.02.2002-12:00:00,01,02,2002,12,25.303
01.02.2002-15:00:00,01,02,2002,15,24.813
01.02.2002-18:00:00,01,02,2002,18,25.282
01.02.2002-21:00:00,01,02,2002,21,24.896
01.03.2002-00:00:00,01,03,2002,00,25.285
01.03.2002-03:00:00,01,03,2002,03,24.872
01.03.2002-06:00:00,01,03,2002,06,25.268
01.03.2002-09:00:00,01,03,2002,09,24.847
01.03.2002-12:00:00,01,03,2002,12,25.241
01.03.2002-15:00:00,01,03,2002,15,24.578
01.03.2002-18:00:00,01,03,2002,18,24.889
01.03.2002-21:00:00,01,03,2002,21,25.253
01.04.2002-00:00:00,01,04,2002,00,24.771
01.04.2002-03:00:00,01,04,2002,03,25.194
01.04.2002-06:00:00,01,04,2002,06,24.744
01.04.2002-09:00:00,01,04,2002,09,25.176
01.04.2002-12:00:00,01,04,2002,12,24.718
01.04.2002-15:00:00,01,04,2002,15,25.158
01.04.2002-18:00:00,01,04,2002,18,24.693
01.04.2002-21:00:00,01,04,2002,21,25.14
01.05.2002-00:00:00,01,05,2002,00,24.667
01.05.2002-03:00:00,01,05,2002,03,25.123
01.05.2002-06:00:00,01,05,2002,06,24.642
01.05.2002-09:00:00,01,05,2002,09,25.105
01.05.2002-12:00:00,01,05,2002,12,24.615
01.05.2002-15:00:00,01,05,2002,15,25.087
01.05.2002-18:00:00,01,05,2002,18,24.59
01.05.2002-21:00:00,01,05,2002,21,25.069
01.06.2002-00:00:00,01,06,2002,00,24.564
01.06.2002-03:00:00,01,06,2002,03,25.05
01.06.2002-06:00:00,01,06,2002,06,24.537
01.06.2002-09:00:00,01,06,2002,09,25.031
01.06.2002-12:00:00,01,06,2002,12,24.511
01.06.2002-15:00:00,01,06,2002,15,25.013
01.06.2002-18:00:00,01,06,2002,18,24.484
01.06.2002-21:00:00,01,06,2002,21,24.994
01.07.2002-00:00:00,01,07,2002,00,24.458
01.07.2002-03:00:00,01,07,2002,03,24.975
01.07.2002-06:00:00,01,07,2002,06,24.431
01.07.2002-09:00:00,01,07,2002,09,24.956
01.07.2002-12:00:00,01,07,2002,12,24.4
01.07.2002-15:00:00,01,07,2002,15,24.936
01.07.2002-18:00:00,01,07,2002,18,24.377
01.07.2002-21:00:00,01,07,2002,21,24.918
01.08.2002-00:00:00,01,08,2002,00,24.35
01.08.2002-03:00:00,01,08,2002,03,24.898
01.08.2002-06:00:00,01,08,2002,06,24.322
01.08.2002-09:00:00,01,08,2002,09,24.866
01.08.2002-12:00:00,01,08,2002,12,24.247
01.08.2002-15:00:00,01,08,2002,15,24.102
01.08.2002-18:00:00,01,08,2002,18,24.121
01.08.2002-21:00:00,01,08,2002,21,24.809
01.09.2002-00:00:00,01,09,2002,00,24.21
01.09.2002-03:00:00,01,09,2002,03,24.406
01.09.2002-06:00:00,01,09,2002,06,24.839
01.09.2002-09:00:00,01,09,2002,09,24.184
01.09.2002-12:00:00,01,09,2002,12,24.033
01.09.2002-15:00:00,01,09,2002,15,24.281
01.09.2002-18:00:00,01,09,2002,18,24.774
01.09.2002-21:00:00,01,09,2002,21,24.134
01.10.2002-00:00:00,01,10,2002,00,24.265
01.10.2002-03:00:00,01,10,2002,03,24.746
01.10.2002-06:00:00,01,10,2002,06,24.108
01.10.2002-09:00:00,01,10,2002,09,24.214
01.10.2002-12:00:00,01,10,2002,12,24.706
01.10.2002-15:00:00,01,10,2002,15,24.07
01.10.2002-18:00:00,01,10,2002,18,23.933
01.10.2002-21:00:00,01,10,2002,21,24.199
01.11.2002-00:00:00,01,11,2002,00,24.674
01.11.2002-03:00:00,01,11,2002,03,24.037
01.11.2002-06:00:00,01,11,2002,06,24.082
01.11.2002-09:00:00,01,11,2002,09,24.629
01.11.2002-12:00:00,01,11,2002,12,24.01
01.11.2002-15:00:00,01,11,2002,15,23.975
01.11.2002-18:00:00,01,11,2002,18,24.586
01.11.2002-21:00:00,01,11,2002,21,23.984
01.12.2002-00:00:00,01,12,2002,00,23.979
01.12.2002-03:00:00,01,12,2002,03,24.564
01.12.2002-06:00:00,01,12,2002,06,23.959
01.12.2002-09:00:00,01,12,2002,09,23.809
01.12.2002-12:00:00,01,12,2002,12,23.782
01.12.2002-15:00:00,01,12,2002,15,23.768
01.12.2002-18:00:00,01,12,2002,18,23.759
01.12.2002-21:00:00,01,12,2002,21,23.95
01.13.2002-00:00:00,01,13,2002,00,24.474
01.13.2002-03:00:00,01,13,2002,03,23.859
01.13.2002-06:00:00,01,13,2002,06,23.756
01.13.2002-09:00:00,01,13,2002,09,24.384
01.13.2002-12:00:00,01,13,2002,12,23.76
01.13.2002-15:00:00,01,13,2002,15,23.604
01.13.2002-18:00:00,01,13,2002,18,23.584
01.13.2002-21:00:00,01,13,2002,21,23.573
01.14.2002-00:00:00,01,14,2002,00,23.567
01.14.2002-03:00:00,01,14,2002,03,23.56
01.14.2002-06:00:00,01,14,2002,06,23.554
01.14.2002-09:00:00,01,14,2002,09,23.547
01.14.2002-12:00:00,01,14,2002,12,23.523
01.14.2002-15:00:00,01,14,2002,15,23.511
01.14.2002-18:00:00,01,14,2002,18,23.503
01.14.2002-21:00:00,01,14,2002,21,23.496
01.15.2002-00:00:00,01,15,2002,00,23.49
01.15.2002-03:00:00,01,15,2002,03,23.484
01.15.2002-06:00:00,01,15,2002,06,23.617
01.15.2002-09:00:00,01,15,2002,09,24.177
01.15.2002-12:00:00,01,15,2002,12,23.586
01.15.2002-15:00:00,01,15,2002,15,23.453
01.15.2002-18:00:00,01,15,2002,18,23.446
01.15.2002-21:00:00,01,15,2002,21,23.595
01.16.2002-00:00:00,01,16,2002,00,24.139
01.16.2002-03:00:00,01,16,2002,03,23.546
01.16.2002-06:00:00,01,16,2002,06,23.414
01.16.2002-09:00:00,01,16,2002,09,23.406
01.16.2002-12:00:00,01,16,2002,12,23.493
01.16.2002-15:00:00,01,16,2002,15,24.085
01.16.2002-18:00:00,01,16,2002,18,23.507
01.16.2002-21:00:00,01,16,2002,21,23.375
01.17.2002-00:00:00,01,17,2002,00,23.367
01.17.2002-03:00:00,01,17,2002,03,23.39
01.17.2002-06:00:00,01,17,2002,06,24.031
01.17.2002-09:00:00,01,17,2002,09,23.466
01.17.2002-12:00:00,01,17,2002,12,23.336
01.17.2002-15:00:00,01,17,2002,15,23.327
01.17.2002-18:00:00,01,17,2002,18,23.322
01.17.2002-21:00:00,01,17,2002,21,23.399
01.18.2002-00:00:00,01,18,2002,00,23.992
01.18.2002-03:00:00,01,18,2002,03,23.419
01.18.2002-06:00:00,01,18,2002,06,23.289
01.18.2002-09:00:00,01,18,2002,09,23.28
01.18.2002-12:00:00,01,18,2002,12,23.274
01.18.2002-15:00:00,01,18,2002,15,23.268
01.18.2002-18:00:00,01,18,2002,18,23.354
01.18.2002-21:00:00,01,18,2002,21,23.934
01.19.2002-00:00:00,01,19,2002,00,23.364
01.19.2002-03:00:00,01,19,2002,03,23.234
01.19.2002-06:00:00,01,19,2002,06,23.225
01.19.2002-09:00:00,01,19,2002,09,23.219
01.19.2002-12:00:00,01,19,2002,12,23.194
01.19.2002-15:00:00,01,19,2002,15,23.18
01.19.2002-18:00:00,01,19,2002,18,23.17
01.19.2002-21:00:00,01,19,2002,21,23.162
01.20.2002-00:00:00,01,20,2002,00,23.155
01.20.2002-03:00:00,01,20,2002,03,23.147
01.20.2002-06:00:00,01,20,2002,06,23.14
01.20.2002-09:00:00,01,20,2002,09,23.132
01.20.2002-12:00:00,01,20,2002,12,23.113
01.20.2002-15:00:00,01,20,2002,15,23.102
01.20.2002-18:00:00,01,20,2002,18,23.094
01.20.2002-21:00:00,01,20,2002,21,23.086
01.21.2002-00:00:00,01,21,2002,00,23.079
01.21.2002-03:00:00,01,21,2002,03,23.071
01.21.2002-06:00:00,01,21,2002,06,23.064
01.21.2002-09:00:00,01,21,2002,09,23.057
01.21.2002-12:00:00,01,21,2002,12,23.027
01.21.2002-15:00:00,01,21,2002,15,23.011
01.21.2002-18:00:00,01,21,2002,18,23.001
01.21.2002-21:00:00,01,21,2002,21,22.992
01.22.2002-00:00:00,01,22,2002,00,22.984
01.22.2002-03:00:00,01,22,2002,03,22.976
01.22.2002-06:00:00,01,22,2002,06,22.969
01.22.2002-09:00:00,01,22,2002,09,22.961
01.22.2002-12:00:00,01,22,2002,12,22.954
01.22.2002-15:00:00,01,22,2002,15,22.946
01.22.2002-18:00:00,01,22,2002,18,22.939
01.22.2002-21:00:00,01,22,2002,21,22.932
01.23.2002-00:00:00,01,23,2002,00,22.925
01.23.2002-03:00:00,01,23,2002,03,22.918
01.23.2002-06:00:00,01,23,2002,06,22.911
01.23.2002-09:00:00,01,23,2002,09,22.903
01.23.2002-12:00:00,01,23,2002,12,22.896
01.23.2002-15:00:00,01,23,2002,15,22.888
01.23.2002-18:00:00,01,23,2002,18,22.881
01.23.2002-21:00:00,01,23,2002,21,22.873
01.24.2002-00:00:00,01,24,2002,00,22.866
01.24.2002-03:00:00,01,24,2002,03,22.858
01.24.2002-06:00:00,01,24,2002,06,22.851
01.24.2002-09:00:00,01,24,2002,09,22.843
01.24.2002-12:00:00,01,24,2002,12,22.819
01.24.2002-15:00:00,01,24,2002,15,22.805
01.24.2002-18:00:00,01,24,2002,18,22.794
01.24.2002-21:00:00,01,24,2002,21,22.785
01.25.2002-00:00:00,01,25,2002,00,22.777
01.25.2002-03:00:00,01,25,2002,03,22.768
01.25.2002-06:00:00,01,25,2002,06,22.761
01.25.2002-09:00:00,01,25,2002,09,22.72
01.25.2002-12:00:00,01,25,2002,12,22.668
01.25.2002-15:00:00,01,25,2002,15,22.637
01.25.2002-18:00:00,01,25,2002,18,22.617
01.25.2002-21:00:00,01,25,2002,21,22.602
01.26.2002-00:00:00,01,26,2002,00,22.591
01.26.2002-03:00:00,01,26,2002,03,22.582
01.26.2002-06:00:00,01,26,2002,06,22.574
01.26.2002-09:00:00,01,26,2002,09,22.564
01.26.2002-12:00:00,01,26,2002,12,22.53
01.26.2002-15:00:00,01,26,2002,15,22.511
01.26.2002-18:00:00,01,26,2002,18,22.498
01.26.2002-21:00:00,01,26,2002,21,22.488
01.27.2002-00:00:00,01,27,2002,00,22.48
01.27.2002-03:00:00,01,27,2002,03,22.472
01.27.2002-06:00:00,01,27,2002,06,22.464
01.27.2002-09:00:00,01,27,2002,09,22.456
01.27.2002-12:00:00,01,27,2002,12,22.448
01.27.2002-15:00:00,01,27,2002,15,22.441
01.27.2002-18:00:00,01,27,2002,18,22.434
01.27.2002-21:00:00,01,27,2002,21,22.426
01.28.2002-00:00:00,01,28,2002,00,22.419
01.28.2002-03:00:00,01,28,2002,03,22.412
01.28.2002-06:00:00,01,28,2002,06,22.405
01.28.2002-09:00:00,01,28,2002,09,22.397
01.28.2002-12:00:00,01,28,2002,12,22.39
01.28.2002-15:00:00,01,28,2002,15,22.382
01.28.2002-18:00:00,01,28,2002,18,22.375
01.28.2002-21:00:00,01,28,2002,21,22.367
01.29.2002-00:00:00,01,29,2002,00,22.36
01.29.2002-03:00:00,01,29,2002,03,22.352
01.29.2002-06:00:00,01,29,2002,06,22.345
01.29.2002-09:00:00,01,29,2002,09,22.337
01.29.2002-12:00:00,01,29,2002,12,22.329
01.29.2002-15:00:00,01,29,2002,15,22.321
01.29.2002-18:00:00,01,29,2002,18,22.314
01.29.2002-21:00:00,01,29,2002,21,22.306
01.30.2002-00:00:00,01,30,2002,00,22.301
01.30.2002-03:00:00,01,30,2002,03,22.294
01.30.2002-06:00:00,01,30,2002,06,22.288
01.30.2002-09:00:00,01,30,2002,09,22.282
01.30.2002-12:00:00,01,30,2002,12,22.276
01.30.2002-15:00:00,01,30,2002,15,22.27
01.30.2002-18:00:00,01,30,2002,18,22.264
01.30.2002-21:00:00,01,30,2002,21,22.257
01.31.2002-00:00:00,01,31,2002,00,22.252
01.31.2002-03:00:00,01,31,2002,03,22.245
01.31.2002-06:00:00,01,31,2002,06,22.24
01.31.2002-09:00:00,01,31,2002,09,22.232
01.31.2002-12:00:00,01,31,2002,12,22.227
01.31.2002-15:00:00,01,31,2002,15,22.22
01.31.2002-18:00:00,01,31,2002,18,22.214
01.31.2002-21:00:00,01,31,2002,21,22.208
02.01.2002-00:00:00,02,01,2002,00,22.201
02.01.2002-03:00:00,02,01,2002,03,22.195
02.01.2002-06:00:00,02,01,2002,06,22.189
02.01.2002-09:00:00,02,01,2002,09,22.182
02.01.2002-12:00:00,02,01,2002,12,22.176
02.01.2002-15:00:00,02,01,2002,15,22.169
02.01.2002-18:00:00,02,01,2002,18,22.163
02.01.2002-21:00:00,02,01,2002,21,22.156
02.02.2002-00:00:00,02,02,2002,00,22.15
02.02.2002-03:00:00,02,02,2002,03,22.143
02.02.2002-06:00:00,02,02,2002,06,22.137
02.02.2002-09:00:00,02,02,2002,09,22.13
02.02.2002-12:00:00,02,02,2002,12,22.119
02.02.2002-15:00:00,02,02,2002,15,22.109
02.02.2002-18:00:00,02,02,2002,18,22.103
02.02.2002-21:00:00,02,02,2002,21,22.095
02.03.2002-00:00:00,02,03,2002,00,22.088
02.03.2002-03:00:00,02,03,2002,03,22.082
02.03.2002-06:00:00,02,03,2002,06,22.075
02.03.2002-09:00:00,02,03,2002,09,22.043
02.03.2002-12:00:00,02,03,2002,12,22.003
02.03.2002-15:00:00,02,03,2002,15,21.979
02.03.2002-18:00:00,02,03,2002,18,21.963
02.03.2002-21:00:00,02,03,2002,21,21.952
02.04.2002-00:00:00,02,04,2002,00,21.943
02.04.2002-03:00:00,02,04,2002,03,21.936
02.04.2002-06:00:00,02,04,2002,06,21.928
02.04.2002-09:00:00,02,04,2002,09,21.92
02.04.2002-12:00:00,02,04,2002,12,21.896
02.04.2002-15:00:00,02,04,2002,15,21.881
02.04.2002-18:00:00,02,04,2002,18,21.872
02.04.2002-21:00:00,02,04,2002,21,21.864
02.05.2002-00:00:00,02,05,2002,00,21.857
02.05.2002-03:00:00,02,05,2002,03,21.85
02.05.2002-06:00:00,02,05,2002,06,21.843
02.05.2002-09:00:00,02,05,2002,09,21.836
02.05.2002-12:00:00,02,05,2002,12,21.82
02.05.2002-15:00:00,02,05,2002,15,21.81
02.05.2002-18:00:00,02,05,2002,18,21.803
02.05.2002-21:00:00,02,05,2002,21,21.795
02.06.2002-00:00:00,02,06,2002,00,21.789
02.06.2002-03:00:00,02,06,2002,03,21.782
02.06.2002-06:00:00,02,06,2002,06,21.775
02.06.2002-09:00:00,02,06,2002,09,21.769
02.06.2002-12:00:00,02,06,2002,12,21.763
02.06.2002-15:00:00,02,06,2002,15,21.756
02.06.2002-18:00:00,02,06,2002,18,21.75
02.06.2002-21:00:00,02,06,2002,21,21.743
02.07.2002-00:00:00,02,07,2002,00,21.738
02.07.2002-03:00:00,02,07,2002,03,21.731
02.07.2002-06:00:00,02,07,2002,06,21.725
02.07.2002-09:00:00,02,07,2002,09,21.719
02.07.2002-12:00:00,02,07,2002,12,21.697
02.07.2002-15:00:00,02,07,2002,15,21.686
02.07.2002-18:00:00,02,07,2002,18,21.677
02.07.2002-21:00:00,02,07,2002,21,21.67
02.08.2002-00:00:00,02,08,2002,00,21.663
02.08.2002-03:00:00,02,08,2002,03,21.655
02.08.2002-06:00:00,02,08,2002,06,21.649
02.08.2002-09:00:00,02,08,2002,09,21.601
02.08.2002-12:00:00,02,08,2002,12,21.539
02.08.2002-15:00:00,02,08,2002,15,21.505
02.08.2002-18:00:00,02,08,2002,18,21.484
02.08.2002-21:00:00,02,08,2002,21,21.468
02.09.2002-00:00:00,02,09,2002,00,21.457
02.09.2002-03:00:00,02,09,2002,03,21.447
02.09.2002-06:00:00,02,09,2002,06,21.439
02.09.2002-09:00:00,02,09,2002,09,21.409
02.09.2002-12:00:00,02,09,2002,12,21.361
02.09.2002-15:00:00,02,09,2002,15,21.336
02.09.2002-18:00:00,02,09,2002,18,21.318
02.09.2002-21:00:00,02,09,2002,21,21.305
02.10.2002-00:00:00,02,10,2002,00,21.296
02.10.2002-03:00:00,02,10,2002,03,21.288
02.10.2002-06:00:00,02,10,2002,06,21.282
02.10.2002-09:00:00,02,10,2002,09,21.275
02.10.2002-12:00:00,02,10,2002,12,21.254
02.10.2002-15:00:00,02,10,2002,15,21.241
02.10.2002-18:00:00,02,10,2002,18,21.233
02.10.2002-21:00:00,02,10,2002,21,21.225
02.11.2002-00:00:00,02,11,2002,00,21.219
02.11.2002-03:00:00,02,11,2002,03,21.213
02.11.2002-06:00:00,02,11,2002,06,21.208
02.11.2002-09:00:00,02,11,2002,09,21.162
02.11.2002-12:00:00,02,11,2002,12,21.099
02.11.2002-15:00:00,02,11,2002,15,21.063
02.11.2002-18:00:00,02,11,2002,18,21.043
02.11.2002-21:00:00,02,11,2002,21,21.026
02.12.2002-00:00:00,02,12,2002,00,21.015
02.12.2002-03:00:00,02,12,2002,03,21.006
02.12.2002-06:00:00,02,12,2002,06,20.998
02.12.2002-09:00:00,02,12,2002,09,20.991
02.12.2002-12:00:00,02,12,2002,12,20.95
02.12.2002-15:00:00,02,12,2002,15,20.93
02.12.2002-18:00:00,02,12,2002,18,20.916
02.12.2002-21:00:00,02,12,2002,21,20.905
02.13.2002-00:00:00,02,13,2002,00,20.898
02.13.2002-03:00:00,02,13,2002,03,20.891
02.13.2002-06:00:00,02,13,2002,06,20.886
02.13.2002-09:00:00,02,13,2002,09,20.879
02.13.2002-12:00:00,02,13,2002,12,20.865
02.13.2002-15:00:00,02,13,2002,15,20.857
02.13.2002-18:00:00,02,13,2002,18,20.851
02.13.2002-21:00:00,02,13,2002,21,20.846
02.14.2002-00:00:00,02,14,2002,00,20.842
02.14.2002-03:00:00,02,14,2002,03,20.836
02.14.2002-06:00:00,02,14,2002,06,20.832
02.14.2002-09:00:00,02,14,2002,09,20.8
02.14.2002-12:00:00,02,14,2002,12,20.746
02.14.2002-15:00:00,02,14,2002,15,20.721
02.14.2002-18:00:00,02,14,2002,18,20.704
02.14.2002-21:00:00,02,14,2002,21,20.69
02.15.2002-00:00:00,02,15,2002,00,20.681
02.15.2002-03:00:00,02,15,2002,03,20.673
02.15.2002-06:00:00,02,15,2002,06,20.667
02.15.2002-09:00:00,02,15,2002,09,20.662
02.15.2002-12:00:00,02,15,2002,12,20.625
02.15.2002-15:00:00,02,15,2002,15,20.606
02.15.2002-18:00:00,02,15,2002,18,20.594
02.15.2002-21:00:00,02,15,2002,21,20.584
02.16.2002-00:00:00,02,16,2002,00,20.578
02.16.2002-03:00:00,02,16,2002,03,20.572
02.16.2002-06:00:00,02,16,2002,06,20.568
02.16.2002-09:00:00,02,16,2002,09,20.563
02.16.2002-12:00:00,02,16,2002,12,20.524
02.16.2002-15:00:00,02,16,2002,15,20.506
02.16.2002-18:00:00,02,16,2002,18,20.493
02.16.2002-21:00:00,02,16,2002,21,20.483
02.17.2002-00:00:00,02,17,2002,00,20.478
02.17.2002-03:00:00,02,17,2002,03,20.473
02.17.2002-06:00:00,02,17,2002,06,20.468
02.17.2002-09:00:00,02,17,2002,09,20.436
02.17.2002-12:00:00,02,17,2002,12,20.386
02.17.2002-15:00:00,02,17,2002,15,20.363
02.17.2002-18:00:00,02,17,2002,18,20.346
02.17.2002-21:00:00,02,17,2002,21,20.333
02.18.2002-00:00:00,02,18,2002,00,20.325
02.18.2002-03:00:00,02,18,2002,03,20.319
02.18.2002-06:00:00,02,18,2002,06,20.314
02.18.2002-09:00:00,02,18,2002,09,20.277
02.18.2002-12:00:00,02,18,2002,12,20.224
02.18.2002-15:00:00,02,18,2002,15,20.19
02.18.2002-18:00:00,02,18,2002,18,20.171
02.18.2002-21:00:00,02,18,2002,21,20.155
02.19.2002-00:00:00,02,19,2002,00,20.145
02.19.2002-03:00:00,02,19,2002,03,20.137
02.19.2002-06:00:00,02,19,2002,06,20.123
02.19.2002-09:00:00,02,19,2002,09,20.067
02.19.2002-12:00:00,02,19,2002,12,20
02.19.2002-15:00:00,02,19,2002,15,19.959
02.19.2002-18:00:00,02,19,2002,18,19.938
02.19.2002-21:00:00,02,19,2002,21,19.922
02.20.2002-00:00:00,02,20,2002,00,19.908
02.20.2002-03:00:00,02,20,2002,03,19.895
02.20.2002-06:00:00,02,20,2002,06,19.888
02.20.2002-09:00:00,02,20,2002,09,19.837
02.20.2002-12:00:00,02,20,2002,12,19.768
02.20.2002-15:00:00,02,20,2002,15,19.728
02.20.2002-18:00:00,02,20,2002,18,19.706
02.20.2002-21:00:00,02,20,2002,21,19.69
02.21.2002-00:00:00,02,21,2002,00,19.677
02.21.2002-03:00:00,02,21,2002,03,19.666
02.21.2002-06:00:00,02,21,2002,06,19.66
02.21.2002-09:00:00,02,21,2002,09,19.637
02.21.2002-12:00:00,02,21,2002,12,19.61
02.21.2002-15:00:00,02,21,2002,15,19.592
02.21.2002-18:00:00,02,21,2002,18,19.582
02.21.2002-21:00:00,02,21,2002,21,19.574
02.22.2002-00:00:00,02,22,2002,00,19.57
02.22.2002-03:00:00,02,22,2002,03,19.566
02.22.2002-06:00:00,02,22,2002,06,19.559
02.22.2002-09:00:00,02,22,2002,09,19.534
02.22.2002-12:00:00,02,22,2002,12,19.505
02.22.2002-15:00:00,02,22,2002,15,19.492
02.22.2002-18:00:00,02,22,2002,18,19.484
02.22.2002-21:00:00,02,22,2002,21,19.478
02.23.2002-00:00:00,02,23,2002,00,19.475
02.23.2002-03:00:00,02,23,2002,03,19.47
02.23.2002-06:00:00,02,23,2002,06,19.467
02.23.2002-09:00:00,02,23,2002,09,19.438
02.23.2002-12:00:00,02,23,2002,12,19.402
02.23.2002-15:00:00,02,23,2002,15,19.378
02.23.2002-18:00:00,02,23,2002,18,19.366
02.23.2002-21:00:00,02,23,2002,21,19.358
02.24.2002-00:00:00,02,24,2002,00,19.354
02.24.2002-03:00:00,02,24,2002,03,19.35
02.24.2002-06:00:00,02,24,2002,06,19.347
02.24.2002-09:00:00,02,24,2002,09,19.321
02.24.2002-12:00:00,02,24,2002,12,19.281
02.24.2002-15:00:00,02,24,2002,15,19.262
02.24.2002-18:00:00,02,24,2002,18,19.249
02.24.2002-21:00:00,02,24,2002,21,19.239
02.25.2002-00:00:00,02,25,2002,00,19.235
02.25.2002-03:00:00,02,25,2002,03,19.231
02.25.2002-06:00:00,02,25,2002,06,19.229
02.25.2002-09:00:00,02,25,2002,09,19.226
02.25.2002-12:00:00,02,25,2002,12,19.205
02.25.2002-15:00:00,02,25,2002,15,19.193
02.25.2002-18:00:00,02,25,2002,18,19.188
02.25.2002-21:00:00,02,25,2002,21,19.183
02.26.2002-00:00:00,02,26,2002,00,19.18
02.26.2002-03:00:00,02,26,2002,03,19.177
02.26.2002-06:00:00,02,26,2002,06,19.176
02.26.2002-09:00:00,02,26,2002,09,19.174
02.26.2002-12:00:00,02,26,2002,12,19.142
02.26.2002-15:00:00,02,26,2002,15,19.127
02.26.2002-18:00:00,02,26,2002,18,19.119
02.26.2002-21:00:00,02,26,2002,21,19.111
02.27.2002-00:00:00,02,27,2002,00,19.108
02.27.2002-03:00:00,02,27,2002,03,19.106
02.27.2002-06:00:00,02,27,2002,06,19.106
02.27.2002-09:00:00,02,27,2002,09,19.104
02.27.2002-12:00:00,02,27,2002,12,19.069
02.27.2002-15:00:00,02,27,2002,15,19.053
02.27.2002-18:00:00,02,27,2002,18,19.042
02.27.2002-21:00:00,02,27,2002,21,19.033
02.28.2002-00:00:00,02,28,2002,00,19.029
02.28.2002-03:00:00,02,28,2002,03,19.026
02.28.2002-06:00:00,02,28,2002,06,19.026
02.28.2002-09:00:00,02,28,2002,09,18.989
02.28.2002-12:00:00,02,28,2002,12,18.936
02.28.2002-15:00:00,02,28,2002,15,18.904
02.28.2002-18:00:00,02,28,2002,18,18.888
02.28.2002-21:00:00,02,28,2002,21,18.875
03.01.2002-00:00:00,03,01,2002,00,18.862
03.01.2002-03:00:00,03,01,2002,03,18.853
03.01.2002-06:00:00,03,01,2002,06,18.85
03.01.2002-09:00:00,03,01,2002,09,18.805
03.01.2002-12:00:00,03,01,2002,12,18.74
03.01.2002-15:00:00,03,01,2002,15,18.702
03.01.2002-18:00:00,03,01,2002,18,18.681
03.01.2002-21:00:00,03,01,2002,21,18.667
03.02.2002-00:00:00,03,02,2002,00,18.655
03.02.2002-03:00:00,03,02,2002,03,18.643
03.02.2002-06:00:00,03,02,2002,06,18.633
03.02.2002-09:00:00,03,02,2002,09,18.587
03.02.2002-12:00:00,03,02,2002,12,18.524
03.02.2002-15:00:00,03,02,2002,15,18.487
03.02.2002-18:00:00,03,02,2002,18,18.466
03.02.2002-21:00:00,03,02,2002,21,18.453
03.03.2002-00:00:00,03,03,2002,00,18.442
03.03.2002-03:00:00,03,03,2002,03,18.431
03.03.2002-06:00:00,03,03,2002,06,18.422
03.03.2002-09:00:00,03,03,2002,09,18.376
03.03.2002-12:00:00,03,03,2002,12,18.313
03.03.2002-15:00:00,03,03,2002,15,18.276
03.03.2002-18:00:00,03,03,2002,18,18.255
03.03.2002-21:00:00,03,03,2002,21,18.243
03.04.2002-00:00:00,03,04,2002,00,18.233
03.04.2002-03:00:00,03,04,2002,03,18.223
03.04.2002-06:00:00,03,04,2002,06,18.214
03.04.2002-09:00:00,03,04,2002,09,18.166
03.04.2002-12:00:00,03,04,2002,12,18.103
03.04.2002-15:00:00,03,04,2002,15,18.065
03.04.2002-18:00:00,03,04,2002,18,18.044
03.04.2002-21:00:00,03,04,2002,21,18.032
03.05.2002-00:00:00,03,05,2002,00,18.022
03.05.2002-03:00:00,03,05,2002,03,18.014
03.05.2002-06:00:00,03,05,2002,06,18.006
03.05.2002-09:00:00,03,05,2002,09,17.96
03.05.2002-12:00:00,03,05,2002,12,17.902
03.05.2002-15:00:00,03,05,2002,15,17.867
03.05.2002-18:00:00,03,05,2002,18,17.848
03.05.2002-21:00:00,03,05,2002,21,17.838
03.06.2002-00:00:00,03,06,2002,00,17.83
03.06.2002-03:00:00,03,06,2002,03,17.823
03.06.2002-06:00:00,03,06,2002,06,17.816
03.06.2002-09:00:00,03,06,2002,09,17.793
03.06.2002-12:00:00,03,06,2002,12,17.761
03.06.2002-15:00:00,03,06,2002,15,17.748
03.06.2002-18:00:00,03,06,2002,18,17.739
03.06.2002-21:00:00,03,06,2002,21,17.732
03.07.2002-00:00:00,03,07,2002,00,17.728
03.07.2002-03:00:00,03,07,2002,03,17.726
03.07.2002-06:00:00,03,07,2002,06,17.724
03.07.2002-09:00:00,03,07,2002,09,17.722
03.07.2002-12:00:00,03,07,2002,12,17.722
03.07.2002-15:00:00,03,07,2002,15,17.722
03.07.2002-18:00:00,03,07,2002,18,17.723
03.07.2002-21:00:00,03,07,2002,21,17.723
03.08.2002-00:00:00,03,08,2002,00,17.724
03.08.2002-03:00:00,03,08,2002,03,17.724
03.08.2002-06:00:00,03,08,2002,06,17.724
03.08.2002-09:00:00,03,08,2002,09,17.724
03.08.2002-12:00:00,03,08,2002,12,17.724
03.08.2002-15:00:00,03,08,2002,15,17.724
03.08.2002-18:00:00,03,08,2002,18,17.724
03.08.2002-21:00:00,03,08,2002,21,17.724
03.09.2002-00:00:00,03,09,2002,00,17.724
03.09.2002-03:00:00,03,09,2002,03,17.724
03.09.2002-06:00:00,03,09,2002,06,17.724
03.09.2002-09:00:00,03,09,2002,09,17.723
03.09.2002-12:00:00,03,09,2002,12,17.712
03.09.2002-15:00:00,03,09,2002,15,17.707
03.09.2002-18:00:00,03,09,2002,18,17.705
03.09.2002-21:00:00,03,09,2002,21,17.704
03.10.2002-00:00:00,03,10,2002,00,17.705
03.10.2002-03:00:00,03,10,2002,03,17.705
03.10.2002-06:00:00,03,10,2002,06,17.706
03.10.2002-09:00:00,03,10,2002,09,17.705
03.10.2002-12:00:00,03,10,2002,12,17.703
03.10.2002-15:00:00,03,10,2002,15,17.703
03.10.2002-18:00:00,03,10,2002,18,17.703
03.10.2002-21:00:00,03,10,2002,21,17.703
03.11.2002-00:00:00,03,11,2002,00,17.704
03.11.2002-03:00:00,03,11,2002,03,17.704
03.11.2002-06:00:00,03,11,2002,06,17.704
03.11.2002-09:00:00,03,11,2002,09,17.701
03.11.2002-12:00:00,03,11,2002,12,17.697
03.11.2002-15:00:00,03,11,2002,15,17.695
03.11.2002-18:00:00,03,11,2002,18,17.695
03.11.2002-21:00:00,03,11,2002,21,17.695
03.12.2002-00:00:00,03,12,2002,00,17.696
03.12.2002-03:00:00,03,12,2002,03,17.697
03.12.2002-06:00:00,03,12,2002,06,17.697
03.12.2002-09:00:00,03,12,2002,09,17.656
03.12.2002-12:00:00,03,12,2002,12,17.604
03.12.2002-15:00:00,03,12,2002,15,17.571
03.12.2002-18:00:00,03,12,2002,18,17.558
03.12.2002-21:00:00,03,12,2002,21,17.549
03.13.2002-00:00:00,03,13,2002,00,17.541
03.13.2002-03:00:00,03,13,2002,03,17.533
03.13.2002-06:00:00,03,13,2002,06,17.526
03.13.2002-09:00:00,03,13,2002,09,17.477
03.13.2002-12:00:00,03,13,2002,12,17.414
03.13.2002-15:00:00,03,13,2002,15,17.376
03.13.2002-18:00:00,03,13,2002,18,17.357
03.13.2002-21:00:00,03,13,2002,21,17.345
03.14.2002-00:00:00,03,14,2002,00,17.337
03.14.2002-03:00:00,03,14,2002,03,17.33
03.14.2002-06:00:00,03,14,2002,06,17.323
03.14.2002-09:00:00,03,14,2002,09,17.271
03.14.2002-12:00:00,03,14,2002,12,17.202
03.14.2002-15:00:00,03,14,2002,15,17.162
03.14.2002-18:00:00,03,14,2002,18,17.143
03.14.2002-21:00:00,03,14,2002,21,17.128
03.15.2002-00:00:00,03,15,2002,00,17.12
03.15.2002-03:00:00,03,15,2002,03,17.114
03.15.2002-06:00:00,03,15,2002,06,17.108
03.15.2002-09:00:00,03,15,2002,09,17.073
03.15.2002-12:00:00,03,15,2002,12,17.027
03.15.2002-15:00:00,03,15,2002,15,16.997
03.15.2002-18:00:00,03,15,2002,18,16.983
03.15.2002-21:00:00,03,15,2002,21,16.977
03.16.2002-00:00:00,03,16,2002,00,16.971
03.16.2002-03:00:00,03,16,2002,03,16.966
03.16.2002-06:00:00,03,16,2002,06,16.962
03.16.2002-09:00:00,03,16,2002,09,16.935
03.16.2002-12:00:00,03,16,2002,12,16.905
03.16.2002-15:00:00,03,16,2002,15,16.889
03.16.2002-18:00:00,03,16,2002,18,16.883
03.16.2002-21:00:00,03,16,2002,21,16.878
03.17.2002-00:00:00,03,17,2002,00,16.874
03.17.2002-03:00:00,03,17,2002,03,16.872
03.17.2002-06:00:00,03,17,2002,06,16.871
03.17.2002-09:00:00,03,17,2002,09,16.841
03.17.2002-12:00:00,03,17,2002,12,16.796
03.17.2002-15:00:00,03,17,2002,15,16.769
03.17.2002-18:00:00,03,17,2002,18,16.76
03.17.2002-21:00:00,03,17,2002,21,16.755
03.18.2002-00:00:00,03,18,2002,00,16.751
03.18.2002-03:00:00,03,18,2002,03,16.747
03.18.2002-06:00:00,03,18,2002,06,16.743
03.18.2002-09:00:00,03,18,2002,09,16.74
03.18.2002-12:00:00,03,18,2002,12,16.723
03.18.2002-15:00:00,03,18,2002,15,16.717
03.18.2002-18:00:00,03,18,2002,18,16.715
03.18.2002-21:00:00,03,18,2002,21,16.713
03.19.2002-00:00:00,03,19,2002,00,16.712
03.19.2002-03:00:00,03,19,2002,03,16.711
03.19.2002-06:00:00,03,19,2002,06,16.711
03.19.2002-09:00:00,03,19,2002,09,16.711
03.19.2002-12:00:00,03,19,2002,12,16.699
03.19.2002-15:00:00,03,19,2002,15,16.694
03.19.2002-18:00:00,03,19,2002,18,16.694
03.19.2002-21:00:00,03,19,2002,21,16.694
03.20.2002-00:00:00,03,20,2002,00,16.695
03.20.2002-03:00:00,03,20,2002,03,16.697
03.20.2002-06:00:00,03,20,2002,06,16.699
03.20.2002-09:00:00,03,20,2002,09,16.7
03.20.2002-12:00:00,03,20,2002,12,16.702
03.20.2002-15:00:00,03,20,2002,15,16.703
03.20.2002-18:00:00,03,20,2002,18,16.706
03.20.2002-21:00:00,03,20,2002,21,16.709
03.21.2002-00:00:00,03,21,2002,00,16.712
03.21.2002-03:00:00,03,21,2002,03,16.715
03.21.2002-06:00:00,03,21,2002,06,16.718
03.21.2002-09:00:00,03,21,2002,09,16.705
03.21.2002-12:00:00,03,21,2002,12,16.685
03.21.2002-15:00:00,03,21,2002,15,16.677
03.21.2002-18:00:00,03,21,2002,18,16.674
03.21.2002-21:00:00,03,21,2002,21,16.673
03.22.2002-00:00:00,03,22,2002,00,16.675
03.22.2002-03:00:00,03,22,2002,03,16.677
03.22.2002-06:00:00,03,22,2002,06,16.68
03.22.2002-09:00:00,03,22,2002,09,16.636
03.22.2002-12:00:00,03,22,2002,12,16.575
03.22.2002-15:00:00,03,22,2002,15,16.538
03.22.2002-18:00:00,03,22,2002,18,16.522
03.22.2002-21:00:00,03,22,2002,21,16.512
03.23.2002-00:00:00,03,23,2002,00,16.507
03.23.2002-03:00:00,03,23,2002,03,16.503
03.23.2002-06:00:00,03,23,2002,06,16.499
03.23.2002-09:00:00,03,23,2002,09,16.436
03.23.2002-12:00:00,03,23,2002,12,16.357
03.23.2002-15:00:00,03,23,2002,15,16.303
03.23.2002-18:00:00,03,23,2002,18,16.282
03.23.2002-21:00:00,03,23,2002,21,16.268
03.24.2002-00:00:00,03,24,2002,00,16.256
03.24.2002-03:00:00,03,24,2002,03,16.245
03.24.2002-06:00:00,03,24,2002,06,16.227
03.24.2002-09:00:00,03,24,2002,09,16.159
03.24.2002-12:00:00,03,24,2002,12,16.082
03.24.2002-15:00:00,03,24,2002,15,16.03
03.24.2002-18:00:00,03,24,2002,18,16.008
03.24.2002-21:00:00,03,24,2002,21,15.994
03.25.2002-00:00:00,03,25,2002,00,15.984
03.25.2002-03:00:00,03,25,2002,03,15.974
03.25.2002-06:00:00,03,25,2002,06,15.959
03.25.2002-09:00:00,03,25,2002,09,15.897
03.25.2002-12:00:00,03,25,2002,12,15.825
03.25.2002-15:00:00,03,25,2002,15,15.777
03.25.2002-18:00:00,03,25,2002,18,15.756
03.25.2002-21:00:00,03,25,2002,21,15.743
03.26.2002-00:00:00,03,26,2002,00,15.735
03.26.2002-03:00:00,03,26,2002,03,15.726
03.26.2002-06:00:00,03,26,2002,06,15.71
03.26.2002-09:00:00,03,26,2002,09,15.662
03.26.2002-12:00:00,03,26,2002,12,15.605
03.26.2002-15:00:00,03,26,2002,15,15.567
03.26.2002-18:00:00,03,26,2002,18,15.553
03.26.2002-21:00:00,03,26,2002,21,15.551
03.27.2002-00:00:00,03,27,2002,00,15.554
03.27.2002-03:00:00,03,27,2002,03,15.555
03.27.2002-06:00:00,03,27,2002,06,15.56
03.27.2002-09:00:00,03,27,2002,09,15.529
03.27.2002-12:00:00,03,27,2002,12,15.488
03.27.2002-15:00:00,03,27,2002,15,15.464
03.27.2002-18:00:00,03,27,2002,18,15.46
03.27.2002-21:00:00,03,27,2002,21,15.46
03.28.2002-00:00:00,03,28,2002,00,15.465
03.28.2002-03:00:00,03,28,2002,03,15.471
03.28.2002-06:00:00,03,28,2002,06,15.468
03.28.2002-09:00:00,03,28,2002,09,15.427
03.28.2002-12:00:00,03,28,2002,12,15.378
03.28.2002-15:00:00,03,28,2002,15,15.351
03.28.2002-18:00:00,03,28,2002,18,15.352
03.28.2002-21:00:00,03,28,2002,21,15.359
03.29.2002-00:00:00,03,29,2002,00,15.366
03.29.2002-03:00:00,03,29,2002,03,15.371
03.29.2002-06:00:00,03,29,2002,06,15.371
03.29.2002-09:00:00,03,29,2002,09,15.333
03.29.2002-12:00:00,03,29,2002,12,15.287
03.29.2002-15:00:00,03,29,2002,15,15.268
03.29.2002-18:00:00,03,29,2002,18,15.286
03.29.2002-21:00:00,03,29,2002,21,15.317
03.30.2002-00:00:00,03,30,2002,00,15.351
03.30.2002-03:00:00,03,30,2002,03,15.382
03.30.2002-06:00:00,03,30,2002,06,15.401
03.30.2002-09:00:00,03,30,2002,09,15.373
03.30.2002-12:00:00,03,30,2002,12,15.344
03.30.2002-15:00:00,03,30,2002,15,15.375
03.30.2002-18:00:00,03,30,2002,18,15.492
03.30.2002-21:00:00,03,30,2002,21,15.606
03.31.2002-00:00:00,03,31,2002,00,15.712
03.31.2002-03:00:00,03,31,2002,03,15.795
03.31.2002-06:00:00,03,31,2002,06,15.842
03.31.2002-09:00:00,03,31,2002,09,15.837
03.31.2002-12:00:00,03,31,2002,12,15.926
03.31.2002-15:00:00,03,31,2002,15,16.187
03.31.2002-18:00:00,03,31,2002,18,16.511
03.31.2002-21:00:00,03,31,2002,21,16.728
04.01.2002-00:00:00,04,01,2002,00,16.886
04.01.2002-03:00:00,04,01,2002,03,16.981
04.01.2002-06:00:00,04,01,2002,06,17.036
04.01.2002-09:00:00,04,01,2002,09,17.025
04.01.2002-12:00:00,04,01,2002,12,17.064
04.01.2002-15:00:00,04,01,2002,15,17.281
04.01.2002-18:00:00,04,01,2002,18,17.542
04.01.2002-21:00:00,04,01,2002,21,17.75
04.02.2002-00:00:00,04,02,2002,00,17.885
04.02.2002-03:00:00,04,02,2002,03,17.985
04.02.2002-06:00:00,04,02,2002,06,18.052
04.02.2002-09:00:00,04,02,2002,09,18.044
04.02.2002-12:00:00,04,02,2002,12,18.011
04.02.2002-15:00:00,04,02,2002,15,18.014
04.02.2002-18:00:00,04,02,2002,18,18.106
04.02.2002-21:00:00,04,02,2002,21,18.162
04.03.2002-00:00:00,04,03,2002,00,18.21
04.03.2002-03:00:00,04,03,2002,03,18.246
04.03.2002-06:00:00,04,03,2002,06,18.264
04.03.2002-09:00:00,04,03,2002,09,18.217
04.03.2002-12:00:00,04,03,2002,12,18.159
04.03.2002-15:00:00,04,03,2002,15,18.242
04.03.2002-18:00:00,04,03,2002,18,18.54
04.03.2002-21:00:00,04,03,2002,21,18.758
04.04.2002-00:00:00,04,04,2002,00,18.916
04.04.2002-03:00:00,04,04,2002,03,19.019
04.04.2002-06:00:00,04,04,2002,06,19.075
04.04.2002-09:00:00,04,04,2002,09,19.034
04.04.2002-12:00:00,04,04,2002,12,19.278
04.04.2002-15:00:00,04,04,2002,15,20.065
04.04.2002-18:00:00,04,04,2002,18,21.206
04.04.2002-21:00:00,04,04,2002,21,22.107
04.05.2002-00:00:00,04,05,2002,00,22.706
04.05.2002-03:00:00,04,05,2002,03,23.084
04.05.2002-06:00:00,04,05,2002,06,23.234
04.05.2002-09:00:00,04,05,2002,09,23.18
04.05.2002-12:00:00,04,05,2002,12,23.547
04.05.2002-15:00:00,04,05,2002,15,24.875
04.05.2002-18:00:00,04,05,2002,18,30.036
04.05.2002-21:00:00,04,05,2002,21,42.245
04.06.2002-00:00:00,04,06,2002,00,32.789
04.06.2002-03:00:00,04,06,2002,03,32.481
04.06.2002-06:00:00,04,06,2002,06,31.333
04.06.2002-09:00:00,04,06,2002,09,31.916
04.06.2002-12:00:00,04,06,2002,12,64.855
04.06.2002-15:00:00,04,06,2002,15,104.94
04.06.2002-18:00:00,04,06,2002,18,97.572
04.06.2002-21:00:00,04,06,2002,21,104.16
04.07.2002-00:00:00,04,07,2002,00,92.775
04.07.2002-03:00:00,04,07,2002,03,69.411
04.07.2002-06:00:00,04,07,2002,06,46.283
04.07.2002-09:00:00,04,07,2002,09,36.846
04.07.2002-12:00:00,04,07,2002,12,51.99
04.07.2002-15:00:00,04,07,2002,15,82.881
04.07.2002-18:00:00,04,07,2002,18,101.79
04.07.2002-21:00:00,04,07,2002,21,91.668
04.08.2002-00:00:00,04,08,2002,00,67.757
04.08.2002-03:00:00,04,08,2002,03,64.786
04.08.2002-06:00:00,04,08,2002,06,39.761
04.08.2002-09:00:00,04,08,2002,09,35.082
04.08.2002-12:00:00,04,08,2002,12,56.709
04.08.2002-15:00:00,04,08,2002,15,85.127
04.08.2002-18:00:00,04,08,2002,18,122.93
04.08.2002-21:00:00,04,08,2002,21,95.374
04.09.2002-00:00:00,04,09,2002,00,84.959
04.09.2002-03:00:00,04,09,2002,03,66.108
04.09.2002-06:00:00,04,09,2002,06,51.648
04.09.2002-09:00:00,04,09,2002,09,39.838
04.09.2002-12:00:00,04,09,2002,12,73.81
04.09.2002-15:00:00,04,09,2002,15,114.34
04.09.2002-18:00:00,04,09,2002,18,140.46
04.09.2002-21:00:00,04,09,2002,21,114.93
04.10.2002-00:00:00,04,10,2002,00,104.28
04.10.2002-03:00:00,04,10,2002,03,81.564
04.10.2002-06:00:00,04,10,2002,06,63.049
04.10.2002-09:00:00,04,10,2002,09,51.403
04.10.2002-12:00:00,04,10,2002,12,52.913
04.10.2002-15:00:00,04,10,2002,15,84.55
04.10.2002-18:00:00,04,10,2002,18,111.59
04.10.2002-21:00:00,04,10,2002,21,143.38
04.11.2002-00:00:00,04,11,2002,00,99.338
04.11.2002-03:00:00,04,11,2002,03,92.83
04.11.2002-06:00:00,04,11,2002,06,57.598
04.11.2002-09:00:00,04,11,2002,09,78.89
04.11.2002-12:00:00,04,11,2002,12,181.99
04.11.2002-15:00:00,04,11,2002,15,297.67
04.11.2002-18:00:00,04,11,2002,18,304.36
04.11.2002-21:00:00,04,11,2002,21,303.96
04.12.2002-00:00:00,04,12,2002,00,229.5
04.12.2002-03:00:00,04,12,2002,03,154.9
04.12.2002-06:00:00,04,12,2002,06,98.064
04.12.2002-09:00:00,04,12,2002,09,103.49
04.12.2002-12:00:00,04,12,2002,12,234.32
04.12.2002-15:00:00,04,12,2002,15,365.1
04.12.2002-18:00:00,04,12,2002,18,360.13
04.12.2002-21:00:00,04,12,2002,21,335.8
04.13.2002-00:00:00,04,13,2002,00,243.13
04.13.2002-03:00:00,04,13,2002,03,178.69
04.13.2002-06:00:00,04,13,2002,06,111.21
04.13.2002-09:00:00,04,13,2002,09,146.23
04.13.2002-12:00:00,04,13,2002,12,347.69
04.13.2002-15:00:00,04,13,2002,15,495.47
04.13.2002-18:00:00,04,13,2002,18,522.55
04.13.2002-21:00:00,04,13,2002,21,464.16
04.14.2002-00:00:00,04,14,2002,00,356.9
04.14.2002-03:00:00,04,14,2002,03,261.11
04.14.2002-06:00:00,04,14,2002,06,163.95
04.14.2002-09:00:00,04,14,2002,09,357.89
04.14.2002-12:00:00,04,14,2002,12,686.92
04.14.2002-15:00:00,04,14,2002,15,809.85
04.14.2002-18:00:00,04,14,2002,18,773.71
04.14.2002-21:00:00,04,14,2002,21,654.32
04.15.2002-00:00:00,04,15,2002,00,504.24
04.15.2002-03:00:00,04,15,2002,03,357.47
04.15.2002-06:00:00,04,15,2002,06,241.27
04.15.2002-09:00:00,04,15,2002,09,155.68
04.15.2002-12:00:00,04,15,2002,12,113.14
04.15.2002-15:00:00,04,15,2002,15,103.03
04.15.2002-18:00:00,04,15,2002,18,94.297
04.15.2002-21:00:00,04,15,2002,21,84.703
04.16.2002-00:00:00,04,16,2002,00,75.532
04.16.2002-03:00:00,04,16,2002,03,77.227
04.16.2002-06:00:00,04,16,2002,06,74.876
04.16.2002-09:00:00,04,16,2002,09,72.944
04.16.2002-12:00:00,04,16,2002,12,73.863
04.16.2002-15:00:00,04,16,2002,15,85.937
04.16.2002-18:00:00,04,16,2002,18,81.427
04.16.2002-21:00:00,04,16,2002,21,89.273
04.17.2002-00:00:00,04,17,2002,00,73.901
04.17.2002-03:00:00,04,17,2002,03,70.798
04.17.2002-06:00:00,04,17,2002,06,70.39
04.17.2002-09:00:00,04,17,2002,09,69.781
04.17.2002-12:00:00,04,17,2002,12,69.527
04.17.2002-15:00:00,04,17,2002,15,93.541
04.17.2002-18:00:00,04,17,2002,18,115.66
04.17.2002-21:00:00,04,17,2002,21,106.07
04.18.2002-00:00:00,04,18,2002,00,113.16
04.18.2002-03:00:00,04,18,2002,03,85.394
04.18.2002-06:00:00,04,18,2002,06,85.298
04.18.2002-09:00:00,04,18,2002,09,71.633
04.18.2002-12:00:00,04,18,2002,12,68.468
04.18.2002-15:00:00,04,18,2002,15,68.061
04.18.2002-18:00:00,04,18,2002,18,67.879
04.18.2002-21:00:00,04,18,2002,21,67.661
04.19.2002-00:00:00,04,19,2002,00,67.387
04.19.2002-03:00:00,04,19,2002,03,67.072
04.19.2002-06:00:00,04,19,2002,06,66.669
04.19.2002-09:00:00,04,19,2002,09,66.057
04.19.2002-12:00:00,04,19,2002,12,72.429
04.19.2002-15:00:00,04,19,2002,15,147.55
04.19.2002-18:00:00,04,19,2002,18,161.26
04.19.2002-21:00:00,04,19,2002,21,175.42
04.20.2002-00:00:00,04,20,2002,00,138.99
04.20.2002-03:00:00,04,20,2002,03,121.11
04.20.2002-06:00:00,04,20,2002,06,90.947
04.20.2002-09:00:00,04,20,2002,09,93.019
04.20.2002-12:00:00,04,20,2002,12,224.45
04.20.2002-15:00:00,04,20,2002,15,442.72
04.20.2002-18:00:00,04,20,2002,18,451.26
04.20.2002-21:00:00,04,20,2002,21,429.77
04.21.2002-00:00:00,04,21,2002,00,341.65
04.21.2002-03:00:00,04,21,2002,03,286.08
04.21.2002-06:00:00,04,21,2002,06,186.73
04.21.2002-09:00:00,04,21,2002,09,340.46
04.21.2002-12:00:00,04,21,2002,12,595.4
04.21.2002-15:00:00,04,21,2002,15,748.94
04.21.2002-18:00:00,04,21,2002,18,701.94
04.21.2002-21:00:00,04,21,2002,21,625.23
04.22.2002-00:00:00,04,22,2002,00,497.89
04.22.2002-03:00:00,04,22,2002,03,376.5
04.22.2002-06:00:00,04,22,2002,06,248.86
04.22.2002-09:00:00,04,22,2002,09,356.82
04.22.2002-12:00:00,04,22,2002,12,621.44
04.22.2002-15:00:00,04,22,2002,15,785.58
04.22.2002-18:00:00,04,22,2002,18,732.22
04.22.2002-21:00:00,04,22,2002,21,636.67
04.23.2002-00:00:00,04,23,2002,00,482.05
04.23.2002-03:00:00,04,23,2002,03,362.61
04.23.2002-06:00:00,04,23,2002,06,229.96
04.23.2002-09:00:00,04,23,2002,09,170.63
04.23.2002-12:00:00,04,23,2002,12,111.68
04.23.2002-15:00:00,04,23,2002,15,195.22
04.23.2002-18:00:00,04,23,2002,18,234.86
04.23.2002-21:00:00,04,23,2002,21,214.47
04.24.2002-00:00:00,04,24,2002,00,172.21
04.24.2002-03:00:00,04,24,2002,03,163.92
04.24.2002-06:00:00,04,24,2002,06,128.12
04.24.2002-09:00:00,04,24,2002,09,93.864
04.24.2002-12:00:00,04,24,2002,12,78.451
04.24.2002-15:00:00,04,24,2002,15,84.629
04.24.2002-18:00:00,04,24,2002,18,90.804
04.24.2002-21:00:00,04,24,2002,21,80.166
04.25.2002-00:00:00,04,25,2002,00,79.981
04.25.2002-03:00:00,04,25,2002,03,83.825
04.25.2002-06:00:00,04,25,2002,06,78.81
04.25.2002-09:00:00,04,25,2002,09,77.754
04.25.2002-12:00:00,04,25,2002,12,102.32
04.25.2002-15:00:00,04,25,2002,15,132.72
04.25.2002-18:00:00,04,25,2002,18,179.2
04.25.2002-21:00:00,04,25,2002,21,219.32
04.26.2002-00:00:00,04,26,2002,00,190.6
04.26.2002-03:00:00,04,26,2002,03,165.06
04.26.2002-06:00:00,04,26,2002,06,133.64
04.26.2002-09:00:00,04,26,2002,09,107.12
04.26.2002-12:00:00,04,26,2002,12,114.72
04.26.2002-15:00:00,04,26,2002,15,159.87
04.26.2002-18:00:00,04,26,2002,18,189.08
04.26.2002-21:00:00,04,26,2002,21,225.22
04.27.2002-00:00:00,04,27,2002,00,175.68
04.27.2002-03:00:00,04,27,2002,03,165.49
04.27.2002-06:00:00,04,27,2002,06,123.71
04.27.2002-09:00:00,04,27,2002,09,180.46
04.27.2002-12:00:00,04,27,2002,12,404.04
04.27.2002-15:00:00,04,27,2002,15,636.5
04.27.2002-18:00:00,04,27,2002,18,606.64
04.27.2002-21:00:00,04,27,2002,21,584.68
04.28.2002-00:00:00,04,28,2002,00,465.96
04.28.2002-03:00:00,04,28,2002,03,365.8
04.28.2002-06:00:00,04,28,2002,06,236.52
04.28.2002-09:00:00,04,28,2002,09,211.03
04.28.2002-12:00:00,04,28,2002,12,444.74
04.28.2002-15:00:00,04,28,2002,15,658.93
04.28.2002-18:00:00,04,28,2002,18,671.25
04.28.2002-21:00:00,04,28,2002,21,630.07
04.29.2002-00:00:00,04,29,2002,00,491.87
04.29.2002-03:00:00,04,29,2002,03,386.66
04.29.2002-06:00:00,04,29,2002,06,263.59
04.29.2002-09:00:00,04,29,2002,09,250.69
04.29.2002-12:00:00,04,29,2002,12,519.68
04.29.2002-15:00:00,04,29,2002,15,838.22
04.29.2002-18:00:00,04,29,2002,18,817.23
04.29.2002-21:00:00,04,29,2002,21,763.78
04.30.2002-00:00:00,04,30,2002,00,572.31
04.30.2002-03:00:00,04,30,2002,03,465.95
04.30.2002-06:00:00,04,30,2002,06,335.46
04.30.2002-09:00:00,04,30,2002,09,687.86
04.30.2002-12:00:00,04,30,2002,12,1119.6
04.30.2002-15:00:00,04,30,2002,15,1475.2
04.30.2002-18:00:00,04,30,2002,18,1350.4
04.30.2002-21:00:00,04,30,2002,21,1207.3
05.01.2002-00:00:00,05,01,2002,00,975.5
05.01.2002-03:00:00,05,01,2002,03,799.9
05.01.2002-06:00:00,05,01,2002,06,596.58
05.01.2002-09:00:00,05,01,2002,09,806.44
05.01.2002-12:00:00,05,01,2002,12,1069.5
05.01.2002-15:00:00,05,01,2002,15,1238.3
05.01.2002-18:00:00,05,01,2002,18,1133.2
05.01.2002-21:00:00,05,01,2002,21,1038.7
05.02.2002-00:00:00,05,02,2002,00,913.1
05.02.2002-03:00:00,05,02,2002,03,797.09
05.02.2002-06:00:00,05,02,2002,06,653.91
05.02.2002-09:00:00,05,02,2002,09,765.3
05.02.2002-12:00:00,05,02,2002,12,873.25
05.02.2002-15:00:00,05,02,2002,15,886.01
05.02.2002-18:00:00,05,02,2002,18,786.85
05.02.2002-21:00:00,05,02,2002,21,708.51
05.03.2002-00:00:00,05,03,2002,00,655.42
05.03.2002-03:00:00,05,03,2002,03,625.02
05.03.2002-06:00:00,05,03,2002,06,517.28
05.03.2002-09:00:00,05,03,2002,09,432.27
05.03.2002-12:00:00,05,03,2002,12,410.34
05.03.2002-15:00:00,05,03,2002,15,396.82
05.03.2002-18:00:00,05,03,2002,18,228.94
05.03.2002-21:00:00,05,03,2002,21,229.64
05.04.2002-00:00:00,05,04,2002,00,231.58
05.04.2002-03:00:00,05,04,2002,03,253.58
05.04.2002-06:00:00,05,04,2002,06,212.85
05.04.2002-09:00:00,05,04,2002,09,202.49
05.04.2002-12:00:00,05,04,2002,12,189.65
05.04.2002-15:00:00,05,04,2002,15,213.51
05.04.2002-18:00:00,05,04,2002,18,145.01
05.04.2002-21:00:00,05,04,2002,21,142.88
05.05.2002-00:00:00,05,05,2002,00,141.17
05.05.2002-03:00:00,05,05,2002,03,153.15
05.05.2002-06:00:00,05,05,2002,06,141.78
05.05.2002-09:00:00,05,05,2002,09,157.73
05.05.2002-12:00:00,05,05,2002,12,174.87
05.05.2002-15:00:00,05,05,2002,15,188.31
05.05.2002-18:00:00,05,05,2002,18,164.75
05.05.2002-21:00:00,05,05,2002,21,148.87
05.06.2002-00:00:00,05,06,2002,00,157.65
05.06.2002-03:00:00,05,06,2002,03,161.02
05.06.2002-06:00:00,05,06,2002,06,160.97
05.06.2002-09:00:00,05,06,2002,09,154.85
05.06.2002-12:00:00,05,06,2002,12,172.39
05.06.2002-15:00:00,05,06,2002,15,172.85
05.06.2002-18:00:00,05,06,2002,18,148.21
05.06.2002-21:00:00,05,06,2002,21,143.79
05.07.2002-00:00:00,05,07,2002,00,150.73
05.07.2002-03:00:00,05,07,2002,03,160.36
05.07.2002-06:00:00,05,07,2002,06,161.87
05.07.2002-09:00:00,05,07,2002,09,155.03
05.07.2002-12:00:00,05,07,2002,12,221.52
05.07.2002-15:00:00,05,07,2002,15,217.99
05.07.2002-18:00:00,05,07,2002,18,176.53
05.07.2002-21:00:00,05,07,2002,21,163.57
05.08.2002-00:00:00,05,08,2002,00,168.85
05.08.2002-03:00:00,05,08,2002,03,172.87
05.08.2002-06:00:00,05,08,2002,06,168.93
05.08.2002-09:00:00,05,08,2002,09,158.75
05.08.2002-12:00:00,05,08,2002,12,247.85
05.08.2002-15:00:00,05,08,2002,15,249.28
05.08.2002-18:00:00,05,08,2002,18,174.23
05.08.2002-21:00:00,05,08,2002,21,162.29
05.09.2002-00:00:00,05,09,2002,00,162.05
05.09.2002-03:00:00,05,09,2002,03,168.55
05.09.2002-06:00:00,05,09,2002,06,163.89
05.09.2002-09:00:00,05,09,2002,09,151.01
05.09.2002-12:00:00,05,09,2002,12,150.62
05.09.2002-15:00:00,05,09,2002,15,129.86
05.09.2002-18:00:00,05,09,2002,18,112.06
05.09.2002-21:00:00,05,09,2002,21,118.57
05.10.2002-00:00:00,05,10,2002,00,119.8
05.10.2002-03:00:00,05,10,2002,03,127.92
05.10.2002-06:00:00,05,10,2002,06,132.36
05.10.2002-09:00:00,05,10,2002,09,116.08
05.10.2002-12:00:00,05,10,2002,12,150.09
05.10.2002-15:00:00,05,10,2002,15,162.75
05.10.2002-18:00:00,05,10,2002,18,155.19
05.10.2002-21:00:00,05,10,2002,21,133.02
05.11.2002-00:00:00,05,11,2002,00,135.29
05.11.2002-03:00:00,05,11,2002,03,145.28
05.11.2002-06:00:00,05,11,2002,06,129.99
05.11.2002-09:00:00,05,11,2002,09,184.63
05.11.2002-12:00:00,05,11,2002,12,283.67
05.11.2002-15:00:00,05,11,2002,15,364.31
05.11.2002-18:00:00,05,11,2002,18,221.98
05.11.2002-21:00:00,05,11,2002,21,209.55
05.12.2002-00:00:00,05,12,2002,00,220.88
05.12.2002-03:00:00,05,12,2002,03,200.84
05.12.2002-06:00:00,05,12,2002,06,188.86
05.12.2002-09:00:00,05,12,2002,09,236.28
05.12.2002-12:00:00,05,12,2002,12,482.68
05.12.2002-15:00:00,05,12,2002,15,365.67
05.12.2002-18:00:00,05,12,2002,18,247.03
05.12.2002-21:00:00,05,12,2002,21,213.8
05.13.2002-00:00:00,05,13,2002,00,249.45
05.13.2002-03:00:00,05,13,2002,03,223.57
05.13.2002-06:00:00,05,13,2002,06,220.39
05.13.2002-09:00:00,05,13,2002,09,318.47
05.13.2002-12:00:00,05,13,2002,12,530.77
05.13.2002-15:00:00,05,13,2002,15,394.33
05.13.2002-18:00:00,05,13,2002,18,292.14
05.13.2002-21:00:00,05,13,2002,21,250.72
05.14.2002-00:00:00,05,14,2002,00,278.76
05.14.2002-03:00:00,05,14,2002,03,247.9
05.14.2002-06:00:00,05,14,2002,06,251.41
05.14.2002-09:00:00,05,14,2002,09,338.39
05.14.2002-12:00:00,05,14,2002,12,494.22
05.14.2002-15:00:00,05,14,2002,15,349.43
05.14.2002-18:00:00,05,14,2002,18,312.21
05.14.2002-21:00:00,05,14,2002,21,262.61
05.15.2002-00:00:00,05,15,2002,00,279.26
05.15.2002-03:00:00,05,15,2002,03,216.52
05.15.2002-06:00:00,05,15,2002,06,214.81
05.15.2002-09:00:00,05,15,2002,09,251.68
05.15.2002-12:00:00,05,15,2002,12,345.32
05.15.2002-15:00:00,05,15,2002,15,253.31
05.15.2002-18:00:00,05,15,2002,18,251.16
05.15.2002-21:00:00,05,15,2002,21,184.69
05.16.2002-00:00:00,05,16,2002,00,183.15
05.16.2002-03:00:00,05,16,2002,03,176.99
05.16.2002-06:00:00,05,16,2002,06,162.2
05.16.2002-09:00:00,05,16,2002,09,212.9
05.16.2002-12:00:00,05,16,2002,12,244.01
05.16.2002-15:00:00,05,16,2002,15,246.92
05.16.2002-18:00:00,05,16,2002,18,161.18
05.16.2002-21:00:00,05,16,2002,21,121.19
05.17.2002-00:00:00,05,17,2002,00,138.17
05.17.2002-03:00:00,05,17,2002,03,135.55
05.17.2002-06:00:00,05,17,2002,06,150.74
05.17.2002-09:00:00,05,17,2002,09,171.88
05.17.2002-12:00:00,05,17,2002,12,172.95
05.17.2002-15:00:00,05,17,2002,15,140.25
05.17.2002-18:00:00,05,17,2002,18,102.72
05.17.2002-21:00:00,05,17,2002,21,96.799
05.18.2002-00:00:00,05,18,2002,00,102.95
05.18.2002-03:00:00,05,18,2002,03,133.34
05.18.2002-06:00:00,05,18,2002,06,132.53
05.18.2002-09:00:00,05,18,2002,09,168.21
05.18.2002-12:00:00,05,18,2002,12,110.06
05.18.2002-15:00:00,05,18,2002,15,132
05.18.2002-18:00:00,05,18,2002,18,102.22
05.18.2002-21:00:00,05,18,2002,21,92.194
05.19.2002-00:00:00,05,19,2002,00,98.939
05.19.2002-03:00:00,05,19,2002,03,106.17
05.19.2002-06:00:00,05,19,2002,06,117.56
05.19.2002-09:00:00,05,19,2002,09,117.22
05.19.2002-12:00:00,05,19,2002,12,106.32
05.19.2002-15:00:00,05,19,2002,15,110.47
05.19.2002-18:00:00,05,19,2002,18,73.733
05.19.2002-21:00:00,05,19,2002,21,71.23
05.20.2002-00:00:00,05,20,2002,00,99.918
05.20.2002-03:00:00,05,20,2002,03,150.44
05.20.2002-06:00:00,05,20,2002,06,218.74
05.20.2002-09:00:00,05,20,2002,09,292.02
05.20.2002-12:00:00,05,20,2002,12,303.09
05.20.2002-15:00:00,05,20,2002,15,315.58
05.20.2002-18:00:00,05,20,2002,18,342.91
05.20.2002-21:00:00,05,20,2002,21,367.41
05.21.2002-00:00:00,05,21,2002,00,390.75
05.21.2002-03:00:00,05,21,2002,03,364.84
05.21.2002-06:00:00,05,21,2002,06,360.65
05.21.2002-09:00:00,05,21,2002,09,360.29
05.21.2002-12:00:00,05,21,2002,12,366.75
05.21.2002-15:00:00,05,21,2002,15,330.9
05.21.2002-18:00:00,05,21,2002,18,298.57
05.21.2002-21:00:00,05,21,2002,21,276.83
05.22.2002-00:00:00,05,22,2002,00,267.1
05.22.2002-03:00:00,05,22,2002,03,237.69
05.22.2002-06:00:00,05,22,2002,06,224.34
05.22.2002-09:00:00,05,22,2002,09,205.81
05.22.2002-12:00:00,05,22,2002,12,188.12
05.22.2002-15:00:00,05,22,2002,15,167.56
05.22.2002-18:00:00,05,22,2002,18,154.89
05.22.2002-21:00:00,05,22,2002,21,153.73
05.23.2002-00:00:00,05,23,2002,00,145.57
05.23.2002-03:00:00,05,23,2002,03,149.37
05.23.2002-06:00:00,05,23,2002,06,142.12
05.23.2002-09:00:00,05,23,2002,09,122.39
05.23.2002-12:00:00,05,23,2002,12,99.709
05.23.2002-15:00:00,05,23,2002,15,63.764
05.23.2002-18:00:00,05,23,2002,18,58.653
05.23.2002-21:00:00,05,23,2002,21,61.694
05.24.2002-00:00:00,05,24,2002,00,70.286
05.24.2002-03:00:00,05,24,2002,03,75.31
05.24.2002-06:00:00,05,24,2002,06,84.978
05.24.2002-09:00:00,05,24,2002,09,98.164
05.24.2002-12:00:00,05,24,2002,12,61.964
05.24.2002-15:00:00,05,24,2002,15,54.702
05.24.2002-18:00:00,05,24,2002,18,54.254
05.24.2002-21:00:00,05,24,2002,21,53.962
05.25.2002-00:00:00,05,25,2002,00,53.744
05.25.2002-03:00:00,05,25,2002,03,62.115
05.25.2002-06:00:00,05,25,2002,06,68.411
05.25.2002-09:00:00,05,25,2002,09,59.4
05.25.2002-12:00:00,05,25,2002,12,61.198
05.25.2002-15:00:00,05,25,2002,15,53.099
05.25.2002-18:00:00,05,25,2002,18,51.224
05.25.2002-21:00:00,05,25,2002,21,50.961
05.26.2002-00:00:00,05,26,2002,00,50.818
05.26.2002-03:00:00,05,26,2002,03,57.389
05.26.2002-06:00:00,05,26,2002,06,65.345
05.26.2002-09:00:00,05,26,2002,09,54.383
05.26.2002-12:00:00,05,26,2002,12,56.808
05.26.2002-15:00:00,05,26,2002,15,50.196
05.26.2002-18:00:00,05,26,2002,18,48.601
05.26.2002-21:00:00,05,26,2002,21,48.369
05.27.2002-00:00:00,05,27,2002,00,48.191
05.27.2002-03:00:00,05,27,2002,03,48.056
05.27.2002-06:00:00,05,27,2002,06,49.49
05.27.2002-09:00:00,05,27,2002,09,55.635
05.27.2002-12:00:00,05,27,2002,12,48.287
05.27.2002-15:00:00,05,27,2002,15,46.418
05.27.2002-18:00:00,05,27,2002,18,46.144
05.27.2002-21:00:00,05,27,2002,21,45.963
05.28.2002-00:00:00,05,28,2002,00,45.8
05.28.2002-03:00:00,05,28,2002,03,45.728
05.28.2002-06:00:00,05,28,2002,06,49.046
05.28.2002-09:00:00,05,28,2002,09,59.276
05.28.2002-12:00:00,05,28,2002,12,48.694
05.28.2002-15:00:00,05,28,2002,15,47.563
05.28.2002-18:00:00,05,28,2002,18,45.069
05.28.2002-21:00:00,05,28,2002,21,50.453
05.29.2002-00:00:00,05,29,2002,00,59.228
05.29.2002-03:00:00,05,29,2002,03,60.313
05.29.2002-06:00:00,05,29,2002,06,61.91
05.29.2002-09:00:00,05,29,2002,09,52.541
05.29.2002-12:00:00,05,29,2002,12,53.099
05.29.2002-15:00:00,05,29,2002,15,45.106
05.29.2002-18:00:00,05,29,2002,18,43.387
05.29.2002-21:00:00,05,29,2002,21,43.216
05.30.2002-00:00:00,05,30,2002,00,43.099
05.30.2002-03:00:00,05,30,2002,03,43.031
05.30.2002-06:00:00,05,30,2002,06,46.738
05.30.2002-09:00:00,05,30,2002,09,50.352
05.30.2002-12:00:00,05,30,2002,12,43.548
05.30.2002-15:00:00,05,30,2002,15,41.969
05.30.2002-18:00:00,05,30,2002,18,41.775
05.30.2002-21:00:00,05,30,2002,21,41.644
05.31.2002-00:00:00,05,31,2002,00,41.521
05.31.2002-03:00:00,05,31,2002,03,41.418
05.31.2002-06:00:00,05,31,2002,06,41.332
05.31.2002-09:00:00,05,31,2002,09,41.157
05.31.2002-12:00:00,05,31,2002,12,40.926
05.31.2002-15:00:00,05,31,2002,15,40.726
05.31.2002-18:00:00,05,31,2002,18,40.57
05.31.2002-21:00:00,05,31,2002,21,40.448
06.01.2002-00:00:00,06,01,2002,00,40.348
06.01.2002-03:00:00,06,01,2002,03,40.279
06.01.2002-06:00:00,06,01,2002,06,40.216
06.01.2002-09:00:00,06,01,2002,09,40.072
06.01.2002-12:00:00,06,01,2002,12,39.871
06.01.2002-15:00:00,06,01,2002,15,39.685
06.01.2002-18:00:00,06,01,2002,18,39.54
06.01.2002-21:00:00,06,01,2002,21,39.427
06.02.2002-00:00:00,06,02,2002,00,39.34
06.02.2002-03:00:00,06,02,2002,03,39.279
06.02.2002-06:00:00,06,02,2002,06,39.218
06.02.2002-09:00:00,06,02,2002,09,39.062
06.02.2002-12:00:00,06,02,2002,12,38.86
06.02.2002-15:00:00,06,02,2002,15,38.677
06.02.2002-18:00:00,06,02,2002,18,38.537
06.02.2002-21:00:00,06,02,2002,21,38.43
06.03.2002-00:00:00,06,03,2002,00,38.346
06.03.2002-03:00:00,06,03,2002,03,38.285
06.03.2002-06:00:00,06,03,2002,06,38.232
06.03.2002-09:00:00,06,03,2002,09,38.078
06.03.2002-12:00:00,06,03,2002,12,37.871
06.03.2002-15:00:00,06,03,2002,15,37.696
06.03.2002-18:00:00,06,03,2002,18,37.566
06.03.2002-21:00:00,06,03,2002,21,37.467
06.04.2002-00:00:00,06,04,2002,00,37.384
06.04.2002-03:00:00,06,04,2002,03,37.319
06.04.2002-06:00:00,06,04,2002,06,37.269
06.04.2002-09:00:00,06,04,2002,09,37.138
06.04.2002-12:00:00,06,04,2002,12,36.963
06.04.2002-15:00:00,06,04,2002,15,36.803
06.04.2002-18:00:00,06,04,2002,18,36.678
06.04.2002-21:00:00,06,04,2002,21,36.584
06.05.2002-00:00:00,06,05,2002,00,36.519
06.05.2002-03:00:00,06,05,2002,03,36.485
06.05.2002-06:00:00,06,05,2002,06,36.44
06.05.2002-09:00:00,06,05,2002,09,36.308
06.05.2002-12:00:00,06,05,2002,12,36.128
06.05.2002-15:00:00,06,05,2002,15,35.97
06.05.2002-18:00:00,06,05,2002,18,35.852
06.05.2002-21:00:00,06,05,2002,21,35.764
06.06.2002-00:00:00,06,06,2002,00,35.686
06.06.2002-03:00:00,06,06,2002,03,35.631
06.06.2002-06:00:00,06,06,2002,06,35.603
06.06.2002-09:00:00,06,06,2002,09,35.5
06.06.2002-12:00:00,06,06,2002,12,35.344
06.06.2002-15:00:00,06,06,2002,15,35.209
06.06.2002-18:00:00,06,06,2002,18,35.108
06.06.2002-21:00:00,06,06,2002,21,35.03
06.07.2002-00:00:00,06,07,2002,00,34.992
06.07.2002-03:00:00,06,07,2002,03,35.002
06.07.2002-06:00:00,06,07,2002,06,35.031
06.07.2002-09:00:00,06,07,2002,09,34.987
06.07.2002-12:00:00,06,07,2002,12,34.876
06.07.2002-15:00:00,06,07,2002,15,34.757
06.07.2002-18:00:00,06,07,2002,18,34.663
06.07.2002-21:00:00,06,07,2002,21,34.606
06.08.2002-00:00:00,06,08,2002,00,34.605
06.08.2002-03:00:00,06,08,2002,03,34.658
06.08.2002-06:00:00,06,08,2002,06,38.751
06.08.2002-09:00:00,06,08,2002,09,46.449
06.08.2002-12:00:00,06,08,2002,12,39.945
06.08.2002-15:00:00,06,08,2002,15,40.539
06.08.2002-18:00:00,06,08,2002,18,39.705
06.08.2002-21:00:00,06,08,2002,21,44.352
06.09.2002-00:00:00,06,09,2002,00,45.936
06.09.2002-03:00:00,06,09,2002,03,47.11
06.09.2002-06:00:00,06,09,2002,06,43.651
06.09.2002-09:00:00,06,09,2002,09,43.064
06.09.2002-12:00:00,06,09,2002,12,35.236
06.09.2002-15:00:00,06,09,2002,15,33.656
06.09.2002-18:00:00,06,09,2002,18,33.53
06.09.2002-21:00:00,06,09,2002,21,33.458
06.10.2002-00:00:00,06,10,2002,00,33.406
06.10.2002-03:00:00,06,10,2002,03,33.382
06.10.2002-06:00:00,06,10,2002,06,33.367
06.10.2002-09:00:00,06,10,2002,09,33.264
06.10.2002-12:00:00,06,10,2002,12,33.079
06.10.2002-15:00:00,06,10,2002,15,32.934
06.10.2002-18:00:00,06,10,2002,18,32.835
06.10.2002-21:00:00,06,10,2002,21,32.767
06.11.2002-00:00:00,06,11,2002,00,32.704
06.11.2002-03:00:00,06,11,2002,03,32.698
06.11.2002-06:00:00,06,11,2002,06,32.742
06.11.2002-09:00:00,06,11,2002,09,32.694
06.11.2002-12:00:00,06,11,2002,12,32.602
06.11.2002-15:00:00,06,11,2002,15,32.514
06.11.2002-18:00:00,06,11,2002,18,32.45
06.11.2002-21:00:00,06,11,2002,21,32.449
06.12.2002-00:00:00,06,12,2002,00,32.404
06.12.2002-03:00:00,06,12,2002,03,32.438
06.12.2002-06:00:00,06,12,2002,06,38.77
06.12.2002-09:00:00,06,12,2002,09,38.996
06.12.2002-12:00:00,06,12,2002,12,33.124
06.12.2002-15:00:00,06,12,2002,15,31.949
06.12.2002-18:00:00,06,12,2002,18,31.844
06.12.2002-21:00:00,06,12,2002,21,31.781
06.13.2002-00:00:00,06,13,2002,00,31.722
06.13.2002-03:00:00,06,13,2002,03,31.682
06.13.2002-06:00:00,06,13,2002,06,31.653
06.13.2002-09:00:00,06,13,2002,09,31.534
06.13.2002-12:00:00,06,13,2002,12,31.368
06.13.2002-15:00:00,06,13,2002,15,31.245
06.13.2002-18:00:00,06,13,2002,18,31.164
06.13.2002-21:00:00,06,13,2002,21,31.105
06.14.2002-00:00:00,06,14,2002,00,31.05
06.14.2002-03:00:00,06,14,2002,03,31.011
06.14.2002-06:00:00,06,14,2002,06,30.982
06.14.2002-09:00:00,06,14,2002,09,30.864
06.14.2002-12:00:00,06,14,2002,12,30.719
06.14.2002-15:00:00,06,14,2002,15,30.609
06.14.2002-18:00:00,06,14,2002,18,30.534
06.14.2002-21:00:00,06,14,2002,21,30.48
06.15.2002-00:00:00,06,15,2002,00,30.428
06.15.2002-03:00:00,06,15,2002,03,30.391
06.15.2002-06:00:00,06,15,2002,06,30.369
06.15.2002-09:00:00,06,15,2002,09,30.259
06.15.2002-12:00:00,06,15,2002,12,30.121
06.15.2002-15:00:00,06,15,2002,15,30.027
06.15.2002-18:00:00,06,15,2002,18,29.961
06.15.2002-21:00:00,06,15,2002,21,29.911
06.16.2002-00:00:00,06,16,2002,00,29.863
06.16.2002-03:00:00,06,16,2002,03,29.812
06.16.2002-06:00:00,06,16,2002,06,29.789
06.16.2002-09:00:00,06,16,2002,09,29.691
06.16.2002-12:00:00,06,16,2002,12,29.589
06.16.2002-15:00:00,06,16,2002,15,29.505
06.16.2002-18:00:00,06,16,2002,18,29.443
06.16.2002-21:00:00,06,16,2002,21,29.395
06.17.2002-00:00:00,06,17,2002,00,29.349
06.17.2002-03:00:00,06,17,2002,03,29.299
06.17.2002-06:00:00,06,17,2002,06,29.262
06.17.2002-09:00:00,06,17,2002,09,29.203
06.17.2002-12:00:00,06,17,2002,12,29.121
06.17.2002-15:00:00,06,17,2002,15,29.053
06.17.2002-18:00:00,06,17,2002,18,28.998
06.17.2002-21:00:00,06,17,2002,21,28.953
06.18.2002-00:00:00,06,18,2002,00,28.932
06.18.2002-03:00:00,06,18,2002,03,28.948
06.18.2002-06:00:00,06,18,2002,06,28.963
06.18.2002-09:00:00,06,18,2002,09,28.923
06.18.2002-12:00:00,06,18,2002,12,28.848
06.18.2002-15:00:00,06,18,2002,15,28.785
06.18.2002-18:00:00,06,18,2002,18,28.732
06.18.2002-21:00:00,06,18,2002,21,28.693
06.19.2002-00:00:00,06,19,2002,00,28.709
06.19.2002-03:00:00,06,19,2002,03,28.736
06.19.2002-06:00:00,06,19,2002,06,28.746
06.19.2002-09:00:00,06,19,2002,09,28.687
06.19.2002-12:00:00,06,19,2002,12,28.589
06.19.2002-15:00:00,06,19,2002,15,28.512
06.19.2002-18:00:00,06,19,2002,18,28.456
06.19.2002-21:00:00,06,19,2002,21,28.413
06.20.2002-00:00:00,06,20,2002,00,28.373
06.20.2002-03:00:00,06,20,2002,03,28.328
06.20.2002-06:00:00,06,20,2002,06,28.273
06.20.2002-09:00:00,06,20,2002,09,28.177
06.20.2002-12:00:00,06,20,2002,12,28.073
06.20.2002-15:00:00,06,20,2002,15,27.998
06.20.2002-18:00:00,06,20,2002,18,27.944
06.20.2002-21:00:00,06,20,2002,21,27.904
06.21.2002-00:00:00,06,21,2002,00,27.866
06.21.2002-03:00:00,06,21,2002,03,27.823
06.21.2002-06:00:00,06,21,2002,06,27.769
06.21.2002-09:00:00,06,21,2002,09,27.675
06.21.2002-12:00:00,06,21,2002,12,27.575
06.21.2002-15:00:00,06,21,2002,15,27.502
06.21.2002-18:00:00,06,21,2002,18,27.45
06.21.2002-21:00:00,06,21,2002,21,27.412
06.22.2002-00:00:00,06,22,2002,00,27.375
06.22.2002-03:00:00,06,22,2002,03,27.334
06.22.2002-06:00:00,06,22,2002,06,27.288
06.22.2002-09:00:00,06,22,2002,09,27.201
06.22.2002-12:00:00,06,22,2002,12,27.11
06.22.2002-15:00:00,06,22,2002,15,27.041
06.22.2002-18:00:00,06,22,2002,18,26.992
06.22.2002-21:00:00,06,22,2002,21,26.955
06.23.2002-00:00:00,06,23,2002,00,26.92
06.23.2002-03:00:00,06,23,2002,03,26.88
06.23.2002-06:00:00,06,23,2002,06,26.831
06.23.2002-09:00:00,06,23,2002,09,26.745
06.23.2002-12:00:00,06,23,2002,12,26.654
06.23.2002-15:00:00,06,23,2002,15,26.586
06.23.2002-18:00:00,06,23,2002,18,26.539
06.23.2002-21:00:00,06,23,2002,21,26.504
06.24.2002-00:00:00,06,24,2002,00,26.472
06.24.2002-03:00:00,06,24,2002,03,26.434
06.24.2002-06:00:00,06,24,2002,06,26.385
06.24.2002-09:00:00,06,24,2002,09,26.303
06.24.2002-12:00:00,06,24,2002,12,26.216
06.24.2002-15:00:00,06,24,2002,15,26.152
06.24.2002-18:00:00,06,24,2002,18,26.108
06.24.2002-21:00:00,06,24,2002,21,26.075
06.25.2002-00:00:00,06,25,2002,00,26.045
06.25.2002-03:00:00,06,25,2002,03,26.009
06.25.2002-06:00:00,06,25,2002,06,25.957
06.25.2002-09:00:00,06,25,2002,09,25.876
06.25.2002-12:00:00,06,25,2002,12,25.794
06.25.2002-15:00:00,06,25,2002,15,25.732
06.25.2002-18:00:00,06,25,2002,18,25.689
06.25.2002-21:00:00,06,25,2002,21,25.658
06.26.2002-00:00:00,06,26,2002,00,25.629
06.26.2002-03:00:00,06,26,2002,03,25.595
06.26.2002-06:00:00,06,26,2002,06,25.545
06.26.2002-09:00:00,06,26,2002,09,25.475
06.26.2002-12:00:00,06,26,2002,12,25.441
06.26.2002-15:00:00,06,26,2002,15,25.391
06.26.2002-18:00:00,06,26,2002,18,25.351
06.26.2002-21:00:00,06,26,2002,21,25.321
06.27.2002-00:00:00,06,27,2002,00,25.292
06.27.2002-03:00:00,06,27,2002,03,25.256
06.27.2002-06:00:00,06,27,2002,06,25.21
06.27.2002-09:00:00,06,27,2002,09,25.134
06.27.2002-12:00:00,06,27,2002,12,25.054
06.27.2002-15:00:00,06,27,2002,15,24.995
06.27.2002-18:00:00,06,27,2002,18,24.954
06.27.2002-21:00:00,06,27,2002,21,24.924
06.28.2002-00:00:00,06,28,2002,00,24.898
06.28.2002-03:00:00,06,28,2002,03,24.867
06.28.2002-06:00:00,06,28,2002,06,24.828
06.28.2002-09:00:00,06,28,2002,09,24.793
06.28.2002-12:00:00,06,28,2002,12,24.736
06.28.2002-15:00:00,06,28,2002,15,24.691
06.28.2002-18:00:00,06,28,2002,18,24.655
06.28.2002-21:00:00,06,28,2002,21,24.629
06.29.2002-00:00:00,06,29,2002,00,24.615
06.29.2002-03:00:00,06,29,2002,03,24.645
06.29.2002-06:00:00,06,29,2002,06,24.686
06.29.2002-09:00:00,06,29,2002,09,24.698
06.29.2002-12:00:00,06,29,2002,12,24.671
06.29.2002-15:00:00,06,29,2002,15,24.641
06.29.2002-18:00:00,06,29,2002,18,24.619
06.29.2002-21:00:00,06,29,2002,21,24.644
06.30.2002-00:00:00,06,30,2002,00,24.688
06.30.2002-03:00:00,06,30,2002,03,24.721
06.30.2002-06:00:00,06,30,2002,06,24.741
06.30.2002-09:00:00,06,30,2002,09,24.735
06.30.2002-12:00:00,06,30,2002,12,24.681
06.30.2002-15:00:00,06,30,2002,15,24.636
06.30.2002-18:00:00,06,30,2002,18,24.601
06.30.2002-21:00:00,06,30,2002,21,24.575
07.01.2002-00:00:00,07,01,2002,00,24.563
07.01.2002-03:00:00,07,01,2002,03,24.59
07.01.2002-06:00:00,07,01,2002,06,24.631
07.01.2002-09:00:00,07,01,2002,09,24.604
07.01.2002-12:00:00,07,01,2002,12,24.539
07.01.2002-15:00:00,07,01,2002,15,24.49
07.01.2002-18:00:00,07,01,2002,18,24.456
07.01.2002-21:00:00,07,01,2002,21,24.432
07.02.2002-00:00:00,07,02,2002,00,24.409
07.02.2002-03:00:00,07,02,2002,03,24.383
07.02.2002-06:00:00,07,02,2002,06,24.369
07.02.2002-09:00:00,07,02,2002,09,24.325
07.02.2002-12:00:00,07,02,2002,12,24.258
07.02.2002-15:00:00,07,02,2002,15,24.21
07.02.2002-18:00:00,07,02,2002,18,24.176
07.02.2002-21:00:00,07,02,2002,21,24.152
07.03.2002-00:00:00,07,03,2002,00,24.13
07.03.2002-03:00:00,07,03,2002,03,24.102
07.03.2002-06:00:00,07,03,2002,06,24.067
07.03.2002-09:00:00,07,03,2002,09,24.004
07.03.2002-12:00:00,07,03,2002,12,23.936
07.03.2002-15:00:00,07,03,2002,15,23.889
07.03.2002-18:00:00,07,03,2002,18,23.855
07.03.2002-21:00:00,07,03,2002,21,23.832
07.04.2002-00:00:00,07,04,2002,00,23.812
07.04.2002-03:00:00,07,04,2002,03,23.788
07.04.2002-06:00:00,07,04,2002,06,23.752
07.04.2002-09:00:00,07,04,2002,09,23.691
07.04.2002-12:00:00,07,04,2002,12,23.624
07.04.2002-15:00:00,07,04,2002,15,23.579
07.04.2002-18:00:00,07,04,2002,18,23.548
07.04.2002-21:00:00,07,04,2002,21,23.528
07.05.2002-00:00:00,07,05,2002,00,23.51
07.05.2002-03:00:00,07,05,2002,03,23.488
07.05.2002-06:00:00,07,05,2002,06,23.454
07.05.2002-09:00:00,07,05,2002,09,23.392
07.05.2002-12:00:00,07,05,2002,12,23.326
07.05.2002-15:00:00,07,05,2002,15,23.281
07.05.2002-18:00:00,07,05,2002,18,23.252
07.05.2002-21:00:00,07,05,2002,21,23.233
07.06.2002-00:00:00,07,06,2002,00,23.216
07.06.2002-03:00:00,07,06,2002,03,23.195
07.06.2002-06:00:00,07,06,2002,06,23.16
07.06.2002-09:00:00,07,06,2002,09,23.098
07.06.2002-12:00:00,07,06,2002,12,23.031
07.06.2002-15:00:00,07,06,2002,15,22.985
07.06.2002-18:00:00,07,06,2002,18,22.957
07.06.2002-21:00:00,07,06,2002,21,22.938
07.07.2002-00:00:00,07,07,2002,00,22.921
07.07.2002-03:00:00,07,07,2002,03,22.9
07.07.2002-06:00:00,07,07,2002,06,22.865
07.07.2002-09:00:00,07,07,2002,09,22.804
07.07.2002-12:00:00,07,07,2002,12,22.739
07.07.2002-15:00:00,07,07,2002,15,22.695
07.07.2002-18:00:00,07,07,2002,18,22.666
07.07.2002-21:00:00,07,07,2002,21,22.648
07.08.2002-00:00:00,07,08,2002,00,22.862
07.08.2002-03:00:00,07,08,2002,03,23.044
07.08.2002-06:00:00,07,08,2002,06,23.293
07.08.2002-09:00:00,07,08,2002,09,23.609
07.08.2002-12:00:00,07,08,2002,12,23.892
07.08.2002-15:00:00,07,08,2002,15,24.165
07.08.2002-18:00:00,07,08,2002,18,24.477
07.08.2002-21:00:00,07,08,2002,21,33.033
07.09.2002-00:00:00,07,09,2002,00,59.753
07.09.2002-03:00:00,07,09,2002,03,50.004
07.09.2002-06:00:00,07,09,2002,06,39.832
07.09.2002-09:00:00,07,09,2002,09,26.593
07.09.2002-12:00:00,07,09,2002,12,24.235
07.09.2002-15:00:00,07,09,2002,15,24.105
07.09.2002-18:00:00,07,09,2002,18,24.051
07.09.2002-21:00:00,07,09,2002,21,24.016
07.10.2002-00:00:00,07,10,2002,00,23.985
07.10.2002-03:00:00,07,10,2002,03,23.95
07.10.2002-06:00:00,07,10,2002,06,23.906
07.10.2002-09:00:00,07,10,2002,09,23.791
07.10.2002-12:00:00,07,10,2002,12,23.747
07.10.2002-15:00:00,07,10,2002,15,23.677
07.10.2002-18:00:00,07,10,2002,18,23.626
07.10.2002-21:00:00,07,10,2002,21,23.594
07.11.2002-00:00:00,07,11,2002,00,23.566
07.11.2002-03:00:00,07,11,2002,03,23.533
07.11.2002-06:00:00,07,11,2002,06,23.491
07.11.2002-09:00:00,07,11,2002,09,23.465
07.11.2002-12:00:00,07,11,2002,12,23.45
07.11.2002-15:00:00,07,11,2002,15,23.401
07.11.2002-18:00:00,07,11,2002,18,23.359
07.11.2002-21:00:00,07,11,2002,21,23.33
07.12.2002-00:00:00,07,12,2002,00,23.308
07.12.2002-03:00:00,07,12,2002,03,23.295
07.12.2002-06:00:00,07,12,2002,06,23.275
07.12.2002-09:00:00,07,12,2002,09,23.268
07.12.2002-12:00:00,07,12,2002,12,23.255
07.12.2002-15:00:00,07,12,2002,15,23.209
07.12.2002-18:00:00,07,12,2002,18,23.169
07.12.2002-21:00:00,07,12,2002,21,23.14
07.13.2002-00:00:00,07,13,2002,00,23.119
07.13.2002-03:00:00,07,13,2002,03,23.106
07.13.2002-06:00:00,07,13,2002,06,23.087
07.13.2002-09:00:00,07,13,2002,09,23.03
07.13.2002-12:00:00,07,13,2002,12,23.001
07.13.2002-15:00:00,07,13,2002,15,22.941
07.13.2002-18:00:00,07,13,2002,18,22.894
07.13.2002-21:00:00,07,13,2002,21,22.866
07.14.2002-00:00:00,07,14,2002,00,22.84
07.14.2002-03:00:00,07,14,2002,03,22.823
07.14.2002-06:00:00,07,14,2002,06,22.806
07.14.2002-09:00:00,07,14,2002,09,22.721
07.14.2002-12:00:00,07,14,2002,12,22.61
07.14.2002-15:00:00,07,14,2002,15,22.548
07.14.2002-18:00:00,07,14,2002,18,22.509
07.14.2002-21:00:00,07,14,2002,21,22.484
07.15.2002-00:00:00,07,15,2002,00,22.462
07.15.2002-03:00:00,07,15,2002,03,22.434
07.15.2002-06:00:00,07,15,2002,06,22.389
07.15.2002-09:00:00,07,15,2002,09,22.31
07.15.2002-12:00:00,07,15,2002,12,22.229
07.15.2002-15:00:00,07,15,2002,15,22.174
07.15.2002-18:00:00,07,15,2002,18,22.138
07.15.2002-21:00:00,07,15,2002,21,22.116
07.16.2002-00:00:00,07,16,2002,00,22.096
07.16.2002-03:00:00,07,16,2002,03,22.07
07.16.2002-06:00:00,07,16,2002,06,22.027
07.16.2002-09:00:00,07,16,2002,09,21.953
07.16.2002-12:00:00,07,16,2002,12,21.88
07.16.2002-15:00:00,07,16,2002,15,21.829
07.16.2002-18:00:00,07,16,2002,18,21.796
07.16.2002-21:00:00,07,16,2002,21,21.775
07.17.2002-00:00:00,07,17,2002,00,21.757
07.17.2002-03:00:00,07,17,2002,03,21.732
07.17.2002-06:00:00,07,17,2002,06,21.692
07.17.2002-09:00:00,07,17,2002,09,21.624
07.17.2002-12:00:00,07,17,2002,12,21.555
07.17.2002-15:00:00,07,17,2002,15,21.508
07.17.2002-18:00:00,07,17,2002,18,21.477
07.17.2002-21:00:00,07,17,2002,21,21.459
07.18.2002-00:00:00,07,18,2002,00,21.442
07.18.2002-03:00:00,07,18,2002,03,21.419
07.18.2002-06:00:00,07,18,2002,06,21.382
07.18.2002-09:00:00,07,18,2002,09,21.317
07.18.2002-12:00:00,07,18,2002,12,21.249
07.18.2002-15:00:00,07,18,2002,15,21.204
07.18.2002-18:00:00,07,18,2002,18,21.175
07.18.2002-21:00:00,07,18,2002,21,21.158
07.19.2002-00:00:00,07,19,2002,00,21.142
07.19.2002-03:00:00,07,19,2002,03,21.121
07.19.2002-06:00:00,07,19,2002,06,21.085
07.19.2002-09:00:00,07,19,2002,09,21.022
07.19.2002-12:00:00,07,19,2002,12,20.955
07.19.2002-15:00:00,07,19,2002,15,20.911
07.19.2002-18:00:00,07,19,2002,18,20.884
07.19.2002-21:00:00,07,19,2002,21,20.868
07.20.2002-00:00:00,07,20,2002,00,20.854
07.20.2002-03:00:00,07,20,2002,03,20.835
07.20.2002-06:00:00,07,20,2002,06,20.803
07.20.2002-09:00:00,07,20,2002,09,20.742
07.20.2002-12:00:00,07,20,2002,12,20.678
07.20.2002-15:00:00,07,20,2002,15,20.637
07.20.2002-18:00:00,07,20,2002,18,20.612
07.20.2002-21:00:00,07,20,2002,21,20.597
07.21.2002-00:00:00,07,21,2002,00,20.584
07.21.2002-03:00:00,07,21,2002,03,20.566
07.21.2002-06:00:00,07,21,2002,06,20.534
07.21.2002-09:00:00,07,21,2002,09,20.474
07.21.2002-12:00:00,07,21,2002,12,20.413
07.21.2002-15:00:00,07,21,2002,15,20.372
07.21.2002-18:00:00,07,21,2002,18,20.348
07.21.2002-21:00:00,07,21,2002,21,20.334
07.22.2002-00:00:00,07,22,2002,00,20.322
07.22.2002-03:00:00,07,22,2002,03,20.306
07.22.2002-06:00:00,07,22,2002,06,20.275
07.22.2002-09:00:00,07,22,2002,09,20.219
07.22.2002-12:00:00,07,22,2002,12,20.17
07.22.2002-15:00:00,07,22,2002,15,20.134
07.22.2002-18:00:00,07,22,2002,18,20.111
07.22.2002-21:00:00,07,22,2002,21,20.098
07.23.2002-00:00:00,07,23,2002,00,20.087
07.23.2002-03:00:00,07,23,2002,03,20.071
07.23.2002-06:00:00,07,23,2002,06,20.041
07.23.2002-09:00:00,07,23,2002,09,19.988
07.23.2002-12:00:00,07,23,2002,12,19.971
07.23.2002-15:00:00,07,23,2002,15,19.941
07.23.2002-18:00:00,07,23,2002,18,19.919
07.23.2002-21:00:00,07,23,2002,21,19.907
07.24.2002-00:00:00,07,24,2002,00,19.897
07.24.2002-03:00:00,07,24,2002,03,19.881
07.24.2002-06:00:00,07,24,2002,06,19.852
07.24.2002-09:00:00,07,24,2002,09,19.801
07.24.2002-12:00:00,07,24,2002,12,19.758
07.24.2002-15:00:00,07,24,2002,15,19.725
07.24.2002-18:00:00,07,24,2002,18,19.704
07.24.2002-21:00:00,07,24,2002,21,19.692
07.25.2002-00:00:00,07,25,2002,00,19.682
07.25.2002-03:00:00,07,25,2002,03,19.666
07.25.2002-06:00:00,07,25,2002,06,19.639
07.25.2002-09:00:00,07,25,2002,09,19.593
07.25.2002-12:00:00,07,25,2002,12,19.547
07.25.2002-15:00:00,07,25,2002,15,19.517
07.25.2002-18:00:00,07,25,2002,18,19.498
07.25.2002-21:00:00,07,25,2002,21,19.485
07.26.2002-00:00:00,07,26,2002,00,19.475
07.26.2002-03:00:00,07,26,2002,03,19.459
07.26.2002-06:00:00,07,26,2002,06,19.435
07.26.2002-09:00:00,07,26,2002,09,19.413
07.26.2002-12:00:00,07,26,2002,12,19.396
07.26.2002-15:00:00,07,26,2002,15,19.379
07.26.2002-18:00:00,07,26,2002,18,19.363
07.26.2002-21:00:00,07,26,2002,21,19.347
07.27.2002-00:00:00,07,27,2002,00,19.33
07.27.2002-03:00:00,07,27,2002,03,19.313
07.27.2002-06:00:00,07,27,2002,06,19.297
07.27.2002-09:00:00,07,27,2002,09,19.28
07.27.2002-12:00:00,07,27,2002,12,19.263
07.27.2002-15:00:00,07,27,2002,15,19.247
07.27.2002-18:00:00,07,27,2002,18,19.23
07.27.2002-21:00:00,07,27,2002,21,19.214
07.28.2002-00:00:00,07,28,2002,00,19.197
07.28.2002-03:00:00,07,28,2002,03,19.181
07.28.2002-06:00:00,07,28,2002,06,19.165
07.28.2002-09:00:00,07,28,2002,09,19.148
07.28.2002-12:00:00,07,28,2002,12,19.132
07.28.2002-15:00:00,07,28,2002,15,19.116
07.28.2002-18:00:00,07,28,2002,18,19.099
07.28.2002-21:00:00,07,28,2002,21,19.083
07.29.2002-00:00:00,07,29,2002,00,19.067
07.29.2002-03:00:00,07,29,2002,03,19.051
07.29.2002-06:00:00,07,29,2002,06,19.035
07.29.2002-09:00:00,07,29,2002,09,19.019
07.29.2002-12:00:00,07,29,2002,12,19.003
07.29.2002-15:00:00,07,29,2002,15,18.987
07.29.2002-18:00:00,07,29,2002,18,18.971
07.29.2002-21:00:00,07,29,2002,21,18.955
07.30.2002-00:00:00,07,30,2002,00,18.939
07.30.2002-03:00:00,07,30,2002,03,18.923
07.30.2002-06:00:00,07,30,2002,06,18.907
07.30.2002-09:00:00,07,30,2002,09,18.891
07.30.2002-12:00:00,07,30,2002,12,18.876
07.30.2002-15:00:00,07,30,2002,15,18.86
07.30.2002-18:00:00,07,30,2002,18,18.844
07.30.2002-21:00:00,07,30,2002,21,18.828
07.31.2002-00:00:00,07,31,2002,00,18.813
07.31.2002-03:00:00,07,31,2002,03,18.797
07.31.2002-06:00:00,07,31,2002,06,18.782
07.31.2002-09:00:00,07,31,2002,09,18.766
07.31.2002-12:00:00,07,31,2002,12,18.75
07.31.2002-15:00:00,07,31,2002,15,18.735
07.31.2002-18:00:00,07,31,2002,18,18.719
07.31.2002-21:00:00,07,31,2002,21,18.704
08.01.2002-00:00:00,08,01,2002,00,18.689
08.01.2002-03:00:00,08,01,2002,03,18.673
08.01.2002-06:00:00,08,01,2002,06,18.658
08.01.2002-09:00:00,08,01,2002,09,18.643
08.01.2002-12:00:00,08,01,2002,12,18.627
08.01.2002-15:00:00,08,01,2002,15,18.612
08.01.2002-18:00:00,08,01,2002,18,18.597
08.01.2002-21:00:00,08,01,2002,21,18.582
08.02.2002-00:00:00,08,02,2002,00,18.566
08.02.2002-03:00:00,08,02,2002,03,18.551
08.02.2002-06:00:00,08,02,2002,06,18.536
08.02.2002-09:00:00,08,02,2002,09,18.521
08.02.2002-12:00:00,08,02,2002,12,18.506
08.02.2002-15:00:00,08,02,2002,15,18.491
08.02.2002-18:00:00,08,02,2002,18,18.476
08.02.2002-21:00:00,08,02,2002,21,18.461
08.03.2002-00:00:00,08,03,2002,00,18.446
08.03.2002-03:00:00,08,03,2002,03,18.431
08.03.2002-06:00:00,08,03,2002,06,18.416
08.03.2002-09:00:00,08,03,2002,09,18.402
08.03.2002-12:00:00,08,03,2002,12,18.387
08.03.2002-15:00:00,08,03,2002,15,18.372
08.03.2002-18:00:00,08,03,2002,18,18.357
08.03.2002-21:00:00,08,03,2002,21,18.343
08.04.2002-00:00:00,08,04,2002,00,18.328
08.04.2002-03:00:00,08,04,2002,03,18.313
08.04.2002-06:00:00,08,04,2002,06,18.299
08.04.2002-09:00:00,08,04,2002,09,18.284
08.04.2002-12:00:00,08,04,2002,12,18.269
08.04.2002-15:00:00,08,04,2002,15,18.255
08.04.2002-18:00:00,08,04,2002,18,18.24
08.04.2002-21:00:00,08,04,2002,21,18.226
08.05.2002-00:00:00,08,05,2002,00,18.211
08.05.2002-03:00:00,08,05,2002,03,18.197
08.05.2002-06:00:00,08,05,2002,06,18.182
08.05.2002-09:00:00,08,05,2002,09,18.168
08.05.2002-12:00:00,08,05,2002,12,18.154
08.05.2002-15:00:00,08,05,2002,15,18.139
08.05.2002-18:00:00,08,05,2002,18,18.125
08.05.2002-21:00:00,08,05,2002,21,18.111
08.06.2002-00:00:00,08,06,2002,00,18.097
08.06.2002-03:00:00,08,06,2002,03,18.082
08.06.2002-06:00:00,08,06,2002,06,18.068
08.06.2002-09:00:00,08,06,2002,09,18.054
08.06.2002-12:00:00,08,06,2002,12,18.04
08.06.2002-15:00:00,08,06,2002,15,18.026
08.06.2002-18:00:00,08,06,2002,18,18.012
08.06.2002-21:00:00,08,06,2002,21,17.998
08.07.2002-00:00:00,08,07,2002,00,17.984
08.07.2002-03:00:00,08,07,2002,03,17.97
08.07.2002-06:00:00,08,07,2002,06,17.956
08.07.2002-09:00:00,08,07,2002,09,17.942
08.07.2002-12:00:00,08,07,2002,12,17.928
08.07.2002-15:00:00,08,07,2002,15,17.914
08.07.2002-18:00:00,08,07,2002,18,17.9
08.07.2002-21:00:00,08,07,2002,21,17.886
08.08.2002-00:00:00,08,08,2002,00,17.872
08.08.2002-03:00:00,08,08,2002,03,17.859
08.08.2002-06:00:00,08,08,2002,06,17.845
08.08.2002-09:00:00,08,08,2002,09,17.831
08.08.2002-12:00:00,08,08,2002,12,17.817
08.08.2002-15:00:00,08,08,2002,15,17.804
08.08.2002-18:00:00,08,08,2002,18,17.79
08.08.2002-21:00:00,08,08,2002,21,17.777
08.09.2002-00:00:00,08,09,2002,00,17.763
08.09.2002-03:00:00,08,09,2002,03,17.749
08.09.2002-06:00:00,08,09,2002,06,17.736
08.09.2002-09:00:00,08,09,2002,09,17.722
08.09.2002-12:00:00,08,09,2002,12,17.709
08.09.2002-15:00:00,08,09,2002,15,17.695
08.09.2002-18:00:00,08,09,2002,18,17.682
08.09.2002-21:00:00,08,09,2002,21,17.668
08.10.2002-00:00:00,08,10,2002,00,17.655
08.10.2002-03:00:00,08,10,2002,03,17.642
08.10.2002-06:00:00,08,10,2002,06,17.628
08.10.2002-09:00:00,08,10,2002,09,17.615
08.10.2002-12:00:00,08,10,2002,12,17.602
08.10.2002-15:00:00,08,10,2002,15,17.589
08.10.2002-18:00:00,08,10,2002,18,17.575
08.10.2002-21:00:00,08,10,2002,21,17.562
08.11.2002-00:00:00,08,11,2002,00,17.549
08.11.2002-03:00:00,08,11,2002,03,17.536
08.11.2002-06:00:00,08,11,2002,06,17.523
08.11.2002-09:00:00,08,11,2002,09,17.509
08.11.2002-12:00:00,08,11,2002,12,17.496
08.11.2002-15:00:00,08,11,2002,15,17.483
08.11.2002-18:00:00,08,11,2002,18,17.47
08.11.2002-21:00:00,08,11,2002,21,17.457
08.12.2002-00:00:00,08,12,2002,00,17.444
08.12.2002-03:00:00,08,12,2002,03,17.431
08.12.2002-06:00:00,08,12,2002,06,17.418
08.12.2002-09:00:00,08,12,2002,09,17.405
08.12.2002-12:00:00,08,12,2002,12,17.392
08.12.2002-15:00:00,08,12,2002,15,17.38
08.12.2002-18:00:00,08,12,2002,18,17.367
08.12.2002-21:00:00,08,12,2002,21,17.354
08.13.2002-00:00:00,08,13,2002,00,17.341
08.13.2002-03:00:00,08,13,2002,03,17.328
08.13.2002-06:00:00,08,13,2002,06,17.315
08.13.2002-09:00:00,08,13,2002,09,17.303
08.13.2002-12:00:00,08,13,2002,12,17.29
08.13.2002-15:00:00,08,13,2002,15,17.277
08.13.2002-18:00:00,08,13,2002,18,17.265
08.13.2002-21:00:00,08,13,2002,21,17.252
08.14.2002-00:00:00,08,14,2002,00,17.239
08.14.2002-03:00:00,08,14,2002,03,17.227
08.14.2002-06:00:00,08,14,2002,06,17.214
08.14.2002-09:00:00,08,14,2002,09,17.202
08.14.2002-12:00:00,08,14,2002,12,17.189
08.14.2002-15:00:00,08,14,2002,15,17.177
08.14.2002-18:00:00,08,14,2002,18,17.164
08.14.2002-21:00:00,08,14,2002,21,17.152
08.15.2002-00:00:00,08,15,2002,00,17.139
08.15.2002-03:00:00,08,15,2002,03,17.127
08.15.2002-06:00:00,08,15,2002,06,17.115
08.15.2002-09:00:00,08,15,2002,09,17.102
08.15.2002-12:00:00,08,15,2002,12,17.09
08.15.2002-15:00:00,08,15,2002,15,17.078
08.15.2002-18:00:00,08,15,2002,18,17.065
08.15.2002-21:00:00,08,15,2002,21,17.053
08.16.2002-00:00:00,08,16,2002,00,17.041
08.16.2002-03:00:00,08,16,2002,03,17.029
08.16.2002-06:00:00,08,16,2002,06,17.016
08.16.2002-09:00:00,08,16,2002,09,17.003
08.16.2002-12:00:00,08,16,2002,12,16.991
08.16.2002-15:00:00,08,16,2002,15,16.979
08.16.2002-18:00:00,08,16,2002,18,16.968
08.16.2002-21:00:00,08,16,2002,21,16.956
08.17.2002-00:00:00,08,17,2002,00,16.944
08.17.2002-03:00:00,08,17,2002,03,16.932
08.17.2002-06:00:00,08,17,2002,06,16.919
08.17.2002-09:00:00,08,17,2002,09,16.907
08.17.2002-12:00:00,08,17,2002,12,16.895
08.17.2002-15:00:00,08,17,2002,15,16.884
08.17.2002-18:00:00,08,17,2002,18,16.872
08.17.2002-21:00:00,08,17,2002,21,16.86
08.18.2002-00:00:00,08,18,2002,00,16.848
08.18.2002-03:00:00,08,18,2002,03,16.836
08.18.2002-06:00:00,08,18,2002,06,16.824
08.18.2002-09:00:00,08,18,2002,09,16.812
08.18.2002-12:00:00,08,18,2002,12,16.8
08.18.2002-15:00:00,08,18,2002,15,16.789
08.18.2002-18:00:00,08,18,2002,18,16.777
08.18.2002-21:00:00,08,18,2002,21,16.765
08.19.2002-00:00:00,08,19,2002,00,16.753
08.19.2002-03:00:00,08,19,2002,03,16.742
08.19.2002-06:00:00,08,19,2002,06,16.73
08.19.2002-09:00:00,08,19,2002,09,16.718
08.19.2002-12:00:00,08,19,2002,12,16.707
08.19.2002-15:00:00,08,19,2002,15,16.695
08.19.2002-18:00:00,08,19,2002,18,16.683
08.19.2002-21:00:00,08,19,2002,21,16.672
08.20.2002-00:00:00,08,20,2002,00,16.66
08.20.2002-03:00:00,08,20,2002,03,16.649
08.20.2002-06:00:00,08,20,2002,06,16.637
08.20.2002-09:00:00,08,20,2002,09,16.626
08.20.2002-12:00:00,08,20,2002,12,16.614
08.20.2002-15:00:00,08,20,2002,15,16.603
08.20.2002-18:00:00,08,20,2002,18,16.591
08.20.2002-21:00:00,08,20,2002,21,16.58
08.21.2002-00:00:00,08,21,2002,00,16.568
08.21.2002-03:00:00,08,21,2002,03,16.557
08.21.2002-06:00:00,08,21,2002,06,16.546
08.21.2002-09:00:00,08,21,2002,09,16.534
08.21.2002-12:00:00,08,21,2002,12,16.523
08.21.2002-15:00:00,08,21,2002,15,16.512
08.21.2002-18:00:00,08,21,2002,18,16.5
08.21.2002-21:00:00,08,21,2002,21,16.489
08.22.2002-00:00:00,08,22,2002,00,16.478
08.22.2002-03:00:00,08,22,2002,03,16.467
08.22.2002-06:00:00,08,22,2002,06,16.455
08.22.2002-09:00:00,08,22,2002,09,16.444
08.22.2002-12:00:00,08,22,2002,12,16.433
08.22.2002-15:00:00,08,22,2002,15,16.422
08.22.2002-18:00:00,08,22,2002,18,16.411
08.22.2002-21:00:00,08,22,2002,21,16.4
08.23.2002-00:00:00,08,23,2002,00,16.389
08.23.2002-03:00:00,08,23,2002,03,16.378
08.23.2002-06:00:00,08,23,2002,06,16.366
08.23.2002-09:00:00,08,23,2002,09,16.355
08.23.2002-12:00:00,08,23,2002,12,16.344
08.23.2002-15:00:00,08,23,2002,15,16.333
08.23.2002-18:00:00,08,23,2002,18,16.322
08.23.2002-21:00:00,08,23,2002,21,16.312
08.24.2002-00:00:00,08,24,2002,00,16.301
08.24.2002-03:00:00,08,24,2002,03,16.29
08.24.2002-06:00:00,08,24,2002,06,16.279
08.24.2002-09:00:00,08,24,2002,09,16.268
08.24.2002-12:00:00,08,24,2002,12,16.257
08.24.2002-15:00:00,08,24,2002,15,16.246
08.24.2002-18:00:00,08,24,2002,18,16.235
08.24.2002-21:00:00,08,24,2002,21,16.225
08.25.2002-00:00:00,08,25,2002,00,16.214
08.25.2002-03:00:00,08,25,2002,03,16.231
08.25.2002-06:00:00,08,25,2002,06,16.243
08.25.2002-09:00:00,08,25,2002,09,16.221
08.25.2002-12:00:00,08,25,2002,12,16.178
08.25.2002-15:00:00,08,25,2002,15,16.161
08.25.2002-18:00:00,08,25,2002,18,16.159
08.25.2002-21:00:00,08,25,2002,21,16.186
08.26.2002-00:00:00,08,26,2002,00,16.182
08.26.2002-03:00:00,08,26,2002,03,16.176
08.26.2002-06:00:00,08,26,2002,06,16.167
08.26.2002-09:00:00,08,26,2002,09,16.139
08.26.2002-12:00:00,08,26,2002,12,16.097
08.26.2002-15:00:00,08,26,2002,15,16.076
08.26.2002-18:00:00,08,26,2002,18,16.08
08.26.2002-21:00:00,08,26,2002,21,16.102
08.27.2002-00:00:00,08,27,2002,00,16.052
08.27.2002-03:00:00,08,27,2002,03,16.033
08.27.2002-06:00:00,08,27,2002,06,16.023
08.27.2002-09:00:00,08,27,2002,09,16.012
08.27.2002-12:00:00,08,27,2002,12,16.002
08.27.2002-15:00:00,08,27,2002,15,15.991
08.27.2002-18:00:00,08,27,2002,18,15.981
08.27.2002-21:00:00,08,27,2002,21,15.971
08.28.2002-00:00:00,08,28,2002,00,15.96
08.28.2002-03:00:00,08,28,2002,03,15.95
08.28.2002-06:00:00,08,28,2002,06,15.94
08.28.2002-09:00:00,08,28,2002,09,15.929
08.28.2002-12:00:00,08,28,2002,12,15.919
08.28.2002-15:00:00,08,28,2002,15,15.909
08.28.2002-18:00:00,08,28,2002,18,15.899
08.28.2002-21:00:00,08,28,2002,21,15.888
08.29.2002-00:00:00,08,29,2002,00,15.878
08.29.2002-03:00:00,08,29,2002,03,15.868
08.29.2002-06:00:00,08,29,2002,06,15.858
08.29.2002-09:00:00,08,29,2002,09,15.848
08.29.2002-12:00:00,08,29,2002,12,15.838
08.29.2002-15:00:00,08,29,2002,15,15.827
08.29.2002-18:00:00,08,29,2002,18,15.817
08.29.2002-21:00:00,08,29,2002,21,15.807
08.30.2002-00:00:00,08,30,2002,00,15.797
08.30.2002-03:00:00,08,30,2002,03,15.787
08.30.2002-06:00:00,08,30,2002,06,15.777
08.30.2002-09:00:00,08,30,2002,09,15.767
08.30.2002-12:00:00,08,30,2002,12,15.757
08.30.2002-15:00:00,08,30,2002,15,15.747
08.30.2002-18:00:00,08,30,2002,18,15.737
08.30.2002-21:00:00,08,30,2002,21,15.727
08.31.2002-00:00:00,08,31,2002,00,15.717
08.31.2002-03:00:00,08,31,2002,03,15.707
08.31.2002-06:00:00,08,31,2002,06,15.697
08.31.2002-09:00:00,08,31,2002,09,15.687
08.31.2002-12:00:00,08,31,2002,12,15.678
08.31.2002-15:00:00,08,31,2002,15,15.668
08.31.2002-18:00:00,08,31,2002,18,15.658
08.31.2002-21:00:00,08,31,2002,21,15.648
09.01.2002-00:00:00,09,01,2002,00,15.638
09.01.2002-03:00:00,09,01,2002,03,15.628
09.01.2002-06:00:00,09,01,2002,06,15.619
09.01.2002-09:00:00,09,01,2002,09,15.609
09.01.2002-12:00:00,09,01,2002,12,15.599
09.01.2002-15:00:00,09,01,2002,15,15.589
09.01.2002-18:00:00,09,01,2002,18,15.58
09.01.2002-21:00:00,09,01,2002,21,15.57
09.02.2002-00:00:00,09,02,2002,00,15.56
09.02.2002-03:00:00,09,02,2002,03,15.551
09.02.2002-06:00:00,09,02,2002,06,15.541
09.02.2002-09:00:00,09,02,2002,09,15.531
09.02.2002-12:00:00,09,02,2002,12,15.522
09.02.2002-15:00:00,09,02,2002,15,15.512
09.02.2002-18:00:00,09,02,2002,18,15.503
09.02.2002-21:00:00,09,02,2002,21,15.493
09.03.2002-00:00:00,09,03,2002,00,15.483
09.03.2002-03:00:00,09,03,2002,03,15.474
09.03.2002-06:00:00,09,03,2002,06,15.464
09.03.2002-09:00:00,09,03,2002,09,15.455
09.03.2002-12:00:00,09,03,2002,12,15.445
09.03.2002-15:00:00,09,03,2002,15,15.436
09.03.2002-18:00:00,09,03,2002,18,15.426
09.03.2002-21:00:00,09,03,2002,21,15.417
09.04.2002-00:00:00,09,04,2002,00,15.408
09.04.2002-03:00:00,09,04,2002,03,15.398
09.04.2002-06:00:00,09,04,2002,06,15.389
09.04.2002-09:00:00,09,04,2002,09,15.379
09.04.2002-12:00:00,09,04,2002,12,15.37
09.04.2002-15:00:00,09,04,2002,15,15.361
09.04.2002-18:00:00,09,04,2002,18,15.351
09.04.2002-21:00:00,09,04,2002,21,15.342
09.05.2002-00:00:00,09,05,2002,00,15.333
09.05.2002-03:00:00,09,05,2002,03,15.323
09.05.2002-06:00:00,09,05,2002,06,15.314
09.05.2002-09:00:00,09,05,2002,09,15.305
09.05.2002-12:00:00,09,05,2002,12,15.296
09.05.2002-15:00:00,09,05,2002,15,15.287
09.05.2002-18:00:00,09,05,2002,18,15.277
09.05.2002-21:00:00,09,05,2002,21,15.268
09.06.2002-00:00:00,09,06,2002,00,15.259
09.06.2002-03:00:00,09,06,2002,03,15.25
09.06.2002-06:00:00,09,06,2002,06,15.241
09.06.2002-09:00:00,09,06,2002,09,15.232
09.06.2002-12:00:00,09,06,2002,12,15.222
09.06.2002-15:00:00,09,06,2002,15,15.213
09.06.2002-18:00:00,09,06,2002,18,15.204
09.06.2002-21:00:00,09,06,2002,21,15.195
09.07.2002-00:00:00,09,07,2002,00,15.186
09.07.2002-03:00:00,09,07,2002,03,15.177
09.07.2002-06:00:00,09,07,2002,06,15.168
09.07.2002-09:00:00,09,07,2002,09,15.159
09.07.2002-12:00:00,09,07,2002,12,15.15
09.07.2002-15:00:00,09,07,2002,15,15.141
09.07.2002-18:00:00,09,07,2002,18,15.132
09.07.2002-21:00:00,09,07,2002,21,15.123
09.08.2002-00:00:00,09,08,2002,00,15.114
09.08.2002-03:00:00,09,08,2002,03,15.105
09.08.2002-06:00:00,09,08,2002,06,15.096
09.08.2002-09:00:00,09,08,2002,09,15.088
09.08.2002-12:00:00,09,08,2002,12,15.079
09.08.2002-15:00:00,09,08,2002,15,15.07
09.08.2002-18:00:00,09,08,2002,18,15.061
09.08.2002-21:00:00,09,08,2002,21,15.052
09.09.2002-00:00:00,09,09,2002,00,15.043
09.09.2002-03:00:00,09,09,2002,03,15.035
09.09.2002-06:00:00,09,09,2002,06,15.026
09.09.2002-09:00:00,09,09,2002,09,15.017
09.09.2002-12:00:00,09,09,2002,12,15.008
09.09.2002-15:00:00,09,09,2002,15,15
09.09.2002-18:00:00,09,09,2002,18,14.991
09.09.2002-21:00:00,09,09,2002,21,14.982
09.10.2002-00:00:00,09,10,2002,00,14.973
09.10.2002-03:00:00,09,10,2002,03,14.965
09.10.2002-06:00:00,09,10,2002,06,14.956
09.10.2002-09:00:00,09,10,2002,09,14.947
09.10.2002-12:00:00,09,10,2002,12,14.939
09.10.2002-15:00:00,09,10,2002,15,14.93
09.10.2002-18:00:00,09,10,2002,18,14.922
09.10.2002-21:00:00,09,10,2002,21,14.913
09.11.2002-00:00:00,09,11,2002,00,14.904
09.11.2002-03:00:00,09,11,2002,03,14.896
09.11.2002-06:00:00,09,11,2002,06,14.887
09.11.2002-09:00:00,09,11,2002,09,14.879
09.11.2002-12:00:00,09,11,2002,12,14.87
09.11.2002-15:00:00,09,11,2002,15,14.862
09.11.2002-18:00:00,09,11,2002,18,14.853
09.11.2002-21:00:00,09,11,2002,21,14.845
09.12.2002-00:00:00,09,12,2002,00,14.836
09.12.2002-03:00:00,09,12,2002,03,14.828
09.12.2002-06:00:00,09,12,2002,06,14.819
09.12.2002-09:00:00,09,12,2002,09,14.811
09.12.2002-12:00:00,09,12,2002,12,14.803
09.12.2002-15:00:00,09,12,2002,15,14.794
09.12.2002-18:00:00,09,12,2002,18,14.786
09.12.2002-21:00:00,09,12,2002,21,14.777
09.13.2002-00:00:00,09,13,2002,00,14.769
09.13.2002-03:00:00,09,13,2002,03,14.761
09.13.2002-06:00:00,09,13,2002,06,14.752
09.13.2002-09:00:00,09,13,2002,09,14.744
09.13.2002-12:00:00,09,13,2002,12,14.736
09.13.2002-15:00:00,09,13,2002,15,14.727
09.13.2002-18:00:00,09,13,2002,18,14.719
09.13.2002-21:00:00,09,13,2002,21,14.711
09.14.2002-00:00:00,09,14,2002,00,14.703
09.14.2002-03:00:00,09,14,2002,03,14.694
09.14.2002-06:00:00,09,14,2002,06,14.686
09.14.2002-09:00:00,09,14,2002,09,14.678
09.14.2002-12:00:00,09,14,2002,12,14.67
09.14.2002-15:00:00,09,14,2002,15,14.662
09.14.2002-18:00:00,09,14,2002,18,14.653
09.14.2002-21:00:00,09,14,2002,21,14.645
09.15.2002-00:00:00,09,15,2002,00,14.637
09.15.2002-03:00:00,09,15,2002,03,14.629
09.15.2002-06:00:00,09,15,2002,06,14.621
09.15.2002-09:00:00,09,15,2002,09,14.613
09.15.2002-12:00:00,09,15,2002,12,14.605
09.15.2002-15:00:00,09,15,2002,15,14.597
09.15.2002-18:00:00,09,15,2002,18,14.589
09.15.2002-21:00:00,09,15,2002,21,14.58
09.16.2002-00:00:00,09,16,2002,00,14.572
09.16.2002-03:00:00,09,16,2002,03,14.564
09.16.2002-06:00:00,09,16,2002,06,14.556
09.16.2002-09:00:00,09,16,2002,09,14.548
09.16.2002-12:00:00,09,16,2002,12,14.54
09.16.2002-15:00:00,09,16,2002,15,14.532
09.16.2002-18:00:00,09,16,2002,18,14.524
09.16.2002-21:00:00,09,16,2002,21,14.517
09.17.2002-00:00:00,09,17,2002,00,14.509
09.17.2002-03:00:00,09,17,2002,03,14.501
09.17.2002-06:00:00,09,17,2002,06,14.493
09.17.2002-09:00:00,09,17,2002,09,14.485
09.17.2002-12:00:00,09,17,2002,12,14.477
09.17.2002-15:00:00,09,17,2002,15,14.469
09.17.2002-18:00:00,09,17,2002,18,14.461
09.17.2002-21:00:00,09,17,2002,21,14.455
09.18.2002-00:00:00,09,18,2002,00,14.484
09.18.2002-03:00:00,09,18,2002,03,14.525
09.18.2002-06:00:00,09,18,2002,06,14.559
09.18.2002-09:00:00,09,18,2002,09,14.566
09.18.2002-12:00:00,09,18,2002,12,14.546
09.18.2002-15:00:00,09,18,2002,15,14.534
09.18.2002-18:00:00,09,18,2002,18,14.533
09.18.2002-21:00:00,09,18,2002,21,14.536
09.19.2002-00:00:00,09,19,2002,00,14.555
09.19.2002-03:00:00,09,19,2002,03,14.592
09.19.2002-06:00:00,09,19,2002,06,14.625
09.19.2002-09:00:00,09,19,2002,09,14.624
09.19.2002-12:00:00,09,19,2002,12,14.598
09.19.2002-15:00:00,09,19,2002,15,14.582
09.19.2002-18:00:00,09,19,2002,18,14.58
09.19.2002-21:00:00,09,19,2002,21,14.582
09.20.2002-00:00:00,09,20,2002,00,14.584
09.20.2002-03:00:00,09,20,2002,03,14.604
09.20.2002-06:00:00,09,20,2002,06,14.633
09.20.2002-09:00:00,09,20,2002,09,14.635
09.20.2002-12:00:00,09,20,2002,12,14.61
09.20.2002-15:00:00,09,20,2002,15,14.595
09.20.2002-18:00:00,09,20,2002,18,14.594
09.20.2002-21:00:00,09,20,2002,21,14.595
09.21.2002-00:00:00,09,21,2002,00,14.604
09.21.2002-03:00:00,09,21,2002,03,14.632
09.21.2002-06:00:00,09,21,2002,06,14.666
09.21.2002-09:00:00,09,21,2002,09,14.671
09.21.2002-12:00:00,09,21,2002,12,14.647
09.21.2002-15:00:00,09,21,2002,15,14.633
09.21.2002-18:00:00,09,21,2002,18,14.631
09.21.2002-21:00:00,09,21,2002,21,14.632
09.22.2002-00:00:00,09,22,2002,00,14.644
09.22.2002-03:00:00,09,22,2002,03,14.677
09.22.2002-06:00:00,09,22,2002,06,14.709
09.22.2002-09:00:00,09,22,2002,09,14.709
09.22.2002-12:00:00,09,22,2002,12,14.681
09.22.2002-15:00:00,09,22,2002,15,14.663
09.22.2002-18:00:00,09,22,2002,18,14.66
09.22.2002-21:00:00,09,22,2002,21,14.661
09.23.2002-00:00:00,09,23,2002,00,14.663
09.23.2002-03:00:00,09,23,2002,03,14.684
09.23.2002-06:00:00,09,23,2002,06,14.714
09.23.2002-09:00:00,09,23,2002,09,14.712
09.23.2002-12:00:00,09,23,2002,12,14.682
09.23.2002-15:00:00,09,23,2002,15,14.664
09.23.2002-18:00:00,09,23,2002,18,14.661
09.23.2002-21:00:00,09,23,2002,21,14.661
09.24.2002-00:00:00,09,24,2002,00,14.662
09.24.2002-03:00:00,09,24,2002,03,14.676
09.24.2002-06:00:00,09,24,2002,06,14.703
09.24.2002-09:00:00,09,24,2002,09,14.703
09.24.2002-12:00:00,09,24,2002,12,14.677
09.24.2002-15:00:00,09,24,2002,15,14.659
09.24.2002-18:00:00,09,24,2002,18,14.655
09.24.2002-21:00:00,09,24,2002,21,14.655
09.25.2002-00:00:00,09,25,2002,00,14.664
09.25.2002-03:00:00,09,25,2002,03,14.692
09.25.2002-06:00:00,09,25,2002,06,14.723
09.25.2002-09:00:00,09,25,2002,09,14.723
09.25.2002-12:00:00,09,25,2002,12,14.694
09.25.2002-15:00:00,09,25,2002,15,14.675
09.25.2002-18:00:00,09,25,2002,18,14.672
09.25.2002-21:00:00,09,25,2002,21,14.671
09.26.2002-00:00:00,09,26,2002,00,14.676
09.26.2002-03:00:00,09,26,2002,03,14.699
09.26.2002-06:00:00,09,26,2002,06,14.73
09.26.2002-09:00:00,09,26,2002,09,14.739
09.26.2002-12:00:00,09,26,2002,12,14.718
09.26.2002-15:00:00,09,26,2002,15,14.702
09.26.2002-18:00:00,09,26,2002,18,14.699
09.26.2002-21:00:00,09,26,2002,21,14.707
09.27.2002-00:00:00,09,27,2002,00,14.733
09.27.2002-03:00:00,09,27,2002,03,14.774
09.27.2002-06:00:00,09,27,2002,06,14.807
09.27.2002-09:00:00,09,27,2002,09,14.809
09.27.2002-12:00:00,09,27,2002,12,14.78
09.27.2002-15:00:00,09,27,2002,15,14.76
09.27.2002-18:00:00,09,27,2002,18,14.756
09.27.2002-21:00:00,09,27,2002,21,14.755
09.28.2002-00:00:00,09,28,2002,00,14.766
09.28.2002-03:00:00,09,28,2002,03,14.797
09.28.2002-06:00:00,09,28,2002,06,14.831
09.28.2002-09:00:00,09,28,2002,09,14.837
09.28.2002-12:00:00,09,28,2002,12,14.81
09.28.2002-15:00:00,09,28,2002,15,14.79
09.28.2002-18:00:00,09,28,2002,18,14.786
09.28.2002-21:00:00,09,28,2002,21,14.784
09.29.2002-00:00:00,09,29,2002,00,14.798
09.29.2002-03:00:00,09,29,2002,03,14.833
09.29.2002-06:00:00,09,29,2002,06,14.866
09.29.2002-09:00:00,09,29,2002,09,14.877
09.29.2002-12:00:00,09,29,2002,12,14.857
09.29.2002-15:00:00,09,29,2002,15,14.84
09.29.2002-18:00:00,09,29,2002,18,14.834
09.29.2002-21:00:00,09,29,2002,21,14.846
09.30.2002-00:00:00,09,30,2002,00,14.88
09.30.2002-03:00:00,09,30,2002,03,14.922
09.30.2002-06:00:00,09,30,2002,06,14.958
09.30.2002-09:00:00,09,30,2002,09,14.976
09.30.2002-12:00:00,09,30,2002,12,14.965
09.30.2002-15:00:00,09,30,2002,15,14.95
09.30.2002-18:00:00,09,30,2002,18,14.953
09.30.2002-21:00:00,09,30,2002,21,14.982
