TIMESTAMP,MONTH,DAY,YEAR,HOUR,C
10.01.2001-00:00:00,10,01,2001,00,20.926
10.01.2001-03:00:00,10,01,2001,03,20.888
10.01.2001-06:00:00,10,01,2001,06,20.849
10.01.2001-09:00:00,10,01,2001,09,20.802
10.01.2001-12:00:00,10,01,2001,12,20.755
10.01.2001-15:00:00,10,01,2001,15,20.714
10.01.2001-18:00:00,10,01,2001,18,20.675
10.01.2001-21:00:00,10,01,2001,21,20.637
10.02.2001-00:00:00,10,02,2001,00,20.6
10.02.2001-03:00:00,10,02,2001,03,20.563
10.02.2001-06:00:00,10,02,2001,06,20.524
10.02.2001-09:00:00,10,02,2001,09,20.479
10.02.2001-12:00:00,10,02,2001,12,20.433
10.02.2001-15:00:00,10,02,2001,15,20.392
10.02.2001-18:00:00,10,02,2001,18,20.355
10.02.2001-21:00:00,10,02,2001,21,20.318
10.03.2001-00:00:00,10,03,2001,00,20.281
10.03.2001-03:00:00,10,03,2001,03,20.245
10.03.2001-06:00:00,10,03,2001,06,20.208
10.03.2001-09:00:00,10,03,2001,09,20.164
10.03.2001-12:00:00,10,03,2001,12,20.119
10.03.2001-15:00:00,10,03,2001,15,20.079
10.03.2001-18:00:00,10,03,2001,18,20.043
10.03.2001-21:00:00,10,03,2001,21,20.007
10.04.2001-00:00:00,10,04,2001,00,19.971
10.04.2001-03:00:00,10,04,2001,03,19.935
10.04.2001-06:00:00,10,04,2001,06,19.899
10.04.2001-09:00:00,10,04,2001,09,19.856
10.04.2001-12:00:00,10,04,2001,12,19.813
10.04.2001-15:00:00,10,04,2001,15,19.774
10.04.2001-18:00:00,10,04,2001,18,19.738
10.04.2001-21:00:00,10,04,2001,21,19.703
10.05.2001-00:00:00,10,05,2001,00,19.668
10.05.2001-03:00:00,10,05,2001,03,19.633
10.05.2001-06:00:00,10,05,2001,06,19.598
10.05.2001-09:00:00,10,05,2001,09,19.558
10.05.2001-12:00:00,10,05,2001,12,19.515
10.05.2001-15:00:00,10,05,2001,15,19.478
10.05.2001-18:00:00,10,05,2001,18,19.443
10.05.2001-21:00:00,10,05,2001,21,19.409
10.06.2001-00:00:00,10,06,2001,00,19.374
10.06.2001-03:00:00,10,06,2001,03,19.34
10.06.2001-06:00:00,10,06,2001,06,19.306
10.06.2001-09:00:00,10,06,2001,09,19.266
10.06.2001-12:00:00,10,06,2001,12,19.225
10.06.2001-15:00:00,10,06,2001,15,19.189
10.06.2001-18:00:00,10,06,2001,18,19.155
10.06.2001-21:00:00,10,06,2001,21,19.123
10.07.2001-00:00:00,10,07,2001,00,19.09
10.07.2001-03:00:00,10,07,2001,03,19.057
10.07.2001-06:00:00,10,07,2001,06,19.024
10.07.2001-09:00:00,10,07,2001,09,18.987
10.07.2001-12:00:00,10,07,2001,12,18.949
10.07.2001-15:00:00,10,07,2001,15,18.915
10.07.2001-18:00:00,10,07,2001,18,18.882
10.07.2001-21:00:00,10,07,2001,21,18.85
10.08.2001-00:00:00,10,08,2001,00,18.82
10.08.2001-03:00:00,10,08,2001,03,18.786
10.08.2001-06:00:00,10,08,2001,06,18.754
10.08.2001-09:00:00,10,08,2001,09,18.722
10.08.2001-12:00:00,10,08,2001,12,18.686
10.08.2001-15:00:00,10,08,2001,15,18.653
10.08.2001-18:00:00,10,08,2001,18,18.621
10.08.2001-21:00:00,10,08,2001,21,18.59
10.09.2001-00:00:00,10,09,2001,00,18.554
10.09.2001-03:00:00,10,09,2001,03,18.522
10.09.2001-06:00:00,10,09,2001,06,18.49
10.09.2001-09:00:00,10,09,2001,09,18.454
10.09.2001-12:00:00,10,09,2001,12,18.417
10.09.2001-15:00:00,10,09,2001,15,18.384
10.09.2001-18:00:00,10,09,2001,18,18.352
10.09.2001-21:00:00,10,09,2001,21,18.321
10.10.2001-00:00:00,10,10,2001,00,18.316
10.10.2001-03:00:00,10,10,2001,03,18.261
10.10.2001-06:00:00,10,10,2001,06,18.229
10.10.2001-09:00:00,10,10,2001,09,18.197
10.10.2001-12:00:00,10,10,2001,12,21.326
10.10.2001-15:00:00,10,10,2001,15,23.505
10.10.2001-18:00:00,10,10,2001,18,24.685
10.10.2001-21:00:00,10,10,2001,21,18.942
10.11.2001-00:00:00,10,11,2001,00,18.537
10.11.2001-03:00:00,10,11,2001,03,18.506
10.11.2001-06:00:00,10,11,2001,06,18.475
10.11.2001-09:00:00,10,11,2001,09,33.446
10.11.2001-12:00:00,10,11,2001,12,31.393
10.11.2001-15:00:00,10,11,2001,15,19.796
10.11.2001-18:00:00,10,11,2001,18,22.459
10.11.2001-21:00:00,10,11,2001,21,22.662
10.12.2001-00:00:00,10,12,2001,00,18.553
10.12.2001-03:00:00,10,12,2001,03,18.258
10.12.2001-06:00:00,10,12,2001,06,18.169
10.12.2001-09:00:00,10,12,2001,09,17.736
10.12.2001-12:00:00,10,12,2001,12,17.678
10.12.2001-15:00:00,10,12,2001,15,17.648
10.12.2001-18:00:00,10,12,2001,18,17.627
10.12.2001-21:00:00,10,12,2001,21,17.611
10.13.2001-00:00:00,10,13,2001,00,17.598
10.13.2001-03:00:00,10,13,2001,03,17.577
10.13.2001-06:00:00,10,13,2001,06,17.551
10.13.2001-09:00:00,10,13,2001,09,17.529
10.13.2001-12:00:00,10,13,2001,12,17.494
10.13.2001-15:00:00,10,13,2001,15,17.461
10.13.2001-18:00:00,10,13,2001,18,17.431
10.13.2001-21:00:00,10,13,2001,21,17.402
10.14.2001-00:00:00,10,14,2001,00,17.375
10.14.2001-03:00:00,10,14,2001,03,17.346
10.14.2001-06:00:00,10,14,2001,06,17.318
10.14.2001-09:00:00,10,14,2001,09,17.285
10.14.2001-12:00:00,10,14,2001,12,17.252
10.14.2001-15:00:00,10,14,2001,15,17.221
10.14.2001-18:00:00,10,14,2001,18,17.193
10.14.2001-21:00:00,10,14,2001,21,17.164
10.15.2001-00:00:00,10,15,2001,00,17.129
10.15.2001-03:00:00,10,15,2001,03,17.101
10.15.2001-06:00:00,10,15,2001,06,17.072
10.15.2001-09:00:00,10,15,2001,09,17.04
10.15.2001-12:00:00,10,15,2001,12,17.007
10.15.2001-15:00:00,10,15,2001,15,16.977
10.15.2001-18:00:00,10,15,2001,18,16.949
10.15.2001-21:00:00,10,15,2001,21,16.92
10.16.2001-00:00:00,10,16,2001,00,16.892
10.16.2001-03:00:00,10,16,2001,03,16.864
10.16.2001-06:00:00,10,16,2001,06,16.836
10.16.2001-09:00:00,10,16,2001,09,16.805
10.16.2001-12:00:00,10,16,2001,12,16.772
10.16.2001-15:00:00,10,16,2001,15,16.743
10.16.2001-18:00:00,10,16,2001,18,16.715
10.16.2001-21:00:00,10,16,2001,21,16.687
10.17.2001-00:00:00,10,17,2001,00,16.66
10.17.2001-03:00:00,10,17,2001,03,16.632
10.17.2001-06:00:00,10,17,2001,06,16.605
10.17.2001-09:00:00,10,17,2001,09,16.575
10.17.2001-12:00:00,10,17,2001,12,16.543
10.17.2001-15:00:00,10,17,2001,15,16.515
10.17.2001-18:00:00,10,17,2001,18,16.488
10.17.2001-21:00:00,10,17,2001,21,16.461
10.18.2001-00:00:00,10,18,2001,00,16.434
10.18.2001-03:00:00,10,18,2001,03,16.407
10.18.2001-06:00:00,10,18,2001,06,16.38
10.18.2001-09:00:00,10,18,2001,09,16.349
10.18.2001-12:00:00,10,18,2001,12,16.318
10.18.2001-15:00:00,10,18,2001,15,16.289
10.18.2001-18:00:00,10,18,2001,18,16.263
10.18.2001-21:00:00,10,18,2001,21,16.236
10.19.2001-00:00:00,10,19,2001,00,16.213
10.19.2001-03:00:00,10,19,2001,03,16.184
10.19.2001-06:00:00,10,19,2001,06,16.157
10.19.2001-09:00:00,10,19,2001,09,16.131
10.19.2001-12:00:00,10,19,2001,12,16.103
10.19.2001-15:00:00,10,19,2001,15,16.076
10.19.2001-18:00:00,10,19,2001,18,16.05
10.19.2001-21:00:00,10,19,2001,21,16.025
10.20.2001-00:00:00,10,20,2001,00,15.997
10.20.2001-03:00:00,10,20,2001,03,15.972
10.20.2001-06:00:00,10,20,2001,06,15.947
10.20.2001-09:00:00,10,20,2001,09,15.919
10.20.2001-12:00:00,10,20,2001,12,15.889
10.20.2001-15:00:00,10,20,2001,15,15.863
10.20.2001-18:00:00,10,20,2001,18,15.839
10.20.2001-21:00:00,10,20,2001,21,15.814
10.21.2001-00:00:00,10,21,2001,00,15.79
10.21.2001-03:00:00,10,21,2001,03,15.765
10.21.2001-06:00:00,10,21,2001,06,15.741
10.21.2001-09:00:00,10,21,2001,09,15.716
10.21.2001-12:00:00,10,21,2001,12,15.706
10.21.2001-15:00:00,10,21,2001,15,15.687
10.21.2001-18:00:00,10,21,2001,18,15.667
10.21.2001-21:00:00,10,21,2001,21,15.628
10.22.2001-00:00:00,10,22,2001,00,15.592
10.22.2001-03:00:00,10,22,2001,03,15.567
10.22.2001-06:00:00,10,22,2001,06,15.543
10.22.2001-09:00:00,10,22,2001,09,17.126
10.22.2001-12:00:00,10,22,2001,12,29.922
10.22.2001-15:00:00,10,22,2001,15,16.817
10.22.2001-18:00:00,10,22,2001,18,15.939
10.22.2001-21:00:00,10,22,2001,21,15.908
10.23.2001-00:00:00,10,23,2001,00,15.862
10.23.2001-03:00:00,10,23,2001,03,15.836
10.23.2001-06:00:00,10,23,2001,06,15.812
10.23.2001-09:00:00,10,23,2001,09,29.983
10.23.2001-12:00:00,10,23,2001,12,48.157
10.23.2001-15:00:00,10,23,2001,15,23.192
10.23.2001-18:00:00,10,23,2001,18,16.156
10.23.2001-21:00:00,10,23,2001,21,15.782
10.24.2001-00:00:00,10,24,2001,00,15.75
10.24.2001-03:00:00,10,24,2001,03,15.74
10.24.2001-06:00:00,10,24,2001,06,15.718
10.24.2001-09:00:00,10,24,2001,09,18.735
10.24.2001-12:00:00,10,24,2001,12,28.872
10.24.2001-15:00:00,10,24,2001,15,16.486
10.24.2001-18:00:00,10,24,2001,18,15.618
10.24.2001-21:00:00,10,24,2001,21,15.594
10.25.2001-00:00:00,10,25,2001,00,20.867
10.25.2001-03:00:00,10,25,2001,03,15.889
10.25.2001-06:00:00,10,25,2001,06,15.522
10.25.2001-09:00:00,10,25,2001,09,27.408
10.25.2001-12:00:00,10,25,2001,12,37.792
10.25.2001-15:00:00,10,25,2001,15,26.772
10.25.2001-18:00:00,10,25,2001,18,19.501
10.25.2001-21:00:00,10,25,2001,21,18.801
10.26.2001-00:00:00,10,26,2001,00,15.671
10.26.2001-03:00:00,10,26,2001,03,15.472
10.26.2001-06:00:00,10,26,2001,06,18.51
10.26.2001-09:00:00,10,26,2001,09,33.404
10.26.2001-12:00:00,10,26,2001,12,37.035
10.26.2001-15:00:00,10,26,2001,15,25.872
10.26.2001-18:00:00,10,26,2001,18,17.061
10.26.2001-21:00:00,10,26,2001,21,15.528
10.27.2001-00:00:00,10,27,2001,00,15.457
10.27.2001-03:00:00,10,27,2001,03,15.449
10.27.2001-06:00:00,10,27,2001,06,15.426
10.27.2001-09:00:00,10,27,2001,09,29.995
10.27.2001-12:00:00,10,27,2001,12,39.222
10.27.2001-15:00:00,10,27,2001,15,16.835
10.27.2001-18:00:00,10,27,2001,18,15.326
10.27.2001-21:00:00,10,27,2001,21,15.3
10.28.2001-00:00:00,10,28,2001,00,15.275
10.28.2001-03:00:00,10,28,2001,03,15.251
10.28.2001-06:00:00,10,28,2001,06,15.227
10.28.2001-09:00:00,10,28,2001,09,30.947
10.28.2001-12:00:00,10,28,2001,12,17.199
10.28.2001-15:00:00,10,28,2001,15,14.835
10.28.2001-18:00:00,10,28,2001,18,14.723
10.28.2001-21:00:00,10,28,2001,21,15.015
10.29.2001-00:00:00,10,29,2001,00,15.077
10.29.2001-03:00:00,10,29,2001,03,15.057
10.29.2001-06:00:00,10,29,2001,06,15.033
10.29.2001-09:00:00,10,29,2001,09,14.624
10.29.2001-12:00:00,10,29,2001,12,14.573
10.29.2001-15:00:00,10,29,2001,15,14.549
10.29.2001-18:00:00,10,29,2001,18,14.525
10.29.2001-21:00:00,10,29,2001,21,14.502
10.30.2001-00:00:00,10,30,2001,00,14.479
10.30.2001-03:00:00,10,30,2001,03,14.456
10.30.2001-06:00:00,10,30,2001,06,14.434
10.30.2001-09:00:00,10,30,2001,09,15.363
10.30.2001-12:00:00,10,30,2001,12,14.834
10.30.2001-15:00:00,10,30,2001,15,14.774
10.30.2001-18:00:00,10,30,2001,18,14.76
10.30.2001-21:00:00,10,30,2001,21,14.736
10.31.2001-00:00:00,10,31,2001,00,16.069
10.31.2001-03:00:00,10,31,2001,03,17.091
10.31.2001-06:00:00,10,31,2001,06,23.254
10.31.2001-09:00:00,10,31,2001,09,48.504
10.31.2001-12:00:00,10,31,2001,12,58.829
10.31.2001-15:00:00,10,31,2001,15,46.442
10.31.2001-18:00:00,10,31,2001,18,28.317
10.31.2001-21:00:00,10,31,2001,21,22.512
11.01.2001-00:00:00,11,01,2001,00,15.216
11.01.2001-03:00:00,11,01,2001,03,14.785
11.01.2001-06:00:00,11,01,2001,06,14.798
11.01.2001-09:00:00,11,01,2001,09,27.314
11.01.2001-12:00:00,11,01,2001,12,44.981
11.01.2001-15:00:00,11,01,2001,15,16.667
11.01.2001-18:00:00,11,01,2001,18,14.742
11.01.2001-21:00:00,11,01,2001,21,14.722
11.02.2001-00:00:00,11,02,2001,00,14.701
11.02.2001-03:00:00,11,02,2001,03,14.68
11.02.2001-06:00:00,11,02,2001,06,14.66
11.02.2001-09:00:00,11,02,2001,09,28.358
11.02.2001-12:00:00,11,02,2001,12,47.752
11.02.2001-15:00:00,11,02,2001,15,16.686
11.02.2001-18:00:00,11,02,2001,18,14.576
11.02.2001-21:00:00,11,02,2001,21,14.556
11.03.2001-00:00:00,11,03,2001,00,14.535
11.03.2001-03:00:00,11,03,2001,03,14.516
11.03.2001-06:00:00,11,03,2001,06,14.496
11.03.2001-09:00:00,11,03,2001,09,34.887
11.03.2001-12:00:00,11,03,2001,12,42.261
11.03.2001-15:00:00,11,03,2001,15,16.149
11.03.2001-18:00:00,11,03,2001,18,14.412
11.03.2001-21:00:00,11,03,2001,21,14.393
11.04.2001-00:00:00,11,04,2001,00,14.373
11.04.2001-03:00:00,11,04,2001,03,14.353
11.04.2001-06:00:00,11,04,2001,06,14.334
11.04.2001-09:00:00,11,04,2001,09,20.152
11.04.2001-12:00:00,11,04,2001,12,16.435
11.04.2001-15:00:00,11,04,2001,15,13.975
11.04.2001-18:00:00,11,04,2001,18,13.815
11.04.2001-21:00:00,11,04,2001,21,13.795
11.05.2001-00:00:00,11,05,2001,00,13.778
11.05.2001-03:00:00,11,05,2001,03,13.759
11.05.2001-06:00:00,11,05,2001,06,14.411
11.05.2001-09:00:00,11,05,2001,09,13.888
11.05.2001-12:00:00,11,05,2001,12,13.719
11.05.2001-15:00:00,11,05,2001,15,13.684
11.05.2001-18:00:00,11,05,2001,18,13.664
11.05.2001-21:00:00,11,05,2001,21,13.644
11.06.2001-00:00:00,11,06,2001,00,13.624
11.06.2001-03:00:00,11,06,2001,03,13.605
11.06.2001-06:00:00,11,06,2001,06,13.586
11.06.2001-09:00:00,11,06,2001,09,13.569
11.06.2001-12:00:00,11,06,2001,12,13.775
11.06.2001-15:00:00,11,06,2001,15,13.547
11.06.2001-18:00:00,11,06,2001,18,13.514
11.06.2001-21:00:00,11,06,2001,21,13.497
11.07.2001-00:00:00,11,07,2001,00,13.841
11.07.2001-03:00:00,11,07,2001,03,13.895
11.07.2001-06:00:00,11,07,2001,06,13.879
11.07.2001-09:00:00,11,07,2001,09,15.559
11.07.2001-12:00:00,11,07,2001,12,13.535
11.07.2001-15:00:00,11,07,2001,15,13.79
11.07.2001-18:00:00,11,07,2001,18,13.798
11.07.2001-21:00:00,11,07,2001,21,13.779
11.08.2001-00:00:00,11,08,2001,00,13.76
11.08.2001-03:00:00,11,08,2001,03,13.741
11.08.2001-06:00:00,11,08,2001,06,13.722
11.08.2001-09:00:00,11,08,2001,09,13.287
11.08.2001-12:00:00,11,08,2001,12,13.237
11.08.2001-15:00:00,11,08,2001,15,13.218
11.08.2001-18:00:00,11,08,2001,18,13.2
11.08.2001-21:00:00,11,08,2001,21,13.182
11.09.2001-00:00:00,11,09,2001,00,13.163
11.09.2001-03:00:00,11,09,2001,03,13.145
11.09.2001-06:00:00,11,09,2001,06,13.127
11.09.2001-09:00:00,11,09,2001,09,13.107
11.09.2001-12:00:00,11,09,2001,12,13.083
11.09.2001-15:00:00,11,09,2001,15,13.065
11.09.2001-18:00:00,11,09,2001,18,13.047
11.09.2001-21:00:00,11,09,2001,21,13.029
11.10.2001-00:00:00,11,10,2001,00,13.011
11.10.2001-03:00:00,11,10,2001,03,12.993
11.10.2001-06:00:00,11,10,2001,06,12.975
11.10.2001-09:00:00,11,10,2001,09,12.955
11.10.2001-12:00:00,11,10,2001,12,12.932
11.10.2001-15:00:00,11,10,2001,15,12.914
11.10.2001-18:00:00,11,10,2001,18,12.896
11.10.2001-21:00:00,11,10,2001,21,12.878
11.11.2001-00:00:00,11,11,2001,00,12.861
11.11.2001-03:00:00,11,11,2001,03,12.843
11.11.2001-06:00:00,11,11,2001,06,12.826
11.11.2001-09:00:00,11,11,2001,09,12.806
11.11.2001-12:00:00,11,11,2001,12,12.784
11.11.2001-15:00:00,11,11,2001,15,12.766
11.11.2001-18:00:00,11,11,2001,18,12.749
11.11.2001-21:00:00,11,11,2001,21,12.731
11.12.2001-00:00:00,11,12,2001,00,12.714
11.12.2001-03:00:00,11,12,2001,03,12.697
11.12.2001-06:00:00,11,12,2001,06,12.68
11.12.2001-09:00:00,11,12,2001,09,12.668
11.12.2001-12:00:00,11,12,2001,12,12.658
11.12.2001-15:00:00,11,12,2001,15,12.64
11.12.2001-18:00:00,11,12,2001,18,12.617
11.12.2001-21:00:00,11,12,2001,21,12.601
11.13.2001-00:00:00,11,13,2001,00,12.584
11.13.2001-03:00:00,11,13,2001,03,12.568
11.13.2001-06:00:00,11,13,2001,06,12.556
11.13.2001-09:00:00,11,13,2001,09,15.475
11.13.2001-12:00:00,11,13,2001,12,20.181
11.13.2001-15:00:00,11,13,2001,15,18.906
11.13.2001-18:00:00,11,13,2001,18,15.255
11.13.2001-21:00:00,11,13,2001,21,14.504
11.14.2001-00:00:00,11,14,2001,00,65.893
11.14.2001-03:00:00,11,14,2001,03,68.57
11.14.2001-06:00:00,11,14,2001,06,72.244
11.14.2001-09:00:00,11,14,2001,09,90.902
11.14.2001-12:00:00,11,14,2001,12,80.12
11.14.2001-15:00:00,11,14,2001,15,69.047
11.14.2001-18:00:00,11,14,2001,18,71.129
11.14.2001-21:00:00,11,14,2001,21,71.694
11.15.2001-00:00:00,11,15,2001,00,23.167
11.15.2001-03:00:00,11,15,2001,03,20.167
11.15.2001-06:00:00,11,15,2001,06,20.28
11.15.2001-09:00:00,11,15,2001,09,18.369
11.15.2001-12:00:00,11,15,2001,12,15.764
11.15.2001-15:00:00,11,15,2001,15,16.041
11.15.2001-18:00:00,11,15,2001,18,19.688
11.15.2001-21:00:00,11,15,2001,21,20.384
11.16.2001-00:00:00,11,16,2001,00,17.892
11.16.2001-03:00:00,11,16,2001,03,17.117
11.16.2001-06:00:00,11,16,2001,06,16.025
11.16.2001-09:00:00,11,16,2001,09,18.381
11.16.2001-12:00:00,11,16,2001,12,19.524
11.16.2001-15:00:00,11,16,2001,15,15.63
11.16.2001-18:00:00,11,16,2001,18,16.296
11.16.2001-21:00:00,11,16,2001,21,17.077
11.17.2001-00:00:00,11,17,2001,00,16.002
11.17.2001-03:00:00,11,17,2001,03,15.925
11.17.2001-06:00:00,11,17,2001,06,15.919
11.17.2001-09:00:00,11,17,2001,09,15.37
11.17.2001-12:00:00,11,17,2001,12,15.295
11.17.2001-15:00:00,11,17,2001,15,15.29
11.17.2001-18:00:00,11,17,2001,18,15.286
11.17.2001-21:00:00,11,17,2001,21,15.281
11.18.2001-00:00:00,11,18,2001,00,15.276
11.18.2001-03:00:00,11,18,2001,03,15.272
11.18.2001-06:00:00,11,18,2001,06,15.268
11.18.2001-09:00:00,11,18,2001,09,15.259
11.18.2001-12:00:00,11,18,2001,12,15.249
11.18.2001-15:00:00,11,18,2001,15,15.243
11.18.2001-18:00:00,11,18,2001,18,15.238
11.18.2001-21:00:00,11,18,2001,21,15.233
11.19.2001-00:00:00,11,19,2001,00,15.228
11.19.2001-03:00:00,11,19,2001,03,15.308
11.19.2001-06:00:00,11,19,2001,06,15.759
11.19.2001-09:00:00,11,19,2001,09,18.132
11.19.2001-12:00:00,11,19,2001,12,15.954
11.19.2001-15:00:00,11,19,2001,15,15.795
11.19.2001-18:00:00,11,19,2001,18,15.787
11.19.2001-21:00:00,11,19,2001,21,15.78
11.20.2001-00:00:00,11,20,2001,00,15.771
11.20.2001-03:00:00,11,20,2001,03,15.763
11.20.2001-06:00:00,11,20,2001,06,15.755
11.20.2001-09:00:00,11,20,2001,09,21.278
11.20.2001-12:00:00,11,20,2001,12,36.517
11.20.2001-15:00:00,11,20,2001,15,30.594
11.20.2001-18:00:00,11,20,2001,18,25.44
11.20.2001-21:00:00,11,20,2001,21,25.312
11.21.2001-00:00:00,11,21,2001,00,16.82
11.21.2001-03:00:00,11,21,2001,03,16.381
11.21.2001-06:00:00,11,21,2001,06,16.473
11.21.2001-09:00:00,11,21,2001,09,19.957
11.21.2001-12:00:00,11,21,2001,12,36.577
11.21.2001-15:00:00,11,21,2001,15,23.47
11.21.2001-18:00:00,11,21,2001,18,17.164
11.21.2001-21:00:00,11,21,2001,21,16.91
11.22.2001-00:00:00,11,22,2001,00,24.532
11.22.2001-03:00:00,11,22,2001,03,28.533
11.22.2001-06:00:00,11,22,2001,06,25.151
11.22.2001-09:00:00,11,22,2001,09,42.521
11.22.2001-12:00:00,11,22,2001,12,48.303
11.22.2001-15:00:00,11,22,2001,15,38.32
11.22.2001-18:00:00,11,22,2001,18,31.956
11.22.2001-21:00:00,11,22,2001,21,29.449
11.23.2001-00:00:00,11,23,2001,00,19.599
11.23.2001-03:00:00,11,23,2001,03,19.192
11.23.2001-06:00:00,11,23,2001,06,19.398
11.23.2001-09:00:00,11,23,2001,09,19.533
11.23.2001-12:00:00,11,23,2001,12,19.613
11.23.2001-15:00:00,11,23,2001,15,19.687
11.23.2001-18:00:00,11,23,2001,18,19.759
11.23.2001-21:00:00,11,23,2001,21,19.829
11.24.2001-00:00:00,11,24,2001,00,19.897
11.24.2001-03:00:00,11,24,2001,03,19.964
11.24.2001-06:00:00,11,24,2001,06,20.031
11.24.2001-09:00:00,11,24,2001,09,20.094
11.24.2001-12:00:00,11,24,2001,12,20.155
11.24.2001-15:00:00,11,24,2001,15,20.218
11.24.2001-18:00:00,11,24,2001,18,20.281
11.24.2001-21:00:00,11,24,2001,21,20.343
11.25.2001-00:00:00,11,25,2001,00,20.405
11.25.2001-03:00:00,11,25,2001,03,20.466
11.25.2001-06:00:00,11,25,2001,06,20.526
11.25.2001-09:00:00,11,25,2001,09,20.585
11.25.2001-12:00:00,11,25,2001,12,20.642
11.25.2001-15:00:00,11,25,2001,15,20.7
11.25.2001-18:00:00,11,25,2001,18,20.757
11.25.2001-21:00:00,11,25,2001,21,20.814
11.26.2001-00:00:00,11,26,2001,00,20.87
11.26.2001-03:00:00,11,26,2001,03,20.926
11.26.2001-06:00:00,11,26,2001,06,20.981
11.26.2001-09:00:00,11,26,2001,09,21.034
11.26.2001-12:00:00,11,26,2001,12,21.087
11.26.2001-15:00:00,11,26,2001,15,21.14
11.26.2001-18:00:00,11,26,2001,18,21.192
11.26.2001-21:00:00,11,26,2001,21,21.244
11.27.2001-00:00:00,11,27,2001,00,21.295
11.27.2001-03:00:00,11,27,2001,03,21.346
11.27.2001-06:00:00,11,27,2001,06,21.395
11.27.2001-09:00:00,11,27,2001,09,21.445
11.27.2001-12:00:00,11,27,2001,12,21.495
11.27.2001-15:00:00,11,27,2001,15,21.544
11.27.2001-18:00:00,11,27,2001,18,21.592
11.27.2001-21:00:00,11,27,2001,21,21.638
11.28.2001-00:00:00,11,28,2001,00,21.685
11.28.2001-03:00:00,11,28,2001,03,21.731
11.28.2001-06:00:00,11,28,2001,06,21.776
11.28.2001-09:00:00,11,28,2001,09,21.821
11.28.2001-12:00:00,11,28,2001,12,21.876
11.28.2001-15:00:00,11,28,2001,15,21.92
11.28.2001-18:00:00,11,28,2001,18,21.963
11.28.2001-21:00:00,11,28,2001,21,22.005
11.29.2001-00:00:00,11,29,2001,00,22.047
11.29.2001-03:00:00,11,29,2001,03,22.089
11.29.2001-06:00:00,11,29,2001,06,22.13
11.29.2001-09:00:00,11,29,2001,09,22.17
11.29.2001-12:00:00,11,29,2001,12,22.21
11.29.2001-15:00:00,11,29,2001,15,22.249
11.29.2001-18:00:00,11,29,2001,18,22.288
11.29.2001-21:00:00,11,29,2001,21,22.326
11.30.2001-00:00:00,11,30,2001,00,22.364
11.30.2001-03:00:00,11,30,2001,03,22.402
11.30.2001-06:00:00,11,30,2001,06,22.438
11.30.2001-09:00:00,11,30,2001,09,22.475
11.30.2001-12:00:00,11,30,2001,12,22.511
11.30.2001-15:00:00,11,30,2001,15,22.546
11.30.2001-18:00:00,11,30,2001,18,22.582
11.30.2001-21:00:00,11,30,2001,21,22.616
12.01.2001-00:00:00,12,01,2001,00,22.651
12.01.2001-03:00:00,12,01,2001,03,22.686
12.01.2001-06:00:00,12,01,2001,06,22.721
12.01.2001-09:00:00,12,01,2001,09,22.756
12.01.2001-12:00:00,12,01,2001,12,22.79
12.01.2001-15:00:00,12,01,2001,15,22.824
12.01.2001-18:00:00,12,01,2001,18,22.858
12.01.2001-21:00:00,12,01,2001,21,22.891
12.02.2001-00:00:00,12,02,2001,00,22.924
12.02.2001-03:00:00,12,02,2001,03,22.956
12.02.2001-06:00:00,12,02,2001,06,22.988
12.02.2001-09:00:00,12,02,2001,09,23.02
12.02.2001-12:00:00,12,02,2001,12,23.051
12.02.2001-15:00:00,12,02,2001,15,23.081
12.02.2001-18:00:00,12,02,2001,18,23.112
12.02.2001-21:00:00,12,02,2001,21,23.141
12.03.2001-00:00:00,12,03,2001,00,23.171
12.03.2001-03:00:00,12,03,2001,03,23.2
12.03.2001-06:00:00,12,03,2001,06,23.229
12.03.2001-09:00:00,12,03,2001,09,23.257
12.03.2001-12:00:00,12,03,2001,12,23.285
12.03.2001-15:00:00,12,03,2001,15,23.312
12.03.2001-18:00:00,12,03,2001,18,23.339
12.03.2001-21:00:00,12,03,2001,21,23.366
12.04.2001-00:00:00,12,04,2001,00,23.392
12.04.2001-03:00:00,12,04,2001,03,23.418
12.04.2001-06:00:00,12,04,2001,06,23.444
12.04.2001-09:00:00,12,04,2001,09,23.469
12.04.2001-12:00:00,12,04,2001,12,23.494
12.04.2001-15:00:00,12,04,2001,15,23.519
12.04.2001-18:00:00,12,04,2001,18,23.543
12.04.2001-21:00:00,12,04,2001,21,23.567
12.05.2001-00:00:00,12,05,2001,00,23.591
12.05.2001-03:00:00,12,05,2001,03,23.614
12.05.2001-06:00:00,12,05,2001,06,23.637
12.05.2001-09:00:00,12,05,2001,09,23.659
12.05.2001-12:00:00,12,05,2001,12,23.681
12.05.2001-15:00:00,12,05,2001,15,23.704
12.05.2001-18:00:00,12,05,2001,18,23.725
12.05.2001-21:00:00,12,05,2001,21,23.747
12.06.2001-00:00:00,12,06,2001,00,23.767
12.06.2001-03:00:00,12,06,2001,03,23.788
12.06.2001-06:00:00,12,06,2001,06,23.809
12.06.2001-09:00:00,12,06,2001,09,23.829
12.06.2001-12:00:00,12,06,2001,12,23.849
12.06.2001-15:00:00,12,06,2001,15,23.868
12.06.2001-18:00:00,12,06,2001,18,23.888
12.06.2001-21:00:00,12,06,2001,21,23.906
12.07.2001-00:00:00,12,07,2001,00,23.925
12.07.2001-03:00:00,12,07,2001,03,23.944
12.07.2001-06:00:00,12,07,2001,06,23.962
12.07.2001-09:00:00,12,07,2001,09,23.98
12.07.2001-12:00:00,12,07,2001,12,23.997
12.07.2001-15:00:00,12,07,2001,15,24.015
12.07.2001-18:00:00,12,07,2001,18,24.032
12.07.2001-21:00:00,12,07,2001,21,24.049
12.08.2001-00:00:00,12,08,2001,00,24.065
12.08.2001-03:00:00,12,08,2001,03,24.082
12.08.2001-06:00:00,12,08,2001,06,24.098
12.08.2001-09:00:00,12,08,2001,09,24.115
12.08.2001-12:00:00,12,08,2001,12,24.132
12.08.2001-15:00:00,12,08,2001,15,24.149
12.08.2001-18:00:00,12,08,2001,18,24.167
12.08.2001-21:00:00,12,08,2001,21,24.183
12.09.2001-00:00:00,12,09,2001,00,24.2
12.09.2001-03:00:00,12,09,2001,03,24.216
12.09.2001-06:00:00,12,09,2001,06,24.233
12.09.2001-09:00:00,12,09,2001,09,24.249
12.09.2001-12:00:00,12,09,2001,12,24.264
12.09.2001-15:00:00,12,09,2001,15,24.28
12.09.2001-18:00:00,12,09,2001,18,24.295
12.09.2001-21:00:00,12,09,2001,21,24.31
12.10.2001-00:00:00,12,10,2001,00,24.325
12.10.2001-03:00:00,12,10,2001,03,24.34
12.10.2001-06:00:00,12,10,2001,06,24.355
12.10.2001-09:00:00,12,10,2001,09,24.369
12.10.2001-12:00:00,12,10,2001,12,24.383
12.10.2001-15:00:00,12,10,2001,15,24.397
12.10.2001-18:00:00,12,10,2001,18,24.411
12.10.2001-21:00:00,12,10,2001,21,24.424
12.11.2001-00:00:00,12,11,2001,00,24.437
12.11.2001-03:00:00,12,11,2001,03,24.45
12.11.2001-06:00:00,12,11,2001,06,24.464
12.11.2001-09:00:00,12,11,2001,09,24.476
12.11.2001-12:00:00,12,11,2001,12,24.489
12.11.2001-15:00:00,12,11,2001,15,24.501
12.11.2001-18:00:00,12,11,2001,18,24.514
12.11.2001-21:00:00,12,11,2001,21,24.526
12.12.2001-00:00:00,12,12,2001,00,24.538
12.12.2001-03:00:00,12,12,2001,03,24.549
12.12.2001-06:00:00,12,12,2001,06,24.561
12.12.2001-09:00:00,12,12,2001,09,24.572
12.12.2001-12:00:00,12,12,2001,12,24.583
12.12.2001-15:00:00,12,12,2001,15,24.595
12.12.2001-18:00:00,12,12,2001,18,24.605
12.12.2001-21:00:00,12,12,2001,21,24.616
12.13.2001-00:00:00,12,13,2001,00,24.626
12.13.2001-03:00:00,12,13,2001,03,24.637
12.13.2001-06:00:00,12,13,2001,06,24.647
12.13.2001-09:00:00,12,13,2001,09,24.657
12.13.2001-12:00:00,12,13,2001,12,24.667
12.13.2001-15:00:00,12,13,2001,15,24.677
12.13.2001-18:00:00,12,13,2001,18,24.686
12.13.2001-21:00:00,12,13,2001,21,24.696
12.14.2001-00:00:00,12,14,2001,00,24.705
12.14.2001-03:00:00,12,14,2001,03,24.714
12.14.2001-06:00:00,12,14,2001,06,24.723
12.14.2001-09:00:00,12,14,2001,09,24.732
12.14.2001-12:00:00,12,14,2001,12,24.74
12.14.2001-15:00:00,12,14,2001,15,24.749
12.14.2001-18:00:00,12,14,2001,18,24.757
12.14.2001-21:00:00,12,14,2001,21,24.765
12.15.2001-00:00:00,12,15,2001,00,24.773
12.15.2001-03:00:00,12,15,2001,03,24.781
12.15.2001-06:00:00,12,15,2001,06,24.789
12.15.2001-09:00:00,12,15,2001,09,24.797
12.15.2001-12:00:00,12,15,2001,12,24.804
12.15.2001-15:00:00,12,15,2001,15,24.811
12.15.2001-18:00:00,12,15,2001,18,24.818
12.15.2001-21:00:00,12,15,2001,21,24.825
12.16.2001-00:00:00,12,16,2001,00,24.832
12.16.2001-03:00:00,12,16,2001,03,24.839
12.16.2001-06:00:00,12,16,2001,06,24.845
12.16.2001-09:00:00,12,16,2001,09,24.852
12.16.2001-12:00:00,12,16,2001,12,24.858
12.16.2001-15:00:00,12,16,2001,15,24.864
12.16.2001-18:00:00,12,16,2001,18,24.87
12.16.2001-21:00:00,12,16,2001,21,24.875
12.17.2001-00:00:00,12,17,2001,00,24.881
12.17.2001-03:00:00,12,17,2001,03,24.887
12.17.2001-06:00:00,12,17,2001,06,24.892
12.17.2001-09:00:00,12,17,2001,09,24.897
12.17.2001-12:00:00,12,17,2001,12,24.902
12.17.2001-15:00:00,12,17,2001,15,24.907
12.17.2001-18:00:00,12,17,2001,18,24.912
12.17.2001-21:00:00,12,17,2001,21,24.917
12.18.2001-00:00:00,12,18,2001,00,24.921
12.18.2001-03:00:00,12,18,2001,03,24.925
12.18.2001-06:00:00,12,18,2001,06,24.93
12.18.2001-09:00:00,12,18,2001,09,24.934
12.18.2001-12:00:00,12,18,2001,12,24.938
12.18.2001-15:00:00,12,18,2001,15,24.941
12.18.2001-18:00:00,12,18,2001,18,24.945
12.18.2001-21:00:00,12,18,2001,21,24.948
12.19.2001-00:00:00,12,19,2001,00,24.952
12.19.2001-03:00:00,12,19,2001,03,24.955
12.19.2001-06:00:00,12,19,2001,06,24.958
12.19.2001-09:00:00,12,19,2001,09,24.961
12.19.2001-12:00:00,12,19,2001,12,24.964
12.19.2001-15:00:00,12,19,2001,15,24.967
12.19.2001-18:00:00,12,19,2001,18,24.969
12.19.2001-21:00:00,12,19,2001,21,24.971
12.20.2001-00:00:00,12,20,2001,00,24.974
12.20.2001-03:00:00,12,20,2001,03,24.976
12.20.2001-06:00:00,12,20,2001,06,24.977
12.20.2001-09:00:00,12,20,2001,09,24.979
12.20.2001-12:00:00,12,20,2001,12,24.981
12.20.2001-15:00:00,12,20,2001,15,24.983
12.20.2001-18:00:00,12,20,2001,18,24.984
12.20.2001-21:00:00,12,20,2001,21,24.985
12.21.2001-00:00:00,12,21,2001,00,24.986
12.21.2001-03:00:00,12,21,2001,03,24.987
12.21.2001-06:00:00,12,21,2001,06,24.987
12.21.2001-09:00:00,12,21,2001,09,24.988
12.21.2001-12:00:00,12,21,2001,12,24.989
12.21.2001-15:00:00,12,21,2001,15,24.989
12.21.2001-18:00:00,12,21,2001,18,24.989
12.21.2001-21:00:00,12,21,2001,21,24.989
12.22.2001-00:00:00,12,22,2001,00,24.989
12.22.2001-03:00:00,12,22,2001,03,24.989
12.22.2001-06:00:00,12,22,2001,06,24.988
12.22.2001-09:00:00,12,22,2001,09,24.988
12.22.2001-12:00:00,12,22,2001,12,24.987
12.22.2001-15:00:00,12,22,2001,15,24.986
12.22.2001-18:00:00,12,22,2001,18,24.985
12.22.2001-21:00:00,12,22,2001,21,24.984
12.23.2001-00:00:00,12,23,2001,00,24.983
12.23.2001-03:00:00,12,23,2001,03,24.981
12.23.2001-06:00:00,12,23,2001,06,24.979
12.23.2001-09:00:00,12,23,2001,09,24.978
12.23.2001-12:00:00,12,23,2001,12,24.976
12.23.2001-15:00:00,12,23,2001,15,24.974
12.23.2001-18:00:00,12,23,2001,18,24.972
12.23.2001-21:00:00,12,23,2001,21,24.969
12.24.2001-00:00:00,12,24,2001,00,24.967
12.24.2001-03:00:00,12,24,2001,03,24.964
12.24.2001-06:00:00,12,24,2001,06,24.961
12.24.2001-09:00:00,12,24,2001,09,24.958
12.24.2001-12:00:00,12,24,2001,12,24.955
12.24.2001-15:00:00,12,24,2001,15,24.952
12.24.2001-18:00:00,12,24,2001,18,24.948
12.24.2001-21:00:00,12,24,2001,21,24.945
12.25.2001-00:00:00,12,25,2001,00,24.941
12.25.2001-03:00:00,12,25,2001,03,24.937
12.25.2001-06:00:00,12,25,2001,06,24.933
12.25.2001-09:00:00,12,25,2001,09,24.929
12.25.2001-12:00:00,12,25,2001,12,24.925
12.25.2001-15:00:00,12,25,2001,15,24.92
12.25.2001-18:00:00,12,25,2001,18,24.916
12.25.2001-21:00:00,12,25,2001,21,24.911
12.26.2001-00:00:00,12,26,2001,00,24.906
12.26.2001-03:00:00,12,26,2001,03,24.901
12.26.2001-06:00:00,12,26,2001,06,24.895
12.26.2001-09:00:00,12,26,2001,09,24.89
12.26.2001-12:00:00,12,26,2001,12,24.884
12.26.2001-15:00:00,12,26,2001,15,24.879
12.26.2001-18:00:00,12,26,2001,18,24.873
12.26.2001-21:00:00,12,26,2001,21,24.867
12.27.2001-00:00:00,12,27,2001,00,24.861
12.27.2001-03:00:00,12,27,2001,03,24.855
12.27.2001-06:00:00,12,27,2001,06,24.849
12.27.2001-09:00:00,12,27,2001,09,24.843
12.27.2001-12:00:00,12,27,2001,12,24.837
12.27.2001-15:00:00,12,27,2001,15,24.831
12.27.2001-18:00:00,12,27,2001,18,24.824
12.27.2001-21:00:00,12,27,2001,21,24.818
12.28.2001-00:00:00,12,28,2001,00,24.811
12.28.2001-03:00:00,12,28,2001,03,24.804
12.28.2001-06:00:00,12,28,2001,06,24.797
12.28.2001-09:00:00,12,28,2001,09,24.79
12.28.2001-12:00:00,12,28,2001,12,24.783
12.28.2001-15:00:00,12,28,2001,15,24.775
12.28.2001-18:00:00,12,28,2001,18,24.768
12.28.2001-21:00:00,12,28,2001,21,24.76
12.29.2001-00:00:00,12,29,2001,00,24.752
12.29.2001-03:00:00,12,29,2001,03,24.744
12.29.2001-06:00:00,12,29,2001,06,24.736
12.29.2001-09:00:00,12,29,2001,09,24.728
12.29.2001-12:00:00,12,29,2001,12,24.719
12.29.2001-15:00:00,12,29,2001,15,24.71
12.29.2001-18:00:00,12,29,2001,18,24.701
12.29.2001-21:00:00,12,29,2001,21,24.692
12.30.2001-00:00:00,12,30,2001,00,24.683
12.30.2001-03:00:00,12,30,2001,03,24.674
12.30.2001-06:00:00,12,30,2001,06,24.664
12.30.2001-09:00:00,12,30,2001,09,24.655
12.30.2001-12:00:00,12,30,2001,12,24.645
12.30.2001-15:00:00,12,30,2001,15,24.635
12.30.2001-18:00:00,12,30,2001,18,24.625
12.30.2001-21:00:00,12,30,2001,21,24.614
12.31.2001-00:00:00,12,31,2001,00,24.604
12.31.2001-03:00:00,12,31,2001,03,24.594
12.31.2001-06:00:00,12,31,2001,06,24.583
12.31.2001-09:00:00,12,31,2001,09,24.572
12.31.2001-12:00:00,12,31,2001,12,24.56
12.31.2001-15:00:00,12,31,2001,15,24.548
12.31.2001-18:00:00,12,31,2001,18,24.536
12.31.2001-21:00:00,12,31,2001,21,24.525
01.01.2002-00:00:00,01,01,2002,00,24.513
01.01.2002-03:00:00,01,01,2002,03,24.501
01.01.2002-06:00:00,01,01,2002,06,24.489
01.01.2002-09:00:00,01,01,2002,09,24.477
01.01.2002-12:00:00,01,01,2002,12,24.465
01.01.2002-15:00:00,01,01,2002,15,24.453
01.01.2002-18:00:00,01,01,2002,18,24.441
01.01.2002-21:00:00,01,01,2002,21,24.428
01.02.2002-00:00:00,01,02,2002,00,24.415
01.02.2002-03:00:00,01,02,2002,03,24.402
01.02.2002-06:00:00,01,02,2002,06,24.389
01.02.2002-09:00:00,01,02,2002,09,24.376
01.02.2002-12:00:00,01,02,2002,12,24.362
01.02.2002-15:00:00,01,02,2002,15,24.348
01.02.2002-18:00:00,01,02,2002,18,24.335
01.02.2002-21:00:00,01,02,2002,21,24.321
01.03.2002-00:00:00,01,03,2002,00,24.307
01.03.2002-03:00:00,01,03,2002,03,24.293
01.03.2002-06:00:00,01,03,2002,06,24.279
01.03.2002-09:00:00,01,03,2002,09,24.264
01.03.2002-12:00:00,01,03,2002,12,24.249
01.03.2002-15:00:00,01,03,2002,15,24.235
01.03.2002-18:00:00,01,03,2002,18,24.22
01.03.2002-21:00:00,01,03,2002,21,24.205
01.04.2002-00:00:00,01,04,2002,00,24.189
01.04.2002-03:00:00,01,04,2002,03,24.174
01.04.2002-06:00:00,01,04,2002,06,24.158
01.04.2002-09:00:00,01,04,2002,09,24.143
01.04.2002-12:00:00,01,04,2002,12,24.127
01.04.2002-15:00:00,01,04,2002,15,24.111
01.04.2002-18:00:00,01,04,2002,18,24.095
01.04.2002-21:00:00,01,04,2002,21,24.079
01.05.2002-00:00:00,01,05,2002,00,24.062
01.05.2002-03:00:00,01,05,2002,03,24.046
01.05.2002-06:00:00,01,05,2002,06,24.029
01.05.2002-09:00:00,01,05,2002,09,24.013
01.05.2002-12:00:00,01,05,2002,12,23.996
01.05.2002-15:00:00,01,05,2002,15,23.979
01.05.2002-18:00:00,01,05,2002,18,23.962
01.05.2002-21:00:00,01,05,2002,21,23.944
01.06.2002-00:00:00,01,06,2002,00,23.927
01.06.2002-03:00:00,01,06,2002,03,23.909
01.06.2002-06:00:00,01,06,2002,06,23.892
01.06.2002-09:00:00,01,06,2002,09,23.874
01.06.2002-12:00:00,01,06,2002,12,23.856
01.06.2002-15:00:00,01,06,2002,15,23.838
01.06.2002-18:00:00,01,06,2002,18,23.819
01.06.2002-21:00:00,01,06,2002,21,23.801
01.07.2002-00:00:00,01,07,2002,00,23.783
01.07.2002-03:00:00,01,07,2002,03,23.764
01.07.2002-06:00:00,01,07,2002,06,23.745
01.07.2002-09:00:00,01,07,2002,09,23.727
01.07.2002-12:00:00,01,07,2002,12,23.708
01.07.2002-15:00:00,01,07,2002,15,23.689
01.07.2002-18:00:00,01,07,2002,18,23.669
01.07.2002-21:00:00,01,07,2002,21,23.65
01.08.2002-00:00:00,01,08,2002,00,23.63
01.08.2002-03:00:00,01,08,2002,03,23.611
01.08.2002-06:00:00,01,08,2002,06,23.591
01.08.2002-09:00:00,01,08,2002,09,23.571
01.08.2002-12:00:00,01,08,2002,12,23.551
01.08.2002-15:00:00,01,08,2002,15,23.531
01.08.2002-18:00:00,01,08,2002,18,23.51
01.08.2002-21:00:00,01,08,2002,21,23.49
01.09.2002-00:00:00,01,09,2002,00,23.47
01.09.2002-03:00:00,01,09,2002,03,23.449
01.09.2002-06:00:00,01,09,2002,06,23.428
01.09.2002-09:00:00,01,09,2002,09,23.407
01.09.2002-12:00:00,01,09,2002,12,23.387
01.09.2002-15:00:00,01,09,2002,15,23.366
01.09.2002-18:00:00,01,09,2002,18,23.344
01.09.2002-21:00:00,01,09,2002,21,23.323
01.10.2002-00:00:00,01,10,2002,00,23.302
01.10.2002-03:00:00,01,10,2002,03,23.281
01.10.2002-06:00:00,01,10,2002,06,23.259
01.10.2002-09:00:00,01,10,2002,09,23.237
01.10.2002-12:00:00,01,10,2002,12,23.215
01.10.2002-15:00:00,01,10,2002,15,23.194
01.10.2002-18:00:00,01,10,2002,18,23.172
01.10.2002-21:00:00,01,10,2002,21,23.15
01.11.2002-00:00:00,01,11,2002,00,23.128
01.11.2002-03:00:00,01,11,2002,03,23.105
01.11.2002-06:00:00,01,11,2002,06,23.083
01.11.2002-09:00:00,01,11,2002,09,23.061
01.11.2002-12:00:00,01,11,2002,12,23.038
01.11.2002-15:00:00,01,11,2002,15,23.016
01.11.2002-18:00:00,01,11,2002,18,22.993
01.11.2002-21:00:00,01,11,2002,21,22.97
01.12.2002-00:00:00,01,12,2002,00,22.947
01.12.2002-03:00:00,01,12,2002,03,22.924
01.12.2002-06:00:00,01,12,2002,06,22.901
01.12.2002-09:00:00,01,12,2002,09,22.877
01.12.2002-12:00:00,01,12,2002,12,22.854
01.12.2002-15:00:00,01,12,2002,15,22.83
01.12.2002-18:00:00,01,12,2002,18,22.807
01.12.2002-21:00:00,01,12,2002,21,22.783
01.13.2002-00:00:00,01,13,2002,00,22.76
01.13.2002-03:00:00,01,13,2002,03,22.736
01.13.2002-06:00:00,01,13,2002,06,22.712
01.13.2002-09:00:00,01,13,2002,09,22.688
01.13.2002-12:00:00,01,13,2002,12,22.663
01.13.2002-15:00:00,01,13,2002,15,22.639
01.13.2002-18:00:00,01,13,2002,18,22.614
01.13.2002-21:00:00,01,13,2002,21,22.59
01.14.2002-00:00:00,01,14,2002,00,22.566
01.14.2002-03:00:00,01,14,2002,03,22.542
01.14.2002-06:00:00,01,14,2002,06,22.517
01.14.2002-09:00:00,01,14,2002,09,22.493
01.14.2002-12:00:00,01,14,2002,12,22.468
01.14.2002-15:00:00,01,14,2002,15,22.443
01.14.2002-18:00:00,01,14,2002,18,22.418
01.14.2002-21:00:00,01,14,2002,21,22.393
01.15.2002-00:00:00,01,15,2002,00,22.368
01.15.2002-03:00:00,01,15,2002,03,22.343
01.15.2002-06:00:00,01,15,2002,06,22.318
01.15.2002-09:00:00,01,15,2002,09,22.293
01.15.2002-12:00:00,01,15,2002,12,22.268
01.15.2002-15:00:00,01,15,2002,15,22.243
01.15.2002-18:00:00,01,15,2002,18,22.218
01.15.2002-21:00:00,01,15,2002,21,22.193
01.16.2002-00:00:00,01,16,2002,00,22.168
01.16.2002-03:00:00,01,16,2002,03,22.143
01.16.2002-06:00:00,01,16,2002,06,22.117
01.16.2002-09:00:00,01,16,2002,09,22.092
01.16.2002-12:00:00,01,16,2002,12,22.067
01.16.2002-15:00:00,01,16,2002,15,22.041
01.16.2002-18:00:00,01,16,2002,18,22.016
01.16.2002-21:00:00,01,16,2002,21,21.99
01.17.2002-00:00:00,01,17,2002,00,21.965
01.17.2002-03:00:00,01,17,2002,03,21.939
01.17.2002-06:00:00,01,17,2002,06,21.913
01.17.2002-09:00:00,01,17,2002,09,21.887
01.17.2002-12:00:00,01,17,2002,12,21.862
01.17.2002-15:00:00,01,17,2002,15,21.836
01.17.2002-18:00:00,01,17,2002,18,21.81
01.17.2002-21:00:00,01,17,2002,21,21.784
01.18.2002-00:00:00,01,18,2002,00,21.758
01.18.2002-03:00:00,01,18,2002,03,21.732
01.18.2002-06:00:00,01,18,2002,06,21.705
01.18.2002-09:00:00,01,18,2002,09,21.679
01.18.2002-12:00:00,01,18,2002,12,21.653
01.18.2002-15:00:00,01,18,2002,15,21.627
01.18.2002-18:00:00,01,18,2002,18,21.6
01.18.2002-21:00:00,01,18,2002,21,21.574
01.19.2002-00:00:00,01,19,2002,00,21.548
01.19.2002-03:00:00,01,19,2002,03,21.521
01.19.2002-06:00:00,01,19,2002,06,21.495
01.19.2002-09:00:00,01,19,2002,09,21.468
01.19.2002-12:00:00,01,19,2002,12,21.441
01.19.2002-15:00:00,01,19,2002,15,21.414
01.19.2002-18:00:00,01,19,2002,18,21.388
01.19.2002-21:00:00,01,19,2002,21,21.361
01.20.2002-00:00:00,01,20,2002,00,21.334
01.20.2002-03:00:00,01,20,2002,03,21.307
01.20.2002-06:00:00,01,20,2002,06,21.281
01.20.2002-09:00:00,01,20,2002,09,21.254
01.20.2002-12:00:00,01,20,2002,12,21.227
01.20.2002-15:00:00,01,20,2002,15,21.2
01.20.2002-18:00:00,01,20,2002,18,21.172
01.20.2002-21:00:00,01,20,2002,21,21.145
01.21.2002-00:00:00,01,21,2002,00,21.118
01.21.2002-03:00:00,01,21,2002,03,21.091
01.21.2002-06:00:00,01,21,2002,06,21.064
01.21.2002-09:00:00,01,21,2002,09,21.036
01.21.2002-12:00:00,01,21,2002,12,21.009
01.21.2002-15:00:00,01,21,2002,15,20.981
01.21.2002-18:00:00,01,21,2002,18,20.954
01.21.2002-21:00:00,01,21,2002,21,20.926
01.22.2002-00:00:00,01,22,2002,00,20.899
01.22.2002-03:00:00,01,22,2002,03,20.871
01.22.2002-06:00:00,01,22,2002,06,20.844
01.22.2002-09:00:00,01,22,2002,09,20.816
01.22.2002-12:00:00,01,22,2002,12,20.789
01.22.2002-15:00:00,01,22,2002,15,20.761
01.22.2002-18:00:00,01,22,2002,18,20.733
01.22.2002-21:00:00,01,22,2002,21,20.705
01.23.2002-00:00:00,01,23,2002,00,20.678
01.23.2002-03:00:00,01,23,2002,03,20.65
01.23.2002-06:00:00,01,23,2002,06,20.622
01.23.2002-09:00:00,01,23,2002,09,20.594
01.23.2002-12:00:00,01,23,2002,12,20.566
01.23.2002-15:00:00,01,23,2002,15,20.538
01.23.2002-18:00:00,01,23,2002,18,20.51
01.23.2002-21:00:00,01,23,2002,21,20.482
01.24.2002-00:00:00,01,24,2002,00,20.454
01.24.2002-03:00:00,01,24,2002,03,20.427
01.24.2002-06:00:00,01,24,2002,06,20.398
01.24.2002-09:00:00,01,24,2002,09,20.371
01.24.2002-12:00:00,01,24,2002,12,20.342
01.24.2002-15:00:00,01,24,2002,15,20.314
01.24.2002-18:00:00,01,24,2002,18,20.286
01.24.2002-21:00:00,01,24,2002,21,20.258
01.25.2002-00:00:00,01,25,2002,00,20.23
01.25.2002-03:00:00,01,25,2002,03,20.202
01.25.2002-06:00:00,01,25,2002,06,20.174
01.25.2002-09:00:00,01,25,2002,09,20.146
01.25.2002-12:00:00,01,25,2002,12,20.117
01.25.2002-15:00:00,01,25,2002,15,20.089
01.25.2002-18:00:00,01,25,2002,18,20.061
01.25.2002-21:00:00,01,25,2002,21,20.032
01.26.2002-00:00:00,01,26,2002,00,20.004
01.26.2002-03:00:00,01,26,2002,03,19.976
01.26.2002-06:00:00,01,26,2002,06,19.948
01.26.2002-09:00:00,01,26,2002,09,19.92
01.26.2002-12:00:00,01,26,2002,12,19.892
01.26.2002-15:00:00,01,26,2002,15,19.863
01.26.2002-18:00:00,01,26,2002,18,19.835
01.26.2002-21:00:00,01,26,2002,21,19.807
01.27.2002-00:00:00,01,27,2002,00,19.779
01.27.2002-03:00:00,01,27,2002,03,19.751
01.27.2002-06:00:00,01,27,2002,06,19.723
01.27.2002-09:00:00,01,27,2002,09,19.695
01.27.2002-12:00:00,01,27,2002,12,19.667
01.27.2002-15:00:00,01,27,2002,15,19.639
01.27.2002-18:00:00,01,27,2002,18,19.61
01.27.2002-21:00:00,01,27,2002,21,19.582
01.28.2002-00:00:00,01,28,2002,00,19.554
01.28.2002-03:00:00,01,28,2002,03,19.526
01.28.2002-06:00:00,01,28,2002,06,19.497
01.28.2002-09:00:00,01,28,2002,09,19.469
01.28.2002-12:00:00,01,28,2002,12,19.441
01.28.2002-15:00:00,01,28,2002,15,19.413
01.28.2002-18:00:00,01,28,2002,18,19.385
01.28.2002-21:00:00,01,28,2002,21,19.357
01.29.2002-00:00:00,01,29,2002,00,19.329
01.29.2002-03:00:00,01,29,2002,03,19.3
01.29.2002-06:00:00,01,29,2002,06,19.272
01.29.2002-09:00:00,01,29,2002,09,19.244
01.29.2002-12:00:00,01,29,2002,12,19.216
01.29.2002-15:00:00,01,29,2002,15,19.188
01.29.2002-18:00:00,01,29,2002,18,19.16
01.29.2002-21:00:00,01,29,2002,21,19.132
01.30.2002-00:00:00,01,30,2002,00,19.103
01.30.2002-03:00:00,01,30,2002,03,19.075
01.30.2002-06:00:00,01,30,2002,06,19.048
01.30.2002-09:00:00,01,30,2002,09,19.019
01.30.2002-12:00:00,01,30,2002,12,18.991
01.30.2002-15:00:00,01,30,2002,15,18.963
01.30.2002-18:00:00,01,30,2002,18,18.935
01.30.2002-21:00:00,01,30,2002,21,18.907
01.31.2002-00:00:00,01,31,2002,00,18.879
01.31.2002-03:00:00,01,31,2002,03,18.851
01.31.2002-06:00:00,01,31,2002,06,18.823
01.31.2002-09:00:00,01,31,2002,09,18.795
01.31.2002-12:00:00,01,31,2002,12,18.767
01.31.2002-15:00:00,01,31,2002,15,18.739
01.31.2002-18:00:00,01,31,2002,18,18.712
01.31.2002-21:00:00,01,31,2002,21,18.684
02.01.2002-00:00:00,02,01,2002,00,18.656
02.01.2002-03:00:00,02,01,2002,03,18.628
02.01.2002-06:00:00,02,01,2002,06,18.6
02.01.2002-09:00:00,02,01,2002,09,18.572
02.01.2002-12:00:00,02,01,2002,12,18.544
02.01.2002-15:00:00,02,01,2002,15,18.517
02.01.2002-18:00:00,02,01,2002,18,18.489
02.01.2002-21:00:00,02,01,2002,21,18.461
02.02.2002-00:00:00,02,02,2002,00,18.433
02.02.2002-03:00:00,02,02,2002,03,18.405
02.02.2002-06:00:00,02,02,2002,06,18.378
02.02.2002-09:00:00,02,02,2002,09,18.35
02.02.2002-12:00:00,02,02,2002,12,18.322
02.02.2002-15:00:00,02,02,2002,15,18.295
02.02.2002-18:00:00,02,02,2002,18,18.268
02.02.2002-21:00:00,02,02,2002,21,18.241
02.03.2002-00:00:00,02,03,2002,00,18.214
02.03.2002-03:00:00,02,03,2002,03,18.187
02.03.2002-06:00:00,02,03,2002,06,18.161
02.03.2002-09:00:00,02,03,2002,09,18.134
02.03.2002-12:00:00,02,03,2002,12,18.107
02.03.2002-15:00:00,02,03,2002,15,18.08
02.03.2002-18:00:00,02,03,2002,18,18.053
02.03.2002-21:00:00,02,03,2002,21,18.027
02.04.2002-00:00:00,02,04,2002,00,18.001
02.04.2002-03:00:00,02,04,2002,03,17.974
02.04.2002-06:00:00,02,04,2002,06,17.947
02.04.2002-09:00:00,02,04,2002,09,17.921
02.04.2002-12:00:00,02,04,2002,12,17.894
02.04.2002-15:00:00,02,04,2002,15,17.868
02.04.2002-18:00:00,02,04,2002,18,17.842
02.04.2002-21:00:00,02,04,2002,21,17.815
02.05.2002-00:00:00,02,05,2002,00,17.789
02.05.2002-03:00:00,02,05,2002,03,17.763
02.05.2002-06:00:00,02,05,2002,06,17.736
02.05.2002-09:00:00,02,05,2002,09,17.71
02.05.2002-12:00:00,02,05,2002,12,17.683
02.05.2002-15:00:00,02,05,2002,15,17.657
02.05.2002-18:00:00,02,05,2002,18,17.631
02.05.2002-21:00:00,02,05,2002,21,17.605
02.06.2002-00:00:00,02,06,2002,00,17.578
02.06.2002-03:00:00,02,06,2002,03,17.552
02.06.2002-06:00:00,02,06,2002,06,17.526
02.06.2002-09:00:00,02,06,2002,09,17.5
02.06.2002-12:00:00,02,06,2002,12,17.473
02.06.2002-15:00:00,02,06,2002,15,17.448
02.06.2002-18:00:00,02,06,2002,18,17.421
02.06.2002-21:00:00,02,06,2002,21,17.395
02.07.2002-00:00:00,02,07,2002,00,17.369
02.07.2002-03:00:00,02,07,2002,03,17.344
02.07.2002-06:00:00,02,07,2002,06,17.317
02.07.2002-09:00:00,02,07,2002,09,17.291
02.07.2002-12:00:00,02,07,2002,12,17.266
02.07.2002-15:00:00,02,07,2002,15,17.239
02.07.2002-18:00:00,02,07,2002,18,17.214
02.07.2002-21:00:00,02,07,2002,21,17.188
02.08.2002-00:00:00,02,08,2002,00,17.162
02.08.2002-03:00:00,02,08,2002,03,17.136
02.08.2002-06:00:00,02,08,2002,06,17.111
02.08.2002-09:00:00,02,08,2002,09,17.084
02.08.2002-12:00:00,02,08,2002,12,17.058
02.08.2002-15:00:00,02,08,2002,15,17.032
02.08.2002-18:00:00,02,08,2002,18,17.006
02.08.2002-21:00:00,02,08,2002,21,16.981
02.09.2002-00:00:00,02,09,2002,00,16.955
02.09.2002-03:00:00,02,09,2002,03,16.93
02.09.2002-06:00:00,02,09,2002,06,16.904
02.09.2002-09:00:00,02,09,2002,09,16.879
02.09.2002-12:00:00,02,09,2002,12,16.852
02.09.2002-15:00:00,02,09,2002,15,16.827
02.09.2002-18:00:00,02,09,2002,18,16.801
02.09.2002-21:00:00,02,09,2002,21,16.776
02.10.2002-00:00:00,02,10,2002,00,16.75
02.10.2002-03:00:00,02,10,2002,03,16.725
02.10.2002-06:00:00,02,10,2002,06,16.7
02.10.2002-09:00:00,02,10,2002,09,16.675
02.10.2002-12:00:00,02,10,2002,12,16.649
02.10.2002-15:00:00,02,10,2002,15,16.624
02.10.2002-18:00:00,02,10,2002,18,16.599
02.10.2002-21:00:00,02,10,2002,21,16.573
02.11.2002-00:00:00,02,11,2002,00,16.549
02.11.2002-03:00:00,02,11,2002,03,16.524
02.11.2002-06:00:00,02,11,2002,06,16.498
02.11.2002-09:00:00,02,11,2002,09,16.473
02.11.2002-12:00:00,02,11,2002,12,16.446
02.11.2002-15:00:00,02,11,2002,15,16.421
02.11.2002-18:00:00,02,11,2002,18,16.396
02.11.2002-21:00:00,02,11,2002,21,16.371
02.12.2002-00:00:00,02,12,2002,00,16.347
02.12.2002-03:00:00,02,12,2002,03,16.322
02.12.2002-06:00:00,02,12,2002,06,16.297
02.12.2002-09:00:00,02,12,2002,09,16.272
02.12.2002-12:00:00,02,12,2002,12,16.247
02.12.2002-15:00:00,02,12,2002,15,16.222
02.12.2002-18:00:00,02,12,2002,18,16.197
02.12.2002-21:00:00,02,12,2002,21,16.173
02.13.2002-00:00:00,02,13,2002,00,16.148
02.13.2002-03:00:00,02,13,2002,03,16.124
02.13.2002-06:00:00,02,13,2002,06,16.099
02.13.2002-09:00:00,02,13,2002,09,16.075
02.13.2002-12:00:00,02,13,2002,12,16.049
02.13.2002-15:00:00,02,13,2002,15,16.025
02.13.2002-18:00:00,02,13,2002,18,16.001
02.13.2002-21:00:00,02,13,2002,21,15.976
02.14.2002-00:00:00,02,14,2002,00,15.952
02.14.2002-03:00:00,02,14,2002,03,15.928
02.14.2002-06:00:00,02,14,2002,06,15.904
02.14.2002-09:00:00,02,14,2002,09,15.878
02.14.2002-12:00:00,02,14,2002,12,15.853
02.14.2002-15:00:00,02,14,2002,15,15.828
02.14.2002-18:00:00,02,14,2002,18,15.804
02.14.2002-21:00:00,02,14,2002,21,15.78
02.15.2002-00:00:00,02,15,2002,00,15.757
02.15.2002-03:00:00,02,15,2002,03,15.733
02.15.2002-06:00:00,02,15,2002,06,15.708
02.15.2002-09:00:00,02,15,2002,09,15.685
02.15.2002-12:00:00,02,15,2002,12,15.66
02.15.2002-15:00:00,02,15,2002,15,15.635
02.15.2002-18:00:00,02,15,2002,18,15.612
02.15.2002-21:00:00,02,15,2002,21,15.588
02.16.2002-00:00:00,02,16,2002,00,15.564
02.16.2002-03:00:00,02,16,2002,03,15.541
02.16.2002-06:00:00,02,16,2002,06,15.517
02.16.2002-09:00:00,02,16,2002,09,15.494
02.16.2002-12:00:00,02,16,2002,12,15.469
02.16.2002-15:00:00,02,16,2002,15,15.445
02.16.2002-18:00:00,02,16,2002,18,15.421
02.16.2002-21:00:00,02,16,2002,21,15.398
02.17.2002-00:00:00,02,17,2002,00,15.375
02.17.2002-03:00:00,02,17,2002,03,15.352
02.17.2002-06:00:00,02,17,2002,06,15.328
02.17.2002-09:00:00,02,17,2002,09,15.304
02.17.2002-12:00:00,02,17,2002,12,15.279
02.17.2002-15:00:00,02,17,2002,15,15.256
02.17.2002-18:00:00,02,17,2002,18,15.232
02.17.2002-21:00:00,02,17,2002,21,15.209
02.18.2002-00:00:00,02,18,2002,00,15.186
02.18.2002-03:00:00,02,18,2002,03,15.163
02.18.2002-06:00:00,02,18,2002,06,15.14
02.18.2002-09:00:00,02,18,2002,09,15.116
02.18.2002-12:00:00,02,18,2002,12,15.09
02.18.2002-15:00:00,02,18,2002,15,15.067
02.18.2002-18:00:00,02,18,2002,18,15.044
02.18.2002-21:00:00,02,18,2002,21,15.022
02.19.2002-00:00:00,02,19,2002,00,14.999
02.19.2002-03:00:00,02,19,2002,03,14.976
02.19.2002-06:00:00,02,19,2002,06,14.953
02.19.2002-09:00:00,02,19,2002,09,14.93
02.19.2002-12:00:00,02,19,2002,12,14.907
02.19.2002-15:00:00,02,19,2002,15,14.884
02.19.2002-18:00:00,02,19,2002,18,14.861
02.19.2002-21:00:00,02,19,2002,21,14.839
02.20.2002-00:00:00,02,20,2002,00,14.816
02.20.2002-03:00:00,02,20,2002,03,14.794
02.20.2002-06:00:00,02,20,2002,06,14.771
02.20.2002-09:00:00,02,20,2002,09,14.748
02.20.2002-12:00:00,02,20,2002,12,14.723
02.20.2002-15:00:00,02,20,2002,15,14.7
02.20.2002-18:00:00,02,20,2002,18,14.678
02.20.2002-21:00:00,02,20,2002,21,14.655
02.21.2002-00:00:00,02,21,2002,00,14.633
02.21.2002-03:00:00,02,21,2002,03,14.611
02.21.2002-06:00:00,02,21,2002,06,14.589
02.21.2002-09:00:00,02,21,2002,09,14.567
02.21.2002-12:00:00,02,21,2002,12,14.545
02.21.2002-15:00:00,02,21,2002,15,14.522
02.21.2002-18:00:00,02,21,2002,18,14.5
02.21.2002-21:00:00,02,21,2002,21,14.479
02.22.2002-00:00:00,02,22,2002,00,14.457
02.22.2002-03:00:00,02,22,2002,03,14.435
02.22.2002-06:00:00,02,22,2002,06,14.413
02.22.2002-09:00:00,02,22,2002,09,14.391
02.22.2002-12:00:00,02,22,2002,12,14.369
02.22.2002-15:00:00,02,22,2002,15,14.35
02.22.2002-18:00:00,02,22,2002,18,14.369
02.22.2002-21:00:00,02,22,2002,21,14.387
02.23.2002-00:00:00,02,23,2002,00,14.381
02.23.2002-03:00:00,02,23,2002,03,14.371
02.23.2002-06:00:00,02,23,2002,06,14.356
02.23.2002-09:00:00,02,23,2002,09,14.344
02.23.2002-12:00:00,02,23,2002,12,14.341
02.23.2002-15:00:00,02,23,2002,15,14.34
02.23.2002-18:00:00,02,23,2002,18,14.334
02.23.2002-21:00:00,02,23,2002,21,14.319
02.24.2002-00:00:00,02,24,2002,00,14.301
02.24.2002-03:00:00,02,24,2002,03,14.282
02.24.2002-06:00:00,02,24,2002,06,14.26
02.24.2002-09:00:00,02,24,2002,09,14.239
02.24.2002-12:00:00,02,24,2002,12,14.216
02.24.2002-15:00:00,02,24,2002,15,14.195
02.24.2002-18:00:00,02,24,2002,18,14.173
02.24.2002-21:00:00,02,24,2002,21,14.152
02.25.2002-00:00:00,02,25,2002,00,14.131
02.25.2002-03:00:00,02,25,2002,03,14.11
02.25.2002-06:00:00,02,25,2002,06,14.089
02.25.2002-09:00:00,02,25,2002,09,14.068
02.25.2002-12:00:00,02,25,2002,12,14.047
02.25.2002-15:00:00,02,25,2002,15,14.026
02.25.2002-18:00:00,02,25,2002,18,14.005
02.25.2002-21:00:00,02,25,2002,21,13.984
02.26.2002-00:00:00,02,26,2002,00,13.963
02.26.2002-03:00:00,02,26,2002,03,13.942
02.26.2002-06:00:00,02,26,2002,06,13.921
02.26.2002-09:00:00,02,26,2002,09,13.9
02.26.2002-12:00:00,02,26,2002,12,13.879
02.26.2002-15:00:00,02,26,2002,15,13.858
02.26.2002-18:00:00,02,26,2002,18,13.837
02.26.2002-21:00:00,02,26,2002,21,13.816
02.27.2002-00:00:00,02,27,2002,00,13.796
02.27.2002-03:00:00,02,27,2002,03,13.775
02.27.2002-06:00:00,02,27,2002,06,13.754
02.27.2002-09:00:00,02,27,2002,09,13.734
02.27.2002-12:00:00,02,27,2002,12,13.711
02.27.2002-15:00:00,02,27,2002,15,13.691
02.27.2002-18:00:00,02,27,2002,18,13.67
02.27.2002-21:00:00,02,27,2002,21,13.65
02.28.2002-00:00:00,02,28,2002,00,13.63
02.28.2002-03:00:00,02,28,2002,03,13.609
02.28.2002-06:00:00,02,28,2002,06,13.589
02.28.2002-09:00:00,02,28,2002,09,13.567
02.28.2002-12:00:00,02,28,2002,12,13.545
02.28.2002-15:00:00,02,28,2002,15,13.525
02.28.2002-18:00:00,02,28,2002,18,13.505
02.28.2002-21:00:00,02,28,2002,21,13.485
03.01.2002-00:00:00,03,01,2002,00,13.464
03.01.2002-03:00:00,03,01,2002,03,13.444
03.01.2002-06:00:00,03,01,2002,06,13.424
03.01.2002-09:00:00,03,01,2002,09,13.402
03.01.2002-12:00:00,03,01,2002,12,13.379
03.01.2002-15:00:00,03,01,2002,15,13.358
03.01.2002-18:00:00,03,01,2002,18,13.338
03.01.2002-21:00:00,03,01,2002,21,13.319
03.02.2002-00:00:00,03,02,2002,00,13.299
03.02.2002-03:00:00,03,02,2002,03,13.279
03.02.2002-06:00:00,03,02,2002,06,13.259
03.02.2002-09:00:00,03,02,2002,09,13.237
03.02.2002-12:00:00,03,02,2002,12,13.215
03.02.2002-15:00:00,03,02,2002,15,13.194
03.02.2002-18:00:00,03,02,2002,18,13.175
03.02.2002-21:00:00,03,02,2002,21,13.155
03.03.2002-00:00:00,03,03,2002,00,13.136
03.03.2002-03:00:00,03,03,2002,03,13.116
03.03.2002-06:00:00,03,03,2002,06,13.097
03.03.2002-09:00:00,03,03,2002,09,13.075
03.03.2002-12:00:00,03,03,2002,12,13.053
03.03.2002-15:00:00,03,03,2002,15,13.033
03.03.2002-18:00:00,03,03,2002,18,13.014
03.03.2002-21:00:00,03,03,2002,21,12.995
03.04.2002-00:00:00,03,04,2002,00,12.975
03.04.2002-03:00:00,03,04,2002,03,12.956
03.04.2002-06:00:00,03,04,2002,06,12.937
03.04.2002-09:00:00,03,04,2002,09,12.915
03.04.2002-12:00:00,03,04,2002,12,12.893
03.04.2002-15:00:00,03,04,2002,15,12.873
03.04.2002-18:00:00,03,04,2002,18,12.854
03.04.2002-21:00:00,03,04,2002,21,12.835
03.05.2002-00:00:00,03,05,2002,00,12.817
03.05.2002-03:00:00,03,05,2002,03,12.798
03.05.2002-06:00:00,03,05,2002,06,12.779
03.05.2002-09:00:00,03,05,2002,09,12.758
03.05.2002-12:00:00,03,05,2002,12,12.736
03.05.2002-15:00:00,03,05,2002,15,12.716
03.05.2002-18:00:00,03,05,2002,18,12.698
03.05.2002-21:00:00,03,05,2002,21,12.679
03.06.2002-00:00:00,03,06,2002,00,12.661
03.06.2002-03:00:00,03,06,2002,03,12.643
03.06.2002-06:00:00,03,06,2002,06,12.624
03.06.2002-09:00:00,03,06,2002,09,12.606
03.06.2002-12:00:00,03,06,2002,12,12.586
03.06.2002-15:00:00,03,06,2002,15,12.568
03.06.2002-18:00:00,03,06,2002,18,12.55
03.06.2002-21:00:00,03,06,2002,21,12.531
03.07.2002-00:00:00,03,07,2002,00,12.513
03.07.2002-03:00:00,03,07,2002,03,12.495
03.07.2002-06:00:00,03,07,2002,06,12.477
03.07.2002-09:00:00,03,07,2002,09,12.459
03.07.2002-12:00:00,03,07,2002,12,12.441
03.07.2002-15:00:00,03,07,2002,15,12.422
03.07.2002-18:00:00,03,07,2002,18,12.404
03.07.2002-21:00:00,03,07,2002,21,12.386
03.08.2002-00:00:00,03,08,2002,00,12.368
03.08.2002-03:00:00,03,08,2002,03,12.351
03.08.2002-06:00:00,03,08,2002,06,12.333
03.08.2002-09:00:00,03,08,2002,09,12.315
03.08.2002-12:00:00,03,08,2002,12,12.297
03.08.2002-15:00:00,03,08,2002,15,12.279
03.08.2002-18:00:00,03,08,2002,18,12.262
03.08.2002-21:00:00,03,08,2002,21,12.244
03.09.2002-00:00:00,03,09,2002,00,12.226
03.09.2002-03:00:00,03,09,2002,03,12.208
03.09.2002-06:00:00,03,09,2002,06,12.191
03.09.2002-09:00:00,03,09,2002,09,12.173
03.09.2002-12:00:00,03,09,2002,12,12.155
03.09.2002-15:00:00,03,09,2002,15,12.138
03.09.2002-18:00:00,03,09,2002,18,12.12
03.09.2002-21:00:00,03,09,2002,21,12.103
03.10.2002-00:00:00,03,10,2002,00,12.086
03.10.2002-03:00:00,03,10,2002,03,12.068
03.10.2002-06:00:00,03,10,2002,06,12.051
03.10.2002-09:00:00,03,10,2002,09,12.033
03.10.2002-12:00:00,03,10,2002,12,12.016
03.10.2002-15:00:00,03,10,2002,15,11.999
03.10.2002-18:00:00,03,10,2002,18,11.982
03.10.2002-21:00:00,03,10,2002,21,11.965
03.11.2002-00:00:00,03,11,2002,00,11.948
03.11.2002-03:00:00,03,11,2002,03,11.93
03.11.2002-06:00:00,03,11,2002,06,11.913
03.11.2002-09:00:00,03,11,2002,09,11.896
03.11.2002-12:00:00,03,11,2002,12,11.879
03.11.2002-15:00:00,03,11,2002,15,11.862
03.11.2002-18:00:00,03,11,2002,18,11.845
03.11.2002-21:00:00,03,11,2002,21,11.828
03.12.2002-00:00:00,03,12,2002,00,11.811
03.12.2002-03:00:00,03,12,2002,03,11.795
03.12.2002-06:00:00,03,12,2002,06,11.778
03.12.2002-09:00:00,03,12,2002,09,11.76
03.12.2002-12:00:00,03,12,2002,12,11.742
03.12.2002-15:00:00,03,12,2002,15,11.726
03.12.2002-18:00:00,03,12,2002,18,11.709
03.12.2002-21:00:00,03,12,2002,21,11.692
03.13.2002-00:00:00,03,13,2002,00,11.676
03.13.2002-03:00:00,03,13,2002,03,11.659
03.13.2002-06:00:00,03,13,2002,06,11.643
03.13.2002-09:00:00,03,13,2002,09,11.625
03.13.2002-12:00:00,03,13,2002,12,11.607
03.13.2002-15:00:00,03,13,2002,15,11.59
03.13.2002-18:00:00,03,13,2002,18,11.575
03.13.2002-21:00:00,03,13,2002,21,11.559
03.14.2002-00:00:00,03,14,2002,00,11.544
03.14.2002-03:00:00,03,14,2002,03,11.529
03.14.2002-06:00:00,03,14,2002,06,11.513
03.14.2002-09:00:00,03,14,2002,09,11.495
03.14.2002-12:00:00,03,14,2002,12,11.476
03.14.2002-15:00:00,03,14,2002,15,11.46
03.14.2002-18:00:00,03,14,2002,18,11.445
03.14.2002-21:00:00,03,14,2002,21,11.43
03.15.2002-00:00:00,03,15,2002,00,11.414
03.15.2002-03:00:00,03,15,2002,03,11.399
03.15.2002-06:00:00,03,15,2002,06,11.384
03.15.2002-09:00:00,03,15,2002,09,11.367
03.15.2002-12:00:00,03,15,2002,12,11.35
03.15.2002-15:00:00,03,15,2002,15,11.334
03.15.2002-18:00:00,03,15,2002,18,11.319
03.15.2002-21:00:00,03,15,2002,21,11.304
03.16.2002-00:00:00,03,16,2002,00,11.29
03.16.2002-03:00:00,03,16,2002,03,11.275
03.16.2002-06:00:00,03,16,2002,06,11.26
03.16.2002-09:00:00,03,16,2002,09,11.244
03.16.2002-12:00:00,03,16,2002,12,11.229
03.16.2002-15:00:00,03,16,2002,15,11.214
03.16.2002-18:00:00,03,16,2002,18,11.2
03.16.2002-21:00:00,03,16,2002,21,11.185
03.17.2002-00:00:00,03,17,2002,00,11.17
03.17.2002-03:00:00,03,17,2002,03,11.155
03.17.2002-06:00:00,03,17,2002,06,11.141
03.17.2002-09:00:00,03,17,2002,09,11.125
03.17.2002-12:00:00,03,17,2002,12,11.108
03.17.2002-15:00:00,03,17,2002,15,11.093
03.17.2002-18:00:00,03,17,2002,18,11.078
03.17.2002-21:00:00,03,17,2002,21,11.063
03.18.2002-00:00:00,03,18,2002,00,11.049
03.18.2002-03:00:00,03,18,2002,03,11.034
03.18.2002-06:00:00,03,18,2002,06,11.02
03.18.2002-09:00:00,03,18,2002,09,11.006
03.18.2002-12:00:00,03,18,2002,12,10.991
03.18.2002-15:00:00,03,18,2002,15,10.977
03.18.2002-18:00:00,03,18,2002,18,10.962
03.18.2002-21:00:00,03,18,2002,21,10.948
03.19.2002-00:00:00,03,19,2002,00,10.934
03.19.2002-03:00:00,03,19,2002,03,10.92
03.19.2002-06:00:00,03,19,2002,06,10.906
03.19.2002-09:00:00,03,19,2002,09,10.891
03.19.2002-12:00:00,03,19,2002,12,10.877
03.19.2002-15:00:00,03,19,2002,15,10.863
03.19.2002-18:00:00,03,19,2002,18,10.849
03.19.2002-21:00:00,03,19,2002,21,10.835
03.20.2002-00:00:00,03,20,2002,00,10.821
03.20.2002-03:00:00,03,20,2002,03,10.807
03.20.2002-06:00:00,03,20,2002,06,10.793
03.20.2002-09:00:00,03,20,2002,09,10.779
03.20.2002-12:00:00,03,20,2002,12,10.765
03.20.2002-15:00:00,03,20,2002,15,10.751
03.20.2002-18:00:00,03,20,2002,18,10.737
03.20.2002-21:00:00,03,20,2002,21,10.723
03.21.2002-00:00:00,03,21,2002,00,10.709
03.21.2002-03:00:00,03,21,2002,03,10.696
03.21.2002-06:00:00,03,21,2002,06,10.682
03.21.2002-09:00:00,03,21,2002,09,10.668
03.21.2002-12:00:00,03,21,2002,12,10.653
03.21.2002-15:00:00,03,21,2002,15,10.639
03.21.2002-18:00:00,03,21,2002,18,10.626
03.21.2002-21:00:00,03,21,2002,21,10.612
03.22.2002-00:00:00,03,22,2002,00,10.598
03.22.2002-03:00:00,03,22,2002,03,10.585
03.22.2002-06:00:00,03,22,2002,06,10.571
03.22.2002-09:00:00,03,22,2002,09,10.555
03.22.2002-12:00:00,03,22,2002,12,10.538
03.22.2002-15:00:00,03,22,2002,15,10.523
03.22.2002-18:00:00,03,22,2002,18,10.51
03.22.2002-21:00:00,03,22,2002,21,10.497
03.23.2002-00:00:00,03,23,2002,00,10.483
03.23.2002-03:00:00,03,23,2002,03,10.47
03.23.2002-06:00:00,03,23,2002,06,10.456
03.23.2002-09:00:00,03,23,2002,09,10.439
03.23.2002-12:00:00,03,23,2002,12,10.421
03.23.2002-15:00:00,03,23,2002,15,10.406
03.23.2002-18:00:00,03,23,2002,18,10.393
03.23.2002-21:00:00,03,23,2002,21,10.38
03.24.2002-00:00:00,03,24,2002,00,10.366
03.24.2002-03:00:00,03,24,2002,03,10.353
03.24.2002-06:00:00,03,24,2002,06,10.339
03.24.2002-09:00:00,03,24,2002,09,10.321
03.24.2002-12:00:00,03,24,2002,12,10.303
03.24.2002-15:00:00,03,24,2002,15,10.289
03.24.2002-18:00:00,03,24,2002,18,10.278
03.24.2002-21:00:00,03,24,2002,21,10.28
03.25.2002-00:00:00,03,25,2002,00,10.272
03.25.2002-03:00:00,03,25,2002,03,10.259
03.25.2002-06:00:00,03,25,2002,06,10.246
03.25.2002-09:00:00,03,25,2002,09,10.228
03.25.2002-12:00:00,03,25,2002,12,10.253
03.25.2002-15:00:00,03,25,2002,15,10.291
03.25.2002-18:00:00,03,25,2002,18,10.312
03.25.2002-21:00:00,03,25,2002,21,10.327
03.26.2002-00:00:00,03,26,2002,00,10.337
03.26.2002-03:00:00,03,26,2002,03,10.336
03.26.2002-06:00:00,03,26,2002,06,10.331
03.26.2002-09:00:00,03,26,2002,09,10.331
03.26.2002-12:00:00,03,26,2002,12,10.367
03.26.2002-15:00:00,03,26,2002,15,10.411
03.26.2002-18:00:00,03,26,2002,18,10.447
03.26.2002-21:00:00,03,26,2002,21,10.468
03.27.2002-00:00:00,03,27,2002,00,10.475
03.27.2002-03:00:00,03,27,2002,03,10.474
03.27.2002-06:00:00,03,27,2002,06,10.471
03.27.2002-09:00:00,03,27,2002,09,10.461
03.27.2002-12:00:00,03,27,2002,12,10.481
03.27.2002-15:00:00,03,27,2002,15,10.512
03.27.2002-18:00:00,03,27,2002,18,10.531
03.27.2002-21:00:00,03,27,2002,21,10.539
03.28.2002-00:00:00,03,28,2002,00,10.544
03.28.2002-03:00:00,03,28,2002,03,10.543
03.28.2002-06:00:00,03,28,2002,06,10.539
03.28.2002-09:00:00,03,28,2002,09,10.56
03.28.2002-12:00:00,03,28,2002,12,10.619
03.28.2002-15:00:00,03,28,2002,15,10.679
03.28.2002-18:00:00,03,28,2002,18,10.73
03.28.2002-21:00:00,03,28,2002,21,10.764
03.29.2002-00:00:00,03,29,2002,00,10.785
03.29.2002-03:00:00,03,29,2002,03,10.79
03.29.2002-06:00:00,03,29,2002,06,10.789
03.29.2002-09:00:00,03,29,2002,09,10.797
03.29.2002-12:00:00,03,29,2002,12,10.864
03.29.2002-15:00:00,03,29,2002,15,10.932
03.29.2002-18:00:00,03,29,2002,18,10.99
03.29.2002-21:00:00,03,29,2002,21,11.035
03.30.2002-00:00:00,03,30,2002,00,11.072
03.30.2002-03:00:00,03,30,2002,03,11.098
03.30.2002-06:00:00,03,30,2002,06,11.112
03.30.2002-09:00:00,03,30,2002,09,11.161
03.30.2002-12:00:00,03,30,2002,12,11.273
03.30.2002-15:00:00,03,30,2002,15,11.405
03.30.2002-18:00:00,03,30,2002,18,11.529
03.30.2002-21:00:00,03,30,2002,21,11.629
03.31.2002-00:00:00,03,31,2002,00,11.712
03.31.2002-03:00:00,03,31,2002,03,11.777
03.31.2002-06:00:00,03,31,2002,06,11.825
03.31.2002-09:00:00,03,31,2002,09,11.905
03.31.2002-12:00:00,03,31,2002,12,12.039
03.31.2002-15:00:00,03,31,2002,15,14.99
03.31.2002-18:00:00,03,31,2002,18,24.325
03.31.2002-21:00:00,03,31,2002,21,18.547
04.01.2002-00:00:00,04,01,2002,00,18.967
04.01.2002-03:00:00,04,01,2002,03,14.148
04.01.2002-06:00:00,04,01,2002,06,15.671
04.01.2002-09:00:00,04,01,2002,09,18.015
04.01.2002-12:00:00,04,01,2002,12,31.91
04.01.2002-15:00:00,04,01,2002,15,22.139
04.01.2002-18:00:00,04,01,2002,18,23.924
04.01.2002-21:00:00,04,01,2002,21,17.237
04.02.2002-00:00:00,04,02,2002,00,16.439
04.02.2002-03:00:00,04,02,2002,03,13.151
04.02.2002-06:00:00,04,02,2002,06,12.978
04.02.2002-09:00:00,04,02,2002,09,12.995
04.02.2002-12:00:00,04,02,2002,12,19.331
04.02.2002-15:00:00,04,02,2002,15,25.529
04.02.2002-18:00:00,04,02,2002,18,17.805
04.02.2002-21:00:00,04,02,2002,21,16.681
04.03.2002-00:00:00,04,03,2002,00,13.516
04.03.2002-03:00:00,04,03,2002,03,13.361
04.03.2002-06:00:00,04,03,2002,06,13.402
04.03.2002-09:00:00,04,03,2002,09,13.423
04.03.2002-12:00:00,04,03,2002,12,23.307
04.03.2002-15:00:00,04,03,2002,15,31.902
04.03.2002-18:00:00,04,03,2002,18,22.428
04.03.2002-21:00:00,04,03,2002,21,19.813
04.04.2002-00:00:00,04,04,2002,00,14.271
04.04.2002-03:00:00,04,04,2002,03,13.986
04.04.2002-06:00:00,04,04,2002,06,14.041
04.04.2002-09:00:00,04,04,2002,09,14.091
04.04.2002-12:00:00,04,04,2002,12,34.016
04.04.2002-15:00:00,04,04,2002,15,39.433
04.04.2002-18:00:00,04,04,2002,18,27.943
04.04.2002-21:00:00,04,04,2002,21,23.835
04.05.2002-00:00:00,04,05,2002,00,17.59
04.05.2002-03:00:00,04,05,2002,03,15.488
04.05.2002-06:00:00,04,05,2002,06,15.137
04.05.2002-09:00:00,04,05,2002,09,19.11
04.05.2002-12:00:00,04,05,2002,12,43.216
04.05.2002-15:00:00,04,05,2002,15,32.401
04.05.2002-18:00:00,04,05,2002,18,32.349
04.05.2002-21:00:00,04,05,2002,21,23.27
04.06.2002-00:00:00,04,06,2002,00,23.396
04.06.2002-03:00:00,04,06,2002,03,18.45
04.06.2002-06:00:00,04,06,2002,06,20.16
04.06.2002-09:00:00,04,06,2002,09,24.226
04.06.2002-12:00:00,04,06,2002,12,52.963
04.06.2002-15:00:00,04,06,2002,15,44.732
04.06.2002-18:00:00,04,06,2002,18,33.811
04.06.2002-21:00:00,04,06,2002,21,25.401
04.07.2002-00:00:00,04,07,2002,00,24.782
04.07.2002-03:00:00,04,07,2002,03,19.14
04.07.2002-06:00:00,04,07,2002,06,20.238
04.07.2002-09:00:00,04,07,2002,09,24.39
04.07.2002-12:00:00,04,07,2002,12,55.726
04.07.2002-15:00:00,04,07,2002,15,40.595
04.07.2002-18:00:00,04,07,2002,18,32.531
04.07.2002-21:00:00,04,07,2002,21,24.522
04.08.2002-00:00:00,04,08,2002,00,23.724
04.08.2002-03:00:00,04,08,2002,03,20.471
04.08.2002-06:00:00,04,08,2002,06,20.417
04.08.2002-09:00:00,04,08,2002,09,20.548
04.08.2002-12:00:00,04,08,2002,12,89.256
04.08.2002-15:00:00,04,08,2002,15,70.032
04.08.2002-18:00:00,04,08,2002,18,33.875
04.08.2002-21:00:00,04,08,2002,21,29.978
04.09.2002-00:00:00,04,09,2002,00,25.933
04.09.2002-03:00:00,04,09,2002,03,27.062
04.09.2002-06:00:00,04,09,2002,06,23.278
04.09.2002-09:00:00,04,09,2002,09,37.239
04.09.2002-12:00:00,04,09,2002,12,74.413
04.09.2002-15:00:00,04,09,2002,15,81.636
04.09.2002-18:00:00,04,09,2002,18,38.459
04.09.2002-21:00:00,04,09,2002,21,34.882
04.10.2002-00:00:00,04,10,2002,00,29.522
04.10.2002-03:00:00,04,10,2002,03,25.855
04.10.2002-06:00:00,04,10,2002,06,25.806
04.10.2002-09:00:00,04,10,2002,09,26.268
04.10.2002-12:00:00,04,10,2002,12,78.875
04.10.2002-15:00:00,04,10,2002,15,79.062
04.10.2002-18:00:00,04,10,2002,18,46.357
04.10.2002-21:00:00,04,10,2002,21,36.58
04.11.2002-00:00:00,04,11,2002,00,37.265
04.11.2002-03:00:00,04,11,2002,03,33.419
04.11.2002-06:00:00,04,11,2002,06,35.922
04.11.2002-09:00:00,04,11,2002,09,56.013
04.11.2002-12:00:00,04,11,2002,12,207.16
04.11.2002-15:00:00,04,11,2002,15,118.37
04.11.2002-18:00:00,04,11,2002,18,71.417
04.11.2002-21:00:00,04,11,2002,21,62.257
04.12.2002-00:00:00,04,12,2002,00,56.445
04.12.2002-03:00:00,04,12,2002,03,43.524
04.12.2002-06:00:00,04,12,2002,06,42.546
04.12.2002-09:00:00,04,12,2002,09,93.41
04.12.2002-12:00:00,04,12,2002,12,245.19
04.12.2002-15:00:00,04,12,2002,15,149.99
04.12.2002-18:00:00,04,12,2002,18,90.089
04.12.2002-21:00:00,04,12,2002,21,66.091
04.13.2002-00:00:00,04,13,2002,00,64.733
04.13.2002-03:00:00,04,13,2002,03,56.413
04.13.2002-06:00:00,04,13,2002,06,62.226
04.13.2002-09:00:00,04,13,2002,09,159.96
04.13.2002-12:00:00,04,13,2002,12,283.36
04.13.2002-15:00:00,04,13,2002,15,172.45
04.13.2002-18:00:00,04,13,2002,18,85.869
04.13.2002-21:00:00,04,13,2002,21,69.121
04.14.2002-00:00:00,04,14,2002,00,74.149
04.14.2002-03:00:00,04,14,2002,03,67.044
04.14.2002-06:00:00,04,14,2002,06,65.576
04.14.2002-09:00:00,04,14,2002,09,224.95
04.14.2002-12:00:00,04,14,2002,12,308.01
04.14.2002-15:00:00,04,14,2002,15,220.07
04.14.2002-18:00:00,04,14,2002,18,125.85
04.14.2002-21:00:00,04,14,2002,21,90.81
04.15.2002-00:00:00,04,15,2002,00,67.294
04.15.2002-03:00:00,04,15,2002,03,55.293
04.15.2002-06:00:00,04,15,2002,06,55.303
04.15.2002-09:00:00,04,15,2002,09,58.785
04.15.2002-12:00:00,04,15,2002,12,82.353
04.15.2002-15:00:00,04,15,2002,15,81.215
04.15.2002-18:00:00,04,15,2002,18,73.644
04.15.2002-21:00:00,04,15,2002,21,65.743
04.16.2002-00:00:00,04,16,2002,00,58.756
04.16.2002-03:00:00,04,16,2002,03,58.869
04.16.2002-06:00:00,04,16,2002,06,59.601
04.16.2002-09:00:00,04,16,2002,09,66.246
04.16.2002-12:00:00,04,16,2002,12,74.015
04.16.2002-15:00:00,04,16,2002,15,71.214
04.16.2002-18:00:00,04,16,2002,18,68.872
04.16.2002-21:00:00,04,16,2002,21,66.916
04.17.2002-00:00:00,04,17,2002,00,62.721
04.17.2002-03:00:00,04,17,2002,03,63.11
04.17.2002-06:00:00,04,17,2002,06,62.818
04.17.2002-09:00:00,04,17,2002,09,59.599
04.17.2002-12:00:00,04,17,2002,12,76.879
04.17.2002-15:00:00,04,17,2002,15,78.204
04.17.2002-18:00:00,04,17,2002,18,75.079
04.17.2002-21:00:00,04,17,2002,21,65.743
04.18.2002-00:00:00,04,18,2002,00,65.824
04.18.2002-03:00:00,04,18,2002,03,66.544
04.18.2002-06:00:00,04,18,2002,06,66.892
04.18.2002-09:00:00,04,18,2002,09,63.212
04.18.2002-12:00:00,04,18,2002,12,63.228
04.18.2002-15:00:00,04,18,2002,15,78.878
04.18.2002-18:00:00,04,18,2002,18,81.469
04.18.2002-21:00:00,04,18,2002,21,78.014
04.19.2002-00:00:00,04,19,2002,00,78.9
04.19.2002-03:00:00,04,19,2002,03,77.156
04.19.2002-06:00:00,04,19,2002,06,75.755
04.19.2002-09:00:00,04,19,2002,09,79.346
04.19.2002-12:00:00,04,19,2002,12,98.537
04.19.2002-15:00:00,04,19,2002,15,152.11
04.19.2002-18:00:00,04,19,2002,18,99.582
04.19.2002-21:00:00,04,19,2002,21,89.875
04.20.2002-00:00:00,04,20,2002,00,88.005
04.20.2002-03:00:00,04,20,2002,03,86.409
04.20.2002-06:00:00,04,20,2002,06,83.878
04.20.2002-09:00:00,04,20,2002,09,111.81
04.20.2002-12:00:00,04,20,2002,12,286.23
04.20.2002-15:00:00,04,20,2002,15,221.13
04.20.2002-18:00:00,04,20,2002,18,131.3
04.20.2002-21:00:00,04,20,2002,21,114.1
04.21.2002-00:00:00,04,21,2002,00,118.47
04.21.2002-03:00:00,04,21,2002,03,116.22
04.21.2002-06:00:00,04,21,2002,06,122.45
04.21.2002-09:00:00,04,21,2002,09,283.48
04.21.2002-12:00:00,04,21,2002,12,349.99
04.21.2002-15:00:00,04,21,2002,15,271.58
04.21.2002-18:00:00,04,21,2002,18,191.76
04.21.2002-21:00:00,04,21,2002,21,163.62
04.22.2002-00:00:00,04,22,2002,00,146.95
04.22.2002-03:00:00,04,22,2002,03,144.62
04.22.2002-06:00:00,04,22,2002,06,141.31
04.22.2002-09:00:00,04,22,2002,09,324.11
04.22.2002-12:00:00,04,22,2002,12,373.09
04.22.2002-15:00:00,04,22,2002,15,268.54
04.22.2002-18:00:00,04,22,2002,18,180.08
04.22.2002-21:00:00,04,22,2002,21,162.52
04.23.2002-00:00:00,04,23,2002,00,154.04
04.23.2002-03:00:00,04,23,2002,03,155.11
04.23.2002-06:00:00,04,23,2002,06,154.37
04.23.2002-09:00:00,04,23,2002,09,144.49
04.23.2002-12:00:00,04,23,2002,12,197.11
04.23.2002-15:00:00,04,23,2002,15,212.76
04.23.2002-18:00:00,04,23,2002,18,172.53
04.23.2002-21:00:00,04,23,2002,21,165.38
04.24.2002-00:00:00,04,24,2002,00,165.71
04.24.2002-03:00:00,04,24,2002,03,166.39
04.24.2002-06:00:00,04,24,2002,06,166.83
04.24.2002-09:00:00,04,24,2002,09,151.75
04.24.2002-12:00:00,04,24,2002,12,169.93
04.24.2002-15:00:00,04,24,2002,15,179.14
04.24.2002-18:00:00,04,24,2002,18,177.74
04.24.2002-21:00:00,04,24,2002,21,179.02
04.25.2002-00:00:00,04,25,2002,00,179.66
04.25.2002-03:00:00,04,25,2002,03,179.32
04.25.2002-06:00:00,04,25,2002,06,182.61
04.25.2002-09:00:00,04,25,2002,09,180.78
04.25.2002-12:00:00,04,25,2002,12,179.88
04.25.2002-15:00:00,04,25,2002,15,218.76
04.25.2002-18:00:00,04,25,2002,18,201.36
04.25.2002-21:00:00,04,25,2002,21,200.68
04.26.2002-00:00:00,04,26,2002,00,199.22
04.26.2002-03:00:00,04,26,2002,03,200.18
04.26.2002-06:00:00,04,26,2002,06,195.2
04.26.2002-09:00:00,04,26,2002,09,175.35
04.26.2002-12:00:00,04,26,2002,12,244.95
04.26.2002-15:00:00,04,26,2002,15,259.06
04.26.2002-18:00:00,04,26,2002,18,215.92
04.26.2002-21:00:00,04,26,2002,21,206.73
04.27.2002-00:00:00,04,27,2002,00,210.01
04.27.2002-03:00:00,04,27,2002,03,209.51
04.27.2002-06:00:00,04,27,2002,06,205.06
04.27.2002-09:00:00,04,27,2002,09,362.73
04.27.2002-12:00:00,04,27,2002,12,506.67
04.27.2002-15:00:00,04,27,2002,15,385.37
04.27.2002-18:00:00,04,27,2002,18,267.23
04.27.2002-21:00:00,04,27,2002,21,233.57
04.28.2002-00:00:00,04,28,2002,00,226.82
04.28.2002-03:00:00,04,28,2002,03,228.12
04.28.2002-06:00:00,04,28,2002,06,218.04
04.28.2002-09:00:00,04,28,2002,09,280.01
04.28.2002-12:00:00,04,28,2002,12,617.91
04.28.2002-15:00:00,04,28,2002,15,478.61
04.28.2002-18:00:00,04,28,2002,18,303.1
04.28.2002-21:00:00,04,28,2002,21,265.02
04.29.2002-00:00:00,04,29,2002,00,262.63
04.29.2002-03:00:00,04,29,2002,03,264.79
04.29.2002-06:00:00,04,29,2002,06,249.86
04.29.2002-09:00:00,04,29,2002,09,341.33
04.29.2002-12:00:00,04,29,2002,12,791.26
04.29.2002-15:00:00,04,29,2002,15,582.38
04.29.2002-18:00:00,04,29,2002,18,368.98
04.29.2002-21:00:00,04,29,2002,21,320.08
04.30.2002-00:00:00,04,30,2002,00,329.35
04.30.2002-03:00:00,04,30,2002,03,315.6
04.30.2002-06:00:00,04,30,2002,06,383.76
04.30.2002-09:00:00,04,30,2002,09,874.82
04.30.2002-12:00:00,04,30,2002,12,1043.7
04.30.2002-15:00:00,04,30,2002,15,763.29
04.30.2002-18:00:00,04,30,2002,18,540.52
04.30.2002-21:00:00,04,30,2002,21,446.68
05.01.2002-00:00:00,05,01,2002,00,372.98
05.01.2002-03:00:00,05,01,2002,03,356.6
05.01.2002-06:00:00,05,01,2002,06,339.53
05.01.2002-09:00:00,05,01,2002,09,810.13
05.01.2002-12:00:00,05,01,2002,12,1040.1
05.01.2002-15:00:00,05,01,2002,15,753.54
05.01.2002-18:00:00,05,01,2002,18,531.04
05.01.2002-21:00:00,05,01,2002,21,453.08
05.02.2002-00:00:00,05,02,2002,00,426.46
05.02.2002-03:00:00,05,02,2002,03,414.52
05.02.2002-06:00:00,05,02,2002,06,419.75
05.02.2002-09:00:00,05,02,2002,09,944.35
05.02.2002-12:00:00,05,02,2002,12,1162.4
05.02.2002-15:00:00,05,02,2002,15,865.19
05.02.2002-18:00:00,05,02,2002,18,603.6
05.02.2002-21:00:00,05,02,2002,21,513.99
05.03.2002-00:00:00,05,03,2002,00,472.64
05.03.2002-03:00:00,05,03,2002,03,468.39
05.03.2002-06:00:00,05,03,2002,06,444.52
05.03.2002-09:00:00,05,03,2002,09,696.72
05.03.2002-12:00:00,05,03,2002,12,1034.3
05.03.2002-15:00:00,05,03,2002,15,747.18
05.03.2002-18:00:00,05,03,2002,18,534.62
05.03.2002-21:00:00,05,03,2002,21,489.96
05.04.2002-00:00:00,05,04,2002,00,488.53
05.04.2002-03:00:00,05,04,2002,03,489.99
05.04.2002-06:00:00,05,04,2002,06,473.27
05.04.2002-09:00:00,05,04,2002,09,469.01
05.04.2002-12:00:00,05,04,2002,12,737.86
05.04.2002-15:00:00,05,04,2002,15,657.74
05.04.2002-18:00:00,05,04,2002,18,515.45
05.04.2002-21:00:00,05,04,2002,21,493.33
05.05.2002-00:00:00,05,05,2002,00,492.88
05.05.2002-03:00:00,05,05,2002,03,492.75
05.05.2002-06:00:00,05,05,2002,06,470.98
05.05.2002-09:00:00,05,05,2002,09,523.47
05.05.2002-12:00:00,05,05,2002,12,860.2
05.05.2002-15:00:00,05,05,2002,15,706.72
05.05.2002-18:00:00,05,05,2002,18,532.33
05.05.2002-21:00:00,05,05,2002,21,503.25
05.06.2002-00:00:00,05,06,2002,00,503.18
05.06.2002-03:00:00,05,06,2002,03,503.56
05.06.2002-06:00:00,05,06,2002,06,496.7
05.06.2002-09:00:00,05,06,2002,09,510.42
05.06.2002-12:00:00,05,06,2002,12,618.47
05.06.2002-15:00:00,05,06,2002,15,577.75
05.06.2002-18:00:00,05,06,2002,18,526.12
05.06.2002-21:00:00,05,06,2002,21,515.98
05.07.2002-00:00:00,05,07,2002,00,515.25
05.07.2002-03:00:00,05,07,2002,03,514.61
05.07.2002-06:00:00,05,07,2002,06,498.25
05.07.2002-09:00:00,05,07,2002,09,570.15
05.07.2002-12:00:00,05,07,2002,12,683.45
05.07.2002-15:00:00,05,07,2002,15,646.49
05.07.2002-18:00:00,05,07,2002,18,541.29
05.07.2002-21:00:00,05,07,2002,21,521.78
05.08.2002-00:00:00,05,08,2002,00,520.9
05.08.2002-03:00:00,05,08,2002,03,520.3
05.08.2002-06:00:00,05,08,2002,06,525.26
05.08.2002-09:00:00,05,08,2002,09,593.35
05.08.2002-12:00:00,05,08,2002,12,660.14
05.08.2002-15:00:00,05,08,2002,15,638.93
05.08.2002-18:00:00,05,08,2002,18,531.19
05.08.2002-21:00:00,05,08,2002,21,521.65
05.09.2002-00:00:00,05,09,2002,00,521.1
05.09.2002-03:00:00,05,09,2002,03,522.32
05.09.2002-06:00:00,05,09,2002,06,495.84
05.09.2002-09:00:00,05,09,2002,09,456.74
05.09.2002-12:00:00,05,09,2002,12,501.71
05.09.2002-15:00:00,05,09,2002,15,510.53
05.09.2002-18:00:00,05,09,2002,18,513.94
05.09.2002-21:00:00,05,09,2002,21,507.57
05.10.2002-00:00:00,05,10,2002,00,510.08
05.10.2002-03:00:00,05,10,2002,03,510.34
05.10.2002-06:00:00,05,10,2002,06,471.38
05.10.2002-09:00:00,05,10,2002,09,496.39
05.10.2002-12:00:00,05,10,2002,12,599.81
05.10.2002-15:00:00,05,10,2002,15,592.92
05.10.2002-18:00:00,05,10,2002,18,547.2
05.10.2002-21:00:00,05,10,2002,21,504.66
05.11.2002-00:00:00,05,11,2002,00,500.82
05.11.2002-03:00:00,05,11,2002,03,499.24
05.11.2002-06:00:00,05,11,2002,06,463.42
05.11.2002-09:00:00,05,11,2002,09,733.35
05.11.2002-12:00:00,05,11,2002,12,1036
05.11.2002-15:00:00,05,11,2002,15,844.25
05.11.2002-18:00:00,05,11,2002,18,679.86
05.11.2002-21:00:00,05,11,2002,21,571.26
05.12.2002-00:00:00,05,12,2002,00,529.5
05.12.2002-03:00:00,05,12,2002,03,521.73
05.12.2002-06:00:00,05,12,2002,06,482.46
05.12.2002-09:00:00,05,12,2002,09,852.89
05.12.2002-12:00:00,05,12,2002,12,1097.8
05.12.2002-15:00:00,05,12,2002,15,832.27
05.12.2002-18:00:00,05,12,2002,18,683.51
05.12.2002-21:00:00,05,12,2002,21,587.13
05.13.2002-00:00:00,05,13,2002,00,559.08
05.13.2002-03:00:00,05,13,2002,03,556.94
05.13.2002-06:00:00,05,13,2002,06,551.67
05.13.2002-09:00:00,05,13,2002,09,979.3
05.13.2002-12:00:00,05,13,2002,12,1148.8
05.13.2002-15:00:00,05,13,2002,15,909.47
05.13.2002-18:00:00,05,13,2002,18,743.47
05.13.2002-21:00:00,05,13,2002,21,682.79
05.14.2002-00:00:00,05,14,2002,00,654.44
05.14.2002-03:00:00,05,14,2002,03,652.77
05.14.2002-06:00:00,05,14,2002,06,638.96
05.14.2002-09:00:00,05,14,2002,09,959.24
05.14.2002-12:00:00,05,14,2002,12,1032.9
05.14.2002-15:00:00,05,14,2002,15,845.3
05.14.2002-18:00:00,05,14,2002,18,711.23
05.14.2002-21:00:00,05,14,2002,21,675.81
05.15.2002-00:00:00,05,15,2002,00,664.76
05.15.2002-03:00:00,05,15,2002,03,649.35
05.15.2002-06:00:00,05,15,2002,06,614.87
05.15.2002-09:00:00,05,15,2002,09,801.97
05.15.2002-12:00:00,05,15,2002,12,1088.1
05.15.2002-15:00:00,05,15,2002,15,862.31
05.15.2002-18:00:00,05,15,2002,18,732.04
05.15.2002-21:00:00,05,15,2002,21,691.31
05.16.2002-00:00:00,05,16,2002,00,682.79
05.16.2002-03:00:00,05,16,2002,03,687.99
05.16.2002-06:00:00,05,16,2002,06,634.81
05.16.2002-09:00:00,05,16,2002,09,800.41
05.16.2002-12:00:00,05,16,2002,12,1113.2
05.16.2002-15:00:00,05,16,2002,15,936.49
05.16.2002-18:00:00,05,16,2002,18,797.81
05.16.2002-21:00:00,05,16,2002,21,739.99
05.17.2002-00:00:00,05,17,2002,00,796.5
05.17.2002-03:00:00,05,17,2002,03,751.99
05.17.2002-06:00:00,05,17,2002,06,827.78
05.17.2002-09:00:00,05,17,2002,09,1064.1
05.17.2002-12:00:00,05,17,2002,12,1206.3
05.17.2002-15:00:00,05,17,2002,15,1053.3
05.17.2002-18:00:00,05,17,2002,18,1034.4
05.17.2002-21:00:00,05,17,2002,21,922.66
05.18.2002-00:00:00,05,18,2002,00,910.08
05.18.2002-03:00:00,05,18,2002,03,824.62
05.18.2002-06:00:00,05,18,2002,06,871.41
05.18.2002-09:00:00,05,18,2002,09,1059
05.18.2002-12:00:00,05,18,2002,12,1208
05.18.2002-15:00:00,05,18,2002,15,1056.7
05.18.2002-18:00:00,05,18,2002,18,1017.3
05.18.2002-21:00:00,05,18,2002,21,924.26
05.19.2002-00:00:00,05,19,2002,00,966.24
05.19.2002-03:00:00,05,19,2002,03,899.89
05.19.2002-06:00:00,05,19,2002,06,1005
05.19.2002-09:00:00,05,19,2002,09,1176.8
05.19.2002-12:00:00,05,19,2002,12,1324.3
05.19.2002-15:00:00,05,19,2002,15,1193.7
05.19.2002-18:00:00,05,19,2002,18,1155.5
05.19.2002-21:00:00,05,19,2002,21,1089.9
05.20.2002-00:00:00,05,20,2002,00,1287
05.20.2002-03:00:00,05,20,2002,03,1290.1
05.20.2002-06:00:00,05,20,2002,06,1429.2
05.20.2002-09:00:00,05,20,2002,09,1574.6
05.20.2002-12:00:00,05,20,2002,12,1711.8
05.20.2002-15:00:00,05,20,2002,15,1685.3
05.20.2002-18:00:00,05,20,2002,18,1752.7
05.20.2002-21:00:00,05,20,2002,21,1652.7
05.21.2002-00:00:00,05,21,2002,00,1638.7
05.21.2002-03:00:00,05,21,2002,03,1601.6
05.21.2002-06:00:00,05,21,2002,06,1529.2
05.21.2002-09:00:00,05,21,2002,09,1561.3
05.21.2002-12:00:00,05,21,2002,12,1678.9
05.21.2002-15:00:00,05,21,2002,15,1547
05.21.2002-18:00:00,05,21,2002,18,1662.6
05.21.2002-21:00:00,05,21,2002,21,1565.8
05.22.2002-00:00:00,05,22,2002,00,1559.6
05.22.2002-03:00:00,05,22,2002,03,1508
05.22.2002-06:00:00,05,22,2002,06,1560.3
05.22.2002-09:00:00,05,22,2002,09,1466
05.22.2002-12:00:00,05,22,2002,12,1523
05.22.2002-15:00:00,05,22,2002,15,1598
05.22.2002-18:00:00,05,22,2002,18,1451
05.22.2002-21:00:00,05,22,2002,21,1494.9
05.23.2002-00:00:00,05,23,2002,00,1510.6
05.23.2002-03:00:00,05,23,2002,03,1342.8
05.23.2002-06:00:00,05,23,2002,06,1392.6
05.23.2002-09:00:00,05,23,2002,09,1565
05.23.2002-12:00:00,05,23,2002,12,1508.8
05.23.2002-15:00:00,05,23,2002,15,1582.3
05.23.2002-18:00:00,05,23,2002,18,1466.9
05.23.2002-21:00:00,05,23,2002,21,1499.1
05.24.2002-00:00:00,05,24,2002,00,1473
05.24.2002-03:00:00,05,24,2002,03,1424.5
05.24.2002-06:00:00,05,24,2002,06,1378
05.24.2002-09:00:00,05,24,2002,09,1480.7
05.24.2002-12:00:00,05,24,2002,12,1570
05.24.2002-15:00:00,05,24,2002,15,1531.2
05.24.2002-18:00:00,05,24,2002,18,1501.5
05.24.2002-21:00:00,05,24,2002,21,1487
05.25.2002-00:00:00,05,25,2002,00,1490.3
05.25.2002-03:00:00,05,25,2002,03,1438.5
05.25.2002-06:00:00,05,25,2002,06,1494.7
05.25.2002-09:00:00,05,25,2002,09,1455.7
05.25.2002-12:00:00,05,25,2002,12,1561.7
05.25.2002-15:00:00,05,25,2002,15,1576.6
05.25.2002-18:00:00,05,25,2002,18,1481.9
05.25.2002-21:00:00,05,25,2002,21,1651.1
05.26.2002-00:00:00,05,26,2002,00,1498.5
05.26.2002-03:00:00,05,26,2002,03,1599.4
05.26.2002-06:00:00,05,26,2002,06,1410
05.26.2002-09:00:00,05,26,2002,09,1525.6
05.26.2002-12:00:00,05,26,2002,12,1508.5
05.26.2002-15:00:00,05,26,2002,15,1418
05.26.2002-18:00:00,05,26,2002,18,1557.7
05.26.2002-21:00:00,05,26,2002,21,1510.3
05.27.2002-00:00:00,05,27,2002,00,1607.8
05.27.2002-03:00:00,05,27,2002,03,1460.3
05.27.2002-06:00:00,05,27,2002,06,1497.9
05.27.2002-09:00:00,05,27,2002,09,1367.6
05.27.2002-12:00:00,05,27,2002,12,1447.6
05.27.2002-15:00:00,05,27,2002,15,1440.9
05.27.2002-18:00:00,05,27,2002,18,1473.8
05.27.2002-21:00:00,05,27,2002,21,1606.4
05.28.2002-00:00:00,05,28,2002,00,1522.2
05.28.2002-03:00:00,05,28,2002,03,1614.5
05.28.2002-06:00:00,05,28,2002,06,1421.1
05.28.2002-09:00:00,05,28,2002,09,1514.5
05.28.2002-12:00:00,05,28,2002,12,1425.6
05.28.2002-15:00:00,05,28,2002,15,1607.2
05.28.2002-18:00:00,05,28,2002,18,1514.5
05.28.2002-21:00:00,05,28,2002,21,1635.9
05.29.2002-00:00:00,05,29,2002,00,1540.3
05.29.2002-03:00:00,05,29,2002,03,1548.8
05.29.2002-06:00:00,05,29,2002,06,1461.1
05.29.2002-09:00:00,05,29,2002,09,1409
05.29.2002-12:00:00,05,29,2002,12,1435.5
05.29.2002-15:00:00,05,29,2002,15,1462.4
05.29.2002-18:00:00,05,29,2002,18,1481.3
05.29.2002-21:00:00,05,29,2002,21,1532.5
05.30.2002-00:00:00,05,30,2002,00,1398
05.30.2002-03:00:00,05,30,2002,03,1455.9
05.30.2002-06:00:00,05,30,2002,06,1311
05.30.2002-09:00:00,05,30,2002,09,1281.4
05.30.2002-12:00:00,05,30,2002,12,1285.2
05.30.2002-15:00:00,05,30,2002,15,1325.1
05.30.2002-18:00:00,05,30,2002,18,1297.4
05.30.2002-21:00:00,05,30,2002,21,1365.4
05.31.2002-00:00:00,05,31,2002,00,1259
05.31.2002-03:00:00,05,31,2002,03,1251.2
05.31.2002-06:00:00,05,31,2002,06,1262.8
05.31.2002-09:00:00,05,31,2002,09,1117.6
05.31.2002-12:00:00,05,31,2002,12,1170.3
05.31.2002-15:00:00,05,31,2002,15,1251.5
05.31.2002-18:00:00,05,31,2002,18,1214.8
05.31.2002-21:00:00,05,31,2002,21,1234.7
06.01.2002-00:00:00,06,01,2002,00,1231.4
06.01.2002-03:00:00,06,01,2002,03,1282.8
06.01.2002-06:00:00,06,01,2002,06,1127.3
06.01.2002-09:00:00,06,01,2002,09,1106.5
06.01.2002-12:00:00,06,01,2002,12,1194.3
06.01.2002-15:00:00,06,01,2002,15,1126.9
06.01.2002-18:00:00,06,01,2002,18,1192.8
06.01.2002-21:00:00,06,01,2002,21,1229.1
06.02.2002-00:00:00,06,02,2002,00,1217.7
06.02.2002-03:00:00,06,02,2002,03,1151.8
06.02.2002-06:00:00,06,02,2002,06,1053.7
06.02.2002-09:00:00,06,02,2002,09,1058.3
06.02.2002-12:00:00,06,02,2002,12,1065
06.02.2002-15:00:00,06,02,2002,15,1033.7
06.02.2002-18:00:00,06,02,2002,18,1061.4
06.02.2002-21:00:00,06,02,2002,21,1140.6
06.03.2002-00:00:00,06,03,2002,00,1133.8
06.03.2002-03:00:00,06,03,2002,03,1086.4
06.03.2002-06:00:00,06,03,2002,06,997.88
06.03.2002-09:00:00,06,03,2002,09,939.15
06.03.2002-12:00:00,06,03,2002,12,1010.5
06.03.2002-15:00:00,06,03,2002,15,964.47
06.03.2002-18:00:00,06,03,2002,18,1028.1
06.03.2002-21:00:00,06,03,2002,21,1015.3
06.04.2002-00:00:00,06,04,2002,00,1085.4
06.04.2002-03:00:00,06,04,2002,03,980.49
06.04.2002-06:00:00,06,04,2002,06,940.61
06.04.2002-09:00:00,06,04,2002,09,896.83
06.04.2002-12:00:00,06,04,2002,12,898.19
06.04.2002-15:00:00,06,04,2002,15,969.73
06.04.2002-18:00:00,06,04,2002,18,961.93
06.04.2002-21:00:00,06,04,2002,21,953.68
06.05.2002-00:00:00,06,05,2002,00,967.32
06.05.2002-03:00:00,06,05,2002,03,942.21
06.05.2002-06:00:00,06,05,2002,06,883.5
06.05.2002-09:00:00,06,05,2002,09,827.59
06.05.2002-12:00:00,06,05,2002,12,839.93
06.05.2002-15:00:00,06,05,2002,15,823.65
06.05.2002-18:00:00,06,05,2002,18,898
06.05.2002-21:00:00,06,05,2002,21,892.77
06.06.2002-00:00:00,06,06,2002,00,933.58
06.06.2002-03:00:00,06,06,2002,03,884.4
06.06.2002-06:00:00,06,06,2002,06,876.71
06.06.2002-09:00:00,06,06,2002,09,810.35
06.06.2002-12:00:00,06,06,2002,12,833.75
06.06.2002-15:00:00,06,06,2002,15,813.04
06.06.2002-18:00:00,06,06,2002,18,882.44
06.06.2002-21:00:00,06,06,2002,21,861.31
06.07.2002-00:00:00,06,07,2002,00,900.23
06.07.2002-03:00:00,06,07,2002,03,864.53
06.07.2002-06:00:00,06,07,2002,06,866.82
06.07.2002-09:00:00,06,07,2002,09,791.37
06.07.2002-12:00:00,06,07,2002,12,822.13
06.07.2002-15:00:00,06,07,2002,15,792.06
06.07.2002-18:00:00,06,07,2002,18,862.19
06.07.2002-21:00:00,06,07,2002,21,837.83
06.08.2002-00:00:00,06,08,2002,00,871.89
06.08.2002-03:00:00,06,08,2002,03,852.56
06.08.2002-06:00:00,06,08,2002,06,866.78
06.08.2002-09:00:00,06,08,2002,09,806.8
06.08.2002-12:00:00,06,08,2002,12,823.26
06.08.2002-15:00:00,06,08,2002,15,799.95
06.08.2002-18:00:00,06,08,2002,18,844.31
06.08.2002-21:00:00,06,08,2002,21,825.26
06.09.2002-00:00:00,06,09,2002,00,850.78
06.09.2002-03:00:00,06,09,2002,03,805.03
06.09.2002-06:00:00,06,09,2002,06,762.88
06.09.2002-09:00:00,06,09,2002,09,693.04
06.09.2002-12:00:00,06,09,2002,12,714.59
06.09.2002-15:00:00,06,09,2002,15,682.67
06.09.2002-18:00:00,06,09,2002,18,758.05
06.09.2002-21:00:00,06,09,2002,21,734.76
06.10.2002-00:00:00,06,10,2002,00,783.3
06.10.2002-03:00:00,06,10,2002,03,729.14
06.10.2002-06:00:00,06,10,2002,06,704.66
06.10.2002-09:00:00,06,10,2002,09,624.59
06.10.2002-12:00:00,06,10,2002,12,658.95
06.10.2002-15:00:00,06,10,2002,15,621.36
06.10.2002-18:00:00,06,10,2002,18,710.72
06.10.2002-21:00:00,06,10,2002,21,686.27
06.11.2002-00:00:00,06,11,2002,00,747.69
06.11.2002-03:00:00,06,11,2002,03,711.11
06.11.2002-06:00:00,06,11,2002,06,699.37
06.11.2002-09:00:00,06,11,2002,09,618.56
06.11.2002-12:00:00,06,11,2002,12,656.83
06.11.2002-15:00:00,06,11,2002,15,624.57
06.11.2002-18:00:00,06,11,2002,18,710.43
06.11.2002-21:00:00,06,11,2002,21,687.91
06.12.2002-00:00:00,06,12,2002,00,720.9
06.12.2002-03:00:00,06,12,2002,03,658.54
06.12.2002-06:00:00,06,12,2002,06,634.66
06.12.2002-09:00:00,06,12,2002,09,551.53
06.12.2002-12:00:00,06,12,2002,12,597.52
06.12.2002-15:00:00,06,12,2002,15,551.34
06.12.2002-18:00:00,06,12,2002,18,626.04
06.12.2002-21:00:00,06,12,2002,21,638.45
06.13.2002-00:00:00,06,13,2002,00,636.37
06.13.2002-03:00:00,06,13,2002,03,649.67
06.13.2002-06:00:00,06,13,2002,06,556.37
06.13.2002-09:00:00,06,13,2002,09,556.74
06.13.2002-12:00:00,06,13,2002,12,521.09
06.13.2002-15:00:00,06,13,2002,15,540.68
06.13.2002-18:00:00,06,13,2002,18,593.38
06.13.2002-21:00:00,06,13,2002,21,584.87
06.14.2002-00:00:00,06,14,2002,00,613.66
06.14.2002-03:00:00,06,14,2002,03,608.26
06.14.2002-06:00:00,06,14,2002,06,520.33
06.14.2002-09:00:00,06,14,2002,09,519.1
06.14.2002-12:00:00,06,14,2002,12,523.5
06.14.2002-15:00:00,06,14,2002,15,517.53
06.14.2002-18:00:00,06,14,2002,18,554.47
06.14.2002-21:00:00,06,14,2002,21,562.26
06.15.2002-00:00:00,06,15,2002,00,573.18
06.15.2002-03:00:00,06,15,2002,03,576.71
06.15.2002-06:00:00,06,15,2002,06,492.58
06.15.2002-09:00:00,06,15,2002,09,488.72
06.15.2002-12:00:00,06,15,2002,12,470.06
06.15.2002-15:00:00,06,15,2002,15,490.88
06.15.2002-18:00:00,06,15,2002,18,515.49
06.15.2002-21:00:00,06,15,2002,21,534.15
06.16.2002-00:00:00,06,16,2002,00,547.77
06.16.2002-03:00:00,06,16,2002,03,533.43
06.16.2002-06:00:00,06,16,2002,06,491.71
06.16.2002-09:00:00,06,16,2002,09,460.54
06.16.2002-12:00:00,06,16,2002,12,462.78
06.16.2002-15:00:00,06,16,2002,15,465.29
06.16.2002-18:00:00,06,16,2002,18,497.54
06.16.2002-21:00:00,06,16,2002,21,515.3
06.17.2002-00:00:00,06,17,2002,00,518.99
06.17.2002-03:00:00,06,17,2002,03,507.11
06.17.2002-06:00:00,06,17,2002,06,475.57
06.17.2002-09:00:00,06,17,2002,09,455.89
06.17.2002-12:00:00,06,17,2002,12,460.28
06.17.2002-15:00:00,06,17,2002,15,461.64
06.17.2002-18:00:00,06,17,2002,18,483.15
06.17.2002-21:00:00,06,17,2002,21,502.16
06.18.2002-00:00:00,06,18,2002,00,507.08
06.18.2002-03:00:00,06,18,2002,03,495.55
06.18.2002-06:00:00,06,18,2002,06,468.35
06.18.2002-09:00:00,06,18,2002,09,447.76
06.18.2002-12:00:00,06,18,2002,12,445.05
06.18.2002-15:00:00,06,18,2002,15,452.98
06.18.2002-18:00:00,06,18,2002,18,473.49
06.18.2002-21:00:00,06,18,2002,21,491.38
06.19.2002-00:00:00,06,19,2002,00,496.24
06.19.2002-03:00:00,06,19,2002,03,482.73
06.19.2002-06:00:00,06,19,2002,06,441.24
06.19.2002-09:00:00,06,19,2002,09,412.58
06.19.2002-12:00:00,06,19,2002,12,410.48
06.19.2002-15:00:00,06,19,2002,15,424.32
06.19.2002-18:00:00,06,19,2002,18,456.71
06.19.2002-21:00:00,06,19,2002,21,471.86
06.20.2002-00:00:00,06,20,2002,00,477.04
06.20.2002-03:00:00,06,20,2002,03,466.98
06.20.2002-06:00:00,06,20,2002,06,422.66
06.20.2002-09:00:00,06,20,2002,09,394.2
06.20.2002-12:00:00,06,20,2002,12,394.95
06.20.2002-15:00:00,06,20,2002,15,409.05
06.20.2002-18:00:00,06,20,2002,18,438.32
06.20.2002-21:00:00,06,20,2002,21,454.07
06.21.2002-00:00:00,06,21,2002,00,456.39
06.21.2002-03:00:00,06,21,2002,03,443.85
06.21.2002-06:00:00,06,21,2002,06,398.3
06.21.2002-09:00:00,06,21,2002,09,379.38
06.21.2002-12:00:00,06,21,2002,12,382.49
06.21.2002-15:00:00,06,21,2002,15,395.07
06.21.2002-18:00:00,06,21,2002,18,420.68
06.21.2002-21:00:00,06,21,2002,21,437.1
06.22.2002-00:00:00,06,22,2002,00,440.55
06.22.2002-03:00:00,06,22,2002,03,425.42
06.22.2002-06:00:00,06,22,2002,06,382.83
06.22.2002-09:00:00,06,22,2002,09,367.88
06.22.2002-12:00:00,06,22,2002,12,371.76
06.22.2002-15:00:00,06,22,2002,15,381.95
06.22.2002-18:00:00,06,22,2002,18,403.96
06.22.2002-21:00:00,06,22,2002,21,420.06
06.23.2002-00:00:00,06,23,2002,00,424.08
06.23.2002-03:00:00,06,23,2002,03,407.94
06.23.2002-06:00:00,06,23,2002,06,367.48
06.23.2002-09:00:00,06,23,2002,09,351.22
06.23.2002-12:00:00,06,23,2002,12,352.96
06.23.2002-15:00:00,06,23,2002,15,362.89
06.23.2002-18:00:00,06,23,2002,18,388.13
06.23.2002-21:00:00,06,23,2002,21,402.65
06.24.2002-00:00:00,06,24,2002,00,408.4
06.24.2002-03:00:00,06,24,2002,03,394.16
06.24.2002-06:00:00,06,24,2002,06,356.73
06.24.2002-09:00:00,06,24,2002,09,340.79
06.24.2002-12:00:00,06,24,2002,12,342.87
06.24.2002-15:00:00,06,24,2002,15,352.4
06.24.2002-18:00:00,06,24,2002,18,375.19
06.24.2002-21:00:00,06,24,2002,21,387.89
06.25.2002-00:00:00,06,25,2002,00,393.23
06.25.2002-03:00:00,06,25,2002,03,381.49
06.25.2002-06:00:00,06,25,2002,06,341.3
06.25.2002-09:00:00,06,25,2002,09,331.32
06.25.2002-12:00:00,06,25,2002,12,336.97
06.25.2002-15:00:00,06,25,2002,15,344.44
06.25.2002-18:00:00,06,25,2002,18,363.54
06.25.2002-21:00:00,06,25,2002,21,377.95
06.26.2002-00:00:00,06,26,2002,00,380.77
06.26.2002-03:00:00,06,26,2002,03,367.85
06.26.2002-06:00:00,06,26,2002,06,330.8
06.26.2002-09:00:00,06,26,2002,09,331.42
06.26.2002-12:00:00,06,26,2002,12,359.78
06.26.2002-15:00:00,06,26,2002,15,344.65
06.26.2002-18:00:00,06,26,2002,18,360.44
06.26.2002-21:00:00,06,26,2002,21,369.89
06.27.2002-00:00:00,06,27,2002,00,371.2
06.27.2002-03:00:00,06,27,2002,03,346.96
06.27.2002-06:00:00,06,27,2002,06,317.06
06.27.2002-09:00:00,06,27,2002,09,311.44
06.27.2002-12:00:00,06,27,2002,12,316.16
06.27.2002-15:00:00,06,27,2002,15,322.96
06.27.2002-18:00:00,06,27,2002,18,339.94
06.27.2002-21:00:00,06,27,2002,21,349.96
06.28.2002-00:00:00,06,28,2002,00,353.3
06.28.2002-03:00:00,06,28,2002,03,346.66
06.28.2002-06:00:00,06,28,2002,06,324.8
06.28.2002-09:00:00,06,28,2002,09,313.51
06.28.2002-12:00:00,06,28,2002,12,316.99
06.28.2002-15:00:00,06,28,2002,15,324.19
06.28.2002-18:00:00,06,28,2002,18,337.99
06.28.2002-21:00:00,06,28,2002,21,350.34
06.29.2002-00:00:00,06,29,2002,00,359.94
06.29.2002-03:00:00,06,29,2002,03,352.88
06.29.2002-06:00:00,06,29,2002,06,339.02
06.29.2002-09:00:00,06,29,2002,09,328.8
06.29.2002-12:00:00,06,29,2002,12,325.5
06.29.2002-15:00:00,06,29,2002,15,331.07
06.29.2002-18:00:00,06,29,2002,18,344.81
06.29.2002-21:00:00,06,29,2002,21,358.22
06.30.2002-00:00:00,06,30,2002,00,351.05
06.30.2002-03:00:00,06,30,2002,03,339.65
06.30.2002-06:00:00,06,30,2002,06,318.49
06.30.2002-09:00:00,06,30,2002,09,307.17
06.30.2002-12:00:00,06,30,2002,12,307.21
06.30.2002-15:00:00,06,30,2002,15,313.07
06.30.2002-18:00:00,06,30,2002,18,324.85
06.30.2002-21:00:00,06,30,2002,21,333.32
07.01.2002-00:00:00,07,01,2002,00,336.58
07.01.2002-03:00:00,07,01,2002,03,333.39
07.01.2002-06:00:00,07,01,2002,06,310.56
07.01.2002-09:00:00,07,01,2002,09,296.4
07.01.2002-12:00:00,07,01,2002,12,297.34
07.01.2002-15:00:00,07,01,2002,15,305.86
07.01.2002-18:00:00,07,01,2002,18,319.19
07.01.2002-21:00:00,07,01,2002,21,326.48
07.02.2002-00:00:00,07,02,2002,00,327.38
07.02.2002-03:00:00,07,02,2002,03,322.45
07.02.2002-06:00:00,07,02,2002,06,300.53
07.02.2002-09:00:00,07,02,2002,09,285.67
07.02.2002-12:00:00,07,02,2002,12,287.78
07.02.2002-15:00:00,07,02,2002,15,296.54
07.02.2002-18:00:00,07,02,2002,18,310.68
07.02.2002-21:00:00,07,02,2002,21,317.69
07.03.2002-00:00:00,07,03,2002,00,317.93
07.03.2002-03:00:00,07,03,2002,03,309.35
07.03.2002-06:00:00,07,03,2002,06,287.61
07.03.2002-09:00:00,07,03,2002,09,275.95
07.03.2002-12:00:00,07,03,2002,12,277.36
07.03.2002-15:00:00,07,03,2002,15,285.48
07.03.2002-18:00:00,07,03,2002,18,299.37
07.03.2002-21:00:00,07,03,2002,21,308.49
07.04.2002-00:00:00,07,04,2002,00,309.83
07.04.2002-03:00:00,07,04,2002,03,304.35
07.04.2002-06:00:00,07,04,2002,06,283.73
07.04.2002-09:00:00,07,04,2002,09,269.93
07.04.2002-12:00:00,07,04,2002,12,270.97
07.04.2002-15:00:00,07,04,2002,15,280.08
07.04.2002-18:00:00,07,04,2002,18,294.07
07.04.2002-21:00:00,07,04,2002,21,301.55
07.05.2002-00:00:00,07,05,2002,00,302.59
07.05.2002-03:00:00,07,05,2002,03,298.76
07.05.2002-06:00:00,07,05,2002,06,276.47
07.05.2002-09:00:00,07,05,2002,09,259.78
07.05.2002-12:00:00,07,05,2002,12,261.68
07.05.2002-15:00:00,07,05,2002,15,272.23
07.05.2002-18:00:00,07,05,2002,18,287.64
07.05.2002-21:00:00,07,05,2002,21,293.76
07.06.2002-00:00:00,07,06,2002,00,294.45
07.06.2002-03:00:00,07,06,2002,03,289.44
07.06.2002-06:00:00,07,06,2002,06,264.01
07.06.2002-09:00:00,07,06,2002,09,248.61
07.06.2002-12:00:00,07,06,2002,12,251.97
07.06.2002-15:00:00,07,06,2002,15,262.29
07.06.2002-18:00:00,07,06,2002,18,278.42
07.06.2002-21:00:00,07,06,2002,21,284.94
07.07.2002-00:00:00,07,07,2002,00,285.86
07.07.2002-03:00:00,07,07,2002,03,279.41
07.07.2002-06:00:00,07,07,2002,06,251.65
07.07.2002-09:00:00,07,07,2002,09,239.77
07.07.2002-12:00:00,07,07,2002,12,244.98
07.07.2002-15:00:00,07,07,2002,15,253.43
07.07.2002-18:00:00,07,07,2002,18,269.27
07.07.2002-21:00:00,07,07,2002,21,276.21
07.08.2002-00:00:00,07,08,2002,00,347.83
07.08.2002-03:00:00,07,08,2002,03,372.31
07.08.2002-06:00:00,07,08,2002,06,347.86
07.08.2002-09:00:00,07,08,2002,09,313.33
07.08.2002-12:00:00,07,08,2002,12,316.52
07.08.2002-15:00:00,07,08,2002,15,329.89
07.08.2002-18:00:00,07,08,2002,18,385.28
07.08.2002-21:00:00,07,08,2002,21,415.24
07.09.2002-00:00:00,07,09,2002,00,291.46
07.09.2002-03:00:00,07,09,2002,03,278.2
07.09.2002-06:00:00,07,09,2002,06,249.18
07.09.2002-09:00:00,07,09,2002,09,234.36
07.09.2002-12:00:00,07,09,2002,12,239.5
07.09.2002-15:00:00,07,09,2002,15,248.38
07.09.2002-18:00:00,07,09,2002,18,264.85
07.09.2002-21:00:00,07,09,2002,21,271.16
07.10.2002-00:00:00,07,10,2002,00,271.67
07.10.2002-03:00:00,07,10,2002,03,264.76
07.10.2002-06:00:00,07,10,2002,06,232.81
07.10.2002-09:00:00,07,10,2002,09,231.79
07.10.2002-12:00:00,07,10,2002,12,247.4
07.10.2002-15:00:00,07,10,2002,15,243.06
07.10.2002-18:00:00,07,10,2002,18,256.27
07.10.2002-21:00:00,07,10,2002,21,262.61
07.11.2002-00:00:00,07,11,2002,00,262.96
07.11.2002-03:00:00,07,11,2002,03,254.22
07.11.2002-06:00:00,07,11,2002,06,219.92
07.11.2002-09:00:00,07,11,2002,09,233.6
07.11.2002-12:00:00,07,11,2002,12,260.58
07.11.2002-15:00:00,07,11,2002,15,241.23
07.11.2002-18:00:00,07,11,2002,18,248.81
07.11.2002-21:00:00,07,11,2002,21,255.34
07.12.2002-00:00:00,07,12,2002,00,256.05
07.12.2002-03:00:00,07,12,2002,03,247.5
07.12.2002-06:00:00,07,12,2002,06,213.19
07.12.2002-09:00:00,07,12,2002,09,230.2
07.12.2002-12:00:00,07,12,2002,12,254.25
07.12.2002-15:00:00,07,12,2002,15,235.45
07.12.2002-18:00:00,07,12,2002,18,242.21
07.12.2002-21:00:00,07,12,2002,21,248.44
07.13.2002-00:00:00,07,13,2002,00,248.54
07.13.2002-03:00:00,07,13,2002,03,238.49
07.13.2002-06:00:00,07,13,2002,06,207.78
07.13.2002-09:00:00,07,13,2002,09,216.98
07.13.2002-12:00:00,07,13,2002,12,247.15
07.13.2002-15:00:00,07,13,2002,15,225.78
07.13.2002-18:00:00,07,13,2002,18,232.89
07.13.2002-21:00:00,07,13,2002,21,240.75
07.14.2002-00:00:00,07,14,2002,00,240.58
07.14.2002-03:00:00,07,14,2002,03,228.9
07.14.2002-06:00:00,07,14,2002,06,201.99
07.14.2002-09:00:00,07,14,2002,09,195.19
07.14.2002-12:00:00,07,14,2002,12,198.96
07.14.2002-15:00:00,07,14,2002,15,207.37
07.14.2002-18:00:00,07,14,2002,18,222.54
07.14.2002-21:00:00,07,14,2002,21,233.16
07.15.2002-00:00:00,07,15,2002,00,235.04
07.15.2002-03:00:00,07,15,2002,03,227.23
07.15.2002-06:00:00,07,15,2002,06,197.23
07.15.2002-09:00:00,07,15,2002,09,189.66
07.15.2002-12:00:00,07,15,2002,12,195.93
07.15.2002-15:00:00,07,15,2002,15,204.21
07.15.2002-18:00:00,07,15,2002,18,220.05
07.15.2002-21:00:00,07,15,2002,21,227.58
07.16.2002-00:00:00,07,16,2002,00,228.32
07.16.2002-03:00:00,07,16,2002,03,220.09
07.16.2002-06:00:00,07,16,2002,06,189.89
07.16.2002-09:00:00,07,16,2002,09,184.24
07.16.2002-12:00:00,07,16,2002,12,191.42
07.16.2002-15:00:00,07,16,2002,15,197.79
07.16.2002-18:00:00,07,16,2002,18,213.35
07.16.2002-21:00:00,07,16,2002,21,220.64
07.17.2002-00:00:00,07,17,2002,00,221.12
07.17.2002-03:00:00,07,17,2002,03,212.02
07.17.2002-06:00:00,07,17,2002,06,182.91
07.17.2002-09:00:00,07,17,2002,09,177.81
07.17.2002-12:00:00,07,17,2002,12,184.51
07.17.2002-15:00:00,07,17,2002,15,190.05
07.17.2002-18:00:00,07,17,2002,18,205.49
07.17.2002-21:00:00,07,17,2002,21,213.5
07.18.2002-00:00:00,07,18,2002,00,213.89
07.18.2002-03:00:00,07,18,2002,03,204.03
07.18.2002-06:00:00,07,18,2002,06,176.02
07.18.2002-09:00:00,07,18,2002,09,170.13
07.18.2002-12:00:00,07,18,2002,12,175.86
07.18.2002-15:00:00,07,18,2002,15,181.86
07.18.2002-18:00:00,07,18,2002,18,197.22
07.18.2002-21:00:00,07,18,2002,21,206.67
07.19.2002-00:00:00,07,19,2002,00,207.63
07.19.2002-03:00:00,07,19,2002,03,198.59
07.19.2002-06:00:00,07,19,2002,06,171.49
07.19.2002-09:00:00,07,19,2002,09,163.55
07.19.2002-12:00:00,07,19,2002,12,167.94
07.19.2002-15:00:00,07,19,2002,15,175.79
07.19.2002-18:00:00,07,19,2002,18,190.53
07.19.2002-21:00:00,07,19,2002,21,200.97
07.20.2002-00:00:00,07,20,2002,00,202.25
07.20.2002-03:00:00,07,20,2002,03,194.72
07.20.2002-06:00:00,07,20,2002,06,167.15
07.20.2002-09:00:00,07,20,2002,09,158.9
07.20.2002-12:00:00,07,20,2002,12,163.66
07.20.2002-15:00:00,07,20,2002,15,171.58
07.20.2002-18:00:00,07,20,2002,18,185.97
07.20.2002-21:00:00,07,20,2002,21,195.26
07.21.2002-00:00:00,07,21,2002,00,196.64
07.21.2002-03:00:00,07,21,2002,03,188.88
07.21.2002-06:00:00,07,21,2002,06,160.51
07.21.2002-09:00:00,07,21,2002,09,154.32
07.21.2002-12:00:00,07,21,2002,12,159.39
07.21.2002-15:00:00,07,21,2002,15,166.52
07.21.2002-18:00:00,07,21,2002,18,180.92
07.21.2002-21:00:00,07,21,2002,21,187.94
07.22.2002-00:00:00,07,22,2002,00,191.31
07.22.2002-03:00:00,07,22,2002,03,184.34
07.22.2002-06:00:00,07,22,2002,06,155.15
07.22.2002-09:00:00,07,22,2002,09,151.46
07.22.2002-12:00:00,07,22,2002,12,159.81
07.22.2002-15:00:00,07,22,2002,15,163.19
07.22.2002-18:00:00,07,22,2002,18,176.65
07.22.2002-21:00:00,07,22,2002,21,182.65
07.23.2002-00:00:00,07,23,2002,00,185.16
07.23.2002-03:00:00,07,23,2002,03,178.74
07.23.2002-06:00:00,07,23,2002,06,149.7
07.23.2002-09:00:00,07,23,2002,09,148.8
07.23.2002-12:00:00,07,23,2002,12,159.65
07.23.2002-15:00:00,07,23,2002,15,159.52
07.23.2002-18:00:00,07,23,2002,18,171.88
07.23.2002-21:00:00,07,23,2002,21,177.68
07.24.2002-00:00:00,07,24,2002,00,178.4
07.24.2002-03:00:00,07,24,2002,03,171.54
07.24.2002-06:00:00,07,24,2002,06,144.08
07.24.2002-09:00:00,07,24,2002,09,143.91
07.24.2002-12:00:00,07,24,2002,12,151.35
07.24.2002-15:00:00,07,24,2002,15,153.66
07.24.2002-18:00:00,07,24,2002,18,165.87
07.24.2002-21:00:00,07,24,2002,21,172.36
07.25.2002-00:00:00,07,25,2002,00,172.38
07.25.2002-03:00:00,07,25,2002,03,163.26
07.25.2002-06:00:00,07,25,2002,06,141.68
07.25.2002-09:00:00,07,25,2002,09,140.04
07.25.2002-12:00:00,07,25,2002,12,144.48
07.25.2002-15:00:00,07,25,2002,15,146.97
07.25.2002-18:00:00,07,25,2002,18,157.98
07.25.2002-21:00:00,07,25,2002,21,167.04
07.26.2002-00:00:00,07,26,2002,00,167.84
07.26.2002-03:00:00,07,26,2002,03,158.77
07.26.2002-06:00:00,07,26,2002,06,138.2
07.26.2002-09:00:00,07,26,2002,09,133.68
07.26.2002-12:00:00,07,26,2002,12,136.57
07.26.2002-15:00:00,07,26,2002,15,141.86
07.26.2002-18:00:00,07,26,2002,18,150.66
07.26.2002-21:00:00,07,26,2002,21,161.4
07.27.2002-00:00:00,07,27,2002,00,164.61
07.27.2002-03:00:00,07,27,2002,03,157.49
07.27.2002-06:00:00,07,27,2002,06,138.54
07.27.2002-09:00:00,07,27,2002,09,132.17
07.27.2002-12:00:00,07,27,2002,12,134.69
07.27.2002-15:00:00,07,27,2002,15,139.91
07.27.2002-18:00:00,07,27,2002,18,148.22
07.27.2002-21:00:00,07,27,2002,21,158.66
07.28.2002-00:00:00,07,28,2002,00,160.13
07.28.2002-03:00:00,07,28,2002,03,152.77
07.28.2002-06:00:00,07,28,2002,06,137.78
07.28.2002-09:00:00,07,28,2002,09,132.08
07.28.2002-12:00:00,07,28,2002,12,133.55
07.28.2002-15:00:00,07,28,2002,15,137.93
07.28.2002-18:00:00,07,28,2002,18,144.86
07.28.2002-21:00:00,07,28,2002,21,154.61
07.29.2002-00:00:00,07,29,2002,00,156.52
07.29.2002-03:00:00,07,29,2002,03,149.83
07.29.2002-06:00:00,07,29,2002,06,137.75
07.29.2002-09:00:00,07,29,2002,09,131.92
07.29.2002-12:00:00,07,29,2002,12,132.51
07.29.2002-15:00:00,07,29,2002,15,136.15
07.29.2002-18:00:00,07,29,2002,18,142.18
07.29.2002-21:00:00,07,29,2002,21,152.11
07.30.2002-00:00:00,07,30,2002,00,153.72
07.30.2002-03:00:00,07,30,2002,03,146.55
07.30.2002-06:00:00,07,30,2002,06,131.52
07.30.2002-09:00:00,07,30,2002,09,125.15
07.30.2002-12:00:00,07,30,2002,12,126.28
07.30.2002-15:00:00,07,30,2002,15,131.41
07.30.2002-18:00:00,07,30,2002,18,139.24
07.30.2002-21:00:00,07,30,2002,21,145.03
07.31.2002-00:00:00,07,31,2002,00,150.51
07.31.2002-03:00:00,07,31,2002,03,145.68
07.31.2002-06:00:00,07,31,2002,06,127.81
07.31.2002-09:00:00,07,31,2002,09,120.12
07.31.2002-12:00:00,07,31,2002,12,122.18
07.31.2002-15:00:00,07,31,2002,15,129.43
07.31.2002-18:00:00,07,31,2002,18,138.61
07.31.2002-21:00:00,07,31,2002,21,143.11
08.01.2002-00:00:00,08,01,2002,00,145.68
08.01.2002-03:00:00,08,01,2002,03,143
08.01.2002-06:00:00,08,01,2002,06,126.26
08.01.2002-09:00:00,08,01,2002,09,117.19
08.01.2002-12:00:00,08,01,2002,12,120.3
08.01.2002-15:00:00,08,01,2002,15,129.1
08.01.2002-18:00:00,08,01,2002,18,136.91
08.01.2002-21:00:00,08,01,2002,21,140.39
08.02.2002-00:00:00,08,02,2002,00,141.26
08.02.2002-03:00:00,08,02,2002,03,137.09
08.02.2002-06:00:00,08,02,2002,06,121.53
08.02.2002-09:00:00,08,02,2002,09,114.16
08.02.2002-12:00:00,08,02,2002,12,116.29
08.02.2002-15:00:00,08,02,2002,15,125.48
08.02.2002-18:00:00,08,02,2002,18,133.44
08.02.2002-21:00:00,08,02,2002,21,137.55
08.03.2002-00:00:00,08,03,2002,00,138.18
08.03.2002-03:00:00,08,03,2002,03,134.08
08.03.2002-06:00:00,08,03,2002,06,122.86
08.03.2002-09:00:00,08,03,2002,09,113.5
08.03.2002-12:00:00,08,03,2002,12,115.67
08.03.2002-15:00:00,08,03,2002,15,123.98
08.03.2002-18:00:00,08,03,2002,18,131.37
08.03.2002-21:00:00,08,03,2002,21,134.76
08.04.2002-00:00:00,08,04,2002,00,134.95
08.04.2002-03:00:00,08,04,2002,03,128.71
08.04.2002-06:00:00,08,04,2002,06,117.83
08.04.2002-09:00:00,08,04,2002,09,110.88
08.04.2002-12:00:00,08,04,2002,12,112.18
08.04.2002-15:00:00,08,04,2002,15,120.19
08.04.2002-18:00:00,08,04,2002,18,127.6
08.04.2002-21:00:00,08,04,2002,21,131.89
08.05.2002-00:00:00,08,05,2002,00,132.51
08.05.2002-03:00:00,08,05,2002,03,128.87
08.05.2002-06:00:00,08,05,2002,06,118.73
08.05.2002-09:00:00,08,05,2002,09,109.52
08.05.2002-12:00:00,08,05,2002,12,110.77
08.05.2002-15:00:00,08,05,2002,15,118.83
08.05.2002-18:00:00,08,05,2002,18,125.91
08.05.2002-21:00:00,08,05,2002,21,129.23
08.06.2002-00:00:00,08,06,2002,00,129.56
08.06.2002-03:00:00,08,06,2002,03,124.74
08.06.2002-06:00:00,08,06,2002,06,114.88
08.06.2002-09:00:00,08,06,2002,09,107.37
08.06.2002-12:00:00,08,06,2002,12,108.19
08.06.2002-15:00:00,08,06,2002,15,115.77
08.06.2002-18:00:00,08,06,2002,18,122.79
08.06.2002-21:00:00,08,06,2002,21,126.53
08.07.2002-00:00:00,08,07,2002,00,126.91
08.07.2002-03:00:00,08,07,2002,03,122.56
08.07.2002-06:00:00,08,07,2002,06,111.35
08.07.2002-09:00:00,08,07,2002,09,103.92
08.07.2002-12:00:00,08,07,2002,12,104.02
08.07.2002-15:00:00,08,07,2002,15,111.05
08.07.2002-18:00:00,08,07,2002,18,120.24
08.07.2002-21:00:00,08,07,2002,21,123.69
08.08.2002-00:00:00,08,08,2002,00,124.03
08.08.2002-03:00:00,08,08,2002,03,118.54
08.08.2002-06:00:00,08,08,2002,06,105.4
08.08.2002-09:00:00,08,08,2002,09,100.65
08.08.2002-12:00:00,08,08,2002,12,101.99
08.08.2002-15:00:00,08,08,2002,15,105.71
08.08.2002-18:00:00,08,08,2002,18,114.97
08.08.2002-21:00:00,08,08,2002,21,120.13
08.09.2002-00:00:00,08,09,2002,00,120.36
08.09.2002-03:00:00,08,09,2002,03,113.05
08.09.2002-06:00:00,08,09,2002,06,101.63
08.09.2002-09:00:00,08,09,2002,09,98.26
08.09.2002-12:00:00,08,09,2002,12,99.601
08.09.2002-15:00:00,08,09,2002,15,101.72
08.09.2002-18:00:00,08,09,2002,18,107.94
08.09.2002-21:00:00,08,09,2002,21,115.75
08.10.2002-00:00:00,08,10,2002,00,116.8
08.10.2002-03:00:00,08,10,2002,03,109.1
08.10.2002-06:00:00,08,10,2002,06,99.095
08.10.2002-09:00:00,08,10,2002,09,95.758
08.10.2002-12:00:00,08,10,2002,12,96.508
08.10.2002-15:00:00,08,10,2002,15,98.919
08.10.2002-18:00:00,08,10,2002,18,103.25
08.10.2002-21:00:00,08,10,2002,21,110.21
08.11.2002-00:00:00,08,11,2002,00,114.06
08.11.2002-03:00:00,08,11,2002,03,107.1
08.11.2002-06:00:00,08,11,2002,06,97.043
08.11.2002-09:00:00,08,11,2002,09,93.435
08.11.2002-12:00:00,08,11,2002,12,94.41
08.11.2002-15:00:00,08,11,2002,15,97.085
08.11.2002-18:00:00,08,11,2002,18,100.8
08.11.2002-21:00:00,08,11,2002,21,106.45
08.12.2002-00:00:00,08,12,2002,00,111.36
08.12.2002-03:00:00,08,12,2002,03,105.29
08.12.2002-06:00:00,08,12,2002,06,94.699
08.12.2002-09:00:00,08,12,2002,09,91.784
08.12.2002-12:00:00,08,12,2002,12,94.152
08.12.2002-15:00:00,08,12,2002,15,95.571
08.12.2002-18:00:00,08,12,2002,18,99.053
08.12.2002-21:00:00,08,12,2002,21,103.96
08.13.2002-00:00:00,08,13,2002,00,107.73
08.13.2002-03:00:00,08,13,2002,03,102.43
08.13.2002-06:00:00,08,13,2002,06,91.753
08.13.2002-09:00:00,08,13,2002,09,92.742
08.13.2002-12:00:00,08,13,2002,12,100.88
08.13.2002-15:00:00,08,13,2002,15,96.561
08.13.2002-18:00:00,08,13,2002,18,100.75
08.13.2002-21:00:00,08,13,2002,21,105.42
08.14.2002-00:00:00,08,14,2002,00,105.39
08.14.2002-03:00:00,08,14,2002,03,98.642
08.14.2002-06:00:00,08,14,2002,06,89.901
08.14.2002-09:00:00,08,14,2002,09,88.551
08.14.2002-12:00:00,08,14,2002,12,88.415
08.14.2002-15:00:00,08,14,2002,15,90.723
08.14.2002-18:00:00,08,14,2002,18,94.015
08.14.2002-21:00:00,08,14,2002,21,96.256
08.15.2002-00:00:00,08,15,2002,00,98.702
08.15.2002-03:00:00,08,15,2002,03,97.932
08.15.2002-06:00:00,08,15,2002,06,89.091
08.15.2002-09:00:00,08,15,2002,09,86.678
08.15.2002-12:00:00,08,15,2002,12,86.681
08.15.2002-15:00:00,08,15,2002,15,88.129
08.15.2002-18:00:00,08,15,2002,18,92.679
08.15.2002-21:00:00,08,15,2002,21,94.317
08.16.2002-00:00:00,08,16,2002,00,95.688
08.16.2002-03:00:00,08,16,2002,03,94.717
08.16.2002-06:00:00,08,16,2002,06,87.204
08.16.2002-09:00:00,08,16,2002,09,84.482
08.16.2002-12:00:00,08,16,2002,12,84.598
08.16.2002-15:00:00,08,16,2002,15,85.261
08.16.2002-18:00:00,08,16,2002,18,87.917
08.16.2002-21:00:00,08,16,2002,21,92.239
08.17.2002-00:00:00,08,17,2002,00,92.802
08.17.2002-03:00:00,08,17,2002,03,92.656
08.17.2002-06:00:00,08,17,2002,06,86.78
08.17.2002-09:00:00,08,17,2002,09,83.508
08.17.2002-12:00:00,08,17,2002,12,83.682
08.17.2002-15:00:00,08,17,2002,15,84.436
08.17.2002-18:00:00,08,17,2002,18,88.009
08.17.2002-21:00:00,08,17,2002,21,90.678
08.18.2002-00:00:00,08,18,2002,00,90.948
08.18.2002-03:00:00,08,18,2002,03,91.324
08.18.2002-06:00:00,08,18,2002,06,85.031
08.18.2002-09:00:00,08,18,2002,09,81.992
08.18.2002-12:00:00,08,18,2002,12,82.162
08.18.2002-15:00:00,08,18,2002,15,82.821
08.18.2002-18:00:00,08,18,2002,18,84.879
08.18.2002-21:00:00,08,18,2002,21,86.821
08.19.2002-00:00:00,08,19,2002,00,88.69
08.19.2002-03:00:00,08,19,2002,03,87.92
08.19.2002-06:00:00,08,19,2002,06,83.415
08.19.2002-09:00:00,08,19,2002,09,80.771
08.19.2002-12:00:00,08,19,2002,12,80.811
08.19.2002-15:00:00,08,19,2002,15,81.424
08.19.2002-18:00:00,08,19,2002,18,83.171
08.19.2002-21:00:00,08,19,2002,21,84.029
08.20.2002-00:00:00,08,20,2002,00,85.374
08.20.2002-03:00:00,08,20,2002,03,85.262
08.20.2002-06:00:00,08,20,2002,06,81.485
08.20.2002-09:00:00,08,20,2002,09,79.027
08.20.2002-12:00:00,08,20,2002,12,78.873
08.20.2002-15:00:00,08,20,2002,15,79.591
08.20.2002-18:00:00,08,20,2002,18,81.384
08.20.2002-21:00:00,08,20,2002,21,82.318
08.21.2002-00:00:00,08,21,2002,00,82.443
08.21.2002-03:00:00,08,21,2002,03,82.013
08.21.2002-06:00:00,08,21,2002,06,79.72
08.21.2002-09:00:00,08,21,2002,09,77.221
08.21.2002-12:00:00,08,21,2002,12,77.117
08.21.2002-15:00:00,08,21,2002,15,77.868
08.21.2002-18:00:00,08,21,2002,18,79.771
08.21.2002-21:00:00,08,21,2002,21,80.615
08.22.2002-00:00:00,08,22,2002,00,80.727
08.22.2002-03:00:00,08,22,2002,03,80.381
08.22.2002-06:00:00,08,22,2002,06,78.085
08.22.2002-09:00:00,08,22,2002,09,75.465
08.22.2002-12:00:00,08,22,2002,12,75.502
08.22.2002-15:00:00,08,22,2002,15,76.244
08.22.2002-18:00:00,08,22,2002,18,78.197
08.22.2002-21:00:00,08,22,2002,21,78.953
08.23.2002-00:00:00,08,23,2002,00,79.047
08.23.2002-03:00:00,08,23,2002,03,78.725
08.23.2002-06:00:00,08,23,2002,06,76.206
08.23.2002-09:00:00,08,23,2002,09,73.788
08.23.2002-12:00:00,08,23,2002,12,74.217
08.23.2002-15:00:00,08,23,2002,15,74.569
08.23.2002-18:00:00,08,23,2002,18,76.586
08.23.2002-21:00:00,08,23,2002,21,77.294
08.24.2002-00:00:00,08,24,2002,00,77.39
08.24.2002-03:00:00,08,24,2002,03,77.168
08.24.2002-06:00:00,08,24,2002,06,74.751
08.24.2002-09:00:00,08,24,2002,09,72.579
08.24.2002-12:00:00,08,24,2002,12,72.896
08.24.2002-15:00:00,08,24,2002,15,73.24
08.24.2002-18:00:00,08,24,2002,18,75.101
08.24.2002-21:00:00,08,24,2002,21,75.699
08.25.2002-00:00:00,08,25,2002,00,75.914
08.25.2002-03:00:00,08,25,2002,03,77.739
08.25.2002-06:00:00,08,25,2002,06,75.996
08.25.2002-09:00:00,08,25,2002,09,73.771
08.25.2002-12:00:00,08,25,2002,12,73.887
08.25.2002-15:00:00,08,25,2002,15,74.701
08.25.2002-18:00:00,08,25,2002,18,76.71
08.25.2002-21:00:00,08,25,2002,21,77.425
08.26.2002-00:00:00,08,26,2002,00,78.836
08.26.2002-03:00:00,08,26,2002,03,80.752
08.26.2002-06:00:00,08,26,2002,06,79.125
08.26.2002-09:00:00,08,26,2002,09,72.536
08.26.2002-12:00:00,08,26,2002,12,72.244
08.26.2002-15:00:00,08,26,2002,15,73.136
08.26.2002-18:00:00,08,26,2002,18,74.989
08.26.2002-21:00:00,08,26,2002,21,75.614
08.27.2002-00:00:00,08,27,2002,00,73.938
08.27.2002-03:00:00,08,27,2002,03,73.463
08.27.2002-06:00:00,08,27,2002,06,70.898
08.27.2002-09:00:00,08,27,2002,09,68.561
08.27.2002-12:00:00,08,27,2002,12,69.099
08.27.2002-15:00:00,08,27,2002,15,69.316
08.27.2002-18:00:00,08,27,2002,18,71.276
08.27.2002-21:00:00,08,27,2002,21,71.902
08.28.2002-00:00:00,08,28,2002,00,71.943
08.28.2002-03:00:00,08,28,2002,03,71.666
08.28.2002-06:00:00,08,28,2002,06,69.195
08.28.2002-09:00:00,08,28,2002,09,66.978
08.28.2002-12:00:00,08,28,2002,12,67.865
08.28.2002-15:00:00,08,28,2002,15,67.729
08.28.2002-18:00:00,08,28,2002,18,69.615
08.28.2002-21:00:00,08,28,2002,21,70.181
08.29.2002-00:00:00,08,29,2002,00,70.198
08.29.2002-03:00:00,08,29,2002,03,69.827
08.29.2002-06:00:00,08,29,2002,06,67.499
08.29.2002-09:00:00,08,29,2002,09,65.346
08.29.2002-12:00:00,08,29,2002,12,65.993
08.29.2002-15:00:00,08,29,2002,15,66.048
08.29.2002-18:00:00,08,29,2002,18,67.777
08.29.2002-21:00:00,08,29,2002,21,68.443
08.30.2002-00:00:00,08,30,2002,00,68.466
08.30.2002-03:00:00,08,30,2002,03,68.03
08.30.2002-06:00:00,08,30,2002,06,65.652
08.30.2002-09:00:00,08,30,2002,09,63.307
08.30.2002-12:00:00,08,30,2002,12,63.491
08.30.2002-15:00:00,08,30,2002,15,64.213
08.30.2002-18:00:00,08,30,2002,18,66.201
08.30.2002-21:00:00,08,30,2002,21,66.902
08.31.2002-00:00:00,08,31,2002,00,66.986
08.31.2002-03:00:00,08,31,2002,03,66.656
08.31.2002-06:00:00,08,31,2002,06,64.548
08.31.2002-09:00:00,08,31,2002,09,62.103
08.31.2002-12:00:00,08,31,2002,12,62.33
08.31.2002-15:00:00,08,31,2002,15,62.948
08.31.2002-18:00:00,08,31,2002,18,64.743
08.31.2002-21:00:00,08,31,2002,21,65.362
09.01.2002-00:00:00,09,01,2002,00,65.162
09.01.2002-03:00:00,09,01,2002,03,64.531
09.01.2002-06:00:00,09,01,2002,06,63.046
09.01.2002-09:00:00,09,01,2002,09,61.315
09.01.2002-12:00:00,09,01,2002,12,60.979
09.01.2002-15:00:00,09,01,2002,15,61.726
09.01.2002-18:00:00,09,01,2002,18,62.948
09.01.2002-21:00:00,09,01,2002,21,63.753
09.02.2002-00:00:00,09,02,2002,00,63.801
09.02.2002-03:00:00,09,02,2002,03,63.513
09.02.2002-06:00:00,09,02,2002,06,62.26
09.02.2002-09:00:00,09,02,2002,09,59.751
09.02.2002-12:00:00,09,02,2002,12,59.328
09.02.2002-15:00:00,09,02,2002,15,60.679
09.02.2002-18:00:00,09,02,2002,18,61.794
09.02.2002-21:00:00,09,02,2002,21,62.318
09.03.2002-00:00:00,09,03,2002,00,62.308
09.03.2002-03:00:00,09,03,2002,03,61.939
09.03.2002-06:00:00,09,03,2002,06,60.681
09.03.2002-09:00:00,09,03,2002,09,58.319
09.03.2002-12:00:00,09,03,2002,12,57.743
09.03.2002-15:00:00,09,03,2002,15,59.209
09.03.2002-18:00:00,09,03,2002,18,60.359
09.03.2002-21:00:00,09,03,2002,21,60.914
09.04.2002-00:00:00,09,04,2002,00,60.917
09.04.2002-03:00:00,09,04,2002,03,60.789
09.04.2002-06:00:00,09,04,2002,06,59.948
09.04.2002-09:00:00,09,04,2002,09,57.239
09.04.2002-12:00:00,09,04,2002,12,56.597
09.04.2002-15:00:00,09,04,2002,15,58.326
09.04.2002-18:00:00,09,04,2002,18,59.3
09.04.2002-21:00:00,09,04,2002,21,59.603
09.05.2002-00:00:00,09,05,2002,00,59.723
09.05.2002-03:00:00,09,05,2002,03,59.606
09.05.2002-06:00:00,09,05,2002,06,58.816
09.05.2002-09:00:00,09,05,2002,09,56.062
09.05.2002-12:00:00,09,05,2002,12,55.387
09.05.2002-15:00:00,09,05,2002,15,57.213
09.05.2002-18:00:00,09,05,2002,18,58.156
09.05.2002-21:00:00,09,05,2002,21,58.416
09.06.2002-00:00:00,09,06,2002,00,58.245
09.06.2002-03:00:00,09,06,2002,03,58.136
09.06.2002-06:00:00,09,06,2002,06,57.44
09.06.2002-09:00:00,09,06,2002,09,54.63
09.06.2002-12:00:00,09,06,2002,12,53.972
09.06.2002-15:00:00,09,06,2002,15,55.792
09.06.2002-18:00:00,09,06,2002,18,56.714
09.06.2002-21:00:00,09,06,2002,21,56.936
09.07.2002-00:00:00,09,07,2002,00,57.322
09.07.2002-03:00:00,09,07,2002,03,57.229
09.07.2002-06:00:00,09,07,2002,06,56.509
09.07.2002-09:00:00,09,07,2002,09,54.018
09.07.2002-12:00:00,09,07,2002,12,53.373
09.07.2002-15:00:00,09,07,2002,15,54.995
09.07.2002-18:00:00,09,07,2002,18,55.898
09.07.2002-21:00:00,09,07,2002,21,56.12
09.08.2002-00:00:00,09,08,2002,00,55.869
09.08.2002-03:00:00,09,08,2002,03,55.627
09.08.2002-06:00:00,09,08,2002,06,55.821
09.08.2002-09:00:00,09,08,2002,09,52.719
09.08.2002-12:00:00,09,08,2002,12,52.098
09.08.2002-15:00:00,09,08,2002,15,53.504
09.08.2002-18:00:00,09,08,2002,18,54.427
09.08.2002-21:00:00,09,08,2002,21,54.649
09.09.2002-00:00:00,09,09,2002,00,54.386
09.09.2002-03:00:00,09,09,2002,03,54.209
09.09.2002-06:00:00,09,09,2002,06,53.245
09.09.2002-09:00:00,09,09,2002,09,50.407
09.09.2002-12:00:00,09,09,2002,12,49.84
09.09.2002-15:00:00,09,09,2002,15,51.659
09.09.2002-18:00:00,09,09,2002,18,52.69
09.09.2002-21:00:00,09,09,2002,21,52.972
09.10.2002-00:00:00,09,10,2002,00,52.946
09.10.2002-03:00:00,09,10,2002,03,52.84
09.10.2002-06:00:00,09,10,2002,06,51.919
09.10.2002-09:00:00,09,10,2002,09,48.879
09.10.2002-12:00:00,09,10,2002,12,48.548
09.10.2002-15:00:00,09,10,2002,15,50.334
09.10.2002-18:00:00,09,10,2002,18,51.322
09.10.2002-21:00:00,09,10,2002,21,51.563
09.11.2002-00:00:00,09,11,2002,00,51.54
09.11.2002-03:00:00,09,11,2002,03,51.44
09.11.2002-06:00:00,09,11,2002,06,50.439
09.11.2002-09:00:00,09,11,2002,09,47.489
09.11.2002-12:00:00,09,11,2002,12,47.533
09.11.2002-15:00:00,09,11,2002,15,48.999
09.11.2002-18:00:00,09,11,2002,18,49.969
09.11.2002-21:00:00,09,11,2002,21,50.217
09.12.2002-00:00:00,09,12,2002,00,50.205
09.12.2002-03:00:00,09,12,2002,03,50.126
09.12.2002-06:00:00,09,12,2002,06,49.126
09.12.2002-09:00:00,09,12,2002,09,46.279
09.12.2002-12:00:00,09,12,2002,12,46.699
09.12.2002-15:00:00,09,12,2002,15,47.759
09.12.2002-18:00:00,09,12,2002,18,48.672
09.12.2002-21:00:00,09,12,2002,21,48.889
09.13.2002-00:00:00,09,13,2002,00,48.87
09.13.2002-03:00:00,09,13,2002,03,48.778
09.13.2002-06:00:00,09,13,2002,06,47.628
09.13.2002-09:00:00,09,13,2002,09,44.912
09.13.2002-12:00:00,09,13,2002,12,45.29
09.13.2002-15:00:00,09,13,2002,15,46.388
09.13.2002-18:00:00,09,13,2002,18,47.35
09.13.2002-21:00:00,09,13,2002,21,47.628
09.14.2002-00:00:00,09,14,2002,00,47.627
09.14.2002-03:00:00,09,14,2002,03,47.59
09.14.2002-06:00:00,09,14,2002,06,46.711
09.14.2002-09:00:00,09,14,2002,09,43.787
09.14.2002-12:00:00,09,14,2002,12,44.092
09.14.2002-15:00:00,09,14,2002,15,45.384
09.14.2002-18:00:00,09,14,2002,18,46.333
09.14.2002-21:00:00,09,14,2002,21,46.525
09.15.2002-00:00:00,09,15,2002,00,46.5
09.15.2002-03:00:00,09,15,2002,03,46.435
09.15.2002-06:00:00,09,15,2002,06,45.254
09.15.2002-09:00:00,09,15,2002,09,42.742
09.15.2002-12:00:00,09,15,2002,12,42.465
09.15.2002-15:00:00,09,15,2002,15,43.845
09.15.2002-18:00:00,09,15,2002,18,45.072
09.15.2002-21:00:00,09,15,2002,21,45.367
09.16.2002-00:00:00,09,16,2002,00,45.337
09.16.2002-03:00:00,09,16,2002,03,45.285
09.16.2002-06:00:00,09,16,2002,06,43.926
09.16.2002-09:00:00,09,16,2002,09,42.018
09.16.2002-12:00:00,09,16,2002,12,41.767
09.16.2002-15:00:00,09,16,2002,15,41.697
09.16.2002-18:00:00,09,16,2002,18,43.557
09.16.2002-21:00:00,09,16,2002,21,44.261
09.17.2002-00:00:00,09,17,2002,00,44.255
09.17.2002-03:00:00,09,17,2002,03,44.222
09.17.2002-06:00:00,09,17,2002,06,42.982
09.17.2002-09:00:00,09,17,2002,09,41.385
09.17.2002-12:00:00,09,17,2002,12,41.179
09.17.2002-15:00:00,09,17,2002,15,41.108
09.17.2002-18:00:00,09,17,2002,18,42.807
09.17.2002-21:00:00,09,17,2002,21,43.406
09.18.2002-00:00:00,09,18,2002,00,43.398
09.18.2002-03:00:00,09,18,2002,03,43.359
09.18.2002-06:00:00,09,18,2002,06,42.609
09.18.2002-09:00:00,09,18,2002,09,40.812
09.18.2002-12:00:00,09,18,2002,12,40.584
09.18.2002-15:00:00,09,18,2002,15,40.521
09.18.2002-18:00:00,09,18,2002,18,41.534
09.18.2002-21:00:00,09,18,2002,21,42.465
09.19.2002-00:00:00,09,19,2002,00,42.479
09.19.2002-03:00:00,09,19,2002,03,42.426
09.19.2002-06:00:00,09,19,2002,06,41.791
09.19.2002-09:00:00,09,19,2002,09,40.208
09.19.2002-12:00:00,09,19,2002,12,39.981
09.19.2002-15:00:00,09,19,2002,15,39.917
09.19.2002-18:00:00,09,19,2002,18,39.886
09.19.2002-21:00:00,09,19,2002,21,40.772
09.20.2002-00:00:00,09,20,2002,00,41.481
09.20.2002-03:00:00,09,20,2002,03,41.482
09.20.2002-06:00:00,09,20,2002,06,40.945
09.20.2002-09:00:00,09,20,2002,09,39.623
09.20.2002-12:00:00,09,20,2002,12,39.416
09.20.2002-15:00:00,09,20,2002,15,39.351
09.20.2002-18:00:00,09,20,2002,18,39.317
09.20.2002-21:00:00,09,20,2002,21,39.289
09.21.2002-00:00:00,09,21,2002,00,40.485
09.21.2002-03:00:00,09,21,2002,03,40.587
09.21.2002-06:00:00,09,21,2002,06,40.206
09.21.2002-09:00:00,09,21,2002,09,39.062
09.21.2002-12:00:00,09,21,2002,12,38.864
09.21.2002-15:00:00,09,21,2002,15,38.796
09.21.2002-18:00:00,09,21,2002,18,38.759
09.21.2002-21:00:00,09,21,2002,21,38.725
09.22.2002-00:00:00,09,22,2002,00,38.691
09.22.2002-03:00:00,09,22,2002,03,39.227
09.22.2002-06:00:00,09,22,2002,06,39.165
09.22.2002-09:00:00,09,22,2002,09,38.465
09.22.2002-12:00:00,09,22,2002,12,38.285
09.22.2002-15:00:00,09,22,2002,15,38.21
09.22.2002-18:00:00,09,22,2002,18,38.167
09.22.2002-21:00:00,09,22,2002,21,38.128
09.23.2002-00:00:00,09,23,2002,00,38.09
09.23.2002-03:00:00,09,23,2002,03,38.052
09.23.2002-06:00:00,09,23,2002,06,37.986
09.23.2002-09:00:00,09,23,2002,09,37.829
09.23.2002-12:00:00,09,23,2002,12,37.682
09.23.2002-15:00:00,09,23,2002,15,37.602
09.23.2002-18:00:00,09,23,2002,18,37.554
09.23.2002-21:00:00,09,23,2002,21,37.509
09.24.2002-00:00:00,09,24,2002,00,37.465
09.24.2002-03:00:00,09,24,2002,03,37.422
09.24.2002-06:00:00,09,24,2002,06,37.346
09.24.2002-09:00:00,09,24,2002,09,37.198
09.24.2002-12:00:00,09,24,2002,12,37.055
09.24.2002-15:00:00,09,24,2002,15,36.968
09.24.2002-18:00:00,09,24,2002,18,36.915
09.24.2002-21:00:00,09,24,2002,21,36.867
09.25.2002-00:00:00,09,25,2002,00,36.82
09.25.2002-03:00:00,09,25,2002,03,36.774
09.25.2002-06:00:00,09,25,2002,06,36.699
09.25.2002-09:00:00,09,25,2002,09,36.55
09.25.2002-12:00:00,09,25,2002,12,36.404
09.25.2002-15:00:00,09,25,2002,15,36.32
09.25.2002-18:00:00,09,25,2002,18,36.267
09.25.2002-21:00:00,09,25,2002,21,36.216
09.26.2002-00:00:00,09,26,2002,00,36.167
09.26.2002-03:00:00,09,26,2002,03,36.118
09.26.2002-06:00:00,09,26,2002,06,36.046
09.26.2002-09:00:00,09,26,2002,09,35.913
09.26.2002-12:00:00,09,26,2002,12,35.78
09.26.2002-15:00:00,09,26,2002,15,35.693
09.26.2002-18:00:00,09,26,2002,18,35.637
09.26.2002-21:00:00,09,26,2002,21,35.584
09.27.2002-00:00:00,09,27,2002,00,35.532
09.27.2002-03:00:00,09,27,2002,03,35.481
09.27.2002-06:00:00,09,27,2002,06,35.402
09.27.2002-09:00:00,09,27,2002,09,35.261
09.27.2002-12:00:00,09,27,2002,12,35.119
09.27.2002-15:00:00,09,27,2002,15,35.032
09.27.2002-18:00:00,09,27,2002,18,34.976
09.27.2002-21:00:00,09,27,2002,21,34.923
09.28.2002-00:00:00,09,28,2002,00,34.87
09.28.2002-03:00:00,09,28,2002,03,34.819
09.28.2002-06:00:00,09,28,2002,06,34.749
09.28.2002-09:00:00,09,28,2002,09,34.61
09.28.2002-12:00:00,09,28,2002,12,34.471
09.28.2002-15:00:00,09,28,2002,15,34.387
09.28.2002-18:00:00,09,28,2002,18,34.33
09.28.2002-21:00:00,09,28,2002,21,34.275
09.29.2002-00:00:00,09,29,2002,00,34.219
09.29.2002-03:00:00,09,29,2002,03,34.165
09.29.2002-06:00:00,09,29,2002,06,34.087
09.29.2002-09:00:00,09,29,2002,09,33.96
09.29.2002-12:00:00,09,29,2002,12,33.83
09.29.2002-15:00:00,09,29,2002,15,33.74
09.29.2002-18:00:00,09,29,2002,18,33.681
09.29.2002-21:00:00,09,29,2002,21,33.624
09.30.2002-00:00:00,09,30,2002,00,33.568
09.30.2002-03:00:00,09,30,2002,03,33.513
09.30.2002-06:00:00,09,30,2002,06,33.441
09.30.2002-09:00:00,09,30,2002,09,33.333
09.30.2002-12:00:00,09,30,2002,12,33.223
09.30.2002-15:00:00,09,30,2002,15,33.142
09.30.2002-18:00:00,09,30,2002,18,33.085
09.30.2002-21:00:00,09,30,2002,21,33.03
