TIMESTAMP,MONTH,DAY,YEAR,HOUR,C
10.01.2001-00:00:00,10,01,2001,00,15.79
10.01.2001-03:00:00,10,01,2001,03,15.766
10.01.2001-06:00:00,10,01,2001,06,15.737
10.01.2001-09:00:00,10,01,2001,09,15.68
10.01.2001-12:00:00,10,01,2001,12,15.628
10.01.2001-15:00:00,10,01,2001,15,15.596
10.01.2001-18:00:00,10,01,2001,18,15.571
10.01.2001-21:00:00,10,01,2001,21,15.546
10.02.2001-00:00:00,10,02,2001,00,15.522
10.02.2001-03:00:00,10,02,2001,03,15.499
10.02.2001-06:00:00,10,02,2001,06,15.469
10.02.2001-09:00:00,10,02,2001,09,15.415
10.02.2001-12:00:00,10,02,2001,12,15.365
10.02.2001-15:00:00,10,02,2001,15,15.333
10.02.2001-18:00:00,10,02,2001,18,15.308
10.02.2001-21:00:00,10,02,2001,21,15.285
10.03.2001-00:00:00,10,03,2001,00,15.261
10.03.2001-03:00:00,10,03,2001,03,15.238
10.03.2001-06:00:00,10,03,2001,06,15.211
10.03.2001-09:00:00,10,03,2001,09,15.159
10.03.2001-12:00:00,10,03,2001,12,15.111
10.03.2001-15:00:00,10,03,2001,15,15.081
10.03.2001-18:00:00,10,03,2001,18,15.057
10.03.2001-21:00:00,10,03,2001,21,15.034
10.04.2001-00:00:00,10,04,2001,00,15.011
10.04.2001-03:00:00,10,04,2001,03,14.989
10.04.2001-06:00:00,10,04,2001,06,14.966
10.04.2001-09:00:00,10,04,2001,09,14.918
10.04.2001-12:00:00,10,04,2001,12,14.873
10.04.2001-15:00:00,10,04,2001,15,14.845
10.04.2001-18:00:00,10,04,2001,18,14.822
10.04.2001-21:00:00,10,04,2001,21,14.8
10.05.2001-00:00:00,10,05,2001,00,14.778
10.05.2001-03:00:00,10,05,2001,03,14.756
10.05.2001-06:00:00,10,05,2001,06,14.734
10.05.2001-09:00:00,10,05,2001,09,14.691
10.05.2001-12:00:00,10,05,2001,12,14.649
10.05.2001-15:00:00,10,05,2001,15,14.622
10.05.2001-18:00:00,10,05,2001,18,14.6
10.05.2001-21:00:00,10,05,2001,21,14.578
10.06.2001-00:00:00,10,06,2001,00,14.557
10.06.2001-03:00:00,10,06,2001,03,14.535
10.06.2001-06:00:00,10,06,2001,06,14.514
10.06.2001-09:00:00,10,06,2001,09,14.475
10.06.2001-12:00:00,10,06,2001,12,14.436
10.06.2001-15:00:00,10,06,2001,15,14.41
10.06.2001-18:00:00,10,06,2001,18,14.388
10.06.2001-21:00:00,10,06,2001,21,14.367
10.07.2001-00:00:00,10,07,2001,00,14.346
10.07.2001-03:00:00,10,07,2001,03,14.324
10.07.2001-06:00:00,10,07,2001,06,14.303
10.07.2001-09:00:00,10,07,2001,09,14.271
10.07.2001-12:00:00,10,07,2001,12,14.237
10.07.2001-15:00:00,10,07,2001,15,14.213
10.07.2001-18:00:00,10,07,2001,18,14.192
10.07.2001-21:00:00,10,07,2001,21,14.171
10.08.2001-00:00:00,10,08,2001,00,14.151
10.08.2001-03:00:00,10,08,2001,03,14.13
10.08.2001-06:00:00,10,08,2001,06,14.109
10.08.2001-09:00:00,10,08,2001,09,14.08
10.08.2001-12:00:00,10,08,2001,12,14.054
10.08.2001-15:00:00,10,08,2001,15,14.03
10.08.2001-18:00:00,10,08,2001,18,14.012
10.08.2001-21:00:00,10,08,2001,21,13.988
10.09.2001-00:00:00,10,09,2001,00,13.961
10.09.2001-03:00:00,10,09,2001,03,13.941
10.09.2001-06:00:00,10,09,2001,06,13.92
10.09.2001-09:00:00,10,09,2001,09,13.887
10.09.2001-12:00:00,10,09,2001,12,13.854
10.09.2001-15:00:00,10,09,2001,15,13.829
10.09.2001-18:00:00,10,09,2001,18,13.808
10.09.2001-21:00:00,10,09,2001,21,13.788
10.10.2001-00:00:00,10,10,2001,00,13.768
10.10.2001-03:00:00,10,10,2001,03,13.748
10.10.2001-06:00:00,10,10,2001,06,13.728
10.10.2001-09:00:00,10,10,2001,09,13.706
10.10.2001-12:00:00,10,10,2001,12,13.684
10.10.2001-15:00:00,10,10,2001,15,13.684
10.10.2001-18:00:00,10,10,2001,18,13.645
10.10.2001-21:00:00,10,10,2001,21,13.625
10.11.2001-00:00:00,10,11,2001,00,13.605
10.11.2001-03:00:00,10,11,2001,03,13.585
10.11.2001-06:00:00,10,11,2001,06,13.566
10.11.2001-09:00:00,10,11,2001,09,13.541
10.11.2001-12:00:00,10,11,2001,12,13.544
10.11.2001-15:00:00,10,11,2001,15,13.532
10.11.2001-18:00:00,10,11,2001,18,13.52
10.11.2001-21:00:00,10,11,2001,21,13.491
10.12.2001-00:00:00,10,12,2001,00,13.472
10.12.2001-03:00:00,10,12,2001,03,13.452
10.12.2001-06:00:00,10,12,2001,06,13.433
10.12.2001-09:00:00,10,12,2001,09,13.411
10.12.2001-12:00:00,10,12,2001,12,13.43
10.12.2001-15:00:00,10,12,2001,15,13.442
10.12.2001-18:00:00,10,12,2001,18,13.437
10.12.2001-21:00:00,10,12,2001,21,13.435
10.13.2001-00:00:00,10,13,2001,00,13.439
10.13.2001-03:00:00,10,13,2001,03,13.448
10.13.2001-06:00:00,10,13,2001,06,13.462
10.13.2001-09:00:00,10,13,2001,09,13.517
10.13.2001-12:00:00,10,13,2001,12,13.596
10.13.2001-15:00:00,10,13,2001,15,13.646
10.13.2001-18:00:00,10,13,2001,18,13.662
10.13.2001-21:00:00,10,13,2001,21,13.674
10.14.2001-00:00:00,10,14,2001,00,13.685
10.14.2001-03:00:00,10,14,2001,03,13.685
10.14.2001-06:00:00,10,14,2001,06,13.683
10.14.2001-09:00:00,10,14,2001,09,13.654
10.14.2001-12:00:00,10,14,2001,12,13.634
10.14.2001-15:00:00,10,14,2001,15,13.617
10.14.2001-18:00:00,10,14,2001,18,13.602
10.14.2001-21:00:00,10,14,2001,21,13.568
10.15.2001-00:00:00,10,15,2001,00,13.542
10.15.2001-03:00:00,10,15,2001,03,13.519
10.15.2001-06:00:00,10,15,2001,06,13.497
10.15.2001-09:00:00,10,15,2001,09,13.466
10.15.2001-12:00:00,10,15,2001,12,13.435
10.15.2001-15:00:00,10,15,2001,15,13.411
10.15.2001-18:00:00,10,15,2001,18,13.389
10.15.2001-21:00:00,10,15,2001,21,13.368
10.16.2001-00:00:00,10,16,2001,00,13.347
10.16.2001-03:00:00,10,16,2001,03,13.326
10.16.2001-06:00:00,10,16,2001,06,13.304
10.16.2001-09:00:00,10,16,2001,09,13.27
10.16.2001-12:00:00,10,16,2001,12,13.235
10.16.2001-15:00:00,10,16,2001,15,13.211
10.16.2001-18:00:00,10,16,2001,18,13.19
10.16.2001-21:00:00,10,16,2001,21,13.17
10.17.2001-00:00:00,10,17,2001,00,13.15
10.17.2001-03:00:00,10,17,2001,03,13.129
10.17.2001-06:00:00,10,17,2001,06,13.109
10.17.2001-09:00:00,10,17,2001,09,13.083
10.17.2001-12:00:00,10,17,2001,12,13.055
10.17.2001-15:00:00,10,17,2001,15,13.032
10.17.2001-18:00:00,10,17,2001,18,13.013
10.17.2001-21:00:00,10,17,2001,21,12.993
10.18.2001-00:00:00,10,18,2001,00,12.974
10.18.2001-03:00:00,10,18,2001,03,12.954
10.18.2001-06:00:00,10,18,2001,06,12.935
10.18.2001-09:00:00,10,18,2001,09,12.902
10.18.2001-12:00:00,10,18,2001,12,12.869
10.18.2001-15:00:00,10,18,2001,15,12.846
10.18.2001-18:00:00,10,18,2001,18,12.827
10.18.2001-21:00:00,10,18,2001,21,12.808
10.19.2001-00:00:00,10,19,2001,00,12.793
10.19.2001-03:00:00,10,19,2001,03,12.771
10.19.2001-06:00:00,10,19,2001,06,12.753
10.19.2001-09:00:00,10,19,2001,09,12.726
10.19.2001-12:00:00,10,19,2001,12,12.7
10.19.2001-15:00:00,10,19,2001,15,12.68
10.19.2001-18:00:00,10,19,2001,18,12.662
10.19.2001-21:00:00,10,19,2001,21,12.64
10.20.2001-00:00:00,10,20,2001,00,12.617
10.20.2001-03:00:00,10,20,2001,03,12.599
10.20.2001-06:00:00,10,20,2001,06,12.582
10.20.2001-09:00:00,10,20,2001,09,12.553
10.20.2001-12:00:00,10,20,2001,12,12.524
10.20.2001-15:00:00,10,20,2001,15,12.504
10.20.2001-18:00:00,10,20,2001,18,12.487
10.20.2001-21:00:00,10,20,2001,21,12.47
10.21.2001-00:00:00,10,21,2001,00,12.453
10.21.2001-03:00:00,10,21,2001,03,12.437
10.21.2001-06:00:00,10,21,2001,06,12.421
10.21.2001-09:00:00,10,21,2001,09,12.421
10.21.2001-12:00:00,10,21,2001,12,12.44
10.21.2001-15:00:00,10,21,2001,15,12.418
10.21.2001-18:00:00,10,21,2001,18,12.381
10.21.2001-21:00:00,10,21,2001,21,12.361
10.22.2001-00:00:00,10,22,2001,00,12.357
10.22.2001-03:00:00,10,22,2001,03,12.342
10.22.2001-06:00:00,10,22,2001,06,12.326
10.22.2001-09:00:00,10,22,2001,09,12.313
10.22.2001-12:00:00,10,22,2001,12,12.334
10.22.2001-15:00:00,10,22,2001,15,12.336
10.22.2001-18:00:00,10,22,2001,18,12.334
10.22.2001-21:00:00,10,22,2001,21,12.318
10.23.2001-00:00:00,10,23,2001,00,12.302
10.23.2001-03:00:00,10,23,2001,03,12.287
10.23.2001-06:00:00,10,23,2001,06,12.271
10.23.2001-09:00:00,10,23,2001,09,12.254
10.23.2001-12:00:00,10,23,2001,12,12.301
10.23.2001-15:00:00,10,23,2001,15,12.315
10.23.2001-18:00:00,10,23,2001,18,12.324
10.23.2001-21:00:00,10,23,2001,21,12.333
10.24.2001-00:00:00,10,24,2001,00,12.341
10.24.2001-03:00:00,10,24,2001,03,12.329
10.24.2001-06:00:00,10,24,2001,06,12.314
10.24.2001-09:00:00,10,24,2001,09,12.295
10.24.2001-12:00:00,10,24,2001,12,12.275
10.24.2001-15:00:00,10,24,2001,15,12.259
10.24.2001-18:00:00,10,24,2001,18,12.243
10.24.2001-21:00:00,10,24,2001,21,12.228
10.25.2001-00:00:00,10,25,2001,00,12.213
10.25.2001-03:00:00,10,25,2001,03,12.197
10.25.2001-06:00:00,10,25,2001,06,12.182
10.25.2001-09:00:00,10,25,2001,09,12.167
10.25.2001-12:00:00,10,25,2001,12,12.151
10.25.2001-15:00:00,10,25,2001,15,12.136
10.25.2001-18:00:00,10,25,2001,18,12.121
10.25.2001-21:00:00,10,25,2001,21,12.107
10.26.2001-00:00:00,10,26,2001,00,12.092
10.26.2001-03:00:00,10,26,2001,03,12.078
10.26.2001-06:00:00,10,26,2001,06,12.064
10.26.2001-09:00:00,10,26,2001,09,12.049
10.26.2001-12:00:00,10,26,2001,12,12.035
10.26.2001-15:00:00,10,26,2001,15,12.021
10.26.2001-18:00:00,10,26,2001,18,12.007
10.26.2001-21:00:00,10,26,2001,21,11.993
10.27.2001-00:00:00,10,27,2001,00,11.979
10.27.2001-03:00:00,10,27,2001,03,11.966
10.27.2001-06:00:00,10,27,2001,06,11.952
10.27.2001-09:00:00,10,27,2001,09,11.934
10.27.2001-12:00:00,10,27,2001,12,11.916
10.27.2001-15:00:00,10,27,2001,15,11.902
10.27.2001-18:00:00,10,27,2001,18,11.889
10.27.2001-21:00:00,10,27,2001,21,11.876
10.28.2001-00:00:00,10,28,2001,00,11.863
10.28.2001-03:00:00,10,28,2001,03,11.85
10.28.2001-06:00:00,10,28,2001,06,11.838
10.28.2001-09:00:00,10,28,2001,09,11.822
10.28.2001-12:00:00,10,28,2001,12,11.806
10.28.2001-15:00:00,10,28,2001,15,11.794
10.28.2001-18:00:00,10,28,2001,18,11.781
10.28.2001-21:00:00,10,28,2001,21,11.769
10.29.2001-00:00:00,10,29,2001,00,11.757
10.29.2001-03:00:00,10,29,2001,03,11.745
10.29.2001-06:00:00,10,29,2001,06,11.733
10.29.2001-09:00:00,10,29,2001,09,11.72
10.29.2001-12:00:00,10,29,2001,12,11.706
10.29.2001-15:00:00,10,29,2001,15,11.694
10.29.2001-18:00:00,10,29,2001,18,11.683
10.29.2001-21:00:00,10,29,2001,21,11.671
10.30.2001-00:00:00,10,30,2001,00,11.66
10.30.2001-03:00:00,10,30,2001,03,11.649
10.30.2001-06:00:00,10,30,2001,06,11.638
10.30.2001-09:00:00,10,30,2001,09,11.627
10.30.2001-12:00:00,10,30,2001,12,11.616
10.30.2001-15:00:00,10,30,2001,15,11.605
10.30.2001-18:00:00,10,30,2001,18,11.594
10.30.2001-21:00:00,10,30,2001,21,11.583
10.31.2001-00:00:00,10,31,2001,00,11.573
10.31.2001-03:00:00,10,31,2001,03,11.562
10.31.2001-06:00:00,10,31,2001,06,11.552
10.31.2001-09:00:00,10,31,2001,09,11.541
10.31.2001-12:00:00,10,31,2001,12,11.536
10.31.2001-15:00:00,10,31,2001,15,11.566
10.31.2001-18:00:00,10,31,2001,18,11.585
10.31.2001-21:00:00,10,31,2001,21,11.607
11.01.2001-00:00:00,11,01,2001,00,11.617
11.01.2001-03:00:00,11,01,2001,03,11.615
11.01.2001-06:00:00,11,01,2001,06,11.611
11.01.2001-09:00:00,11,01,2001,09,11.603
11.01.2001-12:00:00,11,01,2001,12,11.593
11.01.2001-15:00:00,11,01,2001,15,11.585
11.01.2001-18:00:00,11,01,2001,18,11.576
11.01.2001-21:00:00,11,01,2001,21,11.568
11.02.2001-00:00:00,11,02,2001,00,11.56
11.02.2001-03:00:00,11,02,2001,03,11.552
11.02.2001-06:00:00,11,02,2001,06,11.544
11.02.2001-09:00:00,11,02,2001,09,11.535
11.02.2001-12:00:00,11,02,2001,12,11.525
11.02.2001-15:00:00,11,02,2001,15,11.517
11.02.2001-18:00:00,11,02,2001,18,11.509
11.02.2001-21:00:00,11,02,2001,21,11.501
11.03.2001-00:00:00,11,03,2001,00,11.494
11.03.2001-03:00:00,11,03,2001,03,11.486
11.03.2001-06:00:00,11,03,2001,06,11.479
11.03.2001-09:00:00,11,03,2001,09,11.47
11.03.2001-12:00:00,11,03,2001,12,11.46
11.03.2001-15:00:00,11,03,2001,15,11.453
11.03.2001-18:00:00,11,03,2001,18,11.445
11.03.2001-21:00:00,11,03,2001,21,11.438
11.04.2001-00:00:00,11,04,2001,00,11.431
11.04.2001-03:00:00,11,04,2001,03,11.423
11.04.2001-06:00:00,11,04,2001,06,11.416
11.04.2001-09:00:00,11,04,2001,09,11.407
11.04.2001-12:00:00,11,04,2001,12,11.398
11.04.2001-15:00:00,11,04,2001,15,11.39
11.04.2001-18:00:00,11,04,2001,18,11.384
11.04.2001-21:00:00,11,04,2001,21,11.377
11.05.2001-00:00:00,11,05,2001,00,11.37
11.05.2001-03:00:00,11,05,2001,03,11.363
11.05.2001-06:00:00,11,05,2001,06,11.357
11.05.2001-09:00:00,11,05,2001,09,11.349
11.05.2001-12:00:00,11,05,2001,12,11.341
11.05.2001-15:00:00,11,05,2001,15,11.335
11.05.2001-18:00:00,11,05,2001,18,11.328
11.05.2001-21:00:00,11,05,2001,21,11.322
11.06.2001-00:00:00,11,06,2001,00,11.316
11.06.2001-03:00:00,11,06,2001,03,11.31
11.06.2001-06:00:00,11,06,2001,06,11.304
11.06.2001-09:00:00,11,06,2001,09,11.298
11.06.2001-12:00:00,11,06,2001,12,11.291
11.06.2001-15:00:00,11,06,2001,15,11.286
11.06.2001-18:00:00,11,06,2001,18,11.28
11.06.2001-21:00:00,11,06,2001,21,11.274
11.07.2001-00:00:00,11,07,2001,00,11.269
11.07.2001-03:00:00,11,07,2001,03,11.263
11.07.2001-06:00:00,11,07,2001,06,11.258
11.07.2001-09:00:00,11,07,2001,09,11.253
11.07.2001-12:00:00,11,07,2001,12,11.248
11.07.2001-15:00:00,11,07,2001,15,11.243
11.07.2001-18:00:00,11,07,2001,18,11.238
11.07.2001-21:00:00,11,07,2001,21,11.233
11.08.2001-00:00:00,11,08,2001,00,11.228
11.08.2001-03:00:00,11,08,2001,03,11.223
11.08.2001-06:00:00,11,08,2001,06,11.218
11.08.2001-09:00:00,11,08,2001,09,11.214
11.08.2001-12:00:00,11,08,2001,12,11.208
11.08.2001-15:00:00,11,08,2001,15,11.203
11.08.2001-18:00:00,11,08,2001,18,11.199
11.08.2001-21:00:00,11,08,2001,21,11.194
11.09.2001-00:00:00,11,09,2001,00,11.19
11.09.2001-03:00:00,11,09,2001,03,11.186
11.09.2001-06:00:00,11,09,2001,06,11.182
11.09.2001-09:00:00,11,09,2001,09,11.178
11.09.2001-12:00:00,11,09,2001,12,11.172
11.09.2001-15:00:00,11,09,2001,15,11.168
11.09.2001-18:00:00,11,09,2001,18,11.165
11.09.2001-21:00:00,11,09,2001,21,11.161
11.10.2001-00:00:00,11,10,2001,00,11.158
11.10.2001-03:00:00,11,10,2001,03,11.155
11.10.2001-06:00:00,11,10,2001,06,11.152
11.10.2001-09:00:00,11,10,2001,09,11.15
11.10.2001-12:00:00,11,10,2001,12,11.146
11.10.2001-15:00:00,11,10,2001,15,11.143
11.10.2001-18:00:00,11,10,2001,18,11.141
11.10.2001-21:00:00,11,10,2001,21,11.139
11.11.2001-00:00:00,11,11,2001,00,11.137
11.11.2001-03:00:00,11,11,2001,03,11.136
11.11.2001-06:00:00,11,11,2001,06,11.134
11.11.2001-09:00:00,11,11,2001,09,11.133
11.11.2001-12:00:00,11,11,2001,12,11.13
11.11.2001-15:00:00,11,11,2001,15,11.13
11.11.2001-18:00:00,11,11,2001,18,11.129
11.11.2001-21:00:00,11,11,2001,21,11.129
11.12.2001-00:00:00,11,12,2001,00,11.129
11.12.2001-03:00:00,11,12,2001,03,11.13
11.12.2001-06:00:00,11,12,2001,06,11.131
11.12.2001-09:00:00,11,12,2001,09,11.132
11.12.2001-12:00:00,11,12,2001,12,11.133
11.12.2001-15:00:00,11,12,2001,15,11.135
11.12.2001-18:00:00,11,12,2001,18,11.137
11.12.2001-21:00:00,11,12,2001,21,11.139
11.13.2001-00:00:00,11,13,2001,00,11.141
11.13.2001-03:00:00,11,13,2001,03,11.144
11.13.2001-06:00:00,11,13,2001,06,11.147
11.13.2001-09:00:00,11,13,2001,09,11.15
11.13.2001-12:00:00,11,13,2001,12,11.153
11.13.2001-15:00:00,11,13,2001,15,11.156
11.13.2001-18:00:00,11,13,2001,18,11.159
11.13.2001-21:00:00,11,13,2001,21,11.163
11.14.2001-00:00:00,11,14,2001,00,11.168
11.14.2001-03:00:00,11,14,2001,03,11.178
11.14.2001-06:00:00,11,14,2001,06,11.197
11.14.2001-09:00:00,11,14,2001,09,11.337
11.14.2001-12:00:00,11,14,2001,12,11.806
11.14.2001-15:00:00,11,14,2001,15,12.467
11.14.2001-18:00:00,11,14,2001,18,13.193
11.14.2001-21:00:00,11,14,2001,21,13.944
11.15.2001-00:00:00,11,15,2001,00,14.416
11.15.2001-03:00:00,11,15,2001,03,14.603
11.15.2001-06:00:00,11,15,2001,06,14.69
11.15.2001-09:00:00,11,15,2001,09,14.776
11.15.2001-12:00:00,11,15,2001,12,14.862
11.15.2001-15:00:00,11,15,2001,15,14.957
11.15.2001-18:00:00,11,15,2001,18,15.057
11.15.2001-21:00:00,11,15,2001,21,15.154
11.16.2001-00:00:00,11,16,2001,00,15.246
11.16.2001-03:00:00,11,16,2001,03,15.335
11.16.2001-06:00:00,11,16,2001,06,15.417
11.16.2001-09:00:00,11,16,2001,09,15.498
11.16.2001-12:00:00,11,16,2001,12,15.576
11.16.2001-15:00:00,11,16,2001,15,15.657
11.16.2001-18:00:00,11,16,2001,18,15.737
11.16.2001-21:00:00,11,16,2001,21,15.817
11.17.2001-00:00:00,11,17,2001,00,15.897
11.17.2001-03:00:00,11,17,2001,03,15.975
11.17.2001-06:00:00,11,17,2001,06,16.05
11.17.2001-09:00:00,11,17,2001,09,16.124
11.17.2001-12:00:00,11,17,2001,12,16.197
11.17.2001-15:00:00,11,17,2001,15,16.275
11.17.2001-18:00:00,11,17,2001,18,16.354
11.17.2001-21:00:00,11,17,2001,21,16.435
11.18.2001-00:00:00,11,18,2001,00,16.516
11.18.2001-03:00:00,11,18,2001,03,16.596
11.18.2001-06:00:00,11,18,2001,06,16.676
11.18.2001-09:00:00,11,18,2001,09,16.756
11.18.2001-12:00:00,11,18,2001,12,16.835
11.18.2001-15:00:00,11,18,2001,15,16.914
11.18.2001-18:00:00,11,18,2001,18,16.992
11.18.2001-21:00:00,11,18,2001,21,17.07
11.19.2001-00:00:00,11,19,2001,00,17.147
11.19.2001-03:00:00,11,19,2001,03,17.224
11.19.2001-06:00:00,11,19,2001,06,17.3
11.19.2001-09:00:00,11,19,2001,09,17.375
11.19.2001-12:00:00,11,19,2001,12,17.45
11.19.2001-15:00:00,11,19,2001,15,17.524
11.19.2001-18:00:00,11,19,2001,18,17.598
11.19.2001-21:00:00,11,19,2001,21,17.671
11.20.2001-00:00:00,11,20,2001,00,17.744
11.20.2001-03:00:00,11,20,2001,03,17.816
11.20.2001-06:00:00,11,20,2001,06,17.887
11.20.2001-09:00:00,11,20,2001,09,17.958
11.20.2001-12:00:00,11,20,2001,12,18.028
11.20.2001-15:00:00,11,20,2001,15,18.098
11.20.2001-18:00:00,11,20,2001,18,18.168
11.20.2001-21:00:00,11,20,2001,21,18.237
11.21.2001-00:00:00,11,21,2001,00,18.305
11.21.2001-03:00:00,11,21,2001,03,18.373
11.21.2001-06:00:00,11,21,2001,06,18.44
11.21.2001-09:00:00,11,21,2001,09,18.505
11.21.2001-12:00:00,11,21,2001,12,18.57
11.21.2001-15:00:00,11,21,2001,15,18.634
11.21.2001-18:00:00,11,21,2001,18,18.697
11.21.2001-21:00:00,11,21,2001,21,18.759
11.22.2001-00:00:00,11,22,2001,00,18.82
11.22.2001-03:00:00,11,22,2001,03,18.881
11.22.2001-06:00:00,11,22,2001,06,18.94
11.22.2001-09:00:00,11,22,2001,09,18.999
11.22.2001-12:00:00,11,22,2001,12,19.056
11.22.2001-15:00:00,11,22,2001,15,19.114
11.22.2001-18:00:00,11,22,2001,18,19.174
11.22.2001-21:00:00,11,22,2001,21,19.232
11.23.2001-00:00:00,11,23,2001,00,19.286
11.23.2001-03:00:00,11,23,2001,03,19.339
11.23.2001-06:00:00,11,23,2001,06,19.392
11.23.2001-09:00:00,11,23,2001,09,19.443
11.23.2001-12:00:00,11,23,2001,12,19.493
11.23.2001-15:00:00,11,23,2001,15,19.543
11.23.2001-18:00:00,11,23,2001,18,19.592
11.23.2001-21:00:00,11,23,2001,21,19.64
11.24.2001-00:00:00,11,24,2001,00,19.687
11.24.2001-03:00:00,11,24,2001,03,19.733
11.24.2001-06:00:00,11,24,2001,06,19.778
11.24.2001-09:00:00,11,24,2001,09,19.822
11.24.2001-12:00:00,11,24,2001,12,19.865
11.24.2001-15:00:00,11,24,2001,15,19.908
11.24.2001-18:00:00,11,24,2001,18,19.949
11.24.2001-21:00:00,11,24,2001,21,19.989
11.25.2001-00:00:00,11,25,2001,00,20.029
11.25.2001-03:00:00,11,25,2001,03,20.067
11.25.2001-06:00:00,11,25,2001,06,20.105
11.25.2001-09:00:00,11,25,2001,09,20.142
11.25.2001-12:00:00,11,25,2001,12,20.177
11.25.2001-15:00:00,11,25,2001,15,20.212
11.25.2001-18:00:00,11,25,2001,18,20.246
11.25.2001-21:00:00,11,25,2001,21,20.279
11.26.2001-00:00:00,11,26,2001,00,20.31
11.26.2001-03:00:00,11,26,2001,03,20.341
11.26.2001-06:00:00,11,26,2001,06,20.371
11.26.2001-09:00:00,11,26,2001,09,20.399
11.26.2001-12:00:00,11,26,2001,12,20.427
11.26.2001-15:00:00,11,26,2001,15,20.453
11.26.2001-18:00:00,11,26,2001,18,20.479
11.26.2001-21:00:00,11,26,2001,21,20.504
11.27.2001-00:00:00,11,27,2001,00,20.527
11.27.2001-03:00:00,11,27,2001,03,20.55
11.27.2001-06:00:00,11,27,2001,06,20.571
11.27.2001-09:00:00,11,27,2001,09,20.592
11.27.2001-12:00:00,11,27,2001,12,20.611
11.27.2001-15:00:00,11,27,2001,15,20.63
11.27.2001-18:00:00,11,27,2001,18,20.647
11.27.2001-21:00:00,11,27,2001,21,20.664
11.28.2001-00:00:00,11,28,2001,00,20.68
11.28.2001-03:00:00,11,28,2001,03,20.694
11.28.2001-06:00:00,11,28,2001,06,20.708
11.28.2001-09:00:00,11,28,2001,09,20.721
11.28.2001-12:00:00,11,28,2001,12,20.733
11.28.2001-15:00:00,11,28,2001,15,20.744
11.28.2001-18:00:00,11,28,2001,18,20.755
11.28.2001-21:00:00,11,28,2001,21,20.764
11.29.2001-00:00:00,11,29,2001,00,20.772
11.29.2001-03:00:00,11,29,2001,03,20.78
11.29.2001-06:00:00,11,29,2001,06,20.787
11.29.2001-09:00:00,11,29,2001,09,20.793
11.29.2001-12:00:00,11,29,2001,12,20.798
11.29.2001-15:00:00,11,29,2001,15,20.803
11.29.2001-18:00:00,11,29,2001,18,20.807
11.29.2001-21:00:00,11,29,2001,21,20.809
11.30.2001-00:00:00,11,30,2001,00,20.811
11.30.2001-03:00:00,11,30,2001,03,20.813
11.30.2001-06:00:00,11,30,2001,06,20.813
11.30.2001-09:00:00,11,30,2001,09,20.813
11.30.2001-12:00:00,11,30,2001,12,20.812
11.30.2001-15:00:00,11,30,2001,15,20.81
11.30.2001-18:00:00,11,30,2001,18,20.808
11.30.2001-21:00:00,11,30,2001,21,20.805
12.01.2001-00:00:00,12,01,2001,00,20.801
12.01.2001-03:00:00,12,01,2001,03,20.797
12.01.2001-06:00:00,12,01,2001,06,20.792
12.01.2001-09:00:00,12,01,2001,09,20.787
12.01.2001-12:00:00,12,01,2001,12,20.781
12.01.2001-15:00:00,12,01,2001,15,20.774
12.01.2001-18:00:00,12,01,2001,18,20.767
12.01.2001-21:00:00,12,01,2001,21,20.759
12.02.2001-00:00:00,12,02,2001,00,20.75
12.02.2001-03:00:00,12,02,2001,03,20.741
12.02.2001-06:00:00,12,02,2001,06,20.731
12.02.2001-09:00:00,12,02,2001,09,20.721
12.02.2001-12:00:00,12,02,2001,12,20.71
12.02.2001-15:00:00,12,02,2001,15,20.699
12.02.2001-18:00:00,12,02,2001,18,20.687
12.02.2001-21:00:00,12,02,2001,21,20.675
12.03.2001-00:00:00,12,03,2001,00,20.662
12.03.2001-03:00:00,12,03,2001,03,20.648
12.03.2001-06:00:00,12,03,2001,06,20.634
12.03.2001-09:00:00,12,03,2001,09,20.62
12.03.2001-12:00:00,12,03,2001,12,20.605
12.03.2001-15:00:00,12,03,2001,15,20.59
12.03.2001-18:00:00,12,03,2001,18,20.574
12.03.2001-21:00:00,12,03,2001,21,20.558
12.04.2001-00:00:00,12,04,2001,00,20.541
12.04.2001-03:00:00,12,04,2001,03,20.525
12.04.2001-06:00:00,12,04,2001,06,20.507
12.04.2001-09:00:00,12,04,2001,09,20.489
12.04.2001-12:00:00,12,04,2001,12,20.471
12.04.2001-15:00:00,12,04,2001,15,20.452
12.04.2001-18:00:00,12,04,2001,18,20.433
12.04.2001-21:00:00,12,04,2001,21,20.413
12.05.2001-00:00:00,12,05,2001,00,20.394
12.05.2001-03:00:00,12,05,2001,03,20.373
12.05.2001-06:00:00,12,05,2001,06,20.353
12.05.2001-09:00:00,12,05,2001,09,20.332
12.05.2001-12:00:00,12,05,2001,12,20.311
12.05.2001-15:00:00,12,05,2001,15,20.289
12.05.2001-18:00:00,12,05,2001,18,20.267
12.05.2001-21:00:00,12,05,2001,21,20.246
12.06.2001-00:00:00,12,06,2001,00,20.223
12.06.2001-03:00:00,12,06,2001,03,20.201
12.06.2001-06:00:00,12,06,2001,06,20.178
12.06.2001-09:00:00,12,06,2001,09,20.154
12.06.2001-12:00:00,12,06,2001,12,20.131
12.06.2001-15:00:00,12,06,2001,15,20.107
12.06.2001-18:00:00,12,06,2001,18,20.083
12.06.2001-21:00:00,12,06,2001,21,20.058
12.07.2001-00:00:00,12,07,2001,00,20.034
12.07.2001-03:00:00,12,07,2001,03,20.009
12.07.2001-06:00:00,12,07,2001,06,19.984
12.07.2001-09:00:00,12,07,2001,09,19.959
12.07.2001-12:00:00,12,07,2001,12,19.933
12.07.2001-15:00:00,12,07,2001,15,19.908
12.07.2001-18:00:00,12,07,2001,18,19.882
12.07.2001-21:00:00,12,07,2001,21,19.856
12.08.2001-00:00:00,12,08,2001,00,19.83
12.08.2001-03:00:00,12,08,2001,03,19.804
12.08.2001-06:00:00,12,08,2001,06,19.777
12.08.2001-09:00:00,12,08,2001,09,19.75
12.08.2001-12:00:00,12,08,2001,12,19.723
12.08.2001-15:00:00,12,08,2001,15,19.696
12.08.2001-18:00:00,12,08,2001,18,19.668
12.08.2001-21:00:00,12,08,2001,21,19.641
12.09.2001-00:00:00,12,09,2001,00,19.613
12.09.2001-03:00:00,12,09,2001,03,19.585
12.09.2001-06:00:00,12,09,2001,06,19.557
12.09.2001-09:00:00,12,09,2001,09,19.53
12.09.2001-12:00:00,12,09,2001,12,19.501
12.09.2001-15:00:00,12,09,2001,15,19.473
12.09.2001-18:00:00,12,09,2001,18,19.445
12.09.2001-21:00:00,12,09,2001,21,19.416
12.10.2001-00:00:00,12,10,2001,00,19.388
12.10.2001-03:00:00,12,10,2001,03,19.359
12.10.2001-06:00:00,12,10,2001,06,19.33
12.10.2001-09:00:00,12,10,2001,09,19.301
12.10.2001-12:00:00,12,10,2001,12,19.272
12.10.2001-15:00:00,12,10,2001,15,19.243
12.10.2001-18:00:00,12,10,2001,18,19.214
12.10.2001-21:00:00,12,10,2001,21,19.184
12.11.2001-00:00:00,12,11,2001,00,19.155
12.11.2001-03:00:00,12,11,2001,03,19.125
12.11.2001-06:00:00,12,11,2001,06,19.096
12.11.2001-09:00:00,12,11,2001,09,19.066
12.11.2001-12:00:00,12,11,2001,12,19.037
12.11.2001-15:00:00,12,11,2001,15,19.007
12.11.2001-18:00:00,12,11,2001,18,18.977
12.11.2001-21:00:00,12,11,2001,21,18.947
12.12.2001-00:00:00,12,12,2001,00,18.917
12.12.2001-03:00:00,12,12,2001,03,18.887
12.12.2001-06:00:00,12,12,2001,06,18.857
12.12.2001-09:00:00,12,12,2001,09,18.827
12.12.2001-12:00:00,12,12,2001,12,18.797
12.12.2001-15:00:00,12,12,2001,15,18.768
12.12.2001-18:00:00,12,12,2001,18,18.738
12.12.2001-21:00:00,12,12,2001,21,18.708
12.13.2001-00:00:00,12,13,2001,00,18.679
12.13.2001-03:00:00,12,13,2001,03,18.649
12.13.2001-06:00:00,12,13,2001,06,18.619
12.13.2001-09:00:00,12,13,2001,09,18.59
12.13.2001-12:00:00,12,13,2001,12,18.56
12.13.2001-15:00:00,12,13,2001,15,18.53
12.13.2001-18:00:00,12,13,2001,18,18.5
12.13.2001-21:00:00,12,13,2001,21,18.47
12.14.2001-00:00:00,12,14,2001,00,18.44
12.14.2001-03:00:00,12,14,2001,03,18.411
12.14.2001-06:00:00,12,14,2001,06,18.381
12.14.2001-09:00:00,12,14,2001,09,18.351
12.14.2001-12:00:00,12,14,2001,12,18.32
12.14.2001-15:00:00,12,14,2001,15,18.29
12.14.2001-18:00:00,12,14,2001,18,18.26
12.14.2001-21:00:00,12,14,2001,21,18.23
12.15.2001-00:00:00,12,15,2001,00,18.2
12.15.2001-03:00:00,12,15,2001,03,18.17
12.15.2001-06:00:00,12,15,2001,06,18.14
12.15.2001-09:00:00,12,15,2001,09,18.11
12.15.2001-12:00:00,12,15,2001,12,18.08
12.15.2001-15:00:00,12,15,2001,15,18.05
12.15.2001-18:00:00,12,15,2001,18,18.02
12.15.2001-21:00:00,12,15,2001,21,17.99
12.16.2001-00:00:00,12,16,2001,00,17.96
12.16.2001-03:00:00,12,16,2001,03,17.929
12.16.2001-06:00:00,12,16,2001,06,17.899
12.16.2001-09:00:00,12,16,2001,09,17.869
12.16.2001-12:00:00,12,16,2001,12,17.839
12.16.2001-15:00:00,12,16,2001,15,17.809
12.16.2001-18:00:00,12,16,2001,18,17.779
12.16.2001-21:00:00,12,16,2001,21,17.749
12.17.2001-00:00:00,12,17,2001,00,17.72
12.17.2001-03:00:00,12,17,2001,03,17.69
12.17.2001-06:00:00,12,17,2001,06,17.66
12.17.2001-09:00:00,12,17,2001,09,17.631
12.17.2001-12:00:00,12,17,2001,12,17.601
12.17.2001-15:00:00,12,17,2001,15,17.572
12.17.2001-18:00:00,12,17,2001,18,17.542
12.17.2001-21:00:00,12,17,2001,21,17.513
12.18.2001-00:00:00,12,18,2001,00,17.484
12.18.2001-03:00:00,12,18,2001,03,17.455
12.18.2001-06:00:00,12,18,2001,06,17.426
12.18.2001-09:00:00,12,18,2001,09,17.397
12.18.2001-12:00:00,12,18,2001,12,17.368
12.18.2001-15:00:00,12,18,2001,15,17.339
12.18.2001-18:00:00,12,18,2001,18,17.31
12.18.2001-21:00:00,12,18,2001,21,17.281
12.19.2001-00:00:00,12,19,2001,00,17.252
12.19.2001-03:00:00,12,19,2001,03,17.223
12.19.2001-06:00:00,12,19,2001,06,17.194
12.19.2001-09:00:00,12,19,2001,09,17.165
12.19.2001-12:00:00,12,19,2001,12,17.137
12.19.2001-15:00:00,12,19,2001,15,17.108
12.19.2001-18:00:00,12,19,2001,18,17.079
12.19.2001-21:00:00,12,19,2001,21,17.051
12.20.2001-00:00:00,12,20,2001,00,17.022
12.20.2001-03:00:00,12,20,2001,03,16.993
12.20.2001-06:00:00,12,20,2001,06,16.965
12.20.2001-09:00:00,12,20,2001,09,16.937
12.20.2001-12:00:00,12,20,2001,12,16.908
12.20.2001-15:00:00,12,20,2001,15,16.88
12.20.2001-18:00:00,12,20,2001,18,16.852
12.20.2001-21:00:00,12,20,2001,21,16.823
12.21.2001-00:00:00,12,21,2001,00,16.795
12.21.2001-03:00:00,12,21,2001,03,16.767
12.21.2001-06:00:00,12,21,2001,06,16.739
12.21.2001-09:00:00,12,21,2001,09,16.711
12.21.2001-12:00:00,12,21,2001,12,16.683
12.21.2001-15:00:00,12,21,2001,15,16.655
12.21.2001-18:00:00,12,21,2001,18,16.628
12.21.2001-21:00:00,12,21,2001,21,16.6
12.22.2001-00:00:00,12,22,2001,00,16.572
12.22.2001-03:00:00,12,22,2001,03,16.544
12.22.2001-06:00:00,12,22,2001,06,16.516
12.22.2001-09:00:00,12,22,2001,09,16.488
12.22.2001-12:00:00,12,22,2001,12,16.46
12.22.2001-15:00:00,12,22,2001,15,16.433
12.22.2001-18:00:00,12,22,2001,18,16.405
12.22.2001-21:00:00,12,22,2001,21,16.378
12.23.2001-00:00:00,12,23,2001,00,16.35
12.23.2001-03:00:00,12,23,2001,03,16.322
12.23.2001-06:00:00,12,23,2001,06,16.295
12.23.2001-09:00:00,12,23,2001,09,16.267
12.23.2001-12:00:00,12,23,2001,12,16.24
12.23.2001-15:00:00,12,23,2001,15,16.213
12.23.2001-18:00:00,12,23,2001,18,16.185
12.23.2001-21:00:00,12,23,2001,21,16.158
12.24.2001-00:00:00,12,24,2001,00,16.131
12.24.2001-03:00:00,12,24,2001,03,16.104
12.24.2001-06:00:00,12,24,2001,06,16.076
12.24.2001-09:00:00,12,24,2001,09,16.049
12.24.2001-12:00:00,12,24,2001,12,16.022
12.24.2001-15:00:00,12,24,2001,15,15.995
12.24.2001-18:00:00,12,24,2001,18,15.968
12.24.2001-21:00:00,12,24,2001,21,15.942
12.25.2001-00:00:00,12,25,2001,00,15.915
12.25.2001-03:00:00,12,25,2001,03,15.888
12.25.2001-06:00:00,12,25,2001,06,15.861
12.25.2001-09:00:00,12,25,2001,09,15.834
12.25.2001-12:00:00,12,25,2001,12,15.807
12.25.2001-15:00:00,12,25,2001,15,15.78
12.25.2001-18:00:00,12,25,2001,18,15.754
12.25.2001-21:00:00,12,25,2001,21,15.727
12.26.2001-00:00:00,12,26,2001,00,15.7
12.26.2001-03:00:00,12,26,2001,03,15.674
12.26.2001-06:00:00,12,26,2001,06,15.647
12.26.2001-09:00:00,12,26,2001,09,15.621
12.26.2001-12:00:00,12,26,2001,12,15.594
12.26.2001-15:00:00,12,26,2001,15,15.568
12.26.2001-18:00:00,12,26,2001,18,15.541
12.26.2001-21:00:00,12,26,2001,21,15.515
12.27.2001-00:00:00,12,27,2001,00,15.489
12.27.2001-03:00:00,12,27,2001,03,15.462
12.27.2001-06:00:00,12,27,2001,06,15.436
12.27.2001-09:00:00,12,27,2001,09,15.41
12.27.2001-12:00:00,12,27,2001,12,15.384
12.27.2001-15:00:00,12,27,2001,15,15.357
12.27.2001-18:00:00,12,27,2001,18,15.331
12.27.2001-21:00:00,12,27,2001,21,15.305
12.28.2001-00:00:00,12,28,2001,00,15.279
12.28.2001-03:00:00,12,28,2001,03,15.253
12.28.2001-06:00:00,12,28,2001,06,15.227
12.28.2001-09:00:00,12,28,2001,09,15.201
12.28.2001-12:00:00,12,28,2001,12,15.175
12.28.2001-15:00:00,12,28,2001,15,15.15
12.28.2001-18:00:00,12,28,2001,18,15.124
12.28.2001-21:00:00,12,28,2001,21,15.098
12.29.2001-00:00:00,12,29,2001,00,15.073
12.29.2001-03:00:00,12,29,2001,03,15.047
12.29.2001-06:00:00,12,29,2001,06,15.021
12.29.2001-09:00:00,12,29,2001,09,14.995
12.29.2001-12:00:00,12,29,2001,12,14.97
12.29.2001-15:00:00,12,29,2001,15,14.944
12.29.2001-18:00:00,12,29,2001,18,14.919
12.29.2001-21:00:00,12,29,2001,21,14.893
12.30.2001-00:00:00,12,30,2001,00,14.867
12.30.2001-03:00:00,12,30,2001,03,14.842
12.30.2001-06:00:00,12,30,2001,06,14.817
12.30.2001-09:00:00,12,30,2001,09,14.791
12.30.2001-12:00:00,12,30,2001,12,14.766
12.30.2001-15:00:00,12,30,2001,15,14.741
12.30.2001-18:00:00,12,30,2001,18,14.715
12.30.2001-21:00:00,12,30,2001,21,14.69
12.31.2001-00:00:00,12,31,2001,00,14.665
12.31.2001-03:00:00,12,31,2001,03,14.64
12.31.2001-06:00:00,12,31,2001,06,14.615
12.31.2001-09:00:00,12,31,2001,09,14.59
12.31.2001-12:00:00,12,31,2001,12,14.565
12.31.2001-15:00:00,12,31,2001,15,14.54
12.31.2001-18:00:00,12,31,2001,18,14.515
12.31.2001-21:00:00,12,31,2001,21,14.49
01.01.2002-00:00:00,01,01,2002,00,14.465
01.01.2002-03:00:00,01,01,2002,03,14.44
01.01.2002-06:00:00,01,01,2002,06,14.416
01.01.2002-09:00:00,01,01,2002,09,14.391
01.01.2002-12:00:00,01,01,2002,12,14.366
01.01.2002-15:00:00,01,01,2002,15,14.342
01.01.2002-18:00:00,01,01,2002,18,14.317
01.01.2002-21:00:00,01,01,2002,21,14.292
01.02.2002-00:00:00,01,02,2002,00,14.268
01.02.2002-03:00:00,01,02,2002,03,14.244
01.02.2002-06:00:00,01,02,2002,06,14.219
01.02.2002-09:00:00,01,02,2002,09,14.195
01.02.2002-12:00:00,01,02,2002,12,14.17
01.02.2002-15:00:00,01,02,2002,15,14.146
01.02.2002-18:00:00,01,02,2002,18,14.122
01.02.2002-21:00:00,01,02,2002,21,14.098
01.03.2002-00:00:00,01,03,2002,00,14.073
01.03.2002-03:00:00,01,03,2002,03,14.049
01.03.2002-06:00:00,01,03,2002,06,14.025
01.03.2002-09:00:00,01,03,2002,09,14.001
01.03.2002-12:00:00,01,03,2002,12,13.977
01.03.2002-15:00:00,01,03,2002,15,13.953
01.03.2002-18:00:00,01,03,2002,18,13.929
01.03.2002-21:00:00,01,03,2002,21,13.905
01.04.2002-00:00:00,01,04,2002,00,13.881
01.04.2002-03:00:00,01,04,2002,03,13.857
01.04.2002-06:00:00,01,04,2002,06,13.833
01.04.2002-09:00:00,01,04,2002,09,13.81
01.04.2002-12:00:00,01,04,2002,12,13.786
01.04.2002-15:00:00,01,04,2002,15,13.762
01.04.2002-18:00:00,01,04,2002,18,13.738
01.04.2002-21:00:00,01,04,2002,21,13.714
01.05.2002-00:00:00,01,05,2002,00,13.691
01.05.2002-03:00:00,01,05,2002,03,13.667
01.05.2002-06:00:00,01,05,2002,06,13.643
01.05.2002-09:00:00,01,05,2002,09,13.62
01.05.2002-12:00:00,01,05,2002,12,13.596
01.05.2002-15:00:00,01,05,2002,15,13.573
01.05.2002-18:00:00,01,05,2002,18,13.55
01.05.2002-21:00:00,01,05,2002,21,13.526
01.06.2002-00:00:00,01,06,2002,00,13.503
01.06.2002-03:00:00,01,06,2002,03,13.479
01.06.2002-06:00:00,01,06,2002,06,13.456
01.06.2002-09:00:00,01,06,2002,09,13.433
01.06.2002-12:00:00,01,06,2002,12,13.41
01.06.2002-15:00:00,01,06,2002,15,13.387
01.06.2002-18:00:00,01,06,2002,18,13.363
01.06.2002-21:00:00,01,06,2002,21,13.34
01.07.2002-00:00:00,01,07,2002,00,13.317
01.07.2002-03:00:00,01,07,2002,03,13.294
01.07.2002-06:00:00,01,07,2002,06,13.271
01.07.2002-09:00:00,01,07,2002,09,13.248
01.07.2002-12:00:00,01,07,2002,12,13.225
01.07.2002-15:00:00,01,07,2002,15,13.203
01.07.2002-18:00:00,01,07,2002,18,13.18
01.07.2002-21:00:00,01,07,2002,21,13.157
01.08.2002-00:00:00,01,08,2002,00,13.134
01.08.2002-03:00:00,01,08,2002,03,13.111
01.08.2002-06:00:00,01,08,2002,06,13.089
01.08.2002-09:00:00,01,08,2002,09,13.066
01.08.2002-12:00:00,01,08,2002,12,13.044
01.08.2002-15:00:00,01,08,2002,15,13.021
01.08.2002-18:00:00,01,08,2002,18,12.999
01.08.2002-21:00:00,01,08,2002,21,12.976
01.09.2002-00:00:00,01,09,2002,00,12.954
01.09.2002-03:00:00,01,09,2002,03,12.931
01.09.2002-06:00:00,01,09,2002,06,12.909
01.09.2002-09:00:00,01,09,2002,09,12.886
01.09.2002-12:00:00,01,09,2002,12,12.864
01.09.2002-15:00:00,01,09,2002,15,12.842
01.09.2002-18:00:00,01,09,2002,18,12.82
01.09.2002-21:00:00,01,09,2002,21,12.797
01.10.2002-00:00:00,01,10,2002,00,12.775
01.10.2002-03:00:00,01,10,2002,03,12.753
01.10.2002-06:00:00,01,10,2002,06,12.731
01.10.2002-09:00:00,01,10,2002,09,12.709
01.10.2002-12:00:00,01,10,2002,12,12.687
01.10.2002-15:00:00,01,10,2002,15,12.665
01.10.2002-18:00:00,01,10,2002,18,12.643
01.10.2002-21:00:00,01,10,2002,21,12.621
01.11.2002-00:00:00,01,11,2002,00,12.599
01.11.2002-03:00:00,01,11,2002,03,12.578
01.11.2002-06:00:00,01,11,2002,06,12.556
01.11.2002-09:00:00,01,11,2002,09,12.534
01.11.2002-12:00:00,01,11,2002,12,12.512
01.11.2002-15:00:00,01,11,2002,15,12.491
01.11.2002-18:00:00,01,11,2002,18,12.469
01.11.2002-21:00:00,01,11,2002,21,12.448
01.12.2002-00:00:00,01,12,2002,00,12.426
01.12.2002-03:00:00,01,12,2002,03,12.404
01.12.2002-06:00:00,01,12,2002,06,12.383
01.12.2002-09:00:00,01,12,2002,09,12.362
01.12.2002-12:00:00,01,12,2002,12,12.34
01.12.2002-15:00:00,01,12,2002,15,12.319
01.12.2002-18:00:00,01,12,2002,18,12.298
01.12.2002-21:00:00,01,12,2002,21,12.277
01.13.2002-00:00:00,01,13,2002,00,12.255
01.13.2002-03:00:00,01,13,2002,03,12.235
01.13.2002-06:00:00,01,13,2002,06,12.214
01.13.2002-09:00:00,01,13,2002,09,12.193
01.13.2002-12:00:00,01,13,2002,12,12.172
01.13.2002-15:00:00,01,13,2002,15,12.151
01.13.2002-18:00:00,01,13,2002,18,12.13
01.13.2002-21:00:00,01,13,2002,21,12.109
01.14.2002-00:00:00,01,14,2002,00,12.089
01.14.2002-03:00:00,01,14,2002,03,12.068
01.14.2002-06:00:00,01,14,2002,06,12.047
01.14.2002-09:00:00,01,14,2002,09,12.027
01.14.2002-12:00:00,01,14,2002,12,12.006
01.14.2002-15:00:00,01,14,2002,15,11.985
01.14.2002-18:00:00,01,14,2002,18,11.965
01.14.2002-21:00:00,01,14,2002,21,11.944
01.15.2002-00:00:00,01,15,2002,00,11.924
01.15.2002-03:00:00,01,15,2002,03,11.903
01.15.2002-06:00:00,01,15,2002,06,11.883
01.15.2002-09:00:00,01,15,2002,09,11.862
01.15.2002-12:00:00,01,15,2002,12,11.842
01.15.2002-15:00:00,01,15,2002,15,11.822
01.15.2002-18:00:00,01,15,2002,18,11.801
01.15.2002-21:00:00,01,15,2002,21,11.781
01.16.2002-00:00:00,01,16,2002,00,11.761
01.16.2002-03:00:00,01,16,2002,03,11.74
01.16.2002-06:00:00,01,16,2002,06,11.72
01.16.2002-09:00:00,01,16,2002,09,11.7
01.16.2002-12:00:00,01,16,2002,12,11.68
01.16.2002-15:00:00,01,16,2002,15,11.659
01.16.2002-18:00:00,01,16,2002,18,11.639
01.16.2002-21:00:00,01,16,2002,21,11.619
01.17.2002-00:00:00,01,17,2002,00,11.599
01.17.2002-03:00:00,01,17,2002,03,11.579
01.17.2002-06:00:00,01,17,2002,06,11.559
01.17.2002-09:00:00,01,17,2002,09,11.54
01.17.2002-12:00:00,01,17,2002,12,11.52
01.17.2002-15:00:00,01,17,2002,15,11.5
01.17.2002-18:00:00,01,17,2002,18,11.481
01.17.2002-21:00:00,01,17,2002,21,11.461
01.18.2002-00:00:00,01,18,2002,00,11.442
01.18.2002-03:00:00,01,18,2002,03,11.422
01.18.2002-06:00:00,01,18,2002,06,11.403
01.18.2002-09:00:00,01,18,2002,09,11.383
01.18.2002-12:00:00,01,18,2002,12,11.364
01.18.2002-15:00:00,01,18,2002,15,11.344
01.18.2002-18:00:00,01,18,2002,18,11.325
01.18.2002-21:00:00,01,18,2002,21,11.306
01.19.2002-00:00:00,01,19,2002,00,11.287
01.19.2002-03:00:00,01,19,2002,03,11.267
01.19.2002-06:00:00,01,19,2002,06,11.248
01.19.2002-09:00:00,01,19,2002,09,11.229
01.19.2002-12:00:00,01,19,2002,12,11.21
01.19.2002-15:00:00,01,19,2002,15,11.191
01.19.2002-18:00:00,01,19,2002,18,11.171
01.19.2002-21:00:00,01,19,2002,21,11.152
01.20.2002-00:00:00,01,20,2002,00,11.133
01.20.2002-03:00:00,01,20,2002,03,11.114
01.20.2002-06:00:00,01,20,2002,06,11.095
01.20.2002-09:00:00,01,20,2002,09,11.076
01.20.2002-12:00:00,01,20,2002,12,11.058
01.20.2002-15:00:00,01,20,2002,15,11.039
01.20.2002-18:00:00,01,20,2002,18,11.02
01.20.2002-21:00:00,01,20,2002,21,11.001
01.21.2002-00:00:00,01,21,2002,00,10.982
01.21.2002-03:00:00,01,21,2002,03,10.964
01.21.2002-06:00:00,01,21,2002,06,10.945
01.21.2002-09:00:00,01,21,2002,09,10.926
01.21.2002-12:00:00,01,21,2002,12,10.908
01.21.2002-15:00:00,01,21,2002,15,10.889
01.21.2002-18:00:00,01,21,2002,18,10.87
01.21.2002-21:00:00,01,21,2002,21,10.852
01.22.2002-00:00:00,01,22,2002,00,10.833
01.22.2002-03:00:00,01,22,2002,03,10.815
01.22.2002-06:00:00,01,22,2002,06,10.796
01.22.2002-09:00:00,01,22,2002,09,10.778
01.22.2002-12:00:00,01,22,2002,12,10.76
01.22.2002-15:00:00,01,22,2002,15,10.741
01.22.2002-18:00:00,01,22,2002,18,10.723
01.22.2002-21:00:00,01,22,2002,21,10.705
01.23.2002-00:00:00,01,23,2002,00,10.686
01.23.2002-03:00:00,01,23,2002,03,10.668
01.23.2002-06:00:00,01,23,2002,06,10.65
01.23.2002-09:00:00,01,23,2002,09,10.632
01.23.2002-12:00:00,01,23,2002,12,10.614
01.23.2002-15:00:00,01,23,2002,15,10.596
01.23.2002-18:00:00,01,23,2002,18,10.578
01.23.2002-21:00:00,01,23,2002,21,10.56
01.24.2002-00:00:00,01,24,2002,00,10.542
01.24.2002-03:00:00,01,24,2002,03,10.524
01.24.2002-06:00:00,01,24,2002,06,10.507
01.24.2002-09:00:00,01,24,2002,09,10.489
01.24.2002-12:00:00,01,24,2002,12,10.471
01.24.2002-15:00:00,01,24,2002,15,10.454
01.24.2002-18:00:00,01,24,2002,18,10.436
01.24.2002-21:00:00,01,24,2002,21,10.419
01.25.2002-00:00:00,01,25,2002,00,10.402
01.25.2002-03:00:00,01,25,2002,03,10.385
01.25.2002-06:00:00,01,25,2002,06,10.368
01.25.2002-09:00:00,01,25,2002,09,10.35
01.25.2002-12:00:00,01,25,2002,12,10.333
01.25.2002-15:00:00,01,25,2002,15,10.316
01.25.2002-18:00:00,01,25,2002,18,10.299
01.25.2002-21:00:00,01,25,2002,21,10.282
01.26.2002-00:00:00,01,26,2002,00,10.265
01.26.2002-03:00:00,01,26,2002,03,10.248
01.26.2002-06:00:00,01,26,2002,06,10.231
01.26.2002-09:00:00,01,26,2002,09,10.214
01.26.2002-12:00:00,01,26,2002,12,10.198
01.26.2002-15:00:00,01,26,2002,15,10.181
01.26.2002-18:00:00,01,26,2002,18,10.164
01.26.2002-21:00:00,01,26,2002,21,10.147
01.27.2002-00:00:00,01,27,2002,00,10.13
01.27.2002-03:00:00,01,27,2002,03,10.114
01.27.2002-06:00:00,01,27,2002,06,10.097
01.27.2002-09:00:00,01,27,2002,09,10.08
01.27.2002-12:00:00,01,27,2002,12,10.064
01.27.2002-15:00:00,01,27,2002,15,10.047
01.27.2002-18:00:00,01,27,2002,18,10.03
01.27.2002-21:00:00,01,27,2002,21,10.014
01.28.2002-00:00:00,01,28,2002,00,9.9973
01.28.2002-03:00:00,01,28,2002,03,9.9808
01.28.2002-06:00:00,01,28,2002,06,9.9643
01.28.2002-09:00:00,01,28,2002,09,9.9479
01.28.2002-12:00:00,01,28,2002,12,9.9315
01.28.2002-15:00:00,01,28,2002,15,9.9151
01.28.2002-18:00:00,01,28,2002,18,9.8988
01.28.2002-21:00:00,01,28,2002,21,9.8824
01.29.2002-00:00:00,01,29,2002,00,9.8661
01.29.2002-03:00:00,01,29,2002,03,9.8499
01.29.2002-06:00:00,01,29,2002,06,9.8336
01.29.2002-09:00:00,01,29,2002,09,9.8174
01.29.2002-12:00:00,01,29,2002,12,9.8012
01.29.2002-15:00:00,01,29,2002,15,9.7851
01.29.2002-18:00:00,01,29,2002,18,9.769
01.29.2002-21:00:00,01,29,2002,21,9.7529
01.30.2002-00:00:00,01,30,2002,00,9.7368
01.30.2002-03:00:00,01,30,2002,03,9.7208
01.30.2002-06:00:00,01,30,2002,06,9.7048
01.30.2002-09:00:00,01,30,2002,09,9.6888
01.30.2002-12:00:00,01,30,2002,12,9.6728
01.30.2002-15:00:00,01,30,2002,15,9.6569
01.30.2002-18:00:00,01,30,2002,18,9.641
01.30.2002-21:00:00,01,30,2002,21,9.6252
01.31.2002-00:00:00,01,31,2002,00,9.6093
01.31.2002-03:00:00,01,31,2002,03,9.5935
01.31.2002-06:00:00,01,31,2002,06,9.5778
01.31.2002-09:00:00,01,31,2002,09,9.562
01.31.2002-12:00:00,01,31,2002,12,9.5463
01.31.2002-15:00:00,01,31,2002,15,9.5306
01.31.2002-18:00:00,01,31,2002,18,9.5149
01.31.2002-21:00:00,01,31,2002,21,9.4993
02.01.2002-00:00:00,02,01,2002,00,9.4837
02.01.2002-03:00:00,02,01,2002,03,9.4681
02.01.2002-06:00:00,02,01,2002,06,9.4526
02.01.2002-09:00:00,02,01,2002,09,9.4371
02.01.2002-12:00:00,02,01,2002,12,9.4216
02.01.2002-15:00:00,02,01,2002,15,9.4061
02.01.2002-18:00:00,02,01,2002,18,9.3907
02.01.2002-21:00:00,02,01,2002,21,9.3753
02.02.2002-00:00:00,02,02,2002,00,9.3599
02.02.2002-03:00:00,02,02,2002,03,9.3445
02.02.2002-06:00:00,02,02,2002,06,9.3292
02.02.2002-09:00:00,02,02,2002,09,9.3139
02.02.2002-12:00:00,02,02,2002,12,9.2987
02.02.2002-15:00:00,02,02,2002,15,9.2834
02.02.2002-18:00:00,02,02,2002,18,9.2682
02.02.2002-21:00:00,02,02,2002,21,9.2531
02.03.2002-00:00:00,02,03,2002,00,9.2379
02.03.2002-03:00:00,02,03,2002,03,9.2228
02.03.2002-06:00:00,02,03,2002,06,9.2077
02.03.2002-09:00:00,02,03,2002,09,9.1926
02.03.2002-12:00:00,02,03,2002,12,9.1776
02.03.2002-15:00:00,02,03,2002,15,9.1626
02.03.2002-18:00:00,02,03,2002,18,9.1476
02.03.2002-21:00:00,02,03,2002,21,9.1327
02.04.2002-00:00:00,02,04,2002,00,9.1177
02.04.2002-03:00:00,02,04,2002,03,9.1029
02.04.2002-06:00:00,02,04,2002,06,9.088
02.04.2002-09:00:00,02,04,2002,09,9.0732
02.04.2002-12:00:00,02,04,2002,12,9.0583
02.04.2002-15:00:00,02,04,2002,15,9.0436
02.04.2002-18:00:00,02,04,2002,18,9.0288
02.04.2002-21:00:00,02,04,2002,21,9.0141
02.05.2002-00:00:00,02,05,2002,00,8.9994
02.05.2002-03:00:00,02,05,2002,03,8.9847
02.05.2002-06:00:00,02,05,2002,06,8.9701
02.05.2002-09:00:00,02,05,2002,09,8.9555
02.05.2002-12:00:00,02,05,2002,12,8.9409
02.05.2002-15:00:00,02,05,2002,15,8.9263
02.05.2002-18:00:00,02,05,2002,18,8.9118
02.05.2002-21:00:00,02,05,2002,21,8.8973
02.06.2002-00:00:00,02,06,2002,00,8.8829
02.06.2002-03:00:00,02,06,2002,03,8.8684
02.06.2002-06:00:00,02,06,2002,06,8.854
02.06.2002-09:00:00,02,06,2002,09,8.8396
02.06.2002-12:00:00,02,06,2002,12,8.8253
02.06.2002-15:00:00,02,06,2002,15,8.8109
02.06.2002-18:00:00,02,06,2002,18,8.7966
02.06.2002-21:00:00,02,06,2002,21,8.7824
02.07.2002-00:00:00,02,07,2002,00,8.7681
02.07.2002-03:00:00,02,07,2002,03,8.7539
02.07.2002-06:00:00,02,07,2002,06,8.7397
02.07.2002-09:00:00,02,07,2002,09,8.7255
02.07.2002-12:00:00,02,07,2002,12,8.7114
02.07.2002-15:00:00,02,07,2002,15,8.6973
02.07.2002-18:00:00,02,07,2002,18,8.6832
02.07.2002-21:00:00,02,07,2002,21,8.6692
02.08.2002-00:00:00,02,08,2002,00,8.6552
02.08.2002-03:00:00,02,08,2002,03,8.6412
02.08.2002-06:00:00,02,08,2002,06,8.6272
02.08.2002-09:00:00,02,08,2002,09,8.6133
02.08.2002-12:00:00,02,08,2002,12,8.5994
02.08.2002-15:00:00,02,08,2002,15,8.5855
02.08.2002-18:00:00,02,08,2002,18,8.5716
02.08.2002-21:00:00,02,08,2002,21,8.5578
02.09.2002-00:00:00,02,09,2002,00,8.544
02.09.2002-03:00:00,02,09,2002,03,8.5302
02.09.2002-06:00:00,02,09,2002,06,8.5165
02.09.2002-09:00:00,02,09,2002,09,8.5028
02.09.2002-12:00:00,02,09,2002,12,8.4891
02.09.2002-15:00:00,02,09,2002,15,8.4754
02.09.2002-18:00:00,02,09,2002,18,8.4618
02.09.2002-21:00:00,02,09,2002,21,8.4482
02.10.2002-00:00:00,02,10,2002,00,8.4346
02.10.2002-03:00:00,02,10,2002,03,8.421
02.10.2002-06:00:00,02,10,2002,06,8.4075
02.10.2002-09:00:00,02,10,2002,09,8.394
02.10.2002-12:00:00,02,10,2002,12,8.3805
02.10.2002-15:00:00,02,10,2002,15,8.367
02.10.2002-18:00:00,02,10,2002,18,8.3536
02.10.2002-21:00:00,02,10,2002,21,8.3402
02.11.2002-00:00:00,02,11,2002,00,8.3268
02.11.2002-03:00:00,02,11,2002,03,8.3135
02.11.2002-06:00:00,02,11,2002,06,8.3002
02.11.2002-09:00:00,02,11,2002,09,8.2869
02.11.2002-12:00:00,02,11,2002,12,8.2736
02.11.2002-15:00:00,02,11,2002,15,8.2604
02.11.2002-18:00:00,02,11,2002,18,8.2471
02.11.2002-21:00:00,02,11,2002,21,8.234
02.12.2002-00:00:00,02,12,2002,00,8.2208
02.12.2002-03:00:00,02,12,2002,03,8.2077
02.12.2002-06:00:00,02,12,2002,06,8.1946
02.12.2002-09:00:00,02,12,2002,09,8.1815
02.12.2002-12:00:00,02,12,2002,12,8.1685
02.12.2002-15:00:00,02,12,2002,15,8.1554
02.12.2002-18:00:00,02,12,2002,18,8.1424
02.12.2002-21:00:00,02,12,2002,21,8.1295
02.13.2002-00:00:00,02,13,2002,00,8.1165
02.13.2002-03:00:00,02,13,2002,03,8.1036
02.13.2002-06:00:00,02,13,2002,06,8.0907
02.13.2002-09:00:00,02,13,2002,09,8.0778
02.13.2002-12:00:00,02,13,2002,12,8.0647
02.13.2002-15:00:00,02,13,2002,15,8.0519
02.13.2002-18:00:00,02,13,2002,18,8.0391
02.13.2002-21:00:00,02,13,2002,21,8.0264
02.14.2002-00:00:00,02,14,2002,00,8.0136
02.14.2002-03:00:00,02,14,2002,03,8.0009
02.14.2002-06:00:00,02,14,2002,06,7.9883
02.14.2002-09:00:00,02,14,2002,09,7.9756
02.14.2002-12:00:00,02,14,2002,12,7.963
02.14.2002-15:00:00,02,14,2002,15,7.9504
02.14.2002-18:00:00,02,14,2002,18,7.9378
02.14.2002-21:00:00,02,14,2002,21,7.9252
02.15.2002-00:00:00,02,15,2002,00,7.9127
02.15.2002-03:00:00,02,15,2002,03,7.9002
02.15.2002-06:00:00,02,15,2002,06,7.8878
02.15.2002-09:00:00,02,15,2002,09,7.8753
02.15.2002-12:00:00,02,15,2002,12,7.8629
02.15.2002-15:00:00,02,15,2002,15,7.8505
02.15.2002-18:00:00,02,15,2002,18,7.8381
02.15.2002-21:00:00,02,15,2002,21,7.8258
02.16.2002-00:00:00,02,16,2002,00,7.8135
02.16.2002-03:00:00,02,16,2002,03,7.8012
02.16.2002-06:00:00,02,16,2002,06,7.7889
02.16.2002-09:00:00,02,16,2002,09,7.7767
02.16.2002-12:00:00,02,16,2002,12,7.7645
02.16.2002-15:00:00,02,16,2002,15,7.7523
02.16.2002-18:00:00,02,16,2002,18,7.7401
02.16.2002-21:00:00,02,16,2002,21,7.7279
02.17.2002-00:00:00,02,17,2002,00,7.7158
02.17.2002-03:00:00,02,17,2002,03,7.7037
02.17.2002-06:00:00,02,17,2002,06,7.6916
02.17.2002-09:00:00,02,17,2002,09,7.6795
02.17.2002-12:00:00,02,17,2002,12,7.6675
02.17.2002-15:00:00,02,17,2002,15,7.6555
02.17.2002-18:00:00,02,17,2002,18,7.6435
02.17.2002-21:00:00,02,17,2002,21,7.6316
02.18.2002-00:00:00,02,18,2002,00,7.6196
02.18.2002-03:00:00,02,18,2002,03,7.6077
02.18.2002-06:00:00,02,18,2002,06,7.5958
02.18.2002-09:00:00,02,18,2002,09,7.584
02.18.2002-12:00:00,02,18,2002,12,7.5717
02.18.2002-15:00:00,02,18,2002,15,7.5599
02.18.2002-18:00:00,02,18,2002,18,7.5482
02.18.2002-21:00:00,02,18,2002,21,7.5364
02.19.2002-00:00:00,02,19,2002,00,7.5247
02.19.2002-03:00:00,02,19,2002,03,7.513
02.19.2002-06:00:00,02,19,2002,06,7.5013
02.19.2002-09:00:00,02,19,2002,09,7.4897
02.19.2002-12:00:00,02,19,2002,12,7.4778
02.19.2002-15:00:00,02,19,2002,15,7.4662
02.19.2002-18:00:00,02,19,2002,18,7.4546
02.19.2002-21:00:00,02,19,2002,21,7.443
02.20.2002-00:00:00,02,20,2002,00,7.4315
02.20.2002-03:00:00,02,20,2002,03,7.42
02.20.2002-06:00:00,02,20,2002,06,7.4085
02.20.2002-09:00:00,02,20,2002,09,7.3971
02.20.2002-12:00:00,02,20,2002,12,7.3852
02.20.2002-15:00:00,02,20,2002,15,7.3737
02.20.2002-18:00:00,02,20,2002,18,7.3624
02.20.2002-21:00:00,02,20,2002,21,7.351
02.21.2002-00:00:00,02,21,2002,00,7.3397
02.21.2002-03:00:00,02,21,2002,03,7.3284
02.21.2002-06:00:00,02,21,2002,06,7.3171
02.21.2002-09:00:00,02,21,2002,09,7.3059
02.21.2002-12:00:00,02,21,2002,12,7.2946
02.21.2002-15:00:00,02,21,2002,15,7.2834
02.21.2002-18:00:00,02,21,2002,18,7.2722
02.21.2002-21:00:00,02,21,2002,21,7.2611
02.22.2002-00:00:00,02,22,2002,00,7.2499
02.22.2002-03:00:00,02,22,2002,03,7.2388
02.22.2002-06:00:00,02,22,2002,06,7.2277
02.22.2002-09:00:00,02,22,2002,09,7.216
02.22.2002-12:00:00,02,22,2002,12,7.2046
02.22.2002-15:00:00,02,22,2002,15,7.1935
02.22.2002-18:00:00,02,22,2002,18,7.1825
02.22.2002-21:00:00,02,22,2002,21,7.1716
02.23.2002-00:00:00,02,23,2002,00,7.1606
02.23.2002-03:00:00,02,23,2002,03,7.1497
02.23.2002-06:00:00,02,23,2002,06,7.1388
02.23.2002-09:00:00,02,23,2002,09,7.128
02.23.2002-12:00:00,02,23,2002,12,7.1171
02.23.2002-15:00:00,02,23,2002,15,7.1063
02.23.2002-18:00:00,02,23,2002,18,7.0955
02.23.2002-21:00:00,02,23,2002,21,7.0847
02.24.2002-00:00:00,02,24,2002,00,7.074
02.24.2002-03:00:00,02,24,2002,03,7.0632
02.24.2002-06:00:00,02,24,2002,06,7.0525
02.24.2002-09:00:00,02,24,2002,09,7.0418
02.24.2002-12:00:00,02,24,2002,12,7.0312
02.24.2002-15:00:00,02,24,2002,15,7.0205
02.24.2002-18:00:00,02,24,2002,18,7.0099
02.24.2002-21:00:00,02,24,2002,21,6.9993
02.25.2002-00:00:00,02,25,2002,00,6.9887
02.25.2002-03:00:00,02,25,2002,03,6.9782
02.25.2002-06:00:00,02,25,2002,06,6.9677
02.25.2002-09:00:00,02,25,2002,09,6.9572
02.25.2002-12:00:00,02,25,2002,12,6.9467
02.25.2002-15:00:00,02,25,2002,15,6.9362
02.25.2002-18:00:00,02,25,2002,18,6.9258
02.25.2002-21:00:00,02,25,2002,21,6.9154
02.26.2002-00:00:00,02,26,2002,00,6.905
02.26.2002-03:00:00,02,26,2002,03,6.8946
02.26.2002-06:00:00,02,26,2002,06,6.8842
02.26.2002-09:00:00,02,26,2002,09,6.8739
02.26.2002-12:00:00,02,26,2002,12,6.8636
02.26.2002-15:00:00,02,26,2002,15,6.8533
02.26.2002-18:00:00,02,26,2002,18,6.8431
02.26.2002-21:00:00,02,26,2002,21,6.8328
02.27.2002-00:00:00,02,27,2002,00,6.8226
02.27.2002-03:00:00,02,27,2002,03,6.8124
02.27.2002-06:00:00,02,27,2002,06,6.8022
02.27.2002-09:00:00,02,27,2002,09,6.7921
02.27.2002-12:00:00,02,27,2002,12,6.782
02.27.2002-15:00:00,02,27,2002,15,6.7718
02.27.2002-18:00:00,02,27,2002,18,6.7618
02.27.2002-21:00:00,02,27,2002,21,6.7517
02.28.2002-00:00:00,02,28,2002,00,6.7417
02.28.2002-03:00:00,02,28,2002,03,6.7316
02.28.2002-06:00:00,02,28,2002,06,6.7216
02.28.2002-09:00:00,02,28,2002,09,6.7116
02.28.2002-12:00:00,02,28,2002,12,6.7017
02.28.2002-15:00:00,02,28,2002,15,6.6918
02.28.2002-18:00:00,02,28,2002,18,6.6818
02.28.2002-21:00:00,02,28,2002,21,6.6719
03.01.2002-00:00:00,03,01,2002,00,6.6621
03.01.2002-03:00:00,03,01,2002,03,6.6522
03.01.2002-06:00:00,03,01,2002,06,6.6424
03.01.2002-09:00:00,03,01,2002,09,6.6326
03.01.2002-12:00:00,03,01,2002,12,6.6223
03.01.2002-15:00:00,03,01,2002,15,6.6125
03.01.2002-18:00:00,03,01,2002,18,6.6027
03.01.2002-21:00:00,03,01,2002,21,6.593
03.02.2002-00:00:00,03,02,2002,00,6.5833
03.02.2002-03:00:00,03,02,2002,03,6.5736
03.02.2002-06:00:00,03,02,2002,06,6.564
03.02.2002-09:00:00,03,02,2002,09,6.5543
03.02.2002-12:00:00,03,02,2002,12,6.5443
03.02.2002-15:00:00,03,02,2002,15,6.5347
03.02.2002-18:00:00,03,02,2002,18,6.5251
03.02.2002-21:00:00,03,02,2002,21,6.5155
03.03.2002-00:00:00,03,03,2002,00,6.506
03.03.2002-03:00:00,03,03,2002,03,6.4965
03.03.2002-06:00:00,03,03,2002,06,6.487
03.03.2002-09:00:00,03,03,2002,09,6.4775
03.03.2002-12:00:00,03,03,2002,12,6.4676
03.03.2002-15:00:00,03,03,2002,15,6.4581
03.03.2002-18:00:00,03,03,2002,18,6.4487
03.03.2002-21:00:00,03,03,2002,21,6.4393
03.04.2002-00:00:00,03,04,2002,00,6.4299
03.04.2002-03:00:00,03,04,2002,03,6.4206
03.04.2002-06:00:00,03,04,2002,06,6.4112
03.04.2002-09:00:00,03,04,2002,09,6.401
03.04.2002-12:00:00,03,04,2002,12,6.3909
03.04.2002-15:00:00,03,04,2002,15,6.3816
03.04.2002-18:00:00,03,04,2002,18,6.3724
03.04.2002-21:00:00,03,04,2002,21,6.3631
03.05.2002-00:00:00,03,05,2002,00,6.3539
03.05.2002-03:00:00,03,05,2002,03,6.3447
03.05.2002-06:00:00,03,05,2002,06,6.3356
03.05.2002-09:00:00,03,05,2002,09,6.3258
03.05.2002-12:00:00,03,05,2002,12,6.3161
03.05.2002-15:00:00,03,05,2002,15,6.307
03.05.2002-18:00:00,03,05,2002,18,6.2979
03.05.2002-21:00:00,03,05,2002,21,6.2888
03.06.2002-00:00:00,03,06,2002,00,6.2797
03.06.2002-03:00:00,03,06,2002,03,6.2707
03.06.2002-06:00:00,03,06,2002,06,6.2617
03.06.2002-09:00:00,03,06,2002,09,6.2527
03.06.2002-12:00:00,03,06,2002,12,6.2437
03.06.2002-15:00:00,03,06,2002,15,6.2348
03.06.2002-18:00:00,03,06,2002,18,6.2258
03.06.2002-21:00:00,03,06,2002,21,6.2169
03.07.2002-00:00:00,03,07,2002,00,6.208
03.07.2002-03:00:00,03,07,2002,03,6.1991
03.07.2002-06:00:00,03,07,2002,06,6.1903
03.07.2002-09:00:00,03,07,2002,09,6.1814
03.07.2002-12:00:00,03,07,2002,12,6.1726
03.07.2002-15:00:00,03,07,2002,15,6.1638
03.07.2002-18:00:00,03,07,2002,18,6.155
03.07.2002-21:00:00,03,07,2002,21,6.1464
03.08.2002-00:00:00,03,08,2002,00,6.1379
03.08.2002-03:00:00,03,08,2002,03,6.1295
03.08.2002-06:00:00,03,08,2002,06,6.1211
03.08.2002-09:00:00,03,08,2002,09,6.1127
03.08.2002-12:00:00,03,08,2002,12,6.1043
03.08.2002-15:00:00,03,08,2002,15,6.0959
03.08.2002-18:00:00,03,08,2002,18,6.0876
03.08.2002-21:00:00,03,08,2002,21,6.0792
03.09.2002-00:00:00,03,09,2002,00,6.0709
03.09.2002-03:00:00,03,09,2002,03,6.0626
03.09.2002-06:00:00,03,09,2002,06,6.0543
03.09.2002-09:00:00,03,09,2002,09,6.046
03.09.2002-12:00:00,03,09,2002,12,6.0378
03.09.2002-15:00:00,03,09,2002,15,6.0295
03.09.2002-18:00:00,03,09,2002,18,6.0213
03.09.2002-21:00:00,03,09,2002,21,6.0131
03.10.2002-00:00:00,03,10,2002,00,6.0049
03.10.2002-03:00:00,03,10,2002,03,5.9967
03.10.2002-06:00:00,03,10,2002,06,5.9885
03.10.2002-09:00:00,03,10,2002,09,5.9804
03.10.2002-12:00:00,03,10,2002,12,5.9723
03.10.2002-15:00:00,03,10,2002,15,5.9641
03.10.2002-18:00:00,03,10,2002,18,5.956
03.10.2002-21:00:00,03,10,2002,21,5.948
03.11.2002-00:00:00,03,11,2002,00,5.9399
03.11.2002-03:00:00,03,11,2002,03,5.9318
03.11.2002-06:00:00,03,11,2002,06,5.9238
03.11.2002-09:00:00,03,11,2002,09,5.9158
03.11.2002-12:00:00,03,11,2002,12,5.9078
03.11.2002-15:00:00,03,11,2002,15,5.8998
03.11.2002-18:00:00,03,11,2002,18,5.8918
03.11.2002-21:00:00,03,11,2002,21,5.8838
03.12.2002-00:00:00,03,12,2002,00,5.8759
03.12.2002-03:00:00,03,12,2002,03,5.868
03.12.2002-06:00:00,03,12,2002,06,5.86
03.12.2002-09:00:00,03,12,2002,09,5.8521
03.12.2002-12:00:00,03,12,2002,12,5.8443
03.12.2002-15:00:00,03,12,2002,15,5.8364
03.12.2002-18:00:00,03,12,2002,18,5.8285
03.12.2002-21:00:00,03,12,2002,21,5.8207
03.13.2002-00:00:00,03,13,2002,00,5.8129
03.13.2002-03:00:00,03,13,2002,03,5.8051
03.13.2002-06:00:00,03,13,2002,06,5.7973
03.13.2002-09:00:00,03,13,2002,09,5.7895
03.13.2002-12:00:00,03,13,2002,12,5.7817
03.13.2002-15:00:00,03,13,2002,15,5.774
03.13.2002-18:00:00,03,13,2002,18,5.7662
03.13.2002-21:00:00,03,13,2002,21,5.7585
03.14.2002-00:00:00,03,14,2002,00,5.7508
03.14.2002-03:00:00,03,14,2002,03,5.7431
03.14.2002-06:00:00,03,14,2002,06,5.7355
03.14.2002-09:00:00,03,14,2002,09,5.7278
03.14.2002-12:00:00,03,14,2002,12,5.7201
03.14.2002-15:00:00,03,14,2002,15,5.7125
03.14.2002-18:00:00,03,14,2002,18,5.7049
03.14.2002-21:00:00,03,14,2002,21,5.6973
03.15.2002-00:00:00,03,15,2002,00,5.6897
03.15.2002-03:00:00,03,15,2002,03,5.6821
03.15.2002-06:00:00,03,15,2002,06,5.6746
03.15.2002-09:00:00,03,15,2002,09,5.667
03.15.2002-12:00:00,03,15,2002,12,5.6595
03.15.2002-15:00:00,03,15,2002,15,5.652
03.15.2002-18:00:00,03,15,2002,18,5.6445
03.15.2002-21:00:00,03,15,2002,21,5.637
03.16.2002-00:00:00,03,16,2002,00,5.6296
03.16.2002-03:00:00,03,16,2002,03,5.6221
03.16.2002-06:00:00,03,16,2002,06,5.6147
03.16.2002-09:00:00,03,16,2002,09,5.6072
03.16.2002-12:00:00,03,16,2002,12,5.5998
03.16.2002-15:00:00,03,16,2002,15,5.5924
03.16.2002-18:00:00,03,16,2002,18,5.585
03.16.2002-21:00:00,03,16,2002,21,5.5777
03.17.2002-00:00:00,03,17,2002,00,5.5703
03.17.2002-03:00:00,03,17,2002,03,5.563
03.17.2002-06:00:00,03,17,2002,06,5.5556
03.17.2002-09:00:00,03,17,2002,09,5.5483
03.17.2002-12:00:00,03,17,2002,12,5.541
03.17.2002-15:00:00,03,17,2002,15,5.5337
03.17.2002-18:00:00,03,17,2002,18,5.5265
03.17.2002-21:00:00,03,17,2002,21,5.5192
03.18.2002-00:00:00,03,18,2002,00,5.512
03.18.2002-03:00:00,03,18,2002,03,5.5047
03.18.2002-06:00:00,03,18,2002,06,5.4975
03.18.2002-09:00:00,03,18,2002,09,5.4903
03.18.2002-12:00:00,03,18,2002,12,5.4831
03.18.2002-15:00:00,03,18,2002,15,5.476
03.18.2002-18:00:00,03,18,2002,18,5.4688
03.18.2002-21:00:00,03,18,2002,21,5.4617
03.19.2002-00:00:00,03,19,2002,00,5.4545
03.19.2002-03:00:00,03,19,2002,03,5.4474
03.19.2002-06:00:00,03,19,2002,06,5.4403
03.19.2002-09:00:00,03,19,2002,09,5.4332
03.19.2002-12:00:00,03,19,2002,12,5.4261
03.19.2002-15:00:00,03,19,2002,15,5.4191
03.19.2002-18:00:00,03,19,2002,18,5.412
03.19.2002-21:00:00,03,19,2002,21,5.405
03.20.2002-00:00:00,03,20,2002,00,5.398
03.20.2002-03:00:00,03,20,2002,03,5.3909
03.20.2002-06:00:00,03,20,2002,06,5.3839
03.20.2002-09:00:00,03,20,2002,09,5.377
03.20.2002-12:00:00,03,20,2002,12,5.37
03.20.2002-15:00:00,03,20,2002,15,5.363
03.20.2002-18:00:00,03,20,2002,18,5.3561
03.20.2002-21:00:00,03,20,2002,21,5.3492
03.21.2002-00:00:00,03,21,2002,00,5.3422
03.21.2002-03:00:00,03,21,2002,03,5.3353
03.21.2002-06:00:00,03,21,2002,06,5.3284
03.21.2002-09:00:00,03,21,2002,09,5.3216
03.21.2002-12:00:00,03,21,2002,12,5.3147
03.21.2002-15:00:00,03,21,2002,15,5.3078
03.21.2002-18:00:00,03,21,2002,18,5.301
03.21.2002-21:00:00,03,21,2002,21,5.2942
03.22.2002-00:00:00,03,22,2002,00,5.2874
03.22.2002-03:00:00,03,22,2002,03,5.2806
03.22.2002-06:00:00,03,22,2002,06,5.2738
03.22.2002-09:00:00,03,22,2002,09,5.267
03.22.2002-12:00:00,03,22,2002,12,5.2602
03.22.2002-15:00:00,03,22,2002,15,5.2535
03.22.2002-18:00:00,03,22,2002,18,5.2468
03.22.2002-21:00:00,03,22,2002,21,5.24
03.23.2002-00:00:00,03,23,2002,00,5.2333
03.23.2002-03:00:00,03,23,2002,03,5.2266
03.23.2002-06:00:00,03,23,2002,06,5.2199
03.23.2002-09:00:00,03,23,2002,09,5.2133
03.23.2002-12:00:00,03,23,2002,12,5.2066
03.23.2002-15:00:00,03,23,2002,15,5.2
03.23.2002-18:00:00,03,23,2002,18,5.1933
03.23.2002-21:00:00,03,23,2002,21,5.1867
03.24.2002-00:00:00,03,24,2002,00,5.1801
03.24.2002-03:00:00,03,24,2002,03,5.1735
03.24.2002-06:00:00,03,24,2002,06,5.1669
03.24.2002-09:00:00,03,24,2002,09,5.1603
03.24.2002-12:00:00,03,24,2002,12,5.1538
03.24.2002-15:00:00,03,24,2002,15,5.1472
03.24.2002-18:00:00,03,24,2002,18,5.1407
03.24.2002-21:00:00,03,24,2002,21,5.1342
03.25.2002-00:00:00,03,25,2002,00,5.1277
03.25.2002-03:00:00,03,25,2002,03,5.1212
03.25.2002-06:00:00,03,25,2002,06,5.1147
03.25.2002-09:00:00,03,25,2002,09,5.1082
03.25.2002-12:00:00,03,25,2002,12,5.1017
03.25.2002-15:00:00,03,25,2002,15,5.0953
03.25.2002-18:00:00,03,25,2002,18,5.0889
03.25.2002-21:00:00,03,25,2002,21,5.0824
03.26.2002-00:00:00,03,26,2002,00,5.076
03.26.2002-03:00:00,03,26,2002,03,5.0696
03.26.2002-06:00:00,03,26,2002,06,5.0632
03.26.2002-09:00:00,03,26,2002,09,5.0568
03.26.2002-12:00:00,03,26,2002,12,5.0505
03.26.2002-15:00:00,03,26,2002,15,5.0441
03.26.2002-18:00:00,03,26,2002,18,5.0378
03.26.2002-21:00:00,03,26,2002,21,5.0315
03.27.2002-00:00:00,03,27,2002,00,5.0251
03.27.2002-03:00:00,03,27,2002,03,5.0188
03.27.2002-06:00:00,03,27,2002,06,5.0125
03.27.2002-09:00:00,03,27,2002,09,5.0063
03.27.2002-12:00:00,03,27,2002,12,5
03.27.2002-15:00:00,03,27,2002,15,4.9937
03.27.2002-18:00:00,03,27,2002,18,4.9875
03.27.2002-21:00:00,03,27,2002,21,4.9812
03.28.2002-00:00:00,03,28,2002,00,4.975
03.28.2002-03:00:00,03,28,2002,03,4.9688
03.28.2002-06:00:00,03,28,2002,06,4.9626
03.28.2002-09:00:00,03,28,2002,09,4.9564
03.28.2002-12:00:00,03,28,2002,12,4.9502
03.28.2002-15:00:00,03,28,2002,15,4.9441
03.28.2002-18:00:00,03,28,2002,18,4.9379
03.28.2002-21:00:00,03,28,2002,21,4.9318
03.29.2002-00:00:00,03,29,2002,00,4.9256
03.29.2002-03:00:00,03,29,2002,03,4.9195
03.29.2002-06:00:00,03,29,2002,06,4.9134
03.29.2002-09:00:00,03,29,2002,09,4.9073
03.29.2002-12:00:00,03,29,2002,12,4.9012
03.29.2002-15:00:00,03,29,2002,15,4.8952
03.29.2002-18:00:00,03,29,2002,18,4.8891
03.29.2002-21:00:00,03,29,2002,21,4.883
03.30.2002-00:00:00,03,30,2002,00,4.877
03.30.2002-03:00:00,03,30,2002,03,4.871
03.30.2002-06:00:00,03,30,2002,06,4.8649
03.30.2002-09:00:00,03,30,2002,09,4.8589
03.30.2002-12:00:00,03,30,2002,12,4.8529
03.30.2002-15:00:00,03,30,2002,15,4.847
03.30.2002-18:00:00,03,30,2002,18,4.841
03.30.2002-21:00:00,03,30,2002,21,4.835
03.31.2002-00:00:00,03,31,2002,00,4.8291
03.31.2002-03:00:00,03,31,2002,03,4.8231
03.31.2002-06:00:00,03,31,2002,06,4.8172
03.31.2002-09:00:00,03,31,2002,09,4.8113
03.31.2002-12:00:00,03,31,2002,12,4.8054
03.31.2002-15:00:00,03,31,2002,15,4.7995
03.31.2002-18:00:00,03,31,2002,18,4.7936
03.31.2002-21:00:00,03,31,2002,21,4.7877
04.01.2002-00:00:00,04,01,2002,00,4.7818
04.01.2002-03:00:00,04,01,2002,03,4.776
04.01.2002-06:00:00,04,01,2002,06,4.7701
04.01.2002-09:00:00,04,01,2002,09,4.7643
04.01.2002-12:00:00,04,01,2002,12,4.7585
04.01.2002-15:00:00,04,01,2002,15,4.7527
04.01.2002-18:00:00,04,01,2002,18,4.7469
04.01.2002-21:00:00,04,01,2002,21,4.7411
04.02.2002-00:00:00,04,02,2002,00,4.7353
04.02.2002-03:00:00,04,02,2002,03,4.7295
04.02.2002-06:00:00,04,02,2002,06,4.7238
04.02.2002-09:00:00,04,02,2002,09,4.718
04.02.2002-12:00:00,04,02,2002,12,4.7123
04.02.2002-15:00:00,04,02,2002,15,4.7066
04.02.2002-18:00:00,04,02,2002,18,4.7009
04.02.2002-21:00:00,04,02,2002,21,4.6952
04.03.2002-00:00:00,04,03,2002,00,4.6895
04.03.2002-03:00:00,04,03,2002,03,4.6838
04.03.2002-06:00:00,04,03,2002,06,4.6781
04.03.2002-09:00:00,04,03,2002,09,4.6724
04.03.2002-12:00:00,04,03,2002,12,4.6668
04.03.2002-15:00:00,04,03,2002,15,4.6611
04.03.2002-18:00:00,04,03,2002,18,4.6555
04.03.2002-21:00:00,04,03,2002,21,4.6499
04.04.2002-00:00:00,04,04,2002,00,4.6443
04.04.2002-03:00:00,04,04,2002,03,4.6387
04.04.2002-06:00:00,04,04,2002,06,4.6331
04.04.2002-09:00:00,04,04,2002,09,4.6275
04.04.2002-12:00:00,04,04,2002,12,4.6219
04.04.2002-15:00:00,04,04,2002,15,4.6164
04.04.2002-18:00:00,04,04,2002,18,4.6108
04.04.2002-21:00:00,04,04,2002,21,4.6053
04.05.2002-00:00:00,04,05,2002,00,4.5998
04.05.2002-03:00:00,04,05,2002,03,4.5942
04.05.2002-06:00:00,04,05,2002,06,4.5887
04.05.2002-09:00:00,04,05,2002,09,4.5832
04.05.2002-12:00:00,04,05,2002,12,4.5777
04.05.2002-15:00:00,04,05,2002,15,4.5723
04.05.2002-18:00:00,04,05,2002,18,4.5668
04.05.2002-21:00:00,04,05,2002,21,4.5613
04.06.2002-00:00:00,04,06,2002,00,4.5559
04.06.2002-03:00:00,04,06,2002,03,4.5504
04.06.2002-06:00:00,04,06,2002,06,4.545
04.06.2002-09:00:00,04,06,2002,09,4.5396
04.06.2002-12:00:00,04,06,2002,12,4.5342
04.06.2002-15:00:00,04,06,2002,15,4.5288
04.06.2002-18:00:00,04,06,2002,18,4.5234
04.06.2002-21:00:00,04,06,2002,21,4.518
04.07.2002-00:00:00,04,07,2002,00,4.5126
04.07.2002-03:00:00,04,07,2002,03,4.5073
04.07.2002-06:00:00,04,07,2002,06,4.5019
04.07.2002-09:00:00,04,07,2002,09,4.4966
04.07.2002-12:00:00,04,07,2002,12,4.4912
04.07.2002-15:00:00,04,07,2002,15,4.4859
04.07.2002-18:00:00,04,07,2002,18,4.4806
04.07.2002-21:00:00,04,07,2002,21,4.4753
04.08.2002-00:00:00,04,08,2002,00,4.47
04.08.2002-03:00:00,04,08,2002,03,4.4647
04.08.2002-06:00:00,04,08,2002,06,4.4595
04.08.2002-09:00:00,04,08,2002,09,4.4542
04.08.2002-12:00:00,04,08,2002,12,4.4489
04.08.2002-15:00:00,04,08,2002,15,4.4437
04.08.2002-18:00:00,04,08,2002,18,4.4385
04.08.2002-21:00:00,04,08,2002,21,4.4332
04.09.2002-00:00:00,04,09,2002,00,4.428
04.09.2002-03:00:00,04,09,2002,03,4.4228
04.09.2002-06:00:00,04,09,2002,06,4.4176
04.09.2002-09:00:00,04,09,2002,09,4.4124
04.09.2002-12:00:00,04,09,2002,12,4.4072
04.09.2002-15:00:00,04,09,2002,15,4.4021
04.09.2002-18:00:00,04,09,2002,18,4.3969
04.09.2002-21:00:00,04,09,2002,21,4.3917
04.10.2002-00:00:00,04,10,2002,00,4.3866
04.10.2002-03:00:00,04,10,2002,03,4.3815
04.10.2002-06:00:00,04,10,2002,06,4.3763
04.10.2002-09:00:00,04,10,2002,09,4.3712
04.10.2002-12:00:00,04,10,2002,12,4.3661
04.10.2002-15:00:00,04,10,2002,15,4.361
04.10.2002-18:00:00,04,10,2002,18,4.3559
04.10.2002-21:00:00,04,10,2002,21,4.3508
04.11.2002-00:00:00,04,11,2002,00,4.3458
04.11.2002-03:00:00,04,11,2002,03,4.3407
04.11.2002-06:00:00,04,11,2002,06,4.3357
04.11.2002-09:00:00,04,11,2002,09,4.3306
04.11.2002-12:00:00,04,11,2002,12,4.3256
04.11.2002-15:00:00,04,11,2002,15,4.3206
04.11.2002-18:00:00,04,11,2002,18,4.3155
04.11.2002-21:00:00,04,11,2002,21,4.3105
04.12.2002-00:00:00,04,12,2002,00,4.3055
04.12.2002-03:00:00,04,12,2002,03,4.3005
04.12.2002-06:00:00,04,12,2002,06,4.2956
04.12.2002-09:00:00,04,12,2002,09,4.2906
04.12.2002-12:00:00,04,12,2002,12,4.2856
04.12.2002-15:00:00,04,12,2002,15,4.2807
04.12.2002-18:00:00,04,12,2002,18,4.2757
04.12.2002-21:00:00,04,12,2002,21,4.2708
04.13.2002-00:00:00,04,13,2002,00,4.2658
04.13.2002-03:00:00,04,13,2002,03,4.2609
04.13.2002-06:00:00,04,13,2002,06,4.256
04.13.2002-09:00:00,04,13,2002,09,4.2511
04.13.2002-12:00:00,04,13,2002,12,4.2462
04.13.2002-15:00:00,04,13,2002,15,4.2415
04.13.2002-18:00:00,04,13,2002,18,4.237
04.13.2002-21:00:00,04,13,2002,21,4.2328
04.14.2002-00:00:00,04,14,2002,00,4.2287
04.14.2002-03:00:00,04,14,2002,03,4.2249
04.14.2002-06:00:00,04,14,2002,06,4.2211
04.14.2002-09:00:00,04,14,2002,09,4.2175
04.14.2002-12:00:00,04,14,2002,12,4.2141
04.14.2002-15:00:00,04,14,2002,15,4.213
04.14.2002-18:00:00,04,14,2002,18,4.2143
04.14.2002-21:00:00,04,14,2002,21,4.2168
04.15.2002-00:00:00,04,15,2002,00,4.22
04.15.2002-03:00:00,04,15,2002,03,4.2237
04.15.2002-06:00:00,04,15,2002,06,4.2276
04.15.2002-09:00:00,04,15,2002,09,4.2316
04.15.2002-12:00:00,04,15,2002,12,4.2358
04.15.2002-15:00:00,04,15,2002,15,4.2399
04.15.2002-18:00:00,04,15,2002,18,4.244
04.15.2002-21:00:00,04,15,2002,21,4.2482
04.16.2002-00:00:00,04,16,2002,00,4.2522
04.16.2002-03:00:00,04,16,2002,03,4.2563
04.16.2002-06:00:00,04,16,2002,06,4.2604
04.16.2002-09:00:00,04,16,2002,09,4.2644
04.16.2002-12:00:00,04,16,2002,12,4.2684
04.16.2002-15:00:00,04,16,2002,15,4.2723
04.16.2002-18:00:00,04,16,2002,18,4.2762
04.16.2002-21:00:00,04,16,2002,21,4.2801
04.17.2002-00:00:00,04,17,2002,00,4.2839
04.17.2002-03:00:00,04,17,2002,03,4.2876
04.17.2002-06:00:00,04,17,2002,06,4.2913
04.17.2002-09:00:00,04,17,2002,09,4.2949
04.17.2002-12:00:00,04,17,2002,12,4.2984
04.17.2002-15:00:00,04,17,2002,15,4.3019
04.17.2002-18:00:00,04,17,2002,18,4.3053
04.17.2002-21:00:00,04,17,2002,21,4.3086
04.18.2002-00:00:00,04,18,2002,00,4.3119
04.18.2002-03:00:00,04,18,2002,03,4.315
04.18.2002-06:00:00,04,18,2002,06,4.3181
04.18.2002-09:00:00,04,18,2002,09,4.3211
04.18.2002-12:00:00,04,18,2002,12,4.324
04.18.2002-15:00:00,04,18,2002,15,4.3267
04.18.2002-18:00:00,04,18,2002,18,4.3295
04.18.2002-21:00:00,04,18,2002,21,4.3321
04.19.2002-00:00:00,04,19,2002,00,4.3346
04.19.2002-03:00:00,04,19,2002,03,4.3371
04.19.2002-06:00:00,04,19,2002,06,4.3394
04.19.2002-09:00:00,04,19,2002,09,4.3417
04.19.2002-12:00:00,04,19,2002,12,4.3439
04.19.2002-15:00:00,04,19,2002,15,4.346
04.19.2002-18:00:00,04,19,2002,18,4.348
04.19.2002-21:00:00,04,19,2002,21,4.3498
04.20.2002-00:00:00,04,20,2002,00,4.3516
04.20.2002-03:00:00,04,20,2002,03,4.3534
04.20.2002-06:00:00,04,20,2002,06,4.355
04.20.2002-09:00:00,04,20,2002,09,4.3565
04.20.2002-12:00:00,04,20,2002,12,4.3581
04.20.2002-15:00:00,04,20,2002,15,4.3625
04.20.2002-18:00:00,04,20,2002,18,4.37
04.20.2002-21:00:00,04,20,2002,21,4.3799
04.21.2002-00:00:00,04,21,2002,00,4.3913
04.21.2002-03:00:00,04,21,2002,03,4.4032
04.21.2002-06:00:00,04,21,2002,06,4.4152
04.21.2002-09:00:00,04,21,2002,09,4.4272
04.21.2002-12:00:00,04,21,2002,12,4.4401
04.21.2002-15:00:00,04,21,2002,15,4.4565
04.21.2002-18:00:00,04,21,2002,18,4.4776
04.21.2002-21:00:00,04,21,2002,21,4.5025
04.22.2002-00:00:00,04,22,2002,00,4.53
04.22.2002-03:00:00,04,22,2002,03,4.559
04.22.2002-06:00:00,04,22,2002,06,4.5883
04.22.2002-09:00:00,04,22,2002,09,4.6307
04.22.2002-12:00:00,04,22,2002,12,4.7314
04.22.2002-15:00:00,04,22,2002,15,4.8298
04.22.2002-18:00:00,04,22,2002,18,4.8981
04.22.2002-21:00:00,04,22,2002,21,4.9576
04.23.2002-00:00:00,04,23,2002,00,5.0174
04.23.2002-03:00:00,04,23,2002,03,5.0778
04.23.2002-06:00:00,04,23,2002,06,5.1386
04.23.2002-09:00:00,04,23,2002,09,5.1997
04.23.2002-12:00:00,04,23,2002,12,5.261
04.23.2002-15:00:00,04,23,2002,15,5.3225
04.23.2002-18:00:00,04,23,2002,18,5.3842
04.23.2002-21:00:00,04,23,2002,21,5.446
04.24.2002-00:00:00,04,24,2002,00,5.508
04.24.2002-03:00:00,04,24,2002,03,5.5699
04.24.2002-06:00:00,04,24,2002,06,5.6319
04.24.2002-09:00:00,04,24,2002,09,5.6939
04.24.2002-12:00:00,04,24,2002,12,5.7558
04.24.2002-15:00:00,04,24,2002,15,5.8178
04.24.2002-18:00:00,04,24,2002,18,5.8796
04.24.2002-21:00:00,04,24,2002,21,5.9414
04.25.2002-00:00:00,04,25,2002,00,6.003
04.25.2002-03:00:00,04,25,2002,03,6.0645
04.25.2002-06:00:00,04,25,2002,06,6.1258
04.25.2002-09:00:00,04,25,2002,09,6.187
04.25.2002-12:00:00,04,25,2002,12,6.248
04.25.2002-15:00:00,04,25,2002,15,6.3087
04.25.2002-18:00:00,04,25,2002,18,6.3691
04.25.2002-21:00:00,04,25,2002,21,6.4294
04.26.2002-00:00:00,04,26,2002,00,6.4893
04.26.2002-03:00:00,04,26,2002,03,6.549
04.26.2002-06:00:00,04,26,2002,06,6.6083
04.26.2002-09:00:00,04,26,2002,09,6.6674
04.26.2002-12:00:00,04,26,2002,12,6.7261
04.26.2002-15:00:00,04,26,2002,15,6.7844
04.26.2002-18:00:00,04,26,2002,18,6.8424
04.26.2002-21:00:00,04,26,2002,21,6.8999
04.27.2002-00:00:00,04,27,2002,00,6.9571
04.27.2002-03:00:00,04,27,2002,03,7.0139
04.27.2002-06:00:00,04,27,2002,06,7.0703
04.27.2002-09:00:00,04,27,2002,09,7.1262
04.27.2002-12:00:00,04,27,2002,12,7.1975
04.27.2002-15:00:00,04,27,2002,15,7.2852
04.27.2002-18:00:00,04,27,2002,18,7.3792
04.27.2002-21:00:00,04,27,2002,21,7.4732
04.28.2002-00:00:00,04,28,2002,00,7.5646
04.28.2002-03:00:00,04,28,2002,03,7.6549
04.28.2002-06:00:00,04,28,2002,06,7.7368
04.28.2002-09:00:00,04,28,2002,09,7.8216
04.28.2002-12:00:00,04,28,2002,12,7.9741
04.28.2002-15:00:00,04,28,2002,15,8.1422
04.28.2002-18:00:00,04,28,2002,18,8.3037
04.28.2002-21:00:00,04,28,2002,21,8.45
04.29.2002-00:00:00,04,29,2002,00,8.5753
04.29.2002-03:00:00,04,29,2002,03,8.6999
04.29.2002-06:00:00,04,29,2002,06,8.8246
04.29.2002-09:00:00,04,29,2002,09,8.9573
04.29.2002-12:00:00,04,29,2002,12,9.2836
04.29.2002-15:00:00,04,29,2002,15,9.6047
04.29.2002-18:00:00,04,29,2002,18,9.8291
04.29.2002-21:00:00,04,29,2002,21,10.031
04.30.2002-00:00:00,04,30,2002,00,10.232
04.30.2002-03:00:00,04,30,2002,03,10.433
04.30.2002-06:00:00,04,30,2002,06,10.65
04.30.2002-09:00:00,04,30,2002,09,11.364
04.30.2002-12:00:00,04,30,2002,12,12.294
04.30.2002-15:00:00,04,30,2002,15,12.789
04.30.2002-18:00:00,04,30,2002,18,13.1
04.30.2002-21:00:00,04,30,2002,21,13.395
05.01.2002-00:00:00,05,01,2002,00,13.694
05.01.2002-03:00:00,05,01,2002,03,13.969
05.01.2002-06:00:00,05,01,2002,06,14.255
05.01.2002-09:00:00,05,01,2002,09,15.359
05.01.2002-12:00:00,05,01,2002,12,16.677
05.01.2002-15:00:00,05,01,2002,15,17.36
05.01.2002-18:00:00,05,01,2002,18,17.759
05.01.2002-21:00:00,05,01,2002,21,18.209
05.02.2002-00:00:00,05,02,2002,00,18.738
05.02.2002-03:00:00,05,02,2002,03,19.264
05.02.2002-06:00:00,05,02,2002,06,19.859
05.02.2002-09:00:00,05,02,2002,09,21.857
05.02.2002-12:00:00,05,02,2002,12,28.868
05.02.2002-15:00:00,05,02,2002,15,51.809
05.02.2002-18:00:00,05,02,2002,18,33.934
05.02.2002-21:00:00,05,02,2002,21,34.088
05.03.2002-00:00:00,05,03,2002,00,34.733
05.03.2002-03:00:00,05,03,2002,03,35.285
05.03.2002-06:00:00,05,03,2002,06,35.823
05.03.2002-09:00:00,05,03,2002,09,43.369
05.03.2002-12:00:00,05,03,2002,12,78.686
05.03.2002-15:00:00,05,03,2002,15,46.356
05.03.2002-18:00:00,05,03,2002,18,40.418
05.03.2002-21:00:00,05,03,2002,21,41.302
05.04.2002-00:00:00,05,04,2002,00,42.165
05.04.2002-03:00:00,05,04,2002,03,43.071
05.04.2002-06:00:00,05,04,2002,06,43.882
05.04.2002-09:00:00,05,04,2002,09,44.585
05.04.2002-12:00:00,05,04,2002,12,45.325
05.04.2002-15:00:00,05,04,2002,15,46.135
05.04.2002-18:00:00,05,04,2002,18,46.984
05.04.2002-21:00:00,05,04,2002,21,47.833
05.05.2002-00:00:00,05,05,2002,00,48.677
05.05.2002-03:00:00,05,05,2002,03,49.56
05.05.2002-06:00:00,05,05,2002,06,50.396
05.05.2002-09:00:00,05,05,2002,09,51.153
05.05.2002-12:00:00,05,05,2002,12,72.851
05.05.2002-15:00:00,05,05,2002,15,59.556
05.05.2002-18:00:00,05,05,2002,18,54.628
05.05.2002-21:00:00,05,05,2002,21,55.541
05.06.2002-00:00:00,05,06,2002,00,56.658
05.06.2002-03:00:00,05,06,2002,03,58.452
05.06.2002-06:00:00,05,06,2002,06,85.516
05.06.2002-09:00:00,05,06,2002,09,88.131
05.06.2002-12:00:00,05,06,2002,12,88.99
05.06.2002-15:00:00,05,06,2002,15,99.191
05.06.2002-18:00:00,05,06,2002,18,104.38
05.06.2002-21:00:00,05,06,2002,21,104.56
05.07.2002-00:00:00,05,07,2002,00,106.58
05.07.2002-03:00:00,05,07,2002,03,113.62
05.07.2002-06:00:00,05,07,2002,06,109.14
05.07.2002-09:00:00,05,07,2002,09,101.6
05.07.2002-12:00:00,05,07,2002,12,118.16
05.07.2002-15:00:00,05,07,2002,15,114.4
05.07.2002-18:00:00,05,07,2002,18,112.85
05.07.2002-21:00:00,05,07,2002,21,113
05.08.2002-00:00:00,05,08,2002,00,113.16
05.08.2002-03:00:00,05,08,2002,03,113.26
05.08.2002-06:00:00,05,08,2002,06,111
05.08.2002-09:00:00,05,08,2002,09,98.846
05.08.2002-12:00:00,05,08,2002,12,132.55
05.08.2002-15:00:00,05,08,2002,15,114.08
05.08.2002-18:00:00,05,08,2002,18,114.54
05.08.2002-21:00:00,05,08,2002,21,119.33
05.09.2002-00:00:00,05,09,2002,00,119.68
05.09.2002-03:00:00,05,09,2002,03,119.81
05.09.2002-06:00:00,05,09,2002,06,112.68
05.09.2002-09:00:00,05,09,2002,09,97.925
05.09.2002-12:00:00,05,09,2002,12,104.8
05.09.2002-15:00:00,05,09,2002,15,119.59
05.09.2002-18:00:00,05,09,2002,18,123.07
05.09.2002-21:00:00,05,09,2002,21,122.62
05.10.2002-00:00:00,05,10,2002,00,122.04
05.10.2002-03:00:00,05,10,2002,03,121.41
05.10.2002-06:00:00,05,10,2002,06,109.43
05.10.2002-09:00:00,05,10,2002,09,90.905
05.10.2002-12:00:00,05,10,2002,12,96.722
05.10.2002-15:00:00,05,10,2002,15,117.06
05.10.2002-18:00:00,05,10,2002,18,125.51
05.10.2002-21:00:00,05,10,2002,21,125.13
05.11.2002-00:00:00,05,11,2002,00,124.34
05.11.2002-03:00:00,05,11,2002,03,115.12
05.11.2002-06:00:00,05,11,2002,06,101
05.11.2002-09:00:00,05,11,2002,09,134.03
05.11.2002-12:00:00,05,11,2002,12,348.66
05.11.2002-15:00:00,05,11,2002,15,248.2
05.11.2002-18:00:00,05,11,2002,18,175.39
05.11.2002-21:00:00,05,11,2002,21,148.44
05.12.2002-00:00:00,05,12,2002,00,141.38
05.12.2002-03:00:00,05,12,2002,03,136.91
05.12.2002-06:00:00,05,12,2002,06,168.59
05.12.2002-09:00:00,05,12,2002,09,488
05.12.2002-12:00:00,05,12,2002,12,531.18
05.12.2002-15:00:00,05,12,2002,15,312.31
05.12.2002-18:00:00,05,12,2002,18,225.82
05.12.2002-21:00:00,05,12,2002,21,189.72
05.13.2002-00:00:00,05,13,2002,00,185.74
05.13.2002-03:00:00,05,13,2002,03,172.77
05.13.2002-06:00:00,05,13,2002,06,242.92
05.13.2002-09:00:00,05,13,2002,09,626.67
05.13.2002-12:00:00,05,13,2002,12,640.69
05.13.2002-15:00:00,05,13,2002,15,388.83
05.13.2002-18:00:00,05,13,2002,18,280.71
05.13.2002-21:00:00,05,13,2002,21,241.3
05.14.2002-00:00:00,05,14,2002,00,235.12
05.14.2002-03:00:00,05,14,2002,03,220.5
05.14.2002-06:00:00,05,14,2002,06,273.77
05.14.2002-09:00:00,05,14,2002,09,504.83
05.14.2002-12:00:00,05,14,2002,12,508.62
05.14.2002-15:00:00,05,14,2002,15,336.89
05.14.2002-18:00:00,05,14,2002,18,266.08
05.14.2002-21:00:00,05,14,2002,21,251.59
05.15.2002-00:00:00,05,15,2002,00,250.95
05.15.2002-03:00:00,05,15,2002,03,250.8
05.15.2002-06:00:00,05,15,2002,06,241.45
05.15.2002-09:00:00,05,15,2002,09,450.72
05.15.2002-12:00:00,05,15,2002,12,597.79
05.15.2002-15:00:00,05,15,2002,15,348.13
05.15.2002-18:00:00,05,15,2002,18,275.31
05.15.2002-21:00:00,05,15,2002,21,268.62
05.16.2002-00:00:00,05,16,2002,00,269.31
05.16.2002-03:00:00,05,16,2002,03,268.53
05.16.2002-06:00:00,05,16,2002,06,244.22
05.16.2002-09:00:00,05,16,2002,09,482
05.16.2002-12:00:00,05,16,2002,12,648.93
05.16.2002-15:00:00,05,16,2002,15,403.46
05.16.2002-18:00:00,05,16,2002,18,318.49
05.16.2002-21:00:00,05,16,2002,21,302.55
05.17.2002-00:00:00,05,17,2002,00,308.03
05.17.2002-03:00:00,05,17,2002,03,292.43
05.17.2002-06:00:00,05,17,2002,06,444.68
05.17.2002-09:00:00,05,17,2002,09,723.06
05.17.2002-12:00:00,05,17,2002,12,714.73
05.17.2002-15:00:00,05,17,2002,15,522.82
05.17.2002-18:00:00,05,17,2002,18,425.89
05.17.2002-21:00:00,05,17,2002,21,387.6
05.18.2002-00:00:00,05,18,2002,00,357.42
05.18.2002-03:00:00,05,18,2002,03,345.51
05.18.2002-06:00:00,05,18,2002,06,426.98
05.18.2002-09:00:00,05,18,2002,09,753.74
05.18.2002-12:00:00,05,18,2002,12,753.48
05.18.2002-15:00:00,05,18,2002,15,533.4
05.18.2002-18:00:00,05,18,2002,18,435.76
05.18.2002-21:00:00,05,18,2002,21,408.15
05.19.2002-00:00:00,05,19,2002,00,405.06
05.19.2002-03:00:00,05,19,2002,03,384.12
05.19.2002-06:00:00,05,19,2002,06,555.69
05.19.2002-09:00:00,05,19,2002,09,830.96
05.19.2002-12:00:00,05,19,2002,12,839.72
05.19.2002-15:00:00,05,19,2002,15,650.66
05.19.2002-18:00:00,05,19,2002,18,549.54
05.19.2002-21:00:00,05,19,2002,21,520.16
05.20.2002-00:00:00,05,20,2002,00,657.67
05.20.2002-03:00:00,05,20,2002,03,694.61
05.20.2002-06:00:00,05,20,2002,06,885.58
05.20.2002-09:00:00,05,20,2002,09,1147.3
05.20.2002-12:00:00,05,20,2002,12,1248
05.20.2002-15:00:00,05,20,2002,15,1111.9
05.20.2002-18:00:00,05,20,2002,18,1010.9
05.20.2002-21:00:00,05,20,2002,21,1021.4
05.21.2002-00:00:00,05,21,2002,00,989.64
05.21.2002-03:00:00,05,21,2002,03,952.32
05.21.2002-06:00:00,05,21,2002,06,1023.2
05.21.2002-09:00:00,05,21,2002,09,1163.4
05.21.2002-12:00:00,05,21,2002,12,1220.9
05.21.2002-15:00:00,05,21,2002,15,1162.3
05.21.2002-18:00:00,05,21,2002,18,1092.5
05.21.2002-21:00:00,05,21,2002,21,1086.6
05.22.2002-00:00:00,05,22,2002,00,979.5
05.22.2002-03:00:00,05,22,2002,03,974.38
05.22.2002-06:00:00,05,22,2002,06,1019.9
05.22.2002-09:00:00,05,22,2002,09,1099.4
05.22.2002-12:00:00,05,22,2002,12,1125.1
05.22.2002-15:00:00,05,22,2002,15,1086.8
05.22.2002-18:00:00,05,22,2002,18,1043.7
05.22.2002-21:00:00,05,22,2002,21,1023.4
05.23.2002-00:00:00,05,23,2002,00,894.22
05.23.2002-03:00:00,05,23,2002,03,900.54
05.23.2002-06:00:00,05,23,2002,06,1152.5
05.23.2002-09:00:00,05,23,2002,09,1553.4
05.23.2002-12:00:00,05,23,2002,12,1650
05.23.2002-15:00:00,05,23,2002,15,1364.2
05.23.2002-18:00:00,05,23,2002,18,1211.3
05.23.2002-21:00:00,05,23,2002,21,1189.7
05.24.2002-00:00:00,05,24,2002,00,1175.3
05.24.2002-03:00:00,05,24,2002,03,1189.1
05.24.2002-06:00:00,05,24,2002,06,1220
05.24.2002-09:00:00,05,24,2002,09,1699.1
05.24.2002-12:00:00,05,24,2002,12,1920.7
05.24.2002-15:00:00,05,24,2002,15,1605.6
05.24.2002-18:00:00,05,24,2002,18,1438.4
05.24.2002-21:00:00,05,24,2002,21,1443.7
05.25.2002-00:00:00,05,25,2002,00,1460.6
05.25.2002-03:00:00,05,25,2002,03,1488.4
05.25.2002-06:00:00,05,25,2002,06,1767.8
05.25.2002-09:00:00,05,25,2002,09,2260.5
05.25.2002-12:00:00,05,25,2002,12,2579.1
05.25.2002-15:00:00,05,25,2002,15,2428.2
05.25.2002-18:00:00,05,25,2002,18,2427.1
05.25.2002-21:00:00,05,25,2002,21,2401.4
05.26.2002-00:00:00,05,26,2002,00,2305.9
05.26.2002-03:00:00,05,26,2002,03,2293.5
05.26.2002-06:00:00,05,26,2002,06,2270.6
05.26.2002-09:00:00,05,26,2002,09,2883.4
05.26.2002-12:00:00,05,26,2002,12,3028.7
05.26.2002-15:00:00,05,26,2002,15,2791.8
05.26.2002-18:00:00,05,26,2002,18,2742.1
05.26.2002-21:00:00,05,26,2002,21,2615.4
05.27.2002-00:00:00,05,27,2002,00,2583.8
05.27.2002-03:00:00,05,27,2002,03,2431.6
05.27.2002-06:00:00,05,27,2002,06,2721.5
05.27.2002-09:00:00,05,27,2002,09,3172.1
05.27.2002-12:00:00,05,27,2002,12,3439.8
05.27.2002-15:00:00,05,27,2002,15,3211.2
05.27.2002-18:00:00,05,27,2002,18,3179.5
05.27.2002-21:00:00,05,27,2002,21,3072.5
05.28.2002-00:00:00,05,28,2002,00,3082.3
05.28.2002-03:00:00,05,28,2002,03,3042.4
05.28.2002-06:00:00,05,28,2002,06,3417.4
05.28.2002-09:00:00,05,28,2002,09,3905.5
05.28.2002-12:00:00,05,28,2002,12,4147.8
05.28.2002-15:00:00,05,28,2002,15,3984.3
05.28.2002-18:00:00,05,28,2002,18,3941.5
05.28.2002-21:00:00,05,28,2002,21,3801.4
05.29.2002-00:00:00,05,29,2002,00,3771.4
05.29.2002-03:00:00,05,29,2002,03,3768.6
05.29.2002-06:00:00,05,29,2002,06,4041.6
05.29.2002-09:00:00,05,29,2002,09,4304.9
05.29.2002-12:00:00,05,29,2002,12,4522.6
05.29.2002-15:00:00,05,29,2002,15,4203.9
05.29.2002-18:00:00,05,29,2002,18,4035.7
05.29.2002-21:00:00,05,29,2002,21,3795.2
05.30.2002-00:00:00,05,30,2002,00,3825.3
05.30.2002-03:00:00,05,30,2002,03,3680.3
05.30.2002-06:00:00,05,30,2002,06,3803.8
05.30.2002-09:00:00,05,30,2002,09,4277.1
05.30.2002-12:00:00,05,30,2002,12,4411.4
05.30.2002-15:00:00,05,30,2002,15,4168.5
05.30.2002-18:00:00,05,30,2002,18,3894.1
05.30.2002-21:00:00,05,30,2002,21,3773.9
05.31.2002-00:00:00,05,31,2002,00,3764.8
05.31.2002-03:00:00,05,31,2002,03,3718.2
05.31.2002-06:00:00,05,31,2002,06,3818.4
05.31.2002-09:00:00,05,31,2002,09,4039.9
05.31.2002-12:00:00,05,31,2002,12,4223.7
05.31.2002-15:00:00,05,31,2002,15,3915.1
05.31.2002-18:00:00,05,31,2002,18,3775.5
05.31.2002-21:00:00,05,31,2002,21,3534.5
06.01.2002-00:00:00,06,01,2002,00,3501.7
06.01.2002-03:00:00,06,01,2002,03,3348.9
06.01.2002-06:00:00,06,01,2002,06,3618.1
06.01.2002-09:00:00,06,01,2002,09,4095.2
06.01.2002-12:00:00,06,01,2002,12,4247.7
06.01.2002-15:00:00,06,01,2002,15,4019.5
06.01.2002-18:00:00,06,01,2002,18,3791.7
06.01.2002-21:00:00,06,01,2002,21,3733.5
06.02.2002-00:00:00,06,02,2002,00,3726.2
06.02.2002-03:00:00,06,02,2002,03,3695.2
06.02.2002-06:00:00,06,02,2002,06,3913.5
06.02.2002-09:00:00,06,02,2002,09,4137.1
06.02.2002-12:00:00,06,02,2002,12,4361.2
06.02.2002-15:00:00,06,02,2002,15,4033.2
06.02.2002-18:00:00,06,02,2002,18,4074.3
06.02.2002-21:00:00,06,02,2002,21,3831.5
06.03.2002-00:00:00,06,03,2002,00,3946.8
06.03.2002-03:00:00,06,03,2002,03,3791.9
06.03.2002-06:00:00,06,03,2002,06,3954.6
06.03.2002-09:00:00,06,03,2002,09,4145.5
06.03.2002-12:00:00,06,03,2002,12,4411.4
06.03.2002-15:00:00,06,03,2002,15,4142.7
06.03.2002-18:00:00,06,03,2002,18,4027.5
06.03.2002-21:00:00,06,03,2002,21,3798
06.04.2002-00:00:00,06,04,2002,00,3869.3
06.04.2002-03:00:00,06,04,2002,03,3825.8
06.04.2002-06:00:00,06,04,2002,06,4086.2
06.04.2002-09:00:00,06,04,2002,09,4209.6
06.04.2002-12:00:00,06,04,2002,12,4509.6
06.04.2002-15:00:00,06,04,2002,15,4319.7
06.04.2002-18:00:00,06,04,2002,18,4356.5
06.04.2002-21:00:00,06,04,2002,21,4165.1
06.05.2002-00:00:00,06,05,2002,00,4260.2
06.05.2002-03:00:00,06,05,2002,03,4225.4
06.05.2002-06:00:00,06,05,2002,06,4340.8
06.05.2002-09:00:00,06,05,2002,09,4593.4
06.05.2002-12:00:00,06,05,2002,12,4745.1
06.05.2002-15:00:00,06,05,2002,15,4627.2
06.05.2002-18:00:00,06,05,2002,18,4532
06.05.2002-21:00:00,06,05,2002,21,4253.2
06.06.2002-00:00:00,06,06,2002,00,4341.5
06.06.2002-03:00:00,06,06,2002,03,4152.2
06.06.2002-06:00:00,06,06,2002,06,4146.2
06.06.2002-09:00:00,06,06,2002,09,4169.7
06.06.2002-12:00:00,06,06,2002,12,4186.3
06.06.2002-15:00:00,06,06,2002,15,3990.1
06.06.2002-18:00:00,06,06,2002,18,3814.4
06.06.2002-21:00:00,06,06,2002,21,3521.7
06.07.2002-00:00:00,06,07,2002,00,3390.7
06.07.2002-03:00:00,06,07,2002,03,3224.9
06.07.2002-06:00:00,06,07,2002,06,3147.1
06.07.2002-09:00:00,06,07,2002,09,3162.8
06.07.2002-12:00:00,06,07,2002,12,3343.5
06.07.2002-15:00:00,06,07,2002,15,3094.8
06.07.2002-18:00:00,06,07,2002,18,2984.9
06.07.2002-21:00:00,06,07,2002,21,2784
06.08.2002-00:00:00,06,08,2002,00,2736.9
06.08.2002-03:00:00,06,08,2002,03,2646.3
06.08.2002-06:00:00,06,08,2002,06,2641
06.08.2002-09:00:00,06,08,2002,09,2523
06.08.2002-12:00:00,06,08,2002,12,2573.3
06.08.2002-15:00:00,06,08,2002,15,2552.8
06.08.2002-18:00:00,06,08,2002,18,2359
06.08.2002-21:00:00,06,08,2002,21,2343.5
06.09.2002-00:00:00,06,09,2002,00,2226
06.09.2002-03:00:00,06,09,2002,03,2158.7
06.09.2002-06:00:00,06,09,2002,06,2257.1
06.09.2002-09:00:00,06,09,2002,09,2779.9
06.09.2002-12:00:00,06,09,2002,12,3026
06.09.2002-15:00:00,06,09,2002,15,2985.9
06.09.2002-18:00:00,06,09,2002,18,3000.9
06.09.2002-21:00:00,06,09,2002,21,2882.5
06.10.2002-00:00:00,06,10,2002,00,2824.3
06.10.2002-03:00:00,06,10,2002,03,2769.2
06.10.2002-06:00:00,06,10,2002,06,2997.2
06.10.2002-09:00:00,06,10,2002,09,3459.5
06.10.2002-12:00:00,06,10,2002,12,3625.3
06.10.2002-15:00:00,06,10,2002,15,3531
06.10.2002-18:00:00,06,10,2002,18,3485.9
06.10.2002-21:00:00,06,10,2002,21,3235.9
06.11.2002-00:00:00,06,11,2002,00,3202.8
06.11.2002-03:00:00,06,11,2002,03,3106
06.11.2002-06:00:00,06,11,2002,06,3248.6
06.11.2002-09:00:00,06,11,2002,09,3603.9
06.11.2002-12:00:00,06,11,2002,12,3721.2
06.11.2002-15:00:00,06,11,2002,15,3603
06.11.2002-18:00:00,06,11,2002,18,3438.7
06.11.2002-21:00:00,06,11,2002,21,3237.1
06.12.2002-00:00:00,06,12,2002,00,3182.9
06.12.2002-03:00:00,06,12,2002,03,3028.7
06.12.2002-06:00:00,06,12,2002,06,3310.6
06.12.2002-09:00:00,06,12,2002,09,3580.6
06.12.2002-12:00:00,06,12,2002,12,3845.4
06.12.2002-15:00:00,06,12,2002,15,3664.8
06.12.2002-18:00:00,06,12,2002,18,3642.3
06.12.2002-21:00:00,06,12,2002,21,3365.9
06.13.2002-00:00:00,06,13,2002,00,3406.5
06.13.2002-03:00:00,06,13,2002,03,3169.3
06.13.2002-06:00:00,06,13,2002,06,3446.3
06.13.2002-09:00:00,06,13,2002,09,3587.1
06.13.2002-12:00:00,06,13,2002,12,3966.2
06.13.2002-15:00:00,06,13,2002,15,3746.3
06.13.2002-18:00:00,06,13,2002,18,3688.5
06.13.2002-21:00:00,06,13,2002,21,3389.5
06.14.2002-00:00:00,06,14,2002,00,3443.4
06.14.2002-03:00:00,06,14,2002,03,3194
06.14.2002-06:00:00,06,14,2002,06,3428.3
06.14.2002-09:00:00,06,14,2002,09,3504.2
06.14.2002-12:00:00,06,14,2002,12,3809.4
06.14.2002-15:00:00,06,14,2002,15,3771.9
06.14.2002-18:00:00,06,14,2002,18,3685
06.14.2002-21:00:00,06,14,2002,21,3567.2
06.15.2002-00:00:00,06,15,2002,00,3641.6
06.15.2002-03:00:00,06,15,2002,03,3474.7
06.15.2002-06:00:00,06,15,2002,06,3521.2
06.15.2002-09:00:00,06,15,2002,09,3461.9
06.15.2002-12:00:00,06,15,2002,12,3674.5
06.15.2002-15:00:00,06,15,2002,15,3673.8
06.15.2002-18:00:00,06,15,2002,18,3758.4
06.15.2002-21:00:00,06,15,2002,21,3582.7
06.16.2002-00:00:00,06,16,2002,00,3728.9
06.16.2002-03:00:00,06,16,2002,03,3425.9
06.16.2002-06:00:00,06,16,2002,06,3468.4
06.16.2002-09:00:00,06,16,2002,09,3281.9
06.16.2002-12:00:00,06,16,2002,12,3399.7
06.16.2002-15:00:00,06,16,2002,15,3307.3
06.16.2002-18:00:00,06,16,2002,18,3371.5
06.16.2002-21:00:00,06,16,2002,21,3210.2
06.17.2002-00:00:00,06,17,2002,00,3210.7
06.17.2002-03:00:00,06,17,2002,03,3031.9
06.17.2002-06:00:00,06,17,2002,06,3103.8
06.17.2002-09:00:00,06,17,2002,09,2805.2
06.17.2002-12:00:00,06,17,2002,12,2821.8
06.17.2002-15:00:00,06,17,2002,15,2610.2
06.17.2002-18:00:00,06,17,2002,18,2591.7
06.17.2002-21:00:00,06,17,2002,21,2564.7
06.18.2002-00:00:00,06,18,2002,00,2445.9
06.18.2002-03:00:00,06,18,2002,03,2443.8
06.18.2002-06:00:00,06,18,2002,06,2317.2
06.18.2002-09:00:00,06,18,2002,09,2268.5
06.18.2002-12:00:00,06,18,2002,12,2268
06.18.2002-15:00:00,06,18,2002,15,2188.1
06.18.2002-18:00:00,06,18,2002,18,2122
06.18.2002-21:00:00,06,18,2002,21,2169.1
06.19.2002-00:00:00,06,19,2002,00,2123.6
06.19.2002-03:00:00,06,19,2002,03,2070.1
06.19.2002-06:00:00,06,19,2002,06,1933.3
06.19.2002-09:00:00,06,19,2002,09,1905.6
06.19.2002-12:00:00,06,19,2002,12,1803.3
06.19.2002-15:00:00,06,19,2002,15,1903.5
06.19.2002-18:00:00,06,19,2002,18,1837.5
06.19.2002-21:00:00,06,19,2002,21,1878.9
06.20.2002-00:00:00,06,20,2002,00,1848.8
06.20.2002-03:00:00,06,20,2002,03,1806.6
06.20.2002-06:00:00,06,20,2002,06,1750.1
06.20.2002-09:00:00,06,20,2002,09,1678.8
06.20.2002-12:00:00,06,20,2002,12,1654.1
06.20.2002-15:00:00,06,20,2002,15,1679.2
06.20.2002-18:00:00,06,20,2002,18,1629.3
06.20.2002-21:00:00,06,20,2002,21,1597.7
06.21.2002-00:00:00,06,21,2002,00,1579.2
06.21.2002-03:00:00,06,21,2002,03,1545.8
06.21.2002-06:00:00,06,21,2002,06,1506.1
06.21.2002-09:00:00,06,21,2002,09,1435.4
06.21.2002-12:00:00,06,21,2002,12,1372
06.21.2002-15:00:00,06,21,2002,15,1377.3
06.21.2002-18:00:00,06,21,2002,18,1390.5
06.21.2002-21:00:00,06,21,2002,21,1408.2
06.22.2002-00:00:00,06,22,2002,00,1386.9
06.22.2002-03:00:00,06,22,2002,03,1361
06.22.2002-06:00:00,06,22,2002,06,1287.5
06.22.2002-09:00:00,06,22,2002,09,1222.4
06.22.2002-12:00:00,06,22,2002,12,1219.7
06.22.2002-15:00:00,06,22,2002,15,1214.6
06.22.2002-18:00:00,06,22,2002,18,1230.4
06.22.2002-21:00:00,06,22,2002,21,1253.1
06.23.2002-00:00:00,06,23,2002,00,1248.4
06.23.2002-03:00:00,06,23,2002,03,1199.1
06.23.2002-06:00:00,06,23,2002,06,1106.8
06.23.2002-09:00:00,06,23,2002,09,1063.4
06.23.2002-12:00:00,06,23,2002,12,1026.8
06.23.2002-15:00:00,06,23,2002,15,1098.6
06.23.2002-18:00:00,06,23,2002,18,1090.6
06.23.2002-21:00:00,06,23,2002,21,1127.4
06.24.2002-00:00:00,06,24,2002,00,1105.6
06.24.2002-03:00:00,06,24,2002,03,1080.4
06.24.2002-06:00:00,06,24,2002,06,975.37
06.24.2002-09:00:00,06,24,2002,09,939.02
06.24.2002-12:00:00,06,24,2002,12,899.59
06.24.2002-15:00:00,06,24,2002,15,1004.4
06.24.2002-18:00:00,06,24,2002,18,976.31
06.24.2002-21:00:00,06,24,2002,21,1039.9
06.25.2002-00:00:00,06,25,2002,00,997.27
06.25.2002-03:00:00,06,25,2002,03,980.52
06.25.2002-06:00:00,06,25,2002,06,868.38
06.25.2002-09:00:00,06,25,2002,09,825.39
06.25.2002-12:00:00,06,25,2002,12,815.11
06.25.2002-15:00:00,06,25,2002,15,909.15
06.25.2002-18:00:00,06,25,2002,18,891.64
06.25.2002-21:00:00,06,25,2002,21,946.53
06.26.2002-00:00:00,06,26,2002,00,925.09
06.26.2002-03:00:00,06,26,2002,03,883.82
06.26.2002-06:00:00,06,26,2002,06,774.67
06.26.2002-09:00:00,06,26,2002,09,760.23
06.26.2002-12:00:00,06,26,2002,12,759.68
06.26.2002-15:00:00,06,26,2002,15,830.81
06.26.2002-18:00:00,06,26,2002,18,820.52
06.26.2002-21:00:00,06,26,2002,21,879.89
06.27.2002-00:00:00,06,27,2002,00,842.9
06.27.2002-03:00:00,06,27,2002,03,800.86
06.27.2002-06:00:00,06,27,2002,06,683.71
06.27.2002-09:00:00,06,27,2002,09,670.52
06.27.2002-12:00:00,06,27,2002,12,647.92
06.27.2002-15:00:00,06,27,2002,15,747.07
06.27.2002-18:00:00,06,27,2002,18,746.58
06.27.2002-21:00:00,06,27,2002,21,793.51
06.28.2002-00:00:00,06,28,2002,00,788.28
06.28.2002-03:00:00,06,28,2002,03,772.05
06.28.2002-06:00:00,06,28,2002,06,728.31
06.28.2002-09:00:00,06,28,2002,09,707.73
06.28.2002-12:00:00,06,28,2002,12,688.49
06.28.2002-15:00:00,06,28,2002,15,740
06.28.2002-18:00:00,06,28,2002,18,744.61
06.28.2002-21:00:00,06,28,2002,21,781.54
06.29.2002-00:00:00,06,29,2002,00,809.15
06.29.2002-03:00:00,06,29,2002,03,811.25
06.29.2002-06:00:00,06,29,2002,06,782.36
06.29.2002-09:00:00,06,29,2002,09,762.95
06.29.2002-12:00:00,06,29,2002,12,744.75
06.29.2002-15:00:00,06,29,2002,15,771.67
06.29.2002-18:00:00,06,29,2002,18,775.67
06.29.2002-21:00:00,06,29,2002,21,808.41
06.30.2002-00:00:00,06,30,2002,00,745.96
06.30.2002-03:00:00,06,30,2002,03,728.83
06.30.2002-06:00:00,06,30,2002,06,680.27
06.30.2002-09:00:00,06,30,2002,09,647.57
06.30.2002-12:00:00,06,30,2002,12,623.4
06.30.2002-15:00:00,06,30,2002,15,660.46
06.30.2002-18:00:00,06,30,2002,18,661.65
06.30.2002-21:00:00,06,30,2002,21,688.86
07.01.2002-00:00:00,07,01,2002,00,683.1
07.01.2002-03:00:00,07,01,2002,03,661.18
07.01.2002-06:00:00,07,01,2002,06,604.78
07.01.2002-09:00:00,07,01,2002,09,569.79
07.01.2002-12:00:00,07,01,2002,12,554.6
07.01.2002-15:00:00,07,01,2002,15,610.2
07.01.2002-18:00:00,07,01,2002,18,615.95
07.01.2002-21:00:00,07,01,2002,21,640.78
07.02.2002-00:00:00,07,02,2002,00,641.48
07.02.2002-03:00:00,07,02,2002,03,612.41
07.02.2002-06:00:00,07,02,2002,06,550.99
07.02.2002-09:00:00,07,02,2002,09,510.13
07.02.2002-12:00:00,07,02,2002,12,500.2
07.02.2002-15:00:00,07,02,2002,15,554.42
07.02.2002-18:00:00,07,02,2002,18,578.52
07.02.2002-21:00:00,07,02,2002,21,591.96
07.03.2002-00:00:00,07,03,2002,00,592.03
07.03.2002-03:00:00,07,03,2002,03,570.03
07.03.2002-06:00:00,07,03,2002,06,490.13
07.03.2002-09:00:00,07,03,2002,09,493.96
07.03.2002-12:00:00,07,03,2002,12,457.32
07.03.2002-15:00:00,07,03,2002,15,501.58
07.03.2002-18:00:00,07,03,2002,18,542.09
07.03.2002-21:00:00,07,03,2002,21,546.19
07.04.2002-00:00:00,07,04,2002,00,563.72
07.04.2002-03:00:00,07,04,2002,03,538.77
07.04.2002-06:00:00,07,04,2002,06,480.03
07.04.2002-09:00:00,07,04,2002,09,473.15
07.04.2002-12:00:00,07,04,2002,12,442.28
07.04.2002-15:00:00,07,04,2002,15,477.23
07.04.2002-18:00:00,07,04,2002,18,514.06
07.04.2002-21:00:00,07,04,2002,21,533.51
07.05.2002-00:00:00,07,05,2002,00,524.28
07.05.2002-03:00:00,07,05,2002,03,505.53
07.05.2002-06:00:00,07,05,2002,06,460.57
07.05.2002-09:00:00,07,05,2002,09,400.21
07.05.2002-12:00:00,07,05,2002,12,419.61
07.05.2002-15:00:00,07,05,2002,15,442.01
07.05.2002-18:00:00,07,05,2002,18,475.88
07.05.2002-21:00:00,07,05,2002,21,485.49
07.06.2002-00:00:00,07,06,2002,00,493.44
07.06.2002-03:00:00,07,06,2002,03,465.26
07.06.2002-06:00:00,07,06,2002,06,402.12
07.06.2002-09:00:00,07,06,2002,09,379.32
07.06.2002-12:00:00,07,06,2002,12,375.13
07.06.2002-15:00:00,07,06,2002,15,410.74
07.06.2002-18:00:00,07,06,2002,18,442.46
07.06.2002-21:00:00,07,06,2002,21,450.45
07.07.2002-00:00:00,07,07,2002,00,459.14
07.07.2002-03:00:00,07,07,2002,03,432.69
07.07.2002-06:00:00,07,07,2002,06,372.22
07.07.2002-09:00:00,07,07,2002,09,346.96
07.07.2002-12:00:00,07,07,2002,12,359.02
07.07.2002-15:00:00,07,07,2002,15,390.43
07.07.2002-18:00:00,07,07,2002,18,423.06
07.07.2002-21:00:00,07,07,2002,21,431.75
07.08.2002-00:00:00,07,08,2002,00,679.71
07.08.2002-03:00:00,07,08,2002,03,730.49
07.08.2002-06:00:00,07,08,2002,06,714.63
07.08.2002-09:00:00,07,08,2002,09,699.78
07.08.2002-12:00:00,07,08,2002,12,747.73
07.08.2002-15:00:00,07,08,2002,15,771.6
07.08.2002-18:00:00,07,08,2002,18,828.45
07.08.2002-21:00:00,07,08,2002,21,869.69
07.09.2002-00:00:00,07,09,2002,00,559.33
07.09.2002-03:00:00,07,09,2002,03,515.24
07.09.2002-06:00:00,07,09,2002,06,430.3
07.09.2002-09:00:00,07,09,2002,09,387.83
07.09.2002-12:00:00,07,09,2002,12,375.85
07.09.2002-15:00:00,07,09,2002,15,387.5
07.09.2002-18:00:00,07,09,2002,18,410.63
07.09.2002-21:00:00,07,09,2002,21,423.22
07.10.2002-00:00:00,07,10,2002,00,424.86
07.10.2002-03:00:00,07,10,2002,03,393.84
07.10.2002-06:00:00,07,10,2002,06,334.44
07.10.2002-09:00:00,07,10,2002,09,320.26
07.10.2002-12:00:00,07,10,2002,12,335.41
07.10.2002-15:00:00,07,10,2002,15,354.13
07.10.2002-18:00:00,07,10,2002,18,377.46
07.10.2002-21:00:00,07,10,2002,21,396.01
07.11.2002-00:00:00,07,11,2002,00,399.79
07.11.2002-03:00:00,07,11,2002,03,357.05
07.11.2002-06:00:00,07,11,2002,06,303.5
07.11.2002-09:00:00,07,11,2002,09,303.35
07.11.2002-12:00:00,07,11,2002,12,352.19
07.11.2002-15:00:00,07,11,2002,15,340.07
07.11.2002-18:00:00,07,11,2002,18,358.29
07.11.2002-21:00:00,07,11,2002,21,374.59
07.12.2002-00:00:00,07,12,2002,00,378.64
07.12.2002-03:00:00,07,12,2002,03,335.11
07.12.2002-06:00:00,07,12,2002,06,282.84
07.12.2002-09:00:00,07,12,2002,09,281.47
07.12.2002-12:00:00,07,12,2002,12,312.59
07.12.2002-15:00:00,07,12,2002,15,321.85
07.12.2002-18:00:00,07,12,2002,18,331.57
07.12.2002-21:00:00,07,12,2002,21,346.68
07.13.2002-00:00:00,07,13,2002,00,355.53
07.13.2002-03:00:00,07,13,2002,03,321.7
07.13.2002-06:00:00,07,13,2002,06,276.58
07.13.2002-09:00:00,07,13,2002,09,275.32
07.13.2002-12:00:00,07,13,2002,12,285.15
07.13.2002-15:00:00,07,13,2002,15,302.35
07.13.2002-18:00:00,07,13,2002,18,312.2
07.13.2002-21:00:00,07,13,2002,21,327
07.14.2002-00:00:00,07,14,2002,00,331.39
07.14.2002-03:00:00,07,14,2002,03,296.31
07.14.2002-06:00:00,07,14,2002,06,255.32
07.14.2002-09:00:00,07,14,2002,09,245.82
07.14.2002-12:00:00,07,14,2002,12,251.28
07.14.2002-15:00:00,07,14,2002,15,275.45
07.14.2002-18:00:00,07,14,2002,18,296.16
07.14.2002-21:00:00,07,14,2002,21,308.71
07.15.2002-00:00:00,07,15,2002,00,314.12
07.15.2002-03:00:00,07,15,2002,03,284.75
07.15.2002-06:00:00,07,15,2002,06,245.62
07.15.2002-09:00:00,07,15,2002,09,232.42
07.15.2002-12:00:00,07,15,2002,12,238.24
07.15.2002-15:00:00,07,15,2002,15,263.26
07.15.2002-18:00:00,07,15,2002,18,283.48
07.15.2002-21:00:00,07,15,2002,21,295.28
07.16.2002-00:00:00,07,16,2002,00,297.11
07.16.2002-03:00:00,07,16,2002,03,270.45
07.16.2002-06:00:00,07,16,2002,06,232.2
07.16.2002-09:00:00,07,16,2002,09,219.71
07.16.2002-12:00:00,07,16,2002,12,226.85
07.16.2002-15:00:00,07,16,2002,15,251.2
07.16.2002-18:00:00,07,16,2002,18,267.26
07.16.2002-21:00:00,07,16,2002,21,280.07
07.17.2002-00:00:00,07,17,2002,00,282.87
07.17.2002-03:00:00,07,17,2002,03,253.33
07.17.2002-06:00:00,07,17,2002,06,222.24
07.17.2002-09:00:00,07,17,2002,09,211.95
07.17.2002-12:00:00,07,17,2002,12,217.08
07.17.2002-15:00:00,07,17,2002,15,236.84
07.17.2002-18:00:00,07,17,2002,18,252.95
07.17.2002-21:00:00,07,17,2002,21,263.62
07.18.2002-00:00:00,07,18,2002,00,268.1
07.18.2002-03:00:00,07,18,2002,03,238.01
07.18.2002-06:00:00,07,18,2002,06,210.19
07.18.2002-09:00:00,07,18,2002,09,201.9
07.18.2002-12:00:00,07,18,2002,12,204.55
07.18.2002-15:00:00,07,18,2002,15,222.86
07.18.2002-18:00:00,07,18,2002,18,238.63
07.18.2002-21:00:00,07,18,2002,21,250.51
07.19.2002-00:00:00,07,19,2002,00,252.95
07.19.2002-03:00:00,07,19,2002,03,231.8
07.19.2002-06:00:00,07,19,2002,06,207.45
07.19.2002-09:00:00,07,19,2002,09,197.01
07.19.2002-12:00:00,07,19,2002,12,198.81
07.19.2002-15:00:00,07,19,2002,15,214.57
07.19.2002-18:00:00,07,19,2002,18,229.69
07.19.2002-21:00:00,07,19,2002,21,239.84
07.20.2002-00:00:00,07,20,2002,00,243.34
07.20.2002-03:00:00,07,20,2002,03,221.29
07.20.2002-06:00:00,07,20,2002,06,195.5
07.20.2002-09:00:00,07,20,2002,09,186.39
07.20.2002-12:00:00,07,20,2002,12,189.2
07.20.2002-15:00:00,07,20,2002,15,202.29
07.20.2002-18:00:00,07,20,2002,18,219.21
07.20.2002-21:00:00,07,20,2002,21,227.98
07.21.2002-00:00:00,07,21,2002,00,231.51
07.21.2002-03:00:00,07,21,2002,03,211.48
07.21.2002-06:00:00,07,21,2002,06,186.68
07.21.2002-09:00:00,07,21,2002,09,178.49
07.21.2002-12:00:00,07,21,2002,12,181.9
07.21.2002-15:00:00,07,21,2002,15,193.65
07.21.2002-18:00:00,07,21,2002,18,209.39
07.21.2002-21:00:00,07,21,2002,21,217.92
07.22.2002-00:00:00,07,22,2002,00,220.67
07.22.2002-03:00:00,07,22,2002,03,204.61
07.22.2002-06:00:00,07,22,2002,06,179.87
07.22.2002-09:00:00,07,22,2002,09,172.09
07.22.2002-12:00:00,07,22,2002,12,176
07.22.2002-15:00:00,07,22,2002,15,187.43
07.22.2002-18:00:00,07,22,2002,18,200.88
07.22.2002-21:00:00,07,22,2002,21,209.99
07.23.2002-00:00:00,07,23,2002,00,211.57
07.23.2002-03:00:00,07,23,2002,03,196.39
07.23.2002-06:00:00,07,23,2002,06,172.09
07.23.2002-09:00:00,07,23,2002,09,166.35
07.23.2002-12:00:00,07,23,2002,12,170.58
07.23.2002-15:00:00,07,23,2002,15,181.35
07.23.2002-18:00:00,07,23,2002,18,193.91
07.23.2002-21:00:00,07,23,2002,21,202.55
07.24.2002-00:00:00,07,24,2002,00,203.55
07.24.2002-03:00:00,07,24,2002,03,185.12
07.24.2002-06:00:00,07,24,2002,06,163.15
07.24.2002-09:00:00,07,24,2002,09,159.36
07.24.2002-12:00:00,07,24,2002,12,162.92
07.24.2002-15:00:00,07,24,2002,15,174.15
07.24.2002-18:00:00,07,24,2002,18,182.45
07.24.2002-21:00:00,07,24,2002,21,193.23
07.25.2002-00:00:00,07,25,2002,00,195.22
07.25.2002-03:00:00,07,25,2002,03,182.76
07.25.2002-06:00:00,07,25,2002,06,165.03
07.25.2002-09:00:00,07,25,2002,09,159.68
07.25.2002-12:00:00,07,25,2002,12,161.51
07.25.2002-15:00:00,07,25,2002,15,166.75
07.25.2002-18:00:00,07,25,2002,18,175.79
07.25.2002-21:00:00,07,25,2002,21,186.8
07.26.2002-00:00:00,07,26,2002,00,188.44
07.26.2002-03:00:00,07,26,2002,03,172.78
07.26.2002-06:00:00,07,26,2002,06,155.59
07.26.2002-09:00:00,07,26,2002,09,149.63
07.26.2002-12:00:00,07,26,2002,12,151.69
07.26.2002-15:00:00,07,26,2002,15,160.17
07.26.2002-18:00:00,07,26,2002,18,168.78
07.26.2002-21:00:00,07,26,2002,21,175.52
07.27.2002-00:00:00,07,27,2002,00,182.11
07.27.2002-03:00:00,07,27,2002,03,171.81
07.27.2002-06:00:00,07,27,2002,06,155.99
07.27.2002-09:00:00,07,27,2002,09,148.2
07.27.2002-12:00:00,07,27,2002,12,149.56
07.27.2002-15:00:00,07,27,2002,15,156.98
07.27.2002-18:00:00,07,27,2002,18,164.94
07.27.2002-21:00:00,07,27,2002,21,170.81
07.28.2002-00:00:00,07,28,2002,00,174.71
07.28.2002-03:00:00,07,28,2002,03,169.95
07.28.2002-06:00:00,07,28,2002,06,161.3
07.28.2002-09:00:00,07,28,2002,09,154.26
07.28.2002-12:00:00,07,28,2002,12,153.92
07.28.2002-15:00:00,07,28,2002,15,157.95
07.28.2002-18:00:00,07,28,2002,18,163.7
07.28.2002-21:00:00,07,28,2002,21,169.23
07.29.2002-00:00:00,07,29,2002,00,170.67
07.29.2002-03:00:00,07,29,2002,03,165.08
07.29.2002-06:00:00,07,29,2002,06,158.25
07.29.2002-09:00:00,07,29,2002,09,153.1
07.29.2002-12:00:00,07,29,2002,12,152.52
07.29.2002-15:00:00,07,29,2002,15,155.36
07.29.2002-18:00:00,07,29,2002,18,160.18
07.29.2002-21:00:00,07,29,2002,21,165.38
07.30.2002-00:00:00,07,30,2002,00,165.99
07.30.2002-03:00:00,07,30,2002,03,157.33
07.30.2002-06:00:00,07,30,2002,06,145.4
07.30.2002-09:00:00,07,30,2002,09,138.46
07.30.2002-12:00:00,07,30,2002,12,139.54
07.30.2002-15:00:00,07,30,2002,15,145.43
07.30.2002-18:00:00,07,30,2002,18,152.59
07.30.2002-21:00:00,07,30,2002,21,158.6
07.31.2002-00:00:00,07,31,2002,00,159.23
07.31.2002-03:00:00,07,31,2002,03,149.92
07.31.2002-06:00:00,07,31,2002,06,137.4
07.31.2002-09:00:00,07,31,2002,09,128.89
07.31.2002-12:00:00,07,31,2002,12,131.79
07.31.2002-15:00:00,07,31,2002,15,141.88
07.31.2002-18:00:00,07,31,2002,18,150.27
07.31.2002-21:00:00,07,31,2002,21,154.59
08.01.2002-00:00:00,08,01,2002,00,155.04
08.01.2002-03:00:00,08,01,2002,03,145.6
08.01.2002-06:00:00,08,01,2002,06,134.04
08.01.2002-09:00:00,08,01,2002,09,123.99
08.01.2002-12:00:00,08,01,2002,12,127.82
08.01.2002-15:00:00,08,01,2002,15,139.95
08.01.2002-18:00:00,08,01,2002,18,146.87
08.01.2002-21:00:00,08,01,2002,21,150.02
08.02.2002-00:00:00,08,02,2002,00,150.1
08.02.2002-03:00:00,08,02,2002,03,135.23
08.02.2002-06:00:00,08,02,2002,06,126.32
08.02.2002-09:00:00,08,02,2002,09,119.55
08.02.2002-12:00:00,08,02,2002,12,123.1
08.02.2002-15:00:00,08,02,2002,15,134.72
08.02.2002-18:00:00,08,02,2002,18,141.67
08.02.2002-21:00:00,08,02,2002,21,145.78
08.03.2002-00:00:00,08,03,2002,00,146.24
08.03.2002-03:00:00,08,03,2002,03,138.78
08.03.2002-06:00:00,08,03,2002,06,128.06
08.03.2002-09:00:00,08,03,2002,09,117.66
08.03.2002-12:00:00,08,03,2002,12,120.78
08.03.2002-15:00:00,08,03,2002,15,131.93
08.03.2002-18:00:00,08,03,2002,18,138.64
08.03.2002-21:00:00,08,03,2002,21,141.67
08.04.2002-00:00:00,08,04,2002,00,141.64
08.04.2002-03:00:00,08,04,2002,03,127.6
08.04.2002-06:00:00,08,04,2002,06,119.62
08.04.2002-09:00:00,08,04,2002,09,113.57
08.04.2002-12:00:00,08,04,2002,12,116.29
08.04.2002-15:00:00,08,04,2002,15,126.45
08.04.2002-18:00:00,08,04,2002,18,133.16
08.04.2002-21:00:00,08,04,2002,21,137.56
08.05.2002-00:00:00,08,05,2002,00,138.03
08.05.2002-03:00:00,08,05,2002,03,131.85
08.05.2002-06:00:00,08,05,2002,06,122.39
08.05.2002-09:00:00,08,05,2002,09,111.89
08.05.2002-12:00:00,08,05,2002,12,114.24
08.05.2002-15:00:00,08,05,2002,15,124.58
08.05.2002-18:00:00,08,05,2002,18,130.98
08.05.2002-21:00:00,08,05,2002,21,133.91
08.06.2002-00:00:00,08,06,2002,00,134.14
08.06.2002-03:00:00,08,06,2002,03,125.23
08.06.2002-06:00:00,08,06,2002,06,117.94
08.06.2002-09:00:00,08,06,2002,09,113.67
08.06.2002-12:00:00,08,06,2002,12,116.62
08.06.2002-15:00:00,08,06,2002,15,124.34
08.06.2002-18:00:00,08,06,2002,18,130.74
08.06.2002-21:00:00,08,06,2002,21,134.27
08.07.2002-00:00:00,08,07,2002,00,130.76
08.07.2002-03:00:00,08,07,2002,03,122.63
08.07.2002-06:00:00,08,07,2002,06,113.04
08.07.2002-09:00:00,08,07,2002,09,103.54
08.07.2002-12:00:00,08,07,2002,12,106.33
08.07.2002-15:00:00,08,07,2002,15,116.65
08.07.2002-18:00:00,08,07,2002,18,123.27
08.07.2002-21:00:00,08,07,2002,21,126.42
08.08.2002-00:00:00,08,08,2002,00,126.5
08.08.2002-03:00:00,08,08,2002,03,112.95
08.08.2002-06:00:00,08,08,2002,06,101.9
08.08.2002-09:00:00,08,08,2002,09,95.485
08.08.2002-12:00:00,08,08,2002,12,99.133
08.08.2002-15:00:00,08,08,2002,15,108.62
08.08.2002-18:00:00,08,08,2002,18,118.08
08.08.2002-21:00:00,08,08,2002,21,121.61
08.09.2002-00:00:00,08,09,2002,00,121.68
08.09.2002-03:00:00,08,09,2002,03,106.09
08.09.2002-06:00:00,08,09,2002,06,96.673
08.09.2002-09:00:00,08,09,2002,09,91.872
08.09.2002-12:00:00,08,09,2002,12,95.064
08.09.2002-15:00:00,08,09,2002,15,102.49
08.09.2002-18:00:00,08,09,2002,18,112.32
08.09.2002-21:00:00,08,09,2002,21,117.07
08.10.2002-00:00:00,08,10,2002,00,117.21
08.10.2002-03:00:00,08,10,2002,03,101.42
08.10.2002-06:00:00,08,10,2002,06,93.281
08.10.2002-09:00:00,08,10,2002,09,88.759
08.10.2002-12:00:00,08,10,2002,12,91.18
08.10.2002-15:00:00,08,10,2002,15,98.417
08.10.2002-18:00:00,08,10,2002,18,107.1
08.10.2002-21:00:00,08,10,2002,21,113.26
08.11.2002-00:00:00,08,11,2002,00,113.79
08.11.2002-03:00:00,08,11,2002,03,98.731
08.11.2002-06:00:00,08,11,2002,06,89.636
08.11.2002-09:00:00,08,11,2002,09,84.218
08.11.2002-12:00:00,08,11,2002,12,87.567
08.11.2002-15:00:00,08,11,2002,15,95.912
08.11.2002-18:00:00,08,11,2002,18,103.45
08.11.2002-21:00:00,08,11,2002,21,109.84
08.12.2002-00:00:00,08,12,2002,00,110.23
08.12.2002-03:00:00,08,12,2002,03,94.479
08.12.2002-06:00:00,08,12,2002,06,84.507
08.12.2002-09:00:00,08,12,2002,09,80.067
08.12.2002-12:00:00,08,12,2002,12,84.797
08.12.2002-15:00:00,08,12,2002,15,92.668
08.12.2002-18:00:00,08,12,2002,18,99.014
08.12.2002-21:00:00,08,12,2002,21,105.05
08.13.2002-00:00:00,08,13,2002,00,106.47
08.13.2002-03:00:00,08,13,2002,03,90.459
08.13.2002-06:00:00,08,13,2002,06,79.284
08.13.2002-09:00:00,08,13,2002,09,79.088
08.13.2002-12:00:00,08,13,2002,12,86.828
08.13.2002-15:00:00,08,13,2002,15,90.187
08.13.2002-18:00:00,08,13,2002,18,95.635
08.13.2002-21:00:00,08,13,2002,21,101.63
08.14.2002-00:00:00,08,14,2002,00,102.15
08.14.2002-03:00:00,08,14,2002,03,88.167
08.14.2002-06:00:00,08,14,2002,06,79.579
08.14.2002-09:00:00,08,14,2002,09,75.94
08.14.2002-12:00:00,08,14,2002,12,78.888
08.14.2002-15:00:00,08,14,2002,15,84.502
08.14.2002-18:00:00,08,14,2002,18,90.636
08.14.2002-21:00:00,08,14,2002,21,96.106
08.15.2002-00:00:00,08,15,2002,00,99.73
08.15.2002-03:00:00,08,15,2002,03,85.418
08.15.2002-06:00:00,08,15,2002,06,75.966
08.15.2002-09:00:00,08,15,2002,09,71.411
08.15.2002-12:00:00,08,15,2002,12,75.289
08.15.2002-15:00:00,08,15,2002,15,82.604
08.15.2002-18:00:00,08,15,2002,18,89.881
08.15.2002-21:00:00,08,15,2002,21,92.774
08.16.2002-00:00:00,08,16,2002,00,95.631
08.16.2002-03:00:00,08,16,2002,03,82.353
08.16.2002-06:00:00,08,16,2002,06,73.421
08.16.2002-09:00:00,08,16,2002,09,68.669
08.16.2002-12:00:00,08,16,2002,12,71.931
08.16.2002-15:00:00,08,16,2002,15,79.787
08.16.2002-18:00:00,08,16,2002,18,86.878
08.16.2002-21:00:00,08,16,2002,21,90.416
08.17.2002-00:00:00,08,17,2002,00,92.228
08.17.2002-03:00:00,08,17,2002,03,87.287
08.17.2002-06:00:00,08,17,2002,06,76.748
08.17.2002-09:00:00,08,17,2002,09,67.652
08.17.2002-12:00:00,08,17,2002,12,70.886
08.17.2002-15:00:00,08,17,2002,15,78.731
08.17.2002-18:00:00,08,17,2002,18,85.721
08.17.2002-21:00:00,08,17,2002,21,88.985
08.18.2002-00:00:00,08,18,2002,00,91.586
08.18.2002-03:00:00,08,18,2002,03,81.821
08.18.2002-06:00:00,08,18,2002,06,71.97
08.18.2002-09:00:00,08,18,2002,09,64.975
08.18.2002-12:00:00,08,18,2002,12,68.329
08.18.2002-15:00:00,08,18,2002,15,75.779
08.18.2002-18:00:00,08,18,2002,18,81.371
08.18.2002-21:00:00,08,18,2002,21,84.867
08.19.2002-00:00:00,08,19,2002,00,86.681
08.19.2002-03:00:00,08,19,2002,03,79.981
08.19.2002-06:00:00,08,19,2002,06,71.595
08.19.2002-09:00:00,08,19,2002,09,65.831
08.19.2002-12:00:00,08,19,2002,12,67.524
08.19.2002-15:00:00,08,19,2002,15,72.267
08.19.2002-18:00:00,08,19,2002,18,77.012
08.19.2002-21:00:00,08,19,2002,21,81.996
08.20.2002-00:00:00,08,20,2002,00,84.413
08.20.2002-03:00:00,08,20,2002,03,75.11
08.20.2002-06:00:00,08,20,2002,06,67.866
08.20.2002-09:00:00,08,20,2002,09,62.553
08.20.2002-12:00:00,08,20,2002,12,64.404
08.20.2002-15:00:00,08,20,2002,15,70.353
08.20.2002-18:00:00,08,20,2002,18,74.964
08.20.2002-21:00:00,08,20,2002,21,77.895
08.21.2002-00:00:00,08,21,2002,00,79.67
08.21.2002-03:00:00,08,21,2002,03,72.232
08.21.2002-06:00:00,08,21,2002,06,64.633
08.21.2002-09:00:00,08,21,2002,09,59.701
08.21.2002-12:00:00,08,21,2002,12,61.357
08.21.2002-15:00:00,08,21,2002,15,68.147
08.21.2002-18:00:00,08,21,2002,18,72.863
08.21.2002-21:00:00,08,21,2002,21,75.278
08.22.2002-00:00:00,08,22,2002,00,75.462
08.22.2002-03:00:00,08,22,2002,03,69.829
08.22.2002-06:00:00,08,22,2002,06,61.82
08.22.2002-09:00:00,08,22,2002,09,57.479
08.22.2002-12:00:00,08,22,2002,12,58.487
08.22.2002-15:00:00,08,22,2002,15,65.68
08.22.2002-18:00:00,08,22,2002,18,70.963
08.22.2002-21:00:00,08,22,2002,21,73.218
08.23.2002-00:00:00,08,23,2002,00,73.448
08.23.2002-03:00:00,08,23,2002,03,67.782
08.23.2002-06:00:00,08,23,2002,06,58.995
08.23.2002-09:00:00,08,23,2002,09,55.132
08.23.2002-12:00:00,08,23,2002,12,56.997
08.23.2002-15:00:00,08,23,2002,15,61.776
08.23.2002-18:00:00,08,23,2002,18,69.185
08.23.2002-21:00:00,08,23,2002,21,71.206
08.24.2002-00:00:00,08,24,2002,00,71.452
08.24.2002-03:00:00,08,24,2002,03,66.827
08.24.2002-06:00:00,08,24,2002,06,57.974
08.24.2002-09:00:00,08,24,2002,09,54.029
08.24.2002-12:00:00,08,24,2002,12,56.201
08.24.2002-15:00:00,08,24,2002,15,60.318
08.24.2002-18:00:00,08,24,2002,18,67.319
08.24.2002-21:00:00,08,24,2002,21,69.036
08.25.2002-00:00:00,08,25,2002,00,76.018
08.25.2002-03:00:00,08,25,2002,03,78.434
08.25.2002-06:00:00,08,25,2002,06,71.818
08.25.2002-09:00:00,08,25,2002,09,67.761
08.25.2002-12:00:00,08,25,2002,12,68.8
08.25.2002-15:00:00,08,25,2002,15,77.652
08.25.2002-18:00:00,08,25,2002,18,84.48
08.25.2002-21:00:00,08,25,2002,21,91.332
08.26.2002-00:00:00,08,26,2002,00,77.913
08.26.2002-03:00:00,08,26,2002,03,70.829
08.26.2002-06:00:00,08,26,2002,06,60.866
08.26.2002-09:00:00,08,26,2002,09,56.531
08.26.2002-12:00:00,08,26,2002,12,56.214
08.26.2002-15:00:00,08,26,2002,15,63.388
08.26.2002-18:00:00,08,26,2002,18,68.511
08.26.2002-21:00:00,08,26,2002,21,70.2
08.27.2002-00:00:00,08,27,2002,00,66.76
08.27.2002-03:00:00,08,27,2002,03,60.787
08.27.2002-06:00:00,08,27,2002,06,53.131
08.27.2002-09:00:00,08,27,2002,09,50.464
08.27.2002-12:00:00,08,27,2002,12,51.456
08.27.2002-15:00:00,08,27,2002,15,53.798
08.27.2002-18:00:00,08,27,2002,18,58.301
08.27.2002-21:00:00,08,27,2002,21,63.041
08.28.2002-00:00:00,08,28,2002,00,64.257
08.28.2002-03:00:00,08,28,2002,03,59.722
08.28.2002-06:00:00,08,28,2002,06,52.081
08.28.2002-09:00:00,08,28,2002,09,49.257
08.28.2002-12:00:00,08,28,2002,12,50.528
08.28.2002-15:00:00,08,28,2002,15,52.501
08.28.2002-18:00:00,08,28,2002,18,56.791
08.28.2002-21:00:00,08,28,2002,21,60.519
08.29.2002-00:00:00,08,29,2002,00,62.06
08.29.2002-03:00:00,08,29,2002,03,58.241
08.29.2002-06:00:00,08,29,2002,06,51.39
08.29.2002-09:00:00,08,29,2002,09,48.56
08.29.2002-12:00:00,08,29,2002,12,49.264
08.29.2002-15:00:00,08,29,2002,15,50.549
08.29.2002-18:00:00,08,29,2002,18,54.323
08.29.2002-21:00:00,08,29,2002,21,58.627
08.30.2002-00:00:00,08,30,2002,00,60.706
08.30.2002-03:00:00,08,30,2002,03,55.879
08.30.2002-06:00:00,08,30,2002,06,49.537
08.30.2002-09:00:00,08,30,2002,09,47.25
08.30.2002-12:00:00,08,30,2002,12,47.621
08.30.2002-15:00:00,08,30,2002,15,49.559
08.30.2002-18:00:00,08,30,2002,18,52.504
08.30.2002-21:00:00,08,30,2002,21,55.192
08.31.2002-00:00:00,08,31,2002,00,59.394
08.31.2002-03:00:00,08,31,2002,03,56.153
08.31.2002-06:00:00,08,31,2002,06,49.958
08.31.2002-09:00:00,08,31,2002,09,46.825
08.31.2002-12:00:00,08,31,2002,12,47.013
08.31.2002-15:00:00,08,31,2002,15,48.711
08.31.2002-18:00:00,08,31,2002,18,51.85
08.31.2002-21:00:00,08,31,2002,21,55.091
09.01.2002-00:00:00,09,01,2002,00,55.998
09.01.2002-03:00:00,09,01,2002,03,53.221
09.01.2002-06:00:00,09,01,2002,06,48.539
09.01.2002-09:00:00,09,01,2002,09,46.467
09.01.2002-12:00:00,09,01,2002,12,46.394
09.01.2002-15:00:00,09,01,2002,15,47.148
09.01.2002-18:00:00,09,01,2002,18,49.702
09.01.2002-21:00:00,09,01,2002,21,52.923
09.02.2002-00:00:00,09,02,2002,00,55.182
09.02.2002-03:00:00,09,02,2002,03,52.594
09.02.2002-06:00:00,09,02,2002,06,46.706
09.02.2002-09:00:00,09,02,2002,09,44.155
09.02.2002-12:00:00,09,02,2002,12,44.704
09.02.2002-15:00:00,09,02,2002,15,46.775
09.02.2002-18:00:00,09,02,2002,18,48.242
09.02.2002-21:00:00,09,02,2002,21,50.921
09.03.2002-00:00:00,09,03,2002,00,51.039
09.03.2002-03:00:00,09,03,2002,03,49.992
09.03.2002-06:00:00,09,03,2002,06,46.399
09.03.2002-09:00:00,09,03,2002,09,44.087
09.03.2002-12:00:00,09,03,2002,12,44.354
09.03.2002-15:00:00,09,03,2002,15,46.001
09.03.2002-18:00:00,09,03,2002,18,47.903
09.03.2002-21:00:00,09,03,2002,21,49.973
09.04.2002-00:00:00,09,04,2002,00,50.07
09.04.2002-03:00:00,09,04,2002,03,49.568
09.04.2002-06:00:00,09,04,2002,06,46.409
09.04.2002-09:00:00,09,04,2002,09,43.003
09.04.2002-12:00:00,09,04,2002,12,43.386
09.04.2002-15:00:00,09,04,2002,15,45.499
09.04.2002-18:00:00,09,04,2002,18,46.8
09.04.2002-21:00:00,09,04,2002,21,48.908
09.05.2002-00:00:00,09,05,2002,00,49.721
09.05.2002-03:00:00,09,05,2002,03,49.242
09.05.2002-06:00:00,09,05,2002,06,46.671
09.05.2002-09:00:00,09,05,2002,09,42.827
09.05.2002-12:00:00,09,05,2002,12,42.904
09.05.2002-15:00:00,09,05,2002,15,45.157
09.05.2002-18:00:00,09,05,2002,18,46.833
09.05.2002-21:00:00,09,05,2002,21,48.664
09.06.2002-00:00:00,09,06,2002,00,47.999
09.06.2002-03:00:00,09,06,2002,03,48.002
09.06.2002-06:00:00,09,06,2002,06,45.534
09.06.2002-09:00:00,09,06,2002,09,41.501
09.06.2002-12:00:00,09,06,2002,12,41.83
09.06.2002-15:00:00,09,06,2002,15,44.05
09.06.2002-18:00:00,09,06,2002,18,44.929
09.06.2002-21:00:00,09,06,2002,21,46.125
09.07.2002-00:00:00,09,07,2002,00,49.055
09.07.2002-03:00:00,09,07,2002,03,47.001
09.07.2002-06:00:00,09,07,2002,06,49.754
09.07.2002-09:00:00,09,07,2002,09,43.518
09.07.2002-12:00:00,09,07,2002,12,42.688
09.07.2002-15:00:00,09,07,2002,15,44.738
09.07.2002-18:00:00,09,07,2002,18,47.928
09.07.2002-21:00:00,09,07,2002,21,48.36
09.08.2002-00:00:00,09,08,2002,00,47.643
09.08.2002-03:00:00,09,08,2002,03,47.736
09.08.2002-06:00:00,09,08,2002,06,44.919
09.08.2002-09:00:00,09,08,2002,09,41.481
09.08.2002-12:00:00,09,08,2002,12,40.882
09.08.2002-15:00:00,09,08,2002,15,42.537
09.08.2002-18:00:00,09,08,2002,18,43.434
09.08.2002-21:00:00,09,08,2002,21,43.649
09.09.2002-00:00:00,09,09,2002,00,44.832
09.09.2002-03:00:00,09,09,2002,03,44.4
09.09.2002-06:00:00,09,09,2002,06,40.579
09.09.2002-09:00:00,09,09,2002,09,38.161
09.09.2002-12:00:00,09,09,2002,12,38.776
09.09.2002-15:00:00,09,09,2002,15,41.216
09.09.2002-18:00:00,09,09,2002,18,42.242
09.09.2002-21:00:00,09,09,2002,21,42.505
09.10.2002-00:00:00,09,10,2002,00,42.517
09.10.2002-03:00:00,09,10,2002,03,42.206
09.10.2002-06:00:00,09,10,2002,06,39.629
09.10.2002-09:00:00,09,10,2002,09,37.265
09.10.2002-12:00:00,09,10,2002,12,37.108
09.10.2002-15:00:00,09,10,2002,15,40.163
09.10.2002-18:00:00,09,10,2002,18,41.201
09.10.2002-21:00:00,09,10,2002,21,41.432
09.11.2002-00:00:00,09,11,2002,00,41.438
09.11.2002-03:00:00,09,11,2002,03,40.991
09.11.2002-06:00:00,09,11,2002,06,37.749
09.11.2002-09:00:00,09,11,2002,09,36.402
09.11.2002-12:00:00,09,11,2002,12,36.184
09.11.2002-15:00:00,09,11,2002,15,38.184
09.11.2002-18:00:00,09,11,2002,18,40.009
09.11.2002-21:00:00,09,11,2002,21,40.303
09.12.2002-00:00:00,09,12,2002,00,40.327
09.12.2002-03:00:00,09,12,2002,03,39.966
09.12.2002-06:00:00,09,12,2002,06,36.756
09.12.2002-09:00:00,09,12,2002,09,35.562
09.12.2002-12:00:00,09,12,2002,12,35.36
09.12.2002-15:00:00,09,12,2002,15,36.941
09.12.2002-18:00:00,09,12,2002,18,38.904
09.12.2002-21:00:00,09,12,2002,21,39.167
09.13.2002-00:00:00,09,13,2002,00,39.176
09.13.2002-03:00:00,09,13,2002,03,38.639
09.13.2002-06:00:00,09,13,2002,06,35.018
09.13.2002-09:00:00,09,13,2002,09,34.669
09.13.2002-12:00:00,09,13,2002,12,34.491
09.13.2002-15:00:00,09,13,2002,15,34.416
09.13.2002-18:00:00,09,13,2002,18,37.613
09.13.2002-21:00:00,09,13,2002,21,38.102
09.14.2002-00:00:00,09,14,2002,00,38.14
09.14.2002-03:00:00,09,14,2002,03,37.951
09.14.2002-06:00:00,09,14,2002,06,35.099
09.14.2002-09:00:00,09,14,2002,09,33.924
09.14.2002-12:00:00,09,14,2002,12,33.728
09.14.2002-15:00:00,09,14,2002,15,34.007
09.14.2002-18:00:00,09,14,2002,18,36.886
09.14.2002-21:00:00,09,14,2002,21,37.154
09.15.2002-00:00:00,09,15,2002,00,37.162
09.15.2002-03:00:00,09,15,2002,03,37.013
09.15.2002-06:00:00,09,15,2002,06,34.468
09.15.2002-09:00:00,09,15,2002,09,33.221
09.15.2002-12:00:00,09,15,2002,12,33.03
09.15.2002-15:00:00,09,15,2002,15,32.947
09.15.2002-18:00:00,09,15,2002,18,35.767
09.15.2002-21:00:00,09,15,2002,21,36.166
09.16.2002-00:00:00,09,16,2002,00,36.16
09.16.2002-03:00:00,09,16,2002,03,36.106
09.16.2002-06:00:00,09,16,2002,06,33.353
09.16.2002-09:00:00,09,16,2002,09,32.497
09.16.2002-12:00:00,09,16,2002,12,32.323
09.16.2002-15:00:00,09,16,2002,15,32.254
09.16.2002-18:00:00,09,16,2002,18,34.878
09.16.2002-21:00:00,09,16,2002,21,35.302
09.17.2002-00:00:00,09,17,2002,00,35.303
09.17.2002-03:00:00,09,17,2002,03,35.303
09.17.2002-06:00:00,09,17,2002,06,33.454
09.17.2002-09:00:00,09,17,2002,09,31.872
09.17.2002-12:00:00,09,17,2002,12,31.762
09.17.2002-15:00:00,09,17,2002,15,33.089
09.17.2002-18:00:00,09,17,2002,18,34.306
09.17.2002-21:00:00,09,17,2002,21,34.592
09.18.2002-00:00:00,09,18,2002,00,34.591
09.18.2002-03:00:00,09,18,2002,03,34.576
09.18.2002-06:00:00,09,18,2002,06,32.698
09.18.2002-09:00:00,09,18,2002,09,31.238
09.18.2002-12:00:00,09,18,2002,12,31.07
09.18.2002-15:00:00,09,18,2002,15,31.81
09.18.2002-18:00:00,09,18,2002,18,33.672
09.18.2002-21:00:00,09,18,2002,21,33.864
09.19.2002-00:00:00,09,19,2002,00,33.855
09.19.2002-03:00:00,09,19,2002,03,33.833
09.19.2002-06:00:00,09,19,2002,06,32.143
09.19.2002-09:00:00,09,19,2002,09,30.643
09.19.2002-12:00:00,09,19,2002,12,30.459
09.19.2002-15:00:00,09,19,2002,15,30.402
09.19.2002-18:00:00,09,19,2002,18,32.337
09.19.2002-21:00:00,09,19,2002,21,33.071
09.20.2002-00:00:00,09,20,2002,00,33.079
09.20.2002-03:00:00,09,20,2002,03,33.057
09.20.2002-06:00:00,09,20,2002,06,31.546
09.20.2002-09:00:00,09,20,2002,09,30.062
09.20.2002-12:00:00,09,20,2002,12,29.886
09.20.2002-15:00:00,09,20,2002,15,29.829
09.20.2002-18:00:00,09,20,2002,18,31.794
09.20.2002-21:00:00,09,20,2002,21,32.358
09.21.2002-00:00:00,09,21,2002,00,32.357
09.21.2002-03:00:00,09,21,2002,03,32.334
09.21.2002-06:00:00,09,21,2002,06,31.503
09.21.2002-09:00:00,09,21,2002,09,29.523
09.21.2002-12:00:00,09,21,2002,12,29.338
09.21.2002-15:00:00,09,21,2002,15,29.288
09.21.2002-18:00:00,09,21,2002,18,30.857
09.21.2002-21:00:00,09,21,2002,21,31.649
09.22.2002-00:00:00,09,22,2002,00,31.652
09.22.2002-03:00:00,09,22,2002,03,31.617
09.22.2002-06:00:00,09,22,2002,06,30.747
09.22.2002-09:00:00,09,22,2002,09,28.966
09.22.2002-12:00:00,09,22,2002,12,28.776
09.22.2002-15:00:00,09,22,2002,15,28.72
09.22.2002-18:00:00,09,22,2002,18,28.696
09.22.2002-21:00:00,09,22,2002,21,30.693
09.23.2002-00:00:00,09,23,2002,00,30.895
09.23.2002-03:00:00,09,23,2002,03,30.885
09.23.2002-06:00:00,09,23,2002,06,29.497
09.23.2002-09:00:00,09,23,2002,09,28.367
09.23.2002-12:00:00,09,23,2002,12,28.201
09.23.2002-15:00:00,09,23,2002,15,28.142
09.23.2002-18:00:00,09,23,2002,18,28.114
09.23.2002-21:00:00,09,23,2002,21,28.549
09.24.2002-00:00:00,09,24,2002,00,30.034
09.24.2002-03:00:00,09,24,2002,03,30.056
09.24.2002-06:00:00,09,24,2002,06,28.437
09.24.2002-09:00:00,09,24,2002,09,27.809
09.24.2002-12:00:00,09,24,2002,12,27.673
09.24.2002-15:00:00,09,24,2002,15,27.602
09.24.2002-18:00:00,09,24,2002,18,27.57
09.24.2002-21:00:00,09,24,2002,21,28.159
09.25.2002-00:00:00,09,25,2002,00,29.347
09.25.2002-03:00:00,09,25,2002,03,29.368
09.25.2002-06:00:00,09,25,2002,06,27.428
09.25.2002-09:00:00,09,25,2002,09,27.229
09.25.2002-12:00:00,09,25,2002,12,27.104
09.25.2002-15:00:00,09,25,2002,15,27.044
09.25.2002-18:00:00,09,25,2002,18,27.014
09.25.2002-21:00:00,09,25,2002,21,26.987
09.26.2002-00:00:00,09,26,2002,00,27.331
09.26.2002-03:00:00,09,26,2002,03,28.636
09.26.2002-06:00:00,09,26,2002,06,27.937
09.26.2002-09:00:00,09,26,2002,09,26.802
09.26.2002-12:00:00,09,26,2002,12,26.678
09.26.2002-15:00:00,09,26,2002,15,26.619
09.26.2002-18:00:00,09,26,2002,18,26.635
09.26.2002-21:00:00,09,26,2002,21,28.056
09.27.2002-00:00:00,09,27,2002,00,28.085
09.27.2002-03:00:00,09,27,2002,03,28.05
09.27.2002-06:00:00,09,27,2002,06,26.44
09.27.2002-09:00:00,09,27,2002,09,26.271
09.27.2002-12:00:00,09,27,2002,12,26.159
09.27.2002-15:00:00,09,27,2002,15,26.1
09.27.2002-18:00:00,09,27,2002,18,26.068
09.27.2002-21:00:00,09,27,2002,21,26.039
09.28.2002-00:00:00,09,28,2002,00,26.25
09.28.2002-03:00:00,09,28,2002,03,27.424
09.28.2002-06:00:00,09,28,2002,06,26.66
09.28.2002-09:00:00,09,28,2002,09,25.817
09.28.2002-12:00:00,09,28,2002,12,25.682
09.28.2002-15:00:00,09,28,2002,15,25.626
09.28.2002-18:00:00,09,28,2002,18,25.595
09.28.2002-21:00:00,09,28,2002,21,25.564
09.29.2002-00:00:00,09,29,2002,00,25.533
09.29.2002-03:00:00,09,29,2002,03,26.458
09.29.2002-06:00:00,09,29,2002,06,26.034
09.29.2002-09:00:00,09,29,2002,09,25.375
09.29.2002-12:00:00,09,29,2002,12,25.272
09.29.2002-15:00:00,09,29,2002,15,25.212
09.29.2002-18:00:00,09,29,2002,18,25.179
09.29.2002-21:00:00,09,29,2002,21,25.313
09.30.2002-00:00:00,09,30,2002,00,26.208
09.30.2002-03:00:00,09,30,2002,03,26.206
09.30.2002-06:00:00,09,30,2002,06,25.516
09.30.2002-09:00:00,09,30,2002,09,24.949
09.30.2002-12:00:00,09,30,2002,12,24.857
09.30.2002-15:00:00,09,30,2002,15,24.804
09.30.2002-18:00:00,09,30,2002,18,24.771
09.30.2002-21:00:00,09,30,2002,21,25.543
