TIMESTAMP,MONTH,DAY,YEAR,HOUR,C
10.01.2001-00:00:00,10,01,2001,00,84.675
10.01.2001-03:00:00,10,01,2001,03,84.764
10.01.2001-06:00:00,10,01,2001,06,83.516
10.01.2001-09:00:00,10,01,2001,09,74.042
10.01.2001-12:00:00,10,01,2001,12,71.081
10.01.2001-15:00:00,10,01,2001,15,70.542
10.01.2001-18:00:00,10,01,2001,18,82.15
10.01.2001-21:00:00,10,01,2001,21,82.929
10.02.2001-00:00:00,10,02,2001,00,83.006
10.02.2001-03:00:00,10,02,2001,03,83.095
10.02.2001-06:00:00,10,02,2001,06,81.693
10.02.2001-09:00:00,10,02,2001,09,72.777
10.02.2001-12:00:00,10,02,2001,12,69.733
10.02.2001-15:00:00,10,02,2001,15,69.195
10.02.2001-18:00:00,10,02,2001,18,80.418
10.02.2001-21:00:00,10,02,2001,21,81.46
10.03.2001-00:00:00,10,03,2001,00,81.62
10.03.2001-03:00:00,10,03,2001,03,81.737
10.03.2001-06:00:00,10,03,2001,06,80.694
10.03.2001-09:00:00,10,03,2001,09,71.549
10.03.2001-12:00:00,10,03,2001,12,68.526
10.03.2001-15:00:00,10,03,2001,15,68.348
10.03.2001-18:00:00,10,03,2001,18,79.348
10.03.2001-21:00:00,10,03,2001,21,80.195
10.04.2001-00:00:00,10,04,2001,00,80.33
10.04.2001-03:00:00,10,04,2001,03,80.437
10.04.2001-06:00:00,10,04,2001,06,79.661
10.04.2001-09:00:00,10,04,2001,09,71.178
10.04.2001-12:00:00,10,04,2001,12,68.139
10.04.2001-15:00:00,10,04,2001,15,68.185
10.04.2001-18:00:00,10,04,2001,18,78.366
10.04.2001-21:00:00,10,04,2001,21,79.152
10.05.2001-00:00:00,10,05,2001,00,79.318
10.05.2001-03:00:00,10,05,2001,03,79.339
10.05.2001-06:00:00,10,05,2001,06,79.301
10.05.2001-09:00:00,10,05,2001,09,71.006
10.05.2001-12:00:00,10,05,2001,12,67.927
10.05.2001-15:00:00,10,05,2001,15,68.915
10.05.2001-18:00:00,10,05,2001,18,77.545
10.05.2001-21:00:00,10,05,2001,21,78.155
10.06.2001-00:00:00,10,06,2001,00,78.283
10.06.2001-03:00:00,10,06,2001,03,78.251
10.06.2001-06:00:00,10,06,2001,06,78.208
10.06.2001-09:00:00,10,06,2001,09,70.958
10.06.2001-12:00:00,10,06,2001,12,68.377
10.06.2001-15:00:00,10,06,2001,15,69.659
10.06.2001-18:00:00,10,06,2001,18,76.663
10.06.2001-21:00:00,10,06,2001,21,77.127
10.07.2001-00:00:00,10,07,2001,00,77.165
10.07.2001-03:00:00,10,07,2001,03,77.247
10.07.2001-06:00:00,10,07,2001,06,77.207
10.07.2001-09:00:00,10,07,2001,09,71.445
10.07.2001-12:00:00,10,07,2001,12,69.422
10.07.2001-15:00:00,10,07,2001,15,70.247
10.07.2001-18:00:00,10,07,2001,18,75.882
10.07.2001-21:00:00,10,07,2001,21,76.263
10.08.2001-00:00:00,10,08,2001,00,76.403
10.08.2001-03:00:00,10,08,2001,03,76.364
10.08.2001-06:00:00,10,08,2001,06,76.313
10.08.2001-09:00:00,10,08,2001,09,76.024
10.08.2001-12:00:00,10,08,2001,12,69.868
10.08.2001-15:00:00,10,08,2001,15,70.255
10.08.2001-18:00:00,10,08,2001,18,75.827
10.08.2001-21:00:00,10,08,2001,21,76.148
10.09.2001-00:00:00,10,09,2001,00,75.397
10.09.2001-03:00:00,10,09,2001,03,75.247
10.09.2001-06:00:00,10,09,2001,06,74.045
10.09.2001-09:00:00,10,09,2001,09,68.748
10.09.2001-12:00:00,10,09,2001,12,66.63
10.09.2001-15:00:00,10,09,2001,15,66.932
10.09.2001-18:00:00,10,09,2001,18,73.75
10.09.2001-21:00:00,10,09,2001,21,74.268
10.10.2001-00:00:00,10,10,2001,00,74.503
10.10.2001-03:00:00,10,10,2001,03,74.425
10.10.2001-06:00:00,10,10,2001,06,74.364
10.10.2001-09:00:00,10,10,2001,09,84.928
10.10.2001-12:00:00,10,10,2001,12,94.98
10.10.2001-15:00:00,10,10,2001,15,85.957
10.10.2001-18:00:00,10,10,2001,18,76.184
10.10.2001-21:00:00,10,10,2001,21,74.442
10.11.2001-00:00:00,10,11,2001,00,74.307
10.11.2001-03:00:00,10,11,2001,03,74.238
10.11.2001-06:00:00,10,11,2001,06,74.168
10.11.2001-09:00:00,10,11,2001,09,72.879
10.11.2001-12:00:00,10,11,2001,12,86.375
10.11.2001-15:00:00,10,11,2001,15,81.413
10.11.2001-18:00:00,10,11,2001,18,75.242
10.11.2001-21:00:00,10,11,2001,21,74.86
10.12.2001-00:00:00,10,12,2001,00,74.781
10.12.2001-03:00:00,10,12,2001,03,74.283
10.12.2001-06:00:00,10,12,2001,06,74.143
10.12.2001-09:00:00,10,12,2001,09,76.883
10.12.2001-12:00:00,10,12,2001,12,92.035
10.12.2001-15:00:00,10,12,2001,15,88.173
10.12.2001-18:00:00,10,12,2001,18,82.931
10.12.2001-21:00:00,10,12,2001,21,81.513
10.13.2001-00:00:00,10,13,2001,00,80.38
10.13.2001-03:00:00,10,13,2001,03,78.693
10.13.2001-06:00:00,10,13,2001,06,77.945
10.13.2001-09:00:00,10,13,2001,09,77.363
10.13.2001-12:00:00,10,13,2001,12,68.485
10.13.2001-15:00:00,10,13,2001,15,68.951
10.13.2001-18:00:00,10,13,2001,18,73.141
10.13.2001-21:00:00,10,13,2001,21,73.463
10.14.2001-00:00:00,10,14,2001,00,74.143
10.14.2001-03:00:00,10,14,2001,03,74.2
10.14.2001-06:00:00,10,14,2001,06,73.66
10.14.2001-09:00:00,10,14,2001,09,69.32
10.14.2001-12:00:00,10,14,2001,12,67.971
10.14.2001-15:00:00,10,14,2001,15,66.53
10.14.2001-18:00:00,10,14,2001,18,72.992
10.14.2001-21:00:00,10,14,2001,21,72.91
10.15.2001-00:00:00,10,15,2001,00,72.689
10.15.2001-03:00:00,10,15,2001,03,72.585
10.15.2001-06:00:00,10,15,2001,06,72.486
10.15.2001-09:00:00,10,15,2001,09,68.863
10.15.2001-12:00:00,10,15,2001,12,66.199
10.15.2001-15:00:00,10,15,2001,15,65.505
10.15.2001-18:00:00,10,15,2001,18,71.125
10.15.2001-21:00:00,10,15,2001,21,71.457
10.16.2001-00:00:00,10,16,2001,00,71.485
10.16.2001-03:00:00,10,16,2001,03,71.396
10.16.2001-06:00:00,10,16,2001,06,71.298
10.16.2001-09:00:00,10,16,2001,09,65.065
10.16.2001-12:00:00,10,16,2001,12,62.967
10.16.2001-15:00:00,10,16,2001,15,63.715
10.16.2001-18:00:00,10,16,2001,18,69.143
10.16.2001-21:00:00,10,16,2001,21,70.079
10.17.2001-00:00:00,10,17,2001,00,70.134
10.17.2001-03:00:00,10,17,2001,03,70.123
10.17.2001-06:00:00,10,17,2001,06,70.032
10.17.2001-09:00:00,10,17,2001,09,66.477
10.17.2001-12:00:00,10,17,2001,12,65.631
10.17.2001-15:00:00,10,17,2001,15,67.061
10.17.2001-18:00:00,10,17,2001,18,68.99
10.17.2001-21:00:00,10,17,2001,21,69.045
10.18.2001-00:00:00,10,18,2001,00,69.013
10.18.2001-03:00:00,10,18,2001,03,68.95
10.18.2001-06:00:00,10,18,2001,06,68.055
10.18.2001-09:00:00,10,18,2001,09,62.574
10.18.2001-12:00:00,10,18,2001,12,61.268
10.18.2001-15:00:00,10,18,2001,15,61.958
10.18.2001-18:00:00,10,18,2001,18,65.969
10.18.2001-21:00:00,10,18,2001,21,67.579
10.19.2001-00:00:00,10,19,2001,00,67.995
10.19.2001-03:00:00,10,19,2001,03,67.884
10.19.2001-06:00:00,10,19,2001,06,67.851
10.19.2001-09:00:00,10,19,2001,09,65.608
10.19.2001-12:00:00,10,19,2001,12,60.57
10.19.2001-15:00:00,10,19,2001,15,60.771
10.19.2001-18:00:00,10,19,2001,18,64.129
10.19.2001-21:00:00,10,19,2001,21,66.863
10.20.2001-00:00:00,10,20,2001,00,66.671
10.20.2001-03:00:00,10,20,2001,03,66.647
10.20.2001-06:00:00,10,20,2001,06,66.56
10.20.2001-09:00:00,10,20,2001,09,60.874
10.20.2001-12:00:00,10,20,2001,12,59.367
10.20.2001-15:00:00,10,20,2001,15,60.222
10.20.2001-18:00:00,10,20,2001,18,62.987
10.20.2001-21:00:00,10,20,2001,21,65.224
10.21.2001-00:00:00,10,21,2001,00,65.551
10.21.2001-03:00:00,10,21,2001,03,65.478
10.21.2001-06:00:00,10,21,2001,06,65.387
10.21.2001-09:00:00,10,21,2001,09,73.691
10.21.2001-12:00:00,10,21,2001,12,66.243
10.21.2001-15:00:00,10,21,2001,15,64.079
10.21.2001-18:00:00,10,21,2001,18,65.176
10.21.2001-21:00:00,10,21,2001,21,64.901
10.22.2001-00:00:00,10,22,2001,00,64.802
10.22.2001-03:00:00,10,22,2001,03,64.721
10.22.2001-06:00:00,10,22,2001,06,64.637
10.22.2001-09:00:00,10,22,2001,09,73.599
10.22.2001-12:00:00,10,22,2001,12,81.363
10.22.2001-15:00:00,10,22,2001,15,69.613
10.22.2001-18:00:00,10,22,2001,18,65.137
10.22.2001-21:00:00,10,22,2001,21,64.865
10.23.2001-00:00:00,10,23,2001,00,64.795
10.23.2001-03:00:00,10,23,2001,03,64.699
10.23.2001-06:00:00,10,23,2001,06,64.571
10.23.2001-09:00:00,10,23,2001,09,67.623
10.23.2001-12:00:00,10,23,2001,12,89.735
10.23.2001-15:00:00,10,23,2001,15,87.218
10.23.2001-18:00:00,10,23,2001,18,70.411
10.23.2001-21:00:00,10,23,2001,21,65.668
10.24.2001-00:00:00,10,24,2001,00,65.38
10.24.2001-03:00:00,10,24,2001,03,65.313
10.24.2001-06:00:00,10,24,2001,06,65.222
10.24.2001-09:00:00,10,24,2001,09,63.664
10.24.2001-12:00:00,10,24,2001,12,61.663
10.24.2001-15:00:00,10,24,2001,15,63.083
10.24.2001-18:00:00,10,24,2001,18,64.524
10.24.2001-21:00:00,10,24,2001,21,64.5
10.25.2001-00:00:00,10,25,2001,00,64.381
10.25.2001-03:00:00,10,25,2001,03,64.262
10.25.2001-06:00:00,10,25,2001,06,64.143
10.25.2001-09:00:00,10,25,2001,09,64.023
10.25.2001-12:00:00,10,25,2001,12,64.956
10.25.2001-15:00:00,10,25,2001,15,71.03
10.25.2001-18:00:00,10,25,2001,18,66.651
10.25.2001-21:00:00,10,25,2001,21,65.253
10.26.2001-00:00:00,10,26,2001,00,63.811
10.26.2001-03:00:00,10,26,2001,03,63.615
10.26.2001-06:00:00,10,26,2001,06,63.461
10.26.2001-09:00:00,10,26,2001,09,63.165
10.26.2001-12:00:00,10,26,2001,12,62.997
10.26.2001-15:00:00,10,26,2001,15,65.426
10.26.2001-18:00:00,10,26,2001,18,65.016
10.26.2001-21:00:00,10,26,2001,21,63.144
10.27.2001-00:00:00,10,27,2001,00,62.929
10.27.2001-03:00:00,10,27,2001,03,62.829
10.27.2001-06:00:00,10,27,2001,06,62.717
10.27.2001-09:00:00,10,27,2001,09,60.643
10.27.2001-12:00:00,10,27,2001,12,59.172
10.27.2001-15:00:00,10,27,2001,15,59.912
10.27.2001-18:00:00,10,27,2001,18,62.835
10.27.2001-21:00:00,10,27,2001,21,61.336
10.28.2001-00:00:00,10,28,2001,00,61.675
10.28.2001-03:00:00,10,28,2001,03,61.805
10.28.2001-06:00:00,10,28,2001,06,61.697
10.28.2001-09:00:00,10,28,2001,09,59.953
10.28.2001-12:00:00,10,28,2001,12,58.672
10.28.2001-15:00:00,10,28,2001,15,59.616
10.28.2001-18:00:00,10,28,2001,18,60.54
10.28.2001-21:00:00,10,28,2001,21,60.425
10.29.2001-00:00:00,10,29,2001,00,60.698
10.29.2001-03:00:00,10,29,2001,03,60.771
10.29.2001-06:00:00,10,29,2001,06,60.662
10.29.2001-09:00:00,10,29,2001,09,59.659
10.29.2001-12:00:00,10,29,2001,12,59.114
10.29.2001-15:00:00,10,29,2001,15,59.689
10.29.2001-18:00:00,10,29,2001,18,60.108
10.29.2001-21:00:00,10,29,2001,21,60.043
10.30.2001-00:00:00,10,30,2001,00,59.943
10.30.2001-03:00:00,10,30,2001,03,59.825
10.30.2001-06:00:00,10,30,2001,06,59.705
10.30.2001-09:00:00,10,30,2001,09,59.572
10.30.2001-12:00:00,10,30,2001,12,59.433
10.30.2001-15:00:00,10,30,2001,15,59.353
10.30.2001-18:00:00,10,30,2001,18,59.244
10.30.2001-21:00:00,10,30,2001,21,59.126
10.31.2001-00:00:00,10,31,2001,00,59.018
10.31.2001-03:00:00,10,31,2001,03,58.941
10.31.2001-06:00:00,10,31,2001,06,58.893
10.31.2001-09:00:00,10,31,2001,09,67.23
10.31.2001-12:00:00,10,31,2001,12,98.164
10.31.2001-15:00:00,10,31,2001,15,92.519
10.31.2001-18:00:00,10,31,2001,18,77.408
10.31.2001-21:00:00,10,31,2001,21,65.304
11.01.2001-00:00:00,11,01,2001,00,62.469
11.01.2001-03:00:00,11,01,2001,03,62.519
11.01.2001-06:00:00,11,01,2001,06,62.587
11.01.2001-09:00:00,11,01,2001,09,61.845
11.01.2001-12:00:00,11,01,2001,12,60.778
11.01.2001-15:00:00,11,01,2001,15,61.585
11.01.2001-18:00:00,11,01,2001,18,61.908
11.01.2001-21:00:00,11,01,2001,21,61.79
11.02.2001-00:00:00,11,02,2001,00,61.647
11.02.2001-03:00:00,11,02,2001,03,61.505
11.02.2001-06:00:00,11,02,2001,06,61.364
11.02.2001-09:00:00,11,02,2001,09,60.081
11.02.2001-12:00:00,11,02,2001,12,58.64
11.02.2001-15:00:00,11,02,2001,15,59.9
11.02.2001-18:00:00,11,02,2001,18,60.59
11.02.2001-21:00:00,11,02,2001,21,60.512
11.03.2001-00:00:00,11,03,2001,00,60.377
11.03.2001-03:00:00,11,03,2001,03,60.241
11.03.2001-06:00:00,11,03,2001,06,60.107
11.03.2001-09:00:00,11,03,2001,09,58.937
11.03.2001-12:00:00,11,03,2001,12,57.631
11.03.2001-15:00:00,11,03,2001,15,58.817
11.03.2001-18:00:00,11,03,2001,18,59.387
11.03.2001-21:00:00,11,03,2001,21,59.311
11.04.2001-00:00:00,11,04,2001,00,59.206
11.04.2001-03:00:00,11,04,2001,03,59.086
11.04.2001-06:00:00,11,04,2001,06,58.957
11.04.2001-09:00:00,11,04,2001,09,57.656
11.04.2001-12:00:00,11,04,2001,12,56.365
11.04.2001-15:00:00,11,04,2001,15,57.552
11.04.2001-18:00:00,11,04,2001,18,58.267
11.04.2001-21:00:00,11,04,2001,21,58.223
11.05.2001-00:00:00,11,05,2001,00,58.142
11.05.2001-03:00:00,11,05,2001,03,58.065
11.05.2001-06:00:00,11,05,2001,06,57.985
11.05.2001-09:00:00,11,05,2001,09,57.064
11.05.2001-12:00:00,11,05,2001,12,55.883
11.05.2001-15:00:00,11,05,2001,15,56.898
11.05.2001-18:00:00,11,05,2001,18,57.394
11.05.2001-21:00:00,11,05,2001,21,57.323
11.06.2001-00:00:00,11,06,2001,00,57.213
11.06.2001-03:00:00,11,06,2001,03,57.093
11.06.2001-06:00:00,11,06,2001,06,56.968
11.06.2001-09:00:00,11,06,2001,09,56.185
11.06.2001-12:00:00,11,06,2001,12,54.993
11.06.2001-15:00:00,11,06,2001,15,56.053
11.06.2001-18:00:00,11,06,2001,18,56.368
11.06.2001-21:00:00,11,06,2001,21,56.271
11.07.2001-00:00:00,11,07,2001,00,56.149
11.07.2001-03:00:00,11,07,2001,03,56.028
11.07.2001-06:00:00,11,07,2001,06,55.907
11.07.2001-09:00:00,11,07,2001,09,55.786
11.07.2001-12:00:00,11,07,2001,12,54.708
11.07.2001-15:00:00,11,07,2001,15,55.451
11.07.2001-18:00:00,11,07,2001,18,55.39
11.07.2001-21:00:00,11,07,2001,21,55.271
11.08.2001-00:00:00,11,08,2001,00,55.153
11.08.2001-03:00:00,11,08,2001,03,55.035
11.08.2001-06:00:00,11,08,2001,06,54.917
11.08.2001-09:00:00,11,08,2001,09,54.133
11.08.2001-12:00:00,11,08,2001,12,53.157
11.08.2001-15:00:00,11,08,2001,15,54.054
11.08.2001-18:00:00,11,08,2001,18,54.352
11.08.2001-21:00:00,11,08,2001,21,54.264
11.09.2001-00:00:00,11,09,2001,00,54.15
11.09.2001-03:00:00,11,09,2001,03,54.036
11.09.2001-06:00:00,11,09,2001,06,53.921
11.09.2001-09:00:00,11,09,2001,09,53.138
11.09.2001-12:00:00,11,09,2001,12,51.89
11.09.2001-15:00:00,11,09,2001,15,53.395
11.09.2001-18:00:00,11,09,2001,18,53.389
11.09.2001-21:00:00,11,09,2001,21,53.277
11.10.2001-00:00:00,11,10,2001,00,53.166
11.10.2001-03:00:00,11,10,2001,03,53.055
11.10.2001-06:00:00,11,10,2001,06,52.944
11.10.2001-09:00:00,11,10,2001,09,52.243
11.10.2001-12:00:00,11,10,2001,12,51.106
11.10.2001-15:00:00,11,10,2001,15,52.45
11.10.2001-18:00:00,11,10,2001,18,52.436
11.10.2001-21:00:00,11,10,2001,21,52.327
11.11.2001-00:00:00,11,11,2001,00,52.218
11.11.2001-03:00:00,11,11,2001,03,52.11
11.11.2001-06:00:00,11,11,2001,06,52.002
11.11.2001-09:00:00,11,11,2001,09,51.168
11.11.2001-12:00:00,11,11,2001,12,49.949
11.11.2001-15:00:00,11,11,2001,15,51.131
11.11.2001-18:00:00,11,11,2001,18,51.486
11.11.2001-21:00:00,11,11,2001,21,51.411
11.12.2001-00:00:00,11,12,2001,00,51.315
11.12.2001-03:00:00,11,12,2001,03,51.212
11.12.2001-06:00:00,11,12,2001,06,51.107
11.12.2001-09:00:00,11,12,2001,09,50.851
11.12.2001-12:00:00,11,12,2001,12,50.475
11.12.2001-15:00:00,11,12,2001,15,50.702
11.12.2001-18:00:00,11,12,2001,18,50.667
11.12.2001-21:00:00,11,12,2001,21,50.566
11.13.2001-00:00:00,11,13,2001,00,50.462
11.13.2001-03:00:00,11,13,2001,03,50.359
11.13.2001-06:00:00,11,13,2001,06,50.256
11.13.2001-09:00:00,11,13,2001,09,50.082
11.13.2001-12:00:00,11,13,2001,12,50.06
11.13.2001-15:00:00,11,13,2001,15,49.984
11.13.2001-18:00:00,11,13,2001,18,49.919
11.13.2001-21:00:00,11,13,2001,21,49.887
11.14.2001-00:00:00,11,14,2001,00,65.474
11.14.2001-03:00:00,11,14,2001,03,71.826
11.14.2001-06:00:00,11,14,2001,06,75.082
11.14.2001-09:00:00,11,14,2001,09,87.743
11.14.2001-12:00:00,11,14,2001,12,99.597
11.14.2001-15:00:00,11,14,2001,15,122.09
11.14.2001-18:00:00,11,14,2001,18,140.32
11.14.2001-21:00:00,11,14,2001,21,139.44
11.15.2001-00:00:00,11,15,2001,00,87.973
11.15.2001-03:00:00,11,15,2001,03,80.507
11.15.2001-06:00:00,11,15,2001,06,80.307
11.15.2001-09:00:00,11,15,2001,09,83.627
11.15.2001-12:00:00,11,15,2001,12,86.171
11.15.2001-15:00:00,11,15,2001,15,86.706
11.15.2001-18:00:00,11,15,2001,18,83.642
11.15.2001-21:00:00,11,15,2001,21,81.708
11.16.2001-00:00:00,11,16,2001,00,80.527
11.16.2001-03:00:00,11,16,2001,03,80.44
11.16.2001-06:00:00,11,16,2001,06,80.29
11.16.2001-09:00:00,11,16,2001,09,79.716
11.16.2001-12:00:00,11,16,2001,12,78.812
11.16.2001-15:00:00,11,16,2001,15,79.209
11.16.2001-18:00:00,11,16,2001,18,79.177
11.16.2001-21:00:00,11,16,2001,21,78.903
11.17.2001-00:00:00,11,17,2001,00,78.619
11.17.2001-03:00:00,11,17,2001,03,78.342
11.17.2001-06:00:00,11,17,2001,06,78.066
11.17.2001-09:00:00,11,17,2001,09,77.074
11.17.2001-12:00:00,11,17,2001,12,75.683
11.17.2001-15:00:00,11,17,2001,15,76.597
11.17.2001-18:00:00,11,17,2001,18,76.85
11.17.2001-21:00:00,11,17,2001,21,76.651
11.18.2001-00:00:00,11,18,2001,00,76.411
11.18.2001-03:00:00,11,18,2001,03,76.171
11.18.2001-06:00:00,11,18,2001,06,75.924
11.18.2001-09:00:00,11,18,2001,09,75.68
11.18.2001-12:00:00,11,18,2001,12,75.178
11.18.2001-15:00:00,11,18,2001,15,75.173
11.18.2001-18:00:00,11,18,2001,18,74.954
11.18.2001-21:00:00,11,18,2001,21,74.722
11.19.2001-00:00:00,11,19,2001,00,74.492
11.19.2001-03:00:00,11,19,2001,03,74.266
11.19.2001-06:00:00,11,19,2001,06,74.044
11.19.2001-09:00:00,11,19,2001,09,73.823
11.19.2001-12:00:00,11,19,2001,12,73.605
11.19.2001-15:00:00,11,19,2001,15,73.389
11.19.2001-18:00:00,11,19,2001,18,73.176
11.19.2001-21:00:00,11,19,2001,21,72.965
11.20.2001-00:00:00,11,20,2001,00,72.757
11.20.2001-03:00:00,11,20,2001,03,72.551
11.20.2001-06:00:00,11,20,2001,06,72.347
11.20.2001-09:00:00,11,20,2001,09,72.104
11.20.2001-12:00:00,11,20,2001,12,71.893
11.20.2001-15:00:00,11,20,2001,15,71.814
11.20.2001-18:00:00,11,20,2001,18,71.697
11.20.2001-21:00:00,11,20,2001,21,71.586
11.21.2001-00:00:00,11,21,2001,00,71.468
11.21.2001-03:00:00,11,21,2001,03,71.349
11.21.2001-06:00:00,11,21,2001,06,71.218
11.21.2001-09:00:00,11,21,2001,09,70.943
11.21.2001-12:00:00,11,21,2001,12,70.714
11.21.2001-15:00:00,11,21,2001,15,70.66
11.21.2001-18:00:00,11,21,2001,18,70.529
11.21.2001-21:00:00,11,21,2001,21,70.36
11.22.2001-00:00:00,11,22,2001,00,70.186
11.22.2001-03:00:00,11,22,2001,03,70.041
11.22.2001-06:00:00,11,22,2001,06,69.917
11.22.2001-09:00:00,11,22,2001,09,69.796
11.22.2001-12:00:00,11,22,2001,12,69.73
11.22.2001-15:00:00,11,22,2001,15,69.763
11.22.2001-18:00:00,11,22,2001,18,69.778
11.22.2001-21:00:00,11,22,2001,21,69.799
11.23.2001-00:00:00,11,23,2001,00,69.794
11.23.2001-03:00:00,11,23,2001,03,69.766
11.23.2001-06:00:00,11,23,2001,06,69.714
11.23.2001-09:00:00,11,23,2001,09,69.399
11.23.2001-12:00:00,11,23,2001,12,68.795
11.23.2001-15:00:00,11,23,2001,15,69.133
11.23.2001-18:00:00,11,23,2001,18,69.094
11.23.2001-21:00:00,11,23,2001,21,68.94
11.24.2001-00:00:00,11,24,2001,00,68.782
11.24.2001-03:00:00,11,24,2001,03,68.625
11.24.2001-06:00:00,11,24,2001,06,68.469
11.24.2001-09:00:00,11,24,2001,09,68.314
11.24.2001-12:00:00,11,24,2001,12,68.16
11.24.2001-15:00:00,11,24,2001,15,68.008
11.24.2001-18:00:00,11,24,2001,18,67.857
11.24.2001-21:00:00,11,24,2001,21,67.706
11.25.2001-00:00:00,11,25,2001,00,67.557
11.25.2001-03:00:00,11,25,2001,03,67.409
11.25.2001-06:00:00,11,25,2001,06,67.262
11.25.2001-09:00:00,11,25,2001,09,67.116
11.25.2001-12:00:00,11,25,2001,12,66.679
11.25.2001-15:00:00,11,25,2001,15,66.798
11.25.2001-18:00:00,11,25,2001,18,66.673
11.25.2001-21:00:00,11,25,2001,21,66.531
11.26.2001-00:00:00,11,26,2001,00,66.389
11.26.2001-03:00:00,11,26,2001,03,66.249
11.26.2001-06:00:00,11,26,2001,06,66.109
11.26.2001-09:00:00,11,26,2001,09,65.97
11.26.2001-12:00:00,11,26,2001,12,65.831
11.26.2001-15:00:00,11,26,2001,15,65.694
11.26.2001-18:00:00,11,26,2001,18,65.557
11.26.2001-21:00:00,11,26,2001,21,65.422
11.27.2001-00:00:00,11,27,2001,00,65.286
11.27.2001-03:00:00,11,27,2001,03,65.152
11.27.2001-06:00:00,11,27,2001,06,65.017
11.27.2001-09:00:00,11,27,2001,09,64.884
11.27.2001-12:00:00,11,27,2001,12,64.751
11.27.2001-15:00:00,11,27,2001,15,64.619
11.27.2001-18:00:00,11,27,2001,18,64.488
11.27.2001-21:00:00,11,27,2001,21,64.357
11.28.2001-00:00:00,11,28,2001,00,64.226
11.28.2001-03:00:00,11,28,2001,03,64.096
11.28.2001-06:00:00,11,28,2001,06,63.967
11.28.2001-09:00:00,11,28,2001,09,63.838
11.28.2001-12:00:00,11,28,2001,12,63.71
11.28.2001-15:00:00,11,28,2001,15,63.582
11.28.2001-18:00:00,11,28,2001,18,63.455
11.28.2001-21:00:00,11,28,2001,21,63.328
11.29.2001-00:00:00,11,29,2001,00,63.202
11.29.2001-03:00:00,11,29,2001,03,63.076
11.29.2001-06:00:00,11,29,2001,06,62.95
11.29.2001-09:00:00,11,29,2001,09,62.825
11.29.2001-12:00:00,11,29,2001,12,62.701
11.29.2001-15:00:00,11,29,2001,15,62.577
11.29.2001-18:00:00,11,29,2001,18,62.453
11.29.2001-21:00:00,11,29,2001,21,62.33
11.30.2001-00:00:00,11,30,2001,00,62.207
11.30.2001-03:00:00,11,30,2001,03,62.084
11.30.2001-06:00:00,11,30,2001,06,61.962
11.30.2001-09:00:00,11,30,2001,09,61.84
11.30.2001-12:00:00,11,30,2001,12,61.719
11.30.2001-15:00:00,11,30,2001,15,61.598
11.30.2001-18:00:00,11,30,2001,18,61.477
11.30.2001-21:00:00,11,30,2001,21,61.357
12.01.2001-00:00:00,12,01,2001,00,61.237
12.01.2001-03:00:00,12,01,2001,03,61.117
12.01.2001-06:00:00,12,01,2001,06,60.998
12.01.2001-09:00:00,12,01,2001,09,60.879
12.01.2001-12:00:00,12,01,2001,12,60.76
12.01.2001-15:00:00,12,01,2001,15,60.642
12.01.2001-18:00:00,12,01,2001,18,60.524
12.01.2001-21:00:00,12,01,2001,21,60.407
12.02.2001-00:00:00,12,02,2001,00,60.289
12.02.2001-03:00:00,12,02,2001,03,60.172
12.02.2001-06:00:00,12,02,2001,06,60.056
12.02.2001-09:00:00,12,02,2001,09,59.939
12.02.2001-12:00:00,12,02,2001,12,59.823
12.02.2001-15:00:00,12,02,2001,15,59.707
12.02.2001-18:00:00,12,02,2001,18,59.592
12.02.2001-21:00:00,12,02,2001,21,59.477
12.03.2001-00:00:00,12,03,2001,00,59.362
12.03.2001-03:00:00,12,03,2001,03,59.247
12.03.2001-06:00:00,12,03,2001,06,59.132
12.03.2001-09:00:00,12,03,2001,09,59.018
12.03.2001-12:00:00,12,03,2001,12,58.904
12.03.2001-15:00:00,12,03,2001,15,58.791
12.03.2001-18:00:00,12,03,2001,18,58.678
12.03.2001-21:00:00,12,03,2001,21,58.565
12.04.2001-00:00:00,12,04,2001,00,58.457
12.04.2001-03:00:00,12,04,2001,03,58.35
12.04.2001-06:00:00,12,04,2001,06,58.242
12.04.2001-09:00:00,12,04,2001,09,58.135
12.04.2001-12:00:00,12,04,2001,12,58.028
12.04.2001-15:00:00,12,04,2001,15,57.921
12.04.2001-18:00:00,12,04,2001,18,57.814
12.04.2001-21:00:00,12,04,2001,21,57.708
12.05.2001-00:00:00,12,05,2001,00,57.601
12.05.2001-03:00:00,12,05,2001,03,57.495
12.05.2001-06:00:00,12,05,2001,06,57.389
12.05.2001-09:00:00,12,05,2001,09,57.283
12.05.2001-12:00:00,12,05,2001,12,57.177
12.05.2001-15:00:00,12,05,2001,15,57.071
12.05.2001-18:00:00,12,05,2001,18,56.966
12.05.2001-21:00:00,12,05,2001,21,56.861
12.06.2001-00:00:00,12,06,2001,00,56.755
12.06.2001-03:00:00,12,06,2001,03,56.65
12.06.2001-06:00:00,12,06,2001,06,56.545
12.06.2001-09:00:00,12,06,2001,09,56.441
12.06.2001-12:00:00,12,06,2001,12,56.336
12.06.2001-15:00:00,12,06,2001,15,56.232
12.06.2001-18:00:00,12,06,2001,18,56.128
12.06.2001-21:00:00,12,06,2001,21,56.023
12.07.2001-00:00:00,12,07,2001,00,55.919
12.07.2001-03:00:00,12,07,2001,03,55.815
12.07.2001-06:00:00,12,07,2001,06,55.712
12.07.2001-09:00:00,12,07,2001,09,55.608
12.07.2001-12:00:00,12,07,2001,12,55.505
12.07.2001-15:00:00,12,07,2001,15,55.402
12.07.2001-18:00:00,12,07,2001,18,55.298
12.07.2001-21:00:00,12,07,2001,21,55.196
12.08.2001-00:00:00,12,08,2001,00,55.093
12.08.2001-03:00:00,12,08,2001,03,54.99
12.08.2001-06:00:00,12,08,2001,06,54.888
12.08.2001-09:00:00,12,08,2001,09,54.786
12.08.2001-12:00:00,12,08,2001,12,54.683
12.08.2001-15:00:00,12,08,2001,15,54.581
12.08.2001-18:00:00,12,08,2001,18,54.479
12.08.2001-21:00:00,12,08,2001,21,54.378
12.09.2001-00:00:00,12,09,2001,00,54.276
12.09.2001-03:00:00,12,09,2001,03,54.175
12.09.2001-06:00:00,12,09,2001,06,54.073
12.09.2001-09:00:00,12,09,2001,09,53.972
12.09.2001-12:00:00,12,09,2001,12,53.871
12.09.2001-15:00:00,12,09,2001,15,53.77
12.09.2001-18:00:00,12,09,2001,18,53.67
12.09.2001-21:00:00,12,09,2001,21,53.569
12.10.2001-00:00:00,12,10,2001,00,53.469
12.10.2001-03:00:00,12,10,2001,03,53.369
12.10.2001-06:00:00,12,10,2001,06,53.269
12.10.2001-09:00:00,12,10,2001,09,53.169
12.10.2001-12:00:00,12,10,2001,12,53.069
12.10.2001-15:00:00,12,10,2001,15,52.969
12.10.2001-18:00:00,12,10,2001,18,52.87
12.10.2001-21:00:00,12,10,2001,21,52.771
12.11.2001-00:00:00,12,11,2001,00,52.672
12.11.2001-03:00:00,12,11,2001,03,52.573
12.11.2001-06:00:00,12,11,2001,06,52.475
12.11.2001-09:00:00,12,11,2001,09,52.376
12.11.2001-12:00:00,12,11,2001,12,52.278
12.11.2001-15:00:00,12,11,2001,15,52.18
12.11.2001-18:00:00,12,11,2001,18,52.082
12.11.2001-21:00:00,12,11,2001,21,51.984
12.12.2001-00:00:00,12,12,2001,00,51.886
12.12.2001-03:00:00,12,12,2001,03,51.789
12.12.2001-06:00:00,12,12,2001,06,51.692
12.12.2001-09:00:00,12,12,2001,09,51.594
12.12.2001-12:00:00,12,12,2001,12,51.497
12.12.2001-15:00:00,12,12,2001,15,51.401
12.12.2001-18:00:00,12,12,2001,18,51.304
12.12.2001-21:00:00,12,12,2001,21,51.207
12.13.2001-00:00:00,12,13,2001,00,51.111
12.13.2001-03:00:00,12,13,2001,03,51.015
12.13.2001-06:00:00,12,13,2001,06,50.919
12.13.2001-09:00:00,12,13,2001,09,50.823
12.13.2001-12:00:00,12,13,2001,12,50.741
12.13.2001-15:00:00,12,13,2001,15,50.659
12.13.2001-18:00:00,12,13,2001,18,50.577
12.13.2001-21:00:00,12,13,2001,21,50.495
12.14.2001-00:00:00,12,14,2001,00,50.413
12.14.2001-03:00:00,12,14,2001,03,50.331
12.14.2001-06:00:00,12,14,2001,06,50.248
12.14.2001-09:00:00,12,14,2001,09,50.166
12.14.2001-12:00:00,12,14,2001,12,50.084
12.14.2001-15:00:00,12,14,2001,15,50.002
12.14.2001-18:00:00,12,14,2001,18,49.919
12.14.2001-21:00:00,12,14,2001,21,49.837
12.15.2001-00:00:00,12,15,2001,00,49.754
12.15.2001-03:00:00,12,15,2001,03,49.672
12.15.2001-06:00:00,12,15,2001,06,49.589
12.15.2001-09:00:00,12,15,2001,09,49.507
12.15.2001-12:00:00,12,15,2001,12,49.424
12.15.2001-15:00:00,12,15,2001,15,49.342
12.15.2001-18:00:00,12,15,2001,18,49.259
12.15.2001-21:00:00,12,15,2001,21,49.177
12.16.2001-00:00:00,12,16,2001,00,49.094
12.16.2001-03:00:00,12,16,2001,03,49.011
12.16.2001-06:00:00,12,16,2001,06,48.929
12.16.2001-09:00:00,12,16,2001,09,48.846
12.16.2001-12:00:00,12,16,2001,12,48.764
12.16.2001-15:00:00,12,16,2001,15,48.681
12.16.2001-18:00:00,12,16,2001,18,48.598
12.16.2001-21:00:00,12,16,2001,21,48.516
12.17.2001-00:00:00,12,17,2001,00,48.433
12.17.2001-03:00:00,12,17,2001,03,48.351
12.17.2001-06:00:00,12,17,2001,06,48.268
12.17.2001-09:00:00,12,17,2001,09,48.186
12.17.2001-12:00:00,12,17,2001,12,48.103
12.17.2001-15:00:00,12,17,2001,15,48.021
12.17.2001-18:00:00,12,17,2001,18,47.938
12.17.2001-21:00:00,12,17,2001,21,47.856
12.18.2001-00:00:00,12,18,2001,00,47.773
12.18.2001-03:00:00,12,18,2001,03,47.691
12.18.2001-06:00:00,12,18,2001,06,47.609
12.18.2001-09:00:00,12,18,2001,09,47.526
12.18.2001-12:00:00,12,18,2001,12,47.444
12.18.2001-15:00:00,12,18,2001,15,47.362
12.18.2001-18:00:00,12,18,2001,18,47.28
12.18.2001-21:00:00,12,18,2001,21,47.198
12.19.2001-00:00:00,12,19,2001,00,47.116
12.19.2001-03:00:00,12,19,2001,03,47.034
12.19.2001-06:00:00,12,19,2001,06,46.952
12.19.2001-09:00:00,12,19,2001,09,46.87
12.19.2001-12:00:00,12,19,2001,12,46.788
12.19.2001-15:00:00,12,19,2001,15,46.706
12.19.2001-18:00:00,12,19,2001,18,46.624
12.19.2001-21:00:00,12,19,2001,21,46.543
12.20.2001-00:00:00,12,20,2001,00,46.461
12.20.2001-03:00:00,12,20,2001,03,46.379
12.20.2001-06:00:00,12,20,2001,06,46.298
12.20.2001-09:00:00,12,20,2001,09,46.217
12.20.2001-12:00:00,12,20,2001,12,46.135
12.20.2001-15:00:00,12,20,2001,15,46.054
12.20.2001-18:00:00,12,20,2001,18,45.973
12.20.2001-21:00:00,12,20,2001,21,45.891
12.21.2001-00:00:00,12,21,2001,00,45.81
12.21.2001-03:00:00,12,21,2001,03,45.729
12.21.2001-06:00:00,12,21,2001,06,45.649
12.21.2001-09:00:00,12,21,2001,09,45.568
12.21.2001-12:00:00,12,21,2001,12,45.487
12.21.2001-15:00:00,12,21,2001,15,45.406
12.21.2001-18:00:00,12,21,2001,18,45.326
12.21.2001-21:00:00,12,21,2001,21,45.245
12.22.2001-00:00:00,12,22,2001,00,45.165
12.22.2001-03:00:00,12,22,2001,03,45.085
12.22.2001-06:00:00,12,22,2001,06,45.004
12.22.2001-09:00:00,12,22,2001,09,44.924
12.22.2001-12:00:00,12,22,2001,12,44.844
12.22.2001-15:00:00,12,22,2001,15,44.764
12.22.2001-18:00:00,12,22,2001,18,44.684
12.22.2001-21:00:00,12,22,2001,21,44.605
12.23.2001-00:00:00,12,23,2001,00,44.525
12.23.2001-03:00:00,12,23,2001,03,44.446
12.23.2001-06:00:00,12,23,2001,06,44.367
12.23.2001-09:00:00,12,23,2001,09,44.288
12.23.2001-12:00:00,12,23,2001,12,44.209
12.23.2001-15:00:00,12,23,2001,15,44.13
12.23.2001-18:00:00,12,23,2001,18,44.051
12.23.2001-21:00:00,12,23,2001,21,43.973
12.24.2001-00:00:00,12,24,2001,00,43.894
12.24.2001-03:00:00,12,24,2001,03,43.815
12.24.2001-06:00:00,12,24,2001,06,43.737
12.24.2001-09:00:00,12,24,2001,09,43.659
12.24.2001-12:00:00,12,24,2001,12,43.581
12.24.2001-15:00:00,12,24,2001,15,43.502
12.24.2001-18:00:00,12,24,2001,18,43.424
12.24.2001-21:00:00,12,24,2001,21,43.347
12.25.2001-00:00:00,12,25,2001,00,43.269
12.25.2001-03:00:00,12,25,2001,03,43.191
12.25.2001-06:00:00,12,25,2001,06,43.114
12.25.2001-09:00:00,12,25,2001,09,43.036
12.25.2001-12:00:00,12,25,2001,12,42.959
12.25.2001-15:00:00,12,25,2001,15,42.882
12.25.2001-18:00:00,12,25,2001,18,42.805
12.25.2001-21:00:00,12,25,2001,21,42.728
12.26.2001-00:00:00,12,26,2001,00,42.651
12.26.2001-03:00:00,12,26,2001,03,42.574
12.26.2001-06:00:00,12,26,2001,06,42.497
12.26.2001-09:00:00,12,26,2001,09,42.421
12.26.2001-12:00:00,12,26,2001,12,42.344
12.26.2001-15:00:00,12,26,2001,15,42.268
12.26.2001-18:00:00,12,26,2001,18,42.192
12.26.2001-21:00:00,12,26,2001,21,42.116
12.27.2001-00:00:00,12,27,2001,00,42.04
12.27.2001-03:00:00,12,27,2001,03,41.964
12.27.2001-06:00:00,12,27,2001,06,41.889
12.27.2001-09:00:00,12,27,2001,09,41.813
12.27.2001-12:00:00,12,27,2001,12,41.738
12.27.2001-15:00:00,12,27,2001,15,41.662
12.27.2001-18:00:00,12,27,2001,18,41.587
12.27.2001-21:00:00,12,27,2001,21,41.512
12.28.2001-00:00:00,12,28,2001,00,41.437
12.28.2001-03:00:00,12,28,2001,03,41.362
12.28.2001-06:00:00,12,28,2001,06,41.287
12.28.2001-09:00:00,12,28,2001,09,41.213
12.28.2001-12:00:00,12,28,2001,12,41.138
12.28.2001-15:00:00,12,28,2001,15,41.064
12.28.2001-18:00:00,12,28,2001,18,40.99
12.28.2001-21:00:00,12,28,2001,21,40.916
12.29.2001-00:00:00,12,29,2001,00,40.842
12.29.2001-03:00:00,12,29,2001,03,40.768
12.29.2001-06:00:00,12,29,2001,06,40.694
12.29.2001-09:00:00,12,29,2001,09,40.621
12.29.2001-12:00:00,12,29,2001,12,40.547
12.29.2001-15:00:00,12,29,2001,15,40.474
12.29.2001-18:00:00,12,29,2001,18,40.401
12.29.2001-21:00:00,12,29,2001,21,40.328
12.30.2001-00:00:00,12,30,2001,00,40.255
12.30.2001-03:00:00,12,30,2001,03,40.182
12.30.2001-06:00:00,12,30,2001,06,40.109
12.30.2001-09:00:00,12,30,2001,09,40.037
12.30.2001-12:00:00,12,30,2001,12,39.965
12.30.2001-15:00:00,12,30,2001,15,39.893
12.30.2001-18:00:00,12,30,2001,18,39.821
12.30.2001-21:00:00,12,30,2001,21,39.749
12.31.2001-00:00:00,12,31,2001,00,39.677
12.31.2001-03:00:00,12,31,2001,03,39.605
12.31.2001-06:00:00,12,31,2001,06,39.534
12.31.2001-09:00:00,12,31,2001,09,39.463
12.31.2001-12:00:00,12,31,2001,12,39.391
12.31.2001-15:00:00,12,31,2001,15,39.32
12.31.2001-18:00:00,12,31,2001,18,39.249
12.31.2001-21:00:00,12,31,2001,21,39.179
01.01.2002-00:00:00,01,01,2002,00,39.108
01.01.2002-03:00:00,01,01,2002,03,39.037
01.01.2002-06:00:00,01,01,2002,06,38.967
01.01.2002-09:00:00,01,01,2002,09,38.897
01.01.2002-12:00:00,01,01,2002,12,38.826
01.01.2002-15:00:00,01,01,2002,15,38.756
01.01.2002-18:00:00,01,01,2002,18,38.686
01.01.2002-21:00:00,01,01,2002,21,38.617
01.02.2002-00:00:00,01,02,2002,00,38.547
01.02.2002-03:00:00,01,02,2002,03,38.477
01.02.2002-06:00:00,01,02,2002,06,38.408
01.02.2002-09:00:00,01,02,2002,09,38.339
01.02.2002-12:00:00,01,02,2002,12,38.269
01.02.2002-15:00:00,01,02,2002,15,38.2
01.02.2002-18:00:00,01,02,2002,18,38.131
01.02.2002-21:00:00,01,02,2002,21,38.063
01.03.2002-00:00:00,01,03,2002,00,37.994
01.03.2002-03:00:00,01,03,2002,03,37.925
01.03.2002-06:00:00,01,03,2002,06,37.857
01.03.2002-09:00:00,01,03,2002,09,37.789
01.03.2002-12:00:00,01,03,2002,12,37.721
01.03.2002-15:00:00,01,03,2002,15,37.652
01.03.2002-18:00:00,01,03,2002,18,37.585
01.03.2002-21:00:00,01,03,2002,21,37.517
01.04.2002-00:00:00,01,04,2002,00,37.449
01.04.2002-03:00:00,01,04,2002,03,37.382
01.04.2002-06:00:00,01,04,2002,06,37.314
01.04.2002-09:00:00,01,04,2002,09,37.247
01.04.2002-12:00:00,01,04,2002,12,37.18
01.04.2002-15:00:00,01,04,2002,15,37.113
01.04.2002-18:00:00,01,04,2002,18,37.046
01.04.2002-21:00:00,01,04,2002,21,36.979
01.05.2002-00:00:00,01,05,2002,00,36.913
01.05.2002-03:00:00,01,05,2002,03,36.846
01.05.2002-06:00:00,01,05,2002,06,36.78
01.05.2002-09:00:00,01,05,2002,09,36.714
01.05.2002-12:00:00,01,05,2002,12,36.648
01.05.2002-15:00:00,01,05,2002,15,36.582
01.05.2002-18:00:00,01,05,2002,18,36.516
01.05.2002-21:00:00,01,05,2002,21,36.45
01.06.2002-00:00:00,01,06,2002,00,36.384
01.06.2002-03:00:00,01,06,2002,03,36.319
01.06.2002-06:00:00,01,06,2002,06,36.254
01.06.2002-09:00:00,01,06,2002,09,36.188
01.06.2002-12:00:00,01,06,2002,12,36.123
01.06.2002-15:00:00,01,06,2002,15,36.058
01.06.2002-18:00:00,01,06,2002,18,35.994
01.06.2002-21:00:00,01,06,2002,21,35.929
01.07.2002-00:00:00,01,07,2002,00,35.864
01.07.2002-03:00:00,01,07,2002,03,35.8
01.07.2002-06:00:00,01,07,2002,06,35.736
01.07.2002-09:00:00,01,07,2002,09,35.672
01.07.2002-12:00:00,01,07,2002,12,35.608
01.07.2002-15:00:00,01,07,2002,15,35.545
01.07.2002-18:00:00,01,07,2002,18,35.481
01.07.2002-21:00:00,01,07,2002,21,35.418
01.08.2002-00:00:00,01,08,2002,00,35.354
01.08.2002-03:00:00,01,08,2002,03,35.291
01.08.2002-06:00:00,01,08,2002,06,35.228
01.08.2002-09:00:00,01,08,2002,09,35.165
01.08.2002-12:00:00,01,08,2002,12,35.102
01.08.2002-15:00:00,01,08,2002,15,35.04
01.08.2002-18:00:00,01,08,2002,18,34.978
01.08.2002-21:00:00,01,08,2002,21,34.915
01.09.2002-00:00:00,01,09,2002,00,34.853
01.09.2002-03:00:00,01,09,2002,03,34.791
01.09.2002-06:00:00,01,09,2002,06,34.729
01.09.2002-09:00:00,01,09,2002,09,34.668
01.09.2002-12:00:00,01,09,2002,12,34.606
01.09.2002-15:00:00,01,09,2002,15,34.545
01.09.2002-18:00:00,01,09,2002,18,34.483
01.09.2002-21:00:00,01,09,2002,21,34.422
01.10.2002-00:00:00,01,10,2002,00,34.361
01.10.2002-03:00:00,01,10,2002,03,34.3
01.10.2002-06:00:00,01,10,2002,06,34.239
01.10.2002-09:00:00,01,10,2002,09,34.178
01.10.2002-12:00:00,01,10,2002,12,34.118
01.10.2002-15:00:00,01,10,2002,15,34.057
01.10.2002-18:00:00,01,10,2002,18,33.997
01.10.2002-21:00:00,01,10,2002,21,33.936
01.11.2002-00:00:00,01,11,2002,00,33.877
01.11.2002-03:00:00,01,11,2002,03,33.817
01.11.2002-06:00:00,01,11,2002,06,33.757
01.11.2002-09:00:00,01,11,2002,09,33.698
01.11.2002-12:00:00,01,11,2002,12,33.638
01.11.2002-15:00:00,01,11,2002,15,33.579
01.11.2002-18:00:00,01,11,2002,18,33.52
01.11.2002-21:00:00,01,11,2002,21,33.461
01.12.2002-00:00:00,01,12,2002,00,33.402
01.12.2002-03:00:00,01,12,2002,03,33.343
01.12.2002-06:00:00,01,12,2002,06,33.285
01.12.2002-09:00:00,01,12,2002,09,33.226
01.12.2002-12:00:00,01,12,2002,12,33.165
01.12.2002-15:00:00,01,12,2002,15,33.107
01.12.2002-18:00:00,01,12,2002,18,33.048
01.12.2002-21:00:00,01,12,2002,21,32.991
01.13.2002-00:00:00,01,13,2002,00,32.933
01.13.2002-03:00:00,01,13,2002,03,32.875
01.13.2002-06:00:00,01,13,2002,06,32.818
01.13.2002-09:00:00,01,13,2002,09,32.76
01.13.2002-12:00:00,01,13,2002,12,32.703
01.13.2002-15:00:00,01,13,2002,15,32.646
01.13.2002-18:00:00,01,13,2002,18,32.589
01.13.2002-21:00:00,01,13,2002,21,32.532
01.14.2002-00:00:00,01,14,2002,00,32.476
01.14.2002-03:00:00,01,14,2002,03,32.419
01.14.2002-06:00:00,01,14,2002,06,32.363
01.14.2002-09:00:00,01,14,2002,09,32.306
01.14.2002-12:00:00,01,14,2002,12,32.25
01.14.2002-15:00:00,01,14,2002,15,32.194
01.14.2002-18:00:00,01,14,2002,18,32.138
01.14.2002-21:00:00,01,14,2002,21,32.082
01.15.2002-00:00:00,01,15,2002,00,32.026
01.15.2002-03:00:00,01,15,2002,03,31.97
01.15.2002-06:00:00,01,15,2002,06,31.915
01.15.2002-09:00:00,01,15,2002,09,31.859
01.15.2002-12:00:00,01,15,2002,12,31.804
01.15.2002-15:00:00,01,15,2002,15,31.749
01.15.2002-18:00:00,01,15,2002,18,31.694
01.15.2002-21:00:00,01,15,2002,21,31.639
01.16.2002-00:00:00,01,16,2002,00,31.584
01.16.2002-03:00:00,01,16,2002,03,31.53
01.16.2002-06:00:00,01,16,2002,06,31.476
01.16.2002-09:00:00,01,16,2002,09,31.422
01.16.2002-12:00:00,01,16,2002,12,31.368
01.16.2002-15:00:00,01,16,2002,15,31.314
01.16.2002-18:00:00,01,16,2002,18,31.26
01.16.2002-21:00:00,01,16,2002,21,31.206
01.17.2002-00:00:00,01,17,2002,00,31.153
01.17.2002-03:00:00,01,17,2002,03,31.099
01.17.2002-06:00:00,01,17,2002,06,31.046
01.17.2002-09:00:00,01,17,2002,09,30.993
01.17.2002-12:00:00,01,17,2002,12,30.94
01.17.2002-15:00:00,01,17,2002,15,30.886
01.17.2002-18:00:00,01,17,2002,18,30.833
01.17.2002-21:00:00,01,17,2002,21,30.781
01.18.2002-00:00:00,01,18,2002,00,30.728
01.18.2002-03:00:00,01,18,2002,03,30.675
01.18.2002-06:00:00,01,18,2002,06,30.622
01.18.2002-09:00:00,01,18,2002,09,30.57
01.18.2002-12:00:00,01,18,2002,12,30.518
01.18.2002-15:00:00,01,18,2002,15,30.465
01.18.2002-18:00:00,01,18,2002,18,30.413
01.18.2002-21:00:00,01,18,2002,21,30.361
01.19.2002-00:00:00,01,19,2002,00,30.309
01.19.2002-03:00:00,01,19,2002,03,30.257
01.19.2002-06:00:00,01,19,2002,06,30.206
01.19.2002-09:00:00,01,19,2002,09,30.154
01.19.2002-12:00:00,01,19,2002,12,30.097
01.19.2002-15:00:00,01,19,2002,15,30.045
01.19.2002-18:00:00,01,19,2002,18,29.994
01.19.2002-21:00:00,01,19,2002,21,29.943
01.20.2002-00:00:00,01,20,2002,00,29.892
01.20.2002-03:00:00,01,20,2002,03,29.841
01.20.2002-06:00:00,01,20,2002,06,29.79
01.20.2002-09:00:00,01,20,2002,09,29.74
01.20.2002-12:00:00,01,20,2002,12,29.689
01.20.2002-15:00:00,01,20,2002,15,29.638
01.20.2002-18:00:00,01,20,2002,18,29.588
01.20.2002-21:00:00,01,20,2002,21,29.538
01.21.2002-00:00:00,01,21,2002,00,29.487
01.21.2002-03:00:00,01,21,2002,03,29.437
01.21.2002-06:00:00,01,21,2002,06,29.387
01.21.2002-09:00:00,01,21,2002,09,29.337
01.21.2002-12:00:00,01,21,2002,12,29.287
01.21.2002-15:00:00,01,21,2002,15,29.238
01.21.2002-18:00:00,01,21,2002,18,29.188
01.21.2002-21:00:00,01,21,2002,21,29.138
01.22.2002-00:00:00,01,22,2002,00,29.089
01.22.2002-03:00:00,01,22,2002,03,29.04
01.22.2002-06:00:00,01,22,2002,06,28.991
01.22.2002-09:00:00,01,22,2002,09,28.942
01.22.2002-12:00:00,01,22,2002,12,28.893
01.22.2002-15:00:00,01,22,2002,15,28.844
01.22.2002-18:00:00,01,22,2002,18,28.796
01.22.2002-21:00:00,01,22,2002,21,28.747
01.23.2002-00:00:00,01,23,2002,00,28.699
01.23.2002-03:00:00,01,23,2002,03,28.651
01.23.2002-06:00:00,01,23,2002,06,28.603
01.23.2002-09:00:00,01,23,2002,09,28.555
01.23.2002-12:00:00,01,23,2002,12,28.507
01.23.2002-15:00:00,01,23,2002,15,28.46
01.23.2002-18:00:00,01,23,2002,18,28.412
01.23.2002-21:00:00,01,23,2002,21,28.365
01.24.2002-00:00:00,01,24,2002,00,28.318
01.24.2002-03:00:00,01,24,2002,03,28.271
01.24.2002-06:00:00,01,24,2002,06,28.224
01.24.2002-09:00:00,01,24,2002,09,28.177
01.24.2002-12:00:00,01,24,2002,12,28.13
01.24.2002-15:00:00,01,24,2002,15,28.083
01.24.2002-18:00:00,01,24,2002,18,28.036
01.24.2002-21:00:00,01,24,2002,21,27.989
01.25.2002-00:00:00,01,25,2002,00,27.943
01.25.2002-03:00:00,01,25,2002,03,27.896
01.25.2002-06:00:00,01,25,2002,06,27.85
01.25.2002-09:00:00,01,25,2002,09,27.802
01.25.2002-12:00:00,01,25,2002,12,27.753
01.25.2002-15:00:00,01,25,2002,15,27.707
01.25.2002-18:00:00,01,25,2002,18,27.661
01.25.2002-21:00:00,01,25,2002,21,27.615
01.26.2002-00:00:00,01,26,2002,00,27.57
01.26.2002-03:00:00,01,26,2002,03,27.525
01.26.2002-06:00:00,01,26,2002,06,27.48
01.26.2002-09:00:00,01,26,2002,09,27.435
01.26.2002-12:00:00,01,26,2002,12,27.39
01.26.2002-15:00:00,01,26,2002,15,27.345
01.26.2002-18:00:00,01,26,2002,18,27.3
01.26.2002-21:00:00,01,26,2002,21,27.255
01.27.2002-00:00:00,01,27,2002,00,27.21
01.27.2002-03:00:00,01,27,2002,03,27.166
01.27.2002-06:00:00,01,27,2002,06,27.121
01.27.2002-09:00:00,01,27,2002,09,27.076
01.27.2002-12:00:00,01,27,2002,12,27.032
01.27.2002-15:00:00,01,27,2002,15,26.988
01.27.2002-18:00:00,01,27,2002,18,26.943
01.27.2002-21:00:00,01,27,2002,21,26.899
01.28.2002-00:00:00,01,28,2002,00,26.855
01.28.2002-03:00:00,01,28,2002,03,26.811
01.28.2002-06:00:00,01,28,2002,06,26.767
01.28.2002-09:00:00,01,28,2002,09,26.723
01.28.2002-12:00:00,01,28,2002,12,26.679
01.28.2002-15:00:00,01,28,2002,15,26.635
01.28.2002-18:00:00,01,28,2002,18,26.591
01.28.2002-21:00:00,01,28,2002,21,26.548
01.29.2002-00:00:00,01,29,2002,00,26.504
01.29.2002-03:00:00,01,29,2002,03,26.461
01.29.2002-06:00:00,01,29,2002,06,26.417
01.29.2002-09:00:00,01,29,2002,09,26.374
01.29.2002-12:00:00,01,29,2002,12,26.33
01.29.2002-15:00:00,01,29,2002,15,26.287
01.29.2002-18:00:00,01,29,2002,18,26.244
01.29.2002-21:00:00,01,29,2002,21,26.201
01.30.2002-00:00:00,01,30,2002,00,26.158
01.30.2002-03:00:00,01,30,2002,03,26.115
01.30.2002-06:00:00,01,30,2002,06,26.072
01.30.2002-09:00:00,01,30,2002,09,26.029
01.30.2002-12:00:00,01,30,2002,12,25.986
01.30.2002-15:00:00,01,30,2002,15,25.944
01.30.2002-18:00:00,01,30,2002,18,25.901
01.30.2002-21:00:00,01,30,2002,21,25.858
01.31.2002-00:00:00,01,31,2002,00,25.816
01.31.2002-03:00:00,01,31,2002,03,25.774
01.31.2002-06:00:00,01,31,2002,06,25.731
01.31.2002-09:00:00,01,31,2002,09,25.689
01.31.2002-12:00:00,01,31,2002,12,25.647
01.31.2002-15:00:00,01,31,2002,15,25.605
01.31.2002-18:00:00,01,31,2002,18,25.563
01.31.2002-21:00:00,01,31,2002,21,25.521
02.01.2002-00:00:00,02,01,2002,00,25.479
02.01.2002-03:00:00,02,01,2002,03,25.437
02.01.2002-06:00:00,02,01,2002,06,25.395
02.01.2002-09:00:00,02,01,2002,09,25.354
02.01.2002-12:00:00,02,01,2002,12,25.312
02.01.2002-15:00:00,02,01,2002,15,25.27
02.01.2002-18:00:00,02,01,2002,18,25.229
02.01.2002-21:00:00,02,01,2002,21,25.188
02.02.2002-00:00:00,02,02,2002,00,25.146
02.02.2002-03:00:00,02,02,2002,03,25.105
02.02.2002-06:00:00,02,02,2002,06,25.064
02.02.2002-09:00:00,02,02,2002,09,25.023
02.02.2002-12:00:00,02,02,2002,12,24.982
02.02.2002-15:00:00,02,02,2002,15,24.941
02.02.2002-18:00:00,02,02,2002,18,24.9
02.02.2002-21:00:00,02,02,2002,21,24.859
02.03.2002-00:00:00,02,03,2002,00,24.818
02.03.2002-03:00:00,02,03,2002,03,24.777
02.03.2002-06:00:00,02,03,2002,06,24.737
02.03.2002-09:00:00,02,03,2002,09,24.696
02.03.2002-12:00:00,02,03,2002,12,24.653
02.03.2002-15:00:00,02,03,2002,15,24.613
02.03.2002-18:00:00,02,03,2002,18,24.572
02.03.2002-21:00:00,02,03,2002,21,24.532
02.04.2002-00:00:00,02,04,2002,00,24.492
02.04.2002-03:00:00,02,04,2002,03,24.452
02.04.2002-06:00:00,02,04,2002,06,24.412
02.04.2002-09:00:00,02,04,2002,09,24.372
02.04.2002-12:00:00,02,04,2002,12,24.332
02.04.2002-15:00:00,02,04,2002,15,24.292
02.04.2002-18:00:00,02,04,2002,18,24.252
02.04.2002-21:00:00,02,04,2002,21,24.213
02.05.2002-00:00:00,02,05,2002,00,24.173
02.05.2002-03:00:00,02,05,2002,03,24.134
02.05.2002-06:00:00,02,05,2002,06,24.095
02.05.2002-09:00:00,02,05,2002,09,24.056
02.05.2002-12:00:00,02,05,2002,12,24.017
02.05.2002-15:00:00,02,05,2002,15,23.978
02.05.2002-18:00:00,02,05,2002,18,23.939
02.05.2002-21:00:00,02,05,2002,21,23.9
02.06.2002-00:00:00,02,06,2002,00,23.861
02.06.2002-03:00:00,02,06,2002,03,23.822
02.06.2002-06:00:00,02,06,2002,06,23.783
02.06.2002-09:00:00,02,06,2002,09,23.745
02.06.2002-12:00:00,02,06,2002,12,23.706
02.06.2002-15:00:00,02,06,2002,15,23.668
02.06.2002-18:00:00,02,06,2002,18,23.629
02.06.2002-21:00:00,02,06,2002,21,23.591
02.07.2002-00:00:00,02,07,2002,00,23.553
02.07.2002-03:00:00,02,07,2002,03,23.515
02.07.2002-06:00:00,02,07,2002,06,23.476
02.07.2002-09:00:00,02,07,2002,09,23.438
02.07.2002-12:00:00,02,07,2002,12,23.4
02.07.2002-15:00:00,02,07,2002,15,23.362
02.07.2002-18:00:00,02,07,2002,18,23.324
02.07.2002-21:00:00,02,07,2002,21,23.287
02.08.2002-00:00:00,02,08,2002,00,23.249
02.08.2002-03:00:00,02,08,2002,03,23.211
02.08.2002-06:00:00,02,08,2002,06,23.173
02.08.2002-09:00:00,02,08,2002,09,23.134
02.08.2002-12:00:00,02,08,2002,12,23.093
02.08.2002-15:00:00,02,08,2002,15,23.055
02.08.2002-18:00:00,02,08,2002,18,23.018
02.08.2002-21:00:00,02,08,2002,21,22.981
02.09.2002-00:00:00,02,09,2002,00,22.944
02.09.2002-03:00:00,02,09,2002,03,22.906
02.09.2002-06:00:00,02,09,2002,06,22.869
02.09.2002-09:00:00,02,09,2002,09,22.832
02.09.2002-12:00:00,02,09,2002,12,22.795
02.09.2002-15:00:00,02,09,2002,15,22.758
02.09.2002-18:00:00,02,09,2002,18,22.721
02.09.2002-21:00:00,02,09,2002,21,22.685
02.10.2002-00:00:00,02,10,2002,00,22.648
02.10.2002-03:00:00,02,10,2002,03,22.611
02.10.2002-06:00:00,02,10,2002,06,22.575
02.10.2002-09:00:00,02,10,2002,09,22.538
02.10.2002-12:00:00,02,10,2002,12,22.502
02.10.2002-15:00:00,02,10,2002,15,22.465
02.10.2002-18:00:00,02,10,2002,18,22.429
02.10.2002-21:00:00,02,10,2002,21,22.393
02.11.2002-00:00:00,02,11,2002,00,22.356
02.11.2002-03:00:00,02,11,2002,03,22.32
02.11.2002-06:00:00,02,11,2002,06,22.284
02.11.2002-09:00:00,02,11,2002,09,22.246
02.11.2002-12:00:00,02,11,2002,12,22.205
02.11.2002-15:00:00,02,11,2002,15,22.169
02.11.2002-18:00:00,02,11,2002,18,22.133
02.11.2002-21:00:00,02,11,2002,21,22.098
02.12.2002-00:00:00,02,12,2002,00,22.062
02.12.2002-03:00:00,02,12,2002,03,22.027
02.12.2002-06:00:00,02,12,2002,06,21.992
02.12.2002-09:00:00,02,12,2002,09,21.957
02.12.2002-12:00:00,02,12,2002,12,21.922
02.12.2002-15:00:00,02,12,2002,15,21.887
02.12.2002-18:00:00,02,12,2002,18,21.853
02.12.2002-21:00:00,02,12,2002,21,21.818
02.13.2002-00:00:00,02,13,2002,00,21.783
02.13.2002-03:00:00,02,13,2002,03,21.749
02.13.2002-06:00:00,02,13,2002,06,21.714
02.13.2002-09:00:00,02,13,2002,09,21.679
02.13.2002-12:00:00,02,13,2002,12,21.64
02.13.2002-15:00:00,02,13,2002,15,21.605
02.13.2002-18:00:00,02,13,2002,18,21.571
02.13.2002-21:00:00,02,13,2002,21,21.537
02.14.2002-00:00:00,02,14,2002,00,21.503
02.14.2002-03:00:00,02,14,2002,03,21.469
02.14.2002-06:00:00,02,14,2002,06,21.435
02.14.2002-09:00:00,02,14,2002,09,21.401
02.14.2002-12:00:00,02,14,2002,12,21.364
02.14.2002-15:00:00,02,14,2002,15,21.33
02.14.2002-18:00:00,02,14,2002,18,21.296
02.14.2002-21:00:00,02,14,2002,21,21.263
02.15.2002-00:00:00,02,15,2002,00,21.229
02.15.2002-03:00:00,02,15,2002,03,21.196
02.15.2002-06:00:00,02,15,2002,06,21.163
02.15.2002-09:00:00,02,15,2002,09,21.129
02.15.2002-12:00:00,02,15,2002,12,21.093
02.15.2002-15:00:00,02,15,2002,15,21.06
02.15.2002-18:00:00,02,15,2002,18,21.027
02.15.2002-21:00:00,02,15,2002,21,20.993
02.16.2002-00:00:00,02,16,2002,00,20.96
02.16.2002-03:00:00,02,16,2002,03,20.927
02.16.2002-06:00:00,02,16,2002,06,20.895
02.16.2002-09:00:00,02,16,2002,09,20.862
02.16.2002-12:00:00,02,16,2002,12,20.829
02.16.2002-15:00:00,02,16,2002,15,20.796
02.16.2002-18:00:00,02,16,2002,18,20.763
02.16.2002-21:00:00,02,16,2002,21,20.731
02.17.2002-00:00:00,02,17,2002,00,20.698
02.17.2002-03:00:00,02,17,2002,03,20.666
02.17.2002-06:00:00,02,17,2002,06,20.633
02.17.2002-09:00:00,02,17,2002,09,20.6
02.17.2002-12:00:00,02,17,2002,12,20.565
02.17.2002-15:00:00,02,17,2002,15,20.533
02.17.2002-18:00:00,02,17,2002,18,20.501
02.17.2002-21:00:00,02,17,2002,21,20.468
02.18.2002-00:00:00,02,18,2002,00,20.436
02.18.2002-03:00:00,02,18,2002,03,20.404
02.18.2002-06:00:00,02,18,2002,06,20.372
02.18.2002-09:00:00,02,18,2002,09,20.337
02.18.2002-12:00:00,02,18,2002,12,20.301
02.18.2002-15:00:00,02,18,2002,15,20.269
02.18.2002-18:00:00,02,18,2002,18,20.237
02.18.2002-21:00:00,02,18,2002,21,20.205
02.19.2002-00:00:00,02,19,2002,00,20.174
02.19.2002-03:00:00,02,19,2002,03,20.142
02.19.2002-06:00:00,02,19,2002,06,20.111
02.19.2002-09:00:00,02,19,2002,09,20.077
02.19.2002-12:00:00,02,19,2002,12,20.043
02.19.2002-15:00:00,02,19,2002,15,20.012
02.19.2002-18:00:00,02,19,2002,18,19.98
02.19.2002-21:00:00,02,19,2002,21,19.949
02.20.2002-00:00:00,02,20,2002,00,19.918
02.20.2002-03:00:00,02,20,2002,03,19.887
02.20.2002-06:00:00,02,20,2002,06,19.855
02.20.2002-09:00:00,02,20,2002,09,19.821
02.20.2002-12:00:00,02,20,2002,12,19.785
02.20.2002-15:00:00,02,20,2002,15,19.753
02.20.2002-18:00:00,02,20,2002,18,19.723
02.20.2002-21:00:00,02,20,2002,21,19.692
02.21.2002-00:00:00,02,21,2002,00,19.661
02.21.2002-03:00:00,02,21,2002,03,19.631
02.21.2002-06:00:00,02,21,2002,06,19.601
02.21.2002-09:00:00,02,21,2002,09,19.57
02.21.2002-12:00:00,02,21,2002,12,19.54
02.21.2002-15:00:00,02,21,2002,15,19.51
02.21.2002-18:00:00,02,21,2002,18,19.479
02.21.2002-21:00:00,02,21,2002,21,19.449
02.22.2002-00:00:00,02,22,2002,00,19.419
02.22.2002-03:00:00,02,22,2002,03,19.389
02.22.2002-06:00:00,02,22,2002,06,19.359
02.22.2002-09:00:00,02,22,2002,09,19.326
02.22.2002-12:00:00,02,22,2002,12,19.292
02.22.2002-15:00:00,02,22,2002,15,19.262
02.22.2002-18:00:00,02,22,2002,18,19.232
02.22.2002-21:00:00,02,22,2002,21,19.202
02.23.2002-00:00:00,02,23,2002,00,19.173
02.23.2002-03:00:00,02,23,2002,03,19.143
02.23.2002-06:00:00,02,23,2002,06,19.114
02.23.2002-09:00:00,02,23,2002,09,19.083
02.23.2002-12:00:00,02,23,2002,12,19.051
02.23.2002-15:00:00,02,23,2002,15,19.02
02.23.2002-18:00:00,02,23,2002,18,18.991
02.23.2002-21:00:00,02,23,2002,21,18.962
02.24.2002-00:00:00,02,24,2002,00,18.933
02.24.2002-03:00:00,02,24,2002,03,18.903
02.24.2002-06:00:00,02,24,2002,06,18.874
02.24.2002-09:00:00,02,24,2002,09,18.845
02.24.2002-12:00:00,02,24,2002,12,18.816
02.24.2002-15:00:00,02,24,2002,15,18.787
02.24.2002-18:00:00,02,24,2002,18,18.758
02.24.2002-21:00:00,02,24,2002,21,18.729
02.25.2002-00:00:00,02,25,2002,00,18.701
02.25.2002-03:00:00,02,25,2002,03,18.672
02.25.2002-06:00:00,02,25,2002,06,18.643
02.25.2002-09:00:00,02,25,2002,09,18.614
02.25.2002-12:00:00,02,25,2002,12,18.586
02.25.2002-15:00:00,02,25,2002,15,18.557
02.25.2002-18:00:00,02,25,2002,18,18.529
02.25.2002-21:00:00,02,25,2002,21,18.5
02.26.2002-00:00:00,02,26,2002,00,18.472
02.26.2002-03:00:00,02,26,2002,03,18.443
02.26.2002-06:00:00,02,26,2002,06,18.415
02.26.2002-09:00:00,02,26,2002,09,18.387
02.26.2002-12:00:00,02,26,2002,12,18.358
02.26.2002-15:00:00,02,26,2002,15,18.33
02.26.2002-18:00:00,02,26,2002,18,18.302
02.26.2002-21:00:00,02,26,2002,21,18.274
02.27.2002-00:00:00,02,27,2002,00,18.246
02.27.2002-03:00:00,02,27,2002,03,18.218
02.27.2002-06:00:00,02,27,2002,06,18.19
02.27.2002-09:00:00,02,27,2002,09,18.162
02.27.2002-12:00:00,02,27,2002,12,18.131
02.27.2002-15:00:00,02,27,2002,15,18.103
02.27.2002-18:00:00,02,27,2002,18,18.075
02.27.2002-21:00:00,02,27,2002,21,18.047
02.28.2002-00:00:00,02,28,2002,00,18.02
02.28.2002-03:00:00,02,28,2002,03,17.992
02.28.2002-06:00:00,02,28,2002,06,17.964
02.28.2002-09:00:00,02,28,2002,09,17.935
02.28.2002-12:00:00,02,28,2002,12,17.905
02.28.2002-15:00:00,02,28,2002,15,17.877
02.28.2002-18:00:00,02,28,2002,18,17.85
02.28.2002-21:00:00,02,28,2002,21,17.822
03.01.2002-00:00:00,03,01,2002,00,17.795
03.01.2002-03:00:00,03,01,2002,03,17.768
03.01.2002-06:00:00,03,01,2002,06,17.74
03.01.2002-09:00:00,03,01,2002,09,17.711
03.01.2002-12:00:00,03,01,2002,12,17.679
03.01.2002-15:00:00,03,01,2002,15,17.652
03.01.2002-18:00:00,03,01,2002,18,17.625
03.01.2002-21:00:00,03,01,2002,21,17.599
03.02.2002-00:00:00,03,02,2002,00,17.572
03.02.2002-03:00:00,03,02,2002,03,17.546
03.02.2002-06:00:00,03,02,2002,06,17.519
03.02.2002-09:00:00,03,02,2002,09,17.49
03.02.2002-12:00:00,03,02,2002,12,17.46
03.02.2002-15:00:00,03,02,2002,15,17.433
03.02.2002-18:00:00,03,02,2002,18,17.407
03.02.2002-21:00:00,03,02,2002,21,17.381
03.03.2002-00:00:00,03,03,2002,00,17.355
03.03.2002-03:00:00,03,03,2002,03,17.328
03.03.2002-06:00:00,03,03,2002,06,17.302
03.03.2002-09:00:00,03,03,2002,09,17.274
03.03.2002-12:00:00,03,03,2002,12,17.243
03.03.2002-15:00:00,03,03,2002,15,17.217
03.03.2002-18:00:00,03,03,2002,18,17.191
03.03.2002-21:00:00,03,03,2002,21,17.165
03.04.2002-00:00:00,03,04,2002,00,17.139
03.04.2002-03:00:00,03,04,2002,03,17.114
03.04.2002-06:00:00,03,04,2002,06,17.088
03.04.2002-09:00:00,03,04,2002,09,17.058
03.04.2002-12:00:00,03,04,2002,12,17.027
03.04.2002-15:00:00,03,04,2002,15,16.999
03.04.2002-18:00:00,03,04,2002,18,16.973
03.04.2002-21:00:00,03,04,2002,21,16.948
03.05.2002-00:00:00,03,05,2002,00,16.922
03.05.2002-03:00:00,03,05,2002,03,16.897
03.05.2002-06:00:00,03,05,2002,06,16.871
03.05.2002-09:00:00,03,05,2002,09,16.843
03.05.2002-12:00:00,03,05,2002,12,16.813
03.05.2002-15:00:00,03,05,2002,15,16.785
03.05.2002-18:00:00,03,05,2002,18,16.76
03.05.2002-21:00:00,03,05,2002,21,16.735
03.06.2002-00:00:00,03,06,2002,00,16.71
03.06.2002-03:00:00,03,06,2002,03,16.685
03.06.2002-06:00:00,03,06,2002,06,16.66
03.06.2002-09:00:00,03,06,2002,09,16.635
03.06.2002-12:00:00,03,06,2002,12,16.61
03.06.2002-15:00:00,03,06,2002,15,16.585
03.06.2002-18:00:00,03,06,2002,18,16.561
03.06.2002-21:00:00,03,06,2002,21,16.536
03.07.2002-00:00:00,03,07,2002,00,16.512
03.07.2002-03:00:00,03,07,2002,03,16.487
03.07.2002-06:00:00,03,07,2002,06,16.463
03.07.2002-09:00:00,03,07,2002,09,16.438
03.07.2002-12:00:00,03,07,2002,12,16.414
03.07.2002-15:00:00,03,07,2002,15,16.39
03.07.2002-18:00:00,03,07,2002,18,16.366
03.07.2002-21:00:00,03,07,2002,21,16.341
03.08.2002-00:00:00,03,08,2002,00,16.317
03.08.2002-03:00:00,03,08,2002,03,16.293
03.08.2002-06:00:00,03,08,2002,06,16.269
03.08.2002-09:00:00,03,08,2002,09,16.245
03.08.2002-12:00:00,03,08,2002,12,16.221
03.08.2002-15:00:00,03,08,2002,15,16.197
03.08.2002-18:00:00,03,08,2002,18,16.173
03.08.2002-21:00:00,03,08,2002,21,16.149
03.09.2002-00:00:00,03,09,2002,00,16.125
03.09.2002-03:00:00,03,09,2002,03,16.102
03.09.2002-06:00:00,03,09,2002,06,16.078
03.09.2002-09:00:00,03,09,2002,09,16.054
03.09.2002-12:00:00,03,09,2002,12,16.031
03.09.2002-15:00:00,03,09,2002,15,16.007
03.09.2002-18:00:00,03,09,2002,18,15.983
03.09.2002-21:00:00,03,09,2002,21,15.96
03.10.2002-00:00:00,03,10,2002,00,15.936
03.10.2002-03:00:00,03,10,2002,03,15.913
03.10.2002-06:00:00,03,10,2002,06,15.89
03.10.2002-09:00:00,03,10,2002,09,15.867
03.10.2002-12:00:00,03,10,2002,12,15.844
03.10.2002-15:00:00,03,10,2002,15,15.821
03.10.2002-18:00:00,03,10,2002,18,15.798
03.10.2002-21:00:00,03,10,2002,21,15.774
03.11.2002-00:00:00,03,11,2002,00,15.751
03.11.2002-03:00:00,03,11,2002,03,15.729
03.11.2002-06:00:00,03,11,2002,06,15.706
03.11.2002-09:00:00,03,11,2002,09,15.683
03.11.2002-12:00:00,03,11,2002,12,15.66
03.11.2002-15:00:00,03,11,2002,15,15.637
03.11.2002-18:00:00,03,11,2002,18,15.614
03.11.2002-21:00:00,03,11,2002,21,15.591
03.12.2002-00:00:00,03,12,2002,00,15.569
03.12.2002-03:00:00,03,12,2002,03,15.546
03.12.2002-06:00:00,03,12,2002,06,15.524
03.12.2002-09:00:00,03,12,2002,09,15.498
03.12.2002-12:00:00,03,12,2002,12,15.472
03.12.2002-15:00:00,03,12,2002,15,15.448
03.12.2002-18:00:00,03,12,2002,18,15.425
03.12.2002-21:00:00,03,12,2002,21,15.403
03.13.2002-00:00:00,03,13,2002,00,15.38
03.13.2002-03:00:00,03,13,2002,03,15.358
03.13.2002-06:00:00,03,13,2002,06,15.336
03.13.2002-09:00:00,03,13,2002,09,15.311
03.13.2002-12:00:00,03,13,2002,12,15.284
03.13.2002-15:00:00,03,13,2002,15,15.26
03.13.2002-18:00:00,03,13,2002,18,15.238
03.13.2002-21:00:00,03,13,2002,21,15.216
03.14.2002-00:00:00,03,14,2002,00,15.194
03.14.2002-03:00:00,03,14,2002,03,15.172
03.14.2002-06:00:00,03,14,2002,06,15.15
03.14.2002-09:00:00,03,14,2002,09,15.125
03.14.2002-12:00:00,03,14,2002,12,15.098
03.14.2002-15:00:00,03,14,2002,15,15.074
03.14.2002-18:00:00,03,14,2002,18,15.052
03.14.2002-21:00:00,03,14,2002,21,15.03
03.15.2002-00:00:00,03,15,2002,00,15.009
03.15.2002-03:00:00,03,15,2002,03,14.987
03.15.2002-06:00:00,03,15,2002,06,14.965
03.15.2002-09:00:00,03,15,2002,09,14.943
03.15.2002-12:00:00,03,15,2002,12,14.92
03.15.2002-15:00:00,03,15,2002,15,14.898
03.15.2002-18:00:00,03,15,2002,18,14.876
03.15.2002-21:00:00,03,15,2002,21,14.855
03.16.2002-00:00:00,03,16,2002,00,14.833
03.16.2002-03:00:00,03,16,2002,03,14.812
03.16.2002-06:00:00,03,16,2002,06,14.791
03.16.2002-09:00:00,03,16,2002,09,14.769
03.16.2002-12:00:00,03,16,2002,12,14.748
03.16.2002-15:00:00,03,16,2002,15,14.727
03.16.2002-18:00:00,03,16,2002,18,14.705
03.16.2002-21:00:00,03,16,2002,21,14.684
03.17.2002-00:00:00,03,17,2002,00,14.663
03.17.2002-03:00:00,03,17,2002,03,14.642
03.17.2002-06:00:00,03,17,2002,06,14.621
03.17.2002-09:00:00,03,17,2002,09,14.6
03.17.2002-12:00:00,03,17,2002,12,14.577
03.17.2002-15:00:00,03,17,2002,15,14.556
03.17.2002-18:00:00,03,17,2002,18,14.535
03.17.2002-21:00:00,03,17,2002,21,14.514
03.18.2002-00:00:00,03,18,2002,00,14.493
03.18.2002-03:00:00,03,18,2002,03,14.472
03.18.2002-06:00:00,03,18,2002,06,14.451
03.18.2002-09:00:00,03,18,2002,09,14.43
03.18.2002-12:00:00,03,18,2002,12,14.41
03.18.2002-15:00:00,03,18,2002,15,14.389
03.18.2002-18:00:00,03,18,2002,18,14.368
03.18.2002-21:00:00,03,18,2002,21,14.348
03.19.2002-00:00:00,03,19,2002,00,14.327
03.19.2002-03:00:00,03,19,2002,03,14.306
03.19.2002-06:00:00,03,19,2002,06,14.286
03.19.2002-09:00:00,03,19,2002,09,14.265
03.19.2002-12:00:00,03,19,2002,12,14.245
03.19.2002-15:00:00,03,19,2002,15,14.224
03.19.2002-18:00:00,03,19,2002,18,14.204
03.19.2002-21:00:00,03,19,2002,21,14.184
03.20.2002-00:00:00,03,20,2002,00,14.163
03.20.2002-03:00:00,03,20,2002,03,14.143
03.20.2002-06:00:00,03,20,2002,06,14.123
03.20.2002-09:00:00,03,20,2002,09,14.102
03.20.2002-12:00:00,03,20,2002,12,14.082
03.20.2002-15:00:00,03,20,2002,15,14.062
03.20.2002-18:00:00,03,20,2002,18,14.042
03.20.2002-21:00:00,03,20,2002,21,14.022
03.21.2002-00:00:00,03,21,2002,00,14.002
03.21.2002-03:00:00,03,21,2002,03,13.982
03.21.2002-06:00:00,03,21,2002,06,13.962
03.21.2002-09:00:00,03,21,2002,09,13.942
03.21.2002-12:00:00,03,21,2002,12,13.922
03.21.2002-15:00:00,03,21,2002,15,13.902
03.21.2002-18:00:00,03,21,2002,18,13.882
03.21.2002-21:00:00,03,21,2002,21,13.862
03.22.2002-00:00:00,03,22,2002,00,13.842
03.22.2002-03:00:00,03,22,2002,03,13.822
03.22.2002-06:00:00,03,22,2002,06,13.803
03.22.2002-09:00:00,03,22,2002,09,13.781
03.22.2002-12:00:00,03,22,2002,12,13.756
03.22.2002-15:00:00,03,22,2002,15,13.735
03.22.2002-18:00:00,03,22,2002,18,13.715
03.22.2002-21:00:00,03,22,2002,21,13.696
03.23.2002-00:00:00,03,23,2002,00,13.677
03.23.2002-03:00:00,03,23,2002,03,13.658
03.23.2002-06:00:00,03,23,2002,06,13.639
03.23.2002-09:00:00,03,23,2002,09,13.615
03.23.2002-12:00:00,03,23,2002,12,13.59
03.23.2002-15:00:00,03,23,2002,15,13.567
03.23.2002-18:00:00,03,23,2002,18,13.548
03.23.2002-21:00:00,03,23,2002,21,13.529
03.24.2002-00:00:00,03,24,2002,00,13.51
03.24.2002-03:00:00,03,24,2002,03,13.491
03.24.2002-06:00:00,03,24,2002,06,13.472
03.24.2002-09:00:00,03,24,2002,09,13.449
03.24.2002-12:00:00,03,24,2002,12,13.424
03.24.2002-15:00:00,03,24,2002,15,13.401
03.24.2002-18:00:00,03,24,2002,18,13.382
03.24.2002-21:00:00,03,24,2002,21,13.364
03.25.2002-00:00:00,03,25,2002,00,13.345
03.25.2002-03:00:00,03,25,2002,03,13.326
03.25.2002-06:00:00,03,25,2002,06,13.308
03.25.2002-09:00:00,03,25,2002,09,13.285
03.25.2002-12:00:00,03,25,2002,12,13.26
03.25.2002-15:00:00,03,25,2002,15,13.237
03.25.2002-18:00:00,03,25,2002,18,13.218
03.25.2002-21:00:00,03,25,2002,21,13.2
03.26.2002-00:00:00,03,26,2002,00,13.182
03.26.2002-03:00:00,03,26,2002,03,13.164
03.26.2002-06:00:00,03,26,2002,06,13.145
03.26.2002-09:00:00,03,26,2002,09,13.125
03.26.2002-12:00:00,03,26,2002,12,13.105
03.26.2002-15:00:00,03,26,2002,15,13.086
03.26.2002-18:00:00,03,26,2002,18,13.068
03.26.2002-21:00:00,03,26,2002,21,13.05
03.27.2002-00:00:00,03,27,2002,00,13.032
03.27.2002-03:00:00,03,27,2002,03,13.014
03.27.2002-06:00:00,03,27,2002,06,12.996
03.27.2002-09:00:00,03,27,2002,09,12.977
03.27.2002-12:00:00,03,27,2002,12,12.957
03.27.2002-15:00:00,03,27,2002,15,12.939
03.27.2002-18:00:00,03,27,2002,18,12.921
03.27.2002-21:00:00,03,27,2002,21,12.904
03.28.2002-00:00:00,03,28,2002,00,12.886
03.28.2002-03:00:00,03,28,2002,03,12.868
03.28.2002-06:00:00,03,28,2002,06,12.85
03.28.2002-09:00:00,03,28,2002,09,12.833
03.28.2002-12:00:00,03,28,2002,12,12.815
03.28.2002-15:00:00,03,28,2002,15,12.797
03.28.2002-18:00:00,03,28,2002,18,12.78
03.28.2002-21:00:00,03,28,2002,21,12.762
03.29.2002-00:00:00,03,29,2002,00,12.745
03.29.2002-03:00:00,03,29,2002,03,12.727
03.29.2002-06:00:00,03,29,2002,06,12.709
03.29.2002-09:00:00,03,29,2002,09,12.692
03.29.2002-12:00:00,03,29,2002,12,12.675
03.29.2002-15:00:00,03,29,2002,15,12.657
03.29.2002-18:00:00,03,29,2002,18,12.64
03.29.2002-21:00:00,03,29,2002,21,12.622
03.30.2002-00:00:00,03,30,2002,00,12.605
03.30.2002-03:00:00,03,30,2002,03,12.588
03.30.2002-06:00:00,03,30,2002,06,12.571
03.30.2002-09:00:00,03,30,2002,09,12.553
03.30.2002-12:00:00,03,30,2002,12,12.536
03.30.2002-15:00:00,03,30,2002,15,12.519
03.30.2002-18:00:00,03,30,2002,18,12.502
03.30.2002-21:00:00,03,30,2002,21,12.485
03.31.2002-00:00:00,03,31,2002,00,12.468
03.31.2002-03:00:00,03,31,2002,03,12.451
03.31.2002-06:00:00,03,31,2002,06,12.434
03.31.2002-09:00:00,03,31,2002,09,12.417
03.31.2002-12:00:00,03,31,2002,12,12.401
03.31.2002-15:00:00,03,31,2002,15,12.384
03.31.2002-18:00:00,03,31,2002,18,12.368
03.31.2002-21:00:00,03,31,2002,21,12.351
04.01.2002-00:00:00,04,01,2002,00,12.335
04.01.2002-03:00:00,04,01,2002,03,12.318
04.01.2002-06:00:00,04,01,2002,06,12.302
04.01.2002-09:00:00,04,01,2002,09,12.286
04.01.2002-12:00:00,04,01,2002,12,12.27
04.01.2002-15:00:00,04,01,2002,15,12.254
04.01.2002-18:00:00,04,01,2002,18,12.238
04.01.2002-21:00:00,04,01,2002,21,12.223
04.02.2002-00:00:00,04,02,2002,00,12.207
04.02.2002-03:00:00,04,02,2002,03,12.192
04.02.2002-06:00:00,04,02,2002,06,12.177
04.02.2002-09:00:00,04,02,2002,09,12.162
04.02.2002-12:00:00,04,02,2002,12,12.147
04.02.2002-15:00:00,04,02,2002,15,12.133
04.02.2002-18:00:00,04,02,2002,18,12.118
04.02.2002-21:00:00,04,02,2002,21,12.103
04.03.2002-00:00:00,04,03,2002,00,12.089
04.03.2002-03:00:00,04,03,2002,03,12.074
04.03.2002-06:00:00,04,03,2002,06,12.059
04.03.2002-09:00:00,04,03,2002,09,12.045
04.03.2002-12:00:00,04,03,2002,12,12.03
04.03.2002-15:00:00,04,03,2002,15,12.016
04.03.2002-18:00:00,04,03,2002,18,12.001
04.03.2002-21:00:00,04,03,2002,21,11.987
04.04.2002-00:00:00,04,04,2002,00,11.973
04.04.2002-03:00:00,04,04,2002,03,11.958
04.04.2002-06:00:00,04,04,2002,06,11.944
04.04.2002-09:00:00,04,04,2002,09,11.93
04.04.2002-12:00:00,04,04,2002,12,11.916
04.04.2002-15:00:00,04,04,2002,15,11.901
04.04.2002-18:00:00,04,04,2002,18,11.887
04.04.2002-21:00:00,04,04,2002,21,11.873
04.05.2002-00:00:00,04,05,2002,00,11.86
04.05.2002-03:00:00,04,05,2002,03,11.847
04.05.2002-06:00:00,04,05,2002,06,11.834
04.05.2002-09:00:00,04,05,2002,09,11.821
04.05.2002-12:00:00,04,05,2002,12,11.808
04.05.2002-15:00:00,04,05,2002,15,11.796
04.05.2002-18:00:00,04,05,2002,18,11.783
04.05.2002-21:00:00,04,05,2002,21,11.771
04.06.2002-00:00:00,04,06,2002,00,11.76
04.06.2002-03:00:00,04,06,2002,03,11.75
04.06.2002-06:00:00,04,06,2002,06,11.739
04.06.2002-09:00:00,04,06,2002,09,11.729
04.06.2002-12:00:00,04,06,2002,12,11.719
04.06.2002-15:00:00,04,06,2002,15,11.709
04.06.2002-18:00:00,04,06,2002,18,11.7
04.06.2002-21:00:00,04,06,2002,21,11.691
04.07.2002-00:00:00,04,07,2002,00,11.683
04.07.2002-03:00:00,04,07,2002,03,11.675
04.07.2002-06:00:00,04,07,2002,06,11.668
04.07.2002-09:00:00,04,07,2002,09,11.66
04.07.2002-12:00:00,04,07,2002,12,11.653
04.07.2002-15:00:00,04,07,2002,15,11.646
04.07.2002-18:00:00,04,07,2002,18,11.64
04.07.2002-21:00:00,04,07,2002,21,11.634
04.08.2002-00:00:00,04,08,2002,00,11.628
04.08.2002-03:00:00,04,08,2002,03,11.623
04.08.2002-06:00:00,04,08,2002,06,11.618
04.08.2002-09:00:00,04,08,2002,09,11.614
04.08.2002-12:00:00,04,08,2002,12,11.609
04.08.2002-15:00:00,04,08,2002,15,11.605
04.08.2002-18:00:00,04,08,2002,18,11.6
04.08.2002-21:00:00,04,08,2002,21,11.596
04.09.2002-00:00:00,04,09,2002,00,11.592
04.09.2002-03:00:00,04,09,2002,03,11.589
04.09.2002-06:00:00,04,09,2002,06,11.586
04.09.2002-09:00:00,04,09,2002,09,11.584
04.09.2002-12:00:00,04,09,2002,12,11.581
04.09.2002-15:00:00,04,09,2002,15,11.579
04.09.2002-18:00:00,04,09,2002,18,11.577
04.09.2002-21:00:00,04,09,2002,21,11.575
04.10.2002-00:00:00,04,10,2002,00,11.574
04.10.2002-03:00:00,04,10,2002,03,11.572
04.10.2002-06:00:00,04,10,2002,06,11.571
04.10.2002-09:00:00,04,10,2002,09,11.571
04.10.2002-12:00:00,04,10,2002,12,11.57
04.10.2002-15:00:00,04,10,2002,15,11.569
04.10.2002-18:00:00,04,10,2002,18,11.568
04.10.2002-21:00:00,04,10,2002,21,11.568
04.11.2002-00:00:00,04,11,2002,00,11.568
04.11.2002-03:00:00,04,11,2002,03,11.565
04.11.2002-06:00:00,04,11,2002,06,11.561
04.11.2002-09:00:00,04,11,2002,09,11.556
04.11.2002-12:00:00,04,11,2002,12,11.552
04.11.2002-15:00:00,04,11,2002,15,11.548
04.11.2002-18:00:00,04,11,2002,18,11.544
04.11.2002-21:00:00,04,11,2002,21,11.541
04.12.2002-00:00:00,04,12,2002,00,11.538
04.12.2002-03:00:00,04,12,2002,03,11.535
04.12.2002-06:00:00,04,12,2002,06,11.532
04.12.2002-09:00:00,04,12,2002,09,11.53
04.12.2002-12:00:00,04,12,2002,12,11.528
04.12.2002-15:00:00,04,12,2002,15,11.526
04.12.2002-18:00:00,04,12,2002,18,11.525
04.12.2002-21:00:00,04,12,2002,21,11.524
04.13.2002-00:00:00,04,13,2002,00,11.523
04.13.2002-03:00:00,04,13,2002,03,11.523
04.13.2002-06:00:00,04,13,2002,06,11.523
04.13.2002-09:00:00,04,13,2002,09,11.523
04.13.2002-12:00:00,04,13,2002,12,11.524
04.13.2002-15:00:00,04,13,2002,15,11.525
04.13.2002-18:00:00,04,13,2002,18,11.526
04.13.2002-21:00:00,04,13,2002,21,11.528
04.14.2002-00:00:00,04,14,2002,00,11.536
04.14.2002-03:00:00,04,14,2002,03,11.55
04.14.2002-06:00:00,04,14,2002,06,11.566
04.14.2002-09:00:00,04,14,2002,09,11.577
04.14.2002-12:00:00,04,14,2002,12,11.586
04.14.2002-15:00:00,04,14,2002,15,11.6
04.14.2002-18:00:00,04,14,2002,18,11.619
04.14.2002-21:00:00,04,14,2002,21,11.64
04.15.2002-00:00:00,04,15,2002,00,11.663
04.15.2002-03:00:00,04,15,2002,03,11.687
04.15.2002-06:00:00,04,15,2002,06,11.711
04.15.2002-09:00:00,04,15,2002,09,11.733
04.15.2002-12:00:00,04,15,2002,12,11.755
04.15.2002-15:00:00,04,15,2002,15,11.778
04.15.2002-18:00:00,04,15,2002,18,11.802
04.15.2002-21:00:00,04,15,2002,21,11.827
04.16.2002-00:00:00,04,16,2002,00,11.853
04.16.2002-03:00:00,04,16,2002,03,11.881
04.16.2002-06:00:00,04,16,2002,06,11.908
04.16.2002-09:00:00,04,16,2002,09,11.934
04.16.2002-12:00:00,04,16,2002,12,11.959
04.16.2002-15:00:00,04,16,2002,15,11.985
04.16.2002-18:00:00,04,16,2002,18,12.014
04.16.2002-21:00:00,04,16,2002,21,12.043
04.17.2002-00:00:00,04,17,2002,00,12.073
04.17.2002-03:00:00,04,17,2002,03,12.103
04.17.2002-06:00:00,04,17,2002,06,12.132
04.17.2002-09:00:00,04,17,2002,09,12.156
04.17.2002-12:00:00,04,17,2002,12,12.179
04.17.2002-15:00:00,04,17,2002,15,12.205
04.17.2002-18:00:00,04,17,2002,18,12.235
04.17.2002-21:00:00,04,17,2002,21,12.265
04.18.2002-00:00:00,04,18,2002,00,12.296
04.18.2002-03:00:00,04,18,2002,03,12.328
04.18.2002-06:00:00,04,18,2002,06,12.358
04.18.2002-09:00:00,04,18,2002,09,12.381
04.18.2002-12:00:00,04,18,2002,12,12.402
04.18.2002-15:00:00,04,18,2002,15,12.427
04.18.2002-18:00:00,04,18,2002,18,12.458
04.18.2002-21:00:00,04,18,2002,21,12.49
04.19.2002-00:00:00,04,19,2002,00,12.522
04.19.2002-03:00:00,04,19,2002,03,12.554
04.19.2002-06:00:00,04,19,2002,06,12.585
04.19.2002-09:00:00,04,19,2002,09,12.608
04.19.2002-12:00:00,04,19,2002,12,12.628
04.19.2002-15:00:00,04,19,2002,15,12.653
04.19.2002-18:00:00,04,19,2002,18,12.685
04.19.2002-21:00:00,04,19,2002,21,12.72
04.20.2002-00:00:00,04,20,2002,00,12.755
04.20.2002-03:00:00,04,20,2002,03,12.792
04.20.2002-06:00:00,04,20,2002,06,12.827
04.20.2002-09:00:00,04,20,2002,09,12.856
04.20.2002-12:00:00,04,20,2002,12,12.882
04.20.2002-15:00:00,04,20,2002,15,12.913
04.20.2002-18:00:00,04,20,2002,18,12.944
04.20.2002-21:00:00,04,20,2002,21,12.981
04.21.2002-00:00:00,04,21,2002,00,13.02
04.21.2002-03:00:00,04,21,2002,03,13.057
04.21.2002-06:00:00,04,21,2002,06,13.093
04.21.2002-09:00:00,04,21,2002,09,13.127
04.21.2002-12:00:00,04,21,2002,12,13.174
04.21.2002-15:00:00,04,21,2002,15,13.235
04.21.2002-18:00:00,04,21,2002,18,13.303
04.21.2002-21:00:00,04,21,2002,21,13.372
04.22.2002-00:00:00,04,22,2002,00,13.439
04.22.2002-03:00:00,04,22,2002,03,13.518
04.22.2002-06:00:00,04,22,2002,06,13.588
04.22.2002-09:00:00,04,22,2002,09,13.651
04.22.2002-12:00:00,04,22,2002,12,13.776
04.22.2002-15:00:00,04,22,2002,15,13.947
04.22.2002-18:00:00,04,22,2002,18,14.103
04.22.2002-21:00:00,04,22,2002,21,14.21
04.23.2002-00:00:00,04,23,2002,00,14.308
04.23.2002-03:00:00,04,23,2002,03,14.397
04.23.2002-06:00:00,04,23,2002,06,14.478
04.23.2002-09:00:00,04,23,2002,09,14.549
04.23.2002-12:00:00,04,23,2002,12,14.617
04.23.2002-15:00:00,04,23,2002,15,14.691
04.23.2002-18:00:00,04,23,2002,18,14.771
04.23.2002-21:00:00,04,23,2002,21,14.852
04.24.2002-00:00:00,04,24,2002,00,14.934
04.24.2002-03:00:00,04,24,2002,03,15.015
04.24.2002-06:00:00,04,24,2002,06,15.096
04.24.2002-09:00:00,04,24,2002,09,15.161
04.24.2002-12:00:00,04,24,2002,12,15.22
04.24.2002-15:00:00,04,24,2002,15,15.288
04.24.2002-18:00:00,04,24,2002,18,15.368
04.24.2002-21:00:00,04,24,2002,21,15.449
04.25.2002-00:00:00,04,25,2002,00,15.529
04.25.2002-03:00:00,04,25,2002,03,15.61
04.25.2002-06:00:00,04,25,2002,06,15.687
04.25.2002-09:00:00,04,25,2002,09,15.747
04.25.2002-12:00:00,04,25,2002,12,15.802
04.25.2002-15:00:00,04,25,2002,15,15.868
04.25.2002-18:00:00,04,25,2002,18,15.946
04.25.2002-21:00:00,04,25,2002,21,16.026
04.26.2002-00:00:00,04,26,2002,00,16.106
04.26.2002-03:00:00,04,26,2002,03,16.177
04.26.2002-06:00:00,04,26,2002,06,16.23
04.26.2002-09:00:00,04,26,2002,09,16.276
04.26.2002-12:00:00,04,26,2002,12,16.321
04.26.2002-15:00:00,04,26,2002,15,16.37
04.26.2002-18:00:00,04,26,2002,18,16.423
04.26.2002-21:00:00,04,26,2002,21,16.479
04.27.2002-00:00:00,04,27,2002,00,16.535
04.27.2002-03:00:00,04,27,2002,03,16.591
04.27.2002-06:00:00,04,27,2002,06,16.647
04.27.2002-09:00:00,04,27,2002,09,16.698
04.27.2002-12:00:00,04,27,2002,12,16.778
04.27.2002-15:00:00,04,27,2002,15,16.962
04.27.2002-18:00:00,04,27,2002,18,17.236
04.27.2002-21:00:00,04,27,2002,21,17.399
04.28.2002-00:00:00,04,28,2002,00,17.526
04.28.2002-03:00:00,04,28,2002,03,17.644
04.28.2002-06:00:00,04,28,2002,06,17.743
04.28.2002-09:00:00,04,28,2002,09,17.809
04.28.2002-12:00:00,04,28,2002,12,18.183
04.28.2002-15:00:00,04,28,2002,15,18.582
04.28.2002-18:00:00,04,28,2002,18,18.899
04.28.2002-21:00:00,04,28,2002,21,19.111
04.29.2002-00:00:00,04,29,2002,00,19.301
04.29.2002-03:00:00,04,29,2002,03,19.454
04.29.2002-06:00:00,04,29,2002,06,19.567
04.29.2002-09:00:00,04,29,2002,09,19.658
04.29.2002-12:00:00,04,29,2002,12,20.285
04.29.2002-15:00:00,04,29,2002,15,21.11
04.29.2002-18:00:00,04,29,2002,18,21.73
04.29.2002-21:00:00,04,29,2002,21,22.147
04.30.2002-00:00:00,04,30,2002,00,22.462
04.30.2002-03:00:00,04,30,2002,03,22.696
04.30.2002-06:00:00,04,30,2002,06,22.981
04.30.2002-09:00:00,04,30,2002,09,23.972
04.30.2002-12:00:00,04,30,2002,12,71.997
04.30.2002-15:00:00,04,30,2002,15,70.586
04.30.2002-18:00:00,04,30,2002,18,55.727
04.30.2002-21:00:00,04,30,2002,21,43.903
05.01.2002-00:00:00,05,01,2002,00,36.267
05.01.2002-03:00:00,05,01,2002,03,36.065
05.01.2002-06:00:00,05,01,2002,06,34.474
05.01.2002-09:00:00,05,01,2002,09,54.66
05.01.2002-12:00:00,05,01,2002,12,78.881
05.01.2002-15:00:00,05,01,2002,15,74.135
05.01.2002-18:00:00,05,01,2002,18,57.621
05.01.2002-21:00:00,05,01,2002,21,48.545
05.02.2002-00:00:00,05,02,2002,00,47.751
05.02.2002-03:00:00,05,02,2002,03,46.441
05.02.2002-06:00:00,05,02,2002,06,53.083
05.02.2002-09:00:00,05,02,2002,09,113.19
05.02.2002-12:00:00,05,02,2002,12,145.59
05.02.2002-15:00:00,05,02,2002,15,119.78
05.02.2002-18:00:00,05,02,2002,18,92.243
05.02.2002-21:00:00,05,02,2002,21,79.415
05.03.2002-00:00:00,05,03,2002,00,69.512
05.03.2002-03:00:00,05,03,2002,03,69.425
05.03.2002-06:00:00,05,03,2002,06,67.909
05.03.2002-09:00:00,05,03,2002,09,73.058
05.03.2002-12:00:00,05,03,2002,12,122.93
05.03.2002-15:00:00,05,03,2002,15,100.98
05.03.2002-18:00:00,05,03,2002,18,77.495
05.03.2002-21:00:00,05,03,2002,21,74.222
05.04.2002-00:00:00,05,04,2002,00,75.082
05.04.2002-03:00:00,05,04,2002,03,75.888
05.04.2002-06:00:00,05,04,2002,06,75.464
05.04.2002-09:00:00,05,04,2002,09,70.925
05.04.2002-12:00:00,05,04,2002,12,72.493
05.04.2002-15:00:00,05,04,2002,15,80.86
05.04.2002-18:00:00,05,04,2002,18,76.424
05.04.2002-21:00:00,05,04,2002,21,76.816
05.05.2002-00:00:00,05,05,2002,00,77.21
05.05.2002-03:00:00,05,05,2002,03,77.52
05.05.2002-06:00:00,05,05,2002,06,76.064
05.05.2002-09:00:00,05,05,2002,09,71.422
05.05.2002-12:00:00,05,05,2002,12,96.757
05.05.2002-15:00:00,05,05,2002,15,101.98
05.05.2002-18:00:00,05,05,2002,18,84.044
05.05.2002-21:00:00,05,05,2002,21,80.812
05.06.2002-00:00:00,05,06,2002,00,81.369
05.06.2002-03:00:00,05,06,2002,03,81.992
05.06.2002-06:00:00,05,06,2002,06,82.302
05.06.2002-09:00:00,05,06,2002,09,77.489
05.06.2002-12:00:00,05,06,2002,12,76.125
05.06.2002-15:00:00,05,06,2002,15,79.929
05.06.2002-18:00:00,05,06,2002,18,81.759
05.06.2002-21:00:00,05,06,2002,21,82.709
05.07.2002-00:00:00,05,07,2002,00,82.996
05.07.2002-03:00:00,05,07,2002,03,83.228
05.07.2002-06:00:00,05,07,2002,06,82.035
05.07.2002-09:00:00,05,07,2002,09,77.419
05.07.2002-12:00:00,05,07,2002,12,79.749
05.07.2002-15:00:00,05,07,2002,15,82.436
05.07.2002-18:00:00,05,07,2002,18,87.016
05.07.2002-21:00:00,05,07,2002,21,85.063
05.08.2002-00:00:00,05,08,2002,00,85.36
05.08.2002-03:00:00,05,08,2002,03,85.758
05.08.2002-06:00:00,05,08,2002,06,85.593
05.08.2002-09:00:00,05,08,2002,09,78.835
05.08.2002-12:00:00,05,08,2002,12,80.084
05.08.2002-15:00:00,05,08,2002,15,106.51
05.08.2002-18:00:00,05,08,2002,18,91.277
05.08.2002-21:00:00,05,08,2002,21,87.588
05.09.2002-00:00:00,05,09,2002,00,87.902
05.09.2002-03:00:00,05,09,2002,03,88.308
05.09.2002-06:00:00,05,09,2002,06,87.093
05.09.2002-09:00:00,05,09,2002,09,79.726
05.09.2002-12:00:00,05,09,2002,12,77.893
05.09.2002-15:00:00,05,09,2002,15,82.294
05.09.2002-18:00:00,05,09,2002,18,86.774
05.09.2002-21:00:00,05,09,2002,21,88.705
05.10.2002-00:00:00,05,10,2002,00,89.11
05.10.2002-03:00:00,05,10,2002,03,89.431
05.10.2002-06:00:00,05,10,2002,06,87.355
05.10.2002-09:00:00,05,10,2002,09,79.218
05.10.2002-12:00:00,05,10,2002,12,87.651
05.10.2002-15:00:00,05,10,2002,15,86.211
05.10.2002-18:00:00,05,10,2002,18,88.939
05.10.2002-21:00:00,05,10,2002,21,91.105
05.11.2002-00:00:00,05,11,2002,00,91.835
05.11.2002-03:00:00,05,11,2002,03,92.461
05.11.2002-06:00:00,05,11,2002,06,88.968
05.11.2002-09:00:00,05,11,2002,09,141.97
05.11.2002-12:00:00,05,11,2002,12,253.09
05.11.2002-15:00:00,05,11,2002,15,237.74
05.11.2002-18:00:00,05,11,2002,18,164.09
05.11.2002-21:00:00,05,11,2002,21,123.27
05.12.2002-00:00:00,05,12,2002,00,110.76
05.12.2002-03:00:00,05,12,2002,03,111.03
05.12.2002-06:00:00,05,12,2002,06,106.17
05.12.2002-09:00:00,05,12,2002,09,197.16
05.12.2002-12:00:00,05,12,2002,12,349.44
05.12.2002-15:00:00,05,12,2002,15,341.27
05.12.2002-18:00:00,05,12,2002,18,206.38
05.12.2002-21:00:00,05,12,2002,21,157.61
05.13.2002-00:00:00,05,13,2002,00,145
05.13.2002-03:00:00,05,13,2002,03,145.4
05.13.2002-06:00:00,05,13,2002,06,137.67
05.13.2002-09:00:00,05,13,2002,09,306.76
05.13.2002-12:00:00,05,13,2002,12,442.14
05.13.2002-15:00:00,05,13,2002,15,384.24
05.13.2002-18:00:00,05,13,2002,18,260.94
05.13.2002-21:00:00,05,13,2002,21,221.5
05.14.2002-00:00:00,05,14,2002,00,209.41
05.14.2002-03:00:00,05,14,2002,03,194.98
05.14.2002-06:00:00,05,14,2002,06,223.79
05.14.2002-09:00:00,05,14,2002,09,380.69
05.14.2002-12:00:00,05,14,2002,12,484.07
05.14.2002-15:00:00,05,14,2002,15,412.08
05.14.2002-18:00:00,05,14,2002,18,292.95
05.14.2002-21:00:00,05,14,2002,21,244.19
05.15.2002-00:00:00,05,15,2002,00,231.14
05.15.2002-03:00:00,05,15,2002,03,232.09
05.15.2002-06:00:00,05,15,2002,06,223.21
05.15.2002-09:00:00,05,15,2002,09,270.19
05.15.2002-12:00:00,05,15,2002,12,601.91
05.15.2002-15:00:00,05,15,2002,15,524.78
05.15.2002-18:00:00,05,15,2002,18,320.56
05.15.2002-21:00:00,05,15,2002,21,270.62
05.16.2002-00:00:00,05,16,2002,00,260.15
05.16.2002-03:00:00,05,16,2002,03,269.65
05.16.2002-06:00:00,05,16,2002,06,258.64
05.16.2002-09:00:00,05,16,2002,09,336.07
05.16.2002-12:00:00,05,16,2002,12,816.17
05.16.2002-15:00:00,05,16,2002,15,703.12
05.16.2002-18:00:00,05,16,2002,18,429.84
05.16.2002-21:00:00,05,16,2002,21,342.96
05.17.2002-00:00:00,05,17,2002,00,352.7
05.17.2002-03:00:00,05,17,2002,03,342.94
05.17.2002-06:00:00,05,17,2002,06,443.9
05.17.2002-09:00:00,05,17,2002,09,825.09
05.17.2002-12:00:00,05,17,2002,12,1088.6
05.17.2002-15:00:00,05,17,2002,15,886.21
05.17.2002-18:00:00,05,17,2002,18,621.48
05.17.2002-21:00:00,05,17,2002,21,526.56
05.18.2002-00:00:00,05,18,2002,00,418.19
05.18.2002-03:00:00,05,18,2002,03,419.91
05.18.2002-06:00:00,05,18,2002,06,397.54
05.18.2002-09:00:00,05,18,2002,09,902.91
05.18.2002-12:00:00,05,18,2002,12,1240
05.18.2002-15:00:00,05,18,2002,15,1000.4
05.18.2002-18:00:00,05,18,2002,18,651.37
05.18.2002-21:00:00,05,18,2002,21,535.06
05.19.2002-00:00:00,05,19,2002,00,513.5
05.19.2002-03:00:00,05,19,2002,03,500.06
05.19.2002-06:00:00,05,19,2002,06,642.15
05.19.2002-09:00:00,05,19,2002,09,1220.2
05.19.2002-12:00:00,05,19,2002,12,1587.7
05.19.2002-15:00:00,05,19,2002,15,1308.3
05.19.2002-18:00:00,05,19,2002,18,918.87
05.19.2002-21:00:00,05,19,2002,21,852.47
05.20.2002-00:00:00,05,20,2002,00,1152.6
05.20.2002-03:00:00,05,20,2002,03,1181.1
05.20.2002-06:00:00,05,20,2002,06,1396.6
05.20.2002-09:00:00,05,20,2002,09,1906.4
05.20.2002-12:00:00,05,20,2002,12,2265.5
05.20.2002-15:00:00,05,20,2002,15,2098.6
05.20.2002-18:00:00,05,20,2002,18,1861.8
05.20.2002-21:00:00,05,20,2002,21,1805.7
05.21.2002-00:00:00,05,21,2002,00,1813.1
05.21.2002-03:00:00,05,21,2002,03,1758.7
05.21.2002-06:00:00,05,21,2002,06,1866.6
05.21.2002-09:00:00,05,21,2002,09,2112.1
05.21.2002-12:00:00,05,21,2002,12,2280.1
05.21.2002-15:00:00,05,21,2002,15,2274.6
05.21.2002-18:00:00,05,21,2002,18,2187.7
05.21.2002-21:00:00,05,21,2002,21,2217.9
05.22.2002-00:00:00,05,22,2002,00,2046.5
05.22.2002-03:00:00,05,22,2002,03,2076.4
05.22.2002-06:00:00,05,22,2002,06,2120.5
05.22.2002-09:00:00,05,22,2002,09,2295.7
05.22.2002-12:00:00,05,22,2002,12,2328.9
05.22.2002-15:00:00,05,22,2002,15,2336.7
05.22.2002-18:00:00,05,22,2002,18,2244.4
05.22.2002-21:00:00,05,22,2002,21,2274.5
05.23.2002-00:00:00,05,23,2002,00,2041.7
05.23.2002-03:00:00,05,23,2002,03,1991.1
05.23.2002-06:00:00,05,23,2002,06,2076.8
05.23.2002-09:00:00,05,23,2002,09,2740.5
05.23.2002-12:00:00,05,23,2002,12,3415.7
05.23.2002-15:00:00,05,23,2002,15,3330
05.23.2002-18:00:00,05,23,2002,18,2971.4
05.23.2002-21:00:00,05,23,2002,21,2887.4
05.24.2002-00:00:00,05,24,2002,00,2689.1
05.24.2002-03:00:00,05,24,2002,03,2600.1
05.24.2002-06:00:00,05,24,2002,06,2400.6
05.24.2002-09:00:00,05,24,2002,09,2700.2
05.24.2002-12:00:00,05,24,2002,12,3494.8
05.24.2002-15:00:00,05,24,2002,15,3647.8
05.24.2002-18:00:00,05,24,2002,18,3226.1
05.24.2002-21:00:00,05,24,2002,21,2916.4
05.25.2002-00:00:00,05,25,2002,00,2877.2
05.25.2002-03:00:00,05,25,2002,03,2771.5
05.25.2002-06:00:00,05,25,2002,06,2888.3
05.25.2002-09:00:00,05,25,2002,09,3485.1
05.25.2002-12:00:00,05,25,2002,12,4325.1
05.25.2002-15:00:00,05,25,2002,15,4409.6
05.25.2002-18:00:00,05,25,2002,18,4034.4
05.25.2002-21:00:00,05,25,2002,21,3845.8
05.26.2002-00:00:00,05,26,2002,00,3534.7
05.26.2002-03:00:00,05,26,2002,03,3368.6
05.26.2002-06:00:00,05,26,2002,06,3148
05.26.2002-09:00:00,05,26,2002,09,3891.8
05.26.2002-12:00:00,05,26,2002,12,4820.4
05.26.2002-15:00:00,05,26,2002,15,5044
05.26.2002-18:00:00,05,26,2002,18,4706.6
05.26.2002-21:00:00,05,26,2002,21,4225.5
05.27.2002-00:00:00,05,27,2002,00,3898.5
05.27.2002-03:00:00,05,27,2002,03,3717
05.27.2002-06:00:00,05,27,2002,06,3651
05.27.2002-09:00:00,05,27,2002,09,4537.4
05.27.2002-12:00:00,05,27,2002,12,5637.8
05.27.2002-15:00:00,05,27,2002,15,5963.2
05.27.2002-18:00:00,05,27,2002,18,5595.8
05.27.2002-21:00:00,05,27,2002,21,5224.1
05.28.2002-00:00:00,05,28,2002,00,4904.7
05.28.2002-03:00:00,05,28,2002,03,4751.9
05.28.2002-06:00:00,05,28,2002,06,4858.9
05.28.2002-09:00:00,05,28,2002,09,5882.1
05.28.2002-12:00:00,05,28,2002,12,6730.7
05.28.2002-15:00:00,05,28,2002,15,7269.9
05.28.2002-18:00:00,05,28,2002,18,6771.3
05.28.2002-21:00:00,05,28,2002,21,6537.5
05.29.2002-00:00:00,05,29,2002,00,5962.5
05.29.2002-03:00:00,05,29,2002,03,5673.4
05.29.2002-06:00:00,05,29,2002,06,5610.4
05.29.2002-09:00:00,05,29,2002,09,6346.4
05.29.2002-12:00:00,05,29,2002,12,7155.5
05.29.2002-15:00:00,05,29,2002,15,7253
05.29.2002-18:00:00,05,29,2002,18,7011.8
05.29.2002-21:00:00,05,29,2002,21,6638.9
05.30.2002-00:00:00,05,30,2002,00,6136.7
05.30.2002-03:00:00,05,30,2002,03,5655.3
05.30.2002-06:00:00,05,30,2002,06,5335.2
05.30.2002-09:00:00,05,30,2002,09,5959.4
05.30.2002-12:00:00,05,30,2002,12,6978.3
05.30.2002-15:00:00,05,30,2002,15,7209.1
05.30.2002-18:00:00,05,30,2002,18,7108.9
05.30.2002-21:00:00,05,30,2002,21,6537.4
05.31.2002-00:00:00,05,31,2002,00,6195.4
05.31.2002-03:00:00,05,31,2002,03,5606.5
05.31.2002-06:00:00,05,31,2002,06,5556.6
05.31.2002-09:00:00,05,31,2002,09,5953.9
05.31.2002-12:00:00,05,31,2002,12,6748
05.31.2002-15:00:00,05,31,2002,15,6887.3
05.31.2002-18:00:00,05,31,2002,18,6903.2
05.31.2002-21:00:00,05,31,2002,21,6479.6
06.01.2002-00:00:00,06,01,2002,00,6074.5
06.01.2002-03:00:00,06,01,2002,03,5623.9
06.01.2002-06:00:00,06,01,2002,06,5402.2
06.01.2002-09:00:00,06,01,2002,09,6062.4
06.01.2002-12:00:00,06,01,2002,12,7093.1
06.01.2002-15:00:00,06,01,2002,15,7364.8
06.01.2002-18:00:00,06,01,2002,18,7384
06.01.2002-21:00:00,06,01,2002,21,6852.1
06.02.2002-00:00:00,06,02,2002,00,6690.4
06.02.2002-03:00:00,06,02,2002,03,6155.4
06.02.2002-06:00:00,06,02,2002,06,6186
06.02.2002-09:00:00,06,02,2002,09,6851.7
06.02.2002-12:00:00,06,02,2002,12,7682.2
06.02.2002-15:00:00,06,02,2002,15,8024.3
06.02.2002-18:00:00,06,02,2002,18,7961.9
06.02.2002-21:00:00,06,02,2002,21,7536.5
06.03.2002-00:00:00,06,03,2002,00,7110.9
06.03.2002-03:00:00,06,03,2002,03,6573.7
06.03.2002-06:00:00,06,03,2002,06,6387.5
06.03.2002-09:00:00,06,03,2002,09,6919.4
06.03.2002-12:00:00,06,03,2002,12,7648.8
06.03.2002-15:00:00,06,03,2002,15,7940
06.03.2002-18:00:00,06,03,2002,18,7869.3
06.03.2002-21:00:00,06,03,2002,21,7484.9
06.04.2002-00:00:00,06,04,2002,00,7153.1
06.04.2002-03:00:00,06,04,2002,03,6798.3
06.04.2002-06:00:00,06,04,2002,06,6867.8
06.04.2002-09:00:00,06,04,2002,09,7337.9
06.04.2002-12:00:00,06,04,2002,12,7894.1
06.04.2002-15:00:00,06,04,2002,15,8386.5
06.04.2002-18:00:00,06,04,2002,18,8354.2
06.04.2002-21:00:00,06,04,2002,21,8191.3
06.05.2002-00:00:00,06,05,2002,00,7912.6
06.05.2002-03:00:00,06,05,2002,03,7511.4
06.05.2002-06:00:00,06,05,2002,06,7555.7
06.05.2002-09:00:00,06,05,2002,09,7706.4
06.05.2002-12:00:00,06,05,2002,12,8272.5
06.05.2002-15:00:00,06,05,2002,15,8402.9
06.05.2002-18:00:00,06,05,2002,18,8341.5
06.05.2002-21:00:00,06,05,2002,21,7930.2
06.06.2002-00:00:00,06,06,2002,00,7758.5
06.06.2002-03:00:00,06,06,2002,03,7289.2
06.06.2002-06:00:00,06,06,2002,06,7062.8
06.06.2002-09:00:00,06,06,2002,09,6936.8
06.06.2002-12:00:00,06,06,2002,12,7044.7
06.06.2002-15:00:00,06,06,2002,15,7043.6
06.06.2002-18:00:00,06,06,2002,18,6806.9
06.06.2002-21:00:00,06,06,2002,21,6591.3
06.07.2002-00:00:00,06,07,2002,00,6160.8
06.07.2002-03:00:00,06,07,2002,03,5898
06.07.2002-06:00:00,06,07,2002,06,5406.9
06.07.2002-09:00:00,06,07,2002,09,5344.9
06.07.2002-12:00:00,06,07,2002,12,5480.1
06.07.2002-15:00:00,06,07,2002,15,5511.8
06.07.2002-18:00:00,06,07,2002,18,5215.4
06.07.2002-21:00:00,06,07,2002,21,5049.9
06.08.2002-00:00:00,06,08,2002,00,4676.7
06.08.2002-03:00:00,06,08,2002,03,4527
06.08.2002-06:00:00,06,08,2002,06,4265.2
06.08.2002-09:00:00,06,08,2002,09,4023.1
06.08.2002-12:00:00,06,08,2002,12,4121.5
06.08.2002-15:00:00,06,08,2002,15,4210.5
06.08.2002-18:00:00,06,08,2002,18,4158.5
06.08.2002-21:00:00,06,08,2002,21,3970.6
06.09.2002-00:00:00,06,09,2002,00,3864.5
06.09.2002-03:00:00,06,09,2002,03,3662.7
06.09.2002-06:00:00,06,09,2002,06,3555.2
06.09.2002-09:00:00,06,09,2002,09,4011.8
06.09.2002-12:00:00,06,09,2002,12,4639.3
06.09.2002-15:00:00,06,09,2002,15,4706.2
06.09.2002-18:00:00,06,09,2002,18,4728.2
06.09.2002-21:00:00,06,09,2002,21,4692.2
06.10.2002-00:00:00,06,10,2002,00,4684.9
06.10.2002-03:00:00,06,10,2002,03,4555.6
06.10.2002-06:00:00,06,10,2002,06,4594
06.10.2002-09:00:00,06,10,2002,09,4708.7
06.10.2002-12:00:00,06,10,2002,12,4956.9
06.10.2002-15:00:00,06,10,2002,15,4938.9
06.10.2002-18:00:00,06,10,2002,18,5007.1
06.10.2002-21:00:00,06,10,2002,21,4956.2
06.11.2002-00:00:00,06,11,2002,00,5099.3
06.11.2002-03:00:00,06,11,2002,03,4877.6
06.11.2002-06:00:00,06,11,2002,06,4763
06.11.2002-09:00:00,06,11,2002,09,4670.5
06.11.2002-12:00:00,06,11,2002,12,4623.4
06.11.2002-15:00:00,06,11,2002,15,4522.3
06.11.2002-18:00:00,06,11,2002,18,4678.6
06.11.2002-21:00:00,06,11,2002,21,4584
06.12.2002-00:00:00,06,12,2002,00,4765.9
06.12.2002-03:00:00,06,12,2002,03,4533
06.12.2002-06:00:00,06,12,2002,06,4486.6
06.12.2002-09:00:00,06,12,2002,09,4221
06.12.2002-12:00:00,06,12,2002,12,4145.1
06.12.2002-15:00:00,06,12,2002,15,3981.8
06.12.2002-18:00:00,06,12,2002,18,4118.5
06.12.2002-21:00:00,06,12,2002,21,4156.1
06.13.2002-00:00:00,06,13,2002,00,4303.6
06.13.2002-03:00:00,06,13,2002,03,4292.9
06.13.2002-06:00:00,06,13,2002,06,4207.9
06.13.2002-09:00:00,06,13,2002,09,3972.4
06.13.2002-12:00:00,06,13,2002,12,3754.2
06.13.2002-15:00:00,06,13,2002,15,3565.1
06.13.2002-18:00:00,06,13,2002,18,3498.9
06.13.2002-21:00:00,06,13,2002,21,3688.3
06.14.2002-00:00:00,06,14,2002,00,3548.4
06.14.2002-03:00:00,06,14,2002,03,3659.8
06.14.2002-06:00:00,06,14,2002,06,3542.8
06.14.2002-09:00:00,06,14,2002,09,3496.3
06.14.2002-12:00:00,06,14,2002,12,3318
06.14.2002-15:00:00,06,14,2002,15,3327.1
06.14.2002-18:00:00,06,14,2002,18,3242.5
06.14.2002-21:00:00,06,14,2002,21,3182.3
06.15.2002-00:00:00,06,15,2002,00,3157.1
06.15.2002-03:00:00,06,15,2002,03,3256.8
06.15.2002-06:00:00,06,15,2002,06,3113.7
06.15.2002-09:00:00,06,15,2002,09,2998.4
06.15.2002-12:00:00,06,15,2002,12,2798.2
06.15.2002-15:00:00,06,15,2002,15,2913.7
06.15.2002-18:00:00,06,15,2002,18,2847.7
06.15.2002-21:00:00,06,15,2002,21,2915.6
06.16.2002-00:00:00,06,16,2002,00,2893.7
06.16.2002-03:00:00,06,16,2002,03,2916.2
06.16.2002-06:00:00,06,16,2002,06,2660.9
06.16.2002-09:00:00,06,16,2002,09,2530.3
06.16.2002-12:00:00,06,16,2002,12,2480.6
06.16.2002-15:00:00,06,16,2002,15,2467
06.16.2002-18:00:00,06,16,2002,18,2501
06.16.2002-21:00:00,06,16,2002,21,2576
06.17.2002-00:00:00,06,17,2002,00,2570.9
06.17.2002-03:00:00,06,17,2002,03,2475.1
06.17.2002-06:00:00,06,17,2002,06,2403.6
06.17.2002-09:00:00,06,17,2002,09,2372.1
06.17.2002-12:00:00,06,17,2002,12,2288.1
06.17.2002-15:00:00,06,17,2002,15,2293.9
06.17.2002-18:00:00,06,17,2002,18,2255.9
06.17.2002-21:00:00,06,17,2002,21,2336.8
06.18.2002-00:00:00,06,18,2002,00,2361.7
06.18.2002-03:00:00,06,18,2002,03,2316.4
06.18.2002-06:00:00,06,18,2002,06,2261.6
06.18.2002-09:00:00,06,18,2002,09,2232.7
06.18.2002-12:00:00,06,18,2002,12,2135.6
06.18.2002-15:00:00,06,18,2002,15,2131.1
06.18.2002-18:00:00,06,18,2002,18,2109.5
06.18.2002-21:00:00,06,18,2002,21,2175.3
06.19.2002-00:00:00,06,19,2002,00,2147.8
06.19.2002-03:00:00,06,19,2002,03,2165.4
06.19.2002-06:00:00,06,19,2002,06,2055.6
06.19.2002-09:00:00,06,19,2002,09,1962.7
06.19.2002-12:00:00,06,19,2002,12,1828.4
06.19.2002-15:00:00,06,19,2002,15,1773.4
06.19.2002-18:00:00,06,19,2002,18,1858.5
06.19.2002-21:00:00,06,19,2002,21,1831
06.20.2002-00:00:00,06,20,2002,00,1908.3
06.20.2002-03:00:00,06,20,2002,03,1870.6
06.20.2002-06:00:00,06,20,2002,06,1856.6
06.20.2002-09:00:00,06,20,2002,09,1689.1
06.20.2002-12:00:00,06,20,2002,12,1629.4
06.20.2002-15:00:00,06,20,2002,15,1560.8
06.20.2002-18:00:00,06,20,2002,18,1636.8
06.20.2002-21:00:00,06,20,2002,21,1646.9
06.21.2002-00:00:00,06,21,2002,00,1722.9
06.21.2002-03:00:00,06,21,2002,03,1711.3
06.21.2002-06:00:00,06,21,2002,06,1648.4
06.21.2002-09:00:00,06,21,2002,09,1519.2
06.21.2002-12:00:00,06,21,2002,12,1473.7
06.21.2002-15:00:00,06,21,2002,15,1410.5
06.21.2002-18:00:00,06,21,2002,18,1482.3
06.21.2002-21:00:00,06,21,2002,21,1482.9
06.22.2002-00:00:00,06,22,2002,00,1560
06.22.2002-03:00:00,06,22,2002,03,1538.8
06.22.2002-06:00:00,06,22,2002,06,1505.3
06.22.2002-09:00:00,06,22,2002,09,1390.2
06.22.2002-12:00:00,06,22,2002,12,1384.8
06.22.2002-15:00:00,06,22,2002,15,1314.2
06.22.2002-18:00:00,06,22,2002,18,1361.4
06.22.2002-21:00:00,06,22,2002,21,1438.1
06.23.2002-00:00:00,06,23,2002,00,1442.7
06.23.2002-03:00:00,06,23,2002,03,1447.1
06.23.2002-06:00:00,06,23,2002,06,1415.7
06.23.2002-09:00:00,06,23,2002,09,1295
06.23.2002-12:00:00,06,23,2002,12,1282.6
06.23.2002-15:00:00,06,23,2002,15,1223.7
06.23.2002-18:00:00,06,23,2002,18,1261.4
06.23.2002-21:00:00,06,23,2002,21,1319
06.24.2002-00:00:00,06,24,2002,00,1367.9
06.24.2002-03:00:00,06,24,2002,03,1355
06.24.2002-06:00:00,06,24,2002,06,1294.4
06.24.2002-09:00:00,06,24,2002,09,1229.5
06.24.2002-12:00:00,06,24,2002,12,1157.5
06.24.2002-15:00:00,06,24,2002,15,1123.2
06.24.2002-18:00:00,06,24,2002,18,1187.8
06.24.2002-21:00:00,06,24,2002,21,1237.1
06.25.2002-00:00:00,06,25,2002,00,1276.6
06.25.2002-03:00:00,06,25,2002,03,1262.5
06.25.2002-06:00:00,06,25,2002,06,1185.1
06.25.2002-09:00:00,06,25,2002,09,1109.7
06.25.2002-12:00:00,06,25,2002,12,1082.6
06.25.2002-15:00:00,06,25,2002,15,1049
06.25.2002-18:00:00,06,25,2002,18,1109.8
06.25.2002-21:00:00,06,25,2002,21,1161.5
06.26.2002-00:00:00,06,26,2002,00,1188.5
06.26.2002-03:00:00,06,26,2002,03,1197.4
06.26.2002-06:00:00,06,26,2002,06,1101.7
06.26.2002-09:00:00,06,26,2002,09,1048.9
06.26.2002-12:00:00,06,26,2002,12,1056.7
06.26.2002-15:00:00,06,26,2002,15,1024.5
06.26.2002-18:00:00,06,26,2002,18,1056.5
06.26.2002-21:00:00,06,26,2002,21,1111.7
06.27.2002-00:00:00,06,27,2002,00,1135.1
06.27.2002-03:00:00,06,27,2002,03,1117.1
06.27.2002-06:00:00,06,27,2002,06,1026.8
06.27.2002-09:00:00,06,27,2002,09,956.31
06.27.2002-12:00:00,06,27,2002,12,913.31
06.27.2002-15:00:00,06,27,2002,15,913.61
06.27.2002-18:00:00,06,27,2002,18,955.43
06.27.2002-21:00:00,06,27,2002,21,1025.9
06.28.2002-00:00:00,06,28,2002,00,1068.6
06.28.2002-03:00:00,06,28,2002,03,1067.9
06.28.2002-06:00:00,06,28,2002,06,1036.9
06.28.2002-09:00:00,06,28,2002,09,992.71
06.28.2002-12:00:00,06,28,2002,12,995.15
06.28.2002-15:00:00,06,28,2002,15,980.39
06.28.2002-18:00:00,06,28,2002,18,1050.6
06.28.2002-21:00:00,06,28,2002,21,1096.8
06.29.2002-00:00:00,06,29,2002,00,1160.8
06.29.2002-03:00:00,06,29,2002,03,1185.4
06.29.2002-06:00:00,06,29,2002,06,1173.3
06.29.2002-09:00:00,06,29,2002,09,1146.1
06.29.2002-12:00:00,06,29,2002,12,1149.1
06.29.2002-15:00:00,06,29,2002,15,1152.2
06.29.2002-18:00:00,06,29,2002,18,1203.5
06.29.2002-21:00:00,06,29,2002,21,1237.9
06.30.2002-00:00:00,06,30,2002,00,1192.2
06.30.2002-03:00:00,06,30,2002,03,1165.7
06.30.2002-06:00:00,06,30,2002,06,1122.2
06.30.2002-09:00:00,06,30,2002,09,1028.1
06.30.2002-12:00:00,06,30,2002,12,1010.2
06.30.2002-15:00:00,06,30,2002,15,981.61
06.30.2002-18:00:00,06,30,2002,18,1024.4
06.30.2002-21:00:00,06,30,2002,21,1047.1
07.01.2002-00:00:00,07,01,2002,00,1062.8
07.01.2002-03:00:00,07,01,2002,03,1056.4
07.01.2002-06:00:00,07,01,2002,06,1007.1
07.01.2002-09:00:00,07,01,2002,09,930.6
07.01.2002-12:00:00,07,01,2002,12,919.07
07.01.2002-15:00:00,07,01,2002,15,893.39
07.01.2002-18:00:00,07,01,2002,18,931.91
07.01.2002-21:00:00,07,01,2002,21,992.15
07.02.2002-00:00:00,07,02,2002,00,1010.3
07.02.2002-03:00:00,07,02,2002,03,1003.7
07.02.2002-06:00:00,07,02,2002,06,954.16
07.02.2002-09:00:00,07,02,2002,09,861.93
07.02.2002-12:00:00,07,02,2002,12,843.06
07.02.2002-15:00:00,07,02,2002,15,828.77
07.02.2002-18:00:00,07,02,2002,18,860.63
07.02.2002-21:00:00,07,02,2002,21,937.47
07.03.2002-00:00:00,07,03,2002,00,953.37
07.03.2002-03:00:00,07,03,2002,03,937.37
07.03.2002-06:00:00,07,03,2002,06,880.51
07.03.2002-09:00:00,07,03,2002,09,820.4
07.03.2002-12:00:00,07,03,2002,12,776.76
07.03.2002-15:00:00,07,03,2002,15,800.07
07.03.2002-18:00:00,07,03,2002,18,806.59
07.03.2002-21:00:00,07,03,2002,21,882.68
07.04.2002-00:00:00,07,04,2002,00,910.31
07.04.2002-03:00:00,07,04,2002,03,918.9
07.04.2002-06:00:00,07,04,2002,06,872.16
07.04.2002-09:00:00,07,04,2002,09,805.85
07.04.2002-12:00:00,07,04,2002,12,780.65
07.04.2002-15:00:00,07,04,2002,15,800.29
07.04.2002-18:00:00,07,04,2002,18,812.09
07.04.2002-21:00:00,07,04,2002,21,875.49
07.05.2002-00:00:00,07,05,2002,00,896.05
07.05.2002-03:00:00,07,05,2002,03,914.52
07.05.2002-06:00:00,07,05,2002,06,839.27
07.05.2002-09:00:00,07,05,2002,09,761.74
07.05.2002-12:00:00,07,05,2002,12,729.47
07.05.2002-15:00:00,07,05,2002,15,724.98
07.05.2002-18:00:00,07,05,2002,18,753.89
07.05.2002-21:00:00,07,05,2002,21,833.64
07.06.2002-00:00:00,07,06,2002,00,856.87
07.06.2002-03:00:00,07,06,2002,03,859.92
07.06.2002-06:00:00,07,06,2002,06,784.79
07.06.2002-09:00:00,07,06,2002,09,704.43
07.06.2002-12:00:00,07,06,2002,12,680.34
07.06.2002-15:00:00,07,06,2002,15,671.2
07.06.2002-18:00:00,07,06,2002,18,702.41
07.06.2002-21:00:00,07,06,2002,21,793.49
07.07.2002-00:00:00,07,07,2002,00,817.28
07.07.2002-03:00:00,07,07,2002,03,822.27
07.07.2002-06:00:00,07,07,2002,06,745.45
07.07.2002-09:00:00,07,07,2002,09,672.41
07.07.2002-12:00:00,07,07,2002,12,656.11
07.07.2002-15:00:00,07,07,2002,15,632.04
07.07.2002-18:00:00,07,07,2002,18,674.74
07.07.2002-21:00:00,07,07,2002,21,762.95
07.08.2002-00:00:00,07,08,2002,00,1163.8
07.08.2002-03:00:00,07,08,2002,03,1285.5
07.08.2002-06:00:00,07,08,2002,06,1288.1
07.08.2002-09:00:00,07,08,2002,09,1307.3
07.08.2002-12:00:00,07,08,2002,12,1332.9
07.08.2002-15:00:00,07,08,2002,15,1396.1
07.08.2002-18:00:00,07,08,2002,18,1453.6
07.08.2002-21:00:00,07,08,2002,21,1611.7
07.09.2002-00:00:00,07,09,2002,00,1216.9
07.09.2002-03:00:00,07,09,2002,03,1122.9
07.09.2002-06:00:00,07,09,2002,06,1006.1
07.09.2002-09:00:00,07,09,2002,09,879.5
07.09.2002-12:00:00,07,09,2002,12,813.46
07.09.2002-15:00:00,07,09,2002,15,760.58
07.09.2002-18:00:00,07,09,2002,18,745.49
07.09.2002-21:00:00,07,09,2002,21,811.11
07.10.2002-00:00:00,07,10,2002,00,840.69
07.10.2002-03:00:00,07,10,2002,03,844.27
07.10.2002-06:00:00,07,10,2002,06,770.08
07.10.2002-09:00:00,07,10,2002,09,688.22
07.10.2002-12:00:00,07,10,2002,12,688.65
07.10.2002-15:00:00,07,10,2002,15,666.31
07.10.2002-18:00:00,07,10,2002,18,688.09
07.10.2002-21:00:00,07,10,2002,21,764.73
07.11.2002-00:00:00,07,11,2002,00,791.62
07.11.2002-03:00:00,07,11,2002,03,788.51
07.11.2002-06:00:00,07,11,2002,06,689.56
07.11.2002-09:00:00,07,11,2002,09,665.58
07.11.2002-12:00:00,07,11,2002,12,782.32
07.11.2002-15:00:00,07,11,2002,15,676.03
07.11.2002-18:00:00,07,11,2002,18,652.74
07.11.2002-21:00:00,07,11,2002,21,744.64
07.12.2002-00:00:00,07,12,2002,00,774.33
07.12.2002-03:00:00,07,12,2002,03,759.05
07.12.2002-06:00:00,07,12,2002,06,652.78
07.12.2002-09:00:00,07,12,2002,09,627.63
07.12.2002-12:00:00,07,12,2002,12,736.07
07.12.2002-15:00:00,07,12,2002,15,632.4
07.12.2002-18:00:00,07,12,2002,18,616.33
07.12.2002-21:00:00,07,12,2002,21,707.8
07.13.2002-00:00:00,07,13,2002,00,738.46
07.13.2002-03:00:00,07,13,2002,03,721.59
07.13.2002-06:00:00,07,13,2002,06,630.8
07.13.2002-09:00:00,07,13,2002,09,605.31
07.13.2002-12:00:00,07,13,2002,12,592.97
07.13.2002-15:00:00,07,13,2002,15,592.34
07.13.2002-18:00:00,07,13,2002,18,599.94
07.13.2002-21:00:00,07,13,2002,21,674.93
07.14.2002-00:00:00,07,14,2002,00,704.7
07.14.2002-03:00:00,07,14,2002,03,687.99
07.14.2002-06:00:00,07,14,2002,06,598.43
07.14.2002-09:00:00,07,14,2002,09,542.14
07.14.2002-12:00:00,07,14,2002,12,521.46
07.14.2002-15:00:00,07,14,2002,15,506.34
07.14.2002-18:00:00,07,14,2002,18,548.78
07.14.2002-21:00:00,07,14,2002,21,635.63
07.15.2002-00:00:00,07,15,2002,00,667.98
07.15.2002-03:00:00,07,15,2002,03,669.97
07.15.2002-06:00:00,07,15,2002,06,578.69
07.15.2002-09:00:00,07,15,2002,09,530.14
07.15.2002-12:00:00,07,15,2002,12,489.73
07.15.2002-15:00:00,07,15,2002,15,499.15
07.15.2002-18:00:00,07,15,2002,18,526.24
07.15.2002-21:00:00,07,15,2002,21,614.32
07.16.2002-00:00:00,07,16,2002,00,646.81
07.16.2002-03:00:00,07,16,2002,03,644.89
07.16.2002-06:00:00,07,16,2002,06,553.08
07.16.2002-09:00:00,07,16,2002,09,508.42
07.16.2002-12:00:00,07,16,2002,12,469.62
07.16.2002-15:00:00,07,16,2002,15,480.48
07.16.2002-18:00:00,07,16,2002,18,506.74
07.16.2002-21:00:00,07,16,2002,21,591.25
07.17.2002-00:00:00,07,17,2002,00,619.03
07.17.2002-03:00:00,07,17,2002,03,614.33
07.17.2002-06:00:00,07,17,2002,06,525.73
07.17.2002-09:00:00,07,17,2002,09,485.5
07.17.2002-12:00:00,07,17,2002,12,454.28
07.17.2002-15:00:00,07,17,2002,15,452.48
07.17.2002-18:00:00,07,17,2002,18,493.54
07.17.2002-21:00:00,07,17,2002,21,569.25
07.18.2002-00:00:00,07,18,2002,00,595.13
07.18.2002-03:00:00,07,18,2002,03,585.99
07.18.2002-06:00:00,07,18,2002,06,507.01
07.18.2002-09:00:00,07,18,2002,09,449.87
07.18.2002-12:00:00,07,18,2002,12,437.5
07.18.2002-15:00:00,07,18,2002,15,425.81
07.18.2002-18:00:00,07,18,2002,18,462.59
07.18.2002-21:00:00,07,18,2002,21,548.23
07.19.2002-00:00:00,07,19,2002,00,575.61
07.19.2002-03:00:00,07,19,2002,03,568.31
07.19.2002-06:00:00,07,19,2002,06,502.88
07.19.2002-09:00:00,07,19,2002,09,443.01
07.19.2002-12:00:00,07,19,2002,12,422.89
07.19.2002-15:00:00,07,19,2002,15,429.44
07.19.2002-18:00:00,07,19,2002,18,464.75
07.19.2002-21:00:00,07,19,2002,21,539.76
07.20.2002-00:00:00,07,20,2002,00,566.18
07.20.2002-03:00:00,07,20,2002,03,560.34
07.20.2002-06:00:00,07,20,2002,06,479.07
07.20.2002-09:00:00,07,20,2002,09,429.54
07.20.2002-12:00:00,07,20,2002,12,399.09
07.20.2002-15:00:00,07,20,2002,15,398.86
07.20.2002-18:00:00,07,20,2002,18,441.51
07.20.2002-21:00:00,07,20,2002,21,520.87
07.21.2002-00:00:00,07,21,2002,00,547
07.21.2002-03:00:00,07,21,2002,03,545.38
07.21.2002-06:00:00,07,21,2002,06,458.23
07.21.2002-09:00:00,07,21,2002,09,413.35
07.21.2002-12:00:00,07,21,2002,12,381.13
07.21.2002-15:00:00,07,21,2002,15,385.51
07.21.2002-18:00:00,07,21,2002,18,424.35
07.21.2002-21:00:00,07,21,2002,21,505.69
07.22.2002-00:00:00,07,22,2002,00,529.95
07.22.2002-03:00:00,07,22,2002,03,532.31
07.22.2002-06:00:00,07,22,2002,06,444.96
07.22.2002-09:00:00,07,22,2002,09,395.48
07.22.2002-12:00:00,07,22,2002,12,370.18
07.22.2002-15:00:00,07,22,2002,15,377.75
07.22.2002-18:00:00,07,22,2002,18,414.7
07.22.2002-21:00:00,07,22,2002,21,494.23
07.23.2002-00:00:00,07,23,2002,00,516.31
07.23.2002-03:00:00,07,23,2002,03,516.78
07.23.2002-06:00:00,07,23,2002,06,434.44
07.23.2002-09:00:00,07,23,2002,09,385.97
07.23.2002-12:00:00,07,23,2002,12,371.16
07.23.2002-15:00:00,07,23,2002,15,377.12
07.23.2002-18:00:00,07,23,2002,18,405.27
07.23.2002-21:00:00,07,23,2002,21,482.59
07.24.2002-00:00:00,07,24,2002,00,501.61
07.24.2002-03:00:00,07,24,2002,03,494.21
07.24.2002-06:00:00,07,24,2002,06,412.02
07.24.2002-09:00:00,07,24,2002,09,369.51
07.24.2002-12:00:00,07,24,2002,12,356.06
07.24.2002-15:00:00,07,24,2002,15,361.74
07.24.2002-18:00:00,07,24,2002,18,389.01
07.24.2002-21:00:00,07,24,2002,21,464.09
07.25.2002-00:00:00,07,25,2002,00,485.28
07.25.2002-03:00:00,07,25,2002,03,463.99
07.25.2002-06:00:00,07,25,2002,06,403.22
07.25.2002-09:00:00,07,25,2002,09,375.14
07.25.2002-12:00:00,07,25,2002,12,370.96
07.25.2002-15:00:00,07,25,2002,15,371.92
07.25.2002-18:00:00,07,25,2002,18,402.44
07.25.2002-21:00:00,07,25,2002,21,460.09
07.26.2002-00:00:00,07,26,2002,00,478.46
07.26.2002-03:00:00,07,26,2002,03,464.03
07.26.2002-06:00:00,07,26,2002,06,392.82
07.26.2002-09:00:00,07,26,2002,09,350.16
07.26.2002-12:00:00,07,26,2002,12,343.36
07.26.2002-15:00:00,07,26,2002,15,344.54
07.26.2002-18:00:00,07,26,2002,18,377.06
07.26.2002-21:00:00,07,26,2002,21,437.92
07.27.2002-00:00:00,07,27,2002,00,465.1
07.27.2002-03:00:00,07,27,2002,03,456.37
07.27.2002-06:00:00,07,27,2002,06,402.87
07.27.2002-09:00:00,07,27,2002,09,355.18
07.27.2002-12:00:00,07,27,2002,12,348.12
07.27.2002-15:00:00,07,27,2002,15,351.41
07.27.2002-18:00:00,07,27,2002,18,383.89
07.27.2002-21:00:00,07,27,2002,21,439.76
07.28.2002-00:00:00,07,28,2002,00,455.41
07.28.2002-03:00:00,07,28,2002,03,442.45
07.28.2002-06:00:00,07,28,2002,06,416.69
07.28.2002-09:00:00,07,28,2002,09,388.06
07.28.2002-12:00:00,07,28,2002,12,384.77
07.28.2002-15:00:00,07,28,2002,15,392.69
07.28.2002-18:00:00,07,28,2002,18,413.65
07.28.2002-21:00:00,07,28,2002,21,449.34
07.29.2002-00:00:00,07,29,2002,00,457.83
07.29.2002-03:00:00,07,29,2002,03,439.98
07.29.2002-06:00:00,07,29,2002,06,412.15
07.29.2002-09:00:00,07,29,2002,09,397.03
07.29.2002-12:00:00,07,29,2002,12,390.18
07.29.2002-15:00:00,07,29,2002,15,395.3
07.29.2002-18:00:00,07,29,2002,18,413.31
07.29.2002-21:00:00,07,29,2002,21,446.03
07.30.2002-00:00:00,07,30,2002,00,457.2
07.30.2002-03:00:00,07,30,2002,03,437.69
07.30.2002-06:00:00,07,30,2002,06,386.44
07.30.2002-09:00:00,07,30,2002,09,351.81
07.30.2002-12:00:00,07,30,2002,12,341.11
07.30.2002-15:00:00,07,30,2002,15,349.38
07.30.2002-18:00:00,07,30,2002,18,376.77
07.30.2002-21:00:00,07,30,2002,21,425.85
07.31.2002-00:00:00,07,31,2002,00,441.99
07.31.2002-03:00:00,07,31,2002,03,439.68
07.31.2002-06:00:00,07,31,2002,06,381.92
07.31.2002-09:00:00,07,31,2002,09,337.97
07.31.2002-12:00:00,07,31,2002,12,316.72
07.31.2002-15:00:00,07,31,2002,15,329.26
07.31.2002-18:00:00,07,31,2002,18,363.14
07.31.2002-21:00:00,07,31,2002,21,408.21
08.01.2002-00:00:00,08,01,2002,00,432.35
08.01.2002-03:00:00,08,01,2002,03,432.71
08.01.2002-06:00:00,08,01,2002,06,385.17
08.01.2002-09:00:00,08,01,2002,09,329.37
08.01.2002-12:00:00,08,01,2002,12,309.85
08.01.2002-15:00:00,08,01,2002,15,321.96
08.01.2002-18:00:00,08,01,2002,18,330.46
08.01.2002-21:00:00,08,01,2002,21,396.65
08.02.2002-00:00:00,08,02,2002,00,411.12
08.02.2002-03:00:00,08,02,2002,03,413.52
08.02.2002-06:00:00,08,02,2002,06,365.65
08.02.2002-09:00:00,08,02,2002,09,318.68
08.02.2002-12:00:00,08,02,2002,12,302.25
08.02.2002-15:00:00,08,02,2002,15,311.62
08.02.2002-18:00:00,08,02,2002,18,322.45
08.02.2002-21:00:00,08,02,2002,21,388.34
08.03.2002-00:00:00,08,03,2002,00,400.78
08.03.2002-03:00:00,08,03,2002,03,410.88
08.03.2002-06:00:00,08,03,2002,06,371.8
08.03.2002-09:00:00,08,03,2002,09,317.83
08.03.2002-12:00:00,08,03,2002,12,302.38
08.03.2002-15:00:00,08,03,2002,15,315.21
08.03.2002-18:00:00,08,03,2002,18,327.45
08.03.2002-21:00:00,08,03,2002,21,384.71
08.04.2002-00:00:00,08,04,2002,00,395.84
08.04.2002-03:00:00,08,04,2002,03,393.11
08.04.2002-06:00:00,08,04,2002,06,350.3
08.04.2002-09:00:00,08,04,2002,09,308.64
08.04.2002-12:00:00,08,04,2002,12,296.19
08.04.2002-15:00:00,08,04,2002,15,305.99
08.04.2002-18:00:00,08,04,2002,18,315.73
08.04.2002-21:00:00,08,04,2002,21,377.72
08.05.2002-00:00:00,08,05,2002,00,386.79
08.05.2002-03:00:00,08,05,2002,03,397.11
08.05.2002-06:00:00,08,05,2002,06,360.84
08.05.2002-09:00:00,08,05,2002,09,310.44
08.05.2002-12:00:00,08,05,2002,12,296.68
08.05.2002-15:00:00,08,05,2002,15,309.7
08.05.2002-18:00:00,08,05,2002,18,324.66
08.05.2002-21:00:00,08,05,2002,21,374.71
08.06.2002-00:00:00,08,06,2002,00,386.32
08.06.2002-03:00:00,08,06,2002,03,387.01
08.06.2002-06:00:00,08,06,2002,06,351.65
08.06.2002-09:00:00,08,06,2002,09,320.76
08.06.2002-12:00:00,08,06,2002,12,315.14
08.06.2002-15:00:00,08,06,2002,15,324.47
08.06.2002-18:00:00,08,06,2002,18,340.67
08.06.2002-21:00:00,08,06,2002,21,388.67
08.07.2002-00:00:00,08,07,2002,00,391.27
08.07.2002-03:00:00,08,07,2002,03,385.41
08.07.2002-06:00:00,08,07,2002,06,345.01
08.07.2002-09:00:00,08,07,2002,09,297.87
08.07.2002-12:00:00,08,07,2002,12,287.05
08.07.2002-15:00:00,08,07,2002,15,295.62
08.07.2002-18:00:00,08,07,2002,18,310.72
08.07.2002-21:00:00,08,07,2002,21,361.86
08.08.2002-00:00:00,08,08,2002,00,369.11
08.08.2002-03:00:00,08,08,2002,03,370.36
08.08.2002-06:00:00,08,08,2002,06,322.95
08.08.2002-09:00:00,08,08,2002,09,276.64
08.08.2002-12:00:00,08,08,2002,12,270.24
08.08.2002-15:00:00,08,08,2002,15,275.12
08.08.2002-18:00:00,08,08,2002,18,284.8
08.08.2002-21:00:00,08,08,2002,21,340.87
08.09.2002-00:00:00,08,09,2002,00,354.83
08.09.2002-03:00:00,08,09,2002,03,349.67
08.09.2002-06:00:00,08,09,2002,06,305.36
08.09.2002-09:00:00,08,09,2002,09,266.73
08.09.2002-12:00:00,08,09,2002,12,264.31
08.09.2002-15:00:00,08,09,2002,15,268.26
08.09.2002-18:00:00,08,09,2002,18,278.4
08.09.2002-21:00:00,08,09,2002,21,332.46
08.10.2002-00:00:00,08,10,2002,00,344.7
08.10.2002-03:00:00,08,10,2002,03,338.85
08.10.2002-06:00:00,08,10,2002,06,296.26
08.10.2002-09:00:00,08,10,2002,09,261.32
08.10.2002-12:00:00,08,10,2002,12,257.14
08.10.2002-15:00:00,08,10,2002,15,262.94
08.10.2002-18:00:00,08,10,2002,18,274.93
08.10.2002-21:00:00,08,10,2002,21,327.5
08.11.2002-00:00:00,08,11,2002,00,339.4
08.11.2002-03:00:00,08,11,2002,03,338.05
08.11.2002-06:00:00,08,11,2002,06,293.06
08.11.2002-09:00:00,08,11,2002,09,255.52
08.11.2002-12:00:00,08,11,2002,12,249.1
08.11.2002-15:00:00,08,11,2002,15,254.55
08.11.2002-18:00:00,08,11,2002,18,264.83
08.11.2002-21:00:00,08,11,2002,21,318.59
08.12.2002-00:00:00,08,12,2002,00,330.37
08.12.2002-03:00:00,08,12,2002,03,329.01
08.12.2002-06:00:00,08,12,2002,06,282.69
08.12.2002-09:00:00,08,12,2002,09,245.56
08.12.2002-12:00:00,08,12,2002,12,243.98
08.12.2002-15:00:00,08,12,2002,15,246.02
08.12.2002-18:00:00,08,12,2002,18,254.16
08.12.2002-21:00:00,08,12,2002,21,309.86
08.13.2002-00:00:00,08,13,2002,00,322.01
08.13.2002-03:00:00,08,13,2002,03,321.06
08.13.2002-06:00:00,08,13,2002,06,271.61
08.13.2002-09:00:00,08,13,2002,09,247.33
08.13.2002-12:00:00,08,13,2002,12,261.37
08.13.2002-15:00:00,08,13,2002,15,245.61
08.13.2002-18:00:00,08,13,2002,18,246.43
08.13.2002-21:00:00,08,13,2002,21,305.1
08.14.2002-00:00:00,08,14,2002,00,314.58
08.14.2002-03:00:00,08,14,2002,03,303.62
08.14.2002-06:00:00,08,14,2002,06,265.71
08.14.2002-09:00:00,08,14,2002,09,239.27
08.14.2002-12:00:00,08,14,2002,12,240.21
08.14.2002-15:00:00,08,14,2002,15,243.87
08.14.2002-18:00:00,08,14,2002,18,256.56
08.14.2002-21:00:00,08,14,2002,21,299.13
08.15.2002-00:00:00,08,15,2002,00,311.74
08.15.2002-03:00:00,08,15,2002,03,308.93
08.15.2002-06:00:00,08,15,2002,06,265.56
08.15.2002-09:00:00,08,15,2002,09,228.84
08.15.2002-12:00:00,08,15,2002,12,225.17
08.15.2002-15:00:00,08,15,2002,15,230.23
08.15.2002-18:00:00,08,15,2002,18,241.86
08.15.2002-21:00:00,08,15,2002,21,291.62
08.16.2002-00:00:00,08,16,2002,00,301.83
08.16.2002-03:00:00,08,16,2002,03,301.15
08.16.2002-06:00:00,08,16,2002,06,260.82
08.16.2002-09:00:00,08,16,2002,09,224.43
08.16.2002-12:00:00,08,16,2002,12,217.58
08.16.2002-15:00:00,08,16,2002,15,224.43
08.16.2002-18:00:00,08,16,2002,18,237.79
08.16.2002-21:00:00,08,16,2002,21,287.67
08.17.2002-00:00:00,08,17,2002,00,296.17
08.17.2002-03:00:00,08,17,2002,03,302.66
08.17.2002-06:00:00,08,17,2002,06,269.19
08.17.2002-09:00:00,08,17,2002,09,224.25
08.17.2002-12:00:00,08,17,2002,12,218.12
08.17.2002-15:00:00,08,17,2002,15,227.14
08.17.2002-18:00:00,08,17,2002,18,242.98
08.17.2002-21:00:00,08,17,2002,21,285
08.18.2002-00:00:00,08,18,2002,00,295.06
08.18.2002-03:00:00,08,18,2002,03,295.38
08.18.2002-06:00:00,08,18,2002,06,258.87
08.18.2002-09:00:00,08,18,2002,09,218.66
08.18.2002-12:00:00,08,18,2002,12,213.8
08.18.2002-15:00:00,08,18,2002,15,221.55
08.18.2002-18:00:00,08,18,2002,18,236.17
08.18.2002-21:00:00,08,18,2002,21,278.12
08.19.2002-00:00:00,08,19,2002,00,285.04
08.19.2002-03:00:00,08,19,2002,03,281.98
08.19.2002-06:00:00,08,19,2002,06,251.32
08.19.2002-09:00:00,08,19,2002,09,222.37
08.19.2002-12:00:00,08,19,2002,12,221.79
08.19.2002-15:00:00,08,19,2002,15,229.47
08.19.2002-18:00:00,08,19,2002,18,245.89
08.19.2002-21:00:00,08,19,2002,21,277.03
08.20.2002-00:00:00,08,20,2002,00,285.45
08.20.2002-03:00:00,08,20,2002,03,279.13
08.20.2002-06:00:00,08,20,2002,06,246.23
08.20.2002-09:00:00,08,20,2002,09,215.32
08.20.2002-12:00:00,08,20,2002,12,211.97
08.20.2002-15:00:00,08,20,2002,15,219.94
08.20.2002-18:00:00,08,20,2002,18,235.24
08.20.2002-21:00:00,08,20,2002,21,268.83
08.21.2002-00:00:00,08,21,2002,00,278.28
08.21.2002-03:00:00,08,21,2002,03,273.51
08.21.2002-06:00:00,08,21,2002,06,239.04
08.21.2002-09:00:00,08,21,2002,09,208.98
08.21.2002-12:00:00,08,21,2002,12,205.1
08.21.2002-15:00:00,08,21,2002,15,211.44
08.21.2002-18:00:00,08,21,2002,18,227.84
08.21.2002-21:00:00,08,21,2002,21,262.18
08.22.2002-00:00:00,08,22,2002,00,270.48
08.22.2002-03:00:00,08,22,2002,03,268.86
08.22.2002-06:00:00,08,22,2002,06,233.59
08.22.2002-09:00:00,08,22,2002,09,203.38
08.22.2002-12:00:00,08,22,2002,12,199.15
08.22.2002-15:00:00,08,22,2002,15,203.4
08.22.2002-18:00:00,08,22,2002,18,219.34
08.22.2002-21:00:00,08,22,2002,21,257.63
08.23.2002-00:00:00,08,23,2002,00,263.6
08.23.2002-03:00:00,08,23,2002,03,264.4
08.23.2002-06:00:00,08,23,2002,06,227.54
08.23.2002-09:00:00,08,23,2002,09,197.74
08.23.2002-12:00:00,08,23,2002,12,194.33
08.23.2002-15:00:00,08,23,2002,15,196.79
08.23.2002-18:00:00,08,23,2002,18,208.66
08.23.2002-21:00:00,08,23,2002,21,250.81
08.24.2002-00:00:00,08,24,2002,00,257.52
08.24.2002-03:00:00,08,24,2002,03,259.69
08.24.2002-06:00:00,08,24,2002,06,225.46
08.24.2002-09:00:00,08,24,2002,09,196.31
08.24.2002-12:00:00,08,24,2002,12,194.44
08.24.2002-15:00:00,08,24,2002,15,195.61
08.24.2002-18:00:00,08,24,2002,18,208.05
08.24.2002-21:00:00,08,24,2002,21,247.61
08.25.2002-00:00:00,08,25,2002,00,271.4
08.25.2002-03:00:00,08,25,2002,03,311.31
08.25.2002-06:00:00,08,25,2002,06,289.76
08.25.2002-09:00:00,08,25,2002,09,261.18
08.25.2002-12:00:00,08,25,2002,12,255.09
08.25.2002-15:00:00,08,25,2002,15,264.82
08.25.2002-18:00:00,08,25,2002,18,286.72
08.25.2002-21:00:00,08,25,2002,21,320.46
08.26.2002-00:00:00,08,26,2002,00,285.23
08.26.2002-03:00:00,08,26,2002,03,274.97
08.26.2002-06:00:00,08,26,2002,06,242.76
08.26.2002-09:00:00,08,26,2002,09,211.48
08.26.2002-12:00:00,08,26,2002,12,203.26
08.26.2002-15:00:00,08,26,2002,15,210.73
08.26.2002-18:00:00,08,26,2002,18,230.22
08.26.2002-21:00:00,08,26,2002,21,262.96
08.27.2002-00:00:00,08,27,2002,00,257.95
08.27.2002-03:00:00,08,27,2002,03,251.43
08.27.2002-06:00:00,08,27,2002,06,213.24
08.27.2002-09:00:00,08,27,2002,09,187.1
08.27.2002-12:00:00,08,27,2002,12,186.69
08.27.2002-15:00:00,08,27,2002,15,187.11
08.27.2002-18:00:00,08,27,2002,18,199.02
08.27.2002-21:00:00,08,27,2002,21,227.66
08.28.2002-00:00:00,08,28,2002,00,242.17
08.28.2002-03:00:00,08,28,2002,03,242.39
08.28.2002-06:00:00,08,28,2002,06,210.95
08.28.2002-09:00:00,08,28,2002,09,184.89
08.28.2002-12:00:00,08,28,2002,12,186.13
08.28.2002-15:00:00,08,28,2002,15,184.39
08.28.2002-18:00:00,08,28,2002,18,196.65
08.28.2002-21:00:00,08,28,2002,21,225.13
08.29.2002-00:00:00,08,29,2002,00,236.97
08.29.2002-03:00:00,08,29,2002,03,233.24
08.29.2002-06:00:00,08,29,2002,06,206.64
08.29.2002-09:00:00,08,29,2002,09,184.71
08.29.2002-12:00:00,08,29,2002,12,185.31
08.29.2002-15:00:00,08,29,2002,15,187.88
08.29.2002-18:00:00,08,29,2002,18,199.81
08.29.2002-21:00:00,08,29,2002,21,227.14
08.30.2002-00:00:00,08,30,2002,00,235.33
08.30.2002-03:00:00,08,30,2002,03,233.16
08.30.2002-06:00:00,08,30,2002,06,204.05
08.30.2002-09:00:00,08,30,2002,09,180.51
08.30.2002-12:00:00,08,30,2002,12,177.26
08.30.2002-15:00:00,08,30,2002,15,180.69
08.30.2002-18:00:00,08,30,2002,18,193.46
08.30.2002-21:00:00,08,30,2002,21,219.51
08.31.2002-00:00:00,08,31,2002,00,231.6
08.31.2002-03:00:00,08,31,2002,03,231.21
08.31.2002-06:00:00,08,31,2002,06,206.48
08.31.2002-09:00:00,08,31,2002,09,182.64
08.31.2002-12:00:00,08,31,2002,12,179.83
08.31.2002-15:00:00,08,31,2002,15,183.37
08.31.2002-18:00:00,08,31,2002,18,196.89
08.31.2002-21:00:00,08,31,2002,21,223.27
09.01.2002-00:00:00,09,01,2002,00,223.72
09.01.2002-03:00:00,09,01,2002,03,215.48
09.01.2002-06:00:00,09,01,2002,06,198.55
09.01.2002-09:00:00,09,01,2002,09,184.45
09.01.2002-12:00:00,09,01,2002,12,183.62
09.01.2002-15:00:00,09,01,2002,15,188.99
09.01.2002-18:00:00,09,01,2002,18,205.14
09.01.2002-21:00:00,09,01,2002,21,220.13
09.02.2002-00:00:00,09,02,2002,00,225.85
09.02.2002-03:00:00,09,02,2002,03,224.73
09.02.2002-06:00:00,09,02,2002,06,204.37
09.02.2002-09:00:00,09,02,2002,09,175.53
09.02.2002-12:00:00,09,02,2002,12,171.84
09.02.2002-15:00:00,09,02,2002,15,174.36
09.02.2002-18:00:00,09,02,2002,18,192.64
09.02.2002-21:00:00,09,02,2002,21,212.29
09.03.2002-00:00:00,09,03,2002,00,220.28
09.03.2002-03:00:00,09,03,2002,03,218.72
09.03.2002-06:00:00,09,03,2002,06,202.83
09.03.2002-09:00:00,09,03,2002,09,178.35
09.03.2002-12:00:00,09,03,2002,12,174.5
09.03.2002-15:00:00,09,03,2002,15,177.73
09.03.2002-18:00:00,09,03,2002,18,197.12
09.03.2002-21:00:00,09,03,2002,21,215.64
09.04.2002-00:00:00,09,04,2002,00,220.99
09.04.2002-03:00:00,09,04,2002,03,222.64
09.04.2002-06:00:00,09,04,2002,06,207.02
09.04.2002-09:00:00,09,04,2002,09,175.04
09.04.2002-12:00:00,09,04,2002,12,170.39
09.04.2002-15:00:00,09,04,2002,15,173.76
09.04.2002-18:00:00,09,04,2002,18,193.05
09.04.2002-21:00:00,09,04,2002,21,211.39
09.05.2002-00:00:00,09,05,2002,00,220.86
09.05.2002-03:00:00,09,05,2002,03,223.99
09.05.2002-06:00:00,09,05,2002,06,209.38
09.05.2002-09:00:00,09,05,2002,09,177.36
09.05.2002-12:00:00,09,05,2002,12,170.51
09.05.2002-15:00:00,09,05,2002,15,173.22
09.05.2002-18:00:00,09,05,2002,18,194.63
09.05.2002-21:00:00,09,05,2002,21,213.7
09.06.2002-00:00:00,09,06,2002,00,216.91
09.06.2002-03:00:00,09,06,2002,03,218.92
09.06.2002-06:00:00,09,06,2002,06,206.82
09.06.2002-09:00:00,09,06,2002,09,171.9
09.06.2002-12:00:00,09,06,2002,12,167.36
09.06.2002-15:00:00,09,06,2002,15,171.29
09.06.2002-18:00:00,09,06,2002,18,188.81
09.06.2002-21:00:00,09,06,2002,21,206.49
09.07.2002-00:00:00,09,07,2002,00,222.53
09.07.2002-03:00:00,09,07,2002,03,226.03
09.07.2002-06:00:00,09,07,2002,06,225.73
09.07.2002-09:00:00,09,07,2002,09,191.11
09.07.2002-12:00:00,09,07,2002,12,179.07
09.07.2002-15:00:00,09,07,2002,15,184.18
09.07.2002-18:00:00,09,07,2002,18,212.57
09.07.2002-21:00:00,09,07,2002,21,226.21
09.08.2002-00:00:00,09,08,2002,00,217.06
09.08.2002-03:00:00,09,08,2002,03,215.69
09.08.2002-06:00:00,09,08,2002,06,211.28
09.08.2002-09:00:00,09,08,2002,09,173.35
09.08.2002-12:00:00,09,08,2002,12,168.08
09.08.2002-15:00:00,09,08,2002,15,172.61
09.08.2002-18:00:00,09,08,2002,18,191.28
09.08.2002-21:00:00,09,08,2002,21,204.77
09.09.2002-00:00:00,09,09,2002,00,207.83
09.09.2002-03:00:00,09,09,2002,03,209.23
09.09.2002-06:00:00,09,09,2002,06,191.91
09.09.2002-09:00:00,09,09,2002,09,163.4
09.09.2002-12:00:00,09,09,2002,12,159.85
09.09.2002-15:00:00,09,09,2002,15,162.32
09.09.2002-18:00:00,09,09,2002,18,176.63
09.09.2002-21:00:00,09,09,2002,21,185.17
09.10.2002-00:00:00,09,10,2002,00,197.42
09.10.2002-03:00:00,09,10,2002,03,202.22
09.10.2002-06:00:00,09,10,2002,06,188.87
09.10.2002-09:00:00,09,10,2002,09,160
09.10.2002-12:00:00,09,10,2002,12,157.18
09.10.2002-15:00:00,09,10,2002,15,159.2
09.10.2002-18:00:00,09,10,2002,18,173.06
09.10.2002-21:00:00,09,10,2002,21,179.93
09.11.2002-00:00:00,09,11,2002,00,188.97
09.11.2002-03:00:00,09,11,2002,03,195.93
09.11.2002-06:00:00,09,11,2002,06,181.88
09.11.2002-09:00:00,09,11,2002,09,156.43
09.11.2002-12:00:00,09,11,2002,12,154.94
09.11.2002-15:00:00,09,11,2002,15,155.54
09.11.2002-18:00:00,09,11,2002,18,168.85
09.11.2002-21:00:00,09,11,2002,21,176.52
09.12.2002-00:00:00,09,12,2002,00,180.35
09.12.2002-03:00:00,09,12,2002,03,188.78
09.12.2002-06:00:00,09,12,2002,06,178.08
09.12.2002-09:00:00,09,12,2002,09,154.21
09.12.2002-12:00:00,09,12,2002,12,154.48
09.12.2002-15:00:00,09,12,2002,15,153.56
09.12.2002-18:00:00,09,12,2002,18,166.52
09.12.2002-21:00:00,09,12,2002,21,173.73
09.13.2002-00:00:00,09,13,2002,00,175.64
09.13.2002-03:00:00,09,13,2002,03,182.75
09.13.2002-06:00:00,09,13,2002,06,169.24
09.13.2002-09:00:00,09,13,2002,09,150.58
09.13.2002-12:00:00,09,13,2002,12,149.97
09.13.2002-15:00:00,09,13,2002,15,149.65
09.13.2002-18:00:00,09,13,2002,18,162.63
09.13.2002-21:00:00,09,13,2002,21,169.95
09.14.2002-00:00:00,09,14,2002,00,172.11
09.14.2002-03:00:00,09,14,2002,03,176.6
09.14.2002-06:00:00,09,14,2002,06,170.3
09.14.2002-09:00:00,09,14,2002,09,149.17
09.14.2002-12:00:00,09,14,2002,12,148.78
09.14.2002-15:00:00,09,14,2002,15,149.21
09.14.2002-18:00:00,09,14,2002,18,161.49
09.14.2002-21:00:00,09,14,2002,21,168.14
09.15.2002-00:00:00,09,15,2002,00,169.55
09.15.2002-03:00:00,09,15,2002,03,174.28
09.15.2002-06:00:00,09,15,2002,06,165.26
09.15.2002-09:00:00,09,15,2002,09,148.66
09.15.2002-12:00:00,09,15,2002,12,147.82
09.15.2002-15:00:00,09,15,2002,15,150.25
09.15.2002-18:00:00,09,15,2002,18,159.73
09.15.2002-21:00:00,09,15,2002,21,165.87
09.16.2002-00:00:00,09,16,2002,00,167.69
09.16.2002-03:00:00,09,16,2002,03,172.54
09.16.2002-06:00:00,09,16,2002,06,160.36
09.16.2002-09:00:00,09,16,2002,09,148.13
09.16.2002-12:00:00,09,16,2002,12,146.26
09.16.2002-15:00:00,09,16,2002,15,149.05
09.16.2002-18:00:00,09,16,2002,18,157.82
09.16.2002-21:00:00,09,16,2002,21,163.76
09.17.2002-00:00:00,09,17,2002,00,165.93
09.17.2002-03:00:00,09,17,2002,03,171.21
09.17.2002-06:00:00,09,17,2002,06,161.37
09.17.2002-09:00:00,09,17,2002,09,149.42
09.17.2002-12:00:00,09,17,2002,12,147.7
09.17.2002-15:00:00,09,17,2002,15,150.52
09.17.2002-18:00:00,09,17,2002,18,159.22
09.17.2002-21:00:00,09,17,2002,21,163.93
09.18.2002-00:00:00,09,18,2002,00,169.68
09.18.2002-03:00:00,09,18,2002,03,173.63
09.18.2002-06:00:00,09,18,2002,06,163.28
09.18.2002-09:00:00,09,18,2002,09,146.86
09.18.2002-12:00:00,09,18,2002,12,144.08
09.18.2002-15:00:00,09,18,2002,15,147.22
09.18.2002-18:00:00,09,18,2002,18,156.3
09.18.2002-21:00:00,09,18,2002,21,161.48
09.19.2002-00:00:00,09,19,2002,00,163.29
09.19.2002-03:00:00,09,19,2002,03,170.37
09.19.2002-06:00:00,09,19,2002,06,163.34
09.19.2002-09:00:00,09,19,2002,09,143.26
09.19.2002-12:00:00,09,19,2002,12,139.9
09.19.2002-15:00:00,09,19,2002,15,143.65
09.19.2002-18:00:00,09,19,2002,18,154.34
09.19.2002-21:00:00,09,19,2002,21,157.34
09.20.2002-00:00:00,09,20,2002,00,159.94
09.20.2002-03:00:00,09,20,2002,03,161.45
09.20.2002-06:00:00,09,20,2002,06,159.29
09.20.2002-09:00:00,09,20,2002,09,142.22
09.20.2002-12:00:00,09,20,2002,12,138.9
09.20.2002-15:00:00,09,20,2002,15,142.65
09.20.2002-18:00:00,09,20,2002,18,152.96
09.20.2002-21:00:00,09,20,2002,21,155.66
09.21.2002-00:00:00,09,21,2002,00,158.16
09.21.2002-03:00:00,09,21,2002,03,160.55
09.21.2002-06:00:00,09,21,2002,06,159.28
09.21.2002-09:00:00,09,21,2002,09,140.71
09.21.2002-12:00:00,09,21,2002,12,137.17
09.21.2002-15:00:00,09,21,2002,15,141.45
09.21.2002-18:00:00,09,21,2002,18,151.68
09.21.2002-21:00:00,09,21,2002,21,153.9
09.22.2002-00:00:00,09,22,2002,00,155.9
09.22.2002-03:00:00,09,22,2002,03,158.23
09.22.2002-06:00:00,09,22,2002,06,156.82
09.22.2002-09:00:00,09,22,2002,09,137.07
09.22.2002-12:00:00,09,22,2002,12,133.79
09.22.2002-15:00:00,09,22,2002,15,138.39
09.22.2002-18:00:00,09,22,2002,18,149.48
09.22.2002-21:00:00,09,22,2002,21,151.67
09.23.2002-00:00:00,09,23,2002,00,152.12
09.23.2002-03:00:00,09,23,2002,03,153.62
09.23.2002-06:00:00,09,23,2002,06,150.76
09.23.2002-09:00:00,09,23,2002,09,133.9
09.23.2002-12:00:00,09,23,2002,12,131.2
09.23.2002-15:00:00,09,23,2002,15,134.95
09.23.2002-18:00:00,09,23,2002,18,146.8
09.23.2002-21:00:00,09,23,2002,21,148.97
09.24.2002-00:00:00,09,24,2002,00,149.27
09.24.2002-03:00:00,09,24,2002,03,149.57
09.24.2002-06:00:00,09,24,2002,06,145.11
09.24.2002-09:00:00,09,24,2002,09,134.39
09.24.2002-12:00:00,09,24,2002,12,132.77
09.24.2002-15:00:00,09,24,2002,15,136.67
09.24.2002-18:00:00,09,24,2002,18,145.26
09.24.2002-21:00:00,09,24,2002,21,147.04
09.25.2002-00:00:00,09,25,2002,00,147.53
09.25.2002-03:00:00,09,25,2002,03,147.88
09.25.2002-06:00:00,09,25,2002,06,144.5
09.25.2002-09:00:00,09,25,2002,09,130.14
09.25.2002-12:00:00,09,25,2002,12,127.32
09.25.2002-15:00:00,09,25,2002,15,129.49
09.25.2002-18:00:00,09,25,2002,18,141.95
09.25.2002-21:00:00,09,25,2002,21,144.65
09.26.2002-00:00:00,09,26,2002,00,145.04
09.26.2002-03:00:00,09,26,2002,03,145.43
09.26.2002-06:00:00,09,26,2002,06,142.58
09.26.2002-09:00:00,09,26,2002,09,134.29
09.26.2002-12:00:00,09,26,2002,12,132.97
09.26.2002-15:00:00,09,26,2002,15,136.76
09.26.2002-18:00:00,09,26,2002,18,142.92
09.26.2002-21:00:00,09,26,2002,21,143.67
09.27.2002-00:00:00,09,27,2002,00,143.98
09.27.2002-03:00:00,09,27,2002,03,144.2
09.27.2002-06:00:00,09,27,2002,06,140.47
09.27.2002-09:00:00,09,27,2002,09,129.13
09.27.2002-12:00:00,09,27,2002,12,126.43
09.27.2002-15:00:00,09,27,2002,15,128.8
09.27.2002-18:00:00,09,27,2002,18,140.37
09.27.2002-21:00:00,09,27,2002,21,141.79
09.28.2002-00:00:00,09,28,2002,00,142.16
09.28.2002-03:00:00,09,28,2002,03,142.48
09.28.2002-06:00:00,09,28,2002,06,140.38
09.28.2002-09:00:00,09,28,2002,09,127.63
09.28.2002-12:00:00,09,28,2002,12,124.82
09.28.2002-15:00:00,09,28,2002,15,127.84
09.28.2002-18:00:00,09,28,2002,18,138.2
09.28.2002-21:00:00,09,28,2002,21,139.82
09.29.2002-00:00:00,09,29,2002,00,139.97
09.29.2002-03:00:00,09,29,2002,03,140.18
09.29.2002-06:00:00,09,29,2002,06,137.24
09.29.2002-09:00:00,09,29,2002,09,130.49
09.29.2002-12:00:00,09,29,2002,12,129.38
09.29.2002-15:00:00,09,29,2002,15,132.56
09.29.2002-18:00:00,09,29,2002,18,138.11
09.29.2002-21:00:00,09,29,2002,21,138.63
09.30.2002-00:00:00,09,30,2002,00,138.91
09.30.2002-03:00:00,09,30,2002,03,139.1
09.30.2002-06:00:00,09,30,2002,06,136.48
09.30.2002-09:00:00,09,30,2002,09,130.36
09.30.2002-12:00:00,09,30,2002,12,128.88
09.30.2002-15:00:00,09,30,2002,15,131.66
09.30.2002-18:00:00,09,30,2002,18,137.4
09.30.2002-21:00:00,09,30,2002,21,138.03
