TIMESTAMP,MONTH,DAY,YEAR,HOUR,C
10.01.2001-00:00:00,10,01,2001,00,30022
10.01.2001-03:00:00,10,01,2001,03,30699
10.01.2001-06:00:00,10,01,2001,06,30994
10.01.2001-09:00:00,10,01,2001,09,30373
10.01.2001-12:00:00,10,01,2001,12,29238
10.01.2001-15:00:00,10,01,2001,15,28513
10.01.2001-18:00:00,10,01,2001,18,28594
10.01.2001-21:00:00,10,01,2001,21,29190
10.02.2001-00:00:00,10,02,2001,00,29911
10.02.2001-03:00:00,10,02,2001,03,30523
10.02.2001-06:00:00,10,02,2001,06,30751
10.02.2001-09:00:00,10,02,2001,09,30108
10.02.2001-12:00:00,10,02,2001,12,28986
10.02.2001-15:00:00,10,02,2001,15,28274
10.02.2001-18:00:00,10,02,2001,18,28355
10.02.2001-21:00:00,10,02,2001,21,28945
10.03.2001-00:00:00,10,03,2001,00,29657
10.03.2001-03:00:00,10,03,2001,03,30265
10.03.2001-06:00:00,10,03,2001,06,30554
10.03.2001-09:00:00,10,03,2001,09,29960
10.03.2001-12:00:00,10,03,2001,12,28866
10.03.2001-15:00:00,10,03,2001,15,28169
10.03.2001-18:00:00,10,03,2001,18,28242
10.03.2001-21:00:00,10,03,2001,21,28809
10.04.2001-00:00:00,10,04,2001,00,29491
10.04.2001-03:00:00,10,04,2001,03,30080
10.04.2001-06:00:00,10,04,2001,06,30415
10.04.2001-09:00:00,10,04,2001,09,29885
10.04.2001-12:00:00,10,04,2001,12,28841
10.04.2001-15:00:00,10,04,2001,15,28169
10.04.2001-18:00:00,10,04,2001,18,28233
10.04.2001-21:00:00,10,04,2001,21,28767
10.05.2001-00:00:00,10,05,2001,00,29413
10.05.2001-03:00:00,10,05,2001,03,29968
10.05.2001-06:00:00,10,05,2001,06,30336
10.05.2001-09:00:00,10,05,2001,09,29847
10.05.2001-12:00:00,10,05,2001,12,28842
10.05.2001-15:00:00,10,05,2001,15,28211
10.05.2001-18:00:00,10,05,2001,18,28278
10.05.2001-21:00:00,10,05,2001,21,28780
10.06.2001-00:00:00,10,06,2001,00,29380
10.06.2001-03:00:00,10,06,2001,03,29890
10.06.2001-06:00:00,10,06,2001,06,30217
10.06.2001-09:00:00,10,06,2001,09,29774
10.06.2001-12:00:00,10,06,2001,12,28858
10.06.2001-15:00:00,10,06,2001,15,28299
10.06.2001-18:00:00,10,06,2001,18,28380
10.06.2001-21:00:00,10,06,2001,21,28836
10.07.2001-00:00:00,10,07,2001,00,29380
10.07.2001-03:00:00,10,07,2001,03,29825
10.07.2001-06:00:00,10,07,2001,06,30091
10.07.2001-09:00:00,10,07,2001,09,29703
10.07.2001-12:00:00,10,07,2001,12,28910
10.07.2001-15:00:00,10,07,2001,15,28441
10.07.2001-18:00:00,10,07,2001,18,28532
10.07.2001-21:00:00,10,07,2001,21,28946
10.08.2001-00:00:00,10,08,2001,00,29428
10.08.2001-03:00:00,10,08,2001,03,29810
10.08.2001-06:00:00,10,08,2001,06,30074
10.08.2001-09:00:00,10,08,2001,09,30291
10.08.2001-12:00:00,10,08,2001,12,29912
10.08.2001-15:00:00,10,08,2001,15,29497
10.08.2001-18:00:00,10,08,2001,18,29402
10.08.2001-21:00:00,10,08,2001,21,29544
10.09.2001-00:00:00,10,09,2001,00,29784
10.09.2001-03:00:00,10,09,2001,03,30005
10.09.2001-06:00:00,10,09,2001,06,30052
10.09.2001-09:00:00,10,09,2001,09,29704
10.09.2001-12:00:00,10,09,2001,12,28988
10.09.2001-15:00:00,10,09,2001,15,28497
10.09.2001-18:00:00,10,09,2001,18,28502
10.09.2001-21:00:00,10,09,2001,21,28811
10.10.2001-00:00:00,10,10,2001,00,29339
10.10.2001-03:00:00,10,10,2001,03,29631
10.10.2001-06:00:00,10,10,2001,06,29826
10.10.2001-09:00:00,10,10,2001,09,32198
10.10.2001-12:00:00,10,10,2001,12,35809
10.10.2001-15:00:00,10,10,2001,15,36884
10.10.2001-18:00:00,10,10,2001,18,36057
10.10.2001-21:00:00,10,10,2001,21,34427
10.11.2001-00:00:00,10,11,2001,00,32739
10.11.2001-03:00:00,10,11,2001,03,31598
10.11.2001-06:00:00,10,11,2001,06,30989
10.11.2001-09:00:00,10,11,2001,09,31662
10.11.2001-12:00:00,10,11,2001,12,33948
10.11.2001-15:00:00,10,11,2001,15,34859
10.11.2001-18:00:00,10,11,2001,18,34582
10.11.2001-21:00:00,10,11,2001,21,33598
10.12.2001-00:00:00,10,12,2001,00,32419
10.12.2001-03:00:00,10,12,2001,03,31546
10.12.2001-06:00:00,10,12,2001,06,31028
10.12.2001-09:00:00,10,12,2001,09,31385
10.12.2001-12:00:00,10,12,2001,12,34006
10.12.2001-15:00:00,10,12,2001,15,35852
10.12.2001-18:00:00,10,12,2001,18,35916
10.12.2001-21:00:00,10,12,2001,21,34854
10.13.2001-00:00:00,10,13,2001,00,33538
10.13.2001-03:00:00,10,13,2001,03,32557
10.13.2001-06:00:00,10,13,2001,06,32279
10.13.2001-09:00:00,10,13,2001,09,34432
10.13.2001-12:00:00,10,13,2001,12,37610
10.13.2001-15:00:00,10,13,2001,15,39114
10.13.2001-18:00:00,10,13,2001,18,38506
10.13.2001-21:00:00,10,13,2001,21,36723
10.14.2001-00:00:00,10,14,2001,00,34857
10.14.2001-03:00:00,10,14,2001,03,33444
10.14.2001-06:00:00,10,14,2001,06,32505
10.14.2001-09:00:00,10,14,2001,09,31892
10.14.2001-12:00:00,10,14,2001,12,31255
10.14.2001-15:00:00,10,14,2001,15,30645
10.14.2001-18:00:00,10,14,2001,18,30319
10.14.2001-21:00:00,10,14,2001,21,30243
10.15.2001-00:00:00,10,15,2001,00,30256
10.15.2001-03:00:00,10,15,2001,03,30301
10.15.2001-06:00:00,10,15,2001,06,30331
10.15.2001-09:00:00,10,15,2001,09,30063
10.15.2001-12:00:00,10,15,2001,12,29468
10.15.2001-15:00:00,10,15,2001,15,29028
10.15.2001-18:00:00,10,15,2001,18,28949
10.15.2001-21:00:00,10,15,2001,21,29126
10.16.2001-00:00:00,10,16,2001,00,29393
10.16.2001-03:00:00,10,16,2001,03,29630
10.16.2001-06:00:00,10,16,2001,06,29776
10.16.2001-09:00:00,10,16,2001,09,29382
10.16.2001-12:00:00,10,16,2001,12,28667
10.16.2001-15:00:00,10,16,2001,15,28199
10.16.2001-18:00:00,10,16,2001,18,28188
10.16.2001-21:00:00,10,16,2001,21,28472
10.17.2001-00:00:00,10,17,2001,00,28838
10.17.2001-03:00:00,10,17,2001,03,29148
10.17.2001-06:00:00,10,17,2001,06,29353
10.17.2001-09:00:00,10,17,2001,09,29219
10.17.2001-12:00:00,10,17,2001,12,28939
10.17.2001-15:00:00,10,17,2001,15,28770
10.17.2001-18:00:00,10,17,2001,18,28805
10.17.2001-21:00:00,10,17,2001,21,28973
10.18.2001-00:00:00,10,18,2001,00,29171
10.18.2001-03:00:00,10,18,2001,03,29327
10.18.2001-06:00:00,10,18,2001,06,29356
10.18.2001-09:00:00,10,18,2001,09,28942
10.18.2001-12:00:00,10,18,2001,12,28279
10.18.2001-15:00:00,10,18,2001,15,27840
10.18.2001-18:00:00,10,18,2001,18,27830
10.18.2001-21:00:00,10,18,2001,21,28097
10.19.2001-00:00:00,10,19,2001,00,28440
10.19.2001-03:00:00,10,19,2001,03,28738
10.19.2001-06:00:00,10,19,2001,06,28941
10.19.2001-09:00:00,10,19,2001,09,28862
10.19.2001-12:00:00,10,19,2001,12,28360
10.19.2001-15:00:00,10,19,2001,15,27904
10.19.2001-18:00:00,10,19,2001,18,27821
10.19.2001-21:00:00,10,19,2001,21,28022
10.20.2001-00:00:00,10,20,2001,00,28309
10.20.2001-03:00:00,10,20,2001,03,28566
10.20.2001-06:00:00,10,20,2001,06,28748
10.20.2001-09:00:00,10,20,2001,09,28497
10.20.2001-12:00:00,10,20,2001,12,27884
10.20.2001-15:00:00,10,20,2001,15,27467
10.20.2001-18:00:00,10,20,2001,18,27461
10.20.2001-21:00:00,10,20,2001,21,27718
10.21.2001-00:00:00,10,21,2001,00,28044
10.21.2001-03:00:00,10,21,2001,03,28321
10.21.2001-06:00:00,10,21,2001,06,28505
10.21.2001-09:00:00,10,21,2001,09,29911
10.21.2001-12:00:00,10,21,2001,12,30400
10.21.2001-15:00:00,10,21,2001,15,30283
10.21.2001-18:00:00,10,21,2001,18,29937
10.21.2001-21:00:00,10,21,2001,21,29538
10.22.2001-00:00:00,10,22,2001,00,29391
10.22.2001-03:00:00,10,22,2001,03,29232
10.22.2001-06:00:00,10,22,2001,06,29095
10.22.2001-09:00:00,10,22,2001,09,29998
10.22.2001-12:00:00,10,22,2001,12,31905
10.22.2001-15:00:00,10,22,2001,15,32513
10.22.2001-18:00:00,10,22,2001,18,31955
10.22.2001-21:00:00,10,22,2001,21,31016
10.23.2001-00:00:00,10,23,2001,00,30156
10.23.2001-03:00:00,10,23,2001,03,29589
10.23.2001-06:00:00,10,23,2001,06,29374
10.23.2001-09:00:00,10,23,2001,09,30266
10.23.2001-12:00:00,10,23,2001,12,34057
10.23.2001-15:00:00,10,23,2001,15,36390
10.23.2001-18:00:00,10,23,2001,18,36120
10.23.2001-21:00:00,10,23,2001,21,34408
10.24.2001-00:00:00,10,24,2001,00,32448
10.24.2001-03:00:00,10,24,2001,03,30970
10.24.2001-06:00:00,10,24,2001,06,30071
10.24.2001-09:00:00,10,24,2001,09,29442
10.24.2001-12:00:00,10,24,2001,12,29120
10.24.2001-15:00:00,10,24,2001,15,28817
10.24.2001-18:00:00,10,24,2001,18,28686
10.24.2001-21:00:00,10,24,2001,21,28706
10.25.2001-00:00:00,10,25,2001,00,28750
10.25.2001-03:00:00,10,25,2001,03,28770
10.25.2001-06:00:00,10,25,2001,06,28759
10.25.2001-09:00:00,10,25,2001,09,28795
10.25.2001-12:00:00,10,25,2001,12,29291
10.25.2001-15:00:00,10,25,2001,15,29667
10.25.2001-18:00:00,10,25,2001,18,29728
10.25.2001-21:00:00,10,25,2001,21,29705
10.26.2001-00:00:00,10,26,2001,00,29422
10.26.2001-03:00:00,10,26,2001,03,29158
10.26.2001-06:00:00,10,26,2001,06,28957
10.26.2001-09:00:00,10,26,2001,09,29068
10.26.2001-12:00:00,10,26,2001,12,29551
10.26.2001-15:00:00,10,26,2001,15,29609
10.26.2001-18:00:00,10,26,2001,18,29342
10.26.2001-21:00:00,10,26,2001,21,29091
10.27.2001-00:00:00,10,27,2001,00,28869
10.27.2001-03:00:00,10,27,2001,03,28714
10.27.2001-06:00:00,10,27,2001,06,28589
10.27.2001-09:00:00,10,27,2001,09,28492
10.27.2001-12:00:00,10,27,2001,12,28890
10.27.2001-15:00:00,10,27,2001,15,28588
10.27.2001-18:00:00,10,27,2001,18,28272
10.27.2001-21:00:00,10,27,2001,21,28182
10.28.2001-00:00:00,10,28,2001,00,28199
10.28.2001-03:00:00,10,28,2001,03,28235
10.28.2001-06:00:00,10,28,2001,06,28239
10.28.2001-09:00:00,10,28,2001,09,28120
10.28.2001-12:00:00,10,28,2001,12,28102
10.28.2001-15:00:00,10,28,2001,15,27898
10.28.2001-18:00:00,10,28,2001,18,27815
10.28.2001-21:00:00,10,28,2001,21,27870
10.29.2001-00:00:00,10,29,2001,00,27940
10.29.2001-03:00:00,10,29,2001,03,28000
10.29.2001-06:00:00,10,29,2001,06,28015
10.29.2001-09:00:00,10,29,2001,09,27966
10.29.2001-12:00:00,10,29,2001,12,27837
10.29.2001-15:00:00,10,29,2001,15,27751
10.29.2001-18:00:00,10,29,2001,18,27753
10.29.2001-21:00:00,10,29,2001,21,27796
10.30.2001-00:00:00,10,30,2001,00,27842
10.30.2001-03:00:00,10,30,2001,03,27851
10.30.2001-06:00:00,10,30,2001,06,27851
10.30.2001-09:00:00,10,30,2001,09,27850
10.30.2001-12:00:00,10,30,2001,12,27851
10.30.2001-15:00:00,10,30,2001,15,27844
10.30.2001-18:00:00,10,30,2001,18,27824
10.30.2001-21:00:00,10,30,2001,21,27797
10.31.2001-00:00:00,10,31,2001,00,28044
10.31.2001-03:00:00,10,31,2001,03,28513
10.31.2001-06:00:00,10,31,2001,06,29076
10.31.2001-09:00:00,10,31,2001,09,30822
10.31.2001-12:00:00,10,31,2001,12,34310
10.31.2001-15:00:00,10,31,2001,15,37494
10.31.2001-18:00:00,10,31,2001,18,38784
10.31.2001-21:00:00,10,31,2001,21,37831
11.01.2001-00:00:00,11,01,2001,00,34969
11.01.2001-03:00:00,11,01,2001,03,32289
11.01.2001-06:00:00,11,01,2001,06,30558
11.01.2001-09:00:00,11,01,2001,09,29450
11.01.2001-12:00:00,11,01,2001,12,28852
11.01.2001-15:00:00,11,01,2001,15,28347
11.01.2001-18:00:00,11,01,2001,18,28178
11.01.2001-21:00:00,11,01,2001,21,28126
11.02.2001-00:00:00,11,02,2001,00,28121
11.02.2001-03:00:00,11,02,2001,03,28105
11.02.2001-06:00:00,11,02,2001,06,28082
11.02.2001-09:00:00,11,02,2001,09,27903
11.02.2001-12:00:00,11,02,2001,12,27821
11.02.2001-15:00:00,11,02,2001,15,27589
11.02.2001-18:00:00,11,02,2001,18,27544
11.02.2001-21:00:00,11,02,2001,21,27591
11.03.2001-00:00:00,11,03,2001,00,27659
11.03.2001-03:00:00,11,03,2001,03,27699
11.03.2001-06:00:00,11,03,2001,06,27739
11.03.2001-09:00:00,11,03,2001,09,27651
11.03.2001-12:00:00,11,03,2001,12,27571
11.03.2001-15:00:00,11,03,2001,15,27355
11.03.2001-18:00:00,11,03,2001,18,27345
11.03.2001-21:00:00,11,03,2001,21,27401
11.04.2001-00:00:00,11,04,2001,00,27466
11.04.2001-03:00:00,11,04,2001,03,27507
11.04.2001-06:00:00,11,04,2001,06,27521
11.04.2001-09:00:00,11,04,2001,09,27400
11.04.2001-12:00:00,11,04,2001,12,27643
11.04.2001-15:00:00,11,04,2001,15,27513
11.04.2001-18:00:00,11,04,2001,18,27404
11.04.2001-21:00:00,11,04,2001,21,27379
11.05.2001-00:00:00,11,05,2001,00,27377
11.05.2001-03:00:00,11,05,2001,03,27363
11.05.2001-06:00:00,11,05,2001,06,27380
11.05.2001-09:00:00,11,05,2001,09,27199
11.05.2001-12:00:00,11,05,2001,12,27023
11.05.2001-15:00:00,11,05,2001,15,26891
11.05.2001-18:00:00,11,05,2001,18,26907
11.05.2001-21:00:00,11,05,2001,21,26973
11.06.2001-00:00:00,11,06,2001,00,27044
11.06.2001-03:00:00,11,06,2001,03,27098
11.06.2001-06:00:00,11,06,2001,06,27122
11.06.2001-09:00:00,11,06,2001,09,27045
11.06.2001-12:00:00,11,06,2001,12,26902
11.06.2001-15:00:00,11,06,2001,15,26827
11.06.2001-18:00:00,11,06,2001,18,26834
11.06.2001-21:00:00,11,06,2001,21,26879
11.07.2001-00:00:00,11,07,2001,00,26925
11.07.2001-03:00:00,11,07,2001,03,26939
11.07.2001-06:00:00,11,07,2001,06,26954
11.07.2001-09:00:00,11,07,2001,09,26916
11.07.2001-12:00:00,11,07,2001,12,26814
11.07.2001-15:00:00,11,07,2001,15,26782
11.07.2001-18:00:00,11,07,2001,18,26791
11.07.2001-21:00:00,11,07,2001,21,26793
11.08.2001-00:00:00,11,08,2001,00,26804
11.08.2001-03:00:00,11,08,2001,03,26796
11.08.2001-06:00:00,11,08,2001,06,26794
11.08.2001-09:00:00,11,08,2001,09,26686
11.08.2001-12:00:00,11,08,2001,12,26600
11.08.2001-15:00:00,11,08,2001,15,26516
11.08.2001-18:00:00,11,08,2001,18,26512
11.08.2001-21:00:00,11,08,2001,21,26538
11.09.2001-00:00:00,11,09,2001,00,26563
11.09.2001-03:00:00,11,09,2001,03,26578
11.09.2001-06:00:00,11,09,2001,06,26589
11.09.2001-09:00:00,11,09,2001,09,26511
11.09.2001-12:00:00,11,09,2001,12,26436
11.09.2001-15:00:00,11,09,2001,15,26376
11.09.2001-18:00:00,11,09,2001,18,26370
11.09.2001-21:00:00,11,09,2001,21,26382
11.10.2001-00:00:00,11,10,2001,00,26394
11.10.2001-03:00:00,11,10,2001,03,26401
11.10.2001-06:00:00,11,10,2001,06,26421
11.10.2001-09:00:00,11,10,2001,09,26359
11.10.2001-12:00:00,11,10,2001,12,26287
11.10.2001-15:00:00,11,10,2001,15,26252
11.10.2001-18:00:00,11,10,2001,18,26246
11.10.2001-21:00:00,11,10,2001,21,26247
11.11.2001-00:00:00,11,11,2001,00,26247
11.11.2001-03:00:00,11,11,2001,03,26251
11.11.2001-06:00:00,11,11,2001,06,26256
11.11.2001-09:00:00,11,11,2001,09,26188
11.11.2001-12:00:00,11,11,2001,12,26142
11.11.2001-15:00:00,11,11,2001,15,26106
11.11.2001-18:00:00,11,11,2001,18,26088
11.11.2001-21:00:00,11,11,2001,21,26082
11.12.2001-00:00:00,11,12,2001,00,26081
11.12.2001-03:00:00,11,12,2001,03,26083
11.12.2001-06:00:00,11,12,2001,06,26098
11.12.2001-09:00:00,11,12,2001,09,26086
11.12.2001-12:00:00,11,12,2001,12,25985
11.12.2001-15:00:00,11,12,2001,15,25935
11.12.2001-18:00:00,11,12,2001,18,25938
11.12.2001-21:00:00,11,12,2001,21,25953
11.13.2001-00:00:00,11,13,2001,00,25967
11.13.2001-03:00:00,11,13,2001,03,25978
11.13.2001-06:00:00,11,13,2001,06,25991
11.13.2001-09:00:00,11,13,2001,09,26067
11.13.2001-12:00:00,11,13,2001,12,26243
11.13.2001-15:00:00,11,13,2001,15,26312
11.13.2001-18:00:00,11,13,2001,18,26327
11.13.2001-21:00:00,11,13,2001,21,26321
11.14.2001-00:00:00,11,14,2001,00,29174
11.14.2001-03:00:00,11,14,2001,03,32961
11.14.2001-06:00:00,11,14,2001,06,37105
11.14.2001-09:00:00,11,14,2001,09,43505
11.14.2001-12:00:00,11,14,2001,12,53079
11.14.2001-15:00:00,11,14,2001,15,63010
11.14.2001-18:00:00,11,14,2001,18,71116
11.14.2001-21:00:00,11,14,2001,21,77216
11.15.2001-00:00:00,11,15,2001,00,71093
11.15.2001-03:00:00,11,15,2001,03,60260
11.15.2001-06:00:00,11,15,2001,06,50006
11.15.2001-09:00:00,11,15,2001,09,43091
11.15.2001-12:00:00,11,15,2001,12,40132
11.15.2001-15:00:00,11,15,2001,15,38086
11.15.2001-18:00:00,11,15,2001,18,36196
11.15.2001-21:00:00,11,15,2001,21,34633
11.16.2001-00:00:00,11,16,2001,00,33425
11.16.2001-03:00:00,11,16,2001,03,32520
11.16.2001-06:00:00,11,16,2001,06,31881
11.16.2001-09:00:00,11,16,2001,09,31354
11.16.2001-12:00:00,11,16,2001,12,30914
11.16.2001-15:00:00,11,16,2001,15,30673
11.16.2001-18:00:00,11,16,2001,18,30611
11.16.2001-21:00:00,11,16,2001,21,30598
11.17.2001-00:00:00,11,17,2001,00,30632
11.17.2001-03:00:00,11,17,2001,03,30637
11.17.2001-06:00:00,11,17,2001,06,30657
11.17.2001-09:00:00,11,17,2001,09,30516
11.17.2001-12:00:00,11,17,2001,12,30373
11.17.2001-15:00:00,11,17,2001,15,30291
11.17.2001-18:00:00,11,17,2001,18,30278
11.17.2001-21:00:00,11,17,2001,21,30305
11.18.2001-00:00:00,11,18,2001,00,30356
11.18.2001-03:00:00,11,18,2001,03,30389
11.18.2001-06:00:00,11,18,2001,06,30418
11.18.2001-09:00:00,11,18,2001,09,30397
11.18.2001-12:00:00,11,18,2001,12,30348
11.18.2001-15:00:00,11,18,2001,15,30335
11.18.2001-18:00:00,11,18,2001,18,30330
11.18.2001-21:00:00,11,18,2001,21,30325
11.19.2001-00:00:00,11,19,2001,00,30329
11.19.2001-03:00:00,11,19,2001,03,30315
11.19.2001-06:00:00,11,19,2001,06,30312
11.19.2001-09:00:00,11,19,2001,09,30316
11.19.2001-12:00:00,11,19,2001,12,30308
11.19.2001-15:00:00,11,19,2001,15,30279
11.19.2001-18:00:00,11,19,2001,18,30257
11.19.2001-21:00:00,11,19,2001,21,30234
11.20.2001-00:00:00,11,20,2001,00,30220
11.20.2001-03:00:00,11,20,2001,03,30188
11.20.2001-06:00:00,11,20,2001,06,30180
11.20.2001-09:00:00,11,20,2001,09,30224
11.20.2001-12:00:00,11,20,2001,12,30447
11.20.2001-15:00:00,11,20,2001,15,30510
11.20.2001-18:00:00,11,20,2001,18,30585
11.20.2001-21:00:00,11,20,2001,21,30723
11.21.2001-00:00:00,11,21,2001,00,30536
11.21.2001-03:00:00,11,21,2001,03,30360
11.21.2001-06:00:00,11,21,2001,06,30269
11.21.2001-09:00:00,11,21,2001,09,30174
11.21.2001-12:00:00,11,21,2001,12,30173
11.21.2001-15:00:00,11,21,2001,15,30134
11.21.2001-18:00:00,11,21,2001,18,30096
11.21.2001-21:00:00,11,21,2001,21,30063
11.22.2001-00:00:00,11,22,2001,00,30179
11.22.2001-03:00:00,11,22,2001,03,30355
11.22.2001-06:00:00,11,22,2001,06,30372
11.22.2001-09:00:00,11,22,2001,09,30906
11.22.2001-12:00:00,11,22,2001,12,31682
11.22.2001-15:00:00,11,22,2001,15,32185
11.22.2001-18:00:00,11,22,2001,18,32404
11.22.2001-21:00:00,11,22,2001,21,32282
11.23.2001-00:00:00,11,23,2001,00,31801
11.23.2001-03:00:00,11,23,2001,03,31347
11.23.2001-06:00:00,11,23,2001,06,30942
11.23.2001-09:00:00,11,23,2001,09,30592
11.23.2001-12:00:00,11,23,2001,12,30219
11.23.2001-15:00:00,11,23,2001,15,30013
11.23.2001-18:00:00,11,23,2001,18,29927
11.23.2001-21:00:00,11,23,2001,21,29874
11.24.2001-00:00:00,11,24,2001,00,29862
11.24.2001-03:00:00,11,24,2001,03,29850
11.24.2001-06:00:00,11,24,2001,06,29849
11.24.2001-09:00:00,11,24,2001,09,29821
11.24.2001-12:00:00,11,24,2001,12,29792
11.24.2001-15:00:00,11,24,2001,15,29763
11.24.2001-18:00:00,11,24,2001,18,29753
11.24.2001-21:00:00,11,24,2001,21,29725
11.25.2001-00:00:00,11,25,2001,00,29698
11.25.2001-03:00:00,11,25,2001,03,29670
11.25.2001-06:00:00,11,25,2001,06,29658
11.25.2001-09:00:00,11,25,2001,09,29604
11.25.2001-12:00:00,11,25,2001,12,29542
11.25.2001-15:00:00,11,25,2001,15,29499
11.25.2001-18:00:00,11,25,2001,18,29493
11.25.2001-21:00:00,11,25,2001,21,29468
11.26.2001-00:00:00,11,26,2001,00,29458
11.26.2001-03:00:00,11,26,2001,03,29428
11.26.2001-06:00:00,11,26,2001,06,29414
11.26.2001-09:00:00,11,26,2001,09,29372
11.26.2001-12:00:00,11,26,2001,12,29335
11.26.2001-15:00:00,11,26,2001,15,29300
11.26.2001-18:00:00,11,26,2001,18,29279
11.26.2001-21:00:00,11,26,2001,21,29247
11.27.2001-00:00:00,11,27,2001,00,29221
11.27.2001-03:00:00,11,27,2001,03,29190
11.27.2001-06:00:00,11,27,2001,06,29171
11.27.2001-09:00:00,11,27,2001,09,29135
11.27.2001-12:00:00,11,27,2001,12,29109
11.27.2001-15:00:00,11,27,2001,15,29075
11.27.2001-18:00:00,11,27,2001,18,29053
11.27.2001-21:00:00,11,27,2001,21,29018
11.28.2001-00:00:00,11,28,2001,00,28985
11.28.2001-03:00:00,11,28,2001,03,28947
11.28.2001-06:00:00,11,28,2001,06,28924
11.28.2001-09:00:00,11,28,2001,09,28889
11.28.2001-12:00:00,11,28,2001,12,28866
11.28.2001-15:00:00,11,28,2001,15,28825
11.28.2001-18:00:00,11,28,2001,18,28803
11.28.2001-21:00:00,11,28,2001,21,28764
11.29.2001-00:00:00,11,29,2001,00,28735
11.29.2001-03:00:00,11,29,2001,03,28697
11.29.2001-06:00:00,11,29,2001,06,28678
11.29.2001-09:00:00,11,29,2001,09,28635
11.29.2001-12:00:00,11,29,2001,12,28613
11.29.2001-15:00:00,11,29,2001,15,28580
11.29.2001-18:00:00,11,29,2001,18,28559
11.29.2001-21:00:00,11,29,2001,21,28520
11.30.2001-00:00:00,11,30,2001,00,28496
11.30.2001-03:00:00,11,30,2001,03,28452
11.30.2001-06:00:00,11,30,2001,06,28434
11.30.2001-09:00:00,11,30,2001,09,28398
11.30.2001-12:00:00,11,30,2001,12,28369
11.30.2001-15:00:00,11,30,2001,15,28331
11.30.2001-18:00:00,11,30,2001,18,28309
11.30.2001-21:00:00,11,30,2001,21,28268
12.01.2001-00:00:00,12,01,2001,00,28247
12.01.2001-03:00:00,12,01,2001,03,28207
12.01.2001-06:00:00,12,01,2001,06,28179
12.01.2001-09:00:00,12,01,2001,09,28141
12.01.2001-12:00:00,12,01,2001,12,28112
12.01.2001-15:00:00,12,01,2001,15,28074
12.01.2001-18:00:00,12,01,2001,18,28052
12.01.2001-21:00:00,12,01,2001,21,28012
12.02.2001-00:00:00,12,02,2001,00,27983
12.02.2001-03:00:00,12,02,2001,03,27945
12.02.2001-06:00:00,12,02,2001,06,27929
12.02.2001-09:00:00,12,02,2001,09,27890
12.02.2001-12:00:00,12,02,2001,12,27866
12.02.2001-15:00:00,12,02,2001,15,27824
12.02.2001-18:00:00,12,02,2001,18,27795
12.02.2001-21:00:00,12,02,2001,21,27762
12.03.2001-00:00:00,12,03,2001,00,27742
12.03.2001-03:00:00,12,03,2001,03,27698
12.03.2001-06:00:00,12,03,2001,06,27676
12.03.2001-09:00:00,12,03,2001,09,27637
12.03.2001-12:00:00,12,03,2001,12,27613
12.03.2001-15:00:00,12,03,2001,15,27572
12.03.2001-18:00:00,12,03,2001,18,27552
12.03.2001-21:00:00,12,03,2001,21,27511
12.04.2001-00:00:00,12,04,2001,00,27488
12.04.2001-03:00:00,12,04,2001,03,27445
12.04.2001-06:00:00,12,04,2001,06,27417
12.04.2001-09:00:00,12,04,2001,09,27377
12.04.2001-12:00:00,12,04,2001,12,27358
12.04.2001-15:00:00,12,04,2001,15,27320
12.04.2001-18:00:00,12,04,2001,18,27291
12.04.2001-21:00:00,12,04,2001,21,27248
12.05.2001-00:00:00,12,05,2001,00,27224
12.05.2001-03:00:00,12,05,2001,03,27183
12.05.2001-06:00:00,12,05,2001,06,27160
12.05.2001-09:00:00,12,05,2001,09,27119
12.05.2001-12:00:00,12,05,2001,12,27095
12.05.2001-15:00:00,12,05,2001,15,27048
12.05.2001-18:00:00,12,05,2001,18,27022
12.05.2001-21:00:00,12,05,2001,21,26987
12.06.2001-00:00:00,12,06,2001,00,26966
12.06.2001-03:00:00,12,06,2001,03,26922
12.06.2001-06:00:00,12,06,2001,06,26897
12.06.2001-09:00:00,12,06,2001,09,26860
12.06.2001-12:00:00,12,06,2001,12,26835
12.06.2001-15:00:00,12,06,2001,15,26792
12.06.2001-18:00:00,12,06,2001,18,26765
12.06.2001-21:00:00,12,06,2001,21,26726
12.07.2001-00:00:00,12,07,2001,00,26708
12.07.2001-03:00:00,12,07,2001,03,26667
12.07.2001-06:00:00,12,07,2001,06,26641
12.07.2001-09:00:00,12,07,2001,09,26598
12.07.2001-12:00:00,12,07,2001,12,26573
12.07.2001-15:00:00,12,07,2001,15,26532
12.07.2001-18:00:00,12,07,2001,18,26514
12.07.2001-21:00:00,12,07,2001,21,26479
12.08.2001-00:00:00,12,08,2001,00,26449
12.08.2001-03:00:00,12,08,2001,03,26406
12.08.2001-06:00:00,12,08,2001,06,26383
12.08.2001-09:00:00,12,08,2001,09,26343
12.08.2001-12:00:00,12,08,2001,12,26322
12.08.2001-15:00:00,12,08,2001,15,26281
12.08.2001-18:00:00,12,08,2001,18,26258
12.08.2001-21:00:00,12,08,2001,21,26219
12.09.2001-00:00:00,12,09,2001,00,26200
12.09.2001-03:00:00,12,09,2001,03,26155
12.09.2001-06:00:00,12,09,2001,06,26129
12.09.2001-09:00:00,12,09,2001,09,26088
12.09.2001-12:00:00,12,09,2001,12,26069
12.09.2001-15:00:00,12,09,2001,15,26031
12.09.2001-18:00:00,12,09,2001,18,26008
12.09.2001-21:00:00,12,09,2001,21,25964
12.10.2001-00:00:00,12,10,2001,00,25940
12.10.2001-03:00:00,12,10,2001,03,25901
12.10.2001-06:00:00,12,10,2001,06,25877
12.10.2001-09:00:00,12,10,2001,09,25837
12.10.2001-12:00:00,12,10,2001,12,25813
12.10.2001-15:00:00,12,10,2001,15,25773
12.10.2001-18:00:00,12,10,2001,18,25752
12.10.2001-21:00:00,12,10,2001,21,25716
12.11.2001-00:00:00,12,11,2001,00,25691
12.11.2001-03:00:00,12,11,2001,03,25649
12.11.2001-06:00:00,12,11,2001,06,25624
12.11.2001-09:00:00,12,11,2001,09,25587
12.11.2001-12:00:00,12,11,2001,12,25567
12.11.2001-15:00:00,12,11,2001,15,25527
12.11.2001-18:00:00,12,11,2001,18,25505
12.11.2001-21:00:00,12,11,2001,21,25469
12.12.2001-00:00:00,12,12,2001,00,25445
12.12.2001-03:00:00,12,12,2001,03,25401
12.12.2001-06:00:00,12,12,2001,06,25379
12.12.2001-09:00:00,12,12,2001,09,25344
12.12.2001-12:00:00,12,12,2001,12,25322
12.12.2001-15:00:00,12,12,2001,15,25282
12.12.2001-18:00:00,12,12,2001,18,25258
12.12.2001-21:00:00,12,12,2001,21,25222
12.13.2001-00:00:00,12,13,2001,00,25202
12.13.2001-03:00:00,12,13,2001,03,25160
12.13.2001-06:00:00,12,13,2001,06,25138
12.13.2001-09:00:00,12,13,2001,09,25100
12.13.2001-12:00:00,12,13,2001,12,25078
12.13.2001-15:00:00,12,13,2001,15,25035
12.13.2001-18:00:00,12,13,2001,18,25013
12.13.2001-21:00:00,12,13,2001,21,24977
12.14.2001-00:00:00,12,14,2001,00,24957
12.14.2001-03:00:00,12,14,2001,03,24920
12.14.2001-06:00:00,12,14,2001,06,24897
12.14.2001-09:00:00,12,14,2001,09,24857
12.14.2001-12:00:00,12,14,2001,12,24836
12.14.2001-15:00:00,12,14,2001,15,24796
12.14.2001-18:00:00,12,14,2001,18,24773
12.14.2001-21:00:00,12,14,2001,21,24735
12.15.2001-00:00:00,12,15,2001,00,24715
12.15.2001-03:00:00,12,15,2001,03,24677
12.15.2001-06:00:00,12,15,2001,06,24655
12.15.2001-09:00:00,12,15,2001,09,24617
12.15.2001-12:00:00,12,15,2001,12,24598
12.15.2001-15:00:00,12,15,2001,15,24560
12.15.2001-18:00:00,12,15,2001,18,24537
12.15.2001-21:00:00,12,15,2001,21,24498
12.16.2001-00:00:00,12,16,2001,00,24477
12.16.2001-03:00:00,12,16,2001,03,24439
12.16.2001-06:00:00,12,16,2001,06,24417
12.16.2001-09:00:00,12,16,2001,09,24378
12.16.2001-12:00:00,12,16,2001,12,24360
12.16.2001-15:00:00,12,16,2001,15,24311
12.16.2001-18:00:00,12,16,2001,18,24300
12.16.2001-21:00:00,12,16,2001,21,24253
12.17.2001-00:00:00,12,17,2001,00,24245
12.17.2001-03:00:00,12,17,2001,03,24198
12.17.2001-06:00:00,12,17,2001,06,24185
12.17.2001-09:00:00,12,17,2001,09,24137
12.17.2001-12:00:00,12,17,2001,12,24120
12.17.2001-15:00:00,12,17,2001,15,24077
12.17.2001-18:00:00,12,17,2001,18,24061
12.17.2001-21:00:00,12,17,2001,21,24030
12.18.2001-00:00:00,12,18,2001,00,23997
12.18.2001-03:00:00,12,18,2001,03,23970
12.18.2001-06:00:00,12,18,2001,06,23947
12.18.2001-09:00:00,12,18,2001,09,23910
12.18.2001-12:00:00,12,18,2001,12,23885
12.18.2001-15:00:00,12,18,2001,15,23848
12.18.2001-18:00:00,12,18,2001,18,23828
12.18.2001-21:00:00,12,18,2001,21,23796
12.19.2001-00:00:00,12,19,2001,00,23776
12.19.2001-03:00:00,12,19,2001,03,23739
12.19.2001-06:00:00,12,19,2001,06,23713
12.19.2001-09:00:00,12,19,2001,09,23677
12.19.2001-12:00:00,12,19,2001,12,23656
12.19.2001-15:00:00,12,19,2001,15,23621
12.19.2001-18:00:00,12,19,2001,18,23601
12.19.2001-21:00:00,12,19,2001,21,23569
12.20.2001-00:00:00,12,20,2001,00,23550
12.20.2001-03:00:00,12,20,2001,03,23513
12.20.2001-06:00:00,12,20,2001,06,23488
12.20.2001-09:00:00,12,20,2001,09,23451
12.20.2001-12:00:00,12,20,2001,12,23430
12.20.2001-15:00:00,12,20,2001,15,23396
12.20.2001-18:00:00,12,20,2001,18,23376
12.20.2001-21:00:00,12,20,2001,21,23339
12.21.2001-00:00:00,12,21,2001,00,23319
12.21.2001-03:00:00,12,21,2001,03,23284
12.21.2001-06:00:00,12,21,2001,06,23263
12.21.2001-09:00:00,12,21,2001,09,23226
12.21.2001-12:00:00,12,21,2001,12,23205
12.21.2001-15:00:00,12,21,2001,15,23172
12.21.2001-18:00:00,12,21,2001,18,23150
12.21.2001-21:00:00,12,21,2001,21,23121
12.22.2001-00:00:00,12,22,2001,00,23087
12.22.2001-03:00:00,12,22,2001,03,23059
12.22.2001-06:00:00,12,22,2001,06,23037
12.22.2001-09:00:00,12,22,2001,09,23004
12.22.2001-12:00:00,12,22,2001,12,22980
12.22.2001-15:00:00,12,22,2001,15,22955
12.22.2001-18:00:00,12,22,2001,18,22923
12.22.2001-21:00:00,12,22,2001,21,22897
12.23.2001-00:00:00,12,23,2001,00,22874
12.23.2001-03:00:00,12,23,2001,03,22840
12.23.2001-06:00:00,12,23,2001,06,22814
12.23.2001-09:00:00,12,23,2001,09,22787
12.23.2001-12:00:00,12,23,2001,12,22757
12.23.2001-15:00:00,12,23,2001,15,22733
12.23.2001-18:00:00,12,23,2001,18,22712
12.23.2001-21:00:00,12,23,2001,21,22677
12.24.2001-00:00:00,12,24,2001,00,22652
12.24.2001-03:00:00,12,24,2001,03,22628
12.24.2001-06:00:00,12,24,2001,06,22596
12.24.2001-09:00:00,12,24,2001,09,22568
12.24.2001-12:00:00,12,24,2001,12,22543
12.24.2001-15:00:00,12,24,2001,15,22511
12.24.2001-18:00:00,12,24,2001,18,22487
12.24.2001-21:00:00,12,24,2001,21,22462
12.25.2001-00:00:00,12,25,2001,00,22432
12.25.2001-03:00:00,12,25,2001,03,22406
12.25.2001-06:00:00,12,25,2001,06,22382
12.25.2001-09:00:00,12,25,2001,09,22349
12.25.2001-12:00:00,12,25,2001,12,22325
12.25.2001-15:00:00,12,25,2001,15,22302
12.25.2001-18:00:00,12,25,2001,18,22273
12.25.2001-21:00:00,12,25,2001,21,22246
12.26.2001-00:00:00,12,26,2001,00,22221
12.26.2001-03:00:00,12,26,2001,03,22185
12.26.2001-06:00:00,12,26,2001,06,22171
12.26.2001-09:00:00,12,26,2001,09,22134
12.26.2001-12:00:00,12,26,2001,12,22112
12.26.2001-15:00:00,12,26,2001,15,22085
12.26.2001-18:00:00,12,26,2001,18,22062
12.26.2001-21:00:00,12,26,2001,21,22027
12.27.2001-00:00:00,12,27,2001,00,22012
12.27.2001-03:00:00,12,27,2001,03,21976
12.27.2001-06:00:00,12,27,2001,06,21953
12.27.2001-09:00:00,12,27,2001,09,21927
12.27.2001-12:00:00,12,27,2001,12,21906
12.27.2001-15:00:00,12,27,2001,15,21870
12.27.2001-18:00:00,12,27,2001,18,21855
12.27.2001-21:00:00,12,27,2001,21,21819
12.28.2001-00:00:00,12,28,2001,00,21798
12.28.2001-03:00:00,12,28,2001,03,21772
12.28.2001-06:00:00,12,28,2001,06,21749
12.28.2001-09:00:00,12,28,2001,09,21712
12.28.2001-12:00:00,12,28,2001,12,21698
12.28.2001-15:00:00,12,28,2001,15,21663
12.28.2001-18:00:00,12,28,2001,18,21639
12.28.2001-21:00:00,12,28,2001,21,21612
12.29.2001-00:00:00,12,29,2001,00,21593
12.29.2001-03:00:00,12,29,2001,03,21559
12.29.2001-06:00:00,12,29,2001,06,21547
12.29.2001-09:00:00,12,29,2001,09,21513
12.29.2001-12:00:00,12,29,2001,12,21488
12.29.2001-15:00:00,12,29,2001,15,21459
12.29.2001-18:00:00,12,29,2001,18,21440
12.29.2001-21:00:00,12,29,2001,21,21404
12.30.2001-00:00:00,12,30,2001,00,21390
12.30.2001-03:00:00,12,30,2001,03,21357
12.30.2001-06:00:00,12,30,2001,06,21338
12.30.2001-09:00:00,12,30,2001,09,21310
12.30.2001-12:00:00,12,30,2001,12,21287
12.30.2001-15:00:00,12,30,2001,15,21251
12.30.2001-18:00:00,12,30,2001,18,21240
12.30.2001-21:00:00,12,30,2001,21,21206
12.31.2001-00:00:00,12,31,2001,00,21182
12.31.2001-03:00:00,12,31,2001,03,21154
12.31.2001-06:00:00,12,31,2001,06,21135
12.31.2001-09:00:00,12,31,2001,09,21100
12.31.2001-12:00:00,12,31,2001,12,21084
12.31.2001-15:00:00,12,31,2001,15,21050
12.31.2001-18:00:00,12,31,2001,18,21030
12.31.2001-21:00:00,12,31,2001,21,21004
01.01.2002-00:00:00,01,01,2002,00,20985
01.01.2002-03:00:00,01,01,2002,03,20950
01.01.2002-06:00:00,01,01,2002,06,20941
01.01.2002-09:00:00,01,01,2002,09,20908
01.01.2002-12:00:00,01,01,2002,12,20887
01.01.2002-15:00:00,01,01,2002,15,20858
01.01.2002-18:00:00,01,01,2002,18,20839
01.01.2002-21:00:00,01,01,2002,21,20807
01.02.2002-00:00:00,01,02,2002,00,20795
01.02.2002-03:00:00,01,02,2002,03,20761
01.02.2002-06:00:00,01,02,2002,06,20740
01.02.2002-09:00:00,01,02,2002,09,20709
01.02.2002-12:00:00,01,02,2002,12,20687
01.02.2002-15:00:00,01,02,2002,15,20654
01.02.2002-18:00:00,01,02,2002,18,20643
01.02.2002-21:00:00,01,02,2002,21,20612
01.03.2002-00:00:00,01,03,2002,00,20591
01.03.2002-03:00:00,01,03,2002,03,20568
01.03.2002-06:00:00,01,03,2002,06,20551
01.03.2002-09:00:00,01,03,2002,09,20517
01.03.2002-12:00:00,01,03,2002,12,20503
01.03.2002-15:00:00,01,03,2002,15,20471
01.03.2002-18:00:00,01,03,2002,18,20450
01.03.2002-21:00:00,01,03,2002,21,20426
01.04.2002-00:00:00,01,04,2002,00,20409
01.04.2002-03:00:00,01,04,2002,03,20374
01.04.2002-06:00:00,01,04,2002,06,20360
01.04.2002-09:00:00,01,04,2002,09,20329
01.04.2002-12:00:00,01,04,2002,12,20308
01.04.2002-15:00:00,01,04,2002,15,20282
01.04.2002-18:00:00,01,04,2002,18,20267
01.04.2002-21:00:00,01,04,2002,21,20235
01.05.2002-00:00:00,01,05,2002,00,20223
01.05.2002-03:00:00,01,05,2002,03,20189
01.05.2002-06:00:00,01,05,2002,06,20168
01.05.2002-09:00:00,01,05,2002,09,20142
01.05.2002-12:00:00,01,05,2002,12,20126
01.05.2002-15:00:00,01,05,2002,15,20093
01.05.2002-18:00:00,01,05,2002,18,20082
01.05.2002-21:00:00,01,05,2002,21,20051
01.06.2002-00:00:00,01,06,2002,00,20030
01.06.2002-03:00:00,01,06,2002,03,20003
01.06.2002-06:00:00,01,06,2002,06,19985
01.06.2002-09:00:00,01,06,2002,09,19952
01.06.2002-12:00:00,01,06,2002,12,19940
01.06.2002-15:00:00,01,06,2002,15,19912
01.06.2002-18:00:00,01,06,2002,18,19893
01.06.2002-21:00:00,01,06,2002,21,19866
01.07.2002-00:00:00,01,07,2002,00,19847
01.07.2002-03:00:00,01,07,2002,03,19815
01.07.2002-06:00:00,01,07,2002,06,19804
01.07.2002-09:00:00,01,07,2002,09,19775
01.07.2002-12:00:00,01,07,2002,12,19754
01.07.2002-15:00:00,01,07,2002,15,19728
01.07.2002-18:00:00,01,07,2002,18,19712
01.07.2002-21:00:00,01,07,2002,21,19679
01.08.2002-00:00:00,01,08,2002,00,19666
01.08.2002-03:00:00,01,08,2002,03,19637
01.08.2002-06:00:00,01,08,2002,06,19617
01.08.2002-09:00:00,01,08,2002,09,19585
01.08.2002-12:00:00,01,08,2002,12,19563
01.08.2002-15:00:00,01,08,2002,15,19535
01.08.2002-18:00:00,01,08,2002,18,19527
01.08.2002-21:00:00,01,08,2002,21,19499
01.09.2002-00:00:00,01,09,2002,00,19481
01.09.2002-03:00:00,01,09,2002,03,19457
01.09.2002-06:00:00,01,09,2002,06,19443
01.09.2002-09:00:00,01,09,2002,09,19409
01.09.2002-12:00:00,01,09,2002,12,19392
01.09.2002-15:00:00,01,09,2002,15,19365
01.09.2002-18:00:00,01,09,2002,18,19347
01.09.2002-21:00:00,01,09,2002,21,19322
01.10.2002-00:00:00,01,10,2002,00,19309
01.10.2002-03:00:00,01,10,2002,03,19277
01.10.2002-06:00:00,01,10,2002,06,19267
01.10.2002-09:00:00,01,10,2002,09,19239
01.10.2002-12:00:00,01,10,2002,12,19216
01.10.2002-15:00:00,01,10,2002,15,19192
01.10.2002-18:00:00,01,10,2002,18,19178
01.10.2002-21:00:00,01,10,2002,21,19146
01.11.2002-00:00:00,01,11,2002,00,19136
01.11.2002-03:00:00,01,11,2002,03,19108
01.11.2002-06:00:00,01,11,2002,06,19090
01.11.2002-09:00:00,01,11,2002,09,19066
01.11.2002-12:00:00,01,11,2002,12,19050
01.11.2002-15:00:00,01,11,2002,15,19018
01.11.2002-18:00:00,01,11,2002,18,19007
01.11.2002-21:00:00,01,11,2002,21,18979
01.12.2002-00:00:00,01,12,2002,00,18961
01.12.2002-03:00:00,01,12,2002,03,18938
01.12.2002-06:00:00,01,12,2002,06,18922
01.12.2002-09:00:00,01,12,2002,09,18870
01.12.2002-12:00:00,01,12,2002,12,18844
01.12.2002-15:00:00,01,12,2002,15,18811
01.12.2002-18:00:00,01,12,2002,18,18807
01.12.2002-21:00:00,01,12,2002,21,18788
01.13.2002-00:00:00,01,13,2002,00,18783
01.13.2002-03:00:00,01,13,2002,03,18755
01.13.2002-06:00:00,01,13,2002,06,18748
01.13.2002-09:00:00,01,13,2002,09,18715
01.13.2002-12:00:00,01,13,2002,12,18671
01.13.2002-15:00:00,01,13,2002,15,18648
01.13.2002-18:00:00,01,13,2002,18,18645
01.13.2002-21:00:00,01,13,2002,21,18618
01.14.2002-00:00:00,01,14,2002,00,18610
01.14.2002-03:00:00,01,14,2002,03,18592
01.14.2002-06:00:00,01,14,2002,06,18576
01.14.2002-09:00:00,01,14,2002,09,18549
01.14.2002-12:00:00,01,14,2002,12,18519
01.14.2002-15:00:00,01,14,2002,15,18500
01.14.2002-18:00:00,01,14,2002,18,18488
01.14.2002-21:00:00,01,14,2002,21,18461
01.15.2002-00:00:00,01,15,2002,00,18446
01.15.2002-03:00:00,01,15,2002,03,18427
01.15.2002-06:00:00,01,15,2002,06,18413
01.15.2002-09:00:00,01,15,2002,09,18383
01.15.2002-12:00:00,01,15,2002,12,18374
01.15.2002-15:00:00,01,15,2002,15,18344
01.15.2002-18:00:00,01,15,2002,18,18333
01.15.2002-21:00:00,01,15,2002,21,18311
01.16.2002-00:00:00,01,16,2002,00,18291
01.16.2002-03:00:00,01,16,2002,03,18264
01.16.2002-06:00:00,01,16,2002,06,18259
01.16.2002-09:00:00,01,16,2002,09,18225
01.16.2002-12:00:00,01,16,2002,12,18202
01.16.2002-15:00:00,01,16,2002,15,18184
01.16.2002-18:00:00,01,16,2002,18,18168
01.16.2002-21:00:00,01,16,2002,21,18139
01.17.2002-00:00:00,01,17,2002,00,18132
01.17.2002-03:00:00,01,17,2002,03,18103
01.17.2002-06:00:00,01,17,2002,06,18093
01.17.2002-09:00:00,01,17,2002,09,18071
01.17.2002-12:00:00,01,17,2002,12,18052
01.17.2002-15:00:00,01,17,2002,15,18026
01.17.2002-18:00:00,01,17,2002,18,18018
01.17.2002-21:00:00,01,17,2002,21,17992
01.18.2002-00:00:00,01,18,2002,00,17974
01.18.2002-03:00:00,01,18,2002,03,17950
01.18.2002-06:00:00,01,18,2002,06,17941
01.18.2002-09:00:00,01,18,2002,09,17914
01.18.2002-12:00:00,01,18,2002,12,17897
01.18.2002-15:00:00,01,18,2002,15,17871
01.18.2002-18:00:00,01,18,2002,18,17862
01.18.2002-21:00:00,01,18,2002,21,17837
01.19.2002-00:00:00,01,19,2002,00,17818
01.19.2002-03:00:00,01,19,2002,03,17791
01.19.2002-06:00:00,01,19,2002,06,17784
01.19.2002-09:00:00,01,19,2002,09,17759
01.19.2002-12:00:00,01,19,2002,12,17707
01.19.2002-15:00:00,01,19,2002,15,17683
01.19.2002-18:00:00,01,19,2002,18,17679
01.19.2002-21:00:00,01,19,2002,21,17663
01.20.2002-00:00:00,01,20,2002,00,17650
01.20.2002-03:00:00,01,20,2002,03,17627
01.20.2002-06:00:00,01,20,2002,06,17620
01.20.2002-09:00:00,01,20,2002,09,17600
01.20.2002-12:00:00,01,20,2002,12,17576
01.20.2002-15:00:00,01,20,2002,15,17552
01.20.2002-18:00:00,01,20,2002,18,17545
01.20.2002-21:00:00,01,20,2002,21,17524
01.21.2002-00:00:00,01,21,2002,00,17504
01.21.2002-03:00:00,01,21,2002,03,17481
01.21.2002-06:00:00,01,21,2002,06,17474
01.21.2002-09:00:00,01,21,2002,09,17450
01.21.2002-12:00:00,01,21,2002,12,17431
01.21.2002-15:00:00,01,21,2002,15,17408
01.21.2002-18:00:00,01,21,2002,18,17397
01.21.2002-21:00:00,01,21,2002,21,17375
01.22.2002-00:00:00,01,22,2002,00,17357
01.22.2002-03:00:00,01,22,2002,03,17333
01.22.2002-06:00:00,01,22,2002,06,17324
01.22.2002-09:00:00,01,22,2002,09,17301
01.22.2002-12:00:00,01,22,2002,12,17282
01.22.2002-15:00:00,01,22,2002,15,17259
01.22.2002-18:00:00,01,22,2002,18,17251
01.22.2002-21:00:00,01,22,2002,21,17226
01.23.2002-00:00:00,01,23,2002,00,17208
01.23.2002-03:00:00,01,23,2002,03,17186
01.23.2002-06:00:00,01,23,2002,06,17176
01.23.2002-09:00:00,01,23,2002,09,17155
01.23.2002-12:00:00,01,23,2002,12,17137
01.23.2002-15:00:00,01,23,2002,15,17112
01.23.2002-18:00:00,01,23,2002,18,17102
01.23.2002-21:00:00,01,23,2002,21,17081
01.24.2002-00:00:00,01,24,2002,00,17062
01.24.2002-03:00:00,01,24,2002,03,17039
01.24.2002-06:00:00,01,24,2002,06,17031
01.24.2002-09:00:00,01,24,2002,09,17007
01.24.2002-12:00:00,01,24,2002,12,16980
01.24.2002-15:00:00,01,24,2002,15,16959
01.24.2002-18:00:00,01,24,2002,18,16948
01.24.2002-21:00:00,01,24,2002,21,16935
01.25.2002-00:00:00,01,25,2002,00,16915
01.25.2002-03:00:00,01,25,2002,03,16892
01.25.2002-06:00:00,01,25,2002,06,16880
01.25.2002-09:00:00,01,25,2002,09,16842
01.25.2002-12:00:00,01,25,2002,12,16802
01.25.2002-15:00:00,01,25,2002,15,16774
01.25.2002-18:00:00,01,25,2002,18,16771
01.25.2002-21:00:00,01,25,2002,21,16757
01.26.2002-00:00:00,01,26,2002,00,16754
01.26.2002-03:00:00,01,26,2002,03,16740
01.26.2002-06:00:00,01,26,2002,06,16738
01.26.2002-09:00:00,01,26,2002,09,16710
01.26.2002-12:00:00,01,26,2002,12,16692
01.26.2002-15:00:00,01,26,2002,15,16670
01.26.2002-18:00:00,01,26,2002,18,16660
01.26.2002-21:00:00,01,26,2002,21,16642
01.27.2002-00:00:00,01,27,2002,00,16628
01.27.2002-03:00:00,01,27,2002,03,16603
01.27.2002-06:00:00,01,27,2002,06,16592
01.27.2002-09:00:00,01,27,2002,09,16571
01.27.2002-12:00:00,01,27,2002,12,16556
01.27.2002-15:00:00,01,27,2002,15,16538
01.27.2002-18:00:00,01,27,2002,18,16522
01.27.2002-21:00:00,01,27,2002,21,16503
01.28.2002-00:00:00,01,28,2002,00,16488
01.28.2002-03:00:00,01,28,2002,03,16463
01.28.2002-06:00:00,01,28,2002,06,16455
01.28.2002-09:00:00,01,28,2002,09,16434
01.28.2002-12:00:00,01,28,2002,12,16417
01.28.2002-15:00:00,01,28,2002,15,16395
01.28.2002-18:00:00,01,28,2002,18,16384
01.28.2002-21:00:00,01,28,2002,21,16368
01.29.2002-00:00:00,01,29,2002,00,16349
01.29.2002-03:00:00,01,29,2002,03,16327
01.29.2002-06:00:00,01,29,2002,06,16316
01.29.2002-09:00:00,01,29,2002,09,16298
01.29.2002-12:00:00,01,29,2002,12,16287
01.29.2002-15:00:00,01,29,2002,15,16260
01.29.2002-18:00:00,01,29,2002,18,16247
01.29.2002-21:00:00,01,29,2002,21,16231
01.30.2002-00:00:00,01,30,2002,00,16216
01.30.2002-03:00:00,01,30,2002,03,16192
01.30.2002-06:00:00,01,30,2002,06,16183
01.30.2002-09:00:00,01,30,2002,09,16165
01.30.2002-12:00:00,01,30,2002,12,16147
01.30.2002-15:00:00,01,30,2002,15,16125
01.30.2002-18:00:00,01,30,2002,18,16113
01.30.2002-21:00:00,01,30,2002,21,16097
01.31.2002-00:00:00,01,31,2002,00,16085
01.31.2002-03:00:00,01,31,2002,03,16059
01.31.2002-06:00:00,01,31,2002,06,16046
01.31.2002-09:00:00,01,31,2002,09,16030
01.31.2002-12:00:00,01,31,2002,12,16015
01.31.2002-15:00:00,01,31,2002,15,15991
01.31.2002-18:00:00,01,31,2002,18,15982
01.31.2002-21:00:00,01,31,2002,21,15965
02.01.2002-00:00:00,02,01,2002,00,15947
02.01.2002-03:00:00,02,01,2002,03,15925
02.01.2002-06:00:00,02,01,2002,06,15914
02.01.2002-09:00:00,02,01,2002,09,15897
02.01.2002-12:00:00,02,01,2002,12,15886
02.01.2002-15:00:00,02,01,2002,15,15861
02.01.2002-18:00:00,02,01,2002,18,15846
02.01.2002-21:00:00,02,01,2002,21,15831
02.02.2002-00:00:00,02,02,2002,00,15816
02.02.2002-03:00:00,02,02,2002,03,15794
02.02.2002-06:00:00,02,02,2002,06,15787
02.02.2002-09:00:00,02,02,2002,09,15768
02.02.2002-12:00:00,02,02,2002,12,15745
02.02.2002-15:00:00,02,02,2002,15,15724
02.02.2002-18:00:00,02,02,2002,18,15713
02.02.2002-21:00:00,02,02,2002,21,15698
02.03.2002-00:00:00,02,03,2002,00,15684
02.03.2002-03:00:00,02,03,2002,03,15665
02.03.2002-06:00:00,02,03,2002,06,15650
02.03.2002-09:00:00,02,03,2002,09,15618
02.03.2002-12:00:00,02,03,2002,12,15581
02.03.2002-15:00:00,02,03,2002,15,15560
02.03.2002-18:00:00,02,03,2002,18,15559
02.03.2002-21:00:00,02,03,2002,21,15547
02.04.2002-00:00:00,02,04,2002,00,15541
02.04.2002-03:00:00,02,04,2002,03,15523
02.04.2002-06:00:00,02,04,2002,06,15514
02.04.2002-09:00:00,02,04,2002,09,15497
02.04.2002-12:00:00,02,04,2002,12,15493
02.04.2002-15:00:00,02,04,2002,15,15465
02.04.2002-18:00:00,02,04,2002,18,15452
02.04.2002-21:00:00,02,04,2002,21,15434
02.05.2002-00:00:00,02,05,2002,00,15423
02.05.2002-03:00:00,02,05,2002,03,15404
02.05.2002-06:00:00,02,05,2002,06,15389
02.05.2002-09:00:00,02,05,2002,09,15369
02.05.2002-12:00:00,02,05,2002,12,15361
02.05.2002-15:00:00,02,05,2002,15,15343
02.05.2002-18:00:00,02,05,2002,18,15328
02.05.2002-21:00:00,02,05,2002,21,15307
02.06.2002-00:00:00,02,06,2002,00,15296
02.06.2002-03:00:00,02,06,2002,03,15278
02.06.2002-06:00:00,02,06,2002,06,15270
02.06.2002-09:00:00,02,06,2002,09,15245
02.06.2002-12:00:00,02,06,2002,12,15235
02.06.2002-15:00:00,02,06,2002,15,15211
02.06.2002-18:00:00,02,06,2002,18,15205
02.06.2002-21:00:00,02,06,2002,21,15188
02.07.2002-00:00:00,02,07,2002,00,15172
02.07.2002-03:00:00,02,07,2002,03,15150
02.07.2002-06:00:00,02,07,2002,06,15140
02.07.2002-09:00:00,02,07,2002,09,15125
02.07.2002-12:00:00,02,07,2002,12,15107
02.07.2002-15:00:00,02,07,2002,15,15085
02.07.2002-18:00:00,02,07,2002,18,15073
02.07.2002-21:00:00,02,07,2002,21,15055
02.08.2002-00:00:00,02,08,2002,00,15051
02.08.2002-03:00:00,02,08,2002,03,15027
02.08.2002-06:00:00,02,08,2002,06,15017
02.08.2002-09:00:00,02,08,2002,09,14959
02.08.2002-12:00:00,02,08,2002,12,14899
02.08.2002-15:00:00,02,08,2002,15,14869
02.08.2002-18:00:00,02,08,2002,18,14876
02.08.2002-21:00:00,02,08,2002,21,14877
02.09.2002-00:00:00,02,09,2002,00,14884
02.09.2002-03:00:00,02,09,2002,03,14879
02.09.2002-06:00:00,02,09,2002,06,14875
02.09.2002-09:00:00,02,09,2002,09,14862
02.09.2002-12:00:00,02,09,2002,12,14839
02.09.2002-15:00:00,02,09,2002,15,14827
02.09.2002-18:00:00,02,09,2002,18,14816
02.09.2002-21:00:00,02,09,2002,21,14798
02.10.2002-00:00:00,02,10,2002,00,14790
02.10.2002-03:00:00,02,10,2002,03,14773
02.10.2002-06:00:00,02,10,2002,06,14767
02.10.2002-09:00:00,02,10,2002,09,14741
02.10.2002-12:00:00,02,10,2002,12,14728
02.10.2002-15:00:00,02,10,2002,15,14706
02.10.2002-18:00:00,02,10,2002,18,14699
02.10.2002-21:00:00,02,10,2002,21,14681
02.11.2002-00:00:00,02,11,2002,00,14671
02.11.2002-03:00:00,02,11,2002,03,14652
02.11.2002-06:00:00,02,11,2002,06,14644
02.11.2002-09:00:00,02,11,2002,09,14584
02.11.2002-12:00:00,02,11,2002,12,14510
02.11.2002-15:00:00,02,11,2002,15,14480
02.11.2002-18:00:00,02,11,2002,18,14487
02.11.2002-21:00:00,02,11,2002,21,14492
02.12.2002-00:00:00,02,12,2002,00,14499
02.12.2002-03:00:00,02,12,2002,03,14496
02.12.2002-06:00:00,02,12,2002,06,14498
02.12.2002-09:00:00,02,12,2002,09,14489
02.12.2002-12:00:00,02,12,2002,12,14473
02.12.2002-15:00:00,02,12,2002,15,14460
02.12.2002-18:00:00,02,12,2002,18,14453
02.12.2002-21:00:00,02,12,2002,21,14436
02.13.2002-00:00:00,02,13,2002,00,14424
02.13.2002-03:00:00,02,13,2002,03,14406
02.13.2002-06:00:00,02,13,2002,06,14394
02.13.2002-09:00:00,02,13,2002,09,14368
02.13.2002-12:00:00,02,13,2002,12,14295
02.13.2002-15:00:00,02,13,2002,15,14253
02.13.2002-18:00:00,02,13,2002,18,14251
02.13.2002-21:00:00,02,13,2002,21,14263
02.14.2002-00:00:00,02,14,2002,00,14268
02.14.2002-03:00:00,02,14,2002,03,14261
02.14.2002-06:00:00,02,14,2002,06,14261
02.14.2002-09:00:00,02,14,2002,09,14235
02.14.2002-12:00:00,02,14,2002,12,14181
02.14.2002-15:00:00,02,14,2002,15,14151
02.14.2002-18:00:00,02,14,2002,18,14154
02.14.2002-21:00:00,02,14,2002,21,14151
02.15.2002-00:00:00,02,15,2002,00,14156
02.15.2002-03:00:00,02,15,2002,03,14151
02.15.2002-06:00:00,02,15,2002,06,14149
02.15.2002-09:00:00,02,15,2002,09,14126
02.15.2002-12:00:00,02,15,2002,12,14078
02.15.2002-15:00:00,02,15,2002,15,14054
02.15.2002-18:00:00,02,15,2002,18,14056
02.15.2002-21:00:00,02,15,2002,21,14049
02.16.2002-00:00:00,02,16,2002,00,14045
02.16.2002-03:00:00,02,16,2002,03,14033
02.16.2002-06:00:00,02,16,2002,06,14031
02.16.2002-09:00:00,02,16,2002,09,14021
02.16.2002-12:00:00,02,16,2002,12,13982
02.16.2002-15:00:00,02,16,2002,15,13963
02.16.2002-18:00:00,02,16,2002,18,13964
02.16.2002-21:00:00,02,16,2002,21,13951
02.17.2002-00:00:00,02,17,2002,00,13946
02.17.2002-03:00:00,02,17,2002,03,13925
02.17.2002-06:00:00,02,17,2002,06,13922
02.17.2002-09:00:00,02,17,2002,09,13887
02.17.2002-12:00:00,02,17,2002,12,13839
02.17.2002-15:00:00,02,17,2002,15,13812
02.17.2002-18:00:00,02,17,2002,18,13815
02.17.2002-21:00:00,02,17,2002,21,13810
02.18.2002-00:00:00,02,18,2002,00,13813
02.18.2002-03:00:00,02,18,2002,03,13806
02.18.2002-06:00:00,02,18,2002,06,13804
02.18.2002-09:00:00,02,18,2002,09,13742
02.18.2002-12:00:00,02,18,2002,12,13657
02.18.2002-15:00:00,02,18,2002,15,13616
02.18.2002-18:00:00,02,18,2002,18,13625
02.18.2002-21:00:00,02,18,2002,21,13639
02.19.2002-00:00:00,02,19,2002,00,13658
02.19.2002-03:00:00,02,19,2002,03,13661
02.19.2002-06:00:00,02,19,2002,06,13666
02.19.2002-09:00:00,02,19,2002,09,13610
02.19.2002-12:00:00,02,19,2002,12,13539
02.19.2002-15:00:00,02,19,2002,15,13505
02.19.2002-18:00:00,02,19,2002,18,13511
02.19.2002-21:00:00,02,19,2002,21,13524
02.20.2002-00:00:00,02,20,2002,00,13545
02.20.2002-03:00:00,02,20,2002,03,13547
02.20.2002-06:00:00,02,20,2002,06,13552
02.20.2002-09:00:00,02,20,2002,09,13484
02.20.2002-12:00:00,02,20,2002,12,13381
02.20.2002-15:00:00,02,20,2002,15,13329
02.20.2002-18:00:00,02,20,2002,18,13337
02.20.2002-21:00:00,02,20,2002,21,13361
02.21.2002-00:00:00,02,21,2002,00,13390
02.21.2002-03:00:00,02,21,2002,03,13401
02.21.2002-06:00:00,02,21,2002,06,13412
02.21.2002-09:00:00,02,21,2002,09,13403
02.21.2002-12:00:00,02,21,2002,12,13400
02.21.2002-15:00:00,02,21,2002,15,13388
02.21.2002-18:00:00,02,21,2002,18,13383
02.21.2002-21:00:00,02,21,2002,21,13371
02.22.2002-00:00:00,02,22,2002,00,13366
02.22.2002-03:00:00,02,22,2002,03,13347
02.22.2002-06:00:00,02,22,2002,06,13333
02.22.2002-09:00:00,02,22,2002,09,13242
02.22.2002-12:00:00,02,22,2002,12,13132
02.22.2002-15:00:00,02,22,2002,15,13083
02.22.2002-18:00:00,02,22,2002,18,13093
02.22.2002-21:00:00,02,22,2002,21,13117
02.23.2002-00:00:00,02,23,2002,00,13153
02.23.2002-03:00:00,02,23,2002,03,13170
02.23.2002-06:00:00,02,23,2002,06,13183
02.23.2002-09:00:00,02,23,2002,09,13143
02.23.2002-12:00:00,02,23,2002,12,13095
02.23.2002-15:00:00,02,23,2002,15,13072
02.23.2002-18:00:00,02,23,2002,18,13085
02.23.2002-21:00:00,02,23,2002,21,13095
02.24.2002-00:00:00,02,24,2002,00,13107
02.24.2002-03:00:00,02,24,2002,03,13105
02.24.2002-06:00:00,02,24,2002,06,13107
02.24.2002-09:00:00,02,24,2002,09,13097
02.24.2002-12:00:00,02,24,2002,12,13083
02.24.2002-15:00:00,02,24,2002,15,13070
02.24.2002-18:00:00,02,24,2002,18,13062
02.24.2002-21:00:00,02,24,2002,21,13050
02.25.2002-00:00:00,02,25,2002,00,13040
02.25.2002-03:00:00,02,25,2002,03,13023
02.25.2002-06:00:00,02,25,2002,06,13013
02.25.2002-09:00:00,02,25,2002,09,13000
02.25.2002-12:00:00,02,25,2002,12,12991
02.25.2002-15:00:00,02,25,2002,15,12975
02.25.2002-18:00:00,02,25,2002,18,12964
02.25.2002-21:00:00,02,25,2002,21,12950
02.26.2002-00:00:00,02,26,2002,00,12941
02.26.2002-03:00:00,02,26,2002,03,12925
02.26.2002-06:00:00,02,26,2002,06,12915
02.26.2002-09:00:00,02,26,2002,09,12902
02.26.2002-12:00:00,02,26,2002,12,12879
02.26.2002-15:00:00,02,26,2002,15,12867
02.26.2002-18:00:00,02,26,2002,18,12859
02.26.2002-21:00:00,02,26,2002,21,12846
02.27.2002-00:00:00,02,27,2002,00,12837
02.27.2002-03:00:00,02,27,2002,03,12821
02.27.2002-06:00:00,02,27,2002,06,12816
02.27.2002-09:00:00,02,27,2002,09,12790
02.27.2002-12:00:00,02,27,2002,12,12733
02.27.2002-15:00:00,02,27,2002,15,12708
02.27.2002-18:00:00,02,27,2002,18,12708
02.27.2002-21:00:00,02,27,2002,21,12707
02.28.2002-00:00:00,02,28,2002,00,12712
02.28.2002-03:00:00,02,28,2002,03,12706
02.28.2002-06:00:00,02,28,2002,06,12705
02.28.2002-09:00:00,02,28,2002,09,12656
02.28.2002-12:00:00,02,28,2002,12,12595
02.28.2002-15:00:00,02,28,2002,15,12568
02.28.2002-18:00:00,02,28,2002,18,12574
02.28.2002-21:00:00,02,28,2002,21,12579
03.01.2002-00:00:00,03,01,2002,00,12590
03.01.2002-03:00:00,03,01,2002,03,12587
03.01.2002-06:00:00,03,01,2002,06,12591
03.01.2002-09:00:00,03,01,2002,09,12525
03.01.2002-12:00:00,03,01,2002,12,12424
03.01.2002-15:00:00,03,01,2002,15,12366
03.01.2002-18:00:00,03,01,2002,18,12373
03.01.2002-21:00:00,03,01,2002,21,12395
03.02.2002-00:00:00,03,02,2002,00,12426
03.02.2002-03:00:00,03,02,2002,03,12438
03.02.2002-06:00:00,03,02,2002,06,12450
03.02.2002-09:00:00,03,02,2002,09,12405
03.02.2002-12:00:00,03,02,2002,12,12328
03.02.2002-15:00:00,03,02,2002,15,12287
03.02.2002-18:00:00,03,02,2002,18,12290
03.02.2002-21:00:00,03,02,2002,21,12317
03.03.2002-00:00:00,03,03,2002,00,12333
03.03.2002-03:00:00,03,03,2002,03,12344
03.03.2002-06:00:00,03,03,2002,06,12354
03.03.2002-09:00:00,03,03,2002,09,12297
03.03.2002-12:00:00,03,03,2002,12,12204
03.03.2002-15:00:00,03,03,2002,15,12162
03.03.2002-18:00:00,03,03,2002,18,12162
03.03.2002-21:00:00,03,03,2002,21,12186
03.04.2002-00:00:00,03,04,2002,00,12216
03.04.2002-03:00:00,03,04,2002,03,12227
03.04.2002-06:00:00,03,04,2002,06,12234
03.04.2002-09:00:00,03,04,2002,09,12158
03.04.2002-12:00:00,03,04,2002,12,12026
03.04.2002-15:00:00,03,04,2002,15,11951
03.04.2002-18:00:00,03,04,2002,18,11962
03.04.2002-21:00:00,03,04,2002,21,11998
03.05.2002-00:00:00,03,05,2002,00,12039
03.05.2002-03:00:00,03,05,2002,03,12074
03.05.2002-06:00:00,03,05,2002,06,12087
03.05.2002-09:00:00,03,05,2002,09,12026
03.05.2002-12:00:00,03,05,2002,12,11935
03.05.2002-15:00:00,03,05,2002,15,11880
03.05.2002-18:00:00,03,05,2002,18,11891
03.05.2002-21:00:00,03,05,2002,21,11933
03.06.2002-00:00:00,03,06,2002,00,11962
03.06.2002-03:00:00,03,06,2002,03,11982
03.06.2002-06:00:00,03,06,2002,06,11999
03.06.2002-09:00:00,03,06,2002,09,11997
03.06.2002-12:00:00,03,06,2002,12,11993
03.06.2002-15:00:00,03,06,2002,15,11993
03.06.2002-18:00:00,03,06,2002,18,11982
03.06.2002-21:00:00,03,06,2002,21,11973
03.07.2002-00:00:00,03,07,2002,00,11970
03.07.2002-03:00:00,03,07,2002,03,11957
03.07.2002-06:00:00,03,07,2002,06,11948
03.07.2002-09:00:00,03,07,2002,09,11945
03.07.2002-12:00:00,03,07,2002,12,11930
03.07.2002-15:00:00,03,07,2002,15,11918
03.07.2002-18:00:00,03,07,2002,18,11913
03.07.2002-21:00:00,03,07,2002,21,11897
03.08.2002-00:00:00,03,08,2002,00,11887
03.08.2002-03:00:00,03,08,2002,03,11882
03.08.2002-06:00:00,03,08,2002,06,11868
03.08.2002-09:00:00,03,08,2002,09,11855
03.08.2002-12:00:00,03,08,2002,12,11850
03.08.2002-15:00:00,03,08,2002,15,11835
03.08.2002-18:00:00,03,08,2002,18,11824
03.08.2002-21:00:00,03,08,2002,21,11819
03.09.2002-00:00:00,03,09,2002,00,11805
03.09.2002-03:00:00,03,09,2002,03,11792
03.09.2002-06:00:00,03,09,2002,06,11787
03.09.2002-09:00:00,03,09,2002,09,11773
03.09.2002-12:00:00,03,09,2002,12,11756
03.09.2002-15:00:00,03,09,2002,15,11752
03.09.2002-18:00:00,03,09,2002,18,11740
03.09.2002-21:00:00,03,09,2002,21,11729
03.10.2002-00:00:00,03,10,2002,00,11723
03.10.2002-03:00:00,03,10,2002,03,11707
03.10.2002-06:00:00,03,10,2002,06,11699
03.10.2002-09:00:00,03,10,2002,09,11690
03.10.2002-12:00:00,03,10,2002,12,11673
03.10.2002-15:00:00,03,10,2002,15,11660
03.10.2002-18:00:00,03,10,2002,18,11656
03.10.2002-21:00:00,03,10,2002,21,11642
03.11.2002-00:00:00,03,11,2002,00,11632
03.11.2002-03:00:00,03,11,2002,03,11630
03.11.2002-06:00:00,03,11,2002,06,11614
03.11.2002-09:00:00,03,11,2002,09,11601
03.11.2002-12:00:00,03,11,2002,12,11594
03.11.2002-15:00:00,03,11,2002,15,11580
03.11.2002-18:00:00,03,11,2002,18,11571
03.11.2002-21:00:00,03,11,2002,21,11565
03.12.2002-00:00:00,03,12,2002,00,11554
03.12.2002-03:00:00,03,12,2002,03,11540
03.12.2002-06:00:00,03,12,2002,06,11532
03.12.2002-09:00:00,03,12,2002,09,11448
03.12.2002-12:00:00,03,12,2002,12,11340
03.12.2002-15:00:00,03,12,2002,15,11292
03.12.2002-18:00:00,03,12,2002,18,11296
03.12.2002-21:00:00,03,12,2002,21,11324
03.13.2002-00:00:00,03,13,2002,00,11357
03.13.2002-03:00:00,03,13,2002,03,11372
03.13.2002-06:00:00,03,13,2002,06,11379
03.13.2002-09:00:00,03,13,2002,09,11329
03.13.2002-12:00:00,03,13,2002,12,11230
03.13.2002-15:00:00,03,13,2002,15,11179
03.13.2002-18:00:00,03,13,2002,18,11189
03.13.2002-21:00:00,03,13,2002,21,11218
03.14.2002-00:00:00,03,14,2002,00,11248
03.14.2002-03:00:00,03,14,2002,03,11274
03.14.2002-06:00:00,03,14,2002,06,11280
03.14.2002-09:00:00,03,14,2002,09,11208
03.14.2002-12:00:00,03,14,2002,12,11104
03.14.2002-15:00:00,03,14,2002,15,11039
03.14.2002-18:00:00,03,14,2002,18,11044
03.14.2002-21:00:00,03,14,2002,21,11086
03.15.2002-00:00:00,03,15,2002,00,11120
03.15.2002-03:00:00,03,15,2002,03,11144
03.15.2002-06:00:00,03,15,2002,06,11163
03.15.2002-09:00:00,03,15,2002,09,11138
03.15.2002-12:00:00,03,15,2002,12,11103
03.15.2002-15:00:00,03,15,2002,15,11098
03.15.2002-18:00:00,03,15,2002,18,11105
03.15.2002-21:00:00,03,15,2002,21,11112
03.16.2002-00:00:00,03,16,2002,00,11121
03.16.2002-03:00:00,03,16,2002,03,11119
03.16.2002-06:00:00,03,16,2002,06,11116
03.16.2002-09:00:00,03,16,2002,09,11110
03.16.2002-12:00:00,03,16,2002,12,11090
03.16.2002-15:00:00,03,16,2002,15,11084
03.16.2002-18:00:00,03,16,2002,18,11085
03.16.2002-21:00:00,03,16,2002,21,11073
03.17.2002-00:00:00,03,17,2002,00,11063
03.17.2002-03:00:00,03,17,2002,03,11059
03.17.2002-06:00:00,03,17,2002,06,11048
03.17.2002-09:00:00,03,17,2002,09,11018
03.17.2002-12:00:00,03,17,2002,12,10977
03.17.2002-15:00:00,03,17,2002,15,10959
03.17.2002-18:00:00,03,17,2002,18,10961
03.17.2002-21:00:00,03,17,2002,21,10971
03.18.2002-00:00:00,03,18,2002,00,10966
03.18.2002-03:00:00,03,18,2002,03,10960
03.18.2002-06:00:00,03,18,2002,06,10962
03.18.2002-09:00:00,03,18,2002,09,10953
03.18.2002-12:00:00,03,18,2002,12,10945
03.18.2002-15:00:00,03,18,2002,15,10941
03.18.2002-18:00:00,03,18,2002,18,10929
03.18.2002-21:00:00,03,18,2002,21,10917
03.19.2002-00:00:00,03,19,2002,00,10913
03.19.2002-03:00:00,03,19,2002,03,10899
03.19.2002-06:00:00,03,19,2002,06,10889
03.19.2002-09:00:00,03,19,2002,09,10884
03.19.2002-12:00:00,03,19,2002,12,10872
03.19.2002-15:00:00,03,19,2002,15,10860
03.19.2002-18:00:00,03,19,2002,18,10856
03.19.2002-21:00:00,03,19,2002,21,10842
03.20.2002-00:00:00,03,20,2002,00,10832
03.20.2002-03:00:00,03,20,2002,03,10828
03.20.2002-06:00:00,03,20,2002,06,10816
03.20.2002-09:00:00,03,20,2002,09,10803
03.20.2002-12:00:00,03,20,2002,12,10799
03.20.2002-15:00:00,03,20,2002,15,10785
03.20.2002-18:00:00,03,20,2002,18,10776
03.20.2002-21:00:00,03,20,2002,21,10772
03.21.2002-00:00:00,03,21,2002,00,10758
03.21.2002-03:00:00,03,21,2002,03,10745
03.21.2002-06:00:00,03,21,2002,06,10743
03.21.2002-09:00:00,03,21,2002,09,10717
03.21.2002-12:00:00,03,21,2002,12,10689
03.21.2002-15:00:00,03,21,2002,15,10685
03.21.2002-18:00:00,03,21,2002,18,10687
03.21.2002-21:00:00,03,21,2002,21,10681
03.22.2002-00:00:00,03,22,2002,00,10671
03.22.2002-03:00:00,03,22,2002,03,10665
03.22.2002-06:00:00,03,22,2002,06,10661
03.22.2002-09:00:00,03,22,2002,09,10578
03.22.2002-12:00:00,03,22,2002,12,10457
03.22.2002-15:00:00,03,22,2002,15,10385
03.22.2002-18:00:00,03,22,2002,18,10382
03.22.2002-21:00:00,03,22,2002,21,10411
03.23.2002-00:00:00,03,23,2002,00,10449
03.23.2002-03:00:00,03,23,2002,03,10479
03.23.2002-06:00:00,03,23,2002,06,10497
03.23.2002-09:00:00,03,23,2002,09,10412
03.23.2002-12:00:00,03,23,2002,12,10284
03.23.2002-15:00:00,03,23,2002,15,10195
03.23.2002-18:00:00,03,23,2002,18,10176
03.23.2002-21:00:00,03,23,2002,21,10204
03.24.2002-00:00:00,03,24,2002,00,10253
03.24.2002-03:00:00,03,24,2002,03,10297
03.24.2002-06:00:00,03,24,2002,06,10316
03.24.2002-09:00:00,03,24,2002,09,10247
03.24.2002-12:00:00,03,24,2002,12,10136
03.24.2002-15:00:00,03,24,2002,15,10054
03.24.2002-18:00:00,03,24,2002,18,10038
03.24.2002-21:00:00,03,24,2002,21,10068
03.25.2002-00:00:00,03,25,2002,00,10122
03.25.2002-03:00:00,03,25,2002,03,10169
03.25.2002-06:00:00,03,25,2002,06,10204
03.25.2002-09:00:00,03,25,2002,09,10135
03.25.2002-12:00:00,03,25,2002,12,10021
03.25.2002-15:00:00,03,25,2002,15,9940.9
03.25.2002-18:00:00,03,25,2002,18,9926.5
03.25.2002-21:00:00,03,25,2002,21,9955.8
03.26.2002-00:00:00,03,26,2002,00,10010
03.26.2002-03:00:00,03,26,2002,03,10056
03.26.2002-06:00:00,03,26,2002,06,10087
03.26.2002-09:00:00,03,26,2002,09,10058
03.26.2002-12:00:00,03,26,2002,12,10000
03.26.2002-15:00:00,03,26,2002,15,9974.4
03.26.2002-18:00:00,03,26,2002,18,9991.3
03.26.2002-21:00:00,03,26,2002,21,10017
03.27.2002-00:00:00,03,27,2002,00,10047
03.27.2002-03:00:00,03,27,2002,03,10067
03.27.2002-06:00:00,03,27,2002,06,10076
03.27.2002-09:00:00,03,27,2002,09,10043
03.27.2002-12:00:00,03,27,2002,12,9995.4
03.27.2002-15:00:00,03,27,2002,15,9975.7
03.27.2002-18:00:00,03,27,2002,18,9989.3
03.27.2002-21:00:00,03,27,2002,21,10007
03.28.2002-00:00:00,03,28,2002,00,10019
03.28.2002-03:00:00,03,28,2002,03,10027
03.28.2002-06:00:00,03,28,2002,06,10015
03.28.2002-09:00:00,03,28,2002,09,9940.5
03.28.2002-12:00:00,03,28,2002,12,9847.6
03.28.2002-15:00:00,03,28,2002,15,9790.4
03.28.2002-18:00:00,03,28,2002,18,9791
03.28.2002-21:00:00,03,28,2002,21,9821.3
03.29.2002-00:00:00,03,29,2002,00,9860.6
03.29.2002-03:00:00,03,29,2002,03,9892.2
03.29.2002-06:00:00,03,29,2002,06,9910.2
03.29.2002-09:00:00,03,29,2002,09,9854.7
03.29.2002-12:00:00,03,29,2002,12,9768.4
03.29.2002-15:00:00,03,29,2002,15,9714.9
03.29.2002-18:00:00,03,29,2002,18,9722.2
03.29.2002-21:00:00,03,29,2002,21,9750.8
03.30.2002-00:00:00,03,30,2002,00,9788.9
03.30.2002-03:00:00,03,30,2002,03,9823.3
03.30.2002-06:00:00,03,30,2002,06,9820.1
03.30.2002-09:00:00,03,30,2002,09,9749.1
03.30.2002-12:00:00,03,30,2002,12,9662.2
03.30.2002-15:00:00,03,30,2002,15,9609.1
03.30.2002-18:00:00,03,30,2002,18,9619.8
03.30.2002-21:00:00,03,30,2002,21,9652.1
03.31.2002-00:00:00,03,31,2002,00,9692.7
03.31.2002-03:00:00,03,31,2002,03,9722.9
03.31.2002-06:00:00,03,31,2002,06,9733.6
03.31.2002-09:00:00,03,31,2002,09,9687.4
03.31.2002-12:00:00,03,31,2002,12,9635.7
03.31.2002-15:00:00,03,31,2002,15,9588.2
03.31.2002-18:00:00,03,31,2002,18,9594.6
03.31.2002-21:00:00,03,31,2002,21,9622.1
04.01.2002-00:00:00,04,01,2002,00,9659.2
04.01.2002-03:00:00,04,01,2002,03,9687.3
04.01.2002-06:00:00,04,01,2002,06,9696.3
04.01.2002-09:00:00,04,01,2002,09,9660.9
04.01.2002-12:00:00,04,01,2002,12,9620.2
04.01.2002-15:00:00,04,01,2002,15,9590.9
04.01.2002-18:00:00,04,01,2002,18,9612.6
04.01.2002-21:00:00,04,01,2002,21,9634.2
04.02.2002-00:00:00,04,02,2002,00,9651.5
04.02.2002-03:00:00,04,02,2002,03,9664.7
04.02.2002-06:00:00,04,02,2002,06,9670.6
04.02.2002-09:00:00,04,02,2002,09,9615.1
04.02.2002-12:00:00,04,02,2002,12,9553.9
04.02.2002-15:00:00,04,02,2002,15,9522.3
04.02.2002-18:00:00,04,02,2002,18,9524.5
04.02.2002-21:00:00,04,02,2002,21,9546.8
04.03.2002-00:00:00,04,03,2002,00,9570.1
04.03.2002-03:00:00,04,03,2002,03,9591.2
04.03.2002-06:00:00,04,03,2002,06,9601.1
04.03.2002-09:00:00,04,03,2002,09,9530.5
04.03.2002-12:00:00,04,03,2002,12,9434.5
04.03.2002-15:00:00,04,03,2002,15,9388.9
04.03.2002-18:00:00,04,03,2002,18,9379.9
04.03.2002-21:00:00,04,03,2002,21,9403.9
04.04.2002-00:00:00,04,04,2002,00,9433.8
04.04.2002-03:00:00,04,04,2002,03,9459.4
04.04.2002-06:00:00,04,04,2002,06,9469
04.04.2002-09:00:00,04,04,2002,09,9403.2
04.04.2002-12:00:00,04,04,2002,12,9340.9
04.04.2002-15:00:00,04,04,2002,15,9308.9
04.04.2002-18:00:00,04,04,2002,18,9309.1
04.04.2002-21:00:00,04,04,2002,21,9354.4
04.05.2002-00:00:00,04,05,2002,00,9391.5
04.05.2002-03:00:00,04,05,2002,03,9408.2
04.05.2002-06:00:00,04,05,2002,06,9399.6
04.05.2002-09:00:00,04,05,2002,09,9343.4
04.05.2002-12:00:00,04,05,2002,12,9330.1
04.05.2002-15:00:00,04,05,2002,15,9338.8
04.05.2002-18:00:00,04,05,2002,18,9359.2
04.05.2002-21:00:00,04,05,2002,21,9395.6
04.06.2002-00:00:00,04,06,2002,00,9421.4
04.06.2002-03:00:00,04,06,2002,03,9416.4
04.06.2002-06:00:00,04,06,2002,06,9387.3
04.06.2002-09:00:00,04,06,2002,09,9346.5
04.06.2002-12:00:00,04,06,2002,12,9466.3
04.06.2002-15:00:00,04,06,2002,15,9466.2
04.06.2002-18:00:00,04,06,2002,18,9396.1
04.06.2002-21:00:00,04,06,2002,21,9404.8
04.07.2002-00:00:00,04,07,2002,00,9413.5
04.07.2002-03:00:00,04,07,2002,03,9404.5
04.07.2002-06:00:00,04,07,2002,06,9389.5
04.07.2002-09:00:00,04,07,2002,09,9351.8
04.07.2002-12:00:00,04,07,2002,12,9493.3
04.07.2002-15:00:00,04,07,2002,15,9448.2
04.07.2002-18:00:00,04,07,2002,18,9411.9
04.07.2002-21:00:00,04,07,2002,21,9405.8
04.08.2002-00:00:00,04,08,2002,00,9408.8
04.08.2002-03:00:00,04,08,2002,03,9383.9
04.08.2002-06:00:00,04,08,2002,06,9357.6
04.08.2002-09:00:00,04,08,2002,09,9278.7
04.08.2002-12:00:00,04,08,2002,12,9535.8
04.08.2002-15:00:00,04,08,2002,15,9504.1
04.08.2002-18:00:00,04,08,2002,18,9400.6
04.08.2002-21:00:00,04,08,2002,21,9400.2
04.09.2002-00:00:00,04,09,2002,00,9376.8
04.09.2002-03:00:00,04,09,2002,03,9360.1
04.09.2002-06:00:00,04,09,2002,06,9323.1
04.09.2002-09:00:00,04,09,2002,09,9287.7
04.09.2002-12:00:00,04,09,2002,12,9368.8
04.09.2002-15:00:00,04,09,2002,15,9450.8
04.09.2002-18:00:00,04,09,2002,18,9417.9
04.09.2002-21:00:00,04,09,2002,21,9418
04.10.2002-00:00:00,04,10,2002,00,9387.8
04.10.2002-03:00:00,04,10,2002,03,9370.6
04.10.2002-06:00:00,04,10,2002,06,9328.5
04.10.2002-09:00:00,04,10,2002,09,9221.8
04.10.2002-12:00:00,04,10,2002,12,9250.3
04.10.2002-15:00:00,04,10,2002,15,9333.6
04.10.2002-18:00:00,04,10,2002,18,9243.9
04.10.2002-21:00:00,04,10,2002,21,9240.2
04.11.2002-00:00:00,04,11,2002,00,9291.7
04.11.2002-03:00:00,04,11,2002,03,9297.6
04.11.2002-06:00:00,04,11,2002,06,9248.4
04.11.2002-09:00:00,04,11,2002,09,9281.7
04.11.2002-12:00:00,04,11,2002,12,10055
04.11.2002-15:00:00,04,11,2002,15,9989.4
04.11.2002-18:00:00,04,11,2002,18,9739.7
04.11.2002-21:00:00,04,11,2002,21,9676.8
04.12.2002-00:00:00,04,12,2002,00,9617.6
04.12.2002-03:00:00,04,12,2002,03,9514.6
04.12.2002-06:00:00,04,12,2002,06,9388.9
04.12.2002-09:00:00,04,12,2002,09,9482.8
04.12.2002-12:00:00,04,12,2002,12,10884
04.12.2002-15:00:00,04,12,2002,15,11196
04.12.2002-18:00:00,04,12,2002,18,10685
04.12.2002-21:00:00,04,12,2002,21,10291
04.13.2002-00:00:00,04,13,2002,00,10104
04.13.2002-03:00:00,04,13,2002,03,9916
04.13.2002-06:00:00,04,13,2002,06,9756.2
04.13.2002-09:00:00,04,13,2002,09,10694
04.13.2002-12:00:00,04,13,2002,12,12979
04.13.2002-15:00:00,04,13,2002,15,13558
04.13.2002-18:00:00,04,13,2002,18,12527
04.13.2002-21:00:00,04,13,2002,21,11823
04.14.2002-00:00:00,04,14,2002,00,11391
04.14.2002-03:00:00,04,14,2002,03,10924
04.14.2002-06:00:00,04,14,2002,06,10633
04.14.2002-09:00:00,04,14,2002,09,12448
04.14.2002-12:00:00,04,14,2002,12,16007
04.14.2002-15:00:00,04,14,2002,15,17555
04.14.2002-18:00:00,04,14,2002,18,16180
04.14.2002-21:00:00,04,14,2002,21,14755
04.15.2002-00:00:00,04,15,2002,00,13750
04.15.2002-03:00:00,04,15,2002,03,12618
04.15.2002-06:00:00,04,15,2002,06,11822
04.15.2002-09:00:00,04,15,2002,09,11122
04.15.2002-12:00:00,04,15,2002,12,10701
04.15.2002-15:00:00,04,15,2002,15,10479
04.15.2002-18:00:00,04,15,2002,18,10396
04.15.2002-21:00:00,04,15,2002,21,10281
04.16.2002-00:00:00,04,16,2002,00,10220
04.16.2002-03:00:00,04,16,2002,03,10139
04.16.2002-06:00:00,04,16,2002,06,10089
04.16.2002-09:00:00,04,16,2002,09,10030
04.16.2002-12:00:00,04,16,2002,12,9996.7
04.16.2002-15:00:00,04,16,2002,15,10031
04.16.2002-18:00:00,04,16,2002,18,10086
04.16.2002-21:00:00,04,16,2002,21,10121
04.17.2002-00:00:00,04,17,2002,00,10116
04.17.2002-03:00:00,04,17,2002,03,10108
04.17.2002-06:00:00,04,17,2002,06,10074
04.17.2002-09:00:00,04,17,2002,09,9981.2
04.17.2002-12:00:00,04,17,2002,12,9920.9
04.17.2002-15:00:00,04,17,2002,15,9952.7
04.17.2002-18:00:00,04,17,2002,18,10021
04.17.2002-21:00:00,04,17,2002,21,10043
04.18.2002-00:00:00,04,18,2002,00,10041
04.18.2002-03:00:00,04,18,2002,03,10047
04.18.2002-06:00:00,04,18,2002,06,10013
04.18.2002-09:00:00,04,18,2002,09,9910.9
04.18.2002-12:00:00,04,18,2002,12,9823.3
04.18.2002-15:00:00,04,18,2002,15,9846.5
04.18.2002-18:00:00,04,18,2002,18,9925.9
04.18.2002-21:00:00,04,18,2002,21,9960.4
04.19.2002-00:00:00,04,19,2002,00,9975.9
04.19.2002-03:00:00,04,19,2002,03,9965.9
04.19.2002-06:00:00,04,19,2002,06,9933.5
04.19.2002-09:00:00,04,19,2002,09,9896.3
04.19.2002-12:00:00,04,19,2002,12,10277
04.19.2002-15:00:00,04,19,2002,15,11128
04.19.2002-18:00:00,04,19,2002,18,10998
04.19.2002-21:00:00,04,19,2002,21,10774
04.20.2002-00:00:00,04,20,2002,00,10638
04.20.2002-03:00:00,04,20,2002,03,10456
04.20.2002-06:00:00,04,20,2002,06,10274
04.20.2002-09:00:00,04,20,2002,09,10692
04.20.2002-12:00:00,04,20,2002,12,13951
04.20.2002-15:00:00,04,20,2002,15,16174
04.20.2002-18:00:00,04,20,2002,18,15694
04.20.2002-21:00:00,04,20,2002,21,14719
04.21.2002-00:00:00,04,21,2002,00,13928
04.21.2002-03:00:00,04,21,2002,03,13121
04.21.2002-06:00:00,04,21,2002,06,12979
04.21.2002-09:00:00,04,21,2002,09,15707
04.21.2002-12:00:00,04,21,2002,12,19281
04.21.2002-15:00:00,04,21,2002,15,20713
04.21.2002-18:00:00,04,21,2002,18,20271
04.21.2002-21:00:00,04,21,2002,21,18830
04.22.2002-00:00:00,04,22,2002,00,17270
04.22.2002-03:00:00,04,22,2002,03,15655
04.22.2002-06:00:00,04,22,2002,06,14647
04.22.2002-09:00:00,04,22,2002,09,18920
04.22.2002-12:00:00,04,22,2002,12,25633
04.22.2002-15:00:00,04,22,2002,15,27418
04.22.2002-18:00:00,04,22,2002,18,24964
04.22.2002-21:00:00,04,22,2002,21,21736
04.23.2002-00:00:00,04,23,2002,00,19262
04.23.2002-03:00:00,04,23,2002,03,17137
04.23.2002-06:00:00,04,23,2002,06,15599
04.23.2002-09:00:00,04,23,2002,09,14271
04.23.2002-12:00:00,04,23,2002,12,13473
04.23.2002-15:00:00,04,23,2002,15,13327
04.23.2002-18:00:00,04,23,2002,18,12999
04.23.2002-21:00:00,04,23,2002,21,12686
04.24.2002-00:00:00,04,24,2002,00,12530
04.24.2002-03:00:00,04,24,2002,03,12381
04.24.2002-06:00:00,04,24,2002,06,12302
04.24.2002-09:00:00,04,24,2002,09,12096
04.24.2002-12:00:00,04,24,2002,12,11834
04.24.2002-15:00:00,04,24,2002,15,11759
04.24.2002-18:00:00,04,24,2002,18,11807
04.24.2002-21:00:00,04,24,2002,21,11880
04.25.2002-00:00:00,04,25,2002,00,11954
04.25.2002-03:00:00,04,25,2002,03,12002
04.25.2002-06:00:00,04,25,2002,06,11979
04.25.2002-09:00:00,04,25,2002,09,11888
04.25.2002-12:00:00,04,25,2002,12,11956
04.25.2002-15:00:00,04,25,2002,15,12537
04.25.2002-18:00:00,04,25,2002,18,12536
04.25.2002-21:00:00,04,25,2002,21,12492
04.26.2002-00:00:00,04,26,2002,00,12450
04.26.2002-03:00:00,04,26,2002,03,12362
04.26.2002-06:00:00,04,26,2002,06,12267
04.26.2002-09:00:00,04,26,2002,09,12106
04.26.2002-12:00:00,04,26,2002,12,13084
04.26.2002-15:00:00,04,26,2002,15,14494
04.26.2002-18:00:00,04,26,2002,18,14502
04.26.2002-21:00:00,04,26,2002,21,14187
04.27.2002-00:00:00,04,27,2002,00,13890
04.27.2002-03:00:00,04,27,2002,03,13572
04.27.2002-06:00:00,04,27,2002,06,13211
04.27.2002-09:00:00,04,27,2002,09,15069
04.27.2002-12:00:00,04,27,2002,12,22268
04.27.2002-15:00:00,04,27,2002,15,25948
04.27.2002-18:00:00,04,27,2002,18,24934
04.27.2002-21:00:00,04,27,2002,21,22296
04.28.2002-00:00:00,04,28,2002,00,20209
04.28.2002-03:00:00,04,28,2002,03,18270
04.28.2002-06:00:00,04,28,2002,06,16771
04.28.2002-09:00:00,04,28,2002,09,17558
04.28.2002-12:00:00,04,28,2002,12,26993
04.28.2002-15:00:00,04,28,2002,15,32106
04.28.2002-18:00:00,04,28,2002,18,30247
04.28.2002-21:00:00,04,28,2002,21,26721
04.29.2002-00:00:00,04,29,2002,00,23751
04.29.2002-03:00:00,04,29,2002,03,21081
04.29.2002-06:00:00,04,29,2002,06,18998
04.29.2002-09:00:00,04,29,2002,09,20657
04.29.2002-12:00:00,04,29,2002,12,33248
04.29.2002-15:00:00,04,29,2002,15,40094
04.29.2002-18:00:00,04,29,2002,18,37962
04.29.2002-21:00:00,04,29,2002,21,33239
04.30.2002-00:00:00,04,30,2002,00,29272
04.30.2002-03:00:00,04,30,2002,03,25821
04.30.2002-06:00:00,04,30,2002,06,24667
04.30.2002-09:00:00,04,30,2002,09,37858
04.30.2002-12:00:00,04,30,2002,12,56795
04.30.2002-15:00:00,04,30,2002,15,65882
04.30.2002-18:00:00,04,30,2002,18,62275
04.30.2002-21:00:00,04,30,2002,21,53791
05.01.2002-00:00:00,05,01,2002,00,45906
05.01.2002-03:00:00,05,01,2002,03,38766
05.01.2002-06:00:00,05,01,2002,06,33131
05.01.2002-09:00:00,05,01,2002,09,41877
05.01.2002-12:00:00,05,01,2002,12,61592
05.01.2002-15:00:00,05,01,2002,15,71320
05.01.2002-18:00:00,05,01,2002,18,67265
05.01.2002-21:00:00,05,01,2002,21,58647
05.02.2002-00:00:00,05,02,2002,00,50173
05.02.2002-03:00:00,05,02,2002,03,42910
05.02.2002-06:00:00,05,02,2002,06,39139
05.02.2002-09:00:00,05,02,2002,09,54073
05.02.2002-12:00:00,05,02,2002,12,78241
05.02.2002-15:00:00,05,02,2002,15,91573
05.02.2002-18:00:00,05,02,2002,18,87915
05.02.2002-21:00:00,05,02,2002,21,77480
05.03.2002-00:00:00,05,03,2002,00,65642
05.03.2002-03:00:00,05,03,2002,03,55604
05.03.2002-06:00:00,05,03,2002,06,47876
05.03.2002-09:00:00,05,03,2002,09,46684
05.03.2002-12:00:00,05,03,2002,12,60212
05.03.2002-15:00:00,05,03,2002,15,68289
05.03.2002-18:00:00,05,03,2002,18,65574
05.03.2002-21:00:00,05,03,2002,21,59247
05.04.2002-00:00:00,05,04,2002,00,52604
05.04.2002-03:00:00,05,04,2002,03,47180
05.04.2002-06:00:00,05,04,2002,06,43251
05.04.2002-09:00:00,05,04,2002,09,39832
05.04.2002-12:00:00,05,04,2002,12,39570
05.04.2002-15:00:00,05,04,2002,15,40772
05.04.2002-18:00:00,05,04,2002,18,40199
05.04.2002-21:00:00,05,04,2002,21,38991
05.05.2002-00:00:00,05,05,2002,00,38229
05.05.2002-03:00:00,05,05,2002,03,37480
05.05.2002-06:00:00,05,05,2002,06,36725
05.05.2002-09:00:00,05,05,2002,09,36095
05.05.2002-12:00:00,05,05,2002,12,42864
05.05.2002-15:00:00,05,05,2002,15,50375
05.05.2002-18:00:00,05,05,2002,18,50522
05.05.2002-21:00:00,05,05,2002,21,48623
05.06.2002-00:00:00,05,06,2002,00,45833
05.06.2002-03:00:00,05,06,2002,03,43560
05.06.2002-06:00:00,05,06,2002,06,41540
05.06.2002-09:00:00,05,06,2002,09,39881
05.06.2002-12:00:00,05,06,2002,12,39494
05.06.2002-15:00:00,05,06,2002,15,40392
05.06.2002-18:00:00,05,06,2002,18,39919
05.06.2002-21:00:00,05,06,2002,21,39377
05.07.2002-00:00:00,05,07,2002,00,39072
05.07.2002-03:00:00,05,07,2002,03,38821
05.07.2002-06:00:00,05,07,2002,06,38348
05.07.2002-09:00:00,05,07,2002,09,37771
05.07.2002-12:00:00,05,07,2002,12,41782
05.07.2002-15:00:00,05,07,2002,15,46631
05.07.2002-18:00:00,05,07,2002,18,47056
05.07.2002-21:00:00,05,07,2002,21,45831
05.08.2002-00:00:00,05,08,2002,00,44348
05.08.2002-03:00:00,05,08,2002,03,42851
05.08.2002-06:00:00,05,08,2002,06,41617
05.08.2002-09:00:00,05,08,2002,09,40473
05.08.2002-12:00:00,05,08,2002,12,46905
05.08.2002-15:00:00,05,08,2002,15,54151
05.08.2002-18:00:00,05,08,2002,18,54518
05.08.2002-21:00:00,05,08,2002,21,52231
05.09.2002-00:00:00,05,09,2002,00,49659
05.09.2002-03:00:00,05,09,2002,03,46996
05.09.2002-06:00:00,05,09,2002,06,44833
05.09.2002-09:00:00,05,09,2002,09,42270
05.09.2002-12:00:00,05,09,2002,12,40822
05.09.2002-15:00:00,05,09,2002,15,40740
05.09.2002-18:00:00,05,09,2002,18,40619
05.09.2002-21:00:00,05,09,2002,21,40556
05.10.2002-00:00:00,05,10,2002,00,40595
05.10.2002-03:00:00,05,10,2002,03,40532
05.10.2002-06:00:00,05,10,2002,06,40060
05.10.2002-09:00:00,05,10,2002,09,39200
05.10.2002-12:00:00,05,10,2002,12,42039
05.10.2002-15:00:00,05,10,2002,15,47005
05.10.2002-18:00:00,05,10,2002,18,47490
05.10.2002-21:00:00,05,10,2002,21,46786
05.11.2002-00:00:00,05,11,2002,00,45841
05.11.2002-03:00:00,05,11,2002,03,44782
05.11.2002-06:00:00,05,11,2002,06,43448
05.11.2002-09:00:00,05,11,2002,09,52654
05.11.2002-12:00:00,05,11,2002,12,82028
05.11.2002-15:00:00,05,11,2002,15,1.041e+05
05.11.2002-18:00:00,05,11,2002,18,1.0495e+05
05.11.2002-21:00:00,05,11,2002,21,96355
05.12.2002-00:00:00,05,12,2002,00,85277
05.12.2002-03:00:00,05,12,2002,03,74899
05.12.2002-06:00:00,05,12,2002,06,66449
05.12.2002-09:00:00,05,12,2002,09,79800
05.12.2002-12:00:00,05,12,2002,12,1.1623e+05
05.12.2002-15:00:00,05,12,2002,15,1.3885e+05
05.12.2002-18:00:00,05,12,2002,18,1.3688e+05
05.12.2002-21:00:00,05,12,2002,21,1.2343e+05
05.13.2002-00:00:00,05,13,2002,00,1.071e+05
05.13.2002-03:00:00,05,13,2002,03,92828
05.13.2002-06:00:00,05,13,2002,06,82230
05.13.2002-09:00:00,05,13,2002,09,1.0054e+05
05.13.2002-12:00:00,05,13,2002,12,1.4387e+05
05.13.2002-15:00:00,05,13,2002,15,1.7172e+05
05.13.2002-18:00:00,05,13,2002,18,1.7066e+05
05.13.2002-21:00:00,05,13,2002,21,1.551e+05
05.14.2002-00:00:00,05,14,2002,00,1.3519e+05
05.14.2002-03:00:00,05,14,2002,03,1.1704e+05
05.14.2002-06:00:00,05,14,2002,06,1.0443e+05
05.14.2002-09:00:00,05,14,2002,09,1.1603e+05
05.14.2002-12:00:00,05,14,2002,12,1.4383e+05
05.14.2002-15:00:00,05,14,2002,15,1.6129e+05
05.14.2002-18:00:00,05,14,2002,18,1.586e+05
05.14.2002-21:00:00,05,14,2002,21,1.4614e+05
05.15.2002-00:00:00,05,15,2002,00,1.3044e+05
05.15.2002-03:00:00,05,15,2002,03,1.1631e+05
05.15.2002-06:00:00,05,15,2002,06,1.0515e+05
05.15.2002-09:00:00,05,15,2002,09,1.0827e+05
05.15.2002-12:00:00,05,15,2002,12,1.399e+05
05.15.2002-15:00:00,05,15,2002,15,1.6159e+05
05.15.2002-18:00:00,05,15,2002,18,1.6156e+05
05.15.2002-21:00:00,05,15,2002,21,1.5149e+05
05.16.2002-00:00:00,05,16,2002,00,1.3764e+05
05.16.2002-03:00:00,05,16,2002,03,1.248e+05
05.16.2002-06:00:00,05,16,2002,06,1.1381e+05
05.16.2002-09:00:00,05,16,2002,09,1.1354e+05
05.16.2002-12:00:00,05,16,2002,12,1.4803e+05
05.16.2002-15:00:00,05,16,2002,15,1.7571e+05
05.16.2002-18:00:00,05,16,2002,18,1.7857e+05
05.16.2002-21:00:00,05,16,2002,21,1.6927e+05
05.17.2002-00:00:00,05,17,2002,00,1.5524e+05
05.17.2002-03:00:00,05,17,2002,03,1.4082e+05
05.17.2002-06:00:00,05,17,2002,06,1.3171e+05
05.17.2002-09:00:00,05,17,2002,09,1.5874e+05
05.17.2002-12:00:00,05,17,2002,12,2.0704e+05
05.17.2002-15:00:00,05,17,2002,15,2.4015e+05
05.17.2002-18:00:00,05,17,2002,18,2.4479e+05
05.17.2002-21:00:00,05,17,2002,21,2.3013e+05
05.18.2002-00:00:00,05,18,2002,00,2.0842e+05
05.18.2002-03:00:00,05,18,2002,03,1.8645e+05
05.18.2002-06:00:00,05,18,2002,06,1.7024e+05
05.18.2002-09:00:00,05,18,2002,09,1.9051e+05
05.18.2002-12:00:00,05,18,2002,12,2.3835e+05
05.18.2002-15:00:00,05,18,2002,15,2.7047e+05
05.18.2002-18:00:00,05,18,2002,18,2.7208e+05
05.18.2002-21:00:00,05,18,2002,21,2.5635e+05
05.19.2002-00:00:00,05,19,2002,00,2.339e+05
05.19.2002-03:00:00,05,19,2002,03,2.1121e+05
05.19.2002-06:00:00,05,19,2002,06,1.9773e+05
05.19.2002-09:00:00,05,19,2002,09,2.2823e+05
05.19.2002-12:00:00,05,19,2002,12,2.8487e+05
05.19.2002-15:00:00,05,19,2002,15,3.2612e+05
05.19.2002-18:00:00,05,19,2002,18,3.3474e+05
05.19.2002-21:00:00,05,19,2002,21,3.2016e+05
05.20.2002-00:00:00,05,20,2002,00,3.0855e+05
05.20.2002-03:00:00,05,20,2002,03,3.0231e+05
05.20.2002-06:00:00,05,20,2002,06,3.2229e+05
05.20.2002-09:00:00,05,20,2002,09,3.8068e+05
05.20.2002-12:00:00,05,20,2002,12,4.5911e+05
05.20.2002-15:00:00,05,20,2002,15,5.2122e+05
05.20.2002-18:00:00,05,20,2002,18,5.5097e+05
05.20.2002-21:00:00,05,20,2002,21,5.5458e+05
05.21.2002-00:00:00,05,21,2002,00,5.4322e+05
05.21.2002-03:00:00,05,21,2002,03,5.236e+05
05.21.2002-06:00:00,05,21,2002,06,5.1495e+05
05.21.2002-09:00:00,05,21,2002,09,5.2549e+05
05.21.2002-12:00:00,05,21,2002,12,5.5039e+05
05.21.2002-15:00:00,05,21,2002,15,5.743e+05
05.21.2002-18:00:00,05,21,2002,18,5.8662e+05
05.21.2002-21:00:00,05,21,2002,21,5.8887e+05
05.22.2002-00:00:00,05,22,2002,00,5.7589e+05
05.22.2002-03:00:00,05,22,2002,03,5.5714e+05
05.22.2002-06:00:00,05,22,2002,06,5.4172e+05
05.22.2002-09:00:00,05,22,2002,09,5.3837e+05
05.22.2002-12:00:00,05,22,2002,12,5.4375e+05
05.22.2002-15:00:00,05,22,2002,15,5.4946e+05
05.22.2002-18:00:00,05,22,2002,18,5.5013e+05
05.22.2002-21:00:00,05,22,2002,21,5.444e+05
05.23.2002-00:00:00,05,23,2002,00,5.2615e+05
05.23.2002-03:00:00,05,23,2002,03,5.0206e+05
05.23.2002-06:00:00,05,23,2002,06,4.8668e+05
05.23.2002-09:00:00,05,23,2002,09,5.2529e+05
05.23.2002-12:00:00,05,23,2002,12,5.9842e+05
05.23.2002-15:00:00,05,23,2002,15,6.5614e+05
05.23.2002-18:00:00,05,23,2002,18,6.7458e+05
05.23.2002-21:00:00,05,23,2002,21,6.653e+05
05.24.2002-00:00:00,05,24,2002,00,6.3888e+05
05.24.2002-03:00:00,05,24,2002,03,6.068e+05
05.24.2002-06:00:00,05,24,2002,06,5.7505e+05
05.24.2002-09:00:00,05,24,2002,09,5.7246e+05
05.24.2002-12:00:00,05,24,2002,12,6.2944e+05
05.24.2002-15:00:00,05,24,2002,15,6.787e+05
05.24.2002-18:00:00,05,24,2002,18,6.9294e+05
05.24.2002-21:00:00,05,24,2002,21,6.8327e+05
05.25.2002-00:00:00,05,25,2002,00,6.5795e+05
05.25.2002-03:00:00,05,25,2002,03,6.2557e+05
05.25.2002-06:00:00,05,25,2002,06,5.981e+05
05.25.2002-09:00:00,05,25,2002,09,6.3165e+05
05.25.2002-12:00:00,05,25,2002,12,7.0861e+05
05.25.2002-15:00:00,05,25,2002,15,7.7691e+05
05.25.2002-18:00:00,05,25,2002,18,8.0658e+05
05.25.2002-21:00:00,05,25,2002,21,8.0369e+05
05.26.2002-00:00:00,05,26,2002,00,7.7909e+05
05.26.2002-03:00:00,05,26,2002,03,7.4452e+05
05.26.2002-06:00:00,05,26,2002,06,7.1192e+05
05.26.2002-09:00:00,05,26,2002,09,7.4163e+05
05.26.2002-12:00:00,05,26,2002,12,8.2593e+05
05.26.2002-15:00:00,05,26,2002,15,9.0005e+05
05.26.2002-18:00:00,05,26,2002,18,9.2915e+05
05.26.2002-21:00:00,05,26,2002,21,9.2305e+05
05.27.2002-00:00:00,05,27,2002,00,8.9353e+05
05.27.2002-03:00:00,05,27,2002,03,8.5335e+05
05.27.2002-06:00:00,05,27,2002,06,8.1828e+05
05.27.2002-09:00:00,05,27,2002,09,8.548e+05
05.27.2002-12:00:00,05,27,2002,12,9.4777e+05
05.27.2002-15:00:00,05,27,2002,15,1.0344e+06
05.27.2002-18:00:00,05,27,2002,18,1.0761e+06
05.27.2002-21:00:00,05,27,2002,21,1.0753e+06
05.28.2002-00:00:00,05,28,2002,00,1.0493e+06
05.28.2002-03:00:00,05,28,2002,03,1.0115e+06
05.28.2002-06:00:00,05,28,2002,06,1.0064e+06
05.28.2002-09:00:00,05,28,2002,09,1.0673e+06
05.28.2002-12:00:00,05,28,2002,12,1.1773e+06
05.28.2002-15:00:00,05,28,2002,15,1.2818e+06
05.28.2002-18:00:00,05,28,2002,18,1.3426e+06
05.28.2002-21:00:00,05,28,2002,21,1.3595e+06
05.29.2002-00:00:00,05,29,2002,00,1.3372e+06
05.29.2002-03:00:00,05,29,2002,03,1.2919e+06
05.29.2002-06:00:00,05,29,2002,06,1.2622e+06
05.29.2002-09:00:00,05,29,2002,09,1.2949e+06
05.29.2002-12:00:00,05,29,2002,12,1.3783e+06
05.29.2002-15:00:00,05,29,2002,15,1.4595e+06
05.29.2002-18:00:00,05,29,2002,18,1.4997e+06
05.29.2002-21:00:00,05,29,2002,21,1.4949e+06
05.30.2002-00:00:00,05,30,2002,00,1.4562e+06
05.30.2002-03:00:00,05,30,2002,03,1.3976e+06
05.30.2002-06:00:00,05,30,2002,06,1.3396e+06
05.30.2002-09:00:00,05,30,2002,09,1.3489e+06
05.30.2002-12:00:00,05,30,2002,12,1.4235e+06
05.30.2002-15:00:00,05,30,2002,15,1.5035e+06
05.30.2002-18:00:00,05,30,2002,18,1.5415e+06
05.30.2002-21:00:00,05,30,2002,21,1.536e+06
05.31.2002-00:00:00,05,31,2002,00,1.4964e+06
05.31.2002-03:00:00,05,31,2002,03,1.4373e+06
05.31.2002-06:00:00,05,31,2002,06,1.3795e+06
05.31.2002-09:00:00,05,31,2002,09,1.3755e+06
05.31.2002-12:00:00,05,31,2002,12,1.4226e+06
05.31.2002-15:00:00,05,31,2002,15,1.4793e+06
05.31.2002-18:00:00,05,31,2002,18,1.5084e+06
05.31.2002-21:00:00,05,31,2002,21,1.5022e+06
06.01.2002-00:00:00,06,01,2002,00,1.466e+06
06.01.2002-03:00:00,06,01,2002,03,1.4118e+06
06.01.2002-06:00:00,06,01,2002,06,1.3604e+06
06.01.2002-09:00:00,06,01,2002,09,1.3744e+06
06.01.2002-12:00:00,06,01,2002,12,1.4512e+06
06.01.2002-15:00:00,06,01,2002,15,1.5392e+06
06.01.2002-18:00:00,06,01,2002,18,1.5892e+06
06.01.2002-21:00:00,06,01,2002,21,1.5931e+06
06.02.2002-00:00:00,06,02,2002,00,1.562e+06
06.02.2002-03:00:00,06,02,2002,03,1.5096e+06
06.02.2002-06:00:00,06,02,2002,06,1.4731e+06
06.02.2002-09:00:00,06,02,2002,09,1.4973e+06
06.02.2002-12:00:00,06,02,2002,12,1.578e+06
06.02.2002-15:00:00,06,02,2002,15,1.669e+06
06.02.2002-18:00:00,06,02,2002,18,1.724e+06
06.02.2002-21:00:00,06,02,2002,21,1.734e+06
06.03.2002-00:00:00,06,03,2002,00,1.7057e+06
06.03.2002-03:00:00,06,03,2002,03,1.6533e+06
06.03.2002-06:00:00,06,03,2002,06,1.5989e+06
06.03.2002-09:00:00,06,03,2002,09,1.6007e+06
06.03.2002-12:00:00,06,03,2002,12,1.6593e+06
06.03.2002-15:00:00,06,03,2002,15,1.7305e+06
06.03.2002-18:00:00,06,03,2002,18,1.7688e+06
06.03.2002-21:00:00,06,03,2002,21,1.766e+06
06.04.2002-00:00:00,06,04,2002,00,1.7327e+06
06.04.2002-03:00:00,06,04,2002,03,1.6825e+06
06.04.2002-06:00:00,06,04,2002,06,1.6508e+06
06.04.2002-09:00:00,06,04,2002,09,1.6713e+06
06.04.2002-12:00:00,06,04,2002,12,1.7423e+06
06.04.2002-15:00:00,06,04,2002,15,1.8248e+06
06.04.2002-18:00:00,06,04,2002,18,1.8808e+06
06.04.2002-21:00:00,06,04,2002,21,1.8998e+06
06.05.2002-00:00:00,06,05,2002,00,1.8827e+06
06.05.2002-03:00:00,06,05,2002,03,1.8401e+06
06.05.2002-06:00:00,06,05,2002,06,1.8078e+06
06.05.2002-09:00:00,06,05,2002,09,1.8198e+06
06.05.2002-12:00:00,06,05,2002,12,1.8771e+06
06.05.2002-15:00:00,06,05,2002,15,1.9435e+06
06.05.2002-18:00:00,06,05,2002,18,1.9839e+06
06.05.2002-21:00:00,06,05,2002,21,1.9862e+06
06.06.2002-00:00:00,06,06,2002,00,1.9562e+06
06.06.2002-03:00:00,06,06,2002,03,1.9027e+06
06.06.2002-06:00:00,06,06,2002,06,1.8474e+06
06.06.2002-09:00:00,06,06,2002,09,1.8128e+06
06.06.2002-12:00:00,06,06,2002,12,1.8022e+06
06.06.2002-15:00:00,06,06,2002,15,1.7987e+06
06.06.2002-18:00:00,06,06,2002,18,1.7838e+06
06.06.2002-21:00:00,06,06,2002,21,1.7474e+06
06.07.2002-00:00:00,06,07,2002,00,1.6913e+06
06.07.2002-03:00:00,06,07,2002,03,1.6224e+06
06.07.2002-06:00:00,06,07,2002,06,1.5478e+06
06.07.2002-09:00:00,06,07,2002,09,1.4828e+06
06.07.2002-12:00:00,06,07,2002,12,1.4506e+06
06.07.2002-15:00:00,06,07,2002,15,1.4301e+06
06.07.2002-18:00:00,06,07,2002,18,1.4017e+06
06.07.2002-21:00:00,06,07,2002,21,1.3626e+06
06.08.2002-00:00:00,06,08,2002,00,1.3151e+06
06.08.2002-03:00:00,06,08,2002,03,1.2633e+06
06.08.2002-06:00:00,06,08,2002,06,1.2113e+06
06.08.2002-09:00:00,06,08,2002,09,1.159e+06
06.08.2002-12:00:00,06,08,2002,12,1.1133e+06
06.08.2002-15:00:00,06,08,2002,15,1.08e+06
06.08.2002-18:00:00,06,08,2002,18,1.0485e+06
06.08.2002-21:00:00,06,08,2002,21,1.0185e+06
06.09.2002-00:00:00,06,09,2002,00,9.8921e+05
06.09.2002-03:00:00,06,09,2002,03,9.6038e+05
06.09.2002-06:00:00,06,09,2002,06,9.3074e+05
06.09.2002-09:00:00,06,09,2002,09,9.4321e+05
06.09.2002-12:00:00,06,09,2002,12,1.002e+06
06.09.2002-15:00:00,06,09,2002,15,1.0749e+06
06.09.2002-18:00:00,06,09,2002,18,1.1286e+06
06.09.2002-21:00:00,06,09,2002,21,1.1532e+06
06.10.2002-00:00:00,06,10,2002,00,1.1516e+06
06.10.2002-03:00:00,06,10,2002,03,1.1323e+06
06.10.2002-06:00:00,06,10,2002,06,1.1148e+06
06.10.2002-09:00:00,06,10,2002,09,1.1416e+06
06.10.2002-12:00:00,06,10,2002,12,1.2141e+06
06.10.2002-15:00:00,06,10,2002,15,1.2987e+06
06.10.2002-18:00:00,06,10,2002,18,1.3586e+06
06.10.2002-21:00:00,06,10,2002,21,1.3822e+06
06.11.2002-00:00:00,06,11,2002,00,1.3739e+06
06.11.2002-03:00:00,06,11,2002,03,1.3453e+06
06.11.2002-06:00:00,06,11,2002,06,1.3133e+06
06.11.2002-09:00:00,06,11,2002,09,1.3186e+06
06.11.2002-12:00:00,06,11,2002,12,1.3639e+06
06.11.2002-15:00:00,06,11,2002,15,1.4217e+06
06.11.2002-18:00:00,06,11,2002,18,1.4584e+06
06.11.2002-21:00:00,06,11,2002,21,1.4617e+06
06.12.2002-00:00:00,06,12,2002,00,1.4357e+06
06.12.2002-03:00:00,06,12,2002,03,1.3903e+06
06.12.2002-06:00:00,06,12,2002,06,1.3479e+06
06.12.2002-09:00:00,06,12,2002,09,1.3456e+06
06.12.2002-12:00:00,06,12,2002,12,1.3892e+06
06.12.2002-15:00:00,06,12,2002,15,1.451e+06
06.12.2002-18:00:00,06,12,2002,18,1.4966e+06
06.12.2002-21:00:00,06,12,2002,21,1.5102e+06
06.13.2002-00:00:00,06,13,2002,00,1.4932e+06
06.13.2002-03:00:00,06,13,2002,03,1.4554e+06
06.13.2002-06:00:00,06,13,2002,06,1.4155e+06
06.13.2002-09:00:00,06,13,2002,09,1.409e+06
06.13.2002-12:00:00,06,13,2002,12,1.4424e+06
06.13.2002-15:00:00,06,13,2002,15,1.4921e+06
06.13.2002-18:00:00,06,13,2002,18,1.5277e+06
06.13.2002-21:00:00,06,13,2002,21,1.5343e+06
06.14.2002-00:00:00,06,14,2002,00,1.5131e+06
06.14.2002-03:00:00,06,14,2002,03,1.4734e+06
06.14.2002-06:00:00,06,14,2002,06,1.4345e+06
06.14.2002-09:00:00,06,14,2002,09,1.4252e+06
06.14.2002-12:00:00,06,14,2002,12,1.4539e+06
06.14.2002-15:00:00,06,14,2002,15,1.4999e+06
06.14.2002-18:00:00,06,14,2002,18,1.5367e+06
06.14.2002-21:00:00,06,14,2002,21,1.5494e+06
06.15.2002-00:00:00,06,15,2002,00,1.5402e+06
06.15.2002-03:00:00,06,15,2002,03,1.5139e+06
06.15.2002-06:00:00,06,15,2002,06,1.4879e+06
06.15.2002-09:00:00,06,15,2002,09,1.4821e+06
06.15.2002-12:00:00,06,15,2002,12,1.5045e+06
06.15.2002-15:00:00,06,15,2002,15,1.5402e+06
06.15.2002-18:00:00,06,15,2002,18,1.5702e+06
06.15.2002-21:00:00,06,15,2002,21,1.5832e+06
06.16.2002-00:00:00,06,16,2002,00,1.5762e+06
06.16.2002-03:00:00,06,16,2002,03,1.5516e+06
06.16.2002-06:00:00,06,16,2002,06,1.5214e+06
06.16.2002-09:00:00,06,16,2002,09,1.4985e+06
06.16.2002-12:00:00,06,16,2002,12,1.4923e+06
06.16.2002-15:00:00,06,16,2002,15,1.4964e+06
06.16.2002-18:00:00,06,16,2002,18,1.4988e+06
06.16.2002-21:00:00,06,16,2002,21,1.4909e+06
06.17.2002-00:00:00,06,17,2002,00,1.4729e+06
06.17.2002-03:00:00,06,17,2002,03,1.4468e+06
06.17.2002-06:00:00,06,17,2002,06,1.4183e+06
06.17.2002-09:00:00,06,17,2002,09,1.3919e+06
06.17.2002-12:00:00,06,17,2002,12,1.3704e+06
06.17.2002-15:00:00,06,17,2002,15,1.3538e+06
06.17.2002-18:00:00,06,17,2002,18,1.3369e+06
06.17.2002-21:00:00,06,17,2002,21,1.3184e+06
06.18.2002-00:00:00,06,18,2002,00,1.2946e+06
06.18.2002-03:00:00,06,18,2002,03,1.2642e+06
06.18.2002-06:00:00,06,18,2002,06,1.2302e+06
06.18.2002-09:00:00,06,18,2002,09,1.1962e+06
06.18.2002-12:00:00,06,18,2002,12,1.1666e+06
06.18.2002-15:00:00,06,18,2002,15,1.1434e+06
06.18.2002-18:00:00,06,18,2002,18,1.1226e+06
06.18.2002-21:00:00,06,18,2002,21,1.1022e+06
06.19.2002-00:00:00,06,19,2002,00,1.08e+06
06.19.2002-03:00:00,06,19,2002,03,1.0553e+06
06.19.2002-06:00:00,06,19,2002,06,1.025e+06
06.19.2002-09:00:00,06,19,2002,09,9.9238e+05
06.19.2002-12:00:00,06,19,2002,12,9.6451e+05
06.19.2002-15:00:00,06,19,2002,15,9.4517e+05
06.19.2002-18:00:00,06,19,2002,18,9.3256e+05
06.19.2002-21:00:00,06,19,2002,21,9.2311e+05
06.20.2002-00:00:00,06,20,2002,00,9.1359e+05
06.20.2002-03:00:00,06,20,2002,03,9.0271e+05
06.20.2002-06:00:00,06,20,2002,06,8.85e+05
06.20.2002-09:00:00,06,20,2002,09,8.6102e+05
06.20.2002-12:00:00,06,20,2002,12,8.3802e+05
06.20.2002-15:00:00,06,20,2002,15,8.2258e+05
06.20.2002-18:00:00,06,20,2002,18,8.1418e+05
06.20.2002-21:00:00,06,20,2002,21,8.0932e+05
06.21.2002-00:00:00,06,21,2002,00,8.0549e+05
06.21.2002-03:00:00,06,21,2002,03,7.9964e+05
06.21.2002-06:00:00,06,21,2002,06,7.8694e+05
06.21.2002-09:00:00,06,21,2002,09,7.665e+05
06.21.2002-12:00:00,06,21,2002,12,7.4563e+05
06.21.2002-15:00:00,06,21,2002,15,7.3197e+05
06.21.2002-18:00:00,06,21,2002,18,7.2709e+05
06.21.2002-21:00:00,06,21,2002,21,7.277e+05
06.22.2002-00:00:00,06,22,2002,00,7.3019e+05
06.22.2002-03:00:00,06,22,2002,03,7.3105e+05
06.22.2002-06:00:00,06,22,2002,06,7.2585e+05
06.22.2002-09:00:00,06,22,2002,09,7.1138e+05
06.22.2002-12:00:00,06,22,2002,12,6.9465e+05
06.22.2002-15:00:00,06,22,2002,15,6.8331e+05
06.22.2002-18:00:00,06,22,2002,18,6.7953e+05
06.22.2002-21:00:00,06,22,2002,21,6.8047e+05
06.23.2002-00:00:00,06,23,2002,00,6.8424e+05
06.23.2002-03:00:00,06,23,2002,03,6.8638e+05
06.23.2002-06:00:00,06,23,2002,06,6.8209e+05
06.23.2002-09:00:00,06,23,2002,09,6.673e+05
06.23.2002-12:00:00,06,23,2002,12,6.4857e+05
06.23.2002-15:00:00,06,23,2002,15,6.3427e+05
06.23.2002-18:00:00,06,23,2002,18,6.2684e+05
06.23.2002-21:00:00,06,23,2002,21,6.2542e+05
06.24.2002-00:00:00,06,24,2002,00,6.2784e+05
06.24.2002-03:00:00,06,24,2002,03,6.2975e+05
06.24.2002-06:00:00,06,24,2002,06,6.2523e+05
06.24.2002-09:00:00,06,24,2002,09,6.0867e+05
06.24.2002-12:00:00,06,24,2002,12,5.874e+05
06.24.2002-15:00:00,06,24,2002,15,5.7084e+05
06.24.2002-18:00:00,06,24,2002,18,5.6198e+05
06.24.2002-21:00:00,06,24,2002,21,5.5949e+05
06.25.2002-00:00:00,06,25,2002,00,5.612e+05
06.25.2002-03:00:00,06,25,2002,03,5.6332e+05
06.25.2002-06:00:00,06,25,2002,06,5.5924e+05
06.25.2002-09:00:00,06,25,2002,09,5.4303e+05
06.25.2002-12:00:00,06,25,2002,12,5.225e+05
06.25.2002-15:00:00,06,25,2002,15,5.0637e+05
06.25.2002-18:00:00,06,25,2002,18,4.9892e+05
06.25.2002-21:00:00,06,25,2002,21,4.9816e+05
06.26.2002-00:00:00,06,26,2002,00,5.0225e+05
06.26.2002-03:00:00,06,26,2002,03,5.0632e+05
06.26.2002-06:00:00,06,26,2002,06,5.0378e+05
06.26.2002-09:00:00,06,26,2002,09,4.9034e+05
06.26.2002-12:00:00,06,26,2002,12,4.7688e+05
06.26.2002-15:00:00,06,26,2002,15,4.64e+05
06.26.2002-18:00:00,06,26,2002,18,4.5889e+05
06.26.2002-21:00:00,06,26,2002,21,4.5924e+05
06.27.2002-00:00:00,06,27,2002,00,4.6319e+05
06.27.2002-03:00:00,06,27,2002,03,4.6622e+05
06.27.2002-06:00:00,06,27,2002,06,4.6277e+05
06.27.2002-09:00:00,06,27,2002,09,4.4783e+05
06.27.2002-12:00:00,06,27,2002,12,4.2929e+05
06.27.2002-15:00:00,06,27,2002,15,4.1644e+05
06.27.2002-18:00:00,06,27,2002,18,4.1217e+05
06.27.2002-21:00:00,06,27,2002,21,4.1452e+05
06.28.2002-00:00:00,06,28,2002,00,4.2101e+05
06.28.2002-03:00:00,06,28,2002,03,4.2787e+05
06.28.2002-06:00:00,06,28,2002,06,4.3247e+05
06.28.2002-09:00:00,06,28,2002,09,4.3124e+05
06.28.2002-12:00:00,06,28,2002,12,4.2417e+05
06.28.2002-15:00:00,06,28,2002,15,4.1882e+05
06.28.2002-18:00:00,06,28,2002,18,4.1678e+05
06.28.2002-21:00:00,06,28,2002,21,4.1948e+05
06.29.2002-00:00:00,06,29,2002,00,4.2809e+05
06.29.2002-03:00:00,06,29,2002,03,4.3799e+05
06.29.2002-06:00:00,06,29,2002,06,4.4598e+05
06.29.2002-09:00:00,06,29,2002,09,4.4991e+05
06.29.2002-12:00:00,06,29,2002,12,4.4812e+05
06.29.2002-15:00:00,06,29,2002,15,4.4445e+05
06.29.2002-18:00:00,06,29,2002,18,4.4437e+05
06.29.2002-21:00:00,06,29,2002,21,4.477e+05
06.30.2002-00:00:00,06,30,2002,00,4.4779e+05
06.30.2002-03:00:00,06,30,2002,03,4.4548e+05
06.30.2002-06:00:00,06,30,2002,06,4.3966e+05
06.30.2002-09:00:00,06,30,2002,09,4.2873e+05
06.30.2002-12:00:00,06,30,2002,12,4.137e+05
06.30.2002-15:00:00,06,30,2002,15,4.0204e+05
06.30.2002-18:00:00,06,30,2002,18,3.9486e+05
06.30.2002-21:00:00,06,30,2002,21,3.9208e+05
07.01.2002-00:00:00,07,01,2002,00,3.9199e+05
07.01.2002-03:00:00,07,01,2002,03,3.9197e+05
07.01.2002-06:00:00,07,01,2002,06,3.8779e+05
07.01.2002-09:00:00,07,01,2002,09,3.7581e+05
07.01.2002-12:00:00,07,01,2002,12,3.6115e+05
07.01.2002-15:00:00,07,01,2002,15,3.5084e+05
07.01.2002-18:00:00,07,01,2002,18,3.4662e+05
07.01.2002-21:00:00,07,01,2002,21,3.4748e+05
07.02.2002-00:00:00,07,02,2002,00,3.51e+05
07.02.2002-03:00:00,07,02,2002,03,3.5426e+05
07.02.2002-06:00:00,07,02,2002,06,3.5256e+05
07.02.2002-09:00:00,07,02,2002,09,3.4152e+05
07.02.2002-12:00:00,07,02,2002,12,3.2737e+05
07.02.2002-15:00:00,07,02,2002,15,3.1811e+05
07.02.2002-18:00:00,07,02,2002,18,3.1548e+05
07.02.2002-21:00:00,07,02,2002,21,3.1796e+05
07.03.2002-00:00:00,07,03,2002,00,3.2298e+05
07.03.2002-03:00:00,07,03,2002,03,3.27e+05
07.03.2002-06:00:00,07,03,2002,06,3.2606e+05
07.03.2002-09:00:00,07,03,2002,09,3.1673e+05
07.03.2002-12:00:00,07,03,2002,12,3.0439e+05
07.03.2002-15:00:00,07,03,2002,15,2.968e+05
07.03.2002-18:00:00,07,03,2002,18,2.9519e+05
07.03.2002-21:00:00,07,03,2002,21,2.9854e+05
07.04.2002-00:00:00,07,04,2002,00,3.0421e+05
07.04.2002-03:00:00,07,04,2002,03,3.0918e+05
07.04.2002-06:00:00,07,04,2002,06,3.0944e+05
07.04.2002-09:00:00,07,04,2002,09,3.0196e+05
07.04.2002-12:00:00,07,04,2002,12,2.9152e+05
07.04.2002-15:00:00,07,04,2002,15,2.8544e+05
07.04.2002-18:00:00,07,04,2002,18,2.8451e+05
07.04.2002-21:00:00,07,04,2002,21,2.8802e+05
07.05.2002-00:00:00,07,05,2002,00,2.9345e+05
07.05.2002-03:00:00,07,05,2002,03,2.9836e+05
07.05.2002-06:00:00,07,05,2002,06,2.9751e+05
07.05.2002-09:00:00,07,05,2002,09,2.8657e+05
07.05.2002-12:00:00,07,05,2002,12,2.7253e+05
07.05.2002-15:00:00,07,05,2002,15,2.6447e+05
07.05.2002-18:00:00,07,05,2002,18,2.6332e+05
07.05.2002-21:00:00,07,05,2002,21,2.6718e+05
07.06.2002-00:00:00,07,06,2002,00,2.7329e+05
07.06.2002-03:00:00,07,06,2002,03,2.7862e+05
07.06.2002-06:00:00,07,06,2002,06,2.7769e+05
07.06.2002-09:00:00,07,06,2002,09,2.6648e+05
07.06.2002-12:00:00,07,06,2002,12,2.5233e+05
07.06.2002-15:00:00,07,06,2002,15,2.4458e+05
07.06.2002-18:00:00,07,06,2002,18,2.4402e+05
07.06.2002-21:00:00,07,06,2002,21,2.4866e+05
07.07.2002-00:00:00,07,07,2002,00,2.5552e+05
07.07.2002-03:00:00,07,07,2002,03,2.6109e+05
07.07.2002-06:00:00,07,07,2002,06,2.6077e+05
07.07.2002-09:00:00,07,07,2002,09,2.5091e+05
07.07.2002-12:00:00,07,07,2002,12,2.3808e+05
07.07.2002-15:00:00,07,07,2002,15,2.3128e+05
07.07.2002-18:00:00,07,07,2002,18,2.3126e+05
07.07.2002-21:00:00,07,07,2002,21,2.3622e+05
07.08.2002-00:00:00,07,08,2002,00,2.6465e+05
07.08.2002-03:00:00,07,08,2002,03,3.0212e+05
07.08.2002-06:00:00,07,08,2002,06,3.3806e+05
07.08.2002-09:00:00,07,08,2002,09,3.6335e+05
07.08.2002-12:00:00,07,08,2002,12,3.7869e+05
07.08.2002-15:00:00,07,08,2002,15,3.922e+05
07.08.2002-18:00:00,07,08,2002,18,4.1006e+05
07.08.2002-21:00:00,07,08,2002,21,4.3219e+05
07.09.2002-00:00:00,07,09,2002,00,4.2938e+05
07.09.2002-03:00:00,07,09,2002,03,4.1533e+05
07.09.2002-06:00:00,07,09,2002,06,3.9191e+05
07.09.2002-09:00:00,07,09,2002,09,3.5891e+05
07.09.2002-12:00:00,07,09,2002,12,3.2493e+05
07.09.2002-15:00:00,07,09,2002,15,3.0053e+05
07.09.2002-18:00:00,07,09,2002,18,2.8655e+05
07.09.2002-21:00:00,07,09,2002,21,2.8005e+05
07.10.2002-00:00:00,07,10,2002,00,2.7768e+05
07.10.2002-03:00:00,07,10,2002,03,2.7568e+05
07.10.2002-06:00:00,07,10,2002,06,2.6847e+05
07.10.2002-09:00:00,07,10,2002,09,2.5305e+05
07.10.2002-12:00:00,07,10,2002,12,2.3797e+05
07.10.2002-15:00:00,07,10,2002,15,2.2801e+05
07.10.2002-18:00:00,07,10,2002,18,2.2556e+05
07.10.2002-21:00:00,07,10,2002,21,2.2844e+05
07.11.2002-00:00:00,07,11,2002,00,2.337e+05
07.11.2002-03:00:00,07,11,2002,03,2.3756e+05
07.11.2002-06:00:00,07,11,2002,06,2.3496e+05
07.11.2002-09:00:00,07,11,2002,09,2.2587e+05
07.11.2002-12:00:00,07,11,2002,12,2.2129e+05
07.11.2002-15:00:00,07,11,2002,15,2.1581e+05
07.11.2002-18:00:00,07,11,2002,18,2.1537e+05
07.11.2002-21:00:00,07,11,2002,21,2.1885e+05
07.12.2002-00:00:00,07,12,2002,00,2.2373e+05
07.12.2002-03:00:00,07,12,2002,03,2.269e+05
07.12.2002-06:00:00,07,12,2002,06,2.2378e+05
07.12.2002-09:00:00,07,12,2002,09,2.1388e+05
07.12.2002-12:00:00,07,12,2002,12,2.0789e+05
07.12.2002-15:00:00,07,12,2002,15,2.0205e+05
07.12.2002-18:00:00,07,12,2002,18,2.0202e+05
07.12.2002-21:00:00,07,12,2002,21,2.06e+05
07.13.2002-00:00:00,07,13,2002,00,2.114e+05
07.13.2002-03:00:00,07,13,2002,03,2.15e+05
07.13.2002-06:00:00,07,13,2002,06,2.1331e+05
07.13.2002-09:00:00,07,13,2002,09,2.0475e+05
07.13.2002-12:00:00,07,13,2002,12,1.9668e+05
07.13.2002-15:00:00,07,13,2002,15,1.9162e+05
07.13.2002-18:00:00,07,13,2002,18,1.9195e+05
07.13.2002-21:00:00,07,13,2002,21,1.9643e+05
07.14.2002-00:00:00,07,14,2002,00,2.0219e+05
07.14.2002-03:00:00,07,14,2002,03,2.0579e+05
07.14.2002-06:00:00,07,14,2002,06,2.037e+05
07.14.2002-09:00:00,07,14,2002,09,1.9352e+05
07.14.2002-12:00:00,07,14,2002,12,1.8181e+05
07.14.2002-15:00:00,07,14,2002,15,1.7604e+05
07.14.2002-18:00:00,07,14,2002,18,1.7663e+05
07.14.2002-21:00:00,07,14,2002,21,1.8198e+05
07.15.2002-00:00:00,07,15,2002,00,1.8892e+05
07.15.2002-03:00:00,07,15,2002,03,1.9403e+05
07.15.2002-06:00:00,07,15,2002,06,1.9304e+05
07.15.2002-09:00:00,07,15,2002,09,1.8371e+05
07.15.2002-12:00:00,07,15,2002,12,1.7271e+05
07.15.2002-15:00:00,07,15,2002,15,1.6743e+05
07.15.2002-18:00:00,07,15,2002,18,1.6855e+05
07.15.2002-21:00:00,07,15,2002,21,1.7403e+05
07.16.2002-00:00:00,07,16,2002,00,1.8105e+05
07.16.2002-03:00:00,07,16,2002,03,1.8609e+05
07.16.2002-06:00:00,07,16,2002,06,1.8517e+05
07.16.2002-09:00:00,07,16,2002,09,1.7622e+05
07.16.2002-12:00:00,07,16,2002,12,1.6566e+05
07.16.2002-15:00:00,07,16,2002,15,1.6072e+05
07.16.2002-18:00:00,07,16,2002,18,1.6195e+05
07.16.2002-21:00:00,07,16,2002,21,1.6735e+05
07.17.2002-00:00:00,07,17,2002,00,1.741e+05
07.17.2002-03:00:00,07,17,2002,03,1.7875e+05
07.17.2002-06:00:00,07,17,2002,06,1.7796e+05
07.17.2002-09:00:00,07,17,2002,09,1.6967e+05
07.17.2002-12:00:00,07,17,2002,12,1.5985e+05
07.17.2002-15:00:00,07,17,2002,15,1.5531e+05
07.17.2002-18:00:00,07,17,2002,18,1.5652e+05
07.17.2002-21:00:00,07,17,2002,21,1.6176e+05
07.18.2002-00:00:00,07,18,2002,00,1.6822e+05
07.18.2002-03:00:00,07,18,2002,03,1.7256e+05
07.18.2002-06:00:00,07,18,2002,06,1.7139e+05
07.18.2002-09:00:00,07,18,2002,09,1.629e+05
07.18.2002-12:00:00,07,18,2002,12,1.5293e+05
07.18.2002-15:00:00,07,18,2002,15,1.4839e+05
07.18.2002-18:00:00,07,18,2002,18,1.4958e+05
07.18.2002-21:00:00,07,18,2002,21,1.5485e+05
07.19.2002-00:00:00,07,19,2002,00,1.6139e+05
07.19.2002-03:00:00,07,19,2002,03,1.6602e+05
07.19.2002-06:00:00,07,19,2002,06,1.6571e+05
07.19.2002-09:00:00,07,19,2002,09,1.584e+05
07.19.2002-12:00:00,07,19,2002,12,1.4952e+05
07.19.2002-15:00:00,07,19,2002,15,1.4558e+05
07.19.2002-18:00:00,07,19,2002,18,1.4689e+05
07.19.2002-21:00:00,07,19,2002,21,1.5195e+05
07.20.2002-00:00:00,07,20,2002,00,1.581e+05
07.20.2002-03:00:00,07,20,2002,03,1.624e+05
07.20.2002-06:00:00,07,20,2002,06,1.6132e+05
07.20.2002-09:00:00,07,20,2002,09,1.5289e+05
07.20.2002-12:00:00,07,20,2002,12,1.4302e+05
07.20.2002-15:00:00,07,20,2002,15,1.3854e+05
07.20.2002-18:00:00,07,20,2002,18,1.3976e+05
07.20.2002-21:00:00,07,20,2002,21,1.4485e+05
07.21.2002-00:00:00,07,21,2002,00,1.5115e+05
07.21.2002-03:00:00,07,21,2002,03,1.5566e+05
07.21.2002-06:00:00,07,21,2002,06,1.5467e+05
07.21.2002-09:00:00,07,21,2002,09,1.4639e+05
07.21.2002-12:00:00,07,21,2002,12,1.3673e+05
07.21.2002-15:00:00,07,21,2002,15,1.324e+05
07.21.2002-18:00:00,07,21,2002,18,1.3379e+05
07.21.2002-21:00:00,07,21,2002,21,1.3897e+05
07.22.2002-00:00:00,07,22,2002,00,1.4535e+05
07.22.2002-03:00:00,07,22,2002,03,1.4998e+05
07.22.2002-06:00:00,07,22,2002,06,1.4917e+05
07.22.2002-09:00:00,07,22,2002,09,1.412e+05
07.22.2002-12:00:00,07,22,2002,12,1.3207e+05
07.22.2002-15:00:00,07,22,2002,15,1.2793e+05
07.22.2002-18:00:00,07,22,2002,18,1.2939e+05
07.22.2002-21:00:00,07,22,2002,21,1.3451e+05
07.23.2002-00:00:00,07,23,2002,00,1.4072e+05
07.23.2002-03:00:00,07,23,2002,03,1.452e+05
07.23.2002-06:00:00,07,23,2002,06,1.4429e+05
07.23.2002-09:00:00,07,23,2002,09,1.3668e+05
07.23.2002-12:00:00,07,23,2002,12,1.2919e+05
07.23.2002-15:00:00,07,23,2002,15,1.2536e+05
07.23.2002-18:00:00,07,23,2002,18,1.2677e+05
07.23.2002-21:00:00,07,23,2002,21,1.3152e+05
07.24.2002-00:00:00,07,24,2002,00,1.372e+05
07.24.2002-03:00:00,07,24,2002,03,1.4101e+05
07.24.2002-06:00:00,07,24,2002,06,1.3976e+05
07.24.2002-09:00:00,07,24,2002,09,1.3218e+05
07.24.2002-12:00:00,07,24,2002,12,1.2405e+05
07.24.2002-15:00:00,07,24,2002,15,1.2027e+05
07.24.2002-18:00:00,07,24,2002,18,1.2158e+05
07.24.2002-21:00:00,07,24,2002,21,1.2639e+05
07.25.2002-00:00:00,07,25,2002,00,1.3207e+05
07.25.2002-03:00:00,07,25,2002,03,1.3597e+05
07.25.2002-06:00:00,07,25,2002,06,1.3611e+05
07.25.2002-09:00:00,07,25,2002,09,1.3133e+05
07.25.2002-12:00:00,07,25,2002,12,1.254e+05
07.25.2002-15:00:00,07,25,2002,15,1.2284e+05
07.25.2002-18:00:00,07,25,2002,18,1.2391e+05
07.25.2002-21:00:00,07,25,2002,21,1.279e+05
07.26.2002-00:00:00,07,26,2002,00,1.3271e+05
07.26.2002-03:00:00,07,26,2002,03,1.3568e+05
07.26.2002-06:00:00,07,26,2002,06,1.3465e+05
07.26.2002-09:00:00,07,26,2002,09,1.281e+05
07.26.2002-12:00:00,07,26,2002,12,1.2045e+05
07.26.2002-15:00:00,07,26,2002,15,1.1694e+05
07.26.2002-18:00:00,07,26,2002,18,1.1784e+05
07.26.2002-21:00:00,07,26,2002,21,1.2205e+05
07.27.2002-00:00:00,07,27,2002,00,1.2723e+05
07.27.2002-03:00:00,07,27,2002,03,1.3093e+05
07.27.2002-06:00:00,07,27,2002,06,1.31e+05
07.27.2002-09:00:00,07,27,2002,09,1.2582e+05
07.27.2002-12:00:00,07,27,2002,12,1.194e+05
07.27.2002-15:00:00,07,27,2002,15,1.1656e+05
07.27.2002-18:00:00,07,27,2002,18,1.1761e+05
07.27.2002-21:00:00,07,27,2002,21,1.2154e+05
07.28.2002-00:00:00,07,28,2002,00,1.2613e+05
07.28.2002-03:00:00,07,28,2002,03,1.2945e+05
07.28.2002-06:00:00,07,28,2002,06,1.306e+05
07.28.2002-09:00:00,07,28,2002,09,1.2937e+05
07.28.2002-12:00:00,07,28,2002,12,1.2724e+05
07.28.2002-15:00:00,07,28,2002,15,1.2609e+05
07.28.2002-18:00:00,07,28,2002,18,1.2651e+05
07.28.2002-21:00:00,07,28,2002,21,1.285e+05
07.29.2002-00:00:00,07,29,2002,00,1.3092e+05
07.29.2002-03:00:00,07,29,2002,03,1.323e+05
07.29.2002-06:00:00,07,29,2002,06,1.3227e+05
07.29.2002-09:00:00,07,29,2002,09,1.3064e+05
07.29.2002-12:00:00,07,29,2002,12,1.2844e+05
07.29.2002-15:00:00,07,29,2002,15,1.2712e+05
07.29.2002-18:00:00,07,29,2002,18,1.2718e+05
07.29.2002-21:00:00,07,29,2002,21,1.2864e+05
07.30.2002-00:00:00,07,30,2002,00,1.306e+05
07.30.2002-03:00:00,07,30,2002,03,1.3144e+05
07.30.2002-06:00:00,07,30,2002,06,1.2977e+05
07.30.2002-09:00:00,07,30,2002,09,1.2431e+05
07.30.2002-12:00:00,07,30,2002,12,1.1807e+05
07.30.2002-15:00:00,07,30,2002,15,1.1489e+05
07.30.2002-18:00:00,07,30,2002,18,1.1515e+05
07.30.2002-21:00:00,07,30,2002,21,1.1801e+05
07.31.2002-00:00:00,07,31,2002,00,1.2171e+05
07.31.2002-03:00:00,07,31,2002,03,1.2424e+05
07.31.2002-06:00:00,07,31,2002,06,1.2328e+05
07.31.2002-09:00:00,07,31,2002,09,1.1705e+05
07.31.2002-12:00:00,07,31,2002,12,1.0963e+05
07.31.2002-15:00:00,07,31,2002,15,1.0608e+05
07.31.2002-18:00:00,07,31,2002,18,1.0679e+05
07.31.2002-21:00:00,07,31,2002,21,1.1042e+05
08.01.2002-00:00:00,08,01,2002,00,1.1498e+05
08.01.2002-03:00:00,08,01,2002,03,1.1815e+05
08.01.2002-06:00:00,08,01,2002,06,1.1809e+05
08.01.2002-09:00:00,08,01,2002,09,1.124e+05
08.01.2002-12:00:00,08,01,2002,12,1.0547e+05
08.01.2002-15:00:00,08,01,2002,15,1.0238e+05
08.01.2002-18:00:00,08,01,2002,18,1.0325e+05
08.01.2002-21:00:00,08,01,2002,21,1.0692e+05
08.02.2002-00:00:00,08,02,2002,00,1.1137e+05
08.02.2002-03:00:00,08,02,2002,03,1.1411e+05
08.02.2002-06:00:00,08,02,2002,06,1.1376e+05
08.02.2002-09:00:00,08,02,2002,09,1.0831e+05
08.02.2002-12:00:00,08,02,2002,12,1.0175e+05
08.02.2002-15:00:00,08,02,2002,15,98918
08.02.2002-18:00:00,08,02,2002,18,99892
08.02.2002-21:00:00,08,02,2002,21,1.0363e+05
08.03.2002-00:00:00,08,03,2002,00,1.0812e+05
08.03.2002-03:00:00,08,03,2002,03,1.1144e+05
08.03.2002-06:00:00,08,03,2002,06,1.1181e+05
08.03.2002-09:00:00,08,03,2002,09,1.0701e+05
08.03.2002-12:00:00,08,03,2002,12,1.0097e+05
08.03.2002-15:00:00,08,03,2002,15,98330
08.03.2002-18:00:00,08,03,2002,18,99295
08.03.2002-21:00:00,08,03,2002,21,1.0276e+05
08.04.2002-00:00:00,08,04,2002,00,1.0685e+05
08.04.2002-03:00:00,08,04,2002,03,1.093e+05
08.04.2002-06:00:00,08,04,2002,06,1.09e+05
08.04.2002-09:00:00,08,04,2002,09,1.0414e+05
08.04.2002-12:00:00,08,04,2002,12,98274
08.04.2002-15:00:00,08,04,2002,15,95733
08.04.2002-18:00:00,08,04,2002,18,96632
08.04.2002-21:00:00,08,04,2002,21,1.0008e+05
08.05.2002-00:00:00,08,05,2002,00,1.0417e+05
08.05.2002-03:00:00,08,05,2002,03,1.0723e+05
08.05.2002-06:00:00,08,05,2002,06,1.0765e+05
08.05.2002-09:00:00,08,05,2002,09,1.0331e+05
08.05.2002-12:00:00,08,05,2002,12,97759
08.05.2002-15:00:00,08,05,2002,15,95302
08.05.2002-18:00:00,08,05,2002,18,96171
08.05.2002-21:00:00,08,05,2002,21,99341
08.06.2002-00:00:00,08,06,2002,00,1.0318e+05
08.06.2002-03:00:00,08,06,2002,03,1.0586e+05
08.06.2002-06:00:00,08,06,2002,06,1.0659e+05
08.06.2002-09:00:00,08,06,2002,09,1.0473e+05
08.06.2002-12:00:00,08,06,2002,12,1.0077e+05
08.06.2002-15:00:00,08,06,2002,15,98761
08.06.2002-18:00:00,08,06,2002,18,99296
08.06.2002-21:00:00,08,06,2002,21,1.0188e+05
08.07.2002-00:00:00,08,07,2002,00,1.0479e+05
08.07.2002-03:00:00,08,07,2002,03,1.0657e+05
08.07.2002-06:00:00,08,07,2002,06,1.0618e+05
08.07.2002-09:00:00,08,07,2002,09,1.0216e+05
08.07.2002-12:00:00,08,07,2002,12,96294
08.07.2002-15:00:00,08,07,2002,15,93225
08.07.2002-18:00:00,08,07,2002,18,93432
08.07.2002-21:00:00,08,07,2002,21,95977
08.08.2002-00:00:00,08,08,2002,00,99276
08.08.2002-03:00:00,08,08,2002,03,1.0123e+05
08.08.2002-06:00:00,08,08,2002,06,1.0041e+05
08.08.2002-09:00:00,08,08,2002,09,95002
08.08.2002-12:00:00,08,08,2002,12,88611
08.08.2002-15:00:00,08,08,2002,15,85551
08.08.2002-18:00:00,08,08,2002,18,86053
08.08.2002-21:00:00,08,08,2002,21,89243
08.09.2002-00:00:00,08,09,2002,00,93106
08.09.2002-03:00:00,08,09,2002,03,95475
08.09.2002-06:00:00,08,09,2002,06,95186
08.09.2002-09:00:00,08,09,2002,09,90640
08.09.2002-12:00:00,08,09,2002,12,85089
08.09.2002-15:00:00,08,09,2002,15,82592
08.09.2002-18:00:00,08,09,2002,18,83342
08.09.2002-21:00:00,08,09,2002,21,86606
08.10.2002-00:00:00,08,10,2002,00,90479
08.10.2002-03:00:00,08,10,2002,03,92795
08.10.2002-06:00:00,08,10,2002,06,92604
08.10.2002-09:00:00,08,10,2002,09,88421
08.10.2002-12:00:00,08,10,2002,12,83279
08.10.2002-15:00:00,08,10,2002,15,80977
08.10.2002-18:00:00,08,10,2002,18,81735
08.10.2002-21:00:00,08,10,2002,21,84917
08.11.2002-00:00:00,08,11,2002,00,88727
08.11.2002-03:00:00,08,11,2002,03,91066
08.11.2002-06:00:00,08,11,2002,06,90757
08.11.2002-09:00:00,08,11,2002,09,86249
08.11.2002-12:00:00,08,11,2002,12,80711
08.11.2002-15:00:00,08,11,2002,15,78172
08.11.2002-18:00:00,08,11,2002,18,78879
08.11.2002-21:00:00,08,11,2002,21,82032
08.12.2002-00:00:00,08,12,2002,00,85869
08.12.2002-03:00:00,08,12,2002,03,88245
08.12.2002-06:00:00,08,12,2002,06,87895
08.12.2002-09:00:00,08,12,2002,09,83270
08.12.2002-12:00:00,08,12,2002,12,77724
08.12.2002-15:00:00,08,12,2002,15,75114
08.12.2002-18:00:00,08,12,2002,18,75828
08.12.2002-21:00:00,08,12,2002,21,78987
08.13.2002-00:00:00,08,13,2002,00,82854
08.13.2002-03:00:00,08,13,2002,03,85286
08.13.2002-06:00:00,08,13,2002,06,84934
08.13.2002-09:00:00,08,13,2002,09,80611
08.13.2002-12:00:00,08,13,2002,12,76669
08.13.2002-15:00:00,08,13,2002,15,74561
08.13.2002-18:00:00,08,13,2002,18,75324
08.13.2002-21:00:00,08,13,2002,21,78216
08.14.2002-00:00:00,08,14,2002,00,81580
08.14.2002-03:00:00,08,14,2002,03,83664
08.14.2002-06:00:00,08,14,2002,06,83466
08.14.2002-09:00:00,08,14,2002,09,79959
08.14.2002-12:00:00,08,14,2002,12,75609
08.14.2002-15:00:00,08,14,2002,15,73611
08.14.2002-18:00:00,08,14,2002,18,74305
08.14.2002-21:00:00,08,14,2002,21,77162
08.15.2002-00:00:00,08,15,2002,00,80607
08.15.2002-03:00:00,08,15,2002,03,82749
08.15.2002-06:00:00,08,15,2002,06,82403
08.15.2002-09:00:00,08,15,2002,09,78136
08.15.2002-12:00:00,08,15,2002,12,72910
08.15.2002-15:00:00,08,15,2002,15,70404
08.15.2002-18:00:00,08,15,2002,18,71024
08.15.2002-21:00:00,08,15,2002,21,73959
08.16.2002-00:00:00,08,16,2002,00,77554
08.16.2002-03:00:00,08,16,2002,03,79869
08.16.2002-06:00:00,08,16,2002,06,79770
08.16.2002-09:00:00,08,16,2002,09,75717
08.16.2002-12:00:00,08,16,2002,12,70687
08.16.2002-15:00:00,08,16,2002,15,68290
08.16.2002-18:00:00,08,16,2002,18,68995
08.16.2002-21:00:00,08,16,2002,21,71983
08.17.2002-00:00:00,08,17,2002,00,75662
08.17.2002-03:00:00,08,17,2002,03,78474
08.17.2002-06:00:00,08,17,2002,06,78995
08.17.2002-09:00:00,08,17,2002,09,75356
08.17.2002-12:00:00,08,17,2002,12,70535
08.17.2002-15:00:00,08,17,2002,15,68226
08.17.2002-18:00:00,08,17,2002,18,68924
08.17.2002-21:00:00,08,17,2002,21,71747
08.18.2002-00:00:00,08,18,2002,00,75201
08.18.2002-03:00:00,08,18,2002,03,77623
08.18.2002-06:00:00,08,18,2002,06,77769
08.18.2002-09:00:00,08,18,2002,09,74079
08.18.2002-12:00:00,08,18,2002,12,69292
08.18.2002-15:00:00,08,18,2002,15,66964
08.18.2002-18:00:00,08,18,2002,18,67569
08.18.2002-21:00:00,08,18,2002,21,70260
08.19.2002-00:00:00,08,19,2002,00,73551
08.19.2002-03:00:00,08,19,2002,03,75925
08.19.2002-06:00:00,08,19,2002,06,76368
08.19.2002-09:00:00,08,19,2002,09,73858
08.19.2002-12:00:00,08,19,2002,12,70442
08.19.2002-15:00:00,08,19,2002,15,68805
08.19.2002-18:00:00,08,19,2002,18,69424
08.19.2002-21:00:00,08,19,2002,21,71770
08.20.2002-00:00:00,08,20,2002,00,74555
08.20.2002-03:00:00,08,20,2002,03,76308
08.20.2002-06:00:00,08,20,2002,06,76136
08.20.2002-09:00:00,08,20,2002,09,72912
08.20.2002-12:00:00,08,20,2002,12,68821
08.20.2002-15:00:00,08,20,2002,15,66793
08.20.2002-18:00:00,08,20,2002,18,67277
08.20.2002-21:00:00,08,20,2002,21,69629
08.21.2002-00:00:00,08,21,2002,00,72467
08.21.2002-03:00:00,08,21,2002,03,74311
08.21.2002-06:00:00,08,21,2002,06,74170
08.21.2002-09:00:00,08,21,2002,09,70880
08.21.2002-12:00:00,08,21,2002,12,66713
08.21.2002-15:00:00,08,21,2002,15,64639
08.21.2002-18:00:00,08,21,2002,18,65116
08.21.2002-21:00:00,08,21,2002,21,67493
08.22.2002-00:00:00,08,22,2002,00,70401
08.22.2002-03:00:00,08,22,2002,03,72327
08.22.2002-06:00:00,08,22,2002,06,72251
08.22.2002-09:00:00,08,22,2002,09,68937
08.22.2002-12:00:00,08,22,2002,12,64699
08.22.2002-15:00:00,08,22,2002,15,62600
08.22.2002-18:00:00,08,22,2002,18,63086
08.22.2002-21:00:00,08,22,2002,21,65518
08.23.2002-00:00:00,08,23,2002,00,68473
08.23.2002-03:00:00,08,23,2002,03,70470
08.23.2002-06:00:00,08,23,2002,06,70356
08.23.2002-09:00:00,08,23,2002,09,66862
08.23.2002-12:00:00,08,23,2002,12,62410
08.23.2002-15:00:00,08,23,2002,15,60150
08.23.2002-18:00:00,08,23,2002,18,60608
08.23.2002-21:00:00,08,23,2002,21,63052
08.24.2002-00:00:00,08,24,2002,00,66106
08.24.2002-03:00:00,08,24,2002,03,68320
08.24.2002-06:00:00,08,24,2002,06,68505
08.24.2002-09:00:00,08,24,2002,09,65353
08.24.2002-12:00:00,08,24,2002,12,61254
08.24.2002-15:00:00,08,24,2002,15,59193
08.24.2002-18:00:00,08,24,2002,18,59709
08.24.2002-21:00:00,08,24,2002,21,62100
08.25.2002-00:00:00,08,25,2002,00,66457
08.25.2002-03:00:00,08,25,2002,03,72200
08.25.2002-06:00:00,08,25,2002,06,76787
08.25.2002-09:00:00,08,25,2002,09,78736
08.25.2002-12:00:00,08,25,2002,12,77618
08.25.2002-15:00:00,08,25,2002,15,76615
08.25.2002-18:00:00,08,25,2002,18,78258
08.25.2002-21:00:00,08,25,2002,21,81720
08.26.2002-00:00:00,08,26,2002,00,83436
08.26.2002-03:00:00,08,26,2002,03,83605
08.26.2002-06:00:00,08,26,2002,06,81970
08.26.2002-09:00:00,08,26,2002,09,78247
08.26.2002-12:00:00,08,26,2002,12,73075
08.26.2002-15:00:00,08,26,2002,15,69500
08.26.2002-18:00:00,08,26,2002,18,68618
08.26.2002-21:00:00,08,26,2002,21,70211
08.27.2002-00:00:00,08,27,2002,00,71780
08.27.2002-03:00:00,08,27,2002,03,72355
08.27.2002-06:00:00,08,27,2002,06,71008
08.27.2002-09:00:00,08,27,2002,09,67375
08.27.2002-12:00:00,08,27,2002,12,62564
08.27.2002-15:00:00,08,27,2002,15,59704
08.27.2002-18:00:00,08,27,2002,18,59466
08.27.2002-21:00:00,08,27,2002,21,61187
08.28.2002-00:00:00,08,28,2002,00,63607
08.28.2002-03:00:00,08,28,2002,03,65373
08.28.2002-06:00:00,08,28,2002,06,65285
08.28.2002-09:00:00,08,28,2002,09,62189
08.28.2002-12:00:00,08,28,2002,12,58219
08.28.2002-15:00:00,08,28,2002,15,56112
08.28.2002-18:00:00,08,28,2002,18,56475
08.28.2002-21:00:00,08,28,2002,21,58625
08.29.2002-00:00:00,08,29,2002,00,61304
08.29.2002-03:00:00,08,29,2002,03,63307
08.29.2002-06:00:00,08,29,2002,06,63623
08.29.2002-09:00:00,08,29,2002,09,61418
08.29.2002-12:00:00,08,29,2002,12,58377
08.29.2002-15:00:00,08,29,2002,15,56800
08.29.2002-18:00:00,08,29,2002,18,57268
08.29.2002-21:00:00,08,29,2002,21,59253
08.30.2002-00:00:00,08,30,2002,00,61667
08.30.2002-03:00:00,08,30,2002,03,63337
08.30.2002-06:00:00,08,30,2002,06,63280
08.30.2002-09:00:00,08,30,2002,09,60846
08.30.2002-12:00:00,08,30,2002,12,57422
08.30.2002-15:00:00,08,30,2002,15,55584
08.30.2002-18:00:00,08,30,2002,18,55917
08.30.2002-21:00:00,08,30,2002,21,57879
08.31.2002-00:00:00,08,31,2002,00,60330
08.31.2002-03:00:00,08,31,2002,03,62201
08.31.2002-06:00:00,08,31,2002,06,62560
08.31.2002-09:00:00,08,31,2002,09,61010
08.31.2002-12:00:00,08,31,2002,12,58207
08.31.2002-15:00:00,08,31,2002,15,56567
08.31.2002-18:00:00,08,31,2002,18,56834
08.31.2002-21:00:00,08,31,2002,21,58529
09.01.2002-00:00:00,09,01,2002,00,60539
09.01.2002-03:00:00,09,01,2002,03,61962
09.01.2002-06:00:00,09,01,2002,06,62215
09.01.2002-09:00:00,09,01,2002,09,61157
09.01.2002-12:00:00,09,01,2002,12,59579
09.01.2002-15:00:00,09,01,2002,15,58590
09.01.2002-18:00:00,09,01,2002,18,58827
09.01.2002-21:00:00,09,01,2002,21,60055
09.02.2002-00:00:00,09,02,2002,00,61601
09.02.2002-03:00:00,09,02,2002,03,62696
09.02.2002-06:00:00,09,02,2002,06,62419
09.02.2002-09:00:00,09,02,2002,09,59935
09.02.2002-12:00:00,09,02,2002,12,56670
09.02.2002-15:00:00,09,02,2002,15,54933
09.02.2002-18:00:00,09,02,2002,18,55248
09.02.2002-21:00:00,09,02,2002,21,56934
09.03.2002-00:00:00,09,03,2002,00,58988
09.03.2002-03:00:00,09,03,2002,03,60539
09.03.2002-06:00:00,09,03,2002,06,60729
09.03.2002-09:00:00,09,03,2002,09,58763
09.03.2002-12:00:00,09,03,2002,12,56033
09.03.2002-15:00:00,09,03,2002,15,54644
09.03.2002-18:00:00,09,03,2002,18,55096
09.03.2002-21:00:00,09,03,2002,21,56787
09.04.2002-00:00:00,09,04,2002,00,58783
09.04.2002-03:00:00,09,04,2002,03,60321
09.04.2002-06:00:00,09,04,2002,06,60543
09.04.2002-09:00:00,09,04,2002,09,58358
09.04.2002-12:00:00,09,04,2002,12,55284
09.04.2002-15:00:00,09,04,2002,15,53679
09.04.2002-18:00:00,09,04,2002,18,54070
09.04.2002-21:00:00,09,04,2002,21,55744
09.05.2002-00:00:00,09,05,2002,00,57778
09.05.2002-03:00:00,09,05,2002,03,59428
09.05.2002-06:00:00,09,05,2002,06,59906
09.05.2002-09:00:00,09,05,2002,09,58221
09.05.2002-12:00:00,09,05,2002,12,55413
09.05.2002-15:00:00,09,05,2002,15,53848
09.05.2002-18:00:00,09,05,2002,18,54176
09.05.2002-21:00:00,09,05,2002,21,55740
09.06.2002-00:00:00,09,06,2002,00,57612
09.06.2002-03:00:00,09,06,2002,03,59152
09.06.2002-06:00:00,09,06,2002,06,59545
09.06.2002-09:00:00,09,06,2002,09,57711
09.06.2002-12:00:00,09,06,2002,12,54762
09.06.2002-15:00:00,09,06,2002,15,53092
09.06.2002-18:00:00,09,06,2002,18,53335
09.06.2002-21:00:00,09,06,2002,21,54806
09.07.2002-00:00:00,09,07,2002,00,56721
09.07.2002-03:00:00,09,07,2002,03,58432
09.07.2002-06:00:00,09,07,2002,06,60024
09.07.2002-09:00:00,09,07,2002,09,59874
09.07.2002-12:00:00,09,07,2002,12,58032
09.07.2002-15:00:00,09,07,2002,15,56663
09.07.2002-18:00:00,09,07,2002,18,56816
09.07.2002-21:00:00,09,07,2002,21,58346
09.08.2002-00:00:00,09,08,2002,00,59671
09.08.2002-03:00:00,09,08,2002,03,60504
09.08.2002-06:00:00,09,08,2002,06,60547
09.08.2002-09:00:00,09,08,2002,09,59057
09.08.2002-12:00:00,09,08,2002,12,56709
09.08.2002-15:00:00,09,08,2002,15,55229
09.08.2002-18:00:00,09,08,2002,18,55194
09.08.2002-21:00:00,09,08,2002,21,56124
09.09.2002-00:00:00,09,09,2002,00,57337
09.09.2002-03:00:00,09,09,2002,03,58281
09.09.2002-06:00:00,09,09,2002,06,57991
09.09.2002-09:00:00,09,09,2002,09,55558
09.09.2002-12:00:00,09,09,2002,12,52304
09.09.2002-15:00:00,09,09,2002,15,50442
09.09.2002-18:00:00,09,09,2002,18,50556
09.09.2002-21:00:00,09,09,2002,21,51974
09.10.2002-00:00:00,09,10,2002,00,53772
09.10.2002-03:00:00,09,10,2002,03,55264
09.10.2002-06:00:00,09,10,2002,06,55494
09.10.2002-09:00:00,09,10,2002,09,53373
09.10.2002-12:00:00,09,10,2002,12,50321
09.10.2002-15:00:00,09,10,2002,15,48595
09.10.2002-18:00:00,09,10,2002,18,48829
09.10.2002-21:00:00,09,10,2002,21,50363
09.11.2002-00:00:00,09,11,2002,00,52256
09.11.2002-03:00:00,09,11,2002,03,53816
09.11.2002-06:00:00,09,11,2002,06,54010
09.11.2002-09:00:00,09,11,2002,09,51928
09.11.2002-12:00:00,09,11,2002,12,48941
09.11.2002-15:00:00,09,11,2002,15,47249
09.11.2002-18:00:00,09,11,2002,18,47509
09.11.2002-21:00:00,09,11,2002,21,49043
09.12.2002-00:00:00,09,12,2002,00,50966
09.12.2002-03:00:00,09,12,2002,03,52589
09.12.2002-06:00:00,09,12,2002,06,52884
09.12.2002-09:00:00,09,12,2002,09,50916
09.12.2002-12:00:00,09,12,2002,12,48073
09.12.2002-15:00:00,09,12,2002,15,46464
09.12.2002-18:00:00,09,12,2002,18,46749
09.12.2002-21:00:00,09,12,2002,21,48257
09.13.2002-00:00:00,09,13,2002,00,50116
09.13.2002-03:00:00,09,13,2002,03,51657
09.13.2002-06:00:00,09,13,2002,06,51790
09.13.2002-09:00:00,09,13,2002,09,49756
09.13.2002-12:00:00,09,13,2002,12,46913
09.13.2002-15:00:00,09,13,2002,15,45294
09.13.2002-18:00:00,09,13,2002,18,45563
09.13.2002-21:00:00,09,13,2002,21,47073
09.14.2002-00:00:00,09,14,2002,00,48972
09.14.2002-03:00:00,09,14,2002,03,50624
09.14.2002-06:00:00,09,14,2002,06,51056
09.14.2002-09:00:00,09,14,2002,09,49290
09.14.2002-12:00:00,09,14,2002,12,46626
09.14.2002-15:00:00,09,14,2002,15,45117
09.14.2002-18:00:00,09,14,2002,18,45403
09.14.2002-21:00:00,09,14,2002,21,46864
09.15.2002-00:00:00,09,15,2002,00,48649
09.15.2002-03:00:00,09,15,2002,03,50196
09.15.2002-06:00:00,09,15,2002,06,50595
09.15.2002-09:00:00,09,15,2002,09,49192
09.15.2002-12:00:00,09,15,2002,12,46994
09.15.2002-15:00:00,09,15,2002,15,45733
09.15.2002-18:00:00,09,15,2002,18,46005
09.15.2002-21:00:00,09,15,2002,21,47304
09.16.2002-00:00:00,09,16,2002,00,48838
09.16.2002-03:00:00,09,16,2002,03,50172
09.16.2002-06:00:00,09,16,2002,06,50349
09.16.2002-09:00:00,09,16,2002,09,48940
09.16.2002-12:00:00,09,16,2002,12,46863
09.16.2002-15:00:00,09,16,2002,15,45644
09.16.2002-18:00:00,09,16,2002,18,45891
09.16.2002-21:00:00,09,16,2002,21,47107
09.17.2002-00:00:00,09,17,2002,00,48567
09.17.2002-03:00:00,09,17,2002,03,49834
09.17.2002-06:00:00,09,17,2002,06,50134
09.17.2002-09:00:00,09,17,2002,09,49044
09.17.2002-12:00:00,09,17,2002,12,47325
09.17.2002-15:00:00,09,17,2002,15,46340
09.17.2002-18:00:00,09,17,2002,18,46622
09.17.2002-21:00:00,09,17,2002,21,47704
09.18.2002-00:00:00,09,18,2002,00,48976
09.18.2002-03:00:00,09,18,2002,03,50038
09.18.2002-06:00:00,09,18,2002,06,50158
09.18.2002-09:00:00,09,18,2002,09,48650
09.18.2002-12:00:00,09,18,2002,12,46445
09.18.2002-15:00:00,09,18,2002,15,45201
09.18.2002-18:00:00,09,18,2002,18,45433
09.18.2002-21:00:00,09,18,2002,21,46594
09.19.2002-00:00:00,09,19,2002,00,47974
09.19.2002-03:00:00,09,19,2002,03,49182
09.19.2002-06:00:00,09,19,2002,06,49426
09.19.2002-09:00:00,09,19,2002,09,47792
09.19.2002-12:00:00,09,19,2002,12,45345
09.19.2002-15:00:00,09,19,2002,15,43922
09.19.2002-18:00:00,09,19,2002,18,44085
09.19.2002-21:00:00,09,19,2002,21,45283
09.20.2002-00:00:00,09,20,2002,00,46752
09.20.2002-03:00:00,09,20,2002,03,48037
09.20.2002-06:00:00,09,20,2002,06,48447
09.20.2002-09:00:00,09,20,2002,09,47021
09.20.2002-12:00:00,09,20,2002,12,44785
09.20.2002-15:00:00,09,20,2002,15,43504
09.20.2002-18:00:00,09,20,2002,18,43738
09.20.2002-21:00:00,09,20,2002,21,44943
09.21.2002-00:00:00,09,21,2002,00,46371
09.21.2002-03:00:00,09,21,2002,03,47630
09.21.2002-06:00:00,09,21,2002,06,48203
09.21.2002-09:00:00,09,21,2002,09,46899
09.21.2002-12:00:00,09,21,2002,12,44658
09.21.2002-15:00:00,09,21,2002,15,43336
09.21.2002-18:00:00,09,21,2002,18,43496
09.21.2002-21:00:00,09,21,2002,21,44617
09.22.2002-00:00:00,09,22,2002,00,45986
09.22.2002-03:00:00,09,22,2002,03,47185
09.22.2002-06:00:00,09,22,2002,06,47690
09.22.2002-09:00:00,09,22,2002,09,46267
09.22.2002-12:00:00,09,22,2002,12,43936
09.22.2002-15:00:00,09,22,2002,15,42518
09.22.2002-18:00:00,09,22,2002,18,42633
09.22.2002-21:00:00,09,22,2002,21,43726
09.23.2002-00:00:00,09,23,2002,00,45091
09.23.2002-03:00:00,09,23,2002,03,46306
09.23.2002-06:00:00,09,23,2002,06,46698
09.23.2002-09:00:00,09,23,2002,09,45256
09.23.2002-12:00:00,09,23,2002,12,42971
09.23.2002-15:00:00,09,23,2002,15,41596
09.23.2002-18:00:00,09,23,2002,18,41752
09.23.2002-21:00:00,09,23,2002,21,42852
09.24.2002-00:00:00,09,24,2002,00,44222
09.24.2002-03:00:00,09,24,2002,03,45419
09.24.2002-06:00:00,09,24,2002,06,45819
09.24.2002-09:00:00,09,24,2002,09,44841
09.24.2002-12:00:00,09,24,2002,12,43196
09.24.2002-15:00:00,09,24,2002,15,42218
09.24.2002-18:00:00,09,24,2002,18,42475
09.24.2002-21:00:00,09,24,2002,21,43457
09.25.2002-00:00:00,09,25,2002,00,44639
09.25.2002-03:00:00,09,25,2002,03,45638
09.25.2002-06:00:00,09,25,2002,06,45756
09.25.2002-09:00:00,09,25,2002,09,44213
09.25.2002-12:00:00,09,25,2002,12,41957
09.25.2002-15:00:00,09,25,2002,15,40600
09.25.2002-18:00:00,09,25,2002,18,40761
09.25.2002-21:00:00,09,25,2002,21,41842
09.26.2002-00:00:00,09,26,2002,00,43174
09.26.2002-03:00:00,09,26,2002,03,44324
09.26.2002-06:00:00,09,26,2002,06,44901
09.26.2002-09:00:00,09,26,2002,09,44398
09.26.2002-12:00:00,09,26,2002,12,43296
09.26.2002-15:00:00,09,26,2002,15,42636
09.26.2002-18:00:00,09,26,2002,18,42895
09.26.2002-21:00:00,09,26,2002,21,43665
09.27.2002-00:00:00,09,27,2002,00,44536
09.27.2002-03:00:00,09,27,2002,03,45242
09.27.2002-06:00:00,09,27,2002,06,45206
09.27.2002-09:00:00,09,27,2002,09,43768
09.27.2002-12:00:00,09,27,2002,12,41732
09.27.2002-15:00:00,09,27,2002,15,40526
09.27.2002-18:00:00,09,27,2002,18,40705
09.27.2002-21:00:00,09,27,2002,21,41699
09.28.2002-00:00:00,09,28,2002,00,42892
09.28.2002-03:00:00,09,28,2002,03,43915
09.28.2002-06:00:00,09,28,2002,06,44359
09.28.2002-09:00:00,09,28,2002,09,43268
09.28.2002-12:00:00,09,28,2002,12,41372
09.28.2002-15:00:00,09,28,2002,15,40224
09.28.2002-18:00:00,09,28,2002,18,40393
09.28.2002-21:00:00,09,28,2002,21,41341
09.29.2002-00:00:00,09,29,2002,00,42475
09.29.2002-03:00:00,09,29,2002,03,43434
09.29.2002-06:00:00,09,29,2002,06,43860
09.29.2002-09:00:00,09,29,2002,09,43375
09.29.2002-12:00:00,09,29,2002,12,42421
09.29.2002-15:00:00,09,29,2002,15,41827
09.29.2002-18:00:00,09,29,2002,18,42027
09.29.2002-21:00:00,09,29,2002,21,42667
09.30.2002-00:00:00,09,30,2002,00,43392
09.30.2002-03:00:00,09,30,2002,03,43990
09.30.2002-06:00:00,09,30,2002,06,44126
09.30.2002-09:00:00,09,30,2002,09,43378
09.30.2002-12:00:00,09,30,2002,12,42183
09.30.2002-15:00:00,09,30,2002,15,41517
09.30.2002-18:00:00,09,30,2002,18,41725
09.30.2002-21:00:00,09,30,2002,21,42397
