TIMESTAMP,MONTH,DAY,YEAR,HOUR,C
10.01.2001-00:00:00,10,01,2001,00,139.21
10.01.2001-03:00:00,10,01,2001,03,143.98
10.01.2001-06:00:00,10,01,2001,06,143.13
10.01.2001-09:00:00,10,01,2001,09,109.93
10.01.2001-12:00:00,10,01,2001,12,111.28
10.01.2001-15:00:00,10,01,2001,15,118.44
10.01.2001-18:00:00,10,01,2001,18,129.18
10.01.2001-21:00:00,10,01,2001,21,130.93
10.02.2001-00:00:00,10,02,2001,00,136.67
10.02.2001-03:00:00,10,02,2001,03,142.98
10.02.2001-06:00:00,10,02,2001,06,140.76
10.02.2001-09:00:00,10,02,2001,09,110.24
10.02.2001-12:00:00,10,02,2001,12,110.87
10.02.2001-15:00:00,10,02,2001,15,117.85
10.02.2001-18:00:00,10,02,2001,18,128.1
10.02.2001-21:00:00,10,02,2001,21,130.59
10.03.2001-00:00:00,10,03,2001,00,135.25
10.03.2001-03:00:00,10,03,2001,03,141.56
10.03.2001-06:00:00,10,03,2001,06,143.8
10.03.2001-09:00:00,10,03,2001,09,110.64
10.03.2001-12:00:00,10,03,2001,12,110.45
10.03.2001-15:00:00,10,03,2001,15,117.81
10.03.2001-18:00:00,10,03,2001,18,127.35
10.03.2001-21:00:00,10,03,2001,21,128.9
10.04.2001-00:00:00,10,04,2001,00,134
10.04.2001-03:00:00,10,04,2001,03,140.74
10.04.2001-06:00:00,10,04,2001,06,143.15
10.04.2001-09:00:00,10,04,2001,09,111.17
10.04.2001-12:00:00,10,04,2001,12,110.86
10.04.2001-15:00:00,10,04,2001,15,118.35
10.04.2001-18:00:00,10,04,2001,18,126.89
10.04.2001-21:00:00,10,04,2001,21,129.54
10.05.2001-00:00:00,10,05,2001,00,134.25
10.05.2001-03:00:00,10,05,2001,03,141.71
10.05.2001-06:00:00,10,05,2001,06,139.96
10.05.2001-09:00:00,10,05,2001,09,117.2
10.05.2001-12:00:00,10,05,2001,12,105.75
10.05.2001-15:00:00,10,05,2001,15,119.22
10.05.2001-18:00:00,10,05,2001,18,126.38
10.05.2001-21:00:00,10,05,2001,21,130.67
10.06.2001-00:00:00,10,06,2001,00,136.97
10.06.2001-03:00:00,10,06,2001,03,141.96
10.06.2001-06:00:00,10,06,2001,06,139.75
10.06.2001-09:00:00,10,06,2001,09,118.71
10.06.2001-12:00:00,10,06,2001,12,107.95
10.06.2001-15:00:00,10,06,2001,15,120.88
10.06.2001-18:00:00,10,06,2001,18,127.38
10.06.2001-21:00:00,10,06,2001,21,132.37
10.07.2001-00:00:00,10,07,2001,00,139.78
10.07.2001-03:00:00,10,07,2001,03,137.67
10.07.2001-06:00:00,10,07,2001,06,142.31
10.07.2001-09:00:00,10,07,2001,09,116.06
10.07.2001-12:00:00,10,07,2001,12,117.04
10.07.2001-15:00:00,10,07,2001,15,122.35
10.07.2001-18:00:00,10,07,2001,18,129.66
10.07.2001-21:00:00,10,07,2001,21,132.59
10.08.2001-00:00:00,10,08,2001,00,139.11
10.08.2001-03:00:00,10,08,2001,03,138.06
10.08.2001-06:00:00,10,08,2001,06,142.54
10.08.2001-09:00:00,10,08,2001,09,142.49
10.08.2001-12:00:00,10,08,2001,12,124.87
10.08.2001-15:00:00,10,08,2001,15,127.37
10.08.2001-18:00:00,10,08,2001,18,134.48
10.08.2001-21:00:00,10,08,2001,21,135.21
10.09.2001-00:00:00,10,09,2001,00,140.81
10.09.2001-03:00:00,10,09,2001,03,138.36
10.09.2001-06:00:00,10,09,2001,06,141.64
10.09.2001-09:00:00,10,09,2001,09,133.16
10.09.2001-12:00:00,10,09,2001,12,120.08
10.09.2001-15:00:00,10,09,2001,15,123.58
10.09.2001-18:00:00,10,09,2001,18,131.04
10.09.2001-21:00:00,10,09,2001,21,132.03
10.10.2001-00:00:00,10,10,2001,00,138.66
10.10.2001-03:00:00,10,10,2001,03,136.88
10.10.2001-06:00:00,10,10,2001,06,140.8
10.10.2001-09:00:00,10,10,2001,09,187.49
10.10.2001-12:00:00,10,10,2001,12,193.78
10.10.2001-15:00:00,10,10,2001,15,150.83
10.10.2001-18:00:00,10,10,2001,18,149.6
10.10.2001-21:00:00,10,10,2001,21,139.44
10.11.2001-00:00:00,10,11,2001,00,142.58
10.11.2001-03:00:00,10,11,2001,03,138.33
10.11.2001-06:00:00,10,11,2001,06,142.11
10.11.2001-09:00:00,10,11,2001,09,157.65
10.11.2001-12:00:00,10,11,2001,12,215.86
10.11.2001-15:00:00,10,11,2001,15,158.94
10.11.2001-18:00:00,10,11,2001,18,160.26
10.11.2001-21:00:00,10,11,2001,21,144.39
10.12.2001-00:00:00,10,12,2001,00,144.57
10.12.2001-03:00:00,10,12,2001,03,139.77
10.12.2001-06:00:00,10,12,2001,06,142.93
10.12.2001-09:00:00,10,12,2001,09,147.06
10.12.2001-12:00:00,10,12,2001,12,219.35
10.12.2001-15:00:00,10,12,2001,15,177.56
10.12.2001-18:00:00,10,12,2001,18,163.08
10.12.2001-21:00:00,10,12,2001,21,147.97
10.13.2001-00:00:00,10,13,2001,00,145.98
10.13.2001-03:00:00,10,13,2001,03,141.85
10.13.2001-06:00:00,10,13,2001,06,146
10.13.2001-09:00:00,10,13,2001,09,273.1
10.13.2001-12:00:00,10,13,2001,12,306.86
10.13.2001-15:00:00,10,13,2001,15,237.73
10.13.2001-18:00:00,10,13,2001,18,197.87
10.13.2001-21:00:00,10,13,2001,21,160.73
10.14.2001-00:00:00,10,14,2001,00,150.04
10.14.2001-03:00:00,10,14,2001,03,144.4
10.14.2001-06:00:00,10,14,2001,06,145.82
10.14.2001-09:00:00,10,14,2001,09,165.09
10.14.2001-12:00:00,10,14,2001,12,140.56
10.14.2001-15:00:00,10,14,2001,15,142.22
10.14.2001-18:00:00,10,14,2001,18,139.55
10.14.2001-21:00:00,10,14,2001,21,138.27
10.15.2001-00:00:00,10,15,2001,00,142.16
10.15.2001-03:00:00,10,15,2001,03,139.86
10.15.2001-06:00:00,10,15,2001,06,143.33
10.15.2001-09:00:00,10,15,2001,09,143.21
10.15.2001-12:00:00,10,15,2001,12,129.74
10.15.2001-15:00:00,10,15,2001,15,131.98
10.15.2001-18:00:00,10,15,2001,18,135.22
10.15.2001-21:00:00,10,15,2001,21,135.62
10.16.2001-00:00:00,10,16,2001,00,139.94
10.16.2001-03:00:00,10,16,2001,03,138.09
10.16.2001-06:00:00,10,16,2001,06,142.1
10.16.2001-09:00:00,10,16,2001,09,127.01
10.16.2001-12:00:00,10,16,2001,12,120.39
10.16.2001-15:00:00,10,16,2001,15,123.05
10.16.2001-18:00:00,10,16,2001,18,126.4
10.16.2001-21:00:00,10,16,2001,21,132.16
10.17.2001-00:00:00,10,17,2001,00,136.46
10.17.2001-03:00:00,10,17,2001,03,135.15
10.17.2001-06:00:00,10,17,2001,06,138.75
10.17.2001-09:00:00,10,17,2001,09,128.07
10.17.2001-12:00:00,10,17,2001,12,129.65
10.17.2001-15:00:00,10,17,2001,15,125.68
10.17.2001-18:00:00,10,17,2001,18,133.12
10.17.2001-21:00:00,10,17,2001,21,137.23
10.18.2001-00:00:00,10,18,2001,00,136.66
10.18.2001-03:00:00,10,18,2001,03,139.1
10.18.2001-06:00:00,10,18,2001,06,136.35
10.18.2001-09:00:00,10,18,2001,09,126.29
10.18.2001-12:00:00,10,18,2001,12,111.33
10.18.2001-15:00:00,10,18,2001,15,120.11
10.18.2001-18:00:00,10,18,2001,18,125.76
10.18.2001-21:00:00,10,18,2001,21,132.39
10.19.2001-00:00:00,10,19,2001,00,131.14
10.19.2001-03:00:00,10,19,2001,03,135.35
10.19.2001-06:00:00,10,19,2001,06,133.11
10.19.2001-09:00:00,10,19,2001,09,133.52
10.19.2001-12:00:00,10,19,2001,12,114.42
10.19.2001-15:00:00,10,19,2001,15,127.4
10.19.2001-18:00:00,10,19,2001,18,123.76
10.19.2001-21:00:00,10,19,2001,21,132.24
10.20.2001-00:00:00,10,20,2001,00,130.6
10.20.2001-03:00:00,10,20,2001,03,134.62
10.20.2001-06:00:00,10,20,2001,06,132.22
10.20.2001-09:00:00,10,20,2001,09,129.95
10.20.2001-12:00:00,10,20,2001,12,114.81
10.20.2001-15:00:00,10,20,2001,15,127.65
10.20.2001-18:00:00,10,20,2001,18,123.57
10.20.2001-21:00:00,10,20,2001,21,131.85
10.21.2001-00:00:00,10,21,2001,00,129.66
10.21.2001-03:00:00,10,21,2001,03,134.16
10.21.2001-06:00:00,10,21,2001,06,131.32
10.21.2001-09:00:00,10,21,2001,09,175.62
10.21.2001-12:00:00,10,21,2001,12,137.73
10.21.2001-15:00:00,10,21,2001,15,143.31
10.21.2001-18:00:00,10,21,2001,18,132.91
10.21.2001-21:00:00,10,21,2001,21,136.3
10.22.2001-00:00:00,10,22,2001,00,133.19
10.22.2001-03:00:00,10,22,2001,03,135.4
10.22.2001-06:00:00,10,22,2001,06,132.2
10.22.2001-09:00:00,10,22,2001,09,135.09
10.22.2001-12:00:00,10,22,2001,12,130.54
10.22.2001-15:00:00,10,22,2001,15,134.6
10.22.2001-18:00:00,10,22,2001,18,132.04
10.22.2001-21:00:00,10,22,2001,21,134.72
10.23.2001-00:00:00,10,23,2001,00,131.8
10.23.2001-03:00:00,10,23,2001,03,134.72
10.23.2001-06:00:00,10,23,2001,06,131.63
10.23.2001-09:00:00,10,23,2001,09,130.78
10.23.2001-12:00:00,10,23,2001,12,176.72
10.23.2001-15:00:00,10,23,2001,15,138.53
10.23.2001-18:00:00,10,23,2001,18,136.61
10.23.2001-21:00:00,10,23,2001,21,135.78
10.24.2001-00:00:00,10,24,2001,00,131.81
10.24.2001-03:00:00,10,24,2001,03,134.48
10.24.2001-06:00:00,10,24,2001,06,131.47
10.24.2001-09:00:00,10,24,2001,09,130.71
10.24.2001-12:00:00,10,24,2001,12,124.24
10.24.2001-15:00:00,10,24,2001,15,130.97
10.24.2001-18:00:00,10,24,2001,18,129.47
10.24.2001-21:00:00,10,24,2001,21,132.99
10.25.2001-00:00:00,10,25,2001,00,130.09
10.25.2001-03:00:00,10,25,2001,03,133.23
10.25.2001-06:00:00,10,25,2001,06,130.06
10.25.2001-09:00:00,10,25,2001,09,132.16
10.25.2001-12:00:00,10,25,2001,12,128.59
10.25.2001-15:00:00,10,25,2001,15,132.93
10.25.2001-18:00:00,10,25,2001,18,129.86
10.25.2001-21:00:00,10,25,2001,21,132.81
10.26.2001-00:00:00,10,26,2001,00,129.62
10.26.2001-03:00:00,10,26,2001,03,132.56
10.26.2001-06:00:00,10,26,2001,06,129.35
10.26.2001-09:00:00,10,26,2001,09,131.25
10.26.2001-12:00:00,10,26,2001,12,127.47
10.26.2001-15:00:00,10,26,2001,15,131.41
10.26.2001-18:00:00,10,26,2001,18,129.78
10.26.2001-21:00:00,10,26,2001,21,132.08
10.27.2001-00:00:00,10,27,2001,00,128.85
10.27.2001-03:00:00,10,27,2001,03,132.06
10.27.2001-06:00:00,10,27,2001,06,128.62
10.27.2001-09:00:00,10,27,2001,09,125.83
10.27.2001-12:00:00,10,27,2001,12,119.72
10.27.2001-15:00:00,10,27,2001,15,126.17
10.27.2001-18:00:00,10,27,2001,18,126.29
10.27.2001-21:00:00,10,27,2001,21,129.52
10.28.2001-00:00:00,10,28,2001,00,126.84
10.28.2001-03:00:00,10,28,2001,03,130.19
10.28.2001-06:00:00,10,28,2001,06,127.2
10.28.2001-09:00:00,10,28,2001,09,129.21
10.28.2001-12:00:00,10,28,2001,12,121.3
10.28.2001-15:00:00,10,28,2001,15,127.36
10.28.2001-18:00:00,10,28,2001,18,126.31
10.28.2001-21:00:00,10,28,2001,21,129.75
10.29.2001-00:00:00,10,29,2001,00,126.28
10.29.2001-03:00:00,10,29,2001,03,129.29
10.29.2001-06:00:00,10,29,2001,06,126.24
10.29.2001-09:00:00,10,29,2001,09,129.32
10.29.2001-12:00:00,10,29,2001,12,123.4
10.29.2001-15:00:00,10,29,2001,15,128.24
10.29.2001-18:00:00,10,29,2001,18,125.75
10.29.2001-21:00:00,10,29,2001,21,128.86
10.30.2001-00:00:00,10,30,2001,00,125.75
10.30.2001-03:00:00,10,30,2001,03,128.87
10.30.2001-06:00:00,10,30,2001,06,125.55
10.30.2001-09:00:00,10,30,2001,09,128.61
10.30.2001-12:00:00,10,30,2001,12,125.51
10.30.2001-15:00:00,10,30,2001,15,128.63
10.30.2001-18:00:00,10,30,2001,18,125.36
10.30.2001-21:00:00,10,30,2001,21,128.45
10.31.2001-00:00:00,10,31,2001,00,125.73
10.31.2001-03:00:00,10,31,2001,03,128.26
10.31.2001-06:00:00,10,31,2001,06,125.11
10.31.2001-09:00:00,10,31,2001,09,127.54
10.31.2001-12:00:00,10,31,2001,12,123.05
10.31.2001-15:00:00,10,31,2001,15,127.24
10.31.2001-18:00:00,10,31,2001,18,124.56
10.31.2001-21:00:00,10,31,2001,21,127.75
11.01.2001-00:00:00,11,01,2001,00,124.43
11.01.2001-03:00:00,11,01,2001,03,127.57
11.01.2001-06:00:00,11,01,2001,06,124.2
11.01.2001-09:00:00,11,01,2001,09,125.81
11.01.2001-12:00:00,11,01,2001,12,119.25
11.01.2001-15:00:00,11,01,2001,15,125.37
11.01.2001-18:00:00,11,01,2001,18,123.48
11.01.2001-21:00:00,11,01,2001,21,126.5
11.02.2001-00:00:00,11,02,2001,00,123.31
11.02.2001-03:00:00,11,02,2001,03,126.52
11.02.2001-06:00:00,11,02,2001,06,123.16
11.02.2001-09:00:00,11,02,2001,09,120.93
11.02.2001-12:00:00,11,02,2001,12,115.81
11.02.2001-15:00:00,11,02,2001,15,122.15
11.02.2001-18:00:00,11,02,2001,18,120.39
11.02.2001-21:00:00,11,02,2001,21,125.49
11.03.2001-00:00:00,11,03,2001,00,122.12
11.03.2001-03:00:00,11,03,2001,03,125.33
11.03.2001-06:00:00,11,03,2001,06,122.11
11.03.2001-09:00:00,11,03,2001,09,121.02
11.03.2001-12:00:00,11,03,2001,12,115.87
11.03.2001-15:00:00,11,03,2001,15,121.98
11.03.2001-18:00:00,11,03,2001,18,121.21
11.03.2001-21:00:00,11,03,2001,21,124.71
11.04.2001-00:00:00,11,04,2001,00,121.25
11.04.2001-03:00:00,11,04,2001,03,124.49
11.04.2001-06:00:00,11,04,2001,06,121.01
11.04.2001-09:00:00,11,04,2001,09,119.22
11.04.2001-12:00:00,11,04,2001,12,114.39
11.04.2001-15:00:00,11,04,2001,15,120.46
11.04.2001-18:00:00,11,04,2001,18,118.49
11.04.2001-21:00:00,11,04,2001,21,123.59
11.05.2001-00:00:00,11,05,2001,00,120.27
11.05.2001-03:00:00,11,05,2001,03,123.57
11.05.2001-06:00:00,11,05,2001,06,120.28
11.05.2001-09:00:00,11,05,2001,09,119.23
11.05.2001-12:00:00,11,05,2001,12,114.19
11.05.2001-15:00:00,11,05,2001,15,120.3
11.05.2001-18:00:00,11,05,2001,18,119.18
11.05.2001-21:00:00,11,05,2001,21,122.89
11.06.2001-00:00:00,11,06,2001,00,119.41
11.06.2001-03:00:00,11,06,2001,03,122.75
11.06.2001-06:00:00,11,06,2001,06,119.2
11.06.2001-09:00:00,11,06,2001,09,122.54
11.06.2001-12:00:00,11,06,2001,12,115.35
11.06.2001-15:00:00,11,06,2001,15,121.23
11.06.2001-18:00:00,11,06,2001,18,118.6
11.06.2001-21:00:00,11,06,2001,21,122.61
11.07.2001-00:00:00,11,07,2001,00,118.89
11.07.2001-03:00:00,11,07,2001,03,122.05
11.07.2001-06:00:00,11,07,2001,06,118.48
11.07.2001-09:00:00,11,07,2001,09,121.87
11.07.2001-12:00:00,11,07,2001,12,118.26
11.07.2001-15:00:00,11,07,2001,15,121.66
11.07.2001-18:00:00,11,07,2001,18,118.26
11.07.2001-21:00:00,11,07,2001,21,121.45
11.08.2001-00:00:00,11,08,2001,00,118.4
11.08.2001-03:00:00,11,08,2001,03,121.25
11.08.2001-06:00:00,11,08,2001,06,117.55
11.08.2001-09:00:00,11,08,2001,09,121.19
11.08.2001-12:00:00,11,08,2001,12,115.27
11.08.2001-15:00:00,11,08,2001,15,120.78
11.08.2001-18:00:00,11,08,2001,18,117.32
11.08.2001-21:00:00,11,08,2001,21,121.02
11.09.2001-00:00:00,11,09,2001,00,117.12
11.09.2001-03:00:00,11,09,2001,03,120.57
11.09.2001-06:00:00,11,09,2001,06,116.87
11.09.2001-09:00:00,11,09,2001,09,120.34
11.09.2001-12:00:00,11,09,2001,12,112.91
11.09.2001-15:00:00,11,09,2001,15,118.49
11.09.2001-18:00:00,11,09,2001,18,116.28
11.09.2001-21:00:00,11,09,2001,21,119.76
11.10.2001-00:00:00,11,10,2001,00,116.03
11.10.2001-03:00:00,11,10,2001,03,119.75
11.10.2001-06:00:00,11,10,2001,06,116.04
11.10.2001-09:00:00,11,10,2001,09,119.62
11.10.2001-12:00:00,11,10,2001,12,112.68
11.10.2001-15:00:00,11,10,2001,15,118.41
11.10.2001-18:00:00,11,10,2001,18,115.53
11.10.2001-21:00:00,11,10,2001,21,119.12
11.11.2001-00:00:00,11,11,2001,00,115.21
11.11.2001-03:00:00,11,11,2001,03,119.12
11.11.2001-06:00:00,11,11,2001,06,114.99
11.11.2001-09:00:00,11,11,2001,09,118.67
11.11.2001-12:00:00,11,11,2001,12,111.18
11.11.2001-15:00:00,11,11,2001,15,116.8
11.11.2001-18:00:00,11,11,2001,18,114.43
11.11.2001-21:00:00,11,11,2001,21,118.25
11.12.2001-00:00:00,11,12,2001,00,114.33
11.12.2001-03:00:00,11,12,2001,03,118.08
11.12.2001-06:00:00,11,12,2001,06,114.15
11.12.2001-09:00:00,11,12,2001,09,117.92
11.12.2001-12:00:00,11,12,2001,12,113.71
11.12.2001-15:00:00,11,12,2001,15,118.59
11.12.2001-18:00:00,11,12,2001,18,113.88
11.12.2001-21:00:00,11,12,2001,21,117.85
11.13.2001-00:00:00,11,13,2001,00,113.65
11.13.2001-03:00:00,11,13,2001,03,117.53
11.13.2001-06:00:00,11,13,2001,06,113.58
11.13.2001-09:00:00,11,13,2001,09,117.24
11.13.2001-12:00:00,11,13,2001,12,113.13
11.13.2001-15:00:00,11,13,2001,15,117.02
11.13.2001-18:00:00,11,13,2001,18,113.18
11.13.2001-21:00:00,11,13,2001,21,116.89
11.14.2001-00:00:00,11,14,2001,00,113.07
11.14.2001-03:00:00,11,14,2001,03,117.4
11.14.2001-06:00:00,11,14,2001,06,112.76
11.14.2001-09:00:00,11,14,2001,09,116.07
11.14.2001-12:00:00,11,14,2001,12,130.86
11.14.2001-15:00:00,11,14,2001,15,172.33
11.14.2001-18:00:00,11,14,2001,18,160.45
11.14.2001-21:00:00,11,14,2001,21,153.3
11.15.2001-00:00:00,11,15,2001,00,118.4
11.15.2001-03:00:00,11,15,2001,03,120.29
11.15.2001-06:00:00,11,15,2001,06,115.89
11.15.2001-09:00:00,11,15,2001,09,117.51
11.15.2001-12:00:00,11,15,2001,12,112.71
11.15.2001-15:00:00,11,15,2001,15,118.08
11.15.2001-18:00:00,11,15,2001,18,115.29
11.15.2001-21:00:00,11,15,2001,21,119.27
11.16.2001-00:00:00,11,16,2001,00,115.24
11.16.2001-03:00:00,11,16,2001,03,119.04
11.16.2001-06:00:00,11,16,2001,06,115.07
11.16.2001-09:00:00,11,16,2001,09,117.62
11.16.2001-12:00:00,11,16,2001,12,111.82
11.16.2001-15:00:00,11,16,2001,15,117.5
11.16.2001-18:00:00,11,16,2001,18,114.15
11.16.2001-21:00:00,11,16,2001,21,118.02
11.17.2001-00:00:00,11,17,2001,00,113.94
11.17.2001-03:00:00,11,17,2001,03,118.1
11.17.2001-06:00:00,11,17,2001,06,113.95
11.17.2001-09:00:00,11,17,2001,09,115.89
11.17.2001-12:00:00,11,17,2001,12,109.98
11.17.2001-15:00:00,11,17,2001,15,115.37
11.17.2001-18:00:00,11,17,2001,18,112.82
11.17.2001-21:00:00,11,17,2001,21,116.99
11.18.2001-00:00:00,11,18,2001,00,112.81
11.18.2001-03:00:00,11,18,2001,03,116.77
11.18.2001-06:00:00,11,18,2001,06,112.63
11.18.2001-09:00:00,11,18,2001,09,116.56
11.18.2001-12:00:00,11,18,2001,12,112.34
11.18.2001-15:00:00,11,18,2001,15,116.27
11.18.2001-18:00:00,11,18,2001,18,112.26
11.18.2001-21:00:00,11,18,2001,21,116.24
11.19.2001-00:00:00,11,19,2001,00,112.04
11.19.2001-03:00:00,11,19,2001,03,116.01
11.19.2001-06:00:00,11,19,2001,06,111.77
11.19.2001-09:00:00,11,19,2001,09,115.97
11.19.2001-12:00:00,11,19,2001,12,111.5
11.19.2001-15:00:00,11,19,2001,15,115.47
11.19.2001-18:00:00,11,19,2001,18,111.42
11.19.2001-21:00:00,11,19,2001,21,115.21
11.20.2001-00:00:00,11,20,2001,00,110.91
11.20.2001-03:00:00,11,20,2001,03,114.92
11.20.2001-06:00:00,11,20,2001,06,110.82
11.20.2001-09:00:00,11,20,2001,09,114.89
11.20.2001-12:00:00,11,20,2001,12,110.62
11.20.2001-15:00:00,11,20,2001,15,114.67
11.20.2001-18:00:00,11,20,2001,18,110.35
11.20.2001-21:00:00,11,20,2001,21,114.41
11.21.2001-00:00:00,11,21,2001,00,110.07
11.21.2001-03:00:00,11,21,2001,03,114.14
11.21.2001-06:00:00,11,21,2001,06,110.38
11.21.2001-09:00:00,11,21,2001,09,113.91
11.21.2001-12:00:00,11,21,2001,12,109.24
11.21.2001-15:00:00,11,21,2001,15,114.14
11.21.2001-18:00:00,11,21,2001,18,109.28
11.21.2001-21:00:00,11,21,2001,21,113.63
11.22.2001-00:00:00,11,22,2001,00,109.05
11.22.2001-03:00:00,11,22,2001,03,113.19
11.22.2001-06:00:00,11,22,2001,06,108.79
11.22.2001-09:00:00,11,22,2001,09,112.94
11.22.2001-12:00:00,11,22,2001,12,108.53
11.22.2001-15:00:00,11,22,2001,15,112.72
11.22.2001-18:00:00,11,22,2001,18,108.31
11.22.2001-21:00:00,11,22,2001,21,112.5
11.23.2001-00:00:00,11,23,2001,00,108.07
11.23.2001-03:00:00,11,23,2001,03,112.29
11.23.2001-06:00:00,11,23,2001,06,107.85
11.23.2001-09:00:00,11,23,2001,09,112.09
11.23.2001-12:00:00,11,23,2001,12,107.62
11.23.2001-15:00:00,11,23,2001,15,112.69
11.23.2001-18:00:00,11,23,2001,18,107.45
11.23.2001-21:00:00,11,23,2001,21,111.65
11.24.2001-00:00:00,11,24,2001,00,107.17
11.24.2001-03:00:00,11,24,2001,03,111.44
11.24.2001-06:00:00,11,24,2001,06,106.95
11.24.2001-09:00:00,11,24,2001,09,111.47
11.24.2001-12:00:00,11,24,2001,12,106.75
11.24.2001-15:00:00,11,24,2001,15,111.03
11.24.2001-18:00:00,11,24,2001,18,106.51
11.24.2001-21:00:00,11,24,2001,21,110.83
11.25.2001-00:00:00,11,25,2001,00,106.29
11.25.2001-03:00:00,11,25,2001,03,110.62
11.25.2001-06:00:00,11,25,2001,06,106.1
11.25.2001-09:00:00,11,25,2001,09,108.32
11.25.2001-12:00:00,11,25,2001,12,109.86
11.25.2001-15:00:00,11,25,2001,15,106.07
11.25.2001-18:00:00,11,25,2001,18,110.05
11.25.2001-21:00:00,11,25,2001,21,105.64
11.26.2001-00:00:00,11,26,2001,00,107.76
11.26.2001-03:00:00,11,26,2001,03,109.36
11.26.2001-06:00:00,11,26,2001,06,105.53
11.26.2001-09:00:00,11,26,2001,09,109.56
11.26.2001-12:00:00,11,26,2001,12,105.2
11.26.2001-15:00:00,11,26,2001,15,107.17
11.26.2001-18:00:00,11,26,2001,18,108.87
11.26.2001-21:00:00,11,26,2001,21,104.99
11.27.2001-00:00:00,11,27,2001,00,109.3
11.27.2001-03:00:00,11,27,2001,03,104.78
11.27.2001-06:00:00,11,27,2001,06,106.58
11.27.2001-09:00:00,11,27,2001,09,108.39
11.27.2001-12:00:00,11,27,2001,12,104.47
11.27.2001-15:00:00,11,27,2001,15,106.45
11.27.2001-18:00:00,11,27,2001,18,108.11
11.27.2001-21:00:00,11,27,2001,21,104.21
11.28.2001-00:00:00,11,28,2001,00,106.12
11.28.2001-03:00:00,11,28,2001,03,107.83
11.28.2001-06:00:00,11,28,2001,06,103.95
11.28.2001-09:00:00,11,28,2001,09,105.77
11.28.2001-12:00:00,11,28,2001,12,107.54
11.28.2001-15:00:00,11,28,2001,15,103.69
11.28.2001-18:00:00,11,28,2001,18,105.42
11.28.2001-21:00:00,11,28,2001,21,107.25
11.29.2001-00:00:00,11,29,2001,00,103.43
11.29.2001-03:00:00,11,29,2001,03,105.07
11.29.2001-06:00:00,11,29,2001,06,106.96
11.29.2001-09:00:00,11,29,2001,09,103.18
11.29.2001-12:00:00,11,29,2001,12,105.32
11.29.2001-15:00:00,11,29,2001,15,106.72
11.29.2001-18:00:00,11,29,2001,18,103.16
11.29.2001-21:00:00,11,29,2001,21,104.39
11.30.2001-00:00:00,11,30,2001,00,107.22
11.30.2001-03:00:00,11,30,2001,03,102.74
11.30.2001-06:00:00,11,30,2001,06,104.03
11.30.2001-09:00:00,11,30,2001,09,106.12
11.30.2001-12:00:00,11,30,2001,12,102.43
11.30.2001-15:00:00,11,30,2001,15,103.68
11.30.2001-18:00:00,11,30,2001,18,105.83
11.30.2001-21:00:00,11,30,2001,21,102.18
12.01.2001-00:00:00,12,01,2001,00,103.34
12.01.2001-03:00:00,12,01,2001,03,105.55
12.01.2001-06:00:00,12,01,2001,06,101.93
12.01.2001-09:00:00,12,01,2001,09,103
12.01.2001-12:00:00,12,01,2001,12,105.27
12.01.2001-15:00:00,12,01,2001,15,101.68
12.01.2001-18:00:00,12,01,2001,18,102.65
12.01.2001-21:00:00,12,01,2001,21,104.99
12.02.2001-00:00:00,12,02,2001,00,101.43
12.02.2001-03:00:00,12,02,2001,03,102.31
12.02.2001-06:00:00,12,02,2001,06,104.71
12.02.2001-09:00:00,12,02,2001,09,101.18
12.02.2001-12:00:00,12,02,2001,12,101.97
12.02.2001-15:00:00,12,02,2001,15,104.67
12.02.2001-18:00:00,12,02,2001,18,100.96
12.02.2001-21:00:00,12,02,2001,21,101.64
12.03.2001-00:00:00,12,03,2001,00,104.17
12.03.2001-03:00:00,12,03,2001,03,100.69
12.03.2001-06:00:00,12,03,2001,06,101.29
12.03.2001-09:00:00,12,03,2001,09,103.89
12.03.2001-12:00:00,12,03,2001,12,100.45
12.03.2001-15:00:00,12,03,2001,15,100.95
12.03.2001-18:00:00,12,03,2001,18,103.61
12.03.2001-21:00:00,12,03,2001,21,100.21
12.04.2001-00:00:00,12,04,2001,00,100.61
12.04.2001-03:00:00,12,04,2001,03,103.34
12.04.2001-06:00:00,12,04,2001,06,99.964
12.04.2001-09:00:00,12,04,2001,09,100.28
12.04.2001-12:00:00,12,04,2001,12,103.07
12.04.2001-15:00:00,12,04,2001,15,99.72
12.04.2001-18:00:00,12,04,2001,18,99.941
12.04.2001-21:00:00,12,04,2001,21,102.8
12.05.2001-00:00:00,12,05,2001,00,99.48
12.05.2001-03:00:00,12,05,2001,03,99.604
12.05.2001-06:00:00,12,05,2001,06,102.52
12.05.2001-09:00:00,12,05,2001,09,99.237
12.05.2001-12:00:00,12,05,2001,12,99.269
12.05.2001-15:00:00,12,05,2001,15,102.25
12.05.2001-18:00:00,12,05,2001,18,98.998
12.05.2001-21:00:00,12,05,2001,21,99.166
12.06.2001-00:00:00,12,06,2001,00,102
12.06.2001-03:00:00,12,06,2001,03,98.761
12.06.2001-06:00:00,12,06,2001,06,98.61
12.06.2001-09:00:00,12,06,2001,09,101.72
12.06.2001-12:00:00,12,06,2001,12,98.524
12.06.2001-15:00:00,12,06,2001,15,98.278
12.06.2001-18:00:00,12,06,2001,18,101.45
12.06.2001-21:00:00,12,06,2001,21,98.287
12.07.2001-00:00:00,12,07,2001,00,97.994
12.07.2001-03:00:00,12,07,2001,03,98.77
12.07.2001-06:00:00,12,07,2001,06,101.16
12.07.2001-09:00:00,12,07,2001,09,97.658
12.07.2001-12:00:00,12,07,2001,12,97.345
12.07.2001-15:00:00,12,07,2001,15,98.075
12.07.2001-18:00:00,12,07,2001,18,101.07
12.07.2001-21:00:00,12,07,2001,21,97.366
12.08.2001-00:00:00,12,08,2001,00,97.859
12.08.2001-03:00:00,12,08,2001,03,97.669
12.08.2001-06:00:00,12,08,2001,06,100.13
12.08.2001-09:00:00,12,08,2001,09,97.015
12.08.2001-12:00:00,12,08,2001,12,96.729
12.08.2001-15:00:00,12,08,2001,15,97.13
12.08.2001-18:00:00,12,08,2001,18,100.09
12.08.2001-21:00:00,12,08,2001,21,97.045
12.09.2001-00:00:00,12,09,2001,00,96.456
12.09.2001-03:00:00,12,09,2001,03,96.67
12.09.2001-06:00:00,12,09,2001,06,99.447
12.09.2001-09:00:00,12,09,2001,09,96.429
12.09.2001-12:00:00,12,09,2001,12,96.155
12.09.2001-15:00:00,12,09,2001,15,96.221
12.09.2001-18:00:00,12,09,2001,18,99.123
12.09.2001-21:00:00,12,09,2001,21,96.15
12.10.2001-00:00:00,12,10,2001,00,95.88
12.10.2001-03:00:00,12,10,2001,03,95.817
12.10.2001-06:00:00,12,10,2001,06,96.322
12.10.2001-09:00:00,12,10,2001,09,98.768
12.10.2001-12:00:00,12,10,2001,12,95.806
12.10.2001-15:00:00,12,10,2001,15,95.535
12.10.2001-18:00:00,12,10,2001,18,95.471
12.10.2001-21:00:00,12,10,2001,21,96.024
12.11.2001-00:00:00,12,11,2001,00,98.703
12.11.2001-03:00:00,12,11,2001,03,95.797
12.11.2001-06:00:00,12,11,2001,06,95.216
12.11.2001-09:00:00,12,11,2001,09,95.129
12.11.2001-12:00:00,12,11,2001,12,94.982
12.11.2001-15:00:00,12,11,2001,15,97.741
12.11.2001-18:00:00,12,11,2001,18,95.095
12.11.2001-21:00:00,12,11,2001,21,94.632
12.12.2001-00:00:00,12,12,2001,00,94.764
12.12.2001-03:00:00,12,12,2001,03,94.503
12.12.2001-06:00:00,12,12,2001,06,94.722
12.12.2001-09:00:00,12,12,2001,09,97.506
12.12.2001-12:00:00,12,12,2001,12,94.489
12.12.2001-15:00:00,12,12,2001,15,94.426
12.12.2001-18:00:00,12,12,2001,18,94.165
12.12.2001-21:00:00,12,12,2001,21,94.301
12.13.2001-00:00:00,12,13,2001,00,94.868
12.13.2001-03:00:00,12,13,2001,03,94.794
12.13.2001-06:00:00,12,13,2001,06,96.813
12.13.2001-09:00:00,12,13,2001,09,94.012
12.13.2001-12:00:00,12,13,2001,12,93.965
12.13.2001-15:00:00,12,13,2001,15,93.919
12.13.2001-18:00:00,12,13,2001,18,93.957
12.13.2001-21:00:00,12,13,2001,21,93.588
12.14.2001-00:00:00,12,14,2001,00,93.714
12.14.2001-03:00:00,12,14,2001,03,93.575
12.14.2001-06:00:00,12,14,2001,06,96.168
12.14.2001-09:00:00,12,14,2001,09,94.001
12.14.2001-12:00:00,12,14,2001,12,93.259
12.14.2001-15:00:00,12,14,2001,15,93.369
12.14.2001-18:00:00,12,14,2001,18,93.107
12.14.2001-21:00:00,12,14,2001,21,93.028
12.15.2001-00:00:00,12,15,2001,00,93.174
12.15.2001-03:00:00,12,15,2001,03,92.913
12.15.2001-06:00:00,12,15,2001,06,93.046
12.15.2001-09:00:00,12,15,2001,09,92.785
12.15.2001-12:00:00,12,15,2001,12,92.919
12.15.2001-15:00:00,12,15,2001,15,92.752
12.15.2001-18:00:00,12,15,2001,18,95.27
12.15.2001-21:00:00,12,15,2001,21,92.88
12.16.2001-00:00:00,12,16,2001,00,92.434
12.16.2001-03:00:00,12,16,2001,03,92.351
12.16.2001-06:00:00,12,16,2001,06,93.092
12.16.2001-09:00:00,12,16,2001,09,92.591
12.16.2001-12:00:00,12,16,2001,12,92.391
12.16.2001-15:00:00,12,16,2001,15,92.105
12.16.2001-18:00:00,12,16,2001,18,92.024
12.16.2001-21:00:00,12,16,2001,21,92.172
12.17.2001-00:00:00,12,17,2001,00,91.908
12.17.2001-03:00:00,12,17,2001,03,92.039
12.17.2001-06:00:00,12,17,2001,06,91.775
12.17.2001-09:00:00,12,17,2001,09,91.693
12.17.2001-12:00:00,12,17,2001,12,91.837
12.17.2001-15:00:00,12,17,2001,15,91.574
12.17.2001-18:00:00,12,17,2001,18,91.492
12.17.2001-21:00:00,12,17,2001,21,91.635
12.18.2001-00:00:00,12,18,2001,00,91.599
12.18.2001-03:00:00,12,18,2001,03,91.308
12.18.2001-06:00:00,12,18,2001,06,91.224
12.18.2001-09:00:00,12,18,2001,09,91.37
12.18.2001-12:00:00,12,18,2001,12,91.106
12.18.2001-15:00:00,12,18,2001,15,91.238
12.18.2001-18:00:00,12,18,2001,18,90.978
12.18.2001-21:00:00,12,18,2001,21,90.898
12.19.2001-00:00:00,12,19,2001,00,91.044
12.19.2001-03:00:00,12,19,2001,03,90.786
12.19.2001-06:00:00,12,19,2001,06,90.917
12.19.2001-09:00:00,12,19,2001,09,90.968
12.19.2001-12:00:00,12,19,2001,12,90.91
12.19.2001-15:00:00,12,19,2001,15,90.744
12.19.2001-18:00:00,12,19,2001,18,90.46
12.19.2001-21:00:00,12,19,2001,21,90.381
12.20.2001-00:00:00,12,20,2001,00,90.527
12.20.2001-03:00:00,12,20,2001,03,90.264
12.20.2001-06:00:00,12,20,2001,06,90.183
12.20.2001-09:00:00,12,20,2001,09,90.328
12.20.2001-12:00:00,12,20,2001,12,90.066
12.20.2001-15:00:00,12,20,2001,15,89.984
12.20.2001-18:00:00,12,20,2001,18,90.128
12.20.2001-21:00:00,12,20,2001,21,89.866
12.21.2001-00:00:00,12,21,2001,00,89.784
12.21.2001-03:00:00,12,21,2001,03,89.717
12.21.2001-06:00:00,12,21,2001,06,89.86
12.21.2001-09:00:00,12,21,2001,09,89.6
12.21.2001-12:00:00,12,21,2001,12,89.729
12.21.2001-15:00:00,12,21,2001,15,89.466
12.21.2001-18:00:00,12,21,2001,18,89.384
12.21.2001-21:00:00,12,21,2001,21,89.54
12.22.2001-00:00:00,12,22,2001,00,89.726
12.22.2001-03:00:00,12,22,2001,03,89.457
12.22.2001-06:00:00,12,22,2001,06,89.274
12.22.2001-09:00:00,12,22,2001,09,88.996
12.22.2001-12:00:00,12,22,2001,12,88.91
12.22.2001-15:00:00,12,22,2001,15,88.838
12.22.2001-18:00:00,12,22,2001,18,88.987
12.22.2001-21:00:00,12,22,2001,21,88.721
12.23.2001-00:00:00,12,23,2001,00,88.636
12.23.2001-03:00:00,12,23,2001,03,88.784
12.23.2001-06:00:00,12,23,2001,06,88.52
12.23.2001-09:00:00,12,23,2001,09,89.255
12.23.2001-12:00:00,12,23,2001,12,88.64
12.23.2001-15:00:00,12,23,2001,15,88.32
12.23.2001-18:00:00,12,23,2001,18,88.033
12.23.2001-21:00:00,12,23,2001,21,88.151
12.24.2001-00:00:00,12,24,2001,00,88.11
12.24.2001-03:00:00,12,24,2001,03,88.032
12.24.2001-06:00:00,12,24,2001,06,87.763
12.24.2001-09:00:00,12,24,2001,09,88.09
12.24.2001-12:00:00,12,24,2001,12,87.641
12.24.2001-15:00:00,12,24,2001,15,87.742
12.24.2001-18:00:00,12,24,2001,18,87.489
12.24.2001-21:00:00,12,24,2001,21,87.617
12.25.2001-00:00:00,12,25,2001,00,87.55
12.25.2001-03:00:00,12,25,2001,03,87.874
12.25.2001-06:00:00,12,25,2001,06,87.469
12.25.2001-09:00:00,12,25,2001,09,87.363
12.25.2001-12:00:00,12,25,2001,12,87.277
12.25.2001-15:00:00,12,25,2001,15,87.011
12.25.2001-18:00:00,12,25,2001,18,86.928
12.25.2001-21:00:00,12,25,2001,21,87.072
12.26.2001-00:00:00,12,26,2001,00,86.807
12.26.2001-03:00:00,12,26,2001,03,87.538
12.26.2001-06:00:00,12,26,2001,06,87.234
12.26.2001-09:00:00,12,26,2001,09,86.624
12.26.2001-12:00:00,12,26,2001,12,86.517
12.26.2001-15:00:00,12,26,2001,15,86.253
12.26.2001-18:00:00,12,26,2001,18,86.381
12.26.2001-21:00:00,12,26,2001,21,86.112
12.27.2001-00:00:00,12,27,2001,00,86.027
12.27.2001-03:00:00,12,27,2001,03,86.171
12.27.2001-06:00:00,12,27,2001,06,85.911
12.27.2001-09:00:00,12,27,2001,09,85.828
12.27.2001-12:00:00,12,27,2001,12,85.76
12.27.2001-15:00:00,12,27,2001,15,85.902
12.27.2001-18:00:00,12,27,2001,18,85.515
12.27.2001-21:00:00,12,27,2001,21,85.549
12.28.2001-00:00:00,12,28,2001,00,85.576
12.28.2001-03:00:00,12,28,2001,03,85.305
12.28.2001-06:00:00,12,28,2001,06,85.346
12.28.2001-09:00:00,12,28,2001,09,85.473
12.28.2001-12:00:00,12,28,2001,12,85.319
12.28.2001-15:00:00,12,28,2001,15,85.035
12.28.2001-18:00:00,12,28,2001,18,84.952
12.28.2001-21:00:00,12,28,2001,21,84.884
12.29.2001-00:00:00,12,29,2001,00,85.339
12.29.2001-03:00:00,12,29,2001,03,84.788
12.29.2001-06:00:00,12,29,2001,06,84.684
12.29.2001-09:00:00,12,29,2001,09,84.404
12.29.2001-12:00:00,12,29,2001,12,84.743
12.29.2001-15:00:00,12,29,2001,15,84.285
12.29.2001-18:00:00,12,29,2001,18,84.398
12.29.2001-21:00:00,12,29,2001,21,84.136
12.30.2001-00:00:00,12,30,2001,00,84.054
12.30.2001-03:00:00,12,30,2001,03,84.404
12.30.2001-06:00:00,12,30,2001,06,83.95
12.30.2001-09:00:00,12,30,2001,09,83.853
12.30.2001-12:00:00,12,30,2001,12,84.215
12.30.2001-15:00:00,12,30,2001,15,84.061
12.30.2001-18:00:00,12,30,2001,18,84.089
12.30.2001-21:00:00,12,30,2001,21,83.618
12.31.2001-00:00:00,12,31,2001,00,83.521
12.31.2001-03:00:00,12,31,2001,03,83.663
12.31.2001-06:00:00,12,31,2001,06,83.401
12.31.2001-09:00:00,12,31,2001,09,83.319
12.31.2001-12:00:00,12,31,2001,12,83.251
12.31.2001-15:00:00,12,31,2001,15,83.183
12.31.2001-18:00:00,12,31,2001,18,83.635
12.31.2001-21:00:00,12,31,2001,21,83.085
01.01.2002-00:00:00,01,01,2002,00,82.983
01.01.2002-03:00:00,01,01,2002,03,83.125
01.01.2002-06:00:00,01,01,2002,06,82.863
01.01.2002-09:00:00,01,01,2002,09,82.78
01.01.2002-12:00:00,01,01,2002,12,82.712
01.01.2002-15:00:00,01,01,2002,15,82.644
01.01.2002-18:00:00,01,01,2002,18,82.659
01.01.2002-21:00:00,01,01,2002,21,82.515
01.02.2002-00:00:00,01,02,2002,00,82.315
01.02.2002-03:00:00,01,02,2002,03,82.238
01.02.2002-06:00:00,01,02,2002,06,83.325
01.02.2002-09:00:00,01,02,2002,09,82.415
01.02.2002-12:00:00,01,02,2002,12,82.061
01.02.2002-15:00:00,01,02,2002,15,81.976
01.02.2002-18:00:00,01,02,2002,18,81.908
01.02.2002-21:00:00,01,02,2002,21,82.051
01.03.2002-00:00:00,01,03,2002,00,81.789
01.03.2002-03:00:00,01,03,2002,03,81.707
01.03.2002-06:00:00,01,03,2002,06,81.639
01.03.2002-09:00:00,01,03,2002,09,82.159
01.03.2002-12:00:00,01,03,2002,12,81.856
01.03.2002-15:00:00,01,03,2002,15,81.981
01.03.2002-18:00:00,01,03,2002,18,81.409
01.03.2002-21:00:00,01,03,2002,21,81.305
01.04.2002-00:00:00,01,04,2002,00,81.446
01.04.2002-03:00:00,01,04,2002,03,81.184
01.04.2002-06:00:00,01,04,2002,06,81.102
01.04.2002-09:00:00,01,04,2002,09,81.034
01.04.2002-12:00:00,01,04,2002,12,80.966
01.04.2002-15:00:00,01,04,2002,15,80.898
01.04.2002-18:00:00,01,04,2002,18,81.04
01.04.2002-21:00:00,01,04,2002,21,80.778
01.05.2002-00:00:00,01,05,2002,00,80.696
01.05.2002-03:00:00,01,05,2002,03,80.628
01.05.2002-06:00:00,01,05,2002,06,80.56
01.05.2002-09:00:00,01,05,2002,09,80.492
01.05.2002-12:00:00,01,05,2002,12,80.634
01.05.2002-15:00:00,01,05,2002,15,80.372
01.05.2002-18:00:00,01,05,2002,18,80.29
01.05.2002-21:00:00,01,05,2002,21,80.222
01.06.2002-00:00:00,01,06,2002,00,80.366
01.06.2002-03:00:00,01,06,2002,03,80.104
01.06.2002-06:00:00,01,06,2002,06,80.022
01.06.2002-09:00:00,01,06,2002,09,79.954
01.06.2002-12:00:00,01,06,2002,12,79.886
01.06.2002-15:00:00,01,06,2002,15,79.818
01.06.2002-18:00:00,01,06,2002,18,79.96
01.06.2002-21:00:00,01,06,2002,21,79.699
01.07.2002-00:00:00,01,07,2002,00,79.616
01.07.2002-03:00:00,01,07,2002,03,79.548
01.07.2002-06:00:00,01,07,2002,06,79.48
01.07.2002-09:00:00,01,07,2002,09,79.625
01.07.2002-12:00:00,01,07,2002,12,79.364
01.07.2002-15:00:00,01,07,2002,15,79.506
01.07.2002-18:00:00,01,07,2002,18,79.232
01.07.2002-21:00:00,01,07,2002,21,79.149
01.08.2002-00:00:00,01,08,2002,00,79.29
01.08.2002-03:00:00,01,08,2002,03,79.029
01.08.2002-06:00:00,01,08,2002,06,78.947
01.08.2002-09:00:00,01,08,2002,09,78.878
01.08.2002-12:00:00,01,08,2002,12,78.811
01.08.2002-15:00:00,01,08,2002,15,79.052
01.08.2002-18:00:00,01,08,2002,18,78.224
01.08.2002-21:00:00,01,08,2002,21,78.791
01.09.2002-00:00:00,01,09,2002,00,78.089
01.09.2002-03:00:00,01,09,2002,03,78.759
01.09.2002-06:00:00,01,09,2002,06,77.967
01.09.2002-09:00:00,01,09,2002,09,78.529
01.09.2002-12:00:00,01,09,2002,12,77.831
01.09.2002-15:00:00,01,09,2002,15,78.188
01.09.2002-18:00:00,01,09,2002,18,77.686
01.09.2002-21:00:00,01,09,2002,21,78.057
01.10.2002-00:00:00,01,10,2002,00,77.558
01.10.2002-03:00:00,01,10,2002,03,77.926
01.10.2002-06:00:00,01,10,2002,06,77.638
01.10.2002-09:00:00,01,10,2002,09,77.813
01.10.2002-12:00:00,01,10,2002,12,77.303
01.10.2002-15:00:00,01,10,2002,15,77.667
01.10.2002-18:00:00,01,10,2002,18,77.383
01.10.2002-21:00:00,01,10,2002,21,77.551
01.11.2002-00:00:00,01,11,2002,00,77.046
01.11.2002-03:00:00,01,11,2002,03,77.406
01.11.2002-06:00:00,01,11,2002,06,77.227
01.11.2002-09:00:00,01,11,2002,09,77.154
01.11.2002-12:00:00,01,11,2002,12,77.232
01.11.2002-15:00:00,01,11,2002,15,76.935
01.11.2002-18:00:00,01,11,2002,18,76.647
01.11.2002-21:00:00,01,11,2002,21,77.827
01.12.2002-00:00:00,01,12,2002,00,76.592
01.12.2002-03:00:00,01,12,2002,03,76.441
01.12.2002-06:00:00,01,12,2002,06,76.822
01.12.2002-09:00:00,01,12,2002,09,76.343
01.12.2002-12:00:00,01,12,2002,12,76.248
01.12.2002-15:00:00,01,12,2002,15,76.394
01.12.2002-18:00:00,01,12,2002,18,76.579
01.12.2002-21:00:00,01,12,2002,21,76.088
01.13.2002-00:00:00,01,13,2002,00,75.994
01.13.2002-03:00:00,01,13,2002,03,76.519
01.13.2002-06:00:00,01,13,2002,06,76.56
01.13.2002-09:00:00,01,13,2002,09,76.077
01.13.2002-12:00:00,01,13,2002,12,75.761
01.13.2002-15:00:00,01,13,2002,15,75.682
01.13.2002-18:00:00,01,13,2002,18,75.619
01.13.2002-21:00:00,01,13,2002,21,75.557
01.14.2002-00:00:00,01,14,2002,00,75.927
01.14.2002-03:00:00,01,14,2002,03,75.667
01.14.2002-06:00:00,01,14,2002,06,75.38
01.14.2002-09:00:00,01,14,2002,09,75.302
01.14.2002-12:00:00,01,14,2002,12,75.547
01.14.2002-15:00:00,01,14,2002,15,75.198
01.14.2002-18:00:00,01,14,2002,18,75.114
01.14.2002-21:00:00,01,14,2002,21,75.05
01.15.2002-00:00:00,01,15,2002,00,74.988
01.15.2002-03:00:00,01,15,2002,03,75.133
01.15.2002-06:00:00,01,15,2002,06,74.877
01.15.2002-09:00:00,01,15,2002,09,74.802
01.15.2002-12:00:00,01,15,2002,12,74.739
01.15.2002-15:00:00,01,15,2002,15,74.676
01.15.2002-18:00:00,01,15,2002,18,74.614
01.15.2002-21:00:00,01,15,2002,21,74.759
01.16.2002-00:00:00,01,16,2002,00,74.504
01.16.2002-03:00:00,01,16,2002,03,74.426
01.16.2002-06:00:00,01,16,2002,06,74.363
01.16.2002-09:00:00,01,16,2002,09,74.3
01.16.2002-12:00:00,01,16,2002,12,74.237
01.16.2002-15:00:00,01,16,2002,15,74.174
01.16.2002-18:00:00,01,16,2002,18,74.112
01.16.2002-21:00:00,01,16,2002,21,74.257
01.17.2002-00:00:00,01,17,2002,00,74.001
01.17.2002-03:00:00,01,17,2002,03,73.924
01.17.2002-06:00:00,01,17,2002,06,73.863
01.17.2002-09:00:00,01,17,2002,09,74.612
01.17.2002-12:00:00,01,17,2002,12,74.02
01.17.2002-15:00:00,01,17,2002,15,73.905
01.17.2002-18:00:00,01,17,2002,18,73.94
01.17.2002-21:00:00,01,17,2002,21,73.884
01.18.2002-00:00:00,01,18,2002,00,73.514
01.18.2002-03:00:00,01,18,2002,03,73.43
01.18.2002-06:00:00,01,18,2002,06,73.366
01.18.2002-09:00:00,01,18,2002,09,73.304
01.18.2002-12:00:00,01,18,2002,12,73.241
01.18.2002-15:00:00,01,18,2002,15,73.179
01.18.2002-18:00:00,01,18,2002,18,73.324
01.18.2002-21:00:00,01,18,2002,21,73.069
01.19.2002-00:00:00,01,19,2002,00,72.992
01.19.2002-03:00:00,01,19,2002,03,72.929
01.19.2002-06:00:00,01,19,2002,06,72.866
01.19.2002-09:00:00,01,19,2002,09,73.015
01.19.2002-12:00:00,01,19,2002,12,72.76
01.19.2002-15:00:00,01,19,2002,15,72.683
01.19.2002-18:00:00,01,19,2002,18,72.62
01.19.2002-21:00:00,01,19,2002,21,72.558
01.20.2002-00:00:00,01,20,2002,00,72.496
01.20.2002-03:00:00,01,20,2002,03,72.433
01.20.2002-06:00:00,01,20,2002,06,72.371
01.20.2002-09:00:00,01,20,2002,09,72.308
01.20.2002-12:00:00,01,20,2002,12,72.246
01.20.2002-15:00:00,01,20,2002,15,72.392
01.20.2002-18:00:00,01,20,2002,18,72.137
01.20.2002-21:00:00,01,20,2002,21,72.062
01.21.2002-00:00:00,01,21,2002,00,72
01.21.2002-03:00:00,01,21,2002,03,71.939
01.21.2002-06:00:00,01,21,2002,06,71.878
01.21.2002-09:00:00,01,21,2002,09,71.818
01.21.2002-12:00:00,01,21,2002,12,71.967
01.21.2002-15:00:00,01,21,2002,15,71.937
01.21.2002-18:00:00,01,21,2002,18,71.657
01.21.2002-21:00:00,01,21,2002,21,71.58
01.22.2002-00:00:00,01,22,2002,00,71.519
01.22.2002-03:00:00,01,22,2002,03,71.459
01.22.2002-06:00:00,01,22,2002,06,71.398
01.22.2002-09:00:00,01,22,2002,09,71.337
01.22.2002-12:00:00,01,22,2002,12,71.276
01.22.2002-15:00:00,01,22,2002,15,71.424
01.22.2002-18:00:00,01,22,2002,18,71.171
01.22.2002-21:00:00,01,22,2002,21,71.096
01.23.2002-00:00:00,01,23,2002,00,71.342
01.23.2002-03:00:00,01,23,2002,03,71.304
01.23.2002-06:00:00,01,23,2002,06,71.52
01.23.2002-09:00:00,01,23,2002,09,70.896
01.23.2002-12:00:00,01,23,2002,12,70.794
01.23.2002-15:00:00,01,23,2002,15,70.733
01.23.2002-18:00:00,01,23,2002,18,70.884
01.23.2002-21:00:00,01,23,2002,21,70.631
01.24.2002-00:00:00,01,24,2002,00,70.556
01.24.2002-03:00:00,01,24,2002,03,70.495
01.24.2002-06:00:00,01,24,2002,06,70.435
01.24.2002-09:00:00,01,24,2002,09,70.375
01.24.2002-12:00:00,01,24,2002,12,70.315
01.24.2002-15:00:00,01,24,2002,15,70.255
01.24.2002-18:00:00,01,24,2002,18,70.71
01.24.2002-21:00:00,01,24,2002,21,70.479
01.25.2002-00:00:00,01,25,2002,00,70.098
01.25.2002-03:00:00,01,25,2002,03,70.016
01.25.2002-06:00:00,01,25,2002,06,69.956
01.25.2002-09:00:00,01,25,2002,09,69.896
01.25.2002-12:00:00,01,25,2002,12,69.836
01.25.2002-15:00:00,01,25,2002,15,69.776
01.25.2002-18:00:00,01,25,2002,18,69.716
01.25.2002-21:00:00,01,25,2002,21,69.656
01.26.2002-00:00:00,01,26,2002,00,69.597
01.26.2002-03:00:00,01,26,2002,03,69.537
01.26.2002-06:00:00,01,26,2002,06,69.685
01.26.2002-09:00:00,01,26,2002,09,69.433
01.26.2002-12:00:00,01,26,2002,12,69.359
01.26.2002-15:00:00,01,26,2002,15,70.107
01.26.2002-18:00:00,01,26,2002,18,69.521
01.26.2002-21:00:00,01,26,2002,21,69.2
01.27.2002-00:00:00,01,27,2002,00,69.124
01.27.2002-03:00:00,01,27,2002,03,69.065
01.27.2002-06:00:00,01,27,2002,06,69.006
01.27.2002-09:00:00,01,27,2002,09,68.947
01.27.2002-12:00:00,01,27,2002,12,68.887
01.27.2002-15:00:00,01,27,2002,15,69.038
01.27.2002-18:00:00,01,27,2002,18,68.787
01.27.2002-21:00:00,01,27,2002,21,68.714
01.28.2002-00:00:00,01,28,2002,00,68.654
01.28.2002-03:00:00,01,28,2002,03,68.595
01.28.2002-06:00:00,01,28,2002,06,68.536
01.28.2002-09:00:00,01,28,2002,09,68.477
01.28.2002-12:00:00,01,28,2002,12,68.419
01.28.2002-15:00:00,01,28,2002,15,68.568
01.28.2002-18:00:00,01,28,2002,18,68.316
01.28.2002-21:00:00,01,28,2002,21,68.244
01.29.2002-00:00:00,01,29,2002,00,68.185
01.29.2002-03:00:00,01,29,2002,03,68.126
01.29.2002-06:00:00,01,29,2002,06,68.374
01.29.2002-09:00:00,01,29,2002,09,68.031
01.29.2002-12:00:00,01,29,2002,12,67.952
01.29.2002-15:00:00,01,29,2002,15,68.199
01.29.2002-18:00:00,01,29,2002,18,67.857
01.29.2002-21:00:00,01,29,2002,21,67.777
01.30.2002-00:00:00,01,30,2002,00,67.719
01.30.2002-03:00:00,01,30,2002,03,67.661
01.30.2002-06:00:00,01,30,2002,06,67.81
01.30.2002-09:00:00,01,30,2002,09,67.782
01.30.2002-12:00:00,01,30,2002,12,67.505
01.30.2002-15:00:00,01,30,2002,15,67.432
01.30.2002-18:00:00,01,30,2002,18,67.374
01.30.2002-21:00:00,01,30,2002,21,67.316
01.31.2002-00:00:00,01,31,2002,00,67.259
01.31.2002-03:00:00,01,31,2002,03,67.202
01.31.2002-06:00:00,01,31,2002,06,67.144
01.31.2002-09:00:00,01,31,2002,09,67.087
01.31.2002-12:00:00,01,31,2002,12,67.03
01.31.2002-15:00:00,01,31,2002,15,66.972
01.31.2002-18:00:00,01,31,2002,18,67.125
01.31.2002-21:00:00,01,31,2002,21,66.876
02.01.2002-00:00:00,02,01,2002,00,66.804
02.01.2002-03:00:00,02,01,2002,03,66.747
02.01.2002-06:00:00,02,01,2002,06,66.69
02.01.2002-09:00:00,02,01,2002,09,66.633
02.01.2002-12:00:00,02,01,2002,12,66.882
02.01.2002-15:00:00,02,01,2002,15,66.541
02.01.2002-18:00:00,02,01,2002,18,66.464
02.01.2002-21:00:00,02,01,2002,21,66.614
02.02.2002-00:00:00,02,02,2002,00,66.366
02.02.2002-03:00:00,02,02,2002,03,66.295
02.02.2002-06:00:00,02,02,2002,06,67.043
02.02.2002-09:00:00,02,02,2002,09,66.24
02.02.2002-12:00:00,02,02,2002,12,66.128
02.02.2002-15:00:00,02,02,2002,15,66.071
02.02.2002-18:00:00,02,02,2002,18,66.596
02.02.2002-21:00:00,02,02,2002,21,66.001
02.03.2002-00:00:00,02,03,2002,00,65.905
02.03.2002-03:00:00,02,03,2002,03,65.848
02.03.2002-06:00:00,02,03,2002,06,65.251
02.03.2002-09:00:00,02,03,2002,09,65.699
02.03.2002-12:00:00,02,03,2002,12,65.141
02.03.2002-15:00:00,02,03,2002,15,65.589
02.03.2002-18:00:00,02,03,2002,18,65.237
02.03.2002-21:00:00,02,03,2002,21,65.494
02.04.2002-00:00:00,02,04,2002,00,64.921
02.04.2002-03:00:00,02,04,2002,03,65.371
02.04.2002-06:00:00,02,04,2002,06,65.354
02.04.2002-09:00:00,02,04,2002,09,65.299
02.04.2002-12:00:00,02,04,2002,12,65.243
02.04.2002-15:00:00,02,04,2002,15,64.648
02.04.2002-18:00:00,02,04,2002,18,64.555
02.04.2002-21:00:00,02,04,2002,21,65.248
02.05.2002-00:00:00,02,05,2002,00,64.805
02.05.2002-03:00:00,02,05,2002,03,65.261
02.05.2002-06:00:00,02,05,2002,06,64.398
02.05.2002-09:00:00,02,05,2002,09,64.826
02.05.2002-12:00:00,02,05,2002,12,64.268
02.05.2002-15:00:00,02,05,2002,15,64.717
02.05.2002-18:00:00,02,05,2002,18,64.16
02.05.2002-21:00:00,02,05,2002,21,64.608
02.06.2002-00:00:00,02,06,2002,00,64.052
02.06.2002-03:00:00,02,06,2002,03,64.501
02.06.2002-06:00:00,02,06,2002,06,63.944
02.06.2002-09:00:00,02,06,2002,09,63.853
02.06.2002-12:00:00,02,06,2002,12,64.561
02.06.2002-15:00:00,02,06,2002,15,63.801
02.06.2002-18:00:00,02,06,2002,18,64.235
02.06.2002-21:00:00,02,06,2002,21,63.885
02.07.2002-00:00:00,02,07,2002,00,64.143
02.07.2002-03:00:00,02,07,2002,03,63.573
02.07.2002-06:00:00,02,07,2002,06,64.022
02.07.2002-09:00:00,02,07,2002,09,63.466
02.07.2002-12:00:00,02,07,2002,12,63.916
02.07.2002-15:00:00,02,07,2002,15,63.36
02.07.2002-18:00:00,02,07,2002,18,63.811
02.07.2002-21:00:00,02,07,2002,21,63.796
02.08.2002-00:00:00,02,08,2002,00,64.048
02.08.2002-03:00:00,02,08,2002,03,63.682
02.08.2002-06:00:00,02,08,2002,06,63.635
02.08.2002-09:00:00,02,08,2002,09,63.044
02.08.2002-12:00:00,02,08,2002,12,63.493
02.08.2002-15:00:00,02,08,2002,15,62.938
02.08.2002-18:00:00,02,08,2002,18,63.388
02.08.2002-21:00:00,02,08,2002,21,62.833
02.09.2002-00:00:00,02,09,2002,00,63.281
02.09.2002-03:00:00,02,09,2002,03,62.726
02.09.2002-06:00:00,02,09,2002,06,62.635
02.09.2002-09:00:00,02,09,2002,09,63.121
02.09.2002-12:00:00,02,09,2002,12,62.565
02.09.2002-15:00:00,02,09,2002,15,63.014
02.09.2002-18:00:00,02,09,2002,18,63.04
02.09.2002-21:00:00,02,09,2002,21,62.948
02.10.2002-00:00:00,02,10,2002,00,62.352
02.10.2002-03:00:00,02,10,2002,03,62.8
02.10.2002-06:00:00,02,10,2002,06,62.451
02.10.2002-09:00:00,02,10,2002,09,62.169
02.10.2002-12:00:00,02,10,2002,12,62.86
02.10.2002-15:00:00,02,10,2002,15,62.102
02.10.2002-18:00:00,02,10,2002,18,62.536
02.10.2002-21:00:00,02,10,2002,21,61.98
02.11.2002-00:00:00,02,11,2002,00,62.43
02.11.2002-03:00:00,02,11,2002,03,61.875
02.11.2002-06:00:00,02,11,2002,06,62.324
02.11.2002-09:00:00,02,11,2002,09,61.77
02.11.2002-12:00:00,02,11,2002,12,61.679
02.11.2002-15:00:00,02,11,2002,15,62.166
02.11.2002-18:00:00,02,11,2002,18,61.613
02.11.2002-21:00:00,02,11,2002,21,62.063
02.12.2002-00:00:00,02,12,2002,00,62.256
02.12.2002-03:00:00,02,12,2002,03,62.013
02.12.2002-06:00:00,02,12,2002,06,61.945
02.12.2002-09:00:00,02,12,2002,09,61.354
02.12.2002-12:00:00,02,12,2002,12,61.263
02.12.2002-15:00:00,02,12,2002,15,61.75
02.12.2002-18:00:00,02,12,2002,18,61.197
02.12.2002-21:00:00,02,12,2002,21,61.647
02.13.2002-00:00:00,02,13,2002,00,61.093
02.13.2002-03:00:00,02,13,2002,03,61.543
02.13.2002-06:00:00,02,13,2002,06,60.99
02.13.2002-09:00:00,02,13,2002,09,61.439
02.13.2002-12:00:00,02,13,2002,12,60.886
02.13.2002-15:00:00,02,13,2002,15,60.797
02.13.2002-18:00:00,02,13,2002,18,61.863
02.13.2002-21:00:00,02,13,2002,21,60.773
02.14.2002-00:00:00,02,14,2002,00,61.693
02.14.2002-03:00:00,02,14,2002,03,60.667
02.14.2002-06:00:00,02,14,2002,06,61.302
02.14.2002-09:00:00,02,14,2002,09,60.546
02.14.2002-12:00:00,02,14,2002,12,60.442
02.14.2002-15:00:00,02,14,2002,15,60.929
02.14.2002-18:00:00,02,14,2002,18,60.377
02.14.2002-21:00:00,02,14,2002,21,60.828
02.15.2002-00:00:00,02,15,2002,00,60.276
02.15.2002-03:00:00,02,15,2002,03,60.726
02.15.2002-06:00:00,02,15,2002,06,60.174
02.15.2002-09:00:00,02,15,2002,09,60.086
02.15.2002-12:00:00,02,15,2002,12,60.573
02.15.2002-15:00:00,02,15,2002,15,60.022
02.15.2002-18:00:00,02,15,2002,18,60.473
02.15.2002-21:00:00,02,15,2002,21,59.92
02.16.2002-00:00:00,02,16,2002,00,60.371
02.16.2002-03:00:00,02,16,2002,03,59.82
02.16.2002-06:00:00,02,16,2002,06,59.732
02.16.2002-09:00:00,02,16,2002,09,60.219
02.16.2002-12:00:00,02,16,2002,12,60.179
02.16.2002-15:00:00,02,16,2002,15,60.156
02.16.2002-18:00:00,02,16,2002,18,59.569
02.16.2002-21:00:00,02,16,2002,21,60.019
02.17.2002-00:00:00,02,17,2002,00,60.008
02.17.2002-03:00:00,02,17,2002,03,59.958
02.17.2002-06:00:00,02,17,2002,06,59.369
02.17.2002-09:00:00,02,17,2002,09,60.123
02.17.2002-12:00:00,02,17,2002,12,59.29
02.17.2002-15:00:00,02,17,2002,15,59.719
02.17.2002-18:00:00,02,17,2002,18,59.168
02.17.2002-21:00:00,02,17,2002,21,59.081
02.18.2002-00:00:00,02,18,2002,00,59.569
02.18.2002-03:00:00,02,18,2002,03,59.019
02.18.2002-06:00:00,02,18,2002,06,59.677
02.18.2002-09:00:00,02,18,2002,09,58.734
02.18.2002-12:00:00,02,18,2002,12,59.331
02.18.2002-15:00:00,02,18,2002,15,58.897
02.18.2002-18:00:00,02,18,2002,18,58.715
02.18.2002-21:00:00,02,18,2002,21,58.997
02.19.2002-00:00:00,02,19,2002,00,58.633
02.19.2002-03:00:00,02,19,2002,03,58.9
02.19.2002-06:00:00,02,19,2002,06,58.535
02.19.2002-09:00:00,02,19,2002,09,58.802
02.19.2002-12:00:00,02,19,2002,12,58.221
02.19.2002-15:00:00,02,19,2002,15,58.331
02.19.2002-18:00:00,02,19,2002,18,58.637
02.19.2002-21:00:00,02,19,2002,21,58.075
02.20.2002-00:00:00,02,20,2002,00,58.527
02.20.2002-03:00:00,02,20,2002,03,58.174
02.20.2002-06:00:00,02,20,2002,06,57.907
02.20.2002-09:00:00,02,20,2002,09,58.382
02.20.2002-12:00:00,02,20,2002,12,56.667
02.20.2002-15:00:00,02,20,2002,15,57.594
02.20.2002-18:00:00,02,20,2002,18,57.661
02.20.2002-21:00:00,02,20,2002,21,58.458
02.21.2002-00:00:00,02,21,2002,00,56.817
02.21.2002-03:00:00,02,21,2002,03,57.437
02.21.2002-06:00:00,02,21,2002,06,57.204
02.21.2002-09:00:00,02,21,2002,09,57.381
02.21.2002-12:00:00,02,21,2002,12,57.323
02.21.2002-15:00:00,02,21,2002,15,57.304
02.21.2002-18:00:00,02,21,2002,18,57.091
02.21.2002-21:00:00,02,21,2002,21,57.74
02.22.2002-00:00:00,02,22,2002,00,56.246
02.22.2002-03:00:00,02,22,2002,03,57.592
02.22.2002-06:00:00,02,22,2002,06,56.159
02.22.2002-09:00:00,02,22,2002,09,55.589
02.22.2002-12:00:00,02,22,2002,12,54.904
02.22.2002-15:00:00,02,22,2002,15,55.767
02.22.2002-18:00:00,02,22,2002,18,56.327
02.22.2002-21:00:00,02,22,2002,21,56.098
02.23.2002-00:00:00,02,23,2002,00,55.736
02.23.2002-03:00:00,02,23,2002,03,56.748
02.23.2002-06:00:00,02,23,2002,06,56.443
02.23.2002-09:00:00,02,23,2002,09,56.91
02.23.2002-12:00:00,02,23,2002,12,56.177
02.23.2002-15:00:00,02,23,2002,15,56.268
02.23.2002-18:00:00,02,23,2002,18,55.519
02.23.2002-21:00:00,02,23,2002,21,56.678
02.24.2002-00:00:00,02,24,2002,00,55.473
02.24.2002-03:00:00,02,24,2002,03,56.589
02.24.2002-06:00:00,02,24,2002,06,55.595
02.24.2002-09:00:00,02,24,2002,09,56.281
02.24.2002-12:00:00,02,24,2002,12,55.828
02.24.2002-15:00:00,02,24,2002,15,55.912
02.24.2002-18:00:00,02,24,2002,18,55.723
02.24.2002-21:00:00,02,24,2002,21,55.823
02.25.2002-00:00:00,02,25,2002,00,55.104
02.25.2002-03:00:00,02,25,2002,03,56.232
02.25.2002-06:00:00,02,25,2002,06,55.635
02.25.2002-09:00:00,02,25,2002,09,56.184
02.25.2002-12:00:00,02,25,2002,12,54.977
02.25.2002-15:00:00,02,25,2002,15,55.517
02.25.2002-18:00:00,02,25,2002,18,55.392
02.25.2002-21:00:00,02,25,2002,21,55.466
02.26.2002-00:00:00,02,26,2002,00,55.309
02.26.2002-03:00:00,02,26,2002,03,55.377
02.26.2002-06:00:00,02,26,2002,06,54.691
02.26.2002-09:00:00,02,26,2002,09,55.786
02.26.2002-12:00:00,02,26,2002,12,54.646
02.26.2002-15:00:00,02,26,2002,15,55.697
02.26.2002-18:00:00,02,26,2002,18,54.564
02.26.2002-21:00:00,02,26,2002,21,55.072
02.27.2002-00:00:00,02,27,2002,00,54.98
02.27.2002-03:00:00,02,27,2002,03,55.021
02.27.2002-06:00:00,02,27,2002,06,55.475
02.27.2002-09:00:00,02,27,2002,09,55.276
02.27.2002-12:00:00,02,27,2002,12,54.303
02.27.2002-15:00:00,02,27,2002,15,55.342
02.27.2002-18:00:00,02,27,2002,18,54.455
02.27.2002-21:00:00,02,27,2002,21,55.572
02.28.2002-00:00:00,02,28,2002,00,54.178
02.28.2002-03:00:00,02,28,2002,03,54.63
02.28.2002-06:00:00,02,28,2002,06,54.572
02.28.2002-09:00:00,02,28,2002,09,54.579
02.28.2002-12:00:00,02,28,2002,12,53.955
02.28.2002-15:00:00,02,28,2002,15,54.989
02.28.2002-18:00:00,02,28,2002,18,53.912
02.28.2002-21:00:00,02,28,2002,21,54.331
03.01.2002-00:00:00,03,01,2002,00,54.787
03.01.2002-03:00:00,03,01,2002,03,54.319
03.01.2002-06:00:00,03,01,2002,06,53.71
03.01.2002-09:00:00,03,01,2002,09,54.616
03.01.2002-12:00:00,03,01,2002,12,52.714
03.01.2002-15:00:00,03,01,2002,15,53.372
03.01.2002-18:00:00,03,01,2002,18,54.002
03.01.2002-21:00:00,03,01,2002,21,53.47
03.02.2002-00:00:00,03,02,2002,00,53.928
03.02.2002-03:00:00,03,02,2002,03,53.395
03.02.2002-06:00:00,03,02,2002,06,53.317
03.02.2002-09:00:00,03,02,2002,09,53.811
03.02.2002-12:00:00,03,02,2002,12,53.602
03.02.2002-15:00:00,03,02,2002,15,53.94
03.02.2002-18:00:00,03,02,2002,18,53.187
03.02.2002-21:00:00,03,02,2002,21,53.494
03.03.2002-00:00:00,03,03,2002,00,53.621
03.03.2002-03:00:00,03,03,2002,03,53.055
03.03.2002-06:00:00,03,03,2002,06,53.364
03.03.2002-09:00:00,03,03,2002,09,53.503
03.03.2002-12:00:00,03,03,2002,12,52.905
03.03.2002-15:00:00,03,03,2002,15,53.734
03.03.2002-18:00:00,03,03,2002,18,52.852
03.03.2002-21:00:00,03,03,2002,21,52.749
03.04.2002-00:00:00,03,04,2002,00,53.604
03.04.2002-03:00:00,03,04,2002,03,52.735
03.04.2002-06:00:00,03,04,2002,06,53.167
03.04.2002-09:00:00,03,04,2002,09,52.59
03.04.2002-12:00:00,03,04,2002,12,51.533
03.04.2002-15:00:00,03,04,2002,15,52.115
03.04.2002-18:00:00,03,04,2002,18,52.354
03.04.2002-21:00:00,03,04,2002,21,52.635
03.05.2002-00:00:00,03,05,2002,00,53.158
03.05.2002-03:00:00,03,05,2002,03,52.32
03.05.2002-06:00:00,03,05,2002,06,52.756
03.05.2002-09:00:00,03,05,2002,09,52.22
03.05.2002-12:00:00,03,05,2002,12,50.984
03.05.2002-15:00:00,03,05,2002,15,52.422
03.05.2002-18:00:00,03,05,2002,18,52.055
03.05.2002-21:00:00,03,05,2002,21,51.987
03.06.2002-00:00:00,03,06,2002,00,52.488
03.06.2002-03:00:00,03,06,2002,03,51.953
03.06.2002-06:00:00,03,06,2002,06,52.411
03.06.2002-09:00:00,03,06,2002,09,51.875
03.06.2002-12:00:00,03,06,2002,12,51.799
03.06.2002-15:00:00,03,06,2002,15,52.3
03.06.2002-18:00:00,03,06,2002,18,51.764
03.06.2002-21:00:00,03,06,2002,21,51.688
03.07.2002-00:00:00,03,07,2002,00,52.981
03.07.2002-03:00:00,03,07,2002,03,51.707
03.07.2002-06:00:00,03,07,2002,06,52.115
03.07.2002-09:00:00,03,07,2002,09,51.578
03.07.2002-12:00:00,03,07,2002,12,51.502
03.07.2002-15:00:00,03,07,2002,15,51.997
03.07.2002-18:00:00,03,07,2002,18,51.462
03.07.2002-21:00:00,03,07,2002,21,51.386
03.08.2002-00:00:00,03,08,2002,00,51.886
03.08.2002-03:00:00,03,08,2002,03,51.351
03.08.2002-06:00:00,03,08,2002,06,52.017
03.08.2002-09:00:00,03,08,2002,09,51.825
03.08.2002-12:00:00,03,08,2002,12,51.772
03.08.2002-15:00:00,03,08,2002,15,51.198
03.08.2002-18:00:00,03,08,2002,18,51.121
03.08.2002-21:00:00,03,08,2002,21,51.622
03.09.2002-00:00:00,03,09,2002,00,51.088
03.09.2002-03:00:00,03,09,2002,03,52.121
03.09.2002-06:00:00,03,09,2002,06,51.269
03.09.2002-09:00:00,03,09,2002,09,50.951
03.09.2002-12:00:00,03,09,2002,12,51.43
03.09.2002-15:00:00,03,09,2002,15,50.896
03.09.2002-18:00:00,03,09,2002,18,50.82
03.09.2002-21:00:00,03,09,2002,21,51.315
03.10.2002-00:00:00,03,10,2002,00,50.786
03.10.2002-03:00:00,03,10,2002,03,51.012
03.10.2002-06:00:00,03,10,2002,06,51.227
03.10.2002-09:00:00,03,10,2002,09,50.672
03.10.2002-12:00:00,03,10,2002,12,51.129
03.10.2002-15:00:00,03,10,2002,15,50.595
03.10.2002-18:00:00,03,10,2002,18,50.519
03.10.2002-21:00:00,03,10,2002,21,51.014
03.11.2002-00:00:00,03,11,2002,00,50.48
03.11.2002-03:00:00,03,11,2002,03,50.405
03.11.2002-06:00:00,03,11,2002,06,51.119
03.11.2002-09:00:00,03,11,2002,09,50.383
03.11.2002-12:00:00,03,11,2002,12,50.292
03.11.2002-15:00:00,03,11,2002,15,50.787
03.11.2002-18:00:00,03,11,2002,18,50.253
03.11.2002-21:00:00,03,11,2002,21,50.711
03.12.2002-00:00:00,03,12,2002,00,50.177
03.12.2002-03:00:00,03,12,2002,03,50.102
03.12.2002-06:00:00,03,12,2002,06,50.596
03.12.2002-09:00:00,03,12,2002,09,50.033
03.12.2002-12:00:00,03,12,2002,12,48.803
03.12.2002-15:00:00,03,12,2002,15,50.025
03.12.2002-18:00:00,03,12,2002,18,49.847
03.12.2002-21:00:00,03,12,2002,21,49.795
03.13.2002-00:00:00,03,13,2002,00,50.291
03.13.2002-03:00:00,03,13,2002,03,50.059
03.13.2002-06:00:00,03,13,2002,06,50.238
03.13.2002-09:00:00,03,13,2002,09,49.683
03.13.2002-12:00:00,03,13,2002,12,48.462
03.13.2002-15:00:00,03,13,2002,15,49.715
03.13.2002-18:00:00,03,13,2002,18,49.505
03.13.2002-21:00:00,03,13,2002,21,49.751
03.14.2002-00:00:00,03,14,2002,00,49.967
03.14.2002-03:00:00,03,14,2002,03,49.415
03.14.2002-06:00:00,03,14,2002,06,49.339
03.14.2002-09:00:00,03,14,2002,09,49.803
03.14.2002-12:00:00,03,14,2002,12,48.12
03.14.2002-15:00:00,03,14,2002,15,48.354
03.14.2002-18:00:00,03,14,2002,18,49.582
03.14.2002-21:00:00,03,14,2002,21,49.101
03.15.2002-00:00:00,03,15,2002,00,49.029
03.15.2002-03:00:00,03,15,2002,03,49.525
03.15.2002-06:00:00,03,15,2002,06,48.994
03.15.2002-09:00:00,03,15,2002,09,49.453
03.15.2002-12:00:00,03,15,2002,12,48.922
03.15.2002-15:00:00,03,15,2002,15,48.848
03.15.2002-18:00:00,03,15,2002,18,49.344
03.15.2002-21:00:00,03,15,2002,21,48.813
03.16.2002-00:00:00,03,16,2002,00,48.74
03.16.2002-03:00:00,03,16,2002,03,49.236
03.16.2002-06:00:00,03,16,2002,06,48.705
03.16.2002-09:00:00,03,16,2002,09,48.632
03.16.2002-12:00:00,03,16,2002,12,49.332
03.16.2002-15:00:00,03,16,2002,15,48.612
03.16.2002-18:00:00,03,16,2002,18,48.525
03.16.2002-21:00:00,03,16,2002,21,49.021
03.17.2002-00:00:00,03,17,2002,00,48.49
03.17.2002-03:00:00,03,17,2002,03,48.417
03.17.2002-06:00:00,03,17,2002,06,48.913
03.17.2002-09:00:00,03,17,2002,09,48.383
03.17.2002-12:00:00,03,17,2002,12,48.842
03.17.2002-15:00:00,03,17,2002,15,48.311
03.17.2002-18:00:00,03,17,2002,18,48.238
03.17.2002-21:00:00,03,17,2002,21,48.733
03.18.2002-00:00:00,03,18,2002,00,48.203
03.18.2002-03:00:00,03,18,2002,03,48.131
03.18.2002-06:00:00,03,18,2002,06,48.626
03.18.2002-09:00:00,03,18,2002,09,48.096
03.18.2002-12:00:00,03,18,2002,12,48.598
03.18.2002-15:00:00,03,18,2002,15,48.779
03.18.2002-18:00:00,03,18,2002,18,48.007
03.18.2002-21:00:00,03,18,2002,21,47.918
03.19.2002-00:00:00,03,19,2002,00,48.413
03.19.2002-03:00:00,03,19,2002,03,48.1
03.19.2002-06:00:00,03,19,2002,06,48.128
03.19.2002-09:00:00,03,19,2002,09,48.629
03.19.2002-12:00:00,03,19,2002,12,47.798
03.19.2002-15:00:00,03,19,2002,15,47.704
03.19.2002-18:00:00,03,19,2002,18,48.199
03.19.2002-21:00:00,03,19,2002,21,47.669
03.20.2002-00:00:00,03,20,2002,00,47.596
03.20.2002-03:00:00,03,20,2002,03,48.091
03.20.2002-06:00:00,03,20,2002,06,47.562
03.20.2002-09:00:00,03,20,2002,09,47.489
03.20.2002-12:00:00,03,20,2002,12,47.984
03.20.2002-15:00:00,03,20,2002,15,47.454
03.20.2002-18:00:00,03,20,2002,18,47.381
03.20.2002-21:00:00,03,20,2002,21,47.877
03.21.2002-00:00:00,03,21,2002,00,47.347
03.21.2002-03:00:00,03,21,2002,03,47.275
03.21.2002-06:00:00,03,21,2002,06,47.77
03.21.2002-09:00:00,03,21,2002,09,47.541
03.21.2002-12:00:00,03,21,2002,12,47.189
03.21.2002-15:00:00,03,21,2002,15,48.536
03.21.2002-18:00:00,03,21,2002,18,47.196
03.21.2002-21:00:00,03,21,2002,21,47.063
03.22.2002-00:00:00,03,22,2002,00,47.557
03.22.2002-03:00:00,03,22,2002,03,47.028
03.22.2002-06:00:00,03,22,2002,06,47.486
03.22.2002-09:00:00,03,22,2002,09,46.923
03.22.2002-12:00:00,03,22,2002,12,45.728
03.22.2002-15:00:00,03,22,2002,15,46.208
03.22.2002-18:00:00,03,22,2002,18,46.681
03.22.2002-21:00:00,03,22,2002,21,46.68
03.23.2002-00:00:00,03,23,2002,00,47.177
03.23.2002-03:00:00,03,23,2002,03,46.649
03.23.2002-06:00:00,03,23,2002,06,46.577
03.23.2002-09:00:00,03,23,2002,09,45.397
03.23.2002-12:00:00,03,23,2002,12,45.189
03.23.2002-15:00:00,03,23,2002,15,45.134
03.23.2002-18:00:00,03,23,2002,18,45.103
03.23.2002-21:00:00,03,23,2002,21,45.073
03.24.2002-00:00:00,03,24,2002,00,46.518
03.24.2002-03:00:00,03,24,2002,03,46.691
03.24.2002-06:00:00,03,24,2002,06,46.135
03.24.2002-09:00:00,03,24,2002,09,44.927
03.24.2002-12:00:00,03,24,2002,12,44.722
03.24.2002-15:00:00,03,24,2002,15,44.666
03.24.2002-18:00:00,03,24,2002,18,44.636
03.24.2002-21:00:00,03,24,2002,21,44.607
03.25.2002-00:00:00,03,25,2002,00,44.578
03.25.2002-03:00:00,03,25,2002,03,46.101
03.25.2002-06:00:00,03,25,2002,06,45.653
03.25.2002-09:00:00,03,25,2002,09,44.468
03.25.2002-12:00:00,03,25,2002,12,44.26
03.25.2002-15:00:00,03,25,2002,15,44.205
03.25.2002-18:00:00,03,25,2002,18,44.175
03.25.2002-21:00:00,03,25,2002,21,44.148
03.26.2002-00:00:00,03,26,2002,00,44.12
03.26.2002-03:00:00,03,26,2002,03,44.419
03.26.2002-06:00:00,03,26,2002,06,46.497
03.26.2002-09:00:00,03,26,2002,09,44.474
03.26.2002-12:00:00,03,26,2002,12,43.957
03.26.2002-15:00:00,03,26,2002,15,44.492
03.26.2002-18:00:00,03,26,2002,18,44.904
03.26.2002-21:00:00,03,26,2002,21,44.903
03.27.2002-00:00:00,03,27,2002,00,45.404
03.27.2002-03:00:00,03,27,2002,03,44.881
03.27.2002-06:00:00,03,27,2002,06,44.814
03.27.2002-09:00:00,03,27,2002,09,45.298
03.27.2002-12:00:00,03,27,2002,12,43.951
03.27.2002-15:00:00,03,27,2002,15,44.626
03.27.2002-18:00:00,03,27,2002,18,45.182
03.27.2002-21:00:00,03,27,2002,21,44.661
03.28.2002-00:00:00,03,28,2002,00,44.594
03.28.2002-03:00:00,03,28,2002,03,45.093
03.28.2002-06:00:00,03,28,2002,06,44.571
03.28.2002-09:00:00,03,28,2002,09,43.676
03.28.2002-12:00:00,03,28,2002,12,43.077
03.28.2002-15:00:00,03,28,2002,15,43.005
03.28.2002-18:00:00,03,28,2002,18,43.211
03.28.2002-21:00:00,03,28,2002,21,43.617
03.29.2002-00:00:00,03,29,2002,00,44.933
03.29.2002-03:00:00,03,29,2002,03,44.252
03.29.2002-06:00:00,03,29,2002,06,44.171
03.29.2002-09:00:00,03,29,2002,09,43.114
03.29.2002-12:00:00,03,29,2002,12,42.734
03.29.2002-15:00:00,03,29,2002,15,42.677
03.29.2002-18:00:00,03,29,2002,18,42.829
03.29.2002-21:00:00,03,29,2002,21,44.182
03.30.2002-00:00:00,03,30,2002,00,44.438
03.30.2002-03:00:00,03,30,2002,03,43.894
03.30.2002-06:00:00,03,30,2002,06,43.827
03.30.2002-09:00:00,03,30,2002,09,42.755
03.30.2002-12:00:00,03,30,2002,12,42.363
03.30.2002-15:00:00,03,30,2002,15,42.3
03.30.2002-18:00:00,03,30,2002,18,42.275
03.30.2002-21:00:00,03,30,2002,21,42.251
03.31.2002-00:00:00,03,31,2002,00,42.228
03.31.2002-03:00:00,03,31,2002,03,43.475
03.31.2002-06:00:00,03,31,2002,06,43.373
03.31.2002-09:00:00,03,31,2002,09,42.182
03.31.2002-12:00:00,03,31,2002,12,42.02
03.31.2002-15:00:00,03,31,2002,15,41.976
03.31.2002-18:00:00,03,31,2002,18,41.951
03.31.2002-21:00:00,03,31,2002,21,42.251
04.01.2002-00:00:00,04,01,2002,00,42.728
04.01.2002-03:00:00,04,01,2002,03,42.739
04.01.2002-06:00:00,04,01,2002,06,43.244
04.01.2002-09:00:00,04,01,2002,09,41.891
04.01.2002-12:00:00,04,01,2002,12,41.733
04.01.2002-15:00:00,04,01,2002,15,41.691
04.01.2002-18:00:00,04,01,2002,18,42.242
04.01.2002-21:00:00,04,01,2002,21,42.483
04.02.2002-00:00:00,04,02,2002,00,42.475
04.02.2002-03:00:00,04,02,2002,03,42.981
04.02.2002-06:00:00,04,02,2002,06,42.463
04.02.2002-09:00:00,04,02,2002,09,41.566
04.02.2002-12:00:00,04,02,2002,12,41.445
04.02.2002-15:00:00,04,02,2002,15,41.496
04.02.2002-18:00:00,04,02,2002,18,42.189
04.02.2002-21:00:00,04,02,2002,21,42.745
04.03.2002-00:00:00,04,03,2002,00,42.229
04.03.2002-03:00:00,04,03,2002,03,42.167
04.03.2002-06:00:00,04,03,2002,06,42.671
04.03.2002-09:00:00,04,03,2002,09,41.289
04.03.2002-12:00:00,04,03,2002,12,41.096
04.03.2002-15:00:00,04,03,2002,15,41.045
04.03.2002-18:00:00,04,03,2002,18,41.02
04.03.2002-21:00:00,04,03,2002,21,40.996
04.04.2002-00:00:00,04,04,2002,00,40.973
04.04.2002-03:00:00,04,04,2002,03,41.91
04.04.2002-06:00:00,04,04,2002,06,41.791
04.04.2002-09:00:00,04,04,2002,09,40.873
04.04.2002-12:00:00,04,04,2002,12,40.688
04.04.2002-15:00:00,04,04,2002,15,40.925
04.04.2002-18:00:00,04,04,2002,18,40.92
04.04.2002-21:00:00,04,04,2002,21,40.6
04.05.2002-00:00:00,04,05,2002,00,40.556
04.05.2002-03:00:00,04,05,2002,03,40.533
04.05.2002-06:00:00,04,05,2002,06,40.512
04.05.2002-09:00:00,04,05,2002,09,40.431
04.05.2002-12:00:00,04,05,2002,12,40.333
04.05.2002-15:00:00,04,05,2002,15,40.28
04.05.2002-18:00:00,04,05,2002,18,40.257
04.05.2002-21:00:00,04,05,2002,21,40.235
04.06.2002-00:00:00,04,06,2002,00,40.213
04.06.2002-03:00:00,04,06,2002,03,40.193
04.06.2002-06:00:00,04,06,2002,06,40.171
04.06.2002-09:00:00,04,06,2002,09,40.097
04.06.2002-12:00:00,04,06,2002,12,40.009
04.06.2002-15:00:00,04,06,2002,15,39.959
04.06.2002-18:00:00,04,06,2002,18,39.934
04.06.2002-21:00:00,04,06,2002,21,39.914
04.07.2002-00:00:00,04,07,2002,00,39.893
04.07.2002-03:00:00,04,07,2002,03,39.954
04.07.2002-06:00:00,04,07,2002,06,40.628
04.07.2002-09:00:00,04,07,2002,09,39.842
04.07.2002-12:00:00,04,07,2002,12,39.712
04.07.2002-15:00:00,04,07,2002,15,39.667
04.07.2002-18:00:00,04,07,2002,18,39.862
04.07.2002-21:00:00,04,07,2002,21,39.858
04.08.2002-00:00:00,04,08,2002,00,40.387
04.08.2002-03:00:00,04,08,2002,03,40.932
04.08.2002-06:00:00,04,08,2002,06,40.42
04.08.2002-09:00:00,04,08,2002,09,39.533
04.08.2002-12:00:00,04,08,2002,12,39.377
04.08.2002-15:00:00,04,08,2002,15,39.542
04.08.2002-18:00:00,04,08,2002,18,39.319
04.08.2002-21:00:00,04,08,2002,21,39.283
04.09.2002-00:00:00,04,09,2002,00,39.264
04.09.2002-03:00:00,04,09,2002,03,39.243
04.09.2002-06:00:00,04,09,2002,06,39.634
04.09.2002-09:00:00,04,09,2002,09,39.204
04.09.2002-12:00:00,04,09,2002,12,39.117
04.09.2002-15:00:00,04,09,2002,15,39.081
04.09.2002-18:00:00,04,09,2002,18,39.164
04.09.2002-21:00:00,04,09,2002,21,40.626
04.10.2002-00:00:00,04,10,2002,00,39.883
04.10.2002-03:00:00,04,10,2002,03,39.804
04.10.2002-06:00:00,04,10,2002,06,40.309
04.10.2002-09:00:00,04,10,2002,09,38.967
04.10.2002-12:00:00,04,10,2002,12,38.766
04.10.2002-15:00:00,04,10,2002,15,38.709
04.10.2002-18:00:00,04,10,2002,18,38.685
04.10.2002-21:00:00,04,10,2002,21,38.665
04.11.2002-00:00:00,04,11,2002,00,38.645
04.11.2002-03:00:00,04,11,2002,03,38.626
04.11.2002-06:00:00,04,11,2002,06,38.592
04.11.2002-09:00:00,04,11,2002,09,38.506
04.11.2002-12:00:00,04,11,2002,12,38.409
04.11.2002-15:00:00,04,11,2002,15,38.357
04.11.2002-18:00:00,04,11,2002,18,38.334
04.11.2002-21:00:00,04,11,2002,21,38.315
04.12.2002-00:00:00,04,12,2002,00,38.295
04.12.2002-03:00:00,04,12,2002,03,38.276
04.12.2002-06:00:00,04,12,2002,06,38.252
04.12.2002-09:00:00,04,12,2002,09,38.159
04.12.2002-12:00:00,04,12,2002,12,38.056
04.12.2002-15:00:00,04,12,2002,15,38.001
04.12.2002-18:00:00,04,12,2002,18,37.98
04.12.2002-21:00:00,04,12,2002,21,37.961
04.13.2002-00:00:00,04,13,2002,00,37.942
04.13.2002-03:00:00,04,13,2002,03,37.923
04.13.2002-06:00:00,04,13,2002,06,37.891
04.13.2002-09:00:00,04,13,2002,09,37.806
04.13.2002-12:00:00,04,13,2002,12,37.714
04.13.2002-15:00:00,04,13,2002,15,37.668
04.13.2002-18:00:00,04,13,2002,18,37.647
04.13.2002-21:00:00,04,13,2002,21,37.628
04.14.2002-00:00:00,04,14,2002,00,37.611
04.14.2002-03:00:00,04,14,2002,03,37.592
04.14.2002-06:00:00,04,14,2002,06,37.561
04.14.2002-09:00:00,04,14,2002,09,37.467
04.14.2002-12:00:00,04,14,2002,12,37.368
04.14.2002-15:00:00,04,14,2002,15,37.319
04.14.2002-18:00:00,04,14,2002,18,37.298
04.14.2002-21:00:00,04,14,2002,21,37.281
04.15.2002-00:00:00,04,15,2002,00,37.263
04.15.2002-03:00:00,04,15,2002,03,37.462
04.15.2002-06:00:00,04,15,2002,06,37.243
04.15.2002-09:00:00,04,15,2002,09,37.19
04.15.2002-12:00:00,04,15,2002,12,37.144
04.15.2002-15:00:00,04,15,2002,15,37.113
04.15.2002-18:00:00,04,15,2002,18,37.095
04.15.2002-21:00:00,04,15,2002,21,37.077
04.16.2002-00:00:00,04,16,2002,00,37.059
04.16.2002-03:00:00,04,16,2002,03,37.041
04.16.2002-06:00:00,04,16,2002,06,37.023
04.16.2002-09:00:00,04,16,2002,09,36.981
04.16.2002-12:00:00,04,16,2002,12,36.931
04.16.2002-15:00:00,04,16,2002,15,36.899
04.16.2002-18:00:00,04,16,2002,18,36.879
04.16.2002-21:00:00,04,16,2002,21,36.861
04.17.2002-00:00:00,04,17,2002,00,36.843
04.17.2002-03:00:00,04,17,2002,03,36.826
04.17.2002-06:00:00,04,17,2002,06,36.808
04.17.2002-09:00:00,04,17,2002,09,37.04
04.17.2002-12:00:00,04,17,2002,12,36.889
04.17.2002-15:00:00,04,17,2002,15,36.639
04.17.2002-18:00:00,04,17,2002,18,36.605
04.17.2002-21:00:00,04,17,2002,21,36.587
04.18.2002-00:00:00,04,18,2002,00,36.569
04.18.2002-03:00:00,04,18,2002,03,37.064
04.18.2002-06:00:00,04,18,2002,06,36.571
04.18.2002-09:00:00,04,18,2002,09,36.45
04.18.2002-12:00:00,04,18,2002,12,36.349
04.18.2002-15:00:00,04,18,2002,15,36.298
04.18.2002-18:00:00,04,18,2002,18,36.277
04.18.2002-21:00:00,04,18,2002,21,36.26
04.19.2002-00:00:00,04,19,2002,00,36.242
04.19.2002-03:00:00,04,19,2002,03,36.225
04.19.2002-06:00:00,04,19,2002,06,36.207
04.19.2002-09:00:00,04,19,2002,09,36.114
04.19.2002-12:00:00,04,19,2002,12,36.006
04.19.2002-15:00:00,04,19,2002,15,35.949
04.19.2002-18:00:00,04,19,2002,18,35.928
04.19.2002-21:00:00,04,19,2002,21,35.91
04.20.2002-00:00:00,04,20,2002,00,35.894
04.20.2002-03:00:00,04,20,2002,03,35.877
04.20.2002-06:00:00,04,20,2002,06,35.84
04.20.2002-09:00:00,04,20,2002,09,35.745
04.20.2002-12:00:00,04,20,2002,12,35.937
04.20.2002-15:00:00,04,20,2002,15,35.901
04.20.2002-18:00:00,04,20,2002,18,35.583
04.20.2002-21:00:00,04,20,2002,21,35.546
04.21.2002-00:00:00,04,21,2002,00,35.529
04.21.2002-03:00:00,04,21,2002,03,35.511
04.21.2002-06:00:00,04,21,2002,06,35.483
04.21.2002-09:00:00,04,21,2002,09,35.436
04.21.2002-12:00:00,04,21,2002,12,35.384
04.21.2002-15:00:00,04,21,2002,15,35.348
04.21.2002-18:00:00,04,21,2002,18,35.329
04.21.2002-21:00:00,04,21,2002,21,35.312
04.22.2002-00:00:00,04,22,2002,00,35.296
04.22.2002-03:00:00,04,22,2002,03,35.278
04.22.2002-06:00:00,04,22,2002,06,35.244
04.22.2002-09:00:00,04,22,2002,09,35.172
04.22.2002-12:00:00,04,22,2002,12,35.094
04.22.2002-15:00:00,04,22,2002,15,35.048
04.22.2002-18:00:00,04,22,2002,18,35.028
04.22.2002-21:00:00,04,22,2002,21,35.012
04.23.2002-00:00:00,04,23,2002,00,34.996
04.23.2002-03:00:00,04,23,2002,03,34.98
04.23.2002-06:00:00,04,23,2002,06,35.165
04.23.2002-09:00:00,04,23,2002,09,35.144
04.23.2002-12:00:00,04,23,2002,12,34.871
04.23.2002-15:00:00,04,23,2002,15,34.822
04.23.2002-18:00:00,04,23,2002,18,34.803
04.23.2002-21:00:00,04,23,2002,21,34.787
04.24.2002-00:00:00,04,24,2002,00,34.771
04.24.2002-03:00:00,04,24,2002,03,34.755
04.24.2002-06:00:00,04,24,2002,06,34.738
04.24.2002-09:00:00,04,24,2002,09,34.671
04.24.2002-12:00:00,04,24,2002,12,34.591
04.24.2002-15:00:00,04,24,2002,15,34.846
04.24.2002-18:00:00,04,24,2002,18,34.848
04.24.2002-21:00:00,04,24,2002,21,34.535
04.25.2002-00:00:00,04,25,2002,00,34.499
04.25.2002-03:00:00,04,25,2002,03,34.482
04.25.2002-06:00:00,04,25,2002,06,34.455
04.25.2002-09:00:00,04,25,2002,09,34.382
04.25.2002-12:00:00,04,25,2002,12,34.296
04.25.2002-15:00:00,04,25,2002,15,34.248
04.25.2002-18:00:00,04,25,2002,18,34.228
04.25.2002-21:00:00,04,25,2002,21,34.212
04.26.2002-00:00:00,04,26,2002,00,34.196
04.26.2002-03:00:00,04,26,2002,03,34.182
04.26.2002-06:00:00,04,26,2002,06,34.164
04.26.2002-09:00:00,04,26,2002,09,34.095
04.26.2002-12:00:00,04,26,2002,12,34.014
04.26.2002-15:00:00,04,26,2002,15,33.969
04.26.2002-18:00:00,04,26,2002,18,33.95
04.26.2002-21:00:00,04,26,2002,21,33.934
04.27.2002-00:00:00,04,27,2002,00,33.918
04.27.2002-03:00:00,04,27,2002,03,33.903
04.27.2002-06:00:00,04,27,2002,06,33.866
04.27.2002-09:00:00,04,27,2002,09,33.784
04.27.2002-12:00:00,04,27,2002,12,33.27
04.27.2002-15:00:00,04,27,2002,15,33.832
04.27.2002-18:00:00,04,27,2002,18,33.643
04.27.2002-21:00:00,04,27,2002,21,33.613
04.28.2002-00:00:00,04,28,2002,00,33.599
04.28.2002-03:00:00,04,28,2002,03,33.583
04.28.2002-06:00:00,04,28,2002,06,33.553
04.28.2002-09:00:00,04,28,2002,09,33.464
04.28.2002-12:00:00,04,28,2002,12,32.969
04.28.2002-15:00:00,04,28,2002,15,32.9
04.28.2002-18:00:00,04,28,2002,18,32.886
04.28.2002-21:00:00,04,28,2002,21,33.269
04.29.2002-00:00:00,04,29,2002,00,33.283
04.29.2002-03:00:00,04,29,2002,03,33.269
04.29.2002-06:00:00,04,29,2002,06,33.232
04.29.2002-09:00:00,04,29,2002,09,32.818
04.29.2002-12:00:00,04,29,2002,12,32.505
04.29.2002-15:00:00,04,29,2002,15,32.606
04.29.2002-18:00:00,04,29,2002,18,32.62
04.29.2002-21:00:00,04,29,2002,21,32.92
04.30.2002-00:00:00,04,30,2002,00,33.312
04.30.2002-03:00:00,04,30,2002,03,33.026
04.30.2002-06:00:00,04,30,2002,06,32.819
04.30.2002-09:00:00,04,30,2002,09,32.358
04.30.2002-12:00:00,04,30,2002,12,32.452
04.30.2002-15:00:00,04,30,2002,15,32.723
04.30.2002-18:00:00,04,30,2002,18,32.943
04.30.2002-21:00:00,04,30,2002,21,32.986
05.01.2002-00:00:00,05,01,2002,00,33.183
05.01.2002-03:00:00,05,01,2002,03,33.348
05.01.2002-06:00:00,05,01,2002,06,33.332
05.01.2002-09:00:00,05,01,2002,09,32.954
05.01.2002-12:00:00,05,01,2002,12,32.992
05.01.2002-15:00:00,05,01,2002,15,33.245
05.01.2002-18:00:00,05,01,2002,18,33.435
05.01.2002-21:00:00,05,01,2002,21,33.45
05.02.2002-00:00:00,05,02,2002,00,33.442
05.02.2002-03:00:00,05,02,2002,03,33.429
05.02.2002-06:00:00,05,02,2002,06,33.742
05.02.2002-09:00:00,05,02,2002,09,43.991
05.02.2002-12:00:00,05,02,2002,12,86.19
05.02.2002-15:00:00,05,02,2002,15,65.743
05.02.2002-18:00:00,05,02,2002,18,37.656
05.02.2002-21:00:00,05,02,2002,21,35.821
05.03.2002-00:00:00,05,03,2002,00,35.826
05.03.2002-03:00:00,05,03,2002,03,36.187
05.03.2002-06:00:00,05,03,2002,06,36.238
05.03.2002-09:00:00,05,03,2002,09,36.23
05.03.2002-12:00:00,05,03,2002,12,48.085
05.03.2002-15:00:00,05,03,2002,15,50.696
05.03.2002-18:00:00,05,03,2002,18,37.253
05.03.2002-21:00:00,05,03,2002,21,36.686
05.04.2002-00:00:00,05,04,2002,00,36.761
05.04.2002-03:00:00,05,04,2002,03,36.822
05.04.2002-06:00:00,05,04,2002,06,36.864
05.04.2002-09:00:00,05,04,2002,09,36.865
05.04.2002-12:00:00,05,04,2002,12,36.532
05.04.2002-15:00:00,05,04,2002,15,36.72
05.04.2002-18:00:00,05,04,2002,18,36.981
05.04.2002-21:00:00,05,04,2002,21,37.024
05.05.2002-00:00:00,05,05,2002,00,37.053
05.05.2002-03:00:00,05,05,2002,03,37.083
05.05.2002-06:00:00,05,05,2002,06,37.112
05.05.2002-09:00:00,05,05,2002,09,36.989
05.05.2002-12:00:00,05,05,2002,12,36.727
05.05.2002-15:00:00,05,05,2002,15,46.121
05.05.2002-18:00:00,05,05,2002,18,37.524
05.05.2002-21:00:00,05,05,2002,21,37.24
05.06.2002-00:00:00,05,06,2002,00,37.295
05.06.2002-03:00:00,05,06,2002,03,37.342
05.06.2002-06:00:00,05,06,2002,06,37.588
05.06.2002-09:00:00,05,06,2002,09,37.411
05.06.2002-12:00:00,05,06,2002,12,37.071
05.06.2002-15:00:00,05,06,2002,15,37.065
05.06.2002-18:00:00,05,06,2002,18,37.416
05.06.2002-21:00:00,05,06,2002,21,37.47
05.07.2002-00:00:00,05,07,2002,00,37.503
05.07.2002-03:00:00,05,07,2002,03,37.536
05.07.2002-06:00:00,05,07,2002,06,37.568
05.07.2002-09:00:00,05,07,2002,09,37.57
05.07.2002-12:00:00,05,07,2002,12,37.248
05.07.2002-15:00:00,05,07,2002,15,38.516
05.07.2002-18:00:00,05,07,2002,18,37.397
05.07.2002-21:00:00,05,07,2002,21,37.682
05.08.2002-00:00:00,05,08,2002,00,37.756
05.08.2002-03:00:00,05,08,2002,03,37.798
05.08.2002-06:00:00,05,08,2002,06,37.835
05.08.2002-09:00:00,05,08,2002,09,37.832
05.08.2002-12:00:00,05,08,2002,12,37.534
05.08.2002-15:00:00,05,08,2002,15,47.335
05.08.2002-18:00:00,05,08,2002,18,38.43
05.08.2002-21:00:00,05,08,2002,21,38.135
05.09.2002-00:00:00,05,09,2002,00,38.404
05.09.2002-03:00:00,05,09,2002,03,38.272
05.09.2002-06:00:00,05,09,2002,06,38.308
05.09.2002-09:00:00,05,09,2002,09,38.291
05.09.2002-12:00:00,05,09,2002,12,37.938
05.09.2002-15:00:00,05,09,2002,15,37.92
05.09.2002-18:00:00,05,09,2002,18,37.953
05.09.2002-21:00:00,05,09,2002,21,37.989
05.10.2002-00:00:00,05,10,2002,00,38.337
05.10.2002-03:00:00,05,10,2002,03,38.395
05.10.2002-06:00:00,05,10,2002,06,38.625
05.10.2002-09:00:00,05,10,2002,09,38.404
05.10.2002-12:00:00,05,10,2002,12,38.027
05.10.2002-15:00:00,05,10,2002,15,38.002
05.10.2002-18:00:00,05,10,2002,18,38.035
05.10.2002-21:00:00,05,10,2002,21,38.071
05.11.2002-00:00:00,05,11,2002,00,38.108
05.11.2002-03:00:00,05,11,2002,03,38.65
05.11.2002-06:00:00,05,11,2002,06,38.493
05.11.2002-09:00:00,05,11,2002,09,38.122
05.11.2002-12:00:00,05,11,2002,12,122.25
05.11.2002-15:00:00,05,11,2002,15,94.584
05.11.2002-18:00:00,05,11,2002,18,43.884
05.11.2002-21:00:00,05,11,2002,21,40.574
05.12.2002-00:00:00,05,12,2002,00,40.82
05.12.2002-03:00:00,05,12,2002,03,41.01
05.12.2002-06:00:00,05,12,2002,06,41.055
05.12.2002-09:00:00,05,12,2002,09,49.156
05.12.2002-12:00:00,05,12,2002,12,155.96
05.12.2002-15:00:00,05,12,2002,15,97.268
05.12.2002-18:00:00,05,12,2002,18,46.854
05.12.2002-21:00:00,05,12,2002,21,43.986
05.13.2002-00:00:00,05,13,2002,00,44.084
05.13.2002-03:00:00,05,13,2002,03,44.378
05.13.2002-06:00:00,05,13,2002,06,44.236
05.13.2002-09:00:00,05,13,2002,09,100.66
05.13.2002-12:00:00,05,13,2002,12,201.37
05.13.2002-15:00:00,05,13,2002,15,130.94
05.13.2002-18:00:00,05,13,2002,18,60.757
05.13.2002-21:00:00,05,13,2002,21,56.656
05.14.2002-00:00:00,05,14,2002,00,56.896
05.14.2002-03:00:00,05,14,2002,03,57.075
05.14.2002-06:00:00,05,14,2002,06,55.722
05.14.2002-09:00:00,05,14,2002,09,53.305
05.14.2002-12:00:00,05,14,2002,12,122.73
05.14.2002-15:00:00,05,14,2002,15,102.18
05.14.2002-18:00:00,05,14,2002,18,62.85
05.14.2002-21:00:00,05,14,2002,21,60.578
05.15.2002-00:00:00,05,15,2002,00,60.876
05.15.2002-03:00:00,05,15,2002,03,61.161
05.15.2002-06:00:00,05,15,2002,06,60.042
05.15.2002-09:00:00,05,15,2002,09,56.713
05.15.2002-12:00:00,05,15,2002,12,77.243
05.15.2002-15:00:00,05,15,2002,15,98.684
05.15.2002-18:00:00,05,15,2002,18,65.767
05.15.2002-21:00:00,05,15,2002,21,63.706
05.16.2002-00:00:00,05,16,2002,00,63.976
05.16.2002-03:00:00,05,16,2002,03,64.242
05.16.2002-06:00:00,05,16,2002,06,62.875
05.16.2002-09:00:00,05,16,2002,09,59.742
05.16.2002-12:00:00,05,16,2002,12,141.52
05.16.2002-15:00:00,05,16,2002,15,142.72
05.16.2002-18:00:00,05,16,2002,18,78.185
05.16.2002-21:00:00,05,16,2002,21,74.454
05.17.2002-00:00:00,05,17,2002,00,74.965
05.17.2002-03:00:00,05,17,2002,03,75.218
05.17.2002-06:00:00,05,17,2002,06,73.341
05.17.2002-09:00:00,05,17,2002,09,163.4
05.17.2002-12:00:00,05,17,2002,12,291
05.17.2002-15:00:00,05,17,2002,15,228.42
05.17.2002-18:00:00,05,17,2002,18,124.2
05.17.2002-21:00:00,05,17,2002,21,99.565
05.18.2002-00:00:00,05,18,2002,00,96.126
05.18.2002-03:00:00,05,18,2002,03,96.197
05.18.2002-06:00:00,05,18,2002,06,93.565
05.18.2002-09:00:00,05,18,2002,09,230.9
05.18.2002-12:00:00,05,18,2002,12,389.48
05.18.2002-15:00:00,05,18,2002,15,282.59
05.18.2002-18:00:00,05,18,2002,18,140.62
05.18.2002-21:00:00,05,18,2002,21,120.16
05.19.2002-00:00:00,05,19,2002,00,120.5
05.19.2002-03:00:00,05,19,2002,03,120.76
05.19.2002-06:00:00,05,19,2002,06,115.62
05.19.2002-09:00:00,05,19,2002,09,337.89
05.19.2002-12:00:00,05,19,2002,12,503.09
05.19.2002-15:00:00,05,19,2002,15,392
05.19.2002-18:00:00,05,19,2002,18,210.78
05.19.2002-21:00:00,05,19,2002,21,160.78
05.20.2002-00:00:00,05,20,2002,00,237.64
05.20.2002-03:00:00,05,20,2002,03,310.2
05.20.2002-06:00:00,05,20,2002,06,512.06
05.20.2002-09:00:00,05,20,2002,09,790.19
05.20.2002-12:00:00,05,20,2002,12,979.03
05.20.2002-15:00:00,05,20,2002,15,875.31
05.20.2002-18:00:00,05,20,2002,18,687.56
05.20.2002-21:00:00,05,20,2002,21,613.1
05.21.2002-00:00:00,05,21,2002,00,522.69
05.21.2002-03:00:00,05,21,2002,03,491.59
05.21.2002-06:00:00,05,21,2002,06,562.49
05.21.2002-09:00:00,05,21,2002,09,724.23
05.21.2002-12:00:00,05,21,2002,12,814.55
05.21.2002-15:00:00,05,21,2002,15,782.47
05.21.2002-18:00:00,05,21,2002,18,708.94
05.21.2002-21:00:00,05,21,2002,21,673.73
05.22.2002-00:00:00,05,22,2002,00,584.7
05.22.2002-03:00:00,05,22,2002,03,556.63
05.22.2002-06:00:00,05,22,2002,06,611.64
05.22.2002-09:00:00,05,22,2002,09,747.18
05.22.2002-12:00:00,05,22,2002,12,811.1
05.22.2002-15:00:00,05,22,2002,15,794.29
05.22.2002-18:00:00,05,22,2002,18,722.39
05.22.2002-21:00:00,05,22,2002,21,684.99
05.23.2002-00:00:00,05,23,2002,00,550.35
05.23.2002-03:00:00,05,23,2002,03,533.55
05.23.2002-06:00:00,05,23,2002,06,663.89
05.23.2002-09:00:00,05,23,2002,09,1471.4
05.23.2002-12:00:00,05,23,2002,12,1749.6
05.23.2002-15:00:00,05,23,2002,15,1423.2
05.23.2002-18:00:00,05,23,2002,18,1061.7
05.23.2002-21:00:00,05,23,2002,21,944.91
05.24.2002-00:00:00,05,24,2002,00,847.31
05.24.2002-03:00:00,05,24,2002,03,759.26
05.24.2002-06:00:00,05,24,2002,06,693.74
05.24.2002-09:00:00,05,24,2002,09,944.15
05.24.2002-12:00:00,05,24,2002,12,1890.2
05.24.2002-15:00:00,05,24,2002,15,1550.8
05.24.2002-18:00:00,05,24,2002,18,1209.3
05.24.2002-21:00:00,05,24,2002,21,1131.1
05.25.2002-00:00:00,05,25,2002,00,1066.8
05.25.2002-03:00:00,05,25,2002,03,951.64
05.25.2002-06:00:00,05,25,2002,06,939.55
05.25.2002-09:00:00,05,25,2002,09,2050.6
05.25.2002-12:00:00,05,25,2002,12,2690.6
05.25.2002-15:00:00,05,25,2002,15,2394.6
05.25.2002-18:00:00,05,25,2002,18,1920.1
05.25.2002-21:00:00,05,25,2002,21,1718.7
05.26.2002-00:00:00,05,26,2002,00,1554.4
05.26.2002-03:00:00,05,26,2002,03,1477.7
05.26.2002-06:00:00,05,26,2002,06,1316.3
05.26.2002-09:00:00,05,26,2002,09,2705.4
05.26.2002-12:00:00,05,26,2002,12,3538.5
05.26.2002-15:00:00,05,26,2002,15,3480.3
05.26.2002-18:00:00,05,26,2002,18,2683.9
05.26.2002-21:00:00,05,26,2002,21,2611.2
05.27.2002-00:00:00,05,27,2002,00,2453.7
05.27.2002-03:00:00,05,27,2002,03,2336.5
05.27.2002-06:00:00,05,27,2002,06,2166.2
05.27.2002-09:00:00,05,27,2002,09,3788.4
05.27.2002-12:00:00,05,27,2002,12,4773.5
05.27.2002-15:00:00,05,27,2002,15,4782.9
05.27.2002-18:00:00,05,27,2002,18,3981.9
05.27.2002-21:00:00,05,27,2002,21,3684.9
05.28.2002-00:00:00,05,28,2002,00,3375.6
05.28.2002-03:00:00,05,28,2002,03,3395.8
05.28.2002-06:00:00,05,28,2002,06,4082.8
05.28.2002-09:00:00,05,28,2002,09,5441.5
05.28.2002-12:00:00,05,28,2002,12,6326.6
05.28.2002-15:00:00,05,28,2002,15,6402.2
05.28.2002-18:00:00,05,28,2002,18,5964.2
05.28.2002-21:00:00,05,28,2002,21,5828.3
05.29.2002-00:00:00,05,29,2002,00,5488.3
05.29.2002-03:00:00,05,29,2002,03,5302.6
05.29.2002-06:00:00,05,29,2002,06,5603.1
05.29.2002-09:00:00,05,29,2002,09,6762.4
05.29.2002-12:00:00,05,29,2002,12,7723.4
05.29.2002-15:00:00,05,29,2002,15,7776.2
05.29.2002-18:00:00,05,29,2002,18,7101.6
05.29.2002-21:00:00,05,29,2002,21,6548.3
05.30.2002-00:00:00,05,30,2002,00,6139.8
05.30.2002-03:00:00,05,30,2002,03,5740.5
05.30.2002-06:00:00,05,30,2002,06,5453.9
05.30.2002-09:00:00,05,30,2002,09,6763.4
05.30.2002-12:00:00,05,30,2002,12,7976.4
05.30.2002-15:00:00,05,30,2002,15,8052.9
05.30.2002-18:00:00,05,30,2002,18,7432.9
05.30.2002-21:00:00,05,30,2002,21,7040.2
05.31.2002-00:00:00,05,31,2002,00,6723.5
05.31.2002-03:00:00,05,31,2002,03,6190.8
05.31.2002-06:00:00,05,31,2002,06,6047.1
05.31.2002-09:00:00,05,31,2002,09,6943.6
05.31.2002-12:00:00,05,31,2002,12,7938.6
05.31.2002-15:00:00,05,31,2002,15,8116.4
05.31.2002-18:00:00,05,31,2002,18,7672.1
05.31.2002-21:00:00,05,31,2002,21,7047.7
06.01.2002-00:00:00,06,01,2002,00,6673.9
06.01.2002-03:00:00,06,01,2002,03,6225.6
06.01.2002-06:00:00,06,01,2002,06,6184.6
06.01.2002-09:00:00,06,01,2002,09,7453
06.01.2002-12:00:00,06,01,2002,12,8984.6
06.01.2002-15:00:00,06,01,2002,15,9382.6
06.01.2002-18:00:00,06,01,2002,18,8728.7
06.01.2002-21:00:00,06,01,2002,21,8015.9
06.02.2002-00:00:00,06,02,2002,00,7684.8
06.02.2002-03:00:00,06,02,2002,03,7146.7
06.02.2002-06:00:00,06,02,2002,06,7255.3
06.02.2002-09:00:00,06,02,2002,09,8651.1
06.02.2002-12:00:00,06,02,2002,12,10123
06.02.2002-15:00:00,06,02,2002,15,10723
06.02.2002-18:00:00,06,02,2002,18,9985.8
06.02.2002-21:00:00,06,02,2002,21,9385.5
06.03.2002-00:00:00,06,03,2002,00,8780.4
06.03.2002-03:00:00,06,03,2002,03,8126.9
06.03.2002-06:00:00,06,03,2002,06,7855.7
06.03.2002-09:00:00,06,03,2002,09,9198.3
06.03.2002-12:00:00,06,03,2002,12,10516
06.03.2002-15:00:00,06,03,2002,15,11022
06.03.2002-18:00:00,06,03,2002,18,10092
06.03.2002-21:00:00,06,03,2002,21,9446.5
06.04.2002-00:00:00,06,04,2002,00,8788
06.04.2002-03:00:00,06,04,2002,03,8216.3
06.04.2002-06:00:00,06,04,2002,06,8442
06.04.2002-09:00:00,06,04,2002,09,9833.9
06.04.2002-12:00:00,06,04,2002,12,11131
06.04.2002-15:00:00,06,04,2002,15,11758
06.04.2002-18:00:00,06,04,2002,18,11191
06.04.2002-21:00:00,06,04,2002,21,11056
06.05.2002-00:00:00,06,05,2002,00,10208
06.05.2002-03:00:00,06,05,2002,03,9664.2
06.05.2002-06:00:00,06,05,2002,06,9713.8
06.05.2002-09:00:00,06,05,2002,09,11100
06.05.2002-12:00:00,06,05,2002,12,12342
06.05.2002-15:00:00,06,05,2002,15,12956
06.05.2002-18:00:00,06,05,2002,18,12312
06.05.2002-21:00:00,06,05,2002,21,11827
06.06.2002-00:00:00,06,06,2002,00,10742
06.06.2002-03:00:00,06,06,2002,03,9963.5
06.06.2002-06:00:00,06,06,2002,06,9570.6
06.06.2002-09:00:00,06,06,2002,09,10032
06.06.2002-12:00:00,06,06,2002,12,10428
06.06.2002-15:00:00,06,06,2002,15,10290
06.06.2002-18:00:00,06,06,2002,18,9545.8
06.06.2002-21:00:00,06,06,2002,21,8548.6
06.07.2002-00:00:00,06,07,2002,00,7733
06.07.2002-03:00:00,06,07,2002,03,7032.2
06.07.2002-06:00:00,06,07,2002,06,6440.2
06.07.2002-09:00:00,06,07,2002,09,6258.6
06.07.2002-12:00:00,06,07,2002,12,6944.3
06.07.2002-15:00:00,06,07,2002,15,6971.9
06.07.2002-18:00:00,06,07,2002,18,6316.1
06.07.2002-21:00:00,06,07,2002,21,5796.4
06.08.2002-00:00:00,06,08,2002,00,5298.7
06.08.2002-03:00:00,06,08,2002,03,5100.3
06.08.2002-06:00:00,06,08,2002,06,4677.5
06.08.2002-09:00:00,06,08,2002,09,4492.2
06.08.2002-12:00:00,06,08,2002,12,4212.5
06.08.2002-15:00:00,06,08,2002,15,4208.5
06.08.2002-18:00:00,06,08,2002,18,3898.9
06.08.2002-21:00:00,06,08,2002,21,3740.3
06.09.2002-00:00:00,06,09,2002,00,3538.5
06.09.2002-03:00:00,06,09,2002,03,3460.3
06.09.2002-06:00:00,06,09,2002,06,3272.6
06.09.2002-09:00:00,06,09,2002,09,4604.2
06.09.2002-12:00:00,06,09,2002,12,6183
06.09.2002-15:00:00,06,09,2002,15,6900.4
06.09.2002-18:00:00,06,09,2002,18,6441.9
06.09.2002-21:00:00,06,09,2002,21,6274.8
06.10.2002-00:00:00,06,10,2002,00,6037.1
06.10.2002-03:00:00,06,10,2002,03,5821
06.10.2002-06:00:00,06,10,2002,06,6008.4
06.10.2002-09:00:00,06,10,2002,09,7602.2
06.10.2002-12:00:00,06,10,2002,12,9267.4
06.10.2002-15:00:00,06,10,2002,15,9833.8
06.10.2002-18:00:00,06,10,2002,18,9258.9
06.10.2002-21:00:00,06,10,2002,21,8731.6
06.11.2002-00:00:00,06,11,2002,00,8177.8
06.11.2002-03:00:00,06,11,2002,03,7747.9
06.11.2002-06:00:00,06,11,2002,06,7285
06.11.2002-09:00:00,06,11,2002,09,8506.6
06.11.2002-12:00:00,06,11,2002,12,9727.8
06.11.2002-15:00:00,06,11,2002,15,9804
06.11.2002-18:00:00,06,11,2002,18,8769.9
06.11.2002-21:00:00,06,11,2002,21,7917.3
06.12.2002-00:00:00,06,12,2002,00,7089
06.12.2002-03:00:00,06,12,2002,03,6541.6
06.12.2002-06:00:00,06,12,2002,06,6576.8
06.12.2002-09:00:00,06,12,2002,09,8487.5
06.12.2002-12:00:00,06,12,2002,12,10099
06.12.2002-15:00:00,06,12,2002,15,10761
06.12.2002-18:00:00,06,12,2002,18,9835.3
06.12.2002-21:00:00,06,12,2002,21,9090.8
06.13.2002-00:00:00,06,13,2002,00,8300.9
06.13.2002-03:00:00,06,13,2002,03,7668.5
06.13.2002-06:00:00,06,13,2002,06,7540.8
06.13.2002-09:00:00,06,13,2002,09,9331.7
06.13.2002-12:00:00,06,13,2002,12,10871
06.13.2002-15:00:00,06,13,2002,15,11372
06.13.2002-18:00:00,06,13,2002,18,10039
06.13.2002-21:00:00,06,13,2002,21,9102.8
06.14.2002-00:00:00,06,14,2002,00,8015.6
06.14.2002-03:00:00,06,14,2002,03,7267.9
06.14.2002-06:00:00,06,14,2002,06,7424.9
06.14.2002-09:00:00,06,14,2002,09,9117.8
06.14.2002-12:00:00,06,14,2002,12,10747
06.14.2002-15:00:00,06,14,2002,15,11030
06.14.2002-18:00:00,06,14,2002,18,10187
06.14.2002-21:00:00,06,14,2002,21,9321.7
06.15.2002-00:00:00,06,15,2002,00,8468.4
06.15.2002-03:00:00,06,15,2002,03,7621.7
06.15.2002-06:00:00,06,15,2002,06,8021.5
06.15.2002-09:00:00,06,15,2002,09,9298.9
06.15.2002-12:00:00,06,15,2002,12,10472
06.15.2002-15:00:00,06,15,2002,15,10414
06.15.2002-18:00:00,06,15,2002,18,9601.9
06.15.2002-21:00:00,06,15,2002,21,8977.2
06.16.2002-00:00:00,06,16,2002,00,7998.5
06.16.2002-03:00:00,06,16,2002,03,7456.8
06.16.2002-06:00:00,06,16,2002,06,7487.1
06.16.2002-09:00:00,06,16,2002,09,8073.5
06.16.2002-12:00:00,06,16,2002,12,8250.4
06.16.2002-15:00:00,06,16,2002,15,8314.4
06.16.2002-18:00:00,06,16,2002,18,7479.5
06.16.2002-21:00:00,06,16,2002,21,6899.7
06.17.2002-00:00:00,06,17,2002,00,6430.6
06.17.2002-03:00:00,06,17,2002,03,6083.1
06.17.2002-06:00:00,06,17,2002,06,5892.9
06.17.2002-09:00:00,06,17,2002,09,5987.3
06.17.2002-12:00:00,06,17,2002,12,5921
06.17.2002-15:00:00,06,17,2002,15,5620.1
06.17.2002-18:00:00,06,17,2002,18,5245.8
06.17.2002-21:00:00,06,17,2002,21,4915
06.18.2002-00:00:00,06,18,2002,00,4496.2
06.18.2002-03:00:00,06,18,2002,03,4194.7
06.18.2002-06:00:00,06,18,2002,06,4047.3
06.18.2002-09:00:00,06,18,2002,09,4047.6
06.18.2002-12:00:00,06,18,2002,12,4025.6
06.18.2002-15:00:00,06,18,2002,15,4102.6
06.18.2002-18:00:00,06,18,2002,18,3839.4
06.18.2002-21:00:00,06,18,2002,21,3729.1
06.19.2002-00:00:00,06,19,2002,00,3387
06.19.2002-03:00:00,06,19,2002,03,3287
06.19.2002-06:00:00,06,19,2002,06,3121.4
06.19.2002-09:00:00,06,19,2002,09,3103.8
06.19.2002-12:00:00,06,19,2002,12,3077.1
06.19.2002-15:00:00,06,19,2002,15,3229.6
06.19.2002-18:00:00,06,19,2002,18,3219.6
06.19.2002-21:00:00,06,19,2002,21,3055.6
06.20.2002-00:00:00,06,20,2002,00,2990.8
06.20.2002-03:00:00,06,20,2002,03,2696.1
06.20.2002-06:00:00,06,20,2002,06,2676.6
06.20.2002-09:00:00,06,20,2002,09,2531.7
06.20.2002-12:00:00,06,20,2002,12,2606.4
06.20.2002-15:00:00,06,20,2002,15,2572.3
06.20.2002-18:00:00,06,20,2002,18,2662.7
06.20.2002-21:00:00,06,20,2002,21,2494.4
06.21.2002-00:00:00,06,21,2002,00,2501.3
06.21.2002-03:00:00,06,21,2002,03,2323.1
06.21.2002-06:00:00,06,21,2002,06,2296.2
06.21.2002-09:00:00,06,21,2002,09,2173.1
06.21.2002-12:00:00,06,21,2002,12,2184.3
06.21.2002-15:00:00,06,21,2002,15,2243.2
06.21.2002-18:00:00,06,21,2002,18,2342.5
06.21.2002-21:00:00,06,21,2002,21,2286.9
06.22.2002-00:00:00,06,22,2002,00,2226
06.22.2002-03:00:00,06,22,2002,03,2098.1
06.22.2002-06:00:00,06,22,2002,06,2064.2
06.22.2002-09:00:00,06,22,2002,09,1940.1
06.22.2002-12:00:00,06,22,2002,12,1996.1
06.22.2002-15:00:00,06,22,2002,15,2024.7
06.22.2002-18:00:00,06,22,2002,18,2044.4
06.22.2002-21:00:00,06,22,2002,21,2067.1
06.23.2002-00:00:00,06,23,2002,00,1948.9
06.23.2002-03:00:00,06,23,2002,03,1917.9
06.23.2002-06:00:00,06,23,2002,06,1779.6
06.23.2002-09:00:00,06,23,2002,09,1691
06.23.2002-12:00:00,06,23,2002,12,1588.3
06.23.2002-15:00:00,06,23,2002,15,1751.2
06.23.2002-18:00:00,06,23,2002,18,1733.1
06.23.2002-21:00:00,06,23,2002,21,1732.1
06.24.2002-00:00:00,06,24,2002,00,1729.5
06.24.2002-03:00:00,06,24,2002,03,1733.2
06.24.2002-06:00:00,06,24,2002,06,1615
06.24.2002-09:00:00,06,24,2002,09,1411.9
06.24.2002-12:00:00,06,24,2002,12,1335.5
06.24.2002-15:00:00,06,24,2002,15,1463.8
06.24.2002-18:00:00,06,24,2002,18,1504.6
06.24.2002-21:00:00,06,24,2002,21,1567.5
06.25.2002-00:00:00,06,25,2002,00,1587.7
06.25.2002-03:00:00,06,25,2002,03,1593.1
06.25.2002-06:00:00,06,25,2002,06,1446.7
06.25.2002-09:00:00,06,25,2002,09,1215.3
06.25.2002-12:00:00,06,25,2002,12,1142.2
06.25.2002-15:00:00,06,25,2002,15,1269.9
06.25.2002-18:00:00,06,25,2002,18,1348.5
06.25.2002-21:00:00,06,25,2002,21,1444
06.26.2002-00:00:00,06,26,2002,00,1465.3
06.26.2002-03:00:00,06,26,2002,03,1484.3
06.26.2002-06:00:00,06,26,2002,06,1330.2
06.26.2002-09:00:00,06,26,2002,09,1120.2
06.26.2002-12:00:00,06,26,2002,12,1019
06.26.2002-15:00:00,06,26,2002,15,1169.4
06.26.2002-18:00:00,06,26,2002,18,1238.8
06.26.2002-21:00:00,06,26,2002,21,1330.6
06.27.2002-00:00:00,06,27,2002,00,1384.1
06.27.2002-03:00:00,06,27,2002,03,1346.7
06.27.2002-06:00:00,06,27,2002,06,1222.2
06.27.2002-09:00:00,06,27,2002,09,1020
06.27.2002-12:00:00,06,27,2002,12,924.38
06.27.2002-15:00:00,06,27,2002,15,1057.7
06.27.2002-18:00:00,06,27,2002,18,1164
06.27.2002-21:00:00,06,27,2002,21,1229
06.28.2002-00:00:00,06,28,2002,00,1279.5
06.28.2002-03:00:00,06,28,2002,03,1299.5
06.28.2002-06:00:00,06,28,2002,06,1307.8
06.28.2002-09:00:00,06,28,2002,09,1193
06.28.2002-12:00:00,06,28,2002,12,1103.9
06.28.2002-15:00:00,06,28,2002,15,1198.2
06.28.2002-18:00:00,06,28,2002,18,1229.8
06.28.2002-21:00:00,06,28,2002,21,1318.4
06.29.2002-00:00:00,06,29,2002,00,1425
06.29.2002-03:00:00,06,29,2002,03,1482.6
06.29.2002-06:00:00,06,29,2002,06,1447.8
06.29.2002-09:00:00,06,29,2002,09,1430.5
06.29.2002-12:00:00,06,29,2002,12,1353.7
06.29.2002-15:00:00,06,29,2002,15,1361.7
06.29.2002-18:00:00,06,29,2002,18,1431.1
06.29.2002-21:00:00,06,29,2002,21,1537.1
06.30.2002-00:00:00,06,30,2002,00,1412.9
06.30.2002-03:00:00,06,30,2002,03,1393.2
06.30.2002-06:00:00,06,30,2002,06,1351.8
06.30.2002-09:00:00,06,30,2002,09,1206.7
06.30.2002-12:00:00,06,30,2002,12,1108.8
06.30.2002-15:00:00,06,30,2002,15,1187.3
06.30.2002-18:00:00,06,30,2002,18,1208.5
06.30.2002-21:00:00,06,30,2002,21,1258.1
07.01.2002-00:00:00,07,01,2002,00,1258.8
07.01.2002-03:00:00,07,01,2002,03,1251.1
07.01.2002-06:00:00,07,01,2002,06,1154.9
07.01.2002-09:00:00,07,01,2002,09,1011.7
07.01.2002-12:00:00,07,01,2002,12,956.1
07.01.2002-15:00:00,07,01,2002,15,1042.3
07.01.2002-18:00:00,07,01,2002,18,1093.1
07.01.2002-21:00:00,07,01,2002,21,1152.8
07.02.2002-00:00:00,07,02,2002,00,1169.6
07.02.2002-03:00:00,07,02,2002,03,1181.8
07.02.2002-06:00:00,07,02,2002,06,1081
07.02.2002-09:00:00,07,02,2002,09,916.93
07.02.2002-12:00:00,07,02,2002,12,849.93
07.02.2002-15:00:00,07,02,2002,15,961.86
07.02.2002-18:00:00,07,02,2002,18,1013
07.02.2002-21:00:00,07,02,2002,21,1080.3
07.03.2002-00:00:00,07,03,2002,00,1104
07.03.2002-03:00:00,07,03,2002,03,1094.4
07.03.2002-06:00:00,07,03,2002,06,1007.3
07.03.2002-09:00:00,07,03,2002,09,873.04
07.03.2002-12:00:00,07,03,2002,12,811.66
07.03.2002-15:00:00,07,03,2002,15,924.47
07.03.2002-18:00:00,07,03,2002,18,967.47
07.03.2002-21:00:00,07,03,2002,21,1032.1
07.04.2002-00:00:00,07,04,2002,00,1059.9
07.04.2002-03:00:00,07,04,2002,03,1062.7
07.04.2002-06:00:00,07,04,2002,06,975.1
07.04.2002-09:00:00,07,04,2002,09,851.72
07.04.2002-12:00:00,07,04,2002,12,802.46
07.04.2002-15:00:00,07,04,2002,15,900.92
07.04.2002-18:00:00,07,04,2002,18,953.69
07.04.2002-21:00:00,07,04,2002,21,1009
07.05.2002-00:00:00,07,05,2002,00,1028.2
07.05.2002-03:00:00,07,05,2002,03,1057.5
07.05.2002-06:00:00,07,05,2002,06,927.09
07.05.2002-09:00:00,07,05,2002,09,764.55
07.05.2002-12:00:00,07,05,2002,12,707.17
07.05.2002-15:00:00,07,05,2002,15,829.39
07.05.2002-18:00:00,07,05,2002,18,898.77
07.05.2002-21:00:00,07,05,2002,21,937.34
07.06.2002-00:00:00,07,06,2002,00,970.97
07.06.2002-03:00:00,07,06,2002,03,966.54
07.06.2002-06:00:00,07,06,2002,06,864.91
07.06.2002-09:00:00,07,06,2002,09,683.76
07.06.2002-12:00:00,07,06,2002,12,654.98
07.06.2002-15:00:00,07,06,2002,15,757.96
07.06.2002-18:00:00,07,06,2002,18,863.47
07.06.2002-21:00:00,07,06,2002,21,884.24
07.07.2002-00:00:00,07,07,2002,00,915.15
07.07.2002-03:00:00,07,07,2002,03,908.43
07.07.2002-06:00:00,07,07,2002,06,815.44
07.07.2002-09:00:00,07,07,2002,09,662.06
07.07.2002-12:00:00,07,07,2002,12,608.94
07.07.2002-15:00:00,07,07,2002,15,739.73
07.07.2002-18:00:00,07,07,2002,18,817.2
07.07.2002-21:00:00,07,07,2002,21,852.21
07.08.2002-00:00:00,07,08,2002,00,1383.9
07.08.2002-03:00:00,07,08,2002,03,1627.4
07.08.2002-06:00:00,07,08,2002,06,1667.1
07.08.2002-09:00:00,07,08,2002,09,1564.8
07.08.2002-12:00:00,07,08,2002,12,1549
07.08.2002-15:00:00,07,08,2002,15,1736.5
07.08.2002-18:00:00,07,08,2002,18,1891
07.08.2002-21:00:00,07,08,2002,21,2073.7
07.09.2002-00:00:00,07,09,2002,00,1441.1
07.09.2002-03:00:00,07,09,2002,03,1331.2
07.09.2002-06:00:00,07,09,2002,06,1191.3
07.09.2002-09:00:00,07,09,2002,09,926.13
07.09.2002-12:00:00,07,09,2002,12,836.15
07.09.2002-15:00:00,07,09,2002,15,871.06
07.09.2002-18:00:00,07,09,2002,18,931.56
07.09.2002-21:00:00,07,09,2002,21,920.73
07.10.2002-00:00:00,07,10,2002,00,937.97
07.10.2002-03:00:00,07,10,2002,03,920
07.10.2002-06:00:00,07,10,2002,06,807.16
07.10.2002-09:00:00,07,10,2002,09,638.94
07.10.2002-12:00:00,07,10,2002,12,614.87
07.10.2002-15:00:00,07,10,2002,15,695.65
07.10.2002-18:00:00,07,10,2002,18,811.92
07.10.2002-21:00:00,07,10,2002,21,830.27
07.11.2002-00:00:00,07,11,2002,00,849.51
07.11.2002-03:00:00,07,11,2002,03,836.08
07.11.2002-06:00:00,07,11,2002,06,723.46
07.11.2002-09:00:00,07,11,2002,09,595.44
07.11.2002-12:00:00,07,11,2002,12,565.07
07.11.2002-15:00:00,07,11,2002,15,666.84
07.11.2002-18:00:00,07,11,2002,18,753.77
07.11.2002-21:00:00,07,11,2002,21,795.6
07.12.2002-00:00:00,07,12,2002,00,808.1
07.12.2002-03:00:00,07,12,2002,03,788.6
07.12.2002-06:00:00,07,12,2002,06,673
07.12.2002-09:00:00,07,12,2002,09,559.8
07.12.2002-12:00:00,07,12,2002,12,525.92
07.12.2002-15:00:00,07,12,2002,15,632.8
07.12.2002-18:00:00,07,12,2002,18,716.59
07.12.2002-21:00:00,07,12,2002,21,766.58
07.13.2002-00:00:00,07,13,2002,00,775.94
07.13.2002-03:00:00,07,13,2002,03,755.77
07.13.2002-06:00:00,07,13,2002,06,665.23
07.13.2002-09:00:00,07,13,2002,09,566.25
07.13.2002-12:00:00,07,13,2002,12,533.45
07.13.2002-15:00:00,07,13,2002,15,634.5
07.13.2002-18:00:00,07,13,2002,18,704.34
07.13.2002-21:00:00,07,13,2002,21,745.25
07.14.2002-00:00:00,07,14,2002,00,759.34
07.14.2002-03:00:00,07,14,2002,03,730.34
07.14.2002-06:00:00,07,14,2002,06,633.56
07.14.2002-09:00:00,07,14,2002,09,525.76
07.14.2002-12:00:00,07,14,2002,12,486.55
07.14.2002-15:00:00,07,14,2002,15,599.67
07.14.2002-18:00:00,07,14,2002,18,661.85
07.14.2002-21:00:00,07,14,2002,21,720.73
07.15.2002-00:00:00,07,15,2002,00,733.07
07.15.2002-03:00:00,07,15,2002,03,717.36
07.15.2002-06:00:00,07,15,2002,06,611.3
07.15.2002-09:00:00,07,15,2002,09,496.56
07.15.2002-12:00:00,07,15,2002,12,457.22
07.15.2002-15:00:00,07,15,2002,15,551.8
07.15.2002-18:00:00,07,15,2002,18,645.54
07.15.2002-21:00:00,07,15,2002,21,692.83
07.16.2002-00:00:00,07,16,2002,00,712.67
07.16.2002-03:00:00,07,16,2002,03,693.31
07.16.2002-06:00:00,07,16,2002,06,589.58
07.16.2002-09:00:00,07,16,2002,09,478.36
07.16.2002-12:00:00,07,16,2002,12,441.24
07.16.2002-15:00:00,07,16,2002,15,531.62
07.16.2002-18:00:00,07,16,2002,18,625.26
07.16.2002-21:00:00,07,16,2002,21,667.62
07.17.2002-00:00:00,07,17,2002,00,688.46
07.17.2002-03:00:00,07,17,2002,03,667.94
07.17.2002-06:00:00,07,17,2002,06,572.1
07.17.2002-09:00:00,07,17,2002,09,469.86
07.17.2002-12:00:00,07,17,2002,12,434.4
07.17.2002-15:00:00,07,17,2002,15,525.14
07.17.2002-18:00:00,07,17,2002,18,603.12
07.17.2002-21:00:00,07,17,2002,21,648.84
07.18.2002-00:00:00,07,18,2002,00,667.61
07.18.2002-03:00:00,07,18,2002,03,646.51
07.18.2002-06:00:00,07,18,2002,06,547.1
07.18.2002-09:00:00,07,18,2002,09,449.75
07.18.2002-12:00:00,07,18,2002,12,407.11
07.18.2002-15:00:00,07,18,2002,15,506.65
07.18.2002-18:00:00,07,18,2002,18,581.76
07.18.2002-21:00:00,07,18,2002,21,626.39
07.19.2002-00:00:00,07,19,2002,00,644.81
07.19.2002-03:00:00,07,19,2002,03,625.62
07.19.2002-06:00:00,07,19,2002,06,553.92
07.19.2002-09:00:00,07,19,2002,09,438.18
07.19.2002-12:00:00,07,19,2002,12,427.17
07.19.2002-15:00:00,07,19,2002,15,502.76
07.19.2002-18:00:00,07,19,2002,18,576.74
07.19.2002-21:00:00,07,19,2002,21,617.19
07.20.2002-00:00:00,07,20,2002,00,633.27
07.20.2002-03:00:00,07,20,2002,03,616.52
07.20.2002-06:00:00,07,20,2002,06,529.34
07.20.2002-09:00:00,07,20,2002,09,409.31
07.20.2002-12:00:00,07,20,2002,12,391.13
07.20.2002-15:00:00,07,20,2002,15,468.33
07.20.2002-18:00:00,07,20,2002,18,557.51
07.20.2002-21:00:00,07,20,2002,21,591.9
07.21.2002-00:00:00,07,21,2002,00,614.01
07.21.2002-03:00:00,07,21,2002,03,589.98
07.21.2002-06:00:00,07,21,2002,06,501.37
07.21.2002-09:00:00,07,21,2002,09,398.82
07.21.2002-12:00:00,07,21,2002,12,354.18
07.21.2002-15:00:00,07,21,2002,15,444.45
07.21.2002-18:00:00,07,21,2002,18,535.3
07.21.2002-21:00:00,07,21,2002,21,572.88
07.22.2002-00:00:00,07,22,2002,00,595.29
07.22.2002-03:00:00,07,22,2002,03,575.73
07.22.2002-06:00:00,07,22,2002,06,482.67
07.22.2002-09:00:00,07,22,2002,09,383.96
07.22.2002-12:00:00,07,22,2002,12,339.35
07.22.2002-15:00:00,07,22,2002,15,423.68
07.22.2002-18:00:00,07,22,2002,18,518.22
07.22.2002-21:00:00,07,22,2002,21,554.97
07.23.2002-00:00:00,07,23,2002,00,578.46
07.23.2002-03:00:00,07,23,2002,03,556.65
07.23.2002-06:00:00,07,23,2002,06,465.8
07.23.2002-09:00:00,07,23,2002,09,371.54
07.23.2002-12:00:00,07,23,2002,12,330.08
07.23.2002-15:00:00,07,23,2002,15,407.23
07.23.2002-18:00:00,07,23,2002,18,501.32
07.23.2002-21:00:00,07,23,2002,21,539.87
07.24.2002-00:00:00,07,24,2002,00,561.14
07.24.2002-03:00:00,07,24,2002,03,534.55
07.24.2002-06:00:00,07,24,2002,06,446.37
07.24.2002-09:00:00,07,24,2002,09,351.97
07.24.2002-12:00:00,07,24,2002,12,333.99
07.24.2002-15:00:00,07,24,2002,15,394.17
07.24.2002-18:00:00,07,24,2002,18,481.02
07.24.2002-21:00:00,07,24,2002,21,524.57
07.25.2002-00:00:00,07,25,2002,00,543.56
07.25.2002-03:00:00,07,25,2002,03,522.33
07.25.2002-06:00:00,07,25,2002,06,464.69
07.25.2002-09:00:00,07,25,2002,09,392.04
07.25.2002-12:00:00,07,25,2002,12,364.86
07.25.2002-15:00:00,07,25,2002,15,435.57
07.25.2002-18:00:00,07,25,2002,18,483.33
07.25.2002-21:00:00,07,25,2002,21,527.25
07.26.2002-00:00:00,07,26,2002,00,539.42
07.26.2002-03:00:00,07,26,2002,03,515.79
07.26.2002-06:00:00,07,26,2002,06,449.15
07.26.2002-09:00:00,07,26,2002,09,369.05
07.26.2002-12:00:00,07,26,2002,12,334.57
07.26.2002-15:00:00,07,26,2002,15,405.8
07.26.2002-18:00:00,07,26,2002,18,467.09
07.26.2002-21:00:00,07,26,2002,21,511.23
07.27.2002-00:00:00,07,27,2002,00,527.75
07.27.2002-03:00:00,07,27,2002,03,513.47
07.27.2002-06:00:00,07,27,2002,06,452.68
07.27.2002-09:00:00,07,27,2002,09,375.47
07.27.2002-12:00:00,07,27,2002,12,347.26
07.27.2002-15:00:00,07,27,2002,15,416.15
07.27.2002-18:00:00,07,27,2002,18,471.03
07.27.2002-21:00:00,07,27,2002,21,509.09
07.28.2002-00:00:00,07,28,2002,00,520.53
07.28.2002-03:00:00,07,28,2002,03,509.52
07.28.2002-06:00:00,07,28,2002,06,483.16
07.28.2002-09:00:00,07,28,2002,09,454.37
07.28.2002-12:00:00,07,28,2002,12,432.55
07.28.2002-15:00:00,07,28,2002,15,470.37
07.28.2002-18:00:00,07,28,2002,18,505.5
07.28.2002-21:00:00,07,28,2002,21,515.54
07.29.2002-00:00:00,07,29,2002,00,527.08
07.29.2002-03:00:00,07,29,2002,03,521.15
07.29.2002-06:00:00,07,29,2002,06,491.97
07.29.2002-09:00:00,07,29,2002,09,469.5
07.29.2002-12:00:00,07,29,2002,12,446
07.29.2002-15:00:00,07,29,2002,15,477.37
07.29.2002-18:00:00,07,29,2002,18,504.65
07.29.2002-21:00:00,07,29,2002,21,513.22
07.30.2002-00:00:00,07,30,2002,00,526.52
07.30.2002-03:00:00,07,30,2002,03,513.66
07.30.2002-06:00:00,07,30,2002,06,454.69
07.30.2002-09:00:00,07,30,2002,09,389.43
07.30.2002-12:00:00,07,30,2002,12,357.17
07.30.2002-15:00:00,07,30,2002,15,414.9
07.30.2002-18:00:00,07,30,2002,18,455.75
07.30.2002-21:00:00,07,30,2002,21,491.75
07.31.2002-00:00:00,07,31,2002,00,505.82
07.31.2002-03:00:00,07,31,2002,03,490.89
07.31.2002-06:00:00,07,31,2002,06,425.57
07.31.2002-09:00:00,07,31,2002,09,346.32
07.31.2002-12:00:00,07,31,2002,12,312.64
07.31.2002-15:00:00,07,31,2002,15,378.27
07.31.2002-18:00:00,07,31,2002,18,432.66
07.31.2002-21:00:00,07,31,2002,21,470.36
08.01.2002-00:00:00,08,01,2002,00,487.38
08.01.2002-03:00:00,08,01,2002,03,475.93
08.01.2002-06:00:00,08,01,2002,06,408.71
08.01.2002-09:00:00,08,01,2002,09,313.35
08.01.2002-12:00:00,08,01,2002,12,304.02
08.01.2002-15:00:00,08,01,2002,15,354.91
08.01.2002-18:00:00,08,01,2002,18,427.27
08.01.2002-21:00:00,08,01,2002,21,456.42
08.02.2002-00:00:00,08,02,2002,00,471.96
08.02.2002-03:00:00,08,02,2002,03,442.97
08.02.2002-06:00:00,08,02,2002,06,388.04
08.02.2002-09:00:00,08,02,2002,09,306.3
08.02.2002-12:00:00,08,02,2002,12,296.03
08.02.2002-15:00:00,08,02,2002,15,344.85
08.02.2002-18:00:00,08,02,2002,18,415.16
08.02.2002-21:00:00,08,02,2002,21,447.4
08.03.2002-00:00:00,08,03,2002,00,463.46
08.03.2002-03:00:00,08,03,2002,03,457.71
08.03.2002-06:00:00,08,03,2002,06,401.2
08.03.2002-09:00:00,08,03,2002,09,312.75
08.03.2002-12:00:00,08,03,2002,12,300.75
08.03.2002-15:00:00,08,03,2002,15,352.26
08.03.2002-18:00:00,08,03,2002,18,419.02
08.03.2002-21:00:00,08,03,2002,21,444.39
08.04.2002-00:00:00,08,04,2002,00,456.89
08.04.2002-03:00:00,08,04,2002,03,426.51
08.04.2002-06:00:00,08,04,2002,06,381.88
08.04.2002-09:00:00,08,04,2002,09,307.16
08.04.2002-12:00:00,08,04,2002,12,297.18
08.04.2002-15:00:00,08,04,2002,15,343.59
08.04.2002-18:00:00,08,04,2002,18,406.73
08.04.2002-21:00:00,08,04,2002,21,436.02
08.05.2002-00:00:00,08,05,2002,00,450.4
08.05.2002-03:00:00,08,05,2002,03,453.53
08.05.2002-06:00:00,08,05,2002,06,394.4
08.05.2002-09:00:00,08,05,2002,09,311.5
08.05.2002-12:00:00,08,05,2002,12,300.11
08.05.2002-15:00:00,08,05,2002,15,347.86
08.05.2002-18:00:00,08,05,2002,18,409.56
08.05.2002-21:00:00,08,05,2002,21,434.01
08.06.2002-00:00:00,08,06,2002,00,444.9
08.06.2002-03:00:00,08,06,2002,03,428.16
08.06.2002-06:00:00,08,06,2002,06,408
08.06.2002-09:00:00,08,06,2002,09,351.72
08.06.2002-12:00:00,08,06,2002,12,328.06
08.06.2002-15:00:00,08,06,2002,15,375.74
08.06.2002-18:00:00,08,06,2002,18,418.54
08.06.2002-21:00:00,08,06,2002,21,440.96
08.07.2002-00:00:00,08,07,2002,00,447.07
08.07.2002-03:00:00,08,07,2002,03,429
08.07.2002-06:00:00,08,07,2002,06,396.68
08.07.2002-09:00:00,08,07,2002,09,308.65
08.07.2002-12:00:00,08,07,2002,12,291.86
08.07.2002-15:00:00,08,07,2002,15,331.68
08.07.2002-18:00:00,08,07,2002,18,393.38
08.07.2002-21:00:00,08,07,2002,21,419.89
08.08.2002-00:00:00,08,08,2002,00,431.13
08.08.2002-03:00:00,08,08,2002,03,399.97
08.08.2002-06:00:00,08,08,2002,06,344.5
08.08.2002-09:00:00,08,08,2002,09,272.34
08.08.2002-12:00:00,08,08,2002,12,262.77
08.08.2002-15:00:00,08,08,2002,15,296.93
08.08.2002-18:00:00,08,08,2002,18,356.32
08.08.2002-21:00:00,08,08,2002,21,392.64
08.09.2002-00:00:00,08,09,2002,00,409.8
08.09.2002-03:00:00,08,09,2002,03,380.81
08.09.2002-06:00:00,08,09,2002,06,333.62
08.09.2002-09:00:00,08,09,2002,09,268.18
08.09.2002-12:00:00,08,09,2002,12,261.09
08.09.2002-15:00:00,08,09,2002,15,291.49
08.09.2002-18:00:00,08,09,2002,18,348.63
08.09.2002-21:00:00,08,09,2002,21,382.88
08.10.2002-00:00:00,08,10,2002,00,399.97
08.10.2002-03:00:00,08,10,2002,03,370.41
08.10.2002-06:00:00,08,10,2002,06,328.69
08.10.2002-09:00:00,08,10,2002,09,267
08.10.2002-12:00:00,08,10,2002,12,260.33
08.10.2002-15:00:00,08,10,2002,15,288.05
08.10.2002-18:00:00,08,10,2002,18,344.94
08.10.2002-21:00:00,08,10,2002,21,376.65
08.11.2002-00:00:00,08,11,2002,00,394.26
08.11.2002-03:00:00,08,11,2002,03,366.55
08.11.2002-06:00:00,08,11,2002,06,319.03
08.11.2002-09:00:00,08,11,2002,09,254.31
08.11.2002-12:00:00,08,11,2002,12,247
08.11.2002-15:00:00,08,11,2002,15,278.24
08.11.2002-18:00:00,08,11,2002,18,330.08
08.11.2002-21:00:00,08,11,2002,21,365.88
08.12.2002-00:00:00,08,12,2002,00,380.52
08.12.2002-03:00:00,08,12,2002,03,354.77
08.12.2002-06:00:00,08,12,2002,06,306.84
08.12.2002-09:00:00,08,12,2002,09,241.68
08.12.2002-12:00:00,08,12,2002,12,236.17
08.12.2002-15:00:00,08,12,2002,15,267.47
08.12.2002-18:00:00,08,12,2002,18,313.91
08.12.2002-21:00:00,08,12,2002,21,351.87
08.13.2002-00:00:00,08,13,2002,00,367.52
08.13.2002-03:00:00,08,13,2002,03,341.06
08.13.2002-06:00:00,08,13,2002,06,295.06
08.13.2002-09:00:00,08,13,2002,09,234.49
08.13.2002-12:00:00,08,13,2002,12,235.92
08.13.2002-15:00:00,08,13,2002,15,261.22
08.13.2002-18:00:00,08,13,2002,18,303.61
08.13.2002-21:00:00,08,13,2002,21,344.74
08.14.2002-00:00:00,08,14,2002,00,356.66
08.14.2002-03:00:00,08,14,2002,03,331.95
08.14.2002-06:00:00,08,14,2002,06,300.58
08.14.2002-09:00:00,08,14,2002,09,245.73
08.14.2002-12:00:00,08,14,2002,12,242.02
08.14.2002-15:00:00,08,14,2002,15,265.22
08.14.2002-18:00:00,08,14,2002,18,309.55
08.14.2002-21:00:00,08,14,2002,21,346
08.15.2002-00:00:00,08,15,2002,00,358.06
08.15.2002-03:00:00,08,15,2002,03,333.71
08.15.2002-06:00:00,08,15,2002,06,292.24
08.15.2002-09:00:00,08,15,2002,09,229.05
08.15.2002-12:00:00,08,15,2002,12,224
08.15.2002-15:00:00,08,15,2002,15,255.4
08.15.2002-18:00:00,08,15,2002,18,296.59
08.15.2002-21:00:00,08,15,2002,21,329.86
08.16.2002-00:00:00,08,16,2002,00,347.03
08.16.2002-03:00:00,08,16,2002,03,322.04
08.16.2002-06:00:00,08,16,2002,06,285.46
08.16.2002-09:00:00,08,16,2002,09,223.58
08.16.2002-12:00:00,08,16,2002,12,217.3
08.16.2002-15:00:00,08,16,2002,15,251.03
08.16.2002-18:00:00,08,16,2002,18,291.13
08.16.2002-21:00:00,08,16,2002,21,324.6
08.17.2002-00:00:00,08,17,2002,00,341.83
08.17.2002-03:00:00,08,17,2002,03,337.69
08.17.2002-06:00:00,08,17,2002,06,298.13
08.17.2002-09:00:00,08,17,2002,09,226.73
08.17.2002-12:00:00,08,17,2002,12,219.78
08.17.2002-15:00:00,08,17,2002,15,253.41
08.17.2002-18:00:00,08,17,2002,18,294.59
08.17.2002-21:00:00,08,17,2002,21,323.64
08.18.2002-00:00:00,08,18,2002,00,341.62
08.18.2002-03:00:00,08,18,2002,03,328.31
08.18.2002-06:00:00,08,18,2002,06,289.61
08.18.2002-09:00:00,08,18,2002,09,223.04
08.18.2002-12:00:00,08,18,2002,12,215.95
08.18.2002-15:00:00,08,18,2002,15,248.7
08.18.2002-18:00:00,08,18,2002,18,288.05
08.18.2002-21:00:00,08,18,2002,21,317.63
08.19.2002-00:00:00,08,19,2002,00,332.67
08.19.2002-03:00:00,08,19,2002,03,324.88
08.19.2002-06:00:00,08,19,2002,06,298.74
08.19.2002-09:00:00,08,19,2002,09,244
08.19.2002-12:00:00,08,19,2002,12,237.43
08.19.2002-15:00:00,08,19,2002,15,257.83
08.19.2002-18:00:00,08,19,2002,18,302.71
08.19.2002-21:00:00,08,19,2002,21,325.4
08.20.2002-00:00:00,08,20,2002,00,334.94
08.20.2002-03:00:00,08,20,2002,03,318.43
08.20.2002-06:00:00,08,20,2002,06,288.24
08.20.2002-09:00:00,08,20,2002,09,232.56
08.20.2002-12:00:00,08,20,2002,12,227.24
08.20.2002-15:00:00,08,20,2002,15,249.12
08.20.2002-18:00:00,08,20,2002,18,290.34
08.20.2002-21:00:00,08,20,2002,21,316.98
08.21.2002-00:00:00,08,21,2002,00,326.84
08.21.2002-03:00:00,08,21,2002,03,311.53
08.21.2002-06:00:00,08,21,2002,06,279.53
08.21.2002-09:00:00,08,21,2002,09,222.79
08.21.2002-12:00:00,08,21,2002,12,216.03
08.21.2002-15:00:00,08,21,2002,15,242.29
08.21.2002-18:00:00,08,21,2002,18,279.78
08.21.2002-21:00:00,08,21,2002,21,308.77
08.22.2002-00:00:00,08,22,2002,00,319.7
08.22.2002-03:00:00,08,22,2002,03,303.32
08.22.2002-06:00:00,08,22,2002,06,272.24
08.22.2002-09:00:00,08,22,2002,09,213.8
08.22.2002-12:00:00,08,22,2002,12,206.6
08.22.2002-15:00:00,08,22,2002,15,235.54
08.22.2002-18:00:00,08,22,2002,18,271.63
08.22.2002-21:00:00,08,22,2002,21,299.08
08.23.2002-00:00:00,08,23,2002,00,312.62
08.23.2002-03:00:00,08,23,2002,03,296.14
08.23.2002-06:00:00,08,23,2002,06,262.16
08.23.2002-09:00:00,08,23,2002,09,201.38
08.23.2002-12:00:00,08,23,2002,12,193.83
08.23.2002-15:00:00,08,23,2002,15,224.38
08.23.2002-18:00:00,08,23,2002,18,263.57
08.23.2002-21:00:00,08,23,2002,21,285.47
08.24.2002-00:00:00,08,24,2002,00,305.33
08.24.2002-03:00:00,08,24,2002,03,291.59
08.24.2002-06:00:00,08,24,2002,06,261.13
08.24.2002-09:00:00,08,24,2002,09,199.5
08.24.2002-12:00:00,08,24,2002,12,192.99
08.24.2002-15:00:00,08,24,2002,15,222.84
08.24.2002-18:00:00,08,24,2002,18,260.42
08.24.2002-21:00:00,08,24,2002,21,280.85
08.25.2002-00:00:00,08,25,2002,00,331.83
08.25.2002-03:00:00,08,25,2002,03,369.81
08.25.2002-06:00:00,08,25,2002,06,372.27
08.25.2002-09:00:00,08,25,2002,09,331.97
08.25.2002-12:00:00,08,25,2002,12,303.4
08.25.2002-15:00:00,08,25,2002,15,313.62
08.25.2002-18:00:00,08,25,2002,18,382.18
08.25.2002-21:00:00,08,25,2002,21,410.77
08.26.2002-00:00:00,08,26,2002,00,372.98
08.26.2002-03:00:00,08,26,2002,03,351.73
08.26.2002-06:00:00,08,26,2002,06,330.29
08.26.2002-09:00:00,08,26,2002,09,274.64
08.26.2002-12:00:00,08,26,2002,12,244.65
08.26.2002-15:00:00,08,26,2002,15,254.9
08.26.2002-18:00:00,08,26,2002,18,312.54
08.26.2002-21:00:00,08,26,2002,21,332.89
08.27.2002-00:00:00,08,27,2002,00,319.55
08.27.2002-03:00:00,08,27,2002,03,293.88
08.27.2002-06:00:00,08,27,2002,06,265.95
08.27.2002-09:00:00,08,27,2002,09,205.49
08.27.2002-12:00:00,08,27,2002,12,194.99
08.27.2002-15:00:00,08,27,2002,15,218.25
08.27.2002-18:00:00,08,27,2002,18,254.54
08.27.2002-21:00:00,08,27,2002,21,278.49
08.28.2002-00:00:00,08,28,2002,00,295.28
08.28.2002-03:00:00,08,28,2002,03,280.9
08.28.2002-06:00:00,08,28,2002,06,250.44
08.28.2002-09:00:00,08,28,2002,09,192.73
08.28.2002-12:00:00,08,28,2002,12,186.75
08.28.2002-15:00:00,08,28,2002,15,210.28
08.28.2002-18:00:00,08,28,2002,18,248.46
08.28.2002-21:00:00,08,28,2002,21,266.42
08.29.2002-00:00:00,08,29,2002,00,286.54
08.29.2002-03:00:00,08,29,2002,03,277.55
08.29.2002-06:00:00,08,29,2002,06,253.42
08.29.2002-09:00:00,08,29,2002,09,204.07
08.29.2002-12:00:00,08,29,2002,12,199.22
08.29.2002-15:00:00,08,29,2002,15,217.45
08.29.2002-18:00:00,08,29,2002,18,248.55
08.29.2002-21:00:00,08,29,2002,21,275.48
08.30.2002-00:00:00,08,30,2002,00,286.74
08.30.2002-03:00:00,08,30,2002,03,275.73
08.30.2002-06:00:00,08,30,2002,06,247.11
08.30.2002-09:00:00,08,30,2002,09,198.32
08.30.2002-12:00:00,08,30,2002,12,192.15
08.30.2002-15:00:00,08,30,2002,15,212.88
08.30.2002-18:00:00,08,30,2002,18,244.21
08.30.2002-21:00:00,08,30,2002,21,268.3
08.31.2002-00:00:00,08,31,2002,00,283.88
08.31.2002-03:00:00,08,31,2002,03,277.37
08.31.2002-06:00:00,08,31,2002,06,255.3
08.31.2002-09:00:00,08,31,2002,09,212.37
08.31.2002-12:00:00,08,31,2002,12,201.05
08.31.2002-15:00:00,08,31,2002,15,216.76
08.31.2002-18:00:00,08,31,2002,18,250.33
08.31.2002-21:00:00,08,31,2002,21,275.43
09.01.2002-00:00:00,09,01,2002,00,278.35
09.01.2002-03:00:00,09,01,2002,03,275.73
09.01.2002-06:00:00,09,01,2002,06,257.98
09.01.2002-09:00:00,09,01,2002,09,230.96
09.01.2002-12:00:00,09,01,2002,12,225.39
09.01.2002-15:00:00,09,01,2002,15,233.46
09.01.2002-18:00:00,09,01,2002,18,260.74
09.01.2002-21:00:00,09,01,2002,21,272.74
09.02.2002-00:00:00,09,02,2002,00,282.83
09.02.2002-03:00:00,09,02,2002,03,275.64
09.02.2002-06:00:00,09,02,2002,06,245.79
09.02.2002-09:00:00,09,02,2002,09,193.32
09.02.2002-12:00:00,09,02,2002,12,189.45
09.02.2002-15:00:00,09,02,2002,15,209.48
09.02.2002-18:00:00,09,02,2002,18,240.6
09.02.2002-21:00:00,09,02,2002,21,263.52
09.03.2002-00:00:00,09,03,2002,00,274.39
09.03.2002-03:00:00,09,03,2002,03,270.97
09.03.2002-06:00:00,09,03,2002,06,245.81
09.03.2002-09:00:00,09,03,2002,09,198.05
09.03.2002-12:00:00,09,03,2002,12,194.23
09.03.2002-15:00:00,09,03,2002,15,211.19
09.03.2002-18:00:00,09,03,2002,18,242.44
09.03.2002-21:00:00,09,03,2002,21,265.6
09.04.2002-00:00:00,09,04,2002,00,274.18
09.04.2002-03:00:00,09,04,2002,03,274.28
09.04.2002-06:00:00,09,04,2002,06,248.73
09.04.2002-09:00:00,09,04,2002,09,191.07
09.04.2002-12:00:00,09,04,2002,12,186.44
09.04.2002-15:00:00,09,04,2002,15,206.22
09.04.2002-18:00:00,09,04,2002,18,238.44
09.04.2002-21:00:00,09,04,2002,21,258.98
09.05.2002-00:00:00,09,05,2002,00,271.18
09.05.2002-03:00:00,09,05,2002,03,273.09
09.05.2002-06:00:00,09,05,2002,06,261.96
09.05.2002-09:00:00,09,05,2002,09,198.02
09.05.2002-12:00:00,09,05,2002,12,193.44
09.05.2002-15:00:00,09,05,2002,15,206.82
09.05.2002-18:00:00,09,05,2002,18,239.59
09.05.2002-21:00:00,09,05,2002,21,263.03
09.06.2002-00:00:00,09,06,2002,00,269.62
09.06.2002-03:00:00,09,06,2002,03,273.57
09.06.2002-06:00:00,09,06,2002,06,254.29
09.06.2002-09:00:00,09,06,2002,09,191.66
09.06.2002-12:00:00,09,06,2002,12,184.03
09.06.2002-15:00:00,09,06,2002,15,203.25
09.06.2002-18:00:00,09,06,2002,18,235.52
09.06.2002-21:00:00,09,06,2002,21,253.77
09.07.2002-00:00:00,09,07,2002,00,265.36
09.07.2002-03:00:00,09,07,2002,03,268.5
09.07.2002-06:00:00,09,07,2002,06,272.79
09.07.2002-09:00:00,09,07,2002,09,276.89
09.07.2002-12:00:00,09,07,2002,12,215.93
09.07.2002-15:00:00,09,07,2002,15,222.31
09.07.2002-18:00:00,09,07,2002,18,256.36
09.07.2002-21:00:00,09,07,2002,21,280.35
09.08.2002-00:00:00,09,08,2002,00,271.99
09.08.2002-03:00:00,09,08,2002,03,272.03
09.08.2002-06:00:00,09,08,2002,06,255.99
09.08.2002-09:00:00,09,08,2002,09,229.55
09.08.2002-12:00:00,09,08,2002,12,204.3
09.08.2002-15:00:00,09,08,2002,15,232.67
09.08.2002-18:00:00,09,08,2002,18,245.03
09.08.2002-21:00:00,09,08,2002,21,260.85
09.09.2002-00:00:00,09,09,2002,00,262.54
09.09.2002-03:00:00,09,09,2002,03,262.22
09.09.2002-06:00:00,09,09,2002,06,230.07
09.09.2002-09:00:00,09,09,2002,09,183.8
09.09.2002-12:00:00,09,09,2002,12,160.8
09.09.2002-15:00:00,09,09,2002,15,191.87
09.09.2002-18:00:00,09,09,2002,18,217.07
09.09.2002-21:00:00,09,09,2002,21,237.62
09.10.2002-00:00:00,09,10,2002,00,252.1
09.10.2002-03:00:00,09,10,2002,03,253.55
09.10.2002-06:00:00,09,10,2002,06,227.21
09.10.2002-09:00:00,09,10,2002,09,168.14
09.10.2002-12:00:00,09,10,2002,12,162.81
09.10.2002-15:00:00,09,10,2002,15,186.04
09.10.2002-18:00:00,09,10,2002,18,210.74
09.10.2002-21:00:00,09,10,2002,21,222.55
09.11.2002-00:00:00,09,11,2002,00,241.04
09.11.2002-03:00:00,09,11,2002,03,248.08
09.11.2002-06:00:00,09,11,2002,06,215
09.11.2002-09:00:00,09,11,2002,09,170.72
09.11.2002-12:00:00,09,11,2002,12,147.2
09.11.2002-15:00:00,09,11,2002,15,178.84
09.11.2002-18:00:00,09,11,2002,18,207
09.11.2002-21:00:00,09,11,2002,21,215.55
09.12.2002-00:00:00,09,12,2002,00,231.54
09.12.2002-03:00:00,09,12,2002,03,243
09.12.2002-06:00:00,09,12,2002,06,210.89
09.12.2002-09:00:00,09,12,2002,09,167.74
09.12.2002-12:00:00,09,12,2002,12,144.68
09.12.2002-15:00:00,09,12,2002,15,175.72
09.12.2002-18:00:00,09,12,2002,18,203.9
09.12.2002-21:00:00,09,12,2002,21,211.86
09.13.2002-00:00:00,09,13,2002,00,223.76
09.13.2002-03:00:00,09,13,2002,03,236.87
09.13.2002-06:00:00,09,13,2002,06,201.69
09.13.2002-09:00:00,09,13,2002,09,163.7
09.13.2002-12:00:00,09,13,2002,12,140.98
09.13.2002-15:00:00,09,13,2002,15,169.01
09.13.2002-18:00:00,09,13,2002,18,200.07
09.13.2002-21:00:00,09,13,2002,21,207.08
09.14.2002-00:00:00,09,14,2002,00,215.7
09.14.2002-03:00:00,09,14,2002,03,231.19
09.14.2002-06:00:00,09,14,2002,06,207.48
09.14.2002-09:00:00,09,14,2002,09,163.89
09.14.2002-12:00:00,09,14,2002,12,141.33
09.14.2002-15:00:00,09,14,2002,15,171.44
09.14.2002-18:00:00,09,14,2002,18,199.01
09.14.2002-21:00:00,09,14,2002,21,206.82
09.15.2002-00:00:00,09,15,2002,00,217.28
09.15.2002-03:00:00,09,15,2002,03,231.06
09.15.2002-06:00:00,09,15,2002,06,206.32
09.15.2002-09:00:00,09,15,2002,09,172.03
09.15.2002-12:00:00,09,15,2002,12,152.74
09.15.2002-15:00:00,09,15,2002,15,175.71
09.15.2002-18:00:00,09,15,2002,18,198.87
09.15.2002-21:00:00,09,15,2002,21,212.99
09.16.2002-00:00:00,09,16,2002,00,225.22
09.16.2002-03:00:00,09,16,2002,03,231.04
09.16.2002-06:00:00,09,16,2002,06,206.35
09.16.2002-09:00:00,09,16,2002,09,168.56
09.16.2002-12:00:00,09,16,2002,12,166.09
09.16.2002-15:00:00,09,16,2002,15,176.23
09.16.2002-18:00:00,09,16,2002,18,197.07
09.16.2002-21:00:00,09,16,2002,21,210.21
09.17.2002-00:00:00,09,17,2002,00,224.36
09.17.2002-03:00:00,09,17,2002,03,229.47
09.17.2002-06:00:00,09,17,2002,06,212.52
09.17.2002-09:00:00,09,17,2002,09,178.4
09.17.2002-12:00:00,09,17,2002,12,176.24
09.17.2002-15:00:00,09,17,2002,15,182.17
09.17.2002-18:00:00,09,17,2002,18,203.06
09.17.2002-21:00:00,09,17,2002,21,221.45
09.18.2002-00:00:00,09,18,2002,00,227.46
09.18.2002-03:00:00,09,18,2002,03,233.51
09.18.2002-06:00:00,09,18,2002,06,209.44
09.18.2002-09:00:00,09,18,2002,09,173.94
09.18.2002-12:00:00,09,18,2002,12,154.54
09.18.2002-15:00:00,09,18,2002,15,177.1
09.18.2002-18:00:00,09,18,2002,18,198.67
09.18.2002-21:00:00,09,18,2002,21,215.62
09.19.2002-00:00:00,09,19,2002,00,222.48
09.19.2002-03:00:00,09,19,2002,03,230.05
09.19.2002-06:00:00,09,19,2002,06,207.58
09.19.2002-09:00:00,09,19,2002,09,165.04
09.19.2002-12:00:00,09,19,2002,12,143.56
09.19.2002-15:00:00,09,19,2002,15,171.07
09.19.2002-18:00:00,09,19,2002,18,192.93
09.19.2002-21:00:00,09,19,2002,21,202.45
09.20.2002-00:00:00,09,20,2002,00,216.45
09.20.2002-03:00:00,09,20,2002,03,221.3
09.20.2002-06:00:00,09,20,2002,06,210.21
09.20.2002-09:00:00,09,20,2002,09,158.56
09.20.2002-12:00:00,09,20,2002,12,154.75
09.20.2002-15:00:00,09,20,2002,15,172.34
09.20.2002-18:00:00,09,20,2002,18,192.43
09.20.2002-21:00:00,09,20,2002,21,198.88
09.21.2002-00:00:00,09,21,2002,00,216.83
09.21.2002-03:00:00,09,21,2002,03,219.19
09.21.2002-06:00:00,09,21,2002,06,224.99
09.21.2002-09:00:00,09,21,2002,09,159.51
09.21.2002-12:00:00,09,21,2002,12,154.84
09.21.2002-15:00:00,09,21,2002,15,171.75
09.21.2002-18:00:00,09,21,2002,18,191.43
09.21.2002-21:00:00,09,21,2002,21,197.47
09.22.2002-00:00:00,09,22,2002,00,212.85
09.22.2002-03:00:00,09,22,2002,03,219.57
09.22.2002-06:00:00,09,22,2002,06,219.88
09.22.2002-09:00:00,09,22,2002,09,161.34
09.22.2002-12:00:00,09,22,2002,12,139.49
09.22.2002-15:00:00,09,22,2002,15,165.24
09.22.2002-18:00:00,09,22,2002,18,187.56
09.22.2002-21:00:00,09,22,2002,21,195.63
09.23.2002-00:00:00,09,23,2002,00,205.83
09.23.2002-03:00:00,09,23,2002,03,212.9
09.23.2002-06:00:00,09,23,2002,06,203.23
09.23.2002-09:00:00,09,23,2002,09,148.63
09.23.2002-12:00:00,09,23,2002,12,143.89
09.23.2002-15:00:00,09,23,2002,15,162.02
09.23.2002-18:00:00,09,23,2002,18,183.41
09.23.2002-21:00:00,09,23,2002,21,190.91
09.24.2002-00:00:00,09,24,2002,00,197.13
09.24.2002-03:00:00,09,24,2002,03,208.46
09.24.2002-06:00:00,09,24,2002,06,192.34
09.24.2002-09:00:00,09,24,2002,09,165.28
09.24.2002-12:00:00,09,24,2002,12,147.73
09.24.2002-15:00:00,09,24,2002,15,165.15
09.24.2002-18:00:00,09,24,2002,18,187.2
09.24.2002-21:00:00,09,24,2002,21,199.88
09.25.2002-00:00:00,09,25,2002,00,204.87
09.25.2002-03:00:00,09,25,2002,03,213.32
09.25.2002-06:00:00,09,25,2002,06,189.74
09.25.2002-09:00:00,09,25,2002,09,153.09
09.25.2002-12:00:00,09,25,2002,12,132.95
09.25.2002-15:00:00,09,25,2002,15,158.14
09.25.2002-18:00:00,09,25,2002,18,179.07
09.25.2002-21:00:00,09,25,2002,21,186.89
09.26.2002-00:00:00,09,26,2002,00,195.86
09.26.2002-03:00:00,09,26,2002,03,203.53
09.26.2002-06:00:00,09,26,2002,06,195.78
09.26.2002-09:00:00,09,26,2002,09,172.19
09.26.2002-12:00:00,09,26,2002,12,157.49
09.26.2002-15:00:00,09,26,2002,15,178.69
09.26.2002-18:00:00,09,26,2002,18,188.65
09.26.2002-21:00:00,09,26,2002,21,200.45
09.27.2002-00:00:00,09,27,2002,00,208
09.27.2002-03:00:00,09,27,2002,03,207.31
09.27.2002-06:00:00,09,27,2002,06,190.72
09.27.2002-09:00:00,09,27,2002,09,148.83
09.27.2002-12:00:00,09,27,2002,12,146.2
09.27.2002-15:00:00,09,27,2002,15,159.69
09.27.2002-18:00:00,09,27,2002,18,179.38
09.27.2002-21:00:00,09,27,2002,21,185.49
09.28.2002-00:00:00,09,28,2002,00,194.88
09.28.2002-03:00:00,09,28,2002,03,202.75
09.28.2002-06:00:00,09,28,2002,06,203.12
09.28.2002-09:00:00,09,28,2002,09,156.76
09.28.2002-12:00:00,09,28,2002,12,137.56
09.28.2002-15:00:00,09,28,2002,15,158.57
09.28.2002-18:00:00,09,28,2002,18,178.53
09.28.2002-21:00:00,09,28,2002,21,185.9
09.29.2002-00:00:00,09,29,2002,00,194.58
09.29.2002-03:00:00,09,29,2002,03,197.13
09.29.2002-06:00:00,09,29,2002,06,194.05
09.29.2002-09:00:00,09,29,2002,09,167.04
09.29.2002-12:00:00,09,29,2002,12,166.02
09.29.2002-15:00:00,09,29,2002,15,169.3
09.29.2002-18:00:00,09,29,2002,18,187.25
09.29.2002-21:00:00,09,29,2002,21,197.8
09.30.2002-00:00:00,09,30,2002,00,198.62
09.30.2002-03:00:00,09,30,2002,03,203.96
09.30.2002-06:00:00,09,30,2002,06,192.13
09.30.2002-09:00:00,09,30,2002,09,170.98
09.30.2002-12:00:00,09,30,2002,12,156.32
09.30.2002-15:00:00,09,30,2002,15,175.95
09.30.2002-18:00:00,09,30,2002,18,184.03
09.30.2002-21:00:00,09,30,2002,21,196.17
