TIMESTAMP,MONTH,DAY,YEAR,HOUR,C
10.01.2001-00:00:00,10,01,2001,00,659.61
10.01.2001-03:00:00,10,01,2001,03,669.39
10.01.2001-06:00:00,10,01,2001,06,642.02
10.01.2001-09:00:00,10,01,2001,09,521.84
10.01.2001-12:00:00,10,01,2001,12,497.02
10.01.2001-15:00:00,10,01,2001,15,571.84
10.01.2001-18:00:00,10,01,2001,18,629.73
10.01.2001-21:00:00,10,01,2001,21,650.19
10.02.2001-00:00:00,10,02,2001,00,660.08
10.02.2001-03:00:00,10,02,2001,03,668.1
10.02.2001-06:00:00,10,02,2001,06,630.77
10.02.2001-09:00:00,10,02,2001,09,516.13
10.02.2001-12:00:00,10,02,2001,12,493.45
10.02.2001-15:00:00,10,02,2001,15,567.14
10.02.2001-18:00:00,10,02,2001,18,623.34
10.02.2001-21:00:00,10,02,2001,21,644.35
10.03.2001-00:00:00,10,03,2001,00,654.92
10.03.2001-03:00:00,10,03,2001,03,662.27
10.03.2001-06:00:00,10,03,2001,06,648.28
10.03.2001-09:00:00,10,03,2001,09,519.28
10.03.2001-12:00:00,10,03,2001,12,493.61
10.03.2001-15:00:00,10,03,2001,15,565.66
10.03.2001-18:00:00,10,03,2001,18,619.87
10.03.2001-21:00:00,10,03,2001,21,640.05
10.04.2001-00:00:00,10,04,2001,00,649.85
10.04.2001-03:00:00,10,04,2001,03,658.19
10.04.2001-06:00:00,10,04,2001,06,654.41
10.04.2001-09:00:00,10,04,2001,09,522.24
10.04.2001-12:00:00,10,04,2001,12,497.36
10.04.2001-15:00:00,10,04,2001,15,567.26
10.04.2001-18:00:00,10,04,2001,18,619.62
10.04.2001-21:00:00,10,04,2001,21,638.22
10.05.2001-00:00:00,10,05,2001,00,646.85
10.05.2001-03:00:00,10,05,2001,03,657.43
10.05.2001-06:00:00,10,05,2001,06,652.92
10.05.2001-09:00:00,10,05,2001,09,530.46
10.05.2001-12:00:00,10,05,2001,12,503.96
10.05.2001-15:00:00,10,05,2001,15,571.59
10.05.2001-18:00:00,10,05,2001,18,621.38
10.05.2001-21:00:00,10,05,2001,21,635.75
10.06.2001-00:00:00,10,06,2001,00,648.17
10.06.2001-03:00:00,10,06,2001,03,656.73
10.06.2001-06:00:00,10,06,2001,06,652.21
10.06.2001-09:00:00,10,06,2001,09,542.26
10.06.2001-12:00:00,10,06,2001,12,517.82
10.06.2001-15:00:00,10,06,2001,15,576.28
10.06.2001-18:00:00,10,06,2001,18,623.58
10.06.2001-21:00:00,10,06,2001,21,636.65
10.07.2001-00:00:00,10,07,2001,00,649.13
10.07.2001-03:00:00,10,07,2001,03,656.43
10.07.2001-06:00:00,10,07,2001,06,649.98
10.07.2001-09:00:00,10,07,2001,09,558.18
10.07.2001-12:00:00,10,07,2001,12,536.67
10.07.2001-15:00:00,10,07,2001,15,587.11
10.07.2001-18:00:00,10,07,2001,18,628.49
10.07.2001-21:00:00,10,07,2001,21,644
10.08.2001-00:00:00,10,08,2001,00,652.84
10.08.2001-03:00:00,10,08,2001,03,655.72
10.08.2001-06:00:00,10,08,2001,06,656
10.08.2001-09:00:00,10,08,2001,09,671.82
10.08.2001-12:00:00,10,08,2001,12,580.6
10.08.2001-15:00:00,10,08,2001,15,605.55
10.08.2001-18:00:00,10,08,2001,18,643.05
10.08.2001-21:00:00,10,08,2001,21,653.92
10.09.2001-00:00:00,10,09,2001,00,656.43
10.09.2001-03:00:00,10,09,2001,03,656.27
10.09.2001-06:00:00,10,09,2001,06,653.96
10.09.2001-09:00:00,10,09,2001,09,639.15
10.09.2001-12:00:00,10,09,2001,12,563.47
10.09.2001-15:00:00,10,09,2001,15,592.22
10.09.2001-18:00:00,10,09,2001,18,630.8
10.09.2001-21:00:00,10,09,2001,21,648.27
10.10.2001-00:00:00,10,10,2001,00,651.82
10.10.2001-03:00:00,10,10,2001,03,654.03
10.10.2001-06:00:00,10,10,2001,06,653.94
10.10.2001-09:00:00,10,10,2001,09,871.39
10.10.2001-12:00:00,10,10,2001,12,927.55
10.10.2001-15:00:00,10,10,2001,15,717.29
10.10.2001-18:00:00,10,10,2001,18,675.65
10.10.2001-21:00:00,10,10,2001,21,668.11
10.11.2001-00:00:00,10,11,2001,00,666.93
10.11.2001-03:00:00,10,11,2001,03,665.59
10.11.2001-06:00:00,10,11,2001,06,665.5
10.11.2001-09:00:00,10,11,2001,09,815.32
10.11.2001-12:00:00,10,11,2001,12,1032.6
10.11.2001-15:00:00,10,11,2001,15,765.61
10.11.2001-18:00:00,10,11,2001,18,702.5
10.11.2001-21:00:00,10,11,2001,21,685.66
10.12.2001-00:00:00,10,12,2001,00,685.26
10.12.2001-03:00:00,10,12,2001,03,680.45
10.12.2001-06:00:00,10,12,2001,06,677.38
10.12.2001-09:00:00,10,12,2001,09,770.23
10.12.2001-12:00:00,10,12,2001,12,1016.4
10.12.2001-15:00:00,10,12,2001,15,834.97
10.12.2001-18:00:00,10,12,2001,18,742.44
10.12.2001-21:00:00,10,12,2001,21,704.5
10.13.2001-00:00:00,10,13,2001,00,701.06
10.13.2001-03:00:00,10,13,2001,03,695.27
10.13.2001-06:00:00,10,13,2001,06,743.65
10.13.2001-09:00:00,10,13,2001,09,1104.7
10.13.2001-12:00:00,10,13,2001,12,1054.9
10.13.2001-15:00:00,10,13,2001,15,886.13
10.13.2001-18:00:00,10,13,2001,18,799.92
10.13.2001-21:00:00,10,13,2001,21,742.29
10.14.2001-00:00:00,10,14,2001,00,719.6
10.14.2001-03:00:00,10,14,2001,03,704.5
10.14.2001-06:00:00,10,14,2001,06,702.37
10.14.2001-09:00:00,10,14,2001,09,721.04
10.14.2001-12:00:00,10,14,2001,12,629.99
10.14.2001-15:00:00,10,14,2001,15,656.44
10.14.2001-18:00:00,10,14,2001,18,683.42
10.14.2001-21:00:00,10,14,2001,21,688.98
10.15.2001-00:00:00,10,15,2001,00,689.19
10.15.2001-03:00:00,10,15,2001,03,690.66
10.15.2001-06:00:00,10,15,2001,06,693.74
10.15.2001-09:00:00,10,15,2001,09,686.41
10.15.2001-12:00:00,10,15,2001,12,598.95
10.15.2001-15:00:00,10,15,2001,15,633.95
10.15.2001-18:00:00,10,15,2001,18,666.87
10.15.2001-21:00:00,10,15,2001,21,681.34
10.16.2001-00:00:00,10,16,2001,00,683.44
10.16.2001-03:00:00,10,16,2001,03,687.28
10.16.2001-06:00:00,10,16,2001,06,678.86
10.16.2001-09:00:00,10,16,2001,09,590.6
10.16.2001-12:00:00,10,16,2001,12,579.57
10.16.2001-15:00:00,10,16,2001,15,631.55
10.16.2001-18:00:00,10,16,2001,18,660
10.16.2001-21:00:00,10,16,2001,21,669.71
10.17.2001-00:00:00,10,17,2001,00,675.04
10.17.2001-03:00:00,10,17,2001,03,678.26
10.17.2001-06:00:00,10,17,2001,06,675.07
10.17.2001-09:00:00,10,17,2001,09,627.57
10.17.2001-12:00:00,10,17,2001,12,619.6
10.17.2001-15:00:00,10,17,2001,15,652.61
10.17.2001-18:00:00,10,17,2001,18,673.25
10.17.2001-21:00:00,10,17,2001,21,677.75
10.18.2001-00:00:00,10,18,2001,00,677.74
10.18.2001-03:00:00,10,18,2001,03,679.51
10.18.2001-06:00:00,10,18,2001,06,670.91
10.18.2001-09:00:00,10,18,2001,09,597.61
10.18.2001-12:00:00,10,18,2001,12,581.13
10.18.2001-15:00:00,10,18,2001,15,618.93
10.18.2001-18:00:00,10,18,2001,18,647.46
10.18.2001-21:00:00,10,18,2001,21,658.26
10.19.2001-00:00:00,10,19,2001,00,666.15
10.19.2001-03:00:00,10,19,2001,03,671.39
10.19.2001-06:00:00,10,19,2001,06,671.85
10.19.2001-09:00:00,10,19,2001,09,669.15
10.19.2001-12:00:00,10,19,2001,12,584.67
10.19.2001-15:00:00,10,19,2001,15,617.32
10.19.2001-18:00:00,10,19,2001,18,649.37
10.19.2001-21:00:00,10,19,2001,21,659.88
10.20.2001-00:00:00,10,20,2001,00,664.7
10.20.2001-03:00:00,10,20,2001,03,667.37
10.20.2001-06:00:00,10,20,2001,06,668.92
10.20.2001-09:00:00,10,20,2001,09,644.62
10.20.2001-12:00:00,10,20,2001,12,581.3
10.20.2001-15:00:00,10,20,2001,15,614.88
10.20.2001-18:00:00,10,20,2001,18,643.44
10.20.2001-21:00:00,10,20,2001,21,655.12
10.21.2001-00:00:00,10,21,2001,00,662.44
10.21.2001-03:00:00,10,21,2001,03,665.01
10.21.2001-06:00:00,10,21,2001,06,665.03
10.21.2001-09:00:00,10,21,2001,09,807.11
10.21.2001-12:00:00,10,21,2001,12,664.33
10.21.2001-15:00:00,10,21,2001,15,669.34
10.21.2001-18:00:00,10,21,2001,18,667.63
10.21.2001-21:00:00,10,21,2001,21,671.16
10.22.2001-00:00:00,10,22,2001,00,668.89
10.22.2001-03:00:00,10,22,2001,03,669.35
10.22.2001-06:00:00,10,22,2001,06,666.87
10.22.2001-09:00:00,10,22,2001,09,679.31
10.22.2001-12:00:00,10,22,2001,12,724.14
10.22.2001-15:00:00,10,22,2001,15,673.9
10.22.2001-18:00:00,10,22,2001,18,667.52
10.22.2001-21:00:00,10,22,2001,21,670.05
10.23.2001-00:00:00,10,23,2001,00,667.31
10.23.2001-03:00:00,10,23,2001,03,669.96
10.23.2001-06:00:00,10,23,2001,06,667.17
10.23.2001-09:00:00,10,23,2001,09,684.79
10.23.2001-12:00:00,10,23,2001,12,1045
10.23.2001-15:00:00,10,23,2001,15,759.54
10.23.2001-18:00:00,10,23,2001,18,695.07
10.23.2001-21:00:00,10,23,2001,21,678.34
10.24.2001-00:00:00,10,24,2001,00,677.43
10.24.2001-03:00:00,10,24,2001,03,676.14
10.24.2001-06:00:00,10,24,2001,06,676.24
10.24.2001-09:00:00,10,24,2001,09,656.9
10.24.2001-12:00:00,10,24,2001,12,653.71
10.24.2001-15:00:00,10,24,2001,15,663.72
10.24.2001-18:00:00,10,24,2001,18,668.54
10.24.2001-21:00:00,10,24,2001,21,670.59
10.25.2001-00:00:00,10,25,2001,00,672.93
10.25.2001-03:00:00,10,25,2001,03,670.38
10.25.2001-06:00:00,10,25,2001,06,672.03
10.25.2001-09:00:00,10,25,2001,09,667.67
10.25.2001-12:00:00,10,25,2001,12,671.19
10.25.2001-15:00:00,10,25,2001,15,669.72
10.25.2001-18:00:00,10,25,2001,18,672.64
10.25.2001-21:00:00,10,25,2001,21,670.25
10.26.2001-00:00:00,10,26,2001,00,671.91
10.26.2001-03:00:00,10,26,2001,03,670.42
10.26.2001-06:00:00,10,26,2001,06,671.68
10.26.2001-09:00:00,10,26,2001,09,665.78
10.26.2001-12:00:00,10,26,2001,12,667.01
10.26.2001-15:00:00,10,26,2001,15,667.5
10.26.2001-18:00:00,10,26,2001,18,669.34
10.26.2001-21:00:00,10,26,2001,21,671.27
10.27.2001-00:00:00,10,27,2001,00,668.69
10.27.2001-03:00:00,10,27,2001,03,670.22
10.27.2001-06:00:00,10,27,2001,06,668.51
10.27.2001-09:00:00,10,27,2001,09,649.21
10.27.2001-12:00:00,10,27,2001,12,645.07
10.27.2001-15:00:00,10,27,2001,15,661.53
10.27.2001-18:00:00,10,27,2001,18,660.57
10.27.2001-21:00:00,10,27,2001,21,662.54
10.28.2001-00:00:00,10,28,2001,00,665.6
10.28.2001-03:00:00,10,28,2001,03,667.18
10.28.2001-06:00:00,10,28,2001,06,664.98
10.28.2001-09:00:00,10,28,2001,09,651.52
10.28.2001-12:00:00,10,28,2001,12,646.33
10.28.2001-15:00:00,10,28,2001,15,657.28
10.28.2001-18:00:00,10,28,2001,18,662.21
10.28.2001-21:00:00,10,28,2001,21,663.51
10.29.2001-00:00:00,10,29,2001,00,664.89
10.29.2001-03:00:00,10,29,2001,03,663.61
10.29.2001-06:00:00,10,29,2001,06,664.05
10.29.2001-09:00:00,10,29,2001,09,659.6
10.29.2001-12:00:00,10,29,2001,12,651.09
10.29.2001-15:00:00,10,29,2001,15,661.5
10.29.2001-18:00:00,10,29,2001,18,664.12
10.29.2001-21:00:00,10,29,2001,21,661.65
10.30.2001-00:00:00,10,30,2001,00,661.79
10.30.2001-03:00:00,10,30,2001,03,664.03
10.30.2001-06:00:00,10,30,2001,06,661.53
10.30.2001-09:00:00,10,30,2001,09,661.59
10.30.2001-12:00:00,10,30,2001,12,662.33
10.30.2001-15:00:00,10,30,2001,15,661.11
10.30.2001-18:00:00,10,30,2001,18,661.29
10.30.2001-21:00:00,10,30,2001,21,662.06
10.31.2001-00:00:00,10,31,2001,00,659.22
10.31.2001-03:00:00,10,31,2001,03,660.64
10.31.2001-06:00:00,10,31,2001,06,661.72
10.31.2001-09:00:00,10,31,2001,09,655.06
10.31.2001-12:00:00,10,31,2001,12,694.57
10.31.2001-15:00:00,10,31,2001,15,705.61
10.31.2001-18:00:00,10,31,2001,18,662.33
10.31.2001-21:00:00,10,31,2001,21,659.88
11.01.2001-00:00:00,11,01,2001,00,660.78
11.01.2001-03:00:00,11,01,2001,03,658.05
11.01.2001-06:00:00,11,01,2001,06,658.18
11.01.2001-09:00:00,11,01,2001,09,648.68
11.01.2001-12:00:00,11,01,2001,12,642.29
11.01.2001-15:00:00,11,01,2001,15,652.6
11.01.2001-18:00:00,11,01,2001,18,654.74
11.01.2001-21:00:00,11,01,2001,21,657.29
11.02.2001-00:00:00,11,02,2001,00,655.26
11.02.2001-03:00:00,11,02,2001,03,656.38
11.02.2001-06:00:00,11,02,2001,06,657.62
11.02.2001-09:00:00,11,02,2001,09,638.22
11.02.2001-12:00:00,11,02,2001,12,633.66
11.02.2001-15:00:00,11,02,2001,15,644.45
11.02.2001-18:00:00,11,02,2001,18,648.61
11.02.2001-21:00:00,11,02,2001,21,650.12
11.03.2001-00:00:00,11,03,2001,00,651.96
11.03.2001-03:00:00,11,03,2001,03,652.7
11.03.2001-06:00:00,11,03,2001,06,654.32
11.03.2001-09:00:00,11,03,2001,09,637.05
11.03.2001-12:00:00,11,03,2001,12,632.85
11.03.2001-15:00:00,11,03,2001,15,644.16
11.03.2001-18:00:00,11,03,2001,18,646.98
11.03.2001-21:00:00,11,03,2001,21,648.27
11.04.2001-00:00:00,11,04,2001,00,649
11.04.2001-03:00:00,11,04,2001,03,649.68
11.04.2001-06:00:00,11,04,2001,06,651.85
11.04.2001-09:00:00,11,04,2001,09,633.41
11.04.2001-12:00:00,11,04,2001,12,629.72
11.04.2001-15:00:00,11,04,2001,15,651.42
11.04.2001-18:00:00,11,04,2001,18,644.12
11.04.2001-21:00:00,11,04,2001,21,644.15
11.05.2001-00:00:00,11,05,2001,00,645.57
11.05.2001-03:00:00,11,05,2001,03,645.07
11.05.2001-06:00:00,11,05,2001,06,646.06
11.05.2001-09:00:00,11,05,2001,09,633.67
11.05.2001-12:00:00,11,05,2001,12,628.67
11.05.2001-15:00:00,11,05,2001,15,637.73
11.05.2001-18:00:00,11,05,2001,18,640.88
11.05.2001-21:00:00,11,05,2001,21,641.51
11.06.2001-00:00:00,11,06,2001,00,642.75
11.06.2001-03:00:00,11,06,2001,03,641.51
11.06.2001-06:00:00,11,06,2001,06,642.22
11.06.2001-09:00:00,11,06,2001,09,639.71
11.06.2001-12:00:00,11,06,2001,12,631.08
11.06.2001-15:00:00,11,06,2001,15,637.28
11.06.2001-18:00:00,11,06,2001,18,640.11
11.06.2001-21:00:00,11,06,2001,21,639.92
11.07.2001-00:00:00,11,07,2001,00,642.11
11.07.2001-03:00:00,11,07,2001,03,639.11
11.07.2001-06:00:00,11,07,2001,06,639.64
11.07.2001-09:00:00,11,07,2001,09,638.67
11.07.2001-12:00:00,11,07,2001,12,640.71
11.07.2001-15:00:00,11,07,2001,15,637.85
11.07.2001-18:00:00,11,07,2001,18,637.33
11.07.2001-21:00:00,11,07,2001,21,638.27
11.08.2001-00:00:00,11,08,2001,00,638.6
11.08.2001-03:00:00,11,08,2001,03,636.5
11.08.2001-06:00:00,11,08,2001,06,637.13
11.08.2001-09:00:00,11,08,2001,09,634.88
11.08.2001-12:00:00,11,08,2001,12,626.2
11.08.2001-15:00:00,11,08,2001,15,633.73
11.08.2001-18:00:00,11,08,2001,18,634.39
11.08.2001-21:00:00,11,08,2001,21,634.19
11.09.2001-00:00:00,11,09,2001,00,635.59
11.09.2001-03:00:00,11,09,2001,03,633.66
11.09.2001-06:00:00,11,09,2001,06,634.25
11.09.2001-09:00:00,11,09,2001,09,631.25
11.09.2001-12:00:00,11,09,2001,12,619.79
11.09.2001-15:00:00,11,09,2001,15,630.48
11.09.2001-18:00:00,11,09,2001,18,630.63
11.09.2001-21:00:00,11,09,2001,21,631.08
11.10.2001-00:00:00,11,10,2001,00,630.74
11.10.2001-03:00:00,11,10,2001,03,630.36
11.10.2001-06:00:00,11,10,2001,06,630.01
11.10.2001-09:00:00,11,10,2001,09,629.66
11.10.2001-12:00:00,11,10,2001,12,618.21
11.10.2001-15:00:00,11,10,2001,15,626.43
11.10.2001-18:00:00,11,10,2001,18,629.86
11.10.2001-21:00:00,11,10,2001,21,628.2
11.11.2001-00:00:00,11,11,2001,00,627.78
11.11.2001-03:00:00,11,11,2001,03,627.42
11.11.2001-06:00:00,11,11,2001,06,627.07
11.11.2001-09:00:00,11,11,2001,09,623.2
11.11.2001-12:00:00,11,11,2001,12,615.22
11.11.2001-15:00:00,11,11,2001,15,622.6
11.11.2001-18:00:00,11,11,2001,18,624.95
11.11.2001-21:00:00,11,11,2001,21,625.19
11.12.2001-00:00:00,11,12,2001,00,624.96
11.12.2001-03:00:00,11,12,2001,03,624.69
11.12.2001-06:00:00,11,12,2001,06,624.4
11.12.2001-09:00:00,11,12,2001,09,624.06
11.12.2001-12:00:00,11,12,2001,12,619.83
11.12.2001-15:00:00,11,12,2001,15,622.92
11.12.2001-18:00:00,11,12,2001,18,622.86
11.12.2001-21:00:00,11,12,2001,21,622.51
11.13.2001-00:00:00,11,13,2001,00,622.12
11.13.2001-03:00:00,11,13,2001,03,622.01
11.13.2001-06:00:00,11,13,2001,06,622.88
11.13.2001-09:00:00,11,13,2001,09,620.13
11.13.2001-12:00:00,11,13,2001,12,619.13
11.13.2001-15:00:00,11,13,2001,15,619.89
11.13.2001-18:00:00,11,13,2001,18,619.74
11.13.2001-21:00:00,11,13,2001,21,619.41
11.14.2001-00:00:00,11,14,2001,00,618.98
11.14.2001-03:00:00,11,14,2001,03,618.7
11.14.2001-06:00:00,11,14,2001,06,618.41
11.14.2001-09:00:00,11,14,2001,09,700.91
11.14.2001-12:00:00,11,14,2001,12,1149.5
11.14.2001-15:00:00,11,14,2001,15,1254.3
11.14.2001-18:00:00,11,14,2001,18,1182.4
11.14.2001-21:00:00,11,14,2001,21,1111.7
11.15.2001-00:00:00,11,15,2001,00,693.57
11.15.2001-03:00:00,11,15,2001,03,651.82
11.15.2001-06:00:00,11,15,2001,06,646.28
11.15.2001-09:00:00,11,15,2001,09,638.39
11.15.2001-12:00:00,11,15,2001,12,644.17
11.15.2001-15:00:00,11,15,2001,15,655.56
11.15.2001-18:00:00,11,15,2001,18,648.06
11.15.2001-21:00:00,11,15,2001,21,647.42
11.16.2001-00:00:00,11,16,2001,00,646.37
11.16.2001-03:00:00,11,16,2001,03,645.91
11.16.2001-06:00:00,11,16,2001,06,645.43
11.16.2001-09:00:00,11,16,2001,09,634.69
11.16.2001-12:00:00,11,16,2001,12,630.39
11.16.2001-15:00:00,11,16,2001,15,641.42
11.16.2001-18:00:00,11,16,2001,18,643.2
11.16.2001-21:00:00,11,16,2001,21,642.9
11.17.2001-00:00:00,11,17,2001,00,642.35
11.17.2001-03:00:00,11,17,2001,03,641.91
11.17.2001-06:00:00,11,17,2001,06,641.37
11.17.2001-09:00:00,11,17,2001,09,626.97
11.17.2001-12:00:00,11,17,2001,12,622.11
11.17.2001-15:00:00,11,17,2001,15,634.11
11.17.2001-18:00:00,11,17,2001,18,638.18
11.17.2001-21:00:00,11,17,2001,21,638.36
11.18.2001-00:00:00,11,18,2001,00,637.88
11.18.2001-03:00:00,11,18,2001,03,637.43
11.18.2001-06:00:00,11,18,2001,06,636.93
11.18.2001-09:00:00,11,18,2001,09,636.46
11.18.2001-12:00:00,11,18,2001,12,635.95
11.18.2001-15:00:00,11,18,2001,15,635.48
11.18.2001-18:00:00,11,18,2001,18,634.86
11.18.2001-21:00:00,11,18,2001,21,634.7
11.19.2001-00:00:00,11,19,2001,00,633.86
11.19.2001-03:00:00,11,19,2001,03,633.58
11.19.2001-06:00:00,11,19,2001,06,633.07
11.19.2001-09:00:00,11,19,2001,09,632.65
11.19.2001-12:00:00,11,19,2001,12,631.95
11.19.2001-15:00:00,11,19,2001,15,631.64
11.19.2001-18:00:00,11,19,2001,18,631.12
11.19.2001-21:00:00,11,19,2001,21,630.72
11.20.2001-00:00:00,11,20,2001,00,630.02
11.20.2001-03:00:00,11,20,2001,03,629.79
11.20.2001-06:00:00,11,20,2001,06,629.11
11.20.2001-09:00:00,11,20,2001,09,628.89
11.20.2001-12:00:00,11,20,2001,12,627.74
11.20.2001-15:00:00,11,20,2001,15,627.97
11.20.2001-18:00:00,11,20,2001,18,627.3
11.20.2001-21:00:00,11,20,2001,21,627.1
11.21.2001-00:00:00,11,21,2001,00,626.4
11.21.2001-03:00:00,11,21,2001,03,626.21
11.21.2001-06:00:00,11,21,2001,06,625.5
11.21.2001-09:00:00,11,21,2001,09,624.2
11.21.2001-12:00:00,11,21,2001,12,622.41
11.21.2001-15:00:00,11,21,2001,15,624.09
11.21.2001-18:00:00,11,21,2001,18,623.64
11.21.2001-21:00:00,11,21,2001,21,623.49
11.22.2001-00:00:00,11,22,2001,00,622.76
11.22.2001-03:00:00,11,22,2001,03,622.47
11.22.2001-06:00:00,11,22,2001,06,621.85
11.22.2001-09:00:00,11,22,2001,09,621.59
11.22.2001-12:00:00,11,22,2001,12,620.63
11.22.2001-15:00:00,11,22,2001,15,620.68
11.22.2001-18:00:00,11,22,2001,18,619.93
11.22.2001-21:00:00,11,22,2001,21,619.79
11.23.2001-00:00:00,11,23,2001,00,619.03
11.23.2001-03:00:00,11,23,2001,03,618.9
11.23.2001-06:00:00,11,23,2001,06,618.12
11.23.2001-09:00:00,11,23,2001,09,617.04
11.23.2001-12:00:00,11,23,2001,12,610.4
11.23.2001-15:00:00,11,23,2001,15,616.1
11.23.2001-18:00:00,11,23,2001,18,616.12
11.23.2001-21:00:00,11,23,2001,21,616.05
11.24.2001-00:00:00,11,24,2001,00,615.24
11.24.2001-03:00:00,11,24,2001,03,615.13
11.24.2001-06:00:00,11,24,2001,06,614.31
11.24.2001-09:00:00,11,24,2001,09,614.2
11.24.2001-12:00:00,11,24,2001,12,613.39
11.24.2001-15:00:00,11,24,2001,15,613.3
11.24.2001-18:00:00,11,24,2001,18,612.47
11.24.2001-21:00:00,11,24,2001,21,612.2
11.25.2001-00:00:00,11,25,2001,00,611.33
11.25.2001-03:00:00,11,25,2001,03,611.24
11.25.2001-06:00:00,11,25,2001,06,610.39
11.25.2001-09:00:00,11,25,2001,09,610.3
11.25.2001-12:00:00,11,25,2001,12,609.43
11.25.2001-15:00:00,11,25,2001,15,609.35
11.25.2001-18:00:00,11,25,2001,18,608.48
11.25.2001-21:00:00,11,25,2001,21,608.4
11.26.2001-00:00:00,11,26,2001,00,607.52
11.26.2001-03:00:00,11,26,2001,03,607.44
11.26.2001-06:00:00,11,26,2001,06,606.54
11.26.2001-09:00:00,11,26,2001,09,606.42
11.26.2001-12:00:00,11,26,2001,12,605.52
11.26.2001-15:00:00,11,26,2001,15,605.45
11.26.2001-18:00:00,11,26,2001,18,604.54
11.26.2001-21:00:00,11,26,2001,21,604.47
11.27.2001-00:00:00,11,27,2001,00,603.54
11.27.2001-03:00:00,11,27,2001,03,603.47
11.27.2001-06:00:00,11,27,2001,06,602.53
11.27.2001-09:00:00,11,27,2001,09,602.46
11.27.2001-12:00:00,11,27,2001,12,601.51
11.27.2001-15:00:00,11,27,2001,15,601.46
11.27.2001-18:00:00,11,27,2001,18,600.69
11.27.2001-21:00:00,11,27,2001,21,600.64
11.28.2001-00:00:00,11,28,2001,00,599.67
11.28.2001-03:00:00,11,28,2001,03,599.21
11.28.2001-06:00:00,11,28,2001,06,598.59
11.28.2001-09:00:00,11,28,2001,09,598.19
11.28.2001-12:00:00,11,28,2001,12,597.56
11.28.2001-15:00:00,11,28,2001,15,597.16
11.28.2001-18:00:00,11,28,2001,18,596.51
11.28.2001-21:00:00,11,28,2001,21,596.11
11.29.2001-00:00:00,11,29,2001,00,595.06
11.29.2001-03:00:00,11,29,2001,03,595.41
11.29.2001-06:00:00,11,29,2001,06,594.05
11.29.2001-09:00:00,11,29,2001,09,593.98
11.29.2001-12:00:00,11,29,2001,12,592.96
11.29.2001-15:00:00,11,29,2001,15,593.31
11.29.2001-18:00:00,11,29,2001,18,591.94
11.29.2001-21:00:00,11,29,2001,21,591.88
11.30.2001-00:00:00,11,30,2001,00,590.84
11.30.2001-03:00:00,11,30,2001,03,590.84
11.30.2001-06:00:00,11,30,2001,06,589.81
11.30.2001-09:00:00,11,30,2001,09,589.82
11.30.2001-12:00:00,11,30,2001,12,588.78
11.30.2001-15:00:00,11,30,2001,15,588.78
11.30.2001-18:00:00,11,30,2001,18,587.73
11.30.2001-21:00:00,11,30,2001,21,587.74
12.01.2001-00:00:00,12,01,2001,00,586.68
12.01.2001-03:00:00,12,01,2001,03,586.69
12.01.2001-06:00:00,12,01,2001,06,585.61
12.01.2001-09:00:00,12,01,2001,09,585.63
12.01.2001-12:00:00,12,01,2001,12,584.54
12.01.2001-15:00:00,12,01,2001,15,584.55
12.01.2001-18:00:00,12,01,2001,18,583.45
12.01.2001-21:00:00,12,01,2001,21,583.47
12.02.2001-00:00:00,12,02,2001,00,582.36
12.02.2001-03:00:00,12,02,2001,03,582.38
12.02.2001-06:00:00,12,02,2001,06,581.26
12.02.2001-09:00:00,12,02,2001,09,581.28
12.02.2001-12:00:00,12,02,2001,12,580.16
12.02.2001-15:00:00,12,02,2001,15,579.84
12.02.2001-18:00:00,12,02,2001,18,579.65
12.02.2001-21:00:00,12,02,2001,21,578.39
12.03.2001-00:00:00,12,03,2001,00,578.12
12.03.2001-03:00:00,12,03,2001,03,577.86
12.03.2001-06:00:00,12,03,2001,06,576.7
12.03.2001-09:00:00,12,03,2001,09,576.3
12.03.2001-12:00:00,12,03,2001,12,575.31
12.03.2001-15:00:00,12,03,2001,15,574.99
12.03.2001-18:00:00,12,03,2001,18,573.74
12.03.2001-21:00:00,12,03,2001,21,574.41
12.04.2001-00:00:00,12,04,2001,00,572.52
12.04.2001-03:00:00,12,04,2001,03,572.81
12.04.2001-06:00:00,12,04,2001,06,571.92
12.04.2001-09:00:00,12,04,2001,09,570.77
12.04.2001-12:00:00,12,04,2001,12,571.06
12.04.2001-15:00:00,12,04,2001,15,570.21
12.04.2001-18:00:00,12,04,2001,18,569.07
12.04.2001-21:00:00,12,04,2001,21,569.32
12.05.2001-00:00:00,12,05,2001,00,568.48
12.05.2001-03:00:00,12,05,2001,03,567.36
12.05.2001-06:00:00,12,05,2001,06,567.55
12.05.2001-09:00:00,12,05,2001,09,566.74
12.05.2001-12:00:00,12,05,2001,12,565.62
12.05.2001-15:00:00,12,05,2001,15,565.82
12.05.2001-18:00:00,12,05,2001,18,564.58
12.05.2001-21:00:00,12,05,2001,21,564.37
12.06.2001-00:00:00,12,06,2001,00,564.14
12.06.2001-03:00:00,12,06,2001,03,562.72
12.06.2001-06:00:00,12,06,2001,06,562.13
12.06.2001-09:00:00,12,06,2001,09,562.03
12.06.2001-12:00:00,12,06,2001,12,561.82
12.06.2001-15:00:00,12,06,2001,15,560.4
12.06.2001-18:00:00,12,06,2001,18,559.75
12.06.2001-21:00:00,12,06,2001,21,559.25
12.07.2001-00:00:00,12,07,2001,00,559.09
12.07.2001-03:00:00,12,07,2001,03,558.9
12.07.2001-06:00:00,12,07,2001,06,557.46
12.07.2001-09:00:00,12,07,2001,09,556.81
12.07.2001-12:00:00,12,07,2001,12,556.22
12.07.2001-15:00:00,12,07,2001,15,555
12.07.2001-18:00:00,12,07,2001,18,555.44
12.07.2001-21:00:00,12,07,2001,21,553.86
12.08.2001-00:00:00,12,08,2001,00,554.61
12.08.2001-03:00:00,12,08,2001,03,552.66
12.08.2001-06:00:00,12,08,2001,06,552.59
12.08.2001-09:00:00,12,08,2001,09,551.41
12.08.2001-12:00:00,12,08,2001,12,551.4
12.08.2001-15:00:00,12,08,2001,15,550.23
12.08.2001-18:00:00,12,08,2001,18,550.21
12.08.2001-21:00:00,12,08,2001,21,549.03
12.09.2001-00:00:00,12,09,2001,00,549.01
12.09.2001-03:00:00,12,09,2001,03,547.83
12.09.2001-06:00:00,12,09,2001,06,547.81
12.09.2001-09:00:00,12,09,2001,09,546.63
12.09.2001-12:00:00,12,09,2001,12,546.61
12.09.2001-15:00:00,12,09,2001,15,545.43
12.09.2001-18:00:00,12,09,2001,18,545.4
12.09.2001-21:00:00,12,09,2001,21,544.22
12.10.2001-00:00:00,12,10,2001,00,544.19
12.10.2001-03:00:00,12,10,2001,03,543.01
12.10.2001-06:00:00,12,10,2001,06,542.97
12.10.2001-09:00:00,12,10,2001,09,541.79
12.10.2001-12:00:00,12,10,2001,12,541.75
12.10.2001-15:00:00,12,10,2001,15,540.57
12.10.2001-18:00:00,12,10,2001,18,540.53
12.10.2001-21:00:00,12,10,2001,21,539.35
12.11.2001-00:00:00,12,11,2001,00,538.66
12.11.2001-03:00:00,12,11,2001,03,538.7
12.11.2001-06:00:00,12,11,2001,06,537.5
12.11.2001-09:00:00,12,11,2001,09,536.83
12.11.2001-12:00:00,12,11,2001,12,536.84
12.11.2001-15:00:00,12,11,2001,15,535.66
12.11.2001-18:00:00,12,11,2001,18,534.97
12.11.2001-21:00:00,12,11,2001,21,535.01
12.12.2001-00:00:00,12,12,2001,00,533.81
12.12.2001-03:00:00,12,12,2001,03,533.14
12.12.2001-06:00:00,12,12,2001,06,533.15
12.12.2001-09:00:00,12,12,2001,09,531.94
12.12.2001-12:00:00,12,12,2001,12,531.25
12.12.2001-15:00:00,12,12,2001,15,531.28
12.12.2001-18:00:00,12,12,2001,18,530.09
12.12.2001-21:00:00,12,12,2001,21,529.41
12.13.2001-00:00:00,12,13,2001,00,529.42
12.13.2001-03:00:00,12,13,2001,03,528.24
12.13.2001-06:00:00,12,13,2001,06,527.58
12.13.2001-09:00:00,12,13,2001,09,526.94
12.13.2001-12:00:00,12,13,2001,12,526.9
12.13.2001-15:00:00,12,13,2001,15,525.71
12.13.2001-18:00:00,12,13,2001,18,525.01
12.13.2001-21:00:00,12,13,2001,21,524.4
12.14.2001-00:00:00,12,14,2001,00,524.41
12.14.2001-03:00:00,12,14,2001,03,523.23
12.14.2001-06:00:00,12,14,2001,06,522.54
12.14.2001-09:00:00,12,14,2001,09,521.93
12.14.2001-12:00:00,12,14,2001,12,521.94
12.14.2001-15:00:00,12,14,2001,15,520.75
12.14.2001-18:00:00,12,14,2001,18,520.07
12.14.2001-21:00:00,12,14,2001,21,519.06
12.15.2001-00:00:00,12,15,2001,00,518.78
12.15.2001-03:00:00,12,15,2001,03,518.82
12.15.2001-06:00:00,12,15,2001,06,517.22
12.15.2001-09:00:00,12,15,2001,09,516.49
12.15.2001-12:00:00,12,15,2001,12,515.89
12.15.2001-15:00:00,12,15,2001,15,515.28
12.15.2001-18:00:00,12,15,2001,18,515.7
12.15.2001-21:00:00,12,15,2001,21,514.18
12.16.2001-00:00:00,12,16,2001,00,513.46
12.16.2001-03:00:00,12,16,2001,03,512.85
12.16.2001-06:00:00,12,16,2001,06,512.25
12.16.2001-09:00:00,12,16,2001,09,511.64
12.16.2001-12:00:00,12,16,2001,12,511.67
12.16.2001-15:00:00,12,16,2001,15,510.5
12.16.2001-18:00:00,12,16,2001,18,509.83
12.16.2001-21:00:00,12,16,2001,21,509.23
12.17.2001-00:00:00,12,17,2001,00,508.65
12.17.2001-03:00:00,12,17,2001,03,508.06
12.17.2001-06:00:00,12,17,2001,06,507.46
12.17.2001-09:00:00,12,17,2001,09,506.88
12.17.2001-12:00:00,12,17,2001,12,506.29
12.17.2001-15:00:00,12,17,2001,15,506.32
12.17.2001-18:00:00,12,17,2001,18,505.18
12.17.2001-21:00:00,12,17,2001,21,504.52
12.18.2001-00:00:00,12,18,2001,00,503.92
12.18.2001-03:00:00,12,18,2001,03,503.34
12.18.2001-06:00:00,12,18,2001,06,502.62
12.18.2001-09:00:00,12,18,2001,09,502.13
12.18.2001-12:00:00,12,18,2001,12,501.44
12.18.2001-15:00:00,12,18,2001,15,500.83
12.18.2001-18:00:00,12,18,2001,18,500.23
12.18.2001-21:00:00,12,18,2001,21,499.65
12.19.2001-00:00:00,12,19,2001,00,499.06
12.19.2001-03:00:00,12,19,2001,03,498.46
12.19.2001-06:00:00,12,19,2001,06,497.88
12.19.2001-09:00:00,12,19,2001,09,497.28
12.19.2001-12:00:00,12,19,2001,12,496.68
12.19.2001-15:00:00,12,19,2001,15,496.1
12.19.2001-18:00:00,12,19,2001,18,495.51
12.19.2001-21:00:00,12,19,2001,21,494.9
12.20.2001-00:00:00,12,20,2001,00,494.31
12.20.2001-03:00:00,12,20,2001,03,493.7
12.20.2001-06:00:00,12,20,2001,06,493.07
12.20.2001-09:00:00,12,20,2001,09,492.47
12.20.2001-12:00:00,12,20,2001,12,491.86
12.20.2001-15:00:00,12,20,2001,15,491.24
12.20.2001-18:00:00,12,20,2001,18,490.65
12.20.2001-21:00:00,12,20,2001,21,490.04
12.21.2001-00:00:00,12,21,2001,00,489.43
12.21.2001-03:00:00,12,21,2001,03,488.84
12.21.2001-06:00:00,12,21,2001,06,488.25
12.21.2001-09:00:00,12,21,2001,09,487.64
12.21.2001-12:00:00,12,21,2001,12,487.03
12.21.2001-15:00:00,12,21,2001,15,486.45
12.21.2001-18:00:00,12,21,2001,18,485.84
12.21.2001-21:00:00,12,21,2001,21,485.23
12.22.2001-00:00:00,12,22,2001,00,484.63
12.22.2001-03:00:00,12,22,2001,03,484.05
12.22.2001-06:00:00,12,22,2001,06,483.45
12.22.2001-09:00:00,12,22,2001,09,482.85
12.22.2001-12:00:00,12,22,2001,12,482.26
12.22.2001-15:00:00,12,22,2001,15,481.69
12.22.2001-18:00:00,12,22,2001,18,481.1
12.22.2001-21:00:00,12,22,2001,21,480.5
12.23.2001-00:00:00,12,23,2001,00,479.91
12.23.2001-03:00:00,12,23,2001,03,479.32
12.23.2001-06:00:00,12,23,2001,06,478.73
12.23.2001-09:00:00,12,23,2001,09,478.13
12.23.2001-12:00:00,12,23,2001,12,477.53
12.23.2001-15:00:00,12,23,2001,15,476.96
12.23.2001-18:00:00,12,23,2001,18,476.37
12.23.2001-21:00:00,12,23,2001,21,475.77
12.24.2001-00:00:00,12,24,2001,00,475.18
12.24.2001-03:00:00,12,24,2001,03,474.61
12.24.2001-06:00:00,12,24,2001,06,474.03
12.24.2001-09:00:00,12,24,2001,09,473.44
12.24.2001-12:00:00,12,24,2001,12,472.86
12.24.2001-15:00:00,12,24,2001,15,472.29
12.24.2001-18:00:00,12,24,2001,18,471.71
12.24.2001-21:00:00,12,24,2001,21,471.13
12.25.2001-00:00:00,12,25,2001,00,470.55
12.25.2001-03:00:00,12,25,2001,03,469.98
12.25.2001-06:00:00,12,25,2001,06,469.41
12.25.2001-09:00:00,12,25,2001,09,468.83
12.25.2001-12:00:00,12,25,2001,12,468.25
12.25.2001-15:00:00,12,25,2001,15,467.67
12.25.2001-18:00:00,12,25,2001,18,467.12
12.25.2001-21:00:00,12,25,2001,21,466.54
12.26.2001-00:00:00,12,26,2001,00,465.96
12.26.2001-03:00:00,12,26,2001,03,465.37
12.26.2001-06:00:00,12,26,2001,06,464.79
12.26.2001-09:00:00,12,26,2001,09,464.22
12.26.2001-12:00:00,12,26,2001,12,463.65
12.26.2001-15:00:00,12,26,2001,15,463.07
12.26.2001-18:00:00,12,26,2001,18,462.49
12.26.2001-21:00:00,12,26,2001,21,461.91
12.27.2001-00:00:00,12,27,2001,00,461.36
12.27.2001-03:00:00,12,27,2001,03,460.79
12.27.2001-06:00:00,12,27,2001,06,460.22
12.27.2001-09:00:00,12,27,2001,09,459.65
12.27.2001-12:00:00,12,27,2001,12,459.08
12.27.2001-15:00:00,12,27,2001,15,458.51
12.27.2001-18:00:00,12,27,2001,18,457.96
12.27.2001-21:00:00,12,27,2001,21,457.4
12.28.2001-00:00:00,12,28,2001,00,456.84
12.28.2001-03:00:00,12,28,2001,03,456.27
12.28.2001-06:00:00,12,28,2001,06,455.7
12.28.2001-09:00:00,12,28,2001,09,455.14
12.28.2001-12:00:00,12,28,2001,12,454.59
12.28.2001-15:00:00,12,28,2001,15,454.04
12.28.2001-18:00:00,12,28,2001,18,453.48
12.28.2001-21:00:00,12,28,2001,21,452.91
12.29.2001-00:00:00,12,29,2001,00,452.35
12.29.2001-03:00:00,12,29,2001,03,451.78
12.29.2001-06:00:00,12,29,2001,06,451.22
12.29.2001-09:00:00,12,29,2001,09,450.68
12.29.2001-12:00:00,12,29,2001,12,449.41
12.29.2001-15:00:00,12,29,2001,15,449.5
12.29.2001-18:00:00,12,29,2001,18,448.31
12.29.2001-21:00:00,12,29,2001,21,448.39
12.30.2001-00:00:00,12,30,2001,00,447.2
12.30.2001-03:00:00,12,30,2001,03,447.28
12.30.2001-06:00:00,12,30,2001,06,446.09
12.30.2001-09:00:00,12,30,2001,09,446.19
12.30.2001-12:00:00,12,30,2001,12,445.02
12.30.2001-15:00:00,12,30,2001,15,445.1
12.30.2001-18:00:00,12,30,2001,18,443.92
12.30.2001-21:00:00,12,30,2001,21,444
12.31.2001-00:00:00,12,31,2001,00,442.81
12.31.2001-03:00:00,12,31,2001,03,442.89
12.31.2001-06:00:00,12,31,2001,06,441.72
12.31.2001-09:00:00,12,31,2001,09,441.8
12.31.2001-12:00:00,12,31,2001,12,440.64
12.31.2001-15:00:00,12,31,2001,15,440.71
12.31.2001-18:00:00,12,31,2001,18,439.56
12.31.2001-21:00:00,12,31,2001,21,439.64
01.01.2002-00:00:00,01,01,2002,00,438.47
01.01.2002-03:00:00,01,01,2002,03,438.55
01.01.2002-06:00:00,01,01,2002,06,437.4
01.01.2002-09:00:00,01,01,2002,09,437.48
01.01.2002-12:00:00,01,01,2002,12,436.33
01.01.2002-15:00:00,01,01,2002,15,435.72
01.01.2002-18:00:00,01,01,2002,18,435.86
01.01.2002-21:00:00,01,01,2002,21,434.71
01.02.2002-00:00:00,01,02,2002,00,434.1
01.02.2002-03:00:00,01,02,2002,03,434.24
01.02.2002-06:00:00,01,02,2002,06,433.1
01.02.2002-09:00:00,01,02,2002,09,432.5
01.02.2002-12:00:00,01,02,2002,12,432.66
01.02.2002-15:00:00,01,02,2002,15,431.54
01.02.2002-18:00:00,01,02,2002,18,430.95
01.02.2002-21:00:00,01,02,2002,21,431.11
01.03.2002-00:00:00,01,03,2002,00,429.99
01.03.2002-03:00:00,01,03,2002,03,429.39
01.03.2002-06:00:00,01,03,2002,06,428.87
01.03.2002-09:00:00,01,03,2002,09,429.02
01.03.2002-12:00:00,01,03,2002,12,427.9
01.03.2002-15:00:00,01,03,2002,15,427.31
01.03.2002-18:00:00,01,03,2002,18,426.8
01.03.2002-21:00:00,01,03,2002,21,426.95
01.04.2002-00:00:00,01,04,2002,00,425.84
01.04.2002-03:00:00,01,04,2002,03,425.26
01.04.2002-06:00:00,01,04,2002,06,424.74
01.04.2002-09:00:00,01,04,2002,09,424.23
01.04.2002-12:00:00,01,04,2002,12,424.38
01.04.2002-15:00:00,01,04,2002,15,423.28
01.04.2002-18:00:00,01,04,2002,18,422.7
01.04.2002-21:00:00,01,04,2002,21,422.19
01.05.2002-00:00:00,01,05,2002,00,421.68
01.05.2002-03:00:00,01,05,2002,03,421.17
01.05.2002-06:00:00,01,05,2002,06,420.67
01.05.2002-09:00:00,01,05,2002,09,420.16
01.05.2002-12:00:00,01,05,2002,12,420.31
01.05.2002-15:00:00,01,05,2002,15,419.22
01.05.2002-18:00:00,01,05,2002,18,418.65
01.05.2002-21:00:00,01,05,2002,21,418.14
01.06.2002-00:00:00,01,06,2002,00,417.64
01.06.2002-03:00:00,01,06,2002,03,417.14
01.06.2002-06:00:00,01,06,2002,06,416.64
01.06.2002-09:00:00,01,06,2002,09,416.14
01.06.2002-12:00:00,01,06,2002,12,415.64
01.06.2002-15:00:00,01,06,2002,15,415.15
01.06.2002-18:00:00,01,06,2002,18,414.65
01.06.2002-21:00:00,01,06,2002,21,414.15
01.07.2002-00:00:00,01,07,2002,00,413.66
01.07.2002-03:00:00,01,07,2002,03,413.16
01.07.2002-06:00:00,01,07,2002,06,412.67
01.07.2002-09:00:00,01,07,2002,09,412.18
01.07.2002-12:00:00,01,07,2002,12,411.7
01.07.2002-15:00:00,01,07,2002,15,411.22
01.07.2002-18:00:00,01,07,2002,18,410.74
01.07.2002-21:00:00,01,07,2002,21,410.26
01.08.2002-00:00:00,01,08,2002,00,409.78
01.08.2002-03:00:00,01,08,2002,03,409.3
01.08.2002-06:00:00,01,08,2002,06,407.42
01.08.2002-09:00:00,01,08,2002,09,408.25
01.08.2002-12:00:00,01,08,2002,12,406.47
01.08.2002-15:00:00,01,08,2002,15,407.32
01.08.2002-18:00:00,01,08,2002,18,405.53
01.08.2002-21:00:00,01,08,2002,21,406.38
01.09.2002-00:00:00,01,09,2002,00,404.59
01.09.2002-03:00:00,01,09,2002,03,405.44
01.09.2002-06:00:00,01,09,2002,06,403.65
01.09.2002-09:00:00,01,09,2002,09,404.5
01.09.2002-12:00:00,01,09,2002,12,402.71
01.09.2002-15:00:00,01,09,2002,15,403.56
01.09.2002-18:00:00,01,09,2002,18,401.78
01.09.2002-21:00:00,01,09,2002,21,402.63
01.10.2002-00:00:00,01,10,2002,00,400.84
01.10.2002-03:00:00,01,10,2002,03,401.7
01.10.2002-06:00:00,01,10,2002,06,399.91
01.10.2002-09:00:00,01,10,2002,09,400.77
01.10.2002-12:00:00,01,10,2002,12,398.98
01.10.2002-15:00:00,01,10,2002,15,399.84
01.10.2002-18:00:00,01,10,2002,18,398.05
01.10.2002-21:00:00,01,10,2002,21,398.91
01.11.2002-00:00:00,01,11,2002,00,397.13
01.11.2002-03:00:00,01,11,2002,03,397.99
01.11.2002-06:00:00,01,11,2002,06,396.2
01.11.2002-09:00:00,01,11,2002,09,397.06
01.11.2002-12:00:00,01,11,2002,12,395.28
01.11.2002-15:00:00,01,11,2002,15,396.14
01.11.2002-18:00:00,01,11,2002,18,394.36
01.11.2002-21:00:00,01,11,2002,21,395.22
01.12.2002-00:00:00,01,12,2002,00,393.44
01.12.2002-03:00:00,01,12,2002,03,394.3
01.12.2002-06:00:00,01,12,2002,06,392.52
01.12.2002-09:00:00,01,12,2002,09,393.38
01.12.2002-12:00:00,01,12,2002,12,391.61
01.12.2002-15:00:00,01,12,2002,15,392.47
01.12.2002-18:00:00,01,12,2002,18,390.7
01.12.2002-21:00:00,01,12,2002,21,391.55
01.13.2002-00:00:00,01,13,2002,00,389.78
01.13.2002-03:00:00,01,13,2002,03,390.63
01.13.2002-06:00:00,01,13,2002,06,388.86
01.13.2002-09:00:00,01,13,2002,09,389.72
01.13.2002-12:00:00,01,13,2002,12,387.96
01.13.2002-15:00:00,01,13,2002,15,388.81
01.13.2002-18:00:00,01,13,2002,18,387.06
01.13.2002-21:00:00,01,13,2002,21,387.9
01.14.2002-00:00:00,01,14,2002,00,386.14
01.14.2002-03:00:00,01,14,2002,03,386.98
01.14.2002-06:00:00,01,14,2002,06,384.52
01.14.2002-09:00:00,01,14,2002,09,386
01.14.2002-12:00:00,01,14,2002,12,383.63
01.14.2002-15:00:00,01,14,2002,15,385.12
01.14.2002-18:00:00,01,14,2002,18,382.75
01.14.2002-21:00:00,01,14,2002,21,384.22
01.15.2002-00:00:00,01,15,2002,00,381.86
01.15.2002-03:00:00,01,15,2002,03,383.32
01.15.2002-06:00:00,01,15,2002,06,380.96
01.15.2002-09:00:00,01,15,2002,09,382.42
01.15.2002-12:00:00,01,15,2002,12,380.07
01.15.2002-15:00:00,01,15,2002,15,381.52
01.15.2002-18:00:00,01,15,2002,18,379.18
01.15.2002-21:00:00,01,15,2002,21,380.63
01.16.2002-00:00:00,01,16,2002,00,378.3
01.16.2002-03:00:00,01,16,2002,03,379.74
01.16.2002-06:00:00,01,16,2002,06,377.42
01.16.2002-09:00:00,01,16,2002,09,377.53
01.16.2002-12:00:00,01,16,2002,12,377.81
01.16.2002-15:00:00,01,16,2002,15,376.75
01.16.2002-18:00:00,01,16,2002,18,375.6
01.16.2002-21:00:00,01,16,2002,21,377.13
01.17.2002-00:00:00,01,17,2002,00,374.82
01.17.2002-03:00:00,01,17,2002,03,374.91
01.17.2002-06:00:00,01,17,2002,06,375.19
01.17.2002-09:00:00,01,17,2002,09,374.12
01.17.2002-12:00:00,01,17,2002,12,372.98
01.17.2002-15:00:00,01,17,2002,15,374.49
01.17.2002-18:00:00,01,17,2002,18,372.2
01.17.2002-21:00:00,01,17,2002,21,371.61
01.18.2002-00:00:00,01,18,2002,00,373.18
01.18.2002-03:00:00,01,18,2002,03,370.9
01.18.2002-06:00:00,01,18,2002,06,370.31
01.18.2002-09:00:00,01,18,2002,09,371.88
01.18.2002-12:00:00,01,18,2002,12,369.61
01.18.2002-15:00:00,01,18,2002,15,369.02
01.18.2002-18:00:00,01,18,2002,18,370.58
01.18.2002-21:00:00,01,18,2002,21,368.31
01.19.2002-00:00:00,01,19,2002,00,367.73
01.19.2002-03:00:00,01,19,2002,03,367.96
01.19.2002-06:00:00,01,19,2002,06,366.94
01.19.2002-09:00:00,01,19,2002,09,366.44
01.19.2002-12:00:00,01,19,2002,12,366.67
01.19.2002-15:00:00,01,19,2002,15,365.64
01.19.2002-18:00:00,01,19,2002,18,365.16
01.19.2002-21:00:00,01,19,2002,21,364.73
01.20.2002-00:00:00,01,20,2002,00,364.96
01.20.2002-03:00:00,01,20,2002,03,363.94
01.20.2002-06:00:00,01,20,2002,06,363.44
01.20.2002-09:00:00,01,20,2002,09,364.31
01.20.2002-12:00:00,01,20,2002,12,363.34
01.20.2002-15:00:00,01,20,2002,15,362.23
01.20.2002-18:00:00,01,20,2002,18,361.73
01.20.2002-21:00:00,01,20,2002,21,361.31
01.21.2002-00:00:00,01,21,2002,00,360.89
01.21.2002-03:00:00,01,21,2002,03,361.13
01.21.2002-06:00:00,01,21,2002,06,360.12
01.21.2002-09:00:00,01,21,2002,09,359.63
01.21.2002-12:00:00,01,21,2002,12,359.21
01.21.2002-15:00:00,01,21,2002,15,358.79
01.21.2002-18:00:00,01,21,2002,18,358.37
01.21.2002-21:00:00,01,21,2002,21,358.6
01.22.2002-00:00:00,01,22,2002,00,357.6
01.22.2002-03:00:00,01,22,2002,03,357.11
01.22.2002-06:00:00,01,22,2002,06,356.7
01.22.2002-09:00:00,01,22,2002,09,356.28
01.22.2002-12:00:00,01,22,2002,12,355.86
01.22.2002-15:00:00,01,22,2002,15,355.45
01.22.2002-18:00:00,01,22,2002,18,355.04
01.22.2002-21:00:00,01,22,2002,21,355.27
01.23.2002-00:00:00,01,23,2002,00,354.28
01.23.2002-03:00:00,01,23,2002,03,353.8
01.23.2002-06:00:00,01,23,2002,06,353.39
01.23.2002-09:00:00,01,23,2002,09,352.98
01.23.2002-12:00:00,01,23,2002,12,352.57
01.23.2002-15:00:00,01,23,2002,15,352.16
01.23.2002-18:00:00,01,23,2002,18,351.75
01.23.2002-21:00:00,01,23,2002,21,351.35
01.24.2002-00:00:00,01,24,2002,00,350.94
01.24.2002-03:00:00,01,24,2002,03,350.53
01.24.2002-06:00:00,01,24,2002,06,350.13
01.24.2002-09:00:00,01,24,2002,09,349.72
01.24.2002-12:00:00,01,24,2002,12,349.32
01.24.2002-15:00:00,01,24,2002,15,348.91
01.24.2002-18:00:00,01,24,2002,18,348.51
01.24.2002-21:00:00,01,24,2002,21,348.11
01.25.2002-00:00:00,01,25,2002,00,347.7
01.25.2002-03:00:00,01,25,2002,03,347.3
01.25.2002-06:00:00,01,25,2002,06,346.9
01.25.2002-09:00:00,01,25,2002,09,346.5
01.25.2002-12:00:00,01,25,2002,12,346.1
01.25.2002-15:00:00,01,25,2002,15,345.69
01.25.2002-18:00:00,01,25,2002,18,345.29
01.25.2002-21:00:00,01,25,2002,21,344.89
01.26.2002-00:00:00,01,26,2002,00,344.49
01.26.2002-03:00:00,01,26,2002,03,344.1
01.26.2002-06:00:00,01,26,2002,06,343.7
01.26.2002-09:00:00,01,26,2002,09,343.3
01.26.2002-12:00:00,01,26,2002,12,342.9
01.26.2002-15:00:00,01,26,2002,15,342.5
01.26.2002-18:00:00,01,26,2002,18,342.11
01.26.2002-21:00:00,01,26,2002,21,341.71
01.27.2002-00:00:00,01,27,2002,00,341.32
01.27.2002-03:00:00,01,27,2002,03,340.92
01.27.2002-06:00:00,01,27,2002,06,340.53
01.27.2002-09:00:00,01,27,2002,09,340.13
01.27.2002-12:00:00,01,27,2002,12,339.74
01.27.2002-15:00:00,01,27,2002,15,339.34
01.27.2002-18:00:00,01,27,2002,18,338.95
01.27.2002-21:00:00,01,27,2002,21,338.56
01.28.2002-00:00:00,01,28,2002,00,338.17
01.28.2002-03:00:00,01,28,2002,03,337.78
01.28.2002-06:00:00,01,28,2002,06,337.38
01.28.2002-09:00:00,01,28,2002,09,336.99
01.28.2002-12:00:00,01,28,2002,12,336.6
01.28.2002-15:00:00,01,28,2002,15,336.21
01.28.2002-18:00:00,01,28,2002,18,335.83
01.28.2002-21:00:00,01,28,2002,21,335.44
01.29.2002-00:00:00,01,29,2002,00,335.05
01.29.2002-03:00:00,01,29,2002,03,334.66
01.29.2002-06:00:00,01,29,2002,06,334.27
01.29.2002-09:00:00,01,29,2002,09,333.89
01.29.2002-12:00:00,01,29,2002,12,333.5
01.29.2002-15:00:00,01,29,2002,15,333.11
01.29.2002-18:00:00,01,29,2002,18,332.73
01.29.2002-21:00:00,01,29,2002,21,332.34
01.30.2002-00:00:00,01,30,2002,00,331.96
01.30.2002-03:00:00,01,30,2002,03,331.57
01.30.2002-06:00:00,01,30,2002,06,331.19
01.30.2002-09:00:00,01,30,2002,09,330.8
01.30.2002-12:00:00,01,30,2002,12,330.42
01.30.2002-15:00:00,01,30,2002,15,330.04
01.30.2002-18:00:00,01,30,2002,18,329.66
01.30.2002-21:00:00,01,30,2002,21,329.28
01.31.2002-00:00:00,01,31,2002,00,328.89
01.31.2002-03:00:00,01,31,2002,03,328.51
01.31.2002-06:00:00,01,31,2002,06,328.12
01.31.2002-09:00:00,01,31,2002,09,327.74
01.31.2002-12:00:00,01,31,2002,12,327.35
01.31.2002-15:00:00,01,31,2002,15,326.96
01.31.2002-18:00:00,01,31,2002,18,326.57
01.31.2002-21:00:00,01,31,2002,21,326.19
02.01.2002-00:00:00,02,01,2002,00,325.8
02.01.2002-03:00:00,02,01,2002,03,325.41
02.01.2002-06:00:00,02,01,2002,06,325.03
02.01.2002-09:00:00,02,01,2002,09,324.64
02.01.2002-12:00:00,02,01,2002,12,324.26
02.01.2002-15:00:00,02,01,2002,15,323.87
02.01.2002-18:00:00,02,01,2002,18,323.49
02.01.2002-21:00:00,02,01,2002,21,323.11
02.02.2002-00:00:00,02,02,2002,00,322.72
02.02.2002-03:00:00,02,02,2002,03,322.34
02.02.2002-06:00:00,02,02,2002,06,321.96
02.02.2002-09:00:00,02,02,2002,09,321.58
02.02.2002-12:00:00,02,02,2002,12,321.2
02.02.2002-15:00:00,02,02,2002,15,320.83
02.02.2002-18:00:00,02,02,2002,18,320.45
02.02.2002-21:00:00,02,02,2002,21,320.07
02.03.2002-00:00:00,02,03,2002,00,319.7
02.03.2002-03:00:00,02,03,2002,03,319.32
02.03.2002-06:00:00,02,03,2002,06,318.94
02.03.2002-09:00:00,02,03,2002,09,318.57
02.03.2002-12:00:00,02,03,2002,12,318.19
02.03.2002-15:00:00,02,03,2002,15,317.82
02.03.2002-18:00:00,02,03,2002,18,317.44
02.03.2002-21:00:00,02,03,2002,21,317.07
02.04.2002-00:00:00,02,04,2002,00,316.7
02.04.2002-03:00:00,02,04,2002,03,316.33
02.04.2002-06:00:00,02,04,2002,06,315.96
02.04.2002-09:00:00,02,04,2002,09,315.59
02.04.2002-12:00:00,02,04,2002,12,315.23
02.04.2002-15:00:00,02,04,2002,15,314.86
02.04.2002-18:00:00,02,04,2002,18,314.49
02.04.2002-21:00:00,02,04,2002,21,314.12
02.05.2002-00:00:00,02,05,2002,00,313.76
02.05.2002-03:00:00,02,05,2002,03,313.39
02.05.2002-06:00:00,02,05,2002,06,313.03
02.05.2002-09:00:00,02,05,2002,09,312.66
02.05.2002-12:00:00,02,05,2002,12,312.3
02.05.2002-15:00:00,02,05,2002,15,311.94
02.05.2002-18:00:00,02,05,2002,18,311.58
02.05.2002-21:00:00,02,05,2002,21,311.22
02.06.2002-00:00:00,02,06,2002,00,310.86
02.06.2002-03:00:00,02,06,2002,03,310.5
02.06.2002-06:00:00,02,06,2002,06,310.14
02.06.2002-09:00:00,02,06,2002,09,309.78
02.06.2002-12:00:00,02,06,2002,12,309.42
02.06.2002-15:00:00,02,06,2002,15,309.06
02.06.2002-18:00:00,02,06,2002,18,308.71
02.06.2002-21:00:00,02,06,2002,21,308.35
02.07.2002-00:00:00,02,07,2002,00,307.99
02.07.2002-03:00:00,02,07,2002,03,307.64
02.07.2002-06:00:00,02,07,2002,06,307.28
02.07.2002-09:00:00,02,07,2002,09,306.93
02.07.2002-12:00:00,02,07,2002,12,306.58
02.07.2002-15:00:00,02,07,2002,15,306.22
02.07.2002-18:00:00,02,07,2002,18,305.87
02.07.2002-21:00:00,02,07,2002,21,305.52
02.08.2002-00:00:00,02,08,2002,00,305.16
02.08.2002-03:00:00,02,08,2002,03,304.81
02.08.2002-06:00:00,02,08,2002,06,304.46
02.08.2002-09:00:00,02,08,2002,09,304.11
02.08.2002-12:00:00,02,08,2002,12,303.43
02.08.2002-15:00:00,02,08,2002,15,303.06
02.08.2002-18:00:00,02,08,2002,18,302.85
02.08.2002-21:00:00,02,08,2002,21,302.67
02.09.2002-00:00:00,02,09,2002,00,302.33
02.09.2002-03:00:00,02,09,2002,03,301.98
02.09.2002-06:00:00,02,09,2002,06,301.64
02.09.2002-09:00:00,02,09,2002,09,301.29
02.09.2002-12:00:00,02,09,2002,12,300.94
02.09.2002-15:00:00,02,09,2002,15,300.6
02.09.2002-18:00:00,02,09,2002,18,300.25
02.09.2002-21:00:00,02,09,2002,21,299.9
02.10.2002-00:00:00,02,10,2002,00,299.56
02.10.2002-03:00:00,02,10,2002,03,299.21
02.10.2002-06:00:00,02,10,2002,06,298.87
02.10.2002-09:00:00,02,10,2002,09,298.53
02.10.2002-12:00:00,02,10,2002,12,298.18
02.10.2002-15:00:00,02,10,2002,15,297.84
02.10.2002-18:00:00,02,10,2002,18,297.5
02.10.2002-21:00:00,02,10,2002,21,297.16
02.11.2002-00:00:00,02,11,2002,00,296.81
02.11.2002-03:00:00,02,11,2002,03,296.47
02.11.2002-06:00:00,02,11,2002,06,296.13
02.11.2002-09:00:00,02,11,2002,09,295.79
02.11.2002-12:00:00,02,11,2002,12,295.44
02.11.2002-15:00:00,02,11,2002,15,295.1
02.11.2002-18:00:00,02,11,2002,18,294.76
02.11.2002-21:00:00,02,11,2002,21,294.42
02.12.2002-00:00:00,02,12,2002,00,294.09
02.12.2002-03:00:00,02,12,2002,03,293.75
02.12.2002-06:00:00,02,12,2002,06,293.41
02.12.2002-09:00:00,02,12,2002,09,293.07
02.12.2002-12:00:00,02,12,2002,12,292.74
02.12.2002-15:00:00,02,12,2002,15,292.4
02.12.2002-18:00:00,02,12,2002,18,292.07
02.12.2002-21:00:00,02,12,2002,21,291.74
02.13.2002-00:00:00,02,13,2002,00,291.4
02.13.2002-03:00:00,02,13,2002,03,291.07
02.13.2002-06:00:00,02,13,2002,06,290.74
02.13.2002-09:00:00,02,13,2002,09,290.41
02.13.2002-12:00:00,02,13,2002,12,290.08
02.13.2002-15:00:00,02,13,2002,15,289.75
02.13.2002-18:00:00,02,13,2002,18,289.42
02.13.2002-21:00:00,02,13,2002,21,289.09
02.14.2002-00:00:00,02,14,2002,00,288.76
02.14.2002-03:00:00,02,14,2002,03,288.43
02.14.2002-06:00:00,02,14,2002,06,288.11
02.14.2002-09:00:00,02,14,2002,09,287.79
02.14.2002-12:00:00,02,14,2002,12,287.46
02.14.2002-15:00:00,02,14,2002,15,287.15
02.14.2002-18:00:00,02,14,2002,18,286.83
02.14.2002-21:00:00,02,14,2002,21,286.51
02.15.2002-00:00:00,02,15,2002,00,286.19
02.15.2002-03:00:00,02,15,2002,03,285.87
02.15.2002-06:00:00,02,15,2002,06,285.55
02.15.2002-09:00:00,02,15,2002,09,285.23
02.15.2002-12:00:00,02,15,2002,12,284.91
02.15.2002-15:00:00,02,15,2002,15,284.59
02.15.2002-18:00:00,02,15,2002,18,284.28
02.15.2002-21:00:00,02,15,2002,21,283.96
02.16.2002-00:00:00,02,16,2002,00,283.64
02.16.2002-03:00:00,02,16,2002,03,283.32
02.16.2002-06:00:00,02,16,2002,06,283.01
02.16.2002-09:00:00,02,16,2002,09,282.69
02.16.2002-12:00:00,02,16,2002,12,282.38
02.16.2002-15:00:00,02,16,2002,15,282.06
02.16.2002-18:00:00,02,16,2002,18,281.74
02.16.2002-21:00:00,02,16,2002,21,281.43
02.17.2002-00:00:00,02,17,2002,00,281.12
02.17.2002-03:00:00,02,17,2002,03,280.8
02.17.2002-06:00:00,02,17,2002,06,280.49
02.17.2002-09:00:00,02,17,2002,09,280.17
02.17.2002-12:00:00,02,17,2002,12,279.86
02.17.2002-15:00:00,02,17,2002,15,279.55
02.17.2002-18:00:00,02,17,2002,18,279.23
02.17.2002-21:00:00,02,17,2002,21,278.92
02.18.2002-00:00:00,02,18,2002,00,278.61
02.18.2002-03:00:00,02,18,2002,03,278.3
02.18.2002-06:00:00,02,18,2002,06,277.98
02.18.2002-09:00:00,02,18,2002,09,277.67
02.18.2002-12:00:00,02,18,2002,12,275
02.18.2002-15:00:00,02,18,2002,15,275.73
02.18.2002-18:00:00,02,18,2002,18,276.28
02.18.2002-21:00:00,02,18,2002,21,276.08
02.19.2002-00:00:00,02,19,2002,00,275.78
02.19.2002-03:00:00,02,19,2002,03,275.6
02.19.2002-06:00:00,02,19,2002,06,275.37
02.19.2002-09:00:00,02,19,2002,09,274.84
02.19.2002-12:00:00,02,19,2002,12,272.52
02.19.2002-15:00:00,02,19,2002,15,273.36
02.19.2002-18:00:00,02,19,2002,18,273.61
02.19.2002-21:00:00,02,19,2002,21,273.51
02.20.2002-00:00:00,02,20,2002,00,273.23
02.20.2002-03:00:00,02,20,2002,03,272.93
02.20.2002-06:00:00,02,20,2002,06,272.61
02.20.2002-09:00:00,02,20,2002,09,272.28
02.20.2002-12:00:00,02,20,2002,12,269.19
02.20.2002-15:00:00,02,20,2002,15,270.5
02.20.2002-18:00:00,02,20,2002,18,270.49
02.20.2002-21:00:00,02,20,2002,21,270.64
02.21.2002-00:00:00,02,21,2002,00,270.49
02.21.2002-03:00:00,02,21,2002,03,270.3
02.21.2002-06:00:00,02,21,2002,06,269.99
02.21.2002-09:00:00,02,21,2002,09,269.7
02.21.2002-12:00:00,02,21,2002,12,269.38
02.21.2002-15:00:00,02,21,2002,15,269.09
02.21.2002-18:00:00,02,21,2002,18,268.77
02.21.2002-21:00:00,02,21,2002,21,268.57
02.22.2002-00:00:00,02,22,2002,00,268.33
02.22.2002-03:00:00,02,22,2002,03,268.05
02.22.2002-06:00:00,02,22,2002,06,267.73
02.22.2002-09:00:00,02,22,2002,09,264.74
02.22.2002-12:00:00,02,22,2002,12,263.84
02.22.2002-15:00:00,02,22,2002,15,265.33
02.22.2002-18:00:00,02,22,2002,18,265.46
02.22.2002-21:00:00,02,22,2002,21,265.64
02.23.2002-00:00:00,02,23,2002,00,265.37
02.23.2002-03:00:00,02,23,2002,03,265.09
02.23.2002-06:00:00,02,23,2002,06,264.79
02.23.2002-09:00:00,02,23,2002,09,264.51
02.23.2002-12:00:00,02,23,2002,12,264.2
02.23.2002-15:00:00,02,23,2002,15,263.92
02.23.2002-18:00:00,02,23,2002,18,263.62
02.23.2002-21:00:00,02,23,2002,21,263.34
02.24.2002-00:00:00,02,24,2002,00,263.04
02.24.2002-03:00:00,02,24,2002,03,262.77
02.24.2002-06:00:00,02,24,2002,06,262.47
02.24.2002-09:00:00,02,24,2002,09,262.19
02.24.2002-12:00:00,02,24,2002,12,261.93
02.24.2002-15:00:00,02,24,2002,15,261.69
02.24.2002-18:00:00,02,24,2002,18,261.39
02.24.2002-21:00:00,02,24,2002,21,261.11
02.25.2002-00:00:00,02,25,2002,00,260.81
02.25.2002-03:00:00,02,25,2002,03,260.6
02.25.2002-06:00:00,02,25,2002,06,260.36
02.25.2002-09:00:00,02,25,2002,09,260.08
02.25.2002-12:00:00,02,25,2002,12,259.77
02.25.2002-15:00:00,02,25,2002,15,259.49
02.25.2002-18:00:00,02,25,2002,18,259.18
02.25.2002-21:00:00,02,25,2002,21,258.89
02.26.2002-00:00:00,02,26,2002,00,258.59
02.26.2002-03:00:00,02,26,2002,03,258.3
02.26.2002-06:00:00,02,26,2002,06,258
02.26.2002-09:00:00,02,26,2002,09,257.72
02.26.2002-12:00:00,02,26,2002,12,257.43
02.26.2002-15:00:00,02,26,2002,15,257.15
02.26.2002-18:00:00,02,26,2002,18,256.85
02.26.2002-21:00:00,02,26,2002,21,256.57
02.27.2002-00:00:00,02,27,2002,00,256.28
02.27.2002-03:00:00,02,27,2002,03,256
02.27.2002-06:00:00,02,27,2002,06,255.7
02.27.2002-09:00:00,02,27,2002,09,255.43
02.27.2002-12:00:00,02,27,2002,12,255.13
02.27.2002-15:00:00,02,27,2002,15,254.86
02.27.2002-18:00:00,02,27,2002,18,254.57
02.27.2002-21:00:00,02,27,2002,21,254.29
02.28.2002-00:00:00,02,28,2002,00,254.01
02.28.2002-03:00:00,02,28,2002,03,253.74
02.28.2002-06:00:00,02,28,2002,06,253.46
02.28.2002-09:00:00,02,28,2002,09,253.19
02.28.2002-12:00:00,02,28,2002,12,252.9
02.28.2002-15:00:00,02,28,2002,15,252.64
02.28.2002-18:00:00,02,28,2002,18,252.36
02.28.2002-21:00:00,02,28,2002,21,252.1
03.01.2002-00:00:00,03,01,2002,00,251.81
03.01.2002-03:00:00,03,01,2002,03,251.55
03.01.2002-06:00:00,03,01,2002,06,251.27
03.01.2002-09:00:00,03,01,2002,09,251.01
03.01.2002-12:00:00,03,01,2002,12,248.44
03.01.2002-15:00:00,03,01,2002,15,249.62
03.01.2002-18:00:00,03,01,2002,18,249.52
03.01.2002-21:00:00,03,01,2002,21,249.25
03.02.2002-00:00:00,03,02,2002,00,249.36
03.02.2002-03:00:00,03,02,2002,03,249.14
03.02.2002-06:00:00,03,02,2002,06,248.86
03.02.2002-09:00:00,03,02,2002,09,248.59
03.02.2002-12:00:00,03,02,2002,12,247.84
03.02.2002-15:00:00,03,02,2002,15,247.52
03.02.2002-18:00:00,03,02,2002,18,247.25
03.02.2002-21:00:00,03,02,2002,21,247.17
03.03.2002-00:00:00,03,03,2002,00,246.74
03.03.2002-03:00:00,03,03,2002,03,246.82
03.03.2002-06:00:00,03,03,2002,06,246.23
03.03.2002-09:00:00,03,03,2002,09,245.93
03.03.2002-12:00:00,03,03,2002,12,244.05
03.03.2002-15:00:00,03,03,2002,15,244.78
03.03.2002-18:00:00,03,03,2002,18,244.61
03.03.2002-21:00:00,03,03,2002,21,244.35
03.04.2002-00:00:00,03,04,2002,00,244.41
03.04.2002-03:00:00,03,04,2002,03,244.23
03.04.2002-06:00:00,03,04,2002,06,243.97
03.04.2002-09:00:00,03,04,2002,09,241.71
03.04.2002-12:00:00,03,04,2002,12,240.21
03.04.2002-15:00:00,03,04,2002,15,242.27
03.04.2002-18:00:00,03,04,2002,18,242.23
03.04.2002-21:00:00,03,04,2002,21,241.99
03.05.2002-00:00:00,03,05,2002,00,241.74
03.05.2002-03:00:00,03,05,2002,03,241.48
03.05.2002-06:00:00,03,05,2002,06,241.23
03.05.2002-09:00:00,03,05,2002,09,240.9
03.05.2002-12:00:00,03,05,2002,12,238.88
03.05.2002-15:00:00,03,05,2002,15,240.11
03.05.2002-18:00:00,03,05,2002,18,240.01
03.05.2002-21:00:00,03,05,2002,21,239.77
03.06.2002-00:00:00,03,06,2002,00,239.51
03.06.2002-03:00:00,03,06,2002,03,239.27
03.06.2002-06:00:00,03,06,2002,06,239.02
03.06.2002-09:00:00,03,06,2002,09,238.78
03.06.2002-12:00:00,03,06,2002,12,238.52
03.06.2002-15:00:00,03,06,2002,15,238.26
03.06.2002-18:00:00,03,06,2002,18,238.06
03.06.2002-21:00:00,03,06,2002,21,238.1
03.07.2002-00:00:00,03,07,2002,00,237.87
03.07.2002-03:00:00,03,07,2002,03,237.61
03.07.2002-06:00:00,03,07,2002,06,237.36
03.07.2002-09:00:00,03,07,2002,09,237.11
03.07.2002-12:00:00,03,07,2002,12,236.85
03.07.2002-15:00:00,03,07,2002,15,236.6
03.07.2002-18:00:00,03,07,2002,18,236.37
03.07.2002-21:00:00,03,07,2002,21,236.11
03.08.2002-00:00:00,03,08,2002,00,235.85
03.08.2002-03:00:00,03,08,2002,03,235.6
03.08.2002-06:00:00,03,08,2002,06,235.36
03.08.2002-09:00:00,03,08,2002,09,235.11
03.08.2002-12:00:00,03,08,2002,12,234.85
03.08.2002-15:00:00,03,08,2002,15,234.6
03.08.2002-18:00:00,03,08,2002,18,234.35
03.08.2002-21:00:00,03,08,2002,21,234.1
03.09.2002-00:00:00,03,09,2002,00,233.85
03.09.2002-03:00:00,03,09,2002,03,233.63
03.09.2002-06:00:00,03,09,2002,06,233.38
03.09.2002-09:00:00,03,09,2002,09,233.13
03.09.2002-12:00:00,03,09,2002,12,232.88
03.09.2002-15:00:00,03,09,2002,15,232.63
03.09.2002-18:00:00,03,09,2002,18,232.38
03.09.2002-21:00:00,03,09,2002,21,232.13
03.10.2002-00:00:00,03,10,2002,00,231.88
03.10.2002-03:00:00,03,10,2002,03,231.64
03.10.2002-06:00:00,03,10,2002,06,231.4
03.10.2002-09:00:00,03,10,2002,09,231.15
03.10.2002-12:00:00,03,10,2002,12,230.91
03.10.2002-15:00:00,03,10,2002,15,230.66
03.10.2002-18:00:00,03,10,2002,18,230.42
03.10.2002-21:00:00,03,10,2002,21,230.17
03.11.2002-00:00:00,03,11,2002,00,229.92
03.11.2002-03:00:00,03,11,2002,03,229.68
03.11.2002-06:00:00,03,11,2002,06,229.44
03.11.2002-09:00:00,03,11,2002,09,229.2
03.11.2002-12:00:00,03,11,2002,12,228.96
03.11.2002-15:00:00,03,11,2002,15,228.72
03.11.2002-18:00:00,03,11,2002,18,228.47
03.11.2002-21:00:00,03,11,2002,21,228.24
03.12.2002-00:00:00,03,12,2002,00,228
03.12.2002-03:00:00,03,12,2002,03,227.76
03.12.2002-06:00:00,03,12,2002,06,227.52
03.12.2002-09:00:00,03,12,2002,09,225.59
03.12.2002-12:00:00,03,12,2002,12,224.5
03.12.2002-15:00:00,03,12,2002,15,226.13
03.12.2002-18:00:00,03,12,2002,18,226.08
03.12.2002-21:00:00,03,12,2002,21,225.86
03.13.2002-00:00:00,03,13,2002,00,225.62
03.13.2002-03:00:00,03,13,2002,03,225.39
03.13.2002-06:00:00,03,13,2002,06,225.16
03.13.2002-09:00:00,03,13,2002,09,224.89
03.13.2002-12:00:00,03,13,2002,12,222.56
03.13.2002-15:00:00,03,13,2002,15,223.98
03.13.2002-18:00:00,03,13,2002,18,223.92
03.13.2002-21:00:00,03,13,2002,21,223.69
03.14.2002-00:00:00,03,14,2002,00,223.46
03.14.2002-03:00:00,03,14,2002,03,223.23
03.14.2002-06:00:00,03,14,2002,06,223.01
03.14.2002-09:00:00,03,14,2002,09,222.67
03.14.2002-12:00:00,03,14,2002,12,219.96
03.14.2002-15:00:00,03,14,2002,15,221.84
03.14.2002-18:00:00,03,14,2002,18,221.82
03.14.2002-21:00:00,03,14,2002,21,221.6
03.15.2002-00:00:00,03,15,2002,00,221.37
03.15.2002-03:00:00,03,15,2002,03,221.14
03.15.2002-06:00:00,03,15,2002,06,220.91
03.15.2002-09:00:00,03,15,2002,09,220.68
03.15.2002-12:00:00,03,15,2002,12,220.42
03.15.2002-15:00:00,03,15,2002,15,220.19
03.15.2002-18:00:00,03,15,2002,18,219.96
03.15.2002-21:00:00,03,15,2002,21,219.73
03.16.2002-00:00:00,03,16,2002,00,219.5
03.16.2002-03:00:00,03,16,2002,03,219.28
03.16.2002-06:00:00,03,16,2002,06,219.05
03.16.2002-09:00:00,03,16,2002,09,218.82
03.16.2002-12:00:00,03,16,2002,12,218.6
03.16.2002-15:00:00,03,16,2002,15,218.37
03.16.2002-18:00:00,03,16,2002,18,218.14
03.16.2002-21:00:00,03,16,2002,21,217.92
03.17.2002-00:00:00,03,17,2002,00,217.69
03.17.2002-03:00:00,03,17,2002,03,217.47
03.17.2002-06:00:00,03,17,2002,06,217.24
03.17.2002-09:00:00,03,17,2002,09,217.02
03.17.2002-12:00:00,03,17,2002,12,216.79
03.17.2002-15:00:00,03,17,2002,15,216.57
03.17.2002-18:00:00,03,17,2002,18,216.35
03.17.2002-21:00:00,03,17,2002,21,216.12
03.18.2002-00:00:00,03,18,2002,00,215.9
03.18.2002-03:00:00,03,18,2002,03,215.67
03.18.2002-06:00:00,03,18,2002,06,215.45
03.18.2002-09:00:00,03,18,2002,09,215.23
03.18.2002-12:00:00,03,18,2002,12,215.02
03.18.2002-15:00:00,03,18,2002,15,214.92
03.18.2002-18:00:00,03,18,2002,18,214.7
03.18.2002-21:00:00,03,18,2002,21,214.48
03.19.2002-00:00:00,03,19,2002,00,214.26
03.19.2002-03:00:00,03,19,2002,03,214.04
03.19.2002-06:00:00,03,19,2002,06,213.82
03.19.2002-09:00:00,03,19,2002,09,213.6
03.19.2002-12:00:00,03,19,2002,12,213.37
03.19.2002-15:00:00,03,19,2002,15,213.15
03.19.2002-18:00:00,03,19,2002,18,212.93
03.19.2002-21:00:00,03,19,2002,21,212.71
03.20.2002-00:00:00,03,20,2002,00,212.49
03.20.2002-03:00:00,03,20,2002,03,212.28
03.20.2002-06:00:00,03,20,2002,06,212.06
03.20.2002-09:00:00,03,20,2002,09,211.84
03.20.2002-12:00:00,03,20,2002,12,211.62
03.20.2002-15:00:00,03,20,2002,15,211.4
03.20.2002-18:00:00,03,20,2002,18,211.18
03.20.2002-21:00:00,03,20,2002,21,210.97
03.21.2002-00:00:00,03,21,2002,00,210.75
03.21.2002-03:00:00,03,21,2002,03,210.53
03.21.2002-06:00:00,03,21,2002,06,210.31
03.21.2002-09:00:00,03,21,2002,09,210.1
03.21.2002-12:00:00,03,21,2002,12,209.88
03.21.2002-15:00:00,03,21,2002,15,209.66
03.21.2002-18:00:00,03,21,2002,18,209.45
03.21.2002-21:00:00,03,21,2002,21,209.23
03.22.2002-00:00:00,03,22,2002,00,209.02
03.22.2002-03:00:00,03,22,2002,03,208.8
03.22.2002-06:00:00,03,22,2002,06,208.58
03.22.2002-09:00:00,03,22,2002,09,208.19
03.22.2002-12:00:00,03,22,2002,12,205.15
03.22.2002-15:00:00,03,22,2002,15,207.34
03.22.2002-18:00:00,03,22,2002,18,207.37
03.22.2002-21:00:00,03,22,2002,21,207.17
03.23.2002-00:00:00,03,23,2002,00,206.96
03.23.2002-03:00:00,03,23,2002,03,206.75
03.23.2002-06:00:00,03,23,2002,06,206.53
03.23.2002-09:00:00,03,23,2002,09,202.74
03.23.2002-12:00:00,03,23,2002,12,201.97
03.23.2002-15:00:00,03,23,2002,15,203.33
03.23.2002-18:00:00,03,23,2002,18,205.03
03.23.2002-21:00:00,03,23,2002,21,205
03.24.2002-00:00:00,03,24,2002,00,204.79
03.24.2002-03:00:00,03,24,2002,03,204.59
03.24.2002-06:00:00,03,24,2002,06,204.38
03.24.2002-09:00:00,03,24,2002,09,200.63
03.24.2002-12:00:00,03,24,2002,12,199.87
03.24.2002-15:00:00,03,24,2002,15,200.23
03.24.2002-18:00:00,03,24,2002,18,202.78
03.24.2002-21:00:00,03,24,2002,21,202.83
03.25.2002-00:00:00,03,25,2002,00,202.64
03.25.2002-03:00:00,03,25,2002,03,202.43
03.25.2002-06:00:00,03,25,2002,06,201.55
03.25.2002-09:00:00,03,25,2002,09,198.47
03.25.2002-12:00:00,03,25,2002,12,197.1
03.25.2002-15:00:00,03,25,2002,15,197.47
03.25.2002-18:00:00,03,25,2002,18,199.66
03.25.2002-21:00:00,03,25,2002,21,200.6
03.26.2002-00:00:00,03,26,2002,00,199.84
03.26.2002-03:00:00,03,26,2002,03,200.24
03.26.2002-06:00:00,03,26,2002,06,199.45
03.26.2002-09:00:00,03,26,2002,09,197.54
03.26.2002-12:00:00,03,26,2002,12,197.47
03.26.2002-15:00:00,03,26,2002,15,198.21
03.26.2002-18:00:00,03,26,2002,18,198.35
03.26.2002-21:00:00,03,26,2002,21,198.18
03.27.2002-00:00:00,03,27,2002,00,198.64
03.27.2002-03:00:00,03,27,2002,03,197.86
03.27.2002-06:00:00,03,27,2002,06,197.6
03.27.2002-09:00:00,03,27,2002,09,196.59
03.27.2002-12:00:00,03,27,2002,12,196.04
03.27.2002-15:00:00,03,27,2002,15,196.81
03.27.2002-18:00:00,03,27,2002,18,196.71
03.27.2002-21:00:00,03,27,2002,21,196.52
03.28.2002-00:00:00,03,28,2002,00,196.33
03.28.2002-03:00:00,03,28,2002,03,196.14
03.28.2002-06:00:00,03,28,2002,06,195.95
03.28.2002-09:00:00,03,28,2002,09,192.98
03.28.2002-12:00:00,03,28,2002,12,192.17
03.28.2002-15:00:00,03,28,2002,15,194.34
03.28.2002-18:00:00,03,28,2002,18,194.8
03.28.2002-21:00:00,03,28,2002,21,194.66
03.29.2002-00:00:00,03,29,2002,00,194.47
03.29.2002-03:00:00,03,29,2002,03,194.28
03.29.2002-06:00:00,03,29,2002,06,194.09
03.29.2002-09:00:00,03,29,2002,09,191.43
03.29.2002-12:00:00,03,29,2002,12,190.51
03.29.2002-15:00:00,03,29,2002,15,192.59
03.29.2002-18:00:00,03,29,2002,18,192.99
03.29.2002-21:00:00,03,29,2002,21,192.84
03.30.2002-00:00:00,03,30,2002,00,192.64
03.30.2002-03:00:00,03,30,2002,03,192.45
03.30.2002-06:00:00,03,30,2002,06,192.26
03.30.2002-09:00:00,03,30,2002,09,188.95
03.30.2002-12:00:00,03,30,2002,12,188.29
03.30.2002-15:00:00,03,30,2002,15,188.62
03.30.2002-18:00:00,03,30,2002,18,190.85
03.30.2002-21:00:00,03,30,2002,21,190.89
03.31.2002-00:00:00,03,31,2002,00,190.71
03.31.2002-03:00:00,03,31,2002,03,190.52
03.31.2002-06:00:00,03,31,2002,06,190.33
03.31.2002-09:00:00,03,31,2002,09,187.43
03.31.2002-12:00:00,03,31,2002,12,186.57
03.31.2002-15:00:00,03,31,2002,15,188.61
03.31.2002-18:00:00,03,31,2002,18,189.2
03.31.2002-21:00:00,03,31,2002,21,189.08
04.01.2002-00:00:00,04,01,2002,00,188.89
04.01.2002-03:00:00,04,01,2002,03,188.7
04.01.2002-06:00:00,04,01,2002,06,188.52
04.01.2002-09:00:00,04,01,2002,09,186.76
04.01.2002-12:00:00,04,01,2002,12,186.1
04.01.2002-15:00:00,04,01,2002,15,187.09
04.01.2002-18:00:00,04,01,2002,18,187.5
04.01.2002-21:00:00,04,01,2002,21,187.37
04.02.2002-00:00:00,04,02,2002,00,187.19
04.02.2002-03:00:00,04,02,2002,03,187.01
04.02.2002-06:00:00,04,02,2002,06,186.82
04.02.2002-09:00:00,04,02,2002,09,185.07
04.02.2002-12:00:00,04,02,2002,12,184.35
04.02.2002-15:00:00,04,02,2002,15,185.52
04.02.2002-18:00:00,04,02,2002,18,185.83
04.02.2002-21:00:00,04,02,2002,21,185.7
04.03.2002-00:00:00,04,03,2002,00,185.51
04.03.2002-03:00:00,04,03,2002,03,185.33
04.03.2002-06:00:00,04,03,2002,06,185.15
04.03.2002-09:00:00,04,03,2002,09,182.11
04.03.2002-12:00:00,04,03,2002,12,181.52
04.03.2002-15:00:00,04,03,2002,15,181.99
04.03.2002-18:00:00,04,03,2002,18,183.85
04.03.2002-21:00:00,04,03,2002,21,183.87
04.04.2002-00:00:00,04,04,2002,00,183.69
04.04.2002-03:00:00,04,04,2002,03,183.52
04.04.2002-06:00:00,04,04,2002,06,183.34
04.04.2002-09:00:00,04,04,2002,09,180.3
04.04.2002-12:00:00,04,04,2002,12,179.64
04.04.2002-15:00:00,04,04,2002,15,179.39
04.04.2002-18:00:00,04,04,2002,18,179.26
04.04.2002-21:00:00,04,04,2002,21,181.65
04.05.2002-00:00:00,04,05,2002,00,181.65
04.05.2002-03:00:00,04,05,2002,03,181.59
04.05.2002-06:00:00,04,05,2002,06,181.32
04.05.2002-09:00:00,04,05,2002,09,178.4
04.05.2002-12:00:00,04,05,2002,12,177.8
04.05.2002-15:00:00,04,05,2002,15,177.58
04.05.2002-18:00:00,04,05,2002,18,179.87
04.05.2002-21:00:00,04,05,2002,21,180.03
04.06.2002-00:00:00,04,06,2002,00,179.89
04.06.2002-03:00:00,04,06,2002,03,179.71
04.06.2002-06:00:00,04,06,2002,06,179.53
04.06.2002-09:00:00,04,06,2002,09,176.71
04.06.2002-12:00:00,04,06,2002,12,176.15
04.06.2002-15:00:00,04,06,2002,15,176.5
04.06.2002-18:00:00,04,06,2002,18,178.32
04.06.2002-21:00:00,04,06,2002,21,178.34
04.07.2002-00:00:00,04,07,2002,00,178.17
04.07.2002-03:00:00,04,07,2002,03,178
04.07.2002-06:00:00,04,07,2002,06,177.84
04.07.2002-09:00:00,04,07,2002,09,175.39
04.07.2002-12:00:00,04,07,2002,12,174.41
04.07.2002-15:00:00,04,07,2002,15,175.8
04.07.2002-18:00:00,04,07,2002,18,176.78
04.07.2002-21:00:00,04,07,2002,21,176.71
04.08.2002-00:00:00,04,08,2002,00,176.55
04.08.2002-03:00:00,04,08,2002,03,176.39
04.08.2002-06:00:00,04,08,2002,06,176.22
04.08.2002-09:00:00,04,08,2002,09,173.29
04.08.2002-12:00:00,04,08,2002,12,172.68
04.08.2002-15:00:00,04,08,2002,15,172.47
04.08.2002-18:00:00,04,08,2002,18,173.45
04.08.2002-21:00:00,04,08,2002,21,174.67
04.09.2002-00:00:00,04,09,2002,00,174.63
04.09.2002-03:00:00,04,09,2002,03,174.46
04.09.2002-06:00:00,04,09,2002,06,174.3
04.09.2002-09:00:00,04,09,2002,09,172.64
04.09.2002-12:00:00,04,09,2002,12,171.85
04.09.2002-15:00:00,04,09,2002,15,172.86
04.09.2002-18:00:00,04,09,2002,18,173.39
04.09.2002-21:00:00,04,09,2002,21,173.3
04.10.2002-00:00:00,04,10,2002,00,173.15
04.10.2002-03:00:00,04,10,2002,03,172.99
04.10.2002-06:00:00,04,10,2002,06,172.82
04.10.2002-09:00:00,04,10,2002,09,170.15
04.10.2002-12:00:00,04,10,2002,12,169.54
04.10.2002-15:00:00,04,10,2002,15,169.31
04.10.2002-18:00:00,04,10,2002,18,169.19
04.10.2002-21:00:00,04,10,2002,21,169.17
04.11.2002-00:00:00,04,11,2002,00,171.21
04.11.2002-03:00:00,04,11,2002,03,171.26
04.11.2002-06:00:00,04,11,2002,06,170.23
04.11.2002-09:00:00,04,11,2002,09,168.37
04.11.2002-12:00:00,04,11,2002,12,167.89
04.11.2002-15:00:00,04,11,2002,15,167.69
04.11.2002-18:00:00,04,11,2002,18,167.58
04.11.2002-21:00:00,04,11,2002,21,168.67
04.12.2002-00:00:00,04,12,2002,00,169.64
04.12.2002-03:00:00,04,12,2002,03,169.59
04.12.2002-06:00:00,04,12,2002,06,169.41
04.12.2002-09:00:00,04,12,2002,09,166.86
04.12.2002-12:00:00,04,12,2002,12,166.34
04.12.2002-15:00:00,04,12,2002,15,166.16
04.12.2002-18:00:00,04,12,2002,18,166.06
04.12.2002-21:00:00,04,12,2002,21,165.96
04.13.2002-00:00:00,04,13,2002,00,167.92
04.13.2002-03:00:00,04,13,2002,03,168.04
04.13.2002-06:00:00,04,13,2002,06,166.9
04.13.2002-09:00:00,04,13,2002,09,165.31
04.13.2002-12:00:00,04,13,2002,12,164.92
04.13.2002-15:00:00,04,13,2002,15,164.78
04.13.2002-18:00:00,04,13,2002,18,164.71
04.13.2002-21:00:00,04,13,2002,21,164.64
04.14.2002-00:00:00,04,14,2002,00,166.22
04.14.2002-03:00:00,04,14,2002,03,166.64
04.14.2002-06:00:00,04,14,2002,06,165.55
04.14.2002-09:00:00,04,14,2002,09,164.04
04.14.2002-12:00:00,04,14,2002,12,163.71
04.14.2002-15:00:00,04,14,2002,15,163.64
04.14.2002-18:00:00,04,14,2002,18,163.63
04.14.2002-21:00:00,04,14,2002,21,163.56
04.15.2002-00:00:00,04,15,2002,00,163.98
04.15.2002-03:00:00,04,15,2002,03,165.43
04.15.2002-06:00:00,04,15,2002,06,165.43
04.15.2002-09:00:00,04,15,2002,09,163.78
04.15.2002-12:00:00,04,15,2002,12,163.21
04.15.2002-15:00:00,04,15,2002,15,164.3
04.15.2002-18:00:00,04,15,2002,18,164.74
04.15.2002-21:00:00,04,15,2002,21,164.65
04.16.2002-00:00:00,04,16,2002,00,164.52
04.16.2002-03:00:00,04,16,2002,03,164.39
04.16.2002-06:00:00,04,16,2002,06,164.26
04.16.2002-09:00:00,04,16,2002,09,162.34
04.16.2002-12:00:00,04,16,2002,12,161.81
04.16.2002-15:00:00,04,16,2002,15,162.88
04.16.2002-18:00:00,04,16,2002,18,163.52
04.16.2002-21:00:00,04,16,2002,21,163.46
04.17.2002-00:00:00,04,17,2002,00,163.33
04.17.2002-03:00:00,04,17,2002,03,163.2
04.17.2002-06:00:00,04,17,2002,06,163.07
04.17.2002-09:00:00,04,17,2002,09,160.9
04.17.2002-12:00:00,04,17,2002,12,160.45
04.17.2002-15:00:00,04,17,2002,15,160.29
04.17.2002-18:00:00,04,17,2002,18,160.22
04.17.2002-21:00:00,04,17,2002,21,161.15
04.18.2002-00:00:00,04,18,2002,00,161.98
04.18.2002-03:00:00,04,18,2002,03,161.94
04.18.2002-06:00:00,04,18,2002,06,161.81
04.18.2002-09:00:00,04,18,2002,09,159.63
04.18.2002-12:00:00,04,18,2002,12,159.13
04.18.2002-15:00:00,04,18,2002,15,158.94
04.18.2002-18:00:00,04,18,2002,18,158.87
04.18.2002-21:00:00,04,18,2002,21,158.78
04.19.2002-00:00:00,04,19,2002,00,158.69
04.19.2002-03:00:00,04,19,2002,03,159.57
04.19.2002-06:00:00,04,19,2002,06,160.38
04.19.2002-09:00:00,04,19,2002,09,158.31
04.19.2002-12:00:00,04,19,2002,12,157.86
04.19.2002-15:00:00,04,19,2002,15,157.79
04.19.2002-18:00:00,04,19,2002,18,157.78
04.19.2002-21:00:00,04,19,2002,21,157.73
04.20.2002-00:00:00,04,20,2002,00,157.67
04.20.2002-03:00:00,04,20,2002,03,157.58
04.20.2002-06:00:00,04,20,2002,06,157.44
04.20.2002-09:00:00,04,20,2002,09,157.22
04.20.2002-12:00:00,04,20,2002,12,157.12
04.20.2002-15:00:00,04,20,2002,15,157.14
04.20.2002-18:00:00,04,20,2002,18,157.2
04.20.2002-21:00:00,04,20,2002,21,157.22
04.21.2002-00:00:00,04,21,2002,00,157.22
04.21.2002-03:00:00,04,21,2002,03,157.21
04.21.2002-06:00:00,04,21,2002,06,157.29
04.21.2002-09:00:00,04,21,2002,09,157.27
04.21.2002-12:00:00,04,21,2002,12,192.32
04.21.2002-15:00:00,04,21,2002,15,183.55
04.21.2002-18:00:00,04,21,2002,18,165.02
04.21.2002-21:00:00,04,21,2002,21,159.84
04.22.2002-00:00:00,04,22,2002,00,159.64
04.22.2002-03:00:00,04,22,2002,03,159.65
04.22.2002-06:00:00,04,22,2002,06,158.33
04.22.2002-09:00:00,04,22,2002,09,176.12
04.22.2002-12:00:00,04,22,2002,12,211.91
04.22.2002-15:00:00,04,22,2002,15,201.61
04.22.2002-18:00:00,04,22,2002,18,163.89
04.22.2002-21:00:00,04,22,2002,21,162.49
04.23.2002-00:00:00,04,23,2002,00,162.88
04.23.2002-03:00:00,04,23,2002,03,164.25
04.23.2002-06:00:00,04,23,2002,06,164.39
04.23.2002-09:00:00,04,23,2002,09,162.66
04.23.2002-12:00:00,04,23,2002,12,162.39
04.23.2002-15:00:00,04,23,2002,15,162.44
04.23.2002-18:00:00,04,23,2002,18,162.49
04.23.2002-21:00:00,04,23,2002,21,163.43
04.24.2002-00:00:00,04,24,2002,00,164.22
04.24.2002-03:00:00,04,24,2002,03,164.3
04.24.2002-06:00:00,04,24,2002,06,164.32
04.24.2002-09:00:00,04,24,2002,09,162.56
04.24.2002-12:00:00,04,24,2002,12,162.18
04.24.2002-15:00:00,04,24,2002,15,162.11
04.24.2002-18:00:00,04,24,2002,18,162.14
04.24.2002-21:00:00,04,24,2002,21,162.17
04.25.2002-00:00:00,04,25,2002,00,162.2
04.25.2002-03:00:00,04,25,2002,03,163.01
04.25.2002-06:00:00,04,25,2002,06,162.86
04.25.2002-09:00:00,04,25,2002,09,162
04.25.2002-12:00:00,04,25,2002,12,161.74
04.25.2002-15:00:00,04,25,2002,15,161.85
04.25.2002-18:00:00,04,25,2002,18,162.89
04.25.2002-21:00:00,04,25,2002,21,170.04
04.26.2002-00:00:00,04,26,2002,00,163.7
04.26.2002-03:00:00,04,26,2002,03,163.51
04.26.2002-06:00:00,04,26,2002,06,163.02
04.26.2002-09:00:00,04,26,2002,09,161.97
04.26.2002-12:00:00,04,26,2002,12,171.59
04.26.2002-15:00:00,04,26,2002,15,179.13
04.26.2002-18:00:00,04,26,2002,18,174.58
04.26.2002-21:00:00,04,26,2002,21,170.05
04.27.2002-00:00:00,04,27,2002,00,168.15
04.27.2002-03:00:00,04,27,2002,03,166.56
04.27.2002-06:00:00,04,27,2002,06,166.35
04.27.2002-09:00:00,04,27,2002,09,178.4
04.27.2002-12:00:00,04,27,2002,12,200.29
04.27.2002-15:00:00,04,27,2002,15,236.64
04.27.2002-18:00:00,04,27,2002,18,183.03
04.27.2002-21:00:00,04,27,2002,21,175.39
04.28.2002-00:00:00,04,28,2002,00,170.44
04.28.2002-03:00:00,04,28,2002,03,167.68
04.28.2002-06:00:00,04,28,2002,06,165.64
04.28.2002-09:00:00,04,28,2002,09,181.33
04.28.2002-12:00:00,04,28,2002,12,228.94
04.28.2002-15:00:00,04,28,2002,15,288.34
04.28.2002-18:00:00,04,28,2002,18,194.16
04.28.2002-21:00:00,04,28,2002,21,183.3
04.29.2002-00:00:00,04,29,2002,00,181.41
04.29.2002-03:00:00,04,29,2002,03,173.82
04.29.2002-06:00:00,04,29,2002,06,171.11
04.29.2002-09:00:00,04,29,2002,09,203.76
04.29.2002-12:00:00,04,29,2002,12,422.52
04.29.2002-15:00:00,04,29,2002,15,408.42
04.29.2002-18:00:00,04,29,2002,18,254.68
04.29.2002-21:00:00,04,29,2002,21,218.7
04.30.2002-00:00:00,04,30,2002,00,212.58
04.30.2002-03:00:00,04,30,2002,03,207.11
04.30.2002-06:00:00,04,30,2002,06,209.44
04.30.2002-09:00:00,04,30,2002,09,461.18
04.30.2002-12:00:00,04,30,2002,12,725.57
04.30.2002-15:00:00,04,30,2002,15,665.71
04.30.2002-18:00:00,04,30,2002,18,358.57
04.30.2002-21:00:00,04,30,2002,21,289.09
05.01.2002-00:00:00,05,01,2002,00,272.65
05.01.2002-03:00:00,05,01,2002,03,254.73
05.01.2002-06:00:00,05,01,2002,06,249.56
05.01.2002-09:00:00,05,01,2002,09,651.75
05.01.2002-12:00:00,05,01,2002,12,1207.1
05.01.2002-15:00:00,05,01,2002,15,804.34
05.01.2002-18:00:00,05,01,2002,18,427.31
05.01.2002-21:00:00,05,01,2002,21,368.05
05.02.2002-00:00:00,05,02,2002,00,356.86
05.02.2002-03:00:00,05,02,2002,03,348.33
05.02.2002-06:00:00,05,02,2002,06,359.96
05.02.2002-09:00:00,05,02,2002,09,1213.4
05.02.2002-12:00:00,05,02,2002,12,1595.9
05.02.2002-15:00:00,05,02,2002,15,1104.3
05.02.2002-18:00:00,05,02,2002,18,598.38
05.02.2002-21:00:00,05,02,2002,21,529.43
05.03.2002-00:00:00,05,03,2002,00,516.31
05.03.2002-03:00:00,05,03,2002,03,496.29
05.03.2002-06:00:00,05,03,2002,06,489.84
05.03.2002-09:00:00,05,03,2002,09,520.53
05.03.2002-12:00:00,05,03,2002,12,1171.2
05.03.2002-15:00:00,05,03,2002,15,896.72
05.03.2002-18:00:00,05,03,2002,18,590.53
05.03.2002-21:00:00,05,03,2002,21,555.42
05.04.2002-00:00:00,05,04,2002,00,546.08
05.04.2002-03:00:00,05,04,2002,03,550.66
05.04.2002-06:00:00,05,04,2002,06,557.16
05.04.2002-09:00:00,05,04,2002,09,544.34
05.04.2002-12:00:00,05,04,2002,12,584.39
05.04.2002-15:00:00,05,04,2002,15,597.26
05.04.2002-18:00:00,05,04,2002,18,587.36
05.04.2002-21:00:00,05,04,2002,21,573.37
05.05.2002-00:00:00,05,05,2002,00,567.8
05.05.2002-03:00:00,05,05,2002,03,588.47
05.05.2002-06:00:00,05,05,2002,06,606.5
05.05.2002-09:00:00,05,05,2002,09,612.64
05.05.2002-12:00:00,05,05,2002,12,876.94
05.05.2002-15:00:00,05,05,2002,15,930.13
05.05.2002-18:00:00,05,05,2002,18,686.02
05.05.2002-21:00:00,05,05,2002,21,652.05
05.06.2002-00:00:00,05,06,2002,00,651.6
05.06.2002-03:00:00,05,06,2002,03,657.96
05.06.2002-06:00:00,05,06,2002,06,661.16
05.06.2002-09:00:00,05,06,2002,09,638.46
05.06.2002-12:00:00,05,06,2002,12,638.78
05.06.2002-15:00:00,05,06,2002,15,692.65
05.06.2002-18:00:00,05,06,2002,18,690.97
05.06.2002-21:00:00,05,06,2002,21,681.06
05.07.2002-00:00:00,05,07,2002,00,681.46
05.07.2002-03:00:00,05,07,2002,03,681.83
05.07.2002-06:00:00,05,07,2002,06,679.5
05.07.2002-09:00:00,05,07,2002,09,651.51
05.07.2002-12:00:00,05,07,2002,12,755.7
05.07.2002-15:00:00,05,07,2002,15,909.33
05.07.2002-18:00:00,05,07,2002,18,750.12
05.07.2002-21:00:00,05,07,2002,21,709.88
05.08.2002-00:00:00,05,08,2002,00,710.34
05.08.2002-03:00:00,05,08,2002,03,716.18
05.08.2002-06:00:00,05,08,2002,06,720.65
05.08.2002-09:00:00,05,08,2002,09,680.5
05.08.2002-12:00:00,05,08,2002,12,1016.4
05.08.2002-15:00:00,05,08,2002,15,1097.4
05.08.2002-18:00:00,05,08,2002,18,796.51
05.08.2002-21:00:00,05,08,2002,21,746.78
05.09.2002-00:00:00,05,09,2002,00,750.91
05.09.2002-03:00:00,05,09,2002,03,755
05.09.2002-06:00:00,05,09,2002,06,758.45
05.09.2002-09:00:00,05,09,2002,09,709.06
05.09.2002-12:00:00,05,09,2002,12,702.89
05.09.2002-15:00:00,05,09,2002,15,756.02
05.09.2002-18:00:00,05,09,2002,18,786.58
05.09.2002-21:00:00,05,09,2002,21,762.45
05.10.2002-00:00:00,05,10,2002,00,762.4
05.10.2002-03:00:00,05,10,2002,03,762.72
05.10.2002-06:00:00,05,10,2002,06,747.68
05.10.2002-09:00:00,05,10,2002,09,699.44
05.10.2002-12:00:00,05,10,2002,12,766.71
05.10.2002-15:00:00,05,10,2002,15,802.78
05.10.2002-18:00:00,05,10,2002,18,807.45
05.10.2002-21:00:00,05,10,2002,21,804.61
05.11.2002-00:00:00,05,11,2002,00,813.68
05.11.2002-03:00:00,05,11,2002,03,811.23
05.11.2002-06:00:00,05,11,2002,06,780.04
05.11.2002-09:00:00,05,11,2002,09,1106.7
05.11.2002-12:00:00,05,11,2002,12,3187.4
05.11.2002-15:00:00,05,11,2002,15,2772.5
05.11.2002-18:00:00,05,11,2002,18,1347.3
05.11.2002-21:00:00,05,11,2002,21,1094.7
05.12.2002-00:00:00,05,12,2002,00,1050.5
05.12.2002-03:00:00,05,12,2002,03,1030.8
05.12.2002-06:00:00,05,12,2002,06,990.75
05.12.2002-09:00:00,05,12,2002,09,2278.8
05.12.2002-12:00:00,05,12,2002,12,4605.1
05.12.2002-15:00:00,05,12,2002,15,3488.8
05.12.2002-18:00:00,05,12,2002,18,1845.3
05.12.2002-21:00:00,05,12,2002,21,1503.8
05.13.2002-00:00:00,05,13,2002,00,1449.6
05.13.2002-03:00:00,05,13,2002,03,1432.6
05.13.2002-06:00:00,05,13,2002,06,1385.6
05.13.2002-09:00:00,05,13,2002,09,4035.4
05.13.2002-12:00:00,05,13,2002,12,6182.1
05.13.2002-15:00:00,05,13,2002,15,4754.6
05.13.2002-18:00:00,05,13,2002,18,2560.2
05.13.2002-21:00:00,05,13,2002,21,2039
05.14.2002-00:00:00,05,14,2002,00,1922.2
05.14.2002-03:00:00,05,14,2002,03,1860.1
05.14.2002-06:00:00,05,14,2002,06,1816.9
05.14.2002-09:00:00,05,14,2002,09,2556.1
05.14.2002-12:00:00,05,14,2002,12,4819.5
05.14.2002-15:00:00,05,14,2002,15,4028.7
05.14.2002-18:00:00,05,14,2002,18,2661.3
05.14.2002-21:00:00,05,14,2002,21,2380.8
05.15.2002-00:00:00,05,15,2002,00,2281.6
05.15.2002-03:00:00,05,15,2002,03,2246
05.15.2002-06:00:00,05,15,2002,06,2165.6
05.15.2002-09:00:00,05,15,2002,09,2160.9
05.15.2002-12:00:00,05,15,2002,12,3577.6
05.15.2002-15:00:00,05,15,2002,15,4111.3
05.15.2002-18:00:00,05,15,2002,18,2855.3
05.15.2002-21:00:00,05,15,2002,21,2574
05.16.2002-00:00:00,05,16,2002,00,2493.2
05.16.2002-03:00:00,05,16,2002,03,2428.7
05.16.2002-06:00:00,05,16,2002,06,2322.1
05.16.2002-09:00:00,05,16,2002,09,2286.4
05.16.2002-12:00:00,05,16,2002,12,5048.4
05.16.2002-15:00:00,05,16,2002,15,5222.7
05.16.2002-18:00:00,05,16,2002,18,3362.5
05.16.2002-21:00:00,05,16,2002,21,2954
05.17.2002-00:00:00,05,17,2002,00,2848.9
05.17.2002-03:00:00,05,17,2002,03,2761.3
05.17.2002-06:00:00,05,17,2002,06,3001.4
05.17.2002-09:00:00,05,17,2002,09,6873.9
05.17.2002-12:00:00,05,17,2002,12,8533.9
05.17.2002-15:00:00,05,17,2002,15,7526.5
05.17.2002-18:00:00,05,17,2002,18,5528.9
05.17.2002-21:00:00,05,17,2002,21,4543.4
05.18.2002-00:00:00,05,18,2002,00,4134.3
05.18.2002-03:00:00,05,18,2002,03,3890.3
05.18.2002-06:00:00,05,18,2002,06,3739
05.18.2002-09:00:00,05,18,2002,09,7530.8
05.18.2002-12:00:00,05,18,2002,12,9859.9
05.18.2002-15:00:00,05,18,2002,15,8666.1
05.18.2002-18:00:00,05,18,2002,18,6506.4
05.18.2002-21:00:00,05,18,2002,21,5516.4
05.19.2002-00:00:00,05,19,2002,00,5123.7
05.19.2002-03:00:00,05,19,2002,03,4676.9
05.19.2002-06:00:00,05,19,2002,06,4939.3
05.19.2002-09:00:00,05,19,2002,09,9107.9
05.19.2002-12:00:00,05,19,2002,12,11681
05.19.2002-15:00:00,05,19,2002,15,11340
05.19.2002-18:00:00,05,19,2002,18,9258
05.19.2002-21:00:00,05,19,2002,21,8034.9
05.20.2002-00:00:00,05,20,2002,00,8317.8
05.20.2002-03:00:00,05,20,2002,03,8907.4
05.20.2002-06:00:00,05,20,2002,06,11370
05.20.2002-09:00:00,05,20,2002,09,15604
05.20.2002-12:00:00,05,20,2002,12,18834
05.20.2002-15:00:00,05,20,2002,15,19129
05.20.2002-18:00:00,05,20,2002,18,18099
05.20.2002-21:00:00,05,20,2002,21,17034
05.21.2002-00:00:00,05,21,2002,00,16025
05.21.2002-03:00:00,05,21,2002,03,14910
05.21.2002-06:00:00,05,21,2002,06,15310
05.21.2002-09:00:00,05,21,2002,09,16613
05.21.2002-12:00:00,05,21,2002,12,17929
05.21.2002-15:00:00,05,21,2002,15,17997
05.21.2002-18:00:00,05,21,2002,18,17667
05.21.2002-21:00:00,05,21,2002,21,17190
05.22.2002-00:00:00,05,22,2002,00,16120
05.22.2002-03:00:00,05,22,2002,03,15287
05.22.2002-06:00:00,05,22,2002,06,15399
05.22.2002-09:00:00,05,22,2002,09,15825
05.22.2002-12:00:00,05,22,2002,12,16483
05.22.2002-15:00:00,05,22,2002,15,16457
05.22.2002-18:00:00,05,22,2002,18,16110
05.22.2002-21:00:00,05,22,2002,21,15408
05.23.2002-00:00:00,05,23,2002,00,14064
05.23.2002-03:00:00,05,23,2002,03,12820
05.23.2002-06:00:00,05,23,2002,06,13661
05.23.2002-09:00:00,05,23,2002,09,18696
05.23.2002-12:00:00,05,23,2002,12,23049
05.23.2002-15:00:00,05,23,2002,15,23412
05.23.2002-18:00:00,05,23,2002,18,21181
05.23.2002-21:00:00,05,23,2002,21,19617
05.24.2002-00:00:00,05,24,2002,00,17709
05.24.2002-03:00:00,05,24,2002,03,16094
05.24.2002-06:00:00,05,24,2002,06,14573
05.24.2002-09:00:00,05,24,2002,09,15549
05.24.2002-12:00:00,05,24,2002,12,20860
05.24.2002-15:00:00,05,24,2002,15,21768
05.24.2002-18:00:00,05,24,2002,18,19626
05.24.2002-21:00:00,05,24,2002,21,17903
05.25.2002-00:00:00,05,25,2002,00,16548
05.25.2002-03:00:00,05,25,2002,03,15316
05.25.2002-06:00:00,05,25,2002,06,14731
05.25.2002-09:00:00,05,25,2002,09,20743
05.25.2002-12:00:00,05,25,2002,12,26035
05.25.2002-15:00:00,05,25,2002,15,27309
05.25.2002-18:00:00,05,25,2002,18,25304
05.25.2002-21:00:00,05,25,2002,21,23185
05.26.2002-00:00:00,05,26,2002,00,21001
05.26.2002-03:00:00,05,26,2002,03,19151
05.26.2002-06:00:00,05,26,2002,06,18053
05.26.2002-09:00:00,05,26,2002,09,23624
05.26.2002-12:00:00,05,26,2002,12,29816
05.26.2002-15:00:00,05,26,2002,15,31157
05.26.2002-18:00:00,05,26,2002,18,28630
05.26.2002-21:00:00,05,26,2002,21,26010
05.27.2002-00:00:00,05,27,2002,00,23715
05.27.2002-03:00:00,05,27,2002,03,21640
05.27.2002-06:00:00,05,27,2002,06,20372
05.27.2002-09:00:00,05,27,2002,09,26965
05.27.2002-12:00:00,05,27,2002,12,33581
05.27.2002-15:00:00,05,27,2002,15,35749
05.27.2002-18:00:00,05,27,2002,18,33232
05.27.2002-21:00:00,05,27,2002,21,30759
05.28.2002-00:00:00,05,28,2002,00,28087
05.28.2002-03:00:00,05,28,2002,03,26639
05.28.2002-06:00:00,05,28,2002,06,28822
05.28.2002-09:00:00,05,28,2002,09,35282
05.28.2002-12:00:00,05,28,2002,12,42200
05.28.2002-15:00:00,05,28,2002,15,44934
05.28.2002-18:00:00,05,28,2002,18,43545
05.28.2002-21:00:00,05,28,2002,21,40736
05.29.2002-00:00:00,05,29,2002,00,37119
05.29.2002-03:00:00,05,29,2002,03,34187
05.29.2002-06:00:00,05,29,2002,06,34674
05.29.2002-09:00:00,05,29,2002,09,40401
05.29.2002-12:00:00,05,29,2002,12,46559
05.29.2002-15:00:00,05,29,2002,15,48912
05.29.2002-18:00:00,05,29,2002,18,46501
05.29.2002-21:00:00,05,29,2002,21,42540
05.30.2002-00:00:00,05,30,2002,00,38618
05.30.2002-03:00:00,05,30,2002,03,35148
05.30.2002-06:00:00,05,30,2002,06,33263
05.30.2002-09:00:00,05,30,2002,09,39533
05.30.2002-12:00:00,05,30,2002,12,46706
05.30.2002-15:00:00,05,30,2002,15,49756
05.30.2002-18:00:00,05,30,2002,18,47161
05.30.2002-21:00:00,05,30,2002,21,42694
05.31.2002-00:00:00,05,31,2002,00,39415
05.31.2002-03:00:00,05,31,2002,03,35964
05.31.2002-06:00:00,05,31,2002,06,35163
05.31.2002-09:00:00,05,31,2002,09,39367
05.31.2002-12:00:00,05,31,2002,12,45068
05.31.2002-15:00:00,05,31,2002,15,47149
05.31.2002-18:00:00,05,31,2002,18,45379
05.31.2002-21:00:00,05,31,2002,21,41822
06.01.2002-00:00:00,06,01,2002,00,38453
06.01.2002-03:00:00,06,01,2002,03,35189
06.01.2002-06:00:00,06,01,2002,06,34506
06.01.2002-09:00:00,06,01,2002,09,39977
06.01.2002-12:00:00,06,01,2002,12,47398
06.01.2002-15:00:00,06,01,2002,15,50212
06.01.2002-18:00:00,06,01,2002,18,48450
06.01.2002-21:00:00,06,01,2002,21,44795
06.02.2002-00:00:00,06,02,2002,00,41384
06.02.2002-03:00:00,06,02,2002,03,38427
06.02.2002-06:00:00,06,02,2002,06,38963
06.02.2002-09:00:00,06,02,2002,09,44892
06.02.2002-12:00:00,06,02,2002,12,51372
06.02.2002-15:00:00,06,02,2002,15,54546
06.02.2002-18:00:00,06,02,2002,18,52819
06.02.2002-21:00:00,06,02,2002,21,49156
06.03.2002-00:00:00,06,03,2002,00,45873
06.03.2002-03:00:00,06,03,2002,03,41839
06.03.2002-06:00:00,06,03,2002,06,40646
06.03.2002-09:00:00,06,03,2002,09,45525
06.03.2002-12:00:00,06,03,2002,12,51705
06.03.2002-15:00:00,06,03,2002,15,53766
06.03.2002-18:00:00,06,03,2002,18,51790
06.03.2002-21:00:00,06,03,2002,21,48086
06.04.2002-00:00:00,06,04,2002,00,44766
06.04.2002-03:00:00,06,04,2002,03,41531
06.04.2002-06:00:00,06,04,2002,06,42502
06.04.2002-09:00:00,06,04,2002,09,46949
06.04.2002-12:00:00,06,04,2002,12,52122
06.04.2002-15:00:00,06,04,2002,15,54578
06.04.2002-18:00:00,06,04,2002,18,53189
06.04.2002-21:00:00,06,04,2002,21,50789
06.05.2002-00:00:00,06,05,2002,00,48045
06.05.2002-03:00:00,06,05,2002,03,44613
06.05.2002-06:00:00,06,05,2002,06,45568
06.05.2002-09:00:00,06,05,2002,09,48493
06.05.2002-12:00:00,06,05,2002,12,52963
06.05.2002-15:00:00,06,05,2002,15,53717
06.05.2002-18:00:00,06,05,2002,18,51877
06.05.2002-21:00:00,06,05,2002,21,49792
06.06.2002-00:00:00,06,06,2002,00,46993
06.06.2002-03:00:00,06,06,2002,03,43759
06.06.2002-06:00:00,06,06,2002,06,42574
06.06.2002-09:00:00,06,06,2002,09,42300
06.06.2002-12:00:00,06,06,2002,12,43709
06.06.2002-15:00:00,06,06,2002,15,42834
06.06.2002-18:00:00,06,06,2002,18,41513
06.06.2002-21:00:00,06,06,2002,21,38359
06.07.2002-00:00:00,06,07,2002,00,36368
06.07.2002-03:00:00,06,07,2002,03,33885
06.07.2002-06:00:00,06,07,2002,06,31987
06.07.2002-09:00:00,06,07,2002,09,30641
06.07.2002-12:00:00,06,07,2002,12,31898
06.07.2002-15:00:00,06,07,2002,15,31013
06.07.2002-18:00:00,06,07,2002,18,29488
06.07.2002-21:00:00,06,07,2002,21,27647
06.08.2002-00:00:00,06,08,2002,00,26113
06.08.2002-03:00:00,06,08,2002,03,24410
06.08.2002-06:00:00,06,08,2002,06,23344
06.08.2002-09:00:00,06,08,2002,09,21757
06.08.2002-12:00:00,06,08,2002,12,21018
06.08.2002-15:00:00,06,08,2002,15,20788
06.08.2002-18:00:00,06,08,2002,18,20257
06.08.2002-21:00:00,06,08,2002,21,19664
06.09.2002-00:00:00,06,09,2002,00,18989
06.09.2002-03:00:00,06,09,2002,03,18416
06.09.2002-06:00:00,06,09,2002,06,17782
06.09.2002-09:00:00,06,09,2002,09,21283
06.09.2002-12:00:00,06,09,2002,12,25148
06.09.2002-15:00:00,06,09,2002,15,26502
06.09.2002-18:00:00,06,09,2002,18,26406
06.09.2002-21:00:00,06,09,2002,21,25569
06.10.2002-00:00:00,06,10,2002,00,24129
06.10.2002-03:00:00,06,10,2002,03,23443
06.10.2002-06:00:00,06,10,2002,06,22647
06.10.2002-09:00:00,06,10,2002,09,26123
06.10.2002-12:00:00,06,10,2002,12,29272
06.10.2002-15:00:00,06,10,2002,15,31175
06.10.2002-18:00:00,06,10,2002,18,31090
06.10.2002-21:00:00,06,10,2002,21,30538
06.11.2002-00:00:00,06,11,2002,00,29627
06.11.2002-03:00:00,06,11,2002,03,28877
06.11.2002-06:00:00,06,11,2002,06,28203
06.11.2002-09:00:00,06,11,2002,09,30127
06.11.2002-12:00:00,06,11,2002,12,31502
06.11.2002-15:00:00,06,11,2002,15,32340
06.11.2002-18:00:00,06,11,2002,18,31553
06.11.2002-21:00:00,06,11,2002,21,30860
06.12.2002-00:00:00,06,12,2002,00,29038
06.12.2002-03:00:00,06,12,2002,03,28139
06.12.2002-06:00:00,06,12,2002,06,27501
06.12.2002-09:00:00,06,12,2002,09,29490
06.12.2002-12:00:00,06,12,2002,12,31382
06.12.2002-15:00:00,06,12,2002,15,32631
06.12.2002-18:00:00,06,12,2002,18,32113
06.12.2002-21:00:00,06,12,2002,21,31579
06.13.2002-00:00:00,06,13,2002,00,30396
06.13.2002-03:00:00,06,13,2002,03,29558
06.13.2002-06:00:00,06,13,2002,06,29188
06.13.2002-09:00:00,06,13,2002,09,30496
06.13.2002-12:00:00,06,13,2002,12,31820
06.13.2002-15:00:00,06,13,2002,15,32128
06.13.2002-18:00:00,06,13,2002,18,31194
06.13.2002-21:00:00,06,13,2002,21,30628
06.14.2002-00:00:00,06,14,2002,00,29742
06.14.2002-03:00:00,06,14,2002,03,28760
06.14.2002-06:00:00,06,14,2002,06,28357
06.14.2002-09:00:00,06,14,2002,09,28973
06.14.2002-12:00:00,06,14,2002,12,29938
06.14.2002-15:00:00,06,14,2002,15,30606
06.14.2002-18:00:00,06,14,2002,18,30135
06.14.2002-21:00:00,06,14,2002,21,30041
06.15.2002-00:00:00,06,15,2002,00,29594
06.15.2002-03:00:00,06,15,2002,03,28964
06.15.2002-06:00:00,06,15,2002,06,28039
06.15.2002-09:00:00,06,15,2002,09,27901
06.15.2002-12:00:00,06,15,2002,12,28251
06.15.2002-15:00:00,06,15,2002,15,28628
06.15.2002-18:00:00,06,15,2002,18,28592
06.15.2002-21:00:00,06,15,2002,21,28965
06.16.2002-00:00:00,06,16,2002,00,28301
06.16.2002-03:00:00,06,16,2002,03,28122
06.16.2002-06:00:00,06,16,2002,06,26515
06.16.2002-09:00:00,06,16,2002,09,25804
06.16.2002-12:00:00,06,16,2002,12,24561
06.16.2002-15:00:00,06,16,2002,15,24313
06.16.2002-18:00:00,06,16,2002,18,24147
06.16.2002-21:00:00,06,16,2002,21,24305
06.17.2002-00:00:00,06,17,2002,00,23996
06.17.2002-03:00:00,06,17,2002,03,24170
06.17.2002-06:00:00,06,17,2002,06,22923
06.17.2002-09:00:00,06,17,2002,09,22061
06.17.2002-12:00:00,06,17,2002,12,20908
06.17.2002-15:00:00,06,17,2002,15,20754
06.17.2002-18:00:00,06,17,2002,18,20460
06.17.2002-21:00:00,06,17,2002,21,20486
06.18.2002-00:00:00,06,18,2002,00,20308
06.18.2002-03:00:00,06,18,2002,03,19938
06.18.2002-06:00:00,06,18,2002,06,18976
06.18.2002-09:00:00,06,18,2002,09,17864
06.18.2002-12:00:00,06,18,2002,12,17182
06.18.2002-15:00:00,06,18,2002,15,16954
06.18.2002-18:00:00,06,18,2002,18,17075
06.18.2002-21:00:00,06,18,2002,21,17287
06.19.2002-00:00:00,06,19,2002,00,17041
06.19.2002-03:00:00,06,19,2002,03,16762
06.19.2002-06:00:00,06,19,2002,06,15673
06.19.2002-09:00:00,06,19,2002,09,14227
06.19.2002-12:00:00,06,19,2002,12,13459
06.19.2002-15:00:00,06,19,2002,15,13871
06.19.2002-18:00:00,06,19,2002,18,14427
06.19.2002-21:00:00,06,19,2002,21,15006
06.20.2002-00:00:00,06,20,2002,00,14885
06.20.2002-03:00:00,06,20,2002,03,14959
06.20.2002-06:00:00,06,20,2002,06,13953
06.20.2002-09:00:00,06,20,2002,09,12623
06.20.2002-12:00:00,06,20,2002,12,11630
06.20.2002-15:00:00,06,20,2002,15,11987
06.20.2002-18:00:00,06,20,2002,18,12469
06.20.2002-21:00:00,06,20,2002,21,13221
06.21.2002-00:00:00,06,21,2002,00,13209
06.21.2002-03:00:00,06,21,2002,03,13226
06.21.2002-06:00:00,06,21,2002,06,12289
06.21.2002-09:00:00,06,21,2002,09,11112
06.21.2002-12:00:00,06,21,2002,12,10143
06.21.2002-15:00:00,06,21,2002,15,10468
06.21.2002-18:00:00,06,21,2002,18,11171
06.21.2002-21:00:00,06,21,2002,21,11860
06.22.2002-00:00:00,06,22,2002,00,12189
06.22.2002-03:00:00,06,22,2002,03,12228
06.22.2002-06:00:00,06,22,2002,06,11486
06.22.2002-09:00:00,06,22,2002,09,10381
06.22.2002-12:00:00,06,22,2002,12,9518.9
06.22.2002-15:00:00,06,22,2002,15,9778.1
06.22.2002-18:00:00,06,22,2002,18,10196
06.22.2002-21:00:00,06,22,2002,21,10966
06.23.2002-00:00:00,06,23,2002,00,11293
06.23.2002-03:00:00,06,23,2002,03,11390
06.23.2002-06:00:00,06,23,2002,06,10580
06.23.2002-09:00:00,06,23,2002,09,9506
06.23.2002-12:00:00,06,23,2002,12,8641
06.23.2002-15:00:00,06,23,2002,15,8794.4
06.23.2002-18:00:00,06,23,2002,18,9213.7
06.23.2002-21:00:00,06,23,2002,21,9882.5
06.24.2002-00:00:00,06,24,2002,00,10213
06.24.2002-03:00:00,06,24,2002,03,10337
06.24.2002-06:00:00,06,24,2002,06,9646.6
06.24.2002-09:00:00,06,24,2002,09,8347.5
06.24.2002-12:00:00,06,24,2002,12,7603.2
06.24.2002-15:00:00,06,24,2002,15,7788.4
06.24.2002-18:00:00,06,24,2002,18,8295.2
06.24.2002-21:00:00,06,24,2002,21,8691
06.25.2002-00:00:00,06,25,2002,00,9034.3
06.25.2002-03:00:00,06,25,2002,03,9169.9
06.25.2002-06:00:00,06,25,2002,06,8377.3
06.25.2002-09:00:00,06,25,2002,09,7197.9
06.25.2002-12:00:00,06,25,2002,12,6559.5
06.25.2002-15:00:00,06,25,2002,15,6784
06.25.2002-18:00:00,06,25,2002,18,7297.4
06.25.2002-21:00:00,06,25,2002,21,7812.5
06.26.2002-00:00:00,06,26,2002,00,8178.8
06.26.2002-03:00:00,06,26,2002,03,8261
06.26.2002-06:00:00,06,26,2002,06,7512.2
06.26.2002-09:00:00,06,26,2002,09,6492.1
06.26.2002-12:00:00,06,26,2002,12,6001.8
06.26.2002-15:00:00,06,26,2002,15,6209.4
06.26.2002-18:00:00,06,26,2002,18,6719.6
06.26.2002-21:00:00,06,26,2002,21,7171.4
06.27.2002-00:00:00,06,27,2002,00,7571.6
06.27.2002-03:00:00,06,27,2002,03,7592.7
06.27.2002-06:00:00,06,27,2002,06,6891.3
06.27.2002-09:00:00,06,27,2002,09,5770.8
06.27.2002-12:00:00,06,27,2002,12,5292.8
06.27.2002-15:00:00,06,27,2002,15,5519.5
06.27.2002-18:00:00,06,27,2002,18,6172.9
06.27.2002-21:00:00,06,27,2002,21,6737.4
06.28.2002-00:00:00,06,28,2002,00,7147.2
06.28.2002-03:00:00,06,28,2002,03,7346.8
06.28.2002-06:00:00,06,28,2002,06,7129.2
06.28.2002-09:00:00,06,28,2002,09,6556.1
06.28.2002-12:00:00,06,28,2002,12,6105.6
06.28.2002-15:00:00,06,28,2002,15,6238.7
06.28.2002-18:00:00,06,28,2002,18,6590.2
06.28.2002-21:00:00,06,28,2002,21,6990.7
06.29.2002-00:00:00,06,29,2002,00,7479.9
06.29.2002-03:00:00,06,29,2002,03,7805.9
06.29.2002-06:00:00,06,29,2002,06,7794.2
06.29.2002-09:00:00,06,29,2002,09,7505.2
06.29.2002-12:00:00,06,29,2002,12,7141.8
06.29.2002-15:00:00,06,29,2002,15,7108.2
06.29.2002-18:00:00,06,29,2002,18,7389.9
06.29.2002-21:00:00,06,29,2002,21,7729.7
06.30.2002-00:00:00,06,30,2002,00,7541.9
06.30.2002-03:00:00,06,30,2002,03,7405.7
06.30.2002-06:00:00,06,30,2002,06,7071.8
06.30.2002-09:00:00,06,30,2002,09,6432.1
06.30.2002-12:00:00,06,30,2002,12,5924.4
06.30.2002-15:00:00,06,30,2002,15,5983.6
06.30.2002-18:00:00,06,30,2002,18,6212.5
06.30.2002-21:00:00,06,30,2002,21,6443.5
07.01.2002-00:00:00,07,01,2002,00,6592.2
07.01.2002-03:00:00,07,01,2002,03,6596.4
07.01.2002-06:00:00,07,01,2002,06,6147.5
07.01.2002-09:00:00,07,01,2002,09,5422.8
07.01.2002-12:00:00,07,01,2002,12,4984.8
07.01.2002-15:00:00,07,01,2002,15,5229.8
07.01.2002-18:00:00,07,01,2002,18,5613.6
07.01.2002-21:00:00,07,01,2002,21,5953.3
07.02.2002-00:00:00,07,02,2002,00,6111.6
07.02.2002-03:00:00,07,02,2002,03,6173.3
07.02.2002-06:00:00,07,02,2002,06,5684.8
07.02.2002-09:00:00,07,02,2002,09,4868.8
07.02.2002-12:00:00,07,02,2002,12,4445.8
07.02.2002-15:00:00,07,02,2002,15,4782.8
07.02.2002-18:00:00,07,02,2002,18,5218.7
07.02.2002-21:00:00,07,02,2002,21,5558.4
07.03.2002-00:00:00,07,03,2002,00,5720.7
07.03.2002-03:00:00,07,03,2002,03,5717.6
07.03.2002-06:00:00,07,03,2002,06,5245.9
07.03.2002-09:00:00,07,03,2002,09,4549
07.03.2002-12:00:00,07,03,2002,12,4206.9
07.03.2002-15:00:00,07,03,2002,15,4522
07.03.2002-18:00:00,07,03,2002,18,4951.1
07.03.2002-21:00:00,07,03,2002,21,5294.4
07.04.2002-00:00:00,07,04,2002,00,5466.9
07.04.2002-03:00:00,07,04,2002,03,5500.2
07.04.2002-06:00:00,07,04,2002,06,5086.5
07.04.2002-09:00:00,07,04,2002,09,4452.6
07.04.2002-12:00:00,07,04,2002,12,4129.7
07.04.2002-15:00:00,07,04,2002,15,4436.2
07.04.2002-18:00:00,07,04,2002,18,4843.9
07.04.2002-21:00:00,07,04,2002,21,5164.6
07.05.2002-00:00:00,07,05,2002,00,5289.1
07.05.2002-03:00:00,07,05,2002,03,5403
07.05.2002-06:00:00,07,05,2002,06,4821.8
07.05.2002-09:00:00,07,05,2002,09,4045.8
07.05.2002-12:00:00,07,05,2002,12,3603.5
07.05.2002-15:00:00,07,05,2002,15,4037.2
07.05.2002-18:00:00,07,05,2002,18,4531.4
07.05.2002-21:00:00,07,05,2002,21,4851.8
07.06.2002-00:00:00,07,06,2002,00,5038.9
07.06.2002-03:00:00,07,06,2002,03,5020.7
07.06.2002-06:00:00,07,06,2002,06,4471.2
07.06.2002-09:00:00,07,06,2002,09,3565.1
07.06.2002-12:00:00,07,06,2002,12,3304.8
07.06.2002-15:00:00,07,06,2002,15,3665.1
07.06.2002-18:00:00,07,06,2002,18,4255.9
07.06.2002-21:00:00,07,06,2002,21,4602.4
07.07.2002-00:00:00,07,07,2002,00,4745.5
07.07.2002-03:00:00,07,07,2002,03,4758.1
07.07.2002-06:00:00,07,07,2002,06,4187.2
07.07.2002-09:00:00,07,07,2002,09,3377.7
07.07.2002-12:00:00,07,07,2002,12,3086.8
07.07.2002-15:00:00,07,07,2002,15,3501.2
07.07.2002-18:00:00,07,07,2002,18,4104.6
07.07.2002-21:00:00,07,07,2002,21,4366.3
07.08.2002-00:00:00,07,08,2002,00,6577.9
07.08.2002-03:00:00,07,08,2002,03,7769.4
07.08.2002-06:00:00,07,08,2002,06,8073.6
07.08.2002-09:00:00,07,08,2002,09,7609.3
07.08.2002-12:00:00,07,08,2002,12,7476.9
07.08.2002-15:00:00,07,08,2002,15,8084.7
07.08.2002-18:00:00,07,08,2002,18,8777.2
07.08.2002-21:00:00,07,08,2002,21,9591.2
07.09.2002-00:00:00,07,09,2002,00,7705.7
07.09.2002-03:00:00,07,09,2002,03,6849.2
07.09.2002-06:00:00,07,09,2002,06,5957.4
07.09.2002-09:00:00,07,09,2002,09,4762.1
07.09.2002-12:00:00,07,09,2002,12,4057
07.09.2002-15:00:00,07,09,2002,15,4231.5
07.09.2002-18:00:00,07,09,2002,18,4542.4
07.09.2002-21:00:00,07,09,2002,21,4794.6
07.10.2002-00:00:00,07,10,2002,00,4853.2
07.10.2002-03:00:00,07,10,2002,03,4802.2
07.10.2002-06:00:00,07,10,2002,06,4062.5
07.10.2002-09:00:00,07,10,2002,09,3244.5
07.10.2002-12:00:00,07,10,2002,12,2981.9
07.10.2002-15:00:00,07,10,2002,15,3359.2
07.10.2002-18:00:00,07,10,2002,18,3902.5
07.10.2002-21:00:00,07,10,2002,21,4244.9
07.11.2002-00:00:00,07,11,2002,00,4383
07.11.2002-03:00:00,07,11,2002,03,4320.7
07.11.2002-06:00:00,07,11,2002,06,3611.2
07.11.2002-09:00:00,07,11,2002,09,2909.6
07.11.2002-12:00:00,07,11,2002,12,2983.1
07.11.2002-15:00:00,07,11,2002,15,3152.2
07.11.2002-18:00:00,07,11,2002,18,3729.1
07.11.2002-21:00:00,07,11,2002,21,4030.6
07.12.2002-00:00:00,07,12,2002,00,4173.4
07.12.2002-03:00:00,07,12,2002,03,4106
07.12.2002-06:00:00,07,12,2002,06,3401.6
07.12.2002-09:00:00,07,12,2002,09,2696.3
07.12.2002-12:00:00,07,12,2002,12,2762.4
07.12.2002-15:00:00,07,12,2002,15,2969.1
07.12.2002-18:00:00,07,12,2002,18,3533.1
07.12.2002-21:00:00,07,12,2002,21,3819.6
07.13.2002-00:00:00,07,13,2002,00,4014.2
07.13.2002-03:00:00,07,13,2002,03,3896.7
07.13.2002-06:00:00,07,13,2002,06,3332.8
07.13.2002-09:00:00,07,13,2002,09,2746.8
07.13.2002-12:00:00,07,13,2002,12,2628.7
07.13.2002-15:00:00,07,13,2002,15,2922.4
07.13.2002-18:00:00,07,13,2002,18,3408.4
07.13.2002-21:00:00,07,13,2002,21,3741.6
07.14.2002-00:00:00,07,14,2002,00,3856.3
07.14.2002-03:00:00,07,14,2002,03,3734.6
07.14.2002-06:00:00,07,14,2002,06,3186.7
07.14.2002-09:00:00,07,14,2002,09,2484.7
07.14.2002-12:00:00,07,14,2002,12,2318.1
07.14.2002-15:00:00,07,14,2002,15,2715.7
07.14.2002-18:00:00,07,14,2002,18,3281.4
07.14.2002-21:00:00,07,14,2002,21,3528
07.15.2002-00:00:00,07,15,2002,00,3704.3
07.15.2002-03:00:00,07,15,2002,03,3651.8
07.15.2002-06:00:00,07,15,2002,06,3030.8
07.15.2002-09:00:00,07,15,2002,09,2324.9
07.15.2002-12:00:00,07,15,2002,12,2203
07.15.2002-15:00:00,07,15,2002,15,2584.3
07.15.2002-18:00:00,07,15,2002,18,3142.7
07.15.2002-21:00:00,07,15,2002,21,3406.9
07.16.2002-00:00:00,07,16,2002,00,3587.8
07.16.2002-03:00:00,07,16,2002,03,3488
07.16.2002-06:00:00,07,16,2002,06,2906.8
07.16.2002-09:00:00,07,16,2002,09,2231.6
07.16.2002-12:00:00,07,16,2002,12,2124.2
07.16.2002-15:00:00,07,16,2002,15,2483.9
07.16.2002-18:00:00,07,16,2002,18,3033.2
07.16.2002-21:00:00,07,16,2002,21,3302.2
07.17.2002-00:00:00,07,17,2002,00,3443.6
07.17.2002-03:00:00,07,17,2002,03,3370.3
07.17.2002-06:00:00,07,17,2002,06,2813.4
07.17.2002-09:00:00,07,17,2002,09,2180.4
07.17.2002-12:00:00,07,17,2002,12,2064.7
07.17.2002-15:00:00,07,17,2002,15,2426.7
07.17.2002-18:00:00,07,17,2002,18,2971
07.17.2002-21:00:00,07,17,2002,21,3211.4
07.18.2002-00:00:00,07,18,2002,00,3334.2
07.18.2002-03:00:00,07,18,2002,03,3232.9
07.18.2002-06:00:00,07,18,2002,06,2726.9
07.18.2002-09:00:00,07,18,2002,09,2077
07.18.2002-12:00:00,07,18,2002,12,1960.9
07.18.2002-15:00:00,07,18,2002,15,2314.7
07.18.2002-18:00:00,07,18,2002,18,2823.9
07.18.2002-21:00:00,07,18,2002,21,3128.1
07.19.2002-00:00:00,07,19,2002,00,3232.8
07.19.2002-03:00:00,07,19,2002,03,3150.6
07.19.2002-06:00:00,07,19,2002,06,2672.7
07.19.2002-09:00:00,07,19,2002,09,2104.9
07.19.2002-12:00:00,07,19,2002,12,1965.6
07.19.2002-15:00:00,07,19,2002,15,2303.1
07.19.2002-18:00:00,07,19,2002,18,2775
07.19.2002-21:00:00,07,19,2002,21,3049.6
07.20.2002-00:00:00,07,20,2002,00,3197.9
07.20.2002-03:00:00,07,20,2002,03,3089.5
07.20.2002-06:00:00,07,20,2002,06,2555.1
07.20.2002-09:00:00,07,20,2002,09,1926.2
07.20.2002-12:00:00,07,20,2002,12,1841.7
07.20.2002-15:00:00,07,20,2002,15,2159.8
07.20.2002-18:00:00,07,20,2002,18,2658.2
07.20.2002-21:00:00,07,20,2002,21,2921.6
07.21.2002-00:00:00,07,21,2002,00,3053
07.21.2002-03:00:00,07,21,2002,03,3000.8
07.21.2002-06:00:00,07,21,2002,06,2438.1
07.21.2002-09:00:00,07,21,2002,09,1818.9
07.21.2002-12:00:00,07,21,2002,12,1704.8
07.21.2002-15:00:00,07,21,2002,15,2054.7
07.21.2002-18:00:00,07,21,2002,18,2548.6
07.21.2002-21:00:00,07,21,2002,21,2812.7
07.22.2002-00:00:00,07,22,2002,00,2955.4
07.22.2002-03:00:00,07,22,2002,03,2908.3
07.22.2002-06:00:00,07,22,2002,06,2345.6
07.22.2002-09:00:00,07,22,2002,09,1739.3
07.22.2002-12:00:00,07,22,2002,12,1634.7
07.22.2002-15:00:00,07,22,2002,15,1980.6
07.22.2002-18:00:00,07,22,2002,18,2460.1
07.22.2002-21:00:00,07,22,2002,21,2722
07.23.2002-00:00:00,07,23,2002,00,2862.5
07.23.2002-03:00:00,07,23,2002,03,2793.2
07.23.2002-06:00:00,07,23,2002,06,2254.9
07.23.2002-09:00:00,07,23,2002,09,1686.2
07.23.2002-12:00:00,07,23,2002,12,1598
07.23.2002-15:00:00,07,23,2002,15,1925.8
07.23.2002-18:00:00,07,23,2002,18,2382.3
07.23.2002-21:00:00,07,23,2002,21,2641.7
07.24.2002-00:00:00,07,24,2002,00,2770.7
07.24.2002-03:00:00,07,24,2002,03,2680.9
07.24.2002-06:00:00,07,24,2002,06,2166.5
07.24.2002-09:00:00,07,24,2002,09,1634.6
07.24.2002-12:00:00,07,24,2002,12,1548
07.24.2002-15:00:00,07,24,2002,15,1866.6
07.24.2002-18:00:00,07,24,2002,18,2292
07.24.2002-21:00:00,07,24,2002,21,2551.6
07.25.2002-00:00:00,07,25,2002,00,2680.8
07.25.2002-03:00:00,07,25,2002,03,2606.7
07.25.2002-06:00:00,07,25,2002,06,2250.8
07.25.2002-09:00:00,07,25,2002,09,1821.1
07.25.2002-12:00:00,07,25,2002,12,1741.1
07.25.2002-15:00:00,07,25,2002,15,1976.7
07.25.2002-18:00:00,07,25,2002,18,2328.8
07.25.2002-21:00:00,07,25,2002,21,2566.1
07.26.2002-00:00:00,07,26,2002,00,2656.6
07.26.2002-03:00:00,07,26,2002,03,2553.2
07.26.2002-06:00:00,07,26,2002,06,2154.2
07.26.2002-09:00:00,07,26,2002,09,1707.1
07.26.2002-12:00:00,07,26,2002,12,1585
07.26.2002-15:00:00,07,26,2002,15,1866.2
07.26.2002-18:00:00,07,26,2002,18,2228.6
07.26.2002-21:00:00,07,26,2002,21,2474.1
07.27.2002-00:00:00,07,27,2002,00,2591.9
07.27.2002-03:00:00,07,27,2002,03,2549.2
07.27.2002-06:00:00,07,27,2002,06,2181
07.27.2002-09:00:00,07,27,2002,09,1738.7
07.27.2002-12:00:00,07,27,2002,12,1648.9
07.27.2002-15:00:00,07,27,2002,15,1895.9
07.27.2002-18:00:00,07,27,2002,18,2238
07.27.2002-21:00:00,07,27,2002,21,2464.5
07.28.2002-00:00:00,07,28,2002,00,2569
07.28.2002-03:00:00,07,28,2002,03,2487.9
07.28.2002-06:00:00,07,28,2002,06,2306.5
07.28.2002-09:00:00,07,28,2002,09,2066.1
07.28.2002-12:00:00,07,28,2002,12,2006.3
07.28.2002-15:00:00,07,28,2002,15,2188.4
07.28.2002-18:00:00,07,28,2002,18,2342.7
07.28.2002-21:00:00,07,28,2002,21,2478.4
07.29.2002-00:00:00,07,29,2002,00,2570.4
07.29.2002-03:00:00,07,29,2002,03,2481.4
07.29.2002-06:00:00,07,29,2002,06,2341.1
07.29.2002-09:00:00,07,29,2002,09,2165.6
07.29.2002-12:00:00,07,29,2002,12,2076.2
07.29.2002-15:00:00,07,29,2002,15,2204.8
07.29.2002-18:00:00,07,29,2002,18,2383.9
07.29.2002-21:00:00,07,29,2002,21,2470.6
07.30.2002-00:00:00,07,30,2002,00,2539.3
07.30.2002-03:00:00,07,30,2002,03,2477.9
07.30.2002-06:00:00,07,30,2002,06,2147.8
07.30.2002-09:00:00,07,30,2002,09,1800.7
07.30.2002-12:00:00,07,30,2002,12,1673
07.30.2002-15:00:00,07,30,2002,15,1890.7
07.30.2002-18:00:00,07,30,2002,18,2206.5
07.30.2002-21:00:00,07,30,2002,21,2360
07.31.2002-00:00:00,07,31,2002,00,2435.2
07.31.2002-03:00:00,07,31,2002,03,2408.1
07.31.2002-06:00:00,07,31,2002,06,2005.8
07.31.2002-09:00:00,07,31,2002,09,1537.9
07.31.2002-12:00:00,07,31,2002,12,1472
07.31.2002-15:00:00,07,31,2002,15,1707.5
07.31.2002-18:00:00,07,31,2002,18,2043.4
07.31.2002-21:00:00,07,31,2002,21,2244.3
08.01.2002-00:00:00,08,01,2002,00,2344
08.01.2002-03:00:00,08,01,2002,03,2263.2
08.01.2002-06:00:00,08,01,2002,06,1930.1
08.01.2002-09:00:00,08,01,2002,09,1451.7
08.01.2002-12:00:00,08,01,2002,12,1349.3
08.01.2002-15:00:00,08,01,2002,15,1646.2
08.01.2002-18:00:00,08,01,2002,18,1984.1
08.01.2002-21:00:00,08,01,2002,21,2170.5
08.02.2002-00:00:00,08,02,2002,00,2268.3
08.02.2002-03:00:00,08,02,2002,03,2113.3
08.02.2002-06:00:00,08,02,2002,06,1831.7
08.02.2002-09:00:00,08,02,2002,09,1400.5
08.02.2002-12:00:00,08,02,2002,12,1310.8
08.02.2002-15:00:00,08,02,2002,15,1594.3
08.02.2002-18:00:00,08,02,2002,18,1921.9
08.02.2002-21:00:00,08,02,2002,21,2111.7
08.03.2002-00:00:00,08,03,2002,00,2206.5
08.03.2002-03:00:00,08,03,2002,03,2146.5
08.03.2002-06:00:00,08,03,2002,06,1884
08.03.2002-09:00:00,08,03,2002,09,1430.3
08.03.2002-12:00:00,08,03,2002,12,1340.6
08.03.2002-15:00:00,08,03,2002,15,1610.7
08.03.2002-18:00:00,08,03,2002,18,1916.2
08.03.2002-21:00:00,08,03,2002,21,2092.6
08.04.2002-00:00:00,08,04,2002,00,2167.8
08.04.2002-03:00:00,08,04,2002,03,2030.6
08.04.2002-06:00:00,08,04,2002,06,1786.7
08.04.2002-09:00:00,08,04,2002,09,1387.3
08.04.2002-12:00:00,08,04,2002,12,1316.9
08.04.2002-15:00:00,08,04,2002,15,1568.3
08.04.2002-18:00:00,08,04,2002,18,1862.5
08.04.2002-21:00:00,08,04,2002,21,2042.8
08.05.2002-00:00:00,08,05,2002,00,2121
08.05.2002-03:00:00,08,05,2002,03,2089.9
08.05.2002-06:00:00,08,05,2002,06,1839.9
08.05.2002-09:00:00,08,05,2002,09,1416.9
08.05.2002-12:00:00,08,05,2002,12,1325.3
08.05.2002-15:00:00,08,05,2002,15,1573.9
08.05.2002-18:00:00,08,05,2002,18,1852.2
08.05.2002-21:00:00,08,05,2002,21,2017.5
08.06.2002-00:00:00,08,06,2002,00,2090.7
08.06.2002-03:00:00,08,06,2002,03,2026.6
08.06.2002-06:00:00,08,06,2002,06,1879.2
08.06.2002-09:00:00,08,06,2002,09,1559.7
08.06.2002-12:00:00,08,06,2002,12,1438.6
08.06.2002-15:00:00,08,06,2002,15,1649.2
08.06.2002-18:00:00,08,06,2002,18,1910.2
08.06.2002-21:00:00,08,06,2002,21,2044.2
08.07.2002-00:00:00,08,07,2002,00,2084.9
08.07.2002-03:00:00,08,07,2002,03,2008.1
08.07.2002-06:00:00,08,07,2002,06,1787.8
08.07.2002-09:00:00,08,07,2002,09,1374.8
08.07.2002-12:00:00,08,07,2002,12,1247.6
08.07.2002-15:00:00,08,07,2002,15,1486.8
08.07.2002-18:00:00,08,07,2002,18,1752.7
08.07.2002-21:00:00,08,07,2002,21,1915.5
08.08.2002-00:00:00,08,08,2002,00,1990.8
08.08.2002-03:00:00,08,08,2002,03,1857.6
08.08.2002-06:00:00,08,08,2002,06,1582.2
08.08.2002-09:00:00,08,08,2002,09,1182
08.08.2002-12:00:00,08,08,2002,12,1093.9
08.08.2002-15:00:00,08,08,2002,15,1339.4
08.08.2002-18:00:00,08,08,2002,18,1623.2
08.08.2002-21:00:00,08,08,2002,21,1783.5
08.09.2002-00:00:00,08,09,2002,00,1870.2
08.09.2002-03:00:00,08,09,2002,03,1747
08.09.2002-06:00:00,08,09,2002,06,1517.1
08.09.2002-09:00:00,08,09,2002,09,1163.8
08.09.2002-12:00:00,08,09,2002,12,1082.4
08.09.2002-15:00:00,08,09,2002,15,1305.9
08.09.2002-18:00:00,08,09,2002,18,1572.4
08.09.2002-21:00:00,08,09,2002,21,1729.6
08.10.2002-00:00:00,08,10,2002,00,1815.7
08.10.2002-03:00:00,08,10,2002,03,1692.3
08.10.2002-06:00:00,08,10,2002,06,1482.7
08.10.2002-09:00:00,08,10,2002,09,1159.2
08.10.2002-12:00:00,08,10,2002,12,1081.1
08.10.2002-15:00:00,08,10,2002,15,1287.2
08.10.2002-18:00:00,08,10,2002,18,1544.2
08.10.2002-21:00:00,08,10,2002,21,1694.1
08.11.2002-00:00:00,08,11,2002,00,1786
08.11.2002-03:00:00,08,11,2002,03,1659.5
08.11.2002-06:00:00,08,11,2002,06,1431.4
08.11.2002-09:00:00,08,11,2002,09,1090.1
08.11.2002-12:00:00,08,11,2002,12,1009
08.11.2002-15:00:00,08,11,2002,15,1225.2
08.11.2002-18:00:00,08,11,2002,18,1472.6
08.11.2002-21:00:00,08,11,2002,21,1639.3
08.12.2002-00:00:00,08,12,2002,00,1714.8
08.12.2002-03:00:00,08,12,2002,03,1605.5
08.12.2002-06:00:00,08,12,2002,06,1364.7
08.12.2002-09:00:00,08,12,2002,09,1021.6
08.12.2002-12:00:00,08,12,2002,12,950.95
08.12.2002-15:00:00,08,12,2002,15,1161.1
08.12.2002-18:00:00,08,12,2002,18,1411.5
08.12.2002-21:00:00,08,12,2002,21,1568
08.13.2002-00:00:00,08,13,2002,00,1643.1
08.13.2002-03:00:00,08,13,2002,03,1538.6
08.13.2002-06:00:00,08,13,2002,06,1308.3
08.13.2002-09:00:00,08,13,2002,09,974.61
08.13.2002-12:00:00,08,13,2002,12,949.04
08.13.2002-15:00:00,08,13,2002,15,1139.4
08.13.2002-18:00:00,08,13,2002,18,1373.4
08.13.2002-21:00:00,08,13,2002,21,1518.3
08.14.2002-00:00:00,08,14,2002,00,1591
08.14.2002-03:00:00,08,14,2002,03,1505.2
08.14.2002-06:00:00,08,14,2002,06,1322.4
08.14.2002-09:00:00,08,14,2002,09,1046.4
08.14.2002-12:00:00,08,14,2002,12,979.42
08.14.2002-15:00:00,08,14,2002,15,1158.1
08.14.2002-18:00:00,08,14,2002,18,1362.7
08.14.2002-21:00:00,08,14,2002,21,1519.2
08.15.2002-00:00:00,08,15,2002,00,1585.8
08.15.2002-03:00:00,08,15,2002,03,1503.3
08.15.2002-06:00:00,08,15,2002,06,1282.4
08.15.2002-09:00:00,08,15,2002,09,964.02
08.15.2002-12:00:00,08,15,2002,12,898.4
08.15.2002-15:00:00,08,15,2002,15,1090.3
08.15.2002-18:00:00,08,15,2002,18,1317.4
08.15.2002-21:00:00,08,15,2002,21,1453.4
08.16.2002-00:00:00,08,16,2002,00,1533.9
08.16.2002-03:00:00,08,16,2002,03,1440.7
08.16.2002-06:00:00,08,16,2002,06,1248.2
08.16.2002-09:00:00,08,16,2002,09,930.43
08.16.2002-12:00:00,08,16,2002,12,872.65
08.16.2002-15:00:00,08,16,2002,15,1059.6
08.16.2002-18:00:00,08,16,2002,18,1286.3
08.16.2002-21:00:00,08,16,2002,21,1417.7
08.17.2002-00:00:00,08,17,2002,00,1500.7
08.17.2002-03:00:00,08,17,2002,03,1483.9
08.17.2002-06:00:00,08,17,2002,06,1302.6
08.17.2002-09:00:00,08,17,2002,09,952.47
08.17.2002-12:00:00,08,17,2002,12,879.11
08.17.2002-15:00:00,08,17,2002,15,1071.9
08.17.2002-18:00:00,08,17,2002,18,1287.8
08.17.2002-21:00:00,08,17,2002,21,1423.9
08.18.2002-00:00:00,08,18,2002,00,1489.8
08.18.2002-03:00:00,08,18,2002,03,1446.6
08.18.2002-06:00:00,08,18,2002,06,1260.4
08.18.2002-09:00:00,08,18,2002,09,934.55
08.18.2002-12:00:00,08,18,2002,12,866.24
08.18.2002-15:00:00,08,18,2002,15,1049
08.18.2002-18:00:00,08,18,2002,18,1258.5
08.18.2002-21:00:00,08,18,2002,21,1385.2
08.19.2002-00:00:00,08,19,2002,00,1454.4
08.19.2002-03:00:00,08,19,2002,03,1430
08.19.2002-06:00:00,08,19,2002,06,1294.8
08.19.2002-09:00:00,08,19,2002,09,1032.3
08.19.2002-12:00:00,08,19,2002,12,970.95
08.19.2002-15:00:00,08,19,2002,15,1122
08.19.2002-18:00:00,08,19,2002,18,1297.6
08.19.2002-21:00:00,08,19,2002,21,1417.1
08.20.2002-00:00:00,08,20,2002,00,1476
08.20.2002-03:00:00,08,20,2002,03,1411.6
08.20.2002-06:00:00,08,20,2002,06,1251.7
08.20.2002-09:00:00,08,20,2002,09,988.15
08.20.2002-12:00:00,08,20,2002,12,926.19
08.20.2002-15:00:00,08,20,2002,15,1074.2
08.20.2002-18:00:00,08,20,2002,18,1259.1
08.20.2002-21:00:00,08,20,2002,21,1375.8
08.21.2002-00:00:00,08,21,2002,00,1438.3
08.21.2002-03:00:00,08,21,2002,03,1378.5
08.21.2002-06:00:00,08,21,2002,06,1214
08.21.2002-09:00:00,08,21,2002,09,945.4
08.21.2002-12:00:00,08,21,2002,12,882.88
08.21.2002-15:00:00,08,21,2002,15,1031.6
08.21.2002-18:00:00,08,21,2002,18,1219.1
08.21.2002-21:00:00,08,21,2002,21,1332.3
08.22.2002-00:00:00,08,22,2002,00,1398.6
08.22.2002-03:00:00,08,22,2002,03,1344.2
08.22.2002-06:00:00,08,22,2002,06,1177.1
08.22.2002-09:00:00,08,22,2002,09,911.23
08.22.2002-12:00:00,08,22,2002,12,844.88
08.22.2002-15:00:00,08,22,2002,15,999.82
08.22.2002-18:00:00,08,22,2002,18,1181.1
08.22.2002-21:00:00,08,22,2002,21,1295.3
08.23.2002-00:00:00,08,23,2002,00,1353.6
08.23.2002-03:00:00,08,23,2002,03,1307.1
08.23.2002-06:00:00,08,23,2002,06,1131.5
08.23.2002-09:00:00,08,23,2002,09,846.34
08.23.2002-12:00:00,08,23,2002,12,787.19
08.23.2002-15:00:00,08,23,2002,15,941.73
08.23.2002-18:00:00,08,23,2002,18,1131
08.23.2002-21:00:00,08,23,2002,21,1239.2
08.24.2002-00:00:00,08,24,2002,00,1307.3
08.24.2002-03:00:00,08,24,2002,03,1271.4
08.24.2002-06:00:00,08,24,2002,06,1117.4
08.24.2002-09:00:00,08,24,2002,09,841.82
08.24.2002-12:00:00,08,24,2002,12,780.22
08.24.2002-15:00:00,08,24,2002,15,933.22
08.24.2002-18:00:00,08,24,2002,18,1115.6
08.24.2002-21:00:00,08,24,2002,21,1220.8
08.25.2002-00:00:00,08,25,2002,00,1413
08.25.2002-03:00:00,08,25,2002,03,1590.3
08.25.2002-06:00:00,08,25,2002,06,1578.3
08.25.2002-09:00:00,08,25,2002,09,1350.3
08.25.2002-12:00:00,08,25,2002,12,1189.2
08.25.2002-15:00:00,08,25,2002,15,1335.2
08.25.2002-18:00:00,08,25,2002,18,1593
08.25.2002-21:00:00,08,25,2002,21,1761.2
08.26.2002-00:00:00,08,26,2002,00,1635.8
08.26.2002-03:00:00,08,26,2002,03,1573.6
08.26.2002-06:00:00,08,26,2002,06,1439.2
08.26.2002-09:00:00,08,26,2002,09,1145.5
08.26.2002-12:00:00,08,26,2002,12,995.02
08.26.2002-15:00:00,08,26,2002,15,1108.9
08.26.2002-18:00:00,08,26,2002,18,1315.2
08.26.2002-21:00:00,08,26,2002,21,1460
08.27.2002-00:00:00,08,27,2002,00,1400.6
08.27.2002-03:00:00,08,27,2002,03,1315.5
08.27.2002-06:00:00,08,27,2002,06,1149
08.27.2002-09:00:00,08,27,2002,09,879.53
08.27.2002-12:00:00,08,27,2002,12,789.94
08.27.2002-15:00:00,08,27,2002,15,923.28
08.27.2002-18:00:00,08,27,2002,18,1099.9
08.27.2002-21:00:00,08,27,2002,21,1199.2
08.28.2002-00:00:00,08,28,2002,00,1260.9
08.28.2002-03:00:00,08,28,2002,03,1232.2
08.28.2002-06:00:00,08,28,2002,06,1080.9
08.28.2002-09:00:00,08,28,2002,09,819.03
08.28.2002-12:00:00,08,28,2002,12,761.05
08.28.2002-15:00:00,08,28,2002,15,899.52
08.28.2002-18:00:00,08,28,2002,18,1066.4
08.28.2002-21:00:00,08,28,2002,21,1161.6
08.29.2002-00:00:00,08,29,2002,00,1219.8
08.29.2002-03:00:00,08,29,2002,03,1205.5
08.29.2002-06:00:00,08,29,2002,06,1090.1
08.29.2002-09:00:00,08,29,2002,09,876.02
08.29.2002-12:00:00,08,29,2002,12,816.74
08.29.2002-15:00:00,08,29,2002,15,933.36
08.29.2002-18:00:00,08,29,2002,18,1085
08.29.2002-21:00:00,08,29,2002,21,1175.1
08.30.2002-00:00:00,08,30,2002,00,1226.6
08.30.2002-03:00:00,08,30,2002,03,1205.9
08.30.2002-06:00:00,08,30,2002,06,1068.2
08.30.2002-09:00:00,08,30,2002,09,842.34
08.30.2002-12:00:00,08,30,2002,12,781.71
08.30.2002-15:00:00,08,30,2002,15,901.28
08.30.2002-18:00:00,08,30,2002,18,1062.4
08.30.2002-21:00:00,08,30,2002,21,1150.7
08.31.2002-00:00:00,08,31,2002,00,1205.4
08.31.2002-03:00:00,08,31,2002,03,1208.1
08.31.2002-06:00:00,08,31,2002,06,1101.7
08.31.2002-09:00:00,08,31,2002,09,889.82
08.31.2002-12:00:00,08,31,2002,12,813.99
08.31.2002-15:00:00,08,31,2002,15,932.62
08.31.2002-18:00:00,08,31,2002,18,1077.2
08.31.2002-21:00:00,08,31,2002,21,1166.2
09.01.2002-00:00:00,09,01,2002,00,1206.5
09.01.2002-03:00:00,09,01,2002,03,1192.3
09.01.2002-06:00:00,09,01,2002,06,1113.8
09.01.2002-09:00:00,09,01,2002,09,989.85
09.01.2002-12:00:00,09,01,2002,12,947.17
09.01.2002-15:00:00,09,01,2002,15,1010.7
09.01.2002-18:00:00,09,01,2002,18,1112.6
09.01.2002-21:00:00,09,01,2002,21,1188.3
09.02.2002-00:00:00,09,02,2002,00,1218.7
09.02.2002-03:00:00,09,02,2002,03,1191
09.02.2002-06:00:00,09,02,2002,06,1050.3
09.02.2002-09:00:00,09,02,2002,09,838.06
09.02.2002-12:00:00,09,02,2002,12,785.81
09.02.2002-15:00:00,09,02,2002,15,914.31
09.02.2002-18:00:00,09,02,2002,18,1056.8
09.02.2002-21:00:00,09,02,2002,21,1135.8
09.03.2002-00:00:00,09,03,2002,00,1178.7
09.03.2002-03:00:00,09,03,2002,03,1168.7
09.03.2002-06:00:00,09,03,2002,06,1044.5
09.03.2002-09:00:00,09,03,2002,09,852.95
09.03.2002-12:00:00,09,03,2002,12,804.75
09.03.2002-15:00:00,09,03,2002,15,922.9
09.03.2002-18:00:00,09,03,2002,18,1060.8
09.03.2002-21:00:00,09,03,2002,21,1136.3
09.04.2002-00:00:00,09,04,2002,00,1179.5
09.04.2002-03:00:00,09,04,2002,03,1173
09.04.2002-06:00:00,09,04,2002,06,1050.8
09.04.2002-09:00:00,09,04,2002,09,824.75
09.04.2002-12:00:00,09,04,2002,12,769.21
09.04.2002-15:00:00,09,04,2002,15,900.82
09.04.2002-18:00:00,09,04,2002,18,1040.9
09.04.2002-21:00:00,09,04,2002,21,1117.3
09.05.2002-00:00:00,09,05,2002,00,1159.9
09.05.2002-03:00:00,09,05,2002,03,1174.3
09.05.2002-06:00:00,09,05,2002,06,1088.4
09.05.2002-09:00:00,09,05,2002,09,834.1
09.05.2002-12:00:00,09,05,2002,12,764.9
09.05.2002-15:00:00,09,05,2002,15,900.58
09.05.2002-18:00:00,09,05,2002,18,1040.7
09.05.2002-21:00:00,09,05,2002,21,1120.1
09.06.2002-00:00:00,09,06,2002,00,1146.8
09.06.2002-03:00:00,09,06,2002,03,1165.1
09.06.2002-06:00:00,09,06,2002,06,1063.3
09.06.2002-09:00:00,09,06,2002,09,822.75
09.06.2002-12:00:00,09,06,2002,12,755.4
09.06.2002-15:00:00,09,06,2002,15,885.68
09.06.2002-18:00:00,09,06,2002,18,1021
09.06.2002-21:00:00,09,06,2002,21,1095.6
09.07.2002-00:00:00,09,07,2002,00,1134
09.07.2002-03:00:00,09,07,2002,03,1158.6
09.07.2002-06:00:00,09,07,2002,06,1214.9
09.07.2002-09:00:00,09,07,2002,09,1011.2
09.07.2002-12:00:00,09,07,2002,12,875.09
09.07.2002-15:00:00,09,07,2002,15,971.25
09.07.2002-18:00:00,09,07,2002,18,1102.8
09.07.2002-21:00:00,09,07,2002,21,1180.2
09.08.2002-00:00:00,09,08,2002,00,1164.8
09.08.2002-03:00:00,09,08,2002,03,1157.6
09.08.2002-06:00:00,09,08,2002,06,1130.9
09.08.2002-09:00:00,09,08,2002,09,1009.2
09.08.2002-12:00:00,09,08,2002,12,889.49
09.08.2002-15:00:00,09,08,2002,15,953.02
09.08.2002-18:00:00,09,08,2002,18,1071.9
09.08.2002-21:00:00,09,08,2002,21,1123.5
09.09.2002-00:00:00,09,09,2002,00,1136.4
09.09.2002-03:00:00,09,09,2002,03,1127.9
09.09.2002-06:00:00,09,09,2002,06,990.87
09.09.2002-09:00:00,09,09,2002,09,775.7
09.09.2002-12:00:00,09,09,2002,12,714.75
09.09.2002-15:00:00,09,09,2002,15,837.19
09.09.2002-18:00:00,09,09,2002,18,966.55
09.09.2002-21:00:00,09,09,2002,21,1033.8
09.10.2002-00:00:00,09,10,2002,00,1075.3
09.10.2002-03:00:00,09,10,2002,03,1091.2
09.10.2002-06:00:00,09,10,2002,06,965.69
09.10.2002-09:00:00,09,10,2002,09,740.63
09.10.2002-12:00:00,09,10,2002,12,679.36
09.10.2002-15:00:00,09,10,2002,15,800.99
09.10.2002-18:00:00,09,10,2002,18,932.76
09.10.2002-21:00:00,09,10,2002,21,999.53
09.11.2002-00:00:00,09,11,2002,00,1041
09.11.2002-03:00:00,09,11,2002,03,1059
09.11.2002-06:00:00,09,11,2002,06,924.82
09.11.2002-09:00:00,09,11,2002,09,711.14
09.11.2002-12:00:00,09,11,2002,12,651.77
09.11.2002-15:00:00,09,11,2002,15,771.72
09.11.2002-18:00:00,09,11,2002,18,904.22
09.11.2002-21:00:00,09,11,2002,21,966.3
09.12.2002-00:00:00,09,12,2002,00,1008.8
09.12.2002-03:00:00,09,12,2002,03,1030.3
09.12.2002-06:00:00,09,12,2002,06,906.84
09.12.2002-09:00:00,09,12,2002,09,696.16
09.12.2002-12:00:00,09,12,2002,12,640.03
09.12.2002-15:00:00,09,12,2002,15,756.98
09.12.2002-18:00:00,09,12,2002,18,888.17
09.12.2002-21:00:00,09,12,2002,21,946.76
09.13.2002-00:00:00,09,13,2002,00,986.64
09.13.2002-03:00:00,09,13,2002,03,1004.1
09.13.2002-06:00:00,09,13,2002,06,870.89
09.13.2002-09:00:00,09,13,2002,09,674.55
09.13.2002-12:00:00,09,13,2002,12,622.42
09.13.2002-15:00:00,09,13,2002,15,734.1
09.13.2002-18:00:00,09,13,2002,18,862.35
09.13.2002-21:00:00,09,13,2002,21,923.16
09.14.2002-00:00:00,09,14,2002,00,959.47
09.14.2002-03:00:00,09,14,2002,03,986.76
09.14.2002-06:00:00,09,14,2002,06,882.83
09.14.2002-09:00:00,09,14,2002,09,679.16
09.14.2002-12:00:00,09,14,2002,12,622.42
09.14.2002-15:00:00,09,14,2002,15,736.02
09.14.2002-18:00:00,09,14,2002,18,861.6
09.14.2002-21:00:00,09,14,2002,21,917.55
09.15.2002-00:00:00,09,15,2002,00,955.86
09.15.2002-03:00:00,09,15,2002,03,978.31
09.15.2002-06:00:00,09,15,2002,06,888.65
09.15.2002-09:00:00,09,15,2002,09,717.47
09.15.2002-12:00:00,09,15,2002,12,670.21
09.15.2002-15:00:00,09,15,2002,15,759.92
09.15.2002-18:00:00,09,15,2002,18,872
09.15.2002-21:00:00,09,15,2002,21,928.84
09.16.2002-00:00:00,09,16,2002,00,964.78
09.16.2002-03:00:00,09,16,2002,03,975.75
09.16.2002-06:00:00,09,16,2002,06,881.58
09.16.2002-09:00:00,09,16,2002,09,728.86
09.16.2002-12:00:00,09,16,2002,12,685.79
09.16.2002-15:00:00,09,16,2002,15,767.76
09.16.2002-18:00:00,09,16,2002,18,873.22
09.16.2002-21:00:00,09,16,2002,21,929.92
09.17.2002-00:00:00,09,17,2002,00,960.08
09.17.2002-03:00:00,09,17,2002,03,973.6
09.17.2002-06:00:00,09,17,2002,06,903.54
09.17.2002-09:00:00,09,17,2002,09,771.89
09.17.2002-12:00:00,09,17,2002,12,733.04
09.17.2002-15:00:00,09,17,2002,15,806.47
09.17.2002-18:00:00,09,17,2002,18,899.22
09.17.2002-21:00:00,09,17,2002,21,947.98
09.18.2002-00:00:00,09,18,2002,00,964.23
09.18.2002-03:00:00,09,18,2002,03,972.08
09.18.2002-06:00:00,09,18,2002,06,893.24
09.18.2002-09:00:00,09,18,2002,09,726.46
09.18.2002-12:00:00,09,18,2002,12,681.18
09.18.2002-15:00:00,09,18,2002,15,771.55
09.18.2002-18:00:00,09,18,2002,18,873.75
09.18.2002-21:00:00,09,18,2002,21,927.21
09.19.2002-00:00:00,09,19,2002,00,950.6
09.19.2002-03:00:00,09,19,2002,03,961.89
09.19.2002-06:00:00,09,19,2002,06,879.41
09.19.2002-09:00:00,09,19,2002,09,687.27
09.19.2002-12:00:00,09,19,2002,12,635.12
09.19.2002-15:00:00,09,19,2002,15,734.68
09.19.2002-18:00:00,09,19,2002,18,841.32
09.19.2002-21:00:00,09,19,2002,21,892.17
09.20.2002-00:00:00,09,20,2002,00,925.77
09.20.2002-03:00:00,09,20,2002,03,943.23
09.20.2002-06:00:00,09,20,2002,06,875.71
09.20.2002-09:00:00,09,20,2002,09,690.19
09.20.2002-12:00:00,09,20,2002,12,639.6
09.20.2002-15:00:00,09,20,2002,15,738.15
09.20.2002-18:00:00,09,20,2002,18,839.74
09.20.2002-21:00:00,09,20,2002,21,889.34
09.21.2002-00:00:00,09,21,2002,00,920.77
09.21.2002-03:00:00,09,21,2002,03,935.76
09.21.2002-06:00:00,09,21,2002,06,917.11
09.21.2002-09:00:00,09,21,2002,09,698.18
09.21.2002-12:00:00,09,21,2002,12,638.72
09.21.2002-15:00:00,09,21,2002,15,736.65
09.21.2002-18:00:00,09,21,2002,18,834.97
09.21.2002-21:00:00,09,21,2002,21,881.59
09.22.2002-00:00:00,09,22,2002,00,911.94
09.22.2002-03:00:00,09,22,2002,03,926.37
09.22.2002-06:00:00,09,22,2002,06,895.15
09.22.2002-09:00:00,09,22,2002,09,676.16
09.22.2002-12:00:00,09,22,2002,12,615.69
09.22.2002-15:00:00,09,22,2002,15,713.8
09.22.2002-18:00:00,09,22,2002,18,811.31
09.22.2002-21:00:00,09,22,2002,21,858.73
09.23.2002-00:00:00,09,23,2002,00,886.21
09.23.2002-03:00:00,09,23,2002,03,910.16
09.23.2002-06:00:00,09,23,2002,06,845.91
09.23.2002-09:00:00,09,23,2002,09,653.5
09.23.2002-12:00:00,09,23,2002,12,599.62
09.23.2002-15:00:00,09,23,2002,15,698.46
09.23.2002-18:00:00,09,23,2002,18,791.91
09.23.2002-21:00:00,09,23,2002,21,838.3
09.24.2002-00:00:00,09,24,2002,00,864.51
09.24.2002-03:00:00,09,24,2002,03,891.05
09.24.2002-06:00:00,09,24,2002,06,833.88
09.24.2002-09:00:00,09,24,2002,09,693.77
09.24.2002-12:00:00,09,24,2002,12,650.91
09.24.2002-15:00:00,09,24,2002,15,721.7
09.24.2002-18:00:00,09,24,2002,18,809.57
09.24.2002-21:00:00,09,24,2002,21,855.24
09.25.2002-00:00:00,09,25,2002,00,883.37
09.25.2002-03:00:00,09,25,2002,03,894.85
09.25.2002-06:00:00,09,25,2002,06,813.17
09.25.2002-09:00:00,09,25,2002,09,639.52
09.25.2002-12:00:00,09,25,2002,12,589.49
09.25.2002-15:00:00,09,25,2002,15,687.67
09.25.2002-18:00:00,09,25,2002,18,776.39
09.25.2002-21:00:00,09,25,2002,21,819.48
09.26.2002-00:00:00,09,26,2002,00,844.53
09.26.2002-03:00:00,09,26,2002,03,866.04
09.26.2002-06:00:00,09,26,2002,06,843.33
09.26.2002-09:00:00,09,26,2002,09,732.44
09.26.2002-12:00:00,09,26,2002,12,689.33
09.26.2002-15:00:00,09,26,2002,15,749.93
09.26.2002-18:00:00,09,26,2002,18,826.61
09.26.2002-21:00:00,09,26,2002,21,860.71
09.27.2002-00:00:00,09,27,2002,00,874.04
09.27.2002-03:00:00,09,27,2002,03,879.11
09.27.2002-06:00:00,09,27,2002,06,805.69
09.27.2002-09:00:00,09,27,2002,09,653.89
09.27.2002-12:00:00,09,27,2002,12,610.71
09.27.2002-15:00:00,09,27,2002,15,696.01
09.27.2002-18:00:00,09,27,2002,18,780.25
09.27.2002-21:00:00,09,27,2002,21,818.53
09.28.2002-00:00:00,09,28,2002,00,839.47
09.28.2002-03:00:00,09,28,2002,03,861.36
09.28.2002-06:00:00,09,28,2002,06,843.01
09.28.2002-09:00:00,09,28,2002,09,661.55
09.28.2002-12:00:00,09,28,2002,12,608.79
09.28.2002-15:00:00,09,28,2002,15,694.06
09.28.2002-18:00:00,09,28,2002,18,775.72
09.28.2002-21:00:00,09,28,2002,21,811.26
09.29.2002-00:00:00,09,29,2002,00,831.97
09.29.2002-03:00:00,09,29,2002,03,848.6
09.29.2002-06:00:00,09,29,2002,06,821.42
09.29.2002-09:00:00,09,29,2002,09,729.98
09.29.2002-12:00:00,09,29,2002,12,693.1
09.29.2002-15:00:00,09,29,2002,15,744.25
09.29.2002-18:00:00,09,29,2002,18,809.92
09.29.2002-21:00:00,09,29,2002,21,839.51
09.30.2002-00:00:00,09,30,2002,00,850.32
09.30.2002-03:00:00,09,30,2002,03,855.21
09.30.2002-06:00:00,09,30,2002,06,823.68
09.30.2002-09:00:00,09,30,2002,09,730.64
09.30.2002-12:00:00,09,30,2002,12,693.86
09.30.2002-15:00:00,09,30,2002,15,750.17
09.30.2002-18:00:00,09,30,2002,18,809.86
09.30.2002-21:00:00,09,30,2002,21,839.27
