TIMESTAMP,MONTH,DAY,YEAR,HOUR,C
10.01.2001-00:00:00,10,01,2001,00,539.08
10.01.2001-03:00:00,10,01,2001,03,553.87
10.01.2001-06:00:00,10,01,2001,06,539.46
10.01.2001-09:00:00,10,01,2001,09,435.73
10.01.2001-12:00:00,10,01,2001,12,418.33
10.01.2001-15:00:00,10,01,2001,15,494.07
10.01.2001-18:00:00,10,01,2001,18,531.48
10.01.2001-21:00:00,10,01,2001,21,539.08
10.02.2001-00:00:00,10,02,2001,00,546.01
10.02.2001-03:00:00,10,02,2001,03,553.22
10.02.2001-06:00:00,10,02,2001,06,536.12
10.02.2001-09:00:00,10,02,2001,09,432.59
10.02.2001-12:00:00,10,02,2001,12,420.38
10.02.2001-15:00:00,10,02,2001,15,488.4
10.02.2001-18:00:00,10,02,2001,18,522.48
10.02.2001-21:00:00,10,02,2001,21,533.94
10.03.2001-00:00:00,10,03,2001,00,537.9
10.03.2001-03:00:00,10,03,2001,03,547.71
10.03.2001-06:00:00,10,03,2001,06,533.4
10.03.2001-09:00:00,10,03,2001,09,432.73
10.03.2001-12:00:00,10,03,2001,12,413.8
10.03.2001-15:00:00,10,03,2001,15,487.14
10.03.2001-18:00:00,10,03,2001,18,522.14
10.03.2001-21:00:00,10,03,2001,21,528.45
10.04.2001-00:00:00,10,04,2001,00,534.23
10.04.2001-03:00:00,10,04,2001,03,540.62
10.04.2001-06:00:00,10,04,2001,06,535.78
10.04.2001-09:00:00,10,04,2001,09,435.23
10.04.2001-12:00:00,10,04,2001,12,421.33
10.04.2001-15:00:00,10,04,2001,15,486.1
10.04.2001-18:00:00,10,04,2001,18,516.24
10.04.2001-21:00:00,10,04,2001,21,524.7
10.05.2001-00:00:00,10,05,2001,00,530.83
10.05.2001-03:00:00,10,05,2001,03,535.97
10.05.2001-06:00:00,10,05,2001,06,530.98
10.05.2001-09:00:00,10,05,2001,09,438.6
10.05.2001-12:00:00,10,05,2001,12,420.81
10.05.2001-15:00:00,10,05,2001,15,491.05
10.05.2001-18:00:00,10,05,2001,18,514.08
10.05.2001-21:00:00,10,05,2001,21,521.26
10.06.2001-00:00:00,10,06,2001,00,529.29
10.06.2001-03:00:00,10,06,2001,03,526.7
10.06.2001-06:00:00,10,06,2001,06,530.3
10.06.2001-09:00:00,10,06,2001,09,440.73
10.06.2001-12:00:00,10,06,2001,12,431.42
10.06.2001-15:00:00,10,06,2001,15,491.45
10.06.2001-18:00:00,10,06,2001,18,509.5
10.06.2001-21:00:00,10,06,2001,21,515.8
10.07.2001-00:00:00,10,07,2001,00,519.82
10.07.2001-03:00:00,10,07,2001,03,525.83
10.07.2001-06:00:00,10,07,2001,06,520.81
10.07.2001-09:00:00,10,07,2001,09,453.75
10.07.2001-12:00:00,10,07,2001,12,436.07
10.07.2001-15:00:00,10,07,2001,15,490.85
10.07.2001-18:00:00,10,07,2001,18,505.59
10.07.2001-21:00:00,10,07,2001,21,517.48
10.08.2001-00:00:00,10,08,2001,00,515.1
10.08.2001-03:00:00,10,08,2001,03,521.97
10.08.2001-06:00:00,10,08,2001,06,517.41
10.08.2001-09:00:00,10,08,2001,09,571.41
10.08.2001-12:00:00,10,08,2001,12,474.37
10.08.2001-15:00:00,10,08,2001,15,515.95
10.08.2001-18:00:00,10,08,2001,18,512.52
10.08.2001-21:00:00,10,08,2001,21,517.02
10.09.2001-00:00:00,10,09,2001,00,527.34
10.09.2001-03:00:00,10,09,2001,03,515.74
10.09.2001-06:00:00,10,09,2001,06,517.47
10.09.2001-09:00:00,10,09,2001,09,480.88
10.09.2001-12:00:00,10,09,2001,12,454.97
10.09.2001-15:00:00,10,09,2001,15,492.48
10.09.2001-18:00:00,10,09,2001,18,502.21
10.09.2001-21:00:00,10,09,2001,21,511.81
10.10.2001-00:00:00,10,10,2001,00,507.97
10.10.2001-03:00:00,10,10,2001,03,513.28
10.10.2001-06:00:00,10,10,2001,06,507.95
10.10.2001-09:00:00,10,10,2001,09,847.73
10.10.2001-12:00:00,10,10,2001,12,828.22
10.10.2001-15:00:00,10,10,2001,15,598.24
10.10.2001-18:00:00,10,10,2001,18,535.03
10.10.2001-21:00:00,10,10,2001,21,522.51
10.11.2001-00:00:00,10,11,2001,00,512.05
10.11.2001-03:00:00,10,11,2001,03,514.17
10.11.2001-06:00:00,10,11,2001,06,506.9
10.11.2001-09:00:00,10,11,2001,09,634.08
10.11.2001-12:00:00,10,11,2001,12,756.11
10.11.2001-15:00:00,10,11,2001,15,562.99
10.11.2001-18:00:00,10,11,2001,18,513.6
10.11.2001-21:00:00,10,11,2001,21,511.7
10.12.2001-00:00:00,10,12,2001,00,503.8
10.12.2001-03:00:00,10,12,2001,03,507.71
10.12.2001-06:00:00,10,12,2001,06,501.55
10.12.2001-09:00:00,10,12,2001,09,600.45
10.12.2001-12:00:00,10,12,2001,12,841.08
10.12.2001-15:00:00,10,12,2001,15,672.03
10.12.2001-18:00:00,10,12,2001,18,567.52
10.12.2001-21:00:00,10,12,2001,21,534.96
10.13.2001-00:00:00,10,13,2001,00,516.94
10.13.2001-03:00:00,10,13,2001,03,520.13
10.13.2001-06:00:00,10,13,2001,06,610.16
10.13.2001-09:00:00,10,13,2001,09,1032.1
10.13.2001-12:00:00,10,13,2001,12,856.76
10.13.2001-15:00:00,10,13,2001,15,713.22
10.13.2001-18:00:00,10,13,2001,18,658.27
10.13.2001-21:00:00,10,13,2001,21,607.8
10.14.2001-00:00:00,10,14,2001,00,559.71
10.14.2001-03:00:00,10,14,2001,03,536.97
10.14.2001-06:00:00,10,14,2001,06,536.1
10.14.2001-09:00:00,10,14,2001,09,539.2
10.14.2001-12:00:00,10,14,2001,12,480.92
10.14.2001-15:00:00,10,14,2001,15,514.02
10.14.2001-18:00:00,10,14,2001,18,506.83
10.14.2001-21:00:00,10,14,2001,21,507.66
10.15.2001-00:00:00,10,15,2001,00,507.94
10.15.2001-03:00:00,10,15,2001,03,503.3
10.15.2001-06:00:00,10,15,2001,06,506.38
10.15.2001-09:00:00,10,15,2001,09,519.26
10.15.2001-12:00:00,10,15,2001,12,463.76
10.15.2001-15:00:00,10,15,2001,15,486.86
10.15.2001-18:00:00,10,15,2001,18,496.92
10.15.2001-21:00:00,10,15,2001,21,502.04
10.16.2001-00:00:00,10,16,2001,00,496.6
10.16.2001-03:00:00,10,16,2001,03,500.88
10.16.2001-06:00:00,10,16,2001,06,498.5
10.16.2001-09:00:00,10,16,2001,09,450.98
10.16.2001-12:00:00,10,16,2001,12,421.75
10.16.2001-15:00:00,10,16,2001,15,467.76
10.16.2001-18:00:00,10,16,2001,18,485.53
10.16.2001-21:00:00,10,16,2001,21,491.98
10.17.2001-00:00:00,10,17,2001,00,495.61
10.17.2001-03:00:00,10,17,2001,03,490.99
10.17.2001-06:00:00,10,17,2001,06,493.89
10.17.2001-09:00:00,10,17,2001,09,458.98
10.17.2001-12:00:00,10,17,2001,12,456.13
10.17.2001-15:00:00,10,17,2001,15,480.28
10.17.2001-18:00:00,10,17,2001,18,491.54
10.17.2001-21:00:00,10,17,2001,21,495.49
10.18.2001-00:00:00,10,18,2001,00,487.81
10.18.2001-03:00:00,10,18,2001,03,492.74
10.18.2001-06:00:00,10,18,2001,06,483.99
10.18.2001-09:00:00,10,18,2001,09,432.87
10.18.2001-12:00:00,10,18,2001,12,417.03
10.18.2001-15:00:00,10,18,2001,15,466.43
10.18.2001-18:00:00,10,18,2001,18,478.17
10.18.2001-21:00:00,10,18,2001,21,484.77
10.19.2001-00:00:00,10,19,2001,00,486.87
10.19.2001-03:00:00,10,19,2001,03,482
10.19.2001-06:00:00,10,19,2001,06,485.39
10.19.2001-09:00:00,10,19,2001,09,500.11
10.19.2001-12:00:00,10,19,2001,12,435.98
10.19.2001-15:00:00,10,19,2001,15,466.58
10.19.2001-18:00:00,10,19,2001,18,475.43
10.19.2001-21:00:00,10,19,2001,21,482.79
10.20.2001-00:00:00,10,20,2001,00,477.62
10.20.2001-03:00:00,10,20,2001,03,481.73
10.20.2001-06:00:00,10,20,2001,06,478.51
10.20.2001-09:00:00,10,20,2001,09,466.09
10.20.2001-12:00:00,10,20,2001,12,435.43
10.20.2001-15:00:00,10,20,2001,15,461.25
10.20.2001-18:00:00,10,20,2001,18,469.04
10.20.2001-21:00:00,10,20,2001,21,476.36
10.21.2001-00:00:00,10,21,2001,00,471.61
10.21.2001-03:00:00,10,21,2001,03,476.35
10.21.2001-06:00:00,10,21,2001,06,470.64
10.21.2001-09:00:00,10,21,2001,09,640.27
10.21.2001-12:00:00,10,21,2001,12,493.73
10.21.2001-15:00:00,10,21,2001,15,485.34
10.21.2001-18:00:00,10,21,2001,18,471.34
10.21.2001-21:00:00,10,21,2001,21,475.21
10.22.2001-00:00:00,10,22,2001,00,470.11
10.22.2001-03:00:00,10,22,2001,03,473.26
10.22.2001-06:00:00,10,22,2001,06,466.93
10.22.2001-09:00:00,10,22,2001,09,491.11
10.22.2001-12:00:00,10,22,2001,12,566.22
10.22.2001-15:00:00,10,22,2001,15,482.14
10.22.2001-18:00:00,10,22,2001,18,465.78
10.22.2001-21:00:00,10,22,2001,21,470.3
10.23.2001-00:00:00,10,23,2001,00,464.31
10.23.2001-03:00:00,10,23,2001,03,469.11
10.23.2001-06:00:00,10,23,2001,06,463.1
10.23.2001-09:00:00,10,23,2001,09,517.7
10.23.2001-12:00:00,10,23,2001,12,846.75
10.23.2001-15:00:00,10,23,2001,15,579.43
10.23.2001-18:00:00,10,23,2001,18,500.33
10.23.2001-21:00:00,10,23,2001,21,478.4
10.24.2001-00:00:00,10,24,2001,00,467.34
10.24.2001-03:00:00,10,24,2001,03,469.14
10.24.2001-06:00:00,10,24,2001,06,462.31
10.24.2001-09:00:00,10,24,2001,09,461.05
10.24.2001-12:00:00,10,24,2001,12,454.54
10.24.2001-15:00:00,10,24,2001,15,463.14
10.24.2001-18:00:00,10,24,2001,18,458.1
10.24.2001-21:00:00,10,24,2001,21,460.23
10.25.2001-00:00:00,10,25,2001,00,462.02
10.25.2001-03:00:00,10,25,2001,03,457.28
10.25.2001-06:00:00,10,25,2001,06,460.54
10.25.2001-09:00:00,10,25,2001,09,454.86
10.25.2001-12:00:00,10,25,2001,12,457.93
10.25.2001-15:00:00,10,25,2001,15,460.22
10.25.2001-18:00:00,10,25,2001,18,453.71
10.25.2001-21:00:00,10,25,2001,21,455.46
10.26.2001-00:00:00,10,26,2001,00,457.11
10.26.2001-03:00:00,10,26,2001,03,452.4
10.26.2001-06:00:00,10,26,2001,06,452.82
10.26.2001-09:00:00,10,26,2001,09,455.53
10.26.2001-12:00:00,10,26,2001,12,451.13
10.26.2001-15:00:00,10,26,2001,15,452.11
10.26.2001-18:00:00,10,26,2001,18,453.51
10.26.2001-21:00:00,10,26,2001,21,448.89
10.27.2001-00:00:00,10,27,2001,00,449.29
10.27.2001-03:00:00,10,27,2001,03,452.44
10.27.2001-06:00:00,10,27,2001,06,446.45
10.27.2001-09:00:00,10,27,2001,09,441.06
10.27.2001-12:00:00,10,27,2001,12,443.68
10.27.2001-15:00:00,10,27,2001,15,444.18
10.27.2001-18:00:00,10,27,2001,18,445.34
10.27.2001-21:00:00,10,27,2001,21,448.62
10.28.2001-00:00:00,10,28,2001,00,442.72
10.28.2001-03:00:00,10,28,2001,03,444.23
10.28.2001-06:00:00,10,28,2001,06,446.32
10.28.2001-09:00:00,10,28,2001,09,437.01
10.28.2001-12:00:00,10,28,2001,12,437.4
10.28.2001-15:00:00,10,28,2001,15,444.7
10.28.2001-18:00:00,10,28,2001,18,439.32
10.28.2001-21:00:00,10,28,2001,21,440.8
10.29.2001-00:00:00,10,29,2001,00,442.79
10.29.2001-03:00:00,10,29,2001,03,438.26
10.29.2001-06:00:00,10,29,2001,06,438.51
10.29.2001-09:00:00,10,29,2001,09,439.84
10.29.2001-12:00:00,10,29,2001,12,433.16
10.29.2001-15:00:00,10,29,2001,15,437.15
10.29.2001-18:00:00,10,29,2001,18,439.46
10.29.2001-21:00:00,10,29,2001,21,435.02
10.30.2001-00:00:00,10,30,2001,00,435.13
10.30.2001-03:00:00,10,30,2001,03,438.42
10.30.2001-06:00:00,10,30,2001,06,432.82
10.30.2001-09:00:00,10,30,2001,09,434.05
10.30.2001-12:00:00,10,30,2001,12,436.17
10.30.2001-15:00:00,10,30,2001,15,431.91
10.30.2001-18:00:00,10,30,2001,18,431.69
10.30.2001-21:00:00,10,30,2001,21,435.16
10.31.2001-00:00:00,10,31,2001,00,429.72
10.31.2001-03:00:00,10,31,2001,03,430.62
10.31.2001-06:00:00,10,31,2001,06,432.94
10.31.2001-09:00:00,10,31,2001,09,430
10.31.2001-12:00:00,10,31,2001,12,487.3
10.31.2001-15:00:00,10,31,2001,15,493.54
10.31.2001-18:00:00,10,31,2001,18,435.21
10.31.2001-21:00:00,10,31,2001,21,429.32
11.01.2001-00:00:00,11,01,2001,00,431.79
11.01.2001-03:00:00,11,01,2001,03,427.84
11.01.2001-06:00:00,11,01,2001,06,427.5
11.01.2001-09:00:00,11,01,2001,09,428.28
11.01.2001-12:00:00,11,01,2001,12,422.47
11.01.2001-15:00:00,11,01,2001,15,425.88
11.01.2001-18:00:00,11,01,2001,18,428.88
11.01.2001-21:00:00,11,01,2001,21,424.82
11.02.2001-00:00:00,11,02,2001,00,424.21
11.02.2001-03:00:00,11,02,2001,03,427.9
11.02.2001-06:00:00,11,02,2001,06,422.18
11.02.2001-09:00:00,11,02,2001,09,418.78
11.02.2001-12:00:00,11,02,2001,12,421.1
11.02.2001-15:00:00,11,02,2001,15,420.88
11.02.2001-18:00:00,11,02,2001,18,420.38
11.02.2001-21:00:00,11,02,2001,21,424.63
11.03.2001-00:00:00,11,03,2001,00,419.04
11.03.2001-03:00:00,11,03,2001,03,419.87
11.03.2001-06:00:00,11,03,2001,06,422.07
11.03.2001-09:00:00,11,03,2001,09,414.64
11.03.2001-12:00:00,11,03,2001,12,413.58
11.03.2001-15:00:00,11,03,2001,15,420.26
11.03.2001-18:00:00,11,03,2001,18,416.32
11.03.2001-21:00:00,11,03,2001,21,416.18
11.04.2001-00:00:00,11,04,2001,00,418.87
11.04.2001-03:00:00,11,04,2001,03,415.45
11.04.2001-06:00:00,11,04,2001,06,414.02
11.04.2001-09:00:00,11,04,2001,09,413.76
11.04.2001-12:00:00,11,04,2001,12,409.22
11.04.2001-15:00:00,11,04,2001,15,412.16
11.04.2001-18:00:00,11,04,2001,18,415.41
11.04.2001-21:00:00,11,04,2001,21,411.21
11.05.2001-00:00:00,11,05,2001,00,410.8
11.05.2001-03:00:00,11,05,2001,03,414.63
11.05.2001-06:00:00,11,05,2001,06,409.92
11.05.2001-09:00:00,11,05,2001,09,405.94
11.05.2001-12:00:00,11,05,2001,12,409.53
11.05.2001-15:00:00,11,05,2001,15,407.54
11.05.2001-18:00:00,11,05,2001,18,407.51
11.05.2001-21:00:00,11,05,2001,21,410.92
11.06.2001-00:00:00,11,06,2001,00,406.74
11.06.2001-03:00:00,11,06,2001,03,406.16
11.06.2001-06:00:00,11,06,2001,06,409.65
11.06.2001-09:00:00,11,06,2001,09,404.56
11.06.2001-12:00:00,11,06,2001,12,403.16
11.06.2001-15:00:00,11,06,2001,15,407.78
11.06.2001-18:00:00,11,06,2001,18,402.92
11.06.2001-21:00:00,11,06,2001,21,403.59
11.07.2001-00:00:00,11,07,2001,00,405.97
11.07.2001-03:00:00,11,07,2001,03,402.19
11.07.2001-06:00:00,11,07,2001,06,401.56
11.07.2001-09:00:00,11,07,2001,09,405.06
11.07.2001-12:00:00,11,07,2001,12,399.83
11.07.2001-15:00:00,11,07,2001,15,400.53
11.07.2001-18:00:00,11,07,2001,18,402.93
11.07.2001-21:00:00,11,07,2001,21,399.22
11.08.2001-00:00:00,11,08,2001,00,398.37
11.08.2001-03:00:00,11,08,2001,03,402.2
11.08.2001-06:00:00,11,08,2001,06,397.24
11.08.2001-09:00:00,11,08,2001,09,396.02
11.08.2001-12:00:00,11,08,2001,12,399.14
11.08.2001-15:00:00,11,08,2001,15,396.37
11.08.2001-18:00:00,11,08,2001,18,394.8
11.08.2001-21:00:00,11,08,2001,21,399.35
11.09.2001-00:00:00,11,09,2001,00,394.56
11.09.2001-03:00:00,11,09,2001,03,394.69
11.09.2001-06:00:00,11,09,2001,06,397.37
11.09.2001-09:00:00,11,09,2001,09,393.46
11.09.2001-12:00:00,11,09,2001,12,390.28
11.09.2001-15:00:00,11,09,2001,15,396.37
11.09.2001-18:00:00,11,09,2001,18,391.98
11.09.2001-21:00:00,11,09,2001,21,391.26
11.10.2001-00:00:00,11,10,2001,00,392.2
11.10.2001-03:00:00,11,10,2001,03,395.17
11.10.2001-06:00:00,11,10,2001,06,390.15
11.10.2001-09:00:00,11,10,2001,09,389.48
11.10.2001-12:00:00,11,10,2001,12,388.3
11.10.2001-15:00:00,11,10,2001,15,393.04
11.10.2001-18:00:00,11,10,2001,18,388.36
11.10.2001-21:00:00,11,10,2001,21,387.74
11.11.2001-00:00:00,11,11,2001,00,387.94
11.11.2001-03:00:00,11,11,2001,03,391.41
11.11.2001-06:00:00,11,11,2001,06,386.61
11.11.2001-09:00:00,11,11,2001,09,384.1
11.11.2001-12:00:00,11,11,2001,12,383.91
11.11.2001-15:00:00,11,11,2001,15,389.4
11.11.2001-18:00:00,11,11,2001,18,384.86
11.11.2001-21:00:00,11,11,2001,21,384.26
11.12.2001-00:00:00,11,12,2001,00,384.02
11.12.2001-03:00:00,11,12,2001,03,387.75
11.12.2001-06:00:00,11,12,2001,06,383.18
11.12.2001-09:00:00,11,12,2001,09,382.46
11.12.2001-12:00:00,11,12,2001,12,381.09
11.12.2001-15:00:00,11,12,2001,15,385.94
11.12.2001-18:00:00,11,12,2001,18,381.29
11.12.2001-21:00:00,11,12,2001,21,380.66
11.13.2001-00:00:00,11,13,2001,00,380.21
11.13.2001-03:00:00,11,13,2001,03,384.2
11.13.2001-06:00:00,11,13,2001,06,379.49
11.13.2001-09:00:00,11,13,2001,09,378.64
11.13.2001-12:00:00,11,13,2001,12,378.1
11.13.2001-15:00:00,11,13,2001,15,382.2
11.13.2001-18:00:00,11,13,2001,18,377.72
11.13.2001-21:00:00,11,13,2001,21,377.15
11.14.2001-00:00:00,11,14,2001,00,382.48
11.14.2001-03:00:00,11,14,2001,03,388.46
11.14.2001-06:00:00,11,14,2001,06,384.48
11.14.2001-09:00:00,11,14,2001,09,501.17
11.14.2001-12:00:00,11,14,2001,12,1005.6
11.14.2001-15:00:00,11,14,2001,15,1101
11.14.2001-18:00:00,11,14,2001,18,1067.2
11.14.2001-21:00:00,11,14,2001,21,1036.2
11.15.2001-00:00:00,11,15,2001,00,564.2
11.15.2001-03:00:00,11,15,2001,03,480.12
11.15.2001-06:00:00,11,15,2001,06,438.95
11.15.2001-09:00:00,11,15,2001,09,432.54
11.15.2001-12:00:00,11,15,2001,12,425.09
11.15.2001-15:00:00,11,15,2001,15,425.13
11.15.2001-18:00:00,11,15,2001,18,424.16
11.15.2001-21:00:00,11,15,2001,21,420.49
11.16.2001-00:00:00,11,16,2001,00,418.29
11.16.2001-03:00:00,11,16,2001,03,419.71
11.16.2001-06:00:00,11,16,2001,06,422.32
11.16.2001-09:00:00,11,16,2001,09,417
11.16.2001-12:00:00,11,16,2001,12,415.15
11.16.2001-15:00:00,11,16,2001,15,421.34
11.16.2001-18:00:00,11,16,2001,18,424.92
11.16.2001-21:00:00,11,16,2001,21,421.47
11.17.2001-00:00:00,11,17,2001,00,419.73
11.17.2001-03:00:00,11,17,2001,03,420.39
11.17.2001-06:00:00,11,17,2001,06,423.23
11.17.2001-09:00:00,11,17,2001,09,417.46
11.17.2001-12:00:00,11,17,2001,12,415.55
11.17.2001-15:00:00,11,17,2001,15,417.8
11.17.2001-18:00:00,11,17,2001,18,421.13
11.17.2001-21:00:00,11,17,2001,21,418.29
11.18.2001-00:00:00,11,18,2001,00,416.46
11.18.2001-03:00:00,11,18,2001,03,416.68
11.18.2001-06:00:00,11,18,2001,06,419.77
11.18.2001-09:00:00,11,18,2001,09,416.55
11.18.2001-12:00:00,11,18,2001,12,414.53
11.18.2001-15:00:00,11,18,2001,15,414.71
11.18.2001-18:00:00,11,18,2001,18,414.56
11.18.2001-21:00:00,11,18,2001,21,418
11.19.2001-00:00:00,11,19,2001,00,413.37
11.19.2001-03:00:00,11,19,2001,03,412.8
11.19.2001-06:00:00,11,19,2001,06,411.58
11.19.2001-09:00:00,11,19,2001,09,412.3
11.19.2001-12:00:00,11,19,2001,12,414.82
11.19.2001-15:00:00,11,19,2001,15,411.33
11.19.2001-18:00:00,11,19,2001,18,409.62
11.19.2001-21:00:00,11,19,2001,21,410.53
11.20.2001-00:00:00,11,20,2001,00,409.72
11.20.2001-03:00:00,11,20,2001,03,413.45
11.20.2001-06:00:00,11,20,2001,06,408.88
11.20.2001-09:00:00,11,20,2001,09,408.23
11.20.2001-12:00:00,11,20,2001,12,406.63
11.20.2001-15:00:00,11,20,2001,15,407.2
11.20.2001-18:00:00,11,20,2001,18,409.97
11.20.2001-21:00:00,11,20,2001,21,406.6
11.21.2001-00:00:00,11,21,2001,00,404.66
11.21.2001-03:00:00,11,21,2001,03,404.77
11.21.2001-06:00:00,11,21,2001,06,403.19
11.21.2001-09:00:00,11,21,2001,09,403.33
11.21.2001-12:00:00,11,21,2001,12,405.4
11.21.2001-15:00:00,11,21,2001,15,402.53
11.21.2001-18:00:00,11,21,2001,18,400.69
11.21.2001-21:00:00,11,21,2001,21,400.71
11.22.2001-00:00:00,11,22,2001,00,399.35
11.22.2001-03:00:00,11,22,2001,03,400.06
11.22.2001-06:00:00,11,22,2001,06,402.3
11.22.2001-09:00:00,11,22,2001,09,398.72
11.22.2001-12:00:00,11,22,2001,12,397.02
11.22.2001-15:00:00,11,22,2001,15,397.09
11.22.2001-18:00:00,11,22,2001,18,395.69
11.22.2001-21:00:00,11,22,2001,21,396.11
11.23.2001-00:00:00,11,23,2001,00,398.77
11.23.2001-03:00:00,11,23,2001,03,395.21
11.23.2001-06:00:00,11,23,2001,06,393.81
11.23.2001-09:00:00,11,23,2001,09,393.41
11.23.2001-12:00:00,11,23,2001,12,391.07
11.23.2001-15:00:00,11,23,2001,15,392.32
11.23.2001-18:00:00,11,23,2001,18,391.93
11.23.2001-21:00:00,11,23,2001,21,395.59
11.24.2001-00:00:00,11,24,2001,00,390.82
11.24.2001-03:00:00,11,24,2001,03,390.24
11.24.2001-06:00:00,11,24,2001,06,389.01
11.24.2001-09:00:00,11,24,2001,09,389.44
11.24.2001-12:00:00,11,24,2001,12,388.48
11.24.2001-15:00:00,11,24,2001,15,388
11.24.2001-18:00:00,11,24,2001,18,387.19
11.24.2001-21:00:00,11,24,2001,21,390.79
11.25.2001-00:00:00,11,25,2001,00,386.43
11.25.2001-03:00:00,11,25,2001,03,385.8
11.25.2001-06:00:00,11,25,2001,06,384.57
11.25.2001-09:00:00,11,25,2001,09,384.72
11.25.2001-12:00:00,11,25,2001,12,383.51
11.25.2001-15:00:00,11,25,2001,15,383.56
11.25.2001-18:00:00,11,25,2001,18,382.54
11.25.2001-21:00:00,11,25,2001,21,382.73
11.26.2001-00:00:00,11,26,2001,00,385.1
11.26.2001-03:00:00,11,26,2001,03,382.07
11.26.2001-06:00:00,11,26,2001,06,380.35
11.26.2001-09:00:00,11,26,2001,09,380.28
11.26.2001-12:00:00,11,26,2001,12,379.13
11.26.2001-15:00:00,11,26,2001,15,379.26
11.26.2001-18:00:00,11,26,2001,18,378.03
11.26.2001-21:00:00,11,26,2001,21,378.04
11.27.2001-00:00:00,11,27,2001,00,376.91
11.27.2001-03:00:00,11,27,2001,03,376.99
11.27.2001-06:00:00,11,27,2001,06,375.89
11.27.2001-09:00:00,11,27,2001,09,379.44
11.27.2001-12:00:00,11,27,2001,12,375.48
11.27.2001-15:00:00,11,27,2001,15,374.67
11.27.2001-18:00:00,11,27,2001,18,373.61
11.27.2001-21:00:00,11,27,2001,21,373.52
11.28.2001-00:00:00,11,28,2001,00,372.61
11.28.2001-03:00:00,11,28,2001,03,372.02
11.28.2001-06:00:00,11,28,2001,06,371.37
11.28.2001-09:00:00,11,28,2001,09,370.88
11.28.2001-12:00:00,11,28,2001,12,370
11.28.2001-15:00:00,11,28,2001,15,370.04
11.28.2001-18:00:00,11,28,2001,18,368.8
11.28.2001-21:00:00,11,28,2001,21,368.62
11.29.2001-00:00:00,11,29,2001,00,367.65
11.29.2001-03:00:00,11,29,2001,03,367.37
11.29.2001-06:00:00,11,29,2001,06,366.51
11.29.2001-09:00:00,11,29,2001,09,366.29
11.29.2001-12:00:00,11,29,2001,12,365.38
11.29.2001-15:00:00,11,29,2001,15,368.58
11.29.2001-18:00:00,11,29,2001,18,364.86
11.29.2001-21:00:00,11,29,2001,21,363.93
11.30.2001-00:00:00,11,30,2001,00,363.04
11.30.2001-03:00:00,11,30,2001,03,362.64
11.30.2001-06:00:00,11,30,2001,06,361.99
11.30.2001-09:00:00,11,30,2001,09,361.45
11.30.2001-12:00:00,11,30,2001,12,360.73
11.30.2001-15:00:00,11,30,2001,15,360.01
11.30.2001-18:00:00,11,30,2001,18,359.67
11.30.2001-21:00:00,11,30,2001,21,358.85
12.01.2001-00:00:00,12,01,2001,00,358.18
12.01.2001-03:00:00,12,01,2001,03,357.64
12.01.2001-06:00:00,12,01,2001,06,357.12
12.01.2001-09:00:00,12,01,2001,09,356.47
12.01.2001-12:00:00,12,01,2001,12,355.89
12.01.2001-15:00:00,12,01,2001,15,355.28
12.01.2001-18:00:00,12,01,2001,18,354.83
12.01.2001-21:00:00,12,01,2001,21,354.1
12.02.2001-00:00:00,12,02,2001,00,353.58
12.02.2001-03:00:00,12,02,2001,03,353.02
12.02.2001-06:00:00,12,02,2001,06,352.43
12.02.2001-09:00:00,12,02,2001,09,351.74
12.02.2001-12:00:00,12,02,2001,12,351.29
12.02.2001-15:00:00,12,02,2001,15,349.79
12.02.2001-18:00:00,12,02,2001,18,350.06
12.02.2001-21:00:00,12,02,2001,21,348.52
12.03.2001-00:00:00,12,03,2001,00,348.91
12.03.2001-03:00:00,12,03,2001,03,347.44
12.03.2001-06:00:00,12,03,2001,06,347.76
12.03.2001-09:00:00,12,03,2001,09,346.16
12.03.2001-12:00:00,12,03,2001,12,346.6
12.03.2001-15:00:00,12,03,2001,15,345.09
12.03.2001-18:00:00,12,03,2001,18,345.47
12.03.2001-21:00:00,12,03,2001,21,343.82
12.04.2001-00:00:00,12,04,2001,00,344.32
12.04.2001-03:00:00,12,04,2001,03,342.74
12.04.2001-06:00:00,12,04,2001,06,343.18
12.04.2001-09:00:00,12,04,2001,09,341.47
12.04.2001-12:00:00,12,04,2001,12,342.05
12.04.2001-15:00:00,12,04,2001,15,340.41
12.04.2001-18:00:00,12,04,2001,18,340.92
12.04.2001-21:00:00,12,04,2001,21,339.15
12.05.2001-00:00:00,12,05,2001,00,339.78
12.05.2001-03:00:00,12,05,2001,03,338.09
12.05.2001-06:00:00,12,05,2001,06,338.65
12.05.2001-09:00:00,12,05,2001,09,336.85
12.05.2001-12:00:00,12,05,2001,12,337.54
12.05.2001-15:00:00,12,05,2001,15,335.8
12.05.2001-18:00:00,12,05,2001,18,336.42
12.05.2001-21:00:00,12,05,2001,21,334.56
12.06.2001-00:00:00,12,06,2001,00,335.32
12.06.2001-03:00:00,12,06,2001,03,333.54
12.06.2001-06:00:00,12,06,2001,06,334.24
12.06.2001-09:00:00,12,06,2001,09,332.36
12.06.2001-12:00:00,12,06,2001,12,333.18
12.06.2001-15:00:00,12,06,2001,15,331.38
12.06.2001-18:00:00,12,06,2001,18,331.33
12.06.2001-21:00:00,12,06,2001,21,330.97
12.07.2001-00:00:00,12,07,2001,00,330.38
12.07.2001-03:00:00,12,07,2001,03,329.17
12.07.2001-06:00:00,12,07,2001,06,330.07
12.07.2001-09:00:00,12,07,2001,09,328.08
12.07.2001-12:00:00,12,07,2001,12,328.22
12.07.2001-15:00:00,12,07,2001,15,327.85
12.07.2001-18:00:00,12,07,2001,18,327.26
12.07.2001-21:00:00,12,07,2001,21,325.87
12.08.2001-00:00:00,12,08,2001,00,326.95
12.08.2001-03:00:00,12,08,2001,03,324.98
12.08.2001-06:00:00,12,08,2001,06,325.12
12.08.2001-09:00:00,12,08,2001,09,324.56
12.08.2001-12:00:00,12,08,2001,12,324.16
12.08.2001-15:00:00,12,08,2001,15,322.81
12.08.2001-18:00:00,12,08,2001,18,323.08
12.08.2001-21:00:00,12,08,2001,21,322.46
12.09.2001-00:00:00,12,09,2001,00,322.13
12.09.2001-03:00:00,12,09,2001,03,320.58
12.09.2001-06:00:00,12,09,2001,06,321.04
12.09.2001-09:00:00,12,09,2001,09,320.23
12.09.2001-12:00:00,12,09,2001,12,319.97
12.09.2001-15:00:00,12,09,2001,15,318.06
12.09.2001-18:00:00,12,09,2001,18,318.65
12.09.2001-21:00:00,12,09,2001,21,316.33
12.10.2001-00:00:00,12,10,2001,00,318.76
12.10.2001-03:00:00,12,10,2001,03,315.38
12.10.2001-06:00:00,12,10,2001,06,316.66
12.10.2001-09:00:00,12,10,2001,09,314.49
12.10.2001-12:00:00,12,10,2001,12,315.49
12.10.2001-15:00:00,12,10,2001,15,313.41
12.10.2001-18:00:00,12,10,2001,18,315.18
12.10.2001-21:00:00,12,10,2001,21,312.56
12.11.2001-00:00:00,12,11,2001,00,313.59
12.11.2001-03:00:00,12,11,2001,03,311.44
12.11.2001-06:00:00,12,11,2001,06,312.49
12.11.2001-09:00:00,12,11,2001,09,310.1
12.11.2001-12:00:00,12,11,2001,12,311.4
12.11.2001-15:00:00,12,11,2001,15,309.12
12.11.2001-18:00:00,12,11,2001,18,310.56
12.11.2001-21:00:00,12,11,2001,21,308.15
12.12.2001-00:00:00,12,12,2001,00,309.52
12.12.2001-03:00:00,12,12,2001,03,307.95
12.12.2001-06:00:00,12,12,2001,06,308.66
12.12.2001-09:00:00,12,12,2001,09,306.32
12.12.2001-12:00:00,12,12,2001,12,307.66
12.12.2001-15:00:00,12,12,2001,15,305.27
12.12.2001-18:00:00,12,12,2001,18,306.73
12.12.2001-21:00:00,12,12,2001,21,304.41
12.13.2001-00:00:00,12,13,2001,00,305.81
12.13.2001-03:00:00,12,13,2001,03,303.36
12.13.2001-06:00:00,12,13,2001,06,304.88
12.13.2001-09:00:00,12,13,2001,09,302.5
12.13.2001-12:00:00,12,13,2001,12,303.96
12.13.2001-15:00:00,12,13,2001,15,301.47
12.13.2001-18:00:00,12,13,2001,18,303.04
12.13.2001-21:00:00,12,13,2001,21,300.53
12.14.2001-00:00:00,12,14,2001,00,302.23
12.14.2001-03:00:00,12,14,2001,03,299.59
12.14.2001-06:00:00,12,14,2001,06,301.25
12.14.2001-09:00:00,12,14,2001,09,298.69
12.14.2001-12:00:00,12,14,2001,12,300.46
12.14.2001-15:00:00,12,14,2001,15,297.81
12.14.2001-18:00:00,12,14,2001,18,299.5
12.14.2001-21:00:00,12,14,2001,21,296.9
12.15.2001-00:00:00,12,15,2001,00,298.65
12.15.2001-03:00:00,12,15,2001,03,296.11
12.15.2001-06:00:00,12,15,2001,06,297.77
12.15.2001-09:00:00,12,15,2001,09,295.15
12.15.2001-12:00:00,12,15,2001,12,296.96
12.15.2001-15:00:00,12,15,2001,15,294.39
12.15.2001-18:00:00,12,15,2001,18,295.56
12.15.2001-21:00:00,12,15,2001,21,293.36
12.16.2001-00:00:00,12,16,2001,00,294.73
12.16.2001-03:00:00,12,16,2001,03,291.92
12.16.2001-06:00:00,12,16,2001,06,293.93
12.16.2001-09:00:00,12,16,2001,09,291.11
12.16.2001-12:00:00,12,16,2001,12,293.02
12.16.2001-15:00:00,12,16,2001,15,290.28
12.16.2001-18:00:00,12,16,2001,18,292.23
12.16.2001-21:00:00,12,16,2001,21,289.58
12.17.2001-00:00:00,12,17,2001,00,291.43
12.17.2001-03:00:00,12,17,2001,03,288.66
12.17.2001-06:00:00,12,17,2001,06,290.62
12.17.2001-09:00:00,12,17,2001,09,287.95
12.17.2001-12:00:00,12,17,2001,12,289.84
12.17.2001-15:00:00,12,17,2001,15,287.03
12.17.2001-18:00:00,12,17,2001,18,289.04
12.17.2001-21:00:00,12,17,2001,21,286.21
12.18.2001-00:00:00,12,18,2001,00,288.35
12.18.2001-03:00:00,12,18,2001,03,285.43
12.18.2001-06:00:00,12,18,2001,06,287.48
12.18.2001-09:00:00,12,18,2001,09,284.63
12.18.2001-12:00:00,12,18,2001,12,286.7
12.18.2001-15:00:00,12,18,2001,15,283.92
12.18.2001-18:00:00,12,18,2001,18,285.92
12.18.2001-21:00:00,12,18,2001,21,283.03
12.19.2001-00:00:00,12,19,2001,00,285.17
12.19.2001-03:00:00,12,19,2001,03,282.36
12.19.2001-06:00:00,12,19,2001,06,283.75
12.19.2001-09:00:00,12,19,2001,09,281.41
12.19.2001-12:00:00,12,19,2001,12,282.98
12.19.2001-15:00:00,12,19,2001,15,280.62
12.19.2001-18:00:00,12,19,2001,18,282.32
12.19.2001-21:00:00,12,19,2001,21,279.85
12.20.2001-00:00:00,12,20,2001,00,281.47
12.20.2001-03:00:00,12,20,2001,03,279.08
12.20.2001-06:00:00,12,20,2001,06,280.74
12.20.2001-09:00:00,12,20,2001,09,278.43
12.20.2001-12:00:00,12,20,2001,12,280.02
12.20.2001-15:00:00,12,20,2001,15,276.95
12.20.2001-18:00:00,12,20,2001,18,279.86
12.20.2001-21:00:00,12,20,2001,21,276.27
12.21.2001-00:00:00,12,21,2001,00,278.61
12.21.2001-03:00:00,12,21,2001,03,276.09
12.21.2001-06:00:00,12,21,2001,06,277.84
12.21.2001-09:00:00,12,21,2001,09,274.73
12.21.2001-12:00:00,12,21,2001,12,277.06
12.21.2001-15:00:00,12,21,2001,15,274.69
12.21.2001-18:00:00,12,21,2001,18,276.41
12.21.2001-21:00:00,12,21,2001,21,273.27
12.22.2001-00:00:00,12,22,2001,00,275.65
12.22.2001-03:00:00,12,22,2001,03,272.64
12.22.2001-06:00:00,12,22,2001,06,274.95
12.22.2001-09:00:00,12,22,2001,09,272.42
12.22.2001-12:00:00,12,22,2001,12,274.3
12.22.2001-15:00:00,12,22,2001,15,271.1
12.22.2001-18:00:00,12,22,2001,18,273.65
12.22.2001-21:00:00,12,22,2001,21,270.39
12.23.2001-00:00:00,12,23,2001,00,272.85
12.23.2001-03:00:00,12,23,2001,03,269.67
12.23.2001-06:00:00,12,23,2001,06,272.16
12.23.2001-09:00:00,12,23,2001,09,269.05
12.23.2001-12:00:00,12,23,2001,12,271.47
12.23.2001-15:00:00,12,23,2001,15,268.24
12.23.2001-18:00:00,12,23,2001,18,270.76
12.23.2001-21:00:00,12,23,2001,21,267.52
12.24.2001-00:00:00,12,24,2001,00,270.17
12.24.2001-03:00:00,12,24,2001,03,266.81
12.24.2001-06:00:00,12,24,2001,06,269.37
12.24.2001-09:00:00,12,24,2001,09,266.09
12.24.2001-12:00:00,12,24,2001,12,268.69
12.24.2001-15:00:00,12,24,2001,15,265.48
12.24.2001-18:00:00,12,24,2001,18,268
12.24.2001-21:00:00,12,24,2001,21,264.68
12.25.2001-00:00:00,12,25,2001,00,267.3
12.25.2001-03:00:00,12,25,2001,03,263.96
12.25.2001-06:00:00,12,25,2001,06,266.61
12.25.2001-09:00:00,12,25,2001,09,263.35
12.25.2001-12:00:00,12,25,2001,12,265.92
12.25.2001-15:00:00,12,25,2001,15,262.54
12.25.2001-18:00:00,12,25,2001,18,265.23
12.25.2001-21:00:00,12,25,2001,21,261.83
12.26.2001-00:00:00,12,26,2001,00,264.64
12.26.2001-03:00:00,12,26,2001,03,261.13
12.26.2001-06:00:00,12,26,2001,06,263.86
12.26.2001-09:00:00,12,26,2001,09,260.42
12.26.2001-12:00:00,12,26,2001,12,263.17
12.26.2001-15:00:00,12,26,2001,15,259.82
12.26.2001-18:00:00,12,26,2001,18,262.49
12.26.2001-21:00:00,12,26,2001,21,259.02
12.27.2001-00:00:00,12,27,2001,00,261.81
12.27.2001-03:00:00,12,27,2001,03,258.31
12.27.2001-06:00:00,12,27,2001,06,261.23
12.27.2001-09:00:00,12,27,2001,09,257.62
12.27.2001-12:00:00,12,27,2001,12,260.45
12.27.2001-15:00:00,12,27,2001,15,256.91
12.27.2001-18:00:00,12,27,2001,18,259.77
12.27.2001-21:00:00,12,27,2001,21,256.32
12.28.2001-00:00:00,12,28,2001,00,259.1
12.28.2001-03:00:00,12,28,2001,03,255.53
12.28.2001-06:00:00,12,28,2001,06,258.42
12.28.2001-09:00:00,12,28,2001,09,254.83
12.28.2001-12:00:00,12,28,2001,12,257.74
12.28.2001-15:00:00,12,28,2001,15,254.24
12.28.2001-18:00:00,12,28,2001,18,257.08
12.28.2001-21:00:00,12,28,2001,21,253.45
12.29.2001-00:00:00,12,29,2001,00,256.4
12.29.2001-03:00:00,12,29,2001,03,252.76
12.29.2001-06:00:00,12,29,2001,06,255.83
12.29.2001-09:00:00,12,29,2001,09,252.07
12.29.2001-12:00:00,12,29,2001,12,255.07
12.29.2001-15:00:00,12,29,2001,15,251.38
12.29.2001-18:00:00,12,29,2001,18,254.4
12.29.2001-21:00:00,12,29,2001,21,250.7
12.30.2001-00:00:00,12,30,2001,00,253.83
12.30.2001-03:00:00,12,30,2001,03,250.01
12.30.2001-06:00:00,12,30,2001,06,253.06
12.30.2001-09:00:00,12,30,2001,09,249.33
12.30.2001-12:00:00,12,30,2001,12,252.41
12.30.2001-15:00:00,12,30,2001,15,248.75
12.30.2001-18:00:00,12,30,2001,18,251.75
12.30.2001-21:00:00,12,30,2001,21,247.97
12.31.2001-00:00:00,12,31,2001,00,251.08
12.31.2001-03:00:00,12,31,2001,03,247.28
12.31.2001-06:00:00,12,31,2001,06,250.52
12.31.2001-09:00:00,12,31,2001,09,246.62
12.31.2001-12:00:00,12,31,2001,12,249.77
12.31.2001-15:00:00,12,31,2001,15,245.94
12.31.2001-18:00:00,12,31,2001,18,249.12
12.31.2001-21:00:00,12,31,2001,21,245.27
01.01.2002-00:00:00,01,01,2002,00,248.57
01.01.2002-03:00:00,01,01,2002,03,244.6
01.01.2002-06:00:00,01,01,2002,06,247.81
01.01.2002-09:00:00,01,01,2002,09,243.92
01.01.2002-12:00:00,01,01,2002,12,247.17
01.01.2002-15:00:00,01,01,2002,15,243.26
01.01.2002-18:00:00,01,01,2002,18,246.62
01.01.2002-21:00:00,01,01,2002,21,242.6
01.02.2002-00:00:00,01,02,2002,00,245.87
01.02.2002-03:00:00,01,02,2002,03,241.92
01.02.2002-06:00:00,01,02,2002,06,245.23
01.02.2002-09:00:00,01,02,2002,09,241.36
01.02.2002-12:00:00,01,02,2002,12,244.6
01.02.2002-15:00:00,01,02,2002,15,240.62
01.02.2002-18:00:00,01,02,2002,18,243.97
01.02.2002-21:00:00,01,02,2002,21,239.98
01.03.2002-00:00:00,01,03,2002,00,243.35
01.03.2002-03:00:00,01,03,2002,03,239.43
01.03.2002-06:00:00,01,03,2002,06,242.74
01.03.2002-09:00:00,01,03,2002,09,238.71
01.03.2002-12:00:00,01,03,2002,12,242.13
01.03.2002-15:00:00,01,03,2002,15,238.07
01.03.2002-18:00:00,01,03,2002,18,241.51
01.03.2002-21:00:00,01,03,2002,21,237.53
01.04.2002-00:00:00,01,04,2002,00,240.89
01.04.2002-03:00:00,01,04,2002,03,236.8
01.04.2002-06:00:00,01,04,2002,06,240.28
01.04.2002-09:00:00,01,04,2002,09,236.17
01.04.2002-12:00:00,01,04,2002,12,239.76
01.04.2002-15:00:00,01,04,2002,15,235.54
01.04.2002-18:00:00,01,04,2002,18,239.06
01.04.2002-21:00:00,01,04,2002,21,234.91
01.05.2002-00:00:00,01,05,2002,00,237.41
01.05.2002-03:00:00,01,05,2002,03,234.21
01.05.2002-06:00:00,01,05,2002,06,236.91
01.05.2002-09:00:00,01,05,2002,09,233.61
01.05.2002-12:00:00,01,05,2002,12,236.23
01.05.2002-15:00:00,01,05,2002,15,232.99
01.05.2002-18:00:00,01,05,2002,18,235.64
01.05.2002-21:00:00,01,05,2002,21,232.39
01.06.2002-00:00:00,01,06,2002,00,235.15
01.06.2002-03:00:00,01,06,2002,03,231.78
01.06.2002-06:00:00,01,06,2002,06,234.47
01.06.2002-09:00:00,01,06,2002,09,231.18
01.06.2002-12:00:00,01,06,2002,12,233.88
01.06.2002-15:00:00,01,06,2002,15,230.57
01.06.2002-18:00:00,01,06,2002,18,233.39
01.06.2002-21:00:00,01,06,2002,21,229.97
01.07.2002-00:00:00,01,07,2002,00,232.71
01.07.2002-03:00:00,01,07,2002,03,229.36
01.07.2002-06:00:00,01,07,2002,06,232.14
01.07.2002-09:00:00,01,07,2002,09,228.79
01.07.2002-12:00:00,01,07,2002,12,231.68
01.07.2002-15:00:00,01,07,2002,15,228.2
01.07.2002-18:00:00,01,07,2002,18,230.65
01.07.2002-21:00:00,01,07,2002,21,227.58
01.08.2002-00:00:00,01,08,2002,00,230.09
01.08.2002-03:00:00,01,08,2002,03,227
01.08.2002-06:00:00,01,08,2002,06,229.62
01.08.2002-09:00:00,01,08,2002,09,226.42
01.08.2002-12:00:00,01,08,2002,12,228.98
01.08.2002-15:00:00,01,08,2002,15,225.84
01.08.2002-18:00:00,01,08,2002,18,228.42
01.08.2002-21:00:00,01,08,2002,21,225.27
01.09.2002-00:00:00,01,09,2002,00,227.97
01.09.2002-03:00:00,01,09,2002,03,224.7
01.09.2002-06:00:00,01,09,2002,06,227.32
01.09.2002-09:00:00,01,09,2002,09,224.12
01.09.2002-12:00:00,01,09,2002,12,226.52
01.09.2002-15:00:00,01,09,2002,15,222.53
01.09.2002-18:00:00,01,09,2002,18,226.99
01.09.2002-21:00:00,01,09,2002,21,222.05
01.10.2002-00:00:00,01,10,2002,00,225.35
01.10.2002-03:00:00,01,10,2002,03,222.39
01.10.2002-06:00:00,01,10,2002,06,224.89
01.10.2002-09:00:00,01,10,2002,09,220.84
01.10.2002-12:00:00,01,10,2002,12,225.27
01.10.2002-15:00:00,01,10,2002,15,220.46
01.10.2002-18:00:00,01,10,2002,18,223.74
01.10.2002-21:00:00,01,10,2002,21,220.46
01.11.2002-00:00:00,01,11,2002,00,223.26
01.11.2002-03:00:00,01,11,2002,03,219.15
01.11.2002-06:00:00,01,11,2002,06,223.64
01.11.2002-09:00:00,01,11,2002,09,218.55
01.11.2002-12:00:00,01,11,2002,12,222.11
01.11.2002-15:00:00,01,11,2002,15,217.41
01.11.2002-18:00:00,01,11,2002,18,222.51
01.11.2002-21:00:00,01,11,2002,21,217.17
01.12.2002-00:00:00,01,12,2002,00,221.03
01.12.2002-03:00:00,01,12,2002,03,216.41
01.12.2002-06:00:00,01,12,2002,06,220.09
01.12.2002-09:00:00,01,12,2002,09,217.09
01.12.2002-12:00:00,01,12,2002,12,219.68
01.12.2002-15:00:00,01,12,2002,15,215.19
01.12.2002-18:00:00,01,12,2002,18,219.03
01.12.2002-21:00:00,01,12,2002,21,214.65
01.13.2002-00:00:00,01,13,2002,00,218.61
01.13.2002-03:00:00,01,13,2002,03,215.07
01.13.2002-06:00:00,01,13,2002,06,216.38
01.13.2002-09:00:00,01,13,2002,09,216.5
01.13.2002-12:00:00,01,13,2002,12,214.07
01.13.2002-15:00:00,01,13,2002,15,216.88
01.13.2002-18:00:00,01,13,2002,18,212.7
01.13.2002-21:00:00,01,13,2002,21,216.93
01.14.2002-00:00:00,01,14,2002,00,211.79
01.14.2002-03:00:00,01,14,2002,03,213.3
01.14.2002-06:00:00,01,14,2002,06,214.66
01.14.2002-09:00:00,01,14,2002,09,210.81
01.14.2002-12:00:00,01,14,2002,12,214.65
01.14.2002-15:00:00,01,14,2002,15,209.94
01.14.2002-18:00:00,01,14,2002,18,214.62
01.14.2002-21:00:00,01,14,2002,21,209
01.15.2002-00:00:00,01,15,2002,00,212.4
01.15.2002-03:00:00,01,15,2002,03,211.73
01.15.2002-06:00:00,01,15,2002,06,209.57
01.15.2002-09:00:00,01,15,2002,09,212.49
01.15.2002-12:00:00,01,15,2002,12,208.65
01.15.2002-15:00:00,01,15,2002,15,209.92
01.15.2002-18:00:00,01,15,2002,18,211.66
01.15.2002-21:00:00,01,15,2002,21,207.46
01.16.2002-00:00:00,01,16,2002,00,210.6
01.16.2002-03:00:00,01,16,2002,03,207.74
01.16.2002-06:00:00,01,16,2002,06,208.7
01.16.2002-09:00:00,01,16,2002,09,209.03
01.16.2002-12:00:00,01,16,2002,12,207.31
01.16.2002-15:00:00,01,16,2002,15,209.57
01.16.2002-18:00:00,01,16,2002,18,205.15
01.16.2002-21:00:00,01,16,2002,21,208.07
01.17.2002-00:00:00,01,17,2002,00,208.42
01.17.2002-03:00:00,01,17,2002,03,204.67
01.17.2002-06:00:00,01,17,2002,06,209.14
01.17.2002-09:00:00,01,17,2002,09,204.13
01.17.2002-12:00:00,01,17,2002,12,206.06
01.17.2002-15:00:00,01,17,2002,15,207.61
01.17.2002-18:00:00,01,17,2002,18,203.52
01.17.2002-21:00:00,01,17,2002,21,206.98
01.18.2002-00:00:00,01,18,2002,00,204.12
01.18.2002-03:00:00,01,18,2002,03,204.59
01.18.2002-06:00:00,01,18,2002,06,205.34
01.18.2002-09:00:00,01,18,2002,09,202.04
01.18.2002-12:00:00,01,18,2002,12,206.68
01.18.2002-15:00:00,01,18,2002,15,202.09
01.18.2002-18:00:00,01,18,2002,18,203.18
01.18.2002-21:00:00,01,18,2002,21,204.12
01.19.2002-00:00:00,01,19,2002,00,201.84
01.19.2002-03:00:00,01,19,2002,03,202.72
01.19.2002-06:00:00,01,19,2002,06,203.75
01.19.2002-09:00:00,01,19,2002,09,200.14
01.19.2002-12:00:00,01,19,2002,12,202.84
01.19.2002-15:00:00,01,19,2002,15,202.97
01.19.2002-18:00:00,01,19,2002,18,199.41
01.19.2002-21:00:00,01,19,2002,21,201.05
01.20.2002-00:00:00,01,20,2002,00,202.32
01.20.2002-03:00:00,01,20,2002,03,199.76
01.20.2002-06:00:00,01,20,2002,06,200.46
01.20.2002-09:00:00,01,20,2002,09,201.25
01.20.2002-12:00:00,01,20,2002,12,198.11
01.20.2002-15:00:00,01,20,2002,15,199.5
01.20.2002-18:00:00,01,20,2002,18,200.54
01.20.2002-21:00:00,01,20,2002,21,198.69
01.21.2002-00:00:00,01,21,2002,00,198.94
01.21.2002-03:00:00,01,21,2002,03,199.84
01.21.2002-06:00:00,01,21,2002,06,196.62
01.21.2002-09:00:00,01,21,2002,09,198.05
01.21.2002-12:00:00,01,21,2002,12,199.14
01.21.2002-15:00:00,01,21,2002,15,195.94
01.21.2002-18:00:00,01,21,2002,18,198.2
01.21.2002-21:00:00,01,21,2002,21,198.62
01.22.2002-00:00:00,01,22,2002,00,195.6
01.22.2002-03:00:00,01,22,2002,03,196.44
01.22.2002-06:00:00,01,22,2002,06,197.83
01.22.2002-09:00:00,01,22,2002,09,194.58
01.22.2002-12:00:00,01,22,2002,12,195.66
01.22.2002-15:00:00,01,22,2002,15,197.04
01.22.2002-18:00:00,01,22,2002,18,193.9
01.22.2002-21:00:00,01,22,2002,21,194.9
01.23.2002-00:00:00,01,23,2002,00,196.35
01.23.2002-03:00:00,01,23,2002,03,194.34
01.23.2002-06:00:00,01,23,2002,06,194.33
01.23.2002-09:00:00,01,23,2002,09,195.67
01.23.2002-12:00:00,01,23,2002,12,192.54
01.23.2002-15:00:00,01,23,2002,15,193.39
01.23.2002-18:00:00,01,23,2002,18,194.98
01.23.2002-21:00:00,01,23,2002,21,191.88
01.24.2002-00:00:00,01,24,2002,00,192.64
01.24.2002-03:00:00,01,24,2002,03,194.39
01.24.2002-06:00:00,01,24,2002,06,191.21
01.24.2002-09:00:00,01,24,2002,09,191.9
01.24.2002-12:00:00,01,24,2002,12,193.62
01.24.2002-15:00:00,01,24,2002,15,190.55
01.24.2002-18:00:00,01,24,2002,18,191.15
01.24.2002-21:00:00,01,24,2002,21,192.94
01.25.2002-00:00:00,01,25,2002,00,189.98
01.25.2002-03:00:00,01,25,2002,03,190.43
01.25.2002-06:00:00,01,25,2002,06,192.28
01.25.2002-09:00:00,01,25,2002,09,189.24
01.25.2002-12:00:00,01,25,2002,12,189.69
01.25.2002-15:00:00,01,25,2002,15,191.61
01.25.2002-18:00:00,01,25,2002,18,188.59
01.25.2002-21:00:00,01,25,2002,21,189.06
01.26.2002-00:00:00,01,26,2002,00,190.95
01.26.2002-03:00:00,01,26,2002,03,187.94
01.26.2002-06:00:00,01,26,2002,06,188.23
01.26.2002-09:00:00,01,26,2002,09,190.29
01.26.2002-12:00:00,01,26,2002,12,187.29
01.26.2002-15:00:00,01,26,2002,15,187.51
01.26.2002-18:00:00,01,26,2002,18,189.63
01.26.2002-21:00:00,01,26,2002,21,186.75
01.27.2002-00:00:00,01,27,2002,00,186.79
01.27.2002-03:00:00,01,27,2002,03,188.97
01.27.2002-06:00:00,01,27,2002,06,186.01
01.27.2002-09:00:00,01,27,2002,09,186.07
01.27.2002-12:00:00,01,27,2002,12,188.31
01.27.2002-15:00:00,01,27,2002,15,185.37
01.27.2002-18:00:00,01,27,2002,18,185.45
01.27.2002-21:00:00,01,27,2002,21,187.67
01.28.2002-00:00:00,01,28,2002,00,184.74
01.28.2002-03:00:00,01,28,2002,03,184.64
01.28.2002-06:00:00,01,28,2002,06,187.02
01.28.2002-09:00:00,01,28,2002,09,184.11
01.28.2002-12:00:00,01,28,2002,12,183.94
01.28.2002-15:00:00,01,28,2002,15,186.38
01.28.2002-18:00:00,01,28,2002,18,183.58
01.28.2002-21:00:00,01,28,2002,21,183.23
01.29.2002-00:00:00,01,29,2002,00,185.74
01.29.2002-03:00:00,01,29,2002,03,182.85
01.29.2002-06:00:00,01,29,2002,06,182.57
01.29.2002-09:00:00,01,29,2002,09,182.94
01.29.2002-12:00:00,01,29,2002,12,184.91
01.29.2002-15:00:00,01,29,2002,15,182.02
01.29.2002-18:00:00,01,29,2002,18,181.87
01.29.2002-21:00:00,01,29,2002,21,184.26
01.30.2002-00:00:00,01,30,2002,00,181.4
01.30.2002-03:00:00,01,30,2002,03,181.12
01.30.2002-06:00:00,01,30,2002,06,181.3
01.30.2002-09:00:00,01,30,2002,09,183.43
01.30.2002-12:00:00,01,30,2002,12,180.57
01.30.2002-15:00:00,01,30,2002,15,180.29
01.30.2002-18:00:00,01,30,2002,18,180.58
01.30.2002-21:00:00,01,30,2002,21,182.59
01.31.2002-00:00:00,01,31,2002,00,179.75
01.31.2002-03:00:00,01,31,2002,03,179.48
01.31.2002-06:00:00,01,31,2002,06,179.56
01.31.2002-09:00:00,01,31,2002,09,181.76
01.31.2002-12:00:00,01,31,2002,12,178.94
01.31.2002-15:00:00,01,31,2002,15,178.66
01.31.2002-18:00:00,01,31,2002,18,178.71
01.31.2002-21:00:00,01,31,2002,21,180.92
02.01.2002-00:00:00,02,01,2002,00,178.13
02.01.2002-03:00:00,02,01,2002,03,177.85
02.01.2002-06:00:00,02,01,2002,06,177.67
02.01.2002-09:00:00,02,01,2002,09,180.1
02.01.2002-12:00:00,02,01,2002,12,177.32
02.01.2002-15:00:00,02,01,2002,15,177.05
02.01.2002-18:00:00,02,01,2002,18,176.95
02.01.2002-21:00:00,02,01,2002,21,176.95
02.02.2002-00:00:00,02,02,2002,00,179.08
02.02.2002-03:00:00,02,02,2002,03,176.32
02.02.2002-06:00:00,02,02,2002,06,176.04
02.02.2002-09:00:00,02,02,2002,09,175.85
02.02.2002-12:00:00,02,02,2002,12,175.87
02.02.2002-15:00:00,02,02,2002,15,178.08
02.02.2002-18:00:00,02,02,2002,18,175.44
02.02.2002-21:00:00,02,02,2002,21,175.09
02.03.2002-00:00:00,02,03,2002,00,174.9
02.03.2002-03:00:00,02,03,2002,03,174.76
02.03.2002-06:00:00,02,03,2002,06,177.13
02.03.2002-09:00:00,02,03,2002,09,174.42
02.03.2002-12:00:00,02,03,2002,12,174.16
02.03.2002-15:00:00,02,03,2002,15,173.98
02.03.2002-18:00:00,02,03,2002,18,173.89
02.03.2002-21:00:00,02,03,2002,21,173.84
02.04.2002-00:00:00,02,04,2002,00,176.02
02.04.2002-03:00:00,02,04,2002,03,173.3
02.04.2002-06:00:00,02,04,2002,06,173.05
02.04.2002-09:00:00,02,04,2002,09,172.87
02.04.2002-12:00:00,02,04,2002,12,172.69
02.04.2002-15:00:00,02,04,2002,15,172.64
02.04.2002-18:00:00,02,04,2002,18,175
02.04.2002-21:00:00,02,04,2002,21,172.2
02.05.2002-00:00:00,02,05,2002,00,171.94
02.05.2002-03:00:00,02,05,2002,03,171.77
02.05.2002-06:00:00,02,05,2002,06,171.59
02.05.2002-09:00:00,02,05,2002,09,171.41
02.05.2002-12:00:00,02,05,2002,12,171.47
02.05.2002-15:00:00,02,05,2002,15,173.62
02.05.2002-18:00:00,02,05,2002,18,171.02
02.05.2002-21:00:00,02,05,2002,21,170.67
02.06.2002-00:00:00,02,06,2002,00,170.48
02.06.2002-03:00:00,02,06,2002,03,170.3
02.06.2002-06:00:00,02,06,2002,06,170.12
02.06.2002-09:00:00,02,06,2002,09,170.03
02.06.2002-12:00:00,02,06,2002,12,172.33
02.06.2002-15:00:00,02,06,2002,15,169.64
02.06.2002-18:00:00,02,06,2002,18,169.39
02.06.2002-21:00:00,02,06,2002,21,169.31
02.07.2002-00:00:00,02,07,2002,00,169.03
02.07.2002-03:00:00,02,07,2002,03,168.85
02.07.2002-06:00:00,02,07,2002,06,168.67
02.07.2002-09:00:00,02,07,2002,09,168.54
02.07.2002-12:00:00,02,07,2002,12,170.87
02.07.2002-15:00:00,02,07,2002,15,168.19
02.07.2002-18:00:00,02,07,2002,18,167.94
02.07.2002-21:00:00,02,07,2002,21,167.86
02.08.2002-00:00:00,02,08,2002,00,167.56
02.08.2002-03:00:00,02,08,2002,03,167.38
02.08.2002-06:00:00,02,08,2002,06,167.21
02.08.2002-09:00:00,02,08,2002,09,167.03
02.08.2002-12:00:00,02,08,2002,12,166.85
02.08.2002-15:00:00,02,08,2002,15,166.36
02.08.2002-18:00:00,02,08,2002,18,168.65
02.08.2002-21:00:00,02,08,2002,21,166.35
02.09.2002-00:00:00,02,09,2002,00,165.89
02.09.2002-03:00:00,02,09,2002,03,165.59
02.09.2002-06:00:00,02,09,2002,06,165.75
02.09.2002-09:00:00,02,09,2002,09,165.26
02.09.2002-12:00:00,02,09,2002,12,165.4
02.09.2002-15:00:00,02,09,2002,15,164.91
02.09.2002-18:00:00,02,09,2002,18,164.71
02.09.2002-21:00:00,02,09,2002,21,164.88
02.10.2002-00:00:00,02,10,2002,00,164.39
02.10.2002-03:00:00,02,10,2002,03,164.29
02.10.2002-06:00:00,02,10,2002,06,164.36
02.10.2002-09:00:00,02,10,2002,09,163.87
02.10.2002-12:00:00,02,10,2002,12,164.01
02.10.2002-15:00:00,02,10,2002,15,163.56
02.10.2002-18:00:00,02,10,2002,18,165.57
02.10.2002-21:00:00,02,10,2002,21,163.18
02.11.2002-00:00:00,02,11,2002,00,163.06
02.11.2002-03:00:00,02,11,2002,03,162.55
02.11.2002-06:00:00,02,11,2002,06,162.69
02.11.2002-09:00:00,02,11,2002,09,162.55
02.11.2002-12:00:00,02,11,2002,12,162.04
02.11.2002-15:00:00,02,11,2002,15,162.08
02.11.2002-18:00:00,02,11,2002,18,161.69
02.11.2002-21:00:00,02,11,2002,21,161.84
02.12.2002-00:00:00,02,12,2002,00,161.59
02.12.2002-03:00:00,02,12,2002,03,161.18
02.12.2002-06:00:00,02,12,2002,06,160.99
02.12.2002-09:00:00,02,12,2002,09,161.49
02.12.2002-12:00:00,02,12,2002,12,160.7
02.12.2002-15:00:00,02,12,2002,15,160.48
02.12.2002-18:00:00,02,12,2002,18,160.54
02.12.2002-21:00:00,02,12,2002,21,160.5
02.13.2002-00:00:00,02,13,2002,00,159.99
02.13.2002-03:00:00,02,13,2002,03,160.03
02.13.2002-06:00:00,02,13,2002,06,158.13
02.13.2002-09:00:00,02,13,2002,09,159.35
02.13.2002-12:00:00,02,13,2002,12,157.72
02.13.2002-15:00:00,02,13,2002,15,158.96
02.13.2002-18:00:00,02,13,2002,18,157.4
02.13.2002-21:00:00,02,13,2002,21,158.9
02.14.2002-00:00:00,02,14,2002,00,156.77
02.14.2002-03:00:00,02,14,2002,03,158.33
02.14.2002-06:00:00,02,14,2002,06,156.77
02.14.2002-09:00:00,02,14,2002,09,158.29
02.14.2002-12:00:00,02,14,2002,12,156.14
02.14.2002-15:00:00,02,14,2002,15,157.81
02.14.2002-18:00:00,02,14,2002,18,157.96
02.14.2002-21:00:00,02,14,2002,21,157.91
02.15.2002-00:00:00,02,15,2002,00,155.51
02.15.2002-03:00:00,02,15,2002,03,157.31
02.15.2002-06:00:00,02,15,2002,06,155.53
02.15.2002-09:00:00,02,15,2002,09,156.79
02.15.2002-12:00:00,02,15,2002,12,154.85
02.15.2002-15:00:00,02,15,2002,15,156.69
02.15.2002-18:00:00,02,15,2002,18,155
02.15.2002-21:00:00,02,15,2002,21,156.18
02.16.2002-00:00:00,02,16,2002,00,154.46
02.16.2002-03:00:00,02,16,2002,03,155.86
02.16.2002-06:00:00,02,16,2002,06,153.91
02.16.2002-09:00:00,02,16,2002,09,156.11
02.16.2002-12:00:00,02,16,2002,12,153.65
02.16.2002-15:00:00,02,16,2002,15,155.22
02.16.2002-18:00:00,02,16,2002,18,153.29
02.16.2002-21:00:00,02,16,2002,21,155.49
02.17.2002-00:00:00,02,17,2002,00,153.12
02.17.2002-03:00:00,02,17,2002,03,154.6
02.17.2002-06:00:00,02,17,2002,06,152.9
02.17.2002-09:00:00,02,17,2002,09,154.65
02.17.2002-12:00:00,02,17,2002,12,152.38
02.17.2002-15:00:00,02,17,2002,15,153.98
02.17.2002-18:00:00,02,17,2002,18,152.28
02.17.2002-21:00:00,02,17,2002,21,153.65
02.18.2002-00:00:00,02,18,2002,00,152.03
02.18.2002-03:00:00,02,18,2002,03,153.7
02.18.2002-06:00:00,02,18,2002,06,151.41
02.18.2002-09:00:00,02,18,2002,09,153.01
02.18.2002-12:00:00,02,18,2002,12,151.45
02.18.2002-15:00:00,02,18,2002,15,152.59
02.18.2002-18:00:00,02,18,2002,18,150.75
02.18.2002-21:00:00,02,18,2002,21,151.96
02.19.2002-00:00:00,02,19,2002,00,150.45
02.19.2002-03:00:00,02,19,2002,03,152.27
02.19.2002-06:00:00,02,19,2002,06,150.17
02.19.2002-09:00:00,02,19,2002,09,151.44
02.19.2002-12:00:00,02,19,2002,12,150.01
02.19.2002-15:00:00,02,19,2002,15,151.42
02.19.2002-18:00:00,02,19,2002,18,149.54
02.19.2002-21:00:00,02,19,2002,21,150.74
02.20.2002-00:00:00,02,20,2002,00,149.41
02.20.2002-03:00:00,02,20,2002,03,150.4
02.20.2002-06:00:00,02,20,2002,06,149.24
02.20.2002-09:00:00,02,20,2002,09,150.15
02.20.2002-12:00:00,02,20,2002,12,148.8
02.20.2002-15:00:00,02,20,2002,15,149.89
02.20.2002-18:00:00,02,20,2002,18,148.22
02.20.2002-21:00:00,02,20,2002,21,149.83
02.21.2002-00:00:00,02,21,2002,00,148.24
02.21.2002-03:00:00,02,21,2002,03,149.19
02.21.2002-06:00:00,02,21,2002,06,146.89
02.21.2002-09:00:00,02,21,2002,09,148.76
02.21.2002-12:00:00,02,21,2002,12,147.2
02.21.2002-15:00:00,02,21,2002,15,148.56
02.21.2002-18:00:00,02,21,2002,18,146.32
02.21.2002-21:00:00,02,21,2002,21,148.27
02.22.2002-00:00:00,02,22,2002,00,146.22
02.22.2002-03:00:00,02,22,2002,03,148.26
02.22.2002-06:00:00,02,22,2002,06,145.77
02.22.2002-09:00:00,02,22,2002,09,147.56
02.22.2002-12:00:00,02,22,2002,12,145.62
02.22.2002-15:00:00,02,22,2002,15,147.57
02.22.2002-18:00:00,02,22,2002,18,145.15
02.22.2002-21:00:00,02,22,2002,21,146.96
02.23.2002-00:00:00,02,23,2002,00,145.05
02.23.2002-03:00:00,02,23,2002,03,146.74
02.23.2002-06:00:00,02,23,2002,06,144.82
02.23.2002-09:00:00,02,23,2002,09,146.38
02.23.2002-12:00:00,02,23,2002,12,144.47
02.23.2002-15:00:00,02,23,2002,15,146.05
02.23.2002-18:00:00,02,23,2002,18,143.91
02.23.2002-21:00:00,02,23,2002,21,145.68
02.24.2002-00:00:00,02,24,2002,00,143.99
02.24.2002-03:00:00,02,24,2002,03,145.71
02.24.2002-06:00:00,02,24,2002,06,143.37
02.24.2002-09:00:00,02,24,2002,09,143.28
02.24.2002-12:00:00,02,24,2002,12,144.57
02.24.2002-15:00:00,02,24,2002,15,143.77
02.24.2002-18:00:00,02,24,2002,18,142.69
02.24.2002-21:00:00,02,24,2002,21,144.55
02.25.2002-00:00:00,02,25,2002,00,142.37
02.25.2002-03:00:00,02,25,2002,03,142.55
02.25.2002-06:00:00,02,25,2002,06,144.09
02.25.2002-09:00:00,02,25,2002,09,142.22
02.25.2002-12:00:00,02,25,2002,12,141.63
02.25.2002-15:00:00,02,25,2002,15,143.63
02.25.2002-18:00:00,02,25,2002,18,141.7
02.25.2002-21:00:00,02,25,2002,21,141.96
02.26.2002-00:00:00,02,26,2002,00,143.03
02.26.2002-03:00:00,02,26,2002,03,141.46
02.26.2002-06:00:00,02,26,2002,06,141.07
02.26.2002-09:00:00,02,26,2002,09,142.74
02.26.2002-12:00:00,02,26,2002,12,140.67
02.26.2002-15:00:00,02,26,2002,15,140.95
02.26.2002-18:00:00,02,26,2002,18,142
02.26.2002-21:00:00,02,26,2002,21,140.68
02.27.2002-00:00:00,02,27,2002,00,140
02.27.2002-03:00:00,02,27,2002,03,141.95
02.27.2002-06:00:00,02,27,2002,06,139.94
02.27.2002-09:00:00,02,27,2002,09,140.47
02.27.2002-12:00:00,02,27,2002,12,139.51
02.27.2002-15:00:00,02,27,2002,15,141.31
02.27.2002-18:00:00,02,27,2002,18,139.29
02.27.2002-21:00:00,02,27,2002,21,139.22
02.28.2002-00:00:00,02,28,2002,00,139.06
02.28.2002-03:00:00,02,28,2002,03,141.01
02.28.2002-06:00:00,02,28,2002,06,138.77
02.28.2002-09:00:00,02,28,2002,09,138.78
02.28.2002-12:00:00,02,28,2002,12,138.39
02.28.2002-15:00:00,02,28,2002,15,140.46
02.28.2002-18:00:00,02,28,2002,18,138.59
02.28.2002-21:00:00,02,28,2002,21,138.19
03.01.2002-00:00:00,03,01,2002,00,137.76
03.01.2002-03:00:00,03,01,2002,03,137.85
03.01.2002-06:00:00,03,01,2002,06,139.41
03.01.2002-09:00:00,03,01,2002,09,137.69
03.01.2002-12:00:00,03,01,2002,12,137.1
03.01.2002-15:00:00,03,01,2002,15,137.68
03.01.2002-18:00:00,03,01,2002,18,136.9
03.01.2002-21:00:00,03,01,2002,21,137.22
03.02.2002-00:00:00,03,02,2002,00,137.91
03.02.2002-03:00:00,03,02,2002,03,136.51
03.02.2002-06:00:00,03,02,2002,06,136.53
03.02.2002-09:00:00,03,02,2002,09,136.1
03.02.2002-12:00:00,03,02,2002,12,136.23
03.02.2002-15:00:00,03,02,2002,15,136.14
03.02.2002-18:00:00,03,02,2002,18,135.32
03.02.2002-21:00:00,03,02,2002,21,137.41
03.03.2002-00:00:00,03,03,2002,00,136.11
03.03.2002-03:00:00,03,03,2002,03,135.31
03.03.2002-06:00:00,03,03,2002,06,135.62
03.03.2002-09:00:00,03,03,2002,09,135.43
03.03.2002-12:00:00,03,03,2002,12,134.6
03.03.2002-15:00:00,03,03,2002,15,134.79
03.03.2002-18:00:00,03,03,2002,18,135.16
03.03.2002-21:00:00,03,03,2002,21,134.5
03.04.2002-00:00:00,03,04,2002,00,134.35
03.04.2002-03:00:00,03,04,2002,03,135.59
03.04.2002-06:00:00,03,04,2002,06,133.91
03.04.2002-09:00:00,03,04,2002,09,134.11
03.04.2002-12:00:00,03,04,2002,12,134.38
03.04.2002-15:00:00,03,04,2002,15,133.38
03.04.2002-18:00:00,03,04,2002,18,133.89
03.04.2002-21:00:00,03,04,2002,21,133.06
03.05.2002-00:00:00,03,05,2002,00,132.84
03.05.2002-03:00:00,03,05,2002,03,133.32
03.05.2002-06:00:00,03,05,2002,06,133.24
03.05.2002-09:00:00,03,05,2002,09,132.43
03.05.2002-12:00:00,03,05,2002,12,132.22
03.05.2002-15:00:00,03,05,2002,15,132.51
03.05.2002-18:00:00,03,05,2002,18,132.47
03.05.2002-21:00:00,03,05,2002,21,132.13
03.06.2002-00:00:00,03,06,2002,00,131.74
03.06.2002-03:00:00,03,06,2002,03,131.96
03.06.2002-06:00:00,03,06,2002,06,132.11
03.06.2002-09:00:00,03,06,2002,09,131.4
03.06.2002-12:00:00,03,06,2002,12,131.23
03.06.2002-15:00:00,03,06,2002,15,132.06
03.06.2002-18:00:00,03,06,2002,18,131.04
03.06.2002-21:00:00,03,06,2002,21,130.8
03.07.2002-00:00:00,03,07,2002,00,130.66
03.07.2002-03:00:00,03,07,2002,03,131
03.07.2002-06:00:00,03,07,2002,06,131.31
03.07.2002-09:00:00,03,07,2002,09,130.68
03.07.2002-12:00:00,03,07,2002,12,130.16
03.07.2002-15:00:00,03,07,2002,15,130
03.07.2002-18:00:00,03,07,2002,18,130.25
03.07.2002-21:00:00,03,07,2002,21,129.77
03.08.2002-00:00:00,03,08,2002,00,129.85
03.08.2002-03:00:00,03,08,2002,03,129.5
03.08.2002-06:00:00,03,08,2002,06,129.35
03.08.2002-09:00:00,03,08,2002,09,129.95
03.08.2002-12:00:00,03,08,2002,12,129.8
03.08.2002-15:00:00,03,08,2002,15,129.12
03.08.2002-18:00:00,03,08,2002,18,129.08
03.08.2002-21:00:00,03,08,2002,21,128.72
03.09.2002-00:00:00,03,09,2002,00,128.57
03.09.2002-03:00:00,03,09,2002,03,128.83
03.09.2002-06:00:00,03,09,2002,06,128.35
03.09.2002-09:00:00,03,09,2002,09,128.53
03.09.2002-12:00:00,03,09,2002,12,128.09
03.09.2002-15:00:00,03,09,2002,15,128.17
03.09.2002-18:00:00,03,09,2002,18,127.82
03.09.2002-21:00:00,03,09,2002,21,127.67
03.10.2002-00:00:00,03,10,2002,00,127.54
03.10.2002-03:00:00,03,10,2002,03,127.89
03.10.2002-06:00:00,03,10,2002,06,127.32
03.10.2002-09:00:00,03,10,2002,09,127.73
03.10.2002-12:00:00,03,10,2002,12,127.08
03.10.2002-15:00:00,03,10,2002,15,126.89
03.10.2002-18:00:00,03,10,2002,18,126.77
03.10.2002-21:00:00,03,10,2002,21,126.63
03.11.2002-00:00:00,03,11,2002,00,126.51
03.11.2002-03:00:00,03,11,2002,03,126.61
03.11.2002-06:00:00,03,11,2002,06,126.61
03.11.2002-09:00:00,03,11,2002,09,126.15
03.11.2002-12:00:00,03,11,2002,12,125.99
03.11.2002-15:00:00,03,11,2002,15,125.96
03.11.2002-18:00:00,03,11,2002,18,126.11
03.11.2002-21:00:00,03,11,2002,21,125.64
03.12.2002-00:00:00,03,12,2002,00,125.71
03.12.2002-03:00:00,03,12,2002,03,125.36
03.12.2002-06:00:00,03,12,2002,06,125.21
03.12.2002-09:00:00,03,12,2002,09,125.41
03.12.2002-12:00:00,03,12,2002,12,124.96
03.12.2002-15:00:00,03,12,2002,15,124.8
03.12.2002-18:00:00,03,12,2002,18,124.67
03.12.2002-21:00:00,03,12,2002,21,124.78
03.13.2002-00:00:00,03,13,2002,00,124.44
03.13.2002-03:00:00,03,13,2002,03,124.39
03.13.2002-06:00:00,03,13,2002,06,124.16
03.13.2002-09:00:00,03,13,2002,09,124.02
03.13.2002-12:00:00,03,13,2002,12,124.22
03.13.2002-15:00:00,03,13,2002,15,123.78
03.13.2002-18:00:00,03,13,2002,18,123.86
03.13.2002-21:00:00,03,13,2002,21,123.53
03.14.2002-00:00:00,03,14,2002,00,123.39
03.14.2002-03:00:00,03,14,2002,03,123.28
03.14.2002-06:00:00,03,14,2002,06,123.16
03.14.2002-09:00:00,03,14,2002,09,123.03
03.14.2002-12:00:00,03,14,2002,12,122.9
03.14.2002-15:00:00,03,14,2002,15,123.46
03.14.2002-18:00:00,03,14,2002,18,122.72
03.14.2002-21:00:00,03,14,2002,21,122.55
03.15.2002-00:00:00,03,15,2002,00,122.43
03.15.2002-03:00:00,03,15,2002,03,122.32
03.15.2002-06:00:00,03,15,2002,06,122.2
03.15.2002-09:00:00,03,15,2002,09,122.09
03.15.2002-12:00:00,03,15,2002,12,122.2
03.15.2002-15:00:00,03,15,2002,15,122.21
03.15.2002-18:00:00,03,15,2002,18,121.76
03.15.2002-21:00:00,03,15,2002,21,121.62
03.16.2002-00:00:00,03,16,2002,00,121.5
03.16.2002-03:00:00,03,16,2002,03,121.48
03.16.2002-06:00:00,03,16,2002,06,121.27
03.16.2002-09:00:00,03,16,2002,09,121.15
03.16.2002-12:00:00,03,16,2002,12,121.27
03.16.2002-15:00:00,03,16,2002,15,120.94
03.16.2002-18:00:00,03,16,2002,18,120.8
03.16.2002-21:00:00,03,16,2002,21,121.03
03.17.2002-00:00:00,03,17,2002,00,120.6
03.17.2002-03:00:00,03,17,2002,03,120.46
03.17.2002-06:00:00,03,17,2002,06,120.34
03.17.2002-09:00:00,03,17,2002,09,120.46
03.17.2002-12:00:00,03,17,2002,12,120.13
03.17.2002-15:00:00,03,17,2002,15,119.99
03.17.2002-18:00:00,03,17,2002,18,119.97
03.17.2002-21:00:00,03,17,2002,21,119.76
03.18.2002-00:00:00,03,18,2002,00,119.64
03.18.2002-03:00:00,03,18,2002,03,119.86
03.18.2002-06:00:00,03,18,2002,06,119.44
03.18.2002-09:00:00,03,18,2002,09,119.53
03.18.2002-12:00:00,03,18,2002,12,119.2
03.18.2002-15:00:00,03,18,2002,15,119.06
03.18.2002-18:00:00,03,18,2002,18,118.95
03.18.2002-21:00:00,03,18,2002,21,118.83
03.19.2002-00:00:00,03,19,2002,00,118.72
03.19.2002-03:00:00,03,19,2002,03,118.6
03.19.2002-06:00:00,03,19,2002,06,118.48
03.19.2002-09:00:00,03,19,2002,09,118.39
03.19.2002-12:00:00,03,19,2002,12,118.76
03.19.2002-15:00:00,03,19,2002,15,118.11
03.19.2002-18:00:00,03,19,2002,18,117.95
03.19.2002-21:00:00,03,19,2002,21,117.83
03.20.2002-00:00:00,03,20,2002,00,117.72
03.20.2002-03:00:00,03,20,2002,03,117.61
03.20.2002-06:00:00,03,20,2002,06,117.49
03.20.2002-09:00:00,03,20,2002,09,117.38
03.20.2002-12:00:00,03,20,2002,12,117.5
03.20.2002-15:00:00,03,20,2002,15,117.51
03.20.2002-18:00:00,03,20,2002,18,117.06
03.20.2002-21:00:00,03,20,2002,21,116.92
03.21.2002-00:00:00,03,21,2002,00,116.9
03.21.2002-03:00:00,03,21,2002,03,116.7
03.21.2002-06:00:00,03,21,2002,06,116.58
03.21.2002-09:00:00,03,21,2002,09,116.46
03.21.2002-12:00:00,03,21,2002,12,116.35
03.21.2002-15:00:00,03,21,2002,15,116.48
03.21.2002-18:00:00,03,21,2002,18,116.15
03.21.2002-21:00:00,03,21,2002,21,116.01
03.22.2002-00:00:00,03,22,2002,00,116.24
03.22.2002-03:00:00,03,22,2002,03,115.82
03.22.2002-06:00:00,03,22,2002,06,115.67
03.22.2002-09:00:00,03,22,2002,09,115.55
03.22.2002-12:00:00,03,22,2002,12,115.43
03.22.2002-15:00:00,03,22,2002,15,115.41
03.22.2002-18:00:00,03,22,2002,18,115.44
03.22.2002-21:00:00,03,22,2002,21,115.11
03.23.2002-00:00:00,03,23,2002,00,114.98
03.23.2002-03:00:00,03,23,2002,03,114.87
03.23.2002-06:00:00,03,23,2002,06,114.76
03.23.2002-09:00:00,03,23,2002,09,114.63
03.23.2002-12:00:00,03,23,2002,12,114.84
03.23.2002-15:00:00,03,23,2002,15,114.42
03.23.2002-18:00:00,03,23,2002,18,114.28
03.23.2002-21:00:00,03,23,2002,21,114.41
03.24.2002-00:00:00,03,24,2002,00,114.08
03.24.2002-03:00:00,03,24,2002,03,113.95
03.24.2002-06:00:00,03,24,2002,06,113.94
03.24.2002-09:00:00,03,24,2002,09,113.71
03.24.2002-12:00:00,03,24,2002,12,113.58
03.24.2002-15:00:00,03,24,2002,15,113.47
03.24.2002-18:00:00,03,24,2002,18,113.36
03.24.2002-21:00:00,03,24,2002,21,113.25
03.25.2002-00:00:00,03,25,2002,00,113.48
03.25.2002-03:00:00,03,25,2002,03,113.3
03.25.2002-06:00:00,03,25,2002,06,112.95
03.25.2002-09:00:00,03,25,2002,09,112.61
03.25.2002-12:00:00,03,25,2002,12,112.47
03.25.2002-15:00:00,03,25,2002,15,112.36
03.25.2002-18:00:00,03,25,2002,18,112.26
03.25.2002-21:00:00,03,25,2002,21,112.16
03.26.2002-00:00:00,03,26,2002,00,112.16
03.26.2002-03:00:00,03,26,2002,03,111.95
03.26.2002-06:00:00,03,26,2002,06,111.85
03.26.2002-09:00:00,03,26,2002,09,111.73
03.26.2002-12:00:00,03,26,2002,12,111.86
03.26.2002-15:00:00,03,26,2002,15,111.88
03.26.2002-18:00:00,03,26,2002,18,111.44
03.26.2002-21:00:00,03,26,2002,21,111.31
03.27.2002-00:00:00,03,27,2002,00,111.2
03.27.2002-03:00:00,03,27,2002,03,111.1
03.27.2002-06:00:00,03,27,2002,06,110.99
03.27.2002-09:00:00,03,27,2002,09,110.88
03.27.2002-12:00:00,03,27,2002,12,110.77
03.27.2002-15:00:00,03,27,2002,15,110.67
03.27.2002-18:00:00,03,27,2002,18,110.66
03.27.2002-21:00:00,03,27,2002,21,110.7
03.28.2002-00:00:00,03,28,2002,00,110.72
03.28.2002-03:00:00,03,28,2002,03,110.28
03.28.2002-06:00:00,03,28,2002,06,110.15
03.28.2002-09:00:00,03,28,2002,09,110.03
03.28.2002-12:00:00,03,28,2002,12,109.92
03.28.2002-15:00:00,03,28,2002,15,109.81
03.28.2002-18:00:00,03,28,2002,18,109.71
03.28.2002-21:00:00,03,28,2002,21,109.61
03.29.2002-00:00:00,03,29,2002,00,109.5
03.29.2002-03:00:00,03,29,2002,03,109.4
03.29.2002-06:00:00,03,29,2002,06,109.3
03.29.2002-09:00:00,03,29,2002,09,109.43
03.29.2002-12:00:00,03,29,2002,12,109.04
03.29.2002-15:00:00,03,29,2002,15,108.96
03.29.2002-18:00:00,03,29,2002,18,108.92
03.29.2002-21:00:00,03,29,2002,21,108.77
03.30.2002-00:00:00,03,30,2002,00,108.52
03.30.2002-03:00:00,03,30,2002,03,108.55
03.30.2002-06:00:00,03,30,2002,06,108.31
03.30.2002-09:00:00,03,30,2002,09,108.33
03.30.2002-12:00:00,03,30,2002,12,108.08
03.30.2002-15:00:00,03,30,2002,15,107.97
03.30.2002-18:00:00,03,30,2002,18,108.01
03.30.2002-21:00:00,03,30,2002,21,108.01
03.31.2002-00:00:00,03,31,2002,00,107.68
03.31.2002-03:00:00,03,31,2002,03,107.56
03.31.2002-06:00:00,03,31,2002,06,107.56
03.31.2002-09:00:00,03,31,2002,09,107.5
03.31.2002-12:00:00,03,31,2002,12,107.25
03.31.2002-15:00:00,03,31,2002,15,107.13
03.31.2002-18:00:00,03,31,2002,18,107.03
03.31.2002-21:00:00,03,31,2002,21,106.93
04.01.2002-00:00:00,04,01,2002,00,106.83
04.01.2002-03:00:00,04,01,2002,03,106.73
04.01.2002-06:00:00,04,01,2002,06,106.63
04.01.2002-09:00:00,04,01,2002,09,106.52
04.01.2002-12:00:00,04,01,2002,12,106.65
04.01.2002-15:00:00,04,01,2002,15,106.34
04.01.2002-18:00:00,04,01,2002,18,106.22
04.01.2002-21:00:00,04,01,2002,21,106.11
04.02.2002-00:00:00,04,02,2002,00,106.01
04.02.2002-03:00:00,04,02,2002,03,106.01
04.02.2002-06:00:00,04,02,2002,06,105.82
04.02.2002-09:00:00,04,02,2002,09,105.71
04.02.2002-12:00:00,04,02,2002,12,105.6
04.02.2002-15:00:00,04,02,2002,15,105.5
04.02.2002-18:00:00,04,02,2002,18,105.4
04.02.2002-21:00:00,04,02,2002,21,105.3
04.03.2002-00:00:00,04,03,2002,00,105.2
04.03.2002-03:00:00,04,03,2002,03,105.11
04.03.2002-06:00:00,04,03,2002,06,105.25
04.03.2002-09:00:00,04,03,2002,09,104.93
04.03.2002-12:00:00,04,03,2002,12,104.79
04.03.2002-15:00:00,04,03,2002,15,104.7
04.03.2002-18:00:00,04,03,2002,18,104.6
04.03.2002-21:00:00,04,03,2002,21,104.61
04.04.2002-00:00:00,04,04,2002,00,104.42
04.04.2002-03:00:00,04,04,2002,03,104.32
04.04.2002-06:00:00,04,04,2002,06,104.23
04.04.2002-09:00:00,04,04,2002,09,104.12
04.04.2002-12:00:00,04,04,2002,12,104
04.04.2002-15:00:00,04,04,2002,15,103.91
04.04.2002-18:00:00,04,04,2002,18,103.81
04.04.2002-21:00:00,04,04,2002,21,103.72
04.05.2002-00:00:00,04,05,2002,00,103.63
04.05.2002-03:00:00,04,05,2002,03,103.53
04.05.2002-06:00:00,04,05,2002,06,103.68
04.05.2002-09:00:00,04,05,2002,09,103.36
04.05.2002-12:00:00,04,05,2002,12,103.23
04.05.2002-15:00:00,04,05,2002,15,103.13
04.05.2002-18:00:00,04,05,2002,18,103.13
04.05.2002-21:00:00,04,05,2002,21,102.95
04.06.2002-00:00:00,04,06,2002,00,102.85
04.06.2002-03:00:00,04,06,2002,03,102.76
04.06.2002-06:00:00,04,06,2002,06,102.66
04.06.2002-09:00:00,04,06,2002,09,102.56
04.06.2002-12:00:00,04,06,2002,12,102.45
04.06.2002-15:00:00,04,06,2002,15,102.36
04.06.2002-18:00:00,04,06,2002,18,102.26
04.06.2002-21:00:00,04,06,2002,21,102.17
04.07.2002-00:00:00,04,07,2002,00,102.08
04.07.2002-03:00:00,04,07,2002,03,101.99
04.07.2002-06:00:00,04,07,2002,06,102.13
04.07.2002-09:00:00,04,07,2002,09,101.81
04.07.2002-12:00:00,04,07,2002,12,101.69
04.07.2002-15:00:00,04,07,2002,15,101.59
04.07.2002-18:00:00,04,07,2002,18,101.6
04.07.2002-21:00:00,04,07,2002,21,101.41
04.08.2002-00:00:00,04,08,2002,00,101.31
04.08.2002-03:00:00,04,08,2002,03,101.22
04.08.2002-06:00:00,04,08,2002,06,101.13
04.08.2002-09:00:00,04,08,2002,09,101.02
04.08.2002-12:00:00,04,08,2002,12,100.91
04.08.2002-15:00:00,04,08,2002,15,100.82
04.08.2002-18:00:00,04,08,2002,18,100.73
04.08.2002-21:00:00,04,08,2002,21,100.64
04.09.2002-00:00:00,04,09,2002,00,100.55
04.09.2002-03:00:00,04,09,2002,03,100.42
04.09.2002-06:00:00,04,09,2002,06,100.32
04.09.2002-09:00:00,04,09,2002,09,100.23
04.09.2002-12:00:00,04,09,2002,12,100.37
04.09.2002-15:00:00,04,09,2002,15,100.16
04.09.2002-18:00:00,04,09,2002,18,99.952
04.09.2002-21:00:00,04,09,2002,21,99.855
04.10.2002-00:00:00,04,10,2002,00,99.765
04.10.2002-03:00:00,04,10,2002,03,99.673
04.10.2002-06:00:00,04,10,2002,06,99.58
04.10.2002-09:00:00,04,10,2002,09,99.475
04.10.2002-12:00:00,04,10,2002,12,99.367
04.10.2002-15:00:00,04,10,2002,15,99.273
04.10.2002-18:00:00,04,10,2002,18,99.182
04.10.2002-21:00:00,04,10,2002,21,99.09
04.11.2002-00:00:00,04,11,2002,00,98.998
04.11.2002-03:00:00,04,11,2002,03,98.908
04.11.2002-06:00:00,04,11,2002,06,98.813
04.11.2002-09:00:00,04,11,2002,09,98.707
04.11.2002-12:00:00,04,11,2002,12,98.604
04.11.2002-15:00:00,04,11,2002,15,98.607
04.11.2002-18:00:00,04,11,2002,18,98.421
04.11.2002-21:00:00,04,11,2002,21,98.565
04.12.2002-00:00:00,04,12,2002,00,98.257
04.12.2002-03:00:00,04,12,2002,03,98.145
04.12.2002-06:00:00,04,12,2002,06,98.053
04.12.2002-09:00:00,04,12,2002,09,97.948
04.12.2002-12:00:00,04,12,2002,12,97.841
04.12.2002-15:00:00,04,12,2002,15,97.75
04.12.2002-18:00:00,04,12,2002,18,97.659
04.12.2002-21:00:00,04,12,2002,21,97.57
04.13.2002-00:00:00,04,13,2002,00,97.482
04.13.2002-03:00:00,04,13,2002,03,97.393
04.13.2002-06:00:00,04,13,2002,06,97.303
04.13.2002-09:00:00,04,13,2002,09,97.205
04.13.2002-12:00:00,04,13,2002,12,97.104
04.13.2002-15:00:00,04,13,2002,15,97.113
04.13.2002-18:00:00,04,13,2002,18,96.935
04.13.2002-21:00:00,04,13,2002,21,96.848
04.14.2002-00:00:00,04,14,2002,00,96.763
04.14.2002-03:00:00,04,14,2002,03,96.68
04.14.2002-06:00:00,04,14,2002,06,96.597
04.14.2002-09:00:00,04,14,2002,09,96.498
04.14.2002-12:00:00,04,14,2002,12,96.402
04.14.2002-15:00:00,04,14,2002,15,99.566
04.14.2002-18:00:00,04,14,2002,18,97.539
04.14.2002-21:00:00,04,14,2002,21,97.428
04.15.2002-00:00:00,04,15,2002,00,97.341
04.15.2002-03:00:00,04,15,2002,03,97.252
04.15.2002-06:00:00,04,15,2002,06,97.162
04.15.2002-09:00:00,04,15,2002,09,97.069
04.15.2002-12:00:00,04,15,2002,12,96.973
04.15.2002-15:00:00,04,15,2002,15,96.88
04.15.2002-18:00:00,04,15,2002,18,96.792
04.15.2002-21:00:00,04,15,2002,21,96.606
04.16.2002-00:00:00,04,16,2002,00,96.514
04.16.2002-03:00:00,04,16,2002,03,96.424
04.16.2002-06:00:00,04,16,2002,06,96.334
04.16.2002-09:00:00,04,16,2002,09,96.238
04.16.2002-12:00:00,04,16,2002,12,96.14
04.16.2002-15:00:00,04,16,2002,15,96.05
04.16.2002-18:00:00,04,16,2002,18,95.958
04.16.2002-21:00:00,04,16,2002,21,95.866
04.17.2002-00:00:00,04,17,2002,00,95.776
04.17.2002-03:00:00,04,17,2002,03,95.683
04.17.2002-06:00:00,04,17,2002,06,95.59
04.17.2002-09:00:00,04,17,2002,09,95.486
04.17.2002-12:00:00,04,17,2002,12,95.384
04.17.2002-15:00:00,04,17,2002,15,95.29
04.17.2002-18:00:00,04,17,2002,18,95.293
04.17.2002-21:00:00,04,17,2002,21,95.109
04.18.2002-00:00:00,04,18,2002,00,95.012
04.18.2002-03:00:00,04,18,2002,03,94.919
04.18.2002-06:00:00,04,18,2002,06,94.824
04.18.2002-09:00:00,04,18,2002,09,94.718
04.18.2002-12:00:00,04,18,2002,12,94.61
04.18.2002-15:00:00,04,18,2002,15,94.514
04.18.2002-18:00:00,04,18,2002,18,94.422
04.18.2002-21:00:00,04,18,2002,21,94.329
04.19.2002-00:00:00,04,19,2002,00,94.235
04.19.2002-03:00:00,04,19,2002,03,94.143
04.19.2002-06:00:00,04,19,2002,06,94.049
04.19.2002-09:00:00,04,19,2002,09,93.942
04.19.2002-12:00:00,04,19,2002,12,93.832
04.19.2002-15:00:00,04,19,2002,15,93.737
04.19.2002-18:00:00,04,19,2002,18,93.645
04.19.2002-21:00:00,04,19,2002,21,93.65
04.20.2002-00:00:00,04,20,2002,00,93.464
04.20.2002-03:00:00,04,20,2002,03,93.369
04.20.2002-06:00:00,04,20,2002,06,93.273
04.20.2002-09:00:00,04,20,2002,09,93.168
04.20.2002-12:00:00,04,20,2002,12,98.739
04.20.2002-15:00:00,04,20,2002,15,100.14
04.20.2002-18:00:00,04,20,2002,18,93.391
04.20.2002-21:00:00,04,20,2002,21,93.265
04.21.2002-00:00:00,04,21,2002,00,93.205
04.21.2002-03:00:00,04,21,2002,03,93.113
04.21.2002-06:00:00,04,21,2002,06,93.019
04.21.2002-09:00:00,04,21,2002,09,103.33
04.21.2002-12:00:00,04,21,2002,12,103.88
04.21.2002-15:00:00,04,21,2002,15,99.618
04.21.2002-18:00:00,04,21,2002,18,95.264
04.21.2002-21:00:00,04,21,2002,21,93.948
04.22.2002-00:00:00,04,22,2002,00,93.051
04.22.2002-03:00:00,04,22,2002,03,93.066
04.22.2002-06:00:00,04,22,2002,06,93.059
04.22.2002-09:00:00,04,22,2002,09,108.11
04.22.2002-12:00:00,04,22,2002,12,108.57
04.22.2002-15:00:00,04,22,2002,15,100.22
04.22.2002-18:00:00,04,22,2002,18,93.691
04.22.2002-21:00:00,04,22,2002,21,93.463
04.23.2002-00:00:00,04,23,2002,00,93.37
04.23.2002-03:00:00,04,23,2002,03,93.275
04.23.2002-06:00:00,04,23,2002,06,93.183
04.23.2002-09:00:00,04,23,2002,09,93.081
04.23.2002-12:00:00,04,23,2002,12,92.98
04.23.2002-15:00:00,04,23,2002,15,92.885
04.23.2002-18:00:00,04,23,2002,18,92.789
04.23.2002-21:00:00,04,23,2002,21,92.693
04.24.2002-00:00:00,04,24,2002,00,92.598
04.24.2002-03:00:00,04,24,2002,03,92.501
04.24.2002-06:00:00,04,24,2002,06,92.406
04.24.2002-09:00:00,04,24,2002,09,92.396
04.24.2002-12:00:00,04,24,2002,12,92.192
04.24.2002-15:00:00,04,24,2002,15,92.09
04.24.2002-18:00:00,04,24,2002,18,91.994
04.24.2002-21:00:00,04,24,2002,21,91.895
04.25.2002-00:00:00,04,25,2002,00,91.795
04.25.2002-03:00:00,04,25,2002,03,91.701
04.25.2002-06:00:00,04,25,2002,06,91.6
04.25.2002-09:00:00,04,25,2002,09,91.49
04.25.2002-12:00:00,04,25,2002,12,91.378
04.25.2002-15:00:00,04,25,2002,15,91.281
04.25.2002-18:00:00,04,25,2002,18,91.182
04.25.2002-21:00:00,04,25,2002,21,91.083
04.26.2002-00:00:00,04,26,2002,00,90.986
04.26.2002-03:00:00,04,26,2002,03,90.889
04.26.2002-06:00:00,04,26,2002,06,90.789
04.26.2002-09:00:00,04,26,2002,09,90.682
04.26.2002-12:00:00,04,26,2002,12,90.572
04.26.2002-15:00:00,04,26,2002,15,90.571
04.26.2002-18:00:00,04,26,2002,18,90.387
04.26.2002-21:00:00,04,26,2002,21,90.296
04.27.2002-00:00:00,04,27,2002,00,90.201
04.27.2002-03:00:00,04,27,2002,03,90.105
04.27.2002-06:00:00,04,27,2002,06,90.006
04.27.2002-09:00:00,04,27,2002,09,93.353
04.27.2002-12:00:00,04,27,2002,12,106.49
04.27.2002-15:00:00,04,27,2002,15,97.586
04.27.2002-18:00:00,04,27,2002,18,90.501
04.27.2002-21:00:00,04,27,2002,21,90.343
04.28.2002-00:00:00,04,28,2002,00,90.247
04.28.2002-03:00:00,04,28,2002,03,90.152
04.28.2002-06:00:00,04,28,2002,06,90.053
04.28.2002-09:00:00,04,28,2002,09,90.692
04.28.2002-12:00:00,04,28,2002,12,108.88
04.28.2002-15:00:00,04,28,2002,15,98.243
04.28.2002-18:00:00,04,28,2002,18,90.624
04.28.2002-21:00:00,04,28,2002,21,90.583
04.29.2002-00:00:00,04,29,2002,00,90.407
04.29.2002-03:00:00,04,29,2002,03,90.308
04.29.2002-06:00:00,04,29,2002,06,90.208
04.29.2002-09:00:00,04,29,2002,09,96.922
04.29.2002-12:00:00,04,29,2002,12,111.19
04.29.2002-15:00:00,04,29,2002,15,100.51
04.29.2002-18:00:00,04,29,2002,18,91.408
04.29.2002-21:00:00,04,29,2002,21,91.122
04.30.2002-00:00:00,04,30,2002,00,91.022
04.30.2002-03:00:00,04,30,2002,03,90.922
04.30.2002-06:00:00,04,30,2002,06,93.292
04.30.2002-09:00:00,04,30,2002,09,114.54
04.30.2002-12:00:00,04,30,2002,12,116.23
04.30.2002-15:00:00,04,30,2002,15,106.62
04.30.2002-18:00:00,04,30,2002,18,95.242
04.30.2002-21:00:00,04,30,2002,21,94.142
05.01.2002-00:00:00,05,01,2002,00,93.988
05.01.2002-03:00:00,05,01,2002,03,93.852
05.01.2002-06:00:00,05,01,2002,06,93.839
05.01.2002-09:00:00,05,01,2002,09,112.73
05.01.2002-12:00:00,05,01,2002,12,170.29
05.01.2002-15:00:00,05,01,2002,15,143.7
05.01.2002-18:00:00,05,01,2002,18,97.959
05.01.2002-21:00:00,05,01,2002,21,96.471
05.02.2002-00:00:00,05,02,2002,00,96.375
05.02.2002-03:00:00,05,02,2002,03,96.29
05.02.2002-06:00:00,05,02,2002,06,130.08
05.02.2002-09:00:00,05,02,2002,09,234.45
05.02.2002-12:00:00,05,02,2002,12,275.14
05.02.2002-15:00:00,05,02,2002,15,184.06
05.02.2002-18:00:00,05,02,2002,18,110.53
05.02.2002-21:00:00,05,02,2002,21,103.65
05.03.2002-00:00:00,05,03,2002,00,103.79
05.03.2002-03:00:00,05,03,2002,03,103.97
05.03.2002-06:00:00,05,03,2002,06,104.23
05.03.2002-09:00:00,05,03,2002,09,122.34
05.03.2002-12:00:00,05,03,2002,12,269.7
05.03.2002-15:00:00,05,03,2002,15,147.05
05.03.2002-18:00:00,05,03,2002,18,107.33
05.03.2002-21:00:00,05,03,2002,21,107.11
05.04.2002-00:00:00,05,04,2002,00,107.63
05.04.2002-03:00:00,05,04,2002,03,107.99
05.04.2002-06:00:00,05,04,2002,06,108.4
05.04.2002-09:00:00,05,04,2002,09,108.57
05.04.2002-12:00:00,05,04,2002,12,108.84
05.04.2002-15:00:00,05,04,2002,15,111.17
05.04.2002-18:00:00,05,04,2002,18,109.53
05.04.2002-21:00:00,05,04,2002,21,109.82
05.05.2002-00:00:00,05,05,2002,00,110.15
05.05.2002-03:00:00,05,05,2002,03,110.48
05.05.2002-06:00:00,05,05,2002,06,110.78
05.05.2002-09:00:00,05,05,2002,09,111.17
05.05.2002-12:00:00,05,05,2002,12,153.42
05.05.2002-15:00:00,05,05,2002,15,147.91
05.05.2002-18:00:00,05,05,2002,18,113.65
05.05.2002-21:00:00,05,05,2002,21,113.4
05.06.2002-00:00:00,05,06,2002,00,113.85
05.06.2002-03:00:00,05,06,2002,03,114.28
05.06.2002-06:00:00,05,06,2002,06,114.69
05.06.2002-09:00:00,05,06,2002,09,115.09
05.06.2002-12:00:00,05,06,2002,12,115.57
05.06.2002-15:00:00,05,06,2002,15,115.87
05.06.2002-18:00:00,05,06,2002,18,116.27
05.06.2002-21:00:00,05,06,2002,21,116.68
05.07.2002-00:00:00,05,07,2002,00,117.1
05.07.2002-03:00:00,05,07,2002,03,117.52
05.07.2002-06:00:00,05,07,2002,06,117.94
05.07.2002-09:00:00,05,07,2002,09,118.36
05.07.2002-12:00:00,05,07,2002,12,138.39
05.07.2002-15:00:00,05,07,2002,15,138.84
05.07.2002-18:00:00,05,07,2002,18,120.66
05.07.2002-21:00:00,05,07,2002,21,120.8
05.08.2002-00:00:00,05,08,2002,00,121.35
05.08.2002-03:00:00,05,08,2002,03,121.9
05.08.2002-06:00:00,05,08,2002,06,122.43
05.08.2002-09:00:00,05,08,2002,09,122.93
05.08.2002-12:00:00,05,08,2002,12,171.93
05.08.2002-15:00:00,05,08,2002,15,159.14
05.08.2002-18:00:00,05,08,2002,18,126.1
05.08.2002-21:00:00,05,08,2002,21,125.93
05.09.2002-00:00:00,05,09,2002,00,126.55
05.09.2002-03:00:00,05,09,2002,03,127.14
05.09.2002-06:00:00,05,09,2002,06,127.72
05.09.2002-09:00:00,05,09,2002,09,128.21
05.09.2002-12:00:00,05,09,2002,12,128.69
05.09.2002-15:00:00,05,09,2002,15,129.2
05.09.2002-18:00:00,05,09,2002,18,129.71
05.09.2002-21:00:00,05,09,2002,21,130.33
05.10.2002-00:00:00,05,10,2002,00,130.75
05.10.2002-03:00:00,05,10,2002,03,131.27
05.10.2002-06:00:00,05,10,2002,06,131.78
05.10.2002-09:00:00,05,10,2002,09,132.26
05.10.2002-12:00:00,05,10,2002,12,132.73
05.10.2002-15:00:00,05,10,2002,15,146.68
05.10.2002-18:00:00,05,10,2002,18,134.17
05.10.2002-21:00:00,05,10,2002,21,134.42
05.11.2002-00:00:00,05,11,2002,00,135.06
05.11.2002-03:00:00,05,11,2002,03,135.5
05.11.2002-06:00:00,05,11,2002,06,136.01
05.11.2002-09:00:00,05,11,2002,09,277.27
05.11.2002-12:00:00,05,11,2002,12,433.53
05.11.2002-15:00:00,05,11,2002,15,325.79
05.11.2002-18:00:00,05,11,2002,18,194.04
05.11.2002-21:00:00,05,11,2002,21,154.51
05.12.2002-00:00:00,05,12,2002,00,154.58
05.12.2002-03:00:00,05,12,2002,03,155.67
05.12.2002-06:00:00,05,12,2002,06,169.33
05.12.2002-09:00:00,05,12,2002,09,449.49
05.12.2002-12:00:00,05,12,2002,12,674.81
05.12.2002-15:00:00,05,12,2002,15,537.32
05.12.2002-18:00:00,05,12,2002,18,254.74
05.12.2002-21:00:00,05,12,2002,21,208.89
05.13.2002-00:00:00,05,13,2002,00,198.75
05.13.2002-03:00:00,05,13,2002,03,199.94
05.13.2002-06:00:00,05,13,2002,06,275.42
05.13.2002-09:00:00,05,13,2002,09,729.34
05.13.2002-12:00:00,05,13,2002,12,1218.8
05.13.2002-15:00:00,05,13,2002,15,863.15
05.13.2002-18:00:00,05,13,2002,18,425.99
05.13.2002-21:00:00,05,13,2002,21,314.55
05.14.2002-00:00:00,05,14,2002,00,299.11
05.14.2002-03:00:00,05,14,2002,03,305.44
05.14.2002-06:00:00,05,14,2002,06,341.39
05.14.2002-09:00:00,05,14,2002,09,649.48
05.14.2002-12:00:00,05,14,2002,12,1177.7
05.14.2002-15:00:00,05,14,2002,15,839.33
05.14.2002-18:00:00,05,14,2002,18,480.99
05.14.2002-21:00:00,05,14,2002,21,422.8
05.15.2002-00:00:00,05,15,2002,00,417.91
05.15.2002-03:00:00,05,15,2002,03,415.25
05.15.2002-06:00:00,05,15,2002,06,425.41
05.15.2002-09:00:00,05,15,2002,09,536.3
05.15.2002-12:00:00,05,15,2002,12,842.23
05.15.2002-15:00:00,05,15,2002,15,821.47
05.15.2002-18:00:00,05,15,2002,18,571.48
05.15.2002-21:00:00,05,15,2002,21,508.66
05.16.2002-00:00:00,05,16,2002,00,494.19
05.16.2002-03:00:00,05,16,2002,03,492.25
05.16.2002-06:00:00,05,16,2002,06,494.64
05.16.2002-09:00:00,05,16,2002,09,598.38
05.16.2002-12:00:00,05,16,2002,12,1128.8
05.16.2002-15:00:00,05,16,2002,15,1047.4
05.16.2002-18:00:00,05,16,2002,18,670.21
05.16.2002-21:00:00,05,16,2002,21,575.06
05.17.2002-00:00:00,05,17,2002,00,576.94
05.17.2002-03:00:00,05,17,2002,03,581.55
05.17.2002-06:00:00,05,17,2002,06,722.48
05.17.2002-09:00:00,05,17,2002,09,1686.4
05.17.2002-12:00:00,05,17,2002,12,2193
05.17.2002-15:00:00,05,17,2002,15,1686.5
05.17.2002-18:00:00,05,17,2002,18,1115.3
05.17.2002-21:00:00,05,17,2002,21,909.57
05.18.2002-00:00:00,05,18,2002,00,858.8
05.18.2002-03:00:00,05,18,2002,03,843.69
05.18.2002-06:00:00,05,18,2002,06,946.31
05.18.2002-09:00:00,05,18,2002,09,1922.6
05.18.2002-12:00:00,05,18,2002,12,2775.2
05.18.2002-15:00:00,05,18,2002,15,1973.7
05.18.2002-18:00:00,05,18,2002,18,1270.8
05.18.2002-21:00:00,05,18,2002,21,1089.8
05.19.2002-00:00:00,05,19,2002,00,1042.2
05.19.2002-03:00:00,05,19,2002,03,1039.4
05.19.2002-06:00:00,05,19,2002,06,1289.8
05.19.2002-09:00:00,05,19,2002,09,2823.1
05.19.2002-12:00:00,05,19,2002,12,3561.3
05.19.2002-15:00:00,05,19,2002,15,2744.2
05.19.2002-18:00:00,05,19,2002,18,1929.6
05.19.2002-21:00:00,05,19,2002,21,1576.9
05.20.2002-00:00:00,05,20,2002,00,1983.2
05.20.2002-03:00:00,05,20,2002,03,2236.5
05.20.2002-06:00:00,05,20,2002,06,3214.3
05.20.2002-09:00:00,05,20,2002,09,4613.1
05.20.2002-12:00:00,05,20,2002,12,5113.2
05.20.2002-15:00:00,05,20,2002,15,4423
05.20.2002-18:00:00,05,20,2002,18,3750.4
05.20.2002-21:00:00,05,20,2002,21,3355.2
05.21.2002-00:00:00,05,21,2002,00,3167.3
05.21.2002-03:00:00,05,21,2002,03,3065.7
05.21.2002-06:00:00,05,21,2002,06,3492
05.21.2002-09:00:00,05,21,2002,09,4173.4
05.21.2002-12:00:00,05,21,2002,12,4518.3
05.21.2002-15:00:00,05,21,2002,15,4403.4
05.21.2002-18:00:00,05,21,2002,18,4055.3
05.21.2002-21:00:00,05,21,2002,21,3846.8
05.22.2002-00:00:00,05,22,2002,00,3458.8
05.22.2002-03:00:00,05,22,2002,03,3340.5
05.22.2002-06:00:00,05,22,2002,06,3511.6
05.22.2002-09:00:00,05,22,2002,09,3878.8
05.22.2002-12:00:00,05,22,2002,12,4051.3
05.22.2002-15:00:00,05,22,2002,15,3973.9
05.22.2002-18:00:00,05,22,2002,18,3733.7
05.22.2002-21:00:00,05,22,2002,21,3538.6
05.23.2002-00:00:00,05,23,2002,00,3053
05.23.2002-03:00:00,05,23,2002,03,2946.4
05.23.2002-06:00:00,05,23,2002,06,3252.5
05.23.2002-09:00:00,05,23,2002,09,5304.8
05.23.2002-12:00:00,05,23,2002,12,6245.9
05.23.2002-15:00:00,05,23,2002,15,5463.4
05.23.2002-18:00:00,05,23,2002,18,4549.7
05.23.2002-21:00:00,05,23,2002,21,3932.3
05.24.2002-00:00:00,05,24,2002,00,3503.1
05.24.2002-03:00:00,05,24,2002,03,3279.7
05.24.2002-06:00:00,05,24,2002,06,3170.3
05.24.2002-09:00:00,05,24,2002,09,3738.7
05.24.2002-12:00:00,05,24,2002,12,5581.5
05.24.2002-15:00:00,05,24,2002,15,4946.7
05.24.2002-18:00:00,05,24,2002,18,4342.2
05.24.2002-21:00:00,05,24,2002,21,3885.3
05.25.2002-00:00:00,05,25,2002,00,3513.8
05.25.2002-03:00:00,05,25,2002,03,3331.7
05.25.2002-06:00:00,05,25,2002,06,3593.5
05.25.2002-09:00:00,05,25,2002,09,5653.5
05.25.2002-12:00:00,05,25,2002,12,7035.8
05.25.2002-15:00:00,05,25,2002,15,6564.9
05.25.2002-18:00:00,05,25,2002,18,5621.2
05.25.2002-21:00:00,05,25,2002,21,4899.1
05.26.2002-00:00:00,05,26,2002,00,4274
05.26.2002-03:00:00,05,26,2002,03,4046.6
05.26.2002-06:00:00,05,26,2002,06,4139.6
05.26.2002-09:00:00,05,26,2002,09,6056.1
05.26.2002-12:00:00,05,26,2002,12,7640.5
05.26.2002-15:00:00,05,26,2002,15,7095.8
05.26.2002-18:00:00,05,26,2002,18,6154.7
05.26.2002-21:00:00,05,26,2002,21,5571.2
05.27.2002-00:00:00,05,27,2002,00,4937.3
05.27.2002-03:00:00,05,27,2002,03,4467.8
05.27.2002-06:00:00,05,27,2002,06,4686.2
05.27.2002-09:00:00,05,27,2002,09,6855.7
05.27.2002-12:00:00,05,27,2002,12,8594.3
05.27.2002-15:00:00,05,27,2002,15,8268.9
05.27.2002-18:00:00,05,27,2002,18,7485.9
05.27.2002-21:00:00,05,27,2002,21,6645.4
05.28.2002-00:00:00,05,28,2002,00,5961.5
05.28.2002-03:00:00,05,28,2002,03,5634
05.28.2002-06:00:00,05,28,2002,06,6760.8
05.28.2002-09:00:00,05,28,2002,09,8879.4
05.28.2002-12:00:00,05,28,2002,12,10589
05.28.2002-15:00:00,05,28,2002,15,10356
05.28.2002-18:00:00,05,28,2002,18,9859.9
05.28.2002-21:00:00,05,28,2002,21,9130.1
05.29.2002-00:00:00,05,29,2002,00,7974.4
05.29.2002-03:00:00,05,29,2002,03,7201.9
05.29.2002-06:00:00,05,29,2002,06,7483.8
05.29.2002-09:00:00,05,29,2002,09,9452.4
05.29.2002-12:00:00,05,29,2002,12,11023
05.29.2002-15:00:00,05,29,2002,15,11080
05.29.2002-18:00:00,05,29,2002,18,10250
05.29.2002-21:00:00,05,29,2002,21,9576.6
05.30.2002-00:00:00,05,30,2002,00,8278.5
05.30.2002-03:00:00,05,30,2002,03,7772.2
05.30.2002-06:00:00,05,30,2002,06,7547.7
05.30.2002-09:00:00,05,30,2002,09,9864.8
05.30.2002-12:00:00,05,30,2002,12,11507
05.30.2002-15:00:00,05,30,2002,15,11506
05.30.2002-18:00:00,05,30,2002,18,10736
05.30.2002-21:00:00,05,30,2002,21,10083
05.31.2002-00:00:00,05,31,2002,00,9109.7
05.31.2002-03:00:00,05,31,2002,03,8356.4
05.31.2002-06:00:00,05,31,2002,06,8270.2
05.31.2002-09:00:00,05,31,2002,09,10063
05.31.2002-12:00:00,05,31,2002,12,11536
05.31.2002-15:00:00,05,31,2002,15,11996
05.31.2002-18:00:00,05,31,2002,18,11256
05.31.2002-21:00:00,05,31,2002,21,10431
06.01.2002-00:00:00,06,01,2002,00,9431.4
06.01.2002-03:00:00,06,01,2002,03,8510.3
06.01.2002-06:00:00,06,01,2002,06,8517.3
06.01.2002-09:00:00,06,01,2002,09,10631
06.01.2002-12:00:00,06,01,2002,12,13029
06.01.2002-15:00:00,06,01,2002,15,13336
06.01.2002-18:00:00,06,01,2002,18,12851
06.01.2002-21:00:00,06,01,2002,21,11868
06.02.2002-00:00:00,06,02,2002,00,10697
06.02.2002-03:00:00,06,02,2002,03,10014
06.02.2002-06:00:00,06,02,2002,06,10101
06.02.2002-09:00:00,06,02,2002,09,12614
06.02.2002-12:00:00,06,02,2002,12,14829
06.02.2002-15:00:00,06,02,2002,15,15842
06.02.2002-18:00:00,06,02,2002,18,15116
06.02.2002-21:00:00,06,02,2002,21,14095
06.03.2002-00:00:00,06,03,2002,00,12468
06.03.2002-03:00:00,06,03,2002,03,11523
06.03.2002-06:00:00,06,03,2002,06,11115
06.03.2002-09:00:00,06,03,2002,09,13203
06.03.2002-12:00:00,06,03,2002,12,15335
06.03.2002-15:00:00,06,03,2002,15,16167
06.03.2002-18:00:00,06,03,2002,18,15560
06.03.2002-21:00:00,06,03,2002,21,14625
06.04.2002-00:00:00,06,04,2002,00,13055
06.04.2002-03:00:00,06,04,2002,03,12402
06.04.2002-06:00:00,06,04,2002,06,12672
06.04.2002-09:00:00,06,04,2002,09,14809
06.04.2002-12:00:00,06,04,2002,12,16990
06.04.2002-15:00:00,06,04,2002,15,18579
06.04.2002-18:00:00,06,04,2002,18,18319
06.04.2002-21:00:00,06,04,2002,21,17709
06.05.2002-00:00:00,06,05,2002,00,16056
06.05.2002-03:00:00,06,05,2002,03,15408
06.05.2002-06:00:00,06,05,2002,06,14864
06.05.2002-09:00:00,06,05,2002,09,17278
06.05.2002-12:00:00,06,05,2002,12,18990
06.05.2002-15:00:00,06,05,2002,15,19918
06.05.2002-18:00:00,06,05,2002,18,19349
06.05.2002-21:00:00,06,05,2002,21,17968
06.06.2002-00:00:00,06,06,2002,00,16425
06.06.2002-03:00:00,06,06,2002,03,15083
06.06.2002-06:00:00,06,06,2002,06,14225
06.06.2002-09:00:00,06,06,2002,09,15150
06.06.2002-12:00:00,06,06,2002,12,15461
06.06.2002-15:00:00,06,06,2002,15,15863
06.06.2002-18:00:00,06,06,2002,18,14829
06.06.2002-21:00:00,06,06,2002,21,14124
06.07.2002-00:00:00,06,07,2002,00,12262
06.07.2002-03:00:00,06,07,2002,03,11222
06.07.2002-06:00:00,06,07,2002,06,9823.9
06.07.2002-09:00:00,06,07,2002,09,9956.4
06.07.2002-12:00:00,06,07,2002,12,10967
06.07.2002-15:00:00,06,07,2002,15,10981
06.07.2002-18:00:00,06,07,2002,18,10376
06.07.2002-21:00:00,06,07,2002,21,9413.6
06.08.2002-00:00:00,06,08,2002,00,8714.4
06.08.2002-03:00:00,06,08,2002,03,8071.4
06.08.2002-06:00:00,06,08,2002,06,7549
06.08.2002-09:00:00,06,08,2002,09,7299.3
06.08.2002-12:00:00,06,08,2002,12,7107.7
06.08.2002-15:00:00,06,08,2002,15,7237.6
06.08.2002-18:00:00,06,08,2002,18,7169.9
06.08.2002-21:00:00,06,08,2002,21,6966.4
06.09.2002-00:00:00,06,09,2002,00,6530.7
06.09.2002-03:00:00,06,09,2002,03,6267.1
06.09.2002-06:00:00,06,09,2002,06,6339.7
06.09.2002-09:00:00,06,09,2002,09,8632.7
06.09.2002-12:00:00,06,09,2002,12,11144
06.09.2002-15:00:00,06,09,2002,15,11464
06.09.2002-18:00:00,06,09,2002,18,10955
06.09.2002-21:00:00,06,09,2002,21,10482
06.10.2002-00:00:00,06,10,2002,00,9675.3
06.10.2002-03:00:00,06,10,2002,03,8840.8
06.10.2002-06:00:00,06,10,2002,06,9370.9
06.10.2002-09:00:00,06,10,2002,09,12313
06.10.2002-12:00:00,06,10,2002,12,14131
06.10.2002-15:00:00,06,10,2002,15,14887
06.10.2002-18:00:00,06,10,2002,18,14172
06.10.2002-21:00:00,06,10,2002,21,13792
06.11.2002-00:00:00,06,11,2002,00,13192
06.11.2002-03:00:00,06,11,2002,03,12146
06.11.2002-06:00:00,06,11,2002,06,12225
06.11.2002-09:00:00,06,11,2002,09,14386
06.11.2002-12:00:00,06,11,2002,12,15726
06.11.2002-15:00:00,06,11,2002,15,15073
06.11.2002-18:00:00,06,11,2002,18,13968
06.11.2002-21:00:00,06,11,2002,21,12813
06.12.2002-00:00:00,06,12,2002,00,11909
06.12.2002-03:00:00,06,12,2002,03,11500
06.12.2002-06:00:00,06,12,2002,06,11493
06.12.2002-09:00:00,06,12,2002,09,13615
06.12.2002-12:00:00,06,12,2002,12,14794
06.12.2002-15:00:00,06,12,2002,15,13863
06.12.2002-18:00:00,06,12,2002,18,12735
06.12.2002-21:00:00,06,12,2002,21,12076
06.13.2002-00:00:00,06,13,2002,00,12133
06.13.2002-03:00:00,06,13,2002,03,12286
06.13.2002-06:00:00,06,13,2002,06,12375
06.13.2002-09:00:00,06,13,2002,09,14619
06.13.2002-12:00:00,06,13,2002,12,15040
06.13.2002-15:00:00,06,13,2002,15,14118
06.13.2002-18:00:00,06,13,2002,18,12720
06.13.2002-21:00:00,06,13,2002,21,11770
06.14.2002-00:00:00,06,14,2002,00,11262
06.14.2002-03:00:00,06,14,2002,03,11248
06.14.2002-06:00:00,06,14,2002,06,11668
06.14.2002-09:00:00,06,14,2002,09,13029
06.14.2002-12:00:00,06,14,2002,12,13234
06.14.2002-15:00:00,06,14,2002,15,12129
06.14.2002-18:00:00,06,14,2002,18,11641
06.14.2002-21:00:00,06,14,2002,21,11283
06.15.2002-00:00:00,06,15,2002,00,11208
06.15.2002-03:00:00,06,15,2002,03,10943
06.15.2002-06:00:00,06,15,2002,06,11477
06.15.2002-09:00:00,06,15,2002,09,12180
06.15.2002-12:00:00,06,15,2002,12,12127
06.15.2002-15:00:00,06,15,2002,15,11353
06.15.2002-18:00:00,06,15,2002,18,11342
06.15.2002-21:00:00,06,15,2002,21,10915
06.16.2002-00:00:00,06,16,2002,00,11034
06.16.2002-03:00:00,06,16,2002,03,10519
06.16.2002-06:00:00,06,16,2002,06,10566
06.16.2002-09:00:00,06,16,2002,09,10947
06.16.2002-12:00:00,06,16,2002,12,10647
06.16.2002-15:00:00,06,16,2002,15,9958.3
06.16.2002-18:00:00,06,16,2002,18,9696.2
06.16.2002-21:00:00,06,16,2002,21,9498.6
06.17.2002-00:00:00,06,17,2002,00,9439.9
06.17.2002-03:00:00,06,17,2002,03,9519.1
06.17.2002-06:00:00,06,17,2002,06,9517.4
06.17.2002-09:00:00,06,17,2002,09,9532.5
06.17.2002-12:00:00,06,17,2002,12,9608.8
06.17.2002-15:00:00,06,17,2002,15,9209.7
06.17.2002-18:00:00,06,17,2002,18,8863.4
06.17.2002-21:00:00,06,17,2002,21,8492.2
06.18.2002-00:00:00,06,18,2002,00,8248.5
06.18.2002-03:00:00,06,18,2002,03,8151.9
06.18.2002-06:00:00,06,18,2002,06,8095.3
06.18.2002-09:00:00,06,18,2002,09,8073.6
06.18.2002-12:00:00,06,18,2002,12,7888.9
06.18.2002-15:00:00,06,18,2002,15,7709.7
06.18.2002-18:00:00,06,18,2002,18,7360.3
06.18.2002-21:00:00,06,18,2002,21,7154.7
06.19.2002-00:00:00,06,19,2002,00,6935
06.19.2002-03:00:00,06,19,2002,03,6837.2
06.19.2002-06:00:00,06,19,2002,06,6658.9
06.19.2002-09:00:00,06,19,2002,09,6565.4
06.19.2002-12:00:00,06,19,2002,12,6543
06.19.2002-15:00:00,06,19,2002,15,6199.6
06.19.2002-18:00:00,06,19,2002,18,6017.4
06.19.2002-21:00:00,06,19,2002,21,5955.8
06.20.2002-00:00:00,06,20,2002,00,5926.1
06.20.2002-03:00:00,06,20,2002,03,6010.5
06.20.2002-06:00:00,06,20,2002,06,6008.1
06.20.2002-09:00:00,06,20,2002,09,5912.1
06.20.2002-12:00:00,06,20,2002,12,5854.9
06.20.2002-15:00:00,06,20,2002,15,5786.1
06.20.2002-18:00:00,06,20,2002,18,5540.1
06.20.2002-21:00:00,06,20,2002,21,5412.1
06.21.2002-00:00:00,06,21,2002,00,5427.9
06.21.2002-03:00:00,06,21,2002,03,5532.5
06.21.2002-06:00:00,06,21,2002,06,5520.4
06.21.2002-09:00:00,06,21,2002,09,5455
06.21.2002-12:00:00,06,21,2002,12,5296.5
06.21.2002-15:00:00,06,21,2002,15,5268.5
06.21.2002-18:00:00,06,21,2002,18,5112.3
06.21.2002-21:00:00,06,21,2002,21,5013.5
06.22.2002-00:00:00,06,22,2002,00,5077.2
06.22.2002-03:00:00,06,22,2002,03,5270.3
06.22.2002-06:00:00,06,22,2002,06,5394.3
06.22.2002-09:00:00,06,22,2002,09,5401.5
06.22.2002-12:00:00,06,22,2002,12,5267.5
06.22.2002-15:00:00,06,22,2002,15,5204.8
06.22.2002-18:00:00,06,22,2002,18,5000.9
06.22.2002-21:00:00,06,22,2002,21,4918.3
06.23.2002-00:00:00,06,23,2002,00,4943.5
06.23.2002-03:00:00,06,23,2002,03,5082.8
06.23.2002-06:00:00,06,23,2002,06,5118.9
06.23.2002-09:00:00,06,23,2002,09,4982.9
06.23.2002-12:00:00,06,23,2002,12,4955.1
06.23.2002-15:00:00,06,23,2002,15,4852
06.23.2002-18:00:00,06,23,2002,18,4835.8
06.23.2002-21:00:00,06,23,2002,21,4739.1
06.24.2002-00:00:00,06,24,2002,00,4826.3
06.24.2002-03:00:00,06,24,2002,03,4905.4
06.24.2002-06:00:00,06,24,2002,06,4895.3
06.24.2002-09:00:00,06,24,2002,09,4694.1
06.24.2002-12:00:00,06,24,2002,12,4477.6
06.24.2002-15:00:00,06,24,2002,15,4447.1
06.24.2002-18:00:00,06,24,2002,18,4440.1
06.24.2002-21:00:00,06,24,2002,21,4402.2
06.25.2002-00:00:00,06,25,2002,00,4428.8
06.25.2002-03:00:00,06,25,2002,03,4561.3
06.25.2002-06:00:00,06,25,2002,06,4418.8
06.25.2002-09:00:00,06,25,2002,09,4052.2
06.25.2002-12:00:00,06,25,2002,12,3828.3
06.25.2002-15:00:00,06,25,2002,15,3887.2
06.25.2002-18:00:00,06,25,2002,18,3944.2
06.25.2002-21:00:00,06,25,2002,21,4046.7
06.26.2002-00:00:00,06,26,2002,00,4030.4
06.26.2002-03:00:00,06,26,2002,03,4194.2
06.26.2002-06:00:00,06,26,2002,06,4054.4
06.26.2002-09:00:00,06,26,2002,09,3746.2
06.26.2002-12:00:00,06,26,2002,12,3706.7
06.26.2002-15:00:00,06,26,2002,15,3654.4
06.26.2002-18:00:00,06,26,2002,18,3713.7
06.26.2002-21:00:00,06,26,2002,21,3709.7
06.27.2002-00:00:00,06,27,2002,00,3769.2
06.27.2002-03:00:00,06,27,2002,03,3750.8
06.27.2002-06:00:00,06,27,2002,06,3657.8
06.27.2002-09:00:00,06,27,2002,09,3316.6
06.27.2002-12:00:00,06,27,2002,12,3239.7
06.27.2002-15:00:00,06,27,2002,15,3370.5
06.27.2002-18:00:00,06,27,2002,18,3519.3
06.27.2002-21:00:00,06,27,2002,21,3539.4
06.28.2002-00:00:00,06,28,2002,00,3568.3
06.28.2002-03:00:00,06,28,2002,03,3696.2
06.28.2002-06:00:00,06,28,2002,06,3865.6
06.28.2002-09:00:00,06,28,2002,09,3644.2
06.28.2002-12:00:00,06,28,2002,12,3582.7
06.28.2002-15:00:00,06,28,2002,15,3597.6
06.28.2002-18:00:00,06,28,2002,18,3715.5
06.28.2002-21:00:00,06,28,2002,21,3586.3
06.29.2002-00:00:00,06,29,2002,00,3777.5
06.29.2002-03:00:00,06,29,2002,03,3849.2
06.29.2002-06:00:00,06,29,2002,06,3882.8
06.29.2002-09:00:00,06,29,2002,09,3710.2
06.29.2002-12:00:00,06,29,2002,12,3633.8
06.29.2002-15:00:00,06,29,2002,15,3666.3
06.29.2002-18:00:00,06,29,2002,18,3772.4
06.29.2002-21:00:00,06,29,2002,21,3788
06.30.2002-00:00:00,06,30,2002,00,3662.4
06.30.2002-03:00:00,06,30,2002,03,3637.5
06.30.2002-06:00:00,06,30,2002,06,3600.3
06.30.2002-09:00:00,06,30,2002,09,3317.8
06.30.2002-12:00:00,06,30,2002,12,3170.5
06.30.2002-15:00:00,06,30,2002,15,3183.2
06.30.2002-18:00:00,06,30,2002,18,3213.5
06.30.2002-21:00:00,06,30,2002,21,3150.1
07.01.2002-00:00:00,07,01,2002,00,3176.8
07.01.2002-03:00:00,07,01,2002,03,3098.8
07.01.2002-06:00:00,07,01,2002,06,3009.5
07.01.2002-09:00:00,07,01,2002,09,2690.8
07.01.2002-12:00:00,07,01,2002,12,2628.9
07.01.2002-15:00:00,07,01,2002,15,2711.5
07.01.2002-18:00:00,07,01,2002,18,2783.4
07.01.2002-21:00:00,07,01,2002,21,2831.1
07.02.2002-00:00:00,07,02,2002,00,2838.3
07.02.2002-03:00:00,07,02,2002,03,2850.2
07.02.2002-06:00:00,07,02,2002,06,2736.1
07.02.2002-09:00:00,07,02,2002,09,2415.3
07.02.2002-12:00:00,07,02,2002,12,2302.1
07.02.2002-15:00:00,07,02,2002,15,2521.9
07.02.2002-18:00:00,07,02,2002,18,2586.7
07.02.2002-21:00:00,07,02,2002,21,2621.7
07.03.2002-00:00:00,07,03,2002,00,2612.2
07.03.2002-03:00:00,07,03,2002,03,2654.5
07.03.2002-06:00:00,07,03,2002,06,2560.5
07.03.2002-09:00:00,07,03,2002,09,2297.9
07.03.2002-12:00:00,07,03,2002,12,2212.8
07.03.2002-15:00:00,07,03,2002,15,2346.9
07.03.2002-18:00:00,07,03,2002,18,2489.8
07.03.2002-21:00:00,07,03,2002,21,2497
07.04.2002-00:00:00,07,04,2002,00,2544.5
07.04.2002-03:00:00,07,04,2002,03,2568.1
07.04.2002-06:00:00,07,04,2002,06,2517
07.04.2002-09:00:00,07,04,2002,09,2282
07.04.2002-12:00:00,07,04,2002,12,2185.9
07.04.2002-15:00:00,07,04,2002,15,2342.4
07.04.2002-18:00:00,07,04,2002,18,2423.1
07.04.2002-21:00:00,07,04,2002,21,2477.2
07.05.2002-00:00:00,07,05,2002,00,2470.7
07.05.2002-03:00:00,07,05,2002,03,2512.6
07.05.2002-06:00:00,07,05,2002,06,2406.8
07.05.2002-09:00:00,07,05,2002,09,2090.3
07.05.2002-12:00:00,07,05,2002,12,1948.1
07.05.2002-15:00:00,07,05,2002,15,2185.1
07.05.2002-18:00:00,07,05,2002,18,2277.5
07.05.2002-21:00:00,07,05,2002,21,2333.7
07.06.2002-00:00:00,07,06,2002,00,2330.6
07.06.2002-03:00:00,07,06,2002,03,2355
07.06.2002-06:00:00,07,06,2002,06,2241.8
07.06.2002-09:00:00,07,06,2002,09,1914.9
07.06.2002-12:00:00,07,06,2002,12,1809.8
07.06.2002-15:00:00,07,06,2002,15,2048
07.06.2002-18:00:00,07,06,2002,18,2181.1
07.06.2002-21:00:00,07,06,2002,21,2225.4
07.07.2002-00:00:00,07,07,2002,00,2242.1
07.07.2002-03:00:00,07,07,2002,03,2258.8
07.07.2002-06:00:00,07,07,2002,06,2178.3
07.07.2002-09:00:00,07,07,2002,09,1857.8
07.07.2002-12:00:00,07,07,2002,12,1751.3
07.07.2002-15:00:00,07,07,2002,15,1978.6
07.07.2002-18:00:00,07,07,2002,18,2113.6
07.07.2002-21:00:00,07,07,2002,21,2171.7
07.08.2002-00:00:00,07,08,2002,00,2951.8
07.08.2002-03:00:00,07,08,2002,03,3328.1
07.08.2002-06:00:00,07,08,2002,06,3494.1
07.08.2002-09:00:00,07,08,2002,09,3319.6
07.08.2002-12:00:00,07,08,2002,12,3396.2
07.08.2002-15:00:00,07,08,2002,15,3822.1
07.08.2002-18:00:00,07,08,2002,18,4064.2
07.08.2002-21:00:00,07,08,2002,21,4319.2
07.09.2002-00:00:00,07,09,2002,00,3593.7
07.09.2002-03:00:00,07,09,2002,03,3428.1
07.09.2002-06:00:00,07,09,2002,06,3235.9
07.09.2002-09:00:00,07,09,2002,09,2733.7
07.09.2002-12:00:00,07,09,2002,12,2441.5
07.09.2002-15:00:00,07,09,2002,15,2515.8
07.09.2002-18:00:00,07,09,2002,18,2473.6
07.09.2002-21:00:00,07,09,2002,21,2428.3
07.10.2002-00:00:00,07,10,2002,00,2340.4
07.10.2002-03:00:00,07,10,2002,03,2309
07.10.2002-06:00:00,07,10,2002,06,2145.8
07.10.2002-09:00:00,07,10,2002,09,1796.4
07.10.2002-12:00:00,07,10,2002,12,1749.1
07.10.2002-15:00:00,07,10,2002,15,1897.5
07.10.2002-18:00:00,07,10,2002,18,2054.9
07.10.2002-21:00:00,07,10,2002,21,2099.4
07.11.2002-00:00:00,07,11,2002,00,2113
07.11.2002-03:00:00,07,11,2002,03,2122.1
07.11.2002-06:00:00,07,11,2002,06,1960
07.11.2002-09:00:00,07,11,2002,09,1697.6
07.11.2002-12:00:00,07,11,2002,12,1851.1
07.11.2002-15:00:00,07,11,2002,15,1845
07.11.2002-18:00:00,07,11,2002,18,1956.3
07.11.2002-21:00:00,07,11,2002,21,2024
07.12.2002-00:00:00,07,12,2002,00,2035.2
07.12.2002-03:00:00,07,12,2002,03,2045.3
07.12.2002-06:00:00,07,12,2002,06,1880.6
07.12.2002-09:00:00,07,12,2002,09,1601.7
07.12.2002-12:00:00,07,12,2002,12,1715.6
07.12.2002-15:00:00,07,12,2002,15,1753.7
07.12.2002-18:00:00,07,12,2002,18,1884.9
07.12.2002-21:00:00,07,12,2002,21,1952.8
07.13.2002-00:00:00,07,13,2002,00,1967.9
07.13.2002-03:00:00,07,13,2002,03,1984.6
07.13.2002-06:00:00,07,13,2002,06,1850.5
07.13.2002-09:00:00,07,13,2002,09,1606.7
07.13.2002-12:00:00,07,13,2002,12,1612.8
07.13.2002-15:00:00,07,13,2002,15,1725.9
07.13.2002-18:00:00,07,13,2002,18,1867.9
07.13.2002-21:00:00,07,13,2002,21,1923.8
07.14.2002-00:00:00,07,14,2002,00,1947.1
07.14.2002-03:00:00,07,14,2002,03,1954.8
07.14.2002-06:00:00,07,14,2002,06,1800.3
07.14.2002-09:00:00,07,14,2002,09,1498.6
07.14.2002-12:00:00,07,14,2002,12,1413
07.14.2002-15:00:00,07,14,2002,15,1644.2
07.14.2002-18:00:00,07,14,2002,18,1770.9
07.14.2002-21:00:00,07,14,2002,21,1854.4
07.15.2002-00:00:00,07,15,2002,00,1872.6
07.15.2002-03:00:00,07,15,2002,03,1890.2
07.15.2002-06:00:00,07,15,2002,06,1745.4
07.15.2002-09:00:00,07,15,2002,09,1434
07.15.2002-12:00:00,07,15,2002,12,1352.9
07.15.2002-15:00:00,07,15,2002,15,1585.3
07.15.2002-18:00:00,07,15,2002,18,1721.5
07.15.2002-21:00:00,07,15,2002,21,1801.9
07.16.2002-00:00:00,07,16,2002,00,1827.9
07.16.2002-03:00:00,07,16,2002,03,1840.8
07.16.2002-06:00:00,07,16,2002,06,1692.2
07.16.2002-09:00:00,07,16,2002,09,1391.3
07.16.2002-12:00:00,07,16,2002,12,1335.8
07.16.2002-15:00:00,07,16,2002,15,1546.7
07.16.2002-18:00:00,07,16,2002,18,1669.8
07.16.2002-21:00:00,07,16,2002,21,1756.7
07.17.2002-00:00:00,07,17,2002,00,1779.7
07.17.2002-03:00:00,07,17,2002,03,1800.5
07.17.2002-06:00:00,07,17,2002,06,1652.5
07.17.2002-09:00:00,07,17,2002,09,1384
07.17.2002-12:00:00,07,17,2002,12,1295.7
07.17.2002-15:00:00,07,17,2002,15,1524.4
07.17.2002-18:00:00,07,17,2002,18,1644.5
07.17.2002-21:00:00,07,17,2002,21,1724.1
07.18.2002-00:00:00,07,18,2002,00,1750.6
07.18.2002-03:00:00,07,18,2002,03,1761.2
07.18.2002-06:00:00,07,18,2002,06,1611.1
07.18.2002-09:00:00,07,18,2002,09,1320
07.18.2002-12:00:00,07,18,2002,12,1262.9
07.18.2002-15:00:00,07,18,2002,15,1469.9
07.18.2002-18:00:00,07,18,2002,18,1593.7
07.18.2002-21:00:00,07,18,2002,21,1675.8
07.19.2002-00:00:00,07,19,2002,00,1702.5
07.19.2002-03:00:00,07,19,2002,03,1726.5
07.19.2002-06:00:00,07,19,2002,06,1594.7
07.19.2002-09:00:00,07,19,2002,09,1329.9
07.19.2002-12:00:00,07,19,2002,12,1250.8
07.19.2002-15:00:00,07,19,2002,15,1482.5
07.19.2002-18:00:00,07,19,2002,18,1586.9
07.19.2002-21:00:00,07,19,2002,21,1665.1
07.20.2002-00:00:00,07,20,2002,00,1685.4
07.20.2002-03:00:00,07,20,2002,03,1705.8
07.20.2002-06:00:00,07,20,2002,06,1558.7
07.20.2002-09:00:00,07,20,2002,09,1260.8
07.20.2002-12:00:00,07,20,2002,12,1170.3
07.20.2002-15:00:00,07,20,2002,15,1408.6
07.20.2002-18:00:00,07,20,2002,18,1531.2
07.20.2002-21:00:00,07,20,2002,21,1611.2
07.21.2002-00:00:00,07,21,2002,00,1639.6
07.21.2002-03:00:00,07,21,2002,03,1659.2
07.21.2002-06:00:00,07,21,2002,06,1512.9
07.21.2002-09:00:00,07,21,2002,09,1194.3
07.21.2002-12:00:00,07,21,2002,12,1140.1
07.21.2002-15:00:00,07,21,2002,15,1356.3
07.21.2002-18:00:00,07,21,2002,18,1485.7
07.21.2002-21:00:00,07,21,2002,21,1562.8
07.22.2002-00:00:00,07,22,2002,00,1593.3
07.22.2002-03:00:00,07,22,2002,03,1619.1
07.22.2002-06:00:00,07,22,2002,06,1480.9
07.22.2002-09:00:00,07,22,2002,09,1154.4
07.22.2002-12:00:00,07,22,2002,12,1121.7
07.22.2002-15:00:00,07,22,2002,15,1332.7
07.22.2002-18:00:00,07,22,2002,18,1447.8
07.22.2002-21:00:00,07,22,2002,21,1533.9
07.23.2002-00:00:00,07,23,2002,00,1557.6
07.23.2002-03:00:00,07,23,2002,03,1589.3
07.23.2002-06:00:00,07,23,2002,06,1439.9
07.23.2002-09:00:00,07,23,2002,09,1150.3
07.23.2002-12:00:00,07,23,2002,12,1123.2
07.23.2002-15:00:00,07,23,2002,15,1307.2
07.23.2002-18:00:00,07,23,2002,18,1420.9
07.23.2002-21:00:00,07,23,2002,21,1502.5
07.24.2002-00:00:00,07,24,2002,00,1525
07.24.2002-03:00:00,07,24,2002,03,1549.4
07.24.2002-06:00:00,07,24,2002,06,1411.5
07.24.2002-09:00:00,07,24,2002,09,1104.4
07.24.2002-12:00:00,07,24,2002,12,1082.1
07.24.2002-15:00:00,07,24,2002,15,1278
07.24.2002-18:00:00,07,24,2002,18,1384.5
07.24.2002-21:00:00,07,24,2002,21,1475.3
07.25.2002-00:00:00,07,25,2002,00,1496.7
07.25.2002-03:00:00,07,25,2002,03,1525.7
07.25.2002-06:00:00,07,25,2002,06,1417.1
07.25.2002-09:00:00,07,25,2002,09,1229.6
07.25.2002-12:00:00,07,25,2002,12,1178.8
07.25.2002-15:00:00,07,25,2002,15,1318.1
07.25.2002-18:00:00,07,25,2002,18,1419.5
07.25.2002-21:00:00,07,25,2002,21,1491.4
07.26.2002-00:00:00,07,26,2002,00,1515.2
07.26.2002-03:00:00,07,26,2002,03,1532
07.26.2002-06:00:00,07,26,2002,06,1396
07.26.2002-09:00:00,07,26,2002,09,1151.3
07.26.2002-12:00:00,07,26,2002,12,1089.5
07.26.2002-15:00:00,07,26,2002,15,1266
07.26.2002-18:00:00,07,26,2002,18,1380.4
07.26.2002-21:00:00,07,26,2002,21,1448.7
07.27.2002-00:00:00,07,27,2002,00,1477
07.27.2002-03:00:00,07,27,2002,03,1502
07.27.2002-06:00:00,07,27,2002,06,1397.9
07.27.2002-09:00:00,07,27,2002,09,1176.7
07.27.2002-12:00:00,07,27,2002,12,1113.7
07.27.2002-15:00:00,07,27,2002,15,1292.1
07.27.2002-18:00:00,07,27,2002,18,1386.3
07.27.2002-21:00:00,07,27,2002,21,1442.7
07.28.2002-00:00:00,07,28,2002,00,1468.6
07.28.2002-03:00:00,07,28,2002,03,1490.8
07.28.2002-06:00:00,07,28,2002,06,1441.4
07.28.2002-09:00:00,07,28,2002,09,1377.3
07.28.2002-12:00:00,07,28,2002,12,1342.4
07.28.2002-15:00:00,07,28,2002,15,1417
07.28.2002-18:00:00,07,28,2002,18,1444.6
07.28.2002-21:00:00,07,28,2002,21,1497.9
07.29.2002-00:00:00,07,29,2002,00,1499.3
07.29.2002-03:00:00,07,29,2002,03,1511.2
07.29.2002-06:00:00,07,29,2002,06,1461.2
07.29.2002-09:00:00,07,29,2002,09,1409.7
07.29.2002-12:00:00,07,29,2002,12,1372.9
07.29.2002-15:00:00,07,29,2002,15,1430.4
07.29.2002-18:00:00,07,29,2002,18,1449.5
07.29.2002-21:00:00,07,29,2002,21,1497.3
07.30.2002-00:00:00,07,30,2002,00,1499.4
07.30.2002-03:00:00,07,30,2002,03,1507.2
07.30.2002-06:00:00,07,30,2002,06,1396
07.30.2002-09:00:00,07,30,2002,09,1218.6
07.30.2002-12:00:00,07,30,2002,12,1145.1
07.30.2002-15:00:00,07,30,2002,15,1294
07.30.2002-18:00:00,07,30,2002,18,1362.1
07.30.2002-21:00:00,07,30,2002,21,1413.5
07.31.2002-00:00:00,07,31,2002,00,1439.2
07.31.2002-03:00:00,07,31,2002,03,1452.9
07.31.2002-06:00:00,07,31,2002,06,1334.5
07.31.2002-09:00:00,07,31,2002,09,1074.2
07.31.2002-12:00:00,07,31,2002,12,1015.5
07.31.2002-15:00:00,07,31,2002,15,1199.7
07.31.2002-18:00:00,07,31,2002,18,1299.5
07.31.2002-21:00:00,07,31,2002,21,1358.5
08.01.2002-00:00:00,08,01,2002,00,1383.4
08.01.2002-03:00:00,08,01,2002,03,1413.2
08.01.2002-06:00:00,08,01,2002,06,1328.2
08.01.2002-09:00:00,08,01,2002,09,1042.7
08.01.2002-12:00:00,08,01,2002,12,978
08.01.2002-15:00:00,08,01,2002,15,1226
08.01.2002-18:00:00,08,01,2002,18,1295.6
08.01.2002-21:00:00,08,01,2002,21,1342.9
08.02.2002-00:00:00,08,02,2002,00,1377.1
08.02.2002-03:00:00,08,02,2002,03,1389.6
08.02.2002-06:00:00,08,02,2002,06,1299
08.02.2002-09:00:00,08,02,2002,09,1026.3
08.02.2002-12:00:00,08,02,2002,12,977.13
08.02.2002-15:00:00,08,02,2002,15,1207.3
08.02.2002-18:00:00,08,02,2002,18,1271.7
08.02.2002-21:00:00,08,02,2002,21,1323.9
08.03.2002-00:00:00,08,03,2002,00,1349.4
08.03.2002-03:00:00,08,03,2002,03,1382.8
08.03.2002-06:00:00,08,03,2002,06,1300.3
08.03.2002-09:00:00,08,03,2002,09,1043
08.03.2002-12:00:00,08,03,2002,12,980
08.03.2002-15:00:00,08,03,2002,15,1212.4
08.03.2002-18:00:00,08,03,2002,18,1268.3
08.03.2002-21:00:00,08,03,2002,21,1313.5
08.04.2002-00:00:00,08,04,2002,00,1339
08.04.2002-03:00:00,08,04,2002,03,1359.9
08.04.2002-06:00:00,08,04,2002,06,1263.4
08.04.2002-09:00:00,08,04,2002,09,1028.9
08.04.2002-12:00:00,08,04,2002,12,965.82
08.04.2002-15:00:00,08,04,2002,15,1185.3
08.04.2002-18:00:00,08,04,2002,18,1249
08.04.2002-21:00:00,08,04,2002,21,1298
08.05.2002-00:00:00,08,05,2002,00,1321.9
08.05.2002-03:00:00,08,05,2002,03,1350.4
08.05.2002-06:00:00,08,05,2002,06,1277.9
08.05.2002-09:00:00,08,05,2002,09,1033.9
08.05.2002-12:00:00,08,05,2002,12,986.69
08.05.2002-15:00:00,08,05,2002,15,1186.8
08.05.2002-18:00:00,08,05,2002,18,1244
08.05.2002-21:00:00,08,05,2002,21,1282.9
08.06.2002-00:00:00,08,06,2002,00,1314.8
08.06.2002-03:00:00,08,06,2002,03,1345.7
08.06.2002-06:00:00,08,06,2002,06,1334.1
08.06.2002-09:00:00,08,06,2002,09,1135.5
08.06.2002-12:00:00,08,06,2002,12,1067.3
08.06.2002-15:00:00,08,06,2002,15,1224.5
08.06.2002-18:00:00,08,06,2002,18,1273.5
08.06.2002-21:00:00,08,06,2002,21,1314
08.07.2002-00:00:00,08,07,2002,00,1328
08.07.2002-03:00:00,08,07,2002,03,1341.8
08.07.2002-06:00:00,08,07,2002,06,1296.5
08.07.2002-09:00:00,08,07,2002,09,1040.8
08.07.2002-12:00:00,08,07,2002,12,948.9
08.07.2002-15:00:00,08,07,2002,15,1164.2
08.07.2002-18:00:00,08,07,2002,18,1213.1
08.07.2002-21:00:00,08,07,2002,21,1251.8
08.08.2002-00:00:00,08,08,2002,00,1279.6
08.08.2002-03:00:00,08,08,2002,03,1292.9
08.08.2002-06:00:00,08,08,2002,06,1191.5
08.08.2002-09:00:00,08,08,2002,09,912.15
08.08.2002-12:00:00,08,08,2002,12,848.17
08.08.2002-15:00:00,08,08,2002,15,1092.4
08.08.2002-18:00:00,08,08,2002,18,1168.5
08.08.2002-21:00:00,08,08,2002,21,1209
08.09.2002-00:00:00,08,09,2002,00,1242.9
08.09.2002-03:00:00,08,09,2002,03,1252.6
08.09.2002-06:00:00,08,09,2002,06,1164
08.09.2002-09:00:00,08,09,2002,09,897.28
08.09.2002-12:00:00,08,09,2002,12,852.16
08.09.2002-15:00:00,08,09,2002,15,1073.2
08.09.2002-18:00:00,08,09,2002,18,1149.1
08.09.2002-21:00:00,08,09,2002,21,1194.2
08.10.2002-00:00:00,08,10,2002,00,1224.9
08.10.2002-03:00:00,08,10,2002,03,1234.7
08.10.2002-06:00:00,08,10,2002,06,1148.2
08.10.2002-09:00:00,08,10,2002,09,899.38
08.10.2002-12:00:00,08,10,2002,12,858.53
08.10.2002-15:00:00,08,10,2002,15,1056.3
08.10.2002-18:00:00,08,10,2002,18,1139.4
08.10.2002-21:00:00,08,10,2002,21,1184.4
08.11.2002-00:00:00,08,11,2002,00,1212.5
08.11.2002-03:00:00,08,11,2002,03,1221.6
08.11.2002-06:00:00,08,11,2002,06,1135.8
08.11.2002-09:00:00,08,11,2002,09,854.3
08.11.2002-12:00:00,08,11,2002,12,806.55
08.11.2002-15:00:00,08,11,2002,15,1040.9
08.11.2002-18:00:00,08,11,2002,18,1115.7
08.11.2002-21:00:00,08,11,2002,21,1158.6
08.12.2002-00:00:00,08,12,2002,00,1189.9
08.12.2002-03:00:00,08,12,2002,03,1201.6
08.12.2002-06:00:00,08,12,2002,06,1110
08.12.2002-09:00:00,08,12,2002,09,814.35
08.12.2002-12:00:00,08,12,2002,12,766.22
08.12.2002-15:00:00,08,12,2002,15,1014.9
08.12.2002-18:00:00,08,12,2002,18,1089.1
08.12.2002-21:00:00,08,12,2002,21,1137.4
08.13.2002-00:00:00,08,13,2002,00,1164.4
08.13.2002-03:00:00,08,13,2002,03,1169
08.13.2002-06:00:00,08,13,2002,06,1083.8
08.13.2002-09:00:00,08,13,2002,09,790.87
08.13.2002-12:00:00,08,13,2002,12,809.14
08.13.2002-15:00:00,08,13,2002,15,1004.7
08.13.2002-18:00:00,08,13,2002,18,1069.3
08.13.2002-21:00:00,08,13,2002,21,1118.3
08.14.2002-00:00:00,08,14,2002,00,1148.1
08.14.2002-03:00:00,08,14,2002,03,1147.9
08.14.2002-06:00:00,08,14,2002,06,1072.1
08.14.2002-09:00:00,08,14,2002,09,844.73
08.14.2002-12:00:00,08,14,2002,12,823.62
08.14.2002-15:00:00,08,14,2002,15,987.87
08.14.2002-18:00:00,08,14,2002,18,1072
08.14.2002-21:00:00,08,14,2002,21,1121.5
08.15.2002-00:00:00,08,15,2002,00,1143.1
08.15.2002-03:00:00,08,15,2002,03,1152
08.15.2002-06:00:00,08,15,2002,06,1072.9
08.15.2002-09:00:00,08,15,2002,09,776.08
08.15.2002-12:00:00,08,15,2002,12,739.61
08.15.2002-15:00:00,08,15,2002,15,976.89
08.15.2002-18:00:00,08,15,2002,18,1049.1
08.15.2002-21:00:00,08,15,2002,21,1096.5
08.16.2002-00:00:00,08,16,2002,00,1123.1
08.16.2002-03:00:00,08,16,2002,03,1121.5
08.16.2002-06:00:00,08,16,2002,06,1052.1
08.16.2002-09:00:00,08,16,2002,09,756.61
08.16.2002-12:00:00,08,16,2002,12,716.12
08.16.2002-15:00:00,08,16,2002,15,961.34
08.16.2002-18:00:00,08,16,2002,18,1039.1
08.16.2002-21:00:00,08,16,2002,21,1081.7
08.17.2002-00:00:00,08,17,2002,00,1113.3
08.17.2002-03:00:00,08,17,2002,03,1115.3
08.17.2002-06:00:00,08,17,2002,06,1063.4
08.17.2002-09:00:00,08,17,2002,09,773.79
08.17.2002-12:00:00,08,17,2002,12,732.68
08.17.2002-15:00:00,08,17,2002,15,966.84
08.17.2002-18:00:00,08,17,2002,18,1037.5
08.17.2002-21:00:00,08,17,2002,21,1074.7
08.18.2002-00:00:00,08,18,2002,00,1103.2
08.18.2002-03:00:00,08,18,2002,03,1108.8
08.18.2002-06:00:00,08,18,2002,06,1047.3
08.18.2002-09:00:00,08,18,2002,09,763.82
08.18.2002-12:00:00,08,18,2002,12,723.64
08.18.2002-15:00:00,08,18,2002,15,950.1
08.18.2002-18:00:00,08,18,2002,18,1024
08.18.2002-21:00:00,08,18,2002,21,1061.8
08.19.2002-00:00:00,08,19,2002,00,1090.3
08.19.2002-03:00:00,08,19,2002,03,1095.6
08.19.2002-06:00:00,08,19,2002,06,1041.1
08.19.2002-09:00:00,08,19,2002,09,846.2
08.19.2002-12:00:00,08,19,2002,12,824.75
08.19.2002-15:00:00,08,19,2002,15,951.64
08.19.2002-18:00:00,08,19,2002,18,1034.5
08.19.2002-21:00:00,08,19,2002,21,1068.3
08.20.2002-00:00:00,08,20,2002,00,1089.4
08.20.2002-03:00:00,08,20,2002,03,1100.9
08.20.2002-06:00:00,08,20,2002,06,1026.6
08.20.2002-09:00:00,08,20,2002,09,816.2
08.20.2002-12:00:00,08,20,2002,12,760.34
08.20.2002-15:00:00,08,20,2002,15,934.19
08.20.2002-18:00:00,08,20,2002,18,1019.3
08.20.2002-21:00:00,08,20,2002,21,1054.8
08.21.2002-00:00:00,08,21,2002,00,1080.5
08.21.2002-03:00:00,08,21,2002,03,1080.5
08.21.2002-06:00:00,08,21,2002,06,1011.4
08.21.2002-09:00:00,08,21,2002,09,777.1
08.21.2002-12:00:00,08,21,2002,12,731.6
08.21.2002-15:00:00,08,21,2002,15,919.48
08.21.2002-18:00:00,08,21,2002,18,994.58
08.21.2002-21:00:00,08,21,2002,21,1034.6
08.22.2002-00:00:00,08,22,2002,00,1064.1
08.22.2002-03:00:00,08,22,2002,03,1064.9
08.22.2002-06:00:00,08,22,2002,06,996.03
08.22.2002-09:00:00,08,22,2002,09,745.78
08.22.2002-12:00:00,08,22,2002,12,697.57
08.22.2002-15:00:00,08,22,2002,15,901.78
08.22.2002-18:00:00,08,22,2002,18,977.74
08.22.2002-21:00:00,08,22,2002,21,1017.2
08.23.2002-00:00:00,08,23,2002,00,1044.6
08.23.2002-03:00:00,08,23,2002,03,1046.9
08.23.2002-06:00:00,08,23,2002,06,973.82
08.23.2002-09:00:00,08,23,2002,09,698.64
08.23.2002-12:00:00,08,23,2002,12,645
08.23.2002-15:00:00,08,23,2002,15,874.56
08.23.2002-18:00:00,08,23,2002,18,961.66
08.23.2002-21:00:00,08,23,2002,21,999.4
08.24.2002-00:00:00,08,24,2002,00,1023.2
08.24.2002-03:00:00,08,24,2002,03,1030.6
08.24.2002-06:00:00,08,24,2002,06,958.26
08.24.2002-09:00:00,08,24,2002,09,694.75
08.24.2002-12:00:00,08,24,2002,12,656.16
08.24.2002-15:00:00,08,24,2002,15,867.84
08.24.2002-18:00:00,08,24,2002,18,945.09
08.24.2002-21:00:00,08,24,2002,21,993.16
08.25.2002-00:00:00,08,25,2002,00,1139.5
08.25.2002-03:00:00,08,25,2002,03,1272.5
08.25.2002-06:00:00,08,25,2002,06,1289.4
08.25.2002-09:00:00,08,25,2002,09,1077.9
08.25.2002-12:00:00,08,25,2002,12,1026.1
08.25.2002-15:00:00,08,25,2002,15,1166.6
08.25.2002-18:00:00,08,25,2002,18,1281.1
08.25.2002-21:00:00,08,25,2002,21,1328.8
08.26.2002-00:00:00,08,26,2002,00,1233.2
08.26.2002-03:00:00,08,26,2002,03,1223.3
08.26.2002-06:00:00,08,26,2002,06,1191.8
08.26.2002-09:00:00,08,26,2002,09,933.47
08.26.2002-12:00:00,08,26,2002,12,841.19
08.26.2002-15:00:00,08,26,2002,15,981.15
08.26.2002-18:00:00,08,26,2002,18,1051
08.26.2002-21:00:00,08,26,2002,21,1113.2
08.27.2002-00:00:00,08,27,2002,00,1060.4
08.27.2002-03:00:00,08,27,2002,03,1061.8
08.27.2002-06:00:00,08,27,2002,06,1008.8
08.27.2002-09:00:00,08,27,2002,09,741.19
08.27.2002-12:00:00,08,27,2002,12,643.38
08.27.2002-15:00:00,08,27,2002,15,853.75
08.27.2002-18:00:00,08,27,2002,18,933.06
08.27.2002-21:00:00,08,27,2002,21,979.17
08.28.2002-00:00:00,08,28,2002,00,997.29
08.28.2002-03:00:00,08,28,2002,03,1006.7
08.28.2002-06:00:00,08,28,2002,06,928.96
08.28.2002-09:00:00,08,28,2002,09,678.18
08.28.2002-12:00:00,08,28,2002,12,624.37
08.28.2002-15:00:00,08,28,2002,15,831.28
08.28.2002-18:00:00,08,28,2002,18,914.44
08.28.2002-21:00:00,08,28,2002,21,959.73
08.29.2002-00:00:00,08,29,2002,00,983.54
08.29.2002-03:00:00,08,29,2002,03,988.34
08.29.2002-06:00:00,08,29,2002,06,929.38
08.29.2002-09:00:00,08,29,2002,09,725.58
08.29.2002-12:00:00,08,29,2002,12,701.37
08.29.2002-15:00:00,08,29,2002,15,840.85
08.29.2002-18:00:00,08,29,2002,18,919.27
08.29.2002-21:00:00,08,29,2002,21,957.34
08.30.2002-00:00:00,08,30,2002,00,981.35
08.30.2002-03:00:00,08,30,2002,03,990.47
08.30.2002-06:00:00,08,30,2002,06,940.32
08.30.2002-09:00:00,08,30,2002,09,712.96
08.30.2002-12:00:00,08,30,2002,12,656.86
08.30.2002-15:00:00,08,30,2002,15,835.87
08.30.2002-18:00:00,08,30,2002,18,912.65
08.30.2002-21:00:00,08,30,2002,21,947.99
08.31.2002-00:00:00,08,31,2002,00,975.02
08.31.2002-03:00:00,08,31,2002,03,986.36
08.31.2002-06:00:00,08,31,2002,06,962.11
08.31.2002-09:00:00,08,31,2002,09,758.89
08.31.2002-12:00:00,08,31,2002,12,695.92
08.31.2002-15:00:00,08,31,2002,15,852.57
08.31.2002-18:00:00,08,31,2002,18,920.23
08.31.2002-21:00:00,08,31,2002,21,953.9
09.01.2002-00:00:00,09,01,2002,00,972.52
09.01.2002-03:00:00,09,01,2002,03,972.43
09.01.2002-06:00:00,09,01,2002,06,949.13
09.01.2002-09:00:00,09,01,2002,09,832.54
09.01.2002-12:00:00,09,01,2002,12,813.49
09.01.2002-15:00:00,09,01,2002,15,854.61
09.01.2002-18:00:00,09,01,2002,18,923.21
09.01.2002-21:00:00,09,01,2002,21,954.27
09.02.2002-00:00:00,09,02,2002,00,972.49
09.02.2002-03:00:00,09,02,2002,03,976.69
09.02.2002-06:00:00,09,02,2002,06,930.28
09.02.2002-09:00:00,09,02,2002,09,721.84
09.02.2002-12:00:00,09,02,2002,12,704.81
09.02.2002-15:00:00,09,02,2002,15,849.65
09.02.2002-18:00:00,09,02,2002,18,910.52
09.02.2002-21:00:00,09,02,2002,21,945.42
09.03.2002-00:00:00,09,03,2002,00,961.28
09.03.2002-03:00:00,09,03,2002,03,967.04
09.03.2002-06:00:00,09,03,2002,06,920.93
09.03.2002-09:00:00,09,03,2002,09,747.93
09.03.2002-12:00:00,09,03,2002,12,726.89
09.03.2002-15:00:00,09,03,2002,15,850.85
09.03.2002-18:00:00,09,03,2002,18,912.58
09.03.2002-21:00:00,09,03,2002,21,935.47
09.04.2002-00:00:00,09,04,2002,00,956.8
09.04.2002-03:00:00,09,04,2002,03,960.27
09.04.2002-06:00:00,09,04,2002,06,927.58
09.04.2002-09:00:00,09,04,2002,09,714.61
09.04.2002-12:00:00,09,04,2002,12,710.08
09.04.2002-15:00:00,09,04,2002,15,849.14
09.04.2002-18:00:00,09,04,2002,18,901.93
09.04.2002-21:00:00,09,04,2002,21,929.55
09.05.2002-00:00:00,09,05,2002,00,948.12
09.05.2002-03:00:00,09,05,2002,03,955.91
09.05.2002-06:00:00,09,05,2002,06,944.52
09.05.2002-09:00:00,09,05,2002,09,755.85
09.05.2002-12:00:00,09,05,2002,12,715.2
09.05.2002-15:00:00,09,05,2002,15,861.25
09.05.2002-18:00:00,09,05,2002,18,917.64
09.05.2002-21:00:00,09,05,2002,21,934.01
09.06.2002-00:00:00,09,06,2002,00,949.04
09.06.2002-03:00:00,09,06,2002,03,949.5
09.06.2002-06:00:00,09,06,2002,06,927.68
09.06.2002-09:00:00,09,06,2002,09,739.08
09.06.2002-12:00:00,09,06,2002,12,704.68
09.06.2002-15:00:00,09,06,2002,15,843.6
09.06.2002-18:00:00,09,06,2002,18,891.74
09.06.2002-21:00:00,09,06,2002,21,917.11
09.07.2002-00:00:00,09,07,2002,00,932.89
09.07.2002-03:00:00,09,07,2002,03,946.02
09.07.2002-06:00:00,09,07,2002,06,1036.5
09.07.2002-09:00:00,09,07,2002,09,877.05
09.07.2002-12:00:00,09,07,2002,12,790.81
09.07.2002-15:00:00,09,07,2002,15,906.43
09.07.2002-18:00:00,09,07,2002,18,961.66
09.07.2002-21:00:00,09,07,2002,21,1007.2
09.08.2002-00:00:00,09,08,2002,00,960.49
09.08.2002-03:00:00,09,08,2002,03,956.65
09.08.2002-06:00:00,09,08,2002,06,959.84
09.08.2002-09:00:00,09,08,2002,09,874.62
09.08.2002-12:00:00,09,08,2002,12,781.18
09.08.2002-15:00:00,09,08,2002,15,876.52
09.08.2002-18:00:00,09,08,2002,18,901.91
09.08.2002-21:00:00,09,08,2002,21,919.63
09.09.2002-00:00:00,09,09,2002,00,922.76
09.09.2002-03:00:00,09,09,2002,03,930.14
09.09.2002-06:00:00,09,09,2002,06,888.54
09.09.2002-09:00:00,09,09,2002,09,679.26
09.09.2002-12:00:00,09,09,2002,12,641.27
09.09.2002-15:00:00,09,09,2002,15,802.7
09.09.2002-18:00:00,09,09,2002,18,864.42
09.09.2002-21:00:00,09,09,2002,21,892.01
09.10.2002-00:00:00,09,10,2002,00,904.56
09.10.2002-03:00:00,09,10,2002,03,910.47
09.10.2002-06:00:00,09,10,2002,06,870.34
09.10.2002-09:00:00,09,10,2002,09,640.26
09.10.2002-12:00:00,09,10,2002,12,627.24
09.10.2002-15:00:00,09,10,2002,15,788.24
09.10.2002-18:00:00,09,10,2002,18,849.1
09.10.2002-21:00:00,09,10,2002,21,876.13
09.11.2002-00:00:00,09,11,2002,00,888.07
09.11.2002-03:00:00,09,11,2002,03,899.58
09.11.2002-06:00:00,09,11,2002,06,852.92
09.11.2002-09:00:00,09,11,2002,09,620.48
09.11.2002-12:00:00,09,11,2002,12,601.3
09.11.2002-15:00:00,09,11,2002,15,769.89
09.11.2002-18:00:00,09,11,2002,18,835.34
09.11.2002-21:00:00,09,11,2002,21,863.67
09.12.2002-00:00:00,09,12,2002,00,880.03
09.12.2002-03:00:00,09,12,2002,03,889.85
09.12.2002-06:00:00,09,12,2002,06,843.92
09.12.2002-09:00:00,09,12,2002,09,613.81
09.12.2002-12:00:00,09,12,2002,12,593.97
09.12.2002-15:00:00,09,12,2002,15,762.08
09.12.2002-18:00:00,09,12,2002,18,825.42
09.12.2002-21:00:00,09,12,2002,21,851.98
09.13.2002-00:00:00,09,13,2002,00,868.17
09.13.2002-03:00:00,09,13,2002,03,878.9
09.13.2002-06:00:00,09,13,2002,06,828.05
09.13.2002-09:00:00,09,13,2002,09,596.71
09.13.2002-12:00:00,09,13,2002,12,576.71
09.13.2002-15:00:00,09,13,2002,15,744.14
09.13.2002-18:00:00,09,13,2002,18,812.86
09.13.2002-21:00:00,09,13,2002,21,840.95
09.14.2002-00:00:00,09,14,2002,00,856.5
09.14.2002-03:00:00,09,14,2002,03,868.41
09.14.2002-06:00:00,09,14,2002,06,829.94
09.14.2002-09:00:00,09,14,2002,09,600.74
09.14.2002-12:00:00,09,14,2002,12,589.7
09.14.2002-15:00:00,09,14,2002,15,750.16
09.14.2002-18:00:00,09,14,2002,18,808.66
09.14.2002-21:00:00,09,14,2002,21,829.61
09.15.2002-00:00:00,09,15,2002,00,851.83
09.15.2002-03:00:00,09,15,2002,03,858.67
09.15.2002-06:00:00,09,15,2002,06,824.87
09.15.2002-09:00:00,09,15,2002,09,644.47
09.15.2002-12:00:00,09,15,2002,12,630.4
09.15.2002-15:00:00,09,15,2002,15,746.12
09.15.2002-18:00:00,09,15,2002,18,799.68
09.15.2002-21:00:00,09,15,2002,21,828.51
09.16.2002-00:00:00,09,16,2002,00,839.44
09.16.2002-03:00:00,09,16,2002,03,850.22
09.16.2002-06:00:00,09,16,2002,06,810.14
09.16.2002-09:00:00,09,16,2002,09,665.1
09.16.2002-12:00:00,09,16,2002,12,630.12
09.16.2002-15:00:00,09,16,2002,15,748.58
09.16.2002-18:00:00,09,16,2002,18,800.37
09.16.2002-21:00:00,09,16,2002,21,818.79
09.17.2002-00:00:00,09,17,2002,00,835.37
09.17.2002-03:00:00,09,17,2002,03,838.4
09.17.2002-06:00:00,09,17,2002,06,810.8
09.17.2002-09:00:00,09,17,2002,09,691.93
09.17.2002-12:00:00,09,17,2002,12,676.97
09.17.2002-15:00:00,09,17,2002,15,747.23
09.17.2002-18:00:00,09,17,2002,18,791.92
09.17.2002-21:00:00,09,17,2002,21,821.58
09.18.2002-00:00:00,09,18,2002,00,826.24
09.18.2002-03:00:00,09,18,2002,03,834.95
09.18.2002-06:00:00,09,18,2002,06,806.79
09.18.2002-09:00:00,09,18,2002,09,657.08
09.18.2002-12:00:00,09,18,2002,12,622.6
09.18.2002-15:00:00,09,18,2002,15,752.43
09.18.2002-18:00:00,09,18,2002,18,791.61
09.18.2002-21:00:00,09,18,2002,21,810
09.19.2002-00:00:00,09,19,2002,00,822.43
09.19.2002-03:00:00,09,19,2002,03,825.42
09.19.2002-06:00:00,09,19,2002,06,801.79
09.19.2002-09:00:00,09,19,2002,09,611.04
09.19.2002-12:00:00,09,19,2002,12,598.84
09.19.2002-15:00:00,09,19,2002,15,735.72
09.19.2002-18:00:00,09,19,2002,18,777.4
09.19.2002-21:00:00,09,19,2002,21,798.81
09.20.2002-00:00:00,09,20,2002,00,813.08
09.20.2002-03:00:00,09,20,2002,03,818.18
09.20.2002-06:00:00,09,20,2002,06,794.15
09.20.2002-09:00:00,09,20,2002,09,615.95
09.20.2002-12:00:00,09,20,2002,12,591.57
09.20.2002-15:00:00,09,20,2002,15,736.65
09.20.2002-18:00:00,09,20,2002,18,770.8
09.20.2002-21:00:00,09,20,2002,21,795.94
09.21.2002-00:00:00,09,21,2002,00,804.72
09.21.2002-03:00:00,09,21,2002,03,813.43
09.21.2002-06:00:00,09,21,2002,06,798.4
09.21.2002-09:00:00,09,21,2002,09,618.55
09.21.2002-12:00:00,09,21,2002,12,588.29
09.21.2002-15:00:00,09,21,2002,15,728.5
09.21.2002-18:00:00,09,21,2002,18,774.52
09.21.2002-21:00:00,09,21,2002,21,789.43
09.22.2002-00:00:00,09,22,2002,00,799.95
09.22.2002-03:00:00,09,22,2002,03,803.14
09.22.2002-06:00:00,09,22,2002,06,790.08
09.22.2002-09:00:00,09,22,2002,09,594.51
09.22.2002-12:00:00,09,22,2002,12,575.6
09.22.2002-15:00:00,09,22,2002,15,711.54
09.22.2002-18:00:00,09,22,2002,18,758.73
09.22.2002-21:00:00,09,22,2002,21,777.85
09.23.2002-00:00:00,09,23,2002,00,789.96
09.23.2002-03:00:00,09,23,2002,03,795.6
09.23.2002-06:00:00,09,23,2002,06,772.18
09.23.2002-09:00:00,09,23,2002,09,579.26
09.23.2002-12:00:00,09,23,2002,12,556.12
09.23.2002-15:00:00,09,23,2002,15,699.17
09.23.2002-18:00:00,09,23,2002,18,747.31
09.23.2002-21:00:00,09,23,2002,21,769.94
09.24.2002-00:00:00,09,24,2002,00,782.12
09.24.2002-03:00:00,09,24,2002,03,786.6
09.24.2002-06:00:00,09,24,2002,06,763.76
09.24.2002-09:00:00,09,24,2002,09,628.41
09.24.2002-12:00:00,09,24,2002,12,608.33
09.24.2002-15:00:00,09,24,2002,15,696.9
09.24.2002-18:00:00,09,24,2002,18,741.97
09.24.2002-21:00:00,09,24,2002,21,766.02
09.25.2002-00:00:00,09,25,2002,00,771.71
09.25.2002-03:00:00,09,25,2002,03,780.57
09.25.2002-06:00:00,09,25,2002,06,750.09
09.25.2002-09:00:00,09,25,2002,09,568.18
09.25.2002-12:00:00,09,25,2002,12,547.24
09.25.2002-15:00:00,09,25,2002,15,680.07
09.25.2002-18:00:00,09,25,2002,18,734.84
09.25.2002-21:00:00,09,25,2002,21,753.68
09.26.2002-00:00:00,09,26,2002,00,761.43
09.26.2002-03:00:00,09,26,2002,03,770.04
09.26.2002-06:00:00,09,26,2002,06,756.04
09.26.2002-09:00:00,09,26,2002,09,665.59
09.26.2002-12:00:00,09,26,2002,12,633.22
09.26.2002-15:00:00,09,26,2002,15,707.11
09.26.2002-18:00:00,09,26,2002,18,734.32
09.26.2002-21:00:00,09,26,2002,21,753.82
09.27.2002-00:00:00,09,27,2002,00,761.16
09.27.2002-03:00:00,09,27,2002,03,763.86
09.27.2002-06:00:00,09,27,2002,06,737.78
09.27.2002-09:00:00,09,27,2002,09,586.74
09.27.2002-12:00:00,09,27,2002,12,558.35
09.27.2002-15:00:00,09,27,2002,15,679.52
09.27.2002-18:00:00,09,27,2002,18,727.25
09.27.2002-21:00:00,09,27,2002,21,742.68
09.28.2002-00:00:00,09,28,2002,00,749.99
09.28.2002-03:00:00,09,28,2002,03,759.25
09.28.2002-06:00:00,09,28,2002,06,741.53
09.28.2002-09:00:00,09,28,2002,09,584.74
09.28.2002-12:00:00,09,28,2002,12,556.9
09.28.2002-15:00:00,09,28,2002,15,675.99
09.28.2002-18:00:00,09,28,2002,18,720.54
09.28.2002-21:00:00,09,28,2002,21,734.4
09.29.2002-00:00:00,09,29,2002,00,746.19
09.29.2002-03:00:00,09,29,2002,03,748
09.29.2002-06:00:00,09,29,2002,06,734.71
09.29.2002-09:00:00,09,29,2002,09,656.58
09.29.2002-12:00:00,09,29,2002,12,642.68
09.29.2002-15:00:00,09,29,2002,15,679.26
09.29.2002-18:00:00,09,29,2002,18,719.36
09.29.2002-21:00:00,09,29,2002,21,734.92
09.30.2002-00:00:00,09,30,2002,00,738.66
09.30.2002-03:00:00,09,30,2002,03,743.96
09.30.2002-06:00:00,09,30,2002,06,726.88
09.30.2002-09:00:00,09,30,2002,09,650.62
09.30.2002-12:00:00,09,30,2002,12,622.73
09.30.2002-15:00:00,09,30,2002,15,691.91
09.30.2002-18:00:00,09,30,2002,18,709.92
09.30.2002-21:00:00,09,30,2002,21,731.05
