TIMESTAMP,MONTH,DAY,YEAR,HOUR,C
10.01.2011-00:00:00,10,01,2011,00,9.691
10.01.2011-03:00:00,10,01,2011,03,9.6982
10.01.2011-06:00:00,10,01,2011,06,9.7071
10.01.2011-09:00:00,10,01,2011,09,9.7555
10.01.2011-12:00:00,10,01,2011,12,9.7641
10.01.2011-15:00:00,10,01,2011,15,9.7431
10.01.2011-18:00:00,10,01,2011,18,9.7558
10.01.2011-21:00:00,10,01,2011,21,9.7705
10.02.2011-00:00:00,10,02,2011,00,9.8896
10.02.2011-03:00:00,10,02,2011,03,9.9369
10.02.2011-06:00:00,10,02,2011,06,9.9513
10.02.2011-09:00:00,10,02,2011,09,9.9633
10.02.2011-12:00:00,10,02,2011,12,9.9486
10.02.2011-15:00:00,10,02,2011,15,9.8697
10.02.2011-18:00:00,10,02,2011,18,9.9452
10.02.2011-21:00:00,10,02,2011,21,10.017
10.03.2011-00:00:00,10,03,2011,00,10.192
10.03.2011-03:00:00,10,03,2011,03,10.213
10.03.2011-06:00:00,10,03,2011,06,10.227
10.03.2011-09:00:00,10,03,2011,09,10.225
10.03.2011-12:00:00,10,03,2011,12,10.213
10.03.2011-15:00:00,10,03,2011,15,10.125
10.03.2011-18:00:00,10,03,2011,18,10.245
10.03.2011-21:00:00,10,03,2011,21,10.259
10.04.2011-00:00:00,10,04,2011,00,10.185
10.04.2011-03:00:00,10,04,2011,03,10.192
10.04.2011-06:00:00,10,04,2011,06,10.201
10.04.2011-09:00:00,10,04,2011,09,10.207
10.04.2011-12:00:00,10,04,2011,12,10.203
10.04.2011-15:00:00,10,04,2011,15,10.18
10.04.2011-18:00:00,10,04,2011,18,10.235
10.04.2011-21:00:00,10,04,2011,21,10.247
10.05.2011-00:00:00,10,05,2011,00,10.229
10.05.2011-03:00:00,10,05,2011,03,10.238
10.05.2011-06:00:00,10,05,2011,06,10.248
10.05.2011-09:00:00,10,05,2011,09,10.259
10.05.2011-12:00:00,10,05,2011,12,10.252
10.05.2011-15:00:00,10,05,2011,15,10.222
10.05.2011-18:00:00,10,05,2011,18,10.283
10.05.2011-21:00:00,10,05,2011,21,10.295
10.06.2011-00:00:00,10,06,2011,00,10.884
10.06.2011-03:00:00,10,06,2011,03,10.925
10.06.2011-06:00:00,10,06,2011,06,10.937
10.06.2011-09:00:00,10,06,2011,09,10.945
10.06.2011-12:00:00,10,06,2011,12,10.947
10.06.2011-15:00:00,10,06,2011,15,10.956
10.06.2011-18:00:00,10,06,2011,18,10.971
10.06.2011-21:00:00,10,06,2011,21,10.986
10.07.2011-00:00:00,10,07,2011,00,10.219
10.07.2011-03:00:00,10,07,2011,03,10.199
10.07.2011-06:00:00,10,07,2011,06,10.221
10.07.2011-09:00:00,10,07,2011,09,10.245
10.07.2011-12:00:00,10,07,2011,12,10.27
10.07.2011-15:00:00,10,07,2011,15,10.294
10.07.2011-18:00:00,10,07,2011,18,10.32
10.07.2011-21:00:00,10,07,2011,21,10.344
10.08.2011-00:00:00,10,08,2011,00,10.368
10.08.2011-03:00:00,10,08,2011,03,10.395
10.08.2011-06:00:00,10,08,2011,06,10.42
10.08.2011-09:00:00,10,08,2011,09,10.445
10.08.2011-12:00:00,10,08,2011,12,10.468
10.08.2011-15:00:00,10,08,2011,15,10.493
10.08.2011-18:00:00,10,08,2011,18,10.518
10.08.2011-21:00:00,10,08,2011,21,10.544
10.09.2011-00:00:00,10,09,2011,00,10.571
10.09.2011-03:00:00,10,09,2011,03,10.6
10.09.2011-06:00:00,10,09,2011,06,10.631
10.09.2011-09:00:00,10,09,2011,09,10.662
10.09.2011-12:00:00,10,09,2011,12,10.698
10.09.2011-15:00:00,10,09,2011,15,10.737
10.09.2011-18:00:00,10,09,2011,18,10.783
10.09.2011-21:00:00,10,09,2011,21,10.83
10.10.2011-00:00:00,10,10,2011,00,10.882
10.10.2011-03:00:00,10,10,2011,03,10.939
10.10.2011-06:00:00,10,10,2011,06,11.001
10.10.2011-09:00:00,10,10,2011,09,11.069
10.10.2011-12:00:00,10,10,2011,12,11.167
10.10.2011-15:00:00,10,10,2011,15,11.227
10.10.2011-18:00:00,10,10,2011,18,11.314
10.10.2011-21:00:00,10,10,2011,21,11.423
10.11.2011-00:00:00,10,11,2011,00,12.604
10.11.2011-03:00:00,10,11,2011,03,12.776
10.11.2011-06:00:00,10,11,2011,06,12.889
10.11.2011-09:00:00,10,11,2011,09,13.001
10.11.2011-12:00:00,10,11,2011,12,13.117
10.11.2011-15:00:00,10,11,2011,15,13.245
10.11.2011-18:00:00,10,11,2011,18,13.385
10.11.2011-21:00:00,10,11,2011,21,13.539
10.12.2011-00:00:00,10,12,2011,00,13.388
10.12.2011-03:00:00,10,12,2011,03,13.347
10.12.2011-06:00:00,10,12,2011,06,13.518
10.12.2011-09:00:00,10,12,2011,09,13.686
10.12.2011-12:00:00,10,12,2011,12,13.86
10.12.2011-15:00:00,10,12,2011,15,14.032
10.12.2011-18:00:00,10,12,2011,18,14.299
10.12.2011-21:00:00,10,12,2011,21,14.571
10.13.2011-00:00:00,10,13,2011,00,14.284
10.13.2011-03:00:00,10,13,2011,03,14.605
10.13.2011-06:00:00,10,13,2011,06,14.975
10.13.2011-09:00:00,10,13,2011,09,15.278
10.13.2011-12:00:00,10,13,2011,12,15.515
10.13.2011-15:00:00,10,13,2011,15,15.783
10.13.2011-18:00:00,10,13,2011,18,16.056
10.13.2011-21:00:00,10,13,2011,21,16.325
10.14.2011-00:00:00,10,14,2011,00,16.602
10.14.2011-03:00:00,10,14,2011,03,16.885
10.14.2011-06:00:00,10,14,2011,06,17.175
10.14.2011-09:00:00,10,14,2011,09,17.476
10.14.2011-12:00:00,10,14,2011,12,17.791
10.14.2011-15:00:00,10,14,2011,15,18.113
10.14.2011-18:00:00,10,14,2011,18,18.463
10.14.2011-21:00:00,10,14,2011,21,18.816
10.15.2011-00:00:00,10,15,2011,00,19.199
10.15.2011-03:00:00,10,15,2011,03,19.579
10.15.2011-06:00:00,10,15,2011,06,19.982
10.15.2011-09:00:00,10,15,2011,09,20.401
10.15.2011-12:00:00,10,15,2011,12,20.838
10.15.2011-15:00:00,10,15,2011,15,21.284
10.15.2011-18:00:00,10,15,2011,18,21.785
10.15.2011-21:00:00,10,15,2011,21,22.291
10.16.2011-00:00:00,10,16,2011,00,22.774
10.16.2011-03:00:00,10,16,2011,03,23.318
10.16.2011-06:00:00,10,16,2011,06,23.887
10.16.2011-09:00:00,10,16,2011,09,24.476
10.16.2011-12:00:00,10,16,2011,12,25.089
10.16.2011-15:00:00,10,16,2011,15,25.723
10.16.2011-18:00:00,10,16,2011,18,26.41
10.16.2011-21:00:00,10,16,2011,21,27.263
10.17.2011-00:00:00,10,17,2011,00,28.231
10.17.2011-03:00:00,10,17,2011,03,29.234
10.17.2011-06:00:00,10,17,2011,06,30.272
10.17.2011-09:00:00,10,17,2011,09,31.334
10.17.2011-12:00:00,10,17,2011,12,32.413
10.17.2011-15:00:00,10,17,2011,15,33.545
10.17.2011-18:00:00,10,17,2011,18,34.746
10.17.2011-21:00:00,10,17,2011,21,35.977
10.18.2011-00:00:00,10,18,2011,00,37.129
10.18.2011-03:00:00,10,18,2011,03,38.236
10.18.2011-06:00:00,10,18,2011,06,39.314
10.18.2011-09:00:00,10,18,2011,09,40.354
10.18.2011-12:00:00,10,18,2011,12,41.408
10.18.2011-15:00:00,10,18,2011,15,42.601
10.18.2011-18:00:00,10,18,2011,18,43.836
10.18.2011-21:00:00,10,18,2011,21,45.036
10.19.2011-00:00:00,10,19,2011,00,46.185
10.19.2011-03:00:00,10,19,2011,03,47.221
10.19.2011-06:00:00,10,19,2011,06,48.074
10.19.2011-09:00:00,10,19,2011,09,48.823
10.19.2011-12:00:00,10,19,2011,12,49.49
10.19.2011-15:00:00,10,19,2011,15,50.216
10.19.2011-18:00:00,10,19,2011,18,50.956
10.19.2011-21:00:00,10,19,2011,21,51.644
10.20.2011-00:00:00,10,20,2011,00,52.09
10.20.2011-03:00:00,10,20,2011,03,52.465
10.20.2011-06:00:00,10,20,2011,06,52.791
10.20.2011-09:00:00,10,20,2011,09,53.054
10.20.2011-12:00:00,10,20,2011,12,53.189
10.20.2011-15:00:00,10,20,2011,15,53.378
10.20.2011-18:00:00,10,20,2011,18,53.607
10.20.2011-21:00:00,10,20,2011,21,53.788
10.21.2011-00:00:00,10,21,2011,00,53.914
10.21.2011-03:00:00,10,21,2011,03,53.97
10.21.2011-06:00:00,10,21,2011,06,53.987
10.21.2011-09:00:00,10,21,2011,09,53.951
10.21.2011-12:00:00,10,21,2011,12,53.862
10.21.2011-15:00:00,10,21,2011,15,53.802
10.21.2011-18:00:00,10,21,2011,18,53.77
10.21.2011-21:00:00,10,21,2011,21,53.722
10.22.2011-00:00:00,10,22,2011,00,53.978
10.22.2011-03:00:00,10,22,2011,03,53.959
10.22.2011-06:00:00,10,22,2011,06,53.844
10.22.2011-09:00:00,10,22,2011,09,53.732
10.22.2011-12:00:00,10,22,2011,12,53.643
10.22.2011-15:00:00,10,22,2011,15,53.659
10.22.2011-18:00:00,10,22,2011,18,53.784
10.22.2011-21:00:00,10,22,2011,21,53.886
10.23.2011-00:00:00,10,23,2011,00,54.125
10.23.2011-03:00:00,10,23,2011,03,54.22
10.23.2011-06:00:00,10,23,2011,06,54.17
10.23.2011-09:00:00,10,23,2011,09,54.232
10.23.2011-12:00:00,10,23,2011,12,54.426
10.23.2011-15:00:00,10,23,2011,15,54.844
10.23.2011-18:00:00,10,23,2011,18,55.488
10.23.2011-21:00:00,10,23,2011,21,56.19
10.24.2011-00:00:00,10,24,2011,00,56.317
10.24.2011-03:00:00,10,24,2011,03,57.013
10.24.2011-06:00:00,10,24,2011,06,57.675
10.24.2011-09:00:00,10,24,2011,09,58.063
10.24.2011-12:00:00,10,24,2011,12,58.19
10.24.2011-15:00:00,10,24,2011,15,58.413
10.24.2011-18:00:00,10,24,2011,18,58.752
10.24.2011-21:00:00,10,24,2011,21,58.985
10.25.2011-00:00:00,10,25,2011,00,59.193
10.25.2011-03:00:00,10,25,2011,03,59.414
10.25.2011-06:00:00,10,25,2011,06,59.641
10.25.2011-09:00:00,10,25,2011,09,59.86
10.25.2011-12:00:00,10,25,2011,12,60.075
10.25.2011-15:00:00,10,25,2011,15,60.354
10.25.2011-18:00:00,10,25,2011,18,60.576
10.25.2011-21:00:00,10,25,2011,21,60.795
10.26.2011-00:00:00,10,26,2011,00,61.014
10.26.2011-03:00:00,10,26,2011,03,61.232
10.26.2011-06:00:00,10,26,2011,06,61.451
10.26.2011-09:00:00,10,26,2011,09,61.661
10.26.2011-12:00:00,10,26,2011,12,61.872
10.26.2011-15:00:00,10,26,2011,15,62.175
10.26.2011-18:00:00,10,26,2011,18,62.46
10.26.2011-21:00:00,10,26,2011,21,62.665
10.27.2011-00:00:00,10,27,2011,00,62.864
10.27.2011-03:00:00,10,27,2011,03,63.059
10.27.2011-06:00:00,10,27,2011,06,63.246
10.27.2011-09:00:00,10,27,2011,09,63.42
10.27.2011-12:00:00,10,27,2011,12,63.6
10.27.2011-15:00:00,10,27,2011,15,63.829
10.27.2011-18:00:00,10,27,2011,18,63.975
10.27.2011-21:00:00,10,27,2011,21,64.105
10.28.2011-00:00:00,10,28,2011,00,64.224
10.28.2011-03:00:00,10,28,2011,03,64.327
10.28.2011-06:00:00,10,28,2011,06,64.416
10.28.2011-09:00:00,10,28,2011,09,64.48
10.28.2011-12:00:00,10,28,2011,12,64.545
10.28.2011-15:00:00,10,28,2011,15,64.706
10.28.2011-18:00:00,10,28,2011,18,64.831
10.28.2011-21:00:00,10,28,2011,21,64.86
10.29.2011-00:00:00,10,29,2011,00,64.843
10.29.2011-03:00:00,10,29,2011,03,64.809
10.29.2011-06:00:00,10,29,2011,06,64.763
10.29.2011-09:00:00,10,29,2011,09,64.693
10.29.2011-12:00:00,10,29,2011,12,64.692
10.29.2011-15:00:00,10,29,2011,15,64.771
10.29.2011-18:00:00,10,29,2011,18,64.897
10.29.2011-21:00:00,10,29,2011,21,65
10.30.2011-00:00:00,10,30,2011,00,65.062
10.30.2011-03:00:00,10,30,2011,03,65.055
10.30.2011-06:00:00,10,30,2011,06,64.961
10.30.2011-09:00:00,10,30,2011,09,64.799
10.30.2011-12:00:00,10,30,2011,12,64.6
10.30.2011-15:00:00,10,30,2011,15,64.427
10.30.2011-18:00:00,10,30,2011,18,64.246
10.30.2011-21:00:00,10,30,2011,21,64.052
10.31.2011-00:00:00,10,31,2011,00,63.845
10.31.2011-03:00:00,10,31,2011,03,63.625
10.31.2011-06:00:00,10,31,2011,06,63.391
10.31.2011-09:00:00,10,31,2011,09,63.14
10.31.2011-12:00:00,10,31,2011,12,62.858
10.31.2011-15:00:00,10,31,2011,15,62.58
10.31.2011-18:00:00,10,31,2011,18,62.289
10.31.2011-21:00:00,10,31,2011,21,61.987
11.01.2011-00:00:00,11,01,2011,00,61.672
11.01.2011-03:00:00,11,01,2011,03,61.346
11.01.2011-06:00:00,11,01,2011,06,61.007
11.01.2011-09:00:00,11,01,2011,09,60.654
11.01.2011-12:00:00,11,01,2011,12,60.279
11.01.2011-15:00:00,11,01,2011,15,59.902
11.01.2011-18:00:00,11,01,2011,18,59.513
11.01.2011-21:00:00,11,01,2011,21,59.112
11.02.2011-00:00:00,11,02,2011,00,58.702
11.02.2011-03:00:00,11,02,2011,03,58.281
11.02.2011-06:00:00,11,02,2011,06,57.854
11.02.2011-09:00:00,11,02,2011,09,57.417
11.02.2011-12:00:00,11,02,2011,12,56.971
11.02.2011-15:00:00,11,02,2011,15,56.52
11.02.2011-18:00:00,11,02,2011,18,56.063
11.02.2011-21:00:00,11,02,2011,21,55.6
11.03.2011-00:00:00,11,03,2011,00,55.133
11.03.2011-03:00:00,11,03,2011,03,54.666
11.03.2011-06:00:00,11,03,2011,06,54.196
11.03.2011-09:00:00,11,03,2011,09,53.724
11.03.2011-12:00:00,11,03,2011,12,53.25
11.03.2011-15:00:00,11,03,2011,15,52.776
11.03.2011-18:00:00,11,03,2011,18,52.299
11.03.2011-21:00:00,11,03,2011,21,51.907
11.04.2011-00:00:00,11,04,2011,00,51.538
11.04.2011-03:00:00,11,04,2011,03,51.184
11.04.2011-06:00:00,11,04,2011,06,50.83
11.04.2011-09:00:00,11,04,2011,09,50.466
11.04.2011-12:00:00,11,04,2011,12,50.092
11.04.2011-15:00:00,11,04,2011,15,49.72
11.04.2011-18:00:00,11,04,2011,18,49.358
11.04.2011-21:00:00,11,04,2011,21,48.993
11.05.2011-00:00:00,11,05,2011,00,48.628
11.05.2011-03:00:00,11,05,2011,03,48.257
11.05.2011-06:00:00,11,05,2011,06,47.886
11.05.2011-09:00:00,11,05,2011,09,47.524
11.05.2011-12:00:00,11,05,2011,12,47.157
11.05.2011-15:00:00,11,05,2011,15,46.792
11.05.2011-18:00:00,11,05,2011,18,46.423
11.05.2011-21:00:00,11,05,2011,21,46.061
11.06.2011-00:00:00,11,06,2011,00,45.699
11.06.2011-03:00:00,11,06,2011,03,45.342
11.06.2011-06:00:00,11,06,2011,06,44.987
11.06.2011-09:00:00,11,06,2011,09,44.629
11.06.2011-12:00:00,11,06,2011,12,44.268
11.06.2011-15:00:00,11,06,2011,15,43.916
11.06.2011-18:00:00,11,06,2011,18,43.565
11.06.2011-21:00:00,11,06,2011,21,43.218
11.07.2011-00:00:00,11,07,2011,00,42.869
11.07.2011-03:00:00,11,07,2011,03,42.524
11.07.2011-06:00:00,11,07,2011,06,42.183
11.07.2011-09:00:00,11,07,2011,09,41.84
11.07.2011-12:00:00,11,07,2011,12,41.506
11.07.2011-15:00:00,11,07,2011,15,41.174
11.07.2011-18:00:00,11,07,2011,18,40.842
11.07.2011-21:00:00,11,07,2011,21,40.509
11.08.2011-00:00:00,11,08,2011,00,40.173
11.08.2011-03:00:00,11,08,2011,03,39.843
11.08.2011-06:00:00,11,08,2011,06,39.518
11.08.2011-09:00:00,11,08,2011,09,39.19
11.08.2011-12:00:00,11,08,2011,12,38.869
11.08.2011-15:00:00,11,08,2011,15,38.542
11.08.2011-18:00:00,11,08,2011,18,38.222
11.08.2011-21:00:00,11,08,2011,21,37.9
11.09.2011-00:00:00,11,09,2011,00,37.588
11.09.2011-03:00:00,11,09,2011,03,37.281
11.09.2011-06:00:00,11,09,2011,06,36.985
11.09.2011-09:00:00,11,09,2011,09,36.686
11.09.2011-12:00:00,11,09,2011,12,36.385
11.09.2011-15:00:00,11,09,2011,15,36.095
11.09.2011-18:00:00,11,09,2011,18,35.811
11.09.2011-21:00:00,11,09,2011,21,35.525
11.10.2011-00:00:00,11,10,2011,00,35.248
11.10.2011-03:00:00,11,10,2011,03,34.972
11.10.2011-06:00:00,11,10,2011,06,34.702
11.10.2011-09:00:00,11,10,2011,09,34.436
11.10.2011-12:00:00,11,10,2011,12,34.17
11.10.2011-15:00:00,11,10,2011,15,33.91
11.10.2011-18:00:00,11,10,2011,18,33.655
11.10.2011-21:00:00,11,10,2011,21,33.402
11.11.2011-00:00:00,11,11,2011,00,33.153
11.11.2011-03:00:00,11,11,2011,03,32.907
11.11.2011-06:00:00,11,11,2011,06,32.666
11.11.2011-09:00:00,11,11,2011,09,32.427
11.11.2011-12:00:00,11,11,2011,12,32.192
11.11.2011-15:00:00,11,11,2011,15,31.952
11.11.2011-18:00:00,11,11,2011,18,31.723
11.11.2011-21:00:00,11,11,2011,21,31.496
11.12.2011-00:00:00,11,12,2011,00,31.27
11.12.2011-03:00:00,11,12,2011,03,31.048
11.12.2011-06:00:00,11,12,2011,06,30.827
11.12.2011-09:00:00,11,12,2011,09,30.611
11.12.2011-12:00:00,11,12,2011,12,30.399
11.12.2011-15:00:00,11,12,2011,15,30.185
11.12.2011-18:00:00,11,12,2011,18,29.974
11.12.2011-21:00:00,11,12,2011,21,29.767
11.13.2011-00:00:00,11,13,2011,00,29.563
11.13.2011-03:00:00,11,13,2011,03,29.362
11.13.2011-06:00:00,11,13,2011,06,29.164
11.13.2011-09:00:00,11,13,2011,09,28.967
11.13.2011-12:00:00,11,13,2011,12,28.77
11.13.2011-15:00:00,11,13,2011,15,28.577
11.13.2011-18:00:00,11,13,2011,18,28.385
11.13.2011-21:00:00,11,13,2011,21,28.197
11.14.2011-00:00:00,11,14,2011,00,28.011
11.14.2011-03:00:00,11,14,2011,03,27.828
11.14.2011-06:00:00,11,14,2011,06,27.646
11.14.2011-09:00:00,11,14,2011,09,27.504
11.14.2011-12:00:00,11,14,2011,12,27.406
11.14.2011-15:00:00,11,14,2011,15,27.356
11.14.2011-18:00:00,11,14,2011,18,27.326
11.14.2011-21:00:00,11,14,2011,21,27.335
11.15.2011-00:00:00,11,15,2011,00,27.333
11.15.2011-03:00:00,11,15,2011,03,27.311
11.15.2011-06:00:00,11,15,2011,06,27.271
11.15.2011-09:00:00,11,15,2011,09,27.192
11.15.2011-12:00:00,11,15,2011,12,27.085
11.15.2011-15:00:00,11,15,2011,15,26.987
11.15.2011-18:00:00,11,15,2011,18,26.896
11.15.2011-21:00:00,11,15,2011,21,26.797
11.16.2011-00:00:00,11,16,2011,00,26.688
11.16.2011-03:00:00,11,16,2011,03,26.573
11.16.2011-06:00:00,11,16,2011,06,26.463
11.16.2011-09:00:00,11,16,2011,09,26.348
11.16.2011-12:00:00,11,16,2011,12,26.236
11.16.2011-15:00:00,11,16,2011,15,26.123
11.16.2011-18:00:00,11,16,2011,18,26.002
11.16.2011-21:00:00,11,16,2011,21,25.884
11.17.2011-00:00:00,11,17,2011,00,25.764
11.17.2011-03:00:00,11,17,2011,03,25.653
11.17.2011-06:00:00,11,17,2011,06,25.542
11.17.2011-09:00:00,11,17,2011,09,25.424
11.17.2011-12:00:00,11,17,2011,12,25.3
11.17.2011-15:00:00,11,17,2011,15,25.181
11.17.2011-18:00:00,11,17,2011,18,25.065
11.17.2011-21:00:00,11,17,2011,21,24.946
11.18.2011-00:00:00,11,18,2011,00,24.833
11.18.2011-03:00:00,11,18,2011,03,24.713
11.18.2011-06:00:00,11,18,2011,06,24.594
11.18.2011-09:00:00,11,18,2011,09,24.474
11.18.2011-12:00:00,11,18,2011,12,24.361
11.18.2011-15:00:00,11,18,2011,15,24.249
11.18.2011-18:00:00,11,18,2011,18,24.131
11.18.2011-21:00:00,11,18,2011,21,24.011
11.19.2011-00:00:00,11,19,2011,00,23.895
11.19.2011-03:00:00,11,19,2011,03,23.78
11.19.2011-06:00:00,11,19,2011,06,23.661
11.19.2011-09:00:00,11,19,2011,09,23.549
11.19.2011-12:00:00,11,19,2011,12,23.43
11.19.2011-15:00:00,11,19,2011,15,23.311
11.19.2011-18:00:00,11,19,2011,18,23.194
11.19.2011-21:00:00,11,19,2011,21,23.076
11.20.2011-00:00:00,11,20,2011,00,22.969
11.20.2011-03:00:00,11,20,2011,03,22.855
11.20.2011-06:00:00,11,20,2011,06,22.745
11.20.2011-09:00:00,11,20,2011,09,22.631
11.20.2011-12:00:00,11,20,2011,12,22.516
11.20.2011-15:00:00,11,20,2011,15,22.405
11.20.2011-18:00:00,11,20,2011,18,22.297
11.20.2011-21:00:00,11,20,2011,21,22.184
11.21.2011-00:00:00,11,21,2011,00,22.072
11.21.2011-03:00:00,11,21,2011,03,21.956
11.21.2011-06:00:00,11,21,2011,06,21.841
11.21.2011-09:00:00,11,21,2011,09,21.727
11.21.2011-12:00:00,11,21,2011,12,21.617
11.21.2011-15:00:00,11,21,2011,15,21.504
11.21.2011-18:00:00,11,21,2011,18,21.394
11.21.2011-21:00:00,11,21,2011,21,21.283
11.22.2011-00:00:00,11,22,2011,00,21.176
11.22.2011-03:00:00,11,22,2011,03,21.07
11.22.2011-06:00:00,11,22,2011,06,20.961
11.22.2011-09:00:00,11,22,2011,09,20.855
11.22.2011-12:00:00,11,22,2011,12,20.747
11.22.2011-15:00:00,11,22,2011,15,20.643
11.22.2011-18:00:00,11,22,2011,18,20.541
11.22.2011-21:00:00,11,22,2011,21,20.439
11.23.2011-00:00:00,11,23,2011,00,20.337
11.23.2011-03:00:00,11,23,2011,03,20.235
11.23.2011-06:00:00,11,23,2011,06,20.131
11.23.2011-09:00:00,11,23,2011,09,20.034
11.23.2011-12:00:00,11,23,2011,12,19.946
11.23.2011-15:00:00,11,23,2011,15,19.866
11.23.2011-18:00:00,11,23,2011,18,19.803
11.23.2011-21:00:00,11,23,2011,21,19.764
11.24.2011-00:00:00,11,24,2011,00,19.735
11.24.2011-03:00:00,11,24,2011,03,19.703
11.24.2011-06:00:00,11,24,2011,06,19.661
11.24.2011-09:00:00,11,24,2011,09,19.613
11.24.2011-12:00:00,11,24,2011,12,19.555
11.24.2011-15:00:00,11,24,2011,15,19.479
11.24.2011-18:00:00,11,24,2011,18,19.405
11.24.2011-21:00:00,11,24,2011,21,19.332
11.25.2011-00:00:00,11,25,2011,00,19.26
11.25.2011-03:00:00,11,25,2011,03,19.189
11.25.2011-06:00:00,11,25,2011,06,19.112
11.25.2011-09:00:00,11,25,2011,09,19.038
11.25.2011-12:00:00,11,25,2011,12,18.968
11.25.2011-15:00:00,11,25,2011,15,18.894
11.25.2011-18:00:00,11,25,2011,18,18.822
11.25.2011-21:00:00,11,25,2011,21,18.749
11.26.2011-00:00:00,11,26,2011,00,18.679
11.26.2011-03:00:00,11,26,2011,03,18.606
11.26.2011-06:00:00,11,26,2011,06,18.535
11.26.2011-09:00:00,11,26,2011,09,18.467
11.26.2011-12:00:00,11,26,2011,12,18.396
11.26.2011-15:00:00,11,26,2011,15,18.329
11.26.2011-18:00:00,11,26,2011,18,18.26
11.26.2011-21:00:00,11,26,2011,21,18.195
11.27.2011-00:00:00,11,27,2011,00,18.124
11.27.2011-03:00:00,11,27,2011,03,18.054
11.27.2011-06:00:00,11,27,2011,06,17.987
11.27.2011-09:00:00,11,27,2011,09,17.917
11.27.2011-12:00:00,11,27,2011,12,17.85
11.27.2011-15:00:00,11,27,2011,15,17.783
11.27.2011-18:00:00,11,27,2011,18,17.713
11.27.2011-21:00:00,11,27,2011,21,17.645
11.28.2011-00:00:00,11,28,2011,00,17.576
11.28.2011-03:00:00,11,28,2011,03,17.508
11.28.2011-06:00:00,11,28,2011,06,17.439
11.28.2011-09:00:00,11,28,2011,09,17.371
11.28.2011-12:00:00,11,28,2011,12,17.301
11.28.2011-15:00:00,11,28,2011,15,17.231
11.28.2011-18:00:00,11,28,2011,18,17.161
11.28.2011-21:00:00,11,28,2011,21,17.09
11.29.2011-00:00:00,11,29,2011,00,17.023
11.29.2011-03:00:00,11,29,2011,03,16.953
11.29.2011-06:00:00,11,29,2011,06,16.884
11.29.2011-09:00:00,11,29,2011,09,16.815
11.29.2011-12:00:00,11,29,2011,12,16.746
11.29.2011-15:00:00,11,29,2011,15,16.68
11.29.2011-18:00:00,11,29,2011,18,16.612
11.29.2011-21:00:00,11,29,2011,21,16.544
11.30.2011-00:00:00,11,30,2011,00,16.476
11.30.2011-03:00:00,11,30,2011,03,16.408
11.30.2011-06:00:00,11,30,2011,06,16.341
11.30.2011-09:00:00,11,30,2011,09,16.273
11.30.2011-12:00:00,11,30,2011,12,16.206
11.30.2011-15:00:00,11,30,2011,15,16.138
11.30.2011-18:00:00,11,30,2011,18,16.074
11.30.2011-21:00:00,11,30,2011,21,16.008
12.01.2011-00:00:00,12,01,2011,00,15.942
12.01.2011-03:00:00,12,01,2011,03,15.877
12.01.2011-06:00:00,12,01,2011,06,15.814
12.01.2011-09:00:00,12,01,2011,09,15.75
12.01.2011-12:00:00,12,01,2011,12,15.687
12.01.2011-15:00:00,12,01,2011,15,15.621
12.01.2011-18:00:00,12,01,2011,18,15.56
12.01.2011-21:00:00,12,01,2011,21,15.497
12.02.2011-00:00:00,12,02,2011,00,15.435
12.02.2011-03:00:00,12,02,2011,03,15.371
12.02.2011-06:00:00,12,02,2011,06,15.308
12.02.2011-09:00:00,12,02,2011,09,15.248
12.02.2011-12:00:00,12,02,2011,12,15.185
12.02.2011-15:00:00,12,02,2011,15,15.122
12.02.2011-18:00:00,12,02,2011,18,15.06
12.02.2011-21:00:00,12,02,2011,21,14.998
12.03.2011-00:00:00,12,03,2011,00,14.936
12.03.2011-03:00:00,12,03,2011,03,14.876
12.03.2011-06:00:00,12,03,2011,06,14.82
12.03.2011-09:00:00,12,03,2011,09,14.759
12.03.2011-12:00:00,12,03,2011,12,14.698
12.03.2011-15:00:00,12,03,2011,15,14.638
12.03.2011-18:00:00,12,03,2011,18,14.578
12.03.2011-21:00:00,12,03,2011,21,14.519
12.04.2011-00:00:00,12,04,2011,00,14.463
12.04.2011-03:00:00,12,04,2011,03,14.404
12.04.2011-06:00:00,12,04,2011,06,14.346
12.04.2011-09:00:00,12,04,2011,09,14.288
12.04.2011-12:00:00,12,04,2011,12,14.229
12.04.2011-15:00:00,12,04,2011,15,14.172
12.04.2011-18:00:00,12,04,2011,18,14.114
12.04.2011-21:00:00,12,04,2011,21,14.06
12.05.2011-00:00:00,12,05,2011,00,14.004
12.05.2011-03:00:00,12,05,2011,03,13.947
12.05.2011-06:00:00,12,05,2011,06,13.891
12.05.2011-09:00:00,12,05,2011,09,13.836
12.05.2011-12:00:00,12,05,2011,12,13.78
12.05.2011-15:00:00,12,05,2011,15,13.725
12.05.2011-18:00:00,12,05,2011,18,13.672
12.05.2011-21:00:00,12,05,2011,21,13.617
12.06.2011-00:00:00,12,06,2011,00,13.563
12.06.2011-03:00:00,12,06,2011,03,13.51
12.06.2011-06:00:00,12,06,2011,06,13.456
12.06.2011-09:00:00,12,06,2011,09,13.405
12.06.2011-12:00:00,12,06,2011,12,13.351
12.06.2011-15:00:00,12,06,2011,15,13.298
12.06.2011-18:00:00,12,06,2011,18,13.245
12.06.2011-21:00:00,12,06,2011,21,13.193
12.07.2011-00:00:00,12,07,2011,00,13.141
12.07.2011-03:00:00,12,07,2011,03,13.09
12.07.2011-06:00:00,12,07,2011,06,13.038
12.07.2011-09:00:00,12,07,2011,09,12.986
12.07.2011-12:00:00,12,07,2011,12,12.936
12.07.2011-15:00:00,12,07,2011,15,12.886
12.07.2011-18:00:00,12,07,2011,18,12.836
12.07.2011-21:00:00,12,07,2011,21,12.787
12.08.2011-00:00:00,12,08,2011,00,12.737
12.08.2011-03:00:00,12,08,2011,03,12.687
12.08.2011-06:00:00,12,08,2011,06,12.637
12.08.2011-09:00:00,12,08,2011,09,12.588
12.08.2011-12:00:00,12,08,2011,12,12.54
12.08.2011-15:00:00,12,08,2011,15,12.491
12.08.2011-18:00:00,12,08,2011,18,12.442
12.08.2011-21:00:00,12,08,2011,21,12.394
12.09.2011-00:00:00,12,09,2011,00,12.345
12.09.2011-03:00:00,12,09,2011,03,12.297
12.09.2011-06:00:00,12,09,2011,06,12.25
12.09.2011-09:00:00,12,09,2011,09,12.202
12.09.2011-12:00:00,12,09,2011,12,12.154
12.09.2011-15:00:00,12,09,2011,15,12.106
12.09.2011-18:00:00,12,09,2011,18,12.06
12.09.2011-21:00:00,12,09,2011,21,12.014
12.10.2011-00:00:00,12,10,2011,00,11.968
12.10.2011-03:00:00,12,10,2011,03,11.92
12.10.2011-06:00:00,12,10,2011,06,11.875
12.10.2011-09:00:00,12,10,2011,09,11.829
12.10.2011-12:00:00,12,10,2011,12,11.783
12.10.2011-15:00:00,12,10,2011,15,11.738
12.10.2011-18:00:00,12,10,2011,18,11.692
12.10.2011-21:00:00,12,10,2011,21,11.647
12.11.2011-00:00:00,12,11,2011,00,11.602
12.11.2011-03:00:00,12,11,2011,03,11.558
12.11.2011-06:00:00,12,11,2011,06,11.514
12.11.2011-09:00:00,12,11,2011,09,11.47
12.11.2011-12:00:00,12,11,2011,12,11.426
12.11.2011-15:00:00,12,11,2011,15,11.382
12.11.2011-18:00:00,12,11,2011,18,11.338
12.11.2011-21:00:00,12,11,2011,21,11.295
12.12.2011-00:00:00,12,12,2011,00,11.252
12.12.2011-03:00:00,12,12,2011,03,11.209
12.12.2011-06:00:00,12,12,2011,06,11.166
12.12.2011-09:00:00,12,12,2011,09,11.123
12.12.2011-12:00:00,12,12,2011,12,11.081
12.12.2011-15:00:00,12,12,2011,15,11.038
12.12.2011-18:00:00,12,12,2011,18,10.996
12.12.2011-21:00:00,12,12,2011,21,10.954
12.13.2011-00:00:00,12,13,2011,00,10.912
12.13.2011-03:00:00,12,13,2011,03,10.87
12.13.2011-06:00:00,12,13,2011,06,10.829
12.13.2011-09:00:00,12,13,2011,09,10.787
12.13.2011-12:00:00,12,13,2011,12,10.746
12.13.2011-15:00:00,12,13,2011,15,10.705
12.13.2011-18:00:00,12,13,2011,18,10.665
12.13.2011-21:00:00,12,13,2011,21,10.624
12.14.2011-00:00:00,12,14,2011,00,10.584
12.14.2011-03:00:00,12,14,2011,03,10.543
12.14.2011-06:00:00,12,14,2011,06,10.503
12.14.2011-09:00:00,12,14,2011,09,10.463
12.14.2011-12:00:00,12,14,2011,12,10.423
12.14.2011-15:00:00,12,14,2011,15,10.383
12.14.2011-18:00:00,12,14,2011,18,10.344
12.14.2011-21:00:00,12,14,2011,21,10.305
12.15.2011-00:00:00,12,15,2011,00,10.265
12.15.2011-03:00:00,12,15,2011,03,10.225
12.15.2011-06:00:00,12,15,2011,06,10.185
12.15.2011-09:00:00,12,15,2011,09,10.146
12.15.2011-12:00:00,12,15,2011,12,10.107
12.15.2011-15:00:00,12,15,2011,15,10.068
12.15.2011-18:00:00,12,15,2011,18,10.03
12.15.2011-21:00:00,12,15,2011,21,9.9917
12.16.2011-00:00:00,12,16,2011,00,9.9546
12.16.2011-03:00:00,12,16,2011,03,9.9168
12.16.2011-06:00:00,12,16,2011,06,9.8792
12.16.2011-09:00:00,12,16,2011,09,9.8418
12.16.2011-12:00:00,12,16,2011,12,9.8047
12.16.2011-15:00:00,12,16,2011,15,9.7678
12.16.2011-18:00:00,12,16,2011,18,9.7311
12.16.2011-21:00:00,12,16,2011,21,9.6947
12.17.2011-00:00:00,12,17,2011,00,9.6584
12.17.2011-03:00:00,12,17,2011,03,9.6224
12.17.2011-06:00:00,12,17,2011,06,9.5866
12.17.2011-09:00:00,12,17,2011,09,9.551
12.17.2011-12:00:00,12,17,2011,12,9.5157
12.17.2011-15:00:00,12,17,2011,15,9.4805
12.17.2011-18:00:00,12,17,2011,18,9.4456
12.17.2011-21:00:00,12,17,2011,21,9.4108
12.18.2011-00:00:00,12,18,2011,00,9.3763
12.18.2011-03:00:00,12,18,2011,03,9.342
12.18.2011-06:00:00,12,18,2011,06,9.3078
12.18.2011-09:00:00,12,18,2011,09,9.2739
12.18.2011-12:00:00,12,18,2011,12,9.2416
12.18.2011-15:00:00,12,18,2011,15,9.2086
12.18.2011-18:00:00,12,18,2011,18,9.1753
12.18.2011-21:00:00,12,18,2011,21,9.1422
12.19.2011-00:00:00,12,19,2011,00,9.1092
12.19.2011-03:00:00,12,19,2011,03,9.0764
12.19.2011-06:00:00,12,19,2011,06,9.0438
12.19.2011-09:00:00,12,19,2011,09,9.0115
12.19.2011-12:00:00,12,19,2011,12,8.9793
12.19.2011-15:00:00,12,19,2011,15,8.9472
12.19.2011-18:00:00,12,19,2011,18,8.9154
12.19.2011-21:00:00,12,19,2011,21,8.8837
12.20.2011-00:00:00,12,20,2011,00,8.8523
12.20.2011-03:00:00,12,20,2011,03,8.821
12.20.2011-06:00:00,12,20,2011,06,8.7899
12.20.2011-09:00:00,12,20,2011,09,8.7589
12.20.2011-12:00:00,12,20,2011,12,8.7282
12.20.2011-15:00:00,12,20,2011,15,8.6976
12.20.2011-18:00:00,12,20,2011,18,8.6672
12.20.2011-21:00:00,12,20,2011,21,8.6369
12.21.2011-00:00:00,12,21,2011,00,8.6068
12.21.2011-03:00:00,12,21,2011,03,8.5769
12.21.2011-06:00:00,12,21,2011,06,8.5472
12.21.2011-09:00:00,12,21,2011,09,8.5176
12.21.2011-12:00:00,12,21,2011,12,8.4882
12.21.2011-15:00:00,12,21,2011,15,8.4589
12.21.2011-18:00:00,12,21,2011,18,8.4299
12.21.2011-21:00:00,12,21,2011,21,8.4009
12.22.2011-00:00:00,12,22,2011,00,8.3722
12.22.2011-03:00:00,12,22,2011,03,8.3436
12.22.2011-06:00:00,12,22,2011,06,8.3151
12.22.2011-09:00:00,12,22,2011,09,8.2868
12.22.2011-12:00:00,12,22,2011,12,8.2587
12.22.2011-15:00:00,12,22,2011,15,8.2307
12.22.2011-18:00:00,12,22,2011,18,8.2028
12.22.2011-21:00:00,12,22,2011,21,8.1751
12.23.2011-00:00:00,12,23,2011,00,8.1476
12.23.2011-03:00:00,12,23,2011,03,8.1202
12.23.2011-06:00:00,12,23,2011,06,8.093
12.23.2011-09:00:00,12,23,2011,09,8.0659
12.23.2011-12:00:00,12,23,2011,12,8.0389
12.23.2011-15:00:00,12,23,2011,15,8.0121
12.23.2011-18:00:00,12,23,2011,18,7.9855
12.23.2011-21:00:00,12,23,2011,21,7.9589
12.24.2011-00:00:00,12,24,2011,00,7.9326
12.24.2011-03:00:00,12,24,2011,03,7.9063
12.24.2011-06:00:00,12,24,2011,06,7.8802
12.24.2011-09:00:00,12,24,2011,09,7.8543
12.24.2011-12:00:00,12,24,2011,12,7.8284
12.24.2011-15:00:00,12,24,2011,15,7.8028
12.24.2011-18:00:00,12,24,2011,18,7.7772
12.24.2011-21:00:00,12,24,2011,21,7.7518
12.25.2011-00:00:00,12,25,2011,00,7.7265
12.25.2011-03:00:00,12,25,2011,03,7.7013
12.25.2011-06:00:00,12,25,2011,06,7.6763
12.25.2011-09:00:00,12,25,2011,09,7.6514
12.25.2011-12:00:00,12,25,2011,12,7.6266
12.25.2011-15:00:00,12,25,2011,15,7.602
12.25.2011-18:00:00,12,25,2011,18,7.5775
12.25.2011-21:00:00,12,25,2011,21,7.5531
12.26.2011-00:00:00,12,26,2011,00,7.5288
12.26.2011-03:00:00,12,26,2011,03,7.5047
12.26.2011-06:00:00,12,26,2011,06,7.4807
12.26.2011-09:00:00,12,26,2011,09,7.4568
12.26.2011-12:00:00,12,26,2011,12,7.433
12.26.2011-15:00:00,12,26,2011,15,7.4094
12.26.2011-18:00:00,12,26,2011,18,7.3858
12.26.2011-21:00:00,12,26,2011,21,7.3624
12.27.2011-00:00:00,12,27,2011,00,7.3391
12.27.2011-03:00:00,12,27,2011,03,7.316
12.27.2011-06:00:00,12,27,2011,06,7.2929
12.27.2011-09:00:00,12,27,2011,09,7.27
12.27.2011-12:00:00,12,27,2011,12,7.2471
12.27.2011-15:00:00,12,27,2011,15,7.2244
12.27.2011-18:00:00,12,27,2011,18,7.2018
12.27.2011-21:00:00,12,27,2011,21,7.1793
12.28.2011-00:00:00,12,28,2011,00,7.1569
12.28.2011-03:00:00,12,28,2011,03,7.1347
12.28.2011-06:00:00,12,28,2011,06,7.1125
12.28.2011-09:00:00,12,28,2011,09,7.0905
12.28.2011-12:00:00,12,28,2011,12,7.0685
12.28.2011-15:00:00,12,28,2011,15,7.0467
12.28.2011-18:00:00,12,28,2011,18,7.025
12.28.2011-21:00:00,12,28,2011,21,7.0034
12.29.2011-00:00:00,12,29,2011,00,6.9819
12.29.2011-03:00:00,12,29,2011,03,6.9605
12.29.2011-06:00:00,12,29,2011,06,6.9392
12.29.2011-09:00:00,12,29,2011,09,6.918
12.29.2011-12:00:00,12,29,2011,12,6.8969
12.29.2011-15:00:00,12,29,2011,15,6.931
12.29.2011-18:00:00,12,29,2011,18,7.0413
12.29.2011-21:00:00,12,29,2011,21,7.1772
12.30.2011-00:00:00,12,30,2011,00,7.3024
12.30.2011-03:00:00,12,30,2011,03,7.4075
12.30.2011-06:00:00,12,30,2011,06,7.4968
12.30.2011-09:00:00,12,30,2011,09,7.6581
12.30.2011-12:00:00,12,30,2011,12,8.1465
12.30.2011-15:00:00,12,30,2011,15,9.0179
12.30.2011-18:00:00,12,30,2011,18,9.937
12.30.2011-21:00:00,12,30,2011,21,10.668
12.31.2011-00:00:00,12,31,2011,00,11.043
12.31.2011-03:00:00,12,31,2011,03,11.267
12.31.2011-06:00:00,12,31,2011,06,11.464
12.31.2011-09:00:00,12,31,2011,09,11.662
12.31.2011-12:00:00,12,31,2011,12,11.873
12.31.2011-15:00:00,12,31,2011,15,12.093
12.31.2011-18:00:00,12,31,2011,18,12.32
12.31.2011-21:00:00,12,31,2011,21,12.548
01.01.2012-00:00:00,01,01,2012,00,12.763
01.01.2012-03:00:00,01,01,2012,03,12.956
01.01.2012-06:00:00,01,01,2012,06,13.126
01.01.2012-09:00:00,01,01,2012,09,13.293
01.01.2012-12:00:00,01,01,2012,12,13.456
01.01.2012-15:00:00,01,01,2012,15,13.615
01.01.2012-18:00:00,01,01,2012,18,13.771
01.01.2012-21:00:00,01,01,2012,21,13.923
01.02.2012-00:00:00,01,02,2012,00,14.072
01.02.2012-03:00:00,01,02,2012,03,14.217
01.02.2012-06:00:00,01,02,2012,06,14.358
01.02.2012-09:00:00,01,02,2012,09,14.496
01.02.2012-12:00:00,01,02,2012,12,14.63
01.02.2012-15:00:00,01,02,2012,15,14.76
01.02.2012-18:00:00,01,02,2012,18,14.887
01.02.2012-21:00:00,01,02,2012,21,15.009
01.03.2012-00:00:00,01,03,2012,00,15.127
01.03.2012-03:00:00,01,03,2012,03,15.242
01.03.2012-06:00:00,01,03,2012,06,15.352
01.03.2012-09:00:00,01,03,2012,09,15.459
01.03.2012-12:00:00,01,03,2012,12,15.561
01.03.2012-15:00:00,01,03,2012,15,15.659
01.03.2012-18:00:00,01,03,2012,18,15.753
01.03.2012-21:00:00,01,03,2012,21,15.843
01.04.2012-00:00:00,01,04,2012,00,15.929
01.04.2012-03:00:00,01,04,2012,03,16.01
01.04.2012-06:00:00,01,04,2012,06,16.088
01.04.2012-09:00:00,01,04,2012,09,16.161
01.04.2012-12:00:00,01,04,2012,12,16.23
01.04.2012-15:00:00,01,04,2012,15,16.295
01.04.2012-18:00:00,01,04,2012,18,16.356
01.04.2012-21:00:00,01,04,2012,21,16.413
01.05.2012-00:00:00,01,05,2012,00,16.466
01.05.2012-03:00:00,01,05,2012,03,16.515
01.05.2012-06:00:00,01,05,2012,06,16.561
01.05.2012-09:00:00,01,05,2012,09,16.602
01.05.2012-12:00:00,01,05,2012,12,16.64
01.05.2012-15:00:00,01,05,2012,15,16.674
01.05.2012-18:00:00,01,05,2012,18,16.704
01.05.2012-21:00:00,01,05,2012,21,16.731
01.06.2012-00:00:00,01,06,2012,00,16.755
01.06.2012-03:00:00,01,06,2012,03,16.775
01.06.2012-06:00:00,01,06,2012,06,16.792
01.06.2012-09:00:00,01,06,2012,09,16.805
01.06.2012-12:00:00,01,06,2012,12,16.816
01.06.2012-15:00:00,01,06,2012,15,16.823
01.06.2012-18:00:00,01,06,2012,18,16.827
01.06.2012-21:00:00,01,06,2012,21,16.829
01.07.2012-00:00:00,01,07,2012,00,16.827
01.07.2012-03:00:00,01,07,2012,03,16.823
01.07.2012-06:00:00,01,07,2012,06,16.815
01.07.2012-09:00:00,01,07,2012,09,16.806
01.07.2012-12:00:00,01,07,2012,12,16.794
01.07.2012-15:00:00,01,07,2012,15,16.779
01.07.2012-18:00:00,01,07,2012,18,16.762
01.07.2012-21:00:00,01,07,2012,21,16.741
01.08.2012-00:00:00,01,08,2012,00,16.719
01.08.2012-03:00:00,01,08,2012,03,16.695
01.08.2012-06:00:00,01,08,2012,06,16.669
01.08.2012-09:00:00,01,08,2012,09,16.64
01.08.2012-12:00:00,01,08,2012,12,16.61
01.08.2012-15:00:00,01,08,2012,15,16.579
01.08.2012-18:00:00,01,08,2012,18,16.546
01.08.2012-21:00:00,01,08,2012,21,16.511
01.09.2012-00:00:00,01,09,2012,00,16.474
01.09.2012-03:00:00,01,09,2012,03,16.438
01.09.2012-06:00:00,01,09,2012,06,16.398
01.09.2012-09:00:00,01,09,2012,09,16.356
01.09.2012-12:00:00,01,09,2012,12,16.314
01.09.2012-15:00:00,01,09,2012,15,16.27
01.09.2012-18:00:00,01,09,2012,18,16.224
01.09.2012-21:00:00,01,09,2012,21,16.174
01.10.2012-00:00:00,01,10,2012,00,16.122
01.10.2012-03:00:00,01,10,2012,03,16.07
01.10.2012-06:00:00,01,10,2012,06,16.018
01.10.2012-09:00:00,01,10,2012,09,15.965
01.10.2012-12:00:00,01,10,2012,12,15.913
01.10.2012-15:00:00,01,10,2012,15,15.86
01.10.2012-18:00:00,01,10,2012,18,15.806
01.10.2012-21:00:00,01,10,2012,21,15.753
01.11.2012-00:00:00,01,11,2012,00,15.701
01.11.2012-03:00:00,01,11,2012,03,15.648
01.11.2012-06:00:00,01,11,2012,06,15.594
01.11.2012-09:00:00,01,11,2012,09,15.541
01.11.2012-12:00:00,01,11,2012,12,15.487
01.11.2012-15:00:00,01,11,2012,15,15.435
01.11.2012-18:00:00,01,11,2012,18,15.381
01.11.2012-21:00:00,01,11,2012,21,15.328
01.12.2012-00:00:00,01,12,2012,00,15.274
01.12.2012-03:00:00,01,12,2012,03,15.22
01.12.2012-06:00:00,01,12,2012,06,15.168
01.12.2012-09:00:00,01,12,2012,09,15.114
01.12.2012-12:00:00,01,12,2012,12,15.061
01.12.2012-15:00:00,01,12,2012,15,15.008
01.12.2012-18:00:00,01,12,2012,18,14.955
01.12.2012-21:00:00,01,12,2012,21,14.903
01.13.2012-00:00:00,01,13,2012,00,14.851
01.13.2012-03:00:00,01,13,2012,03,14.798
01.13.2012-06:00:00,01,13,2012,06,14.748
01.13.2012-09:00:00,01,13,2012,09,14.696
01.13.2012-12:00:00,01,13,2012,12,14.645
01.13.2012-15:00:00,01,13,2012,15,14.594
01.13.2012-18:00:00,01,13,2012,18,14.543
01.13.2012-21:00:00,01,13,2012,21,14.491
01.14.2012-00:00:00,01,14,2012,00,14.441
01.14.2012-03:00:00,01,14,2012,03,14.391
01.14.2012-06:00:00,01,14,2012,06,14.343
01.14.2012-09:00:00,01,14,2012,09,14.294
01.14.2012-12:00:00,01,14,2012,12,14.244
01.14.2012-15:00:00,01,14,2012,15,14.194
01.14.2012-18:00:00,01,14,2012,18,14.145
01.14.2012-21:00:00,01,14,2012,21,14.098
01.15.2012-00:00:00,01,15,2012,00,14.051
01.15.2012-03:00:00,01,15,2012,03,14.003
01.15.2012-06:00:00,01,15,2012,06,13.956
01.15.2012-09:00:00,01,15,2012,09,13.91
01.15.2012-12:00:00,01,15,2012,12,13.864
01.15.2012-15:00:00,01,15,2012,15,13.817
01.15.2012-18:00:00,01,15,2012,18,13.77
01.15.2012-21:00:00,01,15,2012,21,13.724
01.16.2012-00:00:00,01,16,2012,00,13.68
01.16.2012-03:00:00,01,16,2012,03,13.635
01.16.2012-06:00:00,01,16,2012,06,13.591
01.16.2012-09:00:00,01,16,2012,09,13.547
01.16.2012-12:00:00,01,16,2012,12,13.502
01.16.2012-15:00:00,01,16,2012,15,13.457
01.16.2012-18:00:00,01,16,2012,18,13.413
01.16.2012-21:00:00,01,16,2012,21,13.369
01.17.2012-00:00:00,01,17,2012,00,13.325
01.17.2012-03:00:00,01,17,2012,03,13.282
01.17.2012-06:00:00,01,17,2012,06,13.24
01.17.2012-09:00:00,01,17,2012,09,13.197
01.17.2012-12:00:00,01,17,2012,12,13.154
01.17.2012-15:00:00,01,17,2012,15,13.111
01.17.2012-18:00:00,01,17,2012,18,13.069
01.17.2012-21:00:00,01,17,2012,21,13.028
01.18.2012-00:00:00,01,18,2012,00,12.985
01.18.2012-03:00:00,01,18,2012,03,12.943
01.18.2012-06:00:00,01,18,2012,06,12.902
01.18.2012-09:00:00,01,18,2012,09,12.861
01.18.2012-12:00:00,01,18,2012,12,12.819
01.18.2012-15:00:00,01,18,2012,15,12.778
01.18.2012-18:00:00,01,18,2012,18,12.736
01.18.2012-21:00:00,01,18,2012,21,12.696
01.19.2012-00:00:00,01,19,2012,00,12.655
01.19.2012-03:00:00,01,19,2012,03,12.615
01.19.2012-06:00:00,01,19,2012,06,12.574
01.19.2012-09:00:00,01,19,2012,09,12.533
01.19.2012-12:00:00,01,19,2012,12,12.492
01.19.2012-15:00:00,01,19,2012,15,12.451
01.19.2012-18:00:00,01,19,2012,18,12.41
01.19.2012-21:00:00,01,19,2012,21,12.369
01.20.2012-00:00:00,01,20,2012,00,12.33
01.20.2012-03:00:00,01,20,2012,03,12.29
01.20.2012-06:00:00,01,20,2012,06,12.25
01.20.2012-09:00:00,01,20,2012,09,12.21
01.20.2012-12:00:00,01,20,2012,12,12.171
01.20.2012-15:00:00,01,20,2012,15,12.131
01.20.2012-18:00:00,01,20,2012,18,12.09
01.20.2012-21:00:00,01,20,2012,21,12.05
01.21.2012-00:00:00,01,21,2012,00,12.01
01.21.2012-03:00:00,01,21,2012,03,11.97
01.21.2012-06:00:00,01,21,2012,06,11.931
01.21.2012-09:00:00,01,21,2012,09,11.892
01.21.2012-12:00:00,01,21,2012,12,11.853
01.21.2012-15:00:00,01,21,2012,15,11.814
01.21.2012-18:00:00,01,21,2012,18,11.774
01.21.2012-21:00:00,01,21,2012,21,11.735
01.22.2012-00:00:00,01,22,2012,00,11.695
01.22.2012-03:00:00,01,22,2012,03,11.655
01.22.2012-06:00:00,01,22,2012,06,11.616
01.22.2012-09:00:00,01,22,2012,09,11.576
01.22.2012-12:00:00,01,22,2012,12,11.537
01.22.2012-15:00:00,01,22,2012,15,11.499
01.22.2012-18:00:00,01,22,2012,18,11.459
01.22.2012-21:00:00,01,22,2012,21,11.42
01.23.2012-00:00:00,01,23,2012,00,11.38
01.23.2012-03:00:00,01,23,2012,03,11.34
01.23.2012-06:00:00,01,23,2012,06,11.301
01.23.2012-09:00:00,01,23,2012,09,11.263
01.23.2012-12:00:00,01,23,2012,12,11.223
01.23.2012-15:00:00,01,23,2012,15,11.184
01.23.2012-18:00:00,01,23,2012,18,11.146
01.23.2012-21:00:00,01,23,2012,21,11.106
01.24.2012-00:00:00,01,24,2012,00,11.067
01.24.2012-03:00:00,01,24,2012,03,11.027
01.24.2012-06:00:00,01,24,2012,06,10.988
01.24.2012-09:00:00,01,24,2012,09,10.948
01.24.2012-12:00:00,01,24,2012,12,10.909
01.24.2012-15:00:00,01,24,2012,15,10.87
01.24.2012-18:00:00,01,24,2012,18,10.832
01.24.2012-21:00:00,01,24,2012,21,10.793
01.25.2012-00:00:00,01,25,2012,00,10.754
01.25.2012-03:00:00,01,25,2012,03,10.716
01.25.2012-06:00:00,01,25,2012,06,10.676
01.25.2012-09:00:00,01,25,2012,09,10.638
01.25.2012-12:00:00,01,25,2012,12,10.598
01.25.2012-15:00:00,01,25,2012,15,10.56
01.25.2012-18:00:00,01,25,2012,18,10.52
01.25.2012-21:00:00,01,25,2012,21,10.481
01.26.2012-00:00:00,01,26,2012,00,10.442
01.26.2012-03:00:00,01,26,2012,03,10.405
01.26.2012-06:00:00,01,26,2012,06,10.367
01.26.2012-09:00:00,01,26,2012,09,10.328
01.26.2012-12:00:00,01,26,2012,12,10.289
01.26.2012-15:00:00,01,26,2012,15,10.252
01.26.2012-18:00:00,01,26,2012,18,10.214
01.26.2012-21:00:00,01,26,2012,21,10.175
01.27.2012-00:00:00,01,27,2012,00,10.137
01.27.2012-03:00:00,01,27,2012,03,10.099
01.27.2012-06:00:00,01,27,2012,06,10.06
01.27.2012-09:00:00,01,27,2012,09,10.022
01.27.2012-12:00:00,01,27,2012,12,9.9836
01.27.2012-15:00:00,01,27,2012,15,9.9456
01.27.2012-18:00:00,01,27,2012,18,9.9073
01.27.2012-21:00:00,01,27,2012,21,9.8707
01.28.2012-00:00:00,01,28,2012,00,9.8335
01.28.2012-03:00:00,01,28,2012,03,9.7957
01.28.2012-06:00:00,01,28,2012,06,9.7579
01.28.2012-09:00:00,01,28,2012,09,9.7198
01.28.2012-12:00:00,01,28,2012,12,9.683
01.28.2012-15:00:00,01,28,2012,15,9.6456
01.28.2012-18:00:00,01,28,2012,18,9.6083
01.28.2012-21:00:00,01,28,2012,21,9.5699
01.29.2012-00:00:00,01,29,2012,00,9.5317
01.29.2012-03:00:00,01,29,2012,03,9.4948
01.29.2012-06:00:00,01,29,2012,06,9.4569
01.29.2012-09:00:00,01,29,2012,09,9.419
01.29.2012-12:00:00,01,29,2012,12,9.3825
01.29.2012-15:00:00,01,29,2012,15,9.3459
01.29.2012-18:00:00,01,29,2012,18,9.3092
01.29.2012-21:00:00,01,29,2012,21,9.2731
01.30.2012-00:00:00,01,30,2012,00,9.236
01.30.2012-03:00:00,01,30,2012,03,9.199
01.30.2012-06:00:00,01,30,2012,06,9.1622
01.30.2012-09:00:00,01,30,2012,09,9.1266
01.30.2012-12:00:00,01,30,2012,12,9.0901
01.30.2012-15:00:00,01,30,2012,15,9.0537
01.30.2012-18:00:00,01,30,2012,18,9.0175
01.30.2012-21:00:00,01,30,2012,21,8.9825
01.31.2012-00:00:00,01,31,2012,00,8.9465
01.31.2012-03:00:00,01,31,2012,03,8.9107
01.31.2012-06:00:00,01,31,2012,06,8.8758
01.31.2012-09:00:00,01,31,2012,09,8.841
01.31.2012-12:00:00,01,31,2012,12,8.8057
01.31.2012-15:00:00,01,31,2012,15,8.7715
01.31.2012-18:00:00,01,31,2012,18,8.7364
01.31.2012-21:00:00,01,31,2012,21,8.7014
02.01.2012-00:00:00,02,01,2012,00,8.6666
02.01.2012-03:00:00,02,01,2012,03,8.6318
02.01.2012-06:00:00,02,01,2012,06,8.5979
02.01.2012-09:00:00,02,01,2012,09,8.5641
02.01.2012-12:00:00,02,01,2012,12,8.5296
02.01.2012-15:00:00,02,01,2012,15,8.4952
02.01.2012-18:00:00,02,01,2012,18,8.4609
02.01.2012-21:00:00,02,01,2012,21,8.4267
02.02.2012-00:00:00,02,02,2012,00,8.3927
02.02.2012-03:00:00,02,02,2012,03,8.3589
02.02.2012-06:00:00,02,02,2012,06,8.3251
02.02.2012-09:00:00,02,02,2012,09,8.2915
02.02.2012-12:00:00,02,02,2012,12,8.2581
02.02.2012-15:00:00,02,02,2012,15,8.2247
02.02.2012-18:00:00,02,02,2012,18,8.1916
02.02.2012-21:00:00,02,02,2012,21,8.1575
02.03.2012-00:00:00,02,03,2012,00,8.1236
02.03.2012-03:00:00,02,03,2012,03,8.09
02.03.2012-06:00:00,02,03,2012,06,8.0577
02.03.2012-09:00:00,02,03,2012,09,8.0246
02.03.2012-12:00:00,02,03,2012,12,7.9917
02.03.2012-15:00:00,02,03,2012,15,7.959
02.03.2012-18:00:00,02,03,2012,18,7.9266
02.03.2012-21:00:00,02,03,2012,21,7.8944
02.04.2012-00:00:00,02,04,2012,00,7.8624
02.04.2012-03:00:00,02,04,2012,03,7.8307
02.04.2012-06:00:00,02,04,2012,06,7.7992
02.04.2012-09:00:00,02,04,2012,09,7.7679
02.04.2012-12:00:00,02,04,2012,12,7.739
02.04.2012-15:00:00,02,04,2012,15,7.7093
02.04.2012-18:00:00,02,04,2012,18,7.6797
02.04.2012-21:00:00,02,04,2012,21,7.6493
02.05.2012-00:00:00,02,05,2012,00,7.6191
02.05.2012-03:00:00,02,05,2012,03,7.589
02.05.2012-06:00:00,02,05,2012,06,7.5592
02.05.2012-09:00:00,02,05,2012,09,7.5296
02.05.2012-12:00:00,02,05,2012,12,7.5001
02.05.2012-15:00:00,02,05,2012,15,7.4709
02.05.2012-18:00:00,02,05,2012,18,7.4419
02.05.2012-21:00:00,02,05,2012,21,7.4131
02.06.2012-00:00:00,02,06,2012,00,7.3844
02.06.2012-03:00:00,02,06,2012,03,7.356
02.06.2012-06:00:00,02,06,2012,06,7.3278
02.06.2012-09:00:00,02,06,2012,09,7.2997
02.06.2012-12:00:00,02,06,2012,12,7.2718
02.06.2012-15:00:00,02,06,2012,15,7.2441
02.06.2012-18:00:00,02,06,2012,18,7.2167
02.06.2012-21:00:00,02,06,2012,21,7.1893
02.07.2012-00:00:00,02,07,2012,00,7.1622
02.07.2012-03:00:00,02,07,2012,03,7.1353
02.07.2012-06:00:00,02,07,2012,06,7.1085
02.07.2012-09:00:00,02,07,2012,09,7.0819
02.07.2012-12:00:00,02,07,2012,12,7.0554
02.07.2012-15:00:00,02,07,2012,15,7.0292
02.07.2012-18:00:00,02,07,2012,18,7.0031
02.07.2012-21:00:00,02,07,2012,21,6.9772
02.08.2012-00:00:00,02,08,2012,00,6.9515
02.08.2012-03:00:00,02,08,2012,03,6.9259
02.08.2012-06:00:00,02,08,2012,06,6.9005
02.08.2012-09:00:00,02,08,2012,09,6.8752
02.08.2012-12:00:00,02,08,2012,12,6.8501
02.08.2012-15:00:00,02,08,2012,15,6.8252
02.08.2012-18:00:00,02,08,2012,18,6.8004
02.08.2012-21:00:00,02,08,2012,21,6.7758
02.09.2012-00:00:00,02,09,2012,00,6.7513
02.09.2012-03:00:00,02,09,2012,03,6.727
02.09.2012-06:00:00,02,09,2012,06,6.7028
02.09.2012-09:00:00,02,09,2012,09,6.6788
02.09.2012-12:00:00,02,09,2012,12,6.6566
02.09.2012-15:00:00,02,09,2012,15,6.6345
02.09.2012-18:00:00,02,09,2012,18,6.611
02.09.2012-21:00:00,02,09,2012,21,6.5876
02.10.2012-00:00:00,02,10,2012,00,6.5643
02.10.2012-03:00:00,02,10,2012,03,6.5411
02.10.2012-06:00:00,02,10,2012,06,6.5181
02.10.2012-09:00:00,02,10,2012,09,6.4952
02.10.2012-12:00:00,02,10,2012,12,6.4725
02.10.2012-15:00:00,02,10,2012,15,6.4499
02.10.2012-18:00:00,02,10,2012,18,6.4274
02.10.2012-21:00:00,02,10,2012,21,6.4051
02.11.2012-00:00:00,02,11,2012,00,6.3829
02.11.2012-03:00:00,02,11,2012,03,6.3609
02.11.2012-06:00:00,02,11,2012,06,6.3389
02.11.2012-09:00:00,02,11,2012,09,6.3171
02.11.2012-12:00:00,02,11,2012,12,6.2955
02.11.2012-15:00:00,02,11,2012,15,6.2739
02.11.2012-18:00:00,02,11,2012,18,6.2525
02.11.2012-21:00:00,02,11,2012,21,6.2313
02.12.2012-00:00:00,02,12,2012,00,6.2101
02.12.2012-03:00:00,02,12,2012,03,6.1891
02.12.2012-06:00:00,02,12,2012,06,6.1682
02.12.2012-09:00:00,02,12,2012,09,6.1474
02.12.2012-12:00:00,02,12,2012,12,6.1267
02.12.2012-15:00:00,02,12,2012,15,6.1061
02.12.2012-18:00:00,02,12,2012,18,6.0857
02.12.2012-21:00:00,02,12,2012,21,6.0654
02.13.2012-00:00:00,02,13,2012,00,6.0452
02.13.2012-03:00:00,02,13,2012,03,6.0251
02.13.2012-06:00:00,02,13,2012,06,6.0052
02.13.2012-09:00:00,02,13,2012,09,5.9853
02.13.2012-12:00:00,02,13,2012,12,5.9656
02.13.2012-15:00:00,02,13,2012,15,5.946
02.13.2012-18:00:00,02,13,2012,18,5.9264
02.13.2012-21:00:00,02,13,2012,21,5.907
02.14.2012-00:00:00,02,14,2012,00,5.8878
02.14.2012-03:00:00,02,14,2012,03,5.8686
02.14.2012-06:00:00,02,14,2012,06,5.8495
02.14.2012-09:00:00,02,14,2012,09,5.8305
02.14.2012-12:00:00,02,14,2012,12,5.8116
02.14.2012-15:00:00,02,14,2012,15,5.7929
02.14.2012-18:00:00,02,14,2012,18,5.7742
02.14.2012-21:00:00,02,14,2012,21,5.7557
02.15.2012-00:00:00,02,15,2012,00,5.7372
02.15.2012-03:00:00,02,15,2012,03,5.7189
02.15.2012-06:00:00,02,15,2012,06,5.7006
02.15.2012-09:00:00,02,15,2012,09,5.6825
02.15.2012-12:00:00,02,15,2012,12,5.6644
02.15.2012-15:00:00,02,15,2012,15,5.6465
02.15.2012-18:00:00,02,15,2012,18,5.6286
02.15.2012-21:00:00,02,15,2012,21,5.6109
02.16.2012-00:00:00,02,16,2012,00,5.5932
02.16.2012-03:00:00,02,16,2012,03,5.5756
02.16.2012-06:00:00,02,16,2012,06,5.5582
02.16.2012-09:00:00,02,16,2012,09,5.5408
02.16.2012-12:00:00,02,16,2012,12,5.5235
02.16.2012-15:00:00,02,16,2012,15,5.5063
02.16.2012-18:00:00,02,16,2012,18,5.4892
02.16.2012-21:00:00,02,16,2012,21,5.4722
02.17.2012-00:00:00,02,17,2012,00,5.4553
02.17.2012-03:00:00,02,17,2012,03,5.4384
02.17.2012-06:00:00,02,17,2012,06,5.4217
02.17.2012-09:00:00,02,17,2012,09,5.405
02.17.2012-12:00:00,02,17,2012,12,5.3885
02.17.2012-15:00:00,02,17,2012,15,5.372
02.17.2012-18:00:00,02,17,2012,18,5.3556
02.17.2012-21:00:00,02,17,2012,21,5.3393
02.18.2012-00:00:00,02,18,2012,00,5.3231
02.18.2012-03:00:00,02,18,2012,03,5.3069
02.18.2012-06:00:00,02,18,2012,06,5.2909
02.18.2012-09:00:00,02,18,2012,09,5.2749
02.18.2012-12:00:00,02,18,2012,12,5.259
02.18.2012-15:00:00,02,18,2012,15,5.2432
02.18.2012-18:00:00,02,18,2012,18,5.2275
02.18.2012-21:00:00,02,18,2012,21,5.2118
02.19.2012-00:00:00,02,19,2012,00,5.1962
02.19.2012-03:00:00,02,19,2012,03,5.1807
02.19.2012-06:00:00,02,19,2012,06,5.1653
02.19.2012-09:00:00,02,19,2012,09,5.15
02.19.2012-12:00:00,02,19,2012,12,5.1347
02.19.2012-15:00:00,02,19,2012,15,5.1196
02.19.2012-18:00:00,02,19,2012,18,5.1045
02.19.2012-21:00:00,02,19,2012,21,5.0894
02.20.2012-00:00:00,02,20,2012,00,5.0745
02.20.2012-03:00:00,02,20,2012,03,5.0596
02.20.2012-06:00:00,02,20,2012,06,5.0448
02.20.2012-09:00:00,02,20,2012,09,5.0301
02.20.2012-12:00:00,02,20,2012,12,5.0154
02.20.2012-15:00:00,02,20,2012,15,5.0008
02.20.2012-18:00:00,02,20,2012,18,4.9863
02.20.2012-21:00:00,02,20,2012,21,4.9718
02.21.2012-00:00:00,02,21,2012,00,4.9575
02.21.2012-03:00:00,02,21,2012,03,4.9432
02.21.2012-06:00:00,02,21,2012,06,4.9289
02.21.2012-09:00:00,02,21,2012,09,4.9148
02.21.2012-12:00:00,02,21,2012,12,4.9007
02.21.2012-15:00:00,02,21,2012,15,4.8867
02.21.2012-18:00:00,02,21,2012,18,4.8727
02.21.2012-21:00:00,02,21,2012,21,4.8588
02.22.2012-00:00:00,02,22,2012,00,4.845
02.22.2012-03:00:00,02,22,2012,03,4.8312
02.22.2012-06:00:00,02,22,2012,06,4.8175
02.22.2012-09:00:00,02,22,2012,09,4.8039
02.22.2012-12:00:00,02,22,2012,12,4.7904
02.22.2012-15:00:00,02,22,2012,15,4.7769
02.22.2012-18:00:00,02,22,2012,18,4.7634
02.22.2012-21:00:00,02,22,2012,21,4.7501
02.23.2012-00:00:00,02,23,2012,00,4.7402
02.23.2012-03:00:00,02,23,2012,03,4.7617
02.23.2012-06:00:00,02,23,2012,06,4.7788
02.23.2012-09:00:00,02,23,2012,09,4.7912
02.23.2012-12:00:00,02,23,2012,12,4.8117
02.23.2012-15:00:00,02,23,2012,15,4.8601
02.23.2012-18:00:00,02,23,2012,18,4.9333
02.23.2012-21:00:00,02,23,2012,21,5.0054
02.24.2012-00:00:00,02,24,2012,00,5.0676
02.24.2012-03:00:00,02,24,2012,03,5.1178
02.24.2012-06:00:00,02,24,2012,06,5.1584
02.24.2012-09:00:00,02,24,2012,09,5.1714
02.24.2012-12:00:00,02,24,2012,12,5.1723
02.24.2012-15:00:00,02,24,2012,15,5.176
02.24.2012-18:00:00,02,24,2012,18,5.1798
02.24.2012-21:00:00,02,24,2012,21,5.1828
02.25.2012-00:00:00,02,25,2012,00,5.1848
02.25.2012-03:00:00,02,25,2012,03,5.1865
02.25.2012-06:00:00,02,25,2012,06,5.1876
02.25.2012-09:00:00,02,25,2012,09,5.1881
02.25.2012-12:00:00,02,25,2012,12,5.1881
02.25.2012-15:00:00,02,25,2012,15,5.1875
02.25.2012-18:00:00,02,25,2012,18,5.1865
02.25.2012-21:00:00,02,25,2012,21,5.185
02.26.2012-00:00:00,02,26,2012,00,5.183
02.26.2012-03:00:00,02,26,2012,03,5.1802
02.26.2012-06:00:00,02,26,2012,06,5.1769
02.26.2012-09:00:00,02,26,2012,09,5.1732
02.26.2012-12:00:00,02,26,2012,12,5.169
02.26.2012-15:00:00,02,26,2012,15,5.1645
02.26.2012-18:00:00,02,26,2012,18,5.1589
02.26.2012-21:00:00,02,26,2012,21,5.1531
02.27.2012-00:00:00,02,27,2012,00,5.146
02.27.2012-03:00:00,02,27,2012,03,5.1387
02.27.2012-06:00:00,02,27,2012,06,5.1304
02.27.2012-09:00:00,02,27,2012,09,5.1227
02.27.2012-12:00:00,02,27,2012,12,5.1143
02.27.2012-15:00:00,02,27,2012,15,5.1053
02.27.2012-18:00:00,02,27,2012,18,5.0966
02.27.2012-21:00:00,02,27,2012,21,5.0873
02.28.2012-00:00:00,02,28,2012,00,5.0778
02.28.2012-03:00:00,02,28,2012,03,5.0681
02.28.2012-06:00:00,02,28,2012,06,5.0584
02.28.2012-09:00:00,02,28,2012,09,5.0484
02.28.2012-12:00:00,02,28,2012,12,5.038
02.28.2012-15:00:00,02,28,2012,15,5.0277
02.28.2012-18:00:00,02,28,2012,18,5.017
02.28.2012-21:00:00,02,28,2012,21,5.0057
02.29.2012-00:00:00,02,29,2012,00,4.9954
02.29.2012-03:00:00,02,29,2012,03,4.9849
02.29.2012-06:00:00,02,29,2012,06,4.9731
02.29.2012-09:00:00,02,29,2012,09,4.9611
02.29.2012-12:00:00,02,29,2012,12,4.9486
02.29.2012-15:00:00,02,29,2012,15,4.937
02.29.2012-18:00:00,02,29,2012,18,4.9244
02.29.2012-21:00:00,02,29,2012,21,4.9118
03.01.2012-00:00:00,03,01,2012,00,4.8992
03.01.2012-03:00:00,03,01,2012,03,4.8875
03.01.2012-06:00:00,03,01,2012,06,4.8757
03.01.2012-09:00:00,03,01,2012,09,4.8631
03.01.2012-12:00:00,03,01,2012,12,4.8506
03.01.2012-15:00:00,03,01,2012,15,4.8377
03.01.2012-18:00:00,03,01,2012,18,4.8248
03.01.2012-21:00:00,03,01,2012,21,4.8123
03.02.2012-00:00:00,03,02,2012,00,4.7994
03.02.2012-03:00:00,03,02,2012,03,4.7865
03.02.2012-06:00:00,03,02,2012,06,4.7745
03.02.2012-09:00:00,03,02,2012,09,4.7616
03.02.2012-12:00:00,03,02,2012,12,4.7501
03.02.2012-15:00:00,03,02,2012,15,4.7385
03.02.2012-18:00:00,03,02,2012,18,4.7257
03.02.2012-21:00:00,03,02,2012,21,4.7132
03.03.2012-00:00:00,03,03,2012,00,4.7003
03.03.2012-03:00:00,03,03,2012,03,4.6874
03.03.2012-06:00:00,03,03,2012,06,4.6745
03.03.2012-09:00:00,03,03,2012,09,4.6617
03.03.2012-12:00:00,03,03,2012,12,4.6488
03.03.2012-15:00:00,03,03,2012,15,4.636
03.03.2012-18:00:00,03,03,2012,18,4.6232
03.03.2012-21:00:00,03,03,2012,21,4.6108
03.04.2012-00:00:00,03,04,2012,00,4.5981
03.04.2012-03:00:00,03,04,2012,03,4.5862
03.04.2012-06:00:00,03,04,2012,06,4.5735
03.04.2012-09:00:00,03,04,2012,09,4.5608
03.04.2012-12:00:00,03,04,2012,12,4.5482
03.04.2012-15:00:00,03,04,2012,15,4.5356
03.04.2012-18:00:00,03,04,2012,18,4.523
03.04.2012-21:00:00,03,04,2012,21,4.5104
03.05.2012-00:00:00,03,05,2012,00,4.4979
03.05.2012-03:00:00,03,05,2012,03,4.4854
03.05.2012-06:00:00,03,05,2012,06,4.473
03.05.2012-09:00:00,03,05,2012,09,4.4606
03.05.2012-12:00:00,03,05,2012,12,4.4482
03.05.2012-15:00:00,03,05,2012,15,4.4359
03.05.2012-18:00:00,03,05,2012,18,4.4236
03.05.2012-21:00:00,03,05,2012,21,4.4113
03.06.2012-00:00:00,03,06,2012,00,4.3991
03.06.2012-03:00:00,03,06,2012,03,4.3869
03.06.2012-06:00:00,03,06,2012,06,4.3748
03.06.2012-09:00:00,03,06,2012,09,4.3627
03.06.2012-12:00:00,03,06,2012,12,4.3507
03.06.2012-15:00:00,03,06,2012,15,4.3387
03.06.2012-18:00:00,03,06,2012,18,4.3268
03.06.2012-21:00:00,03,06,2012,21,4.3149
03.07.2012-00:00:00,03,07,2012,00,4.3031
03.07.2012-03:00:00,03,07,2012,03,4.2913
03.07.2012-06:00:00,03,07,2012,06,4.2796
03.07.2012-09:00:00,03,07,2012,09,4.2679
03.07.2012-12:00:00,03,07,2012,12,4.2562
03.07.2012-15:00:00,03,07,2012,15,4.2446
03.07.2012-18:00:00,03,07,2012,18,4.2331
03.07.2012-21:00:00,03,07,2012,21,4.2216
03.08.2012-00:00:00,03,08,2012,00,4.2101
03.08.2012-03:00:00,03,08,2012,03,4.1986
03.08.2012-06:00:00,03,08,2012,06,4.1873
03.08.2012-09:00:00,03,08,2012,09,4.1759
03.08.2012-12:00:00,03,08,2012,12,4.1646
03.08.2012-15:00:00,03,08,2012,15,4.1534
03.08.2012-18:00:00,03,08,2012,18,4.1421
03.08.2012-21:00:00,03,08,2012,21,4.131
03.09.2012-00:00:00,03,09,2012,00,4.1198
03.09.2012-03:00:00,03,09,2012,03,4.1088
03.09.2012-06:00:00,03,09,2012,06,4.0977
03.09.2012-09:00:00,03,09,2012,09,4.0867
03.09.2012-12:00:00,03,09,2012,12,4.0758
03.09.2012-15:00:00,03,09,2012,15,4.0649
03.09.2012-18:00:00,03,09,2012,18,4.054
03.09.2012-21:00:00,03,09,2012,21,4.0432
03.10.2012-00:00:00,03,10,2012,00,4.0324
03.10.2012-03:00:00,03,10,2012,03,4.0217
03.10.2012-06:00:00,03,10,2012,06,4.011
03.10.2012-09:00:00,03,10,2012,09,4.0003
03.10.2012-12:00:00,03,10,2012,12,3.9897
03.10.2012-15:00:00,03,10,2012,15,3.9791
03.10.2012-18:00:00,03,10,2012,18,3.9684
03.10.2012-21:00:00,03,10,2012,21,3.9579
03.11.2012-00:00:00,03,11,2012,00,3.9473
03.11.2012-03:00:00,03,11,2012,03,3.9369
03.11.2012-06:00:00,03,11,2012,06,3.9264
03.11.2012-09:00:00,03,11,2012,09,3.916
03.11.2012-12:00:00,03,11,2012,12,3.9057
03.11.2012-15:00:00,03,11,2012,15,3.8954
03.11.2012-18:00:00,03,11,2012,18,3.8852
03.11.2012-21:00:00,03,11,2012,21,3.875
03.12.2012-00:00:00,03,12,2012,00,3.8649
03.12.2012-03:00:00,03,12,2012,03,3.8548
03.12.2012-06:00:00,03,12,2012,06,3.8447
03.12.2012-09:00:00,03,12,2012,09,3.8347
03.12.2012-12:00:00,03,12,2012,12,3.8247
03.12.2012-15:00:00,03,12,2012,15,3.8148
03.12.2012-18:00:00,03,12,2012,18,3.8049
03.12.2012-21:00:00,03,12,2012,21,3.7951
03.13.2012-00:00:00,03,13,2012,00,3.7853
03.13.2012-03:00:00,03,13,2012,03,3.7756
03.13.2012-06:00:00,03,13,2012,06,3.7659
03.13.2012-09:00:00,03,13,2012,09,3.7562
03.13.2012-12:00:00,03,13,2012,12,3.7466
03.13.2012-15:00:00,03,13,2012,15,3.737
03.13.2012-18:00:00,03,13,2012,18,3.7275
03.13.2012-21:00:00,03,13,2012,21,3.718
03.14.2012-00:00:00,03,14,2012,00,3.7086
03.14.2012-03:00:00,03,14,2012,03,3.6992
03.14.2012-06:00:00,03,14,2012,06,3.6898
03.14.2012-09:00:00,03,14,2012,09,3.6805
03.14.2012-12:00:00,03,14,2012,12,3.6712
03.14.2012-15:00:00,03,14,2012,15,3.662
03.14.2012-18:00:00,03,14,2012,18,3.6528
03.14.2012-21:00:00,03,14,2012,21,3.6436
03.15.2012-00:00:00,03,15,2012,00,3.6345
03.15.2012-03:00:00,03,15,2012,03,3.6254
03.15.2012-06:00:00,03,15,2012,06,3.6164
03.15.2012-09:00:00,03,15,2012,09,3.6074
03.15.2012-12:00:00,03,15,2012,12,3.5984
03.15.2012-15:00:00,03,15,2012,15,3.5895
03.15.2012-18:00:00,03,15,2012,18,3.5806
03.15.2012-21:00:00,03,15,2012,21,3.5717
03.16.2012-00:00:00,03,16,2012,00,3.5629
03.16.2012-03:00:00,03,16,2012,03,3.5541
03.16.2012-06:00:00,03,16,2012,06,3.5454
03.16.2012-09:00:00,03,16,2012,09,3.5367
03.16.2012-12:00:00,03,16,2012,12,3.528
03.16.2012-15:00:00,03,16,2012,15,3.5194
03.16.2012-18:00:00,03,16,2012,18,3.5108
03.16.2012-21:00:00,03,16,2012,21,3.5022
03.17.2012-00:00:00,03,17,2012,00,3.4937
03.17.2012-03:00:00,03,17,2012,03,3.4852
03.17.2012-06:00:00,03,17,2012,06,3.4768
03.17.2012-09:00:00,03,17,2012,09,3.4684
03.17.2012-12:00:00,03,17,2012,12,3.46
03.17.2012-15:00:00,03,17,2012,15,3.4516
03.17.2012-18:00:00,03,17,2012,18,3.4433
03.17.2012-21:00:00,03,17,2012,21,3.4351
03.18.2012-00:00:00,03,18,2012,00,3.4268
03.18.2012-03:00:00,03,18,2012,03,3.4187
03.18.2012-06:00:00,03,18,2012,06,3.4107
03.18.2012-09:00:00,03,18,2012,09,3.4026
03.18.2012-12:00:00,03,18,2012,12,3.3947
03.18.2012-15:00:00,03,18,2012,15,3.3867
03.18.2012-18:00:00,03,18,2012,18,3.3789
03.18.2012-21:00:00,03,18,2012,21,3.3711
03.19.2012-00:00:00,03,19,2012,00,3.3633
03.19.2012-03:00:00,03,19,2012,03,3.3556
03.19.2012-06:00:00,03,19,2012,06,3.3479
03.19.2012-09:00:00,03,19,2012,09,3.3403
03.19.2012-12:00:00,03,19,2012,12,3.3327
03.19.2012-15:00:00,03,19,2012,15,3.3252
03.19.2012-18:00:00,03,19,2012,18,3.3177
03.19.2012-21:00:00,03,19,2012,21,3.3103
03.20.2012-00:00:00,03,20,2012,00,3.3029
03.20.2012-03:00:00,03,20,2012,03,3.2956
03.20.2012-06:00:00,03,20,2012,06,3.2882
03.20.2012-09:00:00,03,20,2012,09,3.281
03.20.2012-12:00:00,03,20,2012,12,3.2737
03.20.2012-15:00:00,03,20,2012,15,3.2665
03.20.2012-18:00:00,03,20,2012,18,3.2593
03.20.2012-21:00:00,03,20,2012,21,3.2521
03.21.2012-00:00:00,03,21,2012,00,3.245
03.21.2012-03:00:00,03,21,2012,03,3.2379
03.21.2012-06:00:00,03,21,2012,06,3.2308
03.21.2012-09:00:00,03,21,2012,09,3.2238
03.21.2012-12:00:00,03,21,2012,12,3.2167
03.21.2012-15:00:00,03,21,2012,15,3.2097
03.21.2012-18:00:00,03,21,2012,18,3.2027
03.21.2012-21:00:00,03,21,2012,21,3.1957
03.22.2012-00:00:00,03,22,2012,00,3.1888
03.22.2012-03:00:00,03,22,2012,03,3.1818
03.22.2012-06:00:00,03,22,2012,06,3.1749
03.22.2012-09:00:00,03,22,2012,09,3.168
03.22.2012-12:00:00,03,22,2012,12,3.1611
03.22.2012-15:00:00,03,22,2012,15,3.1542
03.22.2012-18:00:00,03,22,2012,18,3.1473
03.22.2012-21:00:00,03,22,2012,21,3.1404
03.23.2012-00:00:00,03,23,2012,00,3.1336
03.23.2012-03:00:00,03,23,2012,03,3.1267
03.23.2012-06:00:00,03,23,2012,06,3.1199
03.23.2012-09:00:00,03,23,2012,09,3.1131
03.23.2012-12:00:00,03,23,2012,12,3.1063
03.23.2012-15:00:00,03,23,2012,15,3.0995
03.23.2012-18:00:00,03,23,2012,18,3.0928
03.23.2012-21:00:00,03,23,2012,21,3.086
03.24.2012-00:00:00,03,24,2012,00,3.0793
03.24.2012-03:00:00,03,24,2012,03,3.0726
03.24.2012-06:00:00,03,24,2012,06,3.0659
03.24.2012-09:00:00,03,24,2012,09,3.0592
03.24.2012-12:00:00,03,24,2012,12,3.0526
03.24.2012-15:00:00,03,24,2012,15,3.046
03.24.2012-18:00:00,03,24,2012,18,3.0393
03.24.2012-21:00:00,03,24,2012,21,3.0327
03.25.2012-00:00:00,03,25,2012,00,3.0262
03.25.2012-03:00:00,03,25,2012,03,3.0196
03.25.2012-06:00:00,03,25,2012,06,3.0131
03.25.2012-09:00:00,03,25,2012,09,3.0066
03.25.2012-12:00:00,03,25,2012,12,3
03.25.2012-15:00:00,03,25,2012,15,2.9934
03.25.2012-18:00:00,03,25,2012,18,2.9869
03.25.2012-21:00:00,03,25,2012,21,2.9803
03.26.2012-00:00:00,03,26,2012,00,2.9738
03.26.2012-03:00:00,03,26,2012,03,2.9674
03.26.2012-06:00:00,03,26,2012,06,2.9609
03.26.2012-09:00:00,03,26,2012,09,2.9545
03.26.2012-12:00:00,03,26,2012,12,2.9481
03.26.2012-15:00:00,03,26,2012,15,2.9417
03.26.2012-18:00:00,03,26,2012,18,2.9354
03.26.2012-21:00:00,03,26,2012,21,2.9291
03.27.2012-00:00:00,03,27,2012,00,2.9227
03.27.2012-03:00:00,03,27,2012,03,2.9165
03.27.2012-06:00:00,03,27,2012,06,2.9102
03.27.2012-09:00:00,03,27,2012,09,2.904
03.27.2012-12:00:00,03,27,2012,12,2.8978
03.27.2012-15:00:00,03,27,2012,15,2.8916
03.27.2012-18:00:00,03,27,2012,18,2.8854
03.27.2012-21:00:00,03,27,2012,21,2.8792
03.28.2012-00:00:00,03,28,2012,00,2.8731
03.28.2012-03:00:00,03,28,2012,03,2.867
03.28.2012-06:00:00,03,28,2012,06,2.8609
03.28.2012-09:00:00,03,28,2012,09,2.8549
03.28.2012-12:00:00,03,28,2012,12,2.8488
03.28.2012-15:00:00,03,28,2012,15,2.8428
03.28.2012-18:00:00,03,28,2012,18,2.8368
03.28.2012-21:00:00,03,28,2012,21,2.8308
03.29.2012-00:00:00,03,29,2012,00,2.8249
03.29.2012-03:00:00,03,29,2012,03,2.819
03.29.2012-06:00:00,03,29,2012,06,2.813
03.29.2012-09:00:00,03,29,2012,09,2.8071
03.29.2012-12:00:00,03,29,2012,12,2.8013
03.29.2012-15:00:00,03,29,2012,15,2.7954
03.29.2012-18:00:00,03,29,2012,18,2.7993
03.29.2012-21:00:00,03,29,2012,21,2.8452
03.30.2012-00:00:00,03,30,2012,00,2.9352
03.30.2012-03:00:00,03,30,2012,03,3.0211
03.30.2012-06:00:00,03,30,2012,06,3.0893
03.30.2012-09:00:00,03,30,2012,09,3.2357
03.30.2012-12:00:00,03,30,2012,12,3.4827
03.30.2012-15:00:00,03,30,2012,15,3.812
03.30.2012-18:00:00,03,30,2012,18,4.1928
03.30.2012-21:00:00,03,30,2012,21,4.5485
03.31.2012-00:00:00,03,31,2012,00,4.8159
03.31.2012-03:00:00,03,31,2012,03,4.9313
03.31.2012-06:00:00,03,31,2012,06,5.032
03.31.2012-09:00:00,03,31,2012,09,5.1416
03.31.2012-12:00:00,03,31,2012,12,5.3438
03.31.2012-15:00:00,03,31,2012,15,5.6686
03.31.2012-18:00:00,03,31,2012,18,6.0805
03.31.2012-21:00:00,03,31,2012,21,6.5324
04.01.2012-00:00:00,04,01,2012,00,6.9237
04.01.2012-03:00:00,04,01,2012,03,7.2429
04.01.2012-06:00:00,04,01,2012,06,7.4868
04.01.2012-09:00:00,04,01,2012,09,7.6593
04.01.2012-12:00:00,04,01,2012,12,7.839
04.01.2012-15:00:00,04,01,2012,15,8.0352
04.01.2012-18:00:00,04,01,2012,18,8.2566
04.01.2012-21:00:00,04,01,2012,21,8.4986
04.02.2012-00:00:00,04,02,2012,00,8.7414
04.02.2012-03:00:00,04,02,2012,03,8.97
04.02.2012-06:00:00,04,02,2012,06,9.1891
04.02.2012-09:00:00,04,02,2012,09,9.3809
04.02.2012-12:00:00,04,02,2012,12,9.5196
04.02.2012-15:00:00,04,02,2012,15,9.6624
04.02.2012-18:00:00,04,02,2012,18,9.8051
04.02.2012-21:00:00,04,02,2012,21,9.945
04.03.2012-00:00:00,04,03,2012,00,10.082
04.03.2012-03:00:00,04,03,2012,03,10.216
04.03.2012-06:00:00,04,03,2012,06,10.347
04.03.2012-09:00:00,04,03,2012,09,10.475
04.03.2012-12:00:00,04,03,2012,12,10.6
04.03.2012-15:00:00,04,03,2012,15,10.722
04.03.2012-18:00:00,04,03,2012,18,10.87
04.03.2012-21:00:00,04,03,2012,21,11.044
04.04.2012-00:00:00,04,04,2012,00,11.231
04.04.2012-03:00:00,04,04,2012,03,11.419
04.04.2012-06:00:00,04,04,2012,06,11.598
04.04.2012-09:00:00,04,04,2012,09,11.758
04.04.2012-12:00:00,04,04,2012,12,11.933
04.04.2012-15:00:00,04,04,2012,15,12.173
04.04.2012-18:00:00,04,04,2012,18,12.472
04.04.2012-21:00:00,04,04,2012,21,12.772
04.05.2012-00:00:00,04,05,2012,00,13.039
04.05.2012-03:00:00,04,05,2012,03,13.277
04.05.2012-06:00:00,04,05,2012,06,13.479
04.05.2012-09:00:00,04,05,2012,09,13.604
04.05.2012-12:00:00,04,05,2012,12,13.733
04.05.2012-15:00:00,04,05,2012,15,13.893
04.05.2012-18:00:00,04,05,2012,18,14.099
04.05.2012-21:00:00,04,05,2012,21,14.33
04.06.2012-00:00:00,04,06,2012,00,14.557
04.06.2012-03:00:00,04,06,2012,03,14.769
04.06.2012-06:00:00,04,06,2012,06,14.963
04.06.2012-09:00:00,04,06,2012,09,15.097
04.06.2012-12:00:00,04,06,2012,12,15.168
04.06.2012-15:00:00,04,06,2012,15,15.247
04.06.2012-18:00:00,04,06,2012,18,15.344
04.06.2012-21:00:00,04,06,2012,21,15.46
04.07.2012-00:00:00,04,07,2012,00,15.588
04.07.2012-03:00:00,04,07,2012,03,15.702
04.07.2012-06:00:00,04,07,2012,06,15.809
04.07.2012-09:00:00,04,07,2012,09,15.878
04.07.2012-12:00:00,04,07,2012,12,15.937
04.07.2012-15:00:00,04,07,2012,15,15.998
04.07.2012-18:00:00,04,07,2012,18,16.055
04.07.2012-21:00:00,04,07,2012,21,16.107
04.08.2012-00:00:00,04,08,2012,00,16.155
04.08.2012-03:00:00,04,08,2012,03,16.198
04.08.2012-06:00:00,04,08,2012,06,16.237
04.08.2012-09:00:00,04,08,2012,09,16.272
04.08.2012-12:00:00,04,08,2012,12,16.302
04.08.2012-15:00:00,04,08,2012,15,16.328
04.08.2012-18:00:00,04,08,2012,18,16.35
04.08.2012-21:00:00,04,08,2012,21,16.368
04.09.2012-00:00:00,04,09,2012,00,16.382
04.09.2012-03:00:00,04,09,2012,03,16.392
04.09.2012-06:00:00,04,09,2012,06,16.399
04.09.2012-09:00:00,04,09,2012,09,16.401
04.09.2012-12:00:00,04,09,2012,12,16.401
04.09.2012-15:00:00,04,09,2012,15,16.396
04.09.2012-18:00:00,04,09,2012,18,16.388
04.09.2012-21:00:00,04,09,2012,21,16.434
04.10.2012-00:00:00,04,10,2012,00,16.504
04.10.2012-03:00:00,04,10,2012,03,16.565
04.10.2012-06:00:00,04,10,2012,06,16.606
04.10.2012-09:00:00,04,10,2012,09,16.63
04.10.2012-12:00:00,04,10,2012,12,16.857
04.10.2012-15:00:00,04,10,2012,15,17.354
04.10.2012-18:00:00,04,10,2012,18,17.984
04.10.2012-21:00:00,04,10,2012,21,18.536
04.11.2012-00:00:00,04,11,2012,00,18.963
04.11.2012-03:00:00,04,11,2012,03,19.279
04.11.2012-06:00:00,04,11,2012,06,19.484
04.11.2012-09:00:00,04,11,2012,09,19.619
04.11.2012-12:00:00,04,11,2012,12,19.974
04.11.2012-15:00:00,04,11,2012,15,20.679
04.11.2012-18:00:00,04,11,2012,18,21.526
04.11.2012-21:00:00,04,11,2012,21,22.277
04.12.2012-00:00:00,04,12,2012,00,22.882
04.12.2012-03:00:00,04,12,2012,03,23.35
04.12.2012-06:00:00,04,12,2012,06,23.693
04.12.2012-09:00:00,04,12,2012,09,23.86
04.12.2012-12:00:00,04,12,2012,12,24.097
04.12.2012-15:00:00,04,12,2012,15,24.595
04.12.2012-18:00:00,04,12,2012,18,25.31
04.12.2012-21:00:00,04,12,2012,21,26.048
04.13.2012-00:00:00,04,13,2012,00,26.68
04.13.2012-03:00:00,04,13,2012,03,27.199
04.13.2012-06:00:00,04,13,2012,06,27.633
04.13.2012-09:00:00,04,13,2012,09,27.83
04.13.2012-12:00:00,04,13,2012,12,27.999
04.13.2012-15:00:00,04,13,2012,15,28.282
04.13.2012-18:00:00,04,13,2012,18,28.728
04.13.2012-21:00:00,04,13,2012,21,29.259
04.14.2012-00:00:00,04,14,2012,00,29.782
04.14.2012-03:00:00,04,14,2012,03,30.257
04.14.2012-06:00:00,04,14,2012,06,30.676
04.14.2012-09:00:00,04,14,2012,09,30.995
04.14.2012-12:00:00,04,14,2012,12,31.445
04.14.2012-15:00:00,04,14,2012,15,32.215
04.14.2012-18:00:00,04,14,2012,18,33.185
04.14.2012-21:00:00,04,14,2012,21,34.104
04.15.2012-00:00:00,04,15,2012,00,34.893
04.15.2012-03:00:00,04,15,2012,03,35.551
04.15.2012-06:00:00,04,15,2012,06,36.099
04.15.2012-09:00:00,04,15,2012,09,36.559
04.15.2012-12:00:00,04,15,2012,12,37.309
04.15.2012-15:00:00,04,15,2012,15,38.428
04.15.2012-18:00:00,04,15,2012,18,39.712
04.15.2012-21:00:00,04,15,2012,21,40.909
04.16.2012-00:00:00,04,16,2012,00,41.941
04.16.2012-03:00:00,04,16,2012,03,42.807
04.16.2012-06:00:00,04,16,2012,06,43.536
04.16.2012-09:00:00,04,16,2012,09,44.139
04.16.2012-12:00:00,04,16,2012,12,45.371
04.16.2012-15:00:00,04,16,2012,15,47.233
04.16.2012-18:00:00,04,16,2012,18,49.166
04.16.2012-21:00:00,04,16,2012,21,50.794
04.17.2012-00:00:00,04,17,2012,00,52.085
04.17.2012-03:00:00,04,17,2012,03,53.075
04.17.2012-06:00:00,04,17,2012,06,53.758
04.17.2012-09:00:00,04,17,2012,09,54.238
04.17.2012-12:00:00,04,17,2012,12,54.733
04.17.2012-15:00:00,04,17,2012,15,55.415
04.17.2012-18:00:00,04,17,2012,18,56.319
04.17.2012-21:00:00,04,17,2012,21,57.314
04.18.2012-00:00:00,04,18,2012,00,58.234
04.18.2012-03:00:00,04,18,2012,03,59.015
04.18.2012-06:00:00,04,18,2012,06,59.663
04.18.2012-09:00:00,04,18,2012,09,60.134
04.18.2012-12:00:00,04,18,2012,12,60.786
04.18.2012-15:00:00,04,18,2012,15,61.806
04.18.2012-18:00:00,04,18,2012,18,63.023
04.18.2012-21:00:00,04,18,2012,21,64.155
04.19.2012-00:00:00,04,19,2012,00,65.071
04.19.2012-03:00:00,04,19,2012,03,65.782
04.19.2012-06:00:00,04,19,2012,06,66.332
04.19.2012-09:00:00,04,19,2012,09,66.446
04.19.2012-12:00:00,04,19,2012,12,66.45
04.19.2012-15:00:00,04,19,2012,15,66.573
04.19.2012-18:00:00,04,19,2012,18,66.856
04.19.2012-21:00:00,04,19,2012,21,67.251
04.20.2012-00:00:00,04,20,2012,00,67.784
04.20.2012-03:00:00,04,20,2012,03,68.437
04.20.2012-06:00:00,04,20,2012,06,69.216
04.20.2012-09:00:00,04,20,2012,09,70.805
04.20.2012-12:00:00,04,20,2012,12,74.281
04.20.2012-15:00:00,04,20,2012,15,78.322
04.20.2012-18:00:00,04,20,2012,18,81.761
04.20.2012-21:00:00,04,20,2012,21,84.478
04.21.2012-00:00:00,04,21,2012,00,86.319
04.21.2012-03:00:00,04,21,2012,03,87.356
04.21.2012-06:00:00,04,21,2012,06,87.431
04.21.2012-09:00:00,04,21,2012,09,87.357
04.21.2012-12:00:00,04,21,2012,12,87.5
04.21.2012-15:00:00,04,21,2012,15,88.44
04.21.2012-18:00:00,04,21,2012,18,90.009
04.21.2012-21:00:00,04,21,2012,21,91.582
04.22.2012-00:00:00,04,22,2012,00,92.853
04.22.2012-03:00:00,04,22,2012,03,93.764
04.22.2012-06:00:00,04,22,2012,06,94.373
04.22.2012-09:00:00,04,22,2012,09,94.632
04.22.2012-12:00:00,04,22,2012,12,96.249
04.22.2012-15:00:00,04,22,2012,15,99.688
04.22.2012-18:00:00,04,22,2012,18,103.31
04.22.2012-21:00:00,04,22,2012,21,106.03
04.23.2012-00:00:00,04,23,2012,00,107.97
04.23.2012-03:00:00,04,23,2012,03,109.24
04.23.2012-06:00:00,04,23,2012,06,109.99
04.23.2012-09:00:00,04,23,2012,09,110.51
04.23.2012-12:00:00,04,23,2012,12,114.37
04.23.2012-15:00:00,04,23,2012,15,123.15
04.23.2012-18:00:00,04,23,2012,18,128.4
04.23.2012-21:00:00,04,23,2012,21,131.82
04.24.2012-00:00:00,04,24,2012,00,134.05
04.24.2012-03:00:00,04,24,2012,03,135.43
04.24.2012-06:00:00,04,24,2012,06,136.17
04.24.2012-09:00:00,04,24,2012,09,138.63
04.24.2012-12:00:00,04,24,2012,12,145.25
04.24.2012-15:00:00,04,24,2012,15,153.04
04.24.2012-18:00:00,04,24,2012,18,159.35
04.24.2012-21:00:00,04,24,2012,21,163.38
04.25.2012-00:00:00,04,25,2012,00,165.79
04.25.2012-03:00:00,04,25,2012,03,167.03
04.25.2012-06:00:00,04,25,2012,06,167.56
04.25.2012-09:00:00,04,25,2012,09,168.62
04.25.2012-12:00:00,04,25,2012,12,173.05
04.25.2012-15:00:00,04,25,2012,15,177.05
04.25.2012-18:00:00,04,25,2012,18,180.85
04.25.2012-21:00:00,04,25,2012,21,183.38
04.26.2012-00:00:00,04,26,2012,00,185.6
04.26.2012-03:00:00,04,26,2012,03,188.58
04.26.2012-06:00:00,04,26,2012,06,192.35
04.26.2012-09:00:00,04,26,2012,09,200.36
04.26.2012-12:00:00,04,26,2012,12,217.01
04.26.2012-15:00:00,04,26,2012,15,227.4
04.26.2012-18:00:00,04,26,2012,18,234.73
04.26.2012-21:00:00,04,26,2012,21,240.85
04.27.2012-00:00:00,04,27,2012,00,242.98
04.27.2012-03:00:00,04,27,2012,03,243.93
04.27.2012-06:00:00,04,27,2012,06,244.57
04.27.2012-09:00:00,04,27,2012,09,246.36
04.27.2012-12:00:00,04,27,2012,12,250.2
04.27.2012-15:00:00,04,27,2012,15,253.79
04.27.2012-18:00:00,04,27,2012,18,256.55
04.27.2012-21:00:00,04,27,2012,21,259.29
04.28.2012-00:00:00,04,28,2012,00,260.86
04.28.2012-03:00:00,04,28,2012,03,261.48
04.28.2012-06:00:00,04,28,2012,06,262.47
04.28.2012-09:00:00,04,28,2012,09,265.59
04.28.2012-12:00:00,04,28,2012,12,274.35
04.28.2012-15:00:00,04,28,2012,15,280.56
04.28.2012-18:00:00,04,28,2012,18,285.29
04.28.2012-21:00:00,04,28,2012,21,288.2
04.29.2012-00:00:00,04,29,2012,00,290.2
04.29.2012-03:00:00,04,29,2012,03,291.18
04.29.2012-06:00:00,04,29,2012,06,291.66
04.29.2012-09:00:00,04,29,2012,09,296.6
04.29.2012-12:00:00,04,29,2012,12,312.07
04.29.2012-15:00:00,04,29,2012,15,336.68
04.29.2012-18:00:00,04,29,2012,18,351.6
04.29.2012-21:00:00,04,29,2012,21,351.54
04.30.2012-00:00:00,04,30,2012,00,351.97
04.30.2012-03:00:00,04,30,2012,03,350.79
04.30.2012-06:00:00,04,30,2012,06,351.5
04.30.2012-09:00:00,04,30,2012,09,384.38
04.30.2012-12:00:00,04,30,2012,12,408.54
04.30.2012-15:00:00,04,30,2012,15,417.88
04.30.2012-18:00:00,04,30,2012,18,420.22
04.30.2012-21:00:00,04,30,2012,21,419.37
05.01.2012-00:00:00,05,01,2012,00,419.9
05.01.2012-03:00:00,05,01,2012,03,419.3
05.01.2012-06:00:00,05,01,2012,06,420.1
05.01.2012-09:00:00,05,01,2012,09,437.39
05.01.2012-12:00:00,05,01,2012,12,458.65
05.01.2012-15:00:00,05,01,2012,15,457.33
05.01.2012-18:00:00,05,01,2012,18,456.48
05.01.2012-21:00:00,05,01,2012,21,456.3
05.02.2012-00:00:00,05,02,2012,00,454.88
05.02.2012-03:00:00,05,02,2012,03,451.73
05.02.2012-06:00:00,05,02,2012,06,449.66
05.02.2012-09:00:00,05,02,2012,09,465.44
05.02.2012-12:00:00,05,02,2012,12,482.27
05.02.2012-15:00:00,05,02,2012,15,476.54
05.02.2012-18:00:00,05,02,2012,18,472.37
05.02.2012-21:00:00,05,02,2012,21,469.31
05.03.2012-00:00:00,05,03,2012,00,467.39
05.03.2012-03:00:00,05,03,2012,03,464.25
05.03.2012-06:00:00,05,03,2012,06,464.12
05.03.2012-09:00:00,05,03,2012,09,488.09
05.03.2012-12:00:00,05,03,2012,12,519.99
05.03.2012-15:00:00,05,03,2012,15,544.84
05.03.2012-18:00:00,05,03,2012,18,508.21
05.03.2012-21:00:00,05,03,2012,21,504.36
05.04.2012-00:00:00,05,04,2012,00,503.99
05.04.2012-03:00:00,05,04,2012,03,500.94
05.04.2012-06:00:00,05,04,2012,06,497.95
05.04.2012-09:00:00,05,04,2012,09,508.09
05.04.2012-12:00:00,05,04,2012,12,525.23
05.04.2012-15:00:00,05,04,2012,15,524.15
05.04.2012-18:00:00,05,04,2012,18,509.25
05.04.2012-21:00:00,05,04,2012,21,506.96
05.05.2012-00:00:00,05,05,2012,00,498.88
05.05.2012-03:00:00,05,05,2012,03,493.99
05.05.2012-06:00:00,05,05,2012,06,492.09
05.05.2012-09:00:00,05,05,2012,09,512.6
05.05.2012-12:00:00,05,05,2012,12,562.33
05.05.2012-15:00:00,05,05,2012,15,563.28
05.05.2012-18:00:00,05,05,2012,18,517.5
05.05.2012-21:00:00,05,05,2012,21,512.4
05.06.2012-00:00:00,05,06,2012,00,507.84
05.06.2012-03:00:00,05,06,2012,03,500.87
05.06.2012-06:00:00,05,06,2012,06,497.83
05.06.2012-09:00:00,05,06,2012,09,524.49
05.06.2012-12:00:00,05,06,2012,12,612.58
05.06.2012-15:00:00,05,06,2012,15,618.18
05.06.2012-18:00:00,05,06,2012,18,546.52
05.06.2012-21:00:00,05,06,2012,21,538.68
05.07.2012-00:00:00,05,07,2012,00,534.54
05.07.2012-03:00:00,05,07,2012,03,527.81
05.07.2012-06:00:00,05,07,2012,06,521.06
05.07.2012-09:00:00,05,07,2012,09,550.97
05.07.2012-12:00:00,05,07,2012,12,715.87
05.07.2012-15:00:00,05,07,2012,15,696.39
05.07.2012-18:00:00,05,07,2012,18,580.93
05.07.2012-21:00:00,05,07,2012,21,574.24
05.08.2012-00:00:00,05,08,2012,00,571.77
05.08.2012-03:00:00,05,08,2012,03,559.92
05.08.2012-06:00:00,05,08,2012,06,554.57
05.08.2012-09:00:00,05,08,2012,09,604.94
05.08.2012-12:00:00,05,08,2012,12,823.32
05.08.2012-15:00:00,05,08,2012,15,728.82
05.08.2012-18:00:00,05,08,2012,18,655.34
05.08.2012-21:00:00,05,08,2012,21,640.09
05.09.2012-00:00:00,05,09,2012,00,631.76
05.09.2012-03:00:00,05,09,2012,03,623.82
05.09.2012-06:00:00,05,09,2012,06,616.79
05.09.2012-09:00:00,05,09,2012,09,778.17
05.09.2012-12:00:00,05,09,2012,12,911.75
05.09.2012-15:00:00,05,09,2012,15,872.75
05.09.2012-18:00:00,05,09,2012,18,781.52
05.09.2012-21:00:00,05,09,2012,21,763.36
05.10.2012-00:00:00,05,10,2012,00,749.56
05.10.2012-03:00:00,05,10,2012,03,735.12
05.10.2012-06:00:00,05,10,2012,06,725.58
05.10.2012-09:00:00,05,10,2012,09,822.07
05.10.2012-12:00:00,05,10,2012,12,903.34
05.10.2012-15:00:00,05,10,2012,15,840.24
05.10.2012-18:00:00,05,10,2012,18,787.9
05.10.2012-21:00:00,05,10,2012,21,784.75
05.11.2012-00:00:00,05,11,2012,00,767.91
05.11.2012-03:00:00,05,11,2012,03,756.61
05.11.2012-06:00:00,05,11,2012,06,745.59
05.11.2012-09:00:00,05,11,2012,09,786.8
05.11.2012-12:00:00,05,11,2012,12,925.27
05.11.2012-15:00:00,05,11,2012,15,862.58
05.11.2012-18:00:00,05,11,2012,18,782.32
05.11.2012-21:00:00,05,11,2012,21,773.8
05.12.2012-00:00:00,05,12,2012,00,762.24
05.12.2012-03:00:00,05,12,2012,03,753.97
05.12.2012-06:00:00,05,12,2012,06,740.67
05.12.2012-09:00:00,05,12,2012,09,801.51
05.12.2012-12:00:00,05,12,2012,12,974.98
05.12.2012-15:00:00,05,12,2012,15,957.13
05.12.2012-18:00:00,05,12,2012,18,831.54
05.12.2012-21:00:00,05,12,2012,21,815.81
05.13.2012-00:00:00,05,13,2012,00,803.35
05.13.2012-03:00:00,05,13,2012,03,788.76
05.13.2012-06:00:00,05,13,2012,06,779.49
05.13.2012-09:00:00,05,13,2012,09,930.87
05.13.2012-12:00:00,05,13,2012,12,1167.6
05.13.2012-15:00:00,05,13,2012,15,1108.7
05.13.2012-18:00:00,05,13,2012,18,974.97
05.13.2012-21:00:00,05,13,2012,21,949.36
05.14.2012-00:00:00,05,14,2012,00,931.15
05.14.2012-03:00:00,05,14,2012,03,912.5
05.14.2012-06:00:00,05,14,2012,06,898.24
05.14.2012-09:00:00,05,14,2012,09,1114.5
05.14.2012-12:00:00,05,14,2012,12,1379.2
05.14.2012-15:00:00,05,14,2012,15,1375
05.14.2012-18:00:00,05,14,2012,18,1164.9
05.14.2012-21:00:00,05,14,2012,21,1135.5
05.15.2012-00:00:00,05,15,2012,00,1130.2
05.15.2012-03:00:00,05,15,2012,03,1102.9
05.15.2012-06:00:00,05,15,2012,06,1101.2
05.15.2012-09:00:00,05,15,2012,09,1438.7
05.15.2012-12:00:00,05,15,2012,12,1775.1
05.15.2012-15:00:00,05,15,2012,15,1707.2
05.15.2012-18:00:00,05,15,2012,18,1514.1
05.15.2012-21:00:00,05,15,2012,21,1454.4
05.16.2012-00:00:00,05,16,2012,00,1445.2
05.16.2012-03:00:00,05,16,2012,03,1436.1
05.16.2012-06:00:00,05,16,2012,06,1504.8
05.16.2012-09:00:00,05,16,2012,09,1874.5
05.16.2012-12:00:00,05,16,2012,12,2222.1
05.16.2012-15:00:00,05,16,2012,15,2329.9
05.16.2012-18:00:00,05,16,2012,18,2207.5
05.16.2012-21:00:00,05,16,2012,21,2141.2
05.17.2012-00:00:00,05,17,2012,00,2117.9
05.17.2012-03:00:00,05,17,2012,03,2119.4
05.17.2012-06:00:00,05,17,2012,06,2115.9
05.17.2012-09:00:00,05,17,2012,09,2601.8
05.17.2012-12:00:00,05,17,2012,12,3252.7
05.17.2012-15:00:00,05,17,2012,15,3203.2
05.17.2012-18:00:00,05,17,2012,18,2668.4
05.17.2012-21:00:00,05,17,2012,21,2598.9
05.18.2012-00:00:00,05,18,2012,00,2567.8
05.18.2012-03:00:00,05,18,2012,03,2532.7
05.18.2012-06:00:00,05,18,2012,06,2488.2
05.18.2012-09:00:00,05,18,2012,09,2721.1
05.18.2012-12:00:00,05,18,2012,12,3466
05.18.2012-15:00:00,05,18,2012,15,3389.7
05.18.2012-18:00:00,05,18,2012,18,2810.1
05.18.2012-21:00:00,05,18,2012,21,2814.6
05.19.2012-00:00:00,05,19,2012,00,2808.6
05.19.2012-03:00:00,05,19,2012,03,2822.3
05.19.2012-06:00:00,05,19,2012,06,2779.2
05.19.2012-09:00:00,05,19,2012,09,2965.4
05.19.2012-12:00:00,05,19,2012,12,3816.4
05.19.2012-15:00:00,05,19,2012,15,3601.5
05.19.2012-18:00:00,05,19,2012,18,3032.6
05.19.2012-21:00:00,05,19,2012,21,3027.3
05.20.2012-00:00:00,05,20,2012,00,2995.9
05.20.2012-03:00:00,05,20,2012,03,2958.8
05.20.2012-06:00:00,05,20,2012,06,2911.6
05.20.2012-09:00:00,05,20,2012,09,3402.9
05.20.2012-12:00:00,05,20,2012,12,4136.6
05.20.2012-15:00:00,05,20,2012,15,4022.1
05.20.2012-18:00:00,05,20,2012,18,3394.4
05.20.2012-21:00:00,05,20,2012,21,3307.8
05.21.2012-00:00:00,05,21,2012,00,3278.7
05.21.2012-03:00:00,05,21,2012,03,3248
05.21.2012-06:00:00,05,21,2012,06,3342.3
05.21.2012-09:00:00,05,21,2012,09,4116.9
05.21.2012-12:00:00,05,21,2012,12,4542.6
05.21.2012-15:00:00,05,21,2012,15,4427.3
05.21.2012-18:00:00,05,21,2012,18,3901.9
05.21.2012-21:00:00,05,21,2012,21,3742.7
05.22.2012-00:00:00,05,22,2012,00,3706.9
05.22.2012-03:00:00,05,22,2012,03,3643.1
05.22.2012-06:00:00,05,22,2012,06,3840.5
05.22.2012-09:00:00,05,22,2012,09,4259.2
05.22.2012-12:00:00,05,22,2012,12,4471
05.22.2012-15:00:00,05,22,2012,15,4303.9
05.22.2012-18:00:00,05,22,2012,18,3952.7
05.22.2012-21:00:00,05,22,2012,21,3854.3
05.23.2012-00:00:00,05,23,2012,00,3771.9
05.23.2012-03:00:00,05,23,2012,03,3709.1
05.23.2012-06:00:00,05,23,2012,06,3646.3
05.23.2012-09:00:00,05,23,2012,09,4141.9
05.23.2012-12:00:00,05,23,2012,12,4312.1
05.23.2012-15:00:00,05,23,2012,15,4083.6
05.23.2012-18:00:00,05,23,2012,18,3699.3
05.23.2012-21:00:00,05,23,2012,21,3656.1
05.24.2012-00:00:00,05,24,2012,00,3617.6
05.24.2012-03:00:00,05,24,2012,03,3558.6
05.24.2012-06:00:00,05,24,2012,06,3493.4
05.24.2012-09:00:00,05,24,2012,09,3857.2
05.24.2012-12:00:00,05,24,2012,12,4140.6
05.24.2012-15:00:00,05,24,2012,15,3957.7
05.24.2012-18:00:00,05,24,2012,18,3524.7
05.24.2012-21:00:00,05,24,2012,21,3452.6
05.25.2012-00:00:00,05,25,2012,00,3394
05.25.2012-03:00:00,05,25,2012,03,3334.8
05.25.2012-06:00:00,05,25,2012,06,3269.4
05.25.2012-09:00:00,05,25,2012,09,3509.5
05.25.2012-12:00:00,05,25,2012,12,3865.3
05.25.2012-15:00:00,05,25,2012,15,3685.9
05.25.2012-18:00:00,05,25,2012,18,3292.1
05.25.2012-21:00:00,05,25,2012,21,3218.5
05.26.2012-00:00:00,05,26,2012,00,3157.2
05.26.2012-03:00:00,05,26,2012,03,3095.3
05.26.2012-06:00:00,05,26,2012,06,3021.8
05.26.2012-09:00:00,05,26,2012,09,3207.7
05.26.2012-12:00:00,05,26,2012,12,3755.2
05.26.2012-15:00:00,05,26,2012,15,3685
05.26.2012-18:00:00,05,26,2012,18,3148.6
05.26.2012-21:00:00,05,26,2012,21,3078.6
05.27.2012-00:00:00,05,27,2012,00,3031.4
05.27.2012-03:00:00,05,27,2012,03,2977.1
05.27.2012-06:00:00,05,27,2012,06,2899.9
05.27.2012-09:00:00,05,27,2012,09,3136.5
05.27.2012-12:00:00,05,27,2012,12,3746.7
05.27.2012-15:00:00,05,27,2012,15,3650.7
05.27.2012-18:00:00,05,27,2012,18,3154.1
05.27.2012-21:00:00,05,27,2012,21,3069
05.28.2012-00:00:00,05,28,2012,00,3015.2
05.28.2012-03:00:00,05,28,2012,03,2953.4
05.28.2012-06:00:00,05,28,2012,06,2874.1
05.28.2012-09:00:00,05,28,2012,09,3136.8
05.28.2012-12:00:00,05,28,2012,12,3590.2
05.28.2012-15:00:00,05,28,2012,15,3480.2
05.28.2012-18:00:00,05,28,2012,18,3057.4
05.28.2012-21:00:00,05,28,2012,21,2992.4
05.29.2012-00:00:00,05,29,2012,00,2943.6
05.29.2012-03:00:00,05,29,2012,03,2886.6
05.29.2012-06:00:00,05,29,2012,06,2816.1
05.29.2012-09:00:00,05,29,2012,09,3179.2
05.29.2012-12:00:00,05,29,2012,12,3523.4
05.29.2012-15:00:00,05,29,2012,15,3429.9
05.29.2012-18:00:00,05,29,2012,18,3054.1
05.29.2012-21:00:00,05,29,2012,21,2981.3
05.30.2012-00:00:00,05,30,2012,00,2932.9
05.30.2012-03:00:00,05,30,2012,03,2876.2
05.30.2012-06:00:00,05,30,2012,06,2894.9
05.30.2012-09:00:00,05,30,2012,09,3210.1
05.30.2012-12:00:00,05,30,2012,12,3331.2
05.30.2012-15:00:00,05,30,2012,15,3254.5
05.30.2012-18:00:00,05,30,2012,18,3016.1
05.30.2012-21:00:00,05,30,2012,21,2937.2
05.31.2012-00:00:00,05,31,2012,00,2891.7
05.31.2012-03:00:00,05,31,2012,03,2843.1
05.31.2012-06:00:00,05,31,2012,06,2831.3
05.31.2012-09:00:00,05,31,2012,09,3377.6
05.31.2012-12:00:00,05,31,2012,12,3873.3
05.31.2012-15:00:00,05,31,2012,15,3869.1
05.31.2012-18:00:00,05,31,2012,18,3265.9
05.31.2012-21:00:00,05,31,2012,21,3137.4
06.01.2012-00:00:00,06,01,2012,00,3085.3
06.01.2012-03:00:00,06,01,2012,03,3033.6
06.01.2012-06:00:00,06,01,2012,06,3129.1
06.01.2012-09:00:00,06,01,2012,09,3808.8
06.01.2012-12:00:00,06,01,2012,12,4250.3
06.01.2012-15:00:00,06,01,2012,15,4068.4
06.01.2012-18:00:00,06,01,2012,18,3550.9
06.01.2012-21:00:00,06,01,2012,21,3400.6
06.02.2012-00:00:00,06,02,2012,00,3331.1
06.02.2012-03:00:00,06,02,2012,03,3276.3
06.02.2012-06:00:00,06,02,2012,06,3464.5
06.02.2012-09:00:00,06,02,2012,09,4213.1
06.02.2012-12:00:00,06,02,2012,12,4626.5
06.02.2012-15:00:00,06,02,2012,15,4643
06.02.2012-18:00:00,06,02,2012,18,3955.4
06.02.2012-21:00:00,06,02,2012,21,3778.8
06.03.2012-00:00:00,06,03,2012,00,3705.6
06.03.2012-03:00:00,06,03,2012,03,3655.6
06.03.2012-06:00:00,06,03,2012,06,3647.9
06.03.2012-09:00:00,06,03,2012,09,4511.5
06.03.2012-12:00:00,06,03,2012,12,4982
06.03.2012-15:00:00,06,03,2012,15,4998.3
06.03.2012-18:00:00,06,03,2012,18,4235.9
06.03.2012-21:00:00,06,03,2012,21,4065.2
06.04.2012-00:00:00,06,04,2012,00,4005.3
06.04.2012-03:00:00,06,04,2012,03,3954
06.04.2012-06:00:00,06,04,2012,06,3914.8
06.04.2012-09:00:00,06,04,2012,09,4620
06.04.2012-12:00:00,06,04,2012,12,4943.4
06.04.2012-15:00:00,06,04,2012,15,4817.8
06.04.2012-18:00:00,06,04,2012,18,4291.1
06.04.2012-21:00:00,06,04,2012,21,4155.3
06.05.2012-00:00:00,06,05,2012,00,4237.3
06.05.2012-03:00:00,06,05,2012,03,4227.7
06.05.2012-06:00:00,06,05,2012,06,4323.7
06.05.2012-09:00:00,06,05,2012,09,4497
06.05.2012-12:00:00,06,05,2012,12,4568.3
06.05.2012-15:00:00,06,05,2012,15,4509.3
06.05.2012-18:00:00,06,05,2012,18,4344.8
06.05.2012-21:00:00,06,05,2012,21,4288.4
06.06.2012-00:00:00,06,06,2012,00,4048.9
06.06.2012-03:00:00,06,06,2012,03,3971.3
06.06.2012-06:00:00,06,06,2012,06,3915.9
06.06.2012-09:00:00,06,06,2012,09,4433.3
06.06.2012-12:00:00,06,06,2012,12,4613.2
06.06.2012-15:00:00,06,06,2012,15,4425.2
06.06.2012-18:00:00,06,06,2012,18,3985.2
06.06.2012-21:00:00,06,06,2012,21,3878.5
06.07.2012-00:00:00,06,07,2012,00,3807.1
06.07.2012-03:00:00,06,07,2012,03,3722.7
06.07.2012-06:00:00,06,07,2012,06,3642.9
06.07.2012-09:00:00,06,07,2012,09,3499.4
06.07.2012-12:00:00,06,07,2012,12,3437.6
06.07.2012-15:00:00,06,07,2012,15,3549.6
06.07.2012-18:00:00,06,07,2012,18,3313
06.07.2012-21:00:00,06,07,2012,21,3248.1
06.08.2012-00:00:00,06,08,2012,00,3203.9
06.08.2012-03:00:00,06,08,2012,03,3148.9
06.08.2012-06:00:00,06,08,2012,06,3098.6
06.08.2012-09:00:00,06,08,2012,09,3080
06.08.2012-12:00:00,06,08,2012,12,3089.7
06.08.2012-15:00:00,06,08,2012,15,3070.9
06.08.2012-18:00:00,06,08,2012,18,2974.8
06.08.2012-21:00:00,06,08,2012,21,2908.6
06.09.2012-00:00:00,06,09,2012,00,2825.6
06.09.2012-03:00:00,06,09,2012,03,2778.2
06.09.2012-06:00:00,06,09,2012,06,2719.7
06.09.2012-09:00:00,06,09,2012,09,2700.6
06.09.2012-12:00:00,06,09,2012,12,2794.6
06.09.2012-15:00:00,06,09,2012,15,2736.8
06.09.2012-18:00:00,06,09,2012,18,2548.1
06.09.2012-21:00:00,06,09,2012,21,2502.1
06.10.2012-00:00:00,06,10,2012,00,2458.8
06.10.2012-03:00:00,06,10,2012,03,2414.1
06.10.2012-06:00:00,06,10,2012,06,2359.8
06.10.2012-09:00:00,06,10,2012,09,2515.2
06.10.2012-12:00:00,06,10,2012,12,2698.3
06.10.2012-15:00:00,06,10,2012,15,2599.7
06.10.2012-18:00:00,06,10,2012,18,2401.2
06.10.2012-21:00:00,06,10,2012,21,2352.8
06.11.2012-00:00:00,06,11,2012,00,2324.7
06.11.2012-03:00:00,06,11,2012,03,2284.1
06.11.2012-06:00:00,06,11,2012,06,2231.6
06.11.2012-09:00:00,06,11,2012,09,2289.4
06.11.2012-12:00:00,06,11,2012,12,2603.9
06.11.2012-15:00:00,06,11,2012,15,2478.7
06.11.2012-18:00:00,06,11,2012,18,2223.4
06.11.2012-21:00:00,06,11,2012,21,2210.6
06.12.2012-00:00:00,06,12,2012,00,2185.9
06.12.2012-03:00:00,06,12,2012,03,2150.1
06.12.2012-06:00:00,06,12,2012,06,2100.2
06.12.2012-09:00:00,06,12,2012,09,2450.6
06.12.2012-12:00:00,06,12,2012,12,2753.9
06.12.2012-15:00:00,06,12,2012,15,2745.5
06.12.2012-18:00:00,06,12,2012,18,2432
06.12.2012-21:00:00,06,12,2012,21,2324.8
06.13.2012-00:00:00,06,13,2012,00,2279
06.13.2012-03:00:00,06,13,2012,03,2246
06.13.2012-06:00:00,06,13,2012,06,2252.6
06.13.2012-09:00:00,06,13,2012,09,2619
06.13.2012-12:00:00,06,13,2012,12,2883.2
06.13.2012-15:00:00,06,13,2012,15,2999.9
06.13.2012-18:00:00,06,13,2012,18,2544.2
06.13.2012-21:00:00,06,13,2012,21,2456.5
06.14.2012-00:00:00,06,14,2012,00,2421
06.14.2012-03:00:00,06,14,2012,03,2391.2
06.14.2012-06:00:00,06,14,2012,06,2380.3
06.14.2012-09:00:00,06,14,2012,09,2847.1
06.14.2012-12:00:00,06,14,2012,12,3183.9
06.14.2012-15:00:00,06,14,2012,15,3093.1
06.14.2012-18:00:00,06,14,2012,18,2693.4
06.14.2012-21:00:00,06,14,2012,21,2603.2
06.15.2012-00:00:00,06,15,2012,00,2566.6
06.15.2012-03:00:00,06,15,2012,03,2536.4
06.15.2012-06:00:00,06,15,2012,06,2496.6
06.15.2012-09:00:00,06,15,2012,09,2719
06.15.2012-12:00:00,06,15,2012,12,3288.3
06.15.2012-15:00:00,06,15,2012,15,3191.5
06.15.2012-18:00:00,06,15,2012,18,2728.4
06.15.2012-21:00:00,06,15,2012,21,2699.5
06.16.2012-00:00:00,06,16,2012,00,2666.9
06.16.2012-03:00:00,06,16,2012,03,2635.4
06.16.2012-06:00:00,06,16,2012,06,2591.6
06.16.2012-09:00:00,06,16,2012,09,2964.1
06.16.2012-12:00:00,06,16,2012,12,3504.4
06.16.2012-15:00:00,06,16,2012,15,3448.3
06.16.2012-18:00:00,06,16,2012,18,2981.7
06.16.2012-21:00:00,06,16,2012,21,2896.2
06.17.2012-00:00:00,06,17,2012,00,2868
06.17.2012-03:00:00,06,17,2012,03,2841.4
06.17.2012-06:00:00,06,17,2012,06,2992.1
06.17.2012-09:00:00,06,17,2012,09,3528.5
06.17.2012-12:00:00,06,17,2012,12,3831.4
06.17.2012-15:00:00,06,17,2012,15,3873.3
06.17.2012-18:00:00,06,17,2012,18,3392.6
06.17.2012-21:00:00,06,17,2012,21,3247.7
06.18.2012-00:00:00,06,18,2012,00,3175
06.18.2012-03:00:00,06,18,2012,03,3139.5
06.18.2012-06:00:00,06,18,2012,06,3248.8
06.18.2012-09:00:00,06,18,2012,09,3681
06.18.2012-12:00:00,06,18,2012,12,3959.5
06.18.2012-15:00:00,06,18,2012,15,3981
06.18.2012-18:00:00,06,18,2012,18,3522.1
06.18.2012-21:00:00,06,18,2012,21,3379.5
06.19.2012-00:00:00,06,19,2012,00,3326
06.19.2012-03:00:00,06,19,2012,03,3286.2
06.19.2012-06:00:00,06,19,2012,06,3327.6
06.19.2012-09:00:00,06,19,2012,09,3713.9
06.19.2012-12:00:00,06,19,2012,12,3866.8
06.19.2012-15:00:00,06,19,2012,15,3706.1
06.19.2012-18:00:00,06,19,2012,18,3392.9
06.19.2012-21:00:00,06,19,2012,21,3322.7
06.20.2012-00:00:00,06,20,2012,00,3286.8
06.20.2012-03:00:00,06,20,2012,03,3251.4
06.20.2012-06:00:00,06,20,2012,06,3201.9
06.20.2012-09:00:00,06,20,2012,09,3490
06.20.2012-12:00:00,06,20,2012,12,3959.1
06.20.2012-15:00:00,06,20,2012,15,3872.3
06.20.2012-18:00:00,06,20,2012,18,3415.8
06.20.2012-21:00:00,06,20,2012,21,3337.2
06.21.2012-00:00:00,06,21,2012,00,3293.8
06.21.2012-03:00:00,06,21,2012,03,3254.6
06.21.2012-06:00:00,06,21,2012,06,3196.4
06.21.2012-09:00:00,06,21,2012,09,3619.6
06.21.2012-12:00:00,06,21,2012,12,3969.4
06.21.2012-15:00:00,06,21,2012,15,3933.6
06.21.2012-18:00:00,06,21,2012,18,3507.8
06.21.2012-21:00:00,06,21,2012,21,3386.4
06.22.2012-00:00:00,06,22,2012,00,3339.6
06.22.2012-03:00:00,06,22,2012,03,3295.1
06.22.2012-06:00:00,06,22,2012,06,3363.9
06.22.2012-09:00:00,06,22,2012,09,3778.3
06.22.2012-12:00:00,06,22,2012,12,3986.6
06.22.2012-15:00:00,06,22,2012,15,4011.1
06.22.2012-18:00:00,06,22,2012,18,3709.1
06.22.2012-21:00:00,06,22,2012,21,3593.2
06.23.2012-00:00:00,06,23,2012,00,3539.5
06.23.2012-03:00:00,06,23,2012,03,3483.5
06.23.2012-06:00:00,06,23,2012,06,3545.3
06.23.2012-09:00:00,06,23,2012,09,3790.6
06.23.2012-12:00:00,06,23,2012,12,3980.5
06.23.2012-15:00:00,06,23,2012,15,3992.8
06.23.2012-18:00:00,06,23,2012,18,3749.3
06.23.2012-21:00:00,06,23,2012,21,3627.1
06.24.2012-00:00:00,06,24,2012,00,3550.3
06.24.2012-03:00:00,06,24,2012,03,3485.5
06.24.2012-06:00:00,06,24,2012,06,3431.5
06.24.2012-09:00:00,06,24,2012,09,3795.6
06.24.2012-12:00:00,06,24,2012,12,3994.8
06.24.2012-15:00:00,06,24,2012,15,3963.6
06.24.2012-18:00:00,06,24,2012,18,3677
06.24.2012-21:00:00,06,24,2012,21,3552.3
06.25.2012-00:00:00,06,25,2012,00,3470.5
06.25.2012-03:00:00,06,25,2012,03,3397.3
06.25.2012-06:00:00,06,25,2012,06,3308.9
06.25.2012-09:00:00,06,25,2012,09,3582
06.25.2012-12:00:00,06,25,2012,12,3770.6
06.25.2012-15:00:00,06,25,2012,15,3761.2
06.25.2012-18:00:00,06,25,2012,18,3457.3
06.25.2012-21:00:00,06,25,2012,21,3332.5
06.26.2012-00:00:00,06,26,2012,00,3272.6
06.26.2012-03:00:00,06,26,2012,03,3219.7
06.26.2012-06:00:00,06,26,2012,06,3189.2
06.26.2012-09:00:00,06,26,2012,09,3492
06.26.2012-12:00:00,06,26,2012,12,3607.8
06.26.2012-15:00:00,06,26,2012,15,3558.8
06.26.2012-18:00:00,06,26,2012,18,3255.6
06.26.2012-21:00:00,06,26,2012,21,3157.2
06.27.2012-00:00:00,06,27,2012,00,3092.7
06.27.2012-03:00:00,06,27,2012,03,3034.2
06.27.2012-06:00:00,06,27,2012,06,2976.7
06.27.2012-09:00:00,06,27,2012,09,2969.1
06.27.2012-12:00:00,06,27,2012,12,2926.9
06.27.2012-15:00:00,06,27,2012,15,2838.1
06.27.2012-18:00:00,06,27,2012,18,2741.1
06.27.2012-21:00:00,06,27,2012,21,2684.8
06.28.2012-00:00:00,06,28,2012,00,2620.2
06.28.2012-03:00:00,06,28,2012,03,2565.3
06.28.2012-06:00:00,06,28,2012,06,2505.8
06.28.2012-09:00:00,06,28,2012,09,2537.5
06.28.2012-12:00:00,06,28,2012,12,2652.7
06.28.2012-15:00:00,06,28,2012,15,2523.3
06.28.2012-18:00:00,06,28,2012,18,2382.8
06.28.2012-21:00:00,06,28,2012,21,2336.4
06.29.2012-00:00:00,06,29,2012,00,2295.3
06.29.2012-03:00:00,06,29,2012,03,2255.4
06.29.2012-06:00:00,06,29,2012,06,2209.4
06.29.2012-09:00:00,06,29,2012,09,2264.7
06.29.2012-12:00:00,06,29,2012,12,2326.1
06.29.2012-15:00:00,06,29,2012,15,2273.9
06.29.2012-18:00:00,06,29,2012,18,2152.5
06.29.2012-21:00:00,06,29,2012,21,2106
06.30.2012-00:00:00,06,30,2012,00,2055.4
06.30.2012-03:00:00,06,30,2012,03,2013.7
06.30.2012-06:00:00,06,30,2012,06,1980.8
06.30.2012-09:00:00,06,30,2012,09,2103.4
06.30.2012-12:00:00,06,30,2012,12,2102
06.30.2012-15:00:00,06,30,2012,15,2038.7
06.30.2012-18:00:00,06,30,2012,18,1944.4
06.30.2012-21:00:00,06,30,2012,21,1915.1
07.01.2012-00:00:00,07,01,2012,00,1885.2
07.01.2012-03:00:00,07,01,2012,03,1855.8
07.01.2012-06:00:00,07,01,2012,06,1864.1
07.01.2012-09:00:00,07,01,2012,09,1932.1
07.01.2012-12:00:00,07,01,2012,12,1925.4
07.01.2012-15:00:00,07,01,2012,15,1902.3
07.01.2012-18:00:00,07,01,2012,18,1839.6
07.01.2012-21:00:00,07,01,2012,21,1813.3
07.02.2012-00:00:00,07,02,2012,00,1782.1
07.02.2012-03:00:00,07,02,2012,03,1760.1
07.02.2012-06:00:00,07,02,2012,06,1742.5
07.02.2012-09:00:00,07,02,2012,09,1799
07.02.2012-12:00:00,07,02,2012,12,1762.8
07.02.2012-15:00:00,07,02,2012,15,1767.2
07.02.2012-18:00:00,07,02,2012,18,1754.9
07.02.2012-21:00:00,07,02,2012,21,1740.5
07.03.2012-00:00:00,07,03,2012,00,1718.7
07.03.2012-03:00:00,07,03,2012,03,1700.9
07.03.2012-06:00:00,07,03,2012,06,1686.9
07.03.2012-09:00:00,07,03,2012,09,1695.7
07.03.2012-12:00:00,07,03,2012,12,1696.3
07.03.2012-15:00:00,07,03,2012,15,1705.9
07.03.2012-18:00:00,07,03,2012,18,1700.6
07.03.2012-21:00:00,07,03,2012,21,1692.2
07.04.2012-00:00:00,07,04,2012,00,1670.7
07.04.2012-03:00:00,07,04,2012,03,1652.7
07.04.2012-06:00:00,07,04,2012,06,1635.5
07.04.2012-09:00:00,07,04,2012,09,1621.2
07.04.2012-12:00:00,07,04,2012,12,1602.1
07.04.2012-15:00:00,07,04,2012,15,1600.5
07.04.2012-18:00:00,07,04,2012,18,1601.8
07.04.2012-21:00:00,07,04,2012,21,1595.4
07.05.2012-00:00:00,07,05,2012,00,1579
07.05.2012-03:00:00,07,05,2012,03,1555.9
07.05.2012-06:00:00,07,05,2012,06,1527.9
07.05.2012-09:00:00,07,05,2012,09,1488.6
07.05.2012-12:00:00,07,05,2012,12,1444.3
07.05.2012-15:00:00,07,05,2012,15,1473.2
07.05.2012-18:00:00,07,05,2012,18,1495.7
07.05.2012-21:00:00,07,05,2012,21,1480
07.06.2012-00:00:00,07,06,2012,00,1447.6
07.06.2012-03:00:00,07,06,2012,03,1418.5
07.06.2012-06:00:00,07,06,2012,06,1387.9
07.06.2012-09:00:00,07,06,2012,09,1338
07.06.2012-12:00:00,07,06,2012,12,1306.7
07.06.2012-15:00:00,07,06,2012,15,1355.2
07.06.2012-18:00:00,07,06,2012,18,1364.3
07.06.2012-21:00:00,07,06,2012,21,1349.7
07.07.2012-00:00:00,07,07,2012,00,1320.2
07.07.2012-03:00:00,07,07,2012,03,1292.5
07.07.2012-06:00:00,07,07,2012,06,1263.1
07.07.2012-09:00:00,07,07,2012,09,1216.5
07.07.2012-12:00:00,07,07,2012,12,1193.1
07.07.2012-15:00:00,07,07,2012,15,1200.7
07.07.2012-18:00:00,07,07,2012,18,1205
07.07.2012-21:00:00,07,07,2012,21,1202.5
07.08.2012-00:00:00,07,08,2012,00,1186.9
07.08.2012-03:00:00,07,08,2012,03,1170.6
07.08.2012-06:00:00,07,08,2012,06,1151.1
07.08.2012-09:00:00,07,08,2012,09,1113.4
07.08.2012-12:00:00,07,08,2012,12,1085.3
07.08.2012-15:00:00,07,08,2012,15,1084.2
07.08.2012-18:00:00,07,08,2012,18,1089.8
07.08.2012-21:00:00,07,08,2012,21,1099.4
07.09.2012-00:00:00,07,09,2012,00,1094
07.09.2012-03:00:00,07,09,2012,03,1085.1
07.09.2012-06:00:00,07,09,2012,06,1071.6
07.09.2012-09:00:00,07,09,2012,09,1042.5
07.09.2012-12:00:00,07,09,2012,12,1018.7
07.09.2012-15:00:00,07,09,2012,15,1021.9
07.09.2012-18:00:00,07,09,2012,18,1029
07.09.2012-21:00:00,07,09,2012,21,1038
07.10.2012-00:00:00,07,10,2012,00,1035.1
07.10.2012-03:00:00,07,10,2012,03,1029
07.10.2012-06:00:00,07,10,2012,06,1018.6
07.10.2012-09:00:00,07,10,2012,09,990.64
07.10.2012-12:00:00,07,10,2012,12,971.19
07.10.2012-15:00:00,07,10,2012,15,978.41
07.10.2012-18:00:00,07,10,2012,18,987.92
07.10.2012-21:00:00,07,10,2012,21,1001.2
07.11.2012-00:00:00,07,11,2012,00,1000.1
07.11.2012-03:00:00,07,11,2012,03,997.15
07.11.2012-06:00:00,07,11,2012,06,990.12
07.11.2012-09:00:00,07,11,2012,09,964.61
07.11.2012-12:00:00,07,11,2012,12,948.85
07.11.2012-15:00:00,07,11,2012,15,954.48
07.11.2012-18:00:00,07,11,2012,18,964.17
07.11.2012-21:00:00,07,11,2012,21,974.04
07.12.2012-00:00:00,07,12,2012,00,971.24
07.12.2012-03:00:00,07,12,2012,03,966.7
07.12.2012-06:00:00,07,12,2012,06,957.41
07.12.2012-09:00:00,07,12,2012,09,935.41
07.12.2012-12:00:00,07,12,2012,12,919.59
07.12.2012-15:00:00,07,12,2012,15,921.05
07.12.2012-18:00:00,07,12,2012,18,921.03
07.12.2012-21:00:00,07,12,2012,21,926.97
07.13.2012-00:00:00,07,13,2012,00,920.35
07.13.2012-03:00:00,07,13,2012,03,910.78
07.13.2012-06:00:00,07,13,2012,06,897.49
07.13.2012-09:00:00,07,13,2012,09,873.44
07.13.2012-12:00:00,07,13,2012,12,849.99
07.13.2012-15:00:00,07,13,2012,15,846.48
07.13.2012-18:00:00,07,13,2012,18,840.06
07.13.2012-21:00:00,07,13,2012,21,843.19
07.14.2012-00:00:00,07,14,2012,00,833.47
07.14.2012-03:00:00,07,14,2012,03,821.51
07.14.2012-06:00:00,07,14,2012,06,807.06
07.14.2012-09:00:00,07,14,2012,09,782.62
07.14.2012-12:00:00,07,14,2012,12,761.91
07.14.2012-15:00:00,07,14,2012,15,759.27
07.14.2012-18:00:00,07,14,2012,18,754.25
07.14.2012-21:00:00,07,14,2012,21,757.07
07.15.2012-00:00:00,07,15,2012,00,751.35
07.15.2012-03:00:00,07,15,2012,03,748.88
07.15.2012-06:00:00,07,15,2012,06,737.19
07.15.2012-09:00:00,07,15,2012,09,720.71
07.15.2012-12:00:00,07,15,2012,12,697.02
07.15.2012-15:00:00,07,15,2012,15,694.51
07.15.2012-18:00:00,07,15,2012,18,686.43
07.15.2012-21:00:00,07,15,2012,21,694.45
07.16.2012-00:00:00,07,16,2012,00,682.22
07.16.2012-03:00:00,07,16,2012,03,672.74
07.16.2012-06:00:00,07,16,2012,06,662.82
07.16.2012-09:00:00,07,16,2012,09,652.66
07.16.2012-12:00:00,07,16,2012,12,640.9
07.16.2012-15:00:00,07,16,2012,15,635.74
07.16.2012-18:00:00,07,16,2012,18,629.67
07.16.2012-21:00:00,07,16,2012,21,627.01
07.17.2012-00:00:00,07,17,2012,00,623.06
07.17.2012-03:00:00,07,17,2012,03,616.59
07.17.2012-06:00:00,07,17,2012,06,608.6
07.17.2012-09:00:00,07,17,2012,09,598.36
07.17.2012-12:00:00,07,17,2012,12,584.96
07.17.2012-15:00:00,07,17,2012,15,579.37
07.17.2012-18:00:00,07,17,2012,18,573.48
07.17.2012-21:00:00,07,17,2012,21,572.12
07.18.2012-00:00:00,07,18,2012,00,562.08
07.18.2012-03:00:00,07,18,2012,03,554.07
07.18.2012-06:00:00,07,18,2012,06,545.18
07.18.2012-09:00:00,07,18,2012,09,534.76
07.18.2012-12:00:00,07,18,2012,12,522.17
07.18.2012-15:00:00,07,18,2012,15,516.36
07.18.2012-18:00:00,07,18,2012,18,509.18
07.18.2012-21:00:00,07,18,2012,21,503.68
07.19.2012-00:00:00,07,19,2012,00,495.57
07.19.2012-03:00:00,07,19,2012,03,486.69
07.19.2012-06:00:00,07,19,2012,06,476.71
07.19.2012-09:00:00,07,19,2012,09,462.5
07.19.2012-12:00:00,07,19,2012,12,450.86
07.19.2012-15:00:00,07,19,2012,15,444.85
07.19.2012-18:00:00,07,19,2012,18,437.5
07.19.2012-21:00:00,07,19,2012,21,432.01
07.20.2012-00:00:00,07,20,2012,00,423.67
07.20.2012-03:00:00,07,20,2012,03,414.77
07.20.2012-06:00:00,07,20,2012,06,404.66
07.20.2012-09:00:00,07,20,2012,09,389.59
07.20.2012-12:00:00,07,20,2012,12,377.63
07.20.2012-15:00:00,07,20,2012,15,372.73
07.20.2012-18:00:00,07,20,2012,18,366.59
07.20.2012-21:00:00,07,20,2012,21,362.82
07.21.2012-00:00:00,07,21,2012,00,359.34
07.21.2012-03:00:00,07,21,2012,03,354.31
07.21.2012-06:00:00,07,21,2012,06,346.2
07.21.2012-09:00:00,07,21,2012,09,337.53
07.21.2012-12:00:00,07,21,2012,12,326.64
07.21.2012-15:00:00,07,21,2012,15,320.52
07.21.2012-18:00:00,07,21,2012,18,315.68
07.21.2012-21:00:00,07,21,2012,21,311.66
07.22.2012-00:00:00,07,22,2012,00,298.97
07.22.2012-03:00:00,07,22,2012,03,292.2
07.22.2012-06:00:00,07,22,2012,06,284.89
07.22.2012-09:00:00,07,22,2012,09,280.79
07.22.2012-12:00:00,07,22,2012,12,276.22
07.22.2012-15:00:00,07,22,2012,15,271.93
07.22.2012-18:00:00,07,22,2012,18,267.76
07.22.2012-21:00:00,07,22,2012,21,264
07.23.2012-00:00:00,07,23,2012,00,260.17
07.23.2012-03:00:00,07,23,2012,03,256.21
07.23.2012-06:00:00,07,23,2012,06,252.06
07.23.2012-09:00:00,07,23,2012,09,247.34
07.23.2012-12:00:00,07,23,2012,12,242.8
07.23.2012-15:00:00,07,23,2012,15,238.54
07.23.2012-18:00:00,07,23,2012,18,234.47
07.23.2012-21:00:00,07,23,2012,21,230.76
07.24.2012-00:00:00,07,24,2012,00,227.1
07.24.2012-03:00:00,07,24,2012,03,223.53
07.24.2012-06:00:00,07,24,2012,06,219.94
07.24.2012-09:00:00,07,24,2012,09,216.29
07.24.2012-12:00:00,07,24,2012,12,212.7
07.24.2012-15:00:00,07,24,2012,15,209.3
07.24.2012-18:00:00,07,24,2012,18,206.02
07.24.2012-21:00:00,07,24,2012,21,202.86
07.25.2012-00:00:00,07,25,2012,00,199.77
07.25.2012-03:00:00,07,25,2012,03,196.73
07.25.2012-06:00:00,07,25,2012,06,193.76
07.25.2012-09:00:00,07,25,2012,09,190.82
07.25.2012-12:00:00,07,25,2012,12,188.02
07.25.2012-15:00:00,07,25,2012,15,185.32
07.25.2012-18:00:00,07,25,2012,18,182.69
07.25.2012-21:00:00,07,25,2012,21,180.17
07.26.2012-00:00:00,07,26,2012,00,177.7
07.26.2012-03:00:00,07,26,2012,03,175.29
07.26.2012-06:00:00,07,26,2012,06,172.93
07.26.2012-09:00:00,07,26,2012,09,170.62
07.26.2012-12:00:00,07,26,2012,12,168.37
07.26.2012-15:00:00,07,26,2012,15,166.15
07.26.2012-18:00:00,07,26,2012,18,163.97
07.26.2012-21:00:00,07,26,2012,21,161.92
07.27.2012-00:00:00,07,27,2012,00,160.03
07.27.2012-03:00:00,07,27,2012,03,158.26
07.27.2012-06:00:00,07,27,2012,06,156.33
07.27.2012-09:00:00,07,27,2012,09,154.33
07.27.2012-12:00:00,07,27,2012,12,152.27
07.27.2012-15:00:00,07,27,2012,15,150.4
07.27.2012-18:00:00,07,27,2012,18,148.6
07.27.2012-21:00:00,07,27,2012,21,147.07
07.28.2012-00:00:00,07,28,2012,00,145.03
07.28.2012-03:00:00,07,28,2012,03,143.35
07.28.2012-06:00:00,07,28,2012,06,141.68
07.28.2012-09:00:00,07,28,2012,09,140.03
07.28.2012-12:00:00,07,28,2012,12,138.4
07.28.2012-15:00:00,07,28,2012,15,136.81
07.28.2012-18:00:00,07,28,2012,18,135.23
07.28.2012-21:00:00,07,28,2012,21,133.73
07.29.2012-00:00:00,07,29,2012,00,132.25
07.29.2012-03:00:00,07,29,2012,03,130.79
07.29.2012-06:00:00,07,29,2012,06,129.35
07.29.2012-09:00:00,07,29,2012,09,127.94
07.29.2012-12:00:00,07,29,2012,12,126.55
07.29.2012-15:00:00,07,29,2012,15,125.17
07.29.2012-18:00:00,07,29,2012,18,123.82
07.29.2012-21:00:00,07,29,2012,21,122.5
07.30.2012-00:00:00,07,30,2012,00,121.18
07.30.2012-03:00:00,07,30,2012,03,119.88
07.30.2012-06:00:00,07,30,2012,06,118.61
07.30.2012-09:00:00,07,30,2012,09,117.35
07.30.2012-12:00:00,07,30,2012,12,116.12
07.30.2012-15:00:00,07,30,2012,15,114.9
07.30.2012-18:00:00,07,30,2012,18,113.71
07.30.2012-21:00:00,07,30,2012,21,112.52
07.31.2012-00:00:00,07,31,2012,00,111.35
07.31.2012-03:00:00,07,31,2012,03,110.2
07.31.2012-06:00:00,07,31,2012,06,109.06
07.31.2012-09:00:00,07,31,2012,09,108.01
07.31.2012-12:00:00,07,31,2012,12,106.97
07.31.2012-15:00:00,07,31,2012,15,105.93
07.31.2012-18:00:00,07,31,2012,18,104.91
07.31.2012-21:00:00,07,31,2012,21,103.9
08.01.2012-00:00:00,08,01,2012,00,102.9
08.01.2012-03:00:00,08,01,2012,03,101.91
08.01.2012-06:00:00,08,01,2012,06,100.93
08.01.2012-09:00:00,08,01,2012,09,99.968
08.01.2012-12:00:00,08,01,2012,12,99.01
08.01.2012-15:00:00,08,01,2012,15,98.064
08.01.2012-18:00:00,08,01,2012,18,97.121
08.01.2012-21:00:00,08,01,2012,21,96.193
08.02.2012-00:00:00,08,02,2012,00,95.272
08.02.2012-03:00:00,08,02,2012,03,94.365
08.02.2012-06:00:00,08,02,2012,06,93.477
08.02.2012-09:00:00,08,02,2012,09,92.587
08.02.2012-12:00:00,08,02,2012,12,91.713
08.02.2012-15:00:00,08,02,2012,15,90.845
08.02.2012-18:00:00,08,02,2012,18,89.996
08.02.2012-21:00:00,08,02,2012,21,89.15
08.03.2012-00:00:00,08,03,2012,00,88.313
08.03.2012-03:00:00,08,03,2012,03,87.488
08.03.2012-06:00:00,08,03,2012,06,86.667
08.03.2012-09:00:00,08,03,2012,09,85.857
08.03.2012-12:00:00,08,03,2012,12,85.052
08.03.2012-15:00:00,08,03,2012,15,84.266
08.03.2012-18:00:00,08,03,2012,18,83.483
08.03.2012-21:00:00,08,03,2012,21,82.71
08.04.2012-00:00:00,08,04,2012,00,81.95
08.04.2012-03:00:00,08,04,2012,03,81.197
08.04.2012-06:00:00,08,04,2012,06,80.451
08.04.2012-09:00:00,08,04,2012,09,79.715
08.04.2012-12:00:00,08,04,2012,12,78.979
08.04.2012-15:00:00,08,04,2012,15,78.258
08.04.2012-18:00:00,08,04,2012,18,77.544
08.04.2012-21:00:00,08,04,2012,21,76.843
08.05.2012-00:00:00,08,05,2012,00,76.147
08.05.2012-03:00:00,08,05,2012,03,75.464
08.05.2012-06:00:00,08,05,2012,06,74.784
08.05.2012-09:00:00,08,05,2012,09,74.112
08.05.2012-12:00:00,08,05,2012,12,73.441
08.05.2012-15:00:00,08,05,2012,15,72.786
08.05.2012-18:00:00,08,05,2012,18,72.139
08.05.2012-21:00:00,08,05,2012,21,71.501
08.06.2012-00:00:00,08,06,2012,00,70.869
08.06.2012-03:00:00,08,06,2012,03,70.241
08.06.2012-06:00:00,08,06,2012,06,69.622
08.06.2012-09:00:00,08,06,2012,09,69.014
08.06.2012-12:00:00,08,06,2012,12,68.408
08.06.2012-15:00:00,08,06,2012,15,67.811
08.06.2012-18:00:00,08,06,2012,18,67.22
08.06.2012-21:00:00,08,06,2012,21,66.642
08.07.2012-00:00:00,08,07,2012,00,66.067
08.07.2012-03:00:00,08,07,2012,03,65.496
08.07.2012-06:00:00,08,07,2012,06,64.936
08.07.2012-09:00:00,08,07,2012,09,64.375
08.07.2012-12:00:00,08,07,2012,12,63.827
08.07.2012-15:00:00,08,07,2012,15,63.285
08.07.2012-18:00:00,08,07,2012,18,62.747
08.07.2012-21:00:00,08,07,2012,21,62.217
08.08.2012-00:00:00,08,08,2012,00,61.691
08.08.2012-03:00:00,08,08,2012,03,61.175
08.08.2012-06:00:00,08,08,2012,06,60.66
08.08.2012-09:00:00,08,08,2012,09,60.15
08.08.2012-12:00:00,08,08,2012,12,59.651
08.08.2012-15:00:00,08,08,2012,15,59.154
08.08.2012-18:00:00,08,08,2012,18,58.668
08.08.2012-21:00:00,08,08,2012,21,58.18
08.09.2012-00:00:00,08,09,2012,00,57.703
08.09.2012-03:00:00,08,09,2012,03,57.234
08.09.2012-06:00:00,08,09,2012,06,56.769
08.09.2012-09:00:00,08,09,2012,09,56.308
08.09.2012-12:00:00,08,09,2012,12,55.852
08.09.2012-15:00:00,08,09,2012,15,55.4
08.09.2012-18:00:00,08,09,2012,18,54.957
08.09.2012-21:00:00,08,09,2012,21,54.514
08.10.2012-00:00:00,08,10,2012,00,54.077
08.10.2012-03:00:00,08,10,2012,03,53.649
08.10.2012-06:00:00,08,10,2012,06,53.223
08.10.2012-09:00:00,08,10,2012,09,52.8
08.10.2012-12:00:00,08,10,2012,12,52.391
08.10.2012-15:00:00,08,10,2012,15,51.979
08.10.2012-18:00:00,08,10,2012,18,51.575
08.10.2012-21:00:00,08,10,2012,21,51.17
08.11.2012-00:00:00,08,11,2012,00,50.774
08.11.2012-03:00:00,08,11,2012,03,50.382
08.11.2012-06:00:00,08,11,2012,06,49.989
08.11.2012-09:00:00,08,11,2012,09,49.603
08.11.2012-12:00:00,08,11,2012,12,49.22
08.11.2012-15:00:00,08,11,2012,15,48.842
08.11.2012-18:00:00,08,11,2012,18,48.471
08.11.2012-21:00:00,08,11,2012,21,48.101
08.12.2012-00:00:00,08,12,2012,00,47.734
08.12.2012-03:00:00,08,12,2012,03,47.373
08.12.2012-06:00:00,08,12,2012,06,47.017
08.12.2012-09:00:00,08,12,2012,09,46.664
08.12.2012-12:00:00,08,12,2012,12,46.315
08.12.2012-15:00:00,08,12,2012,15,45.972
08.12.2012-18:00:00,08,12,2012,18,45.629
08.12.2012-21:00:00,08,12,2012,21,45.292
08.13.2012-00:00:00,08,13,2012,00,44.958
08.13.2012-03:00:00,08,13,2012,03,44.633
08.13.2012-06:00:00,08,13,2012,06,44.307
08.13.2012-09:00:00,08,13,2012,09,43.984
08.13.2012-12:00:00,08,13,2012,12,43.663
08.13.2012-15:00:00,08,13,2012,15,43.348
08.13.2012-18:00:00,08,13,2012,18,43.033
08.13.2012-21:00:00,08,13,2012,21,42.724
08.14.2012-00:00:00,08,14,2012,00,42.415
08.14.2012-03:00:00,08,14,2012,03,42.115
08.14.2012-06:00:00,08,14,2012,06,41.817
08.14.2012-09:00:00,08,14,2012,09,41.523
08.14.2012-12:00:00,08,14,2012,12,41.227
08.14.2012-15:00:00,08,14,2012,15,40.938
08.14.2012-18:00:00,08,14,2012,18,40.649
08.14.2012-21:00:00,08,14,2012,21,40.363
08.15.2012-00:00:00,08,15,2012,00,40.08
08.15.2012-03:00:00,08,15,2012,03,39.801
08.15.2012-06:00:00,08,15,2012,06,39.527
08.15.2012-09:00:00,08,15,2012,09,39.252
08.15.2012-12:00:00,08,15,2012,12,38.981
08.15.2012-15:00:00,08,15,2012,15,38.712
08.15.2012-18:00:00,08,15,2012,18,38.445
08.15.2012-21:00:00,08,15,2012,21,38.187
08.16.2012-00:00:00,08,16,2012,00,37.928
08.16.2012-03:00:00,08,16,2012,03,37.669
08.16.2012-06:00:00,08,16,2012,06,37.412
08.16.2012-09:00:00,08,16,2012,09,37.159
08.16.2012-12:00:00,08,16,2012,12,36.913
08.16.2012-15:00:00,08,16,2012,15,36.667
08.16.2012-18:00:00,08,16,2012,18,36.423
08.16.2012-21:00:00,08,16,2012,21,36.179
08.17.2012-00:00:00,08,17,2012,00,36.659
08.17.2012-03:00:00,08,17,2012,03,36.697
08.17.2012-06:00:00,08,17,2012,06,36.478
08.17.2012-09:00:00,08,17,2012,09,36.224
08.17.2012-12:00:00,08,17,2012,12,35.817
08.17.2012-15:00:00,08,17,2012,15,35.587
08.17.2012-18:00:00,08,17,2012,18,35.382
08.17.2012-21:00:00,08,17,2012,21,35.346
08.18.2012-00:00:00,08,18,2012,00,34.194
08.18.2012-03:00:00,08,18,2012,03,33.94
08.18.2012-06:00:00,08,18,2012,06,33.736
08.18.2012-09:00:00,08,18,2012,09,33.534
08.18.2012-12:00:00,08,18,2012,12,33.337
08.18.2012-15:00:00,08,18,2012,15,33.142
08.18.2012-18:00:00,08,18,2012,18,32.951
08.18.2012-21:00:00,08,18,2012,21,32.761
08.19.2012-00:00:00,08,19,2012,00,32.573
08.19.2012-03:00:00,08,19,2012,03,32.389
08.19.2012-06:00:00,08,19,2012,06,32.206
08.19.2012-09:00:00,08,19,2012,09,32.026
08.19.2012-12:00:00,08,19,2012,12,31.847
08.19.2012-15:00:00,08,19,2012,15,31.671
08.19.2012-18:00:00,08,19,2012,18,31.5
08.19.2012-21:00:00,08,19,2012,21,31.327
08.20.2012-00:00:00,08,20,2012,00,31.158
08.20.2012-03:00:00,08,20,2012,03,30.99
08.20.2012-06:00:00,08,20,2012,06,30.825
08.20.2012-09:00:00,08,20,2012,09,30.662
08.20.2012-12:00:00,08,20,2012,12,30.498
08.20.2012-15:00:00,08,20,2012,15,30.335
08.20.2012-18:00:00,08,20,2012,18,30.174
08.20.2012-21:00:00,08,20,2012,21,30.014
08.21.2012-00:00:00,08,21,2012,00,29.852
08.21.2012-03:00:00,08,21,2012,03,29.694
08.21.2012-06:00:00,08,21,2012,06,29.539
08.21.2012-09:00:00,08,21,2012,09,29.381
08.21.2012-12:00:00,08,21,2012,12,29.227
08.21.2012-15:00:00,08,21,2012,15,29.071
08.21.2012-18:00:00,08,21,2012,18,28.918
08.21.2012-21:00:00,08,21,2012,21,28.767
08.22.2012-00:00:00,08,22,2012,00,28.615
08.22.2012-03:00:00,08,22,2012,03,28.467
08.22.2012-06:00:00,08,22,2012,06,28.318
08.22.2012-09:00:00,08,22,2012,09,28.17
08.22.2012-12:00:00,08,22,2012,12,28.02
08.22.2012-15:00:00,08,22,2012,15,27.873
08.22.2012-18:00:00,08,22,2012,18,27.725
08.22.2012-21:00:00,08,22,2012,21,27.58
08.23.2012-00:00:00,08,23,2012,00,27.437
08.23.2012-03:00:00,08,23,2012,03,27.295
08.23.2012-06:00:00,08,23,2012,06,27.151
08.23.2012-09:00:00,08,23,2012,09,27.062
08.23.2012-12:00:00,08,23,2012,12,26.877
08.23.2012-15:00:00,08,23,2012,15,26.739
08.23.2012-18:00:00,08,23,2012,18,26.606
08.23.2012-21:00:00,08,23,2012,21,26.469
08.24.2012-00:00:00,08,24,2012,00,26.335
08.24.2012-03:00:00,08,24,2012,03,26.257
08.24.2012-06:00:00,08,24,2012,06,26.13
08.24.2012-09:00:00,08,24,2012,09,25.989
08.24.2012-12:00:00,08,24,2012,12,25.807
08.24.2012-15:00:00,08,24,2012,15,25.672
08.24.2012-18:00:00,08,24,2012,18,25.541
08.24.2012-21:00:00,08,24,2012,21,25.413
08.25.2012-00:00:00,08,25,2012,00,25.282
08.25.2012-03:00:00,08,25,2012,03,25.152
08.25.2012-06:00:00,08,25,2012,06,25.025
08.25.2012-09:00:00,08,25,2012,09,24.899
08.25.2012-12:00:00,08,25,2012,12,24.773
08.25.2012-15:00:00,08,25,2012,15,24.646
08.25.2012-18:00:00,08,25,2012,18,24.521
08.25.2012-21:00:00,08,25,2012,21,24.395
08.26.2012-00:00:00,08,26,2012,00,24.272
08.26.2012-03:00:00,08,26,2012,03,24.148
08.26.2012-06:00:00,08,26,2012,06,24.026
08.26.2012-09:00:00,08,26,2012,09,23.905
08.26.2012-12:00:00,08,26,2012,12,23.783
08.26.2012-15:00:00,08,26,2012,15,23.664
08.26.2012-18:00:00,08,26,2012,18,23.542
08.26.2012-21:00:00,08,26,2012,21,23.421
08.27.2012-00:00:00,08,27,2012,00,23.302
08.27.2012-03:00:00,08,27,2012,03,23.182
08.27.2012-06:00:00,08,27,2012,06,23.064
08.27.2012-09:00:00,08,27,2012,09,22.947
08.27.2012-12:00:00,08,27,2012,12,22.83
08.27.2012-15:00:00,08,27,2012,15,22.712
08.27.2012-18:00:00,08,27,2012,18,22.597
08.27.2012-21:00:00,08,27,2012,21,22.481
08.28.2012-00:00:00,08,28,2012,00,22.365
08.28.2012-03:00:00,08,28,2012,03,22.251
08.28.2012-06:00:00,08,28,2012,06,22.138
08.28.2012-09:00:00,08,28,2012,09,22.023
08.28.2012-12:00:00,08,28,2012,12,21.908
08.28.2012-15:00:00,08,28,2012,15,21.795
08.28.2012-18:00:00,08,28,2012,18,21.679
08.28.2012-21:00:00,08,28,2012,21,21.567
08.29.2012-00:00:00,08,29,2012,00,21.454
08.29.2012-03:00:00,08,29,2012,03,21.343
08.29.2012-06:00:00,08,29,2012,06,21.234
08.29.2012-09:00:00,08,29,2012,09,21.126
08.29.2012-12:00:00,08,29,2012,12,21.019
08.29.2012-15:00:00,08,29,2012,15,20.91
08.29.2012-18:00:00,08,29,2012,18,20.806
08.29.2012-21:00:00,08,29,2012,21,20.699
08.30.2012-00:00:00,08,30,2012,00,20.595
08.30.2012-03:00:00,08,30,2012,03,20.492
08.30.2012-06:00:00,08,30,2012,06,20.387
08.30.2012-09:00:00,08,30,2012,09,20.283
08.30.2012-12:00:00,08,30,2012,12,20.182
08.30.2012-15:00:00,08,30,2012,15,20.08
08.30.2012-18:00:00,08,30,2012,18,19.98
08.30.2012-21:00:00,08,30,2012,21,19.88
08.31.2012-00:00:00,08,31,2012,00,19.78
08.31.2012-03:00:00,08,31,2012,03,19.68
08.31.2012-06:00:00,08,31,2012,06,19.582
08.31.2012-09:00:00,08,31,2012,09,19.487
08.31.2012-12:00:00,08,31,2012,12,19.392
08.31.2012-15:00:00,08,31,2012,15,19.296
08.31.2012-18:00:00,08,31,2012,18,19.201
08.31.2012-21:00:00,08,31,2012,21,19.108
09.01.2012-00:00:00,09,01,2012,00,19.015
09.01.2012-03:00:00,09,01,2012,03,18.921
09.01.2012-06:00:00,09,01,2012,06,18.829
09.01.2012-09:00:00,09,01,2012,09,18.74
09.01.2012-12:00:00,09,01,2012,12,18.653
09.01.2012-15:00:00,09,01,2012,15,18.566
09.01.2012-18:00:00,09,01,2012,18,18.478
09.01.2012-21:00:00,09,01,2012,21,18.391
09.02.2012-00:00:00,09,02,2012,00,18.303
09.02.2012-03:00:00,09,02,2012,03,18.215
09.02.2012-06:00:00,09,02,2012,06,18.128
09.02.2012-09:00:00,09,02,2012,09,18.041
09.02.2012-12:00:00,09,02,2012,12,17.957
09.02.2012-15:00:00,09,02,2012,15,17.872
09.02.2012-18:00:00,09,02,2012,18,17.788
09.02.2012-21:00:00,09,02,2012,21,17.704
09.03.2012-00:00:00,09,03,2012,00,17.624
09.03.2012-03:00:00,09,03,2012,03,17.544
09.03.2012-06:00:00,09,03,2012,06,17.464
09.03.2012-09:00:00,09,03,2012,09,17.382
09.03.2012-12:00:00,09,03,2012,12,17.301
09.03.2012-15:00:00,09,03,2012,15,17.221
09.03.2012-18:00:00,09,03,2012,18,17.141
09.03.2012-21:00:00,09,03,2012,21,17.062
09.04.2012-00:00:00,09,04,2012,00,16.983
09.04.2012-03:00:00,09,04,2012,03,16.907
09.04.2012-06:00:00,09,04,2012,06,16.829
09.04.2012-09:00:00,09,04,2012,09,16.754
09.04.2012-12:00:00,09,04,2012,12,16.678
09.04.2012-15:00:00,09,04,2012,15,16.605
09.04.2012-18:00:00,09,04,2012,18,16.533
09.04.2012-21:00:00,09,04,2012,21,16.46
09.05.2012-00:00:00,09,05,2012,00,16.386
09.05.2012-03:00:00,09,05,2012,03,16.312
09.05.2012-06:00:00,09,05,2012,06,16.238
09.05.2012-09:00:00,09,05,2012,09,16.168
09.05.2012-12:00:00,09,05,2012,12,16.095
09.05.2012-15:00:00,09,05,2012,15,16.025
09.05.2012-18:00:00,09,05,2012,18,15.954
09.05.2012-21:00:00,09,05,2012,21,15.883
09.06.2012-00:00:00,09,06,2012,00,15.813
09.06.2012-03:00:00,09,06,2012,03,15.743
09.06.2012-06:00:00,09,06,2012,06,15.673
09.06.2012-09:00:00,09,06,2012,09,15.604
09.06.2012-12:00:00,09,06,2012,12,15.538
09.06.2012-15:00:00,09,06,2012,15,15.47
09.06.2012-18:00:00,09,06,2012,18,15.402
09.06.2012-21:00:00,09,06,2012,21,15.335
09.07.2012-00:00:00,09,07,2012,00,15.27
09.07.2012-03:00:00,09,07,2012,03,15.204
09.07.2012-06:00:00,09,07,2012,06,15.138
09.07.2012-09:00:00,09,07,2012,09,15.073
09.07.2012-12:00:00,09,07,2012,12,15.008
09.07.2012-15:00:00,09,07,2012,15,14.943
09.07.2012-18:00:00,09,07,2012,18,14.879
09.07.2012-21:00:00,09,07,2012,21,14.817
09.08.2012-00:00:00,09,08,2012,00,14.756
09.08.2012-03:00:00,09,08,2012,03,14.694
09.08.2012-06:00:00,09,08,2012,06,14.631
09.08.2012-09:00:00,09,08,2012,09,14.569
09.08.2012-12:00:00,09,08,2012,12,14.507
09.08.2012-15:00:00,09,08,2012,15,14.446
09.08.2012-18:00:00,09,08,2012,18,14.385
09.08.2012-21:00:00,09,08,2012,21,14.325
09.09.2012-00:00:00,09,09,2012,00,14.265
09.09.2012-03:00:00,09,09,2012,03,14.205
09.09.2012-06:00:00,09,09,2012,06,14.148
09.09.2012-09:00:00,09,09,2012,09,14.089
09.09.2012-12:00:00,09,09,2012,12,14.031
09.09.2012-15:00:00,09,09,2012,15,13.973
09.09.2012-18:00:00,09,09,2012,18,13.915
09.09.2012-21:00:00,09,09,2012,21,13.858
09.10.2012-00:00:00,09,10,2012,00,13.801
09.10.2012-03:00:00,09,10,2012,03,13.744
09.10.2012-06:00:00,09,10,2012,06,13.691
09.10.2012-09:00:00,09,10,2012,09,13.635
09.10.2012-12:00:00,09,10,2012,12,13.582
09.10.2012-15:00:00,09,10,2012,15,13.527
09.10.2012-18:00:00,09,10,2012,18,13.474
09.10.2012-21:00:00,09,10,2012,21,13.421
09.11.2012-00:00:00,09,11,2012,00,13.367
09.11.2012-03:00:00,09,11,2012,03,13.313
09.11.2012-06:00:00,09,11,2012,06,13.259
09.11.2012-09:00:00,09,11,2012,09,13.263
09.11.2012-12:00:00,09,11,2012,12,13.156
09.11.2012-15:00:00,09,11,2012,15,13.1
09.11.2012-18:00:00,09,11,2012,18,13.048
09.11.2012-21:00:00,09,11,2012,21,12.998
09.12.2012-00:00:00,09,12,2012,00,12.946
09.12.2012-03:00:00,09,12,2012,03,12.895
09.12.2012-06:00:00,09,12,2012,06,12.844
09.12.2012-09:00:00,09,12,2012,09,12.793
09.12.2012-12:00:00,09,12,2012,12,12.743
09.12.2012-15:00:00,09,12,2012,15,12.693
09.12.2012-18:00:00,09,12,2012,18,12.643
09.12.2012-21:00:00,09,12,2012,21,12.594
09.13.2012-00:00:00,09,13,2012,00,12.544
09.13.2012-03:00:00,09,13,2012,03,12.496
09.13.2012-06:00:00,09,13,2012,06,12.447
09.13.2012-09:00:00,09,13,2012,09,12.399
09.13.2012-12:00:00,09,13,2012,12,12.351
09.13.2012-15:00:00,09,13,2012,15,12.303
09.13.2012-18:00:00,09,13,2012,18,12.256
09.13.2012-21:00:00,09,13,2012,21,12.208
09.14.2012-00:00:00,09,14,2012,00,12.163
09.14.2012-03:00:00,09,14,2012,03,12.118
09.14.2012-06:00:00,09,14,2012,06,12.072
09.14.2012-09:00:00,09,14,2012,09,12.027
09.14.2012-12:00:00,09,14,2012,12,11.982
09.14.2012-15:00:00,09,14,2012,15,11.937
09.14.2012-18:00:00,09,14,2012,18,11.891
09.14.2012-21:00:00,09,14,2012,21,11.846
09.15.2012-00:00:00,09,15,2012,00,11.802
09.15.2012-03:00:00,09,15,2012,03,11.757
09.15.2012-06:00:00,09,15,2012,06,11.713
09.15.2012-09:00:00,09,15,2012,09,11.669
09.15.2012-12:00:00,09,15,2012,12,11.625
09.15.2012-15:00:00,09,15,2012,15,11.582
09.15.2012-18:00:00,09,15,2012,18,11.539
09.15.2012-21:00:00,09,15,2012,21,11.496
09.16.2012-00:00:00,09,16,2012,00,11.453
09.16.2012-03:00:00,09,16,2012,03,11.41
09.16.2012-06:00:00,09,16,2012,06,11.368
09.16.2012-09:00:00,09,16,2012,09,11.326
09.16.2012-12:00:00,09,16,2012,12,11.284
09.16.2012-15:00:00,09,16,2012,15,11.243
09.16.2012-18:00:00,09,16,2012,18,11.202
09.16.2012-21:00:00,09,16,2012,21,11.161
09.17.2012-00:00:00,09,17,2012,00,11.12
09.17.2012-03:00:00,09,17,2012,03,11.079
09.17.2012-06:00:00,09,17,2012,06,11.039
09.17.2012-09:00:00,09,17,2012,09,10.999
09.17.2012-12:00:00,09,17,2012,12,10.959
09.17.2012-15:00:00,09,17,2012,15,10.919
09.17.2012-18:00:00,09,17,2012,18,10.88
09.17.2012-21:00:00,09,17,2012,21,10.841
09.18.2012-00:00:00,09,18,2012,00,10.801
09.18.2012-03:00:00,09,18,2012,03,10.763
09.18.2012-06:00:00,09,18,2012,06,10.724
09.18.2012-09:00:00,09,18,2012,09,10.686
09.18.2012-12:00:00,09,18,2012,12,10.648
09.18.2012-15:00:00,09,18,2012,15,10.61
09.18.2012-18:00:00,09,18,2012,18,10.572
09.18.2012-21:00:00,09,18,2012,21,10.534
09.19.2012-00:00:00,09,19,2012,00,10.497
09.19.2012-03:00:00,09,19,2012,03,10.46
09.19.2012-06:00:00,09,19,2012,06,10.423
09.19.2012-09:00:00,09,19,2012,09,10.386
09.19.2012-12:00:00,09,19,2012,12,10.35
09.19.2012-15:00:00,09,19,2012,15,10.313
09.19.2012-18:00:00,09,19,2012,18,10.277
09.19.2012-21:00:00,09,19,2012,21,10.241
09.20.2012-00:00:00,09,20,2012,00,10.206
09.20.2012-03:00:00,09,20,2012,03,10.17
09.20.2012-06:00:00,09,20,2012,06,10.135
09.20.2012-09:00:00,09,20,2012,09,10.099
09.20.2012-12:00:00,09,20,2012,12,10.064
09.20.2012-15:00:00,09,20,2012,15,10.03
09.20.2012-18:00:00,09,20,2012,18,9.9951
09.20.2012-21:00:00,09,20,2012,21,9.9606
09.21.2012-00:00:00,09,21,2012,00,9.9264
09.21.2012-03:00:00,09,21,2012,03,9.8923
09.21.2012-06:00:00,09,21,2012,06,9.8584
09.21.2012-09:00:00,09,21,2012,09,9.8247
09.21.2012-12:00:00,09,21,2012,12,9.7912
09.21.2012-15:00:00,09,21,2012,15,9.7578
09.21.2012-18:00:00,09,21,2012,18,9.7246
09.21.2012-21:00:00,09,21,2012,21,9.6916
09.22.2012-00:00:00,09,22,2012,00,9.6588
09.22.2012-03:00:00,09,22,2012,03,9.6261
09.22.2012-06:00:00,09,22,2012,06,9.5936
09.22.2012-09:00:00,09,22,2012,09,9.5613
09.22.2012-12:00:00,09,22,2012,12,9.5291
09.22.2012-15:00:00,09,22,2012,15,9.4971
09.22.2012-18:00:00,09,22,2012,18,9.4653
09.22.2012-21:00:00,09,22,2012,21,9.4337
09.23.2012-00:00:00,09,23,2012,00,9.4021
09.23.2012-03:00:00,09,23,2012,03,9.3708
09.23.2012-06:00:00,09,23,2012,06,9.3396
09.23.2012-09:00:00,09,23,2012,09,9.3086
09.23.2012-12:00:00,09,23,2012,12,9.2777
09.23.2012-15:00:00,09,23,2012,15,9.247
09.23.2012-18:00:00,09,23,2012,18,9.2165
09.23.2012-21:00:00,09,23,2012,21,9.1861
09.24.2012-00:00:00,09,24,2012,00,9.1558
09.24.2012-03:00:00,09,24,2012,03,9.1257
09.24.2012-06:00:00,09,24,2012,06,9.0958
09.24.2012-09:00:00,09,24,2012,09,9.066
09.24.2012-12:00:00,09,24,2012,12,9.0364
09.24.2012-15:00:00,09,24,2012,15,9.0069
09.24.2012-18:00:00,09,24,2012,18,8.9775
09.24.2012-21:00:00,09,24,2012,21,8.9483
09.25.2012-00:00:00,09,25,2012,00,8.9193
09.25.2012-03:00:00,09,25,2012,03,8.8904
09.25.2012-06:00:00,09,25,2012,06,8.8616
09.25.2012-09:00:00,09,25,2012,09,8.833
09.25.2012-12:00:00,09,25,2012,12,8.8045
09.25.2012-15:00:00,09,25,2012,15,8.7762
09.25.2012-18:00:00,09,25,2012,18,8.748
09.25.2012-21:00:00,09,25,2012,21,8.7199
09.26.2012-00:00:00,09,26,2012,00,8.692
09.26.2012-03:00:00,09,26,2012,03,8.6642
09.26.2012-06:00:00,09,26,2012,06,8.6366
09.26.2012-09:00:00,09,26,2012,09,8.609
09.26.2012-12:00:00,09,26,2012,12,8.5817
09.26.2012-15:00:00,09,26,2012,15,8.5544
09.26.2012-18:00:00,09,26,2012,18,8.5273
09.26.2012-21:00:00,09,26,2012,21,8.5003
09.27.2012-00:00:00,09,27,2012,00,8.4735
09.27.2012-03:00:00,09,27,2012,03,8.4468
09.27.2012-06:00:00,09,27,2012,06,8.4202
09.27.2012-09:00:00,09,27,2012,09,8.3937
09.27.2012-12:00:00,09,27,2012,12,8.3674
09.27.2012-15:00:00,09,27,2012,15,8.3411
09.27.2012-18:00:00,09,27,2012,18,8.3151
09.27.2012-21:00:00,09,27,2012,21,8.2891
09.28.2012-00:00:00,09,28,2012,00,8.2633
09.28.2012-03:00:00,09,28,2012,03,8.2375
09.28.2012-06:00:00,09,28,2012,06,8.212
09.28.2012-09:00:00,09,28,2012,09,8.1865
09.28.2012-12:00:00,09,28,2012,12,8.1611
09.28.2012-15:00:00,09,28,2012,15,8.1359
09.28.2012-18:00:00,09,28,2012,18,8.1108
09.28.2012-21:00:00,09,28,2012,21,8.0858
09.29.2012-00:00:00,09,29,2012,00,8.0609
09.29.2012-03:00:00,09,29,2012,03,8.0362
09.29.2012-06:00:00,09,29,2012,06,8.0115
09.29.2012-09:00:00,09,29,2012,09,7.987
09.29.2012-12:00:00,09,29,2012,12,7.9626
09.29.2012-15:00:00,09,29,2012,15,7.9383
09.29.2012-18:00:00,09,29,2012,18,7.9141
09.29.2012-21:00:00,09,29,2012,21,7.8901
09.30.2012-00:00:00,09,30,2012,00,7.8661
09.30.2012-03:00:00,09,30,2012,03,7.8422
09.30.2012-06:00:00,09,30,2012,06,7.8185
09.30.2012-09:00:00,09,30,2012,09,7.7949
09.30.2012-12:00:00,09,30,2012,12,7.7714
09.30.2012-15:00:00,09,30,2012,15,7.748
09.30.2012-18:00:00,09,30,2012,18,7.7247
09.30.2012-21:00:00,09,30,2012,21,7.7015
