TIMESTAMP,MONTH,DAY,YEAR,HOUR,C
10.01.2001-00:00:00,10,01,2001,00,17.616
10.01.2001-03:00:00,10,01,2001,03,17.607
10.01.2001-06:00:00,10,01,2001,06,17.585
10.01.2001-09:00:00,10,01,2001,09,17.473
10.01.2001-12:00:00,10,01,2001,12,17.35
10.01.2001-15:00:00,10,01,2001,15,17.273
10.01.2001-18:00:00,10,01,2001,18,17.258
10.01.2001-21:00:00,10,01,2001,21,17.245
10.02.2001-00:00:00,10,02,2001,00,17.233
10.02.2001-03:00:00,10,02,2001,03,17.222
10.02.2001-06:00:00,10,02,2001,06,17.199
10.02.2001-09:00:00,10,02,2001,09,17.092
10.02.2001-12:00:00,10,02,2001,12,16.975
10.02.2001-15:00:00,10,02,2001,15,16.899
10.02.2001-18:00:00,10,02,2001,18,16.884
10.02.2001-21:00:00,10,02,2001,21,16.872
10.03.2001-00:00:00,10,03,2001,00,16.861
10.03.2001-03:00:00,10,03,2001,03,16.851
10.03.2001-06:00:00,10,03,2001,06,16.833
10.03.2001-09:00:00,10,03,2001,09,16.732
10.03.2001-12:00:00,10,03,2001,12,16.62
10.03.2001-15:00:00,10,03,2001,15,16.553
10.03.2001-18:00:00,10,03,2001,18,16.539
10.03.2001-21:00:00,10,03,2001,21,16.527
10.04.2001-00:00:00,10,04,2001,00,16.517
10.04.2001-03:00:00,10,04,2001,03,16.509
10.04.2001-06:00:00,10,04,2001,06,16.494
10.04.2001-09:00:00,10,04,2001,09,16.407
10.04.2001-12:00:00,10,04,2001,12,16.313
10.04.2001-15:00:00,10,04,2001,15,16.259
10.04.2001-18:00:00,10,04,2001,18,16.246
10.04.2001-21:00:00,10,04,2001,21,16.236
10.05.2001-00:00:00,10,05,2001,00,16.227
10.05.2001-03:00:00,10,05,2001,03,16.218
10.05.2001-06:00:00,10,05,2001,06,16.209
10.05.2001-09:00:00,10,05,2001,09,16.133
10.05.2001-12:00:00,10,05,2001,12,16.048
10.05.2001-15:00:00,10,05,2001,15,16.003
10.05.2001-18:00:00,10,05,2001,18,15.991
10.05.2001-21:00:00,10,05,2001,21,15.981
10.06.2001-00:00:00,10,06,2001,00,15.971
10.06.2001-03:00:00,10,06,2001,03,15.961
10.06.2001-06:00:00,10,06,2001,06,15.951
10.06.2001-09:00:00,10,06,2001,09,15.882
10.06.2001-12:00:00,10,06,2001,12,15.805
10.06.2001-15:00:00,10,06,2001,15,15.763
10.06.2001-18:00:00,10,06,2001,18,15.75
10.06.2001-21:00:00,10,06,2001,21,15.739
10.07.2001-00:00:00,10,07,2001,00,15.728
10.07.2001-03:00:00,10,07,2001,03,15.717
10.07.2001-06:00:00,10,07,2001,06,15.706
10.07.2001-09:00:00,10,07,2001,09,15.651
10.07.2001-12:00:00,10,07,2001,12,15.588
10.07.2001-15:00:00,10,07,2001,15,15.551
10.07.2001-18:00:00,10,07,2001,18,15.537
10.07.2001-21:00:00,10,07,2001,21,15.525
10.08.2001-00:00:00,10,08,2001,00,15.513
10.08.2001-03:00:00,10,08,2001,03,15.501
10.08.2001-06:00:00,10,08,2001,06,15.489
10.08.2001-09:00:00,10,08,2001,09,15.46
10.08.2001-12:00:00,10,08,2001,12,15.398
10.08.2001-15:00:00,10,08,2001,15,15.36
10.08.2001-18:00:00,10,08,2001,18,15.345
10.08.2001-21:00:00,10,08,2001,21,15.33
10.09.2001-00:00:00,10,09,2001,00,15.313
10.09.2001-03:00:00,10,09,2001,03,15.299
10.09.2001-06:00:00,10,09,2001,06,15.277
10.09.2001-09:00:00,10,09,2001,09,15.214
10.09.2001-12:00:00,10,09,2001,12,15.145
10.09.2001-15:00:00,10,09,2001,15,15.101
10.09.2001-18:00:00,10,09,2001,18,15.084
10.09.2001-21:00:00,10,09,2001,21,15.07
10.10.2001-00:00:00,10,10,2001,00,15.057
10.10.2001-03:00:00,10,10,2001,03,15.043
10.10.2001-06:00:00,10,10,2001,06,15.03
10.10.2001-09:00:00,10,10,2001,09,15.019
10.10.2001-12:00:00,10,10,2001,12,15.052
10.10.2001-15:00:00,10,10,2001,15,15.075
10.10.2001-18:00:00,10,10,2001,18,15.078
10.10.2001-21:00:00,10,10,2001,21,15.063
10.11.2001-00:00:00,10,11,2001,00,15.048
10.11.2001-03:00:00,10,11,2001,03,15.032
10.11.2001-06:00:00,10,11,2001,06,15.016
10.11.2001-09:00:00,10,11,2001,09,15.005
10.11.2001-12:00:00,10,11,2001,12,15.039
10.11.2001-15:00:00,10,11,2001,15,15.113
10.11.2001-18:00:00,10,11,2001,18,15.197
10.11.2001-21:00:00,10,11,2001,21,15.242
10.12.2001-00:00:00,10,12,2001,00,15.224
10.12.2001-03:00:00,10,12,2001,03,15.204
10.12.2001-06:00:00,10,12,2001,06,15.184
10.12.2001-09:00:00,10,12,2001,09,15.178
10.12.2001-12:00:00,10,12,2001,12,15.237
10.12.2001-15:00:00,10,12,2001,15,15.38
10.12.2001-18:00:00,10,12,2001,18,15.542
10.12.2001-21:00:00,10,12,2001,21,15.668
10.13.2001-00:00:00,10,13,2001,00,15.694
10.13.2001-03:00:00,10,13,2001,03,15.709
10.13.2001-06:00:00,10,13,2001,06,15.683
10.13.2001-09:00:00,10,13,2001,09,15.603
10.13.2001-12:00:00,10,13,2001,12,15.525
10.13.2001-15:00:00,10,13,2001,15,15.461
10.13.2001-18:00:00,10,13,2001,18,15.428
10.13.2001-21:00:00,10,13,2001,21,15.397
10.14.2001-00:00:00,10,14,2001,00,15.37
10.14.2001-03:00:00,10,14,2001,03,15.343
10.14.2001-06:00:00,10,14,2001,06,15.317
10.14.2001-09:00:00,10,14,2001,09,15.277
10.14.2001-12:00:00,10,14,2001,12,15.207
10.14.2001-15:00:00,10,14,2001,15,15.153
10.14.2001-18:00:00,10,14,2001,18,15.127
10.14.2001-21:00:00,10,14,2001,21,15.097
10.15.2001-00:00:00,10,15,2001,00,15.078
10.15.2001-03:00:00,10,15,2001,03,15.052
10.15.2001-06:00:00,10,15,2001,06,15.027
10.15.2001-09:00:00,10,15,2001,09,14.958
10.15.2001-12:00:00,10,15,2001,12,14.879
10.15.2001-15:00:00,10,15,2001,15,14.832
10.15.2001-18:00:00,10,15,2001,18,14.806
10.15.2001-21:00:00,10,15,2001,21,14.782
10.16.2001-00:00:00,10,16,2001,00,14.757
10.16.2001-03:00:00,10,16,2001,03,14.733
10.16.2001-06:00:00,10,16,2001,06,14.708
10.16.2001-09:00:00,10,16,2001,09,14.639
10.16.2001-12:00:00,10,16,2001,12,14.56
10.16.2001-15:00:00,10,16,2001,15,14.512
10.16.2001-18:00:00,10,16,2001,18,14.487
10.16.2001-21:00:00,10,16,2001,21,14.462
10.17.2001-00:00:00,10,17,2001,00,14.439
10.17.2001-03:00:00,10,17,2001,03,14.415
10.17.2001-06:00:00,10,17,2001,06,14.392
10.17.2001-09:00:00,10,17,2001,09,14.34
10.17.2001-12:00:00,10,17,2001,12,14.283
10.17.2001-15:00:00,10,17,2001,15,14.245
10.17.2001-18:00:00,10,17,2001,18,14.221
10.17.2001-21:00:00,10,17,2001,21,14.196
10.18.2001-00:00:00,10,18,2001,00,14.173
10.18.2001-03:00:00,10,18,2001,03,14.15
10.18.2001-06:00:00,10,18,2001,06,14.122
10.18.2001-09:00:00,10,18,2001,09,14.054
10.18.2001-12:00:00,10,18,2001,12,13.979
10.18.2001-15:00:00,10,18,2001,15,13.931
10.18.2001-18:00:00,10,18,2001,18,13.906
10.18.2001-21:00:00,10,18,2001,21,13.882
10.19.2001-00:00:00,10,19,2001,00,13.863
10.19.2001-03:00:00,10,19,2001,03,13.839
10.19.2001-06:00:00,10,19,2001,06,13.818
10.19.2001-09:00:00,10,19,2001,09,13.782
10.19.2001-12:00:00,10,19,2001,12,13.707
10.19.2001-15:00:00,10,19,2001,15,13.66
10.19.2001-18:00:00,10,19,2001,18,13.637
10.19.2001-21:00:00,10,19,2001,21,13.616
10.20.2001-00:00:00,10,20,2001,00,13.592
10.20.2001-03:00:00,10,20,2001,03,13.571
10.20.2001-06:00:00,10,20,2001,06,13.551
10.20.2001-09:00:00,10,20,2001,09,13.49
10.20.2001-12:00:00,10,20,2001,12,13.422
10.20.2001-15:00:00,10,20,2001,15,13.381
10.20.2001-18:00:00,10,20,2001,18,13.36
10.20.2001-21:00:00,10,20,2001,21,13.339
10.21.2001-00:00:00,10,21,2001,00,13.319
10.21.2001-03:00:00,10,21,2001,03,13.3
10.21.2001-06:00:00,10,21,2001,06,13.28
10.21.2001-09:00:00,10,21,2001,09,13.266
10.21.2001-12:00:00,10,21,2001,12,13.243
10.21.2001-15:00:00,10,21,2001,15,13.228
10.21.2001-18:00:00,10,21,2001,18,13.181
10.21.2001-21:00:00,10,21,2001,21,13.161
10.22.2001-00:00:00,10,22,2001,00,13.141
10.22.2001-03:00:00,10,22,2001,03,13.121
10.22.2001-06:00:00,10,22,2001,06,13.102
10.22.2001-09:00:00,10,22,2001,09,13.114
10.22.2001-12:00:00,10,22,2001,12,13.18
10.22.2001-15:00:00,10,22,2001,15,13.24
10.22.2001-18:00:00,10,22,2001,18,13.266
10.22.2001-21:00:00,10,22,2001,21,13.246
10.23.2001-00:00:00,10,23,2001,00,13.224
10.23.2001-03:00:00,10,23,2001,03,13.202
10.23.2001-06:00:00,10,23,2001,06,13.18
10.23.2001-09:00:00,10,23,2001,09,13.189
10.23.2001-12:00:00,10,23,2001,12,13.288
10.23.2001-15:00:00,10,23,2001,15,13.498
10.23.2001-18:00:00,10,23,2001,18,13.631
10.23.2001-21:00:00,10,23,2001,21,13.613
10.24.2001-00:00:00,10,24,2001,00,13.586
10.24.2001-03:00:00,10,24,2001,03,13.559
10.24.2001-06:00:00,10,24,2001,06,13.532
10.24.2001-09:00:00,10,24,2001,09,13.502
10.24.2001-12:00:00,10,24,2001,12,13.461
10.24.2001-15:00:00,10,24,2001,15,13.431
10.24.2001-18:00:00,10,24,2001,18,13.405
10.24.2001-21:00:00,10,24,2001,21,13.379
10.25.2001-00:00:00,10,25,2001,00,13.353
10.25.2001-03:00:00,10,25,2001,03,13.327
10.25.2001-06:00:00,10,25,2001,06,13.301
10.25.2001-09:00:00,10,25,2001,09,13.276
10.25.2001-12:00:00,10,25,2001,12,13.282
10.25.2001-15:00:00,10,25,2001,15,13.304
10.25.2001-18:00:00,10,25,2001,18,13.315
10.25.2001-21:00:00,10,25,2001,21,13.321
10.26.2001-00:00:00,10,26,2001,00,13.294
10.26.2001-03:00:00,10,26,2001,03,13.268
10.26.2001-06:00:00,10,26,2001,06,13.241
10.26.2001-09:00:00,10,26,2001,09,13.214
10.26.2001-12:00:00,10,26,2001,12,13.199
10.26.2001-15:00:00,10,26,2001,15,13.199
10.26.2001-18:00:00,10,26,2001,18,13.196
10.26.2001-21:00:00,10,26,2001,21,13.17
10.27.2001-00:00:00,10,27,2001,00,13.143
10.27.2001-03:00:00,10,27,2001,03,13.116
10.27.2001-06:00:00,10,27,2001,06,13.09
10.27.2001-09:00:00,10,27,2001,09,13.059
10.27.2001-12:00:00,10,27,2001,12,13.016
10.27.2001-15:00:00,10,27,2001,15,12.986
10.27.2001-18:00:00,10,27,2001,18,12.96
10.27.2001-21:00:00,10,27,2001,21,12.934
10.28.2001-00:00:00,10,28,2001,00,12.909
10.28.2001-03:00:00,10,28,2001,03,12.883
10.28.2001-06:00:00,10,28,2001,06,12.858
10.28.2001-09:00:00,10,28,2001,09,12.826
10.28.2001-12:00:00,10,28,2001,12,12.787
10.28.2001-15:00:00,10,28,2001,15,12.76
10.28.2001-18:00:00,10,28,2001,18,12.735
10.28.2001-21:00:00,10,28,2001,21,12.71
10.29.2001-00:00:00,10,29,2001,00,12.686
10.29.2001-03:00:00,10,29,2001,03,12.661
10.29.2001-06:00:00,10,29,2001,06,12.637
10.29.2001-09:00:00,10,29,2001,09,12.608
10.29.2001-12:00:00,10,29,2001,12,12.576
10.29.2001-15:00:00,10,29,2001,15,12.552
10.29.2001-18:00:00,10,29,2001,18,12.528
10.29.2001-21:00:00,10,29,2001,21,12.504
10.30.2001-00:00:00,10,30,2001,00,12.48
10.30.2001-03:00:00,10,30,2001,03,12.456
10.30.2001-06:00:00,10,30,2001,06,12.433
10.30.2001-09:00:00,10,30,2001,09,12.409
10.30.2001-12:00:00,10,30,2001,12,12.386
10.30.2001-15:00:00,10,30,2001,15,12.363
10.30.2001-18:00:00,10,30,2001,18,12.339
10.30.2001-21:00:00,10,30,2001,21,12.316
10.31.2001-00:00:00,10,31,2001,00,12.293
10.31.2001-03:00:00,10,31,2001,03,12.27
10.31.2001-06:00:00,10,31,2001,06,12.247
10.31.2001-09:00:00,10,31,2001,09,12.237
10.31.2001-12:00:00,10,31,2001,12,12.39
10.31.2001-15:00:00,10,31,2001,15,12.65
10.31.2001-18:00:00,10,31,2001,18,12.83
10.31.2001-21:00:00,10,31,2001,21,12.815
11.01.2001-00:00:00,11,01,2001,00,12.786
11.01.2001-03:00:00,11,01,2001,03,12.757
11.01.2001-06:00:00,11,01,2001,06,12.729
11.01.2001-09:00:00,11,01,2001,09,12.698
11.01.2001-12:00:00,11,01,2001,12,12.663
11.01.2001-15:00:00,11,01,2001,15,12.633
11.01.2001-18:00:00,11,01,2001,18,12.605
11.01.2001-21:00:00,11,01,2001,21,12.578
11.02.2001-00:00:00,11,02,2001,00,12.55
11.02.2001-03:00:00,11,02,2001,03,12.523
11.02.2001-06:00:00,11,02,2001,06,12.495
11.02.2001-09:00:00,11,02,2001,09,12.464
11.02.2001-12:00:00,11,02,2001,12,12.428
11.02.2001-15:00:00,11,02,2001,15,12.399
11.02.2001-18:00:00,11,02,2001,18,12.372
11.02.2001-21:00:00,11,02,2001,21,12.346
11.03.2001-00:00:00,11,03,2001,00,12.32
11.03.2001-03:00:00,11,03,2001,03,12.294
11.03.2001-06:00:00,11,03,2001,06,12.268
11.03.2001-09:00:00,11,03,2001,09,12.237
11.03.2001-12:00:00,11,03,2001,12,12.202
11.03.2001-15:00:00,11,03,2001,15,12.175
11.03.2001-18:00:00,11,03,2001,18,12.15
11.03.2001-21:00:00,11,03,2001,21,12.125
11.04.2001-00:00:00,11,04,2001,00,12.1
11.04.2001-03:00:00,11,04,2001,03,12.075
11.04.2001-06:00:00,11,04,2001,06,12.051
11.04.2001-09:00:00,11,04,2001,09,12.021
11.04.2001-12:00:00,11,04,2001,12,11.987
11.04.2001-15:00:00,11,04,2001,15,11.961
11.04.2001-18:00:00,11,04,2001,18,11.937
11.04.2001-21:00:00,11,04,2001,21,11.913
11.05.2001-00:00:00,11,05,2001,00,11.889
11.05.2001-03:00:00,11,05,2001,03,11.866
11.05.2001-06:00:00,11,05,2001,06,11.842
11.05.2001-09:00:00,11,05,2001,09,11.816
11.05.2001-12:00:00,11,05,2001,12,11.786
11.05.2001-15:00:00,11,05,2001,15,11.762
11.05.2001-18:00:00,11,05,2001,18,11.739
11.05.2001-21:00:00,11,05,2001,21,11.716
11.06.2001-00:00:00,11,06,2001,00,11.694
11.06.2001-03:00:00,11,06,2001,03,11.671
11.06.2001-06:00:00,11,06,2001,06,11.649
11.06.2001-09:00:00,11,06,2001,09,11.625
11.06.2001-12:00:00,11,06,2001,12,11.597
11.06.2001-15:00:00,11,06,2001,15,11.575
11.06.2001-18:00:00,11,06,2001,18,11.553
11.06.2001-21:00:00,11,06,2001,21,11.531
11.07.2001-00:00:00,11,07,2001,00,11.509
11.07.2001-03:00:00,11,07,2001,03,11.488
11.07.2001-06:00:00,11,07,2001,06,11.466
11.07.2001-09:00:00,11,07,2001,09,11.444
11.07.2001-12:00:00,11,07,2001,12,11.42
11.07.2001-15:00:00,11,07,2001,15,11.399
11.07.2001-18:00:00,11,07,2001,18,11.377
11.07.2001-21:00:00,11,07,2001,21,11.356
11.08.2001-00:00:00,11,08,2001,00,11.335
11.08.2001-03:00:00,11,08,2001,03,11.314
11.08.2001-06:00:00,11,08,2001,06,11.294
11.08.2001-09:00:00,11,08,2001,09,11.271
11.08.2001-12:00:00,11,08,2001,12,11.245
11.08.2001-15:00:00,11,08,2001,15,11.225
11.08.2001-18:00:00,11,08,2001,18,11.204
11.08.2001-21:00:00,11,08,2001,21,11.184
11.09.2001-00:00:00,11,09,2001,00,11.164
11.09.2001-03:00:00,11,09,2001,03,11.144
11.09.2001-06:00:00,11,09,2001,06,11.124
11.09.2001-09:00:00,11,09,2001,09,11.102
11.09.2001-12:00:00,11,09,2001,12,11.078
11.09.2001-15:00:00,11,09,2001,15,11.058
11.09.2001-18:00:00,11,09,2001,18,11.039
11.09.2001-21:00:00,11,09,2001,21,11.019
11.10.2001-00:00:00,11,10,2001,00,10.999
11.10.2001-03:00:00,11,10,2001,03,10.98
11.10.2001-06:00:00,11,10,2001,06,10.961
11.10.2001-09:00:00,11,10,2001,09,10.94
11.10.2001-12:00:00,11,10,2001,12,10.917
11.10.2001-15:00:00,11,10,2001,15,10.898
11.10.2001-18:00:00,11,10,2001,18,10.879
11.10.2001-21:00:00,11,10,2001,21,10.86
11.11.2001-00:00:00,11,11,2001,00,10.841
11.11.2001-03:00:00,11,11,2001,03,10.822
11.11.2001-06:00:00,11,11,2001,06,10.803
11.11.2001-09:00:00,11,11,2001,09,10.783
11.11.2001-12:00:00,11,11,2001,12,10.761
11.11.2001-15:00:00,11,11,2001,15,10.742
11.11.2001-18:00:00,11,11,2001,18,10.724
11.11.2001-21:00:00,11,11,2001,21,10.705
11.12.2001-00:00:00,11,12,2001,00,10.687
11.12.2001-03:00:00,11,12,2001,03,10.669
11.12.2001-06:00:00,11,12,2001,06,10.65
11.12.2001-09:00:00,11,12,2001,09,10.632
11.12.2001-12:00:00,11,12,2001,12,10.613
11.12.2001-15:00:00,11,12,2001,15,10.595
11.12.2001-18:00:00,11,12,2001,18,10.577
11.12.2001-21:00:00,11,12,2001,21,10.559
11.13.2001-00:00:00,11,13,2001,00,10.541
11.13.2001-03:00:00,11,13,2001,03,10.523
11.13.2001-06:00:00,11,13,2001,06,10.505
11.13.2001-09:00:00,11,13,2001,09,10.488
11.13.2001-12:00:00,11,13,2001,12,10.47
11.13.2001-15:00:00,11,13,2001,15,10.453
11.13.2001-18:00:00,11,13,2001,18,10.435
11.13.2001-21:00:00,11,13,2001,21,10.418
11.14.2001-00:00:00,11,14,2001,00,10.415
11.14.2001-03:00:00,11,14,2001,03,10.454
11.14.2001-06:00:00,11,14,2001,06,10.544
11.14.2001-09:00:00,11,14,2001,09,11.157
11.14.2001-12:00:00,11,14,2001,12,12.058
11.14.2001-15:00:00,11,14,2001,15,12.809
11.14.2001-18:00:00,11,14,2001,18,13.574
11.14.2001-21:00:00,11,14,2001,21,14.322
11.15.2001-00:00:00,11,15,2001,00,14.441
11.15.2001-03:00:00,11,15,2001,03,14.435
11.15.2001-06:00:00,11,15,2001,06,14.407
11.15.2001-09:00:00,11,15,2001,09,14.376
11.15.2001-12:00:00,11,15,2001,12,14.376
11.15.2001-15:00:00,11,15,2001,15,14.379
11.15.2001-18:00:00,11,15,2001,18,14.39
11.15.2001-21:00:00,11,15,2001,21,14.401
11.16.2001-00:00:00,11,16,2001,00,14.384
11.16.2001-03:00:00,11,16,2001,03,14.363
11.16.2001-06:00:00,11,16,2001,06,14.337
11.16.2001-09:00:00,11,16,2001,09,14.3
11.16.2001-12:00:00,11,16,2001,12,14.259
11.16.2001-15:00:00,11,16,2001,15,14.223
11.16.2001-18:00:00,11,16,2001,18,14.188
11.16.2001-21:00:00,11,16,2001,21,14.154
11.17.2001-00:00:00,11,17,2001,00,14.12
11.17.2001-03:00:00,11,17,2001,03,14.086
11.17.2001-06:00:00,11,17,2001,06,14.053
11.17.2001-09:00:00,11,17,2001,09,14.018
11.17.2001-12:00:00,11,17,2001,12,13.978
11.17.2001-15:00:00,11,17,2001,15,13.945
11.17.2001-18:00:00,11,17,2001,18,13.913
11.17.2001-21:00:00,11,17,2001,21,13.882
11.18.2001-00:00:00,11,18,2001,00,13.851
11.18.2001-03:00:00,11,18,2001,03,13.82
11.18.2001-06:00:00,11,18,2001,06,13.789
11.18.2001-09:00:00,11,18,2001,09,13.759
11.18.2001-12:00:00,11,18,2001,12,13.727
11.18.2001-15:00:00,11,18,2001,15,13.698
11.18.2001-18:00:00,11,18,2001,18,13.668
11.18.2001-21:00:00,11,18,2001,21,13.639
11.19.2001-00:00:00,11,19,2001,00,13.61
11.19.2001-03:00:00,11,19,2001,03,13.582
11.19.2001-06:00:00,11,19,2001,06,13.553
11.19.2001-09:00:00,11,19,2001,09,13.525
11.19.2001-12:00:00,11,19,2001,12,13.497
11.19.2001-15:00:00,11,19,2001,15,13.47
11.19.2001-18:00:00,11,19,2001,18,13.442
11.19.2001-21:00:00,11,19,2001,21,13.415
11.20.2001-00:00:00,11,20,2001,00,13.388
11.20.2001-03:00:00,11,20,2001,03,13.361
11.20.2001-06:00:00,11,20,2001,06,13.335
11.20.2001-09:00:00,11,20,2001,09,13.308
11.20.2001-12:00:00,11,20,2001,12,13.282
11.20.2001-15:00:00,11,20,2001,15,13.256
11.20.2001-18:00:00,11,20,2001,18,13.23
11.20.2001-21:00:00,11,20,2001,21,13.205
11.21.2001-00:00:00,11,21,2001,00,13.179
11.21.2001-03:00:00,11,21,2001,03,13.154
11.21.2001-06:00:00,11,21,2001,06,13.129
11.21.2001-09:00:00,11,21,2001,09,13.104
11.21.2001-12:00:00,11,21,2001,12,13.079
11.21.2001-15:00:00,11,21,2001,15,13.054
11.21.2001-18:00:00,11,21,2001,18,13.03
11.21.2001-21:00:00,11,21,2001,21,13.006
11.22.2001-00:00:00,11,22,2001,00,12.982
11.22.2001-03:00:00,11,22,2001,03,12.959
11.22.2001-06:00:00,11,22,2001,06,12.935
11.22.2001-09:00:00,11,22,2001,09,12.912
11.22.2001-12:00:00,11,22,2001,12,12.888
11.22.2001-15:00:00,11,22,2001,15,12.866
11.22.2001-18:00:00,11,22,2001,18,12.843
11.22.2001-21:00:00,11,22,2001,21,12.82
11.23.2001-00:00:00,11,23,2001,00,12.798
11.23.2001-03:00:00,11,23,2001,03,12.776
11.23.2001-06:00:00,11,23,2001,06,12.753
11.23.2001-09:00:00,11,23,2001,09,12.731
11.23.2001-12:00:00,11,23,2001,12,12.706
11.23.2001-15:00:00,11,23,2001,15,12.684
11.23.2001-18:00:00,11,23,2001,18,12.663
11.23.2001-21:00:00,11,23,2001,21,12.642
11.24.2001-00:00:00,11,24,2001,00,12.62
11.24.2001-03:00:00,11,24,2001,03,12.599
11.24.2001-06:00:00,11,24,2001,06,12.578
11.24.2001-09:00:00,11,24,2001,09,12.558
11.24.2001-12:00:00,11,24,2001,12,12.537
11.24.2001-15:00:00,11,24,2001,15,12.516
11.24.2001-18:00:00,11,24,2001,18,12.496
11.24.2001-21:00:00,11,24,2001,21,12.476
11.25.2001-00:00:00,11,25,2001,00,12.455
11.25.2001-03:00:00,11,25,2001,03,12.435
11.25.2001-06:00:00,11,25,2001,06,12.415
11.25.2001-09:00:00,11,25,2001,09,12.396
11.25.2001-12:00:00,11,25,2001,12,12.376
11.25.2001-15:00:00,11,25,2001,15,12.356
11.25.2001-18:00:00,11,25,2001,18,12.337
11.25.2001-21:00:00,11,25,2001,21,12.318
11.26.2001-00:00:00,11,26,2001,00,12.299
11.26.2001-03:00:00,11,26,2001,03,12.28
11.26.2001-06:00:00,11,26,2001,06,12.26
11.26.2001-09:00:00,11,26,2001,09,12.24
11.26.2001-12:00:00,11,26,2001,12,12.22
11.26.2001-15:00:00,11,26,2001,15,12.202
11.26.2001-18:00:00,11,26,2001,18,12.183
11.26.2001-21:00:00,11,26,2001,21,12.165
11.27.2001-00:00:00,11,27,2001,00,12.147
11.27.2001-03:00:00,11,27,2001,03,12.129
11.27.2001-06:00:00,11,27,2001,06,12.111
11.27.2001-09:00:00,11,27,2001,09,12.094
11.27.2001-12:00:00,11,27,2001,12,12.076
11.27.2001-15:00:00,11,27,2001,15,12.059
11.27.2001-18:00:00,11,27,2001,18,12.041
11.27.2001-21:00:00,11,27,2001,21,12.024
11.28.2001-00:00:00,11,28,2001,00,12.007
11.28.2001-03:00:00,11,28,2001,03,11.99
11.28.2001-06:00:00,11,28,2001,06,11.973
11.28.2001-09:00:00,11,28,2001,09,11.956
11.28.2001-12:00:00,11,28,2001,12,11.939
11.28.2001-15:00:00,11,28,2001,15,11.922
11.28.2001-18:00:00,11,28,2001,18,11.906
11.28.2001-21:00:00,11,28,2001,21,11.889
11.29.2001-00:00:00,11,29,2001,00,11.872
11.29.2001-03:00:00,11,29,2001,03,11.856
11.29.2001-06:00:00,11,29,2001,06,11.84
11.29.2001-09:00:00,11,29,2001,09,11.823
11.29.2001-12:00:00,11,29,2001,12,11.807
11.29.2001-15:00:00,11,29,2001,15,11.791
11.29.2001-18:00:00,11,29,2001,18,11.775
11.29.2001-21:00:00,11,29,2001,21,11.759
11.30.2001-00:00:00,11,30,2001,00,11.743
11.30.2001-03:00:00,11,30,2001,03,11.727
11.30.2001-06:00:00,11,30,2001,06,11.711
11.30.2001-09:00:00,11,30,2001,09,11.695
11.30.2001-12:00:00,11,30,2001,12,11.679
11.30.2001-15:00:00,11,30,2001,15,11.664
11.30.2001-18:00:00,11,30,2001,18,11.648
11.30.2001-21:00:00,11,30,2001,21,11.632
12.01.2001-00:00:00,12,01,2001,00,11.617
12.01.2001-03:00:00,12,01,2001,03,11.602
12.01.2001-06:00:00,12,01,2001,06,11.586
12.01.2001-09:00:00,12,01,2001,09,11.571
12.01.2001-12:00:00,12,01,2001,12,11.556
12.01.2001-15:00:00,12,01,2001,15,11.54
12.01.2001-18:00:00,12,01,2001,18,11.525
12.01.2001-21:00:00,12,01,2001,21,11.51
12.02.2001-00:00:00,12,02,2001,00,11.495
12.02.2001-03:00:00,12,02,2001,03,11.48
12.02.2001-06:00:00,12,02,2001,06,11.465
12.02.2001-09:00:00,12,02,2001,09,11.45
12.02.2001-12:00:00,12,02,2001,12,11.435
12.02.2001-15:00:00,12,02,2001,15,11.421
12.02.2001-18:00:00,12,02,2001,18,11.406
12.02.2001-21:00:00,12,02,2001,21,11.391
12.03.2001-00:00:00,12,03,2001,00,11.377
12.03.2001-03:00:00,12,03,2001,03,11.362
12.03.2001-06:00:00,12,03,2001,06,11.348
12.03.2001-09:00:00,12,03,2001,09,11.333
12.03.2001-12:00:00,12,03,2001,12,11.319
12.03.2001-15:00:00,12,03,2001,15,11.304
12.03.2001-18:00:00,12,03,2001,18,11.29
12.03.2001-21:00:00,12,03,2001,21,11.275
12.04.2001-00:00:00,12,04,2001,00,11.261
12.04.2001-03:00:00,12,04,2001,03,11.247
12.04.2001-06:00:00,12,04,2001,06,11.232
12.04.2001-09:00:00,12,04,2001,09,11.218
12.04.2001-12:00:00,12,04,2001,12,11.204
12.04.2001-15:00:00,12,04,2001,15,11.19
12.04.2001-18:00:00,12,04,2001,18,11.176
12.04.2001-21:00:00,12,04,2001,21,11.162
12.05.2001-00:00:00,12,05,2001,00,11.148
12.05.2001-03:00:00,12,05,2001,03,11.134
12.05.2001-06:00:00,12,05,2001,06,11.12
12.05.2001-09:00:00,12,05,2001,09,11.106
12.05.2001-12:00:00,12,05,2001,12,11.092
12.05.2001-15:00:00,12,05,2001,15,11.079
12.05.2001-18:00:00,12,05,2001,18,11.065
12.05.2001-21:00:00,12,05,2001,21,11.051
12.06.2001-00:00:00,12,06,2001,00,11.037
12.06.2001-03:00:00,12,06,2001,03,11.024
12.06.2001-06:00:00,12,06,2001,06,11.01
12.06.2001-09:00:00,12,06,2001,09,10.997
12.06.2001-12:00:00,12,06,2001,12,10.983
12.06.2001-15:00:00,12,06,2001,15,10.97
12.06.2001-18:00:00,12,06,2001,18,10.956
12.06.2001-21:00:00,12,06,2001,21,10.943
12.07.2001-00:00:00,12,07,2001,00,10.929
12.07.2001-03:00:00,12,07,2001,03,10.916
12.07.2001-06:00:00,12,07,2001,06,10.903
12.07.2001-09:00:00,12,07,2001,09,10.889
12.07.2001-12:00:00,12,07,2001,12,10.876
12.07.2001-15:00:00,12,07,2001,15,10.863
12.07.2001-18:00:00,12,07,2001,18,10.85
12.07.2001-21:00:00,12,07,2001,21,10.837
12.08.2001-00:00:00,12,08,2001,00,10.823
12.08.2001-03:00:00,12,08,2001,03,10.81
12.08.2001-06:00:00,12,08,2001,06,10.797
12.08.2001-09:00:00,12,08,2001,09,10.784
12.08.2001-12:00:00,12,08,2001,12,10.771
12.08.2001-15:00:00,12,08,2001,15,10.758
12.08.2001-18:00:00,12,08,2001,18,10.745
12.08.2001-21:00:00,12,08,2001,21,10.732
12.09.2001-00:00:00,12,09,2001,00,10.719
12.09.2001-03:00:00,12,09,2001,03,10.706
12.09.2001-06:00:00,12,09,2001,06,10.694
12.09.2001-09:00:00,12,09,2001,09,10.681
12.09.2001-12:00:00,12,09,2001,12,10.668
12.09.2001-15:00:00,12,09,2001,15,10.655
12.09.2001-18:00:00,12,09,2001,18,10.643
12.09.2001-21:00:00,12,09,2001,21,10.63
12.10.2001-00:00:00,12,10,2001,00,10.617
12.10.2001-03:00:00,12,10,2001,03,10.605
12.10.2001-06:00:00,12,10,2001,06,10.592
12.10.2001-09:00:00,12,10,2001,09,10.579
12.10.2001-12:00:00,12,10,2001,12,10.567
12.10.2001-15:00:00,12,10,2001,15,10.554
12.10.2001-18:00:00,12,10,2001,18,10.542
12.10.2001-21:00:00,12,10,2001,21,10.529
12.11.2001-00:00:00,12,11,2001,00,10.517
12.11.2001-03:00:00,12,11,2001,03,10.504
12.11.2001-06:00:00,12,11,2001,06,10.492
12.11.2001-09:00:00,12,11,2001,09,10.48
12.11.2001-12:00:00,12,11,2001,12,10.467
12.11.2001-15:00:00,12,11,2001,15,10.455
12.11.2001-18:00:00,12,11,2001,18,10.443
12.11.2001-21:00:00,12,11,2001,21,10.43
12.12.2001-00:00:00,12,12,2001,00,10.418
12.12.2001-03:00:00,12,12,2001,03,10.406
12.12.2001-06:00:00,12,12,2001,06,10.394
12.12.2001-09:00:00,12,12,2001,09,10.382
12.12.2001-12:00:00,12,12,2001,12,10.369
12.12.2001-15:00:00,12,12,2001,15,10.357
12.12.2001-18:00:00,12,12,2001,18,10.345
12.12.2001-21:00:00,12,12,2001,21,10.333
12.13.2001-00:00:00,12,13,2001,00,10.321
12.13.2001-03:00:00,12,13,2001,03,10.309
12.13.2001-06:00:00,12,13,2001,06,10.297
12.13.2001-09:00:00,12,13,2001,09,10.285
12.13.2001-12:00:00,12,13,2001,12,10.273
12.13.2001-15:00:00,12,13,2001,15,10.261
12.13.2001-18:00:00,12,13,2001,18,10.249
12.13.2001-21:00:00,12,13,2001,21,10.237
12.14.2001-00:00:00,12,14,2001,00,10.225
12.14.2001-03:00:00,12,14,2001,03,10.213
12.14.2001-06:00:00,12,14,2001,06,10.201
12.14.2001-09:00:00,12,14,2001,09,10.19
12.14.2001-12:00:00,12,14,2001,12,10.178
12.14.2001-15:00:00,12,14,2001,15,10.166
12.14.2001-18:00:00,12,14,2001,18,10.154
12.14.2001-21:00:00,12,14,2001,21,10.142
12.15.2001-00:00:00,12,15,2001,00,10.13
12.15.2001-03:00:00,12,15,2001,03,10.119
12.15.2001-06:00:00,12,15,2001,06,10.107
12.15.2001-09:00:00,12,15,2001,09,10.095
12.15.2001-12:00:00,12,15,2001,12,10.084
12.15.2001-15:00:00,12,15,2001,15,10.072
12.15.2001-18:00:00,12,15,2001,18,10.06
12.15.2001-21:00:00,12,15,2001,21,10.049
12.16.2001-00:00:00,12,16,2001,00,10.037
12.16.2001-03:00:00,12,16,2001,03,10.025
12.16.2001-06:00:00,12,16,2001,06,10.014
12.16.2001-09:00:00,12,16,2001,09,10.002
12.16.2001-12:00:00,12,16,2001,12,9.9907
12.16.2001-15:00:00,12,16,2001,15,9.9792
12.16.2001-18:00:00,12,16,2001,18,9.9676
12.16.2001-21:00:00,12,16,2001,21,9.9561
12.17.2001-00:00:00,12,17,2001,00,9.9446
12.17.2001-03:00:00,12,17,2001,03,9.9331
12.17.2001-06:00:00,12,17,2001,06,9.9217
12.17.2001-09:00:00,12,17,2001,09,9.9102
12.17.2001-12:00:00,12,17,2001,12,9.8987
12.17.2001-15:00:00,12,17,2001,15,9.8873
12.17.2001-18:00:00,12,17,2001,18,9.8759
12.17.2001-21:00:00,12,17,2001,21,9.8645
12.18.2001-00:00:00,12,18,2001,00,9.8531
12.18.2001-03:00:00,12,18,2001,03,9.8417
12.18.2001-06:00:00,12,18,2001,06,9.8304
12.18.2001-09:00:00,12,18,2001,09,9.819
12.18.2001-12:00:00,12,18,2001,12,9.8077
12.18.2001-15:00:00,12,18,2001,15,9.7964
12.18.2001-18:00:00,12,18,2001,18,9.785
12.18.2001-21:00:00,12,18,2001,21,9.7737
12.19.2001-00:00:00,12,19,2001,00,9.7624
12.19.2001-03:00:00,12,19,2001,03,9.7512
12.19.2001-06:00:00,12,19,2001,06,9.7399
12.19.2001-09:00:00,12,19,2001,09,9.7287
12.19.2001-12:00:00,12,19,2001,12,9.7174
12.19.2001-15:00:00,12,19,2001,15,9.7062
12.19.2001-18:00:00,12,19,2001,18,9.6951
12.19.2001-21:00:00,12,19,2001,21,9.684
12.20.2001-00:00:00,12,20,2001,00,9.673
12.20.2001-03:00:00,12,20,2001,03,9.662
12.20.2001-06:00:00,12,20,2001,06,9.651
12.20.2001-09:00:00,12,20,2001,09,9.64
12.20.2001-12:00:00,12,20,2001,12,9.629
12.20.2001-15:00:00,12,20,2001,15,9.618
12.20.2001-18:00:00,12,20,2001,18,9.6071
12.20.2001-21:00:00,12,20,2001,21,9.5961
12.21.2001-00:00:00,12,21,2001,00,9.5852
12.21.2001-03:00:00,12,21,2001,03,9.5742
12.21.2001-06:00:00,12,21,2001,06,9.5633
12.21.2001-09:00:00,12,21,2001,09,9.5524
12.21.2001-12:00:00,12,21,2001,12,9.5414
12.21.2001-15:00:00,12,21,2001,15,9.5305
12.21.2001-18:00:00,12,21,2001,18,9.5197
12.21.2001-21:00:00,12,21,2001,21,9.5088
12.22.2001-00:00:00,12,22,2001,00,9.4979
12.22.2001-03:00:00,12,22,2001,03,9.487
12.22.2001-06:00:00,12,22,2001,06,9.4762
12.22.2001-09:00:00,12,22,2001,09,9.4653
12.22.2001-12:00:00,12,22,2001,12,9.4544
12.22.2001-15:00:00,12,22,2001,15,9.4436
12.22.2001-18:00:00,12,22,2001,18,9.4328
12.22.2001-21:00:00,12,22,2001,21,9.422
12.23.2001-00:00:00,12,23,2001,00,9.4111
12.23.2001-03:00:00,12,23,2001,03,9.4003
12.23.2001-06:00:00,12,23,2001,06,9.3895
12.23.2001-09:00:00,12,23,2001,09,9.3787
12.23.2001-12:00:00,12,23,2001,12,9.3678
12.23.2001-15:00:00,12,23,2001,15,9.3571
12.23.2001-18:00:00,12,23,2001,18,9.3463
12.23.2001-21:00:00,12,23,2001,21,9.3355
12.24.2001-00:00:00,12,24,2001,00,9.3247
12.24.2001-03:00:00,12,24,2001,03,9.3139
12.24.2001-06:00:00,12,24,2001,06,9.3032
12.24.2001-09:00:00,12,24,2001,09,9.2924
12.24.2001-12:00:00,12,24,2001,12,9.2817
12.24.2001-15:00:00,12,24,2001,15,9.2709
12.24.2001-18:00:00,12,24,2001,18,9.2602
12.24.2001-21:00:00,12,24,2001,21,9.2494
12.25.2001-00:00:00,12,25,2001,00,9.2387
12.25.2001-03:00:00,12,25,2001,03,9.228
12.25.2001-06:00:00,12,25,2001,06,9.2172
12.25.2001-09:00:00,12,25,2001,09,9.2065
12.25.2001-12:00:00,12,25,2001,12,9.1958
12.25.2001-15:00:00,12,25,2001,15,9.1851
12.25.2001-18:00:00,12,25,2001,18,9.1744
12.25.2001-21:00:00,12,25,2001,21,9.1637
12.26.2001-00:00:00,12,26,2001,00,9.153
12.26.2001-03:00:00,12,26,2001,03,9.1423
12.26.2001-06:00:00,12,26,2001,06,9.1316
12.26.2001-09:00:00,12,26,2001,09,9.1209
12.26.2001-12:00:00,12,26,2001,12,9.1102
12.26.2001-15:00:00,12,26,2001,15,9.0996
12.26.2001-18:00:00,12,26,2001,18,9.0889
12.26.2001-21:00:00,12,26,2001,21,9.0783
12.27.2001-00:00:00,12,27,2001,00,9.0676
12.27.2001-03:00:00,12,27,2001,03,9.0569
12.27.2001-06:00:00,12,27,2001,06,9.0462
12.27.2001-09:00:00,12,27,2001,09,9.0356
12.27.2001-12:00:00,12,27,2001,12,9.025
12.27.2001-15:00:00,12,27,2001,15,9.0143
12.27.2001-18:00:00,12,27,2001,18,9.0036
12.27.2001-21:00:00,12,27,2001,21,8.993
12.28.2001-00:00:00,12,28,2001,00,8.9824
12.28.2001-03:00:00,12,28,2001,03,8.9717
12.28.2001-06:00:00,12,28,2001,06,8.9611
12.28.2001-09:00:00,12,28,2001,09,8.9504
12.28.2001-12:00:00,12,28,2001,12,8.9398
12.28.2001-15:00:00,12,28,2001,15,8.9292
12.28.2001-18:00:00,12,28,2001,18,8.9186
12.28.2001-21:00:00,12,28,2001,21,8.9079
12.29.2001-00:00:00,12,29,2001,00,8.8973
12.29.2001-03:00:00,12,29,2001,03,8.8867
12.29.2001-06:00:00,12,29,2001,06,8.8761
12.29.2001-09:00:00,12,29,2001,09,8.8655
12.29.2001-12:00:00,12,29,2001,12,8.8549
12.29.2001-15:00:00,12,29,2001,15,8.8443
12.29.2001-18:00:00,12,29,2001,18,8.8336
12.29.2001-21:00:00,12,29,2001,21,8.8231
12.30.2001-00:00:00,12,30,2001,00,8.8125
12.30.2001-03:00:00,12,30,2001,03,8.8019
12.30.2001-06:00:00,12,30,2001,06,8.7912
12.30.2001-09:00:00,12,30,2001,09,8.7807
12.30.2001-12:00:00,12,30,2001,12,8.7701
12.30.2001-15:00:00,12,30,2001,15,8.7595
12.30.2001-18:00:00,12,30,2001,18,8.7489
12.30.2001-21:00:00,12,30,2001,21,8.7383
12.31.2001-00:00:00,12,31,2001,00,8.7277
12.31.2001-03:00:00,12,31,2001,03,8.7171
12.31.2001-06:00:00,12,31,2001,06,8.7066
12.31.2001-09:00:00,12,31,2001,09,8.6959
12.31.2001-12:00:00,12,31,2001,12,8.6853
12.31.2001-15:00:00,12,31,2001,15,8.6747
12.31.2001-18:00:00,12,31,2001,18,8.6642
12.31.2001-21:00:00,12,31,2001,21,8.6536
01.01.2002-00:00:00,01,01,2002,00,8.643
01.01.2002-03:00:00,01,01,2002,03,8.6324
01.01.2002-06:00:00,01,01,2002,06,8.6218
01.01.2002-09:00:00,01,01,2002,09,8.6113
01.01.2002-12:00:00,01,01,2002,12,8.6007
01.01.2002-15:00:00,01,01,2002,15,8.5901
01.01.2002-18:00:00,01,01,2002,18,8.5795
01.01.2002-21:00:00,01,01,2002,21,8.569
01.02.2002-00:00:00,01,02,2002,00,8.5584
01.02.2002-03:00:00,01,02,2002,03,8.5479
01.02.2002-06:00:00,01,02,2002,06,8.5373
01.02.2002-09:00:00,01,02,2002,09,8.5267
01.02.2002-12:00:00,01,02,2002,12,8.5161
01.02.2002-15:00:00,01,02,2002,15,8.5056
01.02.2002-18:00:00,01,02,2002,18,8.495
01.02.2002-21:00:00,01,02,2002,21,8.4844
01.03.2002-00:00:00,01,03,2002,00,8.4739
01.03.2002-03:00:00,01,03,2002,03,8.4633
01.03.2002-06:00:00,01,03,2002,06,8.4527
01.03.2002-09:00:00,01,03,2002,09,8.4422
01.03.2002-12:00:00,01,03,2002,12,8.4316
01.03.2002-15:00:00,01,03,2002,15,8.4211
01.03.2002-18:00:00,01,03,2002,18,8.4105
01.03.2002-21:00:00,01,03,2002,21,8.3999
01.04.2002-00:00:00,01,04,2002,00,8.3894
01.04.2002-03:00:00,01,04,2002,03,8.3788
01.04.2002-06:00:00,01,04,2002,06,8.3683
01.04.2002-09:00:00,01,04,2002,09,8.3577
01.04.2002-12:00:00,01,04,2002,12,8.3471
01.04.2002-15:00:00,01,04,2002,15,8.3366
01.04.2002-18:00:00,01,04,2002,18,8.326
01.04.2002-21:00:00,01,04,2002,21,8.3155
01.05.2002-00:00:00,01,05,2002,00,8.3049
01.05.2002-03:00:00,01,05,2002,03,8.2944
01.05.2002-06:00:00,01,05,2002,06,8.2838
01.05.2002-09:00:00,01,05,2002,09,8.2733
01.05.2002-12:00:00,01,05,2002,12,8.2627
01.05.2002-15:00:00,01,05,2002,15,8.2521
01.05.2002-18:00:00,01,05,2002,18,8.2416
01.05.2002-21:00:00,01,05,2002,21,8.2311
01.06.2002-00:00:00,01,06,2002,00,8.2205
01.06.2002-03:00:00,01,06,2002,03,8.2099
01.06.2002-06:00:00,01,06,2002,06,8.1994
01.06.2002-09:00:00,01,06,2002,09,8.1889
01.06.2002-12:00:00,01,06,2002,12,8.1783
01.06.2002-15:00:00,01,06,2002,15,8.1677
01.06.2002-18:00:00,01,06,2002,18,8.1572
01.06.2002-21:00:00,01,06,2002,21,8.1466
01.07.2002-00:00:00,01,07,2002,00,8.1361
01.07.2002-03:00:00,01,07,2002,03,8.1255
01.07.2002-06:00:00,01,07,2002,06,8.1149
01.07.2002-09:00:00,01,07,2002,09,8.1044
01.07.2002-12:00:00,01,07,2002,12,8.0939
01.07.2002-15:00:00,01,07,2002,15,8.0833
01.07.2002-18:00:00,01,07,2002,18,8.0728
01.07.2002-21:00:00,01,07,2002,21,8.0622
01.08.2002-00:00:00,01,08,2002,00,8.0517
01.08.2002-03:00:00,01,08,2002,03,8.0411
01.08.2002-06:00:00,01,08,2002,06,8.0306
01.08.2002-09:00:00,01,08,2002,09,8.02
01.08.2002-12:00:00,01,08,2002,12,8.0095
01.08.2002-15:00:00,01,08,2002,15,7.9989
01.08.2002-18:00:00,01,08,2002,18,7.9884
01.08.2002-21:00:00,01,08,2002,21,7.9778
01.09.2002-00:00:00,01,09,2002,00,7.9673
01.09.2002-03:00:00,01,09,2002,03,7.9568
01.09.2002-06:00:00,01,09,2002,06,7.9462
01.09.2002-09:00:00,01,09,2002,09,7.9356
01.09.2002-12:00:00,01,09,2002,12,7.9251
01.09.2002-15:00:00,01,09,2002,15,7.9146
01.09.2002-18:00:00,01,09,2002,18,7.904
01.09.2002-21:00:00,01,09,2002,21,7.8935
01.10.2002-00:00:00,01,10,2002,00,7.8829
01.10.2002-03:00:00,01,10,2002,03,7.8724
01.10.2002-06:00:00,01,10,2002,06,7.8619
01.10.2002-09:00:00,01,10,2002,09,7.8513
01.10.2002-12:00:00,01,10,2002,12,7.8408
01.10.2002-15:00:00,01,10,2002,15,7.8302
01.10.2002-18:00:00,01,10,2002,18,7.8197
01.10.2002-21:00:00,01,10,2002,21,7.8092
01.11.2002-00:00:00,01,11,2002,00,7.7987
01.11.2002-03:00:00,01,11,2002,03,7.7881
01.11.2002-06:00:00,01,11,2002,06,7.7776
01.11.2002-09:00:00,01,11,2002,09,7.7671
01.11.2002-12:00:00,01,11,2002,12,7.7566
01.11.2002-15:00:00,01,11,2002,15,7.7461
01.11.2002-18:00:00,01,11,2002,18,7.7355
01.11.2002-21:00:00,01,11,2002,21,7.725
01.12.2002-00:00:00,01,12,2002,00,7.7145
01.12.2002-03:00:00,01,12,2002,03,7.704
01.12.2002-06:00:00,01,12,2002,06,7.6935
01.12.2002-09:00:00,01,12,2002,09,7.683
01.12.2002-12:00:00,01,12,2002,12,7.6722
01.12.2002-15:00:00,01,12,2002,15,7.6617
01.12.2002-18:00:00,01,12,2002,18,7.6512
01.12.2002-21:00:00,01,12,2002,21,7.6407
01.13.2002-00:00:00,01,13,2002,00,7.6302
01.13.2002-03:00:00,01,13,2002,03,7.6197
01.13.2002-06:00:00,01,13,2002,06,7.6092
01.13.2002-09:00:00,01,13,2002,09,7.5987
01.13.2002-12:00:00,01,13,2002,12,7.5883
01.13.2002-15:00:00,01,13,2002,15,7.5778
01.13.2002-18:00:00,01,13,2002,18,7.5673
01.13.2002-21:00:00,01,13,2002,21,7.5568
01.14.2002-00:00:00,01,14,2002,00,7.5464
01.14.2002-03:00:00,01,14,2002,03,7.5359
01.14.2002-06:00:00,01,14,2002,06,7.5254
01.14.2002-09:00:00,01,14,2002,09,7.5149
01.14.2002-12:00:00,01,14,2002,12,7.5045
01.14.2002-15:00:00,01,14,2002,15,7.494
01.14.2002-18:00:00,01,14,2002,18,7.4835
01.14.2002-21:00:00,01,14,2002,21,7.473
01.15.2002-00:00:00,01,15,2002,00,7.4625
01.15.2002-03:00:00,01,15,2002,03,7.4521
01.15.2002-06:00:00,01,15,2002,06,7.4416
01.15.2002-09:00:00,01,15,2002,09,7.4312
01.15.2002-12:00:00,01,15,2002,12,7.4207
01.15.2002-15:00:00,01,15,2002,15,7.4103
01.15.2002-18:00:00,01,15,2002,18,7.3998
01.15.2002-21:00:00,01,15,2002,21,7.3894
01.16.2002-00:00:00,01,16,2002,00,7.3789
01.16.2002-03:00:00,01,16,2002,03,7.3685
01.16.2002-06:00:00,01,16,2002,06,7.3581
01.16.2002-09:00:00,01,16,2002,09,7.3477
01.16.2002-12:00:00,01,16,2002,12,7.3373
01.16.2002-15:00:00,01,16,2002,15,7.3268
01.16.2002-18:00:00,01,16,2002,18,7.3164
01.16.2002-21:00:00,01,16,2002,21,7.306
01.17.2002-00:00:00,01,17,2002,00,7.2956
01.17.2002-03:00:00,01,17,2002,03,7.2852
01.17.2002-06:00:00,01,17,2002,06,7.2748
01.17.2002-09:00:00,01,17,2002,09,7.2644
01.17.2002-12:00:00,01,17,2002,12,7.254
01.17.2002-15:00:00,01,17,2002,15,7.2436
01.17.2002-18:00:00,01,17,2002,18,7.2333
01.17.2002-21:00:00,01,17,2002,21,7.2228
01.18.2002-00:00:00,01,18,2002,00,7.2125
01.18.2002-03:00:00,01,18,2002,03,7.2021
01.18.2002-06:00:00,01,18,2002,06,7.1917
01.18.2002-09:00:00,01,18,2002,09,7.1814
01.18.2002-12:00:00,01,18,2002,12,7.171
01.18.2002-15:00:00,01,18,2002,15,7.1606
01.18.2002-18:00:00,01,18,2002,18,7.1503
01.18.2002-21:00:00,01,18,2002,21,7.1399
01.19.2002-00:00:00,01,19,2002,00,7.1296
01.19.2002-03:00:00,01,19,2002,03,7.1193
01.19.2002-06:00:00,01,19,2002,06,7.109
01.19.2002-09:00:00,01,19,2002,09,7.0987
01.19.2002-12:00:00,01,19,2002,12,7.0881
01.19.2002-15:00:00,01,19,2002,15,7.0777
01.19.2002-18:00:00,01,19,2002,18,7.0675
01.19.2002-21:00:00,01,19,2002,21,7.0571
01.20.2002-00:00:00,01,20,2002,00,7.0468
01.20.2002-03:00:00,01,20,2002,03,7.0366
01.20.2002-06:00:00,01,20,2002,06,7.0263
01.20.2002-09:00:00,01,20,2002,09,7.016
01.20.2002-12:00:00,01,20,2002,12,7.0058
01.20.2002-15:00:00,01,20,2002,15,6.9955
01.20.2002-18:00:00,01,20,2002,18,6.9853
01.20.2002-21:00:00,01,20,2002,21,6.975
01.21.2002-00:00:00,01,21,2002,00,6.9647
01.21.2002-03:00:00,01,21,2002,03,6.9545
01.21.2002-06:00:00,01,21,2002,06,6.9442
01.21.2002-09:00:00,01,21,2002,09,6.9339
01.21.2002-12:00:00,01,21,2002,12,6.9237
01.21.2002-15:00:00,01,21,2002,15,6.9135
01.21.2002-18:00:00,01,21,2002,18,6.9033
01.21.2002-21:00:00,01,21,2002,21,6.8931
01.22.2002-00:00:00,01,22,2002,00,6.8829
01.22.2002-03:00:00,01,22,2002,03,6.8727
01.22.2002-06:00:00,01,22,2002,06,6.8625
01.22.2002-09:00:00,01,22,2002,09,6.8524
01.22.2002-12:00:00,01,22,2002,12,6.8422
01.22.2002-15:00:00,01,22,2002,15,6.8321
01.22.2002-18:00:00,01,22,2002,18,6.8219
01.22.2002-21:00:00,01,22,2002,21,6.8118
01.23.2002-00:00:00,01,23,2002,00,6.8017
01.23.2002-03:00:00,01,23,2002,03,6.7915
01.23.2002-06:00:00,01,23,2002,06,6.7814
01.23.2002-09:00:00,01,23,2002,09,6.7713
01.23.2002-12:00:00,01,23,2002,12,6.7612
01.23.2002-15:00:00,01,23,2002,15,6.7511
01.23.2002-18:00:00,01,23,2002,18,6.741
01.23.2002-21:00:00,01,23,2002,21,6.731
01.24.2002-00:00:00,01,24,2002,00,6.7209
01.24.2002-03:00:00,01,24,2002,03,6.7109
01.24.2002-06:00:00,01,24,2002,06,6.7008
01.24.2002-09:00:00,01,24,2002,09,6.6908
01.24.2002-12:00:00,01,24,2002,12,6.6808
01.24.2002-15:00:00,01,24,2002,15,6.6707
01.24.2002-18:00:00,01,24,2002,18,6.6607
01.24.2002-21:00:00,01,24,2002,21,6.6508
01.25.2002-00:00:00,01,25,2002,00,6.6408
01.25.2002-03:00:00,01,25,2002,03,6.6308
01.25.2002-06:00:00,01,25,2002,06,6.6209
01.25.2002-09:00:00,01,25,2002,09,6.6108
01.25.2002-12:00:00,01,25,2002,12,6.6005
01.25.2002-15:00:00,01,25,2002,15,6.5906
01.25.2002-18:00:00,01,25,2002,18,6.5806
01.25.2002-21:00:00,01,25,2002,21,6.5707
01.26.2002-00:00:00,01,26,2002,00,6.5608
01.26.2002-03:00:00,01,26,2002,03,6.5509
01.26.2002-06:00:00,01,26,2002,06,6.5411
01.26.2002-09:00:00,01,26,2002,09,6.5312
01.26.2002-12:00:00,01,26,2002,12,6.5214
01.26.2002-15:00:00,01,26,2002,15,6.5116
01.26.2002-18:00:00,01,26,2002,18,6.5017
01.26.2002-21:00:00,01,26,2002,21,6.4919
01.27.2002-00:00:00,01,27,2002,00,6.4821
01.27.2002-03:00:00,01,27,2002,03,6.4722
01.27.2002-06:00:00,01,27,2002,06,6.4624
01.27.2002-09:00:00,01,27,2002,09,6.4527
01.27.2002-12:00:00,01,27,2002,12,6.4429
01.27.2002-15:00:00,01,27,2002,15,6.4331
01.27.2002-18:00:00,01,27,2002,18,6.4234
01.27.2002-21:00:00,01,27,2002,21,6.4137
01.28.2002-00:00:00,01,28,2002,00,6.4039
01.28.2002-03:00:00,01,28,2002,03,6.3942
01.28.2002-06:00:00,01,28,2002,06,6.3845
01.28.2002-09:00:00,01,28,2002,09,6.3748
01.28.2002-12:00:00,01,28,2002,12,6.3651
01.28.2002-15:00:00,01,28,2002,15,6.3554
01.28.2002-18:00:00,01,28,2002,18,6.3457
01.28.2002-21:00:00,01,28,2002,21,6.3361
01.29.2002-00:00:00,01,29,2002,00,6.3264
01.29.2002-03:00:00,01,29,2002,03,6.3167
01.29.2002-06:00:00,01,29,2002,06,6.3071
01.29.2002-09:00:00,01,29,2002,09,6.2975
01.29.2002-12:00:00,01,29,2002,12,6.2878
01.29.2002-15:00:00,01,29,2002,15,6.2782
01.29.2002-18:00:00,01,29,2002,18,6.2686
01.29.2002-21:00:00,01,29,2002,21,6.2591
01.30.2002-00:00:00,01,30,2002,00,6.2495
01.30.2002-03:00:00,01,30,2002,03,6.2399
01.30.2002-06:00:00,01,30,2002,06,6.2304
01.30.2002-09:00:00,01,30,2002,09,6.2208
01.30.2002-12:00:00,01,30,2002,12,6.2113
01.30.2002-15:00:00,01,30,2002,15,6.2018
01.30.2002-18:00:00,01,30,2002,18,6.1923
01.30.2002-21:00:00,01,30,2002,21,6.1828
01.31.2002-00:00:00,01,31,2002,00,6.1733
01.31.2002-03:00:00,01,31,2002,03,6.1638
01.31.2002-06:00:00,01,31,2002,06,6.1544
01.31.2002-09:00:00,01,31,2002,09,6.1449
01.31.2002-12:00:00,01,31,2002,12,6.1355
01.31.2002-15:00:00,01,31,2002,15,6.1261
01.31.2002-18:00:00,01,31,2002,18,6.1167
01.31.2002-21:00:00,01,31,2002,21,6.1073
02.01.2002-00:00:00,02,01,2002,00,6.0979
02.01.2002-03:00:00,02,01,2002,03,6.0886
02.01.2002-06:00:00,02,01,2002,06,6.0792
02.01.2002-09:00:00,02,01,2002,09,6.0699
02.01.2002-12:00:00,02,01,2002,12,6.0606
02.01.2002-15:00:00,02,01,2002,15,6.0512
02.01.2002-18:00:00,02,01,2002,18,6.042
02.01.2002-21:00:00,02,01,2002,21,6.0327
02.02.2002-00:00:00,02,02,2002,00,6.0234
02.02.2002-03:00:00,02,02,2002,03,6.0142
02.02.2002-06:00:00,02,02,2002,06,6.0049
02.02.2002-09:00:00,02,02,2002,09,5.9957
02.02.2002-12:00:00,02,02,2002,12,5.9864
02.02.2002-15:00:00,02,02,2002,15,5.9772
02.02.2002-18:00:00,02,02,2002,18,5.968
02.02.2002-21:00:00,02,02,2002,21,5.9588
02.03.2002-00:00:00,02,03,2002,00,5.9496
02.03.2002-03:00:00,02,03,2002,03,5.9404
02.03.2002-06:00:00,02,03,2002,06,5.9313
02.03.2002-09:00:00,02,03,2002,09,5.9221
02.03.2002-12:00:00,02,03,2002,12,5.9128
02.03.2002-15:00:00,02,03,2002,15,5.9037
02.03.2002-18:00:00,02,03,2002,18,5.8946
02.03.2002-21:00:00,02,03,2002,21,5.8855
02.04.2002-00:00:00,02,04,2002,00,5.8764
02.04.2002-03:00:00,02,04,2002,03,5.8673
02.04.2002-06:00:00,02,04,2002,06,5.8583
02.04.2002-09:00:00,02,04,2002,09,5.8492
02.04.2002-12:00:00,02,04,2002,12,5.8402
02.04.2002-15:00:00,02,04,2002,15,5.8311
02.04.2002-18:00:00,02,04,2002,18,5.8221
02.04.2002-21:00:00,02,04,2002,21,5.8131
02.05.2002-00:00:00,02,05,2002,00,5.8041
02.05.2002-03:00:00,02,05,2002,03,5.7951
02.05.2002-06:00:00,02,05,2002,06,5.7861
02.05.2002-09:00:00,02,05,2002,09,5.7771
02.05.2002-12:00:00,02,05,2002,12,5.7682
02.05.2002-15:00:00,02,05,2002,15,5.7592
02.05.2002-18:00:00,02,05,2002,18,5.7503
02.05.2002-21:00:00,02,05,2002,21,5.7414
02.06.2002-00:00:00,02,06,2002,00,5.7325
02.06.2002-03:00:00,02,06,2002,03,5.7236
02.06.2002-06:00:00,02,06,2002,06,5.7148
02.06.2002-09:00:00,02,06,2002,09,5.706
02.06.2002-12:00:00,02,06,2002,12,5.6971
02.06.2002-15:00:00,02,06,2002,15,5.6883
02.06.2002-18:00:00,02,06,2002,18,5.6795
02.06.2002-21:00:00,02,06,2002,21,5.6706
02.07.2002-00:00:00,02,07,2002,00,5.6618
02.07.2002-03:00:00,02,07,2002,03,5.653
02.07.2002-06:00:00,02,07,2002,06,5.6443
02.07.2002-09:00:00,02,07,2002,09,5.6355
02.07.2002-12:00:00,02,07,2002,12,5.6268
02.07.2002-15:00:00,02,07,2002,15,5.618
02.07.2002-18:00:00,02,07,2002,18,5.6092
02.07.2002-21:00:00,02,07,2002,21,5.6005
02.08.2002-00:00:00,02,08,2002,00,5.5918
02.08.2002-03:00:00,02,08,2002,03,5.5832
02.08.2002-06:00:00,02,08,2002,06,5.5745
02.08.2002-09:00:00,02,08,2002,09,5.5656
02.08.2002-12:00:00,02,08,2002,12,5.5563
02.08.2002-15:00:00,02,08,2002,15,5.5476
02.08.2002-18:00:00,02,08,2002,18,5.539
02.08.2002-21:00:00,02,08,2002,21,5.5304
02.09.2002-00:00:00,02,09,2002,00,5.5218
02.09.2002-03:00:00,02,09,2002,03,5.5132
02.09.2002-06:00:00,02,09,2002,06,5.5047
02.09.2002-09:00:00,02,09,2002,09,5.4961
02.09.2002-12:00:00,02,09,2002,12,5.4876
02.09.2002-15:00:00,02,09,2002,15,5.479
02.09.2002-18:00:00,02,09,2002,18,5.4705
02.09.2002-21:00:00,02,09,2002,21,5.4619
02.10.2002-00:00:00,02,10,2002,00,5.4535
02.10.2002-03:00:00,02,10,2002,03,5.445
02.10.2002-06:00:00,02,10,2002,06,5.4366
02.10.2002-09:00:00,02,10,2002,09,5.4281
02.10.2002-12:00:00,02,10,2002,12,5.4197
02.10.2002-15:00:00,02,10,2002,15,5.4112
02.10.2002-18:00:00,02,10,2002,18,5.4028
02.10.2002-21:00:00,02,10,2002,21,5.3944
02.11.2002-00:00:00,02,11,2002,00,5.386
02.11.2002-03:00:00,02,11,2002,03,5.3777
02.11.2002-06:00:00,02,11,2002,06,5.3693
02.11.2002-09:00:00,02,11,2002,09,5.3607
02.11.2002-12:00:00,02,11,2002,12,5.3514
02.11.2002-15:00:00,02,11,2002,15,5.343
02.11.2002-18:00:00,02,11,2002,18,5.3347
02.11.2002-21:00:00,02,11,2002,21,5.3264
02.12.2002-00:00:00,02,12,2002,00,5.3182
02.12.2002-03:00:00,02,12,2002,03,5.3099
02.12.2002-06:00:00,02,12,2002,06,5.3017
02.12.2002-09:00:00,02,12,2002,09,5.2935
02.12.2002-12:00:00,02,12,2002,12,5.2852
02.12.2002-15:00:00,02,12,2002,15,5.277
02.12.2002-18:00:00,02,12,2002,18,5.2688
02.12.2002-21:00:00,02,12,2002,21,5.2606
02.13.2002-00:00:00,02,13,2002,00,5.2524
02.13.2002-03:00:00,02,13,2002,03,5.2443
02.13.2002-06:00:00,02,13,2002,06,5.2362
02.13.2002-09:00:00,02,13,2002,09,5.228
02.13.2002-12:00:00,02,13,2002,12,5.2189
02.13.2002-15:00:00,02,13,2002,15,5.2108
02.13.2002-18:00:00,02,13,2002,18,5.2027
02.13.2002-21:00:00,02,13,2002,21,5.1946
02.14.2002-00:00:00,02,14,2002,00,5.1865
02.14.2002-03:00:00,02,14,2002,03,5.1785
02.14.2002-06:00:00,02,14,2002,06,5.1705
02.14.2002-09:00:00,02,14,2002,09,5.1624
02.14.2002-12:00:00,02,14,2002,12,5.1537
02.14.2002-15:00:00,02,14,2002,15,5.1457
02.14.2002-18:00:00,02,14,2002,18,5.1377
02.14.2002-21:00:00,02,14,2002,21,5.1298
02.15.2002-00:00:00,02,15,2002,00,5.1218
02.15.2002-03:00:00,02,15,2002,03,5.1139
02.15.2002-06:00:00,02,15,2002,06,5.106
02.15.2002-09:00:00,02,15,2002,09,5.098
02.15.2002-12:00:00,02,15,2002,12,5.0899
02.15.2002-15:00:00,02,15,2002,15,5.082
02.15.2002-18:00:00,02,15,2002,18,5.0741
02.15.2002-21:00:00,02,15,2002,21,5.0663
02.16.2002-00:00:00,02,16,2002,00,5.0585
02.16.2002-03:00:00,02,16,2002,03,5.0506
02.16.2002-06:00:00,02,16,2002,06,5.0428
02.16.2002-09:00:00,02,16,2002,09,5.035
02.16.2002-12:00:00,02,16,2002,12,5.0272
02.16.2002-15:00:00,02,16,2002,15,5.0195
02.16.2002-18:00:00,02,16,2002,18,5.0117
02.16.2002-21:00:00,02,16,2002,21,5.004
02.17.2002-00:00:00,02,17,2002,00,4.9963
02.17.2002-03:00:00,02,17,2002,03,4.9885
02.17.2002-06:00:00,02,17,2002,06,4.9808
02.17.2002-09:00:00,02,17,2002,09,4.9732
02.17.2002-12:00:00,02,17,2002,12,4.9649
02.17.2002-15:00:00,02,17,2002,15,4.9573
02.17.2002-18:00:00,02,17,2002,18,4.9496
02.17.2002-21:00:00,02,17,2002,21,4.942
02.18.2002-00:00:00,02,18,2002,00,4.9344
02.18.2002-03:00:00,02,18,2002,03,4.9268
02.18.2002-06:00:00,02,18,2002,06,4.9193
02.18.2002-09:00:00,02,18,2002,09,4.9114
02.18.2002-12:00:00,02,18,2002,12,4.9034
02.18.2002-15:00:00,02,18,2002,15,4.8958
02.18.2002-18:00:00,02,18,2002,18,4.8883
02.18.2002-21:00:00,02,18,2002,21,4.8808
02.19.2002-00:00:00,02,19,2002,00,4.8733
02.19.2002-03:00:00,02,19,2002,03,4.8659
02.19.2002-06:00:00,02,19,2002,06,4.8584
02.19.2002-09:00:00,02,19,2002,09,4.8506
02.19.2002-12:00:00,02,19,2002,12,4.8428
02.19.2002-15:00:00,02,19,2002,15,4.8354
02.19.2002-18:00:00,02,19,2002,18,4.828
02.19.2002-21:00:00,02,19,2002,21,4.8206
02.20.2002-00:00:00,02,20,2002,00,4.8133
02.20.2002-03:00:00,02,20,2002,03,4.8059
02.20.2002-06:00:00,02,20,2002,06,4.7986
02.20.2002-09:00:00,02,20,2002,09,4.7908
02.20.2002-12:00:00,02,20,2002,12,4.7828
02.20.2002-15:00:00,02,20,2002,15,4.7755
02.20.2002-18:00:00,02,20,2002,18,4.7682
02.20.2002-21:00:00,02,20,2002,21,4.7609
02.21.2002-00:00:00,02,21,2002,00,4.7536
02.21.2002-03:00:00,02,21,2002,03,4.7464
02.21.2002-06:00:00,02,21,2002,06,4.7391
02.21.2002-09:00:00,02,21,2002,09,4.7319
02.21.2002-12:00:00,02,21,2002,12,4.7246
02.21.2002-15:00:00,02,21,2002,15,4.7174
02.21.2002-18:00:00,02,21,2002,18,4.7102
02.21.2002-21:00:00,02,21,2002,21,4.703
02.22.2002-00:00:00,02,22,2002,00,4.6959
02.22.2002-03:00:00,02,22,2002,03,4.6887
02.22.2002-06:00:00,02,22,2002,06,4.6816
02.22.2002-09:00:00,02,22,2002,09,4.6739
02.22.2002-12:00:00,02,22,2002,12,4.6662
02.22.2002-15:00:00,02,22,2002,15,4.6591
02.22.2002-18:00:00,02,22,2002,18,4.652
02.22.2002-21:00:00,02,22,2002,21,4.645
02.23.2002-00:00:00,02,23,2002,00,4.6379
02.23.2002-03:00:00,02,23,2002,03,4.6309
02.23.2002-06:00:00,02,23,2002,06,4.6238
02.23.2002-09:00:00,02,23,2002,09,4.6166
02.23.2002-12:00:00,02,23,2002,12,4.6093
02.23.2002-15:00:00,02,23,2002,15,4.6023
02.23.2002-18:00:00,02,23,2002,18,4.5953
02.23.2002-21:00:00,02,23,2002,21,4.5883
02.24.2002-00:00:00,02,24,2002,00,4.5813
02.24.2002-03:00:00,02,24,2002,03,4.5744
02.24.2002-06:00:00,02,24,2002,06,4.5677
02.24.2002-09:00:00,02,24,2002,09,4.561
02.24.2002-12:00:00,02,24,2002,12,4.5544
02.24.2002-15:00:00,02,24,2002,15,4.5477
02.24.2002-18:00:00,02,24,2002,18,4.5411
02.24.2002-21:00:00,02,24,2002,21,4.5344
02.25.2002-00:00:00,02,25,2002,00,4.5278
02.25.2002-03:00:00,02,25,2002,03,4.5212
02.25.2002-06:00:00,02,25,2002,06,4.5146
02.25.2002-09:00:00,02,25,2002,09,4.5081
02.25.2002-12:00:00,02,25,2002,12,4.5015
02.25.2002-15:00:00,02,25,2002,15,4.495
02.25.2002-18:00:00,02,25,2002,18,4.4884
02.25.2002-21:00:00,02,25,2002,21,4.4819
02.26.2002-00:00:00,02,26,2002,00,4.4753
02.26.2002-03:00:00,02,26,2002,03,4.4688
02.26.2002-06:00:00,02,26,2002,06,4.4623
02.26.2002-09:00:00,02,26,2002,09,4.4558
02.26.2002-12:00:00,02,26,2002,12,4.4494
02.26.2002-15:00:00,02,26,2002,15,4.4429
02.26.2002-18:00:00,02,26,2002,18,4.4365
02.26.2002-21:00:00,02,26,2002,21,4.43
02.27.2002-00:00:00,02,27,2002,00,4.4236
02.27.2002-03:00:00,02,27,2002,03,4.4172
02.27.2002-06:00:00,02,27,2002,06,4.4108
02.27.2002-09:00:00,02,27,2002,09,4.4044
02.27.2002-12:00:00,02,27,2002,12,4.398
02.27.2002-15:00:00,02,27,2002,15,4.3916
02.27.2002-18:00:00,02,27,2002,18,4.3852
02.27.2002-21:00:00,02,27,2002,21,4.3789
02.28.2002-00:00:00,02,28,2002,00,4.3725
02.28.2002-03:00:00,02,28,2002,03,4.3662
02.28.2002-06:00:00,02,28,2002,06,4.3598
02.28.2002-09:00:00,02,28,2002,09,4.3535
02.28.2002-12:00:00,02,28,2002,12,4.3472
02.28.2002-15:00:00,02,28,2002,15,4.3409
02.28.2002-18:00:00,02,28,2002,18,4.3346
02.28.2002-21:00:00,02,28,2002,21,4.3284
03.01.2002-00:00:00,03,01,2002,00,4.3221
03.01.2002-03:00:00,03,01,2002,03,4.3159
03.01.2002-06:00:00,03,01,2002,06,4.3096
03.01.2002-09:00:00,03,01,2002,09,4.3034
03.01.2002-12:00:00,03,01,2002,12,4.2972
03.01.2002-15:00:00,03,01,2002,15,4.291
03.01.2002-18:00:00,03,01,2002,18,4.2848
03.01.2002-21:00:00,03,01,2002,21,4.2786
03.02.2002-00:00:00,03,02,2002,00,4.2724
03.02.2002-03:00:00,03,02,2002,03,4.2663
03.02.2002-06:00:00,03,02,2002,06,4.2601
03.02.2002-09:00:00,03,02,2002,09,4.2539
03.02.2002-12:00:00,03,02,2002,12,4.2478
03.02.2002-15:00:00,03,02,2002,15,4.2417
03.02.2002-18:00:00,03,02,2002,18,4.2356
03.02.2002-21:00:00,03,02,2002,21,4.2296
03.03.2002-00:00:00,03,03,2002,00,4.2235
03.03.2002-03:00:00,03,03,2002,03,4.2174
03.03.2002-06:00:00,03,03,2002,06,4.2114
03.03.2002-09:00:00,03,03,2002,09,4.2053
03.03.2002-12:00:00,03,03,2002,12,4.1992
03.03.2002-15:00:00,03,03,2002,15,4.1932
03.03.2002-18:00:00,03,03,2002,18,4.1872
03.03.2002-21:00:00,03,03,2002,21,4.1812
03.04.2002-00:00:00,03,04,2002,00,4.1752
03.04.2002-03:00:00,03,04,2002,03,4.1692
03.04.2002-06:00:00,03,04,2002,06,4.1632
03.04.2002-09:00:00,03,04,2002,09,4.1573
03.04.2002-12:00:00,03,04,2002,12,4.1513
03.04.2002-15:00:00,03,04,2002,15,4.1454
03.04.2002-18:00:00,03,04,2002,18,4.1394
03.04.2002-21:00:00,03,04,2002,21,4.1335
03.05.2002-00:00:00,03,05,2002,00,4.1276
03.05.2002-03:00:00,03,05,2002,03,4.1217
03.05.2002-06:00:00,03,05,2002,06,4.1158
03.05.2002-09:00:00,03,05,2002,09,4.1099
03.05.2002-12:00:00,03,05,2002,12,4.104
03.05.2002-15:00:00,03,05,2002,15,4.0982
03.05.2002-18:00:00,03,05,2002,18,4.0924
03.05.2002-21:00:00,03,05,2002,21,4.0865
03.06.2002-00:00:00,03,06,2002,00,4.0807
03.06.2002-03:00:00,03,06,2002,03,4.0749
03.06.2002-06:00:00,03,06,2002,06,4.0691
03.06.2002-09:00:00,03,06,2002,09,4.0633
03.06.2002-12:00:00,03,06,2002,12,4.0575
03.06.2002-15:00:00,03,06,2002,15,4.0517
03.06.2002-18:00:00,03,06,2002,18,4.0459
03.06.2002-21:00:00,03,06,2002,21,4.0402
03.07.2002-00:00:00,03,07,2002,00,4.0344
03.07.2002-03:00:00,03,07,2002,03,4.0287
03.07.2002-06:00:00,03,07,2002,06,4.023
03.07.2002-09:00:00,03,07,2002,09,4.0173
03.07.2002-12:00:00,03,07,2002,12,4.0116
03.07.2002-15:00:00,03,07,2002,15,4.0059
03.07.2002-18:00:00,03,07,2002,18,4.0002
03.07.2002-21:00:00,03,07,2002,21,3.9945
03.08.2002-00:00:00,03,08,2002,00,3.9889
03.08.2002-03:00:00,03,08,2002,03,3.9833
03.08.2002-06:00:00,03,08,2002,06,3.9776
03.08.2002-09:00:00,03,08,2002,09,3.972
03.08.2002-12:00:00,03,08,2002,12,3.9664
03.08.2002-15:00:00,03,08,2002,15,3.9608
03.08.2002-18:00:00,03,08,2002,18,3.9552
03.08.2002-21:00:00,03,08,2002,21,3.9496
03.09.2002-00:00:00,03,09,2002,00,3.944
03.09.2002-03:00:00,03,09,2002,03,3.9384
03.09.2002-06:00:00,03,09,2002,06,3.9329
03.09.2002-09:00:00,03,09,2002,09,3.9273
03.09.2002-12:00:00,03,09,2002,12,3.9218
03.09.2002-15:00:00,03,09,2002,15,3.9163
03.09.2002-18:00:00,03,09,2002,18,3.9108
03.09.2002-21:00:00,03,09,2002,21,3.9053
03.10.2002-00:00:00,03,10,2002,00,3.8998
03.10.2002-03:00:00,03,10,2002,03,3.8943
03.10.2002-06:00:00,03,10,2002,06,3.8889
03.10.2002-09:00:00,03,10,2002,09,3.8834
03.10.2002-12:00:00,03,10,2002,12,3.878
03.10.2002-15:00:00,03,10,2002,15,3.8725
03.10.2002-18:00:00,03,10,2002,18,3.867
03.10.2002-21:00:00,03,10,2002,21,3.8616
03.11.2002-00:00:00,03,11,2002,00,3.8562
03.11.2002-03:00:00,03,11,2002,03,3.8508
03.11.2002-06:00:00,03,11,2002,06,3.8454
03.11.2002-09:00:00,03,11,2002,09,3.84
03.11.2002-12:00:00,03,11,2002,12,3.8346
03.11.2002-15:00:00,03,11,2002,15,3.8293
03.11.2002-18:00:00,03,11,2002,18,3.824
03.11.2002-21:00:00,03,11,2002,21,3.8186
03.12.2002-00:00:00,03,12,2002,00,3.8133
03.12.2002-03:00:00,03,12,2002,03,3.8079
03.12.2002-06:00:00,03,12,2002,06,3.8026
03.12.2002-09:00:00,03,12,2002,09,3.7973
03.12.2002-12:00:00,03,12,2002,12,3.792
03.12.2002-15:00:00,03,12,2002,15,3.7867
03.12.2002-18:00:00,03,12,2002,18,3.7815
03.12.2002-21:00:00,03,12,2002,21,3.7762
03.13.2002-00:00:00,03,13,2002,00,3.771
03.13.2002-03:00:00,03,13,2002,03,3.7657
03.13.2002-06:00:00,03,13,2002,06,3.7605
03.13.2002-09:00:00,03,13,2002,09,3.7552
03.13.2002-12:00:00,03,13,2002,12,3.75
03.13.2002-15:00:00,03,13,2002,15,3.7448
03.13.2002-18:00:00,03,13,2002,18,3.7396
03.13.2002-21:00:00,03,13,2002,21,3.7345
03.14.2002-00:00:00,03,14,2002,00,3.7293
03.14.2002-03:00:00,03,14,2002,03,3.7241
03.14.2002-06:00:00,03,14,2002,06,3.719
03.14.2002-09:00:00,03,14,2002,09,3.7138
03.14.2002-12:00:00,03,14,2002,12,3.7087
03.14.2002-15:00:00,03,14,2002,15,3.7036
03.14.2002-18:00:00,03,14,2002,18,3.6985
03.14.2002-21:00:00,03,14,2002,21,3.6934
03.15.2002-00:00:00,03,15,2002,00,3.6883
03.15.2002-03:00:00,03,15,2002,03,3.6832
03.15.2002-06:00:00,03,15,2002,06,3.6781
03.15.2002-09:00:00,03,15,2002,09,3.6731
03.15.2002-12:00:00,03,15,2002,12,3.668
03.15.2002-15:00:00,03,15,2002,15,3.663
03.15.2002-18:00:00,03,15,2002,18,3.6579
03.15.2002-21:00:00,03,15,2002,21,3.6529
03.16.2002-00:00:00,03,16,2002,00,3.6479
03.16.2002-03:00:00,03,16,2002,03,3.6429
03.16.2002-06:00:00,03,16,2002,06,3.6379
03.16.2002-09:00:00,03,16,2002,09,3.6329
03.16.2002-12:00:00,03,16,2002,12,3.6279
03.16.2002-15:00:00,03,16,2002,15,3.623
03.16.2002-18:00:00,03,16,2002,18,3.618
03.16.2002-21:00:00,03,16,2002,21,3.613
03.17.2002-00:00:00,03,17,2002,00,3.6081
03.17.2002-03:00:00,03,17,2002,03,3.6032
03.17.2002-06:00:00,03,17,2002,06,3.5983
03.17.2002-09:00:00,03,17,2002,09,3.5934
03.17.2002-12:00:00,03,17,2002,12,3.5885
03.17.2002-15:00:00,03,17,2002,15,3.5836
03.17.2002-18:00:00,03,17,2002,18,3.5787
03.17.2002-21:00:00,03,17,2002,21,3.5739
03.18.2002-00:00:00,03,18,2002,00,3.569
03.18.2002-03:00:00,03,18,2002,03,3.5641
03.18.2002-06:00:00,03,18,2002,06,3.5593
03.18.2002-09:00:00,03,18,2002,09,3.5544
03.18.2002-12:00:00,03,18,2002,12,3.5496
03.18.2002-15:00:00,03,18,2002,15,3.5448
03.18.2002-18:00:00,03,18,2002,18,3.5401
03.18.2002-21:00:00,03,18,2002,21,3.5353
03.19.2002-00:00:00,03,19,2002,00,3.5306
03.19.2002-03:00:00,03,19,2002,03,3.5262
03.19.2002-06:00:00,03,19,2002,06,3.5217
03.19.2002-09:00:00,03,19,2002,09,3.5173
03.19.2002-12:00:00,03,19,2002,12,3.5129
03.19.2002-15:00:00,03,19,2002,15,3.5084
03.19.2002-18:00:00,03,19,2002,18,3.504
03.19.2002-21:00:00,03,19,2002,21,3.4996
03.20.2002-00:00:00,03,20,2002,00,3.4952
03.20.2002-03:00:00,03,20,2002,03,3.4908
03.20.2002-06:00:00,03,20,2002,06,3.4865
03.20.2002-09:00:00,03,20,2002,09,3.4821
03.20.2002-12:00:00,03,20,2002,12,3.4777
03.20.2002-15:00:00,03,20,2002,15,3.4733
03.20.2002-18:00:00,03,20,2002,18,3.469
03.20.2002-21:00:00,03,20,2002,21,3.4647
03.21.2002-00:00:00,03,21,2002,00,3.4603
03.21.2002-03:00:00,03,21,2002,03,3.4559
03.21.2002-06:00:00,03,21,2002,06,3.4516
03.21.2002-09:00:00,03,21,2002,09,3.4473
03.21.2002-12:00:00,03,21,2002,12,3.443
03.21.2002-15:00:00,03,21,2002,15,3.4387
03.21.2002-18:00:00,03,21,2002,18,3.4344
03.21.2002-21:00:00,03,21,2002,21,3.4301
03.22.2002-00:00:00,03,22,2002,00,3.4258
03.22.2002-03:00:00,03,22,2002,03,3.4216
03.22.2002-06:00:00,03,22,2002,06,3.4173
03.22.2002-09:00:00,03,22,2002,09,3.413
03.22.2002-12:00:00,03,22,2002,12,3.4088
03.22.2002-15:00:00,03,22,2002,15,3.4045
03.22.2002-18:00:00,03,22,2002,18,3.4003
03.22.2002-21:00:00,03,22,2002,21,3.3961
03.23.2002-00:00:00,03,23,2002,00,3.3918
03.23.2002-03:00:00,03,23,2002,03,3.3876
03.23.2002-06:00:00,03,23,2002,06,3.3833
03.23.2002-09:00:00,03,23,2002,09,3.3792
03.23.2002-12:00:00,03,23,2002,12,3.3749
03.23.2002-15:00:00,03,23,2002,15,3.3707
03.23.2002-18:00:00,03,23,2002,18,3.3665
03.23.2002-21:00:00,03,23,2002,21,3.3624
03.24.2002-00:00:00,03,24,2002,00,3.3582
03.24.2002-03:00:00,03,24,2002,03,3.3541
03.24.2002-06:00:00,03,24,2002,06,3.3499
03.24.2002-09:00:00,03,24,2002,09,3.3457
03.24.2002-12:00:00,03,24,2002,12,3.3416
03.24.2002-15:00:00,03,24,2002,15,3.3374
03.24.2002-18:00:00,03,24,2002,18,3.3332
03.24.2002-21:00:00,03,24,2002,21,3.3291
03.25.2002-00:00:00,03,25,2002,00,3.3249
03.25.2002-03:00:00,03,25,2002,03,3.3208
03.25.2002-06:00:00,03,25,2002,06,3.3167
03.25.2002-09:00:00,03,25,2002,09,3.3126
03.25.2002-12:00:00,03,25,2002,12,3.3085
03.25.2002-15:00:00,03,25,2002,15,3.3044
03.25.2002-18:00:00,03,25,2002,18,3.3003
03.25.2002-21:00:00,03,25,2002,21,3.2962
03.26.2002-00:00:00,03,26,2002,00,3.2922
03.26.2002-03:00:00,03,26,2002,03,3.2881
03.26.2002-06:00:00,03,26,2002,06,3.2841
03.26.2002-09:00:00,03,26,2002,09,3.2801
03.26.2002-12:00:00,03,26,2002,12,3.276
03.26.2002-15:00:00,03,26,2002,15,3.272
03.26.2002-18:00:00,03,26,2002,18,3.2679
03.26.2002-21:00:00,03,26,2002,21,3.2639
03.27.2002-00:00:00,03,27,2002,00,3.2599
03.27.2002-03:00:00,03,27,2002,03,3.2558
03.27.2002-06:00:00,03,27,2002,06,3.2517
03.27.2002-09:00:00,03,27,2002,09,3.2477
03.27.2002-12:00:00,03,27,2002,12,3.2438
03.27.2002-15:00:00,03,27,2002,15,3.2398
03.27.2002-18:00:00,03,27,2002,18,3.2358
03.27.2002-21:00:00,03,27,2002,21,3.2318
03.28.2002-00:00:00,03,28,2002,00,3.2277
03.28.2002-03:00:00,03,28,2002,03,3.2238
03.28.2002-06:00:00,03,28,2002,06,3.2198
03.28.2002-09:00:00,03,28,2002,09,3.2157
03.28.2002-12:00:00,03,28,2002,12,3.2118
03.28.2002-15:00:00,03,28,2002,15,3.2079
03.28.2002-18:00:00,03,28,2002,18,3.204
03.28.2002-21:00:00,03,28,2002,21,3.1999
03.29.2002-00:00:00,03,29,2002,00,3.1959
03.29.2002-03:00:00,03,29,2002,03,3.192
03.29.2002-06:00:00,03,29,2002,06,3.1881
03.29.2002-09:00:00,03,29,2002,09,3.1842
03.29.2002-12:00:00,03,29,2002,12,3.1803
03.29.2002-15:00:00,03,29,2002,15,3.1763
03.29.2002-18:00:00,03,29,2002,18,3.1724
03.29.2002-21:00:00,03,29,2002,21,3.1684
03.30.2002-00:00:00,03,30,2002,00,3.1644
03.30.2002-03:00:00,03,30,2002,03,3.1605
03.30.2002-06:00:00,03,30,2002,06,3.1565
03.30.2002-09:00:00,03,30,2002,09,3.1526
03.30.2002-12:00:00,03,30,2002,12,3.1487
03.30.2002-15:00:00,03,30,2002,15,3.1449
03.30.2002-18:00:00,03,30,2002,18,3.141
03.30.2002-21:00:00,03,30,2002,21,3.1371
03.31.2002-00:00:00,03,31,2002,00,3.1333
03.31.2002-03:00:00,03,31,2002,03,3.1294
03.31.2002-06:00:00,03,31,2002,06,3.1256
03.31.2002-09:00:00,03,31,2002,09,3.1217
03.31.2002-12:00:00,03,31,2002,12,3.1179
03.31.2002-15:00:00,03,31,2002,15,3.114
03.31.2002-18:00:00,03,31,2002,18,3.1103
03.31.2002-21:00:00,03,31,2002,21,3.1065
04.01.2002-00:00:00,04,01,2002,00,3.1027
04.01.2002-03:00:00,04,01,2002,03,3.0989
04.01.2002-06:00:00,04,01,2002,06,3.095
04.01.2002-09:00:00,04,01,2002,09,3.0913
04.01.2002-12:00:00,04,01,2002,12,3.0876
04.01.2002-15:00:00,04,01,2002,15,3.0838
04.01.2002-18:00:00,04,01,2002,18,3.0801
04.01.2002-21:00:00,04,01,2002,21,3.0764
04.02.2002-00:00:00,04,02,2002,00,3.0726
04.02.2002-03:00:00,04,02,2002,03,3.0689
04.02.2002-06:00:00,04,02,2002,06,3.0651
04.02.2002-09:00:00,04,02,2002,09,3.0613
04.02.2002-12:00:00,04,02,2002,12,3.0576
04.02.2002-15:00:00,04,02,2002,15,3.0538
04.02.2002-18:00:00,04,02,2002,18,3.0501
04.02.2002-21:00:00,04,02,2002,21,3.0464
04.03.2002-00:00:00,04,03,2002,00,3.0427
04.03.2002-03:00:00,04,03,2002,03,3.039
04.03.2002-06:00:00,04,03,2002,06,3.0354
04.03.2002-09:00:00,04,03,2002,09,3.0317
04.03.2002-12:00:00,04,03,2002,12,3.028
04.03.2002-15:00:00,04,03,2002,15,3.0243
04.03.2002-18:00:00,04,03,2002,18,3.0206
04.03.2002-21:00:00,04,03,2002,21,3.017
04.04.2002-00:00:00,04,04,2002,00,3.0134
04.04.2002-03:00:00,04,04,2002,03,3.0097
04.04.2002-06:00:00,04,04,2002,06,3.0061
04.04.2002-09:00:00,04,04,2002,09,3.0025
04.04.2002-12:00:00,04,04,2002,12,2.9989
04.04.2002-15:00:00,04,04,2002,15,2.9952
04.04.2002-18:00:00,04,04,2002,18,2.9916
04.04.2002-21:00:00,04,04,2002,21,2.988
04.05.2002-00:00:00,04,05,2002,00,2.9843
04.05.2002-03:00:00,04,05,2002,03,2.9808
04.05.2002-06:00:00,04,05,2002,06,2.9773
04.05.2002-09:00:00,04,05,2002,09,2.9736
04.05.2002-12:00:00,04,05,2002,12,2.97
04.05.2002-15:00:00,04,05,2002,15,2.9664
04.05.2002-18:00:00,04,05,2002,18,2.9628
04.05.2002-21:00:00,04,05,2002,21,2.9592
04.06.2002-00:00:00,04,06,2002,00,2.9556
04.06.2002-03:00:00,04,06,2002,03,2.9521
04.06.2002-06:00:00,04,06,2002,06,2.9485
04.06.2002-09:00:00,04,06,2002,09,2.945
04.06.2002-12:00:00,04,06,2002,12,2.9415
04.06.2002-15:00:00,04,06,2002,15,2.938
04.06.2002-18:00:00,04,06,2002,18,2.9344
04.06.2002-21:00:00,04,06,2002,21,2.9309
04.07.2002-00:00:00,04,07,2002,00,2.9274
04.07.2002-03:00:00,04,07,2002,03,2.9239
04.07.2002-06:00:00,04,07,2002,06,2.9203
04.07.2002-09:00:00,04,07,2002,09,2.917
04.07.2002-12:00:00,04,07,2002,12,2.9135
04.07.2002-15:00:00,04,07,2002,15,2.91
04.07.2002-18:00:00,04,07,2002,18,2.9065
04.07.2002-21:00:00,04,07,2002,21,2.9031
04.08.2002-00:00:00,04,08,2002,00,2.8996
04.08.2002-03:00:00,04,08,2002,03,2.8963
04.08.2002-06:00:00,04,08,2002,06,2.8929
04.08.2002-09:00:00,04,08,2002,09,2.8895
04.08.2002-12:00:00,04,08,2002,12,2.8861
04.08.2002-15:00:00,04,08,2002,15,2.8827
04.08.2002-18:00:00,04,08,2002,18,2.8794
04.08.2002-21:00:00,04,08,2002,21,2.8761
04.09.2002-00:00:00,04,09,2002,00,2.873
04.09.2002-03:00:00,04,09,2002,03,2.8699
04.09.2002-06:00:00,04,09,2002,06,2.8669
04.09.2002-09:00:00,04,09,2002,09,2.864
04.09.2002-12:00:00,04,09,2002,12,2.8612
04.09.2002-15:00:00,04,09,2002,15,2.8584
04.09.2002-18:00:00,04,09,2002,18,2.8555
04.09.2002-21:00:00,04,09,2002,21,2.8529
04.10.2002-00:00:00,04,10,2002,00,2.8502
04.10.2002-03:00:00,04,10,2002,03,2.8478
04.10.2002-06:00:00,04,10,2002,06,2.8453
04.10.2002-09:00:00,04,10,2002,09,2.843
04.10.2002-12:00:00,04,10,2002,12,2.8406
04.10.2002-15:00:00,04,10,2002,15,2.8381
04.10.2002-18:00:00,04,10,2002,18,2.8358
04.10.2002-21:00:00,04,10,2002,21,2.8333
04.11.2002-00:00:00,04,11,2002,00,2.831
04.11.2002-03:00:00,04,11,2002,03,2.8287
04.11.2002-06:00:00,04,11,2002,06,2.8266
04.11.2002-09:00:00,04,11,2002,09,2.8245
04.11.2002-12:00:00,04,11,2002,12,2.8225
04.11.2002-15:00:00,04,11,2002,15,2.8206
04.11.2002-18:00:00,04,11,2002,18,2.819
04.11.2002-21:00:00,04,11,2002,21,2.8176
04.12.2002-00:00:00,04,12,2002,00,2.8163
04.12.2002-03:00:00,04,12,2002,03,2.8152
04.12.2002-06:00:00,04,12,2002,06,2.8142
04.12.2002-09:00:00,04,12,2002,09,2.8133
04.12.2002-12:00:00,04,12,2002,12,2.8123
04.12.2002-15:00:00,04,12,2002,15,2.8115
04.12.2002-18:00:00,04,12,2002,18,2.8107
04.12.2002-21:00:00,04,12,2002,21,2.8103
04.13.2002-00:00:00,04,13,2002,00,2.81
04.13.2002-03:00:00,04,13,2002,03,2.81
04.13.2002-06:00:00,04,13,2002,06,2.8101
04.13.2002-09:00:00,04,13,2002,09,2.8101
04.13.2002-12:00:00,04,13,2002,12,2.8101
04.13.2002-15:00:00,04,13,2002,15,2.8103
04.13.2002-18:00:00,04,13,2002,18,2.8107
04.13.2002-21:00:00,04,13,2002,21,2.8115
04.14.2002-00:00:00,04,14,2002,00,2.8125
04.14.2002-03:00:00,04,14,2002,03,2.8138
04.14.2002-06:00:00,04,14,2002,06,2.8154
04.14.2002-09:00:00,04,14,2002,09,2.8171
04.14.2002-12:00:00,04,14,2002,12,2.8189
04.14.2002-15:00:00,04,14,2002,15,2.835
04.14.2002-18:00:00,04,14,2002,18,2.8818
04.14.2002-21:00:00,04,14,2002,21,2.9464
04.15.2002-00:00:00,04,15,2002,00,2.9911
04.15.2002-03:00:00,04,15,2002,03,3.0097
04.15.2002-06:00:00,04,15,2002,06,3.0174
04.15.2002-09:00:00,04,15,2002,09,3.0225
04.15.2002-12:00:00,04,15,2002,12,3.0268
04.15.2002-15:00:00,04,15,2002,15,3.0322
04.15.2002-18:00:00,04,15,2002,18,3.0384
04.15.2002-21:00:00,04,15,2002,21,3.0446
04.16.2002-00:00:00,04,16,2002,00,3.0508
04.16.2002-03:00:00,04,16,2002,03,3.0568
04.16.2002-06:00:00,04,16,2002,06,3.0628
04.16.2002-09:00:00,04,16,2002,09,3.0687
04.16.2002-12:00:00,04,16,2002,12,3.0745
04.16.2002-15:00:00,04,16,2002,15,3.0802
04.16.2002-18:00:00,04,16,2002,18,3.0857
04.16.2002-21:00:00,04,16,2002,21,3.0911
04.17.2002-00:00:00,04,17,2002,00,3.0964
04.17.2002-03:00:00,04,17,2002,03,3.1016
04.17.2002-06:00:00,04,17,2002,06,3.1067
04.17.2002-09:00:00,04,17,2002,09,3.1116
04.17.2002-12:00:00,04,17,2002,12,3.1165
04.17.2002-15:00:00,04,17,2002,15,3.1213
04.17.2002-18:00:00,04,17,2002,18,3.1259
04.17.2002-21:00:00,04,17,2002,21,3.1303
04.18.2002-00:00:00,04,18,2002,00,3.1347
04.18.2002-03:00:00,04,18,2002,03,3.1391
04.18.2002-06:00:00,04,18,2002,06,3.1433
04.18.2002-09:00:00,04,18,2002,09,3.1475
04.18.2002-12:00:00,04,18,2002,12,3.1516
04.18.2002-15:00:00,04,18,2002,15,3.1557
04.18.2002-18:00:00,04,18,2002,18,3.1595
04.18.2002-21:00:00,04,18,2002,21,3.1632
04.19.2002-00:00:00,04,19,2002,00,3.1669
04.19.2002-03:00:00,04,19,2002,03,3.1705
04.19.2002-06:00:00,04,19,2002,06,3.174
04.19.2002-09:00:00,04,19,2002,09,3.1774
04.19.2002-12:00:00,04,19,2002,12,3.1807
04.19.2002-15:00:00,04,19,2002,15,3.184
04.19.2002-18:00:00,04,19,2002,18,3.1872
04.19.2002-21:00:00,04,19,2002,21,3.1905
04.20.2002-00:00:00,04,20,2002,00,3.1941
04.20.2002-03:00:00,04,20,2002,03,3.1978
04.20.2002-06:00:00,04,20,2002,06,3.2016
04.20.2002-09:00:00,04,20,2002,09,3.2055
04.20.2002-12:00:00,04,20,2002,12,3.2093
04.20.2002-15:00:00,04,20,2002,15,3.2396
04.20.2002-18:00:00,04,20,2002,18,3.3158
04.20.2002-21:00:00,04,20,2002,21,3.3893
04.21.2002-00:00:00,04,21,2002,00,3.4508
04.21.2002-03:00:00,04,21,2002,03,3.5016
04.21.2002-06:00:00,04,21,2002,06,3.5439
04.21.2002-09:00:00,04,21,2002,09,3.5822
04.21.2002-12:00:00,04,21,2002,12,3.6421
04.21.2002-15:00:00,04,21,2002,15,3.7433
04.21.2002-18:00:00,04,21,2002,18,3.8772
04.21.2002-21:00:00,04,21,2002,21,4.0094
04.22.2002-00:00:00,04,22,2002,00,4.1245
04.22.2002-03:00:00,04,22,2002,03,4.2189
04.22.2002-06:00:00,04,22,2002,06,4.295
04.22.2002-09:00:00,04,22,2002,09,4.3566
04.22.2002-12:00:00,04,22,2002,12,4.4605
04.22.2002-15:00:00,04,22,2002,15,4.611
04.22.2002-18:00:00,04,22,2002,18,4.7794
04.22.2002-21:00:00,04,22,2002,21,4.9398
04.23.2002-00:00:00,04,23,2002,00,5.0749
04.23.2002-03:00:00,04,23,2002,03,5.188
04.23.2002-06:00:00,04,23,2002,06,5.2666
04.23.2002-09:00:00,04,23,2002,09,5.3153
04.23.2002-12:00:00,04,23,2002,12,5.3613
04.23.2002-15:00:00,04,23,2002,15,5.4118
04.23.2002-18:00:00,04,23,2002,18,5.4654
04.23.2002-21:00:00,04,23,2002,21,5.5188
04.24.2002-00:00:00,04,24,2002,00,5.5719
04.24.2002-03:00:00,04,24,2002,03,5.6246
04.24.2002-06:00:00,04,24,2002,06,5.6769
04.24.2002-09:00:00,04,24,2002,09,5.7237
04.24.2002-12:00:00,04,24,2002,12,5.7682
04.24.2002-15:00:00,04,24,2002,15,5.8151
04.24.2002-18:00:00,04,24,2002,18,5.8654
04.24.2002-21:00:00,04,24,2002,21,5.9157
04.25.2002-00:00:00,04,25,2002,00,5.9656
04.25.2002-03:00:00,04,25,2002,03,6.0151
04.25.2002-06:00:00,04,25,2002,06,6.0634
04.25.2002-09:00:00,04,25,2002,09,6.1058
04.25.2002-12:00:00,04,25,2002,12,6.1458
04.25.2002-15:00:00,04,25,2002,15,6.1883
04.25.2002-18:00:00,04,25,2002,18,6.2351
04.25.2002-21:00:00,04,25,2002,21,6.282
04.26.2002-00:00:00,04,26,2002,00,6.329
04.26.2002-03:00:00,04,26,2002,03,6.3756
04.26.2002-06:00:00,04,26,2002,06,6.421
04.26.2002-09:00:00,04,26,2002,09,6.461
04.26.2002-12:00:00,04,26,2002,12,6.4986
04.26.2002-15:00:00,04,26,2002,15,6.5386
04.26.2002-18:00:00,04,26,2002,18,6.5826
04.26.2002-21:00:00,04,26,2002,21,6.627
04.27.2002-00:00:00,04,27,2002,00,6.6714
04.27.2002-03:00:00,04,27,2002,03,6.7159
04.27.2002-06:00:00,04,27,2002,06,6.7592
04.27.2002-09:00:00,04,27,2002,09,6.7964
04.27.2002-12:00:00,04,27,2002,12,6.8751
04.27.2002-15:00:00,04,27,2002,15,7.05
04.27.2002-18:00:00,04,27,2002,18,7.2896
04.27.2002-21:00:00,04,27,2002,21,7.5155
04.28.2002-00:00:00,04,28,2002,00,7.7038
04.28.2002-03:00:00,04,28,2002,03,7.8606
04.28.2002-06:00:00,04,28,2002,06,7.9565
04.28.2002-09:00:00,04,28,2002,09,8.0159
04.28.2002-12:00:00,04,28,2002,12,8.1614
04.28.2002-15:00:00,04,28,2002,15,8.4596
04.28.2002-18:00:00,04,28,2002,18,8.8311
04.28.2002-21:00:00,04,28,2002,21,9.164
04.29.2002-00:00:00,04,29,2002,00,9.4339
04.29.2002-03:00:00,04,29,2002,03,9.6517
04.29.2002-06:00:00,04,29,2002,06,9.7654
04.29.2002-09:00:00,04,29,2002,09,9.8567
04.29.2002-12:00:00,04,29,2002,12,10.132
04.29.2002-15:00:00,04,29,2002,15,10.766
04.29.2002-18:00:00,04,29,2002,18,11.471
04.29.2002-21:00:00,04,29,2002,21,12.159
04.30.2002-00:00:00,04,30,2002,00,12.573
04.30.2002-03:00:00,04,30,2002,03,12.911
04.30.2002-06:00:00,04,30,2002,06,13.195
04.30.2002-09:00:00,04,30,2002,09,13.724
04.30.2002-12:00:00,04,30,2002,12,15.001
04.30.2002-15:00:00,04,30,2002,15,16.435
04.30.2002-18:00:00,04,30,2002,18,17.795
04.30.2002-21:00:00,04,30,2002,21,18.703
05.01.2002-00:00:00,05,01,2002,00,19.369
05.01.2002-03:00:00,05,01,2002,03,19.775
05.01.2002-06:00:00,05,01,2002,06,20.09
05.01.2002-09:00:00,05,01,2002,09,20.768
05.01.2002-12:00:00,05,01,2002,12,24.58
05.01.2002-15:00:00,05,01,2002,15,55.084
05.01.2002-18:00:00,05,01,2002,18,48.933
05.01.2002-21:00:00,05,01,2002,21,44.538
05.02.2002-00:00:00,05,02,2002,00,43.601
05.02.2002-03:00:00,05,02,2002,03,42.03
05.02.2002-06:00:00,05,02,2002,06,42.82
05.02.2002-09:00:00,05,02,2002,09,59.964
05.02.2002-12:00:00,05,02,2002,12,73.75
05.02.2002-15:00:00,05,02,2002,15,71.738
05.02.2002-18:00:00,05,02,2002,18,83.898
05.02.2002-21:00:00,05,02,2002,21,77.127
05.03.2002-00:00:00,05,03,2002,00,65.677
05.03.2002-03:00:00,05,03,2002,03,59.49
05.03.2002-06:00:00,05,03,2002,06,58.06
05.03.2002-09:00:00,05,03,2002,09,72.97
05.03.2002-12:00:00,05,03,2002,12,104.34
05.03.2002-15:00:00,05,03,2002,15,88.169
05.03.2002-18:00:00,05,03,2002,18,75.892
05.03.2002-21:00:00,05,03,2002,21,74.402
05.04.2002-00:00:00,05,04,2002,00,78.784
05.04.2002-03:00:00,05,04,2002,03,81.526
05.04.2002-06:00:00,05,04,2002,06,82.624
05.04.2002-09:00:00,05,04,2002,09,71.544
05.04.2002-12:00:00,05,04,2002,12,91.863
05.04.2002-15:00:00,05,04,2002,15,121.78
05.04.2002-18:00:00,05,04,2002,18,100.67
05.04.2002-21:00:00,05,04,2002,21,90.837
05.05.2002-00:00:00,05,05,2002,00,95.497
05.05.2002-03:00:00,05,05,2002,03,103.54
05.05.2002-06:00:00,05,05,2002,06,99.163
05.05.2002-09:00:00,05,05,2002,09,87.59
05.05.2002-12:00:00,05,05,2002,12,209.2
05.05.2002-15:00:00,05,05,2002,15,181.64
05.05.2002-18:00:00,05,05,2002,18,139.26
05.05.2002-21:00:00,05,05,2002,21,122.48
05.06.2002-00:00:00,05,06,2002,00,122.64
05.06.2002-03:00:00,05,06,2002,03,123.6
05.06.2002-06:00:00,05,06,2002,06,124.39
05.06.2002-09:00:00,05,06,2002,09,108.26
05.06.2002-12:00:00,05,06,2002,12,104.95
05.06.2002-15:00:00,05,06,2002,15,126.89
05.06.2002-18:00:00,05,06,2002,18,126.64
05.06.2002-21:00:00,05,06,2002,21,124.64
05.07.2002-00:00:00,05,07,2002,00,124.68
05.07.2002-03:00:00,05,07,2002,03,124.77
05.07.2002-06:00:00,05,07,2002,06,120.8
05.07.2002-09:00:00,05,07,2002,09,105.63
05.07.2002-12:00:00,05,07,2002,12,131.01
05.07.2002-15:00:00,05,07,2002,15,157.41
05.07.2002-18:00:00,05,07,2002,18,136.17
05.07.2002-21:00:00,05,07,2002,21,125.84
05.08.2002-00:00:00,05,08,2002,00,135.72
05.08.2002-03:00:00,05,08,2002,03,137.21
05.08.2002-06:00:00,05,08,2002,06,137.54
05.08.2002-09:00:00,05,08,2002,09,111.46
05.08.2002-12:00:00,05,08,2002,12,112.55
05.08.2002-15:00:00,05,08,2002,15,174.99
05.08.2002-18:00:00,05,08,2002,18,148.84
05.08.2002-21:00:00,05,08,2002,21,137.89
05.09.2002-00:00:00,05,09,2002,00,137.94
05.09.2002-03:00:00,05,09,2002,03,138.3
05.09.2002-06:00:00,05,09,2002,06,135.06
05.09.2002-09:00:00,05,09,2002,09,108.76
05.09.2002-12:00:00,05,09,2002,12,104.37
05.09.2002-15:00:00,05,09,2002,15,118.48
05.09.2002-18:00:00,05,09,2002,18,139.38
05.09.2002-21:00:00,05,09,2002,21,136.43
05.10.2002-00:00:00,05,10,2002,00,136.32
05.10.2002-03:00:00,05,10,2002,03,137.1
05.10.2002-06:00:00,05,10,2002,06,128.48
05.10.2002-09:00:00,05,10,2002,09,102.33
05.10.2002-12:00:00,05,10,2002,12,151.7
05.10.2002-15:00:00,05,10,2002,15,213.3
05.10.2002-18:00:00,05,10,2002,18,172.05
05.10.2002-21:00:00,05,10,2002,21,149.78
05.11.2002-00:00:00,05,11,2002,00,142.57
05.11.2002-03:00:00,05,11,2002,03,138.82
05.11.2002-06:00:00,05,11,2002,06,135.67
05.11.2002-09:00:00,05,11,2002,09,255.25
05.11.2002-12:00:00,05,11,2002,12,391.36
05.11.2002-15:00:00,05,11,2002,15,336.87
05.11.2002-18:00:00,05,11,2002,18,253.38
05.11.2002-21:00:00,05,11,2002,21,223.94
05.12.2002-00:00:00,05,12,2002,00,191.12
05.12.2002-03:00:00,05,12,2002,03,176.7
05.12.2002-06:00:00,05,12,2002,06,164
05.12.2002-09:00:00,05,12,2002,09,330.25
05.12.2002-12:00:00,05,12,2002,12,522.4
05.12.2002-15:00:00,05,12,2002,15,464.13
05.12.2002-18:00:00,05,12,2002,18,321.47
05.12.2002-21:00:00,05,12,2002,21,261.45
05.13.2002-00:00:00,05,13,2002,00,239.1
05.13.2002-03:00:00,05,13,2002,03,224.69
05.13.2002-06:00:00,05,13,2002,06,219.04
05.13.2002-09:00:00,05,13,2002,09,464.9
05.13.2002-12:00:00,05,13,2002,12,645.27
05.13.2002-15:00:00,05,13,2002,15,522.53
05.13.2002-18:00:00,05,13,2002,18,382.51
05.13.2002-21:00:00,05,13,2002,21,321.96
05.14.2002-00:00:00,05,14,2002,00,304.27
05.14.2002-03:00:00,05,14,2002,03,270.53
05.14.2002-06:00:00,05,14,2002,06,263.57
05.14.2002-09:00:00,05,14,2002,09,384.54
05.14.2002-12:00:00,05,14,2002,12,502.94
05.14.2002-15:00:00,05,14,2002,15,447.18
05.14.2002-18:00:00,05,14,2002,18,352.46
05.14.2002-21:00:00,05,14,2002,21,313.17
05.15.2002-00:00:00,05,15,2002,00,293.05
05.15.2002-03:00:00,05,15,2002,03,294.72
05.15.2002-06:00:00,05,15,2002,06,284.21
05.15.2002-09:00:00,05,15,2002,09,345.4
05.15.2002-12:00:00,05,15,2002,12,656.65
05.15.2002-15:00:00,05,15,2002,15,524.75
05.15.2002-18:00:00,05,15,2002,18,371.8
05.15.2002-21:00:00,05,15,2002,21,336.08
05.16.2002-00:00:00,05,16,2002,00,323.84
05.16.2002-03:00:00,05,16,2002,03,325.52
05.16.2002-06:00:00,05,16,2002,06,309.18
05.16.2002-09:00:00,05,16,2002,09,390.32
05.16.2002-12:00:00,05,16,2002,12,720.26
05.16.2002-15:00:00,05,16,2002,15,595.86
05.16.2002-18:00:00,05,16,2002,18,439.43
05.16.2002-21:00:00,05,16,2002,21,395.91
05.17.2002-00:00:00,05,17,2002,00,404.22
05.17.2002-03:00:00,05,17,2002,03,399.71
05.17.2002-06:00:00,05,17,2002,06,445.37
05.17.2002-09:00:00,05,17,2002,09,675.8
05.17.2002-12:00:00,05,17,2002,12,778.33
05.17.2002-15:00:00,05,17,2002,15,719.12
05.17.2002-18:00:00,05,17,2002,18,600.18
05.17.2002-21:00:00,05,17,2002,21,589.85
05.18.2002-00:00:00,05,18,2002,00,555.78
05.18.2002-03:00:00,05,18,2002,03,526.39
05.18.2002-06:00:00,05,18,2002,06,505.64
05.18.2002-09:00:00,05,18,2002,09,740.01
05.18.2002-12:00:00,05,18,2002,12,912.49
05.18.2002-15:00:00,05,18,2002,15,836.79
05.18.2002-18:00:00,05,18,2002,18,748.3
05.18.2002-21:00:00,05,18,2002,21,662.47
05.19.2002-00:00:00,05,19,2002,00,687.6
05.19.2002-03:00:00,05,19,2002,03,625.38
05.19.2002-06:00:00,05,19,2002,06,685.31
05.19.2002-09:00:00,05,19,2002,09,913.72
05.19.2002-12:00:00,05,19,2002,12,1135
05.19.2002-15:00:00,05,19,2002,15,1004.7
05.19.2002-18:00:00,05,19,2002,18,949.28
05.19.2002-21:00:00,05,19,2002,21,902.55
05.20.2002-00:00:00,05,20,2002,00,1011.6
05.20.2002-03:00:00,05,20,2002,03,1047.1
05.20.2002-06:00:00,05,20,2002,06,1172.6
05.20.2002-09:00:00,05,20,2002,09,1379.2
05.20.2002-12:00:00,05,20,2002,12,1594.3
05.20.2002-15:00:00,05,20,2002,15,1534.6
05.20.2002-18:00:00,05,20,2002,18,1456.7
05.20.2002-21:00:00,05,20,2002,21,1448.3
05.21.2002-00:00:00,05,21,2002,00,1398.3
05.21.2002-03:00:00,05,21,2002,03,1402.7
05.21.2002-06:00:00,05,21,2002,06,1417.4
05.21.2002-09:00:00,05,21,2002,09,1529.1
05.21.2002-12:00:00,05,21,2002,12,1559.8
05.21.2002-15:00:00,05,21,2002,15,1595.2
05.21.2002-18:00:00,05,21,2002,18,1461.8
05.21.2002-21:00:00,05,21,2002,21,1524.1
05.22.2002-00:00:00,05,22,2002,00,1448.8
05.22.2002-03:00:00,05,22,2002,03,1434.1
05.22.2002-06:00:00,05,22,2002,06,1432.2
05.22.2002-09:00:00,05,22,2002,09,1601.1
05.22.2002-12:00:00,05,22,2002,12,1528.1
05.22.2002-15:00:00,05,22,2002,15,1604.6
05.22.2002-18:00:00,05,22,2002,18,1515.6
05.22.2002-21:00:00,05,22,2002,21,1513.9
05.23.2002-00:00:00,05,23,2002,00,1399.3
05.23.2002-03:00:00,05,23,2002,03,1441.9
05.23.2002-06:00:00,05,23,2002,06,1379.7
05.23.2002-09:00:00,05,23,2002,09,1746.5
05.23.2002-12:00:00,05,23,2002,12,1924.3
05.23.2002-15:00:00,05,23,2002,15,1824.3
05.23.2002-18:00:00,05,23,2002,18,1746.5
05.23.2002-21:00:00,05,23,2002,21,1593.5
05.24.2002-00:00:00,05,24,2002,00,1644.2
05.24.2002-03:00:00,05,24,2002,03,1527.7
05.24.2002-06:00:00,05,24,2002,06,1530.1
05.24.2002-09:00:00,05,24,2002,09,1611.2
05.24.2002-12:00:00,05,24,2002,12,2013
05.24.2002-15:00:00,05,24,2002,15,1893.2
05.24.2002-18:00:00,05,24,2002,18,1797.9
05.24.2002-21:00:00,05,24,2002,21,1659.4
05.25.2002-00:00:00,05,25,2002,00,1738.9
05.25.2002-03:00:00,05,25,2002,03,1617.9
05.25.2002-06:00:00,05,25,2002,06,1705.7
05.25.2002-09:00:00,05,25,2002,09,1962.7
05.25.2002-12:00:00,05,25,2002,12,2266.4
05.25.2002-15:00:00,05,25,2002,15,2149.2
05.25.2002-18:00:00,05,25,2002,18,2090.3
05.25.2002-21:00:00,05,25,2002,21,2065
05.26.2002-00:00:00,05,26,2002,00,1924
05.26.2002-03:00:00,05,26,2002,03,1864
05.26.2002-06:00:00,05,26,2002,06,1818.9
05.26.2002-09:00:00,05,26,2002,09,2142.5
05.26.2002-12:00:00,05,26,2002,12,2431.5
05.26.2002-15:00:00,05,26,2002,15,2355.1
05.26.2002-18:00:00,05,26,2002,18,2272.7
05.26.2002-21:00:00,05,26,2002,21,2126.3
05.27.2002-00:00:00,05,27,2002,00,2063.1
05.27.2002-03:00:00,05,27,2002,03,1975.5
05.27.2002-06:00:00,05,27,2002,06,2020
05.27.2002-09:00:00,05,27,2002,09,2384.4
05.27.2002-12:00:00,05,27,2002,12,2622.9
05.27.2002-15:00:00,05,27,2002,15,2592
05.27.2002-18:00:00,05,27,2002,18,2490.4
05.27.2002-21:00:00,05,27,2002,21,2378.9
05.28.2002-00:00:00,05,28,2002,00,2367.2
05.28.2002-03:00:00,05,28,2002,03,2364.4
05.28.2002-06:00:00,05,28,2002,06,2497.4
05.28.2002-09:00:00,05,28,2002,09,2785.9
05.28.2002-12:00:00,05,28,2002,12,3060.6
05.28.2002-15:00:00,05,28,2002,15,3116.5
05.28.2002-18:00:00,05,28,2002,18,2919.8
05.28.2002-21:00:00,05,28,2002,21,2902.2
05.29.2002-00:00:00,05,29,2002,00,2713.5
05.29.2002-03:00:00,05,29,2002,03,2671.1
05.29.2002-06:00:00,05,29,2002,06,2764
05.29.2002-09:00:00,05,29,2002,09,3073.2
05.29.2002-12:00:00,05,29,2002,12,3280.4
05.29.2002-15:00:00,05,29,2002,15,3263.7
05.29.2002-18:00:00,05,29,2002,18,3008.8
05.29.2002-21:00:00,05,29,2002,21,2906.6
05.30.2002-00:00:00,05,30,2002,00,2688.1
05.30.2002-03:00:00,05,30,2002,03,2610.6
05.30.2002-06:00:00,05,30,2002,06,2537.7
05.30.2002-09:00:00,05,30,2002,09,2860.4
05.30.2002-12:00:00,05,30,2002,12,3155.3
05.30.2002-15:00:00,05,30,2002,15,2984.2
05.30.2002-18:00:00,05,30,2002,18,2937.5
05.30.2002-21:00:00,05,30,2002,21,2697.4
05.31.2002-00:00:00,05,31,2002,00,2655.5
05.31.2002-03:00:00,05,31,2002,03,2500.7
05.31.2002-06:00:00,05,31,2002,06,2566.6
05.31.2002-09:00:00,05,31,2002,09,2815.1
05.31.2002-12:00:00,05,31,2002,12,3034
05.31.2002-15:00:00,05,31,2002,15,2928.5
05.31.2002-18:00:00,05,31,2002,18,2838.9
05.31.2002-21:00:00,05,31,2002,21,2587.3
06.01.2002-00:00:00,06,01,2002,00,2538.2
06.01.2002-03:00:00,06,01,2002,03,2415
06.01.2002-06:00:00,06,01,2002,06,2498.6
06.01.2002-09:00:00,06,01,2002,09,2722
06.01.2002-12:00:00,06,01,2002,12,2874
06.01.2002-15:00:00,06,01,2002,15,2768.5
06.01.2002-18:00:00,06,01,2002,18,2756.9
06.01.2002-21:00:00,06,01,2002,21,2591.8
06.02.2002-00:00:00,06,02,2002,00,2592.4
06.02.2002-03:00:00,06,02,2002,03,2458.7
06.02.2002-06:00:00,06,02,2002,06,2585
06.02.2002-09:00:00,06,02,2002,09,2743.3
06.02.2002-12:00:00,06,02,2002,12,2884.6
06.02.2002-15:00:00,06,02,2002,15,2761.1
06.02.2002-18:00:00,06,02,2002,18,2752.6
06.02.2002-21:00:00,06,02,2002,21,2612.3
06.03.2002-00:00:00,06,03,2002,00,2551.5
06.03.2002-03:00:00,06,03,2002,03,2516.1
06.03.2002-06:00:00,06,03,2002,06,2534.2
06.03.2002-09:00:00,06,03,2002,09,2576.6
06.03.2002-12:00:00,06,03,2002,12,2720.4
06.03.2002-15:00:00,06,03,2002,15,2548.6
06.03.2002-18:00:00,06,03,2002,18,2565
06.03.2002-21:00:00,06,03,2002,21,2447.5
06.04.2002-00:00:00,06,04,2002,00,2504.8
06.04.2002-03:00:00,06,04,2002,03,2382.4
06.04.2002-06:00:00,06,04,2002,06,2472.9
06.04.2002-09:00:00,06,04,2002,09,2543.2
06.04.2002-12:00:00,06,04,2002,12,2554.7
06.04.2002-15:00:00,06,04,2002,15,2466.3
06.04.2002-18:00:00,06,04,2002,18,2404.4
06.04.2002-21:00:00,06,04,2002,21,2389.7
06.05.2002-00:00:00,06,05,2002,00,2382.4
06.05.2002-03:00:00,06,05,2002,03,2419.9
06.05.2002-06:00:00,06,05,2002,06,2374
06.05.2002-09:00:00,06,05,2002,09,2523.6
06.05.2002-12:00:00,06,05,2002,12,2476.7
06.05.2002-15:00:00,06,05,2002,15,2410.4
06.05.2002-18:00:00,06,05,2002,18,2337.9
06.05.2002-21:00:00,06,05,2002,21,2316.6
06.06.2002-00:00:00,06,06,2002,00,2222.8
06.06.2002-03:00:00,06,06,2002,03,2281.5
06.06.2002-06:00:00,06,06,2002,06,2150.3
06.06.2002-09:00:00,06,06,2002,09,2212.1
06.06.2002-12:00:00,06,06,2002,12,2113.7
06.06.2002-15:00:00,06,06,2002,15,2107.7
06.06.2002-18:00:00,06,06,2002,18,1967
06.06.2002-21:00:00,06,06,2002,21,1990.8
06.07.2002-00:00:00,06,07,2002,00,1848.5
06.07.2002-03:00:00,06,07,2002,03,1881
06.07.2002-06:00:00,06,07,2002,06,1719.3
06.07.2002-09:00:00,06,07,2002,09,1788
06.07.2002-12:00:00,06,07,2002,12,1752.5
06.07.2002-15:00:00,06,07,2002,15,1768
06.07.2002-18:00:00,06,07,2002,18,1652.4
06.07.2002-21:00:00,06,07,2002,21,1646.5
06.08.2002-00:00:00,06,08,2002,00,1572.5
06.08.2002-03:00:00,06,08,2002,03,1622.1
06.08.2002-06:00:00,06,08,2002,06,1489.2
06.08.2002-09:00:00,06,08,2002,09,1496.5
06.08.2002-12:00:00,06,08,2002,12,1504.7
06.08.2002-15:00:00,06,08,2002,15,1523.6
06.08.2002-18:00:00,06,08,2002,18,1410.5
06.08.2002-21:00:00,06,08,2002,21,1467.3
06.09.2002-00:00:00,06,09,2002,00,1460.1
06.09.2002-03:00:00,06,09,2002,03,1395.8
06.09.2002-06:00:00,06,09,2002,06,1331.4
06.09.2002-09:00:00,06,09,2002,09,1476.3
06.09.2002-12:00:00,06,09,2002,12,1527.4
06.09.2002-15:00:00,06,09,2002,15,1483.2
06.09.2002-18:00:00,06,09,2002,18,1294.3
06.09.2002-21:00:00,06,09,2002,21,1464.4
06.10.2002-00:00:00,06,10,2002,00,1325.9
06.10.2002-03:00:00,06,10,2002,03,1400.4
06.10.2002-06:00:00,06,10,2002,06,1294.2
06.10.2002-09:00:00,06,10,2002,09,1502
06.10.2002-12:00:00,06,10,2002,12,1325.2
06.10.2002-15:00:00,06,10,2002,15,1341.3
06.10.2002-18:00:00,06,10,2002,18,1199.3
06.10.2002-21:00:00,06,10,2002,21,1305.2
06.11.2002-00:00:00,06,11,2002,00,1203.8
06.11.2002-03:00:00,06,11,2002,03,1277.7
06.11.2002-06:00:00,06,11,2002,06,1204.6
06.11.2002-09:00:00,06,11,2002,09,1254.1
06.11.2002-12:00:00,06,11,2002,12,1163
06.11.2002-15:00:00,06,11,2002,15,1243.7
06.11.2002-18:00:00,06,11,2002,18,1103.9
06.11.2002-21:00:00,06,11,2002,21,1220.7
06.12.2002-00:00:00,06,12,2002,00,1110.9
06.12.2002-03:00:00,06,12,2002,03,1151
06.12.2002-06:00:00,06,12,2002,06,1097.4
06.12.2002-09:00:00,06,12,2002,09,1084.4
06.12.2002-12:00:00,06,12,2002,12,1058
06.12.2002-15:00:00,06,12,2002,15,1038.8
06.12.2002-18:00:00,06,12,2002,18,1033.5
06.12.2002-21:00:00,06,12,2002,21,1065.9
06.13.2002-00:00:00,06,13,2002,00,1039.8
06.13.2002-03:00:00,06,13,2002,03,1094.8
06.13.2002-06:00:00,06,13,2002,06,1016.1
06.13.2002-09:00:00,06,13,2002,09,1016
06.13.2002-12:00:00,06,13,2002,12,995.52
06.13.2002-15:00:00,06,13,2002,15,965.24
06.13.2002-18:00:00,06,13,2002,18,945.99
06.13.2002-21:00:00,06,13,2002,21,1028.4
06.14.2002-00:00:00,06,14,2002,00,948.33
06.14.2002-03:00:00,06,14,2002,03,993.85
06.14.2002-06:00:00,06,14,2002,06,912.71
06.14.2002-09:00:00,06,14,2002,09,968.8
06.14.2002-12:00:00,06,14,2002,12,877.26
06.14.2002-15:00:00,06,14,2002,15,906.26
06.14.2002-18:00:00,06,14,2002,18,911.38
06.14.2002-21:00:00,06,14,2002,21,924.94
06.15.2002-00:00:00,06,15,2002,00,904.21
06.15.2002-03:00:00,06,15,2002,03,922.11
06.15.2002-06:00:00,06,15,2002,06,841.18
06.15.2002-09:00:00,06,15,2002,09,869.23
06.15.2002-12:00:00,06,15,2002,12,811.42
06.15.2002-15:00:00,06,15,2002,15,802.79
06.15.2002-18:00:00,06,15,2002,18,874.25
06.15.2002-21:00:00,06,15,2002,21,832.11
06.16.2002-00:00:00,06,16,2002,00,855.33
06.16.2002-03:00:00,06,16,2002,03,864.82
06.16.2002-06:00:00,06,16,2002,06,783.97
06.16.2002-09:00:00,06,16,2002,09,778.96
06.16.2002-12:00:00,06,16,2002,12,725.24
06.16.2002-15:00:00,06,16,2002,15,728.75
06.16.2002-18:00:00,06,16,2002,18,750.81
06.16.2002-21:00:00,06,16,2002,21,804.19
06.17.2002-00:00:00,06,17,2002,00,781.44
06.17.2002-03:00:00,06,17,2002,03,766.23
06.17.2002-06:00:00,06,17,2002,06,790.31
06.17.2002-09:00:00,06,17,2002,09,722.02
06.17.2002-12:00:00,06,17,2002,12,727.63
06.17.2002-15:00:00,06,17,2002,15,716.28
06.17.2002-18:00:00,06,17,2002,18,776.06
06.17.2002-21:00:00,06,17,2002,21,740.48
06.18.2002-00:00:00,06,18,2002,00,761.37
06.18.2002-03:00:00,06,18,2002,03,745.2
06.18.2002-06:00:00,06,18,2002,06,762.56
06.18.2002-09:00:00,06,18,2002,09,687.44
06.18.2002-12:00:00,06,18,2002,12,695.39
06.18.2002-15:00:00,06,18,2002,15,671.39
06.18.2002-18:00:00,06,18,2002,18,710
06.18.2002-21:00:00,06,18,2002,21,727.44
06.19.2002-00:00:00,06,19,2002,00,718.89
06.19.2002-03:00:00,06,19,2002,03,698.79
06.19.2002-06:00:00,06,19,2002,06,671.3
06.19.2002-09:00:00,06,19,2002,09,642.47
06.19.2002-12:00:00,06,19,2002,12,629.68
06.19.2002-15:00:00,06,19,2002,15,581.98
06.19.2002-18:00:00,06,19,2002,18,650.6
06.19.2002-21:00:00,06,19,2002,21,625.14
06.20.2002-00:00:00,06,20,2002,00,668.92
06.20.2002-03:00:00,06,20,2002,03,637.87
06.20.2002-06:00:00,06,20,2002,06,626.6
06.20.2002-09:00:00,06,20,2002,09,559.65
06.20.2002-12:00:00,06,20,2002,12,584.53
06.20.2002-15:00:00,06,20,2002,15,531.75
06.20.2002-18:00:00,06,20,2002,18,609.7
06.20.2002-21:00:00,06,20,2002,21,578.19
06.21.2002-00:00:00,06,21,2002,00,631.24
06.21.2002-03:00:00,06,21,2002,03,592.47
06.21.2002-06:00:00,06,21,2002,06,581.42
06.21.2002-09:00:00,06,21,2002,09,512.3
06.21.2002-12:00:00,06,21,2002,12,544.27
06.21.2002-15:00:00,06,21,2002,15,489.46
06.21.2002-18:00:00,06,21,2002,18,560.21
06.21.2002-21:00:00,06,21,2002,21,533.94
06.22.2002-00:00:00,06,22,2002,00,585.3
06.22.2002-03:00:00,06,22,2002,03,554.09
06.22.2002-06:00:00,06,22,2002,06,528.25
06.22.2002-09:00:00,06,22,2002,09,499.43
06.22.2002-12:00:00,06,22,2002,12,485.88
06.22.2002-15:00:00,06,22,2002,15,486.13
06.22.2002-18:00:00,06,22,2002,18,503.27
06.22.2002-21:00:00,06,22,2002,21,518.63
06.23.2002-00:00:00,06,23,2002,00,547.73
06.23.2002-03:00:00,06,23,2002,03,514.52
06.23.2002-06:00:00,06,23,2002,06,514.17
06.23.2002-09:00:00,06,23,2002,09,440.12
06.23.2002-12:00:00,06,23,2002,12,475.46
06.23.2002-15:00:00,06,23,2002,15,426.56
06.23.2002-18:00:00,06,23,2002,18,477.15
06.23.2002-21:00:00,06,23,2002,21,486.71
06.24.2002-00:00:00,06,24,2002,00,507.51
06.24.2002-03:00:00,06,24,2002,03,504.46
06.24.2002-06:00:00,06,24,2002,06,463.62
06.24.2002-09:00:00,06,24,2002,09,426.57
06.24.2002-12:00:00,06,24,2002,12,421.53
06.24.2002-15:00:00,06,24,2002,15,412.84
06.24.2002-18:00:00,06,24,2002,18,429.64
06.24.2002-21:00:00,06,24,2002,21,477.6
06.25.2002-00:00:00,06,25,2002,00,452.31
06.25.2002-03:00:00,06,25,2002,03,504.31
06.25.2002-06:00:00,06,25,2002,06,400.9
06.25.2002-09:00:00,06,25,2002,09,427.17
06.25.2002-12:00:00,06,25,2002,12,361.96
06.25.2002-15:00:00,06,25,2002,15,391.76
06.25.2002-18:00:00,06,25,2002,18,413.62
06.25.2002-21:00:00,06,25,2002,21,442.83
06.26.2002-00:00:00,06,26,2002,00,433.38
06.26.2002-03:00:00,06,26,2002,03,453.97
06.26.2002-06:00:00,06,26,2002,06,386.67
06.26.2002-09:00:00,06,26,2002,09,400.96
06.26.2002-12:00:00,06,26,2002,12,375.42
06.26.2002-15:00:00,06,26,2002,15,373.03
06.26.2002-18:00:00,06,26,2002,18,391.35
06.26.2002-21:00:00,06,26,2002,21,416.75
06.27.2002-00:00:00,06,27,2002,00,406.76
06.27.2002-03:00:00,06,27,2002,03,412.14
06.27.2002-06:00:00,06,27,2002,06,367.05
06.27.2002-09:00:00,06,27,2002,09,347.46
06.27.2002-12:00:00,06,27,2002,12,315.03
06.27.2002-15:00:00,06,27,2002,15,348
06.27.2002-18:00:00,06,27,2002,18,335.47
06.27.2002-21:00:00,06,27,2002,21,394.73
06.28.2002-00:00:00,06,28,2002,00,382.89
06.28.2002-03:00:00,06,28,2002,03,394.27
06.28.2002-06:00:00,06,28,2002,06,357.57
06.28.2002-09:00:00,06,28,2002,09,374.69
06.28.2002-12:00:00,06,28,2002,12,331.46
06.28.2002-15:00:00,06,28,2002,15,357.95
06.28.2002-18:00:00,06,28,2002,18,356.99
06.28.2002-21:00:00,06,28,2002,21,399.7
06.29.2002-00:00:00,06,29,2002,00,405.53
06.29.2002-03:00:00,06,29,2002,03,436.75
06.29.2002-06:00:00,06,29,2002,06,383.29
06.29.2002-09:00:00,06,29,2002,09,403.97
06.29.2002-12:00:00,06,29,2002,12,403.1
06.29.2002-15:00:00,06,29,2002,15,387.63
06.29.2002-18:00:00,06,29,2002,18,388.99
06.29.2002-21:00:00,06,29,2002,21,433.07
06.30.2002-00:00:00,06,30,2002,00,403.29
06.30.2002-03:00:00,06,30,2002,03,388.2
06.30.2002-06:00:00,06,30,2002,06,371.43
06.30.2002-09:00:00,06,30,2002,09,363.34
06.30.2002-12:00:00,06,30,2002,12,318.3
06.30.2002-15:00:00,06,30,2002,15,343.8
06.30.2002-18:00:00,06,30,2002,18,338.12
06.30.2002-21:00:00,06,30,2002,21,375.87
07.01.2002-00:00:00,07,01,2002,00,362.73
07.01.2002-03:00:00,07,01,2002,03,373.63
07.01.2002-06:00:00,07,01,2002,06,331.09
07.01.2002-09:00:00,07,01,2002,09,337.26
07.01.2002-12:00:00,07,01,2002,12,290.41
07.01.2002-15:00:00,07,01,2002,15,320.07
07.01.2002-18:00:00,07,01,2002,18,312.74
07.01.2002-21:00:00,07,01,2002,21,359.41
07.02.2002-00:00:00,07,02,2002,00,344.46
07.02.2002-03:00:00,07,02,2002,03,359.37
07.02.2002-06:00:00,07,02,2002,06,308.33
07.02.2002-09:00:00,07,02,2002,09,293.13
07.02.2002-12:00:00,07,02,2002,12,268.3
07.02.2002-15:00:00,07,02,2002,15,295.13
07.02.2002-18:00:00,07,02,2002,18,292.98
07.02.2002-21:00:00,07,02,2002,21,326.33
07.03.2002-00:00:00,07,03,2002,00,343.44
07.03.2002-03:00:00,07,03,2002,03,318.99
07.03.2002-06:00:00,07,03,2002,06,302.72
07.03.2002-09:00:00,07,03,2002,09,259.96
07.03.2002-12:00:00,07,03,2002,12,275.81
07.03.2002-15:00:00,07,03,2002,15,258.22
07.03.2002-18:00:00,07,03,2002,18,277.06
07.03.2002-21:00:00,07,03,2002,21,321.16
07.04.2002-00:00:00,07,04,2002,00,311.84
07.04.2002-03:00:00,07,04,2002,03,314.23
07.04.2002-06:00:00,07,04,2002,06,299.05
07.04.2002-09:00:00,07,04,2002,09,255.84
07.04.2002-12:00:00,07,04,2002,12,271.84
07.04.2002-15:00:00,07,04,2002,15,256.53
07.04.2002-18:00:00,07,04,2002,18,273.73
07.04.2002-21:00:00,07,04,2002,21,313.64
07.05.2002-00:00:00,07,05,2002,00,304.07
07.05.2002-03:00:00,07,05,2002,03,308.79
07.05.2002-06:00:00,07,05,2002,06,286.42
07.05.2002-09:00:00,07,05,2002,09,235.31
07.05.2002-12:00:00,07,05,2002,12,252.77
07.05.2002-15:00:00,07,05,2002,15,239.15
07.05.2002-18:00:00,07,05,2002,18,259.27
07.05.2002-21:00:00,07,05,2002,21,282.24
07.06.2002-00:00:00,07,06,2002,00,285.01
07.06.2002-03:00:00,07,06,2002,03,291.74
07.06.2002-06:00:00,07,06,2002,06,266.21
07.06.2002-09:00:00,07,06,2002,09,218.17
07.06.2002-12:00:00,07,06,2002,12,222.48
07.06.2002-15:00:00,07,06,2002,15,240.93
07.06.2002-18:00:00,07,06,2002,18,242.76
07.06.2002-21:00:00,07,06,2002,21,265.58
07.07.2002-00:00:00,07,07,2002,00,271.82
07.07.2002-03:00:00,07,07,2002,03,268.7
07.07.2002-06:00:00,07,07,2002,06,231.74
07.07.2002-09:00:00,07,07,2002,09,229.62
07.07.2002-12:00:00,07,07,2002,12,210.15
07.07.2002-15:00:00,07,07,2002,15,213.69
07.07.2002-18:00:00,07,07,2002,18,231.22
07.07.2002-21:00:00,07,07,2002,21,253.19
07.08.2002-00:00:00,07,08,2002,00,384.79
07.08.2002-03:00:00,07,08,2002,03,419.49
07.08.2002-06:00:00,07,08,2002,06,422.31
07.08.2002-09:00:00,07,08,2002,09,413.92
07.08.2002-12:00:00,07,08,2002,12,401.03
07.08.2002-15:00:00,07,08,2002,15,422.84
07.08.2002-18:00:00,07,08,2002,18,434.56
07.08.2002-21:00:00,07,08,2002,21,494.82
07.09.2002-00:00:00,07,09,2002,00,323.16
07.09.2002-03:00:00,07,09,2002,03,334.36
07.09.2002-06:00:00,07,09,2002,06,269.66
07.09.2002-09:00:00,07,09,2002,09,265.22
07.09.2002-12:00:00,07,09,2002,12,234.61
07.09.2002-15:00:00,07,09,2002,15,236.28
07.09.2002-18:00:00,07,09,2002,18,247.87
07.09.2002-21:00:00,07,09,2002,21,267.3
07.10.2002-00:00:00,07,10,2002,00,269.85
07.10.2002-03:00:00,07,10,2002,03,266.09
07.10.2002-06:00:00,07,10,2002,06,237.7
07.10.2002-09:00:00,07,10,2002,09,237.2
07.10.2002-12:00:00,07,10,2002,12,227.29
07.10.2002-15:00:00,07,10,2002,15,218.76
07.10.2002-18:00:00,07,10,2002,18,228.02
07.10.2002-21:00:00,07,10,2002,21,248.05
07.11.2002-00:00:00,07,11,2002,00,251.36
07.11.2002-03:00:00,07,11,2002,03,245.89
07.11.2002-06:00:00,07,11,2002,06,211.62
07.11.2002-09:00:00,07,11,2002,09,213.95
07.11.2002-12:00:00,07,11,2002,12,243.96
07.11.2002-15:00:00,07,11,2002,15,211.21
07.11.2002-18:00:00,07,11,2002,18,216.49
07.11.2002-21:00:00,07,11,2002,21,237.84
07.12.2002-00:00:00,07,12,2002,00,240.79
07.12.2002-03:00:00,07,12,2002,03,234.74
07.12.2002-06:00:00,07,12,2002,06,201.68
07.12.2002-09:00:00,07,12,2002,09,202.81
07.12.2002-12:00:00,07,12,2002,12,222.25
07.12.2002-15:00:00,07,12,2002,15,199.7
07.12.2002-18:00:00,07,12,2002,18,204.32
07.12.2002-21:00:00,07,12,2002,21,225.86
07.13.2002-00:00:00,07,13,2002,00,226.23
07.13.2002-03:00:00,07,13,2002,03,220.33
07.13.2002-06:00:00,07,13,2002,06,192.94
07.13.2002-09:00:00,07,13,2002,09,190.11
07.13.2002-12:00:00,07,13,2002,12,195.8
07.13.2002-15:00:00,07,13,2002,15,188.98
07.13.2002-18:00:00,07,13,2002,18,195.31
07.13.2002-21:00:00,07,13,2002,21,210.53
07.14.2002-00:00:00,07,14,2002,00,213.88
07.14.2002-03:00:00,07,14,2002,03,207.47
07.14.2002-06:00:00,07,14,2002,06,182.56
07.14.2002-09:00:00,07,14,2002,09,171.36
07.14.2002-12:00:00,07,14,2002,12,170.98
07.14.2002-15:00:00,07,14,2002,15,172.69
07.14.2002-18:00:00,07,14,2002,18,181.13
07.14.2002-21:00:00,07,14,2002,21,199.07
07.15.2002-00:00:00,07,15,2002,00,201.38
07.15.2002-03:00:00,07,15,2002,03,197.69
07.15.2002-06:00:00,07,15,2002,06,174.91
07.15.2002-09:00:00,07,15,2002,09,162.73
07.15.2002-12:00:00,07,15,2002,12,164.04
07.15.2002-15:00:00,07,15,2002,15,165.54
07.15.2002-18:00:00,07,15,2002,18,174.52
07.15.2002-21:00:00,07,15,2002,21,191.5
07.16.2002-00:00:00,07,16,2002,00,193.06
07.16.2002-03:00:00,07,16,2002,03,189.19
07.16.2002-06:00:00,07,16,2002,06,166.55
07.16.2002-09:00:00,07,16,2002,09,155.7
07.16.2002-12:00:00,07,16,2002,12,157.65
07.16.2002-15:00:00,07,16,2002,15,158.92
07.16.2002-18:00:00,07,16,2002,18,167.73
07.16.2002-21:00:00,07,16,2002,21,182.93
07.17.2002-00:00:00,07,17,2002,00,185.31
07.17.2002-03:00:00,07,17,2002,03,180.21
07.17.2002-06:00:00,07,17,2002,06,158.81
07.17.2002-09:00:00,07,17,2002,09,149.17
07.17.2002-12:00:00,07,17,2002,12,150.52
07.17.2002-15:00:00,07,17,2002,15,152.36
07.17.2002-18:00:00,07,17,2002,18,161.07
07.17.2002-21:00:00,07,17,2002,21,173.23
07.18.2002-00:00:00,07,18,2002,00,178.06
07.18.2002-03:00:00,07,18,2002,03,172.98
07.18.2002-06:00:00,07,18,2002,06,151.83
07.18.2002-09:00:00,07,18,2002,09,142.08
07.18.2002-12:00:00,07,18,2002,12,142.92
07.18.2002-15:00:00,07,18,2002,15,145.22
07.18.2002-18:00:00,07,18,2002,18,154.34
07.18.2002-21:00:00,07,18,2002,21,167.13
07.19.2002-00:00:00,07,19,2002,00,168.5
07.19.2002-03:00:00,07,19,2002,03,167.7
07.19.2002-06:00:00,07,19,2002,06,148.82
07.19.2002-09:00:00,07,19,2002,09,138.02
07.19.2002-12:00:00,07,19,2002,12,137.87
07.19.2002-15:00:00,07,19,2002,15,141.64
07.19.2002-18:00:00,07,19,2002,18,151.05
07.19.2002-21:00:00,07,19,2002,21,162.69
07.20.2002-00:00:00,07,20,2002,00,163.62
07.20.2002-03:00:00,07,20,2002,03,163.4
07.20.2002-06:00:00,07,20,2002,06,143.42
07.20.2002-09:00:00,07,20,2002,09,132.03
07.20.2002-12:00:00,07,20,2002,12,133.3
07.20.2002-15:00:00,07,20,2002,15,136.22
07.20.2002-18:00:00,07,20,2002,18,146.32
07.20.2002-21:00:00,07,20,2002,21,158.36
07.21.2002-00:00:00,07,21,2002,00,159.13
07.21.2002-03:00:00,07,21,2002,03,156.43
07.21.2002-06:00:00,07,21,2002,06,138.14
07.21.2002-09:00:00,07,21,2002,09,127.4
07.21.2002-12:00:00,07,21,2002,12,129.43
07.21.2002-15:00:00,07,21,2002,15,131.61
07.21.2002-18:00:00,07,21,2002,18,141.7
07.21.2002-21:00:00,07,21,2002,21,154.15
07.22.2002-00:00:00,07,22,2002,00,155.06
07.22.2002-03:00:00,07,22,2002,03,152.73
07.22.2002-06:00:00,07,22,2002,06,133.9
07.22.2002-09:00:00,07,22,2002,09,124.26
07.22.2002-12:00:00,07,22,2002,12,127.53
07.22.2002-15:00:00,07,22,2002,15,128.19
07.22.2002-18:00:00,07,22,2002,18,137.9
07.22.2002-21:00:00,07,22,2002,21,150.16
07.23.2002-00:00:00,07,23,2002,00,150.94
07.23.2002-03:00:00,07,23,2002,03,148.49
07.23.2002-06:00:00,07,23,2002,06,129.21
07.23.2002-09:00:00,07,23,2002,09,122.3
07.23.2002-12:00:00,07,23,2002,12,128.29
07.23.2002-15:00:00,07,23,2002,15,125.42
07.23.2002-18:00:00,07,23,2002,18,134.06
07.23.2002-21:00:00,07,23,2002,21,146.18
07.24.2002-00:00:00,07,24,2002,00,146.61
07.24.2002-03:00:00,07,24,2002,03,143.05
07.24.2002-06:00:00,07,24,2002,06,124.03
07.24.2002-09:00:00,07,24,2002,09,117.78
07.24.2002-12:00:00,07,24,2002,12,121.94
07.24.2002-15:00:00,07,24,2002,15,120.81
07.24.2002-18:00:00,07,24,2002,18,129.24
07.24.2002-21:00:00,07,24,2002,21,141.8
07.25.2002-00:00:00,07,25,2002,00,141.92
07.25.2002-03:00:00,07,25,2002,03,136.32
07.25.2002-06:00:00,07,25,2002,06,122.28
07.25.2002-09:00:00,07,25,2002,09,115.84
07.25.2002-12:00:00,07,25,2002,12,117.79
07.25.2002-15:00:00,07,25,2002,15,119.7
07.25.2002-18:00:00,07,25,2002,18,127.24
07.25.2002-21:00:00,07,25,2002,21,137.8
07.26.2002-00:00:00,07,26,2002,00,138.51
07.26.2002-03:00:00,07,26,2002,03,133.61
07.26.2002-06:00:00,07,26,2002,06,118.61
07.26.2002-09:00:00,07,26,2002,09,110.58
07.26.2002-12:00:00,07,26,2002,12,110.7
07.26.2002-15:00:00,07,26,2002,15,113.45
07.26.2002-18:00:00,07,26,2002,18,120.01
07.26.2002-21:00:00,07,26,2002,21,134.47
07.27.2002-00:00:00,07,27,2002,00,135.5
07.27.2002-03:00:00,07,27,2002,03,131.57
07.27.2002-06:00:00,07,27,2002,06,118.3
07.27.2002-09:00:00,07,27,2002,09,109.13
07.27.2002-12:00:00,07,27,2002,12,109.26
07.27.2002-15:00:00,07,27,2002,15,112.11
07.27.2002-18:00:00,07,27,2002,18,120.97
07.27.2002-21:00:00,07,27,2002,21,131.32
07.28.2002-00:00:00,07,28,2002,00,131.13
07.28.2002-03:00:00,07,28,2002,03,126.66
07.28.2002-06:00:00,07,28,2002,06,119.1
07.28.2002-09:00:00,07,28,2002,09,113.38
07.28.2002-12:00:00,07,28,2002,12,113.62
07.28.2002-15:00:00,07,28,2002,15,116.07
07.28.2002-18:00:00,07,28,2002,18,120.91
07.28.2002-21:00:00,07,28,2002,21,127.82
07.29.2002-00:00:00,07,29,2002,00,128.1
07.29.2002-03:00:00,07,29,2002,03,123.55
07.29.2002-06:00:00,07,29,2002,06,117.58
07.29.2002-09:00:00,07,29,2002,09,113.35
07.29.2002-12:00:00,07,29,2002,12,113.23
07.29.2002-15:00:00,07,29,2002,15,115.07
07.29.2002-18:00:00,07,29,2002,18,119.25
07.29.2002-21:00:00,07,29,2002,21,125.57
07.30.2002-00:00:00,07,30,2002,00,126.48
07.30.2002-03:00:00,07,30,2002,03,121.91
07.30.2002-06:00:00,07,30,2002,06,111.41
07.30.2002-09:00:00,07,30,2002,09,103.68
07.30.2002-12:00:00,07,30,2002,12,103.46
07.30.2002-15:00:00,07,30,2002,15,106.19
07.30.2002-18:00:00,07,30,2002,18,114.07
07.30.2002-21:00:00,07,30,2002,21,123.64
07.31.2002-00:00:00,07,31,2002,00,124.57
07.31.2002-03:00:00,07,31,2002,03,122.11
07.31.2002-06:00:00,07,31,2002,06,109.13
07.31.2002-09:00:00,07,31,2002,09,99.416
07.31.2002-12:00:00,07,31,2002,12,99.184
07.31.2002-15:00:00,07,31,2002,15,102.2
07.31.2002-18:00:00,07,31,2002,18,109.09
07.31.2002-21:00:00,07,31,2002,21,119.67
08.01.2002-00:00:00,08,01,2002,00,122.45
08.01.2002-03:00:00,08,01,2002,03,121.33
08.01.2002-06:00:00,08,01,2002,06,110.09
08.01.2002-09:00:00,08,01,2002,09,97.191
08.01.2002-12:00:00,08,01,2002,12,97.538
08.01.2002-15:00:00,08,01,2002,15,99.967
08.01.2002-18:00:00,08,01,2002,18,104.79
08.01.2002-21:00:00,08,01,2002,21,112.85
08.02.2002-00:00:00,08,02,2002,00,118.95
08.02.2002-03:00:00,08,02,2002,03,116.54
08.02.2002-06:00:00,08,02,2002,06,105.22
08.02.2002-09:00:00,08,02,2002,09,94.758
08.02.2002-12:00:00,08,02,2002,12,94.803
08.02.2002-15:00:00,08,02,2002,15,97.049
08.02.2002-18:00:00,08,02,2002,18,101.16
08.02.2002-21:00:00,08,02,2002,21,109.78
08.03.2002-00:00:00,08,03,2002,00,114.85
08.03.2002-03:00:00,08,03,2002,03,115.61
08.03.2002-06:00:00,08,03,2002,06,105.43
08.03.2002-09:00:00,08,03,2002,09,93.287
08.03.2002-12:00:00,08,03,2002,12,93.456
08.03.2002-15:00:00,08,03,2002,15,96.089
08.03.2002-18:00:00,08,03,2002,18,100.75
08.03.2002-21:00:00,08,03,2002,21,107.39
08.04.2002-00:00:00,08,04,2002,00,112.88
08.04.2002-03:00:00,08,04,2002,03,110.21
08.04.2002-06:00:00,08,04,2002,06,99.882
08.04.2002-09:00:00,08,04,2002,09,91.092
08.04.2002-12:00:00,08,04,2002,12,90.94
08.04.2002-15:00:00,08,04,2002,15,93.136
08.04.2002-18:00:00,08,04,2002,18,97.018
08.04.2002-21:00:00,08,04,2002,21,105.01
08.05.2002-00:00:00,08,05,2002,00,108.53
08.05.2002-03:00:00,08,05,2002,03,110.2
08.05.2002-06:00:00,08,05,2002,06,101.23
08.05.2002-09:00:00,08,05,2002,09,89.899
08.05.2002-12:00:00,08,05,2002,12,89.81
08.05.2002-15:00:00,08,05,2002,15,92.525
08.05.2002-18:00:00,08,05,2002,18,96.89
08.05.2002-21:00:00,08,05,2002,21,102.94
08.06.2002-00:00:00,08,06,2002,00,107.48
08.06.2002-03:00:00,08,06,2002,03,106.42
08.06.2002-06:00:00,08,06,2002,06,97.863
08.06.2002-09:00:00,08,06,2002,09,89.404
08.06.2002-12:00:00,08,06,2002,12,89.446
08.06.2002-15:00:00,08,06,2002,15,92.746
08.06.2002-18:00:00,08,06,2002,18,96.949
08.06.2002-21:00:00,08,06,2002,21,103.8
08.07.2002-00:00:00,08,07,2002,00,106.33
08.07.2002-03:00:00,08,07,2002,03,104.77
08.07.2002-06:00:00,08,07,2002,06,95.105
08.07.2002-09:00:00,08,07,2002,09,85.008
08.07.2002-12:00:00,08,07,2002,12,85.143
08.07.2002-15:00:00,08,07,2002,15,87.861
08.07.2002-18:00:00,08,07,2002,18,91.991
08.07.2002-21:00:00,08,07,2002,21,98.586
08.08.2002-00:00:00,08,08,2002,00,98.863
08.08.2002-03:00:00,08,08,2002,03,100.2
08.08.2002-06:00:00,08,08,2002,06,89.206
08.08.2002-09:00:00,08,08,2002,09,80.311
08.08.2002-12:00:00,08,08,2002,12,81.533
08.08.2002-15:00:00,08,08,2002,15,83.461
08.08.2002-18:00:00,08,08,2002,18,86.426
08.08.2002-21:00:00,08,08,2002,21,94.274
08.09.2002-00:00:00,08,09,2002,00,95.81
08.09.2002-03:00:00,08,09,2002,03,93.85
08.09.2002-06:00:00,08,09,2002,06,85.278
08.09.2002-09:00:00,08,09,2002,09,77.752
08.09.2002-12:00:00,08,09,2002,12,78.826
08.09.2002-15:00:00,08,09,2002,15,80.638
08.09.2002-18:00:00,08,09,2002,18,83.458
08.09.2002-21:00:00,08,09,2002,21,91.372
08.10.2002-00:00:00,08,10,2002,00,92.466
08.10.2002-03:00:00,08,10,2002,03,90.512
08.10.2002-06:00:00,08,10,2002,06,82.547
08.10.2002-09:00:00,08,10,2002,09,75.458
08.10.2002-12:00:00,08,10,2002,12,75.985
08.10.2002-15:00:00,08,10,2002,15,78.094
08.10.2002-18:00:00,08,10,2002,18,81.182
08.10.2002-21:00:00,08,10,2002,21,88.951
08.11.2002-00:00:00,08,11,2002,00,89.969
08.11.2002-03:00:00,08,11,2002,03,89.135
08.11.2002-06:00:00,08,11,2002,06,80.761
08.11.2002-09:00:00,08,11,2002,09,72.62
08.11.2002-12:00:00,08,11,2002,12,73.599
08.11.2002-15:00:00,08,11,2002,15,75.649
08.11.2002-18:00:00,08,11,2002,18,78.753
08.11.2002-21:00:00,08,11,2002,21,86.679
08.12.2002-00:00:00,08,12,2002,00,87.096
08.12.2002-03:00:00,08,12,2002,03,86.471
08.12.2002-06:00:00,08,12,2002,06,77.871
08.12.2002-09:00:00,08,12,2002,09,69.961
08.12.2002-12:00:00,08,12,2002,12,72.229
08.12.2002-15:00:00,08,12,2002,15,73.063
08.12.2002-18:00:00,08,12,2002,18,75.837
08.12.2002-21:00:00,08,12,2002,21,84.3
08.13.2002-00:00:00,08,13,2002,00,84.721
08.13.2002-03:00:00,08,13,2002,03,83.512
08.13.2002-06:00:00,08,13,2002,06,74.663
08.13.2002-09:00:00,08,13,2002,09,70.047
08.13.2002-12:00:00,08,13,2002,12,76.878
08.13.2002-15:00:00,08,13,2002,15,71.854
08.13.2002-18:00:00,08,13,2002,18,73.247
08.13.2002-21:00:00,08,13,2002,21,81.977
08.14.2002-00:00:00,08,14,2002,00,82.085
08.14.2002-03:00:00,08,14,2002,03,79.606
08.14.2002-06:00:00,08,14,2002,06,72.242
08.14.2002-09:00:00,08,14,2002,09,66.218
08.14.2002-12:00:00,08,14,2002,12,67.83
08.14.2002-15:00:00,08,14,2002,15,69.168
08.14.2002-18:00:00,08,14,2002,18,72.348
08.14.2002-21:00:00,08,14,2002,21,79.86
08.15.2002-00:00:00,08,15,2002,00,80.54
08.15.2002-03:00:00,08,15,2002,03,79.432
08.15.2002-06:00:00,08,15,2002,06,71.783
08.15.2002-09:00:00,08,15,2002,09,63.554
08.15.2002-12:00:00,08,15,2002,12,65.317
08.15.2002-15:00:00,08,15,2002,15,66.895
08.15.2002-18:00:00,08,15,2002,18,70.082
08.15.2002-21:00:00,08,15,2002,21,78.091
08.16.2002-00:00:00,08,16,2002,00,78.49
08.16.2002-03:00:00,08,16,2002,03,77.304
08.16.2002-06:00:00,08,16,2002,06,69.921
08.16.2002-09:00:00,08,16,2002,09,61.368
08.16.2002-12:00:00,08,16,2002,12,62.308
08.16.2002-15:00:00,08,16,2002,15,64.693
08.16.2002-18:00:00,08,16,2002,18,68.362
08.16.2002-21:00:00,08,16,2002,21,76.504
08.17.2002-00:00:00,08,17,2002,00,77.077
08.17.2002-03:00:00,08,17,2002,03,76.799
08.17.2002-06:00:00,08,17,2002,06,70.783
08.17.2002-09:00:00,08,17,2002,09,60.562
08.17.2002-12:00:00,08,17,2002,12,61.787
08.17.2002-15:00:00,08,17,2002,15,64.668
08.17.2002-18:00:00,08,17,2002,18,68.686
08.17.2002-21:00:00,08,17,2002,21,75.057
08.18.2002-00:00:00,08,18,2002,00,75.345
08.18.2002-03:00:00,08,18,2002,03,74.618
08.18.2002-06:00:00,08,18,2002,06,68.05
08.18.2002-09:00:00,08,18,2002,09,58.648
08.18.2002-12:00:00,08,18,2002,12,60.023
08.18.2002-15:00:00,08,18,2002,15,62.609
08.18.2002-18:00:00,08,18,2002,18,66.438
08.18.2002-21:00:00,08,18,2002,21,73.118
08.19.2002-00:00:00,08,19,2002,00,73.286
08.19.2002-03:00:00,08,19,2002,03,71.664
08.19.2002-06:00:00,08,19,2002,06,65.761
08.19.2002-09:00:00,08,19,2002,09,58.634
08.19.2002-12:00:00,08,19,2002,12,59.52
08.19.2002-15:00:00,08,19,2002,15,62.178
08.19.2002-18:00:00,08,19,2002,18,65.967
08.19.2002-21:00:00,08,19,2002,21,71.286
08.20.2002-00:00:00,08,20,2002,00,71.576
08.20.2002-03:00:00,08,20,2002,03,70.009
08.20.2002-06:00:00,08,20,2002,06,64.005
08.20.2002-09:00:00,08,20,2002,09,56.588
08.20.2002-12:00:00,08,20,2002,12,57.124
08.20.2002-15:00:00,08,20,2002,15,59.944
08.20.2002-18:00:00,08,20,2002,18,63.735
08.20.2002-21:00:00,08,20,2002,21,69.644
08.21.2002-00:00:00,08,21,2002,00,69.929
08.21.2002-03:00:00,08,21,2002,03,68.454
08.21.2002-06:00:00,08,21,2002,06,62.12
08.21.2002-09:00:00,08,21,2002,09,54.312
08.21.2002-12:00:00,08,21,2002,12,55.034
08.21.2002-15:00:00,08,21,2002,15,57.845
08.21.2002-18:00:00,08,21,2002,18,61.69
08.21.2002-21:00:00,08,21,2002,21,68.003
08.22.2002-00:00:00,08,22,2002,00,68.322
08.22.2002-03:00:00,08,22,2002,03,67.071
08.22.2002-06:00:00,08,22,2002,06,60.536
08.22.2002-09:00:00,08,22,2002,09,52.234
08.22.2002-12:00:00,08,22,2002,12,53.08
08.22.2002-15:00:00,08,22,2002,15,55.901
08.22.2002-18:00:00,08,22,2002,18,59.87
08.22.2002-21:00:00,08,22,2002,21,66.447
08.23.2002-00:00:00,08,23,2002,00,66.81
08.23.2002-03:00:00,08,23,2002,03,65.89
08.23.2002-06:00:00,08,23,2002,06,58.653
08.23.2002-09:00:00,08,23,2002,09,49.742
08.23.2002-12:00:00,08,23,2002,12,51.841
08.23.2002-15:00:00,08,23,2002,15,53.725
08.23.2002-18:00:00,08,23,2002,18,57.722
08.23.2002-21:00:00,08,23,2002,21,64.897
08.24.2002-00:00:00,08,24,2002,00,65.32
08.24.2002-03:00:00,08,24,2002,03,64.676
08.24.2002-06:00:00,08,24,2002,06,57.62
08.24.2002-09:00:00,08,24,2002,09,48.764
08.24.2002-12:00:00,08,24,2002,12,52.032
08.24.2002-15:00:00,08,24,2002,15,52.782
08.24.2002-18:00:00,08,24,2002,18,56.498
08.24.2002-21:00:00,08,24,2002,21,63.146
08.25.2002-00:00:00,08,25,2002,00,67.966
08.25.2002-03:00:00,08,25,2002,03,70.534
08.25.2002-06:00:00,08,25,2002,06,65.172
08.25.2002-09:00:00,08,25,2002,09,58.123
08.25.2002-12:00:00,08,25,2002,12,58.649
08.25.2002-15:00:00,08,25,2002,15,61.566
08.25.2002-18:00:00,08,25,2002,18,65.67
08.25.2002-21:00:00,08,25,2002,21,70.184
08.26.2002-00:00:00,08,26,2002,00,65.616
08.26.2002-03:00:00,08,26,2002,03,64.28
08.26.2002-06:00:00,08,26,2002,06,58.643
08.26.2002-09:00:00,08,26,2002,09,50.379
08.26.2002-12:00:00,08,26,2002,12,51.11
08.26.2002-15:00:00,08,26,2002,15,54.258
08.26.2002-18:00:00,08,26,2002,18,58.352
08.26.2002-21:00:00,08,26,2002,21,63.372
08.27.2002-00:00:00,08,27,2002,00,61.351
08.27.2002-03:00:00,08,27,2002,03,59.98
08.27.2002-06:00:00,08,27,2002,06,52.78
08.27.2002-09:00:00,08,27,2002,09,44.437
08.27.2002-12:00:00,08,27,2002,12,45.581
08.27.2002-15:00:00,08,27,2002,15,48.08
08.27.2002-18:00:00,08,27,2002,18,52.347
08.27.2002-21:00:00,08,27,2002,21,59.194
08.28.2002-00:00:00,08,28,2002,00,59.618
08.28.2002-03:00:00,08,28,2002,03,58.96
08.28.2002-06:00:00,08,28,2002,06,51.926
08.28.2002-09:00:00,08,28,2002,09,43.555
08.28.2002-12:00:00,08,28,2002,12,45.409
08.28.2002-15:00:00,08,28,2002,15,47.149
08.28.2002-18:00:00,08,28,2002,18,51.294
08.28.2002-21:00:00,08,28,2002,21,57.763
08.29.2002-00:00:00,08,29,2002,00,57.989
08.29.2002-03:00:00,08,29,2002,03,56.681
08.29.2002-06:00:00,08,29,2002,06,50.336
08.29.2002-09:00:00,08,29,2002,09,42.736
08.29.2002-12:00:00,08,29,2002,12,44.568
08.29.2002-15:00:00,08,29,2002,15,46.786
08.29.2002-18:00:00,08,29,2002,18,50.861
08.29.2002-21:00:00,08,29,2002,21,56.219
08.30.2002-00:00:00,08,30,2002,00,56.848
08.30.2002-03:00:00,08,30,2002,03,55.664
08.30.2002-06:00:00,08,30,2002,06,49.197
08.30.2002-09:00:00,08,30,2002,09,41.666
08.30.2002-12:00:00,08,30,2002,12,41.398
08.30.2002-15:00:00,08,30,2002,15,44.978
08.30.2002-18:00:00,08,30,2002,18,49.404
08.30.2002-21:00:00,08,30,2002,21,55.455
08.31.2002-00:00:00,08,31,2002,00,56.068
08.31.2002-03:00:00,08,31,2002,03,55.189
08.31.2002-06:00:00,08,31,2002,06,49.332
08.31.2002-09:00:00,08,31,2002,09,41.332
08.31.2002-12:00:00,08,31,2002,12,41.906
08.31.2002-15:00:00,08,31,2002,15,45.235
08.31.2002-18:00:00,08,31,2002,18,49.452
08.31.2002-21:00:00,08,31,2002,21,54.438
09.01.2002-00:00:00,09,01,2002,00,53.617
09.01.2002-03:00:00,09,01,2002,03,51.381
09.01.2002-06:00:00,09,01,2002,06,47.213
09.01.2002-09:00:00,09,01,2002,09,42.766
09.01.2002-12:00:00,09,01,2002,12,42.844
09.01.2002-15:00:00,09,01,2002,15,45.222
09.01.2002-18:00:00,09,01,2002,18,49.432
09.01.2002-21:00:00,09,01,2002,21,52.807
09.02.2002-00:00:00,09,02,2002,00,53.451
09.02.2002-03:00:00,09,02,2002,03,52.749
09.02.2002-06:00:00,09,02,2002,06,48.851
09.02.2002-09:00:00,09,02,2002,09,40.286
09.02.2002-12:00:00,09,02,2002,12,40.007
09.02.2002-15:00:00,09,02,2002,15,43.805
09.02.2002-18:00:00,09,02,2002,18,49.47
09.02.2002-21:00:00,09,02,2002,21,52.369
09.03.2002-00:00:00,09,03,2002,00,52.565
09.03.2002-03:00:00,09,03,2002,03,51.664
09.03.2002-06:00:00,09,03,2002,06,48.121
09.03.2002-09:00:00,09,03,2002,09,40.947
09.03.2002-12:00:00,09,03,2002,12,40.659
09.03.2002-15:00:00,09,03,2002,15,43.96
09.03.2002-18:00:00,09,03,2002,18,49.134
09.03.2002-21:00:00,09,03,2002,21,51.847
09.04.2002-00:00:00,09,04,2002,00,52.133
09.04.2002-03:00:00,09,04,2002,03,51.89
09.04.2002-06:00:00,09,04,2002,06,48.999
09.04.2002-09:00:00,09,04,2002,09,40.011
09.04.2002-12:00:00,09,04,2002,12,39.659
09.04.2002-15:00:00,09,04,2002,15,43.672
09.04.2002-18:00:00,09,04,2002,18,49.057
09.04.2002-21:00:00,09,04,2002,21,51.166
09.05.2002-00:00:00,09,05,2002,00,51.879
09.05.2002-03:00:00,09,05,2002,03,51.763
09.05.2002-06:00:00,09,05,2002,06,48.913
09.05.2002-09:00:00,09,05,2002,09,40.001
09.05.2002-12:00:00,09,05,2002,12,39.412
09.05.2002-15:00:00,09,05,2002,15,43.504
09.05.2002-18:00:00,09,05,2002,18,49.111
09.05.2002-21:00:00,09,05,2002,21,51.093
09.06.2002-00:00:00,09,06,2002,00,50.741
09.06.2002-03:00:00,09,06,2002,03,50.627
09.06.2002-06:00:00,09,06,2002,06,48.385
09.06.2002-09:00:00,09,06,2002,09,38.769
09.06.2002-12:00:00,09,06,2002,12,38.302
09.06.2002-15:00:00,09,06,2002,15,42.668
09.06.2002-18:00:00,09,06,2002,18,47.943
09.06.2002-21:00:00,09,06,2002,21,49.629
09.07.2002-00:00:00,09,07,2002,00,51.341
09.07.2002-03:00:00,09,07,2002,03,50.324
09.07.2002-06:00:00,09,07,2002,06,52.968
09.07.2002-09:00:00,09,07,2002,09,42.398
09.07.2002-12:00:00,09,07,2002,12,40.598
09.07.2002-15:00:00,09,07,2002,15,44.55
09.07.2002-18:00:00,09,07,2002,18,49.359
09.07.2002-21:00:00,09,07,2002,21,50.779
09.08.2002-00:00:00,09,08,2002,00,49.374
09.08.2002-03:00:00,09,08,2002,03,49.227
09.08.2002-06:00:00,09,08,2002,06,48.914
09.08.2002-09:00:00,09,08,2002,09,38.778
09.08.2002-12:00:00,09,08,2002,12,38.427
09.08.2002-15:00:00,09,08,2002,15,42.172
09.08.2002-18:00:00,09,08,2002,18,46.579
09.08.2002-21:00:00,09,08,2002,21,48.063
09.09.2002-00:00:00,09,09,2002,00,48.025
09.09.2002-03:00:00,09,09,2002,03,47.733
09.09.2002-06:00:00,09,09,2002,06,44.503
09.09.2002-09:00:00,09,09,2002,09,36.215
09.09.2002-12:00:00,09,09,2002,12,34.919
09.09.2002-15:00:00,09,09,2002,15,36.368
09.09.2002-18:00:00,09,09,2002,18,44.667
09.09.2002-21:00:00,09,09,2002,21,46.856
09.10.2002-00:00:00,09,10,2002,00,47.075
09.10.2002-03:00:00,09,10,2002,03,47.031
09.10.2002-06:00:00,09,10,2002,06,43.864
09.10.2002-09:00:00,09,10,2002,09,35.226
09.10.2002-12:00:00,09,10,2002,12,34.145
09.10.2002-15:00:00,09,10,2002,15,34.844
09.10.2002-18:00:00,09,10,2002,18,42.758
09.10.2002-21:00:00,09,10,2002,21,45.82
09.11.2002-00:00:00,09,11,2002,00,46.015
09.11.2002-03:00:00,09,11,2002,03,45.919
09.11.2002-06:00:00,09,11,2002,06,42.181
09.11.2002-09:00:00,09,11,2002,09,34.268
09.11.2002-12:00:00,09,11,2002,12,33.559
09.11.2002-15:00:00,09,11,2002,15,33.728
09.11.2002-18:00:00,09,11,2002,18,39.865
09.11.2002-21:00:00,09,11,2002,21,44.743
09.12.2002-00:00:00,09,12,2002,00,45.075
09.12.2002-03:00:00,09,12,2002,03,45.082
09.12.2002-06:00:00,09,12,2002,06,41.353
09.12.2002-09:00:00,09,12,2002,09,33.619
09.12.2002-12:00:00,09,12,2002,12,33.428
09.12.2002-15:00:00,09,12,2002,15,33.096
09.12.2002-18:00:00,09,12,2002,18,38.637
09.12.2002-21:00:00,09,12,2002,21,43.623
09.13.2002-00:00:00,09,13,2002,00,43.85
09.13.2002-03:00:00,09,13,2002,03,43.761
09.13.2002-06:00:00,09,13,2002,06,39.407
09.13.2002-09:00:00,09,13,2002,09,32.706
09.13.2002-12:00:00,09,13,2002,12,32.208
09.13.2002-15:00:00,09,13,2002,15,32.011
09.13.2002-18:00:00,09,13,2002,18,35.658
09.13.2002-21:00:00,09,13,2002,21,42.765
09.14.2002-00:00:00,09,14,2002,00,43.251
09.14.2002-03:00:00,09,14,2002,03,43.42
09.14.2002-06:00:00,09,14,2002,06,40.08
09.14.2002-09:00:00,09,14,2002,09,32.255
09.14.2002-12:00:00,09,14,2002,12,31.819
09.14.2002-15:00:00,09,14,2002,15,31.902
09.14.2002-18:00:00,09,14,2002,18,36.231
09.14.2002-21:00:00,09,14,2002,21,41.977
09.15.2002-00:00:00,09,15,2002,00,42.215
09.15.2002-03:00:00,09,15,2002,03,42.25
09.15.2002-06:00:00,09,15,2002,06,38.135
09.15.2002-09:00:00,09,15,2002,09,31.633
09.15.2002-12:00:00,09,15,2002,12,31.196
09.15.2002-15:00:00,09,15,2002,15,31.955
09.15.2002-18:00:00,09,15,2002,18,35.116
09.15.2002-21:00:00,09,15,2002,21,40.804
09.16.2002-00:00:00,09,16,2002,00,40.96
09.16.2002-03:00:00,09,16,2002,03,41.031
09.16.2002-06:00:00,09,16,2002,06,36.427
09.16.2002-09:00:00,09,16,2002,09,31.338
09.16.2002-12:00:00,09,16,2002,12,30.55
09.16.2002-15:00:00,09,16,2002,15,31.566
09.16.2002-18:00:00,09,16,2002,18,34.471
09.16.2002-21:00:00,09,16,2002,21,40.022
09.17.2002-00:00:00,09,17,2002,00,40.318
09.17.2002-03:00:00,09,17,2002,03,40.484
09.17.2002-06:00:00,09,17,2002,06,36.705
09.17.2002-09:00:00,09,17,2002,09,31.672
09.17.2002-12:00:00,09,17,2002,12,31.03
09.17.2002-15:00:00,09,17,2002,15,32.04
09.17.2002-18:00:00,09,17,2002,18,37.384
09.17.2002-21:00:00,09,17,2002,21,39.717
09.18.2002-00:00:00,09,18,2002,00,39.967
09.18.2002-03:00:00,09,18,2002,03,40.087
09.18.2002-06:00:00,09,18,2002,06,37.27
09.18.2002-09:00:00,09,18,2002,09,31.098
09.18.2002-12:00:00,09,18,2002,12,30.01
09.18.2002-15:00:00,09,18,2002,15,31.155
09.18.2002-18:00:00,09,18,2002,18,36.378
09.18.2002-21:00:00,09,18,2002,21,39.202
09.19.2002-00:00:00,09,19,2002,00,39.414
09.19.2002-03:00:00,09,19,2002,03,39.511
09.19.2002-06:00:00,09,19,2002,06,37.256
09.19.2002-09:00:00,09,19,2002,09,30.1
09.19.2002-12:00:00,09,19,2002,12,28.752
09.19.2002-15:00:00,09,19,2002,15,30.07
09.19.2002-18:00:00,09,19,2002,18,33.777
09.19.2002-21:00:00,09,19,2002,21,38.415
09.20.2002-00:00:00,09,20,2002,00,38.653
09.20.2002-03:00:00,09,20,2002,03,38.753
09.20.2002-06:00:00,09,20,2002,06,36.707
09.20.2002-09:00:00,09,20,2002,09,29.881
09.20.2002-12:00:00,09,20,2002,12,28.515
09.20.2002-15:00:00,09,20,2002,15,29.848
09.20.2002-18:00:00,09,20,2002,18,33.9
09.20.2002-21:00:00,09,20,2002,21,37.829
09.21.2002-00:00:00,09,21,2002,00,38.052
09.21.2002-03:00:00,09,21,2002,03,38.205
09.21.2002-06:00:00,09,21,2002,06,36.8
09.21.2002-09:00:00,09,21,2002,09,29.433
09.21.2002-12:00:00,09,21,2002,12,28.019
09.21.2002-15:00:00,09,21,2002,15,29.522
09.21.2002-18:00:00,09,21,2002,18,33.375
09.21.2002-21:00:00,09,21,2002,21,37.162
09.22.2002-00:00:00,09,22,2002,00,37.356
09.22.2002-03:00:00,09,22,2002,03,37.464
09.22.2002-06:00:00,09,22,2002,06,35.963
09.22.2002-09:00:00,09,22,2002,09,28.297
09.22.2002-12:00:00,09,22,2002,12,26.979
09.22.2002-15:00:00,09,22,2002,15,28.526
09.22.2002-18:00:00,09,22,2002,18,31.563
09.22.2002-21:00:00,09,22,2002,21,35.006
09.23.2002-00:00:00,09,23,2002,00,36.486
09.23.2002-03:00:00,09,23,2002,03,36.607
09.23.2002-06:00:00,09,23,2002,06,34.707
09.23.2002-09:00:00,09,23,2002,09,27.405
09.23.2002-12:00:00,09,23,2002,12,26.298
09.23.2002-15:00:00,09,23,2002,15,27.665
09.23.2002-18:00:00,09,23,2002,18,30.882
09.23.2002-21:00:00,09,23,2002,21,32.147
09.24.2002-00:00:00,09,24,2002,00,35.355
09.24.2002-03:00:00,09,24,2002,03,35.525
09.24.2002-06:00:00,09,24,2002,06,32.472
09.24.2002-09:00:00,09,24,2002,09,27.258
09.24.2002-12:00:00,09,24,2002,12,26.517
09.24.2002-15:00:00,09,24,2002,15,27.909
09.24.2002-18:00:00,09,24,2002,18,30.553
09.24.2002-21:00:00,09,24,2002,21,32.13
09.25.2002-00:00:00,09,25,2002,00,34.767
09.25.2002-03:00:00,09,25,2002,03,34.955
09.25.2002-06:00:00,09,25,2002,06,32.506
09.25.2002-09:00:00,09,25,2002,09,26.389
09.25.2002-12:00:00,09,25,2002,12,25.141
09.25.2002-15:00:00,09,25,2002,15,26.531
09.25.2002-18:00:00,09,25,2002,18,29.991
09.25.2002-21:00:00,09,25,2002,21,30.521
09.26.2002-00:00:00,09,26,2002,00,32.77
09.26.2002-03:00:00,09,26,2002,03,34.241
09.26.2002-06:00:00,09,26,2002,06,32.208
09.26.2002-09:00:00,09,26,2002,09,27.27
09.26.2002-12:00:00,09,26,2002,12,26.672
09.26.2002-15:00:00,09,26,2002,15,28.035
09.26.2002-18:00:00,09,26,2002,18,30.138
09.26.2002-21:00:00,09,26,2002,21,33.289
09.27.2002-00:00:00,09,27,2002,00,33.482
09.27.2002-03:00:00,09,27,2002,03,33.528
09.27.2002-06:00:00,09,27,2002,06,31.135
09.27.2002-09:00:00,09,27,2002,09,26.132
09.27.2002-12:00:00,09,27,2002,12,24.864
09.27.2002-15:00:00,09,27,2002,15,26.274
09.27.2002-18:00:00,09,27,2002,18,29.458
09.27.2002-21:00:00,09,27,2002,21,29.609
09.28.2002-00:00:00,09,28,2002,00,32.546
09.28.2002-03:00:00,09,28,2002,03,33.082
09.28.2002-06:00:00,09,28,2002,06,31.761
09.28.2002-09:00:00,09,28,2002,09,25.695
09.28.2002-12:00:00,09,28,2002,12,24.394
09.28.2002-15:00:00,09,28,2002,15,26.082
09.28.2002-18:00:00,09,28,2002,18,28.989
09.28.2002-21:00:00,09,28,2002,21,29.078
09.29.2002-00:00:00,09,29,2002,00,31.371
09.29.2002-03:00:00,09,29,2002,03,32.111
09.29.2002-06:00:00,09,29,2002,06,29.932
09.29.2002-09:00:00,09,29,2002,09,26.116
09.29.2002-12:00:00,09,29,2002,12,25.621
09.29.2002-15:00:00,09,29,2002,15,26.783
09.29.2002-18:00:00,09,29,2002,18,28.552
09.29.2002-21:00:00,09,29,2002,21,30.55
09.30.2002-00:00:00,09,30,2002,00,31.466
09.30.2002-03:00:00,09,30,2002,03,31.544
09.30.2002-06:00:00,09,30,2002,06,29.763
09.30.2002-09:00:00,09,30,2002,09,26.342
09.30.2002-12:00:00,09,30,2002,12,25.768
09.30.2002-15:00:00,09,30,2002,15,26.703
09.30.2002-18:00:00,09,30,2002,18,28.949
09.30.2002-21:00:00,09,30,2002,21,31.073
