TIMESTAMP,MONTH,DAY,YEAR,HOUR,C
10.01.2001-00:00:00,10,01,2001,00,2311
10.01.2001-03:00:00,10,01,2001,03,2352.6
10.01.2001-06:00:00,10,01,2001,06,2410.6
10.01.2001-09:00:00,10,01,2001,09,2451.5
10.01.2001-12:00:00,10,01,2001,12,2453.3
10.01.2001-15:00:00,10,01,2001,15,2411.5
10.01.2001-18:00:00,10,01,2001,18,2349.6
10.01.2001-21:00:00,10,01,2001,21,2310.3
10.02.2001-00:00:00,10,02,2001,00,2316.7
10.02.2001-03:00:00,10,02,2001,03,2356.5
10.02.2001-06:00:00,10,02,2001,06,2407.1
10.02.2001-09:00:00,10,02,2001,09,2439.1
10.02.2001-12:00:00,10,02,2001,12,2433.3
10.02.2001-15:00:00,10,02,2001,15,2386.9
10.02.2001-18:00:00,10,02,2001,18,2324.6
10.02.2001-21:00:00,10,02,2001,21,2286.1
10.03.2001-00:00:00,10,03,2001,00,2292.1
10.03.2001-03:00:00,10,03,2001,03,2333.2
10.03.2001-06:00:00,10,03,2001,06,2385.4
10.03.2001-09:00:00,10,03,2001,09,2422.2
10.03.2001-12:00:00,10,03,2001,12,2424.1
10.03.2001-15:00:00,10,03,2001,15,2383.3
10.03.2001-18:00:00,10,03,2001,18,2322.8
10.03.2001-21:00:00,10,03,2001,21,2282.6
10.04.2001-00:00:00,10,04,2001,00,2284.6
10.04.2001-03:00:00,10,04,2001,03,2322.5
10.04.2001-06:00:00,10,04,2001,06,2372.1
10.04.2001-09:00:00,10,04,2001,09,2407.5
10.04.2001-12:00:00,10,04,2001,12,2410.2
10.04.2001-15:00:00,10,04,2001,15,2371.9
10.04.2001-18:00:00,10,04,2001,18,2315.1
10.04.2001-21:00:00,10,04,2001,21,2278
10.05.2001-00:00:00,10,05,2001,00,2281.4
10.05.2001-03:00:00,10,05,2001,03,2318.1
10.05.2001-06:00:00,10,05,2001,06,2366.7
10.05.2001-09:00:00,10,05,2001,09,2399.6
10.05.2001-12:00:00,10,05,2001,12,2401.4
10.05.2001-15:00:00,10,05,2001,15,2365.4
10.05.2001-18:00:00,10,05,2001,18,2312.9
10.05.2001-21:00:00,10,05,2001,21,2280.1
10.06.2001-00:00:00,10,06,2001,00,2285.6
10.06.2001-03:00:00,10,06,2001,03,2321.2
10.06.2001-06:00:00,10,06,2001,06,2366.9
10.06.2001-09:00:00,10,06,2001,09,2396.9
10.06.2001-12:00:00,10,06,2001,12,2397.3
10.06.2001-15:00:00,10,06,2001,15,2362.1
10.06.2001-18:00:00,10,06,2001,18,2312.1
10.06.2001-21:00:00,10,06,2001,21,2281.4
10.07.2001-00:00:00,10,07,2001,00,2287.2
10.07.2001-03:00:00,10,07,2001,03,2320.6
10.07.2001-06:00:00,10,07,2001,06,2363.2
10.07.2001-09:00:00,10,07,2001,09,2391.6
10.07.2001-12:00:00,10,07,2001,12,2392.3
10.07.2001-15:00:00,10,07,2001,15,2363.1
10.07.2001-18:00:00,10,07,2001,18,2321.7
10.07.2001-21:00:00,10,07,2001,21,2298.1
10.08.2001-00:00:00,10,08,2001,00,2306
10.08.2001-03:00:00,10,08,2001,03,2336.3
10.08.2001-06:00:00,10,08,2001,06,2372.9
10.08.2001-09:00:00,10,08,2001,09,2406.5
10.08.2001-12:00:00,10,08,2001,12,2422.7
10.08.2001-15:00:00,10,08,2001,15,2424.5
10.08.2001-18:00:00,10,08,2001,18,2407.8
10.08.2001-21:00:00,10,08,2001,21,2387.7
10.09.2001-00:00:00,10,09,2001,00,2380.6
10.09.2001-03:00:00,10,09,2001,03,2389.8
10.09.2001-06:00:00,10,09,2001,06,2405.6
10.09.2001-09:00:00,10,09,2001,09,2417.6
10.09.2001-12:00:00,10,09,2001,12,2416.8
10.09.2001-15:00:00,10,09,2001,15,2394
10.09.2001-18:00:00,10,09,2001,18,2358
10.09.2001-21:00:00,10,09,2001,21,2327.8
10.10.2001-00:00:00,10,10,2001,00,2320.9
10.10.2001-03:00:00,10,10,2001,03,2335.5
10.10.2001-06:00:00,10,10,2001,06,2360
10.10.2001-09:00:00,10,10,2001,09,2401.7
10.10.2001-12:00:00,10,10,2001,12,2480.9
10.10.2001-15:00:00,10,10,2001,15,2585.7
10.10.2001-18:00:00,10,10,2001,18,2683.7
10.10.2001-21:00:00,10,10,2001,21,2729.8
10.11.2001-00:00:00,10,11,2001,00,2707.1
10.11.2001-03:00:00,10,11,2001,03,2644.7
10.11.2001-06:00:00,10,11,2001,06,2577.5
10.11.2001-09:00:00,10,11,2001,09,2528.3
10.11.2001-12:00:00,10,11,2001,12,2526.9
10.11.2001-15:00:00,10,11,2001,15,2597.6
10.11.2001-18:00:00,10,11,2001,18,2696.3
10.11.2001-21:00:00,10,11,2001,21,2770.6
10.12.2001-00:00:00,10,12,2001,00,2775
10.12.2001-03:00:00,10,12,2001,03,2718.3
10.12.2001-06:00:00,10,12,2001,06,2638.6
10.12.2001-09:00:00,10,12,2001,09,2571.4
10.12.2001-12:00:00,10,12,2001,12,2573.4
10.12.2001-15:00:00,10,12,2001,15,2643.5
10.12.2001-18:00:00,10,12,2001,18,2778.1
10.12.2001-21:00:00,10,12,2001,21,2898.5
10.13.2001-00:00:00,10,13,2001,00,2935.3
10.13.2001-03:00:00,10,13,2001,03,2881.3
10.13.2001-06:00:00,10,13,2001,06,2788.9
10.13.2001-09:00:00,10,13,2001,09,2739.3
10.13.2001-12:00:00,10,13,2001,12,2796.9
10.13.2001-15:00:00,10,13,2001,15,2972.8
10.13.2001-18:00:00,10,13,2001,18,3168
10.13.2001-21:00:00,10,13,2001,21,3250.6
10.14.2001-00:00:00,10,14,2001,00,3184.7
10.14.2001-03:00:00,10,14,2001,03,3025.1
10.14.2001-06:00:00,10,14,2001,06,2848.9
10.14.2001-09:00:00,10,14,2001,09,2708
10.14.2001-12:00:00,10,14,2001,12,2617.9
10.14.2001-15:00:00,10,14,2001,15,2565.9
10.14.2001-18:00:00,10,14,2001,18,2527.2
10.14.2001-21:00:00,10,14,2001,21,2491.5
10.15.2001-00:00:00,10,15,2001,00,2462.2
10.15.2001-03:00:00,10,15,2001,03,2445.6
10.15.2001-06:00:00,10,15,2001,06,2440.5
10.15.2001-09:00:00,10,15,2001,09,2440.1
10.15.2001-12:00:00,10,15,2001,12,2436.7
10.15.2001-15:00:00,10,15,2001,15,2422.3
10.15.2001-18:00:00,10,15,2001,18,2399
10.15.2001-21:00:00,10,15,2001,21,2378.1
10.16.2001-00:00:00,10,16,2001,00,2369.1
10.16.2001-03:00:00,10,16,2001,03,2373.2
10.16.2001-06:00:00,10,16,2001,06,2384.7
10.16.2001-09:00:00,10,16,2001,09,2392.1
10.16.2001-12:00:00,10,16,2001,12,2383.5
10.16.2001-15:00:00,10,16,2001,15,2352.7
10.16.2001-18:00:00,10,16,2001,18,2312.5
10.16.2001-21:00:00,10,16,2001,21,2284.8
10.17.2001-00:00:00,10,17,2001,00,2281
10.17.2001-03:00:00,10,17,2001,03,2297
10.17.2001-06:00:00,10,17,2001,06,2321.2
10.17.2001-09:00:00,10,17,2001,09,2341.5
10.17.2001-12:00:00,10,17,2001,12,2347.1
10.17.2001-15:00:00,10,17,2001,15,2335.5
10.17.2001-18:00:00,10,17,2001,18,2317.3
10.17.2001-21:00:00,10,17,2001,21,2307.3
10.18.2001-00:00:00,10,18,2001,00,2312
10.18.2001-03:00:00,10,18,2001,03,2327.7
10.18.2001-06:00:00,10,18,2001,06,2345.7
10.18.2001-09:00:00,10,18,2001,09,2355.2
10.18.2001-12:00:00,10,18,2001,12,2344.4
10.18.2001-15:00:00,10,18,2001,15,2311.3
10.18.2001-18:00:00,10,18,2001,18,2271.2
10.18.2001-21:00:00,10,18,2001,21,2245.2
10.19.2001-00:00:00,10,19,2001,00,2243.2
10.19.2001-03:00:00,10,19,2001,03,2260
10.19.2001-06:00:00,10,19,2001,06,2284.2
10.19.2001-09:00:00,10,19,2001,09,2306.4
10.19.2001-12:00:00,10,19,2001,12,2317.9
10.19.2001-15:00:00,10,19,2001,15,2311.3
10.19.2001-18:00:00,10,19,2001,18,2290.3
10.19.2001-21:00:00,10,19,2001,21,2270.2
10.20.2001-00:00:00,10,20,2001,00,2264
10.20.2001-03:00:00,10,20,2001,03,2272.4
10.20.2001-06:00:00,10,20,2001,06,2288.5
10.20.2001-09:00:00,10,20,2001,09,2303.4
10.20.2001-12:00:00,10,20,2001,12,2307.3
10.20.2001-15:00:00,10,20,2001,15,2293.1
10.20.2001-18:00:00,10,20,2001,18,2267.1
10.20.2001-21:00:00,10,20,2001,21,2246.1
10.21.2001-00:00:00,10,21,2001,00,2241.6
10.21.2001-03:00:00,10,21,2001,03,2252.1
10.21.2001-06:00:00,10,21,2001,06,2269.3
10.21.2001-09:00:00,10,21,2001,09,2296
10.21.2001-12:00:00,10,21,2001,12,2341.1
10.21.2001-15:00:00,10,21,2001,15,2392
10.21.2001-18:00:00,10,21,2001,18,2420.2
10.21.2001-21:00:00,10,21,2001,21,2415.4
10.22.2001-00:00:00,10,22,2001,00,2391.8
10.22.2001-03:00:00,10,22,2001,03,2368.2
10.22.2001-06:00:00,10,22,2001,06,2352.1
10.22.2001-09:00:00,10,22,2001,09,2344.2
10.22.2001-12:00:00,10,22,2001,12,2350.6
10.22.2001-15:00:00,10,22,2001,15,2376.3
10.22.2001-18:00:00,10,22,2001,18,2409.3
10.22.2001-21:00:00,10,22,2001,21,2427.3
10.23.2001-00:00:00,10,23,2001,00,2421
10.23.2001-03:00:00,10,23,2001,03,2398.3
10.23.2001-06:00:00,10,23,2001,06,2372.3
10.23.2001-09:00:00,10,23,2001,09,2352.5
10.23.2001-12:00:00,10,23,2001,12,2370.1
10.23.2001-15:00:00,10,23,2001,15,2450.5
10.23.2001-18:00:00,10,23,2001,18,2565.3
10.23.2001-21:00:00,10,23,2001,21,2655.3
10.24.2001-00:00:00,10,24,2001,00,2663.3
10.24.2001-03:00:00,10,24,2001,03,2602.5
10.24.2001-06:00:00,10,24,2001,06,2517.6
10.24.2001-09:00:00,10,24,2001,09,2441.6
10.24.2001-12:00:00,10,24,2001,12,2384
10.24.2001-15:00:00,10,24,2001,15,2342
10.24.2001-18:00:00,10,24,2001,18,2313.4
10.24.2001-21:00:00,10,24,2001,21,2298.1
10.25.2001-00:00:00,10,25,2001,00,2293.6
10.25.2001-03:00:00,10,25,2001,03,2295.1
10.25.2001-06:00:00,10,25,2001,06,2298
10.25.2001-09:00:00,10,25,2001,09,2300.2
10.25.2001-12:00:00,10,25,2001,12,2302.6
10.25.2001-15:00:00,10,25,2001,15,2311.8
10.25.2001-18:00:00,10,25,2001,18,2330.5
10.25.2001-21:00:00,10,25,2001,21,2351
10.26.2001-00:00:00,10,26,2001,00,2361.8
10.26.2001-03:00:00,10,26,2001,03,2358.6
10.26.2001-06:00:00,10,26,2001,06,2345.3
10.26.2001-09:00:00,10,26,2001,09,2328.5
10.26.2001-12:00:00,10,26,2001,12,2313.1
10.26.2001-15:00:00,10,26,2001,15,2302.7
10.26.2001-18:00:00,10,26,2001,18,2297.7
10.26.2001-21:00:00,10,26,2001,21,2295.9
10.27.2001-00:00:00,10,27,2001,00,2294.7
10.27.2001-03:00:00,10,27,2001,03,2292.4
10.27.2001-06:00:00,10,27,2001,06,2288.6
10.27.2001-09:00:00,10,27,2001,09,2283.3
10.27.2001-12:00:00,10,27,2001,12,2274.2
10.27.2001-15:00:00,10,27,2001,15,2260.4
10.27.2001-18:00:00,10,27,2001,18,2246.2
10.27.2001-21:00:00,10,27,2001,21,2237.9
10.28.2001-00:00:00,10,28,2001,00,2237.3
10.28.2001-03:00:00,10,28,2001,03,2241.5
10.28.2001-06:00:00,10,28,2001,06,2246.3
10.28.2001-09:00:00,10,28,2001,09,2249.1
10.28.2001-12:00:00,10,28,2001,12,2247.6
10.28.2001-15:00:00,10,28,2001,15,2241
10.28.2001-18:00:00,10,28,2001,18,2232.9
10.28.2001-21:00:00,10,28,2001,21,2228.4
10.29.2001-00:00:00,10,29,2001,00,2228.5
10.29.2001-03:00:00,10,29,2001,03,2231.6
10.29.2001-06:00:00,10,29,2001,06,2235
10.29.2001-09:00:00,10,29,2001,09,2237.1
10.29.2001-12:00:00,10,29,2001,12,2236.7
10.29.2001-15:00:00,10,29,2001,15,2233.2
10.29.2001-18:00:00,10,29,2001,18,2228.2
10.29.2001-21:00:00,10,29,2001,21,2224.7
10.30.2001-00:00:00,10,30,2001,00,2223.8
10.30.2001-03:00:00,10,30,2001,03,2224.7
10.30.2001-06:00:00,10,30,2001,06,2225.5
10.30.2001-09:00:00,10,30,2001,09,2225.5
10.30.2001-12:00:00,10,30,2001,12,2224.7
10.30.2001-15:00:00,10,30,2001,15,2223.9
10.30.2001-18:00:00,10,30,2001,18,2223.1
10.30.2001-21:00:00,10,30,2001,21,2221.8
10.31.2001-00:00:00,10,31,2001,00,2220
10.31.2001-03:00:00,10,31,2001,03,2218
10.31.2001-06:00:00,10,31,2001,06,2216.2
10.31.2001-09:00:00,10,31,2001,09,2215.2
10.31.2001-12:00:00,10,31,2001,12,2230.6
10.31.2001-15:00:00,10,31,2001,15,2285.5
10.31.2001-18:00:00,10,31,2001,18,2376.7
10.31.2001-21:00:00,10,31,2001,21,2461.9
11.01.2001-00:00:00,11,01,2001,00,2495.8
11.01.2001-03:00:00,11,01,2001,03,2469.7
11.01.2001-06:00:00,11,01,2001,06,2408.5
11.01.2001-09:00:00,11,01,2001,09,2341.7
11.01.2001-12:00:00,11,01,2001,12,2286
11.01.2001-15:00:00,11,01,2001,15,2244.8
11.01.2001-18:00:00,11,01,2001,18,2217.4
11.01.2001-21:00:00,11,01,2001,21,2201.9
11.02.2001-00:00:00,11,02,2001,00,2195.6
11.02.2001-03:00:00,11,02,2001,03,2194.3
11.02.2001-06:00:00,11,02,2001,06,2194.6
11.02.2001-09:00:00,11,02,2001,09,2193.7
11.02.2001-12:00:00,11,02,2001,12,2189.1
11.02.2001-15:00:00,11,02,2001,15,2180.4
11.02.2001-18:00:00,11,02,2001,18,2171.3
11.02.2001-21:00:00,11,02,2001,21,2165.8
11.03.2001-00:00:00,11,03,2001,00,2164.9
11.03.2001-03:00:00,11,03,2001,03,2167.1
11.03.2001-06:00:00,11,03,2001,06,2170
11.03.2001-09:00:00,11,03,2001,09,2171.6
11.03.2001-12:00:00,11,03,2001,12,2169.4
11.03.2001-15:00:00,11,03,2001,15,2162.7
11.03.2001-18:00:00,11,03,2001,18,2155.2
11.03.2001-21:00:00,11,03,2001,21,2151
11.04.2001-00:00:00,11,04,2001,00,2150.8
11.04.2001-03:00:00,11,04,2001,03,2152.8
11.04.2001-06:00:00,11,04,2001,06,2155
11.04.2001-09:00:00,11,04,2001,09,2155.7
11.04.2001-12:00:00,11,04,2001,12,2152.8
11.04.2001-15:00:00,11,04,2001,15,2145.7
11.04.2001-18:00:00,11,04,2001,18,2137.5
11.04.2001-21:00:00,11,04,2001,21,2132.5
11.05.2001-00:00:00,11,05,2001,00,2132
11.05.2001-03:00:00,11,05,2001,03,2134.6
11.05.2001-06:00:00,11,05,2001,06,2137.8
11.05.2001-09:00:00,11,05,2001,09,2139.6
11.05.2001-12:00:00,11,05,2001,12,2137.7
11.05.2001-15:00:00,11,05,2001,15,2132
11.05.2001-18:00:00,11,05,2001,18,2125.7
11.05.2001-21:00:00,11,05,2001,21,2122.4
11.06.2001-00:00:00,11,06,2001,00,2122.7
11.06.2001-03:00:00,11,06,2001,03,2124.7
11.06.2001-06:00:00,11,06,2001,06,2126.5
11.06.2001-09:00:00,11,06,2001,09,2127.3
11.06.2001-12:00:00,11,06,2001,12,2126.4
11.06.2001-15:00:00,11,06,2001,15,2123.4
11.06.2001-18:00:00,11,06,2001,18,2119.5
11.06.2001-21:00:00,11,06,2001,21,2116.5
11.07.2001-00:00:00,11,07,2001,00,2115.4
11.07.2001-03:00:00,11,07,2001,03,2115.7
11.07.2001-06:00:00,11,07,2001,06,2116.3
11.07.2001-09:00:00,11,07,2001,09,2116.4
11.07.2001-12:00:00,11,07,2001,12,2115.8
11.07.2001-15:00:00,11,07,2001,15,2114.5
11.07.2001-18:00:00,11,07,2001,18,2112.6
11.07.2001-21:00:00,11,07,2001,21,2110.6
11.08.2001-00:00:00,11,08,2001,00,2108.7
11.08.2001-03:00:00,11,08,2001,03,2107.1
11.08.2001-06:00:00,11,08,2001,06,2105.5
11.08.2001-09:00:00,11,08,2001,09,2104
11.08.2001-12:00:00,11,08,2001,12,2102
11.08.2001-15:00:00,11,08,2001,15,2098.7
11.08.2001-18:00:00,11,08,2001,18,2094.8
11.08.2001-21:00:00,11,08,2001,21,2091.6
11.09.2001-00:00:00,11,09,2001,00,2089.9
11.09.2001-03:00:00,11,09,2001,03,2089.2
11.09.2001-06:00:00,11,09,2001,06,2089
11.09.2001-09:00:00,11,09,2001,09,2088.3
11.09.2001-12:00:00,11,09,2001,12,2086.3
11.09.2001-15:00:00,11,09,2001,15,2082.3
11.09.2001-18:00:00,11,09,2001,18,2077.7
11.09.2001-21:00:00,11,09,2001,21,2074.5
11.10.2001-00:00:00,11,10,2001,00,2073.3
11.10.2001-03:00:00,11,10,2001,03,2073.3
11.10.2001-06:00:00,11,10,2001,06,2073.4
11.10.2001-09:00:00,11,10,2001,09,2073
11.10.2001-12:00:00,11,10,2001,12,2071.6
11.10.2001-15:00:00,11,10,2001,15,2068.7
11.10.2001-18:00:00,11,10,2001,18,2065.3
11.10.2001-21:00:00,11,10,2001,21,2062.9
11.11.2001-00:00:00,11,11,2001,00,2061.9
11.11.2001-03:00:00,11,11,2001,03,2061.4
11.11.2001-06:00:00,11,11,2001,06,2061
11.11.2001-09:00:00,11,11,2001,09,2060.4
11.11.2001-12:00:00,11,11,2001,12,2058.5
11.11.2001-15:00:00,11,11,2001,15,2055.1
11.11.2001-18:00:00,11,11,2001,18,2051.5
11.11.2001-21:00:00,11,11,2001,21,2049.5
11.12.2001-00:00:00,11,12,2001,00,2049.3
11.12.2001-03:00:00,11,12,2001,03,2049.3
11.12.2001-06:00:00,11,12,2001,06,2049
11.12.2001-09:00:00,11,12,2001,09,2048.1
11.12.2001-12:00:00,11,12,2001,12,2046.8
11.12.2001-15:00:00,11,12,2001,15,2044.9
11.12.2001-18:00:00,11,12,2001,18,2043
11.12.2001-21:00:00,11,12,2001,21,2041.3
11.13.2001-00:00:00,11,13,2001,00,2039.9
11.13.2001-03:00:00,11,13,2001,03,2038.7
11.13.2001-06:00:00,11,13,2001,06,2037.5
11.13.2001-09:00:00,11,13,2001,09,2036.2
11.13.2001-12:00:00,11,13,2001,12,2034.8
11.13.2001-15:00:00,11,13,2001,15,2033.3
11.13.2001-18:00:00,11,13,2001,18,2031.9
11.13.2001-21:00:00,11,13,2001,21,2031
11.14.2001-00:00:00,11,14,2001,00,2032.3
11.14.2001-03:00:00,11,14,2001,03,2044.6
11.14.2001-06:00:00,11,14,2001,06,2083.3
11.14.2001-09:00:00,11,14,2001,09,2180.1
11.14.2001-12:00:00,11,14,2001,12,2386.5
11.14.2001-15:00:00,11,14,2001,15,2750.9
11.14.2001-18:00:00,11,14,2001,18,3258.5
11.14.2001-21:00:00,11,14,2001,21,3806.2
11.15.2001-00:00:00,11,15,2001,00,4203.6
11.15.2001-03:00:00,11,15,2001,03,4308.1
11.15.2001-06:00:00,11,15,2001,06,4098.3
11.15.2001-09:00:00,11,15,2001,09,3686.7
11.15.2001-12:00:00,11,15,2001,12,3241.3
11.15.2001-15:00:00,11,15,2001,15,2880.8
11.15.2001-18:00:00,11,15,2001,18,2641
11.15.2001-21:00:00,11,15,2001,21,2499.9
11.16.2001-00:00:00,11,16,2001,00,2417.3
11.16.2001-03:00:00,11,16,2001,03,2362.4
11.16.2001-06:00:00,11,16,2001,06,2321.7
11.16.2001-09:00:00,11,16,2001,09,2290.8
11.16.2001-12:00:00,11,16,2001,12,2268.1
11.16.2001-15:00:00,11,16,2001,15,2251.7
11.16.2001-18:00:00,11,16,2001,18,2247.5
11.16.2001-21:00:00,11,16,2001,21,2244.7
11.17.2001-00:00:00,11,17,2001,00,2242.5
11.17.2001-03:00:00,11,17,2001,03,2242.5
11.17.2001-06:00:00,11,17,2001,06,2243.3
11.17.2001-09:00:00,11,17,2001,09,2243.2
11.17.2001-12:00:00,11,17,2001,12,2240.7
11.17.2001-15:00:00,11,17,2001,15,2235.3
11.17.2001-18:00:00,11,17,2001,18,2229.4
11.17.2001-21:00:00,11,17,2001,21,2225.7
11.18.2001-00:00:00,11,18,2001,00,2233.5
11.18.2001-03:00:00,11,18,2001,03,2237.4
11.18.2001-06:00:00,11,18,2001,06,2239.6
11.18.2001-09:00:00,11,18,2001,09,2241.2
11.18.2001-12:00:00,11,18,2001,12,2241.3
11.18.2001-15:00:00,11,18,2001,15,2241.2
11.18.2001-18:00:00,11,18,2001,18,2240.2
11.18.2001-21:00:00,11,18,2001,21,2239
11.19.2001-00:00:00,11,19,2001,00,2243.6
11.19.2001-03:00:00,11,19,2001,03,2243
11.19.2001-06:00:00,11,19,2001,06,2241.4
11.19.2001-09:00:00,11,19,2001,09,2239.8
11.19.2001-12:00:00,11,19,2001,12,2237.8
11.19.2001-15:00:00,11,19,2001,15,2235.8
11.19.2001-18:00:00,11,19,2001,18,2233.8
11.19.2001-21:00:00,11,19,2001,21,2231.7
11.20.2001-00:00:00,11,20,2001,00,2229.7
11.20.2001-03:00:00,11,20,2001,03,2227.9
11.20.2001-06:00:00,11,20,2001,06,2227.4
11.20.2001-09:00:00,11,20,2001,09,2224.9
11.20.2001-12:00:00,11,20,2001,12,2222.3
11.20.2001-15:00:00,11,20,2001,15,2220
11.20.2001-18:00:00,11,20,2001,18,2217.7
11.20.2001-21:00:00,11,20,2001,21,2215.3
11.21.2001-00:00:00,11,21,2001,00,2212.9
11.21.2001-03:00:00,11,21,2001,03,2210.7
11.21.2001-06:00:00,11,21,2001,06,2208.6
11.21.2001-09:00:00,11,21,2001,09,2206.4
11.21.2001-12:00:00,11,21,2001,12,2204.1
11.21.2001-15:00:00,11,21,2001,15,2201.5
11.21.2001-18:00:00,11,21,2001,18,2199.1
11.21.2001-21:00:00,11,21,2001,21,2197
11.22.2001-00:00:00,11,22,2001,00,2195
11.22.2001-03:00:00,11,22,2001,03,2193.2
11.22.2001-06:00:00,11,22,2001,06,2191.5
11.22.2001-09:00:00,11,22,2001,09,2190.4
11.22.2001-12:00:00,11,22,2001,12,2191.5
11.22.2001-15:00:00,11,22,2001,15,2194.2
11.22.2001-18:00:00,11,22,2001,18,2195.8
11.22.2001-21:00:00,11,22,2001,21,2194.8
11.23.2001-00:00:00,11,23,2001,00,2191.1
11.23.2001-03:00:00,11,23,2001,03,2185.9
11.23.2001-06:00:00,11,23,2001,06,2181
11.23.2001-09:00:00,11,23,2001,09,2176.3
11.23.2001-12:00:00,11,23,2001,12,2171.7
11.23.2001-15:00:00,11,23,2001,15,2168.1
11.23.2001-18:00:00,11,23,2001,18,2164.4
11.23.2001-21:00:00,11,23,2001,21,2161.7
11.24.2001-00:00:00,11,24,2001,00,2161.5
11.24.2001-03:00:00,11,24,2001,03,2162.1
11.24.2001-06:00:00,11,24,2001,06,2161
11.24.2001-09:00:00,11,24,2001,09,2159.7
11.24.2001-12:00:00,11,24,2001,12,2157.4
11.24.2001-15:00:00,11,24,2001,15,2155.7
11.24.2001-18:00:00,11,24,2001,18,2153.7
11.24.2001-21:00:00,11,24,2001,21,2152
11.25.2001-00:00:00,11,25,2001,00,2150.1
11.25.2001-03:00:00,11,25,2001,03,2148
11.25.2001-06:00:00,11,25,2001,06,2145.8
11.25.2001-09:00:00,11,25,2001,09,2143.6
11.25.2001-12:00:00,11,25,2001,12,2140.9
11.25.2001-15:00:00,11,25,2001,15,2139
11.25.2001-18:00:00,11,25,2001,18,2136.6
11.25.2001-21:00:00,11,25,2001,21,2134.3
11.26.2001-00:00:00,11,26,2001,00,2132.3
11.26.2001-03:00:00,11,26,2001,03,2130.3
11.26.2001-06:00:00,11,26,2001,06,2128.4
11.26.2001-09:00:00,11,26,2001,09,2126.3
11.26.2001-12:00:00,11,26,2001,12,2124.1
11.26.2001-15:00:00,11,26,2001,15,2122.7
11.26.2001-18:00:00,11,26,2001,18,2121.3
11.26.2001-21:00:00,11,26,2001,21,2119.8
11.27.2001-00:00:00,11,27,2001,00,2117.9
11.27.2001-03:00:00,11,27,2001,03,2115.5
11.27.2001-06:00:00,11,27,2001,06,2113.1
11.27.2001-09:00:00,11,27,2001,09,2110.8
11.27.2001-12:00:00,11,27,2001,12,2108.6
11.27.2001-15:00:00,11,27,2001,15,2106.3
11.27.2001-18:00:00,11,27,2001,18,2104
11.27.2001-21:00:00,11,27,2001,21,2102
11.28.2001-00:00:00,11,28,2001,00,2100.2
11.28.2001-03:00:00,11,28,2001,03,2098.3
11.28.2001-06:00:00,11,28,2001,06,2095.9
11.28.2001-09:00:00,11,28,2001,09,2093.3
11.28.2001-12:00:00,11,28,2001,12,2090.8
11.28.2001-15:00:00,11,28,2001,15,2088.6
11.28.2001-18:00:00,11,28,2001,18,2086.7
11.28.2001-21:00:00,11,28,2001,21,2084.7
11.29.2001-00:00:00,11,29,2001,00,2082.6
11.29.2001-03:00:00,11,29,2001,03,2080.4
11.29.2001-06:00:00,11,29,2001,06,2078.5
11.29.2001-09:00:00,11,29,2001,09,2076.9
11.29.2001-12:00:00,11,29,2001,12,2075.4
11.29.2001-15:00:00,11,29,2001,15,2073.6
11.29.2001-18:00:00,11,29,2001,18,2071.3
11.29.2001-21:00:00,11,29,2001,21,2068.7
11.30.2001-00:00:00,11,30,2001,00,2066.1
11.30.2001-03:00:00,11,30,2001,03,2063.9
11.30.2001-06:00:00,11,30,2001,06,2062.3
11.30.2001-09:00:00,11,30,2001,09,2061.1
11.30.2001-12:00:00,11,30,2001,12,2059.6
11.30.2001-15:00:00,11,30,2001,15,2057.6
11.30.2001-18:00:00,11,30,2001,18,2055.1
11.30.2001-21:00:00,11,30,2001,21,2052.5
12.01.2001-00:00:00,12,01,2001,00,2050.1
12.01.2001-03:00:00,12,01,2001,03,2047.9
12.01.2001-06:00:00,12,01,2001,06,2045.7
12.01.2001-09:00:00,12,01,2001,09,2043.5
12.01.2001-12:00:00,12,01,2001,12,2041.2
12.01.2001-15:00:00,12,01,2001,15,2038.9
12.01.2001-18:00:00,12,01,2001,18,2036.6
12.01.2001-21:00:00,12,01,2001,21,2034.3
12.02.2001-00:00:00,12,02,2001,00,2032.1
12.02.2001-03:00:00,12,02,2001,03,2030
12.02.2001-06:00:00,12,02,2001,06,2027.8
12.02.2001-09:00:00,12,02,2001,09,2025.5
12.02.2001-12:00:00,12,02,2001,12,2023.1
12.02.2001-15:00:00,12,02,2001,15,2020.8
12.02.2001-18:00:00,12,02,2001,18,2018.4
12.02.2001-21:00:00,12,02,2001,21,2016
12.03.2001-00:00:00,12,03,2001,00,2013.5
12.03.2001-03:00:00,12,03,2001,03,2011.3
12.03.2001-06:00:00,12,03,2001,06,2009.2
12.03.2001-09:00:00,12,03,2001,09,2007.1
12.03.2001-12:00:00,12,03,2001,12,2004.9
12.03.2001-15:00:00,12,03,2001,15,2002.4
12.03.2001-18:00:00,12,03,2001,18,1999.9
12.03.2001-21:00:00,12,03,2001,21,1997.5
12.04.2001-00:00:00,12,04,2001,00,1995.1
12.04.2001-03:00:00,12,04,2001,03,1992.8
12.04.2001-06:00:00,12,04,2001,06,1990.7
12.04.2001-09:00:00,12,04,2001,09,1988.6
12.04.2001-12:00:00,12,04,2001,12,1986.7
12.04.2001-15:00:00,12,04,2001,15,1984.8
12.04.2001-18:00:00,12,04,2001,18,1982.8
12.04.2001-21:00:00,12,04,2001,21,1981
12.05.2001-00:00:00,12,05,2001,00,1979.2
12.05.2001-03:00:00,12,05,2001,03,1977.4
12.05.2001-06:00:00,12,05,2001,06,1975.6
12.05.2001-09:00:00,12,05,2001,09,1973.8
12.05.2001-12:00:00,12,05,2001,12,1971.7
12.05.2001-15:00:00,12,05,2001,15,1969.6
12.05.2001-18:00:00,12,05,2001,18,1967.3
12.05.2001-21:00:00,12,05,2001,21,1965.2
12.06.2001-00:00:00,12,06,2001,00,1963.2
12.06.2001-03:00:00,12,06,2001,03,1961.2
12.06.2001-06:00:00,12,06,2001,06,1958.9
12.06.2001-09:00:00,12,06,2001,09,1956.5
12.06.2001-12:00:00,12,06,2001,12,1954.1
12.06.2001-15:00:00,12,06,2001,15,1951.6
12.06.2001-18:00:00,12,06,2001,18,1949.3
12.06.2001-21:00:00,12,06,2001,21,1947
12.07.2001-00:00:00,12,07,2001,00,1944.8
12.07.2001-03:00:00,12,07,2001,03,1942.6
12.07.2001-06:00:00,12,07,2001,06,1940.5
12.07.2001-09:00:00,12,07,2001,09,1938.5
12.07.2001-12:00:00,12,07,2001,12,1936.4
12.07.2001-15:00:00,12,07,2001,15,1934.2
12.07.2001-18:00:00,12,07,2001,18,1932.1
12.07.2001-21:00:00,12,07,2001,21,1930
12.08.2001-00:00:00,12,08,2001,00,1928
12.08.2001-03:00:00,12,08,2001,03,1925.9
12.08.2001-06:00:00,12,08,2001,06,1923.8
12.08.2001-09:00:00,12,08,2001,09,1921.6
12.08.2001-12:00:00,12,08,2001,12,1919.5
12.08.2001-15:00:00,12,08,2001,15,1917.3
12.08.2001-18:00:00,12,08,2001,18,1915.1
12.08.2001-21:00:00,12,08,2001,21,1912.9
12.09.2001-00:00:00,12,09,2001,00,1910.8
12.09.2001-03:00:00,12,09,2001,03,1908.7
12.09.2001-06:00:00,12,09,2001,06,1906.5
12.09.2001-09:00:00,12,09,2001,09,1904.4
12.09.2001-12:00:00,12,09,2001,12,1902.3
12.09.2001-15:00:00,12,09,2001,15,1900.2
12.09.2001-18:00:00,12,09,2001,18,1898.1
12.09.2001-21:00:00,12,09,2001,21,1896
12.10.2001-00:00:00,12,10,2001,00,1893.9
12.10.2001-03:00:00,12,10,2001,03,1891.9
12.10.2001-06:00:00,12,10,2001,06,1889.7
12.10.2001-09:00:00,12,10,2001,09,1887.6
12.10.2001-12:00:00,12,10,2001,12,1885.5
12.10.2001-15:00:00,12,10,2001,15,1883.4
12.10.2001-18:00:00,12,10,2001,18,1881.3
12.10.2001-21:00:00,12,10,2001,21,1879.2
12.11.2001-00:00:00,12,11,2001,00,1877.1
12.11.2001-03:00:00,12,11,2001,03,1875
12.11.2001-06:00:00,12,11,2001,06,1873
12.11.2001-09:00:00,12,11,2001,09,1870.9
12.11.2001-12:00:00,12,11,2001,12,1868.8
12.11.2001-15:00:00,12,11,2001,15,1866.7
12.11.2001-18:00:00,12,11,2001,18,1864.6
12.11.2001-21:00:00,12,11,2001,21,1862.5
12.12.2001-00:00:00,12,12,2001,00,1860.4
12.12.2001-03:00:00,12,12,2001,03,1858.3
12.12.2001-06:00:00,12,12,2001,06,1856.3
12.12.2001-09:00:00,12,12,2001,09,1854.3
12.12.2001-12:00:00,12,12,2001,12,1852.2
12.12.2001-15:00:00,12,12,2001,15,1850.1
12.12.2001-18:00:00,12,12,2001,18,1848.1
12.12.2001-21:00:00,12,12,2001,21,1846.1
12.13.2001-00:00:00,12,13,2001,00,1844
12.13.2001-03:00:00,12,13,2001,03,1842
12.13.2001-06:00:00,12,13,2001,06,1840
12.13.2001-09:00:00,12,13,2001,09,1837.9
12.13.2001-12:00:00,12,13,2001,12,1835.9
12.13.2001-15:00:00,12,13,2001,15,1833.9
12.13.2001-18:00:00,12,13,2001,18,1831.9
12.13.2001-21:00:00,12,13,2001,21,1829.8
12.14.2001-00:00:00,12,14,2001,00,1827.7
12.14.2001-03:00:00,12,14,2001,03,1825.6
12.14.2001-06:00:00,12,14,2001,06,1823.4
12.14.2001-09:00:00,12,14,2001,09,1821.3
12.14.2001-12:00:00,12,14,2001,12,1819.2
12.14.2001-15:00:00,12,14,2001,15,1817.1
12.14.2001-18:00:00,12,14,2001,18,1815
12.14.2001-21:00:00,12,14,2001,21,1812.8
12.15.2001-00:00:00,12,15,2001,00,1810.7
12.15.2001-03:00:00,12,15,2001,03,1808.6
12.15.2001-06:00:00,12,15,2001,06,1806.6
12.15.2001-09:00:00,12,15,2001,09,1804.5
12.15.2001-12:00:00,12,15,2001,12,1802.5
12.15.2001-15:00:00,12,15,2001,15,1800.3
12.15.2001-18:00:00,12,15,2001,18,1798.2
12.15.2001-21:00:00,12,15,2001,21,1796.1
12.16.2001-00:00:00,12,16,2001,00,1794.1
12.16.2001-03:00:00,12,16,2001,03,1792
12.16.2001-06:00:00,12,16,2001,06,1789.9
12.16.2001-09:00:00,12,16,2001,09,1787.9
12.16.2001-12:00:00,12,16,2001,12,1785.8
12.16.2001-15:00:00,12,16,2001,15,1783.8
12.16.2001-18:00:00,12,16,2001,18,1781.7
12.16.2001-21:00:00,12,16,2001,21,1779.7
12.17.2001-00:00:00,12,17,2001,00,1777.7
12.17.2001-03:00:00,12,17,2001,03,1775.7
12.17.2001-06:00:00,12,17,2001,06,1773.6
12.17.2001-09:00:00,12,17,2001,09,1771.5
12.17.2001-12:00:00,12,17,2001,12,1769.5
12.17.2001-15:00:00,12,17,2001,15,1767.5
12.17.2001-18:00:00,12,17,2001,18,1765.5
12.17.2001-21:00:00,12,17,2001,21,1763.5
12.18.2001-00:00:00,12,18,2001,00,1761.4
12.18.2001-03:00:00,12,18,2001,03,1759.5
12.18.2001-06:00:00,12,18,2001,06,1757.6
12.18.2001-09:00:00,12,18,2001,09,1755.6
12.18.2001-12:00:00,12,18,2001,12,1753.6
12.18.2001-15:00:00,12,18,2001,15,1751.5
12.18.2001-18:00:00,12,18,2001,18,1749.5
12.18.2001-21:00:00,12,18,2001,21,1747.4
12.19.2001-00:00:00,12,19,2001,00,1745.5
12.19.2001-03:00:00,12,19,2001,03,1743.6
12.19.2001-06:00:00,12,19,2001,06,1741.7
12.19.2001-09:00:00,12,19,2001,09,1739.6
12.19.2001-12:00:00,12,19,2001,12,1737.6
12.19.2001-15:00:00,12,19,2001,15,1735.5
12.19.2001-18:00:00,12,19,2001,18,1733.5
12.19.2001-21:00:00,12,19,2001,21,1731.6
12.20.2001-00:00:00,12,20,2001,00,1729.6
12.20.2001-03:00:00,12,20,2001,03,1727.6
12.20.2001-06:00:00,12,20,2001,06,1725.7
12.20.2001-09:00:00,12,20,2001,09,1723.8
12.20.2001-12:00:00,12,20,2001,12,1721.8
12.20.2001-15:00:00,12,20,2001,15,1719.8
12.20.2001-18:00:00,12,20,2001,18,1717.8
12.20.2001-21:00:00,12,20,2001,21,1715.8
12.21.2001-00:00:00,12,21,2001,00,1713.7
12.21.2001-03:00:00,12,21,2001,03,1711.7
12.21.2001-06:00:00,12,21,2001,06,1709.7
12.21.2001-09:00:00,12,21,2001,09,1707.8
12.21.2001-12:00:00,12,21,2001,12,1705.8
12.21.2001-15:00:00,12,21,2001,15,1703.9
12.21.2001-18:00:00,12,21,2001,18,1701.9
12.21.2001-21:00:00,12,21,2001,21,1699.9
12.22.2001-00:00:00,12,22,2001,00,1698
12.22.2001-03:00:00,12,22,2001,03,1696.1
12.22.2001-06:00:00,12,22,2001,06,1694.1
12.22.2001-09:00:00,12,22,2001,09,1692.1
12.22.2001-12:00:00,12,22,2001,12,1690.2
12.22.2001-15:00:00,12,22,2001,15,1688.2
12.22.2001-18:00:00,12,22,2001,18,1686.3
12.22.2001-21:00:00,12,22,2001,21,1684.4
12.23.2001-00:00:00,12,23,2001,00,1682.4
12.23.2001-03:00:00,12,23,2001,03,1680.5
12.23.2001-06:00:00,12,23,2001,06,1678.5
12.23.2001-09:00:00,12,23,2001,09,1676.6
12.23.2001-12:00:00,12,23,2001,12,1674.7
12.23.2001-15:00:00,12,23,2001,15,1672.7
12.23.2001-18:00:00,12,23,2001,18,1670.6
12.23.2001-21:00:00,12,23,2001,21,1668.4
12.24.2001-00:00:00,12,24,2001,00,1666
12.24.2001-03:00:00,12,24,2001,03,1663.7
12.24.2001-06:00:00,12,24,2001,06,1661.6
12.24.2001-09:00:00,12,24,2001,09,1659.6
12.24.2001-12:00:00,12,24,2001,12,1657.6
12.24.2001-15:00:00,12,24,2001,15,1655.6
12.24.2001-18:00:00,12,24,2001,18,1653.7
12.24.2001-21:00:00,12,24,2001,21,1651.8
12.25.2001-00:00:00,12,25,2001,00,1650
12.25.2001-03:00:00,12,25,2001,03,1648.1
12.25.2001-06:00:00,12,25,2001,06,1646.2
12.25.2001-09:00:00,12,25,2001,09,1644.3
12.25.2001-12:00:00,12,25,2001,12,1642.4
12.25.2001-15:00:00,12,25,2001,15,1640.5
12.25.2001-18:00:00,12,25,2001,18,1638.7
12.25.2001-21:00:00,12,25,2001,21,1636.8
12.26.2001-00:00:00,12,26,2001,00,1635
12.26.2001-03:00:00,12,26,2001,03,1633.1
12.26.2001-06:00:00,12,26,2001,06,1631.2
12.26.2001-09:00:00,12,26,2001,09,1629.3
12.26.2001-12:00:00,12,26,2001,12,1627.5
12.26.2001-15:00:00,12,26,2001,15,1625.8
12.26.2001-18:00:00,12,26,2001,18,1624.1
12.26.2001-21:00:00,12,26,2001,21,1622.2
12.27.2001-00:00:00,12,27,2001,00,1620.3
12.27.2001-03:00:00,12,27,2001,03,1618.5
12.27.2001-06:00:00,12,27,2001,06,1616.7
12.27.2001-09:00:00,12,27,2001,09,1615.1
12.27.2001-12:00:00,12,27,2001,12,1613.4
12.27.2001-15:00:00,12,27,2001,15,1611.5
12.27.2001-18:00:00,12,27,2001,18,1609.5
12.27.2001-21:00:00,12,27,2001,21,1607.6
12.28.2001-00:00:00,12,28,2001,00,1605.8
12.28.2001-03:00:00,12,28,2001,03,1603.9
12.28.2001-06:00:00,12,28,2001,06,1602.2
12.28.2001-09:00:00,12,28,2001,09,1600.5
12.28.2001-12:00:00,12,28,2001,12,1598.8
12.28.2001-15:00:00,12,28,2001,15,1596.9
12.28.2001-18:00:00,12,28,2001,18,1594.9
12.28.2001-21:00:00,12,28,2001,21,1592.9
12.29.2001-00:00:00,12,29,2001,00,1591
12.29.2001-03:00:00,12,29,2001,03,1589.1
12.29.2001-06:00:00,12,29,2001,06,1587.3
12.29.2001-09:00:00,12,29,2001,09,1585.4
12.29.2001-12:00:00,12,29,2001,12,1583.6
12.29.2001-15:00:00,12,29,2001,15,1581.8
12.29.2001-18:00:00,12,29,2001,18,1580
12.29.2001-21:00:00,12,29,2001,21,1578.3
12.30.2001-00:00:00,12,30,2001,00,1576.6
12.30.2001-03:00:00,12,30,2001,03,1574.8
12.30.2001-06:00:00,12,30,2001,06,1573
12.30.2001-09:00:00,12,30,2001,09,1571.2
12.30.2001-12:00:00,12,30,2001,12,1569.5
12.30.2001-15:00:00,12,30,2001,15,1567.8
12.30.2001-18:00:00,12,30,2001,18,1566.1
12.30.2001-21:00:00,12,30,2001,21,1564.3
12.31.2001-00:00:00,12,31,2001,00,1562.5
12.31.2001-03:00:00,12,31,2001,03,1560.7
12.31.2001-06:00:00,12,31,2001,06,1559
12.31.2001-09:00:00,12,31,2001,09,1557.3
12.31.2001-12:00:00,12,31,2001,12,1555.6
12.31.2001-15:00:00,12,31,2001,15,1554
12.31.2001-18:00:00,12,31,2001,18,1552.3
12.31.2001-21:00:00,12,31,2001,21,1550.6
01.01.2002-00:00:00,01,01,2002,00,1548.8
01.01.2002-03:00:00,01,01,2002,03,1547
01.01.2002-06:00:00,01,01,2002,06,1545.3
01.01.2002-09:00:00,01,01,2002,09,1543.6
01.01.2002-12:00:00,01,01,2002,12,1542
01.01.2002-15:00:00,01,01,2002,15,1540.3
01.01.2002-18:00:00,01,01,2002,18,1538.6
01.01.2002-21:00:00,01,01,2002,21,1536.8
01.02.2002-00:00:00,01,02,2002,00,1535.1
01.02.2002-03:00:00,01,02,2002,03,1533.5
01.02.2002-06:00:00,01,02,2002,06,1532
01.02.2002-09:00:00,01,02,2002,09,1530.4
01.02.2002-12:00:00,01,02,2002,12,1528.6
01.02.2002-15:00:00,01,02,2002,15,1526.8
01.02.2002-18:00:00,01,02,2002,18,1525
01.02.2002-21:00:00,01,02,2002,21,1523.5
01.03.2002-00:00:00,01,03,2002,00,1522
01.03.2002-03:00:00,01,03,2002,03,1520.5
01.03.2002-06:00:00,01,03,2002,06,1518.7
01.03.2002-09:00:00,01,03,2002,09,1516.9
01.03.2002-12:00:00,01,03,2002,12,1515
01.03.2002-15:00:00,01,03,2002,15,1513.4
01.03.2002-18:00:00,01,03,2002,18,1512
01.03.2002-21:00:00,01,03,2002,21,1510.5
01.04.2002-00:00:00,01,04,2002,00,1508.9
01.04.2002-03:00:00,01,04,2002,03,1507.2
01.04.2002-06:00:00,01,04,2002,06,1505.3
01.04.2002-09:00:00,01,04,2002,09,1503.6
01.04.2002-12:00:00,01,04,2002,12,1502.1
01.04.2002-15:00:00,01,04,2002,15,1500.6
01.04.2002-18:00:00,01,04,2002,18,1498.9
01.04.2002-21:00:00,01,04,2002,21,1497.1
01.05.2002-00:00:00,01,05,2002,00,1495.3
01.05.2002-03:00:00,01,05,2002,03,1493.7
01.05.2002-06:00:00,01,05,2002,06,1492.3
01.05.2002-09:00:00,01,05,2002,09,1490.7
01.05.2002-12:00:00,01,05,2002,12,1489
01.05.2002-15:00:00,01,05,2002,15,1487.3
01.05.2002-18:00:00,01,05,2002,18,1485.6
01.05.2002-21:00:00,01,05,2002,21,1484
01.06.2002-00:00:00,01,06,2002,00,1482.6
01.06.2002-03:00:00,01,06,2002,03,1481.1
01.06.2002-06:00:00,01,06,2002,06,1479.4
01.06.2002-09:00:00,01,06,2002,09,1477.6
01.06.2002-12:00:00,01,06,2002,12,1475.7
01.06.2002-15:00:00,01,06,2002,15,1474
01.06.2002-18:00:00,01,06,2002,18,1472.5
01.06.2002-21:00:00,01,06,2002,21,1470.9
01.07.2002-00:00:00,01,07,2002,00,1469.1
01.07.2002-03:00:00,01,07,2002,03,1467.3
01.07.2002-06:00:00,01,07,2002,06,1465.4
01.07.2002-09:00:00,01,07,2002,09,1463.8
01.07.2002-12:00:00,01,07,2002,12,1462.3
01.07.2002-15:00:00,01,07,2002,15,1460.9
01.07.2002-18:00:00,01,07,2002,18,1459.3
01.07.2002-21:00:00,01,07,2002,21,1457.7
01.08.2002-00:00:00,01,08,2002,00,1456
01.08.2002-03:00:00,01,08,2002,03,1454.4
01.08.2002-06:00:00,01,08,2002,06,1453
01.08.2002-09:00:00,01,08,2002,09,1451.5
01.08.2002-12:00:00,01,08,2002,12,1449.9
01.08.2002-15:00:00,01,08,2002,15,1448.2
01.08.2002-18:00:00,01,08,2002,18,1446.5
01.08.2002-21:00:00,01,08,2002,21,1445
01.09.2002-00:00:00,01,09,2002,00,1443.7
01.09.2002-03:00:00,01,09,2002,03,1442.2
01.09.2002-06:00:00,01,09,2002,06,1440.7
01.09.2002-09:00:00,01,09,2002,09,1439
01.09.2002-12:00:00,01,09,2002,12,1437.3
01.09.2002-15:00:00,01,09,2002,15,1435.7
01.09.2002-18:00:00,01,09,2002,18,1434.5
01.09.2002-21:00:00,01,09,2002,21,1433.1
01.10.2002-00:00:00,01,10,2002,00,1431.6
01.10.2002-03:00:00,01,10,2002,03,1429.8
01.10.2002-06:00:00,01,10,2002,06,1428.1
01.10.2002-09:00:00,01,10,2002,09,1426.6
01.10.2002-12:00:00,01,10,2002,12,1425.2
01.10.2002-15:00:00,01,10,2002,15,1423.8
01.10.2002-18:00:00,01,10,2002,18,1422.2
01.10.2002-21:00:00,01,10,2002,21,1420.6
01.11.2002-00:00:00,01,11,2002,00,1418.9
01.11.2002-03:00:00,01,11,2002,03,1417.2
01.11.2002-06:00:00,01,11,2002,06,1415.8
01.11.2002-09:00:00,01,11,2002,09,1414.5
01.11.2002-12:00:00,01,11,2002,12,1413.1
01.11.2002-15:00:00,01,11,2002,15,1411.5
01.11.2002-18:00:00,01,11,2002,18,1410.1
01.11.2002-21:00:00,01,11,2002,21,1408.7
01.12.2002-00:00:00,01,12,2002,00,1407.2
01.12.2002-03:00:00,01,12,2002,03,1405.6
01.12.2002-06:00:00,01,12,2002,06,1404.1
01.12.2002-09:00:00,01,12,2002,09,1402.8
01.12.2002-12:00:00,01,12,2002,12,1401.3
01.12.2002-15:00:00,01,12,2002,15,1399.7
01.12.2002-18:00:00,01,12,2002,18,1398.2
01.12.2002-21:00:00,01,12,2002,21,1396.8
01.13.2002-00:00:00,01,13,2002,00,1395.3
01.13.2002-03:00:00,01,13,2002,03,1393.6
01.13.2002-06:00:00,01,13,2002,06,1392.1
01.13.2002-09:00:00,01,13,2002,09,1390.8
01.13.2002-12:00:00,01,13,2002,12,1389.3
01.13.2002-15:00:00,01,13,2002,15,1387.7
01.13.2002-18:00:00,01,13,2002,18,1386.2
01.13.2002-21:00:00,01,13,2002,21,1384.8
01.14.2002-00:00:00,01,14,2002,00,1383.4
01.14.2002-03:00:00,01,14,2002,03,1381.9
01.14.2002-06:00:00,01,14,2002,06,1380.5
01.14.2002-09:00:00,01,14,2002,09,1379.2
01.14.2002-12:00:00,01,14,2002,12,1377.7
01.14.2002-15:00:00,01,14,2002,15,1376.1
01.14.2002-18:00:00,01,14,2002,18,1374.7
01.14.2002-21:00:00,01,14,2002,21,1373.4
01.15.2002-00:00:00,01,15,2002,00,1372
01.15.2002-03:00:00,01,15,2002,03,1370.4
01.15.2002-06:00:00,01,15,2002,06,1368.9
01.15.2002-09:00:00,01,15,2002,09,1367.6
01.15.2002-12:00:00,01,15,2002,12,1366.1
01.15.2002-15:00:00,01,15,2002,15,1364.5
01.15.2002-18:00:00,01,15,2002,18,1362.9
01.15.2002-21:00:00,01,15,2002,21,1361.6
01.16.2002-00:00:00,01,16,2002,00,1360.2
01.16.2002-03:00:00,01,16,2002,03,1358.7
01.16.2002-06:00:00,01,16,2002,06,1357.2
01.16.2002-09:00:00,01,16,2002,09,1355.8
01.16.2002-12:00:00,01,16,2002,12,1354.5
01.16.2002-15:00:00,01,16,2002,15,1352.9
01.16.2002-18:00:00,01,16,2002,18,1351.5
01.16.2002-21:00:00,01,16,2002,21,1350.2
01.17.2002-00:00:00,01,17,2002,00,1348.8
01.17.2002-03:00:00,01,17,2002,03,1347.3
01.17.2002-06:00:00,01,17,2002,06,1345.8
01.17.2002-09:00:00,01,17,2002,09,1344.5
01.17.2002-12:00:00,01,17,2002,12,1343.1
01.17.2002-15:00:00,01,17,2002,15,1341.7
01.17.2002-18:00:00,01,17,2002,18,1340.3
01.17.2002-21:00:00,01,17,2002,21,1339
01.18.2002-00:00:00,01,18,2002,00,1337.5
01.18.2002-03:00:00,01,18,2002,03,1335.9
01.18.2002-06:00:00,01,18,2002,06,1334.5
01.18.2002-09:00:00,01,18,2002,09,1333.3
01.18.2002-12:00:00,01,18,2002,12,1332
01.18.2002-15:00:00,01,18,2002,15,1330.4
01.18.2002-18:00:00,01,18,2002,18,1328.9
01.18.2002-21:00:00,01,18,2002,21,1327.5
01.19.2002-00:00:00,01,19,2002,00,1326.1
01.19.2002-03:00:00,01,19,2002,03,1324.8
01.19.2002-06:00:00,01,19,2002,06,1323.5
01.19.2002-09:00:00,01,19,2002,09,1322.3
01.19.2002-12:00:00,01,19,2002,12,1320.8
01.19.2002-15:00:00,01,19,2002,15,1319.2
01.19.2002-18:00:00,01,19,2002,18,1317.7
01.19.2002-21:00:00,01,19,2002,21,1316.4
01.20.2002-00:00:00,01,20,2002,00,1315.1
01.20.2002-03:00:00,01,20,2002,03,1313.6
01.20.2002-06:00:00,01,20,2002,06,1312.3
01.20.2002-09:00:00,01,20,2002,09,1310.9
01.20.2002-12:00:00,01,20,2002,12,1309.5
01.20.2002-15:00:00,01,20,2002,15,1308.1
01.20.2002-18:00:00,01,20,2002,18,1306.8
01.20.2002-21:00:00,01,20,2002,21,1305.6
01.21.2002-00:00:00,01,21,2002,00,1304.1
01.21.2002-03:00:00,01,21,2002,03,1302.6
01.21.2002-06:00:00,01,21,2002,06,1301.2
01.21.2002-09:00:00,01,21,2002,09,1299.8
01.21.2002-12:00:00,01,21,2002,12,1298.4
01.21.2002-15:00:00,01,21,2002,15,1296.9
01.21.2002-18:00:00,01,21,2002,18,1295.6
01.21.2002-21:00:00,01,21,2002,21,1294.3
01.22.2002-00:00:00,01,22,2002,00,1292.8
01.22.2002-03:00:00,01,22,2002,03,1291.4
01.22.2002-06:00:00,01,22,2002,06,1290.1
01.22.2002-09:00:00,01,22,2002,09,1288.9
01.22.2002-12:00:00,01,22,2002,12,1287.6
01.22.2002-15:00:00,01,22,2002,15,1286.2
01.22.2002-18:00:00,01,22,2002,18,1284.9
01.22.2002-21:00:00,01,22,2002,21,1283.7
01.23.2002-00:00:00,01,23,2002,00,1282.3
01.23.2002-03:00:00,01,23,2002,03,1280.9
01.23.2002-06:00:00,01,23,2002,06,1279.6
01.23.2002-09:00:00,01,23,2002,09,1278.5
01.23.2002-12:00:00,01,23,2002,12,1277.2
01.23.2002-15:00:00,01,23,2002,15,1275.9
01.23.2002-18:00:00,01,23,2002,18,1274.6
01.23.2002-21:00:00,01,23,2002,21,1273.3
01.24.2002-00:00:00,01,24,2002,00,1272
01.24.2002-03:00:00,01,24,2002,03,1270.6
01.24.2002-06:00:00,01,24,2002,06,1269.4
01.24.2002-09:00:00,01,24,2002,09,1268.2
01.24.2002-12:00:00,01,24,2002,12,1266.9
01.24.2002-15:00:00,01,24,2002,15,1265.6
01.24.2002-18:00:00,01,24,2002,18,1264.3
01.24.2002-21:00:00,01,24,2002,21,1263.1
01.25.2002-00:00:00,01,25,2002,00,1261.8
01.25.2002-03:00:00,01,25,2002,03,1260.5
01.25.2002-06:00:00,01,25,2002,06,1259.3
01.25.2002-09:00:00,01,25,2002,09,1258.1
01.25.2002-12:00:00,01,25,2002,12,1256.8
01.25.2002-15:00:00,01,25,2002,15,1255.3
01.25.2002-18:00:00,01,25,2002,18,1254.1
01.25.2002-21:00:00,01,25,2002,21,1252.9
01.26.2002-00:00:00,01,26,2002,00,1251.6
01.26.2002-03:00:00,01,26,2002,03,1250.3
01.26.2002-06:00:00,01,26,2002,06,1249
01.26.2002-09:00:00,01,26,2002,09,1247.9
01.26.2002-12:00:00,01,26,2002,12,1246.7
01.26.2002-15:00:00,01,26,2002,15,1245.3
01.26.2002-18:00:00,01,26,2002,18,1244
01.26.2002-21:00:00,01,26,2002,21,1242.8
01.27.2002-00:00:00,01,27,2002,00,1241.6
01.27.2002-03:00:00,01,27,2002,03,1240.2
01.27.2002-06:00:00,01,27,2002,06,1238.8
01.27.2002-09:00:00,01,27,2002,09,1237.4
01.27.2002-12:00:00,01,27,2002,12,1236.2
01.27.2002-15:00:00,01,27,2002,15,1234.9
01.27.2002-18:00:00,01,27,2002,18,1233.8
01.27.2002-21:00:00,01,27,2002,21,1232.7
01.28.2002-00:00:00,01,28,2002,00,1231.4
01.28.2002-03:00:00,01,28,2002,03,1230
01.28.2002-06:00:00,01,28,2002,06,1228.7
01.28.2002-09:00:00,01,28,2002,09,1227.6
01.28.2002-12:00:00,01,28,2002,12,1226.5
01.28.2002-15:00:00,01,28,2002,15,1225.2
01.28.2002-18:00:00,01,28,2002,18,1223.7
01.28.2002-21:00:00,01,28,2002,21,1222.3
01.29.2002-00:00:00,01,29,2002,00,1221.2
01.29.2002-03:00:00,01,29,2002,03,1220.3
01.29.2002-06:00:00,01,29,2002,06,1219.3
01.29.2002-09:00:00,01,29,2002,09,1218
01.29.2002-12:00:00,01,29,2002,12,1216.6
01.29.2002-15:00:00,01,29,2002,15,1215.1
01.29.2002-18:00:00,01,29,2002,18,1214
01.29.2002-21:00:00,01,29,2002,21,1212.9
01.30.2002-00:00:00,01,30,2002,00,1211.8
01.30.2002-03:00:00,01,30,2002,03,1210.5
01.30.2002-06:00:00,01,30,2002,06,1209.1
01.30.2002-09:00:00,01,30,2002,09,1207.8
01.30.2002-12:00:00,01,30,2002,12,1206.7
01.30.2002-15:00:00,01,30,2002,15,1205.6
01.30.2002-18:00:00,01,30,2002,18,1204.4
01.30.2002-21:00:00,01,30,2002,21,1203
01.31.2002-00:00:00,01,31,2002,00,1201.5
01.31.2002-03:00:00,01,31,2002,03,1200.1
01.31.2002-06:00:00,01,31,2002,06,1198.9
01.31.2002-09:00:00,01,31,2002,09,1198
01.31.2002-12:00:00,01,31,2002,12,1197
01.31.2002-15:00:00,01,31,2002,15,1195.9
01.31.2002-18:00:00,01,31,2002,18,1194.5
01.31.2002-21:00:00,01,31,2002,21,1193.1
02.01.2002-00:00:00,02,01,2002,00,1191.9
02.01.2002-03:00:00,02,01,2002,03,1190.9
02.01.2002-06:00:00,02,01,2002,06,1189.8
02.01.2002-09:00:00,02,01,2002,09,1188.5
02.01.2002-12:00:00,02,01,2002,12,1187.1
02.01.2002-15:00:00,02,01,2002,15,1185.8
02.01.2002-18:00:00,02,01,2002,18,1184.6
02.01.2002-21:00:00,02,01,2002,21,1183.6
02.02.2002-00:00:00,02,02,2002,00,1182.5
02.02.2002-03:00:00,02,02,2002,03,1181.3
02.02.2002-06:00:00,02,02,2002,06,1179.9
02.02.2002-09:00:00,02,02,2002,09,1178.6
02.02.2002-12:00:00,02,02,2002,12,1177.5
02.02.2002-15:00:00,02,02,2002,15,1176.5
02.02.2002-18:00:00,02,02,2002,18,1175.5
02.02.2002-21:00:00,02,02,2002,21,1174.3
02.03.2002-00:00:00,02,03,2002,00,1173
02.03.2002-03:00:00,02,03,2002,03,1171.6
02.03.2002-06:00:00,02,03,2002,06,1170.3
02.03.2002-09:00:00,02,03,2002,09,1169.1
02.03.2002-12:00:00,02,03,2002,12,1168
02.03.2002-15:00:00,02,03,2002,15,1167
02.03.2002-18:00:00,02,03,2002,18,1166.1
02.03.2002-21:00:00,02,03,2002,21,1164.9
02.04.2002-00:00:00,02,04,2002,00,1163.5
02.04.2002-03:00:00,02,04,2002,03,1162
02.04.2002-06:00:00,02,04,2002,06,1160.5
02.04.2002-09:00:00,02,04,2002,09,1159.2
02.04.2002-12:00:00,02,04,2002,12,1158
02.04.2002-15:00:00,02,04,2002,15,1156.8
02.04.2002-18:00:00,02,04,2002,18,1155.6
02.04.2002-21:00:00,02,04,2002,21,1154.5
02.05.2002-00:00:00,02,05,2002,00,1153.6
02.05.2002-03:00:00,02,05,2002,03,1152.9
02.05.2002-06:00:00,02,05,2002,06,1152.1
02.05.2002-09:00:00,02,05,2002,09,1151
02.05.2002-12:00:00,02,05,2002,12,1149.6
02.05.2002-15:00:00,02,05,2002,15,1148.2
02.05.2002-18:00:00,02,05,2002,18,1146.8
02.05.2002-21:00:00,02,05,2002,21,1145.5
02.06.2002-00:00:00,02,06,2002,00,1144.4
02.06.2002-03:00:00,02,06,2002,03,1143.3
02.06.2002-06:00:00,02,06,2002,06,1142.2
02.06.2002-09:00:00,02,06,2002,09,1141.1
02.06.2002-12:00:00,02,06,2002,12,1140.1
02.06.2002-15:00:00,02,06,2002,15,1139.2
02.06.2002-18:00:00,02,06,2002,18,1138.4
02.06.2002-21:00:00,02,06,2002,21,1137.4
02.07.2002-00:00:00,02,07,2002,00,1136.3
02.07.2002-03:00:00,02,07,2002,03,1134.9
02.07.2002-06:00:00,02,07,2002,06,1133.6
02.07.2002-09:00:00,02,07,2002,09,1132.4
02.07.2002-12:00:00,02,07,2002,12,1131.2
02.07.2002-15:00:00,02,07,2002,15,1130
02.07.2002-18:00:00,02,07,2002,18,1128.8
02.07.2002-21:00:00,02,07,2002,21,1127.7
02.08.2002-00:00:00,02,08,2002,00,1126.6
02.08.2002-03:00:00,02,08,2002,03,1125.5
02.08.2002-06:00:00,02,08,2002,06,1124.4
02.08.2002-09:00:00,02,08,2002,09,1123.3
02.08.2002-12:00:00,02,08,2002,12,1122.3
02.08.2002-15:00:00,02,08,2002,15,1121.2
02.08.2002-18:00:00,02,08,2002,18,1120.1
02.08.2002-21:00:00,02,08,2002,21,1119
02.09.2002-00:00:00,02,09,2002,00,1117.9
02.09.2002-03:00:00,02,09,2002,03,1116.8
02.09.2002-06:00:00,02,09,2002,06,1115.8
02.09.2002-09:00:00,02,09,2002,09,1114.9
02.09.2002-12:00:00,02,09,2002,12,1114.1
02.09.2002-15:00:00,02,09,2002,15,1113.2
02.09.2002-18:00:00,02,09,2002,18,1112.1
02.09.2002-21:00:00,02,09,2002,21,1110.9
02.10.2002-00:00:00,02,10,2002,00,1109.6
02.10.2002-03:00:00,02,10,2002,03,1108.3
02.10.2002-06:00:00,02,10,2002,06,1107.1
02.10.2002-09:00:00,02,10,2002,09,1105.9
02.10.2002-12:00:00,02,10,2002,12,1104.9
02.10.2002-15:00:00,02,10,2002,15,1103.8
02.10.2002-18:00:00,02,10,2002,18,1102.7
02.10.2002-21:00:00,02,10,2002,21,1101.7
02.11.2002-00:00:00,02,11,2002,00,1100.6
02.11.2002-03:00:00,02,11,2002,03,1099.5
02.11.2002-06:00:00,02,11,2002,06,1098.5
02.11.2002-09:00:00,02,11,2002,09,1097.4
02.11.2002-12:00:00,02,11,2002,12,1096.4
02.11.2002-15:00:00,02,11,2002,15,1095.4
02.11.2002-18:00:00,02,11,2002,18,1094.3
02.11.2002-21:00:00,02,11,2002,21,1093.2
02.12.2002-00:00:00,02,12,2002,00,1092.2
02.12.2002-03:00:00,02,12,2002,03,1091.1
02.12.2002-06:00:00,02,12,2002,06,1090
02.12.2002-09:00:00,02,12,2002,09,1088.9
02.12.2002-12:00:00,02,12,2002,12,1087.9
02.12.2002-15:00:00,02,12,2002,15,1086.9
02.12.2002-18:00:00,02,12,2002,18,1085.8
02.12.2002-21:00:00,02,12,2002,21,1084.8
02.13.2002-00:00:00,02,13,2002,00,1083.8
02.13.2002-03:00:00,02,13,2002,03,1082.7
02.13.2002-06:00:00,02,13,2002,06,1081.5
02.13.2002-09:00:00,02,13,2002,09,1080.4
02.13.2002-12:00:00,02,13,2002,12,1079.3
02.13.2002-15:00:00,02,13,2002,15,1078.2
02.13.2002-18:00:00,02,13,2002,18,1077.1
02.13.2002-21:00:00,02,13,2002,21,1075.9
02.14.2002-00:00:00,02,14,2002,00,1074.9
02.14.2002-03:00:00,02,14,2002,03,1074
02.14.2002-06:00:00,02,14,2002,06,1073
02.14.2002-09:00:00,02,14,2002,09,1071.9
02.14.2002-12:00:00,02,14,2002,12,1070.8
02.14.2002-15:00:00,02,14,2002,15,1069.7
02.14.2002-18:00:00,02,14,2002,18,1068.8
02.14.2002-21:00:00,02,14,2002,21,1067.9
02.15.2002-00:00:00,02,15,2002,00,1066.9
02.15.2002-03:00:00,02,15,2002,03,1065.8
02.15.2002-06:00:00,02,15,2002,06,1064.7
02.15.2002-09:00:00,02,15,2002,09,1063.6
02.15.2002-12:00:00,02,15,2002,12,1062.6
02.15.2002-15:00:00,02,15,2002,15,1061.5
02.15.2002-18:00:00,02,15,2002,18,1060.6
02.15.2002-21:00:00,02,15,2002,21,1059.7
02.16.2002-00:00:00,02,16,2002,00,1058.8
02.16.2002-03:00:00,02,16,2002,03,1057.8
02.16.2002-06:00:00,02,16,2002,06,1056.7
02.16.2002-09:00:00,02,16,2002,09,1055.6
02.16.2002-12:00:00,02,16,2002,12,1054.5
02.16.2002-15:00:00,02,16,2002,15,1053.4
02.16.2002-18:00:00,02,16,2002,18,1052.4
02.16.2002-21:00:00,02,16,2002,21,1051.4
02.17.2002-00:00:00,02,17,2002,00,1050.4
02.17.2002-03:00:00,02,17,2002,03,1049.3
02.17.2002-06:00:00,02,17,2002,06,1048.3
02.17.2002-09:00:00,02,17,2002,09,1047.2
02.17.2002-12:00:00,02,17,2002,12,1046.2
02.17.2002-15:00:00,02,17,2002,15,1045.2
02.17.2002-18:00:00,02,17,2002,18,1044.1
02.17.2002-21:00:00,02,17,2002,21,1043.1
02.18.2002-00:00:00,02,18,2002,00,1042.1
02.18.2002-03:00:00,02,18,2002,03,1041.1
02.18.2002-06:00:00,02,18,2002,06,1040.1
02.18.2002-09:00:00,02,18,2002,09,1039
02.18.2002-12:00:00,02,18,2002,12,1037.8
02.18.2002-15:00:00,02,18,2002,15,1036.3
02.18.2002-18:00:00,02,18,2002,18,1034.5
02.18.2002-21:00:00,02,18,2002,21,1033.1
02.19.2002-00:00:00,02,19,2002,00,1032.1
02.19.2002-03:00:00,02,19,2002,03,1031.5
02.19.2002-06:00:00,02,19,2002,06,1030.9
02.19.2002-09:00:00,02,19,2002,09,1030.3
02.19.2002-12:00:00,02,19,2002,12,1029.5
02.19.2002-15:00:00,02,19,2002,15,1028.2
02.19.2002-18:00:00,02,19,2002,18,1026.7
02.19.2002-21:00:00,02,19,2002,21,1025.3
02.20.2002-00:00:00,02,20,2002,00,1024.3
02.20.2002-03:00:00,02,20,2002,03,1023.5
02.20.2002-06:00:00,02,20,2002,06,1022.8
02.20.2002-09:00:00,02,20,2002,09,1022
02.20.2002-12:00:00,02,20,2002,12,1020.8
02.20.2002-15:00:00,02,20,2002,15,1019
02.20.2002-18:00:00,02,20,2002,18,1016.7
02.20.2002-21:00:00,02,20,2002,21,1014.8
02.21.2002-00:00:00,02,21,2002,00,1013.8
02.21.2002-03:00:00,02,21,2002,03,1013.4
02.21.2002-06:00:00,02,21,2002,06,1013.2
02.21.2002-09:00:00,02,21,2002,09,1013
02.21.2002-12:00:00,02,21,2002,12,1012.5
02.21.2002-15:00:00,02,21,2002,15,1011.9
02.21.2002-18:00:00,02,21,2002,18,1011.2
02.21.2002-21:00:00,02,21,2002,21,1010.3
02.22.2002-00:00:00,02,22,2002,00,1009.4
02.22.2002-03:00:00,02,22,2002,03,1008.5
02.22.2002-06:00:00,02,22,2002,06,1007.5
02.22.2002-09:00:00,02,22,2002,09,1006.3
02.22.2002-12:00:00,02,22,2002,12,1004
02.22.2002-15:00:00,02,22,2002,15,1000.9
02.22.2002-18:00:00,02,22,2002,18,997.96
02.22.2002-21:00:00,02,22,2002,21,996.23
02.23.2002-00:00:00,02,23,2002,00,995.82
02.23.2002-03:00:00,02,23,2002,03,996.1
02.23.2002-06:00:00,02,23,2002,06,996.46
02.23.2002-09:00:00,02,23,2002,09,996.59
02.23.2002-12:00:00,02,23,2002,12,996.42
02.23.2002-15:00:00,02,23,2002,15,995.95
02.23.2002-18:00:00,02,23,2002,18,995.24
02.23.2002-21:00:00,02,23,2002,21,994.41
02.24.2002-00:00:00,02,24,2002,00,993.53
02.24.2002-03:00:00,02,24,2002,03,992.62
02.24.2002-06:00:00,02,24,2002,06,991.68
02.24.2002-09:00:00,02,24,2002,09,990.75
02.24.2002-12:00:00,02,24,2002,12,989.85
02.24.2002-15:00:00,02,24,2002,15,988.97
02.24.2002-18:00:00,02,24,2002,18,988.07
02.24.2002-21:00:00,02,24,2002,21,987.17
02.25.2002-00:00:00,02,25,2002,00,986.26
02.25.2002-03:00:00,02,25,2002,03,985.34
02.25.2002-06:00:00,02,25,2002,06,984.39
02.25.2002-09:00:00,02,25,2002,09,983.45
02.25.2002-12:00:00,02,25,2002,12,982.54
02.25.2002-15:00:00,02,25,2002,15,981.63
02.25.2002-18:00:00,02,25,2002,18,980.71
02.25.2002-21:00:00,02,25,2002,21,979.8
02.26.2002-00:00:00,02,26,2002,00,978.9
02.26.2002-03:00:00,02,26,2002,03,978
02.26.2002-06:00:00,02,26,2002,06,977.09
02.26.2002-09:00:00,02,26,2002,09,976.18
02.26.2002-12:00:00,02,26,2002,12,975.28
02.26.2002-15:00:00,02,26,2002,15,974.39
02.26.2002-18:00:00,02,26,2002,18,973.49
02.26.2002-21:00:00,02,26,2002,21,972.57
02.27.2002-00:00:00,02,27,2002,00,971.66
02.27.2002-03:00:00,02,27,2002,03,970.78
02.27.2002-06:00:00,02,27,2002,06,969.91
02.27.2002-09:00:00,02,27,2002,09,969.02
02.27.2002-12:00:00,02,27,2002,12,968.09
02.27.2002-15:00:00,02,27,2002,15,967.15
02.27.2002-18:00:00,02,27,2002,18,966.23
02.27.2002-21:00:00,02,27,2002,21,965.36
02.28.2002-00:00:00,02,28,2002,00,964.51
02.28.2002-03:00:00,02,28,2002,03,963.63
02.28.2002-06:00:00,02,28,2002,06,962.71
02.28.2002-09:00:00,02,28,2002,09,961.78
02.28.2002-12:00:00,02,28,2002,12,960.87
02.28.2002-15:00:00,02,28,2002,15,959.98
02.28.2002-18:00:00,02,28,2002,18,959.07
02.28.2002-21:00:00,02,28,2002,21,958.13
03.01.2002-00:00:00,03,01,2002,00,957.17
03.01.2002-03:00:00,03,01,2002,03,956.22
03.01.2002-06:00:00,03,01,2002,06,955.33
03.01.2002-09:00:00,03,01,2002,09,954.48
03.01.2002-12:00:00,03,01,2002,12,953.23
03.01.2002-15:00:00,03,01,2002,15,951.09
03.01.2002-18:00:00,03,01,2002,18,948.46
03.01.2002-21:00:00,03,01,2002,21,946.44
03.02.2002-00:00:00,03,02,2002,00,945.57
03.02.2002-03:00:00,03,02,2002,03,945.52
03.02.2002-06:00:00,03,02,2002,06,945.65
03.02.2002-09:00:00,03,02,2002,09,945.58
03.02.2002-12:00:00,03,02,2002,12,945.05
03.02.2002-15:00:00,03,02,2002,15,943.92
03.02.2002-18:00:00,03,02,2002,18,942.44
03.02.2002-21:00:00,03,02,2002,21,941.11
03.03.2002-00:00:00,03,03,2002,00,940.19
03.03.2002-03:00:00,03,03,2002,03,939.63
03.03.2002-06:00:00,03,03,2002,06,939.23
03.03.2002-09:00:00,03,03,2002,09,938.8
03.03.2002-12:00:00,03,03,2002,12,937.91
03.03.2002-15:00:00,03,03,2002,15,936.11
03.03.2002-18:00:00,03,03,2002,18,933.79
03.03.2002-21:00:00,03,03,2002,21,931.97
03.04.2002-00:00:00,03,04,2002,00,931.14
03.04.2002-03:00:00,03,04,2002,03,931.02
03.04.2002-06:00:00,03,04,2002,06,931.08
03.04.2002-09:00:00,03,04,2002,09,930.68
03.04.2002-12:00:00,03,04,2002,12,928.84
03.04.2002-15:00:00,03,04,2002,15,925.16
03.04.2002-18:00:00,03,04,2002,18,920.95
03.04.2002-21:00:00,03,04,2002,21,918.27
03.05.2002-00:00:00,03,05,2002,00,917.94
03.05.2002-03:00:00,03,05,2002,03,919.12
03.05.2002-06:00:00,03,05,2002,06,920.55
03.05.2002-09:00:00,03,05,2002,09,921.5
03.05.2002-12:00:00,03,05,2002,12,921.4
03.05.2002-15:00:00,03,05,2002,15,919.87
03.05.2002-18:00:00,03,05,2002,18,917.49
03.05.2002-21:00:00,03,05,2002,21,915.58
03.06.2002-00:00:00,03,06,2002,00,914.84
03.06.2002-03:00:00,03,06,2002,03,914.99
03.06.2002-06:00:00,03,06,2002,06,915.36
03.06.2002-09:00:00,03,06,2002,09,915.51
03.06.2002-12:00:00,03,06,2002,12,915.35
03.06.2002-15:00:00,03,06,2002,15,914.95
03.06.2002-18:00:00,03,06,2002,18,914.39
03.06.2002-21:00:00,03,06,2002,21,913.71
03.07.2002-00:00:00,03,07,2002,00,912.95
03.07.2002-03:00:00,03,07,2002,03,912.14
03.07.2002-06:00:00,03,07,2002,06,911.32
03.07.2002-09:00:00,03,07,2002,09,910.5
03.07.2002-12:00:00,03,07,2002,12,909.66
03.07.2002-15:00:00,03,07,2002,15,908.78
03.07.2002-18:00:00,03,07,2002,18,907.88
03.07.2002-21:00:00,03,07,2002,21,906.99
03.08.2002-00:00:00,03,08,2002,00,906.14
03.08.2002-03:00:00,03,08,2002,03,905.29
03.08.2002-06:00:00,03,08,2002,06,904.45
03.08.2002-09:00:00,03,08,2002,09,903.61
03.08.2002-12:00:00,03,08,2002,12,902.76
03.08.2002-15:00:00,03,08,2002,15,901.91
03.08.2002-18:00:00,03,08,2002,18,901.07
03.08.2002-21:00:00,03,08,2002,21,900.22
03.09.2002-00:00:00,03,09,2002,00,899.36
03.09.2002-03:00:00,03,09,2002,03,898.5
03.09.2002-06:00:00,03,09,2002,06,897.7
03.09.2002-09:00:00,03,09,2002,09,896.94
03.09.2002-12:00:00,03,09,2002,12,896.18
03.09.2002-15:00:00,03,09,2002,15,895.36
03.09.2002-18:00:00,03,09,2002,18,894.51
03.09.2002-21:00:00,03,09,2002,21,893.64
03.10.2002-00:00:00,03,10,2002,00,892.8
03.10.2002-03:00:00,03,10,2002,03,891.99
03.10.2002-06:00:00,03,10,2002,06,891.23
03.10.2002-09:00:00,03,10,2002,09,890.49
03.10.2002-12:00:00,03,10,2002,12,889.71
03.10.2002-15:00:00,03,10,2002,15,888.86
03.10.2002-18:00:00,03,10,2002,18,887.99
03.10.2002-21:00:00,03,10,2002,21,887.16
03.11.2002-00:00:00,03,11,2002,00,886.38
03.11.2002-03:00:00,03,11,2002,03,885.61
03.11.2002-06:00:00,03,11,2002,06,884.85
03.11.2002-09:00:00,03,11,2002,09,884.06
03.11.2002-12:00:00,03,11,2002,12,883.25
03.11.2002-15:00:00,03,11,2002,15,882.41
03.11.2002-18:00:00,03,11,2002,18,881.59
03.11.2002-21:00:00,03,11,2002,21,880.81
03.12.2002-00:00:00,03,12,2002,00,880.08
03.12.2002-03:00:00,03,12,2002,03,879.32
03.12.2002-06:00:00,03,12,2002,06,878.49
03.12.2002-09:00:00,03,12,2002,09,877.44
03.12.2002-12:00:00,03,12,2002,12,875.64
03.12.2002-15:00:00,03,12,2002,15,872.78
03.12.2002-18:00:00,03,12,2002,18,869.67
03.12.2002-21:00:00,03,12,2002,21,867.62
03.13.2002-00:00:00,03,13,2002,00,867.13
03.13.2002-03:00:00,03,13,2002,03,867.64
03.13.2002-06:00:00,03,13,2002,06,868.31
03.13.2002-09:00:00,03,13,2002,09,868.67
03.13.2002-12:00:00,03,13,2002,12,868.19
03.13.2002-15:00:00,03,13,2002,15,866.39
03.13.2002-18:00:00,03,13,2002,18,863.83
03.13.2002-21:00:00,03,13,2002,21,861.84
03.14.2002-00:00:00,03,14,2002,00,861.16
03.14.2002-03:00:00,03,14,2002,03,861.43
03.14.2002-06:00:00,03,14,2002,06,861.92
03.14.2002-09:00:00,03,14,2002,09,861.96
03.14.2002-12:00:00,03,14,2002,12,860.65
03.14.2002-15:00:00,03,14,2002,15,857.59
03.14.2002-18:00:00,03,14,2002,18,853.92
03.14.2002-21:00:00,03,14,2002,21,851.48
03.15.2002-00:00:00,03,15,2002,00,851.08
03.15.2002-03:00:00,03,15,2002,03,852.11
03.15.2002-06:00:00,03,15,2002,06,853.46
03.15.2002-09:00:00,03,15,2002,09,854.39
03.15.2002-12:00:00,03,15,2002,12,854.73
03.15.2002-15:00:00,03,15,2002,15,854.58
03.15.2002-18:00:00,03,15,2002,18,854.11
03.15.2002-21:00:00,03,15,2002,21,853.44
03.16.2002-00:00:00,03,16,2002,00,852.7
03.16.2002-03:00:00,03,16,2002,03,851.98
03.16.2002-06:00:00,03,16,2002,06,851.29
03.16.2002-09:00:00,03,16,2002,09,850.58
03.16.2002-12:00:00,03,16,2002,12,849.85
03.16.2002-15:00:00,03,16,2002,15,849.09
03.16.2002-18:00:00,03,16,2002,18,848.33
03.16.2002-21:00:00,03,16,2002,21,847.58
03.17.2002-00:00:00,03,17,2002,00,846.85
03.17.2002-03:00:00,03,17,2002,03,846.14
03.17.2002-06:00:00,03,17,2002,06,845.39
03.17.2002-09:00:00,03,17,2002,09,844.63
03.17.2002-12:00:00,03,17,2002,12,843.85
03.17.2002-15:00:00,03,17,2002,15,843.08
03.17.2002-18:00:00,03,17,2002,18,842.31
03.17.2002-21:00:00,03,17,2002,21,841.55
03.18.2002-00:00:00,03,18,2002,00,840.8
03.18.2002-03:00:00,03,18,2002,03,840.08
03.18.2002-06:00:00,03,18,2002,06,839.37
03.18.2002-09:00:00,03,18,2002,09,838.63
03.18.2002-12:00:00,03,18,2002,12,837.87
03.18.2002-15:00:00,03,18,2002,15,837.11
03.18.2002-18:00:00,03,18,2002,18,836.34
03.18.2002-21:00:00,03,18,2002,21,835.6
03.19.2002-00:00:00,03,19,2002,00,834.89
03.19.2002-03:00:00,03,19,2002,03,834.18
03.19.2002-06:00:00,03,19,2002,06,833.46
03.19.2002-09:00:00,03,19,2002,09,832.71
03.19.2002-12:00:00,03,19,2002,12,831.95
03.19.2002-15:00:00,03,19,2002,15,831.19
03.19.2002-18:00:00,03,19,2002,18,830.42
03.19.2002-21:00:00,03,19,2002,21,829.66
03.20.2002-00:00:00,03,20,2002,00,828.96
03.20.2002-03:00:00,03,20,2002,03,828.31
03.20.2002-06:00:00,03,20,2002,06,827.65
03.20.2002-09:00:00,03,20,2002,09,826.94
03.20.2002-12:00:00,03,20,2002,12,826.17
03.20.2002-15:00:00,03,20,2002,15,825.37
03.20.2002-18:00:00,03,20,2002,18,824.58
03.20.2002-21:00:00,03,20,2002,21,823.83
03.21.2002-00:00:00,03,21,2002,00,823.12
03.21.2002-03:00:00,03,21,2002,03,822.45
03.21.2002-06:00:00,03,21,2002,06,821.79
03.21.2002-09:00:00,03,21,2002,09,821.09
03.21.2002-12:00:00,03,21,2002,12,820.33
03.21.2002-15:00:00,03,21,2002,15,819.51
03.21.2002-18:00:00,03,21,2002,18,818.65
03.21.2002-21:00:00,03,21,2002,21,817.83
03.22.2002-00:00:00,03,22,2002,00,817.06
03.22.2002-03:00:00,03,22,2002,03,816.33
03.22.2002-06:00:00,03,22,2002,06,815.6
03.22.2002-09:00:00,03,22,2002,09,814.63
03.22.2002-12:00:00,03,22,2002,12,812.62
03.22.2002-15:00:00,03,22,2002,15,809.1
03.22.2002-18:00:00,03,22,2002,18,805.1
03.22.2002-21:00:00,03,22,2002,21,802.46
03.23.2002-00:00:00,03,23,2002,00,802.02
03.23.2002-03:00:00,03,23,2002,03,803.17
03.23.2002-06:00:00,03,23,2002,06,804.69
03.23.2002-09:00:00,03,23,2002,09,805
03.23.2002-12:00:00,03,23,2002,12,802.09
03.23.2002-15:00:00,03,23,2002,15,795.55
03.23.2002-18:00:00,03,23,2002,18,788.14
03.23.2002-21:00:00,03,23,2002,21,783.56
03.24.2002-00:00:00,03,24,2002,00,783.18
03.24.2002-03:00:00,03,24,2002,03,785.74
03.24.2002-06:00:00,03,24,2002,06,789.22
03.24.2002-09:00:00,03,24,2002,09,791.46
03.24.2002-12:00:00,03,24,2002,12,790.1
03.24.2002-15:00:00,03,24,2002,15,784.57
03.24.2002-18:00:00,03,24,2002,18,777.66
03.24.2002-21:00:00,03,24,2002,21,773.33
03.25.2002-00:00:00,03,25,2002,00,773.2
03.25.2002-03:00:00,03,25,2002,03,776.07
03.25.2002-06:00:00,03,25,2002,06,779.88
03.25.2002-09:00:00,03,25,2002,09,782.39
03.25.2002-12:00:00,03,25,2002,12,781.22
03.25.2002-15:00:00,03,25,2002,15,775.77
03.25.2002-18:00:00,03,25,2002,18,768.8
03.25.2002-21:00:00,03,25,2002,21,764.33
03.26.2002-00:00:00,03,26,2002,00,764.18
03.26.2002-03:00:00,03,26,2002,03,767.21
03.26.2002-06:00:00,03,26,2002,06,771.23
03.26.2002-09:00:00,03,26,2002,09,774.38
03.26.2002-12:00:00,03,26,2002,12,775.13
03.26.2002-15:00:00,03,26,2002,15,773.2
03.26.2002-18:00:00,03,26,2002,18,770.28
03.26.2002-21:00:00,03,26,2002,21,768.61
03.27.2002-00:00:00,03,27,2002,00,769.06
03.27.2002-03:00:00,03,27,2002,03,770.97
03.27.2002-06:00:00,03,27,2002,06,773.12
03.27.2002-09:00:00,03,27,2002,09,774.46
03.27.2002-12:00:00,03,27,2002,12,774.25
03.27.2002-15:00:00,03,27,2002,15,772.58
03.27.2002-18:00:00,03,27,2002,18,770.54
03.27.2002-21:00:00,03,27,2002,21,769.35
03.28.2002-00:00:00,03,28,2002,00,769.41
03.28.2002-03:00:00,03,28,2002,03,770.26
03.28.2002-06:00:00,03,28,2002,06,771.15
03.28.2002-09:00:00,03,28,2002,09,770.97
03.28.2002-12:00:00,03,28,2002,12,768.25
03.28.2002-15:00:00,03,28,2002,15,762.89
03.28.2002-18:00:00,03,28,2002,18,757.13
03.28.2002-21:00:00,03,28,2002,21,753.69
03.29.2002-00:00:00,03,29,2002,00,753.49
03.29.2002-03:00:00,03,29,2002,03,755.55
03.29.2002-06:00:00,03,29,2002,06,758.35
03.29.2002-09:00:00,03,29,2002,09,760.19
03.29.2002-12:00:00,03,29,2002,12,759.3
03.29.2002-15:00:00,03,29,2002,15,755.41
03.29.2002-18:00:00,03,29,2002,18,750.67
03.29.2002-21:00:00,03,29,2002,21,747.86
03.30.2002-00:00:00,03,30,2002,00,747.99
03.30.2002-03:00:00,03,30,2002,03,750.16
03.30.2002-06:00:00,03,30,2002,06,752.87
03.30.2002-09:00:00,03,30,2002,09,754.35
03.30.2002-12:00:00,03,30,2002,12,752.6
03.30.2002-15:00:00,03,30,2002,15,747.11
03.30.2002-18:00:00,03,30,2002,18,740.38
03.30.2002-21:00:00,03,30,2002,21,736.06
03.31.2002-00:00:00,03,31,2002,00,735.72
03.31.2002-03:00:00,03,31,2002,03,738.34
03.31.2002-06:00:00,03,31,2002,06,741.93
03.31.2002-09:00:00,03,31,2002,09,744.48
03.31.2002-12:00:00,03,31,2002,12,744.09
03.31.2002-15:00:00,03,31,2002,15,740.47
03.31.2002-18:00:00,03,31,2002,18,735.8
03.31.2002-21:00:00,03,31,2002,21,733
04.01.2002-00:00:00,04,01,2002,00,733.21
04.01.2002-03:00:00,04,01,2002,03,735.56
04.01.2002-06:00:00,04,01,2002,06,738.53
04.01.2002-09:00:00,04,01,2002,09,740.59
04.01.2002-12:00:00,04,01,2002,12,740.29
04.01.2002-15:00:00,04,01,2002,15,737.38
04.01.2002-18:00:00,04,01,2002,18,733.58
04.01.2002-21:00:00,04,01,2002,21,731.22
04.02.2002-00:00:00,04,02,2002,00,731.29
04.02.2002-03:00:00,04,02,2002,03,733.1
04.02.2002-06:00:00,04,02,2002,06,735.37
04.02.2002-09:00:00,04,02,2002,09,736.77
04.02.2002-12:00:00,04,02,2002,12,735.97
04.02.2002-15:00:00,04,02,2002,15,732.81
04.02.2002-18:00:00,04,02,2002,18,729.02
04.02.2002-21:00:00,04,02,2002,21,726.77
04.03.2002-00:00:00,04,03,2002,00,726.85
04.03.2002-03:00:00,04,03,2002,03,728.52
04.03.2002-06:00:00,04,03,2002,06,730.53
04.03.2002-09:00:00,04,03,2002,09,731.41
04.03.2002-12:00:00,04,03,2002,12,729.37
04.03.2002-15:00:00,04,03,2002,15,723.9
04.03.2002-18:00:00,04,03,2002,18,717.28
04.03.2002-21:00:00,04,03,2002,21,712.84
04.04.2002-00:00:00,04,04,2002,00,712.13
04.04.2002-03:00:00,04,04,2002,03,714.34
04.04.2002-06:00:00,04,04,2002,06,717.71
04.04.2002-09:00:00,04,04,2002,09,720.06
04.04.2002-12:00:00,04,04,2002,12,718.96
04.04.2002-15:00:00,04,04,2002,15,713.61
04.04.2002-18:00:00,04,04,2002,18,706.34
04.04.2002-21:00:00,04,04,2002,21,701
04.05.2002-00:00:00,04,05,2002,00,699.81
04.05.2002-03:00:00,04,05,2002,03,702.09
04.05.2002-06:00:00,04,05,2002,06,705.92
04.05.2002-09:00:00,04,05,2002,09,709.16
04.05.2002-12:00:00,04,05,2002,12,709.57
04.05.2002-15:00:00,04,05,2002,15,706.27
04.05.2002-18:00:00,04,05,2002,18,701.2
04.05.2002-21:00:00,04,05,2002,21,697.68
04.06.2002-00:00:00,04,06,2002,00,697.49
04.06.2002-03:00:00,04,06,2002,03,700.04
04.06.2002-06:00:00,04,06,2002,06,703.69
04.06.2002-09:00:00,04,06,2002,09,706.46
04.06.2002-12:00:00,04,06,2002,12,706.29
04.06.2002-15:00:00,04,06,2002,15,702.56
04.06.2002-18:00:00,04,06,2002,18,697.37
04.06.2002-21:00:00,04,06,2002,21,693.88
04.07.2002-00:00:00,04,07,2002,00,693.67
04.07.2002-03:00:00,04,07,2002,03,696.05
04.07.2002-06:00:00,04,07,2002,06,699.46
04.07.2002-09:00:00,04,07,2002,09,702.05
04.07.2002-12:00:00,04,07,2002,12,701.96
04.07.2002-15:00:00,04,07,2002,15,698.75
04.07.2002-18:00:00,04,07,2002,18,694.32
04.07.2002-21:00:00,04,07,2002,21,691.43
04.08.2002-00:00:00,04,08,2002,00,691.39
04.08.2002-03:00:00,04,08,2002,03,693.62
04.08.2002-06:00:00,04,08,2002,06,696.63
04.08.2002-09:00:00,04,08,2002,09,698.59
04.08.2002-12:00:00,04,08,2002,12,697.5
04.08.2002-15:00:00,04,08,2002,15,692.76
04.08.2002-18:00:00,04,08,2002,18,686.48
04.08.2002-21:00:00,04,08,2002,21,682.07
04.09.2002-00:00:00,04,09,2002,00,681.32
04.09.2002-03:00:00,04,09,2002,03,683.53
04.09.2002-06:00:00,04,09,2002,06,687.02
04.09.2002-09:00:00,04,09,2002,09,690.03
04.09.2002-12:00:00,04,09,2002,12,690.93
04.09.2002-15:00:00,04,09,2002,15,689.23
04.09.2002-18:00:00,04,09,2002,18,686.38
04.09.2002-21:00:00,04,09,2002,21,684.57
04.10.2002-00:00:00,04,10,2002,00,684.86
04.10.2002-03:00:00,04,10,2002,03,686.77
04.10.2002-06:00:00,04,10,2002,06,689.14
04.10.2002-09:00:00,04,10,2002,09,690.41
04.10.2002-12:00:00,04,10,2002,12,688.63
04.10.2002-15:00:00,04,10,2002,15,683.15
04.10.2002-18:00:00,04,10,2002,18,676.09
04.10.2002-21:00:00,04,10,2002,21,670.89
04.11.2002-00:00:00,04,11,2002,00,669.5
04.11.2002-03:00:00,04,11,2002,03,671.42
04.11.2002-06:00:00,04,11,2002,06,674.69
04.11.2002-09:00:00,04,11,2002,09,676.97
04.11.2002-12:00:00,04,11,2002,12,676.35
04.11.2002-15:00:00,04,11,2002,15,672.56
04.11.2002-18:00:00,04,11,2002,18,667.64
04.11.2002-21:00:00,04,11,2002,21,664.52
04.12.2002-00:00:00,04,12,2002,00,664.73
04.12.2002-03:00:00,04,12,2002,03,667.64
04.12.2002-06:00:00,04,12,2002,06,671.53
04.12.2002-09:00:00,04,12,2002,09,674.29
04.12.2002-12:00:00,04,12,2002,12,673.9
04.12.2002-15:00:00,04,12,2002,15,669.89
04.12.2002-18:00:00,04,12,2002,18,664.38
04.12.2002-21:00:00,04,12,2002,21,660.53
04.13.2002-00:00:00,04,13,2002,00,660.15
04.13.2002-03:00:00,04,13,2002,03,662.86
04.13.2002-06:00:00,04,13,2002,06,666.8
04.13.2002-09:00:00,04,13,2002,09,669.68
04.13.2002-12:00:00,04,13,2002,12,670.32
04.13.2002-15:00:00,04,13,2002,15,669.97
04.13.2002-18:00:00,04,13,2002,18,670.74
04.13.2002-21:00:00,04,13,2002,21,673.28
04.14.2002-00:00:00,04,14,2002,00,676.41
04.14.2002-03:00:00,04,14,2002,03,678.63
04.14.2002-06:00:00,04,14,2002,06,679.7
04.14.2002-09:00:00,04,14,2002,09,682.18
04.14.2002-12:00:00,04,14,2002,12,690.88
04.14.2002-15:00:00,04,14,2002,15,702.76
04.14.2002-18:00:00,04,14,2002,18,712.53
04.14.2002-21:00:00,04,14,2002,21,720.95
04.15.2002-00:00:00,04,15,2002,00,724.02
04.15.2002-03:00:00,04,15,2002,03,718.19
04.15.2002-06:00:00,04,15,2002,06,708.96
04.15.2002-09:00:00,04,15,2002,09,702.19
04.15.2002-12:00:00,04,15,2002,12,698.23
04.15.2002-15:00:00,04,15,2002,15,695.68
04.15.2002-18:00:00,04,15,2002,18,695.72
04.15.2002-21:00:00,04,15,2002,21,698.06
04.16.2002-00:00:00,04,16,2002,00,700.26
04.16.2002-03:00:00,04,16,2002,03,701.77
04.16.2002-06:00:00,04,16,2002,06,703.28
04.16.2002-09:00:00,04,16,2002,09,704.45
04.16.2002-12:00:00,04,16,2002,12,704.12
04.16.2002-15:00:00,04,16,2002,15,701.94
04.16.2002-18:00:00,04,16,2002,18,700.27
04.16.2002-21:00:00,04,16,2002,21,700.31
04.17.2002-00:00:00,04,17,2002,00,701.04
04.17.2002-03:00:00,04,17,2002,03,702.13
04.17.2002-06:00:00,04,17,2002,06,703.72
04.17.2002-09:00:00,04,17,2002,09,704.83
04.17.2002-12:00:00,04,17,2002,12,703.72
04.17.2002-15:00:00,04,17,2002,15,699.78
04.17.2002-18:00:00,04,17,2002,18,695.95
04.17.2002-21:00:00,04,17,2002,21,694.31
04.18.2002-00:00:00,04,18,2002,00,694.37
04.18.2002-03:00:00,04,18,2002,03,695.78
04.18.2002-06:00:00,04,18,2002,06,698.15
04.18.2002-09:00:00,04,18,2002,09,700.1
04.18.2002-12:00:00,04,18,2002,12,699.63
04.18.2002-15:00:00,04,18,2002,15,695.96
04.18.2002-18:00:00,04,18,2002,18,691.42
04.18.2002-21:00:00,04,18,2002,21,688.37
04.19.2002-00:00:00,04,19,2002,00,687.42
04.19.2002-03:00:00,04,19,2002,03,688.66
04.19.2002-06:00:00,04,19,2002,06,691.53
04.19.2002-09:00:00,04,19,2002,09,694.29
04.19.2002-12:00:00,04,19,2002,12,697.12
04.19.2002-15:00:00,04,19,2002,15,704.3
04.19.2002-18:00:00,04,19,2002,18,712.72
04.19.2002-21:00:00,04,19,2002,21,714.97
04.20.2002-00:00:00,04,20,2002,00,710.61
04.20.2002-03:00:00,04,20,2002,03,704.5
04.20.2002-06:00:00,04,20,2002,06,700.22
04.20.2002-09:00:00,04,20,2002,09,700.89
04.20.2002-12:00:00,04,20,2002,12,714.41
04.20.2002-15:00:00,04,20,2002,15,734.68
04.20.2002-18:00:00,04,20,2002,18,748.78
04.20.2002-21:00:00,04,20,2002,21,754.13
04.21.2002-00:00:00,04,21,2002,00,754.4
04.21.2002-03:00:00,04,21,2002,03,752.2
04.21.2002-06:00:00,04,21,2002,06,749.2
04.21.2002-09:00:00,04,21,2002,09,749
04.21.2002-12:00:00,04,21,2002,12,758.93
04.21.2002-15:00:00,04,21,2002,15,781.88
04.21.2002-18:00:00,04,21,2002,18,810.66
04.21.2002-21:00:00,04,21,2002,21,834.09
04.22.2002-00:00:00,04,22,2002,00,845.34
04.22.2002-03:00:00,04,22,2002,03,844.12
04.22.2002-06:00:00,04,22,2002,06,836.02
04.22.2002-09:00:00,04,22,2002,09,837.37
04.22.2002-12:00:00,04,22,2002,12,868.39
04.22.2002-15:00:00,04,22,2002,15,925.29
04.22.2002-18:00:00,04,22,2002,18,983.77
04.22.2002-21:00:00,04,22,2002,21,1017.8
04.23.2002-00:00:00,04,23,2002,00,1011.6
04.23.2002-03:00:00,04,23,2002,03,975.11
04.23.2002-06:00:00,04,23,2002,06,932.9
04.23.2002-09:00:00,04,23,2002,09,899.51
04.23.2002-12:00:00,04,23,2002,12,876.55
04.23.2002-15:00:00,04,23,2002,15,863.13
04.23.2002-18:00:00,04,23,2002,18,857.02
04.23.2002-21:00:00,04,23,2002,21,855.54
04.24.2002-00:00:00,04,24,2002,00,858.44
04.24.2002-03:00:00,04,24,2002,03,865.56
04.24.2002-06:00:00,04,24,2002,06,874.96
04.24.2002-09:00:00,04,24,2002,09,881.71
04.24.2002-12:00:00,04,24,2002,12,882.6
04.24.2002-15:00:00,04,24,2002,15,879.81
04.24.2002-18:00:00,04,24,2002,18,877.19
04.24.2002-21:00:00,04,24,2002,21,877.31
04.25.2002-00:00:00,04,25,2002,00,881.21
04.25.2002-03:00:00,04,25,2002,03,888.08
04.25.2002-06:00:00,04,25,2002,06,895.23
04.25.2002-09:00:00,04,25,2002,09,898.29
04.25.2002-12:00:00,04,25,2002,12,895.81
04.25.2002-15:00:00,04,25,2002,15,892.82
04.25.2002-18:00:00,04,25,2002,18,893.73
04.25.2002-21:00:00,04,25,2002,21,898.63
04.26.2002-00:00:00,04,26,2002,00,904.74
04.26.2002-03:00:00,04,26,2002,03,910.01
04.26.2002-06:00:00,04,26,2002,06,914.41
04.26.2002-09:00:00,04,26,2002,09,916.1
04.26.2002-12:00:00,04,26,2002,12,919.62
04.26.2002-15:00:00,04,26,2002,15,937.27
04.26.2002-18:00:00,04,26,2002,18,965
04.26.2002-21:00:00,04,26,2002,21,985.47
04.27.2002-00:00:00,04,27,2002,00,991.96
04.27.2002-03:00:00,04,27,2002,03,988.89
04.27.2002-06:00:00,04,27,2002,06,983.1
04.27.2002-09:00:00,04,27,2002,09,996.03
04.27.2002-12:00:00,04,27,2002,12,1047.8
04.27.2002-15:00:00,04,27,2002,15,1128.6
04.27.2002-18:00:00,04,27,2002,18,1210.4
04.27.2002-21:00:00,04,27,2002,21,1264.9
04.28.2002-00:00:00,04,28,2002,00,1273.3
04.28.2002-03:00:00,04,28,2002,03,1238.7
04.28.2002-06:00:00,04,28,2002,06,1183.8
04.28.2002-09:00:00,04,28,2002,09,1146.6
04.28.2002-12:00:00,04,28,2002,12,1184.7
04.28.2002-15:00:00,04,28,2002,15,1305.3
04.28.2002-18:00:00,04,28,2002,18,1446.8
04.28.2002-21:00:00,04,28,2002,21,1537.9
04.29.2002-00:00:00,04,29,2002,00,1546.1
04.29.2002-03:00:00,04,29,2002,03,1487.2
04.29.2002-06:00:00,04,29,2002,06,1400.8
04.29.2002-09:00:00,04,29,2002,09,1357.5
04.29.2002-12:00:00,04,29,2002,12,1456.8
04.29.2002-15:00:00,04,29,2002,15,1695.2
04.29.2002-18:00:00,04,29,2002,18,1993.4
04.29.2002-21:00:00,04,29,2002,21,2219.5
04.30.2002-00:00:00,04,30,2002,00,2296.9
04.30.2002-03:00:00,04,30,2002,03,2239.5
04.30.2002-06:00:00,04,30,2002,06,2130.8
04.30.2002-09:00:00,04,30,2002,09,2222
04.30.2002-12:00:00,04,30,2002,12,2462.6
04.30.2002-15:00:00,04,30,2002,15,2852.5
04.30.2002-18:00:00,04,30,2002,18,3327.1
04.30.2002-21:00:00,04,30,2002,21,3655.2
05.01.2002-00:00:00,05,01,2002,00,3738.7
05.01.2002-03:00:00,05,01,2002,03,3572.8
05.01.2002-06:00:00,05,01,2002,06,3284.6
05.01.2002-09:00:00,05,01,2002,09,3136.9
05.01.2002-12:00:00,05,01,2002,12,3356.7
05.01.2002-15:00:00,05,01,2002,15,3880
05.01.2002-18:00:00,05,01,2002,18,4607.6
05.01.2002-21:00:00,05,01,2002,21,5120.9
05.02.2002-00:00:00,05,02,2002,00,5238.4
05.02.2002-03:00:00,05,02,2002,03,5003.4
05.02.2002-06:00:00,05,02,2002,06,4666.2
05.02.2002-09:00:00,05,02,2002,09,4609.9
05.02.2002-12:00:00,05,02,2002,12,5074.5
05.02.2002-15:00:00,05,02,2002,15,6041.3
05.02.2002-18:00:00,05,02,2002,18,7183.7
05.02.2002-21:00:00,05,02,2002,21,8007.9
05.03.2002-00:00:00,05,03,2002,00,8163.9
05.03.2002-03:00:00,05,03,2002,03,7682.6
05.03.2002-06:00:00,05,03,2002,06,6919.2
05.03.2002-09:00:00,05,03,2002,09,6296.7
05.03.2002-12:00:00,05,03,2002,12,6266.8
05.03.2002-15:00:00,05,03,2002,15,6431
05.03.2002-18:00:00,05,03,2002,18,6989.5
05.03.2002-21:00:00,05,03,2002,21,7418.2
05.04.2002-00:00:00,05,04,2002,00,7441.7
05.04.2002-03:00:00,05,04,2002,03,7111.8
05.04.2002-06:00:00,05,04,2002,06,6673.3
05.04.2002-09:00:00,05,04,2002,09,6262.1
05.04.2002-12:00:00,05,04,2002,12,6050.1
05.04.2002-15:00:00,05,04,2002,15,6092.7
05.04.2002-18:00:00,05,04,2002,18,6196.1
05.04.2002-21:00:00,05,04,2002,21,6319.3
05.05.2002-00:00:00,05,05,2002,00,6366.1
05.05.2002-03:00:00,05,05,2002,03,6308.8
05.05.2002-06:00:00,05,05,2002,06,6198.4
05.05.2002-09:00:00,05,05,2002,09,6057.5
05.05.2002-12:00:00,05,05,2002,12,6305.9
05.05.2002-15:00:00,05,05,2002,15,6613.8
05.05.2002-18:00:00,05,05,2002,18,7082.8
05.05.2002-21:00:00,05,05,2002,21,7456.6
05.06.2002-00:00:00,05,06,2002,00,7543.2
05.06.2002-03:00:00,05,06,2002,03,7361.1
05.06.2002-06:00:00,05,06,2002,06,7068.9
05.06.2002-09:00:00,05,06,2002,09,6748.7
05.06.2002-12:00:00,05,06,2002,12,6496.2
05.06.2002-15:00:00,05,06,2002,15,6365.2
05.06.2002-18:00:00,05,06,2002,18,6330.9
05.06.2002-21:00:00,05,06,2002,21,6367.6
05.07.2002-00:00:00,05,07,2002,00,6430.1
05.07.2002-03:00:00,05,07,2002,03,6481.8
05.07.2002-06:00:00,05,07,2002,06,6489.9
05.07.2002-09:00:00,05,07,2002,09,6423.3
05.07.2002-12:00:00,05,07,2002,12,6438.9
05.07.2002-15:00:00,05,07,2002,15,6616.4
05.07.2002-18:00:00,05,07,2002,18,6855.1
05.07.2002-21:00:00,05,07,2002,21,7112.3
05.08.2002-00:00:00,05,08,2002,00,7251.1
05.08.2002-03:00:00,05,08,2002,03,7218.3
05.08.2002-06:00:00,05,08,2002,06,7090.6
05.08.2002-09:00:00,05,08,2002,09,6885.2
05.08.2002-12:00:00,05,08,2002,12,6796.4
05.08.2002-15:00:00,05,08,2002,15,6837.2
05.08.2002-18:00:00,05,08,2002,18,7089.6
05.08.2002-21:00:00,05,08,2002,21,7407.8
05.09.2002-00:00:00,05,09,2002,00,7612.6
05.09.2002-03:00:00,05,09,2002,03,7601.6
05.09.2002-06:00:00,05,09,2002,06,7441.2
05.09.2002-09:00:00,05,09,2002,09,7152.7
05.09.2002-12:00:00,05,09,2002,12,6877.4
05.09.2002-15:00:00,05,09,2002,15,6671.7
05.09.2002-18:00:00,05,09,2002,18,6549.5
05.09.2002-21:00:00,05,09,2002,21,6539.9
05.10.2002-00:00:00,05,10,2002,00,6624.2
05.10.2002-03:00:00,05,10,2002,03,6726.2
05.10.2002-06:00:00,05,10,2002,06,6784.7
05.10.2002-09:00:00,05,10,2002,09,6688.2
05.10.2002-12:00:00,05,10,2002,12,6675.1
05.10.2002-15:00:00,05,10,2002,15,6971.4
05.10.2002-18:00:00,05,10,2002,18,7293.9
05.10.2002-21:00:00,05,10,2002,21,7674.9
05.11.2002-00:00:00,05,11,2002,00,7892.4
05.11.2002-03:00:00,05,11,2002,03,7841.2
05.11.2002-06:00:00,05,11,2002,06,7624.6
05.11.2002-09:00:00,05,11,2002,09,7729.4
05.11.2002-12:00:00,05,11,2002,12,8751.5
05.11.2002-15:00:00,05,11,2002,15,10423
05.11.2002-18:00:00,05,11,2002,18,12455
05.11.2002-21:00:00,05,11,2002,21,14137
05.12.2002-00:00:00,05,12,2002,00,14643
05.12.2002-03:00:00,05,12,2002,03,13970
05.12.2002-06:00:00,05,12,2002,06,12684
05.12.2002-09:00:00,05,12,2002,09,11920
05.12.2002-12:00:00,05,12,2002,12,12408
05.12.2002-15:00:00,05,12,2002,15,13686
05.12.2002-18:00:00,05,12,2002,18,16034
05.12.2002-21:00:00,05,12,2002,21,17991
05.13.2002-00:00:00,05,13,2002,00,18492
05.13.2002-03:00:00,05,13,2002,03,17537
05.13.2002-06:00:00,05,13,2002,06,15897
05.13.2002-09:00:00,05,13,2002,09,15015
05.13.2002-12:00:00,05,13,2002,12,15593
05.13.2002-15:00:00,05,13,2002,15,17500
05.13.2002-18:00:00,05,13,2002,18,20628
05.13.2002-21:00:00,05,13,2002,21,23189
05.14.2002-00:00:00,05,14,2002,00,23921
05.14.2002-03:00:00,05,14,2002,03,22792
05.14.2002-06:00:00,05,14,2002,06,20686
05.14.2002-09:00:00,05,14,2002,09,18835
05.14.2002-12:00:00,05,14,2002,12,17977
05.14.2002-15:00:00,05,14,2002,15,18130
05.14.2002-18:00:00,05,14,2002,18,19449
05.14.2002-21:00:00,05,14,2002,21,20854
05.15.2002-00:00:00,05,15,2002,00,21309
05.15.2002-03:00:00,05,15,2002,03,20685
05.15.2002-06:00:00,05,15,2002,06,19396
05.15.2002-09:00:00,05,15,2002,09,18251
05.15.2002-12:00:00,05,15,2002,12,18370
05.15.2002-15:00:00,05,15,2002,15,19099
05.15.2002-18:00:00,05,15,2002,18,21005
05.15.2002-21:00:00,05,15,2002,21,22875
05.16.2002-00:00:00,05,16,2002,00,23605
05.16.2002-03:00:00,05,16,2002,03,23073
05.16.2002-06:00:00,05,16,2002,06,21751
05.16.2002-09:00:00,05,16,2002,09,20524
05.16.2002-12:00:00,05,16,2002,12,20746
05.16.2002-15:00:00,05,16,2002,15,21825
05.16.2002-18:00:00,05,16,2002,18,24304
05.16.2002-21:00:00,05,16,2002,21,26834
05.17.2002-00:00:00,05,17,2002,00,28092
05.17.2002-03:00:00,05,17,2002,03,27765
05.17.2002-06:00:00,05,17,2002,06,26665
05.17.2002-09:00:00,05,17,2002,09,26345
05.17.2002-12:00:00,05,17,2002,12,27576
05.17.2002-15:00:00,05,17,2002,15,30599
05.17.2002-18:00:00,05,17,2002,18,35005
05.17.2002-21:00:00,05,17,2002,21,38752
05.18.2002-00:00:00,05,18,2002,00,40258
05.18.2002-03:00:00,05,18,2002,03,39340
05.18.2002-06:00:00,05,18,2002,06,36871
05.18.2002-09:00:00,05,18,2002,09,34756
05.18.2002-12:00:00,05,18,2002,12,34392
05.18.2002-15:00:00,05,18,2002,15,36212
05.18.2002-18:00:00,05,18,2002,18,40105
05.18.2002-21:00:00,05,18,2002,21,43692
05.19.2002-00:00:00,05,19,2002,00,45175
05.19.2002-03:00:00,05,19,2002,03,44297
05.19.2002-06:00:00,05,19,2002,06,42150
05.19.2002-09:00:00,05,19,2002,09,40682
05.19.2002-12:00:00,05,19,2002,12,41177
05.19.2002-15:00:00,05,19,2002,15,44148
05.19.2002-18:00:00,05,19,2002,18,49201
05.19.2002-21:00:00,05,19,2002,21,54018
05.20.2002-00:00:00,05,20,2002,00,57153
05.20.2002-03:00:00,05,20,2002,03,58196
05.20.2002-06:00:00,05,20,2002,06,58836
05.20.2002-09:00:00,05,20,2002,09,60963
05.20.2002-12:00:00,05,20,2002,12,65576
05.20.2002-15:00:00,05,20,2002,15,72955
05.20.2002-18:00:00,05,20,2002,18,82172
05.20.2002-21:00:00,05,20,2002,21,90766
05.21.2002-00:00:00,05,21,2002,00,96718
05.21.2002-03:00:00,05,21,2002,03,99257
05.21.2002-06:00:00,05,21,2002,06,99163
05.21.2002-09:00:00,05,21,2002,09,97917
05.21.2002-12:00:00,05,21,2002,12,97109
05.21.2002-15:00:00,05,21,2002,15,97566
05.21.2002-18:00:00,05,21,2002,18,99668
05.21.2002-21:00:00,05,21,2002,21,1.0226e+05
05.22.2002-00:00:00,05,22,2002,00,1.0389e+05
05.22.2002-03:00:00,05,22,2002,03,1.0414e+05
05.22.2002-06:00:00,05,22,2002,06,1.0291e+05
05.22.2002-09:00:00,05,22,2002,09,1.0094e+05
05.22.2002-12:00:00,05,22,2002,12,99372
05.22.2002-15:00:00,05,22,2002,15,98895
05.22.2002-18:00:00,05,22,2002,18,99386
05.22.2002-21:00:00,05,22,2002,21,1.0031e+05
05.23.2002-00:00:00,05,23,2002,00,1.0026e+05
05.23.2002-03:00:00,05,23,2002,03,99109
05.23.2002-06:00:00,05,23,2002,06,96787
05.23.2002-09:00:00,05,23,2002,09,95037
05.23.2002-12:00:00,05,23,2002,12,96081
05.23.2002-15:00:00,05,23,2002,15,1.0094e+05
05.23.2002-18:00:00,05,23,2002,18,1.0909e+05
05.23.2002-21:00:00,05,23,2002,21,1.1726e+05
05.24.2002-00:00:00,05,24,2002,00,1.2194e+05
05.24.2002-03:00:00,05,24,2002,03,1.2223e+05
05.24.2002-06:00:00,05,24,2002,06,1.1864e+05
05.24.2002-09:00:00,05,24,2002,09,1.1353e+05
05.24.2002-12:00:00,05,24,2002,12,1.0999e+05
05.24.2002-15:00:00,05,24,2002,15,1.0936e+05
05.24.2002-18:00:00,05,24,2002,18,1.1317e+05
05.24.2002-21:00:00,05,24,2002,21,1.1858e+05
05.25.2002-00:00:00,05,25,2002,00,1.2239e+05
05.25.2002-03:00:00,05,25,2002,03,1.2243e+05
05.25.2002-06:00:00,05,25,2002,06,1.1971e+05
05.25.2002-09:00:00,05,25,2002,09,1.1676e+05
05.25.2002-12:00:00,05,25,2002,12,1.1668e+05
05.25.2002-15:00:00,05,25,2002,15,1.2092e+05
05.25.2002-18:00:00,05,25,2002,18,1.296e+05
05.25.2002-21:00:00,05,25,2002,21,1.39e+05
05.26.2002-00:00:00,05,26,2002,00,1.4546e+05
05.26.2002-03:00:00,05,26,2002,03,1.4702e+05
05.26.2002-06:00:00,05,26,2002,06,1.4424e+05
05.26.2002-09:00:00,05,26,2002,09,1.3975e+05
05.26.2002-12:00:00,05,26,2002,12,1.3751e+05
05.26.2002-15:00:00,05,26,2002,15,1.3978e+05
05.26.2002-18:00:00,05,26,2002,18,1.4782e+05
05.26.2002-21:00:00,05,26,2002,21,1.5756e+05
05.27.2002-00:00:00,05,27,2002,00,1.6466e+05
05.27.2002-03:00:00,05,27,2002,03,1.6619e+05
05.27.2002-06:00:00,05,27,2002,06,1.632e+05
05.27.2002-09:00:00,05,27,2002,09,1.5822e+05
05.27.2002-12:00:00,05,27,2002,12,1.5595e+05
05.27.2002-15:00:00,05,27,2002,15,1.5891e+05
05.27.2002-18:00:00,05,27,2002,18,1.6843e+05
05.27.2002-21:00:00,05,27,2002,21,1.8024e+05
05.28.2002-00:00:00,05,28,2002,00,1.8975e+05
05.28.2002-03:00:00,05,28,2002,03,1.9391e+05
05.28.2002-06:00:00,05,28,2002,06,1.9365e+05
05.28.2002-09:00:00,05,28,2002,09,1.9163e+05
05.28.2002-12:00:00,05,28,2002,12,1.9278e+05
05.28.2002-15:00:00,05,28,2002,15,1.9928e+05
05.28.2002-18:00:00,05,28,2002,18,2.12e+05
05.28.2002-21:00:00,05,28,2002,21,2.2674e+05
05.29.2002-00:00:00,05,29,2002,00,2.3872e+05
05.29.2002-03:00:00,05,29,2002,03,2.4472e+05
05.29.2002-06:00:00,05,29,2002,06,2.4433e+05
05.29.2002-09:00:00,05,29,2002,09,2.4017e+05
05.29.2002-12:00:00,05,29,2002,12,2.3679e+05
05.29.2002-15:00:00,05,29,2002,15,2.3759e+05
05.29.2002-18:00:00,05,29,2002,18,2.4428e+05
05.29.2002-21:00:00,05,29,2002,21,2.5308e+05
05.30.2002-00:00:00,05,30,2002,00,2.5976e+05
05.30.2002-03:00:00,05,30,2002,03,2.6043e+05
05.30.2002-06:00:00,05,30,2002,06,2.5541e+05
05.30.2002-09:00:00,05,30,2002,09,2.4674e+05
05.30.2002-12:00:00,05,30,2002,12,2.3954e+05
05.30.2002-15:00:00,05,30,2002,15,2.3725e+05
05.30.2002-18:00:00,05,30,2002,18,2.4205e+05
05.30.2002-21:00:00,05,30,2002,21,2.5055e+05
05.31.2002-00:00:00,05,31,2002,00,2.5757e+05
05.31.2002-03:00:00,05,31,2002,03,2.5935e+05
05.31.2002-06:00:00,05,31,2002,06,2.5575e+05
05.31.2002-09:00:00,05,31,2002,09,2.4852e+05
05.31.2002-12:00:00,05,31,2002,12,2.4202e+05
05.31.2002-15:00:00,05,31,2002,15,2.3909e+05
05.31.2002-18:00:00,05,31,2002,18,2.4215e+05
05.31.2002-21:00:00,05,31,2002,21,2.4805e+05
06.01.2002-00:00:00,06,01,2002,00,2.5318e+05
06.01.2002-03:00:00,06,01,2002,03,2.5378e+05
06.01.2002-06:00:00,06,01,2002,06,2.4976e+05
06.01.2002-09:00:00,06,01,2002,09,2.4277e+05
06.01.2002-12:00:00,06,01,2002,12,2.3736e+05
06.01.2002-15:00:00,06,01,2002,15,2.3645e+05
06.01.2002-18:00:00,06,01,2002,18,2.4216e+05
06.01.2002-21:00:00,06,01,2002,21,2.5119e+05
06.02.2002-00:00:00,06,02,2002,00,2.5901e+05
06.02.2002-03:00:00,06,02,2002,03,2.6191e+05
06.02.2002-06:00:00,06,02,2002,06,2.5994e+05
06.02.2002-09:00:00,06,02,2002,09,2.5486e+05
06.02.2002-12:00:00,06,02,2002,12,2.513e+05
06.02.2002-15:00:00,06,02,2002,15,2.5195e+05
06.02.2002-18:00:00,06,02,2002,18,2.5837e+05
06.02.2002-21:00:00,06,02,2002,21,2.6761e+05
06.03.2002-00:00:00,06,03,2002,00,2.7493e+05
06.03.2002-03:00:00,06,03,2002,03,2.7741e+05
06.03.2002-06:00:00,06,03,2002,06,2.7454e+05
06.03.2002-09:00:00,06,03,2002,09,2.6818e+05
06.03.2002-12:00:00,06,03,2002,12,2.6203e+05
06.03.2002-15:00:00,06,03,2002,15,2.5982e+05
06.03.2002-18:00:00,06,03,2002,18,2.6314e+05
06.03.2002-21:00:00,06,03,2002,21,2.6918e+05
06.04.2002-00:00:00,06,04,2002,00,2.7448e+05
06.04.2002-03:00:00,06,04,2002,03,2.7592e+05
06.04.2002-06:00:00,06,04,2002,06,2.7324e+05
06.04.2002-09:00:00,06,04,2002,09,2.6852e+05
06.04.2002-12:00:00,06,04,2002,12,2.6515e+05
06.04.2002-15:00:00,06,04,2002,15,2.6554e+05
06.04.2002-18:00:00,06,04,2002,18,2.7107e+05
06.04.2002-21:00:00,06,04,2002,21,2.7876e+05
06.05.2002-00:00:00,06,05,2002,00,2.8559e+05
06.05.2002-03:00:00,06,05,2002,03,2.8894e+05
06.05.2002-06:00:00,06,05,2002,06,2.8835e+05
06.05.2002-09:00:00,06,05,2002,09,2.8479e+05
06.05.2002-12:00:00,06,05,2002,12,2.8164e+05
06.05.2002-15:00:00,06,05,2002,15,2.808e+05
06.05.2002-18:00:00,06,05,2002,18,2.8392e+05
06.05.2002-21:00:00,06,05,2002,21,2.8884e+05
06.06.2002-00:00:00,06,06,2002,00,2.9249e+05
06.06.2002-03:00:00,06,06,2002,03,2.928e+05
06.06.2002-06:00:00,06,06,2002,06,2.8929e+05
06.06.2002-09:00:00,06,06,2002,09,2.8243e+05
06.06.2002-12:00:00,06,06,2002,12,2.7445e+05
06.06.2002-15:00:00,06,06,2002,15,2.6697e+05
06.06.2002-18:00:00,06,06,2002,18,2.6163e+05
06.06.2002-21:00:00,06,06,2002,21,2.5714e+05
06.07.2002-00:00:00,06,07,2002,00,2.5263e+05
06.07.2002-03:00:00,06,07,2002,03,2.4622e+05
06.07.2002-06:00:00,06,07,2002,06,2.3823e+05
06.07.2002-09:00:00,06,07,2002,09,2.2816e+05
06.07.2002-12:00:00,06,07,2002,12,2.1825e+05
06.07.2002-15:00:00,06,07,2002,15,2.0859e+05
06.07.2002-18:00:00,06,07,2002,18,2.0152e+05
06.07.2002-21:00:00,06,07,2002,21,1.9606e+05
06.08.2002-00:00:00,06,08,2002,00,1.9133e+05
06.08.2002-03:00:00,06,08,2002,03,1.8579e+05
06.08.2002-06:00:00,06,08,2002,06,1.7992e+05
06.08.2002-09:00:00,06,08,2002,09,1.7295e+05
06.08.2002-12:00:00,06,08,2002,12,1.6624e+05
06.08.2002-15:00:00,06,08,2002,15,1.5946e+05
06.08.2002-18:00:00,06,08,2002,18,1.5347e+05
06.08.2002-21:00:00,06,08,2002,21,1.4848e+05
06.09.2002-00:00:00,06,09,2002,00,1.4471e+05
06.09.2002-03:00:00,06,09,2002,03,1.4134e+05
06.09.2002-06:00:00,06,09,2002,06,1.3806e+05
06.09.2002-09:00:00,06,09,2002,09,1.3524e+05
06.09.2002-12:00:00,06,09,2002,12,1.3443e+05
06.09.2002-15:00:00,06,09,2002,15,1.3641e+05
06.09.2002-18:00:00,06,09,2002,18,1.4233e+05
06.09.2002-21:00:00,06,09,2002,21,1.4997e+05
06.10.2002-00:00:00,06,10,2002,00,1.5687e+05
06.10.2002-03:00:00,06,10,2002,03,1.6097e+05
06.10.2002-06:00:00,06,10,2002,06,1.6221e+05
06.10.2002-09:00:00,06,10,2002,09,1.617e+05
06.10.2002-12:00:00,06,10,2002,12,1.6164e+05
06.10.2002-15:00:00,06,10,2002,15,1.6371e+05
06.10.2002-18:00:00,06,10,2002,18,1.6949e+05
06.10.2002-21:00:00,06,10,2002,21,1.7651e+05
06.11.2002-00:00:00,06,11,2002,00,1.8266e+05
06.11.2002-03:00:00,06,11,2002,03,1.8592e+05
06.11.2002-06:00:00,06,11,2002,06,1.8624e+05
06.11.2002-09:00:00,06,11,2002,09,1.8407e+05
06.11.2002-12:00:00,06,11,2002,12,1.8135e+05
06.11.2002-15:00:00,06,11,2002,15,1.7962e+05
06.11.2002-18:00:00,06,11,2002,18,1.8023e+05
06.11.2002-21:00:00,06,11,2002,21,1.8198e+05
06.12.2002-00:00:00,06,12,2002,00,1.8328e+05
06.12.2002-03:00:00,06,12,2002,03,1.8284e+05
06.12.2002-06:00:00,06,12,2002,06,1.804e+05
06.12.2002-09:00:00,06,12,2002,09,1.768e+05
06.12.2002-12:00:00,06,12,2002,12,1.7372e+05
06.12.2002-15:00:00,06,12,2002,15,1.7264e+05
06.12.2002-18:00:00,06,12,2002,18,1.745e+05
06.12.2002-21:00:00,06,12,2002,21,1.7794e+05
06.13.2002-00:00:00,06,13,2002,00,1.8097e+05
06.13.2002-03:00:00,06,13,2002,03,1.824e+05
06.13.2002-06:00:00,06,13,2002,06,1.816e+05
06.13.2002-09:00:00,06,13,2002,09,1.7937e+05
06.13.2002-12:00:00,06,13,2002,12,1.7666e+05
06.13.2002-15:00:00,06,13,2002,15,1.752e+05
06.13.2002-18:00:00,06,13,2002,18,1.7567e+05
06.13.2002-21:00:00,06,13,2002,21,1.775e+05
06.14.2002-00:00:00,06,14,2002,00,1.7904e+05
06.14.2002-03:00:00,06,14,2002,03,1.7917e+05
06.14.2002-06:00:00,06,14,2002,06,1.7771e+05
06.14.2002-09:00:00,06,14,2002,09,1.7521e+05
06.14.2002-12:00:00,06,14,2002,12,1.7227e+05
06.14.2002-15:00:00,06,14,2002,15,1.7053e+05
06.14.2002-18:00:00,06,14,2002,18,1.7057e+05
06.14.2002-21:00:00,06,14,2002,21,1.7181e+05
06.15.2002-00:00:00,06,15,2002,00,1.732e+05
06.15.2002-03:00:00,06,15,2002,03,1.7386e+05
06.15.2002-06:00:00,06,15,2002,06,1.7335e+05
06.15.2002-09:00:00,06,15,2002,09,1.7168e+05
06.15.2002-12:00:00,06,15,2002,12,1.6962e+05
06.15.2002-15:00:00,06,15,2002,15,1.6793e+05
06.15.2002-18:00:00,06,15,2002,18,1.6725e+05
06.15.2002-21:00:00,06,15,2002,21,1.676e+05
06.16.2002-00:00:00,06,16,2002,00,1.6823e+05
06.16.2002-03:00:00,06,16,2002,03,1.6875e+05
06.16.2002-06:00:00,06,16,2002,06,1.6824e+05
06.16.2002-09:00:00,06,16,2002,09,1.6666e+05
06.16.2002-12:00:00,06,16,2002,12,1.6398e+05
06.16.2002-15:00:00,06,16,2002,15,1.6069e+05
06.16.2002-18:00:00,06,16,2002,18,1.5761e+05
06.16.2002-21:00:00,06,16,2002,21,1.5518e+05
06.17.2002-00:00:00,06,17,2002,00,1.5338e+05
06.17.2002-03:00:00,06,17,2002,03,1.5204e+05
06.17.2002-06:00:00,06,17,2002,06,1.5077e+05
06.17.2002-09:00:00,06,17,2002,09,1.4897e+05
06.17.2002-12:00:00,06,17,2002,12,1.4647e+05
06.17.2002-15:00:00,06,17,2002,15,1.4342e+05
06.17.2002-18:00:00,06,17,2002,18,1.4006e+05
06.17.2002-21:00:00,06,17,2002,21,1.3695e+05
06.18.2002-00:00:00,06,18,2002,00,1.3422e+05
06.18.2002-03:00:00,06,18,2002,03,1.32e+05
06.18.2002-06:00:00,06,18,2002,06,1.2997e+05
06.18.2002-09:00:00,06,18,2002,09,1.278e+05
06.18.2002-12:00:00,06,18,2002,12,1.2508e+05
06.18.2002-15:00:00,06,18,2002,15,1.2193e+05
06.18.2002-18:00:00,06,18,2002,18,1.1859e+05
06.18.2002-21:00:00,06,18,2002,21,1.1566e+05
06.19.2002-00:00:00,06,19,2002,00,1.1329e+05
06.19.2002-03:00:00,06,19,2002,03,1.116e+05
06.19.2002-06:00:00,06,19,2002,06,1.1002e+05
06.19.2002-09:00:00,06,19,2002,09,1.0822e+05
06.19.2002-12:00:00,06,19,2002,12,1.0562e+05
06.19.2002-15:00:00,06,19,2002,15,1.0237e+05
06.19.2002-18:00:00,06,19,2002,18,98934
06.19.2002-21:00:00,06,19,2002,21,96192
06.20.2002-00:00:00,06,20,2002,00,94401
06.20.2002-03:00:00,06,20,2002,03,93694
06.20.2002-06:00:00,06,20,2002,06,93341
06.20.2002-09:00:00,06,20,2002,09,92759
06.20.2002-12:00:00,06,20,2002,12,91278
06.20.2002-15:00:00,06,20,2002,15,88825
06.20.2002-18:00:00,06,20,2002,18,85901
06.20.2002-21:00:00,06,20,2002,21,83570
06.21.2002-00:00:00,06,21,2002,00,82263
06.21.2002-03:00:00,06,21,2002,03,82021
06.21.2002-06:00:00,06,21,2002,06,82224
06.21.2002-09:00:00,06,21,2002,09,82042
06.21.2002-12:00:00,06,21,2002,12,80838
06.21.2002-15:00:00,06,21,2002,15,78452
06.21.2002-18:00:00,06,21,2002,18,75704
06.21.2002-21:00:00,06,21,2002,21,73565
06.22.2002-00:00:00,06,22,2002,00,72540
06.22.2002-03:00:00,06,22,2002,03,72722
06.22.2002-06:00:00,06,22,2002,06,73340
06.22.2002-09:00:00,06,22,2002,09,73607
06.22.2002-12:00:00,06,22,2002,12,72917
06.22.2002-15:00:00,06,22,2002,15,71250
06.22.2002-18:00:00,06,22,2002,18,69103
06.22.2002-21:00:00,06,22,2002,21,67423
06.23.2002-00:00:00,06,23,2002,00,66747
06.23.2002-03:00:00,06,23,2002,03,67043
06.23.2002-06:00:00,06,23,2002,06,67702
06.23.2002-09:00:00,06,23,2002,09,67961
06.23.2002-12:00:00,06,23,2002,12,67195
06.23.2002-15:00:00,06,23,2002,15,65423
06.23.2002-18:00:00,06,23,2002,18,63289
06.23.2002-21:00:00,06,23,2002,21,61670
06.24.2002-00:00:00,06,24,2002,00,61050
06.24.2002-03:00:00,06,24,2002,03,61419
06.24.2002-06:00:00,06,24,2002,06,62121
06.24.2002-09:00:00,06,24,2002,09,62275
06.24.2002-12:00:00,06,24,2002,12,61506
06.24.2002-15:00:00,06,24,2002,15,59782
06.24.2002-18:00:00,06,24,2002,18,57673
06.24.2002-21:00:00,06,24,2002,21,56105
06.25.2002-00:00:00,06,25,2002,00,55535
06.25.2002-03:00:00,06,25,2002,03,55910
06.25.2002-06:00:00,06,25,2002,06,56518
06.25.2002-09:00:00,06,25,2002,09,56585
06.25.2002-12:00:00,06,25,2002,12,55685
06.25.2002-15:00:00,06,25,2002,15,53886
06.25.2002-18:00:00,06,25,2002,18,51777
06.25.2002-21:00:00,06,25,2002,21,50293
06.26.2002-00:00:00,06,26,2002,00,49838
06.26.2002-03:00:00,06,26,2002,03,50346
06.26.2002-06:00:00,06,26,2002,06,51049
06.26.2002-09:00:00,06,26,2002,09,51249
06.26.2002-12:00:00,06,26,2002,12,50599
06.26.2002-15:00:00,06,26,2002,15,49151
06.26.2002-18:00:00,06,26,2002,18,47502
06.26.2002-21:00:00,06,26,2002,21,46405
06.27.2002-00:00:00,06,27,2002,00,46164
06.27.2002-03:00:00,06,27,2002,03,46618
06.27.2002-06:00:00,06,27,2002,06,47133
06.27.2002-09:00:00,06,27,2002,09,46978
06.27.2002-12:00:00,06,27,2002,12,45902
06.27.2002-15:00:00,06,27,2002,15,44056
06.27.2002-18:00:00,06,27,2002,18,42135
06.27.2002-21:00:00,06,27,2002,21,40937
06.28.2002-00:00:00,06,28,2002,00,40854
06.28.2002-03:00:00,06,28,2002,03,41700
06.28.2002-06:00:00,06,28,2002,06,42868
06.28.2002-09:00:00,06,28,2002,09,43679
06.28.2002-12:00:00,06,28,2002,12,43839
06.28.2002-15:00:00,06,28,2002,15,43381
06.28.2002-18:00:00,06,28,2002,18,42701
06.28.2002-21:00:00,06,28,2002,21,42386
06.29.2002-00:00:00,06,29,2002,00,42774
06.29.2002-03:00:00,06,29,2002,03,43806
06.29.2002-06:00:00,06,29,2002,06,45140
06.29.2002-09:00:00,06,29,2002,09,46269
06.29.2002-12:00:00,06,29,2002,12,46896
06.29.2002-15:00:00,06,29,2002,15,46965
06.29.2002-18:00:00,06,29,2002,18,46753
06.29.2002-21:00:00,06,29,2002,21,46629
06.30.2002-00:00:00,06,30,2002,00,46768
06.30.2002-03:00:00,06,30,2002,03,47127
06.30.2002-06:00:00,06,30,2002,06,47276
06.30.2002-09:00:00,06,30,2002,09,46836
06.30.2002-12:00:00,06,30,2002,12,45770
06.30.2002-15:00:00,06,30,2002,15,44237
06.30.2002-18:00:00,06,30,2002,18,42656
06.30.2002-21:00:00,06,30,2002,21,41521
07.01.2002-00:00:00,07,01,2002,00,41064
07.01.2002-03:00:00,07,01,2002,03,41187
07.01.2002-06:00:00,07,01,2002,06,41451
07.01.2002-09:00:00,07,01,2002,09,41350
07.01.2002-12:00:00,07,01,2002,12,40599
07.01.2002-15:00:00,07,01,2002,15,39257
07.01.2002-18:00:00,07,01,2002,18,37781
07.01.2002-21:00:00,07,01,2002,21,36825
07.02.2002-00:00:00,07,02,2002,00,36661
07.02.2002-03:00:00,07,02,2002,03,37158
07.02.2002-06:00:00,07,02,2002,06,37788
07.02.2002-09:00:00,07,02,2002,09,37952
07.02.2002-12:00:00,07,02,2002,12,37323
07.02.2002-15:00:00,07,02,2002,15,35999
07.02.2002-18:00:00,07,02,2002,18,34517
07.02.2002-21:00:00,07,02,2002,21,33603
07.03.2002-00:00:00,07,03,2002,00,33533
07.03.2002-03:00:00,07,03,2002,03,34134
07.03.2002-06:00:00,07,03,2002,06,34843
07.03.2002-09:00:00,07,03,2002,09,35051
07.03.2002-12:00:00,07,03,2002,12,34475
07.03.2002-15:00:00,07,03,2002,15,33261
07.03.2002-18:00:00,07,03,2002,18,31943
07.03.2002-21:00:00,07,03,2002,21,31193
07.04.2002-00:00:00,07,04,2002,00,31255
07.04.2002-03:00:00,07,04,2002,03,31977
07.04.2002-06:00:00,07,04,2002,06,32848
07.04.2002-09:00:00,07,04,2002,09,33294
07.04.2002-12:00:00,07,04,2002,12,33013
07.04.2002-15:00:00,07,04,2002,15,32096
07.04.2002-18:00:00,07,04,2002,18,31020
07.04.2002-21:00:00,07,04,2002,21,30422
07.05.2002-00:00:00,07,05,2002,00,30536
07.05.2002-03:00:00,07,05,2002,03,31240
07.05.2002-06:00:00,07,05,2002,06,32037
07.05.2002-09:00:00,07,05,2002,09,32342
07.05.2002-12:00:00,07,05,2002,12,31840
07.05.2002-15:00:00,07,05,2002,15,30603
07.05.2002-18:00:00,07,05,2002,18,29201
07.05.2002-21:00:00,07,05,2002,21,28391
07.06.2002-00:00:00,07,06,2002,00,28440
07.06.2002-03:00:00,07,06,2002,03,29166
07.06.2002-06:00:00,07,06,2002,06,29977
07.06.2002-09:00:00,07,06,2002,09,30232
07.06.2002-12:00:00,07,06,2002,12,29637
07.06.2002-15:00:00,07,06,2002,15,28316
07.06.2002-18:00:00,07,06,2002,18,26877
07.06.2002-21:00:00,07,06,2002,21,26097
07.07.2002-00:00:00,07,07,2002,00,26229
07.07.2002-03:00:00,07,07,2002,03,27045
07.07.2002-06:00:00,07,07,2002,06,27931
07.07.2002-09:00:00,07,07,2002,09,28254
07.07.2002-12:00:00,07,07,2002,12,27729
07.07.2002-15:00:00,07,07,2002,15,26507
07.07.2002-18:00:00,07,07,2002,18,25189
07.07.2002-21:00:00,07,07,2002,21,24515
07.08.2002-00:00:00,07,08,2002,00,25431
07.08.2002-03:00:00,07,08,2002,03,27969
07.08.2002-06:00:00,07,08,2002,06,32177
07.08.2002-09:00:00,07,08,2002,09,37014
07.08.2002-12:00:00,07,08,2002,12,41233
07.08.2002-15:00:00,07,08,2002,15,44154
07.08.2002-18:00:00,07,08,2002,18,46138
07.08.2002-21:00:00,07,08,2002,21,48029
07.09.2002-00:00:00,07,09,2002,00,49515
07.09.2002-03:00:00,07,09,2002,03,50335
07.09.2002-06:00:00,07,09,2002,06,49276
07.09.2002-09:00:00,07,09,2002,09,46254
07.09.2002-12:00:00,07,09,2002,12,42061
07.09.2002-15:00:00,07,09,2002,15,37594
07.09.2002-18:00:00,07,09,2002,18,33671
07.09.2002-21:00:00,07,09,2002,21,30963
07.10.2002-00:00:00,07,10,2002,00,29587
07.10.2002-03:00:00,07,10,2002,03,29225
07.10.2002-06:00:00,07,10,2002,06,29174
07.10.2002-09:00:00,07,10,2002,09,28779
07.10.2002-12:00:00,07,10,2002,12,27759
07.10.2002-15:00:00,07,10,2002,15,26184
07.10.2002-18:00:00,07,10,2002,18,24639
07.10.2002-21:00:00,07,10,2002,21,23754
07.11.2002-00:00:00,07,11,2002,00,23732
07.11.2002-03:00:00,07,11,2002,03,24369
07.11.2002-06:00:00,07,11,2002,06,25036
07.11.2002-09:00:00,07,11,2002,09,25226
07.11.2002-12:00:00,07,11,2002,12,24836
07.11.2002-15:00:00,07,11,2002,15,23830
07.11.2002-18:00:00,07,11,2002,18,22912
07.11.2002-21:00:00,07,11,2002,21,22472
07.12.2002-00:00:00,07,12,2002,00,22624
07.12.2002-03:00:00,07,12,2002,03,23240
07.12.2002-06:00:00,07,12,2002,06,23818
07.12.2002-09:00:00,07,12,2002,09,23917
07.12.2002-12:00:00,07,12,2002,12,23441
07.12.2002-15:00:00,07,12,2002,15,22376
07.12.2002-18:00:00,07,12,2002,18,21409
07.12.2002-21:00:00,07,12,2002,21,20957
07.13.2002-00:00:00,07,13,2002,00,21136
07.13.2002-03:00:00,07,13,2002,03,21788
07.13.2002-06:00:00,07,13,2002,06,22416
07.13.2002-09:00:00,07,13,2002,09,22570
07.13.2002-12:00:00,07,13,2002,12,22090
07.13.2002-15:00:00,07,13,2002,15,21128
07.13.2002-18:00:00,07,13,2002,18,20198
07.13.2002-21:00:00,07,13,2002,21,19775
07.14.2002-00:00:00,07,14,2002,00,19982
07.14.2002-03:00:00,07,14,2002,03,20646
07.14.2002-06:00:00,07,14,2002,06,21272
07.14.2002-09:00:00,07,14,2002,09,21354
07.14.2002-12:00:00,07,14,2002,12,20722
07.14.2002-15:00:00,07,14,2002,15,19584
07.14.2002-18:00:00,07,14,2002,18,18457
07.14.2002-21:00:00,07,14,2002,21,17934
07.15.2002-00:00:00,07,15,2002,00,18185
07.15.2002-03:00:00,07,15,2002,03,19019
07.15.2002-06:00:00,07,15,2002,06,19877
07.15.2002-09:00:00,07,15,2002,09,20194
07.15.2002-12:00:00,07,15,2002,12,19769
07.15.2002-15:00:00,07,15,2002,15,18769
07.15.2002-18:00:00,07,15,2002,18,17724
07.15.2002-21:00:00,07,15,2002,21,17242
07.16.2002-00:00:00,07,16,2002,00,17501
07.16.2002-03:00:00,07,16,2002,03,18312
07.16.2002-06:00:00,07,16,2002,06,19123
07.16.2002-09:00:00,07,16,2002,09,19395
07.16.2002-12:00:00,07,16,2002,12,18956
07.16.2002-15:00:00,07,16,2002,15,17974
07.16.2002-18:00:00,07,16,2002,18,16965
07.16.2002-21:00:00,07,16,2002,21,16506
07.17.2002-00:00:00,07,17,2002,00,16758
07.17.2002-03:00:00,07,17,2002,03,17528
07.17.2002-06:00:00,07,17,2002,06,18284
07.17.2002-09:00:00,07,17,2002,09,18519
07.17.2002-12:00:00,07,17,2002,12,18079
07.17.2002-15:00:00,07,17,2002,15,17141
07.17.2002-18:00:00,07,17,2002,18,16193
07.17.2002-21:00:00,07,17,2002,21,15772
07.18.2002-00:00:00,07,18,2002,00,16024
07.18.2002-03:00:00,07,18,2002,03,16768
07.18.2002-06:00:00,07,18,2002,06,17492
07.18.2002-09:00:00,07,18,2002,09,17703
07.18.2002-12:00:00,07,18,2002,12,17248
07.18.2002-15:00:00,07,18,2002,15,16308
07.18.2002-18:00:00,07,18,2002,18,15376
07.18.2002-21:00:00,07,18,2002,21,14964
07.19.2002-00:00:00,07,19,2002,00,15221
07.19.2002-03:00:00,07,19,2002,03,15975
07.19.2002-06:00:00,07,19,2002,06,16744
07.19.2002-09:00:00,07,19,2002,09,17038
07.19.2002-12:00:00,07,19,2002,12,16686
07.19.2002-15:00:00,07,19,2002,15,15848
07.19.2002-18:00:00,07,19,2002,18,14991
07.19.2002-21:00:00,07,19,2002,21,14616
07.20.2002-00:00:00,07,20,2002,00,14878
07.20.2002-03:00:00,07,20,2002,03,15619
07.20.2002-06:00:00,07,20,2002,06,16357
07.20.2002-09:00:00,07,20,2002,09,16609
07.20.2002-12:00:00,07,20,2002,12,16209
07.20.2002-15:00:00,07,20,2002,15,15306
07.20.2002-18:00:00,07,20,2002,18,14397
07.20.2002-21:00:00,07,20,2002,21,13984
07.21.2002-00:00:00,07,21,2002,00,14216
07.21.2002-03:00:00,07,21,2002,03,14932
07.21.2002-06:00:00,07,21,2002,06,15652
07.21.2002-09:00:00,07,21,2002,09,15901
07.21.2002-12:00:00,07,21,2002,12,15511
07.21.2002-15:00:00,07,21,2002,15,14627
07.21.2002-18:00:00,07,21,2002,18,13737
07.21.2002-21:00:00,07,21,2002,21,13344
07.22.2002-00:00:00,07,22,2002,00,13579
07.22.2002-03:00:00,07,22,2002,03,14294
07.22.2002-06:00:00,07,22,2002,06,15017
07.22.2002-09:00:00,07,22,2002,09,15294
07.22.2002-12:00:00,07,22,2002,12,14956
07.22.2002-15:00:00,07,22,2002,15,14127
07.22.2002-18:00:00,07,22,2002,18,13285
07.22.2002-21:00:00,07,22,2002,21,12921
07.23.2002-00:00:00,07,23,2002,00,13149
07.23.2002-03:00:00,07,23,2002,03,13831
07.23.2002-06:00:00,07,23,2002,06,14513
07.23.2002-09:00:00,07,23,2002,09,14775
07.23.2002-12:00:00,07,23,2002,12,14461
07.23.2002-15:00:00,07,23,2002,15,13677
07.23.2002-18:00:00,07,23,2002,18,12892
07.23.2002-21:00:00,07,23,2002,21,12561
07.24.2002-00:00:00,07,24,2002,00,12775
07.24.2002-03:00:00,07,24,2002,03,13398
07.24.2002-06:00:00,07,24,2002,06,14000
07.24.2002-09:00:00,07,24,2002,09,14194
07.24.2002-12:00:00,07,24,2002,12,13839
07.24.2002-15:00:00,07,24,2002,15,13061
07.24.2002-18:00:00,07,24,2002,18,12298
07.24.2002-21:00:00,07,24,2002,21,11979
07.25.2002-00:00:00,07,25,2002,00,12186
07.25.2002-03:00:00,07,25,2002,03,12776
07.25.2002-06:00:00,07,25,2002,06,13367
07.25.2002-09:00:00,07,25,2002,09,13607
07.25.2002-12:00:00,07,25,2002,12,13363
07.25.2002-15:00:00,07,25,2002,15,12763
07.25.2002-18:00:00,07,25,2002,18,12168
07.25.2002-21:00:00,07,25,2002,21,11931
07.26.2002-00:00:00,07,26,2002,00,12140
07.26.2002-03:00:00,07,26,2002,03,12681
07.26.2002-06:00:00,07,26,2002,06,13206
07.26.2002-09:00:00,07,26,2002,09,13364
07.26.2002-12:00:00,07,26,2002,12,13023
07.26.2002-15:00:00,07,26,2002,15,12319
07.26.2002-18:00:00,07,26,2002,18,11618
07.26.2002-21:00:00,07,26,2002,21,11322
07.27.2002-00:00:00,07,27,2002,00,11522
07.27.2002-03:00:00,07,27,2002,03,12096
07.27.2002-06:00:00,07,27,2002,06,12695
07.27.2002-09:00:00,07,27,2002,09,12967
07.27.2002-12:00:00,07,27,2002,12,12767
07.27.2002-15:00:00,07,27,2002,15,12200
07.27.2002-18:00:00,07,27,2002,18,11607
07.27.2002-21:00:00,07,27,2002,21,11361
07.28.2002-00:00:00,07,28,2002,00,11552
07.28.2002-03:00:00,07,28,2002,03,12067
07.28.2002-06:00:00,07,28,2002,06,12612
07.28.2002-09:00:00,07,28,2002,09,12903
07.28.2002-12:00:00,07,28,2002,12,12843
07.28.2002-15:00:00,07,28,2002,15,12518
07.28.2002-18:00:00,07,28,2002,18,12166
07.28.2002-21:00:00,07,28,2002,21,12038
07.29.2002-00:00:00,07,29,2002,00,12208
07.29.2002-03:00:00,07,29,2002,03,12587
07.29.2002-06:00:00,07,29,2002,06,12961
07.29.2002-09:00:00,07,29,2002,09,13118
07.29.2002-12:00:00,07,29,2002,12,12988
07.29.2002-15:00:00,07,29,2002,15,12655
07.29.2002-18:00:00,07,29,2002,18,12319
07.29.2002-21:00:00,07,29,2002,21,12186
07.30.2002-00:00:00,07,30,2002,00,12320
07.30.2002-03:00:00,07,30,2002,03,12640
07.30.2002-06:00:00,07,30,2002,06,12920
07.30.2002-09:00:00,07,30,2002,09,12921
07.30.2002-12:00:00,07,30,2002,12,12555
07.30.2002-15:00:00,07,30,2002,15,11927
07.30.2002-18:00:00,07,30,2002,18,11321
07.30.2002-21:00:00,07,30,2002,21,11042
07.31.2002-00:00:00,07,31,2002,00,11171
07.31.2002-03:00:00,07,31,2002,03,11609
07.31.2002-06:00:00,07,31,2002,06,12059
07.31.2002-09:00:00,07,31,2002,09,12202
07.31.2002-12:00:00,07,31,2002,12,11913
07.31.2002-15:00:00,07,31,2002,15,11286
07.31.2002-18:00:00,07,31,2002,18,10638
07.31.2002-21:00:00,07,31,2002,21,10336
08.01.2002-00:00:00,08,01,2002,00,10487
08.01.2002-03:00:00,08,01,2002,03,10982
08.01.2002-06:00:00,08,01,2002,06,11514
08.01.2002-09:00:00,08,01,2002,09,11740
08.01.2002-12:00:00,08,01,2002,12,11530
08.01.2002-15:00:00,08,01,2002,15,10961
08.01.2002-18:00:00,08,01,2002,18,10326
08.01.2002-21:00:00,08,01,2002,21,10024
08.02.2002-00:00:00,08,02,2002,00,10159
08.02.2002-03:00:00,08,02,2002,03,10611
08.02.2002-06:00:00,08,02,2002,06,11089
08.02.2002-09:00:00,08,02,2002,09,11263
08.02.2002-12:00:00,08,02,2002,12,11025
08.02.2002-15:00:00,08,02,2002,15,10471
08.02.2002-18:00:00,08,02,2002,18,9874.3
08.02.2002-21:00:00,08,02,2002,21,9611
08.03.2002-00:00:00,08,03,2002,00,9770.1
08.03.2002-03:00:00,08,03,2002,03,10252
08.03.2002-06:00:00,08,03,2002,06,10784
08.03.2002-09:00:00,08,03,2002,09,11046
08.03.2002-12:00:00,08,03,2002,12,10916
08.03.2002-15:00:00,08,03,2002,15,10449
08.03.2002-18:00:00,08,03,2002,18,9906.9
08.03.2002-21:00:00,08,03,2002,21,9652.9
08.04.2002-00:00:00,08,04,2002,00,9787.2
08.04.2002-03:00:00,08,04,2002,03,10200
08.04.2002-06:00:00,08,04,2002,06,10627
08.04.2002-09:00:00,08,04,2002,09,10778
08.04.2002-12:00:00,08,04,2002,12,10559
08.04.2002-15:00:00,08,04,2002,15,10061
08.04.2002-18:00:00,08,04,2002,18,9531.1
08.04.2002-21:00:00,08,04,2002,21,9300.4
08.05.2002-00:00:00,08,05,2002,00,9449.7
08.05.2002-03:00:00,08,05,2002,03,9891.3
08.05.2002-06:00:00,08,05,2002,06,10383
08.05.2002-09:00:00,08,05,2002,09,10632
08.05.2002-12:00:00,08,05,2002,12,10523
08.05.2002-15:00:00,08,05,2002,15,10101
08.05.2002-18:00:00,08,05,2002,18,9603.6
08.05.2002-21:00:00,08,05,2002,21,9364.1
08.06.2002-00:00:00,08,06,2002,00,9483
08.06.2002-03:00:00,08,06,2002,03,9869
08.06.2002-06:00:00,08,06,2002,06,10291
08.06.2002-09:00:00,08,06,2002,09,10495
08.06.2002-12:00:00,08,06,2002,12,10394
08.06.2002-15:00:00,08,06,2002,15,10035
08.06.2002-18:00:00,08,06,2002,18,9641.2
08.06.2002-21:00:00,08,06,2002,21,9488
08.07.2002-00:00:00,08,07,2002,00,9642.7
08.07.2002-03:00:00,08,07,2002,03,10024
08.07.2002-06:00:00,08,07,2002,06,10395
08.07.2002-09:00:00,08,07,2002,09,10497
08.07.2002-12:00:00,08,07,2002,12,10256
08.07.2002-15:00:00,08,07,2002,15,9733.4
08.07.2002-18:00:00,08,07,2002,18,9169.2
08.07.2002-21:00:00,08,07,2002,21,8877.9
08.08.2002-00:00:00,08,08,2002,00,8951.1
08.08.2002-03:00:00,08,08,2002,03,9291.8
08.08.2002-06:00:00,08,08,2002,06,9646.8
08.08.2002-09:00:00,08,08,2002,09,9738.8
08.08.2002-12:00:00,08,08,2002,12,9483.9
08.08.2002-15:00:00,08,08,2002,15,8955.8
08.08.2002-18:00:00,08,08,2002,18,8388.4
08.08.2002-21:00:00,08,08,2002,21,8098.1
08.09.2002-00:00:00,08,09,2002,00,8183.5
08.09.2002-03:00:00,08,09,2002,03,8544.5
08.09.2002-06:00:00,08,09,2002,06,8922.8
08.09.2002-09:00:00,08,09,2002,09,9061.2
08.09.2002-12:00:00,08,09,2002,12,8871.1
08.09.2002-15:00:00,08,09,2002,15,8430.8
08.09.2002-18:00:00,08,09,2002,18,7955.3
08.09.2002-21:00:00,08,09,2002,21,7728.6
08.10.2002-00:00:00,08,10,2002,00,7836.7
08.10.2002-03:00:00,08,10,2002,03,8190.2
08.10.2002-06:00:00,08,10,2002,06,8561.4
08.10.2002-09:00:00,08,10,2002,09,8703.4
08.10.2002-12:00:00,08,10,2002,12,8535.6
08.10.2002-15:00:00,08,10,2002,15,8135.3
08.10.2002-18:00:00,08,10,2002,18,7703.7
08.10.2002-21:00:00,08,10,2002,21,7504.9
08.11.2002-00:00:00,08,11,2002,00,7623.8
08.11.2002-03:00:00,08,11,2002,03,7982
08.11.2002-06:00:00,08,11,2002,06,8358.9
08.11.2002-09:00:00,08,11,2002,09,8503.5
08.11.2002-12:00:00,08,11,2002,12,8338
08.11.2002-15:00:00,08,11,2002,15,7930
08.11.2002-18:00:00,08,11,2002,18,7478.6
08.11.2002-21:00:00,08,11,2002,21,7257.4
08.12.2002-00:00:00,08,12,2002,00,7357.3
08.12.2002-03:00:00,08,12,2002,03,7703.2
08.12.2002-06:00:00,08,12,2002,06,8068
08.12.2002-09:00:00,08,12,2002,09,8205
08.12.2002-12:00:00,08,12,2002,12,8041.7
08.12.2002-15:00:00,08,12,2002,15,7636.5
08.12.2002-18:00:00,08,12,2002,18,7190.1
08.12.2002-21:00:00,08,12,2002,21,6970.8
08.13.2002-00:00:00,08,13,2002,00,7063.9
08.13.2002-03:00:00,08,13,2002,03,7394.2
08.13.2002-06:00:00,08,13,2002,06,7740.2
08.13.2002-09:00:00,08,13,2002,09,7881.1
08.13.2002-12:00:00,08,13,2002,12,7769.9
08.13.2002-15:00:00,08,13,2002,15,7414.3
08.13.2002-18:00:00,08,13,2002,18,7044
08.13.2002-21:00:00,08,13,2002,21,6880
08.14.2002-00:00:00,08,14,2002,00,6980.9
08.14.2002-03:00:00,08,14,2002,03,7272.8
08.14.2002-06:00:00,08,14,2002,06,7565.7
08.14.2002-09:00:00,08,14,2002,09,7662.4
08.14.2002-12:00:00,08,14,2002,12,7503.3
08.14.2002-15:00:00,08,14,2002,15,7151.9
08.14.2002-18:00:00,08,14,2002,18,6786.8
08.14.2002-21:00:00,08,14,2002,21,6623.1
08.15.2002-00:00:00,08,15,2002,00,6724.8
08.15.2002-03:00:00,08,15,2002,03,7035.6
08.15.2002-06:00:00,08,15,2002,06,7365
08.15.2002-09:00:00,08,15,2002,09,7493.9
08.15.2002-12:00:00,08,15,2002,12,7359.3
08.15.2002-15:00:00,08,15,2002,15,7007.7
08.15.2002-18:00:00,08,15,2002,18,6614.6
08.15.2002-21:00:00,08,15,2002,21,6423.5
08.16.2002-00:00:00,08,16,2002,00,6506.9
08.16.2002-03:00:00,08,16,2002,03,6802.4
08.16.2002-06:00:00,08,16,2002,06,7122
08.16.2002-09:00:00,08,16,2002,09,7244.1
08.16.2002-12:00:00,08,16,2002,12,7109.8
08.16.2002-15:00:00,08,16,2002,15,6772.1
08.16.2002-18:00:00,08,16,2002,18,6393.3
08.16.2002-21:00:00,08,16,2002,21,6213.7
08.17.2002-00:00:00,08,17,2002,00,6305.1
08.17.2002-03:00:00,08,17,2002,03,6620
08.17.2002-06:00:00,08,17,2002,06,6985.1
08.17.2002-09:00:00,08,17,2002,09,7174.4
08.17.2002-12:00:00,08,17,2002,12,7115.4
08.17.2002-15:00:00,08,17,2002,15,6827.3
08.17.2002-18:00:00,08,17,2002,18,6467.6
08.17.2002-21:00:00,08,17,2002,21,6283
08.18.2002-00:00:00,08,18,2002,00,6360.8
08.18.2002-03:00:00,08,18,2002,03,6647.2
08.18.2002-06:00:00,08,18,2002,06,6962.9
08.18.2002-09:00:00,08,18,2002,09,7094.2
08.18.2002-12:00:00,08,18,2002,12,6982.9
08.18.2002-15:00:00,08,18,2002,15,6662.7
08.18.2002-18:00:00,08,18,2002,18,6290.9
08.18.2002-21:00:00,08,18,2002,21,6100.7
08.19.2002-00:00:00,08,19,2002,00,6167.1
08.19.2002-03:00:00,08,19,2002,03,6433.3
08.19.2002-06:00:00,08,19,2002,06,6731.9
08.19.2002-09:00:00,08,19,2002,09,6878.8
08.19.2002-12:00:00,08,19,2002,12,6812.3
08.19.2002-15:00:00,08,19,2002,15,6565.2
08.19.2002-18:00:00,08,19,2002,18,6283.7
08.19.2002-21:00:00,08,19,2002,21,6153.9
08.20.2002-00:00:00,08,20,2002,00,6241
08.20.2002-03:00:00,08,20,2002,03,6490.8
08.20.2002-06:00:00,08,20,2002,06,6748.9
08.20.2002-09:00:00,08,20,2002,09,6841.4
08.20.2002-12:00:00,08,20,2002,12,6720.4
08.20.2002-15:00:00,08,20,2002,15,6431.2
08.20.2002-18:00:00,08,20,2002,18,6115.2
08.20.2002-21:00:00,08,20,2002,21,5962.7
08.21.2002-00:00:00,08,21,2002,00,6033.8
08.21.2002-03:00:00,08,21,2002,03,6273.2
08.21.2002-06:00:00,08,21,2002,06,6527.1
08.21.2002-09:00:00,08,21,2002,09,6619
08.21.2002-12:00:00,08,21,2002,12,6502.2
08.21.2002-15:00:00,08,21,2002,15,6217.9
08.21.2002-18:00:00,08,21,2002,18,5902.4
08.21.2002-21:00:00,08,21,2002,21,5748.9
08.22.2002-00:00:00,08,22,2002,00,5816.7
08.22.2002-03:00:00,08,22,2002,03,6053.5
08.22.2002-06:00:00,08,22,2002,06,6308.5
08.22.2002-09:00:00,08,22,2002,09,6405.5
08.22.2002-12:00:00,08,22,2002,12,6300.5
08.22.2002-15:00:00,08,22,2002,15,6028
08.22.2002-18:00:00,08,22,2002,18,5717.9
08.22.2002-21:00:00,08,22,2002,21,5564.5
08.23.2002-00:00:00,08,23,2002,00,5628.5
08.23.2002-03:00:00,08,23,2002,03,5861.2
08.23.2002-06:00:00,08,23,2002,06,6111
08.23.2002-09:00:00,08,23,2002,09,6201.2
08.23.2002-12:00:00,08,23,2002,12,6095.6
08.23.2002-15:00:00,08,23,2002,15,5820.3
08.23.2002-18:00:00,08,23,2002,18,5502.4
08.23.2002-21:00:00,08,23,2002,21,5338.2
08.24.2002-00:00:00,08,24,2002,00,5391.5
08.24.2002-03:00:00,08,24,2002,03,5621.2
08.24.2002-06:00:00,08,24,2002,06,5879.1
08.24.2002-09:00:00,08,24,2002,09,5992.5
08.24.2002-12:00:00,08,24,2002,12,5926.5
08.24.2002-15:00:00,08,24,2002,15,5686.6
08.24.2002-18:00:00,08,24,2002,18,5398.8
08.24.2002-21:00:00,08,24,2002,21,5249.9
08.25.2002-00:00:00,08,25,2002,00,5345.2
08.25.2002-03:00:00,08,25,2002,03,5670.8
08.25.2002-06:00:00,08,25,2002,06,6133.4
08.25.2002-09:00:00,08,25,2002,09,6573.1
08.25.2002-12:00:00,08,25,2002,12,6857.8
08.25.2002-15:00:00,08,25,2002,15,6910.4
08.25.2002-18:00:00,08,25,2002,18,6834.9
08.25.2002-21:00:00,08,25,2002,21,6838.2
08.26.2002-00:00:00,08,26,2002,00,6996.3
08.26.2002-03:00:00,08,26,2002,03,7270.6
08.26.2002-06:00:00,08,26,2002,06,7470.3
08.26.2002-09:00:00,08,26,2002,09,7447
08.26.2002-12:00:00,08,26,2002,12,7208.4
08.26.2002-15:00:00,08,26,2002,15,6801.6
08.26.2002-18:00:00,08,26,2002,18,6371.7
08.26.2002-21:00:00,08,26,2002,21,6110.5
08.27.2002-00:00:00,08,27,2002,00,6072
08.27.2002-03:00:00,08,27,2002,03,6207.3
08.27.2002-06:00:00,08,27,2002,06,6335.3
08.27.2002-09:00:00,08,27,2002,09,6293.2
08.27.2002-12:00:00,08,27,2002,12,6075.4
08.27.2002-15:00:00,08,27,2002,15,5715.3
08.27.2002-18:00:00,08,27,2002,18,5344.5
08.27.2002-21:00:00,08,27,2002,21,5129.5
08.28.2002-00:00:00,08,28,2002,00,5121.5
08.28.2002-03:00:00,08,28,2002,03,5281.9
08.28.2002-06:00:00,08,28,2002,06,5476.9
08.28.2002-09:00:00,08,28,2002,09,5552.5
08.28.2002-12:00:00,08,28,2002,12,5481
08.28.2002-15:00:00,08,28,2002,15,5264.6
08.28.2002-18:00:00,08,28,2002,18,5010.1
08.28.2002-21:00:00,08,28,2002,21,4876.9
08.29.2002-00:00:00,08,29,2002,00,4918.8
08.29.2002-03:00:00,08,29,2002,03,5103.1
08.29.2002-06:00:00,08,29,2002,06,5309.1
08.29.2002-09:00:00,08,29,2002,09,5404.6
08.29.2002-12:00:00,08,29,2002,12,5358.2
08.29.2002-15:00:00,08,29,2002,15,5178.3
08.29.2002-18:00:00,08,29,2002,18,4969.2
08.29.2002-21:00:00,08,29,2002,21,4867.8
08.30.2002-00:00:00,08,30,2002,00,4923.9
08.30.2002-03:00:00,08,30,2002,03,5101.8
08.30.2002-06:00:00,08,30,2002,06,5291
08.30.2002-09:00:00,08,30,2002,09,5362.8
08.30.2002-12:00:00,08,30,2002,12,5291.7
08.30.2002-15:00:00,08,30,2002,15,5089
08.30.2002-18:00:00,08,30,2002,18,4863.8
08.30.2002-21:00:00,08,30,2002,21,4750.3
08.31.2002-00:00:00,08,31,2002,00,4797.8
08.31.2002-03:00:00,08,31,2002,03,4974.4
08.31.2002-06:00:00,08,31,2002,06,5174.1
08.31.2002-09:00:00,08,31,2002,09,5273.8
08.31.2002-12:00:00,08,31,2002,12,5244.8
08.31.2002-15:00:00,08,31,2002,15,5081.7
08.31.2002-18:00:00,08,31,2002,18,4887.8
08.31.2002-21:00:00,08,31,2002,21,4787.7
09.01.2002-00:00:00,09,01,2002,00,4827.4
09.01.2002-03:00:00,09,01,2002,03,4976.6
09.01.2002-06:00:00,09,01,2002,06,5136.4
09.01.2002-09:00:00,09,01,2002,09,5216
09.01.2002-12:00:00,09,01,2002,12,5185.5
09.01.2002-15:00:00,09,01,2002,15,5065.1
09.01.2002-18:00:00,09,01,2002,18,4938.5
09.01.2002-21:00:00,09,01,2002,21,4885.6
09.02.2002-00:00:00,09,02,2002,00,4942.2
09.02.2002-03:00:00,09,02,2002,03,5085.7
09.02.2002-06:00:00,09,02,2002,06,5234.4
09.02.2002-09:00:00,09,02,2002,09,5278.5
09.02.2002-12:00:00,09,02,2002,12,5197.8
09.02.2002-15:00:00,09,02,2002,15,5000.4
09.02.2002-18:00:00,09,02,2002,18,4784.3
09.02.2002-21:00:00,09,02,2002,21,4675.7
09.03.2002-00:00:00,09,03,2002,00,4713.5
09.03.2002-03:00:00,09,03,2002,03,4861
09.03.2002-06:00:00,09,03,2002,06,5024.8
09.03.2002-09:00:00,09,03,2002,09,5095.7
09.03.2002-12:00:00,09,03,2002,12,5047.5
09.03.2002-15:00:00,09,03,2002,15,4892
09.03.2002-18:00:00,09,03,2002,18,4718.3
09.03.2002-21:00:00,09,03,2002,21,4643
09.04.2002-00:00:00,09,04,2002,00,4698
09.04.2002-03:00:00,09,04,2002,03,4855.4
09.04.2002-06:00:00,09,04,2002,06,5028.8
09.04.2002-09:00:00,09,04,2002,09,5102.1
09.04.2002-12:00:00,09,04,2002,12,5056.2
09.04.2002-15:00:00,09,04,2002,15,4894.2
09.04.2002-18:00:00,09,04,2002,18,4699.4
09.04.2002-21:00:00,09,04,2002,21,4600.4
09.05.2002-00:00:00,09,05,2002,00,4647.4
09.05.2002-03:00:00,09,05,2002,03,4803.4
09.05.2002-06:00:00,09,05,2002,06,4987.1
09.05.2002-09:00:00,09,05,2002,09,5084.6
09.05.2002-12:00:00,09,05,2002,12,5075.6
09.05.2002-15:00:00,09,05,2002,15,4941
09.05.2002-18:00:00,09,05,2002,18,4753.7
09.05.2002-21:00:00,09,05,2002,21,4643.8
09.06.2002-00:00:00,09,06,2002,00,4672.1
09.06.2002-03:00:00,09,06,2002,03,4810
09.06.2002-06:00:00,09,06,2002,06,4970.3
09.06.2002-09:00:00,09,06,2002,09,5035.4
09.06.2002-12:00:00,09,06,2002,12,4992.1
09.06.2002-15:00:00,09,06,2002,15,4832.3
09.06.2002-18:00:00,09,06,2002,18,4635.8
09.06.2002-21:00:00,09,06,2002,21,4524.6
09.07.2002-00:00:00,09,07,2002,00,4562.9
09.07.2002-03:00:00,09,07,2002,03,4708
09.07.2002-06:00:00,09,07,2002,06,4899.4
09.07.2002-09:00:00,09,07,2002,09,5033.5
09.07.2002-12:00:00,09,07,2002,12,5118
09.07.2002-15:00:00,09,07,2002,15,5109.5
09.07.2002-18:00:00,09,07,2002,18,5020.7
09.07.2002-21:00:00,09,07,2002,21,4948.6
09.08.2002-00:00:00,09,08,2002,00,4955.9
09.08.2002-03:00:00,09,08,2002,03,5048.1
09.08.2002-06:00:00,09,08,2002,06,5162.1
09.08.2002-09:00:00,09,08,2002,09,5193.2
09.08.2002-12:00:00,09,08,2002,12,5158.3
09.08.2002-15:00:00,09,08,2002,15,5039
09.08.2002-18:00:00,09,08,2002,18,4878.9
09.08.2002-21:00:00,09,08,2002,21,4770.1
09.09.2002-00:00:00,09,09,2002,00,4759.4
09.09.2002-03:00:00,09,09,2002,03,4836
09.09.2002-06:00:00,09,09,2002,06,4924.1
09.09.2002-09:00:00,09,09,2002,09,4923.1
09.09.2002-12:00:00,09,09,2002,12,4822.3
09.09.2002-15:00:00,09,09,2002,15,4619.4
09.09.2002-18:00:00,09,09,2002,18,4391.9
09.09.2002-21:00:00,09,09,2002,21,4256.7
09.10.2002-00:00:00,09,10,2002,00,4265.6
09.10.2002-03:00:00,09,10,2002,03,4385.6
09.10.2002-06:00:00,09,10,2002,06,4528.4
09.10.2002-09:00:00,09,10,2002,09,4585.5
09.10.2002-12:00:00,09,10,2002,12,4545.4
09.10.2002-15:00:00,09,10,2002,15,4395.3
09.10.2002-18:00:00,09,10,2002,18,4204
09.10.2002-21:00:00,09,10,2002,21,4090
09.11.2002-00:00:00,09,11,2002,00,4107.5
09.11.2002-03:00:00,09,11,2002,03,4230.5
09.11.2002-06:00:00,09,11,2002,06,4374.6
09.11.2002-09:00:00,09,11,2002,09,4433
09.11.2002-12:00:00,09,11,2002,12,4395.7
09.11.2002-15:00:00,09,11,2002,15,4251.1
09.11.2002-18:00:00,09,11,2002,18,4067
09.11.2002-21:00:00,09,11,2002,21,3957
09.12.2002-00:00:00,09,12,2002,00,3974.5
09.12.2002-03:00:00,09,12,2002,03,4094.5
09.12.2002-06:00:00,09,12,2002,06,4239.7
09.12.2002-09:00:00,09,12,2002,09,4304.4
09.12.2002-12:00:00,09,12,2002,12,4280.9
09.12.2002-15:00:00,09,12,2002,15,4150.2
09.12.2002-18:00:00,09,12,2002,18,3979.8
09.12.2002-21:00:00,09,12,2002,21,3877.1
09.13.2002-00:00:00,09,13,2002,00,3894.2
09.13.2002-03:00:00,09,13,2002,03,4007.6
09.13.2002-06:00:00,09,13,2002,06,4140.3
09.13.2002-09:00:00,09,13,2002,09,4194.2
09.13.2002-12:00:00,09,13,2002,12,4160.2
09.13.2002-15:00:00,09,13,2002,15,4026.4
09.13.2002-18:00:00,09,13,2002,18,3857.8
09.13.2002-21:00:00,09,13,2002,21,3757.8
09.14.2002-00:00:00,09,14,2002,00,3776.9
09.14.2002-03:00:00,09,14,2002,03,3893
09.14.2002-06:00:00,09,14,2002,06,4034.6
09.14.2002-09:00:00,09,14,2002,09,4103.2
09.14.2002-12:00:00,09,14,2002,12,4092.1
09.14.2002-15:00:00,09,14,2002,15,3980
09.14.2002-18:00:00,09,14,2002,18,3826
09.14.2002-21:00:00,09,14,2002,21,3733.6
09.15.2002-00:00:00,09,15,2002,00,3753.6
09.15.2002-03:00:00,09,15,2002,03,3865
09.15.2002-06:00:00,09,15,2002,06,3994.8
09.15.2002-09:00:00,09,15,2002,09,4059.9
09.15.2002-12:00:00,09,15,2002,12,4045
09.15.2002-15:00:00,09,15,2002,15,3938.9
09.15.2002-18:00:00,09,15,2002,18,3801.7
09.15.2002-21:00:00,09,15,2002,21,3724.1
09.16.2002-00:00:00,09,16,2002,00,3749.2
09.16.2002-03:00:00,09,16,2002,03,3855.5
09.16.2002-06:00:00,09,16,2002,06,3971.1
09.16.2002-09:00:00,09,16,2002,09,4025.4
09.16.2002-12:00:00,09,16,2002,12,3998.9
09.16.2002-15:00:00,09,16,2002,15,3892.1
09.16.2002-18:00:00,09,16,2002,18,3763
09.16.2002-21:00:00,09,16,2002,21,3692.5
09.17.2002-00:00:00,09,17,2002,00,3718.8
09.17.2002-03:00:00,09,17,2002,03,3822.2
09.17.2002-06:00:00,09,17,2002,06,3936.9
09.17.2002-09:00:00,09,17,2002,09,4001.4
09.17.2002-12:00:00,09,17,2002,12,3993.1
09.17.2002-15:00:00,09,17,2002,15,3913.5
09.17.2002-18:00:00,09,17,2002,18,3814.9
09.17.2002-21:00:00,09,17,2002,21,3764.6
09.18.2002-00:00:00,09,18,2002,00,3797.6
09.18.2002-03:00:00,09,18,2002,03,3894.5
09.18.2002-06:00:00,09,18,2002,06,3997.9
09.18.2002-09:00:00,09,18,2002,09,4038.9
09.18.2002-12:00:00,09,18,2002,12,4006.6
09.18.2002-15:00:00,09,18,2002,15,3900.1
09.18.2002-18:00:00,09,18,2002,18,3770
09.18.2002-21:00:00,09,18,2002,21,3696.7
09.19.2002-00:00:00,09,19,2002,00,3718.8
09.19.2002-03:00:00,09,19,2002,03,3813.8
09.19.2002-06:00:00,09,19,2002,06,3922.5
09.19.2002-09:00:00,09,19,2002,09,3963.4
09.19.2002-12:00:00,09,19,2002,12,3932.8
09.19.2002-15:00:00,09,19,2002,15,3820.1
09.19.2002-18:00:00,09,19,2002,18,3674.5
09.19.2002-21:00:00,09,19,2002,21,3587
09.20.2002-00:00:00,09,20,2002,00,3600.3
09.20.2002-03:00:00,09,20,2002,03,3692.7
09.20.2002-06:00:00,09,20,2002,06,3805.4
09.20.2002-09:00:00,09,20,2002,09,3858.5
09.20.2002-12:00:00,09,20,2002,12,3844.9
09.20.2002-15:00:00,09,20,2002,15,3752.9
09.20.2002-18:00:00,09,20,2002,18,3628.5
09.20.2002-21:00:00,09,20,2002,21,3556.8
09.21.2002-00:00:00,09,21,2002,00,3578.4
09.21.2002-03:00:00,09,21,2002,03,3672.5
09.21.2002-06:00:00,09,21,2002,06,3787.7
09.21.2002-09:00:00,09,21,2002,09,3846.8
09.21.2002-12:00:00,09,21,2002,12,3844.7
09.21.2002-15:00:00,09,21,2002,15,3760.5
09.21.2002-18:00:00,09,21,2002,18,3635.3
09.21.2002-21:00:00,09,21,2002,21,3555.7
09.22.2002-00:00:00,09,22,2002,00,3566.7
09.22.2002-03:00:00,09,22,2002,03,3649.9
09.22.2002-06:00:00,09,22,2002,06,3754.7
09.22.2002-09:00:00,09,22,2002,09,3802.4
09.22.2002-12:00:00,09,22,2002,12,3791
09.22.2002-15:00:00,09,22,2002,15,3696.8
09.22.2002-18:00:00,09,22,2002,18,3557.8
09.22.2002-21:00:00,09,22,2002,21,3465.8
09.23.2002-00:00:00,09,23,2002,00,3468.9
09.23.2002-03:00:00,09,23,2002,03,3547.9
09.23.2002-06:00:00,09,23,2002,06,3649.3
09.23.2002-09:00:00,09,23,2002,09,3692.3
09.23.2002-12:00:00,09,23,2002,12,3674
09.23.2002-15:00:00,09,23,2002,15,3579
09.23.2002-18:00:00,09,23,2002,18,3445.5
09.23.2002-21:00:00,09,23,2002,21,3360.9
09.24.2002-00:00:00,09,24,2002,00,3369.7
09.24.2002-03:00:00,09,24,2002,03,3451.9
09.24.2002-06:00:00,09,24,2002,06,3549.8
09.24.2002-09:00:00,09,24,2002,09,3599.5
09.24.2002-12:00:00,09,24,2002,12,3590.8
09.24.2002-15:00:00,09,24,2002,15,3512.1
09.24.2002-18:00:00,09,24,2002,18,3412.4
09.24.2002-21:00:00,09,24,2002,21,3358.5
09.25.2002-00:00:00,09,25,2002,00,3383.9
09.25.2002-03:00:00,09,25,2002,03,3468.9
09.25.2002-06:00:00,09,25,2002,06,3562.3
09.25.2002-09:00:00,09,25,2002,09,3595.6
09.25.2002-12:00:00,09,25,2002,12,3565.1
09.25.2002-15:00:00,09,25,2002,15,3463.2
09.25.2002-18:00:00,09,25,2002,18,3335.1
09.25.2002-21:00:00,09,25,2002,21,3256.8
09.26.2002-00:00:00,09,26,2002,00,3269.2
09.26.2002-03:00:00,09,26,2002,03,3350.4
09.26.2002-06:00:00,09,26,2002,06,3448.6
09.26.2002-09:00:00,09,26,2002,09,3509.3
09.26.2002-12:00:00,09,26,2002,12,3520.8
09.26.2002-15:00:00,09,26,2002,15,3472.6
09.26.2002-18:00:00,09,26,2002,18,3405.5
09.26.2002-21:00:00,09,26,2002,21,3372.2
09.27.2002-00:00:00,09,27,2002,00,3400.2
09.27.2002-03:00:00,09,27,2002,03,3472.7
09.27.2002-06:00:00,09,27,2002,06,3545.6
09.27.2002-09:00:00,09,27,2002,09,3564
09.27.2002-12:00:00,09,27,2002,12,3523.6
09.27.2002-15:00:00,09,27,2002,15,3422.4
09.27.2002-18:00:00,09,27,2002,18,3303.3
09.27.2002-21:00:00,09,27,2002,21,3235.8
09.28.2002-00:00:00,09,28,2002,00,3251.6
09.28.2002-03:00:00,09,28,2002,03,3328.5
09.28.2002-06:00:00,09,28,2002,06,3421
09.28.2002-09:00:00,09,28,2002,09,3468.2
09.28.2002-12:00:00,09,28,2002,12,3463.1
09.28.2002-15:00:00,09,28,2002,15,3389.6
09.28.2002-18:00:00,09,28,2002,18,3284.4
09.28.2002-21:00:00,09,28,2002,21,3219.4
09.29.2002-00:00:00,09,29,2002,00,3230.4
09.29.2002-03:00:00,09,29,2002,03,3299.5
09.29.2002-06:00:00,09,29,2002,06,3379
09.29.2002-09:00:00,09,29,2002,09,3425.1
09.29.2002-12:00:00,09,29,2002,12,3426.1
09.29.2002-15:00:00,09,29,2002,15,3377.4
09.29.2002-18:00:00,09,29,2002,18,3313.8
09.29.2002-21:00:00,09,29,2002,21,3283.4
09.30.2002-00:00:00,09,30,2002,00,3307.4
09.30.2002-03:00:00,09,30,2002,03,3368.9
09.30.2002-06:00:00,09,30,2002,06,3433
09.30.2002-09:00:00,09,30,2002,09,3464.3
09.30.2002-12:00:00,09,30,2002,12,3454.2
09.30.2002-15:00:00,09,30,2002,15,3400.9
09.30.2002-18:00:00,09,30,2002,18,3338.5
09.30.2002-21:00:00,09,30,2002,21,3307.6
