TIMESTAMP,MONTH,DAY,YEAR,HOUR,C
10.01.2001-00:00:00,10,01,2001,00,72.909
10.01.2001-03:00:00,10,01,2001,03,73.084
10.01.2001-06:00:00,10,01,2001,06,71.546
10.01.2001-09:00:00,10,01,2001,09,55.919
10.01.2001-12:00:00,10,01,2001,12,49.755
10.01.2001-15:00:00,10,01,2001,15,58.386
10.01.2001-18:00:00,10,01,2001,18,68.247
10.01.2001-21:00:00,10,01,2001,21,72.04
10.02.2001-00:00:00,10,02,2001,00,72.24
10.02.2001-03:00:00,10,02,2001,03,72.361
10.02.2001-06:00:00,10,02,2001,06,70.456
10.02.2001-09:00:00,10,02,2001,09,55.762
10.02.2001-12:00:00,10,02,2001,12,49.658
10.02.2001-15:00:00,10,02,2001,15,58.031
10.02.2001-18:00:00,10,02,2001,18,67.604
10.02.2001-21:00:00,10,02,2001,21,71.432
10.03.2001-00:00:00,10,03,2001,00,71.648
10.03.2001-03:00:00,10,03,2001,03,71.792
10.03.2001-06:00:00,10,03,2001,06,71.829
10.03.2001-09:00:00,10,03,2001,09,55.671
10.03.2001-12:00:00,10,03,2001,12,49.442
10.03.2001-15:00:00,10,03,2001,15,57.848
10.03.2001-18:00:00,10,03,2001,18,67.534
10.03.2001-21:00:00,10,03,2001,21,70.859
10.04.2001-00:00:00,10,04,2001,00,71.053
10.04.2001-03:00:00,10,04,2001,03,71.153
10.04.2001-06:00:00,10,04,2001,06,71.185
10.04.2001-09:00:00,10,04,2001,09,56.45
10.04.2001-12:00:00,10,04,2001,12,50.012
10.04.2001-15:00:00,10,04,2001,15,58.086
10.04.2001-18:00:00,10,04,2001,18,68.214
10.04.2001-21:00:00,10,04,2001,21,70.393
10.05.2001-00:00:00,10,05,2001,00,70.536
10.05.2001-03:00:00,10,05,2001,03,70.569
10.05.2001-06:00:00,10,05,2001,06,70.597
10.05.2001-09:00:00,10,05,2001,09,57.626
10.05.2001-12:00:00,10,05,2001,12,50.745
10.05.2001-15:00:00,10,05,2001,15,58.695
10.05.2001-18:00:00,10,05,2001,18,69.614
10.05.2001-21:00:00,10,05,2001,21,69.982
10.06.2001-00:00:00,10,06,2001,00,70.025
10.06.2001-03:00:00,10,06,2001,03,70.054
10.06.2001-06:00:00,10,06,2001,06,70.081
10.06.2001-09:00:00,10,06,2001,09,59.025
10.06.2001-12:00:00,10,06,2001,12,53.186
10.06.2001-15:00:00,10,06,2001,15,60.523
10.06.2001-18:00:00,10,06,2001,18,69.289
10.06.2001-21:00:00,10,06,2001,21,69.589
10.07.2001-00:00:00,10,07,2001,00,69.621
10.07.2001-03:00:00,10,07,2001,03,69.647
10.07.2001-06:00:00,10,07,2001,06,69.672
10.07.2001-09:00:00,10,07,2001,09,61.415
10.07.2001-12:00:00,10,07,2001,12,57.094
10.07.2001-15:00:00,10,07,2001,15,62.69
10.07.2001-18:00:00,10,07,2001,18,69.086
10.07.2001-21:00:00,10,07,2001,21,69.307
10.08.2001-00:00:00,10,08,2001,00,69.333
10.08.2001-03:00:00,10,08,2001,03,69.355
10.08.2001-06:00:00,10,08,2001,06,69.375
10.08.2001-09:00:00,10,08,2001,09,72.392
10.08.2001-12:00:00,10,08,2001,12,57.99
10.08.2001-15:00:00,10,08,2001,15,63.303
10.08.2001-18:00:00,10,08,2001,18,69.023
10.08.2001-21:00:00,10,08,2001,21,69.157
10.09.2001-00:00:00,10,09,2001,00,69.176
10.09.2001-03:00:00,10,09,2001,03,69.192
10.09.2001-06:00:00,10,09,2001,06,69.205
10.09.2001-09:00:00,10,09,2001,09,69.039
10.09.2001-12:00:00,10,09,2001,12,55.765
10.09.2001-15:00:00,10,09,2001,15,60.697
10.09.2001-18:00:00,10,09,2001,18,68.57
10.09.2001-21:00:00,10,09,2001,21,68.869
10.10.2001-00:00:00,10,10,2001,00,68.889
10.10.2001-03:00:00,10,10,2001,03,68.911
10.10.2001-06:00:00,10,10,2001,06,68.94
10.10.2001-09:00:00,10,10,2001,09,87.012
10.10.2001-12:00:00,10,10,2001,12,92.64
10.10.2001-15:00:00,10,10,2001,15,73.175
10.10.2001-18:00:00,10,10,2001,18,70.319
10.10.2001-21:00:00,10,10,2001,21,70.272
10.11.2001-00:00:00,10,11,2001,00,70.28
10.11.2001-03:00:00,10,11,2001,03,70.288
10.11.2001-06:00:00,10,11,2001,06,70.294
10.11.2001-09:00:00,10,11,2001,09,78.612
10.11.2001-12:00:00,10,11,2001,12,114.71
10.11.2001-15:00:00,10,11,2001,15,87.307
10.11.2001-18:00:00,10,11,2001,18,74.03
10.11.2001-21:00:00,10,11,2001,21,72.342
10.12.2001-00:00:00,10,12,2001,00,72.335
10.12.2001-03:00:00,10,12,2001,03,72.336
10.12.2001-06:00:00,10,12,2001,06,72.348
10.12.2001-09:00:00,10,12,2001,09,84.102
10.12.2001-12:00:00,10,12,2001,12,117.48
10.12.2001-15:00:00,10,12,2001,15,93.408
10.12.2001-18:00:00,10,12,2001,18,78.282
10.12.2001-21:00:00,10,12,2001,21,74.087
10.13.2001-00:00:00,10,13,2001,00,74.316
10.13.2001-03:00:00,10,13,2001,03,74.535
10.13.2001-06:00:00,10,13,2001,06,85.848
10.13.2001-09:00:00,10,13,2001,09,111.11
10.13.2001-12:00:00,10,13,2001,12,100.6
10.13.2001-15:00:00,10,13,2001,15,75.714
10.13.2001-18:00:00,10,13,2001,18,76.892
10.13.2001-21:00:00,10,13,2001,21,76.747
10.14.2001-00:00:00,10,14,2001,00,76.096
10.14.2001-03:00:00,10,14,2001,03,76.073
10.14.2001-06:00:00,10,14,2001,06,76.064
10.14.2001-09:00:00,10,14,2001,09,80.269
10.14.2001-12:00:00,10,14,2001,12,63.973
10.14.2001-15:00:00,10,14,2001,15,64.514
10.14.2001-18:00:00,10,14,2001,18,71.322
10.14.2001-21:00:00,10,14,2001,21,73.327
10.15.2001-00:00:00,10,15,2001,00,75.334
10.15.2001-03:00:00,10,15,2001,03,75.947
10.15.2001-06:00:00,10,15,2001,06,75.918
10.15.2001-09:00:00,10,15,2001,09,76.181
10.15.2001-12:00:00,10,15,2001,12,61.035
10.15.2001-15:00:00,10,15,2001,15,64.944
10.15.2001-18:00:00,10,15,2001,18,71.113
10.15.2001-21:00:00,10,15,2001,21,71.431
10.16.2001-00:00:00,10,16,2001,00,74.027
10.16.2001-03:00:00,10,16,2001,03,75.356
10.16.2001-06:00:00,10,16,2001,06,75.426
10.16.2001-09:00:00,10,16,2001,09,65.239
10.16.2001-12:00:00,10,16,2001,12,57.324
10.16.2001-15:00:00,10,16,2001,15,63.74
10.16.2001-18:00:00,10,16,2001,18,70.729
10.16.2001-21:00:00,10,16,2001,21,71.03
10.17.2001-00:00:00,10,17,2001,00,71.924
10.17.2001-03:00:00,10,17,2001,03,73.393
10.17.2001-06:00:00,10,17,2001,06,73.397
10.17.2001-09:00:00,10,17,2001,09,69.321
10.17.2001-12:00:00,10,17,2001,12,66.048
10.17.2001-15:00:00,10,17,2001,15,68.828
10.17.2001-18:00:00,10,17,2001,18,72.027
10.17.2001-21:00:00,10,17,2001,21,73.114
10.18.2001-00:00:00,10,18,2001,00,74.178
10.18.2001-03:00:00,10,18,2001,03,74.487
10.18.2001-06:00:00,10,18,2001,06,74.457
10.18.2001-09:00:00,10,18,2001,09,64.551
10.18.2001-12:00:00,10,18,2001,12,58.09
10.18.2001-15:00:00,10,18,2001,15,63.547
10.18.2001-18:00:00,10,18,2001,18,70.241
10.18.2001-21:00:00,10,18,2001,21,70.482
10.19.2001-00:00:00,10,19,2001,00,70.631
10.19.2001-03:00:00,10,19,2001,03,72.46
10.19.2001-06:00:00,10,19,2001,06,72.507
10.19.2001-09:00:00,10,19,2001,09,73.588
10.19.2001-12:00:00,10,19,2001,12,58.843
10.19.2001-15:00:00,10,19,2001,15,62.141
10.19.2001-18:00:00,10,19,2001,18,69.818
10.19.2001-21:00:00,10,19,2001,21,70.221
10.20.2001-00:00:00,10,20,2001,00,70.28
10.20.2001-03:00:00,10,20,2001,03,72.137
10.20.2001-06:00:00,10,20,2001,06,73.411
10.20.2001-09:00:00,10,20,2001,09,72.272
10.20.2001-12:00:00,10,20,2001,12,58.861
10.20.2001-15:00:00,10,20,2001,15,63.499
10.20.2001-18:00:00,10,20,2001,18,69.721
10.20.2001-21:00:00,10,20,2001,21,69.893
10.21.2001-00:00:00,10,21,2001,00,70.356
10.21.2001-03:00:00,10,21,2001,03,71.793
10.21.2001-06:00:00,10,21,2001,06,72.895
10.21.2001-09:00:00,10,21,2001,09,96.45
10.21.2001-12:00:00,10,21,2001,12,72.358
10.21.2001-15:00:00,10,21,2001,15,69.839
10.21.2001-18:00:00,10,21,2001,18,73.227
10.21.2001-21:00:00,10,21,2001,21,72.699
10.22.2001-00:00:00,10,22,2001,00,72.649
10.22.2001-03:00:00,10,22,2001,03,72.61
10.22.2001-06:00:00,10,22,2001,06,72.571
10.22.2001-09:00:00,10,22,2001,09,72.532
10.22.2001-12:00:00,10,22,2001,12,72.265
10.22.2001-15:00:00,10,22,2001,15,72.445
10.22.2001-18:00:00,10,22,2001,18,72.408
10.22.2001-21:00:00,10,22,2001,21,72.378
10.23.2001-00:00:00,10,23,2001,00,72.355
10.23.2001-03:00:00,10,23,2001,03,72.332
10.23.2001-06:00:00,10,23,2001,06,72.309
10.23.2001-09:00:00,10,23,2001,09,71.719
10.23.2001-12:00:00,10,23,2001,12,99.589
10.23.2001-15:00:00,10,23,2001,15,78.053
10.23.2001-18:00:00,10,23,2001,18,72.536
10.23.2001-21:00:00,10,23,2001,21,72.485
10.24.2001-00:00:00,10,24,2001,00,72.467
10.24.2001-03:00:00,10,24,2001,03,72.447
10.24.2001-06:00:00,10,24,2001,06,72.428
10.24.2001-09:00:00,10,24,2001,09,71.689
10.24.2001-12:00:00,10,24,2001,12,70.707
10.24.2001-15:00:00,10,24,2001,15,72.306
10.24.2001-18:00:00,10,24,2001,18,72.315
10.24.2001-21:00:00,10,24,2001,21,72.292
10.25.2001-00:00:00,10,25,2001,00,72.267
10.25.2001-03:00:00,10,25,2001,03,72.242
10.25.2001-06:00:00,10,25,2001,06,72.216
10.25.2001-09:00:00,10,25,2001,09,72.094
10.25.2001-12:00:00,10,25,2001,12,72.009
10.25.2001-15:00:00,10,25,2001,15,72.13
10.25.2001-18:00:00,10,25,2001,18,72.104
10.25.2001-21:00:00,10,25,2001,21,72.076
10.26.2001-00:00:00,10,26,2001,00,72.046
10.26.2001-03:00:00,10,26,2001,03,72.016
10.26.2001-06:00:00,10,26,2001,06,71.986
10.26.2001-09:00:00,10,26,2001,09,71.835
10.26.2001-12:00:00,10,26,2001,12,71.754
10.26.2001-15:00:00,10,26,2001,15,71.834
10.26.2001-18:00:00,10,26,2001,18,71.856
10.26.2001-21:00:00,10,26,2001,21,71.825
10.27.2001-00:00:00,10,27,2001,00,71.792
10.27.2001-03:00:00,10,27,2001,03,71.759
10.27.2001-06:00:00,10,27,2001,06,71.725
10.27.2001-09:00:00,10,27,2001,09,70.454
10.27.2001-12:00:00,10,27,2001,12,69.147
10.27.2001-15:00:00,10,27,2001,15,69.842
10.27.2001-18:00:00,10,27,2001,18,71.513
10.27.2001-21:00:00,10,27,2001,21,71.51
10.28.2001-00:00:00,10,28,2001,00,71.476
10.28.2001-03:00:00,10,28,2001,03,71.442
10.28.2001-06:00:00,10,28,2001,06,71.407
10.28.2001-09:00:00,10,28,2001,09,70.677
10.28.2001-12:00:00,10,28,2001,12,69.315
10.28.2001-15:00:00,10,28,2001,15,71.245
10.28.2001-18:00:00,10,28,2001,18,71.246
10.28.2001-21:00:00,10,28,2001,21,71.196
10.29.2001-00:00:00,10,29,2001,00,71.16
10.29.2001-03:00:00,10,29,2001,03,71.11
10.29.2001-06:00:00,10,29,2001,06,71.073
10.29.2001-09:00:00,10,29,2001,09,71.023
10.29.2001-12:00:00,10,29,2001,12,70.257
10.29.2001-15:00:00,10,29,2001,15,70.917
10.29.2001-18:00:00,10,29,2001,18,70.893
10.29.2001-21:00:00,10,29,2001,21,70.843
10.30.2001-00:00:00,10,30,2001,00,70.807
10.30.2001-03:00:00,10,30,2001,03,70.756
10.30.2001-06:00:00,10,30,2001,06,70.72
10.30.2001-09:00:00,10,30,2001,09,70.669
10.30.2001-12:00:00,10,30,2001,12,70.632
10.30.2001-15:00:00,10,30,2001,15,70.582
10.30.2001-18:00:00,10,30,2001,18,70.545
10.30.2001-21:00:00,10,30,2001,21,70.496
10.31.2001-00:00:00,10,31,2001,00,70.458
10.31.2001-03:00:00,10,31,2001,03,70.409
10.31.2001-06:00:00,10,31,2001,06,70.372
10.31.2001-09:00:00,10,31,2001,09,70.321
10.31.2001-12:00:00,10,31,2001,12,70.063
10.31.2001-15:00:00,10,31,2001,15,70.228
10.31.2001-18:00:00,10,31,2001,18,70.195
10.31.2001-21:00:00,10,31,2001,21,70.146
11.01.2001-00:00:00,11,01,2001,00,70.109
11.01.2001-03:00:00,11,01,2001,03,70.059
11.01.2001-06:00:00,11,01,2001,06,70.022
11.01.2001-09:00:00,11,01,2001,09,69.435
11.01.2001-12:00:00,11,01,2001,12,68.319
11.01.2001-15:00:00,11,01,2001,15,69.832
11.01.2001-18:00:00,11,01,2001,18,69.825
11.01.2001-21:00:00,11,01,2001,21,69.777
11.02.2001-00:00:00,11,02,2001,00,69.741
11.02.2001-03:00:00,11,02,2001,03,69.692
11.02.2001-06:00:00,11,02,2001,06,69.642
11.02.2001-09:00:00,11,02,2001,09,68.347
11.02.2001-12:00:00,11,02,2001,12,66.632
11.02.2001-15:00:00,11,02,2001,15,68.295
11.02.2001-18:00:00,11,02,2001,18,69.398
11.02.2001-21:00:00,11,02,2001,21,69.371
11.03.2001-00:00:00,11,03,2001,00,69.324
11.03.2001-03:00:00,11,03,2001,03,69.288
11.03.2001-06:00:00,11,03,2001,06,69.241
11.03.2001-09:00:00,11,03,2001,09,68.217
11.03.2001-12:00:00,11,03,2001,12,66.643
11.03.2001-15:00:00,11,03,2001,15,69.022
11.03.2001-18:00:00,11,03,2001,18,69.02
11.03.2001-21:00:00,11,03,2001,21,68.973
11.04.2001-00:00:00,11,04,2001,00,68.939
11.04.2001-03:00:00,11,04,2001,03,68.893
11.04.2001-06:00:00,11,04,2001,06,68.846
11.04.2001-09:00:00,11,04,2001,09,67.576
11.04.2001-12:00:00,11,04,2001,12,66.079
11.04.2001-15:00:00,11,04,2001,15,67.498
11.04.2001-18:00:00,11,04,2001,18,68.601
11.04.2001-21:00:00,11,04,2001,21,68.575
11.05.2001-00:00:00,11,05,2001,00,68.53
11.05.2001-03:00:00,11,05,2001,03,68.484
11.05.2001-06:00:00,11,05,2001,06,68.451
11.05.2001-09:00:00,11,05,2001,09,67.518
11.05.2001-12:00:00,11,05,2001,12,66.176
11.05.2001-15:00:00,11,05,2001,15,68.235
11.05.2001-18:00:00,11,05,2001,18,68.229
11.05.2001-21:00:00,11,05,2001,21,68.185
11.06.2001-00:00:00,11,06,2001,00,68.14
11.06.2001-03:00:00,11,06,2001,03,68.096
11.06.2001-06:00:00,11,06,2001,06,68.051
11.06.2001-09:00:00,11,06,2001,09,68.007
11.06.2001-12:00:00,11,06,2001,12,66.356
11.06.2001-15:00:00,11,06,2001,15,67.875
11.06.2001-18:00:00,11,06,2001,18,67.86
11.06.2001-21:00:00,11,06,2001,21,67.816
11.07.2001-00:00:00,11,07,2001,00,67.772
11.07.2001-03:00:00,11,07,2001,03,67.729
11.07.2001-06:00:00,11,07,2001,06,67.685
11.07.2001-09:00:00,11,07,2001,09,67.641
11.07.2001-12:00:00,11,07,2001,12,67.598
11.07.2001-15:00:00,11,07,2001,15,67.554
11.07.2001-18:00:00,11,07,2001,18,67.511
11.07.2001-21:00:00,11,07,2001,21,67.468
11.08.2001-00:00:00,11,08,2001,00,67.425
11.08.2001-03:00:00,11,08,2001,03,67.382
11.08.2001-06:00:00,11,08,2001,06,67.339
11.08.2001-09:00:00,11,08,2001,09,67.296
11.08.2001-12:00:00,11,08,2001,12,65.91
11.08.2001-15:00:00,11,08,2001,15,67.173
11.08.2001-18:00:00,11,08,2001,18,67.155
11.08.2001-21:00:00,11,08,2001,21,67.113
11.09.2001-00:00:00,11,09,2001,00,67.07
11.09.2001-03:00:00,11,09,2001,03,67.027
11.09.2001-06:00:00,11,09,2001,06,66.984
11.09.2001-09:00:00,11,09,2001,09,66.941
11.09.2001-12:00:00,11,09,2001,12,65.019
11.09.2001-15:00:00,11,09,2001,15,66.805
11.09.2001-18:00:00,11,09,2001,18,66.796
11.09.2001-21:00:00,11,09,2001,21,66.754
11.10.2001-00:00:00,11,10,2001,00,66.712
11.10.2001-03:00:00,11,10,2001,03,66.67
11.10.2001-06:00:00,11,10,2001,06,66.627
11.10.2001-09:00:00,11,10,2001,09,66.584
11.10.2001-12:00:00,11,10,2001,12,65.042
11.10.2001-15:00:00,11,10,2001,15,66.459
11.10.2001-18:00:00,11,10,2001,18,66.444
11.10.2001-21:00:00,11,10,2001,21,66.402
11.11.2001-00:00:00,11,11,2001,00,66.36
11.11.2001-03:00:00,11,11,2001,03,66.318
11.11.2001-06:00:00,11,11,2001,06,66.275
11.11.2001-09:00:00,11,11,2001,09,66.233
11.11.2001-12:00:00,11,11,2001,12,64.318
11.11.2001-15:00:00,11,11,2001,15,66.098
11.11.2001-18:00:00,11,11,2001,18,66.09
11.11.2001-21:00:00,11,11,2001,21,66.048
11.12.2001-00:00:00,11,12,2001,00,66.006
11.12.2001-03:00:00,11,12,2001,03,65.964
11.12.2001-06:00:00,11,12,2001,06,65.922
11.12.2001-09:00:00,11,12,2001,09,65.879
11.12.2001-12:00:00,11,12,2001,12,65.838
11.12.2001-15:00:00,11,12,2001,15,65.795
11.12.2001-18:00:00,11,12,2001,18,65.753
11.12.2001-21:00:00,11,12,2001,21,65.711
11.13.2001-00:00:00,11,13,2001,00,65.669
11.13.2001-03:00:00,11,13,2001,03,65.626
11.13.2001-06:00:00,11,13,2001,06,65.584
11.13.2001-09:00:00,11,13,2001,09,65.508
11.13.2001-12:00:00,11,13,2001,12,65.436
11.13.2001-15:00:00,11,13,2001,15,65.456
11.13.2001-18:00:00,11,13,2001,18,65.414
11.13.2001-21:00:00,11,13,2001,21,65.373
11.14.2001-00:00:00,11,14,2001,00,65.331
11.14.2001-03:00:00,11,14,2001,03,65.29
11.14.2001-06:00:00,11,14,2001,06,65.249
11.14.2001-09:00:00,11,14,2001,09,65.145
11.14.2001-12:00:00,11,14,2001,12,78.588
11.14.2001-15:00:00,11,14,2001,15,80.142
11.14.2001-18:00:00,11,14,2001,18,77.174
11.14.2001-21:00:00,11,14,2001,21,75.69
11.15.2001-00:00:00,11,15,2001,00,65.364
11.15.2001-03:00:00,11,15,2001,03,65.134
11.15.2001-06:00:00,11,15,2001,06,65.092
11.15.2001-09:00:00,11,15,2001,09,64.866
11.15.2001-12:00:00,11,15,2001,12,64.188
11.15.2001-15:00:00,11,15,2001,15,64.543
11.15.2001-18:00:00,11,15,2001,18,64.918
11.15.2001-21:00:00,11,15,2001,21,64.894
11.16.2001-00:00:00,11,16,2001,00,64.862
11.16.2001-03:00:00,11,16,2001,03,64.829
11.16.2001-06:00:00,11,16,2001,06,64.796
11.16.2001-09:00:00,11,16,2001,09,64.387
11.16.2001-12:00:00,11,16,2001,12,63.584
11.16.2001-15:00:00,11,16,2001,15,64.656
11.16.2001-18:00:00,11,16,2001,18,64.642
11.16.2001-21:00:00,11,16,2001,21,64.609
11.17.2001-00:00:00,11,17,2001,00,64.574
11.17.2001-03:00:00,11,17,2001,03,64.539
11.17.2001-06:00:00,11,17,2001,06,64.505
11.17.2001-09:00:00,11,17,2001,09,63.838
11.17.2001-12:00:00,11,17,2001,12,62.376
11.17.2001-15:00:00,11,17,2001,15,64.337
11.17.2001-18:00:00,11,17,2001,18,64.338
11.17.2001-21:00:00,11,17,2001,21,64.302
11.18.2001-00:00:00,11,18,2001,00,64.266
11.18.2001-03:00:00,11,18,2001,03,64.23
11.18.2001-06:00:00,11,18,2001,06,64.193
11.18.2001-09:00:00,11,18,2001,09,64.157
11.18.2001-12:00:00,11,18,2001,12,64.12
11.18.2001-15:00:00,11,18,2001,15,64.083
11.18.2001-18:00:00,11,18,2001,18,64.046
11.18.2001-21:00:00,11,18,2001,21,64.008
11.19.2001-00:00:00,11,19,2001,00,63.97
11.19.2001-03:00:00,11,19,2001,03,63.933
11.19.2001-06:00:00,11,19,2001,06,63.895
11.19.2001-09:00:00,11,19,2001,09,63.857
11.19.2001-12:00:00,11,19,2001,12,63.818
11.19.2001-15:00:00,11,19,2001,15,63.78
11.19.2001-18:00:00,11,19,2001,18,63.741
11.19.2001-21:00:00,11,19,2001,21,63.702
11.20.2001-00:00:00,11,20,2001,00,63.663
11.20.2001-03:00:00,11,20,2001,03,63.624
11.20.2001-06:00:00,11,20,2001,06,63.585
11.20.2001-09:00:00,11,20,2001,09,63.545
11.20.2001-12:00:00,11,20,2001,12,63.506
11.20.2001-15:00:00,11,20,2001,15,63.467
11.20.2001-18:00:00,11,20,2001,18,63.427
11.20.2001-21:00:00,11,20,2001,21,63.387
11.21.2001-00:00:00,11,21,2001,00,63.347
11.21.2001-03:00:00,11,21,2001,03,63.307
11.21.2001-06:00:00,11,21,2001,06,63.267
11.21.2001-09:00:00,11,21,2001,09,63.228
11.21.2001-12:00:00,11,21,2001,12,63.115
11.21.2001-15:00:00,11,21,2001,15,63.147
11.21.2001-18:00:00,11,21,2001,18,63.109
11.21.2001-21:00:00,11,21,2001,21,63.069
11.22.2001-00:00:00,11,22,2001,00,63.03
11.22.2001-03:00:00,11,22,2001,03,62.99
11.22.2001-06:00:00,11,22,2001,06,62.951
11.22.2001-09:00:00,11,22,2001,09,62.911
11.22.2001-12:00:00,11,22,2001,12,62.871
11.22.2001-15:00:00,11,22,2001,15,62.832
11.22.2001-18:00:00,11,22,2001,18,62.793
11.22.2001-21:00:00,11,22,2001,21,62.753
11.23.2001-00:00:00,11,23,2001,00,62.713
11.23.2001-03:00:00,11,23,2001,03,62.673
11.23.2001-06:00:00,11,23,2001,06,62.633
11.23.2001-09:00:00,11,23,2001,09,62.594
11.23.2001-12:00:00,11,23,2001,12,62.554
11.23.2001-15:00:00,11,23,2001,15,62.514
11.23.2001-18:00:00,11,23,2001,18,62.474
11.23.2001-21:00:00,11,23,2001,21,62.434
11.24.2001-00:00:00,11,24,2001,00,62.394
11.24.2001-03:00:00,11,24,2001,03,62.354
11.24.2001-06:00:00,11,24,2001,06,62.314
11.24.2001-09:00:00,11,24,2001,09,62.273
11.24.2001-12:00:00,11,24,2001,12,62.234
11.24.2001-15:00:00,11,24,2001,15,62.193
11.24.2001-18:00:00,11,24,2001,18,62.153
11.24.2001-21:00:00,11,24,2001,21,62.112
11.25.2001-00:00:00,11,25,2001,00,62.071
11.25.2001-03:00:00,11,25,2001,03,62.03
11.25.2001-06:00:00,11,25,2001,06,61.989
11.25.2001-09:00:00,11,25,2001,09,61.948
11.25.2001-12:00:00,11,25,2001,12,61.906
11.25.2001-15:00:00,11,25,2001,15,61.865
11.25.2001-18:00:00,11,25,2001,18,61.823
11.25.2001-21:00:00,11,25,2001,21,61.781
11.26.2001-00:00:00,11,26,2001,00,61.739
11.26.2001-03:00:00,11,26,2001,03,61.697
11.26.2001-06:00:00,11,26,2001,06,61.655
11.26.2001-09:00:00,11,26,2001,09,61.612
11.26.2001-12:00:00,11,26,2001,12,61.57
11.26.2001-15:00:00,11,26,2001,15,61.527
11.26.2001-18:00:00,11,26,2001,18,61.485
11.26.2001-21:00:00,11,26,2001,21,61.442
11.27.2001-00:00:00,11,27,2001,00,61.4
11.27.2001-03:00:00,11,27,2001,03,61.357
11.27.2001-06:00:00,11,27,2001,06,61.314
11.27.2001-09:00:00,11,27,2001,09,61.271
11.27.2001-12:00:00,11,27,2001,12,61.229
11.27.2001-15:00:00,11,27,2001,15,61.186
11.27.2001-18:00:00,11,27,2001,18,61.143
11.27.2001-21:00:00,11,27,2001,21,61.099
11.28.2001-00:00:00,11,28,2001,00,61.056
11.28.2001-03:00:00,11,28,2001,03,61.013
11.28.2001-06:00:00,11,28,2001,06,60.97
11.28.2001-09:00:00,11,28,2001,09,60.926
11.28.2001-12:00:00,11,28,2001,12,60.883
11.28.2001-15:00:00,11,28,2001,15,60.84
11.28.2001-18:00:00,11,28,2001,18,60.796
11.28.2001-21:00:00,11,28,2001,21,60.753
11.29.2001-00:00:00,11,29,2001,00,60.71
11.29.2001-03:00:00,11,29,2001,03,60.666
11.29.2001-06:00:00,11,29,2001,06,60.623
11.29.2001-09:00:00,11,29,2001,09,60.579
11.29.2001-12:00:00,11,29,2001,12,60.536
11.29.2001-15:00:00,11,29,2001,15,60.492
11.29.2001-18:00:00,11,29,2001,18,60.448
11.29.2001-21:00:00,11,29,2001,21,60.404
11.30.2001-00:00:00,11,30,2001,00,60.361
11.30.2001-03:00:00,11,30,2001,03,60.317
11.30.2001-06:00:00,11,30,2001,06,60.274
11.30.2001-09:00:00,11,30,2001,09,60.229
11.30.2001-12:00:00,11,30,2001,12,60.185
11.30.2001-15:00:00,11,30,2001,15,60.141
11.30.2001-18:00:00,11,30,2001,18,60.097
11.30.2001-21:00:00,11,30,2001,21,60.053
12.01.2001-00:00:00,12,01,2001,00,60.009
12.01.2001-03:00:00,12,01,2001,03,59.965
12.01.2001-06:00:00,12,01,2001,06,59.921
12.01.2001-09:00:00,12,01,2001,09,59.877
12.01.2001-12:00:00,12,01,2001,12,59.833
12.01.2001-15:00:00,12,01,2001,15,59.788
12.01.2001-18:00:00,12,01,2001,18,59.744
12.01.2001-21:00:00,12,01,2001,21,59.7
12.02.2001-00:00:00,12,02,2001,00,59.656
12.02.2001-03:00:00,12,02,2001,03,59.612
12.02.2001-06:00:00,12,02,2001,06,59.568
12.02.2001-09:00:00,12,02,2001,09,59.523
12.02.2001-12:00:00,12,02,2001,12,59.479
12.02.2001-15:00:00,12,02,2001,15,59.434
12.02.2001-18:00:00,12,02,2001,18,59.39
12.02.2001-21:00:00,12,02,2001,21,59.345
12.03.2001-00:00:00,12,03,2001,00,59.3
12.03.2001-03:00:00,12,03,2001,03,59.256
12.03.2001-06:00:00,12,03,2001,06,59.211
12.03.2001-09:00:00,12,03,2001,09,59.166
12.03.2001-12:00:00,12,03,2001,12,59.121
12.03.2001-15:00:00,12,03,2001,15,59.076
12.03.2001-18:00:00,12,03,2001,18,59.031
12.03.2001-21:00:00,12,03,2001,21,58.985
12.04.2001-00:00:00,12,04,2001,00,58.94
12.04.2001-03:00:00,12,04,2001,03,58.895
12.04.2001-06:00:00,12,04,2001,06,58.849
12.04.2001-09:00:00,12,04,2001,09,58.804
12.04.2001-12:00:00,12,04,2001,12,58.758
12.04.2001-15:00:00,12,04,2001,15,58.712
12.04.2001-18:00:00,12,04,2001,18,58.666
12.04.2001-21:00:00,12,04,2001,21,58.62
12.05.2001-00:00:00,12,05,2001,00,58.574
12.05.2001-03:00:00,12,05,2001,03,58.527
12.05.2001-06:00:00,12,05,2001,06,58.481
12.05.2001-09:00:00,12,05,2001,09,58.435
12.05.2001-12:00:00,12,05,2001,12,58.388
12.05.2001-15:00:00,12,05,2001,15,58.341
12.05.2001-18:00:00,12,05,2001,18,58.294
12.05.2001-21:00:00,12,05,2001,21,58.247
12.06.2001-00:00:00,12,06,2001,00,58.201
12.06.2001-03:00:00,12,06,2001,03,58.153
12.06.2001-06:00:00,12,06,2001,06,58.106
12.06.2001-09:00:00,12,06,2001,09,58.059
12.06.2001-12:00:00,12,06,2001,12,58.012
12.06.2001-15:00:00,12,06,2001,15,57.964
12.06.2001-18:00:00,12,06,2001,18,57.916
12.06.2001-21:00:00,12,06,2001,21,57.869
12.07.2001-00:00:00,12,07,2001,00,57.821
12.07.2001-03:00:00,12,07,2001,03,57.773
12.07.2001-06:00:00,12,07,2001,06,57.726
12.07.2001-09:00:00,12,07,2001,09,57.678
12.07.2001-12:00:00,12,07,2001,12,57.63
12.07.2001-15:00:00,12,07,2001,15,57.582
12.07.2001-18:00:00,12,07,2001,18,57.534
12.07.2001-21:00:00,12,07,2001,21,57.487
12.08.2001-00:00:00,12,08,2001,00,57.438
12.08.2001-03:00:00,12,08,2001,03,57.39
12.08.2001-06:00:00,12,08,2001,06,57.342
12.08.2001-09:00:00,12,08,2001,09,57.294
12.08.2001-12:00:00,12,08,2001,12,57.246
12.08.2001-15:00:00,12,08,2001,15,57.197
12.08.2001-18:00:00,12,08,2001,18,57.149
12.08.2001-21:00:00,12,08,2001,21,57.101
12.09.2001-00:00:00,12,09,2001,00,57.052
12.09.2001-03:00:00,12,09,2001,03,57.004
12.09.2001-06:00:00,12,09,2001,06,56.955
12.09.2001-09:00:00,12,09,2001,09,56.907
12.09.2001-12:00:00,12,09,2001,12,56.858
12.09.2001-15:00:00,12,09,2001,15,56.81
12.09.2001-18:00:00,12,09,2001,18,56.761
12.09.2001-21:00:00,12,09,2001,21,56.713
12.10.2001-00:00:00,12,10,2001,00,56.664
12.10.2001-03:00:00,12,10,2001,03,56.615
12.10.2001-06:00:00,12,10,2001,06,56.566
12.10.2001-09:00:00,12,10,2001,09,56.518
12.10.2001-12:00:00,12,10,2001,12,56.469
12.10.2001-15:00:00,12,10,2001,15,56.42
12.10.2001-18:00:00,12,10,2001,18,56.372
12.10.2001-21:00:00,12,10,2001,21,56.322
12.11.2001-00:00:00,12,11,2001,00,56.274
12.11.2001-03:00:00,12,11,2001,03,56.224
12.11.2001-06:00:00,12,11,2001,06,56.175
12.11.2001-09:00:00,12,11,2001,09,56.126
12.11.2001-12:00:00,12,11,2001,12,56.077
12.11.2001-15:00:00,12,11,2001,15,56.029
12.11.2001-18:00:00,12,11,2001,18,55.979
12.11.2001-21:00:00,12,11,2001,21,55.93
12.12.2001-00:00:00,12,12,2001,00,55.881
12.12.2001-03:00:00,12,12,2001,03,55.831
12.12.2001-06:00:00,12,12,2001,06,55.783
12.12.2001-09:00:00,12,12,2001,09,55.733
12.12.2001-12:00:00,12,12,2001,12,55.684
12.12.2001-15:00:00,12,12,2001,15,55.635
12.12.2001-18:00:00,12,12,2001,18,55.585
12.12.2001-21:00:00,12,12,2001,21,55.536
12.13.2001-00:00:00,12,13,2001,00,55.487
12.13.2001-03:00:00,12,13,2001,03,55.437
12.13.2001-06:00:00,12,13,2001,06,55.388
12.13.2001-09:00:00,12,13,2001,09,55.338
12.13.2001-12:00:00,12,13,2001,12,55.289
12.13.2001-15:00:00,12,13,2001,15,55.239
12.13.2001-18:00:00,12,13,2001,18,55.19
12.13.2001-21:00:00,12,13,2001,21,55.14
12.14.2001-00:00:00,12,14,2001,00,55.091
12.14.2001-03:00:00,12,14,2001,03,55.041
12.14.2001-06:00:00,12,14,2001,06,54.992
12.14.2001-09:00:00,12,14,2001,09,54.942
12.14.2001-12:00:00,12,14,2001,12,54.893
12.14.2001-15:00:00,12,14,2001,15,54.843
12.14.2001-18:00:00,12,14,2001,18,54.793
12.14.2001-21:00:00,12,14,2001,21,54.743
12.15.2001-00:00:00,12,15,2001,00,54.694
12.15.2001-03:00:00,12,15,2001,03,54.643
12.15.2001-06:00:00,12,15,2001,06,54.594
12.15.2001-09:00:00,12,15,2001,09,54.545
12.15.2001-12:00:00,12,15,2001,12,54.494
12.15.2001-15:00:00,12,15,2001,15,54.445
12.15.2001-18:00:00,12,15,2001,18,54.395
12.15.2001-21:00:00,12,15,2001,21,54.345
12.16.2001-00:00:00,12,16,2001,00,54.295
12.16.2001-03:00:00,12,16,2001,03,54.246
12.16.2001-06:00:00,12,16,2001,06,54.196
12.16.2001-09:00:00,12,16,2001,09,54.145
12.16.2001-12:00:00,12,16,2001,12,54.095
12.16.2001-15:00:00,12,16,2001,15,54.045
12.16.2001-18:00:00,12,16,2001,18,53.996
12.16.2001-21:00:00,12,16,2001,21,53.945
12.17.2001-00:00:00,12,17,2001,00,53.895
12.17.2001-03:00:00,12,17,2001,03,53.845
12.17.2001-06:00:00,12,17,2001,06,53.796
12.17.2001-09:00:00,12,17,2001,09,53.745
12.17.2001-12:00:00,12,17,2001,12,53.695
12.17.2001-15:00:00,12,17,2001,15,53.645
12.17.2001-18:00:00,12,17,2001,18,53.595
12.17.2001-21:00:00,12,17,2001,21,53.545
12.18.2001-00:00:00,12,18,2001,00,53.495
12.18.2001-03:00:00,12,18,2001,03,53.445
12.18.2001-06:00:00,12,18,2001,06,53.395
12.18.2001-09:00:00,12,18,2001,09,53.345
12.18.2001-12:00:00,12,18,2001,12,53.294
12.18.2001-15:00:00,12,18,2001,15,53.244
12.18.2001-18:00:00,12,18,2001,18,53.194
12.18.2001-21:00:00,12,18,2001,21,53.144
12.19.2001-00:00:00,12,19,2001,00,53.094
12.19.2001-03:00:00,12,19,2001,03,53.044
12.19.2001-06:00:00,12,19,2001,06,52.994
12.19.2001-09:00:00,12,19,2001,09,52.944
12.19.2001-12:00:00,12,19,2001,12,52.893
12.19.2001-15:00:00,12,19,2001,15,52.843
12.19.2001-18:00:00,12,19,2001,18,52.793
12.19.2001-21:00:00,12,19,2001,21,52.743
12.20.2001-00:00:00,12,20,2001,00,52.693
12.20.2001-03:00:00,12,20,2001,03,52.643
12.20.2001-06:00:00,12,20,2001,06,52.593
12.20.2001-09:00:00,12,20,2001,09,52.543
12.20.2001-12:00:00,12,20,2001,12,52.492
12.20.2001-15:00:00,12,20,2001,15,52.442
12.20.2001-18:00:00,12,20,2001,18,52.392
12.20.2001-21:00:00,12,20,2001,21,52.343
12.21.2001-00:00:00,12,21,2001,00,52.293
12.21.2001-03:00:00,12,21,2001,03,52.243
12.21.2001-06:00:00,12,21,2001,06,52.192
12.21.2001-09:00:00,12,21,2001,09,52.143
12.21.2001-12:00:00,12,21,2001,12,52.093
12.21.2001-15:00:00,12,21,2001,15,52.043
12.21.2001-18:00:00,12,21,2001,18,51.993
12.21.2001-21:00:00,12,21,2001,21,51.943
12.22.2001-00:00:00,12,22,2001,00,51.894
12.22.2001-03:00:00,12,22,2001,03,51.844
12.22.2001-06:00:00,12,22,2001,06,51.794
12.22.2001-09:00:00,12,22,2001,09,51.744
12.22.2001-12:00:00,12,22,2001,12,51.695
12.22.2001-15:00:00,12,22,2001,15,51.645
12.22.2001-18:00:00,12,22,2001,18,51.596
12.22.2001-21:00:00,12,22,2001,21,51.546
12.23.2001-00:00:00,12,23,2001,00,51.496
12.23.2001-03:00:00,12,23,2001,03,51.447
12.23.2001-06:00:00,12,23,2001,06,51.397
12.23.2001-09:00:00,12,23,2001,09,51.348
12.23.2001-12:00:00,12,23,2001,12,51.298
12.23.2001-15:00:00,12,23,2001,15,51.249
12.23.2001-18:00:00,12,23,2001,18,51.199
12.23.2001-21:00:00,12,23,2001,21,51.15
12.24.2001-00:00:00,12,24,2001,00,51.101
12.24.2001-03:00:00,12,24,2001,03,51.051
12.24.2001-06:00:00,12,24,2001,06,51.002
12.24.2001-09:00:00,12,24,2001,09,50.953
12.24.2001-12:00:00,12,24,2001,12,50.904
12.24.2001-15:00:00,12,24,2001,15,50.854
12.24.2001-18:00:00,12,24,2001,18,50.805
12.24.2001-21:00:00,12,24,2001,21,50.756
12.25.2001-00:00:00,12,25,2001,00,50.707
12.25.2001-03:00:00,12,25,2001,03,50.658
12.25.2001-06:00:00,12,25,2001,06,50.609
12.25.2001-09:00:00,12,25,2001,09,50.559
12.25.2001-12:00:00,12,25,2001,12,50.511
12.25.2001-15:00:00,12,25,2001,15,50.462
12.25.2001-18:00:00,12,25,2001,18,50.413
12.25.2001-21:00:00,12,25,2001,21,50.364
12.26.2001-00:00:00,12,26,2001,00,50.315
12.26.2001-03:00:00,12,26,2001,03,50.266
12.26.2001-06:00:00,12,26,2001,06,50.217
12.26.2001-09:00:00,12,26,2001,09,50.169
12.26.2001-12:00:00,12,26,2001,12,50.12
12.26.2001-15:00:00,12,26,2001,15,50.071
12.26.2001-18:00:00,12,26,2001,18,50.022
12.26.2001-21:00:00,12,26,2001,21,49.974
12.27.2001-00:00:00,12,27,2001,00,49.925
12.27.2001-03:00:00,12,27,2001,03,49.876
12.27.2001-06:00:00,12,27,2001,06,49.828
12.27.2001-09:00:00,12,27,2001,09,49.78
12.27.2001-12:00:00,12,27,2001,12,49.731
12.27.2001-15:00:00,12,27,2001,15,49.683
12.27.2001-18:00:00,12,27,2001,18,49.634
12.27.2001-21:00:00,12,27,2001,21,49.586
12.28.2001-00:00:00,12,28,2001,00,49.537
12.28.2001-03:00:00,12,28,2001,03,49.489
12.28.2001-06:00:00,12,28,2001,06,49.441
12.28.2001-09:00:00,12,28,2001,09,49.393
12.28.2001-12:00:00,12,28,2001,12,49.345
12.28.2001-15:00:00,12,28,2001,15,49.297
12.28.2001-18:00:00,12,28,2001,18,49.248
12.28.2001-21:00:00,12,28,2001,21,49.2
12.29.2001-00:00:00,12,29,2001,00,49.152
12.29.2001-03:00:00,12,29,2001,03,49.104
12.29.2001-06:00:00,12,29,2001,06,49.056
12.29.2001-09:00:00,12,29,2001,09,49.008
12.29.2001-12:00:00,12,29,2001,12,48.96
12.29.2001-15:00:00,12,29,2001,15,48.912
12.29.2001-18:00:00,12,29,2001,18,48.864
12.29.2001-21:00:00,12,29,2001,21,48.817
12.30.2001-00:00:00,12,30,2001,00,48.769
12.30.2001-03:00:00,12,30,2001,03,48.721
12.30.2001-06:00:00,12,30,2001,06,48.673
12.30.2001-09:00:00,12,30,2001,09,48.626
12.30.2001-12:00:00,12,30,2001,12,48.587
12.30.2001-15:00:00,12,30,2001,15,48.548
12.30.2001-18:00:00,12,30,2001,18,48.508
12.30.2001-21:00:00,12,30,2001,21,48.469
12.31.2001-00:00:00,12,31,2001,00,48.43
12.31.2001-03:00:00,12,31,2001,03,48.39
12.31.2001-06:00:00,12,31,2001,06,48.351
12.31.2001-09:00:00,12,31,2001,09,48.311
12.31.2001-12:00:00,12,31,2001,12,48.271
12.31.2001-15:00:00,12,31,2001,15,48.232
12.31.2001-18:00:00,12,31,2001,18,48.192
12.31.2001-21:00:00,12,31,2001,21,48.152
01.01.2002-00:00:00,01,01,2002,00,48.112
01.01.2002-03:00:00,01,01,2002,03,48.072
01.01.2002-06:00:00,01,01,2002,06,48.032
01.01.2002-09:00:00,01,01,2002,09,47.992
01.01.2002-12:00:00,01,01,2002,12,47.951
01.01.2002-15:00:00,01,01,2002,15,47.911
01.01.2002-18:00:00,01,01,2002,18,47.873
01.01.2002-21:00:00,01,01,2002,21,47.836
01.02.2002-00:00:00,01,02,2002,00,47.798
01.02.2002-03:00:00,01,02,2002,03,47.761
01.02.2002-06:00:00,01,02,2002,06,47.724
01.02.2002-09:00:00,01,02,2002,09,47.686
01.02.2002-12:00:00,01,02,2002,12,47.649
01.02.2002-15:00:00,01,02,2002,15,47.611
01.02.2002-18:00:00,01,02,2002,18,47.574
01.02.2002-21:00:00,01,02,2002,21,47.536
01.03.2002-00:00:00,01,03,2002,00,47.498
01.03.2002-03:00:00,01,03,2002,03,47.46
01.03.2002-06:00:00,01,03,2002,06,47.422
01.03.2002-09:00:00,01,03,2002,09,47.384
01.03.2002-12:00:00,01,03,2002,12,47.345
01.03.2002-15:00:00,01,03,2002,15,47.307
01.03.2002-18:00:00,01,03,2002,18,47.269
01.03.2002-21:00:00,01,03,2002,21,47.231
01.04.2002-00:00:00,01,04,2002,00,47.192
01.04.2002-03:00:00,01,04,2002,03,47.153
01.04.2002-06:00:00,01,04,2002,06,47.115
01.04.2002-09:00:00,01,04,2002,09,47.076
01.04.2002-12:00:00,01,04,2002,12,47.038
01.04.2002-15:00:00,01,04,2002,15,46.999
01.04.2002-18:00:00,01,04,2002,18,46.96
01.04.2002-21:00:00,01,04,2002,21,46.921
01.05.2002-00:00:00,01,05,2002,00,46.882
01.05.2002-03:00:00,01,05,2002,03,46.843
01.05.2002-06:00:00,01,05,2002,06,46.804
01.05.2002-09:00:00,01,05,2002,09,46.765
01.05.2002-12:00:00,01,05,2002,12,46.726
01.05.2002-15:00:00,01,05,2002,15,46.686
01.05.2002-18:00:00,01,05,2002,18,46.647
01.05.2002-21:00:00,01,05,2002,21,46.607
01.06.2002-00:00:00,01,06,2002,00,46.569
01.06.2002-03:00:00,01,06,2002,03,46.529
01.06.2002-06:00:00,01,06,2002,06,46.489
01.06.2002-09:00:00,01,06,2002,09,46.45
01.06.2002-12:00:00,01,06,2002,12,46.41
01.06.2002-15:00:00,01,06,2002,15,46.37
01.06.2002-18:00:00,01,06,2002,18,46.33
01.06.2002-21:00:00,01,06,2002,21,46.291
01.07.2002-00:00:00,01,07,2002,00,46.251
01.07.2002-03:00:00,01,07,2002,03,46.211
01.07.2002-06:00:00,01,07,2002,06,46.171
01.07.2002-09:00:00,01,07,2002,09,46.131
01.07.2002-12:00:00,01,07,2002,12,46.091
01.07.2002-15:00:00,01,07,2002,15,46.051
01.07.2002-18:00:00,01,07,2002,18,46.011
01.07.2002-21:00:00,01,07,2002,21,45.971
01.08.2002-00:00:00,01,08,2002,00,45.931
01.08.2002-03:00:00,01,08,2002,03,45.891
01.08.2002-06:00:00,01,08,2002,06,45.851
01.08.2002-09:00:00,01,08,2002,09,45.81
01.08.2002-12:00:00,01,08,2002,12,45.77
01.08.2002-15:00:00,01,08,2002,15,45.73
01.08.2002-18:00:00,01,08,2002,18,45.69
01.08.2002-21:00:00,01,08,2002,21,45.649
01.09.2002-00:00:00,01,09,2002,00,45.609
01.09.2002-03:00:00,01,09,2002,03,45.568
01.09.2002-06:00:00,01,09,2002,06,45.528
01.09.2002-09:00:00,01,09,2002,09,45.487
01.09.2002-12:00:00,01,09,2002,12,45.447
01.09.2002-15:00:00,01,09,2002,15,45.406
01.09.2002-18:00:00,01,09,2002,18,45.367
01.09.2002-21:00:00,01,09,2002,21,45.328
01.10.2002-00:00:00,01,10,2002,00,45.29
01.10.2002-03:00:00,01,10,2002,03,45.252
01.10.2002-06:00:00,01,10,2002,06,45.214
01.10.2002-09:00:00,01,10,2002,09,45.176
01.10.2002-12:00:00,01,10,2002,12,45.137
01.10.2002-15:00:00,01,10,2002,15,45.099
01.10.2002-18:00:00,01,10,2002,18,45.06
01.10.2002-21:00:00,01,10,2002,21,45.022
01.11.2002-00:00:00,01,11,2002,00,44.984
01.11.2002-03:00:00,01,11,2002,03,44.945
01.11.2002-06:00:00,01,11,2002,06,44.907
01.11.2002-09:00:00,01,11,2002,09,44.868
01.11.2002-12:00:00,01,11,2002,12,44.829
01.11.2002-15:00:00,01,11,2002,15,44.79
01.11.2002-18:00:00,01,11,2002,18,44.752
01.11.2002-21:00:00,01,11,2002,21,44.713
01.12.2002-00:00:00,01,12,2002,00,44.674
01.12.2002-03:00:00,01,12,2002,03,44.635
01.12.2002-06:00:00,01,12,2002,06,44.596
01.12.2002-09:00:00,01,12,2002,09,44.557
01.12.2002-12:00:00,01,12,2002,12,44.518
01.12.2002-15:00:00,01,12,2002,15,44.479
01.12.2002-18:00:00,01,12,2002,18,44.439
01.12.2002-21:00:00,01,12,2002,21,44.4
01.13.2002-00:00:00,01,13,2002,00,44.361
01.13.2002-03:00:00,01,13,2002,03,44.322
01.13.2002-06:00:00,01,13,2002,06,44.283
01.13.2002-09:00:00,01,13,2002,09,44.244
01.13.2002-12:00:00,01,13,2002,12,44.204
01.13.2002-15:00:00,01,13,2002,15,44.164
01.13.2002-18:00:00,01,13,2002,18,44.125
01.13.2002-21:00:00,01,13,2002,21,44.086
01.14.2002-00:00:00,01,14,2002,00,44.047
01.14.2002-03:00:00,01,14,2002,03,44.007
01.14.2002-06:00:00,01,14,2002,06,43.967
01.14.2002-09:00:00,01,14,2002,09,43.928
01.14.2002-12:00:00,01,14,2002,12,43.888
01.14.2002-15:00:00,01,14,2002,15,43.849
01.14.2002-18:00:00,01,14,2002,18,43.809
01.14.2002-21:00:00,01,14,2002,21,43.769
01.15.2002-00:00:00,01,15,2002,00,43.73
01.15.2002-03:00:00,01,15,2002,03,43.69
01.15.2002-06:00:00,01,15,2002,06,43.65
01.15.2002-09:00:00,01,15,2002,09,43.61
01.15.2002-12:00:00,01,15,2002,12,43.57
01.15.2002-15:00:00,01,15,2002,15,43.531
01.15.2002-18:00:00,01,15,2002,18,43.491
01.15.2002-21:00:00,01,15,2002,21,43.451
01.16.2002-00:00:00,01,16,2002,00,43.411
01.16.2002-03:00:00,01,16,2002,03,43.371
01.16.2002-06:00:00,01,16,2002,06,43.331
01.16.2002-09:00:00,01,16,2002,09,43.291
01.16.2002-12:00:00,01,16,2002,12,43.251
01.16.2002-15:00:00,01,16,2002,15,43.211
01.16.2002-18:00:00,01,16,2002,18,43.171
01.16.2002-21:00:00,01,16,2002,21,43.131
01.17.2002-00:00:00,01,17,2002,00,43.091
01.17.2002-03:00:00,01,17,2002,03,43.051
01.17.2002-06:00:00,01,17,2002,06,43.011
01.17.2002-09:00:00,01,17,2002,09,42.971
01.17.2002-12:00:00,01,17,2002,12,42.93
01.17.2002-15:00:00,01,17,2002,15,42.89
01.17.2002-18:00:00,01,17,2002,18,42.85
01.17.2002-21:00:00,01,17,2002,21,42.81
01.18.2002-00:00:00,01,18,2002,00,42.77
01.18.2002-03:00:00,01,18,2002,03,42.729
01.18.2002-06:00:00,01,18,2002,06,42.689
01.18.2002-09:00:00,01,18,2002,09,42.649
01.18.2002-12:00:00,01,18,2002,12,42.609
01.18.2002-15:00:00,01,18,2002,15,42.569
01.18.2002-18:00:00,01,18,2002,18,42.528
01.18.2002-21:00:00,01,18,2002,21,42.488
01.19.2002-00:00:00,01,19,2002,00,42.448
01.19.2002-03:00:00,01,19,2002,03,42.407
01.19.2002-06:00:00,01,19,2002,06,42.367
01.19.2002-09:00:00,01,19,2002,09,42.327
01.19.2002-12:00:00,01,19,2002,12,42.286
01.19.2002-15:00:00,01,19,2002,15,42.246
01.19.2002-18:00:00,01,19,2002,18,42.206
01.19.2002-21:00:00,01,19,2002,21,42.165
01.20.2002-00:00:00,01,20,2002,00,42.125
01.20.2002-03:00:00,01,20,2002,03,42.084
01.20.2002-06:00:00,01,20,2002,06,42.044
01.20.2002-09:00:00,01,20,2002,09,42.004
01.20.2002-12:00:00,01,20,2002,12,41.963
01.20.2002-15:00:00,01,20,2002,15,41.923
01.20.2002-18:00:00,01,20,2002,18,41.882
01.20.2002-21:00:00,01,20,2002,21,41.842
01.21.2002-00:00:00,01,21,2002,00,41.802
01.21.2002-03:00:00,01,21,2002,03,41.761
01.21.2002-06:00:00,01,21,2002,06,41.721
01.21.2002-09:00:00,01,21,2002,09,41.681
01.21.2002-12:00:00,01,21,2002,12,41.64
01.21.2002-15:00:00,01,21,2002,15,41.6
01.21.2002-18:00:00,01,21,2002,18,41.559
01.21.2002-21:00:00,01,21,2002,21,41.519
01.22.2002-00:00:00,01,22,2002,00,41.478
01.22.2002-03:00:00,01,22,2002,03,41.438
01.22.2002-06:00:00,01,22,2002,06,41.397
01.22.2002-09:00:00,01,22,2002,09,41.357
01.22.2002-12:00:00,01,22,2002,12,41.317
01.22.2002-15:00:00,01,22,2002,15,41.276
01.22.2002-18:00:00,01,22,2002,18,41.236
01.22.2002-21:00:00,01,22,2002,21,41.195
01.23.2002-00:00:00,01,23,2002,00,41.155
01.23.2002-03:00:00,01,23,2002,03,41.115
01.23.2002-06:00:00,01,23,2002,06,41.074
01.23.2002-09:00:00,01,23,2002,09,41.034
01.23.2002-12:00:00,01,23,2002,12,40.994
01.23.2002-15:00:00,01,23,2002,15,40.953
01.23.2002-18:00:00,01,23,2002,18,40.913
01.23.2002-21:00:00,01,23,2002,21,40.872
01.24.2002-00:00:00,01,24,2002,00,40.832
01.24.2002-03:00:00,01,24,2002,03,40.792
01.24.2002-06:00:00,01,24,2002,06,40.751
01.24.2002-09:00:00,01,24,2002,09,40.711
01.24.2002-12:00:00,01,24,2002,12,40.671
01.24.2002-15:00:00,01,24,2002,15,40.63
01.24.2002-18:00:00,01,24,2002,18,40.59
01.24.2002-21:00:00,01,24,2002,21,40.549
01.25.2002-00:00:00,01,25,2002,00,40.509
01.25.2002-03:00:00,01,25,2002,03,40.469
01.25.2002-06:00:00,01,25,2002,06,40.429
01.25.2002-09:00:00,01,25,2002,09,40.388
01.25.2002-12:00:00,01,25,2002,12,40.348
01.25.2002-15:00:00,01,25,2002,15,40.308
01.25.2002-18:00:00,01,25,2002,18,40.267
01.25.2002-21:00:00,01,25,2002,21,40.227
01.26.2002-00:00:00,01,26,2002,00,40.187
01.26.2002-03:00:00,01,26,2002,03,40.147
01.26.2002-06:00:00,01,26,2002,06,40.106
01.26.2002-09:00:00,01,26,2002,09,40.066
01.26.2002-12:00:00,01,26,2002,12,40.026
01.26.2002-15:00:00,01,26,2002,15,39.985
01.26.2002-18:00:00,01,26,2002,18,39.945
01.26.2002-21:00:00,01,26,2002,21,39.905
01.27.2002-00:00:00,01,27,2002,00,39.864
01.27.2002-03:00:00,01,27,2002,03,39.824
01.27.2002-06:00:00,01,27,2002,06,39.784
01.27.2002-09:00:00,01,27,2002,09,39.744
01.27.2002-12:00:00,01,27,2002,12,39.703
01.27.2002-15:00:00,01,27,2002,15,39.663
01.27.2002-18:00:00,01,27,2002,18,39.623
01.27.2002-21:00:00,01,27,2002,21,39.583
01.28.2002-00:00:00,01,28,2002,00,39.542
01.28.2002-03:00:00,01,28,2002,03,39.503
01.28.2002-06:00:00,01,28,2002,06,39.462
01.28.2002-09:00:00,01,28,2002,09,39.422
01.28.2002-12:00:00,01,28,2002,12,39.382
01.28.2002-15:00:00,01,28,2002,15,39.342
01.28.2002-18:00:00,01,28,2002,18,39.302
01.28.2002-21:00:00,01,28,2002,21,39.261
01.29.2002-00:00:00,01,29,2002,00,39.221
01.29.2002-03:00:00,01,29,2002,03,39.182
01.29.2002-06:00:00,01,29,2002,06,39.142
01.29.2002-09:00:00,01,29,2002,09,39.101
01.29.2002-12:00:00,01,29,2002,12,39.061
01.29.2002-15:00:00,01,29,2002,15,39.021
01.29.2002-18:00:00,01,29,2002,18,38.981
01.29.2002-21:00:00,01,29,2002,21,38.942
01.30.2002-00:00:00,01,30,2002,00,38.902
01.30.2002-03:00:00,01,30,2002,03,38.862
01.30.2002-06:00:00,01,30,2002,06,38.821
01.30.2002-09:00:00,01,30,2002,09,38.782
01.30.2002-12:00:00,01,30,2002,12,38.742
01.30.2002-15:00:00,01,30,2002,15,38.702
01.30.2002-18:00:00,01,30,2002,18,38.662
01.30.2002-21:00:00,01,30,2002,21,38.622
01.31.2002-00:00:00,01,31,2002,00,38.582
01.31.2002-03:00:00,01,31,2002,03,38.542
01.31.2002-06:00:00,01,31,2002,06,38.503
01.31.2002-09:00:00,01,31,2002,09,38.463
01.31.2002-12:00:00,01,31,2002,12,38.423
01.31.2002-15:00:00,01,31,2002,15,38.383
01.31.2002-18:00:00,01,31,2002,18,38.343
01.31.2002-21:00:00,01,31,2002,21,38.304
02.01.2002-00:00:00,02,01,2002,00,38.264
02.01.2002-03:00:00,02,01,2002,03,38.224
02.01.2002-06:00:00,02,01,2002,06,38.185
02.01.2002-09:00:00,02,01,2002,09,38.145
02.01.2002-12:00:00,02,01,2002,12,38.106
02.01.2002-15:00:00,02,01,2002,15,38.066
02.01.2002-18:00:00,02,01,2002,18,38.026
02.01.2002-21:00:00,02,01,2002,21,37.987
02.02.2002-00:00:00,02,02,2002,00,37.947
02.02.2002-03:00:00,02,02,2002,03,37.908
02.02.2002-06:00:00,02,02,2002,06,37.868
02.02.2002-09:00:00,02,02,2002,09,37.829
02.02.2002-12:00:00,02,02,2002,12,37.789
02.02.2002-15:00:00,02,02,2002,15,37.749
02.02.2002-18:00:00,02,02,2002,18,37.71
02.02.2002-21:00:00,02,02,2002,21,37.67
02.03.2002-00:00:00,02,03,2002,00,37.631
02.03.2002-03:00:00,02,03,2002,03,37.591
02.03.2002-06:00:00,02,03,2002,06,37.552
02.03.2002-09:00:00,02,03,2002,09,37.512
02.03.2002-12:00:00,02,03,2002,12,37.473
02.03.2002-15:00:00,02,03,2002,15,37.434
02.03.2002-18:00:00,02,03,2002,18,37.395
02.03.2002-21:00:00,02,03,2002,21,37.356
02.04.2002-00:00:00,02,04,2002,00,37.318
02.04.2002-03:00:00,02,04,2002,03,37.281
02.04.2002-06:00:00,02,04,2002,06,37.243
02.04.2002-09:00:00,02,04,2002,09,37.205
02.04.2002-12:00:00,02,04,2002,12,37.167
02.04.2002-15:00:00,02,04,2002,15,37.129
02.04.2002-18:00:00,02,04,2002,18,37.091
02.04.2002-21:00:00,02,04,2002,21,37.053
02.05.2002-00:00:00,02,05,2002,00,37.015
02.05.2002-03:00:00,02,05,2002,03,36.978
02.05.2002-06:00:00,02,05,2002,06,36.939
02.05.2002-09:00:00,02,05,2002,09,36.902
02.05.2002-12:00:00,02,05,2002,12,36.864
02.05.2002-15:00:00,02,05,2002,15,36.826
02.05.2002-18:00:00,02,05,2002,18,36.788
02.05.2002-21:00:00,02,05,2002,21,36.75
02.06.2002-00:00:00,02,06,2002,00,36.713
02.06.2002-03:00:00,02,06,2002,03,36.675
02.06.2002-06:00:00,02,06,2002,06,36.624
02.06.2002-09:00:00,02,06,2002,09,36.599
02.06.2002-12:00:00,02,06,2002,12,36.561
02.06.2002-15:00:00,02,06,2002,15,36.523
02.06.2002-18:00:00,02,06,2002,18,36.486
02.06.2002-21:00:00,02,06,2002,21,36.435
02.07.2002-00:00:00,02,07,2002,00,36.41
02.07.2002-03:00:00,02,07,2002,03,36.372
02.07.2002-06:00:00,02,07,2002,06,36.334
02.07.2002-09:00:00,02,07,2002,09,36.283
02.07.2002-12:00:00,02,07,2002,12,36.259
02.07.2002-15:00:00,02,07,2002,15,36.221
02.07.2002-18:00:00,02,07,2002,18,36.183
02.07.2002-21:00:00,02,07,2002,21,36.146
02.08.2002-00:00:00,02,08,2002,00,36.095
02.08.2002-03:00:00,02,08,2002,03,36.07
02.08.2002-06:00:00,02,08,2002,06,36.033
02.08.2002-09:00:00,02,08,2002,09,35.995
02.08.2002-12:00:00,02,08,2002,12,35.957
02.08.2002-15:00:00,02,08,2002,15,35.92
02.08.2002-18:00:00,02,08,2002,18,35.869
02.08.2002-21:00:00,02,08,2002,21,35.844
02.09.2002-00:00:00,02,09,2002,00,35.806
02.09.2002-03:00:00,02,09,2002,03,35.769
02.09.2002-06:00:00,02,09,2002,06,35.731
02.09.2002-09:00:00,02,09,2002,09,35.693
02.09.2002-12:00:00,02,09,2002,12,35.656
02.09.2002-15:00:00,02,09,2002,15,35.605
02.09.2002-18:00:00,02,09,2002,18,35.58
02.09.2002-21:00:00,02,09,2002,21,35.543
02.10.2002-00:00:00,02,10,2002,00,35.505
02.10.2002-03:00:00,02,10,2002,03,35.468
02.10.2002-06:00:00,02,10,2002,06,35.43
02.10.2002-09:00:00,02,10,2002,09,35.392
02.10.2002-12:00:00,02,10,2002,12,35.341
02.10.2002-15:00:00,02,10,2002,15,35.317
02.10.2002-18:00:00,02,10,2002,18,35.279
02.10.2002-21:00:00,02,10,2002,21,35.241
02.11.2002-00:00:00,02,11,2002,00,35.191
02.11.2002-03:00:00,02,11,2002,03,35.166
02.11.2002-06:00:00,02,11,2002,06,35.128
02.11.2002-09:00:00,02,11,2002,09,35.091
02.11.2002-12:00:00,02,11,2002,12,35.053
02.11.2002-15:00:00,02,11,2002,15,35.015
02.11.2002-18:00:00,02,11,2002,18,34.965
02.11.2002-21:00:00,02,11,2002,21,34.94
02.12.2002-00:00:00,02,12,2002,00,34.902
02.12.2002-03:00:00,02,12,2002,03,34.865
02.12.2002-06:00:00,02,12,2002,06,34.827
02.12.2002-09:00:00,02,12,2002,09,34.789
02.12.2002-12:00:00,02,12,2002,12,34.751
02.12.2002-15:00:00,02,12,2002,15,34.701
02.12.2002-18:00:00,02,12,2002,18,34.676
02.12.2002-21:00:00,02,12,2002,21,34.639
02.13.2002-00:00:00,02,13,2002,00,34.601
02.13.2002-03:00:00,02,13,2002,03,34.563
02.13.2002-06:00:00,02,13,2002,06,34.525
02.13.2002-09:00:00,02,13,2002,09,34.488
02.13.2002-12:00:00,02,13,2002,12,34.45
02.13.2002-15:00:00,02,13,2002,15,34.412
02.13.2002-18:00:00,02,13,2002,18,34.361
02.13.2002-21:00:00,02,13,2002,21,34.337
02.14.2002-00:00:00,02,14,2002,00,34.299
02.14.2002-03:00:00,02,14,2002,03,34.262
02.14.2002-06:00:00,02,14,2002,06,34.224
02.14.2002-09:00:00,02,14,2002,09,34.186
02.14.2002-12:00:00,02,14,2002,12,34.148
02.14.2002-15:00:00,02,14,2002,15,34.098
02.14.2002-18:00:00,02,14,2002,18,34.073
02.14.2002-21:00:00,02,14,2002,21,34.035
02.15.2002-00:00:00,02,15,2002,00,33.998
02.15.2002-03:00:00,02,15,2002,03,33.947
02.15.2002-06:00:00,02,15,2002,06,33.922
02.15.2002-09:00:00,02,15,2002,09,33.885
02.15.2002-12:00:00,02,15,2002,12,33.847
02.15.2002-15:00:00,02,15,2002,15,33.796
02.15.2002-18:00:00,02,15,2002,18,33.758
02.15.2002-21:00:00,02,15,2002,21,33.733
02.16.2002-00:00:00,02,16,2002,00,33.683
02.16.2002-03:00:00,02,16,2002,03,33.645
02.16.2002-06:00:00,02,16,2002,06,33.607
02.16.2002-09:00:00,02,16,2002,09,33.569
02.16.2002-12:00:00,02,16,2002,12,33.531
02.16.2002-15:00:00,02,16,2002,15,33.494
02.16.2002-18:00:00,02,16,2002,18,33.456
02.16.2002-21:00:00,02,16,2002,21,33.418
02.17.2002-00:00:00,02,17,2002,00,33.38
02.17.2002-03:00:00,02,17,2002,03,33.343
02.17.2002-06:00:00,02,17,2002,06,33.306
02.17.2002-09:00:00,02,17,2002,09,33.281
02.17.2002-12:00:00,02,17,2002,12,33.244
02.17.2002-15:00:00,02,17,2002,15,33.193
02.17.2002-18:00:00,02,17,2002,18,33.169
02.17.2002-21:00:00,02,17,2002,21,33.132
02.18.2002-00:00:00,02,18,2002,00,33.094
02.18.2002-03:00:00,02,18,2002,03,33.057
02.18.2002-06:00:00,02,18,2002,06,33.007
02.18.2002-09:00:00,02,18,2002,09,32.982
02.18.2002-12:00:00,02,18,2002,12,32.934
02.18.2002-15:00:00,02,18,2002,15,32.896
02.18.2002-18:00:00,02,18,2002,18,32.859
02.18.2002-21:00:00,02,18,2002,21,32.822
02.19.2002-00:00:00,02,19,2002,00,32.785
02.19.2002-03:00:00,02,19,2002,03,32.735
02.19.2002-06:00:00,02,19,2002,06,32.711
02.19.2002-09:00:00,02,19,2002,09,32.673
02.19.2002-12:00:00,02,19,2002,12,32.63
02.19.2002-15:00:00,02,19,2002,15,32.593
02.19.2002-18:00:00,02,19,2002,18,32.543
02.19.2002-21:00:00,02,19,2002,21,32.52
02.20.2002-00:00:00,02,20,2002,00,32.483
02.20.2002-03:00:00,02,20,2002,03,32.446
02.20.2002-06:00:00,02,20,2002,06,32.409
02.20.2002-09:00:00,02,20,2002,09,32.36
02.20.2002-12:00:00,02,20,2002,12,32.318
02.20.2002-15:00:00,02,20,2002,15,32.281
02.20.2002-18:00:00,02,20,2002,18,32.245
02.20.2002-21:00:00,02,20,2002,21,32.208
02.21.2002-00:00:00,02,21,2002,00,32.171
02.21.2002-03:00:00,02,21,2002,03,32.135
02.21.2002-06:00:00,02,21,2002,06,32.085
02.21.2002-09:00:00,02,21,2002,09,32.062
02.21.2002-12:00:00,02,21,2002,12,32.026
02.21.2002-15:00:00,02,21,2002,15,31.989
02.21.2002-18:00:00,02,21,2002,18,31.953
02.21.2002-21:00:00,02,21,2002,21,31.917
02.22.2002-00:00:00,02,22,2002,00,31.881
02.22.2002-03:00:00,02,22,2002,03,31.844
02.22.2002-06:00:00,02,22,2002,06,31.808
02.22.2002-09:00:00,02,22,2002,09,31.758
02.22.2002-12:00:00,02,22,2002,12,31.707
02.22.2002-15:00:00,02,22,2002,15,31.667
02.22.2002-18:00:00,02,22,2002,18,31.617
02.22.2002-21:00:00,02,22,2002,21,31.595
02.23.2002-00:00:00,02,23,2002,00,31.559
02.23.2002-03:00:00,02,23,2002,03,31.523
02.23.2002-06:00:00,02,23,2002,06,31.487
02.23.2002-09:00:00,02,23,2002,09,31.451
02.23.2002-12:00:00,02,23,2002,12,31.416
02.23.2002-15:00:00,02,23,2002,15,31.38
02.23.2002-18:00:00,02,23,2002,18,31.344
02.23.2002-21:00:00,02,23,2002,21,31.295
02.24.2002-00:00:00,02,24,2002,00,31.273
02.24.2002-03:00:00,02,24,2002,03,31.237
02.24.2002-06:00:00,02,24,2002,06,31.201
02.24.2002-09:00:00,02,24,2002,09,31.166
02.24.2002-12:00:00,02,24,2002,12,31.117
02.24.2002-15:00:00,02,24,2002,15,31.094
02.24.2002-18:00:00,02,24,2002,18,31.059
02.24.2002-21:00:00,02,24,2002,21,31.01
02.25.2002-00:00:00,02,25,2002,00,30.987
02.25.2002-03:00:00,02,25,2002,03,30.952
02.25.2002-06:00:00,02,25,2002,06,30.904
02.25.2002-09:00:00,02,25,2002,09,30.867
02.25.2002-12:00:00,02,25,2002,12,30.832
02.25.2002-15:00:00,02,25,2002,15,30.796
02.25.2002-18:00:00,02,25,2002,18,30.76
02.25.2002-21:00:00,02,25,2002,21,30.725
02.26.2002-00:00:00,02,26,2002,00,30.69
02.26.2002-03:00:00,02,26,2002,03,30.654
02.26.2002-06:00:00,02,26,2002,06,30.618
02.26.2002-09:00:00,02,26,2002,09,30.583
02.26.2002-12:00:00,02,26,2002,12,30.548
02.26.2002-15:00:00,02,26,2002,15,30.512
02.26.2002-18:00:00,02,26,2002,18,30.477
02.26.2002-21:00:00,02,26,2002,21,30.442
02.27.2002-00:00:00,02,27,2002,00,30.407
02.27.2002-03:00:00,02,27,2002,03,30.371
02.27.2002-06:00:00,02,27,2002,06,30.336
02.27.2002-09:00:00,02,27,2002,09,30.301
02.27.2002-12:00:00,02,27,2002,12,30.266
02.27.2002-15:00:00,02,27,2002,15,30.244
02.27.2002-18:00:00,02,27,2002,18,30.197
02.27.2002-21:00:00,02,27,2002,21,30.175
02.28.2002-00:00:00,02,28,2002,00,30.14
02.28.2002-03:00:00,02,28,2002,03,30.105
02.28.2002-06:00:00,02,28,2002,06,30.07
02.28.2002-09:00:00,02,28,2002,09,30.023
02.28.2002-12:00:00,02,28,2002,12,30.001
02.28.2002-15:00:00,02,28,2002,15,29.966
02.28.2002-18:00:00,02,28,2002,18,29.932
02.28.2002-21:00:00,02,28,2002,21,29.897
03.01.2002-00:00:00,03,01,2002,00,29.85
03.01.2002-03:00:00,03,01,2002,03,29.828
03.01.2002-06:00:00,03,01,2002,06,29.794
03.01.2002-09:00:00,03,01,2002,09,29.759
03.01.2002-12:00:00,03,01,2002,12,29.711
03.01.2002-15:00:00,03,01,2002,15,29.663
03.01.2002-18:00:00,03,01,2002,18,29.641
03.01.2002-21:00:00,03,01,2002,21,29.607
03.02.2002-00:00:00,03,02,2002,00,29.573
03.02.2002-03:00:00,03,02,2002,03,29.539
03.02.2002-06:00:00,03,02,2002,06,29.492
03.02.2002-09:00:00,03,02,2002,09,29.47
03.02.2002-12:00:00,03,02,2002,12,29.437
03.02.2002-15:00:00,03,02,2002,15,29.403
03.02.2002-18:00:00,03,02,2002,18,29.369
03.02.2002-21:00:00,03,02,2002,21,29.321
03.03.2002-00:00:00,03,03,2002,00,29.3
03.03.2002-03:00:00,03,03,2002,03,29.267
03.03.2002-06:00:00,03,03,2002,06,29.233
03.03.2002-09:00:00,03,03,2002,09,29.186
03.03.2002-12:00:00,03,03,2002,12,29.152
03.03.2002-15:00:00,03,03,2002,15,29.118
03.03.2002-18:00:00,03,03,2002,18,29.072
03.03.2002-21:00:00,03,03,2002,21,29.038
03.04.2002-00:00:00,03,04,2002,00,29.017
03.04.2002-03:00:00,03,04,2002,03,28.984
03.04.2002-06:00:00,03,04,2002,06,28.937
03.04.2002-09:00:00,03,04,2002,09,28.908
03.04.2002-12:00:00,03,04,2002,12,28.854
03.04.2002-15:00:00,03,04,2002,15,28.82
03.04.2002-18:00:00,03,04,2002,18,28.787
03.04.2002-21:00:00,03,04,2002,21,28.741
03.05.2002-00:00:00,03,05,2002,00,28.721
03.05.2002-03:00:00,03,05,2002,03,28.688
03.05.2002-06:00:00,03,05,2002,06,28.655
03.05.2002-09:00:00,03,05,2002,09,28.622
03.05.2002-12:00:00,03,05,2002,12,28.561
03.05.2002-15:00:00,03,05,2002,15,28.541
03.05.2002-18:00:00,03,05,2002,18,28.509
03.05.2002-21:00:00,03,05,2002,21,28.476
03.06.2002-00:00:00,03,06,2002,00,28.443
03.06.2002-03:00:00,03,06,2002,03,28.41
03.06.2002-06:00:00,03,06,2002,06,28.365
03.06.2002-09:00:00,03,06,2002,09,28.345
03.06.2002-12:00:00,03,06,2002,12,28.312
03.06.2002-15:00:00,03,06,2002,15,28.28
03.06.2002-18:00:00,03,06,2002,18,28.247
03.06.2002-21:00:00,03,06,2002,21,28.215
03.07.2002-00:00:00,03,07,2002,00,28.169
03.07.2002-03:00:00,03,07,2002,03,28.149
03.07.2002-06:00:00,03,07,2002,06,28.117
03.07.2002-09:00:00,03,07,2002,09,28.085
03.07.2002-12:00:00,03,07,2002,12,28.039
03.07.2002-15:00:00,03,07,2002,15,28.02
03.07.2002-18:00:00,03,07,2002,18,27.988
03.07.2002-21:00:00,03,07,2002,21,27.955
03.08.2002-00:00:00,03,08,2002,00,27.91
03.08.2002-03:00:00,03,08,2002,03,27.89
03.08.2002-06:00:00,03,08,2002,06,27.845
03.08.2002-09:00:00,03,08,2002,09,27.812
03.08.2002-12:00:00,03,08,2002,12,27.78
03.08.2002-15:00:00,03,08,2002,15,27.748
03.08.2002-18:00:00,03,08,2002,18,27.715
03.08.2002-21:00:00,03,08,2002,21,27.683
03.09.2002-00:00:00,03,09,2002,00,27.651
03.09.2002-03:00:00,03,09,2002,03,27.619
03.09.2002-06:00:00,03,09,2002,06,27.586
03.09.2002-09:00:00,03,09,2002,09,27.554
03.09.2002-12:00:00,03,09,2002,12,27.522
03.09.2002-15:00:00,03,09,2002,15,27.49
03.09.2002-18:00:00,03,09,2002,18,27.458
03.09.2002-21:00:00,03,09,2002,21,27.427
03.10.2002-00:00:00,03,10,2002,00,27.395
03.10.2002-03:00:00,03,10,2002,03,27.362
03.10.2002-06:00:00,03,10,2002,06,27.331
03.10.2002-09:00:00,03,10,2002,09,27.299
03.10.2002-12:00:00,03,10,2002,12,27.28
03.10.2002-15:00:00,03,10,2002,15,27.236
03.10.2002-18:00:00,03,10,2002,18,27.217
03.10.2002-21:00:00,03,10,2002,21,27.186
03.11.2002-00:00:00,03,11,2002,00,27.155
03.11.2002-03:00:00,03,11,2002,03,27.11
03.11.2002-06:00:00,03,11,2002,06,27.091
03.11.2002-09:00:00,03,11,2002,09,27.06
03.11.2002-12:00:00,03,11,2002,12,27.029
03.11.2002-15:00:00,03,11,2002,15,26.998
03.11.2002-18:00:00,03,11,2002,18,26.953
03.11.2002-21:00:00,03,11,2002,21,26.935
03.12.2002-00:00:00,03,12,2002,00,26.904
03.12.2002-03:00:00,03,12,2002,03,26.873
03.12.2002-06:00:00,03,12,2002,06,26.828
03.12.2002-09:00:00,03,12,2002,09,26.807
03.12.2002-12:00:00,03,12,2002,12,26.767
03.12.2002-15:00:00,03,12,2002,15,26.736
03.12.2002-18:00:00,03,12,2002,18,26.705
03.12.2002-21:00:00,03,12,2002,21,26.661
03.13.2002-00:00:00,03,13,2002,00,26.643
03.13.2002-03:00:00,03,13,2002,03,26.612
03.13.2002-06:00:00,03,13,2002,06,26.582
03.13.2002-09:00:00,03,13,2002,09,26.551
03.13.2002-12:00:00,03,13,2002,12,26.497
03.13.2002-15:00:00,03,13,2002,15,26.479
03.13.2002-18:00:00,03,13,2002,18,26.449
03.13.2002-21:00:00,03,13,2002,21,26.418
03.14.2002-00:00:00,03,14,2002,00,26.388
03.14.2002-03:00:00,03,14,2002,03,26.344
03.14.2002-06:00:00,03,14,2002,06,26.326
03.14.2002-09:00:00,03,14,2002,09,26.293
03.14.2002-12:00:00,03,14,2002,12,26.25
03.14.2002-15:00:00,03,14,2002,15,26.206
03.14.2002-18:00:00,03,14,2002,18,26.175
03.14.2002-21:00:00,03,14,2002,21,26.145
03.15.2002-00:00:00,03,15,2002,00,26.115
03.15.2002-03:00:00,03,15,2002,03,26.084
03.15.2002-06:00:00,03,15,2002,06,26.054
03.15.2002-09:00:00,03,15,2002,09,26.025
03.15.2002-12:00:00,03,15,2002,12,25.994
03.15.2002-15:00:00,03,15,2002,15,25.964
03.15.2002-18:00:00,03,15,2002,18,25.934
03.15.2002-21:00:00,03,15,2002,21,25.904
03.16.2002-00:00:00,03,16,2002,00,25.875
03.16.2002-03:00:00,03,16,2002,03,25.845
03.16.2002-06:00:00,03,16,2002,06,25.815
03.16.2002-09:00:00,03,16,2002,09,25.786
03.16.2002-12:00:00,03,16,2002,12,25.756
03.16.2002-15:00:00,03,16,2002,15,25.727
03.16.2002-18:00:00,03,16,2002,18,25.698
03.16.2002-21:00:00,03,16,2002,21,25.668
03.17.2002-00:00:00,03,17,2002,00,25.64
03.17.2002-03:00:00,03,17,2002,03,25.61
03.17.2002-06:00:00,03,17,2002,06,25.581
03.17.2002-09:00:00,03,17,2002,09,25.552
03.17.2002-12:00:00,03,17,2002,12,25.523
03.17.2002-15:00:00,03,17,2002,15,25.494
03.17.2002-18:00:00,03,17,2002,18,25.465
03.17.2002-21:00:00,03,17,2002,21,25.437
03.18.2002-00:00:00,03,18,2002,00,25.408
03.18.2002-03:00:00,03,18,2002,03,25.38
03.18.2002-06:00:00,03,18,2002,06,25.351
03.18.2002-09:00:00,03,18,2002,09,25.322
03.18.2002-12:00:00,03,18,2002,12,25.294
03.18.2002-15:00:00,03,18,2002,15,25.265
03.18.2002-18:00:00,03,18,2002,18,25.237
03.18.2002-21:00:00,03,18,2002,21,25.208
03.19.2002-00:00:00,03,19,2002,00,25.18
03.19.2002-03:00:00,03,19,2002,03,25.152
03.19.2002-06:00:00,03,19,2002,06,25.124
03.19.2002-09:00:00,03,19,2002,09,25.095
03.19.2002-12:00:00,03,19,2002,12,25.067
03.19.2002-15:00:00,03,19,2002,15,25.039
03.19.2002-18:00:00,03,19,2002,18,25.011
03.19.2002-21:00:00,03,19,2002,21,24.983
03.20.2002-00:00:00,03,20,2002,00,24.955
03.20.2002-03:00:00,03,20,2002,03,24.927
03.20.2002-06:00:00,03,20,2002,06,24.899
03.20.2002-09:00:00,03,20,2002,09,24.871
03.20.2002-12:00:00,03,20,2002,12,24.843
03.20.2002-15:00:00,03,20,2002,15,24.816
03.20.2002-18:00:00,03,20,2002,18,24.788
03.20.2002-21:00:00,03,20,2002,21,24.76
03.21.2002-00:00:00,03,21,2002,00,24.746
03.21.2002-03:00:00,03,21,2002,03,24.705
03.21.2002-06:00:00,03,21,2002,06,24.678
03.21.2002-09:00:00,03,21,2002,09,24.65
03.21.2002-12:00:00,03,21,2002,12,24.623
03.21.2002-15:00:00,03,21,2002,15,24.595
03.21.2002-18:00:00,03,21,2002,18,24.568
03.21.2002-21:00:00,03,21,2002,21,24.54
03.22.2002-00:00:00,03,22,2002,00,24.513
03.22.2002-03:00:00,03,22,2002,03,24.486
03.22.2002-06:00:00,03,22,2002,06,24.459
03.22.2002-09:00:00,03,22,2002,09,24.428
03.22.2002-12:00:00,03,22,2002,12,24.401
03.22.2002-15:00:00,03,22,2002,15,24.361
03.22.2002-18:00:00,03,22,2002,18,24.347
03.22.2002-21:00:00,03,22,2002,21,24.32
03.23.2002-00:00:00,03,23,2002,00,24.293
03.23.2002-03:00:00,03,23,2002,03,24.254
03.23.2002-06:00:00,03,23,2002,06,24.24
03.23.2002-09:00:00,03,23,2002,09,24.197
03.23.2002-12:00:00,03,23,2002,12,24.148
03.23.2002-15:00:00,03,23,2002,15,24.114
03.23.2002-18:00:00,03,23,2002,18,24.074
03.23.2002-21:00:00,03,23,2002,21,24.061
03.24.2002-00:00:00,03,24,2002,00,24.035
03.24.2002-03:00:00,03,24,2002,03,24.009
03.24.2002-06:00:00,03,24,2002,06,23.982
03.24.2002-09:00:00,03,24,2002,09,23.937
03.24.2002-12:00:00,03,24,2002,12,23.875
03.24.2002-15:00:00,03,24,2002,15,23.852
03.24.2002-18:00:00,03,24,2002,18,23.826
03.24.2002-21:00:00,03,24,2002,21,23.8
03.25.2002-00:00:00,03,25,2002,00,23.775
03.25.2002-03:00:00,03,25,2002,03,23.736
03.25.2002-06:00:00,03,25,2002,06,23.723
03.25.2002-09:00:00,03,25,2002,09,23.678
03.25.2002-12:00:00,03,25,2002,12,23.627
03.25.2002-15:00:00,03,25,2002,15,23.578
03.25.2002-18:00:00,03,25,2002,18,23.566
03.25.2002-21:00:00,03,25,2002,21,23.541
03.26.2002-00:00:00,03,26,2002,00,23.516
03.26.2002-03:00:00,03,26,2002,03,23.478
03.26.2002-06:00:00,03,26,2002,06,23.466
03.26.2002-09:00:00,03,26,2002,09,23.434
03.26.2002-12:00:00,03,26,2002,12,23.4
03.26.2002-15:00:00,03,26,2002,15,23.359
03.26.2002-18:00:00,03,26,2002,18,23.333
03.26.2002-21:00:00,03,26,2002,21,23.308
03.27.2002-00:00:00,03,27,2002,00,23.284
03.27.2002-03:00:00,03,27,2002,03,23.259
03.27.2002-06:00:00,03,27,2002,06,23.234
03.27.2002-09:00:00,03,27,2002,09,23.205
03.27.2002-12:00:00,03,27,2002,12,23.175
03.27.2002-15:00:00,03,27,2002,15,23.151
03.27.2002-18:00:00,03,27,2002,18,23.126
03.27.2002-21:00:00,03,27,2002,21,23.101
03.28.2002-00:00:00,03,28,2002,00,23.076
03.28.2002-03:00:00,03,28,2002,03,23.051
03.28.2002-06:00:00,03,28,2002,06,23.027
03.28.2002-09:00:00,03,28,2002,09,22.991
03.28.2002-12:00:00,03,28,2002,12,22.953
03.28.2002-15:00:00,03,28,2002,15,22.922
03.28.2002-18:00:00,03,28,2002,18,22.897
03.28.2002-21:00:00,03,28,2002,21,22.873
03.29.2002-00:00:00,03,29,2002,00,22.849
03.29.2002-03:00:00,03,29,2002,03,22.825
03.29.2002-06:00:00,03,29,2002,06,22.8
03.29.2002-09:00:00,03,29,2002,09,22.768
03.29.2002-12:00:00,03,29,2002,12,22.733
03.29.2002-15:00:00,03,29,2002,15,22.704
03.29.2002-18:00:00,03,29,2002,18,22.68
03.29.2002-21:00:00,03,29,2002,21,22.669
03.30.2002-00:00:00,03,30,2002,00,22.645
03.30.2002-03:00:00,03,30,2002,03,22.609
03.30.2002-06:00:00,03,30,2002,06,22.598
03.30.2002-09:00:00,03,30,2002,09,22.562
03.30.2002-12:00:00,03,30,2002,12,22.523
03.30.2002-15:00:00,03,30,2002,15,22.477
03.30.2002-18:00:00,03,30,2002,18,22.466
03.30.2002-21:00:00,03,30,2002,21,22.443
03.31.2002-00:00:00,03,31,2002,00,22.42
03.31.2002-03:00:00,03,31,2002,03,22.396
03.31.2002-06:00:00,03,31,2002,06,22.36
03.31.2002-09:00:00,03,31,2002,09,22.341
03.31.2002-12:00:00,03,31,2002,12,22.306
03.31.2002-15:00:00,03,31,2002,15,22.277
03.31.2002-18:00:00,03,31,2002,18,22.253
03.31.2002-21:00:00,03,31,2002,21,22.217
04.01.2002-00:00:00,04,01,2002,00,22.207
04.01.2002-03:00:00,04,01,2002,03,22.184
04.01.2002-06:00:00,04,01,2002,06,22.161
04.01.2002-09:00:00,04,01,2002,09,22.132
04.01.2002-12:00:00,04,01,2002,12,22.089
04.01.2002-15:00:00,04,01,2002,15,22.076
04.01.2002-18:00:00,04,01,2002,18,22.054
04.01.2002-21:00:00,04,01,2002,21,22.03
04.02.2002-00:00:00,04,02,2002,00,21.995
04.02.2002-03:00:00,04,02,2002,03,21.985
04.02.2002-06:00:00,04,02,2002,06,21.962
04.02.2002-09:00:00,04,02,2002,09,21.934
04.02.2002-12:00:00,04,02,2002,12,21.89
04.02.2002-15:00:00,04,02,2002,15,21.878
04.02.2002-18:00:00,04,02,2002,18,21.856
04.02.2002-21:00:00,04,02,2002,21,21.82
04.03.2002-00:00:00,04,03,2002,00,21.81
04.03.2002-03:00:00,04,03,2002,03,21.774
04.03.2002-06:00:00,04,03,2002,06,21.751
04.03.2002-09:00:00,04,03,2002,09,21.717
04.03.2002-12:00:00,04,03,2002,12,21.68
04.03.2002-15:00:00,04,03,2002,15,21.665
04.03.2002-18:00:00,04,03,2002,18,21.63
04.03.2002-21:00:00,04,03,2002,21,21.607
04.04.2002-00:00:00,04,04,2002,00,21.584
04.04.2002-03:00:00,04,04,2002,03,21.562
04.04.2002-06:00:00,04,04,2002,06,21.539
04.04.2002-09:00:00,04,04,2002,09,21.502
04.04.2002-12:00:00,04,04,2002,12,21.461
04.04.2002-15:00:00,04,04,2002,15,21.43
04.04.2002-18:00:00,04,04,2002,18,21.407
04.04.2002-21:00:00,04,04,2002,21,21.385
04.05.2002-00:00:00,04,05,2002,00,21.362
04.05.2002-03:00:00,04,05,2002,03,21.341
04.05.2002-06:00:00,04,05,2002,06,21.318
04.05.2002-09:00:00,04,05,2002,09,21.285
04.05.2002-12:00:00,04,05,2002,12,21.249
04.05.2002-15:00:00,04,05,2002,15,21.221
04.05.2002-18:00:00,04,05,2002,18,21.199
04.05.2002-21:00:00,04,05,2002,21,21.177
04.06.2002-00:00:00,04,06,2002,00,21.155
04.06.2002-03:00:00,04,06,2002,03,21.133
04.06.2002-06:00:00,04,06,2002,06,21.112
04.06.2002-09:00:00,04,06,2002,09,21.08
04.06.2002-12:00:00,04,06,2002,12,21.046
04.06.2002-15:00:00,04,06,2002,15,21.018
04.06.2002-18:00:00,04,06,2002,18,20.997
04.06.2002-21:00:00,04,06,2002,21,20.975
04.07.2002-00:00:00,04,07,2002,00,20.954
04.07.2002-03:00:00,04,07,2002,03,20.946
04.07.2002-06:00:00,04,07,2002,06,20.924
04.07.2002-09:00:00,04,07,2002,09,20.895
04.07.2002-12:00:00,04,07,2002,12,20.851
04.07.2002-15:00:00,04,07,2002,15,20.838
04.07.2002-18:00:00,04,07,2002,18,20.817
04.07.2002-21:00:00,04,07,2002,21,20.795
04.08.2002-00:00:00,04,08,2002,00,20.774
04.08.2002-03:00:00,04,08,2002,03,20.74
04.08.2002-06:00:00,04,08,2002,06,20.732
04.08.2002-09:00:00,04,08,2002,09,20.7
04.08.2002-12:00:00,04,08,2002,12,20.664
04.08.2002-15:00:00,04,08,2002,15,20.637
04.08.2002-18:00:00,04,08,2002,18,20.603
04.08.2002-21:00:00,04,08,2002,21,20.595
04.09.2002-00:00:00,04,09,2002,00,20.574
04.09.2002-03:00:00,04,09,2002,03,20.553
04.09.2002-06:00:00,04,09,2002,06,20.519
04.09.2002-09:00:00,04,09,2002,09,20.506
04.09.2002-12:00:00,04,09,2002,12,20.479
04.09.2002-15:00:00,04,09,2002,15,20.455
04.09.2002-18:00:00,04,09,2002,18,20.435
04.09.2002-21:00:00,04,09,2002,21,20.401
04.10.2002-00:00:00,04,10,2002,00,20.393
04.10.2002-03:00:00,04,10,2002,03,20.372
04.10.2002-06:00:00,04,10,2002,06,20.351
04.10.2002-09:00:00,04,10,2002,09,20.316
04.10.2002-12:00:00,04,10,2002,12,20.265
04.10.2002-15:00:00,04,10,2002,15,20.25
04.10.2002-18:00:00,04,10,2002,18,20.229
04.10.2002-21:00:00,04,10,2002,21,20.196
04.11.2002-00:00:00,04,11,2002,00,20.188
04.11.2002-03:00:00,04,11,2002,03,20.167
04.11.2002-06:00:00,04,11,2002,06,20.131
04.11.2002-09:00:00,04,11,2002,09,20.098
04.11.2002-12:00:00,04,11,2002,12,20.062
04.11.2002-15:00:00,04,11,2002,15,20.035
04.11.2002-18:00:00,04,11,2002,18,20.014
04.11.2002-21:00:00,04,11,2002,21,19.994
04.12.2002-00:00:00,04,12,2002,00,19.974
04.12.2002-03:00:00,04,12,2002,03,19.954
04.12.2002-06:00:00,04,12,2002,06,19.933
04.12.2002-09:00:00,04,12,2002,09,19.898
04.12.2002-12:00:00,04,12,2002,12,19.861
04.12.2002-15:00:00,04,12,2002,15,19.833
04.12.2002-18:00:00,04,12,2002,18,19.813
04.12.2002-21:00:00,04,12,2002,21,19.792
04.13.2002-00:00:00,04,13,2002,00,19.772
04.13.2002-03:00:00,04,13,2002,03,19.752
04.13.2002-06:00:00,04,13,2002,06,19.73
04.13.2002-09:00:00,04,13,2002,09,19.698
04.13.2002-12:00:00,04,13,2002,12,19.664
04.13.2002-15:00:00,04,13,2002,15,19.639
04.13.2002-18:00:00,04,13,2002,18,19.618
04.13.2002-21:00:00,04,13,2002,21,19.599
04.14.2002-00:00:00,04,14,2002,00,19.579
04.14.2002-03:00:00,04,14,2002,03,19.56
04.14.2002-06:00:00,04,14,2002,06,19.539
04.14.2002-09:00:00,04,14,2002,09,19.506
04.14.2002-12:00:00,04,14,2002,12,19.47
04.14.2002-15:00:00,04,14,2002,15,19.444
04.14.2002-18:00:00,04,14,2002,18,19.424
04.14.2002-21:00:00,04,14,2002,21,19.405
04.15.2002-00:00:00,04,15,2002,00,19.385
04.15.2002-03:00:00,04,15,2002,03,19.366
04.15.2002-06:00:00,04,15,2002,06,19.347
04.15.2002-09:00:00,04,15,2002,09,19.322
04.15.2002-12:00:00,04,15,2002,12,19.298
04.15.2002-15:00:00,04,15,2002,15,19.277
04.15.2002-18:00:00,04,15,2002,18,19.258
04.15.2002-21:00:00,04,15,2002,21,19.239
04.16.2002-00:00:00,04,16,2002,00,19.219
04.16.2002-03:00:00,04,16,2002,03,19.199
04.16.2002-06:00:00,04,16,2002,06,19.18
04.16.2002-09:00:00,04,16,2002,09,19.157
04.16.2002-12:00:00,04,16,2002,12,19.132
04.16.2002-15:00:00,04,16,2002,15,19.11
04.16.2002-18:00:00,04,16,2002,18,19.091
04.16.2002-21:00:00,04,16,2002,21,19.071
04.17.2002-00:00:00,04,17,2002,00,19.052
04.17.2002-03:00:00,04,17,2002,03,19.033
04.17.2002-06:00:00,04,17,2002,06,19.014
04.17.2002-09:00:00,04,17,2002,09,18.986
04.17.2002-12:00:00,04,17,2002,12,18.956
04.17.2002-15:00:00,04,17,2002,15,18.932
04.17.2002-18:00:00,04,17,2002,18,18.913
04.17.2002-21:00:00,04,17,2002,21,18.906
04.18.2002-00:00:00,04,18,2002,00,18.875
04.18.2002-03:00:00,04,18,2002,03,18.869
04.18.2002-06:00:00,04,18,2002,06,18.851
04.18.2002-09:00:00,04,18,2002,09,18.82
04.18.2002-12:00:00,04,18,2002,12,18.772
04.18.2002-15:00:00,04,18,2002,15,18.759
04.18.2002-18:00:00,04,18,2002,18,18.741
04.18.2002-21:00:00,04,18,2002,21,18.722
04.19.2002-00:00:00,04,19,2002,00,18.691
04.19.2002-03:00:00,04,19,2002,03,18.686
04.19.2002-06:00:00,04,19,2002,06,18.668
04.19.2002-09:00:00,04,19,2002,09,18.634
04.19.2002-12:00:00,04,19,2002,12,18.598
04.19.2002-15:00:00,04,19,2002,15,18.572
04.19.2002-18:00:00,04,19,2002,18,18.54
04.19.2002-21:00:00,04,19,2002,21,18.535
04.20.2002-00:00:00,04,20,2002,00,18.517
04.20.2002-03:00:00,04,20,2002,03,18.499
04.20.2002-06:00:00,04,20,2002,06,18.465
04.20.2002-09:00:00,04,20,2002,09,18.445
04.20.2002-12:00:00,04,20,2002,12,18.41
04.20.2002-15:00:00,04,20,2002,15,18.384
04.20.2002-18:00:00,04,20,2002,18,18.365
04.20.2002-21:00:00,04,20,2002,21,18.334
04.21.2002-00:00:00,04,21,2002,00,18.329
04.21.2002-03:00:00,04,21,2002,03,18.312
04.21.2002-06:00:00,04,21,2002,06,18.291
04.21.2002-09:00:00,04,21,2002,09,18.255
04.21.2002-12:00:00,04,21,2002,12,18.244
04.21.2002-15:00:00,04,21,2002,15,18.223
04.21.2002-18:00:00,04,21,2002,18,18.207
04.21.2002-21:00:00,04,21,2002,21,18.18
04.22.2002-00:00:00,04,22,2002,00,18.165
04.22.2002-03:00:00,04,22,2002,03,18.149
04.22.2002-06:00:00,04,22,2002,06,18.129
04.22.2002-09:00:00,04,22,2002,09,18.103
04.22.2002-12:00:00,04,22,2002,12,18.076
04.22.2002-15:00:00,04,22,2002,15,18.056
04.22.2002-18:00:00,04,22,2002,18,18.042
04.22.2002-21:00:00,04,22,2002,21,18.028
04.23.2002-00:00:00,04,23,2002,00,18.013
04.23.2002-03:00:00,04,23,2002,03,17.997
04.23.2002-06:00:00,04,23,2002,06,17.98
04.23.2002-09:00:00,04,23,2002,09,17.958
04.23.2002-12:00:00,04,23,2002,12,17.935
04.23.2002-15:00:00,04,23,2002,15,17.916
04.23.2002-18:00:00,04,23,2002,18,17.9
04.23.2002-21:00:00,04,23,2002,21,17.884
04.24.2002-00:00:00,04,24,2002,00,17.868
04.24.2002-03:00:00,04,24,2002,03,17.852
04.24.2002-06:00:00,04,24,2002,06,17.837
04.24.2002-09:00:00,04,24,2002,09,17.811
04.24.2002-12:00:00,04,24,2002,12,17.789
04.24.2002-15:00:00,04,24,2002,15,17.769
04.24.2002-18:00:00,04,24,2002,18,17.753
04.24.2002-21:00:00,04,24,2002,21,17.738
04.25.2002-00:00:00,04,25,2002,00,17.722
04.25.2002-03:00:00,04,25,2002,03,17.707
04.25.2002-06:00:00,04,25,2002,06,17.69
04.25.2002-09:00:00,04,25,2002,09,17.669
04.25.2002-12:00:00,04,25,2002,12,17.646
04.25.2002-15:00:00,04,25,2002,15,17.626
04.25.2002-18:00:00,04,25,2002,18,17.609
04.25.2002-21:00:00,04,25,2002,21,17.594
04.26.2002-00:00:00,04,26,2002,00,17.578
04.26.2002-03:00:00,04,26,2002,03,17.562
04.26.2002-06:00:00,04,26,2002,06,17.547
04.26.2002-09:00:00,04,26,2002,09,17.531
04.26.2002-12:00:00,04,26,2002,12,17.515
04.26.2002-15:00:00,04,26,2002,15,17.499
04.26.2002-18:00:00,04,26,2002,18,17.484
04.26.2002-21:00:00,04,26,2002,21,17.468
04.27.2002-00:00:00,04,27,2002,00,17.452
04.27.2002-03:00:00,04,27,2002,03,17.436
04.27.2002-06:00:00,04,27,2002,06,17.421
04.27.2002-09:00:00,04,27,2002,09,17.405
04.27.2002-12:00:00,04,27,2002,12,17.389
04.27.2002-15:00:00,04,27,2002,15,17.376
04.27.2002-18:00:00,04,27,2002,18,17.365
04.27.2002-21:00:00,04,27,2002,21,17.353
04.28.2002-00:00:00,04,28,2002,00,17.34
04.28.2002-03:00:00,04,28,2002,03,17.327
04.28.2002-06:00:00,04,28,2002,06,17.312
04.28.2002-09:00:00,04,28,2002,09,17.297
04.28.2002-12:00:00,04,28,2002,12,17.283
04.28.2002-15:00:00,04,28,2002,15,17.273
04.28.2002-18:00:00,04,28,2002,18,17.264
04.28.2002-21:00:00,04,28,2002,21,17.255
04.29.2002-00:00:00,04,29,2002,00,17.244
04.29.2002-03:00:00,04,29,2002,03,17.231
04.29.2002-06:00:00,04,29,2002,06,17.217
04.29.2002-09:00:00,04,29,2002,09,17.202
04.29.2002-12:00:00,04,29,2002,12,17.191
04.29.2002-15:00:00,04,29,2002,15,17.186
04.29.2002-18:00:00,04,29,2002,18,17.197
04.29.2002-21:00:00,04,29,2002,21,17.181
04.30.2002-00:00:00,04,30,2002,00,17.176
04.30.2002-03:00:00,04,30,2002,03,17.169
04.30.2002-06:00:00,04,30,2002,06,17.161
04.30.2002-09:00:00,04,30,2002,09,17.152
04.30.2002-12:00:00,04,30,2002,12,52.643
04.30.2002-15:00:00,04,30,2002,15,51.09
04.30.2002-18:00:00,04,30,2002,18,18.373
04.30.2002-21:00:00,04,30,2002,21,17.5
05.01.2002-00:00:00,05,01,2002,00,17.52
05.01.2002-03:00:00,05,01,2002,03,17.538
05.01.2002-06:00:00,05,01,2002,06,17.547
05.01.2002-09:00:00,05,01,2002,09,33.019
05.01.2002-12:00:00,05,01,2002,12,81.528
05.01.2002-15:00:00,05,01,2002,15,39.33
05.01.2002-18:00:00,05,01,2002,18,19.52
05.01.2002-21:00:00,05,01,2002,21,19.097
05.02.2002-00:00:00,05,02,2002,00,19.164
05.02.2002-03:00:00,05,02,2002,03,19.21
05.02.2002-06:00:00,05,02,2002,06,19.243
05.02.2002-09:00:00,05,02,2002,09,67.528
05.02.2002-12:00:00,05,02,2002,12,83.835
05.02.2002-15:00:00,05,02,2002,15,52.961
05.02.2002-18:00:00,05,02,2002,18,33.804
05.02.2002-21:00:00,05,02,2002,21,24.369
05.03.2002-00:00:00,05,03,2002,00,24.26
05.03.2002-03:00:00,05,03,2002,03,24.318
05.03.2002-06:00:00,05,03,2002,06,24.347
05.03.2002-09:00:00,05,03,2002,09,24.373
05.03.2002-12:00:00,05,03,2002,12,60.459
05.03.2002-15:00:00,05,03,2002,15,58.061
05.03.2002-18:00:00,05,03,2002,18,26.307
05.03.2002-21:00:00,05,03,2002,21,25.585
05.04.2002-00:00:00,05,04,2002,00,25.651
05.04.2002-03:00:00,05,04,2002,03,25.716
05.04.2002-06:00:00,05,04,2002,06,25.774
05.04.2002-09:00:00,05,04,2002,09,25.808
05.04.2002-12:00:00,05,04,2002,12,25.84
05.04.2002-15:00:00,05,04,2002,15,25.876
05.04.2002-18:00:00,05,04,2002,18,25.917
05.04.2002-21:00:00,05,04,2002,21,25.96
05.05.2002-00:00:00,05,05,2002,00,26.002
05.05.2002-03:00:00,05,05,2002,03,26.045
05.05.2002-06:00:00,05,05,2002,06,26.086
05.05.2002-09:00:00,05,05,2002,09,26.123
05.05.2002-12:00:00,05,05,2002,12,29.033
05.05.2002-15:00:00,05,05,2002,15,34.384
05.05.2002-18:00:00,05,05,2002,18,26.961
05.05.2002-21:00:00,05,05,2002,21,26.803
05.06.2002-00:00:00,05,06,2002,00,26.855
05.06.2002-03:00:00,05,06,2002,03,26.907
05.06.2002-06:00:00,05,06,2002,06,26.956
05.06.2002-09:00:00,05,06,2002,09,26.994
05.06.2002-12:00:00,05,06,2002,12,27.033
05.06.2002-15:00:00,05,06,2002,15,27.073
05.06.2002-18:00:00,05,06,2002,18,27.113
05.06.2002-21:00:00,05,06,2002,21,27.153
05.07.2002-00:00:00,05,07,2002,00,27.193
05.07.2002-03:00:00,05,07,2002,03,27.233
05.07.2002-06:00:00,05,07,2002,06,27.272
05.07.2002-09:00:00,05,07,2002,09,27.31
05.07.2002-12:00:00,05,07,2002,12,27.35
05.07.2002-15:00:00,05,07,2002,15,28.76
05.07.2002-18:00:00,05,07,2002,18,27.686
05.07.2002-21:00:00,05,07,2002,21,27.699
05.08.2002-00:00:00,05,08,2002,00,27.746
05.08.2002-03:00:00,05,08,2002,03,27.797
05.08.2002-06:00:00,05,08,2002,06,27.847
05.08.2002-09:00:00,05,08,2002,09,27.886
05.08.2002-12:00:00,05,08,2002,12,40.858
05.08.2002-15:00:00,05,08,2002,15,41.017
05.08.2002-18:00:00,05,08,2002,18,29.03
05.08.2002-21:00:00,05,08,2002,21,28.765
05.09.2002-00:00:00,05,09,2002,00,28.817
05.09.2002-03:00:00,05,09,2002,03,28.868
05.09.2002-06:00:00,05,09,2002,06,28.919
05.09.2002-09:00:00,05,09,2002,09,28.955
05.09.2002-12:00:00,05,09,2002,12,28.992
05.09.2002-15:00:00,05,09,2002,15,29.034
05.09.2002-18:00:00,05,09,2002,18,29.079
05.09.2002-21:00:00,05,09,2002,21,29.13
05.10.2002-00:00:00,05,10,2002,00,29.185
05.10.2002-03:00:00,05,10,2002,03,29.239
05.10.2002-06:00:00,05,10,2002,06,29.292
05.10.2002-09:00:00,05,10,2002,09,29.335
05.10.2002-12:00:00,05,10,2002,12,29.378
05.10.2002-15:00:00,05,10,2002,15,29.431
05.10.2002-18:00:00,05,10,2002,18,29.493
05.10.2002-21:00:00,05,10,2002,21,29.559
05.11.2002-00:00:00,05,11,2002,00,29.627
05.11.2002-03:00:00,05,11,2002,03,29.694
05.11.2002-06:00:00,05,11,2002,06,29.754
05.11.2002-09:00:00,05,11,2002,09,29.808
05.11.2002-12:00:00,05,11,2002,12,137.3
05.11.2002-15:00:00,05,11,2002,15,123.07
05.11.2002-18:00:00,05,11,2002,18,50.948
05.11.2002-21:00:00,05,11,2002,21,34.818
05.12.2002-00:00:00,05,12,2002,00,34.662
05.12.2002-03:00:00,05,12,2002,03,34.81
05.12.2002-06:00:00,05,12,2002,06,34.9
05.12.2002-09:00:00,05,12,2002,09,53.418
05.12.2002-12:00:00,05,12,2002,12,191.25
05.12.2002-15:00:00,05,12,2002,15,126.96
05.12.2002-18:00:00,05,12,2002,18,56.372
05.12.2002-21:00:00,05,12,2002,21,41.985
05.13.2002-00:00:00,05,13,2002,00,41.958
05.13.2002-03:00:00,05,13,2002,03,42.156
05.13.2002-06:00:00,05,13,2002,06,42.317
05.13.2002-09:00:00,05,13,2002,09,104.99
05.13.2002-12:00:00,05,13,2002,12,236.82
05.13.2002-15:00:00,05,13,2002,15,145.96
05.13.2002-18:00:00,05,13,2002,18,72.138
05.13.2002-21:00:00,05,13,2002,21,55.851
05.14.2002-00:00:00,05,14,2002,00,55.887
05.14.2002-03:00:00,05,14,2002,03,56.149
05.14.2002-06:00:00,05,14,2002,06,56.378
05.14.2002-09:00:00,05,14,2002,09,64.897
05.14.2002-12:00:00,05,14,2002,12,153.64
05.14.2002-15:00:00,05,14,2002,15,122.25
05.14.2002-18:00:00,05,14,2002,18,75.599
05.14.2002-21:00:00,05,14,2002,21,64.848
05.15.2002-00:00:00,05,15,2002,00,65.115
05.15.2002-03:00:00,05,15,2002,03,65.505
05.15.2002-06:00:00,05,15,2002,06,65.685
05.15.2002-09:00:00,05,15,2002,09,66.281
05.15.2002-12:00:00,05,15,2002,12,81.047
05.15.2002-15:00:00,05,15,2002,15,98.825
05.15.2002-18:00:00,05,15,2002,18,78.868
05.15.2002-21:00:00,05,15,2002,21,71.027
05.16.2002-00:00:00,05,16,2002,00,69.77
05.16.2002-03:00:00,05,16,2002,03,70.224
05.16.2002-06:00:00,05,16,2002,06,70.3
05.16.2002-09:00:00,05,16,2002,09,74.167
05.16.2002-12:00:00,05,16,2002,12,129.7
05.16.2002-15:00:00,05,16,2002,15,174.31
05.16.2002-18:00:00,05,16,2002,18,107.37
05.16.2002-21:00:00,05,16,2002,21,92.855
05.17.2002-00:00:00,05,17,2002,00,92.997
05.17.2002-03:00:00,05,17,2002,03,93.131
05.17.2002-06:00:00,05,17,2002,06,96.826
05.17.2002-09:00:00,05,17,2002,09,232.77
05.17.2002-12:00:00,05,17,2002,12,293.8
05.17.2002-15:00:00,05,17,2002,15,220.83
05.17.2002-18:00:00,05,17,2002,18,148.16
05.17.2002-21:00:00,05,17,2002,21,137.11
05.18.2002-00:00:00,05,18,2002,00,125.19
05.18.2002-03:00:00,05,18,2002,03,123.19
05.18.2002-06:00:00,05,18,2002,06,123.37
05.18.2002-09:00:00,05,18,2002,09,238.15
05.18.2002-12:00:00,05,18,2002,12,385.37
05.18.2002-15:00:00,05,18,2002,15,362.37
05.18.2002-18:00:00,05,18,2002,18,261.2
05.18.2002-21:00:00,05,18,2002,21,207.76
05.19.2002-00:00:00,05,19,2002,00,182.62
05.19.2002-03:00:00,05,19,2002,03,177.5
05.19.2002-06:00:00,05,19,2002,06,167.9
05.19.2002-09:00:00,05,19,2002,09,302.85
05.19.2002-12:00:00,05,19,2002,12,464.89
05.19.2002-15:00:00,05,19,2002,15,489.73
05.19.2002-18:00:00,05,19,2002,18,420.37
05.19.2002-21:00:00,05,19,2002,21,322.42
05.20.2002-00:00:00,05,20,2002,00,361.49
05.20.2002-03:00:00,05,20,2002,03,392.03
05.20.2002-06:00:00,05,20,2002,06,551.76
05.20.2002-09:00:00,05,20,2002,09,799.66
05.20.2002-12:00:00,05,20,2002,12,1017.8
05.20.2002-15:00:00,05,20,2002,15,1041.3
05.20.2002-18:00:00,05,20,2002,18,928.13
05.20.2002-21:00:00,05,20,2002,21,848.99
05.21.2002-00:00:00,05,21,2002,00,832.3
05.21.2002-03:00:00,05,21,2002,03,800.47
05.21.2002-06:00:00,05,21,2002,06,831.18
05.21.2002-09:00:00,05,21,2002,09,963.08
05.21.2002-12:00:00,05,21,2002,12,1033.2
05.21.2002-15:00:00,05,21,2002,15,1064.5
05.21.2002-18:00:00,05,21,2002,18,1036.9
05.21.2002-21:00:00,05,21,2002,21,1012.5
05.22.2002-00:00:00,05,22,2002,00,920.3
05.22.2002-03:00:00,05,22,2002,03,946.95
05.22.2002-06:00:00,05,22,2002,06,952.86
05.22.2002-09:00:00,05,22,2002,09,1012.7
05.22.2002-12:00:00,05,22,2002,12,1050
05.22.2002-15:00:00,05,22,2002,15,1077.9
05.22.2002-18:00:00,05,22,2002,18,1040
05.22.2002-21:00:00,05,22,2002,21,1039.6
05.23.2002-00:00:00,05,23,2002,00,928.45
05.23.2002-03:00:00,05,23,2002,03,876.25
05.23.2002-06:00:00,05,23,2002,06,850.2
05.23.2002-09:00:00,05,23,2002,09,1314.8
05.23.2002-12:00:00,05,23,2002,12,1660.7
05.23.2002-15:00:00,05,23,2002,15,1597.4
05.23.2002-18:00:00,05,23,2002,18,1506.5
05.23.2002-21:00:00,05,23,2002,21,1400.3
05.24.2002-00:00:00,05,24,2002,00,1387.8
05.24.2002-03:00:00,05,24,2002,03,1216.7
05.24.2002-06:00:00,05,24,2002,06,1102.7
05.24.2002-09:00:00,05,24,2002,09,986.06
05.24.2002-12:00:00,05,24,2002,12,1554.1
05.24.2002-15:00:00,05,24,2002,15,1510.8
05.24.2002-18:00:00,05,24,2002,18,1259.8
05.24.2002-21:00:00,05,24,2002,21,1224
05.25.2002-00:00:00,05,25,2002,00,1161.5
05.25.2002-03:00:00,05,25,2002,03,1144.3
05.25.2002-06:00:00,05,25,2002,06,1049.5
05.25.2002-09:00:00,05,25,2002,09,1649.3
05.25.2002-12:00:00,05,25,2002,12,2034.1
05.25.2002-15:00:00,05,25,2002,15,1953.2
05.25.2002-18:00:00,05,25,2002,18,1862.9
05.25.2002-21:00:00,05,25,2002,21,1691.7
05.26.2002-00:00:00,05,26,2002,00,1643.1
05.26.2002-03:00:00,05,26,2002,03,1473.3
05.26.2002-06:00:00,05,26,2002,06,1397.2
05.26.2002-09:00:00,05,26,2002,09,1764.2
05.26.2002-12:00:00,05,26,2002,12,2399.9
05.26.2002-15:00:00,05,26,2002,15,2285.1
05.26.2002-18:00:00,05,26,2002,18,2044.2
05.26.2002-21:00:00,05,26,2002,21,1911
05.27.2002-00:00:00,05,27,2002,00,1942
05.27.2002-03:00:00,05,27,2002,03,1775.4
05.27.2002-06:00:00,05,27,2002,06,1670.1
05.27.2002-09:00:00,05,27,2002,09,2316.7
05.27.2002-12:00:00,05,27,2002,12,2876.6
05.27.2002-15:00:00,05,27,2002,15,2781.5
05.27.2002-18:00:00,05,27,2002,18,2591.1
05.27.2002-21:00:00,05,27,2002,21,2466.8
05.28.2002-00:00:00,05,28,2002,00,2464
05.28.2002-03:00:00,05,28,2002,03,2307.2
05.28.2002-06:00:00,05,28,2002,06,2516.3
05.28.2002-09:00:00,05,28,2002,09,3073.4
05.28.2002-12:00:00,05,28,2002,12,3634.4
05.28.2002-15:00:00,05,28,2002,15,3569.2
05.28.2002-18:00:00,05,28,2002,18,3601.8
05.28.2002-21:00:00,05,28,2002,21,3409
05.29.2002-00:00:00,05,29,2002,00,3269.1
05.29.2002-03:00:00,05,29,2002,03,3079.8
05.29.2002-06:00:00,05,29,2002,06,3167.5
05.29.2002-09:00:00,05,29,2002,09,3709.6
05.29.2002-12:00:00,05,29,2002,12,4226.2
05.29.2002-15:00:00,05,29,2002,15,4072.5
05.29.2002-18:00:00,05,29,2002,18,3946.4
05.29.2002-21:00:00,05,29,2002,21,3672.7
05.30.2002-00:00:00,05,30,2002,00,3395.9
05.30.2002-03:00:00,05,30,2002,03,3283.1
05.30.2002-06:00:00,05,30,2002,06,3034
05.30.2002-09:00:00,05,30,2002,09,3694.5
05.30.2002-12:00:00,05,30,2002,12,4226.5
05.30.2002-15:00:00,05,30,2002,15,4107.7
05.30.2002-18:00:00,05,30,2002,18,3900.5
05.30.2002-21:00:00,05,30,2002,21,3632.1
05.31.2002-00:00:00,05,31,2002,00,3440.2
05.31.2002-03:00:00,05,31,2002,03,3283.6
05.31.2002-06:00:00,05,31,2002,06,3224.3
05.31.2002-09:00:00,05,31,2002,09,3658.2
05.31.2002-12:00:00,05,31,2002,12,4203.5
05.31.2002-15:00:00,05,31,2002,15,4051.2
05.31.2002-18:00:00,05,31,2002,18,3931.2
05.31.2002-21:00:00,05,31,2002,21,3681.7
06.01.2002-00:00:00,06,01,2002,00,3441
06.01.2002-03:00:00,06,01,2002,03,3356.7
06.01.2002-06:00:00,06,01,2002,06,3098.7
06.01.2002-09:00:00,06,01,2002,09,3796.3
06.01.2002-12:00:00,06,01,2002,12,4354
06.01.2002-15:00:00,06,01,2002,15,4342
06.01.2002-18:00:00,06,01,2002,18,4164.1
06.01.2002-21:00:00,06,01,2002,21,3878.7
06.02.2002-00:00:00,06,02,2002,00,3766.7
06.02.2002-03:00:00,06,02,2002,03,3591.4
06.02.2002-06:00:00,06,02,2002,06,3582.4
06.02.2002-09:00:00,06,02,2002,09,4216.8
06.02.2002-12:00:00,06,02,2002,12,4803.3
06.02.2002-15:00:00,06,02,2002,15,4763
06.02.2002-18:00:00,06,02,2002,18,4644.7
06.02.2002-21:00:00,06,02,2002,21,4401.6
06.03.2002-00:00:00,06,03,2002,00,4213.8
06.03.2002-03:00:00,06,03,2002,03,3974.8
06.03.2002-06:00:00,06,03,2002,06,3806.7
06.03.2002-09:00:00,06,03,2002,09,4552.6
06.03.2002-12:00:00,06,03,2002,12,5057
06.03.2002-15:00:00,06,03,2002,15,5049.4
06.03.2002-18:00:00,06,03,2002,18,4748.2
06.03.2002-21:00:00,06,03,2002,21,4532.1
06.04.2002-00:00:00,06,04,2002,00,4355.4
06.04.2002-03:00:00,06,04,2002,03,4149.5
06.04.2002-06:00:00,06,04,2002,06,4289
06.04.2002-09:00:00,06,04,2002,09,4855.8
06.04.2002-12:00:00,06,04,2002,12,5401.9
06.04.2002-15:00:00,06,04,2002,15,5448.6
06.04.2002-18:00:00,06,04,2002,18,5286.8
06.04.2002-21:00:00,06,04,2002,21,4988.2
06.05.2002-00:00:00,06,05,2002,00,5042.4
06.05.2002-03:00:00,06,05,2002,03,4785.9
06.05.2002-06:00:00,06,05,2002,06,4943.4
06.05.2002-09:00:00,06,05,2002,09,5446.8
06.05.2002-12:00:00,06,05,2002,12,6040.7
06.05.2002-15:00:00,06,05,2002,15,5837.3
06.05.2002-18:00:00,06,05,2002,18,5791.7
06.05.2002-21:00:00,06,05,2002,21,5359
06.06.2002-00:00:00,06,06,2002,00,5394.4
06.06.2002-03:00:00,06,06,2002,03,4949.3
06.06.2002-06:00:00,06,06,2002,06,4869.5
06.06.2002-09:00:00,06,06,2002,09,4947.1
06.06.2002-12:00:00,06,06,2002,12,5260.1
06.06.2002-15:00:00,06,06,2002,15,4906.5
06.06.2002-18:00:00,06,06,2002,18,4823.2
06.06.2002-21:00:00,06,06,2002,21,4443.5
06.07.2002-00:00:00,06,07,2002,00,4289.9
06.07.2002-03:00:00,06,07,2002,03,3780.4
06.07.2002-06:00:00,06,07,2002,06,3543.7
06.07.2002-09:00:00,06,07,2002,09,3215.9
06.07.2002-12:00:00,06,07,2002,12,3650.8
06.07.2002-15:00:00,06,07,2002,15,3407.6
06.07.2002-18:00:00,06,07,2002,18,3032
06.07.2002-21:00:00,06,07,2002,21,2845.3
06.08.2002-00:00:00,06,08,2002,00,2707.9
06.08.2002-03:00:00,06,08,2002,03,2522.4
06.08.2002-06:00:00,06,08,2002,06,2392.4
06.08.2002-09:00:00,06,08,2002,09,2141
06.08.2002-12:00:00,06,08,2002,12,2042.5
06.08.2002-15:00:00,06,08,2002,15,2036.9
06.08.2002-18:00:00,06,08,2002,18,1991.7
06.08.2002-21:00:00,06,08,2002,21,1824.1
06.09.2002-00:00:00,06,09,2002,00,1844.2
06.09.2002-03:00:00,06,09,2002,03,1672.2
06.09.2002-06:00:00,06,09,2002,06,1660.7
06.09.2002-09:00:00,06,09,2002,09,2151.1
06.09.2002-12:00:00,06,09,2002,12,2899.4
06.09.2002-15:00:00,06,09,2002,15,2865.1
06.09.2002-18:00:00,06,09,2002,18,2742.5
06.09.2002-21:00:00,06,09,2002,21,2630.1
06.10.2002-00:00:00,06,10,2002,00,2603.9
06.10.2002-03:00:00,06,10,2002,03,2489.6
06.10.2002-06:00:00,06,10,2002,06,2669.5
06.10.2002-09:00:00,06,10,2002,09,3446.7
06.10.2002-12:00:00,06,10,2002,12,4044.6
06.10.2002-15:00:00,06,10,2002,15,3958.5
06.10.2002-18:00:00,06,10,2002,18,3775
06.10.2002-21:00:00,06,10,2002,21,3520.9
06.11.2002-00:00:00,06,11,2002,00,3415
06.11.2002-03:00:00,06,11,2002,03,3374.1
06.11.2002-06:00:00,06,11,2002,06,3241.3
06.11.2002-09:00:00,06,11,2002,09,3792.2
06.11.2002-12:00:00,06,11,2002,12,4245.7
06.11.2002-15:00:00,06,11,2002,15,4074.6
06.11.2002-18:00:00,06,11,2002,18,3794.5
06.11.2002-21:00:00,06,11,2002,21,3536.1
06.12.2002-00:00:00,06,12,2002,00,3455.7
06.12.2002-03:00:00,06,12,2002,03,3097.3
06.12.2002-06:00:00,06,12,2002,06,3280.2
06.12.2002-09:00:00,06,12,2002,09,3861.7
06.12.2002-12:00:00,06,12,2002,12,4439.2
06.12.2002-15:00:00,06,12,2002,15,4191.2
06.12.2002-18:00:00,06,12,2002,18,4022
06.12.2002-21:00:00,06,12,2002,21,3763.6
06.13.2002-00:00:00,06,13,2002,00,3586
06.13.2002-03:00:00,06,13,2002,03,3439.3
06.13.2002-06:00:00,06,13,2002,06,3473.4
06.13.2002-09:00:00,06,13,2002,09,3985.5
06.13.2002-12:00:00,06,13,2002,12,4525.8
06.13.2002-15:00:00,06,13,2002,15,4278.3
06.13.2002-18:00:00,06,13,2002,18,4317.2
06.13.2002-21:00:00,06,13,2002,21,4014.3
06.14.2002-00:00:00,06,14,2002,00,4060.2
06.14.2002-03:00:00,06,14,2002,03,3525.3
06.14.2002-06:00:00,06,14,2002,06,3597.3
06.14.2002-09:00:00,06,14,2002,09,3942
06.14.2002-12:00:00,06,14,2002,12,4500.5
06.14.2002-15:00:00,06,14,2002,15,4079.7
06.14.2002-18:00:00,06,14,2002,18,4177
06.14.2002-21:00:00,06,14,2002,21,3577.1
06.15.2002-00:00:00,06,15,2002,00,3670.8
06.15.2002-03:00:00,06,15,2002,03,3208.3
06.15.2002-06:00:00,06,15,2002,06,3283
06.15.2002-09:00:00,06,15,2002,09,3504.3
06.15.2002-12:00:00,06,15,2002,12,3994.5
06.15.2002-15:00:00,06,15,2002,15,3784.5
06.15.2002-18:00:00,06,15,2002,18,3609.1
06.15.2002-21:00:00,06,15,2002,21,3216.6
06.16.2002-00:00:00,06,16,2002,00,3219
06.16.2002-03:00:00,06,16,2002,03,2702.9
06.16.2002-06:00:00,06,16,2002,06,2975.5
06.16.2002-09:00:00,06,16,2002,09,3145.2
06.16.2002-12:00:00,06,16,2002,12,3414.3
06.16.2002-15:00:00,06,16,2002,15,3266.2
06.16.2002-18:00:00,06,16,2002,18,2967.5
06.16.2002-21:00:00,06,16,2002,21,2749.5
06.17.2002-00:00:00,06,17,2002,00,2691.7
06.17.2002-03:00:00,06,17,2002,03,2487.3
06.17.2002-06:00:00,06,17,2002,06,2412.6
06.17.2002-09:00:00,06,17,2002,09,2393.6
06.17.2002-12:00:00,06,17,2002,12,2384.5
06.17.2002-15:00:00,06,17,2002,15,2359.4
06.17.2002-18:00:00,06,17,2002,18,2240.5
06.17.2002-21:00:00,06,17,2002,21,2112.4
06.18.2002-00:00:00,06,18,2002,00,2066
06.18.2002-03:00:00,06,18,2002,03,1842.1
06.18.2002-06:00:00,06,18,2002,06,1861.1
06.18.2002-09:00:00,06,18,2002,09,1792.9
06.18.2002-12:00:00,06,18,2002,12,1835.2
06.18.2002-15:00:00,06,18,2002,15,1700.1
06.18.2002-18:00:00,06,18,2002,18,1669
06.18.2002-21:00:00,06,18,2002,21,1607.7
06.19.2002-00:00:00,06,19,2002,00,1592.6
06.19.2002-03:00:00,06,19,2002,03,1495.9
06.19.2002-06:00:00,06,19,2002,06,1440
06.19.2002-09:00:00,06,19,2002,09,1407.5
06.19.2002-12:00:00,06,19,2002,12,1426.9
06.19.2002-15:00:00,06,19,2002,15,1276.6
06.19.2002-18:00:00,06,19,2002,18,1360.6
06.19.2002-21:00:00,06,19,2002,21,1190.7
06.20.2002-00:00:00,06,20,2002,00,1284.2
06.20.2002-03:00:00,06,20,2002,03,1189
06.20.2002-06:00:00,06,20,2002,06,1192.4
06.20.2002-09:00:00,06,20,2002,09,1081.3
06.20.2002-12:00:00,06,20,2002,12,1085.7
06.20.2002-15:00:00,06,20,2002,15,985.43
06.20.2002-18:00:00,06,20,2002,18,1007.1
06.20.2002-21:00:00,06,20,2002,21,997.96
06.21.2002-00:00:00,06,21,2002,00,1032.7
06.21.2002-03:00:00,06,21,2002,03,1032.3
06.21.2002-06:00:00,06,21,2002,06,961.99
06.21.2002-09:00:00,06,21,2002,09,979.06
06.21.2002-12:00:00,06,21,2002,12,900.52
06.21.2002-15:00:00,06,21,2002,15,918.5
06.21.2002-18:00:00,06,21,2002,18,820.41
06.21.2002-21:00:00,06,21,2002,21,894.71
06.22.2002-00:00:00,06,22,2002,00,917.39
06.22.2002-03:00:00,06,22,2002,03,919.86
06.22.2002-06:00:00,06,22,2002,06,902.63
06.22.2002-09:00:00,06,22,2002,09,798.1
06.22.2002-12:00:00,06,22,2002,12,740.11
06.22.2002-15:00:00,06,22,2002,15,762.75
06.22.2002-18:00:00,06,22,2002,18,768.74
06.22.2002-21:00:00,06,22,2002,21,837.09
06.23.2002-00:00:00,06,23,2002,00,895.88
06.23.2002-03:00:00,06,23,2002,03,850.16
06.23.2002-06:00:00,06,23,2002,06,834.1
06.23.2002-09:00:00,06,23,2002,09,726.18
06.23.2002-12:00:00,06,23,2002,12,670.18
06.23.2002-15:00:00,06,23,2002,15,748.82
06.23.2002-18:00:00,06,23,2002,18,743.14
06.23.2002-21:00:00,06,23,2002,21,779.47
06.24.2002-00:00:00,06,24,2002,00,790.15
06.24.2002-03:00:00,06,24,2002,03,804.69
06.24.2002-06:00:00,06,24,2002,06,743.66
06.24.2002-09:00:00,06,24,2002,09,661.72
06.24.2002-12:00:00,06,24,2002,12,614.49
06.24.2002-15:00:00,06,24,2002,15,652.59
06.24.2002-18:00:00,06,24,2002,18,649.73
06.24.2002-21:00:00,06,24,2002,21,702.2
06.25.2002-00:00:00,06,25,2002,00,728.23
06.25.2002-03:00:00,06,25,2002,03,709.68
06.25.2002-06:00:00,06,25,2002,06,679.36
06.25.2002-09:00:00,06,25,2002,09,556.72
06.25.2002-12:00:00,06,25,2002,12,538.77
06.25.2002-15:00:00,06,25,2002,15,545.77
06.25.2002-18:00:00,06,25,2002,18,642.8
06.25.2002-21:00:00,06,25,2002,21,635.39
06.26.2002-00:00:00,06,26,2002,00,668.54
06.26.2002-03:00:00,06,26,2002,03,663
06.26.2002-06:00:00,06,26,2002,06,595.27
06.26.2002-09:00:00,06,26,2002,09,522.08
06.26.2002-12:00:00,06,26,2002,12,477.81
06.26.2002-15:00:00,06,26,2002,15,501.66
06.26.2002-18:00:00,06,26,2002,18,599.93
06.26.2002-21:00:00,06,26,2002,21,597.61
06.27.2002-00:00:00,06,27,2002,00,606.31
06.27.2002-03:00:00,06,27,2002,03,627.48
06.27.2002-06:00:00,06,27,2002,06,538.34
06.27.2002-09:00:00,06,27,2002,09,486.37
06.27.2002-12:00:00,06,27,2002,12,419.22
06.27.2002-15:00:00,06,27,2002,15,447.93
06.27.2002-18:00:00,06,27,2002,18,470.81
06.27.2002-21:00:00,06,27,2002,21,556.58
06.28.2002-00:00:00,06,28,2002,00,550.3
06.28.2002-03:00:00,06,28,2002,03,584.13
06.28.2002-06:00:00,06,28,2002,06,560.61
06.28.2002-09:00:00,06,28,2002,09,515.18
06.28.2002-12:00:00,06,28,2002,12,495.81
06.28.2002-15:00:00,06,28,2002,15,500.19
06.28.2002-18:00:00,06,28,2002,18,556.86
06.28.2002-21:00:00,06,28,2002,21,591.79
06.29.2002-00:00:00,06,29,2002,00,635.46
06.29.2002-03:00:00,06,29,2002,03,639.65
06.29.2002-06:00:00,06,29,2002,06,633.06
06.29.2002-09:00:00,06,29,2002,09,611.6
06.29.2002-12:00:00,06,29,2002,12,595.09
06.29.2002-15:00:00,06,29,2002,15,638.28
06.29.2002-18:00:00,06,29,2002,18,670.16
06.29.2002-21:00:00,06,29,2002,21,689.04
06.30.2002-00:00:00,06,30,2002,00,638.56
06.30.2002-03:00:00,06,30,2002,03,636.87
06.30.2002-06:00:00,06,30,2002,06,622.03
06.30.2002-09:00:00,06,30,2002,09,543.59
06.30.2002-12:00:00,06,30,2002,12,533.4
06.30.2002-15:00:00,06,30,2002,15,543.27
06.30.2002-18:00:00,06,30,2002,18,550.26
06.30.2002-21:00:00,06,30,2002,21,575.88
07.01.2002-00:00:00,07,01,2002,00,567.68
07.01.2002-03:00:00,07,01,2002,03,563.54
07.01.2002-06:00:00,07,01,2002,06,510.37
07.01.2002-09:00:00,07,01,2002,09,463.74
07.01.2002-12:00:00,07,01,2002,12,418.31
07.01.2002-15:00:00,07,01,2002,15,442.52
07.01.2002-18:00:00,07,01,2002,18,463.08
07.01.2002-21:00:00,07,01,2002,21,495.57
07.02.2002-00:00:00,07,02,2002,00,502.33
07.02.2002-03:00:00,07,02,2002,03,517.08
07.02.2002-06:00:00,07,02,2002,06,460.21
07.02.2002-09:00:00,07,02,2002,09,412.52
07.02.2002-12:00:00,07,02,2002,12,362.55
07.02.2002-15:00:00,07,02,2002,15,393.34
07.02.2002-18:00:00,07,02,2002,18,408.96
07.02.2002-21:00:00,07,02,2002,21,446.41
07.03.2002-00:00:00,07,03,2002,00,443.78
07.03.2002-03:00:00,07,03,2002,03,471.71
07.03.2002-06:00:00,07,03,2002,06,413.79
07.03.2002-09:00:00,07,03,2002,09,383.52
07.03.2002-12:00:00,07,03,2002,12,338.98
07.03.2002-15:00:00,07,03,2002,15,365.99
07.03.2002-18:00:00,07,03,2002,18,374.44
07.03.2002-21:00:00,07,03,2002,21,426.57
07.04.2002-00:00:00,07,04,2002,00,428.87
07.04.2002-03:00:00,07,04,2002,03,445.02
07.04.2002-06:00:00,07,04,2002,06,407.85
07.04.2002-09:00:00,07,04,2002,09,370.08
07.04.2002-12:00:00,07,04,2002,12,334.74
07.04.2002-15:00:00,07,04,2002,15,362.66
07.04.2002-18:00:00,07,04,2002,18,377.09
07.04.2002-21:00:00,07,04,2002,21,409.61
07.05.2002-00:00:00,07,05,2002,00,424.1
07.05.2002-03:00:00,07,05,2002,03,434.02
07.05.2002-06:00:00,07,05,2002,06,399.96
07.05.2002-09:00:00,07,05,2002,09,327.59
07.05.2002-12:00:00,07,05,2002,12,310.8
07.05.2002-15:00:00,07,05,2002,15,309.37
07.05.2002-18:00:00,07,05,2002,18,336.55
07.05.2002-21:00:00,07,05,2002,21,389
07.06.2002-00:00:00,07,06,2002,00,381.19
07.06.2002-03:00:00,07,06,2002,03,409
07.06.2002-06:00:00,07,06,2002,06,362.29
07.06.2002-09:00:00,07,06,2002,09,308.82
07.06.2002-12:00:00,07,06,2002,12,270.41
07.06.2002-15:00:00,07,06,2002,15,260.95
07.06.2002-18:00:00,07,06,2002,18,302.81
07.06.2002-21:00:00,07,06,2002,21,353.7
07.07.2002-00:00:00,07,07,2002,00,367.34
07.07.2002-03:00:00,07,07,2002,03,378.88
07.07.2002-06:00:00,07,07,2002,06,337.21
07.07.2002-09:00:00,07,07,2002,09,304.23
07.07.2002-12:00:00,07,07,2002,12,255.6
07.07.2002-15:00:00,07,07,2002,15,258.06
07.07.2002-18:00:00,07,07,2002,18,275.86
07.07.2002-21:00:00,07,07,2002,21,327.17
07.08.2002-00:00:00,07,08,2002,00,568.38
07.08.2002-03:00:00,07,08,2002,03,636.27
07.08.2002-06:00:00,07,08,2002,06,710.24
07.08.2002-09:00:00,07,08,2002,09,692.07
07.08.2002-12:00:00,07,08,2002,12,667.93
07.08.2002-15:00:00,07,08,2002,15,686.79
07.08.2002-18:00:00,07,08,2002,18,819.9
07.08.2002-21:00:00,07,08,2002,21,898.07
07.09.2002-00:00:00,07,09,2002,00,735.44
07.09.2002-03:00:00,07,09,2002,03,628.83
07.09.2002-06:00:00,07,09,2002,06,636.77
07.09.2002-09:00:00,07,09,2002,09,491.99
07.09.2002-12:00:00,07,09,2002,12,486.14
07.09.2002-15:00:00,07,09,2002,15,389.19
07.09.2002-18:00:00,07,09,2002,18,431.05
07.09.2002-21:00:00,07,09,2002,21,415.06
07.10.2002-00:00:00,07,10,2002,00,438.97
07.10.2002-03:00:00,07,10,2002,03,400.55
07.10.2002-06:00:00,07,10,2002,06,388.67
07.10.2002-09:00:00,07,10,2002,09,299.36
07.10.2002-12:00:00,07,10,2002,12,297.74
07.10.2002-15:00:00,07,10,2002,15,264.5
07.10.2002-18:00:00,07,10,2002,18,296.84
07.10.2002-21:00:00,07,10,2002,21,318.37
07.11.2002-00:00:00,07,11,2002,00,351.38
07.11.2002-03:00:00,07,11,2002,03,361.82
07.11.2002-06:00:00,07,11,2002,06,309.77
07.11.2002-09:00:00,07,11,2002,09,292.45
07.11.2002-12:00:00,07,11,2002,12,258.01
07.11.2002-15:00:00,07,11,2002,15,256.76
07.11.2002-18:00:00,07,11,2002,18,258.5
07.11.2002-21:00:00,07,11,2002,21,302.73
07.12.2002-00:00:00,07,12,2002,00,321.93
07.12.2002-03:00:00,07,12,2002,03,337.58
07.12.2002-06:00:00,07,12,2002,06,286.33
07.12.2002-09:00:00,07,12,2002,09,270.85
07.12.2002-12:00:00,07,12,2002,12,245.22
07.12.2002-15:00:00,07,12,2002,15,229.16
07.12.2002-18:00:00,07,12,2002,18,241.78
07.12.2002-21:00:00,07,12,2002,21,282.17
07.13.2002-00:00:00,07,13,2002,00,303.9
07.13.2002-03:00:00,07,13,2002,03,308.11
07.13.2002-06:00:00,07,13,2002,06,280.47
07.13.2002-09:00:00,07,13,2002,09,258.23
07.13.2002-12:00:00,07,13,2002,12,240.18
07.13.2002-15:00:00,07,13,2002,15,227.44
07.13.2002-18:00:00,07,13,2002,18,240.16
07.13.2002-21:00:00,07,13,2002,21,276.54
07.14.2002-00:00:00,07,14,2002,00,295.74
07.14.2002-03:00:00,07,14,2002,03,298.04
07.14.2002-06:00:00,07,14,2002,06,267.84
07.14.2002-09:00:00,07,14,2002,09,246.8
07.14.2002-12:00:00,07,14,2002,12,223.7
07.14.2002-15:00:00,07,14,2002,15,208.12
07.14.2002-18:00:00,07,14,2002,18,224.38
07.14.2002-21:00:00,07,14,2002,21,254.4
07.15.2002-00:00:00,07,15,2002,00,273.05
07.15.2002-03:00:00,07,15,2002,03,284.24
07.15.2002-06:00:00,07,15,2002,06,255.69
07.15.2002-09:00:00,07,15,2002,09,221.28
07.15.2002-12:00:00,07,15,2002,12,202.83
07.15.2002-15:00:00,07,15,2002,15,199.61
07.15.2002-18:00:00,07,15,2002,18,214.71
07.15.2002-21:00:00,07,15,2002,21,241
07.16.2002-00:00:00,07,16,2002,00,256.68
07.16.2002-03:00:00,07,16,2002,03,270.31
07.16.2002-06:00:00,07,16,2002,06,244.37
07.16.2002-09:00:00,07,16,2002,09,213.33
07.16.2002-12:00:00,07,16,2002,12,196.73
07.16.2002-15:00:00,07,16,2002,15,185.22
07.16.2002-18:00:00,07,16,2002,18,215.1
07.16.2002-21:00:00,07,16,2002,21,231.15
07.17.2002-00:00:00,07,17,2002,00,247.91
07.17.2002-03:00:00,07,17,2002,03,251.99
07.17.2002-06:00:00,07,17,2002,06,234
07.17.2002-09:00:00,07,17,2002,09,205.77
07.17.2002-12:00:00,07,17,2002,12,191.09
07.17.2002-15:00:00,07,17,2002,15,180.84
07.17.2002-18:00:00,07,17,2002,18,210.28
07.17.2002-21:00:00,07,17,2002,21,223.91
07.18.2002-00:00:00,07,18,2002,00,241.18
07.18.2002-03:00:00,07,18,2002,03,243.48
07.18.2002-06:00:00,07,18,2002,06,225.9
07.18.2002-09:00:00,07,18,2002,09,198.51
07.18.2002-12:00:00,07,18,2002,12,184.13
07.18.2002-15:00:00,07,18,2002,15,173.77
07.18.2002-18:00:00,07,18,2002,18,200.89
07.18.2002-21:00:00,07,18,2002,21,215.43
07.19.2002-00:00:00,07,19,2002,00,229.43
07.19.2002-03:00:00,07,19,2002,03,235.11
07.19.2002-06:00:00,07,19,2002,06,222.01
07.19.2002-09:00:00,07,19,2002,09,195.93
07.19.2002-12:00:00,07,19,2002,12,182.56
07.19.2002-15:00:00,07,19,2002,15,173.14
07.19.2002-18:00:00,07,19,2002,18,201.76
07.19.2002-21:00:00,07,19,2002,21,211.92
07.20.2002-00:00:00,07,20,2002,00,227.52
07.20.2002-03:00:00,07,20,2002,03,233.77
07.20.2002-06:00:00,07,20,2002,06,216.09
07.20.2002-09:00:00,07,20,2002,09,188.93
07.20.2002-12:00:00,07,20,2002,12,174.97
07.20.2002-15:00:00,07,20,2002,15,164.75
07.20.2002-18:00:00,07,20,2002,18,189.33
07.20.2002-21:00:00,07,20,2002,21,206.12
07.21.2002-00:00:00,07,21,2002,00,212.97
07.21.2002-03:00:00,07,21,2002,03,222.16
07.21.2002-06:00:00,07,21,2002,06,205.82
07.21.2002-09:00:00,07,21,2002,09,181.5
07.21.2002-12:00:00,07,21,2002,12,167.35
07.21.2002-15:00:00,07,21,2002,15,169.79
07.21.2002-18:00:00,07,21,2002,18,175.58
07.21.2002-21:00:00,07,21,2002,21,198.66
07.22.2002-00:00:00,07,22,2002,00,205.33
07.22.2002-03:00:00,07,22,2002,03,214.71
07.22.2002-06:00:00,07,22,2002,06,195.25
07.22.2002-09:00:00,07,22,2002,09,175.71
07.22.2002-12:00:00,07,22,2002,12,156.71
07.22.2002-15:00:00,07,22,2002,15,165.46
07.22.2002-18:00:00,07,22,2002,18,171.53
07.22.2002-21:00:00,07,22,2002,21,191.62
07.23.2002-00:00:00,07,23,2002,00,200.98
07.23.2002-03:00:00,07,23,2002,03,210.27
07.23.2002-06:00:00,07,23,2002,06,186.87
07.23.2002-09:00:00,07,23,2002,09,171.75
07.23.2002-12:00:00,07,23,2002,12,153.46
07.23.2002-15:00:00,07,23,2002,15,161.66
07.23.2002-18:00:00,07,23,2002,18,167.32
07.23.2002-21:00:00,07,23,2002,21,184.39
07.24.2002-00:00:00,07,24,2002,00,195.69
07.24.2002-03:00:00,07,24,2002,03,201.05
07.24.2002-06:00:00,07,24,2002,06,180.77
07.24.2002-09:00:00,07,24,2002,09,164.58
07.24.2002-12:00:00,07,24,2002,12,152.18
07.24.2002-15:00:00,07,24,2002,15,146.4
07.24.2002-18:00:00,07,24,2002,18,163.3
07.24.2002-21:00:00,07,24,2002,21,177.53
07.25.2002-00:00:00,07,25,2002,00,190.88
07.25.2002-03:00:00,07,25,2002,03,191.55
07.25.2002-06:00:00,07,25,2002,06,182.35
07.25.2002-09:00:00,07,25,2002,09,169.58
07.25.2002-12:00:00,07,25,2002,12,153.3
07.25.2002-15:00:00,07,25,2002,15,162.44
07.25.2002-18:00:00,07,25,2002,18,166.36
07.25.2002-21:00:00,07,25,2002,21,185.2
07.26.2002-00:00:00,07,26,2002,00,193.98
07.26.2002-03:00:00,07,26,2002,03,197.09
07.26.2002-06:00:00,07,26,2002,06,184.54
07.26.2002-09:00:00,07,26,2002,09,162.59
07.26.2002-12:00:00,07,26,2002,12,150.56
07.26.2002-15:00:00,07,26,2002,15,145.53
07.26.2002-18:00:00,07,26,2002,18,159.85
07.26.2002-21:00:00,07,26,2002,21,179.09
07.27.2002-00:00:00,07,27,2002,00,185.38
07.27.2002-03:00:00,07,27,2002,03,194.7
07.27.2002-06:00:00,07,27,2002,06,184
07.27.2002-09:00:00,07,27,2002,09,163.65
07.27.2002-12:00:00,07,27,2002,12,152.06
07.27.2002-15:00:00,07,27,2002,15,147.71
07.27.2002-18:00:00,07,27,2002,18,168.16
07.27.2002-21:00:00,07,27,2002,21,180.26
07.28.2002-00:00:00,07,28,2002,00,183.31
07.28.2002-03:00:00,07,28,2002,03,190.06
07.28.2002-06:00:00,07,28,2002,06,188.16
07.28.2002-09:00:00,07,28,2002,09,174.88
07.28.2002-12:00:00,07,28,2002,12,173.35
07.28.2002-15:00:00,07,28,2002,15,167.94
07.28.2002-18:00:00,07,28,2002,18,184.44
07.28.2002-21:00:00,07,28,2002,21,187.05
07.29.2002-00:00:00,07,29,2002,00,197
07.29.2002-03:00:00,07,29,2002,03,194.09
07.29.2002-06:00:00,07,29,2002,06,190.53
07.29.2002-09:00:00,07,29,2002,09,179.97
07.29.2002-12:00:00,07,29,2002,12,178.35
07.29.2002-15:00:00,07,29,2002,15,174.34
07.29.2002-18:00:00,07,29,2002,18,188.31
07.29.2002-21:00:00,07,29,2002,21,189.48
07.30.2002-00:00:00,07,30,2002,00,198.73
07.30.2002-03:00:00,07,30,2002,03,196.06
07.30.2002-06:00:00,07,30,2002,06,184.53
07.30.2002-09:00:00,07,30,2002,09,166.51
07.30.2002-12:00:00,07,30,2002,12,154.83
07.30.2002-15:00:00,07,30,2002,15,152.26
07.30.2002-18:00:00,07,30,2002,18,173.31
07.30.2002-21:00:00,07,30,2002,21,176.89
07.31.2002-00:00:00,07,31,2002,00,184.96
07.31.2002-03:00:00,07,31,2002,03,192.79
07.31.2002-06:00:00,07,31,2002,06,178.89
07.31.2002-09:00:00,07,31,2002,09,159.11
07.31.2002-12:00:00,07,31,2002,12,144.31
07.31.2002-15:00:00,07,31,2002,15,141.82
07.31.2002-18:00:00,07,31,2002,18,160.94
07.31.2002-21:00:00,07,31,2002,21,169.48
08.01.2002-00:00:00,08,01,2002,00,174.93
08.01.2002-03:00:00,08,01,2002,03,174.51
08.01.2002-06:00:00,08,01,2002,06,173.47
08.01.2002-09:00:00,08,01,2002,09,153.57
08.01.2002-12:00:00,08,01,2002,12,138.5
08.01.2002-15:00:00,08,01,2002,15,133.47
08.01.2002-18:00:00,08,01,2002,18,144.48
08.01.2002-21:00:00,08,01,2002,21,159.3
08.02.2002-00:00:00,08,02,2002,00,171.04
08.02.2002-03:00:00,08,02,2002,03,169.02
08.02.2002-06:00:00,08,02,2002,06,161.23
08.02.2002-09:00:00,08,02,2002,09,146.66
08.02.2002-12:00:00,08,02,2002,12,139.52
08.02.2002-15:00:00,08,02,2002,15,130.66
08.02.2002-18:00:00,08,02,2002,18,141.25
08.02.2002-21:00:00,08,02,2002,21,155.64
08.03.2002-00:00:00,08,03,2002,00,167.05
08.03.2002-03:00:00,08,03,2002,03,168.09
08.03.2002-06:00:00,08,03,2002,06,161.03
08.03.2002-09:00:00,08,03,2002,09,142.4
08.03.2002-12:00:00,08,03,2002,12,135.19
08.03.2002-15:00:00,08,03,2002,15,130.89
08.03.2002-18:00:00,08,03,2002,18,141.46
08.03.2002-21:00:00,08,03,2002,21,156.02
08.04.2002-00:00:00,08,04,2002,00,165.26
08.04.2002-03:00:00,08,04,2002,03,163.62
08.04.2002-06:00:00,08,04,2002,06,156.36
08.04.2002-09:00:00,08,04,2002,09,141.73
08.04.2002-12:00:00,08,04,2002,12,137.6
08.04.2002-15:00:00,08,04,2002,15,129.17
08.04.2002-18:00:00,08,04,2002,18,139.08
08.04.2002-21:00:00,08,04,2002,21,153.82
08.05.2002-00:00:00,08,05,2002,00,162.9
08.05.2002-03:00:00,08,05,2002,03,165.44
08.05.2002-06:00:00,08,05,2002,06,158.44
08.05.2002-09:00:00,08,05,2002,09,139.71
08.05.2002-12:00:00,08,05,2002,12,133.33
08.05.2002-15:00:00,08,05,2002,15,129.24
08.05.2002-18:00:00,08,05,2002,18,139.31
08.05.2002-21:00:00,08,05,2002,21,154.33
08.06.2002-00:00:00,08,06,2002,00,161.12
08.06.2002-03:00:00,08,06,2002,03,162.7
08.06.2002-06:00:00,08,06,2002,06,161.94
08.06.2002-09:00:00,08,06,2002,09,144.89
08.06.2002-12:00:00,08,06,2002,12,140.15
08.06.2002-15:00:00,08,06,2002,15,137.28
08.06.2002-18:00:00,08,06,2002,18,155.69
08.06.2002-21:00:00,08,06,2002,21,159.75
08.07.2002-00:00:00,08,07,2002,00,160.7
08.07.2002-03:00:00,08,07,2002,03,164.77
08.07.2002-06:00:00,08,07,2002,06,159.43
08.07.2002-09:00:00,08,07,2002,09,143.61
08.07.2002-12:00:00,08,07,2002,12,127.05
08.07.2002-15:00:00,08,07,2002,15,134.76
08.07.2002-18:00:00,08,07,2002,18,135.51
08.07.2002-21:00:00,08,07,2002,21,149.88
08.08.2002-00:00:00,08,08,2002,00,157.4
08.08.2002-03:00:00,08,08,2002,03,154.47
08.08.2002-06:00:00,08,08,2002,06,143.31
08.08.2002-09:00:00,08,08,2002,09,128.82
08.08.2002-12:00:00,08,08,2002,12,114.76
08.08.2002-15:00:00,08,08,2002,15,125.28
08.08.2002-18:00:00,08,08,2002,18,127.6
08.08.2002-21:00:00,08,08,2002,21,140.6
08.09.2002-00:00:00,08,09,2002,00,145.78
08.09.2002-03:00:00,08,09,2002,03,147.27
08.09.2002-06:00:00,08,09,2002,06,135.44
08.09.2002-09:00:00,08,09,2002,09,116.48
08.09.2002-12:00:00,08,09,2002,12,116.02
08.09.2002-15:00:00,08,09,2002,15,113.32
08.09.2002-18:00:00,08,09,2002,18,124.75
08.09.2002-21:00:00,08,09,2002,21,137.44
08.10.2002-00:00:00,08,10,2002,00,142.83
08.10.2002-03:00:00,08,10,2002,03,143.64
08.10.2002-06:00:00,08,10,2002,06,132.1
08.10.2002-09:00:00,08,10,2002,09,118.15
08.10.2002-12:00:00,08,10,2002,12,114.5
08.10.2002-15:00:00,08,10,2002,15,111.95
08.10.2002-18:00:00,08,10,2002,18,123.06
08.10.2002-21:00:00,08,10,2002,21,134.87
08.11.2002-00:00:00,08,11,2002,00,141.28
08.11.2002-03:00:00,08,11,2002,03,140.9
08.11.2002-06:00:00,08,11,2002,06,129.65
08.11.2002-09:00:00,08,11,2002,09,114.24
08.11.2002-12:00:00,08,11,2002,12,108.34
08.11.2002-15:00:00,08,11,2002,15,106.2
08.11.2002-18:00:00,08,11,2002,18,118.41
08.11.2002-21:00:00,08,11,2002,21,131.4
08.12.2002-00:00:00,08,12,2002,00,135.44
08.12.2002-03:00:00,08,12,2002,03,136.28
08.12.2002-06:00:00,08,12,2002,06,125.85
08.12.2002-09:00:00,08,12,2002,09,104.18
08.12.2002-12:00:00,08,12,2002,12,96.895
08.12.2002-15:00:00,08,12,2002,15,109.69
08.12.2002-18:00:00,08,12,2002,18,112.61
08.12.2002-21:00:00,08,12,2002,21,127.51
08.13.2002-00:00:00,08,13,2002,00,132.09
08.13.2002-03:00:00,08,13,2002,03,131.67
08.13.2002-06:00:00,08,13,2002,06,121.58
08.13.2002-09:00:00,08,13,2002,09,100.82
08.13.2002-12:00:00,08,13,2002,12,94.506
08.13.2002-15:00:00,08,13,2002,15,97.978
08.13.2002-18:00:00,08,13,2002,18,108.11
08.13.2002-21:00:00,08,13,2002,21,124.09
08.14.2002-00:00:00,08,14,2002,00,128.87
08.14.2002-03:00:00,08,14,2002,03,127.82
08.14.2002-06:00:00,08,14,2002,06,118.75
08.14.2002-09:00:00,08,14,2002,09,101.51
08.14.2002-12:00:00,08,14,2002,12,94.36
08.14.2002-15:00:00,08,14,2002,15,100.46
08.14.2002-18:00:00,08,14,2002,18,111.99
08.14.2002-21:00:00,08,14,2002,21,123.47
08.15.2002-00:00:00,08,15,2002,00,126.87
08.15.2002-03:00:00,08,15,2002,03,126.55
08.15.2002-06:00:00,08,15,2002,06,117.85
08.15.2002-09:00:00,08,15,2002,09,96.682
08.15.2002-12:00:00,08,15,2002,12,87.023
08.15.2002-15:00:00,08,15,2002,15,95.02
08.15.2002-18:00:00,08,15,2002,18,105.92
08.15.2002-21:00:00,08,15,2002,21,120.43
08.16.2002-00:00:00,08,16,2002,00,124.64
08.16.2002-03:00:00,08,16,2002,03,124.27
08.16.2002-06:00:00,08,16,2002,06,115.72
08.16.2002-09:00:00,08,16,2002,09,94.375
08.16.2002-12:00:00,08,16,2002,12,84.003
08.16.2002-15:00:00,08,16,2002,15,93.018
08.16.2002-18:00:00,08,16,2002,18,103.51
08.16.2002-21:00:00,08,16,2002,21,118.37
08.17.2002-00:00:00,08,17,2002,00,122.58
08.17.2002-03:00:00,08,17,2002,03,122.69
08.17.2002-06:00:00,08,17,2002,06,116.21
08.17.2002-09:00:00,08,17,2002,09,94.218
08.17.2002-12:00:00,08,17,2002,12,83.944
08.17.2002-15:00:00,08,17,2002,15,93.347
08.17.2002-18:00:00,08,17,2002,18,103.73
08.17.2002-21:00:00,08,17,2002,21,117
08.18.2002-00:00:00,08,18,2002,00,120.71
08.18.2002-03:00:00,08,18,2002,03,120.6
08.18.2002-06:00:00,08,18,2002,06,113.44
08.18.2002-09:00:00,08,18,2002,09,92.259
08.18.2002-12:00:00,08,18,2002,12,82.452
08.18.2002-15:00:00,08,18,2002,15,91.763
08.18.2002-18:00:00,08,18,2002,18,101.88
08.18.2002-21:00:00,08,18,2002,21,114.98
08.19.2002-00:00:00,08,19,2002,00,118.81
08.19.2002-03:00:00,08,19,2002,03,118.33
08.19.2002-06:00:00,08,19,2002,06,111.66
08.19.2002-09:00:00,08,19,2002,09,96.462
08.19.2002-12:00:00,08,19,2002,12,90.283
08.19.2002-15:00:00,08,19,2002,15,96.781
08.19.2002-18:00:00,08,19,2002,18,107.38
08.19.2002-21:00:00,08,19,2002,21,115.65
08.20.2002-00:00:00,08,20,2002,00,117.89
08.20.2002-03:00:00,08,20,2002,03,117.4
08.20.2002-06:00:00,08,20,2002,06,110.63
08.20.2002-09:00:00,08,20,2002,09,94.446
08.20.2002-12:00:00,08,20,2002,12,87.136
08.20.2002-15:00:00,08,20,2002,15,93.999
08.20.2002-18:00:00,08,20,2002,18,105.38
08.20.2002-21:00:00,08,20,2002,21,114.58
08.21.2002-00:00:00,08,21,2002,00,117.08
08.21.2002-03:00:00,08,21,2002,03,116.61
08.21.2002-06:00:00,08,21,2002,06,109.48
08.21.2002-09:00:00,08,21,2002,09,91.847
08.21.2002-12:00:00,08,21,2002,12,83.744
08.21.2002-15:00:00,08,21,2002,15,90.912
08.21.2002-18:00:00,08,21,2002,18,102.93
08.21.2002-21:00:00,08,21,2002,21,112.98
08.22.2002-00:00:00,08,22,2002,00,115.75
08.22.2002-03:00:00,08,22,2002,03,115.36
08.22.2002-06:00:00,08,22,2002,06,108.09
08.22.2002-09:00:00,08,22,2002,09,89.094
08.22.2002-12:00:00,08,22,2002,12,80.184
08.22.2002-15:00:00,08,22,2002,15,88.527
08.22.2002-18:00:00,08,22,2002,18,99.548
08.22.2002-21:00:00,08,22,2002,21,111.12
08.23.2002-00:00:00,08,23,2002,00,114.17
08.23.2002-03:00:00,08,23,2002,03,113.89
08.23.2002-06:00:00,08,23,2002,06,106.06
08.23.2002-09:00:00,08,23,2002,09,84.382
08.23.2002-12:00:00,08,23,2002,12,75.16
08.23.2002-15:00:00,08,23,2002,15,84.576
08.23.2002-18:00:00,08,23,2002,18,95.497
08.23.2002-21:00:00,08,23,2002,21,106.08
08.24.2002-00:00:00,08,24,2002,00,112.1
08.24.2002-03:00:00,08,24,2002,03,112.03
08.24.2002-06:00:00,08,24,2002,06,104.6
08.24.2002-09:00:00,08,24,2002,09,82.889
08.24.2002-12:00:00,08,24,2002,12,75.06
08.24.2002-15:00:00,08,24,2002,15,83.676
08.24.2002-18:00:00,08,24,2002,18,94.37
08.24.2002-21:00:00,08,24,2002,21,103.14
08.25.2002-00:00:00,08,25,2002,00,119.29
08.25.2002-03:00:00,08,25,2002,03,126
08.25.2002-06:00:00,08,25,2002,06,125.26
08.25.2002-09:00:00,08,25,2002,09,109.36
08.25.2002-12:00:00,08,25,2002,12,103.29
08.25.2002-15:00:00,08,25,2002,15,107.54
08.25.2002-18:00:00,08,25,2002,18,118.29
08.25.2002-21:00:00,08,25,2002,21,125.42
08.26.2002-00:00:00,08,26,2002,00,119.99
08.26.2002-03:00:00,08,26,2002,03,124.12
08.26.2002-06:00:00,08,26,2002,06,131.11
08.26.2002-09:00:00,08,26,2002,09,104.77
08.26.2002-12:00:00,08,26,2002,12,102.54
08.26.2002-15:00:00,08,26,2002,15,95.77
08.26.2002-18:00:00,08,26,2002,18,106.39
08.26.2002-21:00:00,08,26,2002,21,115.14
08.27.2002-00:00:00,08,27,2002,00,114.84
08.27.2002-03:00:00,08,27,2002,03,115.61
08.27.2002-06:00:00,08,27,2002,06,107.79
08.27.2002-09:00:00,08,27,2002,09,89.349
08.27.2002-12:00:00,08,27,2002,12,82.352
08.27.2002-15:00:00,08,27,2002,15,82.473
08.27.2002-18:00:00,08,27,2002,18,95.271
08.27.2002-21:00:00,08,27,2002,21,107.47
08.28.2002-00:00:00,08,28,2002,00,110.66
08.28.2002-03:00:00,08,28,2002,03,110.43
08.28.2002-06:00:00,08,28,2002,06,103.06
08.28.2002-09:00:00,08,28,2002,09,81.302
08.28.2002-12:00:00,08,28,2002,12,71.912
08.28.2002-15:00:00,08,28,2002,15,81.003
08.28.2002-18:00:00,08,28,2002,18,92.219
08.28.2002-21:00:00,08,28,2002,21,104.25
08.29.2002-00:00:00,08,29,2002,00,108.01
08.29.2002-03:00:00,08,29,2002,03,107.55
08.29.2002-06:00:00,08,29,2002,06,100.77
08.29.2002-09:00:00,08,29,2002,09,83.671
08.29.2002-12:00:00,08,29,2002,12,76.664
08.29.2002-15:00:00,08,29,2002,15,84.137
08.29.2002-18:00:00,08,29,2002,18,94.835
08.29.2002-21:00:00,08,29,2002,21,104.11
08.30.2002-00:00:00,08,30,2002,00,106.48
08.30.2002-03:00:00,08,30,2002,03,106.09
08.30.2002-06:00:00,08,30,2002,06,100.18
08.30.2002-09:00:00,08,30,2002,09,81.845
08.30.2002-12:00:00,08,30,2002,12,72.988
08.30.2002-15:00:00,08,30,2002,15,82.029
08.30.2002-18:00:00,08,30,2002,18,92.058
08.30.2002-21:00:00,08,30,2002,21,102.67
08.31.2002-00:00:00,08,31,2002,00,105.27
08.31.2002-03:00:00,08,31,2002,03,105.04
08.31.2002-06:00:00,08,31,2002,06,101.16
08.31.2002-09:00:00,08,31,2002,09,83.732
08.31.2002-12:00:00,08,31,2002,12,75.89
08.31.2002-15:00:00,08,31,2002,15,83.617
08.31.2002-18:00:00,08,31,2002,18,93.491
08.31.2002-21:00:00,08,31,2002,21,102.35
09.01.2002-00:00:00,09,01,2002,00,103.38
09.01.2002-03:00:00,09,01,2002,03,102.31
09.01.2002-06:00:00,09,01,2002,06,98.046
09.01.2002-09:00:00,09,01,2002,09,89.336
09.01.2002-12:00:00,09,01,2002,12,85.818
09.01.2002-15:00:00,09,01,2002,15,90.158
09.01.2002-18:00:00,09,01,2002,18,97.689
09.01.2002-21:00:00,09,01,2002,21,102.48
09.02.2002-00:00:00,09,02,2002,00,103.61
09.02.2002-03:00:00,09,02,2002,03,103.11
09.02.2002-06:00:00,09,02,2002,06,98
09.02.2002-09:00:00,09,02,2002,09,83.561
09.02.2002-12:00:00,09,02,2002,12,73.849
09.02.2002-15:00:00,09,02,2002,15,81.028
09.02.2002-18:00:00,09,02,2002,18,93.253
09.02.2002-21:00:00,09,02,2002,21,101.74
09.03.2002-00:00:00,09,03,2002,00,102.95
09.03.2002-03:00:00,09,03,2002,03,102.28
09.03.2002-06:00:00,09,03,2002,06,97.461
09.03.2002-09:00:00,09,03,2002,09,84.939
09.03.2002-12:00:00,09,03,2002,12,76.699
09.03.2002-15:00:00,09,03,2002,15,82.702
09.03.2002-18:00:00,09,03,2002,18,94.496
09.03.2002-21:00:00,09,03,2002,21,101.12
09.04.2002-00:00:00,09,04,2002,00,102.06
09.04.2002-03:00:00,09,04,2002,03,101.89
09.04.2002-06:00:00,09,04,2002,06,97.992
09.04.2002-09:00:00,09,04,2002,09,83.142
09.04.2002-12:00:00,09,04,2002,12,72.898
09.04.2002-15:00:00,09,04,2002,15,80.845
09.04.2002-18:00:00,09,04,2002,18,91.818
09.04.2002-21:00:00,09,04,2002,21,99.938
09.05.2002-00:00:00,09,05,2002,00,101.49
09.05.2002-03:00:00,09,05,2002,03,101.56
09.05.2002-06:00:00,09,05,2002,06,100.63
09.05.2002-09:00:00,09,05,2002,09,84.357
09.05.2002-12:00:00,09,05,2002,12,72.616
09.05.2002-15:00:00,09,05,2002,15,80.654
09.05.2002-18:00:00,09,05,2002,18,91.883
09.05.2002-21:00:00,09,05,2002,21,99.1
09.06.2002-00:00:00,09,06,2002,00,100.31
09.06.2002-03:00:00,09,06,2002,03,100.44
09.06.2002-06:00:00,09,06,2002,06,98.054
09.06.2002-09:00:00,09,06,2002,09,82.164
09.06.2002-12:00:00,09,06,2002,12,71.367
09.06.2002-15:00:00,09,06,2002,15,79.935
09.06.2002-18:00:00,09,06,2002,18,90.88
09.06.2002-21:00:00,09,06,2002,21,96.939
09.07.2002-00:00:00,09,07,2002,00,99.352
09.07.2002-03:00:00,09,07,2002,03,100.05
09.07.2002-06:00:00,09,07,2002,06,102.71
09.07.2002-09:00:00,09,07,2002,09,104.19
09.07.2002-12:00:00,09,07,2002,12,84.812
09.07.2002-15:00:00,09,07,2002,15,84.624
09.07.2002-18:00:00,09,07,2002,18,94.975
09.07.2002-21:00:00,09,07,2002,21,100.86
09.08.2002-00:00:00,09,08,2002,00,99.722
09.08.2002-03:00:00,09,08,2002,03,99.878
09.08.2002-06:00:00,09,08,2002,06,99.749
09.08.2002-09:00:00,09,08,2002,09,98.06
09.08.2002-12:00:00,09,08,2002,12,82.498
09.08.2002-15:00:00,09,08,2002,15,84.944
09.08.2002-18:00:00,09,08,2002,18,94.609
09.08.2002-21:00:00,09,08,2002,21,99.361
09.09.2002-00:00:00,09,09,2002,00,101.29
09.09.2002-03:00:00,09,09,2002,03,102.71
09.09.2002-06:00:00,09,09,2002,06,95.56
09.09.2002-09:00:00,09,09,2002,09,79.133
09.09.2002-12:00:00,09,09,2002,12,67.553
09.09.2002-15:00:00,09,09,2002,15,76.46
09.09.2002-18:00:00,09,09,2002,18,88.985
09.09.2002-21:00:00,09,09,2002,21,96.472
09.10.2002-00:00:00,09,10,2002,00,98.395
09.10.2002-03:00:00,09,10,2002,03,98.393
09.10.2002-06:00:00,09,10,2002,06,93.907
09.10.2002-09:00:00,09,10,2002,09,75.658
09.10.2002-12:00:00,09,10,2002,12,64.236
09.10.2002-15:00:00,09,10,2002,15,74.221
09.10.2002-18:00:00,09,10,2002,18,87.849
09.10.2002-21:00:00,09,10,2002,21,91.113
09.11.2002-00:00:00,09,11,2002,00,95.906
09.11.2002-03:00:00,09,11,2002,03,96.507
09.11.2002-06:00:00,09,11,2002,06,91.143
09.11.2002-09:00:00,09,11,2002,09,72.44
09.11.2002-12:00:00,09,11,2002,12,62.238
09.11.2002-15:00:00,09,11,2002,15,72.131
09.11.2002-18:00:00,09,11,2002,18,86.746
09.11.2002-21:00:00,09,11,2002,21,90.216
09.12.2002-00:00:00,09,12,2002,00,90.602
09.12.2002-03:00:00,09,12,2002,03,94.917
09.12.2002-06:00:00,09,12,2002,06,89.84
09.12.2002-09:00:00,09,12,2002,09,70.762
09.12.2002-12:00:00,09,12,2002,12,62.007
09.12.2002-15:00:00,09,12,2002,15,71.399
09.12.2002-18:00:00,09,12,2002,18,86.031
09.12.2002-21:00:00,09,12,2002,21,89.383
09.13.2002-00:00:00,09,13,2002,00,89.679
09.13.2002-03:00:00,09,13,2002,03,90.195
09.13.2002-06:00:00,09,13,2002,06,87.402
09.13.2002-09:00:00,09,13,2002,09,68.857
09.13.2002-12:00:00,09,13,2002,12,60.315
09.13.2002-15:00:00,09,13,2002,15,69.93
09.13.2002-18:00:00,09,13,2002,18,85.201
09.13.2002-21:00:00,09,13,2002,21,88.666
09.14.2002-00:00:00,09,14,2002,00,89.058
09.14.2002-03:00:00,09,14,2002,03,89.325
09.14.2002-06:00:00,09,14,2002,06,84.998
09.14.2002-09:00:00,09,14,2002,09,68.997
09.14.2002-12:00:00,09,14,2002,12,61.059
09.14.2002-15:00:00,09,14,2002,15,70.965
09.14.2002-18:00:00,09,14,2002,18,85.239
09.14.2002-21:00:00,09,14,2002,21,88.136
09.15.2002-00:00:00,09,15,2002,00,88.393
09.15.2002-03:00:00,09,15,2002,03,88.583
09.15.2002-06:00:00,09,15,2002,06,84.132
09.15.2002-09:00:00,09,15,2002,09,70.111
09.15.2002-12:00:00,09,15,2002,12,65.911
09.15.2002-15:00:00,09,15,2002,15,74.577
09.15.2002-18:00:00,09,15,2002,18,85.394
09.15.2002-21:00:00,09,15,2002,21,87.717
09.16.2002-00:00:00,09,16,2002,00,87.907
09.16.2002-03:00:00,09,16,2002,03,88.09
09.16.2002-06:00:00,09,16,2002,06,84.548
09.16.2002-09:00:00,09,16,2002,09,73.274
09.16.2002-12:00:00,09,16,2002,12,68.077
09.16.2002-15:00:00,09,16,2002,15,75.863
09.16.2002-18:00:00,09,16,2002,18,85.393
09.16.2002-21:00:00,09,16,2002,21,87.39
09.17.2002-00:00:00,09,17,2002,00,87.641
09.17.2002-03:00:00,09,17,2002,03,87.976
09.17.2002-06:00:00,09,17,2002,06,86.636
09.17.2002-09:00:00,09,17,2002,09,76.809
09.17.2002-12:00:00,09,17,2002,12,72.524
09.17.2002-15:00:00,09,17,2002,15,78.89
09.17.2002-18:00:00,09,17,2002,18,86.047
09.17.2002-21:00:00,09,17,2002,21,87.432
09.18.2002-00:00:00,09,18,2002,00,89.295
09.18.2002-03:00:00,09,18,2002,03,90.325
09.18.2002-06:00:00,09,18,2002,06,87.399
09.18.2002-09:00:00,09,18,2002,09,74.768
09.18.2002-12:00:00,09,18,2002,12,68.225
09.18.2002-15:00:00,09,18,2002,15,76.418
09.18.2002-18:00:00,09,18,2002,18,85.642
09.18.2002-21:00:00,09,18,2002,21,87.064
09.19.2002-00:00:00,09,19,2002,00,87.301
09.19.2002-03:00:00,09,19,2002,03,89.435
09.19.2002-06:00:00,09,19,2002,06,87.515
09.19.2002-09:00:00,09,19,2002,09,71.647
09.19.2002-12:00:00,09,19,2002,12,63.482
09.19.2002-15:00:00,09,19,2002,15,73.565
09.19.2002-18:00:00,09,19,2002,18,84.92
09.19.2002-21:00:00,09,19,2002,21,86.47
09.20.2002-00:00:00,09,20,2002,00,86.696
09.20.2002-03:00:00,09,20,2002,03,86.93
09.20.2002-06:00:00,09,20,2002,06,85.601
09.20.2002-09:00:00,09,20,2002,09,72.329
09.20.2002-12:00:00,09,20,2002,12,64.566
09.20.2002-15:00:00,09,20,2002,15,74.269
09.20.2002-18:00:00,09,20,2002,18,84.863
09.20.2002-21:00:00,09,20,2002,21,86.136
09.21.2002-00:00:00,09,21,2002,00,86.404
09.21.2002-03:00:00,09,21,2002,03,86.511
09.21.2002-06:00:00,09,21,2002,06,87.428
09.21.2002-09:00:00,09,21,2002,09,72.049
09.21.2002-12:00:00,09,21,2002,12,64.176
09.21.2002-15:00:00,09,21,2002,15,74.37
09.21.2002-18:00:00,09,21,2002,18,84.691
09.21.2002-21:00:00,09,21,2002,21,85.756
09.22.2002-00:00:00,09,22,2002,00,85.981
09.22.2002-03:00:00,09,22,2002,03,86.069
09.22.2002-06:00:00,09,22,2002,06,86.151
09.22.2002-09:00:00,09,22,2002,09,69.089
09.22.2002-12:00:00,09,22,2002,12,61.384
09.22.2002-15:00:00,09,22,2002,15,72.46
09.22.2002-18:00:00,09,22,2002,18,84.033
09.22.2002-21:00:00,09,22,2002,21,85.156
09.23.2002-00:00:00,09,23,2002,00,85.347
09.23.2002-03:00:00,09,23,2002,03,85.516
09.23.2002-06:00:00,09,23,2002,06,83.589
09.23.2002-09:00:00,09,23,2002,09,65.658
09.23.2002-12:00:00,09,23,2002,12,59.952
09.23.2002-15:00:00,09,23,2002,15,71.129
09.23.2002-18:00:00,09,23,2002,18,83.334
09.23.2002-21:00:00,09,23,2002,21,84.454
09.24.2002-00:00:00,09,24,2002,00,84.599
09.24.2002-03:00:00,09,24,2002,03,84.756
09.24.2002-06:00:00,09,24,2002,06,81.931
09.24.2002-09:00:00,09,24,2002,09,69.741
09.24.2002-12:00:00,09,24,2002,12,66.424
09.24.2002-15:00:00,09,24,2002,15,74.66
09.24.2002-18:00:00,09,24,2002,18,83.296
09.24.2002-21:00:00,09,24,2002,21,84.144
09.25.2002-00:00:00,09,25,2002,00,84.348
09.25.2002-03:00:00,09,25,2002,03,84.513
09.25.2002-06:00:00,09,25,2002,06,81.639
09.25.2002-09:00:00,09,25,2002,09,65.303
09.25.2002-12:00:00,09,25,2002,12,59.686
09.25.2002-15:00:00,09,25,2002,15,70.535
09.25.2002-18:00:00,09,25,2002,18,82.666
09.25.2002-21:00:00,09,25,2002,21,83.549
09.26.2002-00:00:00,09,26,2002,00,83.713
09.26.2002-03:00:00,09,26,2002,03,83.888
09.26.2002-06:00:00,09,26,2002,06,82.392
09.26.2002-09:00:00,09,26,2002,09,73.262
09.26.2002-12:00:00,09,26,2002,12,71
09.26.2002-15:00:00,09,26,2002,15,77.321
09.26.2002-18:00:00,09,26,2002,18,83.105
09.26.2002-21:00:00,09,26,2002,21,83.506
09.27.2002-00:00:00,09,27,2002,00,83.648
09.27.2002-03:00:00,09,27,2002,03,83.755
09.27.2002-06:00:00,09,27,2002,06,81.201
09.27.2002-09:00:00,09,27,2002,09,67.889
09.27.2002-12:00:00,09,27,2002,12,63.033
09.27.2002-15:00:00,09,27,2002,15,72.51
09.27.2002-18:00:00,09,27,2002,18,82.689
09.27.2002-21:00:00,09,27,2002,21,83.062
09.28.2002-00:00:00,09,28,2002,00,83.229
09.28.2002-03:00:00,09,28,2002,03,83.375
09.28.2002-06:00:00,09,28,2002,06,83.426
09.28.2002-09:00:00,09,28,2002,09,67.661
09.28.2002-12:00:00,09,28,2002,12,62.425
09.28.2002-15:00:00,09,28,2002,15,72.591
09.28.2002-18:00:00,09,28,2002,18,82.272
09.28.2002-21:00:00,09,28,2002,21,82.561
09.29.2002-00:00:00,09,29,2002,00,82.644
09.29.2002-03:00:00,09,29,2002,03,82.756
09.29.2002-06:00:00,09,29,2002,06,81.153
09.29.2002-09:00:00,09,29,2002,09,73.738
09.29.2002-12:00:00,09,29,2002,12,71.937
09.29.2002-15:00:00,09,29,2002,15,77.171
09.29.2002-18:00:00,09,29,2002,18,82.158
09.29.2002-21:00:00,09,29,2002,21,82.431
09.30.2002-00:00:00,09,30,2002,00,82.56
09.30.2002-03:00:00,09,30,2002,03,82.662
09.30.2002-06:00:00,09,30,2002,06,81.481
09.30.2002-09:00:00,09,30,2002,09,75.244
09.30.2002-12:00:00,09,30,2002,12,72.692
09.30.2002-15:00:00,09,30,2002,15,77.808
09.30.2002-18:00:00,09,30,2002,18,82.251
09.30.2002-21:00:00,09,30,2002,21,82.529
