TIMESTAMP,MONTH,DAY,YEAR,HOUR,C
10.01.2011-00:00:00,10,01,2011,00,20191
10.01.2011-03:00:00,10,01,2011,03,20524
10.01.2011-06:00:00,10,01,2011,06,20780
10.01.2011-09:00:00,10,01,2011,09,20932
10.01.2011-12:00:00,10,01,2011,12,21017
10.01.2011-15:00:00,10,01,2011,15,21220
10.01.2011-18:00:00,10,01,2011,18,21582
10.01.2011-21:00:00,10,01,2011,21,21937
10.02.2011-00:00:00,10,02,2011,00,22333
10.02.2011-03:00:00,10,02,2011,03,22771
10.02.2011-06:00:00,10,02,2011,06,23195
10.02.2011-09:00:00,10,02,2011,09,23458
10.02.2011-12:00:00,10,02,2011,12,23553
10.02.2011-15:00:00,10,02,2011,15,23660
10.02.2011-18:00:00,10,02,2011,18,23897
10.02.2011-21:00:00,10,02,2011,21,24255
10.03.2011-00:00:00,10,03,2011,00,24716
10.03.2011-03:00:00,10,03,2011,03,25072
10.03.2011-06:00:00,10,03,2011,06,25324
10.03.2011-09:00:00,10,03,2011,09,25565
10.03.2011-12:00:00,10,03,2011,12,25826
10.03.2011-15:00:00,10,03,2011,15,26150
10.03.2011-18:00:00,10,03,2011,18,26543
10.03.2011-21:00:00,10,03,2011,21,26968
10.04.2011-00:00:00,10,04,2011,00,27212
10.04.2011-03:00:00,10,04,2011,03,27378
10.04.2011-06:00:00,10,04,2011,06,27634
10.04.2011-09:00:00,10,04,2011,09,27911
10.04.2011-12:00:00,10,04,2011,12,28164
10.04.2011-15:00:00,10,04,2011,15,28505
10.04.2011-18:00:00,10,04,2011,18,28985
10.04.2011-21:00:00,10,04,2011,21,29505
10.05.2011-00:00:00,10,05,2011,00,30258
10.05.2011-03:00:00,10,05,2011,03,31092
10.05.2011-06:00:00,10,05,2011,06,31891
10.05.2011-09:00:00,10,05,2011,09,32565
10.05.2011-12:00:00,10,05,2011,12,33193
10.05.2011-15:00:00,10,05,2011,15,33859
10.05.2011-18:00:00,10,05,2011,18,34696
10.05.2011-21:00:00,10,05,2011,21,35499
10.06.2011-00:00:00,10,06,2011,00,36872
10.06.2011-03:00:00,10,06,2011,03,38391
10.06.2011-06:00:00,10,06,2011,06,39798
10.06.2011-09:00:00,10,06,2011,09,40982
10.06.2011-12:00:00,10,06,2011,12,42236
10.06.2011-15:00:00,10,06,2011,15,43552
10.06.2011-18:00:00,10,06,2011,18,44979
10.06.2011-21:00:00,10,06,2011,21,46222
10.07.2011-00:00:00,10,07,2011,00,46238
10.07.2011-03:00:00,10,07,2011,03,45697
10.07.2011-06:00:00,10,07,2011,06,45339
10.07.2011-09:00:00,10,07,2011,09,44863
10.07.2011-12:00:00,10,07,2011,12,44421
10.07.2011-15:00:00,10,07,2011,15,44173
10.07.2011-18:00:00,10,07,2011,18,44045
10.07.2011-21:00:00,10,07,2011,21,43880
10.08.2011-00:00:00,10,08,2011,00,43750
10.08.2011-03:00:00,10,08,2011,03,43491
10.08.2011-06:00:00,10,08,2011,06,43170
10.08.2011-09:00:00,10,08,2011,09,42664
10.08.2011-12:00:00,10,08,2011,12,41950
10.08.2011-15:00:00,10,08,2011,15,41531
10.08.2011-18:00:00,10,08,2011,18,41345
10.08.2011-21:00:00,10,08,2011,21,41083
10.09.2011-00:00:00,10,09,2011,00,40593
10.09.2011-03:00:00,10,09,2011,03,40199
10.09.2011-06:00:00,10,09,2011,06,39728
10.09.2011-09:00:00,10,09,2011,09,38793
10.09.2011-12:00:00,10,09,2011,12,37838
10.09.2011-15:00:00,10,09,2011,15,37388
10.09.2011-18:00:00,10,09,2011,18,37219
10.09.2011-21:00:00,10,09,2011,21,36986
10.10.2011-00:00:00,10,10,2011,00,36648
10.10.2011-03:00:00,10,10,2011,03,36191
10.10.2011-06:00:00,10,10,2011,06,35639
10.10.2011-09:00:00,10,10,2011,09,34893
10.10.2011-12:00:00,10,10,2011,12,34088
10.10.2011-15:00:00,10,10,2011,15,33555
10.10.2011-18:00:00,10,10,2011,18,33340
10.10.2011-21:00:00,10,10,2011,21,33104
10.11.2011-00:00:00,10,11,2011,00,34159
10.11.2011-03:00:00,10,11,2011,03,35672
10.11.2011-06:00:00,10,11,2011,06,36772
10.11.2011-09:00:00,10,11,2011,09,37542
10.11.2011-12:00:00,10,11,2011,12,38359
10.11.2011-15:00:00,10,11,2011,15,39242
10.11.2011-18:00:00,10,11,2011,18,40354
10.11.2011-21:00:00,10,11,2011,21,41531
10.12.2011-00:00:00,10,12,2011,00,43409
10.12.2011-03:00:00,10,12,2011,03,45110
10.12.2011-06:00:00,10,12,2011,06,46634
10.12.2011-09:00:00,10,12,2011,09,49498
10.12.2011-12:00:00,10,12,2011,12,53891
10.12.2011-15:00:00,10,12,2011,15,58690
10.12.2011-18:00:00,10,12,2011,18,62947
10.12.2011-21:00:00,10,12,2011,21,66699
10.13.2011-00:00:00,10,13,2011,00,67094
10.13.2011-03:00:00,10,13,2011,03,66304
10.13.2011-06:00:00,10,13,2011,06,66393
10.13.2011-09:00:00,10,13,2011,09,66999
10.13.2011-12:00:00,10,13,2011,12,68140
10.13.2011-15:00:00,10,13,2011,15,69421
10.13.2011-18:00:00,10,13,2011,18,70704
10.13.2011-21:00:00,10,13,2011,21,71484
10.14.2011-00:00:00,10,14,2011,00,72067
10.14.2011-03:00:00,10,14,2011,03,72136
10.14.2011-06:00:00,10,14,2011,06,72211
10.14.2011-09:00:00,10,14,2011,09,71932
10.14.2011-12:00:00,10,14,2011,12,71700
10.14.2011-15:00:00,10,14,2011,15,71623
10.14.2011-18:00:00,10,14,2011,18,71562
10.14.2011-21:00:00,10,14,2011,21,71525
10.15.2011-00:00:00,10,15,2011,00,71204
10.15.2011-03:00:00,10,15,2011,03,70751
10.15.2011-06:00:00,10,15,2011,06,70138
10.15.2011-09:00:00,10,15,2011,09,69243
10.15.2011-12:00:00,10,15,2011,12,68215
10.15.2011-15:00:00,10,15,2011,15,67543
10.15.2011-18:00:00,10,15,2011,18,66923
10.15.2011-21:00:00,10,15,2011,21,66277
10.16.2011-00:00:00,10,16,2011,00,65726
10.16.2011-03:00:00,10,16,2011,03,64943
10.16.2011-06:00:00,10,16,2011,06,64073
10.16.2011-09:00:00,10,16,2011,09,62731
10.16.2011-12:00:00,10,16,2011,12,61478
10.16.2011-15:00:00,10,16,2011,15,60624
10.16.2011-18:00:00,10,16,2011,18,60097
10.16.2011-21:00:00,10,16,2011,21,59469
10.17.2011-00:00:00,10,17,2011,00,58689
10.17.2011-03:00:00,10,17,2011,03,57865
10.17.2011-06:00:00,10,17,2011,06,57078
10.17.2011-09:00:00,10,17,2011,09,55930
10.17.2011-12:00:00,10,17,2011,12,54890
10.17.2011-15:00:00,10,17,2011,15,54230
10.17.2011-18:00:00,10,17,2011,18,53904
10.17.2011-21:00:00,10,17,2011,21,53437
10.18.2011-00:00:00,10,18,2011,00,52832
10.18.2011-03:00:00,10,18,2011,03,52222
10.18.2011-06:00:00,10,18,2011,06,51539
10.18.2011-09:00:00,10,18,2011,09,50480
10.18.2011-12:00:00,10,18,2011,12,49442
10.18.2011-15:00:00,10,18,2011,15,48941
10.18.2011-18:00:00,10,18,2011,18,48735
10.18.2011-21:00:00,10,18,2011,21,48470
10.19.2011-00:00:00,10,19,2011,00,48300
10.19.2011-03:00:00,10,19,2011,03,48023
10.19.2011-06:00:00,10,19,2011,06,47645
10.19.2011-09:00:00,10,19,2011,09,47157
10.19.2011-12:00:00,10,19,2011,12,46658
10.19.2011-15:00:00,10,19,2011,15,46252
10.19.2011-18:00:00,10,19,2011,18,45992
10.19.2011-21:00:00,10,19,2011,21,45754
10.20.2011-00:00:00,10,20,2011,00,45267
10.20.2011-03:00:00,10,20,2011,03,44660
10.20.2011-06:00:00,10,20,2011,06,44054
10.20.2011-09:00:00,10,20,2011,09,43159
10.20.2011-12:00:00,10,20,2011,12,42180
10.20.2011-15:00:00,10,20,2011,15,41714
10.20.2011-18:00:00,10,20,2011,18,41659
10.20.2011-21:00:00,10,20,2011,21,41575
10.21.2011-00:00:00,10,21,2011,00,41343
10.21.2011-03:00:00,10,21,2011,03,41023
10.21.2011-06:00:00,10,21,2011,06,40525
10.21.2011-09:00:00,10,21,2011,09,39713
10.21.2011-12:00:00,10,21,2011,12,38953
10.21.2011-15:00:00,10,21,2011,15,38521
10.21.2011-18:00:00,10,21,2011,18,38436
10.21.2011-21:00:00,10,21,2011,21,38386
10.22.2011-00:00:00,10,22,2011,00,38517
10.22.2011-03:00:00,10,22,2011,03,38703
10.22.2011-06:00:00,10,22,2011,06,38639
10.22.2011-09:00:00,10,22,2011,09,38367
10.22.2011-12:00:00,10,22,2011,12,38116
10.22.2011-15:00:00,10,22,2011,15,37912
10.22.2011-18:00:00,10,22,2011,18,37714
10.22.2011-21:00:00,10,22,2011,21,37587
10.23.2011-00:00:00,10,23,2011,00,38330
10.23.2011-03:00:00,10,23,2011,03,39309
10.23.2011-06:00:00,10,23,2011,06,39948
10.23.2011-09:00:00,10,23,2011,09,40317
10.23.2011-12:00:00,10,23,2011,12,40811
10.23.2011-15:00:00,10,23,2011,15,41431
10.23.2011-18:00:00,10,23,2011,18,42015
10.23.2011-21:00:00,10,23,2011,21,42405
10.24.2011-00:00:00,10,24,2011,00,41314
10.24.2011-03:00:00,10,24,2011,03,39927
10.24.2011-06:00:00,10,24,2011,06,39218
10.24.2011-09:00:00,10,24,2011,09,38770
10.24.2011-12:00:00,10,24,2011,12,38432
10.24.2011-15:00:00,10,24,2011,15,38327
10.24.2011-18:00:00,10,24,2011,18,38550
10.24.2011-21:00:00,10,24,2011,21,38771
10.25.2011-00:00:00,10,25,2011,00,38772
10.25.2011-03:00:00,10,25,2011,03,38759
10.25.2011-06:00:00,10,25,2011,06,38699
10.25.2011-09:00:00,10,25,2011,09,38265
10.25.2011-12:00:00,10,25,2011,12,37999
10.25.2011-15:00:00,10,25,2011,15,38014
10.25.2011-18:00:00,10,25,2011,18,38030
10.25.2011-21:00:00,10,25,2011,21,38030
10.26.2011-00:00:00,10,26,2011,00,37930
10.26.2011-03:00:00,10,26,2011,03,37744
10.26.2011-06:00:00,10,26,2011,06,37569
10.26.2011-09:00:00,10,26,2011,09,37065
10.26.2011-12:00:00,10,26,2011,12,36531
10.26.2011-15:00:00,10,26,2011,15,36322
10.26.2011-18:00:00,10,26,2011,18,36238
10.26.2011-21:00:00,10,26,2011,21,36189
10.27.2011-00:00:00,10,27,2011,00,36115
10.27.2011-03:00:00,10,27,2011,03,35899
10.27.2011-06:00:00,10,27,2011,06,35584
10.27.2011-09:00:00,10,27,2011,09,35100
10.27.2011-12:00:00,10,27,2011,12,34552
10.27.2011-15:00:00,10,27,2011,15,34222
10.27.2011-18:00:00,10,27,2011,18,34048
10.27.2011-21:00:00,10,27,2011,21,33806
10.28.2011-00:00:00,10,28,2011,00,33472
10.28.2011-03:00:00,10,28,2011,03,33167
10.28.2011-06:00:00,10,28,2011,06,32870
10.28.2011-09:00:00,10,28,2011,09,32292
10.28.2011-12:00:00,10,28,2011,12,31587
10.28.2011-15:00:00,10,28,2011,15,31238
10.28.2011-18:00:00,10,28,2011,18,31188
10.28.2011-21:00:00,10,28,2011,21,31063
10.29.2011-00:00:00,10,29,2011,00,30977
10.29.2011-03:00:00,10,29,2011,03,30720
10.29.2011-06:00:00,10,29,2011,06,30318
10.29.2011-09:00:00,10,29,2011,09,31412
10.29.2011-12:00:00,10,29,2011,12,33899
10.29.2011-15:00:00,10,29,2011,15,35787
10.29.2011-18:00:00,10,29,2011,18,36114
10.29.2011-21:00:00,10,29,2011,21,35456
10.30.2011-00:00:00,10,30,2011,00,33888
10.30.2011-03:00:00,10,30,2011,03,32551
10.30.2011-06:00:00,10,30,2011,06,31955
10.30.2011-09:00:00,10,30,2011,09,31596
10.30.2011-12:00:00,10,30,2011,12,31520
10.30.2011-15:00:00,10,30,2011,15,31869
10.30.2011-18:00:00,10,30,2011,18,31993
10.30.2011-21:00:00,10,30,2011,21,31728
10.31.2011-00:00:00,10,31,2011,00,31715
10.31.2011-03:00:00,10,31,2011,03,31600
10.31.2011-06:00:00,10,31,2011,06,31307
10.31.2011-09:00:00,10,31,2011,09,31334
10.31.2011-12:00:00,10,31,2011,12,32351
10.31.2011-15:00:00,10,31,2011,15,33554
10.31.2011-18:00:00,10,31,2011,18,34033
10.31.2011-21:00:00,10,31,2011,21,33864
11.01.2011-00:00:00,11,01,2011,00,32959
11.01.2011-03:00:00,11,01,2011,03,32183
11.01.2011-06:00:00,11,01,2011,06,31846
11.01.2011-09:00:00,11,01,2011,09,31617
11.01.2011-12:00:00,11,01,2011,12,31493
11.01.2011-15:00:00,11,01,2011,15,31475
11.01.2011-18:00:00,11,01,2011,18,31474
11.01.2011-21:00:00,11,01,2011,21,31301
11.02.2011-00:00:00,11,02,2011,00,31097
11.02.2011-03:00:00,11,02,2011,03,30940
11.02.2011-06:00:00,11,02,2011,06,30767
11.02.2011-09:00:00,11,02,2011,09,30451
11.02.2011-12:00:00,11,02,2011,12,30183
11.02.2011-15:00:00,11,02,2011,15,30147
11.02.2011-18:00:00,11,02,2011,18,30093
11.02.2011-21:00:00,11,02,2011,21,29945
11.03.2011-00:00:00,11,03,2011,00,29837
11.03.2011-03:00:00,11,03,2011,03,29633
11.03.2011-06:00:00,11,03,2011,06,29369
11.03.2011-09:00:00,11,03,2011,09,29087
11.03.2011-12:00:00,11,03,2011,12,28905
11.03.2011-15:00:00,11,03,2011,15,28883
11.03.2011-18:00:00,11,03,2011,18,28796
11.03.2011-21:00:00,11,03,2011,21,28595
11.04.2011-00:00:00,11,04,2011,00,28423
11.04.2011-03:00:00,11,04,2011,03,28259
11.04.2011-06:00:00,11,04,2011,06,28116
11.04.2011-09:00:00,11,04,2011,09,27950
11.04.2011-12:00:00,11,04,2011,12,27783
11.04.2011-15:00:00,11,04,2011,15,27653
11.04.2011-18:00:00,11,04,2011,18,27534
11.04.2011-21:00:00,11,04,2011,21,27404
11.05.2011-00:00:00,11,05,2011,00,27291
11.05.2011-03:00:00,11,05,2011,03,27165
11.05.2011-06:00:00,11,05,2011,06,27013
11.05.2011-09:00:00,11,05,2011,09,26807
11.05.2011-12:00:00,11,05,2011,12,26595
11.05.2011-15:00:00,11,05,2011,15,26478
11.05.2011-18:00:00,11,05,2011,18,26339
11.05.2011-21:00:00,11,05,2011,21,26199
11.06.2011-00:00:00,11,06,2011,00,26067
11.06.2011-03:00:00,11,06,2011,03,25895
11.06.2011-06:00:00,11,06,2011,06,25732
11.06.2011-09:00:00,11,06,2011,09,25540
11.06.2011-12:00:00,11,06,2011,12,25346
11.06.2011-15:00:00,11,06,2011,15,25196
11.06.2011-18:00:00,11,06,2011,18,25076
11.06.2011-21:00:00,11,06,2011,21,24953
11.07.2011-00:00:00,11,07,2011,00,24795
11.07.2011-03:00:00,11,07,2011,03,24653
11.07.2011-06:00:00,11,07,2011,06,24494
11.07.2011-09:00:00,11,07,2011,09,24305
11.07.2011-12:00:00,11,07,2011,12,24098
11.07.2011-15:00:00,11,07,2011,15,23909
11.07.2011-18:00:00,11,07,2011,18,23719
11.07.2011-21:00:00,11,07,2011,21,23589
11.08.2011-00:00:00,11,08,2011,00,23456
11.08.2011-03:00:00,11,08,2011,03,23296
11.08.2011-06:00:00,11,08,2011,06,23080
11.08.2011-09:00:00,11,08,2011,09,22849
11.08.2011-12:00:00,11,08,2011,12,22654
11.08.2011-15:00:00,11,08,2011,15,22474
11.08.2011-18:00:00,11,08,2011,18,22334
11.08.2011-21:00:00,11,08,2011,21,22188
11.09.2011-00:00:00,11,09,2011,00,22021
11.09.2011-03:00:00,11,09,2011,03,21845
11.09.2011-06:00:00,11,09,2011,06,21664
11.09.2011-09:00:00,11,09,2011,09,21460
11.09.2011-12:00:00,11,09,2011,12,21342
11.09.2011-15:00:00,11,09,2011,15,21307
11.09.2011-18:00:00,11,09,2011,18,21185
11.09.2011-21:00:00,11,09,2011,21,20963
11.10.2011-00:00:00,11,10,2011,00,20781
11.10.2011-03:00:00,11,10,2011,03,20648
11.10.2011-06:00:00,11,10,2011,06,20560
11.10.2011-09:00:00,11,10,2011,09,20451
11.10.2011-12:00:00,11,10,2011,12,20384
11.10.2011-15:00:00,11,10,2011,15,20348
11.10.2011-18:00:00,11,10,2011,18,20235
11.10.2011-21:00:00,11,10,2011,21,20111
11.11.2011-00:00:00,11,11,2011,00,19989
11.11.2011-03:00:00,11,11,2011,03,19884
11.11.2011-06:00:00,11,11,2011,06,19784
11.11.2011-09:00:00,11,11,2011,09,19665
11.11.2011-12:00:00,11,11,2011,12,19525
11.11.2011-15:00:00,11,11,2011,15,19421
11.11.2011-18:00:00,11,11,2011,18,19362
11.11.2011-21:00:00,11,11,2011,21,19293
11.12.2011-00:00:00,11,12,2011,00,19213
11.12.2011-03:00:00,11,12,2011,03,19105
11.12.2011-06:00:00,11,12,2011,06,18977
11.12.2011-09:00:00,11,12,2011,09,18948
11.12.2011-12:00:00,11,12,2011,12,19157
11.12.2011-15:00:00,11,12,2011,15,19158
11.12.2011-18:00:00,11,12,2011,18,18961
11.12.2011-21:00:00,11,12,2011,21,18759
11.13.2011-00:00:00,11,13,2011,00,18616
11.13.2011-03:00:00,11,13,2011,03,18511
11.13.2011-06:00:00,11,13,2011,06,18416
11.13.2011-09:00:00,11,13,2011,09,18323
11.13.2011-12:00:00,11,13,2011,12,18234
11.13.2011-15:00:00,11,13,2011,15,18134
11.13.2011-18:00:00,11,13,2011,18,18029
11.13.2011-21:00:00,11,13,2011,21,17933
11.14.2011-00:00:00,11,14,2011,00,17861
11.14.2011-03:00:00,11,14,2011,03,17838
11.14.2011-06:00:00,11,14,2011,06,17862
11.14.2011-09:00:00,11,14,2011,09,18007
11.14.2011-12:00:00,11,14,2011,12,18410
11.14.2011-15:00:00,11,14,2011,15,18887
11.14.2011-18:00:00,11,14,2011,18,19089
11.14.2011-21:00:00,11,14,2011,21,19070
11.15.2011-00:00:00,11,15,2011,00,18979
11.15.2011-03:00:00,11,15,2011,03,18938
11.15.2011-06:00:00,11,15,2011,06,18937
11.15.2011-09:00:00,11,15,2011,09,18948
11.15.2011-12:00:00,11,15,2011,12,18974
11.15.2011-15:00:00,11,15,2011,15,18986
11.15.2011-18:00:00,11,15,2011,18,18958
11.15.2011-21:00:00,11,15,2011,21,18910
11.16.2011-00:00:00,11,16,2011,00,18856
11.16.2011-03:00:00,11,16,2011,03,18808
11.16.2011-06:00:00,11,16,2011,06,18754
11.16.2011-09:00:00,11,16,2011,09,18683
11.16.2011-12:00:00,11,16,2011,12,18588
11.16.2011-15:00:00,11,16,2011,15,18502
11.16.2011-18:00:00,11,16,2011,18,18415
11.16.2011-21:00:00,11,16,2011,21,18321
11.17.2011-00:00:00,11,17,2011,00,18225
11.17.2011-03:00:00,11,17,2011,03,18140
11.17.2011-06:00:00,11,17,2011,06,18053
11.17.2011-09:00:00,11,17,2011,09,17967
11.17.2011-12:00:00,11,17,2011,12,17875
11.17.2011-15:00:00,11,17,2011,15,17775
11.17.2011-18:00:00,11,17,2011,18,17684
11.17.2011-21:00:00,11,17,2011,21,17583
11.18.2011-00:00:00,11,18,2011,00,17467
11.18.2011-03:00:00,11,18,2011,03,17361
11.18.2011-06:00:00,11,18,2011,06,17257
11.18.2011-09:00:00,11,18,2011,09,17152
11.18.2011-12:00:00,11,18,2011,12,17071
11.18.2011-15:00:00,11,18,2011,15,16986
11.18.2011-18:00:00,11,18,2011,18,16894
11.18.2011-21:00:00,11,18,2011,21,16791
11.19.2011-00:00:00,11,19,2011,00,16678
11.19.2011-03:00:00,11,19,2011,03,16569
11.19.2011-06:00:00,11,19,2011,06,16464
11.19.2011-09:00:00,11,19,2011,09,16360
11.19.2011-12:00:00,11,19,2011,12,16249
11.19.2011-15:00:00,11,19,2011,15,16141
11.19.2011-18:00:00,11,19,2011,18,16038
11.19.2011-21:00:00,11,19,2011,21,15938
11.20.2011-00:00:00,11,20,2011,00,15839
11.20.2011-03:00:00,11,20,2011,03,15732
11.20.2011-06:00:00,11,20,2011,06,15626
11.20.2011-09:00:00,11,20,2011,09,15519
11.20.2011-12:00:00,11,20,2011,12,15413
11.20.2011-15:00:00,11,20,2011,15,15308
11.20.2011-18:00:00,11,20,2011,18,15209
11.20.2011-21:00:00,11,20,2011,21,15104
11.21.2011-00:00:00,11,21,2011,00,14999
11.21.2011-03:00:00,11,21,2011,03,14896
11.21.2011-06:00:00,11,21,2011,06,14792
11.21.2011-09:00:00,11,21,2011,09,14690
11.21.2011-12:00:00,11,21,2011,12,14590
11.21.2011-15:00:00,11,21,2011,15,14490
11.21.2011-18:00:00,11,21,2011,18,14389
11.21.2011-21:00:00,11,21,2011,21,14285
11.22.2011-00:00:00,11,22,2011,00,14181
11.22.2011-03:00:00,11,22,2011,03,14078
11.22.2011-06:00:00,11,22,2011,06,13981
11.22.2011-09:00:00,11,22,2011,09,13882
11.22.2011-12:00:00,11,22,2011,12,13780
11.22.2011-15:00:00,11,22,2011,15,13679
11.22.2011-18:00:00,11,22,2011,18,13580
11.22.2011-21:00:00,11,22,2011,21,13490
11.23.2011-00:00:00,11,23,2011,00,13396
11.23.2011-03:00:00,11,23,2011,03,13296
11.23.2011-06:00:00,11,23,2011,06,13194
11.23.2011-09:00:00,11,23,2011,09,13152
11.23.2011-12:00:00,11,23,2011,12,13570
11.23.2011-15:00:00,11,23,2011,15,14155
11.23.2011-18:00:00,11,23,2011,18,14657
11.23.2011-21:00:00,11,23,2011,21,15096
11.24.2011-00:00:00,11,24,2011,00,15400
11.24.2011-03:00:00,11,24,2011,03,15582
11.24.2011-06:00:00,11,24,2011,06,15746
11.24.2011-09:00:00,11,24,2011,09,16199
11.24.2011-12:00:00,11,24,2011,12,17052
11.24.2011-15:00:00,11,24,2011,15,18009
11.24.2011-18:00:00,11,24,2011,18,18723
11.24.2011-21:00:00,11,24,2011,21,18992
11.25.2011-00:00:00,11,25,2011,00,19057
11.25.2011-03:00:00,11,25,2011,03,19124
11.25.2011-06:00:00,11,25,2011,06,19229
11.25.2011-09:00:00,11,25,2011,09,19339
11.25.2011-12:00:00,11,25,2011,12,19425
11.25.2011-15:00:00,11,25,2011,15,19478
11.25.2011-18:00:00,11,25,2011,18,19484
11.25.2011-21:00:00,11,25,2011,21,19471
11.26.2011-00:00:00,11,26,2011,00,19449
11.26.2011-03:00:00,11,26,2011,03,19415
11.26.2011-06:00:00,11,26,2011,06,19383
11.26.2011-09:00:00,11,26,2011,09,19346
11.26.2011-12:00:00,11,26,2011,12,19282
11.26.2011-15:00:00,11,26,2011,15,19197
11.26.2011-18:00:00,11,26,2011,18,19109
11.26.2011-21:00:00,11,26,2011,21,19038
11.27.2011-00:00:00,11,27,2011,00,18962
11.27.2011-03:00:00,11,27,2011,03,18864
11.27.2011-06:00:00,11,27,2011,06,18764
11.27.2011-09:00:00,11,27,2011,09,18663
11.27.2011-12:00:00,11,27,2011,12,18556
11.27.2011-15:00:00,11,27,2011,15,18446
11.27.2011-18:00:00,11,27,2011,18,18326
11.27.2011-21:00:00,11,27,2011,21,18205
11.28.2011-00:00:00,11,28,2011,00,18098
11.28.2011-03:00:00,11,28,2011,03,17997
11.28.2011-06:00:00,11,28,2011,06,17914
11.28.2011-09:00:00,11,28,2011,09,17885
11.28.2011-12:00:00,11,28,2011,12,17960
11.28.2011-15:00:00,11,28,2011,15,18153
11.28.2011-18:00:00,11,28,2011,18,18467
11.28.2011-21:00:00,11,28,2011,21,18753
11.29.2011-00:00:00,11,29,2011,00,18765
11.29.2011-03:00:00,11,29,2011,03,18669
11.29.2011-06:00:00,11,29,2011,06,18615
11.29.2011-09:00:00,11,29,2011,09,18576
11.29.2011-12:00:00,11,29,2011,12,18523
11.29.2011-15:00:00,11,29,2011,15,18453
11.29.2011-18:00:00,11,29,2011,18,18374
11.29.2011-21:00:00,11,29,2011,21,18288
11.30.2011-00:00:00,11,30,2011,00,18197
11.30.2011-03:00:00,11,30,2011,03,18094
11.30.2011-06:00:00,11,30,2011,06,17987
11.30.2011-09:00:00,11,30,2011,09,17874
11.30.2011-12:00:00,11,30,2011,12,17757
11.30.2011-15:00:00,11,30,2011,15,17639
11.30.2011-18:00:00,11,30,2011,18,17515
11.30.2011-21:00:00,11,30,2011,21,17395
12.01.2011-00:00:00,12,01,2011,00,17280
12.01.2011-03:00:00,12,01,2011,03,17160
12.01.2011-06:00:00,12,01,2011,06,17043
12.01.2011-09:00:00,12,01,2011,09,16919
12.01.2011-12:00:00,12,01,2011,12,16783
12.01.2011-15:00:00,12,01,2011,15,16649
12.01.2011-18:00:00,12,01,2011,18,16523
12.01.2011-21:00:00,12,01,2011,21,16401
12.02.2011-00:00:00,12,02,2011,00,16279
12.02.2011-03:00:00,12,02,2011,03,16155
12.02.2011-06:00:00,12,02,2011,06,16025
12.02.2011-09:00:00,12,02,2011,09,15896
12.02.2011-12:00:00,12,02,2011,12,15770
12.02.2011-15:00:00,12,02,2011,15,15643
12.02.2011-18:00:00,12,02,2011,18,15516
12.02.2011-21:00:00,12,02,2011,21,15394
12.03.2011-00:00:00,12,03,2011,00,15269
12.03.2011-03:00:00,12,03,2011,03,15150
12.03.2011-06:00:00,12,03,2011,06,15031
12.03.2011-09:00:00,12,03,2011,09,14910
12.03.2011-12:00:00,12,03,2011,12,14781
12.03.2011-15:00:00,12,03,2011,15,14657
12.03.2011-18:00:00,12,03,2011,18,14537
12.03.2011-21:00:00,12,03,2011,21,14419
12.04.2011-00:00:00,12,04,2011,00,14301
12.04.2011-03:00:00,12,04,2011,03,14185
12.04.2011-06:00:00,12,04,2011,06,14069
12.04.2011-09:00:00,12,04,2011,09,13949
12.04.2011-12:00:00,12,04,2011,12,13830
12.04.2011-15:00:00,12,04,2011,15,13712
12.04.2011-18:00:00,12,04,2011,18,13601
12.04.2011-21:00:00,12,04,2011,21,13493
12.05.2011-00:00:00,12,05,2011,00,13384
12.05.2011-03:00:00,12,05,2011,03,13275
12.05.2011-06:00:00,12,05,2011,06,13171
12.05.2011-09:00:00,12,05,2011,09,13064
12.05.2011-12:00:00,12,05,2011,12,12952
12.05.2011-15:00:00,12,05,2011,15,12841
12.05.2011-18:00:00,12,05,2011,18,12733
12.05.2011-21:00:00,12,05,2011,21,12628
12.06.2011-00:00:00,12,06,2011,00,12525
12.06.2011-03:00:00,12,06,2011,03,12425
12.06.2011-06:00:00,12,06,2011,06,12327
12.06.2011-09:00:00,12,06,2011,09,12228
12.06.2011-12:00:00,12,06,2011,12,12125
12.06.2011-15:00:00,12,06,2011,15,12024
12.06.2011-18:00:00,12,06,2011,18,11925
12.06.2011-21:00:00,12,06,2011,21,11826
12.07.2011-00:00:00,12,07,2011,00,11730
12.07.2011-03:00:00,12,07,2011,03,11635
12.07.2011-06:00:00,12,07,2011,06,11541
12.07.2011-09:00:00,12,07,2011,09,11444
12.07.2011-12:00:00,12,07,2011,12,11346
12.07.2011-15:00:00,12,07,2011,15,11254
12.07.2011-18:00:00,12,07,2011,18,11163
12.07.2011-21:00:00,12,07,2011,21,11073
12.08.2011-00:00:00,12,08,2011,00,10986
12.08.2011-03:00:00,12,08,2011,03,10899
12.08.2011-06:00:00,12,08,2011,06,10812
12.08.2011-09:00:00,12,08,2011,09,10723
12.08.2011-12:00:00,12,08,2011,12,10633
12.08.2011-15:00:00,12,08,2011,15,10546
12.08.2011-18:00:00,12,08,2011,18,10463
12.08.2011-21:00:00,12,08,2011,21,10380
12.09.2011-00:00:00,12,09,2011,00,10297
12.09.2011-03:00:00,12,09,2011,03,10216
12.09.2011-06:00:00,12,09,2011,06,10139
12.09.2011-09:00:00,12,09,2011,09,10062
12.09.2011-12:00:00,12,09,2011,12,9984.7
12.09.2011-15:00:00,12,09,2011,15,9909
12.09.2011-18:00:00,12,09,2011,18,9834.5
12.09.2011-21:00:00,12,09,2011,21,9760.5
12.10.2011-00:00:00,12,10,2011,00,9688
12.10.2011-03:00:00,12,10,2011,03,9615.8
12.10.2011-06:00:00,12,10,2011,06,9544
12.10.2011-09:00:00,12,10,2011,09,9472.5
12.10.2011-12:00:00,12,10,2011,12,9400.9
12.10.2011-15:00:00,12,10,2011,15,9331.1
12.10.2011-18:00:00,12,10,2011,18,9262.7
12.10.2011-21:00:00,12,10,2011,21,9196.1
12.11.2011-00:00:00,12,11,2011,00,9129.6
12.11.2011-03:00:00,12,11,2011,03,9063.4
12.11.2011-06:00:00,12,11,2011,06,8997
12.11.2011-09:00:00,12,11,2011,09,8931.4
12.11.2011-12:00:00,12,11,2011,12,8865.5
12.11.2011-15:00:00,12,11,2011,15,8800.9
12.11.2011-18:00:00,12,11,2011,18,8736.7
12.11.2011-21:00:00,12,11,2011,21,8672.7
12.12.2011-00:00:00,12,12,2011,00,8609
12.12.2011-03:00:00,12,12,2011,03,8547.3
12.12.2011-06:00:00,12,12,2011,06,8486.8
12.12.2011-09:00:00,12,12,2011,09,8427.4
12.12.2011-12:00:00,12,12,2011,12,8367.3
12.12.2011-15:00:00,12,12,2011,15,8307.6
12.12.2011-18:00:00,12,12,2011,18,8249.6
12.12.2011-21:00:00,12,12,2011,21,8190.8
12.13.2011-00:00:00,12,13,2011,00,8134.8
12.13.2011-03:00:00,12,13,2011,03,8079.1
12.13.2011-06:00:00,12,13,2011,06,8023.2
12.13.2011-09:00:00,12,13,2011,09,7968.1
12.13.2011-12:00:00,12,13,2011,12,7913.1
12.13.2011-15:00:00,12,13,2011,15,7859.6
12.13.2011-18:00:00,12,13,2011,18,7806.9
12.13.2011-21:00:00,12,13,2011,21,7754.6
12.14.2011-00:00:00,12,14,2011,00,7703.3
12.14.2011-03:00:00,12,14,2011,03,7651.4
12.14.2011-06:00:00,12,14,2011,06,7600.3
12.14.2011-09:00:00,12,14,2011,09,7550.2
12.14.2011-12:00:00,12,14,2011,12,7499.7
12.14.2011-15:00:00,12,14,2011,15,7448.6
12.14.2011-18:00:00,12,14,2011,18,7397.6
12.14.2011-21:00:00,12,14,2011,21,7346.6
12.15.2011-00:00:00,12,15,2011,00,7296.9
12.15.2011-03:00:00,12,15,2011,03,7248.7
12.15.2011-06:00:00,12,15,2011,06,7201.6
12.15.2011-09:00:00,12,15,2011,09,7154.2
12.15.2011-12:00:00,12,15,2011,12,7107.3
12.15.2011-15:00:00,12,15,2011,15,7061.3
12.15.2011-18:00:00,12,15,2011,18,7014.9
12.15.2011-21:00:00,12,15,2011,21,6969.8
12.16.2011-00:00:00,12,16,2011,00,6925
12.16.2011-03:00:00,12,16,2011,03,6880.3
12.16.2011-06:00:00,12,16,2011,06,6837.3
12.16.2011-09:00:00,12,16,2011,09,6794.3
12.16.2011-12:00:00,12,16,2011,12,6750
12.16.2011-15:00:00,12,16,2011,15,6704.8
12.16.2011-18:00:00,12,16,2011,18,6661.1
12.16.2011-21:00:00,12,16,2011,21,6618.1
12.17.2011-00:00:00,12,17,2011,00,6576
12.17.2011-03:00:00,12,17,2011,03,6534.6
12.17.2011-06:00:00,12,17,2011,06,6493.1
12.17.2011-09:00:00,12,17,2011,09,6453.1
12.17.2011-12:00:00,12,17,2011,12,6413.6
12.17.2011-15:00:00,12,17,2011,15,6373.6
12.17.2011-18:00:00,12,17,2011,18,6333.5
12.17.2011-21:00:00,12,17,2011,21,6294.5
12.18.2011-00:00:00,12,18,2011,00,6254.4
12.18.2011-03:00:00,12,18,2011,03,6214.3
12.18.2011-06:00:00,12,18,2011,06,6174.7
12.18.2011-09:00:00,12,18,2011,09,6134.8
12.18.2011-12:00:00,12,18,2011,12,6095.5
12.18.2011-15:00:00,12,18,2011,15,6057.9
12.18.2011-18:00:00,12,18,2011,18,6020.7
12.18.2011-21:00:00,12,18,2011,21,5983.4
12.19.2011-00:00:00,12,19,2011,00,5945.9
12.19.2011-03:00:00,12,19,2011,03,5908.2
12.19.2011-06:00:00,12,19,2011,06,5871.7
12.19.2011-09:00:00,12,19,2011,09,5836.1
12.19.2011-12:00:00,12,19,2011,12,5801.1
12.19.2011-15:00:00,12,19,2011,15,5766.3
12.19.2011-18:00:00,12,19,2011,18,5732.4
12.19.2011-21:00:00,12,19,2011,21,5698.7
12.20.2011-00:00:00,12,20,2011,00,5665.2
12.20.2011-03:00:00,12,20,2011,03,5631.3
12.20.2011-06:00:00,12,20,2011,06,5597.5
12.20.2011-09:00:00,12,20,2011,09,5563
12.20.2011-12:00:00,12,20,2011,12,5527.9
12.20.2011-15:00:00,12,20,2011,15,5494
12.20.2011-18:00:00,12,20,2011,18,5461.2
12.20.2011-21:00:00,12,20,2011,21,5429.7
12.21.2011-00:00:00,12,21,2011,00,5399.4
12.21.2011-03:00:00,12,21,2011,03,5369.8
12.21.2011-06:00:00,12,21,2011,06,5340
12.21.2011-09:00:00,12,21,2011,09,5308.7
12.21.2011-12:00:00,12,21,2011,12,5277.4
12.21.2011-15:00:00,12,21,2011,15,5247
12.21.2011-18:00:00,12,21,2011,18,5217.9
12.21.2011-21:00:00,12,21,2011,21,5188.8
12.22.2011-00:00:00,12,22,2011,00,5159.7
12.22.2011-03:00:00,12,22,2011,03,5130.9
12.22.2011-06:00:00,12,22,2011,06,5103.3
12.22.2011-09:00:00,12,22,2011,09,5075.6
12.22.2011-12:00:00,12,22,2011,12,5046.9
12.22.2011-15:00:00,12,22,2011,15,5017.9
12.22.2011-18:00:00,12,22,2011,18,4989.1
12.22.2011-21:00:00,12,22,2011,21,4960.1
12.23.2011-00:00:00,12,23,2011,00,4931.6
12.23.2011-03:00:00,12,23,2011,03,4904.1
12.23.2011-06:00:00,12,23,2011,06,4877.3
12.23.2011-09:00:00,12,23,2011,09,4850.2
12.23.2011-12:00:00,12,23,2011,12,4823.6
12.23.2011-15:00:00,12,23,2011,15,4796.9
12.23.2011-18:00:00,12,23,2011,18,4769.6
12.23.2011-21:00:00,12,23,2011,21,4742.5
12.24.2011-00:00:00,12,24,2011,00,4716.3
12.24.2011-03:00:00,12,24,2011,03,4690.8
12.24.2011-06:00:00,12,24,2011,06,4665.3
12.24.2011-09:00:00,12,24,2011,09,4640.3
12.24.2011-12:00:00,12,24,2011,12,4615.3
12.24.2011-15:00:00,12,24,2011,15,4590.3
12.24.2011-18:00:00,12,24,2011,18,4565.5
12.24.2011-21:00:00,12,24,2011,21,4541.6
12.25.2011-00:00:00,12,25,2011,00,4518.2
12.25.2011-03:00:00,12,25,2011,03,4494.5
12.25.2011-06:00:00,12,25,2011,06,4470.5
12.25.2011-09:00:00,12,25,2011,09,4446.3
12.25.2011-12:00:00,12,25,2011,12,4422.5
12.25.2011-15:00:00,12,25,2011,15,4399.5
12.25.2011-18:00:00,12,25,2011,18,4376.6
12.25.2011-21:00:00,12,25,2011,21,4354.5
12.26.2011-00:00:00,12,26,2011,00,4332.1
12.26.2011-03:00:00,12,26,2011,03,4309.1
12.26.2011-06:00:00,12,26,2011,06,4286
12.26.2011-09:00:00,12,26,2011,09,4262.9
12.26.2011-12:00:00,12,26,2011,12,4240.1
12.26.2011-15:00:00,12,26,2011,15,4217.5
12.26.2011-18:00:00,12,26,2011,18,4195.5
12.26.2011-21:00:00,12,26,2011,21,4174.3
12.27.2011-00:00:00,12,27,2011,00,4154.1
12.27.2011-03:00:00,12,27,2011,03,4134.2
12.27.2011-06:00:00,12,27,2011,06,4114.3
12.27.2011-09:00:00,12,27,2011,09,4093.9
12.27.2011-12:00:00,12,27,2011,12,4073.2
12.27.2011-15:00:00,12,27,2011,15,4052.6
12.27.2011-18:00:00,12,27,2011,18,4032.7
12.27.2011-21:00:00,12,27,2011,21,4012.8
12.28.2011-00:00:00,12,28,2011,00,3992.8
12.28.2011-03:00:00,12,28,2011,03,3973
12.28.2011-06:00:00,12,28,2011,06,3953.1
12.28.2011-09:00:00,12,28,2011,09,3933.1
12.28.2011-12:00:00,12,28,2011,12,3913.1
12.28.2011-15:00:00,12,28,2011,15,3893.3
12.28.2011-18:00:00,12,28,2011,18,3876.4
12.28.2011-21:00:00,12,28,2011,21,3868.5
12.29.2011-00:00:00,12,29,2011,00,3902.7
12.29.2011-03:00:00,12,29,2011,03,4022.7
12.29.2011-06:00:00,12,29,2011,06,4239
12.29.2011-09:00:00,12,29,2011,09,4550.7
12.29.2011-12:00:00,12,29,2011,12,4990.8
12.29.2011-15:00:00,12,29,2011,15,5574.7
12.29.2011-18:00:00,12,29,2011,18,6237.4
12.29.2011-21:00:00,12,29,2011,21,7018
12.30.2011-00:00:00,12,30,2011,00,7830.6
12.30.2011-03:00:00,12,30,2011,03,8690.1
12.30.2011-06:00:00,12,30,2011,06,9649.5
12.30.2011-09:00:00,12,30,2011,09,10832
12.30.2011-12:00:00,12,30,2011,12,12359
12.30.2011-15:00:00,12,30,2011,15,13977
12.30.2011-18:00:00,12,30,2011,18,15771
12.30.2011-21:00:00,12,30,2011,21,17568
12.31.2011-00:00:00,12,31,2011,00,18717
12.31.2011-03:00:00,12,31,2011,03,19246
12.31.2011-06:00:00,12,31,2011,06,19624
12.31.2011-09:00:00,12,31,2011,09,20582
12.31.2011-12:00:00,12,31,2011,12,22021
12.31.2011-15:00:00,12,31,2011,15,22875
12.31.2011-18:00:00,12,31,2011,18,22992
12.31.2011-21:00:00,12,31,2011,21,23108
01.01.2012-00:00:00,01,01,2012,00,23369
01.01.2012-03:00:00,01,01,2012,03,23658
01.01.2012-06:00:00,01,01,2012,06,23900
01.01.2012-09:00:00,01,01,2012,09,24082
01.01.2012-12:00:00,01,01,2012,12,24199
01.01.2012-15:00:00,01,01,2012,15,24262
01.01.2012-18:00:00,01,01,2012,18,24295
01.01.2012-21:00:00,01,01,2012,21,24262
01.02.2012-00:00:00,01,02,2012,00,24219
01.02.2012-03:00:00,01,02,2012,03,24146
01.02.2012-06:00:00,01,02,2012,06,24032
01.02.2012-09:00:00,01,02,2012,09,23905
01.02.2012-12:00:00,01,02,2012,12,23783
01.02.2012-15:00:00,01,02,2012,15,23640
01.02.2012-18:00:00,01,02,2012,18,23501
01.02.2012-21:00:00,01,02,2012,21,23390
01.03.2012-00:00:00,01,03,2012,00,23258
01.03.2012-03:00:00,01,03,2012,03,23117
01.03.2012-06:00:00,01,03,2012,06,22984
01.03.2012-09:00:00,01,03,2012,09,22823
01.03.2012-12:00:00,01,03,2012,12,22663
01.03.2012-15:00:00,01,03,2012,15,22499
01.03.2012-18:00:00,01,03,2012,18,22339
01.03.2012-21:00:00,01,03,2012,21,22184
01.04.2012-00:00:00,01,04,2012,00,22023
01.04.2012-03:00:00,01,04,2012,03,21851
01.04.2012-06:00:00,01,04,2012,06,21682
01.04.2012-09:00:00,01,04,2012,09,21516
01.04.2012-12:00:00,01,04,2012,12,21347
01.04.2012-15:00:00,01,04,2012,15,21171
01.04.2012-18:00:00,01,04,2012,18,21021
01.04.2012-21:00:00,01,04,2012,21,20856
01.05.2012-00:00:00,01,05,2012,00,20693
01.05.2012-03:00:00,01,05,2012,03,20510
01.05.2012-06:00:00,01,05,2012,06,20340
01.05.2012-09:00:00,01,05,2012,09,20167
01.05.2012-12:00:00,01,05,2012,12,19994
01.05.2012-15:00:00,01,05,2012,15,19816
01.05.2012-18:00:00,01,05,2012,18,19656
01.05.2012-21:00:00,01,05,2012,21,19537
01.06.2012-00:00:00,01,06,2012,00,19387
01.06.2012-03:00:00,01,06,2012,03,19227
01.06.2012-06:00:00,01,06,2012,06,19077
01.06.2012-09:00:00,01,06,2012,09,18926
01.06.2012-12:00:00,01,06,2012,12,18780
01.06.2012-15:00:00,01,06,2012,15,18636
01.06.2012-18:00:00,01,06,2012,18,18502
01.06.2012-21:00:00,01,06,2012,21,18359
01.07.2012-00:00:00,01,07,2012,00,18204
01.07.2012-03:00:00,01,07,2012,03,18043
01.07.2012-06:00:00,01,07,2012,06,17890
01.07.2012-09:00:00,01,07,2012,09,17724
01.07.2012-12:00:00,01,07,2012,12,17562
01.07.2012-15:00:00,01,07,2012,15,17405
01.07.2012-18:00:00,01,07,2012,18,17257
01.07.2012-21:00:00,01,07,2012,21,17115
01.08.2012-00:00:00,01,08,2012,00,16964
01.08.2012-03:00:00,01,08,2012,03,16815
01.08.2012-06:00:00,01,08,2012,06,16657
01.08.2012-09:00:00,01,08,2012,09,16507
01.08.2012-12:00:00,01,08,2012,12,16363
01.08.2012-15:00:00,01,08,2012,15,16200
01.08.2012-18:00:00,01,08,2012,18,16052
01.08.2012-21:00:00,01,08,2012,21,15907
01.09.2012-00:00:00,01,09,2012,00,15761
01.09.2012-03:00:00,01,09,2012,03,15610
01.09.2012-06:00:00,01,09,2012,06,15470
01.09.2012-09:00:00,01,09,2012,09,15329
01.09.2012-12:00:00,01,09,2012,12,15189
01.09.2012-15:00:00,01,09,2012,15,15046
01.09.2012-18:00:00,01,09,2012,18,14908
01.09.2012-21:00:00,01,09,2012,21,14768
01.10.2012-00:00:00,01,10,2012,00,14630
01.10.2012-03:00:00,01,10,2012,03,14489
01.10.2012-06:00:00,01,10,2012,06,14353
01.10.2012-09:00:00,01,10,2012,09,14212
01.10.2012-12:00:00,01,10,2012,12,14077
01.10.2012-15:00:00,01,10,2012,15,13941
01.10.2012-18:00:00,01,10,2012,18,13813
01.10.2012-21:00:00,01,10,2012,21,13686
01.11.2012-00:00:00,01,11,2012,00,13561
01.11.2012-03:00:00,01,11,2012,03,13438
01.11.2012-06:00:00,01,11,2012,06,13316
01.11.2012-09:00:00,01,11,2012,09,13188
01.11.2012-12:00:00,01,11,2012,12,13062
01.11.2012-15:00:00,01,11,2012,15,12938
01.11.2012-18:00:00,01,11,2012,18,12818
01.11.2012-21:00:00,01,11,2012,21,12697
01.12.2012-00:00:00,01,12,2012,00,12582
01.12.2012-03:00:00,01,12,2012,03,12467
01.12.2012-06:00:00,01,12,2012,06,12357
01.12.2012-09:00:00,01,12,2012,09,12244
01.12.2012-12:00:00,01,12,2012,12,12134
01.12.2012-15:00:00,01,12,2012,15,12023
01.12.2012-18:00:00,01,12,2012,18,11919
01.12.2012-21:00:00,01,12,2012,21,11811
01.13.2012-00:00:00,01,13,2012,00,11707
01.13.2012-03:00:00,01,13,2012,03,11600
01.13.2012-06:00:00,01,13,2012,06,11494
01.13.2012-09:00:00,01,13,2012,09,11397
01.13.2012-12:00:00,01,13,2012,12,11298
01.13.2012-15:00:00,01,13,2012,15,11199
01.13.2012-18:00:00,01,13,2012,18,11106
01.13.2012-21:00:00,01,13,2012,21,11010
01.14.2012-00:00:00,01,14,2012,00,10911
01.14.2012-03:00:00,01,14,2012,03,10816
01.14.2012-06:00:00,01,14,2012,06,10725
01.14.2012-09:00:00,01,14,2012,09,10632
01.14.2012-12:00:00,01,14,2012,12,10536
01.14.2012-15:00:00,01,14,2012,15,10442
01.14.2012-18:00:00,01,14,2012,18,10352
01.14.2012-21:00:00,01,14,2012,21,10263
01.15.2012-00:00:00,01,15,2012,00,10174
01.15.2012-03:00:00,01,15,2012,03,10087
01.15.2012-06:00:00,01,15,2012,06,10000
01.15.2012-09:00:00,01,15,2012,09,9914.3
01.15.2012-12:00:00,01,15,2012,12,9829.1
01.15.2012-15:00:00,01,15,2012,15,9746
01.15.2012-18:00:00,01,15,2012,18,9663.1
01.15.2012-21:00:00,01,15,2012,21,9582
01.16.2012-00:00:00,01,16,2012,00,9501.9
01.16.2012-03:00:00,01,16,2012,03,9422.4
01.16.2012-06:00:00,01,16,2012,06,9344.8
01.16.2012-09:00:00,01,16,2012,09,9268.6
01.16.2012-12:00:00,01,16,2012,12,9192.2
01.16.2012-15:00:00,01,16,2012,15,9116
01.16.2012-18:00:00,01,16,2012,18,9041.1
01.16.2012-21:00:00,01,16,2012,21,8968.4
01.17.2012-00:00:00,01,17,2012,00,8896.9
01.17.2012-03:00:00,01,17,2012,03,8826.6
01.17.2012-06:00:00,01,17,2012,06,8754.6
01.17.2012-09:00:00,01,17,2012,09,8684.3
01.17.2012-12:00:00,01,17,2012,12,8615.2
01.17.2012-15:00:00,01,17,2012,15,8546.8
01.17.2012-18:00:00,01,17,2012,18,8478.3
01.17.2012-21:00:00,01,17,2012,21,8411.2
01.18.2012-00:00:00,01,18,2012,00,8345.9
01.18.2012-03:00:00,01,18,2012,03,8282.3
01.18.2012-06:00:00,01,18,2012,06,8218.1
01.18.2012-09:00:00,01,18,2012,09,8153.7
01.18.2012-12:00:00,01,18,2012,12,8089.5
01.18.2012-15:00:00,01,18,2012,15,8025.5
01.18.2012-18:00:00,01,18,2012,18,7963.2
01.18.2012-21:00:00,01,18,2012,21,7903.1
01.19.2012-00:00:00,01,19,2012,00,7843.9
01.19.2012-03:00:00,01,19,2012,03,7786
01.19.2012-06:00:00,01,19,2012,06,7728.5
01.19.2012-09:00:00,01,19,2012,09,7670.3
01.19.2012-12:00:00,01,19,2012,12,7612.9
01.19.2012-15:00:00,01,19,2012,15,7555.9
01.19.2012-18:00:00,01,19,2012,18,7498.9
01.19.2012-21:00:00,01,19,2012,21,7443.3
01.20.2012-00:00:00,01,20,2012,00,7387.7
01.20.2012-03:00:00,01,20,2012,03,7332.7
01.20.2012-06:00:00,01,20,2012,06,7278.3
01.20.2012-09:00:00,01,20,2012,09,7225.5
01.20.2012-12:00:00,01,20,2012,12,7172.9
01.20.2012-15:00:00,01,20,2012,15,7120.5
01.20.2012-18:00:00,01,20,2012,18,7069
01.20.2012-21:00:00,01,20,2012,21,7018.4
01.21.2012-00:00:00,01,21,2012,00,6968.6
01.21.2012-03:00:00,01,21,2012,03,6919.3
01.21.2012-06:00:00,01,21,2012,06,6869.9
01.21.2012-09:00:00,01,21,2012,09,6820.7
01.21.2012-12:00:00,01,21,2012,12,6771.6
01.21.2012-15:00:00,01,21,2012,15,6722.6
01.21.2012-18:00:00,01,21,2012,18,6673.8
01.21.2012-21:00:00,01,21,2012,21,6626
01.22.2012-00:00:00,01,22,2012,00,6579.1
01.22.2012-03:00:00,01,22,2012,03,6532.7
01.22.2012-06:00:00,01,22,2012,06,6487.6
01.22.2012-09:00:00,01,22,2012,09,6442.2
01.22.2012-12:00:00,01,22,2012,12,6398.4
01.22.2012-15:00:00,01,22,2012,15,6354.8
01.22.2012-18:00:00,01,22,2012,18,6312.2
01.22.2012-21:00:00,01,22,2012,21,6271.2
01.23.2012-00:00:00,01,23,2012,00,6228.6
01.23.2012-03:00:00,01,23,2012,03,6184.7
01.23.2012-06:00:00,01,23,2012,06,6141.6
01.23.2012-09:00:00,01,23,2012,09,6099.4
01.23.2012-12:00:00,01,23,2012,12,6058.6
01.23.2012-15:00:00,01,23,2012,15,6018.3
01.23.2012-18:00:00,01,23,2012,18,5978.9
01.23.2012-21:00:00,01,23,2012,21,5939
01.24.2012-00:00:00,01,24,2012,00,5899.7
01.24.2012-03:00:00,01,24,2012,03,5860.3
01.24.2012-06:00:00,01,24,2012,06,5821.3
01.24.2012-09:00:00,01,24,2012,09,5781.6
01.24.2012-12:00:00,01,24,2012,12,5741.2
01.24.2012-15:00:00,01,24,2012,15,5701.4
01.24.2012-18:00:00,01,24,2012,18,5663
01.24.2012-21:00:00,01,24,2012,21,5625.3
01.25.2012-00:00:00,01,25,2012,00,5588.7
01.25.2012-03:00:00,01,25,2012,03,5552.6
01.25.2012-06:00:00,01,25,2012,06,5517
01.25.2012-09:00:00,01,25,2012,09,5481.1
01.25.2012-12:00:00,01,25,2012,12,5445.3
01.25.2012-15:00:00,01,25,2012,15,5409.9
01.25.2012-18:00:00,01,25,2012,18,5374.7
01.25.2012-21:00:00,01,25,2012,21,5340.1
01.26.2012-00:00:00,01,26,2012,00,5306.9
01.26.2012-03:00:00,01,26,2012,03,5273.7
01.26.2012-06:00:00,01,26,2012,06,5240.3
01.26.2012-09:00:00,01,26,2012,09,5207
01.26.2012-12:00:00,01,26,2012,12,5173.6
01.26.2012-15:00:00,01,26,2012,15,5141.3
01.26.2012-18:00:00,01,26,2012,18,5109.7
01.26.2012-21:00:00,01,26,2012,21,5078.3
01.27.2012-00:00:00,01,27,2012,00,5047.3
01.27.2012-03:00:00,01,27,2012,03,5016.5
01.27.2012-06:00:00,01,27,2012,06,4986.1
01.27.2012-09:00:00,01,27,2012,09,4955.9
01.27.2012-12:00:00,01,27,2012,12,4925.3
01.27.2012-15:00:00,01,27,2012,15,4894
01.27.2012-18:00:00,01,27,2012,18,4862.8
01.27.2012-21:00:00,01,27,2012,21,4832.6
01.28.2012-00:00:00,01,28,2012,00,4803.9
01.28.2012-03:00:00,01,28,2012,03,4775.3
01.28.2012-06:00:00,01,28,2012,06,4746.4
01.28.2012-09:00:00,01,28,2012,09,4717.3
01.28.2012-12:00:00,01,28,2012,12,4687.7
01.28.2012-15:00:00,01,28,2012,15,4659.1
01.28.2012-18:00:00,01,28,2012,18,4631.4
01.28.2012-21:00:00,01,28,2012,21,4605.1
01.29.2012-00:00:00,01,29,2012,00,4579.1
01.29.2012-03:00:00,01,29,2012,03,4552.6
01.29.2012-06:00:00,01,29,2012,06,4525.7
01.29.2012-09:00:00,01,29,2012,09,4499.2
01.29.2012-12:00:00,01,29,2012,12,4473.1
01.29.2012-15:00:00,01,29,2012,15,4447.6
01.29.2012-18:00:00,01,29,2012,18,4421.9
01.29.2012-21:00:00,01,29,2012,21,4396.6
01.30.2012-00:00:00,01,30,2012,00,4371.5
01.30.2012-03:00:00,01,30,2012,03,4346.5
01.30.2012-06:00:00,01,30,2012,06,4322.2
01.30.2012-09:00:00,01,30,2012,09,4298.5
01.30.2012-12:00:00,01,30,2012,12,4275.9
01.30.2012-15:00:00,01,30,2012,15,4254.2
01.30.2012-18:00:00,01,30,2012,18,4234.3
01.30.2012-21:00:00,01,30,2012,21,4219.2
01.31.2012-00:00:00,01,31,2012,00,4208.2
01.31.2012-03:00:00,01,31,2012,03,4198.9
01.31.2012-06:00:00,01,31,2012,06,4188.5
01.31.2012-09:00:00,01,31,2012,09,4176.2
01.31.2012-12:00:00,01,31,2012,12,4162
01.31.2012-15:00:00,01,31,2012,15,4148
01.31.2012-18:00:00,01,31,2012,18,4134.9
01.31.2012-21:00:00,01,31,2012,21,4122.1
02.01.2012-00:00:00,02,01,2012,00,4110.8
02.01.2012-03:00:00,02,01,2012,03,4099.7
02.01.2012-06:00:00,02,01,2012,06,4088.3
02.01.2012-09:00:00,02,01,2012,09,4075.6
02.01.2012-12:00:00,02,01,2012,12,4063
02.01.2012-15:00:00,02,01,2012,15,4052.1
02.01.2012-18:00:00,02,01,2012,18,4043.7
02.01.2012-21:00:00,02,01,2012,21,4036.6
02.02.2012-00:00:00,02,02,2012,00,4029.6
02.02.2012-03:00:00,02,02,2012,03,4022.9
02.02.2012-06:00:00,02,02,2012,06,4015.6
02.02.2012-09:00:00,02,02,2012,09,4008.4
02.02.2012-12:00:00,02,02,2012,12,4001.3
02.02.2012-15:00:00,02,02,2012,15,3993.9
02.02.2012-18:00:00,02,02,2012,18,3985.4
02.02.2012-21:00:00,02,02,2012,21,3977.1
02.03.2012-00:00:00,02,03,2012,00,3968.8
02.03.2012-03:00:00,02,03,2012,03,3959.7
02.03.2012-06:00:00,02,03,2012,06,3950.2
02.03.2012-09:00:00,02,03,2012,09,3939.8
02.03.2012-12:00:00,02,03,2012,12,3928.3
02.03.2012-15:00:00,02,03,2012,15,3915.9
02.03.2012-18:00:00,02,03,2012,18,3903.7
02.03.2012-21:00:00,02,03,2012,21,3891.3
02.04.2012-00:00:00,02,04,2012,00,3878.7
02.04.2012-03:00:00,02,04,2012,03,3866.3
02.04.2012-06:00:00,02,04,2012,06,3853
02.04.2012-09:00:00,02,04,2012,09,3838.2
02.04.2012-12:00:00,02,04,2012,12,3822.5
02.04.2012-15:00:00,02,04,2012,15,3808
02.04.2012-18:00:00,02,04,2012,18,3793.6
02.04.2012-21:00:00,02,04,2012,21,3778.5
02.05.2012-00:00:00,02,05,2012,00,3763.4
02.05.2012-03:00:00,02,05,2012,03,3749.2
02.05.2012-06:00:00,02,05,2012,06,3735.6
02.05.2012-09:00:00,02,05,2012,09,3720.2
02.05.2012-12:00:00,02,05,2012,12,3702.7
02.05.2012-15:00:00,02,05,2012,15,3685.8
02.05.2012-18:00:00,02,05,2012,18,3669.8
02.05.2012-21:00:00,02,05,2012,21,3654.2
02.06.2012-00:00:00,02,06,2012,00,3639
02.06.2012-03:00:00,02,06,2012,03,3624.3
02.06.2012-06:00:00,02,06,2012,06,3609.2
02.06.2012-09:00:00,02,06,2012,09,3592.1
02.06.2012-12:00:00,02,06,2012,12,3573.8
02.06.2012-15:00:00,02,06,2012,15,3556.4
02.06.2012-18:00:00,02,06,2012,18,3540.4
02.06.2012-21:00:00,02,06,2012,21,3524.5
02.07.2012-00:00:00,02,07,2012,00,3508.5
02.07.2012-03:00:00,02,07,2012,03,3491.8
02.07.2012-06:00:00,02,07,2012,06,3475.3
02.07.2012-09:00:00,02,07,2012,09,3458
02.07.2012-12:00:00,02,07,2012,12,3439.6
02.07.2012-15:00:00,02,07,2012,15,3421.8
02.07.2012-18:00:00,02,07,2012,18,3405.4
02.07.2012-21:00:00,02,07,2012,21,3389.8
02.08.2012-00:00:00,02,08,2012,00,3374.2
02.08.2012-03:00:00,02,08,2012,03,3358.4
02.08.2012-06:00:00,02,08,2012,06,3342.2
02.08.2012-09:00:00,02,08,2012,09,3325.6
02.08.2012-12:00:00,02,08,2012,12,3308.3
02.08.2012-15:00:00,02,08,2012,15,3291.3
02.08.2012-18:00:00,02,08,2012,18,3275
02.08.2012-21:00:00,02,08,2012,21,3258.4
02.09.2012-00:00:00,02,09,2012,00,3242.1
02.09.2012-03:00:00,02,09,2012,03,3226.3
02.09.2012-06:00:00,02,09,2012,06,3211
02.09.2012-09:00:00,02,09,2012,09,3195.5
02.09.2012-12:00:00,02,09,2012,12,3180.4
02.09.2012-15:00:00,02,09,2012,15,3165.2
02.09.2012-18:00:00,02,09,2012,18,3149.7
02.09.2012-21:00:00,02,09,2012,21,3134
02.10.2012-00:00:00,02,10,2012,00,3118.9
02.10.2012-03:00:00,02,10,2012,03,3103.7
02.10.2012-06:00:00,02,10,2012,06,3088.3
02.10.2012-09:00:00,02,10,2012,09,3073.5
02.10.2012-12:00:00,02,10,2012,12,3058.7
02.10.2012-15:00:00,02,10,2012,15,3043.5
02.10.2012-18:00:00,02,10,2012,18,3028.4
02.10.2012-21:00:00,02,10,2012,21,3013.4
02.11.2012-00:00:00,02,11,2012,00,2998.4
02.11.2012-03:00:00,02,11,2012,03,2984
02.11.2012-06:00:00,02,11,2012,06,2970.6
02.11.2012-09:00:00,02,11,2012,09,2956.9
02.11.2012-12:00:00,02,11,2012,12,2942.8
02.11.2012-15:00:00,02,11,2012,15,2928.4
02.11.2012-18:00:00,02,11,2012,18,2914
02.11.2012-21:00:00,02,11,2012,21,2899.8
02.12.2012-00:00:00,02,12,2012,00,2886.2
02.12.2012-03:00:00,02,12,2012,03,2873
02.12.2012-06:00:00,02,12,2012,06,2860.5
02.12.2012-09:00:00,02,12,2012,09,2847.5
02.12.2012-12:00:00,02,12,2012,12,2833.8
02.12.2012-15:00:00,02,12,2012,15,2820.7
02.12.2012-18:00:00,02,12,2012,18,2808.7
02.12.2012-21:00:00,02,12,2012,21,2797.9
02.13.2012-00:00:00,02,13,2012,00,2788.6
02.13.2012-03:00:00,02,13,2012,03,2779.9
02.13.2012-06:00:00,02,13,2012,06,2771.8
02.13.2012-09:00:00,02,13,2012,09,2763
02.13.2012-12:00:00,02,13,2012,12,2753.1
02.13.2012-15:00:00,02,13,2012,15,2744.2
02.13.2012-18:00:00,02,13,2012,18,2735.6
02.13.2012-21:00:00,02,13,2012,21,2727.4
02.14.2012-00:00:00,02,14,2012,00,2719.6
02.14.2012-03:00:00,02,14,2012,03,2711.5
02.14.2012-06:00:00,02,14,2012,06,2703.8
02.14.2012-09:00:00,02,14,2012,09,2695
02.14.2012-12:00:00,02,14,2012,12,2684.9
02.14.2012-15:00:00,02,14,2012,15,2675.5
02.14.2012-18:00:00,02,14,2012,18,2667.5
02.14.2012-21:00:00,02,14,2012,21,2660.8
02.15.2012-00:00:00,02,15,2012,00,2655.1
02.15.2012-03:00:00,02,15,2012,03,2650.1
02.15.2012-06:00:00,02,15,2012,06,2645.5
02.15.2012-09:00:00,02,15,2012,09,2639.5
02.15.2012-12:00:00,02,15,2012,12,2632.2
02.15.2012-15:00:00,02,15,2012,15,2625.1
02.15.2012-18:00:00,02,15,2012,18,2618.3
02.15.2012-21:00:00,02,15,2012,21,2611.5
02.16.2012-00:00:00,02,16,2012,00,2604.8
02.16.2012-03:00:00,02,16,2012,03,2598.6
02.16.2012-06:00:00,02,16,2012,06,2592
02.16.2012-09:00:00,02,16,2012,09,2583.2
02.16.2012-12:00:00,02,16,2012,12,2573.4
02.16.2012-15:00:00,02,16,2012,15,2565.1
02.16.2012-18:00:00,02,16,2012,18,2557.8
02.16.2012-21:00:00,02,16,2012,21,2550
02.17.2012-00:00:00,02,17,2012,00,2541.7
02.17.2012-03:00:00,02,17,2012,03,2533.3
02.17.2012-06:00:00,02,17,2012,06,2525.4
02.17.2012-09:00:00,02,17,2012,09,2517.4
02.17.2012-12:00:00,02,17,2012,12,2509
02.17.2012-15:00:00,02,17,2012,15,2500.1
02.17.2012-18:00:00,02,17,2012,18,2491
02.17.2012-21:00:00,02,17,2012,21,2482.1
02.18.2012-00:00:00,02,18,2012,00,2473.3
02.18.2012-03:00:00,02,18,2012,03,2464
02.18.2012-06:00:00,02,18,2012,06,2454.6
02.18.2012-09:00:00,02,18,2012,09,2445.2
02.18.2012-12:00:00,02,18,2012,12,2436.1
02.18.2012-15:00:00,02,18,2012,15,2427
02.18.2012-18:00:00,02,18,2012,18,2418.2
02.18.2012-21:00:00,02,18,2012,21,2409.8
02.19.2012-00:00:00,02,19,2012,00,2402.1
02.19.2012-03:00:00,02,19,2012,03,2394.8
02.19.2012-06:00:00,02,19,2012,06,2388.1
02.19.2012-09:00:00,02,19,2012,09,2381.9
02.19.2012-12:00:00,02,19,2012,12,2376.6
02.19.2012-15:00:00,02,19,2012,15,2372.1
02.19.2012-18:00:00,02,19,2012,18,2369.3
02.19.2012-21:00:00,02,19,2012,21,2368.2
02.20.2012-00:00:00,02,20,2012,00,2368.4
02.20.2012-03:00:00,02,20,2012,03,2368.4
02.20.2012-06:00:00,02,20,2012,06,2368.3
02.20.2012-09:00:00,02,20,2012,09,2367.6
02.20.2012-12:00:00,02,20,2012,12,2366
02.20.2012-15:00:00,02,20,2012,15,2363.6
02.20.2012-18:00:00,02,20,2012,18,2360.6
02.20.2012-21:00:00,02,20,2012,21,2356.9
02.21.2012-00:00:00,02,21,2012,00,2353.3
02.21.2012-03:00:00,02,21,2012,03,2349.7
02.21.2012-06:00:00,02,21,2012,06,2345.2
02.21.2012-09:00:00,02,21,2012,09,2339.7
02.21.2012-12:00:00,02,21,2012,12,2333.7
02.21.2012-15:00:00,02,21,2012,15,2328.2
02.21.2012-18:00:00,02,21,2012,18,2323.2
02.21.2012-21:00:00,02,21,2012,21,2318.2
02.22.2012-00:00:00,02,22,2012,00,2312.7
02.22.2012-03:00:00,02,22,2012,03,2306.7
02.22.2012-06:00:00,02,22,2012,06,2303.2
02.22.2012-09:00:00,02,22,2012,09,2313.6
02.22.2012-12:00:00,02,22,2012,12,2348.7
02.22.2012-15:00:00,02,22,2012,15,2409
02.22.2012-18:00:00,02,22,2012,18,2490
02.22.2012-21:00:00,02,22,2012,21,2592.7
02.23.2012-00:00:00,02,23,2012,00,2712.4
02.23.2012-03:00:00,02,23,2012,03,2845.3
02.23.2012-06:00:00,02,23,2012,06,2990.8
02.23.2012-09:00:00,02,23,2012,09,3156.4
02.23.2012-12:00:00,02,23,2012,12,3356
02.23.2012-15:00:00,02,23,2012,15,3601.5
02.23.2012-18:00:00,02,23,2012,18,3892.5
02.23.2012-21:00:00,02,23,2012,21,4187.1
02.24.2012-00:00:00,02,24,2012,00,4441.8
02.24.2012-03:00:00,02,24,2012,03,4653.1
02.24.2012-06:00:00,02,24,2012,06,4833.8
02.24.2012-09:00:00,02,24,2012,09,4994.9
02.24.2012-12:00:00,02,24,2012,12,5132.8
02.24.2012-15:00:00,02,24,2012,15,5250.1
02.24.2012-18:00:00,02,24,2012,18,5354.6
02.24.2012-21:00:00,02,24,2012,21,5451.4
02.25.2012-00:00:00,02,25,2012,00,5542
02.25.2012-03:00:00,02,25,2012,03,5625.2
02.25.2012-06:00:00,02,25,2012,06,5699.2
02.25.2012-09:00:00,02,25,2012,09,5771.4
02.25.2012-12:00:00,02,25,2012,12,5844.1
02.25.2012-15:00:00,02,25,2012,15,5912.2
02.25.2012-18:00:00,02,25,2012,18,5972.4
02.25.2012-21:00:00,02,25,2012,21,6024.5
02.26.2012-00:00:00,02,26,2012,00,6074.4
02.26.2012-03:00:00,02,26,2012,03,6125.6
02.26.2012-06:00:00,02,26,2012,06,6168.6
02.26.2012-09:00:00,02,26,2012,09,6207.7
02.26.2012-12:00:00,02,26,2012,12,6238.7
02.26.2012-15:00:00,02,26,2012,15,6268.9
02.26.2012-18:00:00,02,26,2012,18,6294.3
02.26.2012-21:00:00,02,26,2012,21,6317.3
02.27.2012-00:00:00,02,27,2012,00,6334.9
02.27.2012-03:00:00,02,27,2012,03,6346.2
02.27.2012-06:00:00,02,27,2012,06,6357.2
02.27.2012-09:00:00,02,27,2012,09,6360.4
02.27.2012-12:00:00,02,27,2012,12,6360.7
02.27.2012-15:00:00,02,27,2012,15,6362.2
02.27.2012-18:00:00,02,27,2012,18,6361.8
02.27.2012-21:00:00,02,27,2012,21,6356.7
02.28.2012-00:00:00,02,28,2012,00,6349.7
02.28.2012-03:00:00,02,28,2012,03,6342.1
02.28.2012-06:00:00,02,28,2012,06,6332
02.28.2012-09:00:00,02,28,2012,09,6317
02.28.2012-12:00:00,02,28,2012,12,6298.6
02.28.2012-15:00:00,02,28,2012,15,6279.3
02.28.2012-18:00:00,02,28,2012,18,6260.4
02.28.2012-21:00:00,02,28,2012,21,6240
02.29.2012-00:00:00,02,29,2012,00,6217.9
02.29.2012-03:00:00,02,29,2012,03,6193.3
02.29.2012-06:00:00,02,29,2012,06,6168.6
02.29.2012-09:00:00,02,29,2012,09,6140.6
02.29.2012-12:00:00,02,29,2012,12,6110.4
02.29.2012-15:00:00,02,29,2012,15,6080
02.29.2012-18:00:00,02,29,2012,18,6050.2
02.29.2012-21:00:00,02,29,2012,21,6022.1
03.01.2012-00:00:00,03,01,2012,00,5992.2
03.01.2012-03:00:00,03,01,2012,03,5958.5
03.01.2012-06:00:00,03,01,2012,06,5924.4
03.01.2012-09:00:00,03,01,2012,09,5889.7
03.01.2012-12:00:00,03,01,2012,12,5855.3
03.01.2012-15:00:00,03,01,2012,15,5819.3
03.01.2012-18:00:00,03,01,2012,18,5783.4
03.01.2012-21:00:00,03,01,2012,21,5747.4
03.02.2012-00:00:00,03,02,2012,00,5711.7
03.02.2012-03:00:00,03,02,2012,03,5673.7
03.02.2012-06:00:00,03,02,2012,06,5636.2
03.02.2012-09:00:00,03,02,2012,09,5598.9
03.02.2012-12:00:00,03,02,2012,12,5560.7
03.02.2012-15:00:00,03,02,2012,15,5521.7
03.02.2012-18:00:00,03,02,2012,18,5484.3
03.02.2012-21:00:00,03,02,2012,21,5447.1
03.03.2012-00:00:00,03,03,2012,00,5409.4
03.03.2012-03:00:00,03,03,2012,03,5371.5
03.03.2012-06:00:00,03,03,2012,06,5333.5
03.03.2012-09:00:00,03,03,2012,09,5294.6
03.03.2012-12:00:00,03,03,2012,12,5254.2
03.03.2012-15:00:00,03,03,2012,15,5215.3
03.03.2012-18:00:00,03,03,2012,18,5177.4
03.03.2012-21:00:00,03,03,2012,21,5140.3
03.04.2012-00:00:00,03,04,2012,00,5102.6
03.04.2012-03:00:00,03,04,2012,03,5064.3
03.04.2012-06:00:00,03,04,2012,06,5026.4
03.04.2012-09:00:00,03,04,2012,09,4988
03.04.2012-12:00:00,03,04,2012,12,4948
03.04.2012-15:00:00,03,04,2012,15,4909.6
03.04.2012-18:00:00,03,04,2012,18,4873.5
03.04.2012-21:00:00,03,04,2012,21,4838.7
03.05.2012-00:00:00,03,05,2012,00,4804.1
03.05.2012-03:00:00,03,05,2012,03,4768.6
03.05.2012-06:00:00,03,05,2012,06,4733.3
03.05.2012-09:00:00,03,05,2012,09,4695
03.05.2012-12:00:00,03,05,2012,12,4655.2
03.05.2012-15:00:00,03,05,2012,15,4619.7
03.05.2012-18:00:00,03,05,2012,18,4589.2
03.05.2012-21:00:00,03,05,2012,21,4562.3
03.06.2012-00:00:00,03,06,2012,00,4537.1
03.06.2012-03:00:00,03,06,2012,03,4514.5
03.06.2012-06:00:00,03,06,2012,06,4492.4
03.06.2012-09:00:00,03,06,2012,09,4468.7
03.06.2012-12:00:00,03,06,2012,12,4444.4
03.06.2012-15:00:00,03,06,2012,15,4421
03.06.2012-18:00:00,03,06,2012,18,4399.2
03.06.2012-21:00:00,03,06,2012,21,4378.7
03.07.2012-00:00:00,03,07,2012,00,4358.3
03.07.2012-03:00:00,03,07,2012,03,4337.6
03.07.2012-06:00:00,03,07,2012,06,4316.6
03.07.2012-09:00:00,03,07,2012,09,4294.2
03.07.2012-12:00:00,03,07,2012,12,4270.5
03.07.2012-15:00:00,03,07,2012,15,4247.9
03.07.2012-18:00:00,03,07,2012,18,4227.5
03.07.2012-21:00:00,03,07,2012,21,4206.1
03.08.2012-00:00:00,03,08,2012,00,4184.1
03.08.2012-03:00:00,03,08,2012,03,4161.9
03.08.2012-06:00:00,03,08,2012,06,4139.4
03.08.2012-09:00:00,03,08,2012,09,4113.8
03.08.2012-12:00:00,03,08,2012,12,4086.8
03.08.2012-15:00:00,03,08,2012,15,4061.7
03.08.2012-18:00:00,03,08,2012,18,4037.9
03.08.2012-21:00:00,03,08,2012,21,4014.5
03.09.2012-00:00:00,03,09,2012,00,3991.1
03.09.2012-03:00:00,03,09,2012,03,3968.1
03.09.2012-06:00:00,03,09,2012,06,3945.5
03.09.2012-09:00:00,03,09,2012,09,3920.2
03.09.2012-12:00:00,03,09,2012,12,3892
03.09.2012-15:00:00,03,09,2012,15,3866.6
03.09.2012-18:00:00,03,09,2012,18,3842.7
03.09.2012-21:00:00,03,09,2012,21,3819.6
03.10.2012-00:00:00,03,10,2012,00,3797.7
03.10.2012-03:00:00,03,10,2012,03,3775.2
03.10.2012-06:00:00,03,10,2012,06,3752.6
03.10.2012-09:00:00,03,10,2012,09,3726.8
03.10.2012-12:00:00,03,10,2012,12,3699.2
03.10.2012-15:00:00,03,10,2012,15,3674.8
03.10.2012-18:00:00,03,10,2012,18,3651.3
03.10.2012-21:00:00,03,10,2012,21,3628.8
03.11.2012-00:00:00,03,11,2012,00,3606.9
03.11.2012-03:00:00,03,11,2012,03,3585.6
03.11.2012-06:00:00,03,11,2012,06,3566
03.11.2012-09:00:00,03,11,2012,09,3547.5
03.11.2012-12:00:00,03,11,2012,12,3530.4
03.11.2012-15:00:00,03,11,2012,15,3517.7
03.11.2012-18:00:00,03,11,2012,18,3509.6
03.11.2012-21:00:00,03,11,2012,21,3506.4
03.12.2012-00:00:00,03,12,2012,00,3505.6
03.12.2012-03:00:00,03,12,2012,03,3506.3
03.12.2012-06:00:00,03,12,2012,06,3506.4
03.12.2012-09:00:00,03,12,2012,09,3503.8
03.12.2012-12:00:00,03,12,2012,12,3498.2
03.12.2012-15:00:00,03,12,2012,15,3491.5
03.12.2012-18:00:00,03,12,2012,18,3484.6
03.12.2012-21:00:00,03,12,2012,21,3477.7
03.13.2012-00:00:00,03,13,2012,00,3473.7
03.13.2012-03:00:00,03,13,2012,03,3472.6
03.13.2012-06:00:00,03,13,2012,06,3472.8
03.13.2012-09:00:00,03,13,2012,09,3477.3
03.13.2012-12:00:00,03,13,2012,12,3508.5
03.13.2012-15:00:00,03,13,2012,15,3566.8
03.13.2012-18:00:00,03,13,2012,18,3634.5
03.13.2012-21:00:00,03,13,2012,21,3698.6
03.14.2012-00:00:00,03,14,2012,00,3753.1
03.14.2012-03:00:00,03,14,2012,03,3794.1
03.14.2012-06:00:00,03,14,2012,06,3823.6
03.14.2012-09:00:00,03,14,2012,09,3845.2
03.14.2012-12:00:00,03,14,2012,12,3859.6
03.14.2012-15:00:00,03,14,2012,15,3870.7
03.14.2012-18:00:00,03,14,2012,18,3878
03.14.2012-21:00:00,03,14,2012,21,3883.8
03.15.2012-00:00:00,03,15,2012,00,3887.7
03.15.2012-03:00:00,03,15,2012,03,3890.2
03.15.2012-06:00:00,03,15,2012,06,3890.9
03.15.2012-09:00:00,03,15,2012,09,3889.6
03.15.2012-12:00:00,03,15,2012,12,3888.8
03.15.2012-15:00:00,03,15,2012,15,3888.7
03.15.2012-18:00:00,03,15,2012,18,3886.4
03.15.2012-21:00:00,03,15,2012,21,3882
03.16.2012-00:00:00,03,16,2012,00,3876.9
03.16.2012-03:00:00,03,16,2012,03,3872
03.16.2012-06:00:00,03,16,2012,06,3870.3
03.16.2012-09:00:00,03,16,2012,09,3873.8
03.16.2012-12:00:00,03,16,2012,12,3896.6
03.16.2012-15:00:00,03,16,2012,15,3950.4
03.16.2012-18:00:00,03,16,2012,18,4043.5
03.16.2012-21:00:00,03,16,2012,21,4178
03.17.2012-00:00:00,03,17,2012,00,4323.7
03.17.2012-03:00:00,03,17,2012,03,4456.5
03.17.2012-06:00:00,03,17,2012,06,4567.1
03.17.2012-09:00:00,03,17,2012,09,4655.2
03.17.2012-12:00:00,03,17,2012,12,4750.5
03.17.2012-15:00:00,03,17,2012,15,4857.3
03.17.2012-18:00:00,03,17,2012,18,4974.4
03.17.2012-21:00:00,03,17,2012,21,5104.6
03.18.2012-00:00:00,03,18,2012,00,5225.3
03.18.2012-03:00:00,03,18,2012,03,5330.2
03.18.2012-06:00:00,03,18,2012,06,5425.2
03.18.2012-09:00:00,03,18,2012,09,5503.5
03.18.2012-12:00:00,03,18,2012,12,5565.8
03.18.2012-15:00:00,03,18,2012,15,5618.1
03.18.2012-18:00:00,03,18,2012,18,5662.1
03.18.2012-21:00:00,03,18,2012,21,5702.9
03.19.2012-00:00:00,03,19,2012,00,5737.4
03.19.2012-03:00:00,03,19,2012,03,5768.9
03.19.2012-06:00:00,03,19,2012,06,5796.6
03.19.2012-09:00:00,03,19,2012,09,5818
03.19.2012-12:00:00,03,19,2012,12,5827.5
03.19.2012-15:00:00,03,19,2012,15,5839.4
03.19.2012-18:00:00,03,19,2012,18,5849
03.19.2012-21:00:00,03,19,2012,21,5856.5
03.20.2012-00:00:00,03,20,2012,00,5863.6
03.20.2012-03:00:00,03,20,2012,03,5866.5
03.20.2012-06:00:00,03,20,2012,06,5865.3
03.20.2012-09:00:00,03,20,2012,09,5859.6
03.20.2012-12:00:00,03,20,2012,12,5848.9
03.20.2012-15:00:00,03,20,2012,15,5839.4
03.20.2012-18:00:00,03,20,2012,18,5832.9
03.20.2012-21:00:00,03,20,2012,21,5821.8
03.21.2012-00:00:00,03,21,2012,00,5808.5
03.21.2012-03:00:00,03,21,2012,03,5793.8
03.21.2012-06:00:00,03,21,2012,06,5778.1
03.21.2012-09:00:00,03,21,2012,09,5760.1
03.21.2012-12:00:00,03,21,2012,12,5743.3
03.21.2012-15:00:00,03,21,2012,15,5746
03.21.2012-18:00:00,03,21,2012,18,5749.2
03.21.2012-21:00:00,03,21,2012,21,5749.3
03.22.2012-00:00:00,03,22,2012,00,5748.6
03.22.2012-03:00:00,03,22,2012,03,5748.9
03.22.2012-06:00:00,03,22,2012,06,5751.6
03.22.2012-09:00:00,03,22,2012,09,5747.8
03.22.2012-12:00:00,03,22,2012,12,5736.6
03.22.2012-15:00:00,03,22,2012,15,5726.3
03.22.2012-18:00:00,03,22,2012,18,5713.7
03.22.2012-21:00:00,03,22,2012,21,5699.1
03.23.2012-00:00:00,03,23,2012,00,5685.4
03.23.2012-03:00:00,03,23,2012,03,5670
03.23.2012-06:00:00,03,23,2012,06,5652.7
03.23.2012-09:00:00,03,23,2012,09,5631
03.23.2012-12:00:00,03,23,2012,12,5605.6
03.23.2012-15:00:00,03,23,2012,15,5581.1
03.23.2012-18:00:00,03,23,2012,18,5554.7
03.23.2012-21:00:00,03,23,2012,21,5530.5
03.24.2012-00:00:00,03,24,2012,00,5506.5
03.24.2012-03:00:00,03,24,2012,03,5480
03.24.2012-06:00:00,03,24,2012,06,5456.7
03.24.2012-09:00:00,03,24,2012,09,5425.5
03.24.2012-12:00:00,03,24,2012,12,5387.7
03.24.2012-15:00:00,03,24,2012,15,5354.2
03.24.2012-18:00:00,03,24,2012,18,5324.3
03.24.2012-21:00:00,03,24,2012,21,5293.6
03.25.2012-00:00:00,03,25,2012,00,5262.8
03.25.2012-03:00:00,03,25,2012,03,5233
03.25.2012-06:00:00,03,25,2012,06,5203.7
03.25.2012-09:00:00,03,25,2012,09,5168.8
03.25.2012-12:00:00,03,25,2012,12,5131.1
03.25.2012-15:00:00,03,25,2012,15,5096.8
03.25.2012-18:00:00,03,25,2012,18,5063.6
03.25.2012-21:00:00,03,25,2012,21,5033.1
03.26.2012-00:00:00,03,26,2012,00,5002.6
03.26.2012-03:00:00,03,26,2012,03,4970.6
03.26.2012-06:00:00,03,26,2012,06,4939.2
03.26.2012-09:00:00,03,26,2012,09,4903.5
03.26.2012-12:00:00,03,26,2012,12,4867.8
03.26.2012-15:00:00,03,26,2012,15,4834.8
03.26.2012-18:00:00,03,26,2012,18,4804.9
03.26.2012-21:00:00,03,26,2012,21,4776.5
03.27.2012-00:00:00,03,27,2012,00,4748.6
03.27.2012-03:00:00,03,27,2012,03,4722
03.27.2012-06:00:00,03,27,2012,06,4696.2
03.27.2012-09:00:00,03,27,2012,09,4666.8
03.27.2012-12:00:00,03,27,2012,12,4636
03.27.2012-15:00:00,03,27,2012,15,4608.1
03.27.2012-18:00:00,03,27,2012,18,4585.9
03.27.2012-21:00:00,03,27,2012,21,4566.4
03.28.2012-00:00:00,03,28,2012,00,4549.2
03.28.2012-03:00:00,03,28,2012,03,4533.4
03.28.2012-06:00:00,03,28,2012,06,4518.4
03.28.2012-09:00:00,03,28,2012,09,4504.3
03.28.2012-12:00:00,03,28,2012,12,4493.7
03.28.2012-15:00:00,03,28,2012,15,4486.7
03.28.2012-18:00:00,03,28,2012,18,4485.1
03.28.2012-21:00:00,03,28,2012,21,4491.3
03.29.2012-00:00:00,03,29,2012,00,4504
03.29.2012-03:00:00,03,29,2012,03,4523.2
03.29.2012-06:00:00,03,29,2012,06,4545.7
03.29.2012-09:00:00,03,29,2012,09,4571.2
03.29.2012-12:00:00,03,29,2012,12,4614.2
03.29.2012-15:00:00,03,29,2012,15,4684
03.29.2012-18:00:00,03,29,2012,18,4774.4
03.29.2012-21:00:00,03,29,2012,21,4881.4
03.30.2012-00:00:00,03,30,2012,00,5244.1
03.30.2012-03:00:00,03,30,2012,03,5902.9
03.30.2012-06:00:00,03,30,2012,06,6719.3
03.30.2012-09:00:00,03,30,2012,09,7589
03.30.2012-12:00:00,03,30,2012,12,8705.3
03.30.2012-15:00:00,03,30,2012,15,10195
03.30.2012-18:00:00,03,30,2012,18,11827
03.30.2012-21:00:00,03,30,2012,21,13489
03.31.2012-00:00:00,03,31,2012,00,14747
03.31.2012-03:00:00,03,31,2012,03,15605
03.31.2012-06:00:00,03,31,2012,06,16691
03.31.2012-09:00:00,03,31,2012,09,18189
03.31.2012-12:00:00,03,31,2012,12,19985
03.31.2012-15:00:00,03,31,2012,15,21844
03.31.2012-18:00:00,03,31,2012,18,23555
03.31.2012-21:00:00,03,31,2012,21,25366
04.01.2012-00:00:00,04,01,2012,00,26323
04.01.2012-03:00:00,04,01,2012,03,26579
04.01.2012-06:00:00,04,01,2012,06,26858
04.01.2012-09:00:00,04,01,2012,09,27561
04.01.2012-12:00:00,04,01,2012,12,28456
04.01.2012-15:00:00,04,01,2012,15,29131
04.01.2012-18:00:00,04,01,2012,18,29556
04.01.2012-21:00:00,04,01,2012,21,29827
04.02.2012-00:00:00,04,02,2012,00,29656
04.02.2012-03:00:00,04,02,2012,03,29383
04.02.2012-06:00:00,04,02,2012,06,29261
04.02.2012-09:00:00,04,02,2012,09,29227
04.02.2012-12:00:00,04,02,2012,12,29683
04.02.2012-15:00:00,04,02,2012,15,30211
04.02.2012-18:00:00,04,02,2012,18,30349
04.02.2012-21:00:00,04,02,2012,21,30252
04.03.2012-00:00:00,04,03,2012,00,29858
04.03.2012-03:00:00,04,03,2012,03,29480
04.03.2012-06:00:00,04,03,2012,06,29244
04.03.2012-09:00:00,04,03,2012,09,29014
04.03.2012-12:00:00,04,03,2012,12,28980
04.03.2012-15:00:00,04,03,2012,15,29196
04.03.2012-18:00:00,04,03,2012,18,29317
04.03.2012-21:00:00,04,03,2012,21,29188
04.04.2012-00:00:00,04,04,2012,00,28895
04.04.2012-03:00:00,04,04,2012,03,28629
04.04.2012-06:00:00,04,04,2012,06,28416
04.04.2012-09:00:00,04,04,2012,09,28479
04.04.2012-12:00:00,04,04,2012,12,28963
04.04.2012-15:00:00,04,04,2012,15,29250
04.04.2012-18:00:00,04,04,2012,18,29126
04.04.2012-21:00:00,04,04,2012,21,28807
04.05.2012-00:00:00,04,05,2012,00,28466
04.05.2012-03:00:00,04,05,2012,03,28202
04.05.2012-06:00:00,04,05,2012,06,27994
04.05.2012-09:00:00,04,05,2012,09,27856
04.05.2012-12:00:00,04,05,2012,12,28268
04.05.2012-15:00:00,04,05,2012,15,28504
04.05.2012-18:00:00,04,05,2012,18,28324
04.05.2012-21:00:00,04,05,2012,21,27918
04.06.2012-00:00:00,04,06,2012,00,27587
04.06.2012-03:00:00,04,06,2012,03,27347
04.06.2012-06:00:00,04,06,2012,06,27139
04.06.2012-09:00:00,04,06,2012,09,26836
04.06.2012-12:00:00,04,06,2012,12,26533
04.06.2012-15:00:00,04,06,2012,15,26390
04.06.2012-18:00:00,04,06,2012,18,26243
04.06.2012-21:00:00,04,06,2012,21,26019
04.07.2012-00:00:00,04,07,2012,00,25761
04.07.2012-03:00:00,04,07,2012,03,25506
04.07.2012-06:00:00,04,07,2012,06,25282
04.07.2012-09:00:00,04,07,2012,09,25005
04.07.2012-12:00:00,04,07,2012,12,24726
04.07.2012-15:00:00,04,07,2012,15,24518
04.07.2012-18:00:00,04,07,2012,18,24299
04.07.2012-21:00:00,04,07,2012,21,24047
04.08.2012-00:00:00,04,08,2012,00,23798
04.08.2012-03:00:00,04,08,2012,03,23566
04.08.2012-06:00:00,04,08,2012,06,23314
04.08.2012-09:00:00,04,08,2012,09,23008
04.08.2012-12:00:00,04,08,2012,12,22695
04.08.2012-15:00:00,04,08,2012,15,22442
04.08.2012-18:00:00,04,08,2012,18,22221
04.08.2012-21:00:00,04,08,2012,21,22003
04.09.2012-00:00:00,04,09,2012,00,21779
04.09.2012-03:00:00,04,09,2012,03,21557
04.09.2012-06:00:00,04,09,2012,06,21320
04.09.2012-09:00:00,04,09,2012,09,21029
04.09.2012-12:00:00,04,09,2012,12,20767
04.09.2012-15:00:00,04,09,2012,15,20655
04.09.2012-18:00:00,04,09,2012,18,20596
04.09.2012-21:00:00,04,09,2012,21,20454
04.10.2012-00:00:00,04,10,2012,00,20248
04.10.2012-03:00:00,04,10,2012,03,20055
04.10.2012-06:00:00,04,10,2012,06,19859
04.10.2012-09:00:00,04,10,2012,09,19794
04.10.2012-12:00:00,04,10,2012,12,20168
04.10.2012-15:00:00,04,10,2012,15,20607
04.10.2012-18:00:00,04,10,2012,18,20839
04.10.2012-21:00:00,04,10,2012,21,20842
04.11.2012-00:00:00,04,11,2012,00,20734
04.11.2012-03:00:00,04,11,2012,03,20541
04.11.2012-06:00:00,04,11,2012,06,20372
04.11.2012-09:00:00,04,11,2012,09,20560
04.11.2012-12:00:00,04,11,2012,12,21364
04.11.2012-15:00:00,04,11,2012,15,22153
04.11.2012-18:00:00,04,11,2012,18,22604
04.11.2012-21:00:00,04,11,2012,21,22635
04.12.2012-00:00:00,04,12,2012,00,22677
04.12.2012-03:00:00,04,12,2012,03,22653
04.12.2012-06:00:00,04,12,2012,06,22559
04.12.2012-09:00:00,04,12,2012,09,23131
04.12.2012-12:00:00,04,12,2012,12,24644
04.12.2012-15:00:00,04,12,2012,15,25631
04.12.2012-18:00:00,04,12,2012,18,26065
04.12.2012-21:00:00,04,12,2012,21,25999
04.13.2012-00:00:00,04,13,2012,00,25933
04.13.2012-03:00:00,04,13,2012,03,25623
04.13.2012-06:00:00,04,13,2012,06,25485
04.13.2012-09:00:00,04,13,2012,09,25456
04.13.2012-12:00:00,04,13,2012,12,26216
04.13.2012-15:00:00,04,13,2012,15,26902
04.13.2012-18:00:00,04,13,2012,18,27076
04.13.2012-21:00:00,04,13,2012,21,26857
04.14.2012-00:00:00,04,14,2012,00,26512
04.14.2012-03:00:00,04,14,2012,03,26286
04.14.2012-06:00:00,04,14,2012,06,26101
04.14.2012-09:00:00,04,14,2012,09,26132
04.14.2012-12:00:00,04,14,2012,12,27142
04.14.2012-15:00:00,04,14,2012,15,28022
04.14.2012-18:00:00,04,14,2012,18,28233
04.14.2012-21:00:00,04,14,2012,21,27961
04.15.2012-00:00:00,04,15,2012,00,27641
04.15.2012-03:00:00,04,15,2012,03,27340
04.15.2012-06:00:00,04,15,2012,06,27142
04.15.2012-09:00:00,04,15,2012,09,27289
04.15.2012-12:00:00,04,15,2012,12,28278
04.15.2012-15:00:00,04,15,2012,15,28935
04.15.2012-18:00:00,04,15,2012,18,28902
04.15.2012-21:00:00,04,15,2012,21,28539
04.16.2012-00:00:00,04,16,2012,00,28128
04.16.2012-03:00:00,04,16,2012,03,27878
04.16.2012-06:00:00,04,16,2012,06,27775
04.16.2012-09:00:00,04,16,2012,09,28367
04.16.2012-12:00:00,04,16,2012,12,30162
04.16.2012-15:00:00,04,16,2012,15,31399
04.16.2012-18:00:00,04,16,2012,18,31593
04.16.2012-21:00:00,04,16,2012,21,31542
04.17.2012-00:00:00,04,17,2012,00,31691
04.17.2012-03:00:00,04,17,2012,03,31818
04.17.2012-06:00:00,04,17,2012,06,31828
04.17.2012-09:00:00,04,17,2012,09,32789
04.17.2012-12:00:00,04,17,2012,12,34467
04.17.2012-15:00:00,04,17,2012,15,35441
04.17.2012-18:00:00,04,17,2012,18,35911
04.17.2012-21:00:00,04,17,2012,21,36199
04.18.2012-00:00:00,04,18,2012,00,35800
04.18.2012-03:00:00,04,18,2012,03,35065
04.18.2012-06:00:00,04,18,2012,06,34588
04.18.2012-09:00:00,04,18,2012,09,34771
04.18.2012-12:00:00,04,18,2012,12,36581
04.18.2012-15:00:00,04,18,2012,15,37547
04.18.2012-18:00:00,04,18,2012,18,37204
04.18.2012-21:00:00,04,18,2012,21,36559
04.19.2012-00:00:00,04,19,2012,00,35923
04.19.2012-03:00:00,04,19,2012,03,35568
04.19.2012-06:00:00,04,19,2012,06,35080
04.19.2012-09:00:00,04,19,2012,09,34614
04.19.2012-12:00:00,04,19,2012,12,35168
04.19.2012-15:00:00,04,19,2012,15,36016
04.19.2012-18:00:00,04,19,2012,18,36193
04.19.2012-21:00:00,04,19,2012,21,35699
04.20.2012-00:00:00,04,20,2012,00,35975
04.20.2012-03:00:00,04,20,2012,03,35749
04.20.2012-06:00:00,04,20,2012,06,36086
04.20.2012-09:00:00,04,20,2012,09,38824
04.20.2012-12:00:00,04,20,2012,12,43258
04.20.2012-15:00:00,04,20,2012,15,47215
04.20.2012-18:00:00,04,20,2012,18,49528
04.20.2012-21:00:00,04,20,2012,21,51162
04.21.2012-00:00:00,04,21,2012,00,49948
04.21.2012-03:00:00,04,21,2012,03,47863
04.21.2012-06:00:00,04,21,2012,06,46354
04.21.2012-09:00:00,04,21,2012,09,46415
04.21.2012-12:00:00,04,21,2012,12,48707
04.21.2012-15:00:00,04,21,2012,15,50152
04.21.2012-18:00:00,04,21,2012,18,49959
04.21.2012-21:00:00,04,21,2012,21,49289
04.22.2012-00:00:00,04,22,2012,00,48096
04.22.2012-03:00:00,04,22,2012,03,47045
04.22.2012-06:00:00,04,22,2012,06,46118
04.22.2012-09:00:00,04,22,2012,09,46549
04.22.2012-12:00:00,04,22,2012,12,49582
04.22.2012-15:00:00,04,22,2012,15,52118
04.22.2012-18:00:00,04,22,2012,18,52109
04.22.2012-21:00:00,04,22,2012,21,51402
04.23.2012-00:00:00,04,23,2012,00,50290
04.23.2012-03:00:00,04,23,2012,03,49425
04.23.2012-06:00:00,04,23,2012,06,48704
04.23.2012-09:00:00,04,23,2012,09,51044
04.23.2012-12:00:00,04,23,2012,12,56828
04.23.2012-15:00:00,04,23,2012,15,61051
04.23.2012-18:00:00,04,23,2012,18,61965
04.23.2012-21:00:00,04,23,2012,21,61568
04.24.2012-00:00:00,04,24,2012,00,60473
04.24.2012-03:00:00,04,24,2012,03,59438
04.24.2012-06:00:00,04,24,2012,06,58247
04.24.2012-09:00:00,04,24,2012,09,61165
04.24.2012-12:00:00,04,24,2012,12,68286
04.24.2012-15:00:00,04,24,2012,15,72226
04.24.2012-18:00:00,04,24,2012,18,72992
04.24.2012-21:00:00,04,24,2012,21,72408
04.25.2012-00:00:00,04,25,2012,00,70722
04.25.2012-03:00:00,04,25,2012,03,68854
04.25.2012-06:00:00,04,25,2012,06,67437
04.25.2012-09:00:00,04,25,2012,09,70137
04.25.2012-12:00:00,04,25,2012,12,75999
04.25.2012-15:00:00,04,25,2012,15,78441
04.25.2012-18:00:00,04,25,2012,18,77745
04.25.2012-21:00:00,04,25,2012,21,75600
04.26.2012-00:00:00,04,26,2012,00,74605
04.26.2012-03:00:00,04,26,2012,03,74575
04.26.2012-06:00:00,04,26,2012,06,75050
04.26.2012-09:00:00,04,26,2012,09,79295
04.26.2012-12:00:00,04,26,2012,12,85403
04.26.2012-15:00:00,04,26,2012,15,88203
04.26.2012-18:00:00,04,26,2012,18,87810
04.26.2012-21:00:00,04,26,2012,21,87409
04.27.2012-00:00:00,04,27,2012,00,85110
04.27.2012-03:00:00,04,27,2012,03,82710
04.27.2012-06:00:00,04,27,2012,06,80644
04.27.2012-09:00:00,04,27,2012,09,80309
04.27.2012-12:00:00,04,27,2012,12,82107
04.27.2012-15:00:00,04,27,2012,15,83146
04.27.2012-18:00:00,04,27,2012,18,81740
04.27.2012-21:00:00,04,27,2012,21,79903
04.28.2012-00:00:00,04,28,2012,00,77860
04.28.2012-03:00:00,04,28,2012,03,76190
04.28.2012-06:00:00,04,28,2012,06,74709
04.28.2012-09:00:00,04,28,2012,09,75685
04.28.2012-12:00:00,04,28,2012,12,79344
04.28.2012-15:00:00,04,28,2012,15,80889
04.28.2012-18:00:00,04,28,2012,18,79566
04.28.2012-21:00:00,04,28,2012,21,77637
04.29.2012-00:00:00,04,29,2012,00,75353
04.29.2012-03:00:00,04,29,2012,03,73772
04.29.2012-06:00:00,04,29,2012,06,72408
04.29.2012-09:00:00,04,29,2012,09,75652
04.29.2012-12:00:00,04,29,2012,12,82799
04.29.2012-15:00:00,04,29,2012,15,86182
04.29.2012-18:00:00,04,29,2012,18,85622
04.29.2012-21:00:00,04,29,2012,21,82834
04.30.2012-00:00:00,04,30,2012,00,80753
04.30.2012-03:00:00,04,30,2012,03,78217
04.30.2012-06:00:00,04,30,2012,06,76130
04.30.2012-09:00:00,04,30,2012,09,77639
04.30.2012-12:00:00,04,30,2012,12,83264
04.30.2012-15:00:00,04,30,2012,15,86276
04.30.2012-18:00:00,04,30,2012,18,85289
04.30.2012-21:00:00,04,30,2012,21,83541
05.01.2012-00:00:00,05,01,2012,00,81225
05.01.2012-03:00:00,05,01,2012,03,79132
05.01.2012-06:00:00,05,01,2012,06,77986
05.01.2012-09:00:00,05,01,2012,09,78561
05.01.2012-12:00:00,05,01,2012,12,80689
05.01.2012-15:00:00,05,01,2012,15,81429
05.01.2012-18:00:00,05,01,2012,18,80271
05.01.2012-21:00:00,05,01,2012,21,78270
05.02.2012-00:00:00,05,02,2012,00,76560
05.02.2012-03:00:00,05,02,2012,03,74726
05.02.2012-06:00:00,05,02,2012,06,73145
05.02.2012-09:00:00,05,02,2012,09,75122
05.02.2012-12:00:00,05,02,2012,12,79715
05.02.2012-15:00:00,05,02,2012,15,81440
05.02.2012-18:00:00,05,02,2012,18,79506
05.02.2012-21:00:00,05,02,2012,21,77476
05.03.2012-00:00:00,05,03,2012,00,75356
05.03.2012-03:00:00,05,03,2012,03,73483
05.03.2012-06:00:00,05,03,2012,06,71912
05.03.2012-09:00:00,05,03,2012,09,71970
05.03.2012-12:00:00,05,03,2012,12,75280
05.03.2012-15:00:00,05,03,2012,15,77893
05.03.2012-18:00:00,05,03,2012,18,77216
05.03.2012-21:00:00,05,03,2012,21,76322
05.04.2012-00:00:00,05,04,2012,00,75164
05.04.2012-03:00:00,05,04,2012,03,74625
05.04.2012-06:00:00,05,04,2012,06,74401
05.04.2012-09:00:00,05,04,2012,09,76224
05.04.2012-12:00:00,05,04,2012,12,79089
05.04.2012-15:00:00,05,04,2012,15,81048
05.04.2012-18:00:00,05,04,2012,18,81160
05.04.2012-21:00:00,05,04,2012,21,80659
05.05.2012-00:00:00,05,05,2012,00,78645
05.05.2012-03:00:00,05,05,2012,03,76246
05.05.2012-06:00:00,05,05,2012,06,73786
05.05.2012-09:00:00,05,05,2012,09,74684
05.05.2012-12:00:00,05,05,2012,12,78045
05.05.2012-15:00:00,05,05,2012,15,79349
05.05.2012-18:00:00,05,05,2012,18,78000
05.05.2012-21:00:00,05,05,2012,21,75953
05.06.2012-00:00:00,05,06,2012,00,74134
05.06.2012-03:00:00,05,06,2012,03,72504
05.06.2012-06:00:00,05,06,2012,06,70955
05.06.2012-09:00:00,05,06,2012,09,73202
05.06.2012-12:00:00,05,06,2012,12,78111
05.06.2012-15:00:00,05,06,2012,15,80228
05.06.2012-18:00:00,05,06,2012,18,78436
05.06.2012-21:00:00,05,06,2012,21,76334
05.07.2012-00:00:00,05,07,2012,00,74390
05.07.2012-03:00:00,05,07,2012,03,72260
05.07.2012-06:00:00,05,07,2012,06,70491
05.07.2012-09:00:00,05,07,2012,09,72922
05.07.2012-12:00:00,05,07,2012,12,80719
05.07.2012-15:00:00,05,07,2012,15,84969
05.07.2012-18:00:00,05,07,2012,18,83670
05.07.2012-21:00:00,05,07,2012,21,81254
05.08.2012-00:00:00,05,08,2012,00,78407
05.08.2012-03:00:00,05,08,2012,03,75993
05.08.2012-06:00:00,05,08,2012,06,74694
05.08.2012-09:00:00,05,08,2012,09,79964
05.08.2012-12:00:00,05,08,2012,12,90417
05.08.2012-15:00:00,05,08,2012,15,95989
05.08.2012-18:00:00,05,08,2012,18,95613
05.08.2012-21:00:00,05,08,2012,21,92950
05.09.2012-00:00:00,05,09,2012,00,90239
05.09.2012-03:00:00,05,09,2012,03,87143
05.09.2012-06:00:00,05,09,2012,06,86146
05.09.2012-09:00:00,05,09,2012,09,92634
05.09.2012-12:00:00,05,09,2012,12,1.038e+05
05.09.2012-15:00:00,05,09,2012,15,1.0972e+05
05.09.2012-18:00:00,05,09,2012,18,1.0846e+05
05.09.2012-21:00:00,05,09,2012,21,1.0512e+05
05.10.2012-00:00:00,05,10,2012,00,1.0246e+05
05.10.2012-03:00:00,05,10,2012,03,99161
05.10.2012-06:00:00,05,10,2012,06,96580
05.10.2012-09:00:00,05,10,2012,09,98719
05.10.2012-12:00:00,05,10,2012,12,1.0365e+05
05.10.2012-15:00:00,05,10,2012,15,1.0471e+05
05.10.2012-18:00:00,05,10,2012,18,1.0183e+05
05.10.2012-21:00:00,05,10,2012,21,98439
05.11.2012-00:00:00,05,11,2012,00,95679
05.11.2012-03:00:00,05,11,2012,03,93608
05.11.2012-06:00:00,05,11,2012,06,91278
05.11.2012-09:00:00,05,11,2012,09,94290
05.11.2012-12:00:00,05,11,2012,12,1.0177e+05
05.11.2012-15:00:00,05,11,2012,15,1.0446e+05
05.11.2012-18:00:00,05,11,2012,18,1.0189e+05
05.11.2012-21:00:00,05,11,2012,21,98081
05.12.2012-00:00:00,05,12,2012,00,94705
05.12.2012-03:00:00,05,12,2012,03,92630
05.12.2012-06:00:00,05,12,2012,06,90455
05.12.2012-09:00:00,05,12,2012,09,94637
05.12.2012-12:00:00,05,12,2012,12,1.0552e+05
05.12.2012-15:00:00,05,12,2012,15,1.1181e+05
05.12.2012-18:00:00,05,12,2012,18,1.0935e+05
05.12.2012-21:00:00,05,12,2012,21,1.0565e+05
05.13.2012-00:00:00,05,13,2012,00,1.0237e+05
05.13.2012-03:00:00,05,13,2012,03,98817
05.13.2012-06:00:00,05,13,2012,06,97520
05.13.2012-09:00:00,05,13,2012,09,1.0657e+05
05.13.2012-12:00:00,05,13,2012,12,1.2246e+05
05.13.2012-15:00:00,05,13,2012,15,1.301e+05
05.13.2012-18:00:00,05,13,2012,18,1.2967e+05
05.13.2012-21:00:00,05,13,2012,21,1.2573e+05
05.14.2012-00:00:00,05,14,2012,00,1.2187e+05
05.14.2012-03:00:00,05,14,2012,03,1.1781e+05
05.14.2012-06:00:00,05,14,2012,06,1.1684e+05
05.14.2012-09:00:00,05,14,2012,09,1.273e+05
05.14.2012-12:00:00,05,14,2012,12,1.4588e+05
05.14.2012-15:00:00,05,14,2012,15,1.5687e+05
05.14.2012-18:00:00,05,14,2012,18,1.5721e+05
05.14.2012-21:00:00,05,14,2012,21,1.5301e+05
05.15.2012-00:00:00,05,15,2012,00,1.4889e+05
05.15.2012-03:00:00,05,15,2012,03,1.4448e+05
05.15.2012-06:00:00,05,15,2012,06,1.4364e+05
05.15.2012-09:00:00,05,15,2012,09,1.5559e+05
05.15.2012-12:00:00,05,15,2012,12,1.7784e+05
05.15.2012-15:00:00,05,15,2012,15,1.9266e+05
05.15.2012-18:00:00,05,15,2012,18,1.9477e+05
05.15.2012-21:00:00,05,15,2012,21,1.9168e+05
05.16.2012-00:00:00,05,16,2012,00,1.863e+05
05.16.2012-03:00:00,05,16,2012,03,1.8183e+05
05.16.2012-06:00:00,05,16,2012,06,1.7901e+05
05.16.2012-09:00:00,05,16,2012,09,1.9216e+05
05.16.2012-12:00:00,05,16,2012,12,2.1583e+05
05.16.2012-15:00:00,05,16,2012,15,2.3054e+05
05.16.2012-18:00:00,05,16,2012,18,2.3286e+05
05.16.2012-21:00:00,05,16,2012,21,2.288e+05
05.17.2012-00:00:00,05,17,2012,00,2.2303e+05
05.17.2012-03:00:00,05,17,2012,03,2.1693e+05
05.17.2012-06:00:00,05,17,2012,06,2.1493e+05
05.17.2012-09:00:00,05,17,2012,09,2.2896e+05
05.17.2012-12:00:00,05,17,2012,12,2.5495e+05
05.17.2012-15:00:00,05,17,2012,15,2.7043e+05
05.17.2012-18:00:00,05,17,2012,18,2.7109e+05
05.17.2012-21:00:00,05,17,2012,21,2.6559e+05
05.18.2012-00:00:00,05,18,2012,00,2.5855e+05
05.18.2012-03:00:00,05,18,2012,03,2.5071e+05
05.18.2012-06:00:00,05,18,2012,06,2.4629e+05
05.18.2012-09:00:00,05,18,2012,09,2.5525e+05
05.18.2012-12:00:00,05,18,2012,12,2.7587e+05
05.18.2012-15:00:00,05,18,2012,15,2.8641e+05
05.18.2012-18:00:00,05,18,2012,18,2.8416e+05
05.18.2012-21:00:00,05,18,2012,21,2.7487e+05
05.19.2012-00:00:00,05,19,2012,00,2.662e+05
05.19.2012-03:00:00,05,19,2012,03,2.5789e+05
05.19.2012-06:00:00,05,19,2012,06,2.5339e+05
05.19.2012-09:00:00,05,19,2012,09,2.6376e+05
05.19.2012-12:00:00,05,19,2012,12,2.8664e+05
05.19.2012-15:00:00,05,19,2012,15,2.9944e+05
05.19.2012-18:00:00,05,19,2012,18,2.9897e+05
05.19.2012-21:00:00,05,19,2012,21,2.9068e+05
05.20.2012-00:00:00,05,20,2012,00,2.8295e+05
05.20.2012-03:00:00,05,20,2012,03,2.742e+05
05.20.2012-06:00:00,05,20,2012,06,2.6956e+05
05.20.2012-09:00:00,05,20,2012,09,2.789e+05
05.20.2012-12:00:00,05,20,2012,12,3.0369e+05
05.20.2012-15:00:00,05,20,2012,15,3.1833e+05
05.20.2012-18:00:00,05,20,2012,18,3.1732e+05
05.20.2012-21:00:00,05,20,2012,21,3.0813e+05
05.21.2012-00:00:00,05,21,2012,00,3.0176e+05
05.21.2012-03:00:00,05,21,2012,03,2.9784e+05
05.21.2012-06:00:00,05,21,2012,06,3.015e+05
05.21.2012-09:00:00,05,21,2012,09,3.1568e+05
05.21.2012-12:00:00,05,21,2012,12,3.3917e+05
05.21.2012-15:00:00,05,21,2012,15,3.5672e+05
05.21.2012-18:00:00,05,21,2012,18,3.6037e+05
05.21.2012-21:00:00,05,21,2012,21,3.5732e+05
05.22.2012-00:00:00,05,22,2012,00,3.5038e+05
05.22.2012-03:00:00,05,22,2012,03,3.4052e+05
05.22.2012-06:00:00,05,22,2012,06,3.3554e+05
05.22.2012-09:00:00,05,22,2012,09,3.4233e+05
05.22.2012-12:00:00,05,22,2012,12,3.5681e+05
05.22.2012-15:00:00,05,22,2012,15,3.6464e+05
05.22.2012-18:00:00,05,22,2012,18,3.6256e+05
05.22.2012-21:00:00,05,22,2012,21,3.5318e+05
05.23.2012-00:00:00,05,23,2012,00,3.4151e+05
05.23.2012-03:00:00,05,23,2012,03,3.2748e+05
05.23.2012-06:00:00,05,23,2012,06,3.1721e+05
05.23.2012-09:00:00,05,23,2012,09,3.1789e+05
05.23.2012-12:00:00,05,23,2012,12,3.2715e+05
05.23.2012-15:00:00,05,23,2012,15,3.2958e+05
05.23.2012-18:00:00,05,23,2012,18,3.2388e+05
05.23.2012-21:00:00,05,23,2012,21,3.1146e+05
05.24.2012-00:00:00,05,24,2012,00,3.0038e+05
05.24.2012-03:00:00,05,24,2012,03,2.9056e+05
05.24.2012-06:00:00,05,24,2012,06,2.8488e+05
05.24.2012-09:00:00,05,24,2012,09,2.8702e+05
05.24.2012-12:00:00,05,24,2012,12,2.9495e+05
05.24.2012-15:00:00,05,24,2012,15,2.9738e+05
05.24.2012-18:00:00,05,24,2012,18,2.9304e+05
05.24.2012-21:00:00,05,24,2012,21,2.8347e+05
05.25.2012-00:00:00,05,25,2012,00,2.7335e+05
05.25.2012-03:00:00,05,25,2012,03,2.6232e+05
05.25.2012-06:00:00,05,25,2012,06,2.5475e+05
05.25.2012-09:00:00,05,25,2012,09,2.5258e+05
05.25.2012-12:00:00,05,25,2012,12,2.5799e+05
05.25.2012-15:00:00,05,25,2012,15,2.5984e+05
05.25.2012-18:00:00,05,25,2012,18,2.5587e+05
05.25.2012-21:00:00,05,25,2012,21,2.4682e+05
05.26.2012-00:00:00,05,26,2012,00,2.3807e+05
05.26.2012-03:00:00,05,26,2012,03,2.29e+05
05.26.2012-06:00:00,05,26,2012,06,2.2342e+05
05.26.2012-09:00:00,05,26,2012,09,2.2784e+05
05.26.2012-12:00:00,05,26,2012,12,2.4098e+05
05.26.2012-15:00:00,05,26,2012,15,2.4637e+05
05.26.2012-18:00:00,05,26,2012,18,2.4298e+05
05.26.2012-21:00:00,05,26,2012,21,2.3527e+05
05.27.2012-00:00:00,05,27,2012,00,2.2677e+05
05.27.2012-03:00:00,05,27,2012,03,2.1768e+05
05.27.2012-06:00:00,05,27,2012,06,2.1318e+05
05.27.2012-09:00:00,05,27,2012,09,2.2092e+05
05.27.2012-12:00:00,05,27,2012,12,2.3791e+05
05.27.2012-15:00:00,05,27,2012,15,2.4777e+05
05.27.2012-18:00:00,05,27,2012,18,2.4628e+05
05.27.2012-21:00:00,05,27,2012,21,2.3955e+05
05.28.2012-00:00:00,05,28,2012,00,2.3124e+05
05.28.2012-03:00:00,05,28,2012,03,2.2356e+05
05.28.2012-06:00:00,05,28,2012,06,2.2003e+05
05.28.2012-09:00:00,05,28,2012,09,2.288e+05
05.28.2012-12:00:00,05,28,2012,12,2.4584e+05
05.28.2012-15:00:00,05,28,2012,15,2.5566e+05
05.28.2012-18:00:00,05,28,2012,18,2.5346e+05
05.28.2012-21:00:00,05,28,2012,21,2.4699e+05
05.29.2012-00:00:00,05,29,2012,00,2.3948e+05
05.29.2012-03:00:00,05,29,2012,03,2.3183e+05
05.29.2012-06:00:00,05,29,2012,06,2.29e+05
05.29.2012-09:00:00,05,29,2012,09,2.3871e+05
05.29.2012-12:00:00,05,29,2012,12,2.581e+05
05.29.2012-15:00:00,05,29,2012,15,2.6925e+05
05.29.2012-18:00:00,05,29,2012,18,2.6882e+05
05.29.2012-21:00:00,05,29,2012,21,2.6298e+05
05.30.2012-00:00:00,05,30,2012,00,2.5642e+05
05.30.2012-03:00:00,05,30,2012,03,2.4966e+05
05.30.2012-06:00:00,05,30,2012,06,2.4726e+05
05.30.2012-09:00:00,05,30,2012,09,2.5576e+05
05.30.2012-12:00:00,05,30,2012,12,2.7253e+05
05.30.2012-15:00:00,05,30,2012,15,2.8179e+05
05.30.2012-18:00:00,05,30,2012,18,2.795e+05
05.30.2012-21:00:00,05,30,2012,21,2.732e+05
05.31.2012-00:00:00,05,31,2012,00,2.6592e+05
05.31.2012-03:00:00,05,31,2012,03,2.5892e+05
05.31.2012-06:00:00,05,31,2012,06,2.5667e+05
05.31.2012-09:00:00,05,31,2012,09,2.6955e+05
05.31.2012-12:00:00,05,31,2012,12,2.9293e+05
05.31.2012-15:00:00,05,31,2012,15,3.0849e+05
05.31.2012-18:00:00,05,31,2012,18,3.1116e+05
05.31.2012-21:00:00,05,31,2012,21,3.0699e+05
06.01.2012-00:00:00,06,01,2012,00,3.0026e+05
06.01.2012-03:00:00,06,01,2012,03,2.9427e+05
06.01.2012-06:00:00,06,01,2012,06,2.9387e+05
06.01.2012-09:00:00,06,01,2012,09,3.097e+05
06.01.2012-12:00:00,06,01,2012,12,3.3647e+05
06.01.2012-15:00:00,06,01,2012,15,3.5429e+05
06.01.2012-18:00:00,06,01,2012,18,3.5553e+05
06.01.2012-21:00:00,06,01,2012,21,3.4866e+05
06.02.2012-00:00:00,06,02,2012,00,3.4011e+05
06.02.2012-03:00:00,06,02,2012,03,3.3171e+05
06.02.2012-06:00:00,06,02,2012,06,3.3046e+05
06.02.2012-09:00:00,06,02,2012,09,3.4322e+05
06.02.2012-12:00:00,06,02,2012,12,3.6649e+05
06.02.2012-15:00:00,06,02,2012,15,3.8162e+05
06.02.2012-18:00:00,06,02,2012,18,3.8135e+05
06.02.2012-21:00:00,06,02,2012,21,3.7322e+05
06.03.2012-00:00:00,06,03,2012,00,3.6289e+05
06.03.2012-03:00:00,06,03,2012,03,3.5211e+05
06.03.2012-06:00:00,06,03,2012,06,3.4605e+05
06.03.2012-09:00:00,06,03,2012,09,3.5731e+05
06.03.2012-12:00:00,06,03,2012,12,3.7953e+05
06.03.2012-15:00:00,06,03,2012,15,3.9435e+05
06.03.2012-18:00:00,06,03,2012,18,3.9218e+05
06.03.2012-21:00:00,06,03,2012,21,3.8155e+05
06.04.2012-00:00:00,06,04,2012,00,3.7101e+05
06.04.2012-03:00:00,06,04,2012,03,3.5858e+05
06.04.2012-06:00:00,06,04,2012,06,3.4933e+05
06.04.2012-09:00:00,06,04,2012,09,3.5221e+05
06.04.2012-12:00:00,06,04,2012,12,3.6155e+05
06.04.2012-15:00:00,06,04,2012,15,3.6613e+05
06.04.2012-18:00:00,06,04,2012,18,3.5983e+05
06.04.2012-21:00:00,06,04,2012,21,3.4752e+05
06.05.2012-00:00:00,06,05,2012,00,3.4248e+05
06.05.2012-03:00:00,06,05,2012,03,3.4294e+05
06.05.2012-06:00:00,06,05,2012,06,3.4614e+05
06.05.2012-09:00:00,06,05,2012,09,3.5702e+05
06.05.2012-12:00:00,06,05,2012,12,3.7114e+05
06.05.2012-15:00:00,06,05,2012,15,3.8298e+05
06.05.2012-18:00:00,06,05,2012,18,3.8869e+05
06.05.2012-21:00:00,06,05,2012,21,3.9023e+05
06.06.2012-00:00:00,06,06,2012,00,3.8116e+05
06.06.2012-03:00:00,06,06,2012,03,3.6551e+05
06.06.2012-06:00:00,06,06,2012,06,3.5294e+05
06.06.2012-09:00:00,06,06,2012,09,3.5003e+05
06.06.2012-12:00:00,06,06,2012,12,3.525e+05
06.06.2012-15:00:00,06,06,2012,15,3.5145e+05
06.06.2012-18:00:00,06,06,2012,18,3.4395e+05
06.06.2012-21:00:00,06,06,2012,21,3.3296e+05
06.07.2012-00:00:00,06,07,2012,00,3.2148e+05
06.07.2012-03:00:00,06,07,2012,03,3.1058e+05
06.07.2012-06:00:00,06,07,2012,06,3.0098e+05
06.07.2012-09:00:00,06,07,2012,09,2.9554e+05
06.07.2012-12:00:00,06,07,2012,12,2.9615e+05
06.07.2012-15:00:00,06,07,2012,15,2.955e+05
06.07.2012-18:00:00,06,07,2012,18,2.8934e+05
06.07.2012-21:00:00,06,07,2012,21,2.8114e+05
06.08.2012-00:00:00,06,08,2012,00,2.7496e+05
06.08.2012-03:00:00,06,08,2012,03,2.6829e+05
06.08.2012-06:00:00,06,08,2012,06,2.6277e+05
06.08.2012-09:00:00,06,08,2012,09,2.6234e+05
06.08.2012-12:00:00,06,08,2012,12,2.6526e+05
06.08.2012-15:00:00,06,08,2012,15,2.6741e+05
06.08.2012-18:00:00,06,08,2012,18,2.6611e+05
06.08.2012-21:00:00,06,08,2012,21,2.6245e+05
06.09.2012-00:00:00,06,09,2012,00,2.5377e+05
06.09.2012-03:00:00,06,09,2012,03,2.4285e+05
06.09.2012-06:00:00,06,09,2012,06,2.3343e+05
06.09.2012-09:00:00,06,09,2012,09,2.2626e+05
06.09.2012-12:00:00,06,09,2012,12,2.2428e+05
06.09.2012-15:00:00,06,09,2012,15,2.2297e+05
06.09.2012-18:00:00,06,09,2012,18,2.194e+05
06.09.2012-21:00:00,06,09,2012,21,2.1319e+05
06.10.2012-00:00:00,06,10,2012,00,2.0737e+05
06.10.2012-03:00:00,06,10,2012,03,2.0294e+05
06.10.2012-06:00:00,06,10,2012,06,1.9843e+05
06.10.2012-09:00:00,06,10,2012,09,1.9753e+05
06.10.2012-12:00:00,06,10,2012,12,1.9852e+05
06.10.2012-15:00:00,06,10,2012,15,1.9773e+05
06.10.2012-18:00:00,06,10,2012,18,1.9398e+05
06.10.2012-21:00:00,06,10,2012,21,1.8948e+05
06.11.2012-00:00:00,06,11,2012,00,1.8361e+05
06.11.2012-03:00:00,06,11,2012,03,1.7833e+05
06.11.2012-06:00:00,06,11,2012,06,1.7436e+05
06.11.2012-09:00:00,06,11,2012,09,1.7872e+05
06.11.2012-12:00:00,06,11,2012,12,1.8825e+05
06.11.2012-15:00:00,06,11,2012,15,1.9235e+05
06.11.2012-18:00:00,06,11,2012,18,1.8886e+05
06.11.2012-21:00:00,06,11,2012,21,1.838e+05
06.12.2012-00:00:00,06,12,2012,00,1.7746e+05
06.12.2012-03:00:00,06,12,2012,03,1.7217e+05
06.12.2012-06:00:00,06,12,2012,06,1.685e+05
06.12.2012-09:00:00,06,12,2012,09,1.7557e+05
06.12.2012-12:00:00,06,12,2012,12,1.9111e+05
06.12.2012-15:00:00,06,12,2012,15,2.0144e+05
06.12.2012-18:00:00,06,12,2012,18,2.018e+05
06.12.2012-21:00:00,06,12,2012,21,1.981e+05
06.13.2012-00:00:00,06,13,2012,00,1.9446e+05
06.13.2012-03:00:00,06,13,2012,03,1.9143e+05
06.13.2012-06:00:00,06,13,2012,06,1.9355e+05
06.13.2012-09:00:00,06,13,2012,09,2.0564e+05
06.13.2012-12:00:00,06,13,2012,12,2.2392e+05
06.13.2012-15:00:00,06,13,2012,15,2.3746e+05
06.13.2012-18:00:00,06,13,2012,18,2.4172e+05
06.13.2012-21:00:00,06,13,2012,21,2.4234e+05
06.14.2012-00:00:00,06,14,2012,00,2.4132e+05
06.14.2012-03:00:00,06,14,2012,03,2.4033e+05
06.14.2012-06:00:00,06,14,2012,06,2.4367e+05
06.14.2012-09:00:00,06,14,2012,09,2.56e+05
06.14.2012-12:00:00,06,14,2012,12,2.7385e+05
06.14.2012-15:00:00,06,14,2012,15,2.855e+05
06.14.2012-18:00:00,06,14,2012,18,2.8767e+05
06.14.2012-21:00:00,06,14,2012,21,2.8535e+05
06.15.2012-00:00:00,06,15,2012,00,2.8111e+05
06.15.2012-03:00:00,06,15,2012,03,2.7562e+05
06.15.2012-06:00:00,06,15,2012,06,2.7356e+05
06.15.2012-09:00:00,06,15,2012,09,2.8549e+05
06.15.2012-12:00:00,06,15,2012,12,3.0735e+05
06.15.2012-15:00:00,06,15,2012,15,3.2237e+05
06.15.2012-18:00:00,06,15,2012,18,3.2446e+05
06.15.2012-21:00:00,06,15,2012,21,3.1931e+05
06.16.2012-00:00:00,06,16,2012,00,3.1231e+05
06.16.2012-03:00:00,06,16,2012,03,3.049e+05
06.16.2012-06:00:00,06,16,2012,06,2.9947e+05
06.16.2012-09:00:00,06,16,2012,09,3.0655e+05
06.16.2012-12:00:00,06,16,2012,12,3.2775e+05
06.16.2012-15:00:00,06,16,2012,15,3.4421e+05
06.16.2012-18:00:00,06,16,2012,18,3.4587e+05
06.16.2012-21:00:00,06,16,2012,21,3.3893e+05
06.17.2012-00:00:00,06,17,2012,00,3.3027e+05
06.17.2012-03:00:00,06,17,2012,03,3.2283e+05
06.17.2012-06:00:00,06,17,2012,06,3.2291e+05
06.17.2012-09:00:00,06,17,2012,09,3.3702e+05
06.17.2012-12:00:00,06,17,2012,12,3.6159e+05
06.17.2012-15:00:00,06,17,2012,15,3.8205e+05
06.17.2012-18:00:00,06,17,2012,18,3.9025e+05
06.17.2012-21:00:00,06,17,2012,21,3.8974e+05
06.18.2012-00:00:00,06,18,2012,00,3.8578e+05
06.18.2012-03:00:00,06,18,2012,03,3.7922e+05
06.18.2012-06:00:00,06,18,2012,06,3.787e+05
06.18.2012-09:00:00,06,18,2012,09,3.9239e+05
06.18.2012-12:00:00,06,18,2012,12,4.1593e+05
06.18.2012-15:00:00,06,18,2012,15,4.3382e+05
06.18.2012-18:00:00,06,18,2012,18,4.3876e+05
06.18.2012-21:00:00,06,18,2012,21,4.3587e+05
06.19.2012-00:00:00,06,19,2012,00,4.291e+05
06.19.2012-03:00:00,06,19,2012,03,4.1983e+05
06.19.2012-06:00:00,06,19,2012,06,4.1465e+05
06.19.2012-09:00:00,06,19,2012,09,4.2017e+05
06.19.2012-12:00:00,06,19,2012,12,4.3257e+05
06.19.2012-15:00:00,06,19,2012,15,4.3962e+05
06.19.2012-18:00:00,06,19,2012,18,4.3484e+05
06.19.2012-21:00:00,06,19,2012,21,4.248e+05
06.20.2012-00:00:00,06,20,2012,00,4.1257e+05
06.20.2012-03:00:00,06,20,2012,03,3.9973e+05
06.20.2012-06:00:00,06,20,2012,06,3.9067e+05
06.20.2012-09:00:00,06,20,2012,09,3.9688e+05
06.20.2012-12:00:00,06,20,2012,12,4.1545e+05
06.20.2012-15:00:00,06,20,2012,15,4.2947e+05
06.20.2012-18:00:00,06,20,2012,18,4.2959e+05
06.20.2012-21:00:00,06,20,2012,21,4.2064e+05
06.21.2012-00:00:00,06,21,2012,00,4.1044e+05
06.21.2012-03:00:00,06,21,2012,03,3.9786e+05
06.21.2012-06:00:00,06,21,2012,06,3.8975e+05
06.21.2012-09:00:00,06,21,2012,09,3.9858e+05
06.21.2012-12:00:00,06,21,2012,12,4.2284e+05
06.21.2012-15:00:00,06,21,2012,15,4.4069e+05
06.21.2012-18:00:00,06,21,2012,18,4.43e+05
06.21.2012-21:00:00,06,21,2012,21,4.3578e+05
06.22.2012-00:00:00,06,22,2012,00,4.2569e+05
06.22.2012-03:00:00,06,22,2012,03,4.1334e+05
06.22.2012-06:00:00,06,22,2012,06,4.0888e+05
06.22.2012-09:00:00,06,22,2012,09,4.225e+05
06.22.2012-12:00:00,06,22,2012,12,4.5091e+05
06.22.2012-15:00:00,06,22,2012,15,4.7567e+05
06.22.2012-18:00:00,06,22,2012,18,4.8625e+05
06.22.2012-21:00:00,06,22,2012,21,4.859e+05
06.23.2012-00:00:00,06,23,2012,00,4.8269e+05
06.23.2012-03:00:00,06,23,2012,03,4.8208e+05
06.23.2012-06:00:00,06,23,2012,06,4.8331e+05
06.23.2012-09:00:00,06,23,2012,09,4.9276e+05
06.23.2012-12:00:00,06,23,2012,12,5.0818e+05
06.23.2012-15:00:00,06,23,2012,15,5.2055e+05
06.23.2012-18:00:00,06,23,2012,18,5.2411e+05
06.23.2012-21:00:00,06,23,2012,21,5.2308e+05
06.24.2012-00:00:00,06,24,2012,00,5.1591e+05
06.24.2012-03:00:00,06,24,2012,03,5.0482e+05
06.24.2012-06:00:00,06,24,2012,06,4.9825e+05
06.24.2012-09:00:00,06,24,2012,09,5.0704e+05
06.24.2012-12:00:00,06,24,2012,12,5.3195e+05
06.24.2012-15:00:00,06,24,2012,15,5.5137e+05
06.24.2012-18:00:00,06,24,2012,18,5.5776e+05
06.24.2012-21:00:00,06,24,2012,21,5.5053e+05
06.25.2012-00:00:00,06,25,2012,00,5.3469e+05
06.25.2012-03:00:00,06,25,2012,03,5.1668e+05
06.25.2012-06:00:00,06,25,2012,06,5.015e+05
06.25.2012-09:00:00,06,25,2012,09,5.0149e+05
06.25.2012-12:00:00,06,25,2012,12,5.1578e+05
06.25.2012-15:00:00,06,25,2012,15,5.2452e+05
06.25.2012-18:00:00,06,25,2012,18,5.1841e+05
06.25.2012-21:00:00,06,25,2012,21,5.0477e+05
06.26.2012-00:00:00,06,26,2012,00,4.8721e+05
06.26.2012-03:00:00,06,26,2012,03,4.6832e+05
06.26.2012-06:00:00,06,26,2012,06,4.5674e+05
06.26.2012-09:00:00,06,26,2012,09,4.5851e+05
06.26.2012-12:00:00,06,26,2012,12,4.7295e+05
06.26.2012-15:00:00,06,26,2012,15,4.8281e+05
06.26.2012-18:00:00,06,26,2012,18,4.815e+05
06.26.2012-21:00:00,06,26,2012,21,4.6962e+05
06.27.2012-00:00:00,06,27,2012,00,4.5687e+05
06.27.2012-03:00:00,06,27,2012,03,4.4159e+05
06.27.2012-06:00:00,06,27,2012,06,4.2847e+05
06.27.2012-09:00:00,06,27,2012,09,4.1998e+05
06.27.2012-12:00:00,06,27,2012,12,4.1466e+05
06.27.2012-15:00:00,06,27,2012,15,4.0743e+05
06.27.2012-18:00:00,06,27,2012,18,3.9724e+05
06.27.2012-21:00:00,06,27,2012,21,3.8477e+05
06.28.2012-00:00:00,06,28,2012,00,3.7006e+05
06.28.2012-03:00:00,06,28,2012,03,3.5423e+05
06.28.2012-06:00:00,06,28,2012,06,3.4239e+05
06.28.2012-09:00:00,06,28,2012,09,3.4505e+05
06.28.2012-12:00:00,06,28,2012,12,3.607e+05
06.28.2012-15:00:00,06,28,2012,15,3.7299e+05
06.28.2012-18:00:00,06,28,2012,18,3.7392e+05
06.28.2012-21:00:00,06,28,2012,21,3.6614e+05
06.29.2012-00:00:00,06,29,2012,00,3.5542e+05
06.29.2012-03:00:00,06,29,2012,03,3.4369e+05
06.29.2012-06:00:00,06,29,2012,06,3.3693e+05
06.29.2012-09:00:00,06,29,2012,09,3.4414e+05
06.29.2012-12:00:00,06,29,2012,12,3.6371e+05
06.29.2012-15:00:00,06,29,2012,15,3.789e+05
06.29.2012-18:00:00,06,29,2012,18,3.8066e+05
06.29.2012-21:00:00,06,29,2012,21,3.742e+05
06.30.2012-00:00:00,06,30,2012,00,3.6576e+05
06.30.2012-03:00:00,06,30,2012,03,3.5758e+05
06.30.2012-06:00:00,06,30,2012,06,3.5631e+05
06.30.2012-09:00:00,06,30,2012,09,3.6727e+05
06.30.2012-12:00:00,06,30,2012,12,3.8807e+05
06.30.2012-15:00:00,06,30,2012,15,4.0524e+05
06.30.2012-18:00:00,06,30,2012,18,4.1228e+05
06.30.2012-21:00:00,06,30,2012,21,4.1091e+05
07.01.2012-00:00:00,07,01,2012,00,4.0578e+05
07.01.2012-03:00:00,07,01,2012,03,3.9804e+05
07.01.2012-06:00:00,07,01,2012,06,3.9556e+05
07.01.2012-09:00:00,07,01,2012,09,4.0639e+05
07.01.2012-12:00:00,07,01,2012,12,4.2675e+05
07.01.2012-15:00:00,07,01,2012,15,4.4354e+05
07.01.2012-18:00:00,07,01,2012,18,4.4965e+05
07.01.2012-21:00:00,07,01,2012,21,4.4851e+05
07.02.2012-00:00:00,07,02,2012,00,4.4262e+05
07.02.2012-03:00:00,07,02,2012,03,4.339e+05
07.02.2012-06:00:00,07,02,2012,06,4.2929e+05
07.02.2012-09:00:00,07,02,2012,09,4.3461e+05
07.02.2012-12:00:00,07,02,2012,12,4.4931e+05
07.02.2012-15:00:00,07,02,2012,15,4.5977e+05
07.02.2012-18:00:00,07,02,2012,18,4.6048e+05
07.02.2012-21:00:00,07,02,2012,21,4.5417e+05
07.03.2012-00:00:00,07,03,2012,00,4.4469e+05
07.03.2012-03:00:00,07,03,2012,03,4.3353e+05
07.03.2012-06:00:00,07,03,2012,06,4.2518e+05
07.03.2012-09:00:00,07,03,2012,09,4.3055e+05
07.03.2012-12:00:00,07,03,2012,12,4.4467e+05
07.03.2012-15:00:00,07,03,2012,15,4.5663e+05
07.03.2012-18:00:00,07,03,2012,18,4.5705e+05
07.03.2012-21:00:00,07,03,2012,21,4.511e+05
07.04.2012-00:00:00,07,04,2012,00,4.4143e+05
07.04.2012-03:00:00,07,04,2012,03,4.31e+05
07.04.2012-06:00:00,07,04,2012,06,4.2263e+05
07.04.2012-09:00:00,07,04,2012,09,4.1971e+05
07.04.2012-12:00:00,07,04,2012,12,4.2031e+05
07.04.2012-15:00:00,07,04,2012,15,4.1755e+05
07.04.2012-18:00:00,07,04,2012,18,4.09e+05
07.04.2012-21:00:00,07,04,2012,21,3.9738e+05
07.05.2012-00:00:00,07,05,2012,00,3.839e+05
07.05.2012-03:00:00,07,05,2012,03,3.6981e+05
07.05.2012-06:00:00,07,05,2012,06,3.5795e+05
07.05.2012-09:00:00,07,05,2012,09,3.5871e+05
07.05.2012-12:00:00,07,05,2012,12,3.7001e+05
07.05.2012-15:00:00,07,05,2012,15,3.8e+05
07.05.2012-18:00:00,07,05,2012,18,3.8052e+05
07.05.2012-21:00:00,07,05,2012,21,3.7293e+05
07.06.2012-00:00:00,07,06,2012,00,3.6232e+05
07.06.2012-03:00:00,07,06,2012,03,3.5067e+05
07.06.2012-06:00:00,07,06,2012,06,3.4419e+05
07.06.2012-09:00:00,07,06,2012,09,3.4884e+05
07.06.2012-12:00:00,07,06,2012,12,3.6381e+05
07.06.2012-15:00:00,07,06,2012,15,3.7408e+05
07.06.2012-18:00:00,07,06,2012,18,3.7541e+05
07.06.2012-21:00:00,07,06,2012,21,3.7016e+05
07.07.2012-00:00:00,07,07,2012,00,3.6199e+05
07.07.2012-03:00:00,07,07,2012,03,3.5278e+05
07.07.2012-06:00:00,07,07,2012,06,3.4912e+05
07.07.2012-09:00:00,07,07,2012,09,3.5801e+05
07.07.2012-12:00:00,07,07,2012,12,3.7803e+05
07.07.2012-15:00:00,07,07,2012,15,3.9605e+05
07.07.2012-18:00:00,07,07,2012,18,4.0367e+05
07.07.2012-21:00:00,07,07,2012,21,4.0388e+05
07.08.2012-00:00:00,07,08,2012,00,3.9878e+05
07.08.2012-03:00:00,07,08,2012,03,3.9292e+05
07.08.2012-06:00:00,07,08,2012,06,3.9178e+05
07.08.2012-09:00:00,07,08,2012,09,4.0291e+05
07.08.2012-12:00:00,07,08,2012,12,4.2607e+05
07.08.2012-15:00:00,07,08,2012,15,4.4704e+05
07.08.2012-18:00:00,07,08,2012,18,4.5769e+05
07.08.2012-21:00:00,07,08,2012,21,4.6062e+05
07.09.2012-00:00:00,07,09,2012,00,4.587e+05
07.09.2012-03:00:00,07,09,2012,03,4.5309e+05
07.09.2012-06:00:00,07,09,2012,06,4.5392e+05
07.09.2012-09:00:00,07,09,2012,09,4.6548e+05
07.09.2012-12:00:00,07,09,2012,12,4.9012e+05
07.09.2012-15:00:00,07,09,2012,15,5.1271e+05
07.09.2012-18:00:00,07,09,2012,18,5.272e+05
07.09.2012-21:00:00,07,09,2012,21,5.2945e+05
07.10.2012-00:00:00,07,10,2012,00,5.2822e+05
07.10.2012-03:00:00,07,10,2012,03,5.2269e+05
07.10.2012-06:00:00,07,10,2012,06,5.2084e+05
07.10.2012-09:00:00,07,10,2012,09,5.3003e+05
07.10.2012-12:00:00,07,10,2012,12,5.4991e+05
07.10.2012-15:00:00,07,10,2012,15,5.6856e+05
07.10.2012-18:00:00,07,10,2012,18,5.7819e+05
07.10.2012-21:00:00,07,10,2012,21,5.7908e+05
07.11.2012-00:00:00,07,11,2012,00,5.742e+05
07.11.2012-03:00:00,07,11,2012,03,5.665e+05
07.11.2012-06:00:00,07,11,2012,06,5.6028e+05
07.11.2012-09:00:00,07,11,2012,09,5.6217e+05
07.11.2012-12:00:00,07,11,2012,12,5.7223e+05
07.11.2012-15:00:00,07,11,2012,15,5.8155e+05
07.11.2012-18:00:00,07,11,2012,18,5.8263e+05
07.11.2012-21:00:00,07,11,2012,21,5.7662e+05
07.12.2012-00:00:00,07,12,2012,00,5.6565e+05
07.12.2012-03:00:00,07,12,2012,03,5.5383e+05
07.12.2012-06:00:00,07,12,2012,06,5.4305e+05
07.12.2012-09:00:00,07,12,2012,09,5.3911e+05
07.12.2012-12:00:00,07,12,2012,12,5.4547e+05
07.12.2012-15:00:00,07,12,2012,15,5.5092e+05
07.12.2012-18:00:00,07,12,2012,18,5.4987e+05
07.12.2012-21:00:00,07,12,2012,21,5.4215e+05
07.13.2012-00:00:00,07,13,2012,00,5.3158e+05
07.13.2012-03:00:00,07,13,2012,03,5.2079e+05
07.13.2012-06:00:00,07,13,2012,06,5.1164e+05
07.13.2012-09:00:00,07,13,2012,09,5.105e+05
07.13.2012-12:00:00,07,13,2012,12,5.1676e+05
07.13.2012-15:00:00,07,13,2012,15,5.2296e+05
07.13.2012-18:00:00,07,13,2012,18,5.2413e+05
07.13.2012-21:00:00,07,13,2012,21,5.1969e+05
07.14.2012-00:00:00,07,14,2012,00,5.1369e+05
07.14.2012-03:00:00,07,14,2012,03,5.0637e+05
07.14.2012-06:00:00,07,14,2012,06,4.9894e+05
07.14.2012-09:00:00,07,14,2012,09,4.9727e+05
07.14.2012-12:00:00,07,14,2012,12,5.0063e+05
07.14.2012-15:00:00,07,14,2012,15,5.0324e+05
07.14.2012-18:00:00,07,14,2012,18,5.0317e+05
07.14.2012-21:00:00,07,14,2012,21,4.9926e+05
07.15.2012-00:00:00,07,15,2012,00,4.9599e+05
07.15.2012-03:00:00,07,15,2012,03,4.9502e+05
07.15.2012-06:00:00,07,15,2012,06,4.9496e+05
07.15.2012-09:00:00,07,15,2012,09,4.9638e+05
07.15.2012-12:00:00,07,15,2012,12,5.03e+05
07.15.2012-15:00:00,07,15,2012,15,5.1014e+05
07.15.2012-18:00:00,07,15,2012,18,5.1181e+05
07.15.2012-21:00:00,07,15,2012,21,5.1115e+05
07.16.2012-00:00:00,07,16,2012,00,5.0692e+05
07.16.2012-03:00:00,07,16,2012,03,5.0083e+05
07.16.2012-06:00:00,07,16,2012,06,4.9473e+05
07.16.2012-09:00:00,07,16,2012,09,4.8994e+05
07.16.2012-12:00:00,07,16,2012,12,4.9034e+05
07.16.2012-15:00:00,07,16,2012,15,4.8992e+05
07.16.2012-18:00:00,07,16,2012,18,4.8695e+05
07.16.2012-21:00:00,07,16,2012,21,4.8067e+05
07.17.2012-00:00:00,07,17,2012,00,4.7326e+05
07.17.2012-03:00:00,07,17,2012,03,4.6308e+05
07.17.2012-06:00:00,07,17,2012,06,4.5318e+05
07.17.2012-09:00:00,07,17,2012,09,4.4532e+05
07.17.2012-12:00:00,07,17,2012,12,4.438e+05
07.17.2012-15:00:00,07,17,2012,15,4.4143e+05
07.17.2012-18:00:00,07,17,2012,18,4.3697e+05
07.17.2012-21:00:00,07,17,2012,21,4.3098e+05
07.18.2012-00:00:00,07,18,2012,00,4.2623e+05
07.18.2012-03:00:00,07,18,2012,03,4.1931e+05
07.18.2012-06:00:00,07,18,2012,06,4.128e+05
07.18.2012-09:00:00,07,18,2012,09,4.0802e+05
07.18.2012-12:00:00,07,18,2012,12,4.0713e+05
07.18.2012-15:00:00,07,18,2012,15,4.0517e+05
07.18.2012-18:00:00,07,18,2012,18,4.0233e+05
07.18.2012-21:00:00,07,18,2012,21,3.9841e+05
07.19.2012-00:00:00,07,19,2012,00,3.9573e+05
07.19.2012-03:00:00,07,19,2012,03,3.9028e+05
07.19.2012-06:00:00,07,19,2012,06,3.8437e+05
07.19.2012-09:00:00,07,19,2012,09,3.7986e+05
07.19.2012-12:00:00,07,19,2012,12,3.7919e+05
07.19.2012-15:00:00,07,19,2012,15,3.7793e+05
07.19.2012-18:00:00,07,19,2012,18,3.7704e+05
07.19.2012-21:00:00,07,19,2012,21,3.743e+05
07.20.2012-00:00:00,07,20,2012,00,3.7076e+05
07.20.2012-03:00:00,07,20,2012,03,3.6637e+05
07.20.2012-06:00:00,07,20,2012,06,3.6113e+05
07.20.2012-09:00:00,07,20,2012,09,3.5649e+05
07.20.2012-12:00:00,07,20,2012,12,3.5558e+05
07.20.2012-15:00:00,07,20,2012,15,3.549e+05
07.20.2012-18:00:00,07,20,2012,18,3.5403e+05
07.20.2012-21:00:00,07,20,2012,21,3.5219e+05
07.21.2012-00:00:00,07,21,2012,00,3.5263e+05
07.21.2012-03:00:00,07,21,2012,03,3.5399e+05
07.21.2012-06:00:00,07,21,2012,06,3.547e+05
07.21.2012-09:00:00,07,21,2012,09,3.5398e+05
07.21.2012-12:00:00,07,21,2012,12,3.533e+05
07.21.2012-15:00:00,07,21,2012,15,3.5293e+05
07.21.2012-18:00:00,07,21,2012,18,3.5184e+05
07.21.2012-21:00:00,07,21,2012,21,3.5075e+05
07.22.2012-00:00:00,07,22,2012,00,3.4553e+05
07.22.2012-03:00:00,07,22,2012,03,3.3683e+05
07.22.2012-06:00:00,07,22,2012,06,3.2794e+05
07.22.2012-09:00:00,07,22,2012,09,3.1969e+05
07.22.2012-12:00:00,07,22,2012,12,3.1319e+05
07.22.2012-15:00:00,07,22,2012,15,3.0809e+05
07.22.2012-18:00:00,07,22,2012,18,3.0378e+05
07.22.2012-21:00:00,07,22,2012,21,2.9907e+05
07.23.2012-00:00:00,07,23,2012,00,2.9466e+05
07.23.2012-03:00:00,07,23,2012,03,2.8892e+05
07.23.2012-06:00:00,07,23,2012,06,2.8215e+05
07.23.2012-09:00:00,07,23,2012,09,2.7589e+05
07.23.2012-12:00:00,07,23,2012,12,2.707e+05
07.23.2012-15:00:00,07,23,2012,15,2.6585e+05
07.23.2012-18:00:00,07,23,2012,18,2.6132e+05
07.23.2012-21:00:00,07,23,2012,21,2.5747e+05
07.24.2012-00:00:00,07,24,2012,00,2.5398e+05
07.24.2012-03:00:00,07,24,2012,03,2.5008e+05
07.24.2012-06:00:00,07,24,2012,06,2.4567e+05
07.24.2012-09:00:00,07,24,2012,09,2.4029e+05
07.24.2012-12:00:00,07,24,2012,12,2.3528e+05
07.24.2012-15:00:00,07,24,2012,15,2.3035e+05
07.24.2012-18:00:00,07,24,2012,18,2.2514e+05
07.24.2012-21:00:00,07,24,2012,21,2.2034e+05
07.25.2012-00:00:00,07,25,2012,00,2.1574e+05
07.25.2012-03:00:00,07,25,2012,03,2.1089e+05
07.25.2012-06:00:00,07,25,2012,06,2.0508e+05
07.25.2012-09:00:00,07,25,2012,09,1.9923e+05
07.25.2012-12:00:00,07,25,2012,12,1.951e+05
07.25.2012-15:00:00,07,25,2012,15,1.9303e+05
07.25.2012-18:00:00,07,25,2012,18,1.9209e+05
07.25.2012-21:00:00,07,25,2012,21,1.9119e+05
07.26.2012-00:00:00,07,26,2012,00,1.9019e+05
07.26.2012-03:00:00,07,26,2012,03,1.8812e+05
07.26.2012-06:00:00,07,26,2012,06,1.8462e+05
07.26.2012-09:00:00,07,26,2012,09,1.8124e+05
07.26.2012-12:00:00,07,26,2012,12,1.7912e+05
07.26.2012-15:00:00,07,26,2012,15,1.7801e+05
07.26.2012-18:00:00,07,26,2012,18,1.7774e+05
07.26.2012-21:00:00,07,26,2012,21,1.7768e+05
07.27.2012-00:00:00,07,27,2012,00,1.8064e+05
07.27.2012-03:00:00,07,27,2012,03,1.8471e+05
07.27.2012-06:00:00,07,27,2012,06,1.8737e+05
07.27.2012-09:00:00,07,27,2012,09,1.8847e+05
07.27.2012-12:00:00,07,27,2012,12,1.9089e+05
07.27.2012-15:00:00,07,27,2012,15,1.9551e+05
07.27.2012-18:00:00,07,27,2012,18,2.0066e+05
07.27.2012-21:00:00,07,27,2012,21,2.0585e+05
07.28.2012-00:00:00,07,28,2012,00,2.0691e+05
07.28.2012-03:00:00,07,28,2012,03,2.0491e+05
07.28.2012-06:00:00,07,28,2012,06,2.0129e+05
07.28.2012-09:00:00,07,28,2012,09,1.9756e+05
07.28.2012-12:00:00,07,28,2012,12,1.95e+05
07.28.2012-15:00:00,07,28,2012,15,1.9324e+05
07.28.2012-18:00:00,07,28,2012,18,1.9197e+05
07.28.2012-21:00:00,07,28,2012,21,1.9112e+05
07.29.2012-00:00:00,07,29,2012,00,1.9003e+05
07.29.2012-03:00:00,07,29,2012,03,1.8805e+05
07.29.2012-06:00:00,07,29,2012,06,1.8435e+05
07.29.2012-09:00:00,07,29,2012,09,1.7966e+05
07.29.2012-12:00:00,07,29,2012,12,1.7508e+05
07.29.2012-15:00:00,07,29,2012,15,1.7205e+05
07.29.2012-18:00:00,07,29,2012,18,1.6976e+05
07.29.2012-21:00:00,07,29,2012,21,1.6841e+05
07.30.2012-00:00:00,07,30,2012,00,1.6692e+05
07.30.2012-03:00:00,07,30,2012,03,1.6477e+05
07.30.2012-06:00:00,07,30,2012,06,1.6116e+05
07.30.2012-09:00:00,07,30,2012,09,1.5672e+05
07.30.2012-12:00:00,07,30,2012,12,1.5263e+05
07.30.2012-15:00:00,07,30,2012,15,1.4983e+05
07.30.2012-18:00:00,07,30,2012,18,1.4849e+05
07.30.2012-21:00:00,07,30,2012,21,1.4787e+05
07.31.2012-00:00:00,07,31,2012,00,1.473e+05
07.31.2012-03:00:00,07,31,2012,03,1.46e+05
07.31.2012-06:00:00,07,31,2012,06,1.4345e+05
07.31.2012-09:00:00,07,31,2012,09,1.3993e+05
07.31.2012-12:00:00,07,31,2012,12,1.366e+05
07.31.2012-15:00:00,07,31,2012,15,1.3419e+05
07.31.2012-18:00:00,07,31,2012,18,1.3293e+05
07.31.2012-21:00:00,07,31,2012,21,1.3239e+05
08.01.2012-00:00:00,08,01,2012,00,1.3192e+05
08.01.2012-03:00:00,08,01,2012,03,1.3051e+05
08.01.2012-06:00:00,08,01,2012,06,1.2789e+05
08.01.2012-09:00:00,08,01,2012,09,1.2435e+05
08.01.2012-12:00:00,08,01,2012,12,1.2141e+05
08.01.2012-15:00:00,08,01,2012,15,1.194e+05
08.01.2012-18:00:00,08,01,2012,18,1.1835e+05
08.01.2012-21:00:00,08,01,2012,21,1.1766e+05
08.02.2012-00:00:00,08,02,2012,00,1.1722e+05
08.02.2012-03:00:00,08,02,2012,03,1.1604e+05
08.02.2012-06:00:00,08,02,2012,06,1.136e+05
08.02.2012-09:00:00,08,02,2012,09,1.1024e+05
08.02.2012-12:00:00,08,02,2012,12,1.0736e+05
08.02.2012-15:00:00,08,02,2012,15,1.0553e+05
08.02.2012-18:00:00,08,02,2012,18,1.0482e+05
08.02.2012-21:00:00,08,02,2012,21,1.0461e+05
08.03.2012-00:00:00,08,03,2012,00,1.0432e+05
08.03.2012-03:00:00,08,03,2012,03,1.0329e+05
08.03.2012-06:00:00,08,03,2012,06,1.0148e+05
08.03.2012-09:00:00,08,03,2012,09,99019
08.03.2012-12:00:00,08,03,2012,12,96794
08.03.2012-15:00:00,08,03,2012,15,95485
08.03.2012-18:00:00,08,03,2012,18,94998
08.03.2012-21:00:00,08,03,2012,21,95031
08.04.2012-00:00:00,08,04,2012,00,94802
08.04.2012-03:00:00,08,04,2012,03,93816
08.04.2012-06:00:00,08,04,2012,06,91837
08.04.2012-09:00:00,08,04,2012,09,89110
08.04.2012-12:00:00,08,04,2012,12,86942
08.04.2012-15:00:00,08,04,2012,15,85998
08.04.2012-18:00:00,08,04,2012,18,86072
08.04.2012-21:00:00,08,04,2012,21,86311
08.05.2012-00:00:00,08,05,2012,00,86478
08.05.2012-03:00:00,08,05,2012,03,85799
08.05.2012-06:00:00,08,05,2012,06,84078
08.05.2012-09:00:00,08,05,2012,09,81675
08.05.2012-12:00:00,08,05,2012,12,79883
08.05.2012-15:00:00,08,05,2012,15,79157
08.05.2012-18:00:00,08,05,2012,18,79355
08.05.2012-21:00:00,08,05,2012,21,79926
08.06.2012-00:00:00,08,06,2012,00,80528
08.06.2012-03:00:00,08,06,2012,03,80147
08.06.2012-06:00:00,08,06,2012,06,78614
08.06.2012-09:00:00,08,06,2012,09,76518
08.06.2012-12:00:00,08,06,2012,12,75316
08.06.2012-15:00:00,08,06,2012,15,75058
08.06.2012-18:00:00,08,06,2012,18,75621
08.06.2012-21:00:00,08,06,2012,21,76487
08.07.2012-00:00:00,08,07,2012,00,77453
08.07.2012-03:00:00,08,07,2012,03,77540
08.07.2012-06:00:00,08,07,2012,06,76506
08.07.2012-09:00:00,08,07,2012,09,74655
08.07.2012-12:00:00,08,07,2012,12,73220
08.07.2012-15:00:00,08,07,2012,15,72778
08.07.2012-18:00:00,08,07,2012,18,73042
08.07.2012-21:00:00,08,07,2012,21,73440
08.08.2012-00:00:00,08,08,2012,00,73909
08.08.2012-03:00:00,08,08,2012,03,73546
08.08.2012-06:00:00,08,08,2012,06,72215
08.08.2012-09:00:00,08,08,2012,09,70150
08.08.2012-12:00:00,08,08,2012,12,68489
08.08.2012-15:00:00,08,08,2012,15,67726
08.08.2012-18:00:00,08,08,2012,18,67898
08.08.2012-21:00:00,08,08,2012,21,68455
08.09.2012-00:00:00,08,09,2012,00,68858
08.09.2012-03:00:00,08,09,2012,03,68635
08.09.2012-06:00:00,08,09,2012,06,67341
08.09.2012-09:00:00,08,09,2012,09,65424
08.09.2012-12:00:00,08,09,2012,12,63643
08.09.2012-15:00:00,08,09,2012,15,62848
08.09.2012-18:00:00,08,09,2012,18,62858
08.09.2012-21:00:00,08,09,2012,21,63190
08.10.2012-00:00:00,08,10,2012,00,63393
08.10.2012-03:00:00,08,10,2012,03,63117
08.10.2012-06:00:00,08,10,2012,06,61857
08.10.2012-09:00:00,08,10,2012,09,59713
08.10.2012-12:00:00,08,10,2012,12,57880
08.10.2012-15:00:00,08,10,2012,15,57173
08.10.2012-18:00:00,08,10,2012,18,57209
08.10.2012-21:00:00,08,10,2012,21,57520
08.11.2012-00:00:00,08,11,2012,00,57602
08.11.2012-03:00:00,08,11,2012,03,57151
08.11.2012-06:00:00,08,11,2012,06,55917
08.11.2012-09:00:00,08,11,2012,09,53954
08.11.2012-12:00:00,08,11,2012,12,52262
08.11.2012-15:00:00,08,11,2012,15,51457
08.11.2012-18:00:00,08,11,2012,18,51474
08.11.2012-21:00:00,08,11,2012,21,51902
08.12.2012-00:00:00,08,12,2012,00,52087
08.12.2012-03:00:00,08,12,2012,03,51789
08.12.2012-06:00:00,08,12,2012,06,50737
08.12.2012-09:00:00,08,12,2012,09,48992
08.12.2012-12:00:00,08,12,2012,12,47550
08.12.2012-15:00:00,08,12,2012,15,46963
08.12.2012-18:00:00,08,12,2012,18,47097
08.12.2012-21:00:00,08,12,2012,21,47573
08.13.2012-00:00:00,08,13,2012,00,47852
08.13.2012-03:00:00,08,13,2012,03,47688
08.13.2012-06:00:00,08,13,2012,06,46895
08.13.2012-09:00:00,08,13,2012,09,45361
08.13.2012-12:00:00,08,13,2012,12,44189
08.13.2012-15:00:00,08,13,2012,15,43931
08.13.2012-18:00:00,08,13,2012,18,44304
08.13.2012-21:00:00,08,13,2012,21,44782
08.14.2012-00:00:00,08,14,2012,00,45174
08.14.2012-03:00:00,08,14,2012,03,45102
08.14.2012-06:00:00,08,14,2012,06,44432
08.14.2012-09:00:00,08,14,2012,09,43125
08.14.2012-12:00:00,08,14,2012,12,42148
08.14.2012-15:00:00,08,14,2012,15,41823
08.14.2012-18:00:00,08,14,2012,18,41944
08.14.2012-21:00:00,08,14,2012,21,42258
08.15.2012-00:00:00,08,15,2012,00,42519
08.15.2012-03:00:00,08,15,2012,03,42301
08.15.2012-06:00:00,08,15,2012,06,41484
08.15.2012-09:00:00,08,15,2012,09,40221
08.15.2012-12:00:00,08,15,2012,12,39233
08.15.2012-15:00:00,08,15,2012,15,38856
08.15.2012-18:00:00,08,15,2012,18,39083
08.15.2012-21:00:00,08,15,2012,21,39477
08.16.2012-00:00:00,08,16,2012,00,39747
08.16.2012-03:00:00,08,16,2012,03,39612
08.16.2012-06:00:00,08,16,2012,06,38926
08.16.2012-09:00:00,08,16,2012,09,37769
08.16.2012-12:00:00,08,16,2012,12,36850
08.16.2012-15:00:00,08,16,2012,15,36465
08.16.2012-18:00:00,08,16,2012,18,36609
08.16.2012-21:00:00,08,16,2012,21,36893
08.17.2012-00:00:00,08,17,2012,00,39994
08.17.2012-03:00:00,08,17,2012,03,44308
08.17.2012-06:00:00,08,17,2012,06,47490
08.17.2012-09:00:00,08,17,2012,09,49163
08.17.2012-12:00:00,08,17,2012,12,51075
08.17.2012-15:00:00,08,17,2012,15,54132
08.17.2012-18:00:00,08,17,2012,18,58496
08.17.2012-21:00:00,08,17,2012,21,63536
08.18.2012-00:00:00,08,18,2012,00,64301
08.18.2012-03:00:00,08,18,2012,03,62755
08.18.2012-06:00:00,08,18,2012,06,61192
08.18.2012-09:00:00,08,18,2012,09,59784
08.18.2012-12:00:00,08,18,2012,12,58799
08.18.2012-15:00:00,08,18,2012,15,58339
08.18.2012-18:00:00,08,18,2012,18,57943
08.18.2012-21:00:00,08,18,2012,21,57770
08.19.2012-00:00:00,08,19,2012,00,57563
08.19.2012-03:00:00,08,19,2012,03,57080
08.19.2012-06:00:00,08,19,2012,06,55856
08.19.2012-09:00:00,08,19,2012,09,53935
08.19.2012-12:00:00,08,19,2012,12,52195
08.19.2012-15:00:00,08,19,2012,15,51070
08.19.2012-18:00:00,08,19,2012,18,50652
08.19.2012-21:00:00,08,19,2012,21,50639
08.20.2012-00:00:00,08,20,2012,00,50606
08.20.2012-03:00:00,08,20,2012,03,50261
08.20.2012-06:00:00,08,20,2012,06,49241
08.20.2012-09:00:00,08,20,2012,09,47593
08.20.2012-12:00:00,08,20,2012,12,46186
08.20.2012-15:00:00,08,20,2012,15,45623
08.20.2012-18:00:00,08,20,2012,18,45629
08.20.2012-21:00:00,08,20,2012,21,45867
08.21.2012-00:00:00,08,21,2012,00,45964
08.21.2012-03:00:00,08,21,2012,03,45692
08.21.2012-06:00:00,08,21,2012,06,44917
08.21.2012-09:00:00,08,21,2012,09,43601
08.21.2012-12:00:00,08,21,2012,12,42409
08.21.2012-15:00:00,08,21,2012,15,41925
08.21.2012-18:00:00,08,21,2012,18,41978
08.21.2012-21:00:00,08,21,2012,21,42017
08.22.2012-00:00:00,08,22,2012,00,41949
08.22.2012-03:00:00,08,22,2012,03,41629
08.22.2012-06:00:00,08,22,2012,06,40880
08.22.2012-09:00:00,08,22,2012,09,39619
08.22.2012-12:00:00,08,22,2012,12,38436
08.22.2012-15:00:00,08,22,2012,15,38007
08.22.2012-18:00:00,08,22,2012,18,38041
08.22.2012-21:00:00,08,22,2012,21,38171
08.23.2012-00:00:00,08,23,2012,00,38358
08.23.2012-03:00:00,08,23,2012,03,38317
08.23.2012-06:00:00,08,23,2012,06,37886
08.23.2012-09:00:00,08,23,2012,09,37076
08.23.2012-12:00:00,08,23,2012,12,36298
08.23.2012-15:00:00,08,23,2012,15,35934
08.23.2012-18:00:00,08,23,2012,18,35931
08.23.2012-21:00:00,08,23,2012,21,36106
08.24.2012-00:00:00,08,24,2012,00,36248
08.24.2012-03:00:00,08,24,2012,03,36171
08.24.2012-06:00:00,08,24,2012,06,35851
08.24.2012-09:00:00,08,24,2012,09,35269
08.24.2012-12:00:00,08,24,2012,12,34618
08.24.2012-15:00:00,08,24,2012,15,34175
08.24.2012-18:00:00,08,24,2012,18,33988
08.24.2012-21:00:00,08,24,2012,21,33917
08.25.2012-00:00:00,08,25,2012,00,33627
08.25.2012-03:00:00,08,25,2012,03,33036
08.25.2012-06:00:00,08,25,2012,06,32267
08.25.2012-09:00:00,08,25,2012,09,31285
08.25.2012-12:00:00,08,25,2012,12,30382
08.25.2012-15:00:00,08,25,2012,15,29891
08.25.2012-18:00:00,08,25,2012,18,29728
08.25.2012-21:00:00,08,25,2012,21,29671
08.26.2012-00:00:00,08,26,2012,00,29579
08.26.2012-03:00:00,08,26,2012,03,29307
08.26.2012-06:00:00,08,26,2012,06,28675
08.26.2012-09:00:00,08,26,2012,09,27632
08.26.2012-12:00:00,08,26,2012,12,26691
08.26.2012-15:00:00,08,26,2012,15,26315
08.26.2012-18:00:00,08,26,2012,18,26325
08.26.2012-21:00:00,08,26,2012,21,26392
08.27.2012-00:00:00,08,27,2012,00,26358
08.27.2012-03:00:00,08,27,2012,03,26085
08.27.2012-06:00:00,08,27,2012,06,25505
08.27.2012-09:00:00,08,27,2012,09,24611
08.27.2012-12:00:00,08,27,2012,12,23869
08.27.2012-15:00:00,08,27,2012,15,23630
08.27.2012-18:00:00,08,27,2012,18,23724
08.27.2012-21:00:00,08,27,2012,21,23873
08.28.2012-00:00:00,08,28,2012,00,23883
08.28.2012-03:00:00,08,28,2012,03,23682
08.28.2012-06:00:00,08,28,2012,06,23266
08.28.2012-09:00:00,08,28,2012,09,22597
08.28.2012-12:00:00,08,28,2012,12,21973
08.28.2012-15:00:00,08,28,2012,15,21770
08.28.2012-18:00:00,08,28,2012,18,21896
08.28.2012-21:00:00,08,28,2012,21,22121
08.29.2012-00:00:00,08,29,2012,00,22203
08.29.2012-03:00:00,08,29,2012,03,22056
08.29.2012-06:00:00,08,29,2012,06,21671
08.29.2012-09:00:00,08,29,2012,09,21033
08.29.2012-12:00:00,08,29,2012,12,20497
08.29.2012-15:00:00,08,29,2012,15,20352
08.29.2012-18:00:00,08,29,2012,18,20494
08.29.2012-21:00:00,08,29,2012,21,20708
08.30.2012-00:00:00,08,30,2012,00,20781
08.30.2012-03:00:00,08,30,2012,03,20646
08.30.2012-06:00:00,08,30,2012,06,20329
08.30.2012-09:00:00,08,30,2012,09,19822
08.30.2012-12:00:00,08,30,2012,12,19378
08.30.2012-15:00:00,08,30,2012,15,19203
08.30.2012-18:00:00,08,30,2012,18,19232
08.30.2012-21:00:00,08,30,2012,21,19299
08.31.2012-00:00:00,08,31,2012,00,19301
08.31.2012-03:00:00,08,31,2012,03,19172
08.31.2012-06:00:00,08,31,2012,06,18848
08.31.2012-09:00:00,08,31,2012,09,18247
08.31.2012-12:00:00,08,31,2012,12,17673
08.31.2012-15:00:00,08,31,2012,15,17491
08.31.2012-18:00:00,08,31,2012,18,17603
08.31.2012-21:00:00,08,31,2012,21,17709
09.01.2012-00:00:00,09,01,2012,00,17710
09.01.2012-03:00:00,09,01,2012,03,17610
09.01.2012-06:00:00,09,01,2012,06,17333
09.01.2012-09:00:00,09,01,2012,09,16811
09.01.2012-12:00:00,09,01,2012,12,16315
09.01.2012-15:00:00,09,01,2012,15,16112
09.01.2012-18:00:00,09,01,2012,18,16153
09.01.2012-21:00:00,09,01,2012,21,16236
09.02.2012-00:00:00,09,02,2012,00,16261
09.02.2012-03:00:00,09,02,2012,03,16201
09.02.2012-06:00:00,09,02,2012,06,15956
09.02.2012-09:00:00,09,02,2012,09,15525
09.02.2012-12:00:00,09,02,2012,12,15134
09.02.2012-15:00:00,09,02,2012,15,14995
09.02.2012-18:00:00,09,02,2012,18,15043
09.02.2012-21:00:00,09,02,2012,21,15123
09.03.2012-00:00:00,09,03,2012,00,15158
09.03.2012-03:00:00,09,03,2012,03,15113
09.03.2012-06:00:00,09,03,2012,06,14893
09.03.2012-09:00:00,09,03,2012,09,14462
09.03.2012-12:00:00,09,03,2012,12,14043
09.03.2012-15:00:00,09,03,2012,15,13904
09.03.2012-18:00:00,09,03,2012,18,13973
09.03.2012-21:00:00,09,03,2012,21,14067
09.04.2012-00:00:00,09,04,2012,00,14100
09.04.2012-03:00:00,09,04,2012,03,14082
09.04.2012-06:00:00,09,04,2012,06,13885
09.04.2012-09:00:00,09,04,2012,09,13481
09.04.2012-12:00:00,09,04,2012,12,13105
09.04.2012-15:00:00,09,04,2012,15,12982
09.04.2012-18:00:00,09,04,2012,18,13047
09.04.2012-21:00:00,09,04,2012,21,13140
09.05.2012-00:00:00,09,05,2012,00,13192
09.05.2012-03:00:00,09,05,2012,03,13168
09.05.2012-06:00:00,09,05,2012,06,12965
09.05.2012-09:00:00,09,05,2012,09,12574
09.05.2012-12:00:00,09,05,2012,12,12217
09.05.2012-15:00:00,09,05,2012,15,12113
09.05.2012-18:00:00,09,05,2012,18,12206
09.05.2012-21:00:00,09,05,2012,21,12312
09.06.2012-00:00:00,09,06,2012,00,12365
09.06.2012-03:00:00,09,06,2012,03,12348
09.06.2012-06:00:00,09,06,2012,06,12167
09.06.2012-09:00:00,09,06,2012,09,11818
09.06.2012-12:00:00,09,06,2012,12,11518
09.06.2012-15:00:00,09,06,2012,15,11436
09.06.2012-18:00:00,09,06,2012,18,11530
09.06.2012-21:00:00,09,06,2012,21,11652
09.07.2012-00:00:00,09,07,2012,00,11725
09.07.2012-03:00:00,09,07,2012,03,11737
09.07.2012-06:00:00,09,07,2012,06,11590
09.07.2012-09:00:00,09,07,2012,09,11274
09.07.2012-12:00:00,09,07,2012,12,11011
09.07.2012-15:00:00,09,07,2012,15,10946
09.07.2012-18:00:00,09,07,2012,18,11047
09.07.2012-21:00:00,09,07,2012,21,11173
09.08.2012-00:00:00,09,08,2012,00,11243
09.08.2012-03:00:00,09,08,2012,03,11279
09.08.2012-06:00:00,09,08,2012,06,11157
09.08.2012-09:00:00,09,08,2012,09,10834
09.08.2012-12:00:00,09,08,2012,12,10550
09.08.2012-15:00:00,09,08,2012,15,10505
09.08.2012-18:00:00,09,08,2012,18,10630
09.08.2012-21:00:00,09,08,2012,21,10783
09.09.2012-00:00:00,09,09,2012,00,10870
09.09.2012-03:00:00,09,09,2012,03,10899
09.09.2012-06:00:00,09,09,2012,06,10766
09.09.2012-09:00:00,09,09,2012,09,10471
09.09.2012-12:00:00,09,09,2012,12,10238
09.09.2012-15:00:00,09,09,2012,15,10221
09.09.2012-18:00:00,09,09,2012,18,10376
09.09.2012-21:00:00,09,09,2012,21,10549
09.10.2012-00:00:00,09,10,2012,00,10664
09.10.2012-03:00:00,09,10,2012,03,10689
09.10.2012-06:00:00,09,10,2012,06,10561
09.10.2012-09:00:00,09,10,2012,09,10335
09.10.2012-12:00:00,09,10,2012,12,10164
09.10.2012-15:00:00,09,10,2012,15,10164
09.10.2012-18:00:00,09,10,2012,18,10314
09.10.2012-21:00:00,09,10,2012,21,10451
09.11.2012-00:00:00,09,11,2012,00,10573
09.11.2012-03:00:00,09,11,2012,03,10652
09.11.2012-06:00:00,09,11,2012,06,10675
09.11.2012-09:00:00,09,11,2012,09,10617
09.11.2012-12:00:00,09,11,2012,12,10561
09.11.2012-15:00:00,09,11,2012,15,10570
09.11.2012-18:00:00,09,11,2012,18,10631
09.11.2012-21:00:00,09,11,2012,21,10701
09.12.2012-00:00:00,09,12,2012,00,10666
09.12.2012-03:00:00,09,12,2012,03,10582
09.12.2012-06:00:00,09,12,2012,06,10468
09.12.2012-09:00:00,09,12,2012,09,10255
09.12.2012-12:00:00,09,12,2012,12,9987.6
09.12.2012-15:00:00,09,12,2012,15,9860.9
09.12.2012-18:00:00,09,12,2012,18,9865.7
09.12.2012-21:00:00,09,12,2012,21,9889
09.13.2012-00:00:00,09,13,2012,00,9884.1
09.13.2012-03:00:00,09,13,2012,03,9830.8
09.13.2012-06:00:00,09,13,2012,06,9700.1
09.13.2012-09:00:00,09,13,2012,09,9451.9
09.13.2012-12:00:00,09,13,2012,12,9192.4
09.13.2012-15:00:00,09,13,2012,15,9084.5
09.13.2012-18:00:00,09,13,2012,18,9102.1
09.13.2012-21:00:00,09,13,2012,21,9138.4
09.14.2012-00:00:00,09,14,2012,00,9126.7
09.14.2012-03:00:00,09,14,2012,03,9073.3
09.14.2012-06:00:00,09,14,2012,06,8941.8
09.14.2012-09:00:00,09,14,2012,09,8708.6
09.14.2012-12:00:00,09,14,2012,12,8483.1
09.14.2012-15:00:00,09,14,2012,15,8390.7
09.14.2012-18:00:00,09,14,2012,18,8411.5
09.14.2012-21:00:00,09,14,2012,21,8445.9
09.15.2012-00:00:00,09,15,2012,00,8449.9
09.15.2012-03:00:00,09,15,2012,03,8414.4
09.15.2012-06:00:00,09,15,2012,06,8294.3
09.15.2012-09:00:00,09,15,2012,09,8089.2
09.15.2012-12:00:00,09,15,2012,12,7893.6
09.15.2012-15:00:00,09,15,2012,15,7797.4
09.15.2012-18:00:00,09,15,2012,18,7804.3
09.15.2012-21:00:00,09,15,2012,21,7841.8
09.16.2012-00:00:00,09,16,2012,00,7860.4
09.16.2012-03:00:00,09,16,2012,03,7841.2
09.16.2012-06:00:00,09,16,2012,06,7756.7
09.16.2012-09:00:00,09,16,2012,09,7583.2
09.16.2012-12:00:00,09,16,2012,12,7419.7
09.16.2012-15:00:00,09,16,2012,15,7340.5
09.16.2012-18:00:00,09,16,2012,18,7346.9
09.16.2012-21:00:00,09,16,2012,21,7376.6
09.17.2012-00:00:00,09,17,2012,00,7387.8
09.17.2012-03:00:00,09,17,2012,03,7385.4
09.17.2012-06:00:00,09,17,2012,06,7318.4
09.17.2012-09:00:00,09,17,2012,09,7162.5
09.17.2012-12:00:00,09,17,2012,12,7009.8
09.17.2012-15:00:00,09,17,2012,15,6942
09.17.2012-18:00:00,09,17,2012,18,6969.8
09.17.2012-21:00:00,09,17,2012,21,7013.3
09.18.2012-00:00:00,09,18,2012,00,7033.7
09.18.2012-03:00:00,09,18,2012,03,7025.9
09.18.2012-06:00:00,09,18,2012,06,6967.7
09.18.2012-09:00:00,09,18,2012,09,6836
09.18.2012-12:00:00,09,18,2012,12,6708.2
09.18.2012-15:00:00,09,18,2012,15,6664.6
09.18.2012-18:00:00,09,18,2012,18,6695.8
09.18.2012-21:00:00,09,18,2012,21,6742.1
09.19.2012-00:00:00,09,19,2012,00,6770.8
09.19.2012-03:00:00,09,19,2012,03,6768.9
09.19.2012-06:00:00,09,19,2012,06,6713.9
09.19.2012-09:00:00,09,19,2012,09,6582.6
09.19.2012-12:00:00,09,19,2012,12,6475
09.19.2012-15:00:00,09,19,2012,15,6452.5
09.19.2012-18:00:00,09,19,2012,18,6501.2
09.19.2012-21:00:00,09,19,2012,21,6572
09.20.2012-00:00:00,09,20,2012,00,6613.8
09.20.2012-03:00:00,09,20,2012,03,6630.3
09.20.2012-06:00:00,09,20,2012,06,6591.4
09.20.2012-09:00:00,09,20,2012,09,6474.3
09.20.2012-12:00:00,09,20,2012,12,6383.1
09.20.2012-15:00:00,09,20,2012,15,6378.6
09.20.2012-18:00:00,09,20,2012,18,6450
09.20.2012-21:00:00,09,20,2012,21,6532.5
09.21.2012-00:00:00,09,21,2012,00,6611.6
09.21.2012-03:00:00,09,21,2012,03,6664.7
09.21.2012-06:00:00,09,21,2012,06,6645.9
09.21.2012-09:00:00,09,21,2012,09,6548.5
09.21.2012-12:00:00,09,21,2012,12,6481.3
09.21.2012-15:00:00,09,21,2012,15,6541.2
09.21.2012-18:00:00,09,21,2012,18,6657.2
09.21.2012-21:00:00,09,21,2012,21,6755.3
09.22.2012-00:00:00,09,22,2012,00,6807
09.22.2012-03:00:00,09,22,2012,03,6834.1
09.22.2012-06:00:00,09,22,2012,06,6803.4
09.22.2012-09:00:00,09,22,2012,09,6705.3
09.22.2012-12:00:00,09,22,2012,12,6617.9
09.22.2012-15:00:00,09,22,2012,15,6649.7
09.22.2012-18:00:00,09,22,2012,18,6744.4
09.22.2012-21:00:00,09,22,2012,21,6812.7
09.23.2012-00:00:00,09,23,2012,00,6840.9
09.23.2012-03:00:00,09,23,2012,03,6858
09.23.2012-06:00:00,09,23,2012,06,6817.8
09.23.2012-09:00:00,09,23,2012,09,6709.4
09.23.2012-12:00:00,09,23,2012,12,6617.7
09.23.2012-15:00:00,09,23,2012,15,6626.6
09.23.2012-18:00:00,09,23,2012,18,6678.2
09.23.2012-21:00:00,09,23,2012,21,6707.2
09.24.2012-00:00:00,09,24,2012,00,6719.1
09.24.2012-03:00:00,09,24,2012,03,6718.8
09.24.2012-06:00:00,09,24,2012,06,6662.4
09.24.2012-09:00:00,09,24,2012,09,6536.8
09.24.2012-12:00:00,09,24,2012,12,6408.9
09.24.2012-15:00:00,09,24,2012,15,6384
09.24.2012-18:00:00,09,24,2012,18,6426.1
09.24.2012-21:00:00,09,24,2012,21,6467.3
09.25.2012-00:00:00,09,25,2012,00,6476.4
09.25.2012-03:00:00,09,25,2012,03,6453.6
09.25.2012-06:00:00,09,25,2012,06,6386.7
09.25.2012-09:00:00,09,25,2012,09,6258.5
09.25.2012-12:00:00,09,25,2012,12,6131.8
09.25.2012-15:00:00,09,25,2012,15,6111.1
09.25.2012-18:00:00,09,25,2012,18,6160.9
09.25.2012-21:00:00,09,25,2012,21,6203.2
09.26.2012-00:00:00,09,26,2012,00,6219.2
09.26.2012-03:00:00,09,26,2012,03,6212.8
09.26.2012-06:00:00,09,26,2012,06,6164.1
09.26.2012-09:00:00,09,26,2012,09,6054.4
09.26.2012-12:00:00,09,26,2012,12,5946.1
09.26.2012-15:00:00,09,26,2012,15,5909.6
09.26.2012-18:00:00,09,26,2012,18,5943.8
09.26.2012-21:00:00,09,26,2012,21,5980.9
09.27.2012-00:00:00,09,27,2012,00,5999.3
09.27.2012-03:00:00,09,27,2012,03,5997.1
09.27.2012-06:00:00,09,27,2012,06,5950.1
09.27.2012-09:00:00,09,27,2012,09,5838.1
09.27.2012-12:00:00,09,27,2012,12,5722.3
09.27.2012-15:00:00,09,27,2012,15,5678.4
09.27.2012-18:00:00,09,27,2012,18,5698.7
09.27.2012-21:00:00,09,27,2012,21,5726.2
09.28.2012-00:00:00,09,28,2012,00,5732.3
09.28.2012-03:00:00,09,28,2012,03,5722.1
09.28.2012-06:00:00,09,28,2012,06,5668.6
09.28.2012-09:00:00,09,28,2012,09,5555.7
09.28.2012-12:00:00,09,28,2012,12,5448.7
09.28.2012-15:00:00,09,28,2012,15,5402
09.28.2012-18:00:00,09,28,2012,18,5424.6
09.28.2012-21:00:00,09,28,2012,21,5451.9
09.29.2012-00:00:00,09,29,2012,00,5459.7
09.29.2012-03:00:00,09,29,2012,03,5451.6
09.29.2012-06:00:00,09,29,2012,06,5404.5
09.29.2012-09:00:00,09,29,2012,09,5309
09.29.2012-12:00:00,09,29,2012,12,5219
09.29.2012-15:00:00,09,29,2012,15,5188.2
09.29.2012-18:00:00,09,29,2012,18,5209.3
09.29.2012-21:00:00,09,29,2012,21,5239
09.30.2012-00:00:00,09,30,2012,00,5246.6
09.30.2012-03:00:00,09,30,2012,03,5242.9
09.30.2012-06:00:00,09,30,2012,06,5206.9
09.30.2012-09:00:00,09,30,2012,09,5122.9
09.30.2012-12:00:00,09,30,2012,12,5035.7
09.30.2012-15:00:00,09,30,2012,15,4993.4
09.30.2012-18:00:00,09,30,2012,18,5008.9
09.30.2012-21:00:00,09,30,2012,21,5030
