TIMESTAMP,MONTH,DAY,YEAR,HOUR,C
10.01.2011-00:00:00,10,01,2011,00,18.45
10.01.2011-03:00:00,10,01,2011,03,18.352
10.01.2011-06:00:00,10,01,2011,06,18.248
10.01.2011-09:00:00,10,01,2011,09,18.112
10.01.2011-12:00:00,10,01,2011,12,17.98
10.01.2011-15:00:00,10,01,2011,15,17.877
10.01.2011-18:00:00,10,01,2011,18,17.785
10.01.2011-21:00:00,10,01,2011,21,17.696
10.02.2011-00:00:00,10,02,2011,00,17.65
10.02.2011-03:00:00,10,02,2011,03,17.617
10.02.2011-06:00:00,10,02,2011,06,17.541
10.02.2011-09:00:00,10,02,2011,09,17.418
10.02.2011-12:00:00,10,02,2011,12,17.332
10.02.2011-15:00:00,10,02,2011,15,17.25
10.02.2011-18:00:00,10,02,2011,18,17.175
10.02.2011-21:00:00,10,02,2011,21,17.119
10.03.2011-00:00:00,10,03,2011,00,17.121
10.03.2011-03:00:00,10,03,2011,03,17.046
10.03.2011-06:00:00,10,03,2011,06,16.976
10.03.2011-09:00:00,10,03,2011,09,16.875
10.03.2011-12:00:00,10,03,2011,12,16.802
10.03.2011-15:00:00,10,03,2011,15,16.736
10.03.2011-18:00:00,10,03,2011,18,16.676
10.03.2011-21:00:00,10,03,2011,21,16.641
10.04.2011-00:00:00,10,04,2011,00,16.524
10.04.2011-03:00:00,10,04,2011,03,16.501
10.04.2011-06:00:00,10,04,2011,06,16.486
10.04.2011-09:00:00,10,04,2011,09,16.438
10.04.2011-12:00:00,10,04,2011,12,16.392
10.04.2011-15:00:00,10,04,2011,15,16.364
10.04.2011-18:00:00,10,04,2011,18,16.353
10.04.2011-21:00:00,10,04,2011,21,16.353
10.05.2011-00:00:00,10,05,2011,00,16.471
10.05.2011-03:00:00,10,05,2011,03,16.524
10.05.2011-06:00:00,10,05,2011,06,16.579
10.05.2011-09:00:00,10,05,2011,09,16.589
10.05.2011-12:00:00,10,05,2011,12,16.632
10.05.2011-15:00:00,10,05,2011,15,16.722
10.05.2011-18:00:00,10,05,2011,18,16.837
10.05.2011-21:00:00,10,05,2011,21,16.982
10.06.2011-00:00:00,10,06,2011,00,17.446
10.06.2011-03:00:00,10,06,2011,03,17.774
10.06.2011-06:00:00,10,06,2011,06,18.122
10.06.2011-09:00:00,10,06,2011,09,18.46
10.06.2011-12:00:00,10,06,2011,12,18.835
10.06.2011-15:00:00,10,06,2011,15,19.235
10.06.2011-18:00:00,10,06,2011,18,19.687
10.06.2011-21:00:00,10,06,2011,21,20.236
10.07.2011-00:00:00,10,07,2011,00,19.878
10.07.2011-03:00:00,10,07,2011,03,19.822
10.07.2011-06:00:00,10,07,2011,06,19.772
10.07.2011-09:00:00,10,07,2011,09,19.705
10.07.2011-12:00:00,10,07,2011,12,19.644
10.07.2011-15:00:00,10,07,2011,15,19.607
10.07.2011-18:00:00,10,07,2011,18,19.585
10.07.2011-21:00:00,10,07,2011,21,19.568
10.08.2011-00:00:00,10,08,2011,00,19.557
10.08.2011-03:00:00,10,08,2011,03,19.555
10.08.2011-06:00:00,10,08,2011,06,19.556
10.08.2011-09:00:00,10,08,2011,09,19.542
10.08.2011-12:00:00,10,08,2011,12,19.534
10.08.2011-15:00:00,10,08,2011,15,19.548
10.08.2011-18:00:00,10,08,2011,18,19.574
10.08.2011-21:00:00,10,08,2011,21,19.606
10.09.2011-00:00:00,10,09,2011,00,19.644
10.09.2011-03:00:00,10,09,2011,03,19.688
10.09.2011-06:00:00,10,09,2011,06,19.734
10.09.2011-09:00:00,10,09,2011,09,19.754
10.09.2011-12:00:00,10,09,2011,12,19.781
10.09.2011-15:00:00,10,09,2011,15,19.839
10.09.2011-18:00:00,10,09,2011,18,19.912
10.09.2011-21:00:00,10,09,2011,21,19.991
10.10.2011-00:00:00,10,10,2011,00,20.077
10.10.2011-03:00:00,10,10,2011,03,20.168
10.10.2011-06:00:00,10,10,2011,06,20.261
10.10.2011-09:00:00,10,10,2011,09,20.338
10.10.2011-12:00:00,10,10,2011,12,20.421
10.10.2011-15:00:00,10,10,2011,15,20.529
10.10.2011-18:00:00,10,10,2011,18,20.652
10.10.2011-21:00:00,10,10,2011,21,20.783
10.11.2011-00:00:00,10,11,2011,00,21.359
10.11.2011-03:00:00,10,11,2011,03,21.545
10.11.2011-06:00:00,10,11,2011,06,21.848
10.11.2011-09:00:00,10,11,2011,09,22.325
10.11.2011-12:00:00,10,11,2011,12,23.374
10.11.2011-15:00:00,10,11,2011,15,24.606
10.11.2011-18:00:00,10,11,2011,18,25.988
10.11.2011-21:00:00,10,11,2011,21,27.486
10.12.2011-00:00:00,10,12,2011,00,30.217
10.12.2011-03:00:00,10,12,2011,03,32.882
10.12.2011-06:00:00,10,12,2011,06,35.749
10.12.2011-09:00:00,10,12,2011,09,38.518
10.12.2011-12:00:00,10,12,2011,12,41.483
10.12.2011-15:00:00,10,12,2011,15,44.849
10.12.2011-18:00:00,10,12,2011,18,48.526
10.12.2011-21:00:00,10,12,2011,21,52.642
10.13.2011-00:00:00,10,13,2011,00,52.526
10.13.2011-03:00:00,10,13,2011,03,53.117
10.13.2011-06:00:00,10,13,2011,06,53.703
10.13.2011-09:00:00,10,13,2011,09,54.052
10.13.2011-12:00:00,10,13,2011,12,54.416
10.13.2011-15:00:00,10,13,2011,15,55.02
10.13.2011-18:00:00,10,13,2011,18,55.742
10.13.2011-21:00:00,10,13,2011,21,56.492
10.14.2011-00:00:00,10,14,2011,00,57.135
10.14.2011-03:00:00,10,14,2011,03,57.895
10.14.2011-06:00:00,10,14,2011,06,58.616
10.14.2011-09:00:00,10,14,2011,09,58.923
10.14.2011-12:00:00,10,14,2011,12,59.14
10.14.2011-15:00:00,10,14,2011,15,59.837
10.14.2011-18:00:00,10,14,2011,18,60.769
10.14.2011-21:00:00,10,14,2011,21,61.737
10.15.2011-00:00:00,10,15,2011,00,62.738
10.15.2011-03:00:00,10,15,2011,03,63.776
10.15.2011-06:00:00,10,15,2011,06,67.119
10.15.2011-09:00:00,10,15,2011,09,73.784
10.15.2011-12:00:00,10,15,2011,12,74.94
10.15.2011-15:00:00,10,15,2011,15,77.491
10.15.2011-18:00:00,10,15,2011,18,79.86
10.15.2011-21:00:00,10,15,2011,21,81.407
10.16.2011-00:00:00,10,16,2011,00,82.978
10.16.2011-03:00:00,10,16,2011,03,84.605
10.16.2011-06:00:00,10,16,2011,06,85.814
10.16.2011-09:00:00,10,16,2011,09,81.519
10.16.2011-12:00:00,10,16,2011,12,81.776
10.16.2011-15:00:00,10,16,2011,15,87.551
10.16.2011-18:00:00,10,16,2011,18,90.511
10.16.2011-21:00:00,10,16,2011,21,92.419
10.17.2011-00:00:00,10,17,2011,00,94.369
10.17.2011-03:00:00,10,17,2011,03,96.361
10.17.2011-06:00:00,10,17,2011,06,97.827
10.17.2011-09:00:00,10,17,2011,09,93.407
10.17.2011-12:00:00,10,17,2011,12,94.056
10.17.2011-15:00:00,10,17,2011,15,100.09
10.17.2011-18:00:00,10,17,2011,18,103.61
10.17.2011-21:00:00,10,17,2011,21,106.15
10.18.2011-00:00:00,10,18,2011,00,109.04
10.18.2011-03:00:00,10,18,2011,03,125.01
10.18.2011-06:00:00,10,18,2011,06,146
10.18.2011-09:00:00,10,18,2011,09,135.47
10.18.2011-12:00:00,10,18,2011,12,134.15
10.18.2011-15:00:00,10,18,2011,15,143.93
10.18.2011-18:00:00,10,18,2011,18,151.08
10.18.2011-21:00:00,10,18,2011,21,156.28
10.19.2011-00:00:00,10,19,2011,00,163.28
10.19.2011-03:00:00,10,19,2011,03,184.36
10.19.2011-06:00:00,10,19,2011,06,194.84
10.19.2011-09:00:00,10,19,2011,09,177.68
10.19.2011-12:00:00,10,19,2011,12,172.58
10.19.2011-15:00:00,10,19,2011,15,188.59
10.19.2011-18:00:00,10,19,2011,18,199.6
10.19.2011-21:00:00,10,19,2011,21,204.23
10.20.2011-00:00:00,10,20,2011,00,213.42
10.20.2011-03:00:00,10,20,2011,03,221.7
10.20.2011-06:00:00,10,20,2011,06,218.83
10.20.2011-09:00:00,10,20,2011,09,190.11
10.20.2011-12:00:00,10,20,2011,12,182.09
10.20.2011-15:00:00,10,20,2011,15,201.97
10.20.2011-18:00:00,10,20,2011,18,216.95
10.20.2011-21:00:00,10,20,2011,21,221.52
10.21.2011-00:00:00,10,21,2011,00,224.55
10.21.2011-03:00:00,10,21,2011,03,226.48
10.21.2011-06:00:00,10,21,2011,06,223.5
10.21.2011-09:00:00,10,21,2011,09,199.25
10.21.2011-12:00:00,10,21,2011,12,192.3
10.21.2011-15:00:00,10,21,2011,15,209.5
10.21.2011-18:00:00,10,21,2011,18,224.28
10.21.2011-21:00:00,10,21,2011,21,228.3
10.22.2011-00:00:00,10,22,2011,00,241.38
10.22.2011-03:00:00,10,22,2011,03,249.52
10.22.2011-06:00:00,10,22,2011,06,254.2
10.22.2011-09:00:00,10,22,2011,09,246.1
10.22.2011-12:00:00,10,22,2011,12,242.53
10.22.2011-15:00:00,10,22,2011,15,248.04
10.22.2011-18:00:00,10,22,2011,18,250.9
10.22.2011-21:00:00,10,22,2011,21,255.29
10.23.2011-00:00:00,10,23,2011,00,294.3
10.23.2011-03:00:00,10,23,2011,03,307.24
10.23.2011-06:00:00,10,23,2011,06,312.89
10.23.2011-09:00:00,10,23,2011,09,305.29
10.23.2011-12:00:00,10,23,2011,12,307.61
10.23.2011-15:00:00,10,23,2011,15,311.36
10.23.2011-18:00:00,10,23,2011,18,314.94
10.23.2011-21:00:00,10,23,2011,21,324.88
10.24.2011-00:00:00,10,24,2011,00,279.48
10.24.2011-03:00:00,10,24,2011,03,263.72
10.24.2011-06:00:00,10,24,2011,06,256.71
10.24.2011-09:00:00,10,24,2011,09,235.19
10.24.2011-12:00:00,10,24,2011,12,226.63
10.24.2011-15:00:00,10,24,2011,15,240.03
10.24.2011-18:00:00,10,24,2011,18,249.38
10.24.2011-21:00:00,10,24,2011,21,249.96
10.25.2011-00:00:00,10,25,2011,00,249.46
10.25.2011-03:00:00,10,25,2011,03,248.96
10.25.2011-06:00:00,10,25,2011,06,248.11
10.25.2011-09:00:00,10,25,2011,09,231.29
10.25.2011-12:00:00,10,25,2011,12,224.04
10.25.2011-15:00:00,10,25,2011,15,233.66
10.25.2011-18:00:00,10,25,2011,18,240.32
10.25.2011-21:00:00,10,25,2011,21,240.46
10.26.2011-00:00:00,10,26,2011,00,239.81
10.26.2011-03:00:00,10,26,2011,03,238.89
10.26.2011-06:00:00,10,26,2011,06,237.88
10.26.2011-09:00:00,10,26,2011,09,217.64
10.26.2011-12:00:00,10,26,2011,12,208.47
10.26.2011-15:00:00,10,26,2011,15,221.65
10.26.2011-18:00:00,10,26,2011,18,229.4
10.26.2011-21:00:00,10,26,2011,21,229.48
10.27.2011-00:00:00,10,27,2011,00,228.78
10.27.2011-03:00:00,10,27,2011,03,227.79
10.27.2011-06:00:00,10,27,2011,06,226.72
10.27.2011-09:00:00,10,27,2011,09,213.47
10.27.2011-12:00:00,10,27,2011,12,206.87
10.27.2011-15:00:00,10,27,2011,15,214.88
10.27.2011-18:00:00,10,27,2011,18,219.64
10.27.2011-21:00:00,10,27,2011,21,219.59
10.28.2011-00:00:00,10,28,2011,00,218.6
10.28.2011-03:00:00,10,28,2011,03,217.51
10.28.2011-06:00:00,10,28,2011,06,216.42
10.28.2011-09:00:00,10,28,2011,09,196.75
10.28.2011-12:00:00,10,28,2011,12,188.07
10.28.2011-15:00:00,10,28,2011,15,200.8
10.28.2011-18:00:00,10,28,2011,18,208.27
10.28.2011-21:00:00,10,28,2011,21,208.37
10.29.2011-00:00:00,10,29,2011,00,256.84
10.29.2011-03:00:00,10,29,2011,03,232.99
10.29.2011-06:00:00,10,29,2011,06,221.42
10.29.2011-09:00:00,10,29,2011,09,322.25
10.29.2011-12:00:00,10,29,2011,12,395.99
10.29.2011-15:00:00,10,29,2011,15,432.03
10.29.2011-18:00:00,10,29,2011,18,439.08
10.29.2011-21:00:00,10,29,2011,21,438.58
10.30.2011-00:00:00,10,30,2011,00,274.51
10.30.2011-03:00:00,10,30,2011,03,243.6
10.30.2011-06:00:00,10,30,2011,06,240.94
10.30.2011-09:00:00,10,30,2011,09,236.18
10.30.2011-12:00:00,10,30,2011,12,296.04
10.30.2011-15:00:00,10,30,2011,15,315.29
10.30.2011-18:00:00,10,30,2011,18,282.72
10.30.2011-21:00:00,10,30,2011,21,262.17
10.31.2011-00:00:00,10,31,2011,00,304.88
10.31.2011-03:00:00,10,31,2011,03,255.38
10.31.2011-06:00:00,10,31,2011,06,240.24
10.31.2011-09:00:00,10,31,2011,09,310.24
10.31.2011-12:00:00,10,31,2011,12,363.54
10.31.2011-15:00:00,10,31,2011,15,381.79
10.31.2011-18:00:00,10,31,2011,18,377.85
10.31.2011-21:00:00,10,31,2011,21,372.91
11.01.2011-00:00:00,11,01,2011,00,281.86
11.01.2011-03:00:00,11,01,2011,03,257.42
11.01.2011-06:00:00,11,01,2011,06,251.13
11.01.2011-09:00:00,11,01,2011,09,249.75
11.01.2011-12:00:00,11,01,2011,12,262.26
11.01.2011-15:00:00,11,01,2011,15,244.15
11.01.2011-18:00:00,11,01,2011,18,240.93
11.01.2011-21:00:00,11,01,2011,21,239.61
11.02.2011-00:00:00,11,02,2011,00,237.43
11.02.2011-03:00:00,11,02,2011,03,235.08
11.02.2011-06:00:00,11,02,2011,06,232.73
11.02.2011-09:00:00,11,02,2011,09,208.95
11.02.2011-12:00:00,11,02,2011,12,202.74
11.02.2011-15:00:00,11,02,2011,15,218.67
11.02.2011-18:00:00,11,02,2011,18,221.58
11.02.2011-21:00:00,11,02,2011,21,221.97
11.03.2011-00:00:00,11,03,2011,00,220.28
11.03.2011-03:00:00,11,03,2011,03,218.39
11.03.2011-06:00:00,11,03,2011,06,216.73
11.03.2011-09:00:00,11,03,2011,09,195.52
11.03.2011-12:00:00,11,03,2011,12,191.91
11.03.2011-15:00:00,11,03,2011,15,206.86
11.03.2011-18:00:00,11,03,2011,18,209.25
11.03.2011-21:00:00,11,03,2011,21,208.58
11.04.2011-00:00:00,11,04,2011,00,207.26
11.04.2011-03:00:00,11,04,2011,03,205.9
11.04.2011-06:00:00,11,04,2011,06,204.55
11.04.2011-09:00:00,11,04,2011,09,188.95
11.04.2011-12:00:00,11,04,2011,12,185.63
11.04.2011-15:00:00,11,04,2011,15,195.72
11.04.2011-18:00:00,11,04,2011,18,198.26
11.04.2011-21:00:00,11,04,2011,21,197.45
11.05.2011-00:00:00,11,05,2011,00,196.28
11.05.2011-03:00:00,11,05,2011,03,195.13
11.05.2011-06:00:00,11,05,2011,06,193.98
11.05.2011-09:00:00,11,05,2011,09,179.27
11.05.2011-12:00:00,11,05,2011,12,175.97
11.05.2011-15:00:00,11,05,2011,15,185.99
11.05.2011-18:00:00,11,05,2011,18,188.31
11.05.2011-21:00:00,11,05,2011,21,187.58
11.06.2011-00:00:00,11,06,2011,00,186.65
11.06.2011-03:00:00,11,06,2011,03,185.72
11.06.2011-06:00:00,11,06,2011,06,184.84
11.06.2011-09:00:00,11,06,2011,09,173.14
11.06.2011-12:00:00,11,06,2011,12,169.72
11.06.2011-15:00:00,11,06,2011,15,179.77
11.06.2011-18:00:00,11,06,2011,18,180.04
11.06.2011-21:00:00,11,06,2011,21,179.93
11.07.2011-00:00:00,11,07,2011,00,179.12
11.07.2011-03:00:00,11,07,2011,03,178.29
11.07.2011-06:00:00,11,07,2011,06,177.46
11.07.2011-09:00:00,11,07,2011,09,167.55
11.07.2011-12:00:00,11,07,2011,12,163.92
11.07.2011-15:00:00,11,07,2011,15,173.09
11.07.2011-18:00:00,11,07,2011,18,173.07
11.07.2011-21:00:00,11,07,2011,21,172.37
11.08.2011-00:00:00,11,08,2011,00,171.74
11.08.2011-03:00:00,11,08,2011,03,171.34
11.08.2011-06:00:00,11,08,2011,06,170.57
11.08.2011-09:00:00,11,08,2011,09,161.34
11.08.2011-12:00:00,11,08,2011,12,158.64
11.08.2011-15:00:00,11,08,2011,15,164.97
11.08.2011-18:00:00,11,08,2011,18,166.37
11.08.2011-21:00:00,11,08,2011,21,166.06
11.09.2011-00:00:00,11,09,2011,00,165.39
11.09.2011-03:00:00,11,09,2011,03,164.72
11.09.2011-06:00:00,11,09,2011,06,164.04
11.09.2011-09:00:00,11,09,2011,09,150.96
11.09.2011-12:00:00,11,09,2011,12,148.56
11.09.2011-15:00:00,11,09,2011,15,155.65
11.09.2011-18:00:00,11,09,2011,18,157.31
11.09.2011-21:00:00,11,09,2011,21,157.51
11.10.2011-00:00:00,11,10,2011,00,158.29
11.10.2011-03:00:00,11,10,2011,03,158.42
11.10.2011-06:00:00,11,10,2011,06,157.82
11.10.2011-09:00:00,11,10,2011,09,174.53
11.10.2011-12:00:00,11,10,2011,12,173.05
11.10.2011-15:00:00,11,10,2011,15,157.39
11.10.2011-18:00:00,11,10,2011,18,155.89
11.10.2011-21:00:00,11,10,2011,21,155.32
11.11.2011-00:00:00,11,11,2011,00,158.36
11.11.2011-03:00:00,11,11,2011,03,155.09
11.11.2011-06:00:00,11,11,2011,06,153.62
11.11.2011-09:00:00,11,11,2011,09,146.03
11.11.2011-12:00:00,11,11,2011,12,141.74
11.11.2011-15:00:00,11,11,2011,15,148.46
11.11.2011-18:00:00,11,11,2011,18,149.81
11.11.2011-21:00:00,11,11,2011,21,149.8
11.12.2011-00:00:00,11,12,2011,00,149.45
11.12.2011-03:00:00,11,12,2011,03,149.05
11.12.2011-06:00:00,11,12,2011,06,148.6
11.12.2011-09:00:00,11,12,2011,09,196.42
11.12.2011-12:00:00,11,12,2011,12,245.55
11.12.2011-15:00:00,11,12,2011,15,169.28
11.12.2011-18:00:00,11,12,2011,18,156.45
11.12.2011-21:00:00,11,12,2011,21,151.8
11.13.2011-00:00:00,11,13,2011,00,149.5
11.13.2011-03:00:00,11,13,2011,03,148.85
11.13.2011-06:00:00,11,13,2011,06,148.25
11.13.2011-09:00:00,11,13,2011,09,147.64
11.13.2011-12:00:00,11,13,2011,12,147.04
11.13.2011-15:00:00,11,13,2011,15,146.46
11.13.2011-18:00:00,11,13,2011,18,145.88
11.13.2011-21:00:00,11,13,2011,21,145.29
11.14.2011-00:00:00,11,14,2011,00,144.79
11.14.2011-03:00:00,11,14,2011,03,157.99
11.14.2011-06:00:00,11,14,2011,06,182.12
11.14.2011-09:00:00,11,14,2011,09,229.8
11.14.2011-12:00:00,11,14,2011,12,270.86
11.14.2011-15:00:00,11,14,2011,15,274
11.14.2011-18:00:00,11,14,2011,18,236.06
11.14.2011-21:00:00,11,14,2011,21,179.49
11.15.2011-00:00:00,11,15,2011,00,157.91
11.15.2011-03:00:00,11,15,2011,03,155.39
11.15.2011-06:00:00,11,15,2011,06,154.48
11.15.2011-09:00:00,11,15,2011,09,153.61
11.15.2011-12:00:00,11,15,2011,12,152.76
11.15.2011-15:00:00,11,15,2011,15,151.9
11.15.2011-18:00:00,11,15,2011,18,151.09
11.15.2011-21:00:00,11,15,2011,21,150.27
11.16.2011-00:00:00,11,16,2011,00,149.53
11.16.2011-03:00:00,11,16,2011,03,148.83
11.16.2011-06:00:00,11,16,2011,06,148.17
11.16.2011-09:00:00,11,16,2011,09,147.51
11.16.2011-12:00:00,11,16,2011,12,144.12
11.16.2011-15:00:00,11,16,2011,15,145.95
11.16.2011-18:00:00,11,16,2011,18,145.35
11.16.2011-21:00:00,11,16,2011,21,144.69
11.17.2011-00:00:00,11,17,2011,00,144.04
11.17.2011-03:00:00,11,17,2011,03,143.38
11.17.2011-06:00:00,11,17,2011,06,142.72
11.17.2011-09:00:00,11,17,2011,09,142.06
11.17.2011-12:00:00,11,17,2011,12,141.41
11.17.2011-15:00:00,11,17,2011,15,140.75
11.17.2011-18:00:00,11,17,2011,18,140.09
11.17.2011-21:00:00,11,17,2011,21,139.43
11.18.2011-00:00:00,11,18,2011,00,138.78
11.18.2011-03:00:00,11,18,2011,03,138.12
11.18.2011-06:00:00,11,18,2011,06,137.46
11.18.2011-09:00:00,11,18,2011,09,136.96
11.18.2011-12:00:00,11,18,2011,12,139.21
11.18.2011-15:00:00,11,18,2011,15,138.95
11.18.2011-18:00:00,11,18,2011,18,135.31
11.18.2011-21:00:00,11,18,2011,21,134.59
11.19.2011-00:00:00,11,19,2011,00,133.93
11.19.2011-03:00:00,11,19,2011,03,133.28
11.19.2011-06:00:00,11,19,2011,06,132.63
11.19.2011-09:00:00,11,19,2011,09,131
11.19.2011-12:00:00,11,19,2011,12,127.85
11.19.2011-15:00:00,11,19,2011,15,130.4
11.19.2011-18:00:00,11,19,2011,18,129.83
11.19.2011-21:00:00,11,19,2011,21,129.19
11.20.2011-00:00:00,11,20,2011,00,128.54
11.20.2011-03:00:00,11,20,2011,03,127.9
11.20.2011-06:00:00,11,20,2011,06,127.26
11.20.2011-09:00:00,11,20,2011,09,126.63
11.20.2011-12:00:00,11,20,2011,12,125.99
11.20.2011-15:00:00,11,20,2011,15,125.36
11.20.2011-18:00:00,11,20,2011,18,124.73
11.20.2011-21:00:00,11,20,2011,21,124.11
11.21.2011-00:00:00,11,21,2011,00,123.48
11.21.2011-03:00:00,11,21,2011,03,122.86
11.21.2011-06:00:00,11,21,2011,06,122.24
11.21.2011-09:00:00,11,21,2011,09,121.62
11.21.2011-12:00:00,11,21,2011,12,121
11.21.2011-15:00:00,11,21,2011,15,120.38
11.21.2011-18:00:00,11,21,2011,18,119.76
11.21.2011-21:00:00,11,21,2011,21,119.15
11.22.2011-00:00:00,11,22,2011,00,118.53
11.22.2011-03:00:00,11,22,2011,03,117.92
11.22.2011-06:00:00,11,22,2011,06,117.3
11.22.2011-09:00:00,11,22,2011,09,116.69
11.22.2011-12:00:00,11,22,2011,12,116.1
11.22.2011-15:00:00,11,22,2011,15,115.54
11.22.2011-18:00:00,11,22,2011,18,114.97
11.22.2011-21:00:00,11,22,2011,21,114.41
11.23.2011-00:00:00,11,23,2011,00,113.85
11.23.2011-03:00:00,11,23,2011,03,113.28
11.23.2011-06:00:00,11,23,2011,06,112.71
11.23.2011-09:00:00,11,23,2011,09,145.19
11.23.2011-12:00:00,11,23,2011,12,194.42
11.23.2011-15:00:00,11,23,2011,15,184.03
11.23.2011-18:00:00,11,23,2011,18,181.56
11.23.2011-21:00:00,11,23,2011,21,185.57
11.24.2011-00:00:00,11,24,2011,00,215.59
11.24.2011-03:00:00,11,24,2011,03,220.43
11.24.2011-06:00:00,11,24,2011,06,164.78
11.24.2011-09:00:00,11,24,2011,09,331.71
11.24.2011-12:00:00,11,24,2011,12,407.36
11.24.2011-15:00:00,11,24,2011,15,312.48
11.24.2011-18:00:00,11,24,2011,18,212.7
11.24.2011-21:00:00,11,24,2011,21,187.1
11.25.2011-00:00:00,11,25,2011,00,157.86
11.25.2011-03:00:00,11,25,2011,03,155.4
11.25.2011-06:00:00,11,25,2011,06,159.19
11.25.2011-09:00:00,11,25,2011,09,160.51
11.25.2011-12:00:00,11,25,2011,12,150.46
11.25.2011-15:00:00,11,25,2011,15,145.77
11.25.2011-18:00:00,11,25,2011,18,143.97
11.25.2011-21:00:00,11,25,2011,21,142.43
11.26.2011-00:00:00,11,26,2011,00,141.15
11.26.2011-03:00:00,11,26,2011,03,139.89
11.26.2011-06:00:00,11,26,2011,06,138.66
11.26.2011-09:00:00,11,26,2011,09,137.2
11.26.2011-12:00:00,11,26,2011,12,136.24
11.26.2011-15:00:00,11,26,2011,15,135.07
11.26.2011-18:00:00,11,26,2011,18,133.93
11.26.2011-21:00:00,11,26,2011,21,132.79
11.27.2011-00:00:00,11,27,2011,00,131.68
11.27.2011-03:00:00,11,27,2011,03,130.58
11.27.2011-06:00:00,11,27,2011,06,129.5
11.27.2011-09:00:00,11,27,2011,09,128.43
11.27.2011-12:00:00,11,27,2011,12,127.37
11.27.2011-15:00:00,11,27,2011,15,126.35
11.27.2011-18:00:00,11,27,2011,18,125.33
11.27.2011-21:00:00,11,27,2011,21,124.32
11.28.2011-00:00:00,11,28,2011,00,123.33
11.28.2011-03:00:00,11,28,2011,03,122.35
11.28.2011-06:00:00,11,28,2011,06,121.46
11.28.2011-09:00:00,11,28,2011,09,120.57
11.28.2011-12:00:00,11,28,2011,12,135.8
11.28.2011-15:00:00,11,28,2011,15,149.66
11.28.2011-18:00:00,11,28,2011,18,176.29
11.28.2011-21:00:00,11,28,2011,21,144.45
11.29.2011-00:00:00,11,29,2011,00,120.88
11.29.2011-03:00:00,11,29,2011,03,119.41
11.29.2011-06:00:00,11,29,2011,06,118.44
11.29.2011-09:00:00,11,29,2011,09,116.25
11.29.2011-12:00:00,11,29,2011,12,113.53
11.29.2011-15:00:00,11,29,2011,15,115.49
11.29.2011-18:00:00,11,29,2011,18,114.83
11.29.2011-21:00:00,11,29,2011,21,114.09
11.30.2011-00:00:00,11,30,2011,00,113.35
11.30.2011-03:00:00,11,30,2011,03,112.62
11.30.2011-06:00:00,11,30,2011,06,111.88
11.30.2011-09:00:00,11,30,2011,09,110.74
11.30.2011-12:00:00,11,30,2011,12,109.55
11.30.2011-15:00:00,11,30,2011,15,109.63
11.30.2011-18:00:00,11,30,2011,18,108.93
11.30.2011-21:00:00,11,30,2011,21,108.21
12.01.2011-00:00:00,12,01,2011,00,107.49
12.01.2011-03:00:00,12,01,2011,03,106.78
12.01.2011-06:00:00,12,01,2011,06,106.12
12.01.2011-09:00:00,12,01,2011,09,103.48
12.01.2011-12:00:00,12,01,2011,12,101.81
12.01.2011-15:00:00,12,01,2011,15,104.02
12.01.2011-18:00:00,12,01,2011,18,103.48
12.01.2011-21:00:00,12,01,2011,21,102.88
12.02.2011-00:00:00,12,02,2011,00,102.27
12.02.2011-03:00:00,12,02,2011,03,101.66
12.02.2011-06:00:00,12,02,2011,06,101.05
12.02.2011-09:00:00,12,02,2011,09,98.92
12.02.2011-12:00:00,12,02,2011,12,97.132
12.02.2011-15:00:00,12,02,2011,15,99
12.02.2011-18:00:00,12,02,2011,18,98.448
12.02.2011-21:00:00,12,02,2011,21,97.838
12.03.2011-00:00:00,12,03,2011,00,97.227
12.03.2011-03:00:00,12,03,2011,03,96.617
12.03.2011-06:00:00,12,03,2011,06,96.006
12.03.2011-09:00:00,12,03,2011,09,93.842
12.03.2011-12:00:00,12,03,2011,12,92.52
12.03.2011-15:00:00,12,03,2011,15,93.599
12.03.2011-18:00:00,12,03,2011,18,93.416
12.03.2011-21:00:00,12,03,2011,21,92.821
12.04.2011-00:00:00,12,04,2011,00,92.218
12.04.2011-03:00:00,12,04,2011,03,91.615
12.04.2011-06:00:00,12,04,2011,06,91.014
12.04.2011-09:00:00,12,04,2011,09,89.228
12.04.2011-12:00:00,12,04,2011,12,88.083
12.04.2011-15:00:00,12,04,2011,15,89.051
12.04.2011-18:00:00,12,04,2011,18,88.635
12.04.2011-21:00:00,12,04,2011,21,88.198
12.05.2011-00:00:00,12,05,2011,00,87.758
12.05.2011-03:00:00,12,05,2011,03,87.314
12.05.2011-06:00:00,12,05,2011,06,86.866
12.05.2011-09:00:00,12,05,2011,09,85.447
12.05.2011-12:00:00,12,05,2011,12,84.724
12.05.2011-15:00:00,12,05,2011,15,84.954
12.05.2011-18:00:00,12,05,2011,18,84.831
12.05.2011-21:00:00,12,05,2011,21,84.382
12.06.2011-00:00:00,12,06,2011,00,83.923
12.06.2011-03:00:00,12,06,2011,03,83.463
12.06.2011-06:00:00,12,06,2011,06,83
12.06.2011-09:00:00,12,06,2011,09,82.118
12.06.2011-12:00:00,12,06,2011,12,81.598
12.06.2011-15:00:00,12,06,2011,15,81.24
12.06.2011-18:00:00,12,06,2011,18,80.882
12.06.2011-21:00:00,12,06,2011,21,80.518
12.07.2011-00:00:00,12,07,2011,00,80.15
12.07.2011-03:00:00,12,07,2011,03,79.777
12.07.2011-06:00:00,12,07,2011,06,79.4
12.07.2011-09:00:00,12,07,2011,09,78.817
12.07.2011-12:00:00,12,07,2011,12,78.219
12.07.2011-15:00:00,12,07,2011,15,77.84
12.07.2011-18:00:00,12,07,2011,18,77.463
12.07.2011-21:00:00,12,07,2011,21,77.082
12.08.2011-00:00:00,12,08,2011,00,76.699
12.08.2011-03:00:00,12,08,2011,03,76.312
12.08.2011-06:00:00,12,08,2011,06,75.923
12.08.2011-09:00:00,12,08,2011,09,75.405
12.08.2011-12:00:00,12,08,2011,12,74.872
12.08.2011-15:00:00,12,08,2011,15,74.482
12.08.2011-18:00:00,12,08,2011,18,74.093
12.08.2011-21:00:00,12,08,2011,21,73.702
12.09.2011-00:00:00,12,09,2011,00,73.309
12.09.2011-03:00:00,12,09,2011,03,72.914
12.09.2011-06:00:00,12,09,2011,06,72.518
12.09.2011-09:00:00,12,09,2011,09,72.12
12.09.2011-12:00:00,12,09,2011,12,71.618
12.09.2011-15:00:00,12,09,2011,15,71.22
12.09.2011-18:00:00,12,09,2011,18,70.823
12.09.2011-21:00:00,12,09,2011,21,70.425
12.10.2011-00:00:00,12,10,2011,00,70.027
12.10.2011-03:00:00,12,10,2011,03,69.628
12.10.2011-06:00:00,12,10,2011,06,69.229
12.10.2011-09:00:00,12,10,2011,09,68.819
12.10.2011-12:00:00,12,10,2011,12,68.312
12.10.2011-15:00:00,12,10,2011,15,67.913
12.10.2011-18:00:00,12,10,2011,18,67.517
12.10.2011-21:00:00,12,10,2011,21,67.122
12.11.2011-00:00:00,12,11,2011,00,66.726
12.11.2011-03:00:00,12,11,2011,03,66.331
12.11.2011-06:00:00,12,11,2011,06,65.936
12.11.2011-09:00:00,12,11,2011,09,65.541
12.11.2011-12:00:00,12,11,2011,12,65.147
12.11.2011-15:00:00,12,11,2011,15,64.754
12.11.2011-18:00:00,12,11,2011,18,64.361
12.11.2011-21:00:00,12,11,2011,21,63.97
12.12.2011-00:00:00,12,12,2011,00,63.579
12.12.2011-03:00:00,12,12,2011,03,63.189
12.12.2011-06:00:00,12,12,2011,06,62.8
12.12.2011-09:00:00,12,12,2011,09,62.412
12.12.2011-12:00:00,12,12,2011,12,62.025
12.12.2011-15:00:00,12,12,2011,15,61.639
12.12.2011-18:00:00,12,12,2011,18,61.255
12.12.2011-21:00:00,12,12,2011,21,60.872
12.13.2011-00:00:00,12,13,2011,00,60.49
12.13.2011-03:00:00,12,13,2011,03,60.11
12.13.2011-06:00:00,12,13,2011,06,59.731
12.13.2011-09:00:00,12,13,2011,09,59.353
12.13.2011-12:00:00,12,13,2011,12,58.977
12.13.2011-15:00:00,12,13,2011,15,58.603
12.13.2011-18:00:00,12,13,2011,18,58.23
12.13.2011-21:00:00,12,13,2011,21,57.859
12.14.2011-00:00:00,12,14,2011,00,57.49
12.14.2011-03:00:00,12,14,2011,03,57.122
12.14.2011-06:00:00,12,14,2011,06,56.756
12.14.2011-09:00:00,12,14,2011,09,56.392
12.14.2011-12:00:00,12,14,2011,12,56.029
12.14.2011-15:00:00,12,14,2011,15,55.668
12.14.2011-18:00:00,12,14,2011,18,55.31
12.14.2011-21:00:00,12,14,2011,21,54.953
12.15.2011-00:00:00,12,15,2011,00,54.598
12.15.2011-03:00:00,12,15,2011,03,54.244
12.15.2011-06:00:00,12,15,2011,06,53.893
12.15.2011-09:00:00,12,15,2011,09,53.544
12.15.2011-12:00:00,12,15,2011,12,53.196
12.15.2011-15:00:00,12,15,2011,15,52.851
12.15.2011-18:00:00,12,15,2011,18,52.507
12.15.2011-21:00:00,12,15,2011,21,52.165
12.16.2011-00:00:00,12,16,2011,00,51.826
12.16.2011-03:00:00,12,16,2011,03,51.488
12.16.2011-06:00:00,12,16,2011,06,51.153
12.16.2011-09:00:00,12,16,2011,09,50.82
12.16.2011-12:00:00,12,16,2011,12,50.489
12.16.2011-15:00:00,12,16,2011,15,50.16
12.16.2011-18:00:00,12,16,2011,18,49.834
12.16.2011-21:00:00,12,16,2011,21,49.51
12.17.2011-00:00:00,12,17,2011,00,49.188
12.17.2011-03:00:00,12,17,2011,03,48.868
12.17.2011-06:00:00,12,17,2011,06,48.551
12.17.2011-09:00:00,12,17,2011,09,48.235
12.17.2011-12:00:00,12,17,2011,12,47.917
12.17.2011-15:00:00,12,17,2011,15,47.607
12.17.2011-18:00:00,12,17,2011,18,47.298
12.17.2011-21:00:00,12,17,2011,21,46.992
12.18.2011-00:00:00,12,18,2011,00,46.688
12.18.2011-03:00:00,12,18,2011,03,46.386
12.18.2011-06:00:00,12,18,2011,06,46.086
12.18.2011-09:00:00,12,18,2011,09,45.788
12.18.2011-12:00:00,12,18,2011,12,45.493
12.18.2011-15:00:00,12,18,2011,15,45.199
12.18.2011-18:00:00,12,18,2011,18,44.908
12.18.2011-21:00:00,12,18,2011,21,44.619
12.19.2011-00:00:00,12,19,2011,00,44.331
12.19.2011-03:00:00,12,19,2011,03,44.046
12.19.2011-06:00:00,12,19,2011,06,43.763
12.19.2011-09:00:00,12,19,2011,09,43.439
12.19.2011-12:00:00,12,19,2011,12,43.107
12.19.2011-15:00:00,12,19,2011,15,42.832
12.19.2011-18:00:00,12,19,2011,18,42.559
12.19.2011-21:00:00,12,19,2011,21,42.288
12.20.2011-00:00:00,12,20,2011,00,42.019
12.20.2011-03:00:00,12,20,2011,03,41.752
12.20.2011-06:00:00,12,20,2011,06,41.487
12.20.2011-09:00:00,12,20,2011,09,41.186
12.20.2011-12:00:00,12,20,2011,12,40.884
12.20.2011-15:00:00,12,20,2011,15,40.625
12.20.2011-18:00:00,12,20,2011,18,40.37
12.20.2011-21:00:00,12,20,2011,21,40.116
12.21.2011-00:00:00,12,21,2011,00,39.864
12.21.2011-03:00:00,12,21,2011,03,39.613
12.21.2011-06:00:00,12,21,2011,06,39.364
12.21.2011-09:00:00,12,21,2011,09,39.078
12.21.2011-12:00:00,12,21,2011,12,38.803
12.21.2011-15:00:00,12,21,2011,15,38.566
12.21.2011-18:00:00,12,21,2011,18,38.33
12.21.2011-21:00:00,12,21,2011,21,38.096
12.22.2011-00:00:00,12,22,2011,00,37.866
12.22.2011-03:00:00,12,22,2011,03,37.64
12.22.2011-06:00:00,12,22,2011,06,37.416
12.22.2011-09:00:00,12,22,2011,09,37.185
12.22.2011-12:00:00,12,22,2011,12,36.938
12.22.2011-15:00:00,12,22,2011,15,36.718
12.22.2011-18:00:00,12,22,2011,18,36.5
12.22.2011-21:00:00,12,22,2011,21,36.284
12.23.2011-00:00:00,12,23,2011,00,36.068
12.23.2011-03:00:00,12,23,2011,03,35.855
12.23.2011-06:00:00,12,23,2011,06,35.642
12.23.2011-09:00:00,12,23,2011,09,35.431
12.23.2011-12:00:00,12,23,2011,12,35.222
12.23.2011-15:00:00,12,23,2011,15,35.014
12.23.2011-18:00:00,12,23,2011,18,34.807
12.23.2011-21:00:00,12,23,2011,21,34.601
12.24.2011-00:00:00,12,24,2011,00,34.397
12.24.2011-03:00:00,12,24,2011,03,34.194
12.24.2011-06:00:00,12,24,2011,06,33.993
12.24.2011-09:00:00,12,24,2011,09,33.793
12.24.2011-12:00:00,12,24,2011,12,33.594
12.24.2011-15:00:00,12,24,2011,15,33.397
12.24.2011-18:00:00,12,24,2011,18,33.201
12.24.2011-21:00:00,12,24,2011,21,33.006
12.25.2011-00:00:00,12,25,2011,00,32.812
12.25.2011-03:00:00,12,25,2011,03,32.62
12.25.2011-06:00:00,12,25,2011,06,32.429
12.25.2011-09:00:00,12,25,2011,09,32.24
12.25.2011-12:00:00,12,25,2011,12,32.052
12.25.2011-15:00:00,12,25,2011,15,31.865
12.25.2011-18:00:00,12,25,2011,18,31.679
12.25.2011-21:00:00,12,25,2011,21,31.495
12.26.2011-00:00:00,12,26,2011,00,31.312
12.26.2011-03:00:00,12,26,2011,03,31.13
12.26.2011-06:00:00,12,26,2011,06,30.949
12.26.2011-09:00:00,12,26,2011,09,30.77
12.26.2011-12:00:00,12,26,2011,12,30.592
12.26.2011-15:00:00,12,26,2011,15,30.415
12.26.2011-18:00:00,12,26,2011,18,30.239
12.26.2011-21:00:00,12,26,2011,21,30.065
12.27.2011-00:00:00,12,27,2011,00,29.891
12.27.2011-03:00:00,12,27,2011,03,29.719
12.27.2011-06:00:00,12,27,2011,06,29.549
12.27.2011-09:00:00,12,27,2011,09,29.379
12.27.2011-12:00:00,12,27,2011,12,29.209
12.27.2011-15:00:00,12,27,2011,15,29.042
12.27.2011-18:00:00,12,27,2011,18,28.876
12.27.2011-21:00:00,12,27,2011,21,28.711
12.28.2011-00:00:00,12,28,2011,00,28.547
12.28.2011-03:00:00,12,28,2011,03,28.384
12.28.2011-06:00:00,12,28,2011,06,28.223
12.28.2011-09:00:00,12,28,2011,09,28.063
12.28.2011-12:00:00,12,28,2011,12,27.904
12.28.2011-15:00:00,12,28,2011,15,27.746
12.28.2011-18:00:00,12,28,2011,18,27.589
12.28.2011-21:00:00,12,28,2011,21,27.494
12.29.2011-00:00:00,12,29,2011,00,27.512
12.29.2011-03:00:00,12,29,2011,03,27.902
12.29.2011-06:00:00,12,29,2011,06,29.432
12.29.2011-09:00:00,12,29,2011,09,32.685
12.29.2011-12:00:00,12,29,2011,12,36.658
12.29.2011-15:00:00,12,29,2011,15,40.353
12.29.2011-18:00:00,12,29,2011,18,43.94
12.29.2011-21:00:00,12,29,2011,21,47.436
12.30.2011-00:00:00,12,30,2011,00,49.547
12.30.2011-03:00:00,12,30,2011,03,51.686
12.30.2011-06:00:00,12,30,2011,06,53.888
12.30.2011-09:00:00,12,30,2011,09,59.016
12.30.2011-12:00:00,12,30,2011,12,65.012
12.30.2011-15:00:00,12,30,2011,15,71.759
12.30.2011-18:00:00,12,30,2011,18,77.965
12.30.2011-21:00:00,12,30,2011,21,93.961
12.31.2011-00:00:00,12,31,2011,00,92.797
12.31.2011-03:00:00,12,31,2011,03,86.503
12.31.2011-06:00:00,12,31,2011,06,90.368
12.31.2011-09:00:00,12,31,2011,09,102.44
12.31.2011-12:00:00,12,31,2011,12,134.86
12.31.2011-15:00:00,12,31,2011,15,96.03
12.31.2011-18:00:00,12,31,2011,18,94.512
12.31.2011-21:00:00,12,31,2011,21,89.596
01.01.2012-00:00:00,01,01,2012,00,84.054
01.01.2012-03:00:00,01,01,2012,03,83.469
01.01.2012-06:00:00,01,01,2012,06,83.094
01.01.2012-09:00:00,01,01,2012,09,82.721
01.01.2012-12:00:00,01,01,2012,12,82.277
01.01.2012-15:00:00,01,01,2012,15,81.903
01.01.2012-18:00:00,01,01,2012,18,81.53
01.01.2012-21:00:00,01,01,2012,21,81.156
01.02.2012-00:00:00,01,02,2012,00,80.782
01.02.2012-03:00:00,01,02,2012,03,80.406
01.02.2012-06:00:00,01,02,2012,06,80.03
01.02.2012-09:00:00,01,02,2012,09,79.652
01.02.2012-12:00:00,01,02,2012,12,79.271
01.02.2012-15:00:00,01,02,2012,15,78.893
01.02.2012-18:00:00,01,02,2012,18,78.516
01.02.2012-21:00:00,01,02,2012,21,78.138
01.03.2012-00:00:00,01,03,2012,00,77.76
01.03.2012-03:00:00,01,03,2012,03,77.382
01.03.2012-06:00:00,01,03,2012,06,77.005
01.03.2012-09:00:00,01,03,2012,09,76.627
01.03.2012-12:00:00,01,03,2012,12,76.249
01.03.2012-15:00:00,01,03,2012,15,75.872
01.03.2012-18:00:00,01,03,2012,18,75.495
01.03.2012-21:00:00,01,03,2012,21,75.119
01.04.2012-00:00:00,01,04,2012,00,74.743
01.04.2012-03:00:00,01,04,2012,03,74.367
01.04.2012-06:00:00,01,04,2012,06,73.993
01.04.2012-09:00:00,01,04,2012,09,73.618
01.04.2012-12:00:00,01,04,2012,12,73.243
01.04.2012-15:00:00,01,04,2012,15,72.87
01.04.2012-18:00:00,01,04,2012,18,72.499
01.04.2012-21:00:00,01,04,2012,21,72.128
01.05.2012-00:00:00,01,05,2012,00,71.758
01.05.2012-03:00:00,01,05,2012,03,71.389
01.05.2012-06:00:00,01,05,2012,06,71.021
01.05.2012-09:00:00,01,05,2012,09,70.654
01.05.2012-12:00:00,01,05,2012,12,70.288
01.05.2012-15:00:00,01,05,2012,15,69.923
01.05.2012-18:00:00,01,05,2012,18,69.559
01.05.2012-21:00:00,01,05,2012,21,69.581
01.06.2012-00:00:00,01,06,2012,00,69.219
01.06.2012-03:00:00,01,06,2012,03,68.85
01.06.2012-06:00:00,01,06,2012,06,68.482
01.06.2012-09:00:00,01,06,2012,09,68.1
01.06.2012-12:00:00,01,06,2012,12,67.693
01.06.2012-15:00:00,01,06,2012,15,67.337
01.06.2012-18:00:00,01,06,2012,18,67.013
01.06.2012-21:00:00,01,06,2012,21,66.655
01.07.2012-00:00:00,01,07,2012,00,66.297
01.07.2012-03:00:00,01,07,2012,03,65.941
01.07.2012-06:00:00,01,07,2012,06,65.587
01.07.2012-09:00:00,01,07,2012,09,65.149
01.07.2012-12:00:00,01,07,2012,12,64.711
01.07.2012-15:00:00,01,07,2012,15,64.364
01.07.2012-18:00:00,01,07,2012,18,64.021
01.07.2012-21:00:00,01,07,2012,21,63.679
01.08.2012-00:00:00,01,08,2012,00,63.338
01.08.2012-03:00:00,01,08,2012,03,62.998
01.08.2012-06:00:00,01,08,2012,06,62.66
01.08.2012-09:00:00,01,08,2012,09,62.323
01.08.2012-12:00:00,01,08,2012,12,61.959
01.08.2012-15:00:00,01,08,2012,15,61.625
01.08.2012-18:00:00,01,08,2012,18,61.292
01.08.2012-21:00:00,01,08,2012,21,60.961
01.09.2012-00:00:00,01,09,2012,00,60.632
01.09.2012-03:00:00,01,09,2012,03,60.303
01.09.2012-06:00:00,01,09,2012,06,59.976
01.09.2012-09:00:00,01,09,2012,09,59.644
01.09.2012-12:00:00,01,09,2012,12,59.312
01.09.2012-15:00:00,01,09,2012,15,58.989
01.09.2012-18:00:00,01,09,2012,18,58.668
01.09.2012-21:00:00,01,09,2012,21,58.347
01.10.2012-00:00:00,01,10,2012,00,58.028
01.10.2012-03:00:00,01,10,2012,03,57.711
01.10.2012-06:00:00,01,10,2012,06,57.394
01.10.2012-09:00:00,01,10,2012,09,56.974
01.10.2012-12:00:00,01,10,2012,12,56.582
01.10.2012-15:00:00,01,10,2012,15,56.273
01.10.2012-18:00:00,01,10,2012,18,55.967
01.10.2012-21:00:00,01,10,2012,21,55.662
01.11.2012-00:00:00,01,11,2012,00,55.359
01.11.2012-03:00:00,01,11,2012,03,55.056
01.11.2012-06:00:00,01,11,2012,06,54.755
01.11.2012-09:00:00,01,11,2012,09,54.392
01.11.2012-12:00:00,01,11,2012,12,54.028
01.11.2012-15:00:00,01,11,2012,15,53.733
01.11.2012-18:00:00,01,11,2012,18,53.439
01.11.2012-21:00:00,01,11,2012,21,53.147
01.12.2012-00:00:00,01,12,2012,00,52.856
01.12.2012-03:00:00,01,12,2012,03,52.566
01.12.2012-06:00:00,01,12,2012,06,52.277
01.12.2012-09:00:00,01,12,2012,09,51.989
01.12.2012-12:00:00,01,12,2012,12,51.702
01.12.2012-15:00:00,01,12,2012,15,51.417
01.12.2012-18:00:00,01,12,2012,18,51.132
01.12.2012-21:00:00,01,12,2012,21,50.848
01.13.2012-00:00:00,01,13,2012,00,50.566
01.13.2012-03:00:00,01,13,2012,03,50.285
01.13.2012-06:00:00,01,13,2012,06,50.005
01.13.2012-09:00:00,01,13,2012,09,49.726
01.13.2012-12:00:00,01,13,2012,12,49.448
01.13.2012-15:00:00,01,13,2012,15,49.171
01.13.2012-18:00:00,01,13,2012,18,48.896
01.13.2012-21:00:00,01,13,2012,21,48.622
01.14.2012-00:00:00,01,14,2012,00,48.349
01.14.2012-03:00:00,01,14,2012,03,48.077
01.14.2012-06:00:00,01,14,2012,06,47.806
01.14.2012-09:00:00,01,14,2012,09,47.536
01.14.2012-12:00:00,01,14,2012,12,47.268
01.14.2012-15:00:00,01,14,2012,15,47.001
01.14.2012-18:00:00,01,14,2012,18,46.735
01.14.2012-21:00:00,01,14,2012,21,46.47
01.15.2012-00:00:00,01,15,2012,00,46.207
01.15.2012-03:00:00,01,15,2012,03,45.946
01.15.2012-06:00:00,01,15,2012,06,45.689
01.15.2012-09:00:00,01,15,2012,09,45.433
01.15.2012-12:00:00,01,15,2012,12,45.178
01.15.2012-15:00:00,01,15,2012,15,44.925
01.15.2012-18:00:00,01,15,2012,18,44.672
01.15.2012-21:00:00,01,15,2012,21,44.421
01.16.2012-00:00:00,01,16,2012,00,44.171
01.16.2012-03:00:00,01,16,2012,03,43.922
01.16.2012-06:00:00,01,16,2012,06,43.675
01.16.2012-09:00:00,01,16,2012,09,43.428
01.16.2012-12:00:00,01,16,2012,12,43.183
01.16.2012-15:00:00,01,16,2012,15,42.939
01.16.2012-18:00:00,01,16,2012,18,42.696
01.16.2012-21:00:00,01,16,2012,21,42.454
01.17.2012-00:00:00,01,17,2012,00,42.213
01.17.2012-03:00:00,01,17,2012,03,41.974
01.17.2012-06:00:00,01,17,2012,06,41.736
01.17.2012-09:00:00,01,17,2012,09,41.499
01.17.2012-12:00:00,01,17,2012,12,41.263
01.17.2012-15:00:00,01,17,2012,15,41.028
01.17.2012-18:00:00,01,17,2012,18,40.795
01.17.2012-21:00:00,01,17,2012,21,40.563
01.18.2012-00:00:00,01,18,2012,00,40.332
01.18.2012-03:00:00,01,18,2012,03,40.102
01.18.2012-06:00:00,01,18,2012,06,39.874
01.18.2012-09:00:00,01,18,2012,09,39.646
01.18.2012-12:00:00,01,18,2012,12,39.423
01.18.2012-15:00:00,01,18,2012,15,39.203
01.18.2012-18:00:00,01,18,2012,18,38.984
01.18.2012-21:00:00,01,18,2012,21,38.766
01.19.2012-00:00:00,01,19,2012,00,38.549
01.19.2012-03:00:00,01,19,2012,03,38.333
01.19.2012-06:00:00,01,19,2012,06,38.118
01.19.2012-09:00:00,01,19,2012,09,37.904
01.19.2012-12:00:00,01,19,2012,12,37.692
01.19.2012-15:00:00,01,19,2012,15,37.48
01.19.2012-18:00:00,01,19,2012,18,37.27
01.19.2012-21:00:00,01,19,2012,21,37.061
01.20.2012-00:00:00,01,20,2012,00,36.853
01.20.2012-03:00:00,01,20,2012,03,36.646
01.20.2012-06:00:00,01,20,2012,06,36.44
01.20.2012-09:00:00,01,20,2012,09,36.235
01.20.2012-12:00:00,01,20,2012,12,36.031
01.20.2012-15:00:00,01,20,2012,15,35.829
01.20.2012-18:00:00,01,20,2012,18,35.627
01.20.2012-21:00:00,01,20,2012,21,35.427
01.21.2012-00:00:00,01,21,2012,00,35.228
01.21.2012-03:00:00,01,21,2012,03,35.03
01.21.2012-06:00:00,01,21,2012,06,34.833
01.21.2012-09:00:00,01,21,2012,09,34.637
01.21.2012-12:00:00,01,21,2012,12,34.442
01.21.2012-15:00:00,01,21,2012,15,34.249
01.21.2012-18:00:00,01,21,2012,18,34.056
01.21.2012-21:00:00,01,21,2012,21,33.865
01.22.2012-00:00:00,01,22,2012,00,33.674
01.22.2012-03:00:00,01,22,2012,03,33.485
01.22.2012-06:00:00,01,22,2012,06,33.297
01.22.2012-09:00:00,01,22,2012,09,33.11
01.22.2012-12:00:00,01,22,2012,12,32.924
01.22.2012-15:00:00,01,22,2012,15,32.739
01.22.2012-18:00:00,01,22,2012,18,32.555
01.22.2012-21:00:00,01,22,2012,21,32.372
01.23.2012-00:00:00,01,23,2012,00,32.191
01.23.2012-03:00:00,01,23,2012,03,32.01
01.23.2012-06:00:00,01,23,2012,06,31.831
01.23.2012-09:00:00,01,23,2012,09,31.652
01.23.2012-12:00:00,01,23,2012,12,31.475
01.23.2012-15:00:00,01,23,2012,15,31.299
01.23.2012-18:00:00,01,23,2012,18,31.124
01.23.2012-21:00:00,01,23,2012,21,30.949
01.24.2012-00:00:00,01,24,2012,00,30.776
01.24.2012-03:00:00,01,24,2012,03,30.604
01.24.2012-06:00:00,01,24,2012,06,30.433
01.24.2012-09:00:00,01,24,2012,09,30.247
01.24.2012-12:00:00,01,24,2012,12,30.055
01.24.2012-15:00:00,01,24,2012,15,29.887
01.24.2012-18:00:00,01,24,2012,18,29.721
01.24.2012-21:00:00,01,24,2012,21,29.556
01.25.2012-00:00:00,01,25,2012,00,29.392
01.25.2012-03:00:00,01,25,2012,03,29.229
01.25.2012-06:00:00,01,25,2012,06,29.067
01.25.2012-09:00:00,01,25,2012,09,28.906
01.25.2012-12:00:00,01,25,2012,12,28.746
01.25.2012-15:00:00,01,25,2012,15,28.586
01.25.2012-18:00:00,01,25,2012,18,28.428
01.25.2012-21:00:00,01,25,2012,21,28.271
01.26.2012-00:00:00,01,26,2012,00,28.115
01.26.2012-03:00:00,01,26,2012,03,27.96
01.26.2012-06:00:00,01,26,2012,06,27.806
01.26.2012-09:00:00,01,26,2012,09,27.653
01.26.2012-12:00:00,01,26,2012,12,27.5
01.26.2012-15:00:00,01,26,2012,15,27.349
01.26.2012-18:00:00,01,26,2012,18,27.199
01.26.2012-21:00:00,01,26,2012,21,27.049
01.27.2012-00:00:00,01,27,2012,00,26.901
01.27.2012-03:00:00,01,27,2012,03,26.753
01.27.2012-06:00:00,01,27,2012,06,26.607
01.27.2012-09:00:00,01,27,2012,09,26.461
01.27.2012-12:00:00,01,27,2012,12,26.317
01.27.2012-15:00:00,01,27,2012,15,26.173
01.27.2012-18:00:00,01,27,2012,18,26.03
01.27.2012-21:00:00,01,27,2012,21,25.888
01.28.2012-00:00:00,01,28,2012,00,25.747
01.28.2012-03:00:00,01,28,2012,03,25.607
01.28.2012-06:00:00,01,28,2012,06,25.468
01.28.2012-09:00:00,01,28,2012,09,25.33
01.28.2012-12:00:00,01,28,2012,12,25.178
01.28.2012-15:00:00,01,28,2012,15,25.042
01.28.2012-18:00:00,01,28,2012,18,24.906
01.28.2012-21:00:00,01,28,2012,21,24.772
01.29.2012-00:00:00,01,29,2012,00,24.638
01.29.2012-03:00:00,01,29,2012,03,24.506
01.29.2012-06:00:00,01,29,2012,06,24.374
01.29.2012-09:00:00,01,29,2012,09,24.243
01.29.2012-12:00:00,01,29,2012,12,24.113
01.29.2012-15:00:00,01,29,2012,15,23.984
01.29.2012-18:00:00,01,29,2012,18,23.856
01.29.2012-21:00:00,01,29,2012,21,23.728
01.30.2012-00:00:00,01,30,2012,00,23.601
01.30.2012-03:00:00,01,30,2012,03,23.476
01.30.2012-06:00:00,01,30,2012,06,23.351
01.30.2012-09:00:00,01,30,2012,09,23.226
01.30.2012-12:00:00,01,30,2012,12,23.103
01.30.2012-15:00:00,01,30,2012,15,22.98
01.30.2012-18:00:00,01,30,2012,18,22.859
01.30.2012-21:00:00,01,30,2012,21,22.964
01.31.2012-00:00:00,01,31,2012,00,22.867
01.31.2012-03:00:00,01,31,2012,03,22.746
01.31.2012-06:00:00,01,31,2012,06,22.626
01.31.2012-09:00:00,01,31,2012,09,22.498
01.31.2012-12:00:00,01,31,2012,12,22.385
01.31.2012-15:00:00,01,31,2012,15,22.369
01.31.2012-18:00:00,01,31,2012,18,22.304
01.31.2012-21:00:00,01,31,2012,21,22.217
02.01.2012-00:00:00,02,01,2012,00,22.102
02.01.2012-03:00:00,02,01,2012,03,21.986
02.01.2012-06:00:00,02,01,2012,06,21.872
02.01.2012-09:00:00,02,01,2012,09,21.75
02.01.2012-12:00:00,02,01,2012,12,21.633
02.01.2012-15:00:00,02,01,2012,15,21.605
02.01.2012-18:00:00,02,01,2012,18,21.574
02.01.2012-21:00:00,02,01,2012,21,21.464
02.02.2012-00:00:00,02,02,2012,00,21.353
02.02.2012-03:00:00,02,02,2012,03,21.243
02.02.2012-06:00:00,02,02,2012,06,21.135
02.02.2012-09:00:00,02,02,2012,09,21.024
02.02.2012-12:00:00,02,02,2012,12,20.917
02.02.2012-15:00:00,02,02,2012,15,20.824
02.02.2012-18:00:00,02,02,2012,18,20.719
02.02.2012-21:00:00,02,02,2012,21,20.616
02.03.2012-00:00:00,02,03,2012,00,20.515
02.03.2012-03:00:00,02,03,2012,03,20.414
02.03.2012-06:00:00,02,03,2012,06,20.314
02.03.2012-09:00:00,02,03,2012,09,20.209
02.03.2012-12:00:00,02,03,2012,12,20.103
02.03.2012-15:00:00,02,03,2012,15,20.005
02.03.2012-18:00:00,02,03,2012,18,19.907
02.03.2012-21:00:00,02,03,2012,21,19.81
02.04.2012-00:00:00,02,04,2012,00,19.713
02.04.2012-03:00:00,02,04,2012,03,19.617
02.04.2012-06:00:00,02,04,2012,06,19.522
02.04.2012-09:00:00,02,04,2012,09,19.427
02.04.2012-12:00:00,02,04,2012,12,19.333
02.04.2012-15:00:00,02,04,2012,15,19.239
02.04.2012-18:00:00,02,04,2012,18,19.146
02.04.2012-21:00:00,02,04,2012,21,19.054
02.05.2012-00:00:00,02,05,2012,00,18.962
02.05.2012-03:00:00,02,05,2012,03,18.871
02.05.2012-06:00:00,02,05,2012,06,18.78
02.05.2012-09:00:00,02,05,2012,09,18.69
02.05.2012-12:00:00,02,05,2012,12,18.6
02.05.2012-15:00:00,02,05,2012,15,18.511
02.05.2012-18:00:00,02,05,2012,18,18.423
02.05.2012-21:00:00,02,05,2012,21,18.335
02.06.2012-00:00:00,02,06,2012,00,18.247
02.06.2012-03:00:00,02,06,2012,03,18.16
02.06.2012-06:00:00,02,06,2012,06,18.074
02.06.2012-09:00:00,02,06,2012,09,17.988
02.06.2012-12:00:00,02,06,2012,12,17.903
02.06.2012-15:00:00,02,06,2012,15,17.818
02.06.2012-18:00:00,02,06,2012,18,17.734
02.06.2012-21:00:00,02,06,2012,21,17.651
02.07.2012-00:00:00,02,07,2012,00,17.568
02.07.2012-03:00:00,02,07,2012,03,17.485
02.07.2012-06:00:00,02,07,2012,06,17.403
02.07.2012-09:00:00,02,07,2012,09,17.321
02.07.2012-12:00:00,02,07,2012,12,17.24
02.07.2012-15:00:00,02,07,2012,15,17.162
02.07.2012-18:00:00,02,07,2012,18,17.087
02.07.2012-21:00:00,02,07,2012,21,17.011
02.08.2012-00:00:00,02,08,2012,00,16.936
02.08.2012-03:00:00,02,08,2012,03,16.862
02.08.2012-06:00:00,02,08,2012,06,16.788
02.08.2012-09:00:00,02,08,2012,09,16.714
02.08.2012-12:00:00,02,08,2012,12,16.641
02.08.2012-15:00:00,02,08,2012,15,16.568
02.08.2012-18:00:00,02,08,2012,18,16.496
02.08.2012-21:00:00,02,08,2012,21,16.424
02.09.2012-00:00:00,02,09,2012,00,16.352
02.09.2012-03:00:00,02,09,2012,03,16.281
02.09.2012-06:00:00,02,09,2012,06,16.21
02.09.2012-09:00:00,02,09,2012,09,16.14
02.09.2012-12:00:00,02,09,2012,12,16.07
02.09.2012-15:00:00,02,09,2012,15,16
02.09.2012-18:00:00,02,09,2012,18,15.931
02.09.2012-21:00:00,02,09,2012,21,15.862
02.10.2012-00:00:00,02,10,2012,00,15.793
02.10.2012-03:00:00,02,10,2012,03,15.725
02.10.2012-06:00:00,02,10,2012,06,15.657
02.10.2012-09:00:00,02,10,2012,09,15.59
02.10.2012-12:00:00,02,10,2012,12,15.523
02.10.2012-15:00:00,02,10,2012,15,15.456
02.10.2012-18:00:00,02,10,2012,18,15.39
02.10.2012-21:00:00,02,10,2012,21,15.324
02.11.2012-00:00:00,02,11,2012,00,15.259
02.11.2012-03:00:00,02,11,2012,03,15.193
02.11.2012-06:00:00,02,11,2012,06,15.129
02.11.2012-09:00:00,02,11,2012,09,15.065
02.11.2012-12:00:00,02,11,2012,12,15.003
02.11.2012-15:00:00,02,11,2012,15,14.942
02.11.2012-18:00:00,02,11,2012,18,14.885
02.11.2012-21:00:00,02,11,2012,21,14.827
02.12.2012-00:00:00,02,12,2012,00,14.77
02.12.2012-03:00:00,02,12,2012,03,14.714
02.12.2012-06:00:00,02,12,2012,06,14.657
02.12.2012-09:00:00,02,12,2012,09,14.601
02.12.2012-12:00:00,02,12,2012,12,14.545
02.12.2012-15:00:00,02,12,2012,15,14.489
02.12.2012-18:00:00,02,12,2012,18,14.434
02.12.2012-21:00:00,02,12,2012,21,14.379
02.13.2012-00:00:00,02,13,2012,00,14.325
02.13.2012-03:00:00,02,13,2012,03,14.274
02.13.2012-06:00:00,02,13,2012,06,14.224
02.13.2012-09:00:00,02,13,2012,09,14.173
02.13.2012-12:00:00,02,13,2012,12,14.123
02.13.2012-15:00:00,02,13,2012,15,14.073
02.13.2012-18:00:00,02,13,2012,18,14.023
02.13.2012-21:00:00,02,13,2012,21,13.973
02.14.2012-00:00:00,02,14,2012,00,13.924
02.14.2012-03:00:00,02,14,2012,03,13.874
02.14.2012-06:00:00,02,14,2012,06,13.825
02.14.2012-09:00:00,02,14,2012,09,13.777
02.14.2012-12:00:00,02,14,2012,12,13.728
02.14.2012-15:00:00,02,14,2012,15,13.679
02.14.2012-18:00:00,02,14,2012,18,13.631
02.14.2012-21:00:00,02,14,2012,21,13.582
02.15.2012-00:00:00,02,15,2012,00,13.534
02.15.2012-03:00:00,02,15,2012,03,13.487
02.15.2012-06:00:00,02,15,2012,06,13.439
02.15.2012-09:00:00,02,15,2012,09,13.391
02.15.2012-12:00:00,02,15,2012,12,13.344
02.15.2012-15:00:00,02,15,2012,15,13.297
02.15.2012-18:00:00,02,15,2012,18,13.25
02.15.2012-21:00:00,02,15,2012,21,13.203
02.16.2012-00:00:00,02,16,2012,00,13.157
02.16.2012-03:00:00,02,16,2012,03,13.11
02.16.2012-06:00:00,02,16,2012,06,13.064
02.16.2012-09:00:00,02,16,2012,09,13.018
02.16.2012-12:00:00,02,16,2012,12,12.972
02.16.2012-15:00:00,02,16,2012,15,12.927
02.16.2012-18:00:00,02,16,2012,18,12.881
02.16.2012-21:00:00,02,16,2012,21,12.836
02.17.2012-00:00:00,02,17,2012,00,12.791
02.17.2012-03:00:00,02,17,2012,03,12.746
02.17.2012-06:00:00,02,17,2012,06,12.702
02.17.2012-09:00:00,02,17,2012,09,12.657
02.17.2012-12:00:00,02,17,2012,12,12.613
02.17.2012-15:00:00,02,17,2012,15,12.569
02.17.2012-18:00:00,02,17,2012,18,12.525
02.17.2012-21:00:00,02,17,2012,21,12.481
02.18.2012-00:00:00,02,18,2012,00,12.437
02.18.2012-03:00:00,02,18,2012,03,12.394
02.18.2012-06:00:00,02,18,2012,06,12.351
02.18.2012-09:00:00,02,18,2012,09,12.308
02.18.2012-12:00:00,02,18,2012,12,12.265
02.18.2012-15:00:00,02,18,2012,15,12.222
02.18.2012-18:00:00,02,18,2012,18,12.18
02.18.2012-21:00:00,02,18,2012,21,12.137
02.19.2012-00:00:00,02,19,2012,00,12.095
02.19.2012-03:00:00,02,19,2012,03,12.053
02.19.2012-06:00:00,02,19,2012,06,12.011
02.19.2012-09:00:00,02,19,2012,09,11.969
02.19.2012-12:00:00,02,19,2012,12,11.928
02.19.2012-15:00:00,02,19,2012,15,11.886
02.19.2012-18:00:00,02,19,2012,18,11.845
02.19.2012-21:00:00,02,19,2012,21,11.804
02.20.2012-00:00:00,02,20,2012,00,11.763
02.20.2012-03:00:00,02,20,2012,03,11.723
02.20.2012-06:00:00,02,20,2012,06,11.682
02.20.2012-09:00:00,02,20,2012,09,11.642
02.20.2012-12:00:00,02,20,2012,12,11.602
02.20.2012-15:00:00,02,20,2012,15,11.562
02.20.2012-18:00:00,02,20,2012,18,11.522
02.20.2012-21:00:00,02,20,2012,21,11.482
02.21.2012-00:00:00,02,21,2012,00,11.443
02.21.2012-03:00:00,02,21,2012,03,11.404
02.21.2012-06:00:00,02,21,2012,06,11.365
02.21.2012-09:00:00,02,21,2012,09,11.326
02.21.2012-12:00:00,02,21,2012,12,11.287
02.21.2012-15:00:00,02,21,2012,15,11.248
02.21.2012-18:00:00,02,21,2012,18,11.21
02.21.2012-21:00:00,02,21,2012,21,11.172
02.22.2012-00:00:00,02,22,2012,00,11.134
02.22.2012-03:00:00,02,22,2012,03,11.096
02.22.2012-06:00:00,02,22,2012,06,11.058
02.22.2012-09:00:00,02,22,2012,09,11.02
02.22.2012-12:00:00,02,22,2012,12,10.983
02.22.2012-15:00:00,02,22,2012,15,10.989
02.22.2012-18:00:00,02,22,2012,18,11.125
02.22.2012-21:00:00,02,22,2012,21,11.215
02.23.2012-00:00:00,02,23,2012,00,11.26
02.23.2012-03:00:00,02,23,2012,03,11.294
02.23.2012-06:00:00,02,23,2012,06,11.364
02.23.2012-09:00:00,02,23,2012,09,11.749
02.23.2012-12:00:00,02,23,2012,12,12.385
02.23.2012-15:00:00,02,23,2012,15,13.507
02.23.2012-18:00:00,02,23,2012,18,14.095
02.23.2012-21:00:00,02,23,2012,21,14.432
02.24.2012-00:00:00,02,24,2012,00,14.436
02.24.2012-03:00:00,02,24,2012,03,14.433
02.24.2012-06:00:00,02,24,2012,06,14.428
02.24.2012-09:00:00,02,24,2012,09,14.423
02.24.2012-12:00:00,02,24,2012,12,14.417
02.24.2012-15:00:00,02,24,2012,15,14.41
02.24.2012-18:00:00,02,24,2012,18,14.403
02.24.2012-21:00:00,02,24,2012,21,14.395
02.25.2012-00:00:00,02,25,2012,00,14.387
02.25.2012-03:00:00,02,25,2012,03,14.378
02.25.2012-06:00:00,02,25,2012,06,14.368
02.25.2012-09:00:00,02,25,2012,09,14.358
02.25.2012-12:00:00,02,25,2012,12,14.347
02.25.2012-15:00:00,02,25,2012,15,14.335
02.25.2012-18:00:00,02,25,2012,18,14.323
02.25.2012-21:00:00,02,25,2012,21,14.31
02.26.2012-00:00:00,02,26,2012,00,14.296
02.26.2012-03:00:00,02,26,2012,03,14.282
02.26.2012-06:00:00,02,26,2012,06,14.268
02.26.2012-09:00:00,02,26,2012,09,14.252
02.26.2012-12:00:00,02,26,2012,12,14.236
02.26.2012-15:00:00,02,26,2012,15,14.22
02.26.2012-18:00:00,02,26,2012,18,14.203
02.26.2012-21:00:00,02,26,2012,21,14.185
02.27.2012-00:00:00,02,27,2012,00,14.167
02.27.2012-03:00:00,02,27,2012,03,14.148
02.27.2012-06:00:00,02,27,2012,06,14.129
02.27.2012-09:00:00,02,27,2012,09,14.109
02.27.2012-12:00:00,02,27,2012,12,14.088
02.27.2012-15:00:00,02,27,2012,15,14.068
02.27.2012-18:00:00,02,27,2012,18,14.046
02.27.2012-21:00:00,02,27,2012,21,14.024
02.28.2012-00:00:00,02,28,2012,00,14.002
02.28.2012-03:00:00,02,28,2012,03,13.979
02.28.2012-06:00:00,02,28,2012,06,13.956
02.28.2012-09:00:00,02,28,2012,09,13.932
02.28.2012-12:00:00,02,28,2012,12,13.907
02.28.2012-15:00:00,02,28,2012,15,13.883
02.28.2012-18:00:00,02,28,2012,18,13.857
02.28.2012-21:00:00,02,28,2012,21,13.832
02.29.2012-00:00:00,02,29,2012,00,13.806
02.29.2012-03:00:00,02,29,2012,03,13.779
02.29.2012-06:00:00,02,29,2012,06,13.752
02.29.2012-09:00:00,02,29,2012,09,13.725
02.29.2012-12:00:00,02,29,2012,12,13.698
02.29.2012-15:00:00,02,29,2012,15,13.67
02.29.2012-18:00:00,02,29,2012,18,13.641
02.29.2012-21:00:00,02,29,2012,21,13.612
03.01.2012-00:00:00,03,01,2012,00,13.583
03.01.2012-03:00:00,03,01,2012,03,13.554
03.01.2012-06:00:00,03,01,2012,06,13.524
03.01.2012-09:00:00,03,01,2012,09,13.494
03.01.2012-12:00:00,03,01,2012,12,13.463
03.01.2012-15:00:00,03,01,2012,15,13.432
03.01.2012-18:00:00,03,01,2012,18,13.401
03.01.2012-21:00:00,03,01,2012,21,13.37
03.02.2012-00:00:00,03,02,2012,00,13.338
03.02.2012-03:00:00,03,02,2012,03,13.306
03.02.2012-06:00:00,03,02,2012,06,13.274
03.02.2012-09:00:00,03,02,2012,09,13.242
03.02.2012-12:00:00,03,02,2012,12,13.209
03.02.2012-15:00:00,03,02,2012,15,13.176
03.02.2012-18:00:00,03,02,2012,18,13.143
03.02.2012-21:00:00,03,02,2012,21,13.11
03.03.2012-00:00:00,03,03,2012,00,13.076
03.03.2012-03:00:00,03,03,2012,03,13.042
03.03.2012-06:00:00,03,03,2012,06,13.008
03.03.2012-09:00:00,03,03,2012,09,12.974
03.03.2012-12:00:00,03,03,2012,12,12.939
03.03.2012-15:00:00,03,03,2012,15,12.905
03.03.2012-18:00:00,03,03,2012,18,12.87
03.03.2012-21:00:00,03,03,2012,21,12.835
03.04.2012-00:00:00,03,04,2012,00,12.8
03.04.2012-03:00:00,03,04,2012,03,12.764
03.04.2012-06:00:00,03,04,2012,06,12.729
03.04.2012-09:00:00,03,04,2012,09,12.693
03.04.2012-12:00:00,03,04,2012,12,12.658
03.04.2012-15:00:00,03,04,2012,15,12.622
03.04.2012-18:00:00,03,04,2012,18,12.586
03.04.2012-21:00:00,03,04,2012,21,12.55
03.05.2012-00:00:00,03,05,2012,00,12.513
03.05.2012-03:00:00,03,05,2012,03,12.477
03.05.2012-06:00:00,03,05,2012,06,12.44
03.05.2012-09:00:00,03,05,2012,09,12.404
03.05.2012-12:00:00,03,05,2012,12,12.367
03.05.2012-15:00:00,03,05,2012,15,12.331
03.05.2012-18:00:00,03,05,2012,18,12.294
03.05.2012-21:00:00,03,05,2012,21,12.269
03.06.2012-00:00:00,03,06,2012,00,12.232
03.06.2012-03:00:00,03,06,2012,03,12.195
03.06.2012-06:00:00,03,06,2012,06,12.158
03.06.2012-09:00:00,03,06,2012,09,12.121
03.06.2012-12:00:00,03,06,2012,12,12.084
03.06.2012-15:00:00,03,06,2012,15,12.087
03.06.2012-18:00:00,03,06,2012,18,12.05
03.06.2012-21:00:00,03,06,2012,21,12.012
03.07.2012-00:00:00,03,07,2012,00,11.974
03.07.2012-03:00:00,03,07,2012,03,11.937
03.07.2012-06:00:00,03,07,2012,06,11.898
03.07.2012-09:00:00,03,07,2012,09,11.861
03.07.2012-12:00:00,03,07,2012,12,11.823
03.07.2012-15:00:00,03,07,2012,15,11.785
03.07.2012-18:00:00,03,07,2012,18,11.747
03.07.2012-21:00:00,03,07,2012,21,11.709
03.08.2012-00:00:00,03,08,2012,00,11.671
03.08.2012-03:00:00,03,08,2012,03,11.633
03.08.2012-06:00:00,03,08,2012,06,11.595
03.08.2012-09:00:00,03,08,2012,09,11.557
03.08.2012-12:00:00,03,08,2012,12,11.519
03.08.2012-15:00:00,03,08,2012,15,11.482
03.08.2012-18:00:00,03,08,2012,18,11.444
03.08.2012-21:00:00,03,08,2012,21,11.406
03.09.2012-00:00:00,03,09,2012,00,11.368
03.09.2012-03:00:00,03,09,2012,03,11.331
03.09.2012-06:00:00,03,09,2012,06,11.293
03.09.2012-09:00:00,03,09,2012,09,11.256
03.09.2012-12:00:00,03,09,2012,12,11.218
03.09.2012-15:00:00,03,09,2012,15,11.181
03.09.2012-18:00:00,03,09,2012,18,11.144
03.09.2012-21:00:00,03,09,2012,21,11.106
03.10.2012-00:00:00,03,10,2012,00,11.069
03.10.2012-03:00:00,03,10,2012,03,11.032
03.10.2012-06:00:00,03,10,2012,06,10.995
03.10.2012-09:00:00,03,10,2012,09,10.958
03.10.2012-12:00:00,03,10,2012,12,10.921
03.10.2012-15:00:00,03,10,2012,15,10.884
03.10.2012-18:00:00,03,10,2012,18,10.847
03.10.2012-21:00:00,03,10,2012,21,10.811
03.11.2012-00:00:00,03,11,2012,00,10.774
03.11.2012-03:00:00,03,11,2012,03,10.738
03.11.2012-06:00:00,03,11,2012,06,10.701
03.11.2012-09:00:00,03,11,2012,09,10.687
03.11.2012-12:00:00,03,11,2012,12,10.772
03.11.2012-15:00:00,03,11,2012,15,10.85
03.11.2012-18:00:00,03,11,2012,18,11.007
03.11.2012-21:00:00,03,11,2012,21,11.135
03.12.2012-00:00:00,03,12,2012,00,11.103
03.12.2012-03:00:00,03,12,2012,03,11.066
03.12.2012-06:00:00,03,12,2012,06,11.03
03.12.2012-09:00:00,03,12,2012,09,10.994
03.12.2012-12:00:00,03,12,2012,12,10.957
03.12.2012-15:00:00,03,12,2012,15,10.93
03.12.2012-18:00:00,03,12,2012,18,10.939
03.12.2012-21:00:00,03,12,2012,21,10.904
03.13.2012-00:00:00,03,13,2012,00,10.905
03.13.2012-03:00:00,03,13,2012,03,10.956
03.13.2012-06:00:00,03,13,2012,06,11.023
03.13.2012-09:00:00,03,13,2012,09,11.159
03.13.2012-12:00:00,03,13,2012,12,11.318
03.13.2012-15:00:00,03,13,2012,15,11.44
03.13.2012-18:00:00,03,13,2012,18,11.549
03.13.2012-21:00:00,03,13,2012,21,11.646
03.14.2012-00:00:00,03,14,2012,00,11.619
03.14.2012-03:00:00,03,14,2012,03,11.59
03.14.2012-06:00:00,03,14,2012,06,11.56
03.14.2012-09:00:00,03,14,2012,09,11.53
03.14.2012-12:00:00,03,14,2012,12,11.5
03.14.2012-15:00:00,03,14,2012,15,11.469
03.14.2012-18:00:00,03,14,2012,18,11.439
03.14.2012-21:00:00,03,14,2012,21,11.409
03.15.2012-00:00:00,03,15,2012,00,11.379
03.15.2012-03:00:00,03,15,2012,03,11.348
03.15.2012-06:00:00,03,15,2012,06,11.318
03.15.2012-09:00:00,03,15,2012,09,11.287
03.15.2012-12:00:00,03,15,2012,12,11.256
03.15.2012-15:00:00,03,15,2012,15,11.226
03.15.2012-18:00:00,03,15,2012,18,11.195
03.15.2012-21:00:00,03,15,2012,21,11.164
03.16.2012-00:00:00,03,16,2012,00,11.133
03.16.2012-03:00:00,03,16,2012,03,11.102
03.16.2012-06:00:00,03,16,2012,06,11.149
03.16.2012-09:00:00,03,16,2012,09,11.404
03.16.2012-12:00:00,03,16,2012,12,11.912
03.16.2012-15:00:00,03,16,2012,15,12.863
03.16.2012-18:00:00,03,16,2012,18,13.246
03.16.2012-21:00:00,03,16,2012,21,13.54
03.17.2012-00:00:00,03,17,2012,00,13.536
03.17.2012-03:00:00,03,17,2012,03,13.525
03.17.2012-06:00:00,03,17,2012,06,13.564
03.17.2012-09:00:00,03,17,2012,09,13.861
03.17.2012-12:00:00,03,17,2012,12,14.638
03.17.2012-15:00:00,03,17,2012,15,15.411
03.17.2012-18:00:00,03,17,2012,18,16.151
03.17.2012-21:00:00,03,17,2012,21,16.205
03.18.2012-00:00:00,03,18,2012,00,16.222
03.18.2012-03:00:00,03,18,2012,03,16.236
03.18.2012-06:00:00,03,18,2012,06,16.249
03.18.2012-09:00:00,03,18,2012,09,16.252
03.18.2012-12:00:00,03,18,2012,12,16.251
03.18.2012-15:00:00,03,18,2012,15,16.259
03.18.2012-18:00:00,03,18,2012,18,16.265
03.18.2012-21:00:00,03,18,2012,21,16.27
03.19.2012-00:00:00,03,19,2012,00,16.273
03.19.2012-03:00:00,03,19,2012,03,16.275
03.19.2012-06:00:00,03,19,2012,06,16.275
03.19.2012-09:00:00,03,19,2012,09,16.258
03.19.2012-12:00:00,03,19,2012,12,16.238
03.19.2012-15:00:00,03,19,2012,15,16.234
03.19.2012-18:00:00,03,19,2012,18,16.228
03.19.2012-21:00:00,03,19,2012,21,16.222
03.20.2012-00:00:00,03,20,2012,00,16.214
03.20.2012-03:00:00,03,20,2012,03,16.205
03.20.2012-06:00:00,03,20,2012,06,16.194
03.20.2012-09:00:00,03,20,2012,09,16.175
03.20.2012-12:00:00,03,20,2012,12,16.15
03.20.2012-15:00:00,03,20,2012,15,16.136
03.20.2012-18:00:00,03,20,2012,18,16.12
03.20.2012-21:00:00,03,20,2012,21,16.104
03.21.2012-00:00:00,03,21,2012,00,16.087
03.21.2012-03:00:00,03,21,2012,03,16.068
03.21.2012-06:00:00,03,21,2012,06,16.048
03.21.2012-09:00:00,03,21,2012,09,16.027
03.21.2012-12:00:00,03,21,2012,12,16.005
03.21.2012-15:00:00,03,21,2012,15,16.119
03.21.2012-18:00:00,03,21,2012,18,16.212
03.21.2012-21:00:00,03,21,2012,21,16.291
03.22.2012-00:00:00,03,22,2012,00,16.265
03.22.2012-03:00:00,03,22,2012,03,16.236
03.22.2012-06:00:00,03,22,2012,06,16.206
03.22.2012-09:00:00,03,22,2012,09,16.165
03.22.2012-12:00:00,03,22,2012,12,16.123
03.22.2012-15:00:00,03,22,2012,15,16.091
03.22.2012-18:00:00,03,22,2012,18,16.057
03.22.2012-21:00:00,03,22,2012,21,16.023
03.23.2012-00:00:00,03,23,2012,00,15.989
03.23.2012-03:00:00,03,23,2012,03,15.953
03.23.2012-06:00:00,03,23,2012,06,15.917
03.23.2012-09:00:00,03,23,2012,09,15.864
03.23.2012-12:00:00,03,23,2012,12,15.811
03.23.2012-15:00:00,03,23,2012,15,15.772
03.23.2012-18:00:00,03,23,2012,18,15.734
03.23.2012-21:00:00,03,23,2012,21,15.696
03.24.2012-00:00:00,03,24,2012,00,15.656
03.24.2012-03:00:00,03,24,2012,03,15.616
03.24.2012-06:00:00,03,24,2012,06,15.576
03.24.2012-09:00:00,03,24,2012,09,15.513
03.24.2012-12:00:00,03,24,2012,12,15.447
03.24.2012-15:00:00,03,24,2012,15,15.404
03.24.2012-18:00:00,03,24,2012,18,15.362
03.24.2012-21:00:00,03,24,2012,21,15.32
03.25.2012-00:00:00,03,25,2012,00,15.277
03.25.2012-03:00:00,03,25,2012,03,15.234
03.25.2012-06:00:00,03,25,2012,06,15.191
03.25.2012-09:00:00,03,25,2012,09,15.126
03.25.2012-12:00:00,03,25,2012,12,15.063
03.25.2012-15:00:00,03,25,2012,15,15.018
03.25.2012-18:00:00,03,25,2012,18,14.973
03.25.2012-21:00:00,03,25,2012,21,14.929
03.26.2012-00:00:00,03,26,2012,00,14.884
03.26.2012-03:00:00,03,26,2012,03,14.838
03.26.2012-06:00:00,03,26,2012,06,14.793
03.26.2012-09:00:00,03,26,2012,09,14.733
03.26.2012-12:00:00,03,26,2012,12,14.671
03.26.2012-15:00:00,03,26,2012,15,14.624
03.26.2012-18:00:00,03,26,2012,18,14.578
03.26.2012-21:00:00,03,26,2012,21,14.531
03.27.2012-00:00:00,03,27,2012,00,14.485
03.27.2012-03:00:00,03,27,2012,03,14.438
03.27.2012-06:00:00,03,27,2012,06,14.39
03.27.2012-09:00:00,03,27,2012,09,14.324
03.27.2012-12:00:00,03,27,2012,12,14.256
03.27.2012-15:00:00,03,27,2012,15,14.209
03.27.2012-18:00:00,03,27,2012,18,14.251
03.27.2012-21:00:00,03,27,2012,21,14.246
03.28.2012-00:00:00,03,28,2012,00,14.197
03.28.2012-03:00:00,03,28,2012,03,14.147
03.28.2012-06:00:00,03,28,2012,06,14.097
03.28.2012-09:00:00,03,28,2012,09,14.134
03.28.2012-12:00:00,03,28,2012,12,14.219
03.28.2012-15:00:00,03,28,2012,15,14.337
03.28.2012-18:00:00,03,28,2012,18,14.384
03.28.2012-21:00:00,03,28,2012,21,14.423
03.29.2012-00:00:00,03,29,2012,00,14.414
03.29.2012-03:00:00,03,29,2012,03,14.393
03.29.2012-06:00:00,03,29,2012,06,14.42
03.29.2012-09:00:00,03,29,2012,09,14.643
03.29.2012-12:00:00,03,29,2012,12,15.13
03.29.2012-15:00:00,03,29,2012,15,15.675
03.29.2012-18:00:00,03,29,2012,18,16.288
03.29.2012-21:00:00,03,29,2012,21,16.846
03.30.2012-00:00:00,03,30,2012,00,19.79
03.30.2012-03:00:00,03,30,2012,03,22.395
03.30.2012-06:00:00,03,30,2012,06,25.613
03.30.2012-09:00:00,03,30,2012,09,30.003
03.30.2012-12:00:00,03,30,2012,12,35.343
03.30.2012-15:00:00,03,30,2012,15,41.37
03.30.2012-18:00:00,03,30,2012,18,55.488
03.30.2012-21:00:00,03,30,2012,21,100.06
03.31.2012-00:00:00,03,31,2012,00,68.378
03.31.2012-03:00:00,03,31,2012,03,64.831
03.31.2012-06:00:00,03,31,2012,06,81.534
03.31.2012-09:00:00,03,31,2012,09,95.736
03.31.2012-12:00:00,03,31,2012,12,136.57
03.31.2012-15:00:00,03,31,2012,15,143.13
03.31.2012-18:00:00,03,31,2012,18,147.73
03.31.2012-21:00:00,03,31,2012,21,149.94
04.01.2012-00:00:00,04,01,2012,00,94.994
04.01.2012-03:00:00,04,01,2012,03,87.776
04.01.2012-06:00:00,04,01,2012,06,95.084
04.01.2012-09:00:00,04,01,2012,09,111.45
04.01.2012-12:00:00,04,01,2012,12,121.68
04.01.2012-15:00:00,04,01,2012,15,121.02
04.01.2012-18:00:00,04,01,2012,18,121.6
04.01.2012-21:00:00,04,01,2012,21,110.39
04.02.2012-00:00:00,04,02,2012,00,96.93
04.02.2012-03:00:00,04,02,2012,03,96.402
04.02.2012-06:00:00,04,02,2012,06,96.054
04.02.2012-09:00:00,04,02,2012,09,95.021
04.02.2012-12:00:00,04,02,2012,12,115.78
04.02.2012-15:00:00,04,02,2012,15,134.74
04.02.2012-18:00:00,04,02,2012,18,127.02
04.02.2012-21:00:00,04,02,2012,21,123.7
04.03.2012-00:00:00,04,03,2012,00,100.16
04.03.2012-03:00:00,04,03,2012,03,99.305
04.03.2012-06:00:00,04,03,2012,06,98.955
04.03.2012-09:00:00,04,03,2012,09,94.999
04.03.2012-12:00:00,04,03,2012,12,106.01
04.03.2012-15:00:00,04,03,2012,15,134.41
04.03.2012-18:00:00,04,03,2012,18,124.13
04.03.2012-21:00:00,04,03,2012,21,115.66
04.04.2012-00:00:00,04,04,2012,00,107.12
04.04.2012-03:00:00,04,04,2012,03,101.22
04.04.2012-06:00:00,04,04,2012,06,101.01
04.04.2012-09:00:00,04,04,2012,09,127.19
04.04.2012-12:00:00,04,04,2012,12,146.72
04.04.2012-15:00:00,04,04,2012,15,136.61
04.04.2012-18:00:00,04,04,2012,18,128.71
04.04.2012-21:00:00,04,04,2012,21,118.47
04.05.2012-00:00:00,04,05,2012,00,105.71
04.05.2012-03:00:00,04,05,2012,03,104.59
04.05.2012-06:00:00,04,05,2012,06,104
04.05.2012-09:00:00,04,05,2012,09,109.58
04.05.2012-12:00:00,04,05,2012,12,151.91
04.05.2012-15:00:00,04,05,2012,15,135.02
04.05.2012-18:00:00,04,05,2012,18,125.12
04.05.2012-21:00:00,04,05,2012,21,108.32
04.06.2012-00:00:00,04,06,2012,00,106.23
04.06.2012-03:00:00,04,06,2012,03,105.55
04.06.2012-06:00:00,04,06,2012,06,104.89
04.06.2012-09:00:00,04,06,2012,09,95.587
04.06.2012-12:00:00,04,06,2012,12,93.729
04.06.2012-15:00:00,04,06,2012,15,100.68
04.06.2012-18:00:00,04,06,2012,18,107.52
04.06.2012-21:00:00,04,06,2012,21,100.4
04.07.2012-00:00:00,04,07,2012,00,100.25
04.07.2012-03:00:00,04,07,2012,03,99.63
04.07.2012-06:00:00,04,07,2012,06,98.992
04.07.2012-09:00:00,04,07,2012,09,93.791
04.07.2012-12:00:00,04,07,2012,12,92.525
04.07.2012-15:00:00,04,07,2012,15,94.368
04.07.2012-18:00:00,04,07,2012,18,95.698
04.07.2012-21:00:00,04,07,2012,21,95.493
04.08.2012-00:00:00,04,08,2012,00,94.875
04.08.2012-03:00:00,04,08,2012,03,94.249
04.08.2012-06:00:00,04,08,2012,06,93.624
04.08.2012-09:00:00,04,08,2012,09,86.118
04.08.2012-12:00:00,04,08,2012,12,84.707
04.08.2012-15:00:00,04,08,2012,15,89.192
04.08.2012-18:00:00,04,08,2012,18,90.013
04.08.2012-21:00:00,04,08,2012,21,89.531
04.09.2012-00:00:00,04,09,2012,00,89.018
04.09.2012-03:00:00,04,09,2012,03,88.506
04.09.2012-06:00:00,04,09,2012,06,87.708
04.09.2012-09:00:00,04,09,2012,09,81.077
04.09.2012-12:00:00,04,09,2012,12,80.114
04.09.2012-15:00:00,04,09,2012,15,80.289
04.09.2012-18:00:00,04,09,2012,18,103.96
04.09.2012-21:00:00,04,09,2012,21,95.796
04.10.2012-00:00:00,04,10,2012,00,94.848
04.10.2012-03:00:00,04,10,2012,03,89.577
04.10.2012-06:00:00,04,10,2012,06,84.693
04.10.2012-09:00:00,04,10,2012,09,126.97
04.10.2012-12:00:00,04,10,2012,12,174.92
04.10.2012-15:00:00,04,10,2012,15,143.14
04.10.2012-18:00:00,04,10,2012,18,139.43
04.10.2012-21:00:00,04,10,2012,21,122.11
04.11.2012-00:00:00,04,11,2012,00,113.82
04.11.2012-03:00:00,04,11,2012,03,105.3
04.11.2012-06:00:00,04,11,2012,06,100.1
04.11.2012-09:00:00,04,11,2012,09,145.66
04.11.2012-12:00:00,04,11,2012,12,187.92
04.11.2012-15:00:00,04,11,2012,15,162.65
04.11.2012-18:00:00,04,11,2012,18,154.13
04.11.2012-21:00:00,04,11,2012,21,137.73
04.12.2012-00:00:00,04,12,2012,00,130.38
04.12.2012-03:00:00,04,12,2012,03,124.11
04.12.2012-06:00:00,04,12,2012,06,126.06
04.12.2012-09:00:00,04,12,2012,09,173.9
04.12.2012-12:00:00,04,12,2012,12,233.25
04.12.2012-15:00:00,04,12,2012,15,203.13
04.12.2012-18:00:00,04,12,2012,18,173.23
04.12.2012-21:00:00,04,12,2012,21,162.98
04.13.2012-00:00:00,04,13,2012,00,137.73
04.13.2012-03:00:00,04,13,2012,03,121.78
04.13.2012-06:00:00,04,13,2012,06,119.54
04.13.2012-09:00:00,04,13,2012,09,122.25
04.13.2012-12:00:00,04,13,2012,12,182.09
04.13.2012-15:00:00,04,13,2012,15,185.38
04.13.2012-18:00:00,04,13,2012,18,173.22
04.13.2012-21:00:00,04,13,2012,21,145.77
04.14.2012-00:00:00,04,14,2012,00,129.19
04.14.2012-03:00:00,04,14,2012,03,125.48
04.14.2012-06:00:00,04,14,2012,06,121.67
04.14.2012-09:00:00,04,14,2012,09,141.66
04.14.2012-12:00:00,04,14,2012,12,225.3
04.14.2012-15:00:00,04,14,2012,15,228.15
04.14.2012-18:00:00,04,14,2012,18,181.02
04.14.2012-21:00:00,04,14,2012,21,162.77
04.15.2012-00:00:00,04,15,2012,00,141.78
04.15.2012-03:00:00,04,15,2012,03,131.4
04.15.2012-06:00:00,04,15,2012,06,128.21
04.15.2012-09:00:00,04,15,2012,09,159.86
04.15.2012-12:00:00,04,15,2012,12,238.83
04.15.2012-15:00:00,04,15,2012,15,199.57
04.15.2012-18:00:00,04,15,2012,18,176.88
04.15.2012-21:00:00,04,15,2012,21,159.63
04.16.2012-00:00:00,04,16,2012,00,150.12
04.16.2012-03:00:00,04,16,2012,03,142.3
04.16.2012-06:00:00,04,16,2012,06,140.86
04.16.2012-09:00:00,04,16,2012,09,195.74
04.16.2012-12:00:00,04,16,2012,12,268.98
04.16.2012-15:00:00,04,16,2012,15,227.62
04.16.2012-18:00:00,04,16,2012,18,206.24
04.16.2012-21:00:00,04,16,2012,21,189.1
04.17.2012-00:00:00,04,17,2012,00,218.46
04.17.2012-03:00:00,04,17,2012,03,162.79
04.17.2012-06:00:00,04,17,2012,06,191.56
04.17.2012-09:00:00,04,17,2012,09,238.06
04.17.2012-12:00:00,04,17,2012,12,278.92
04.17.2012-15:00:00,04,17,2012,15,255.36
04.17.2012-18:00:00,04,17,2012,18,248.67
04.17.2012-21:00:00,04,17,2012,21,239.34
04.18.2012-00:00:00,04,18,2012,00,163.54
04.18.2012-03:00:00,04,18,2012,03,159.07
04.18.2012-06:00:00,04,18,2012,06,157.43
04.18.2012-09:00:00,04,18,2012,09,192.26
04.18.2012-12:00:00,04,18,2012,12,275.55
04.18.2012-15:00:00,04,18,2012,15,238.89
04.18.2012-18:00:00,04,18,2012,18,211.65
04.18.2012-21:00:00,04,18,2012,21,190.45
04.19.2012-00:00:00,04,19,2012,00,163.87
04.19.2012-03:00:00,04,19,2012,03,162
04.19.2012-06:00:00,04,19,2012,06,159.53
04.19.2012-09:00:00,04,19,2012,09,152.78
04.19.2012-12:00:00,04,19,2012,12,253.72
04.19.2012-15:00:00,04,19,2012,15,259.61
04.19.2012-18:00:00,04,19,2012,18,225.41
04.19.2012-21:00:00,04,19,2012,21,206.63
04.20.2012-00:00:00,04,20,2012,00,202.88
04.20.2012-03:00:00,04,20,2012,03,168.76
04.20.2012-06:00:00,04,20,2012,06,301.17
04.20.2012-09:00:00,04,20,2012,09,368.55
04.20.2012-12:00:00,04,20,2012,12,448.08
04.20.2012-15:00:00,04,20,2012,15,462.78
04.20.2012-18:00:00,04,20,2012,18,422.95
04.20.2012-21:00:00,04,20,2012,21,426.65
04.21.2012-00:00:00,04,21,2012,00,225.19
04.21.2012-03:00:00,04,21,2012,03,214.07
04.21.2012-06:00:00,04,21,2012,06,211
04.21.2012-09:00:00,04,21,2012,09,271.25
04.21.2012-12:00:00,04,21,2012,12,364.34
04.21.2012-15:00:00,04,21,2012,15,342.44
04.21.2012-18:00:00,04,21,2012,18,304.65
04.21.2012-21:00:00,04,21,2012,21,299.58
04.22.2012-00:00:00,04,22,2012,00,238.48
04.22.2012-03:00:00,04,22,2012,03,222.26
04.22.2012-06:00:00,04,22,2012,06,216.05
04.22.2012-09:00:00,04,22,2012,09,305.86
04.22.2012-12:00:00,04,22,2012,12,441
04.22.2012-15:00:00,04,22,2012,15,399.43
04.22.2012-18:00:00,04,22,2012,18,363.42
04.22.2012-21:00:00,04,22,2012,21,315.11
04.23.2012-00:00:00,04,23,2012,00,294.83
04.23.2012-03:00:00,04,23,2012,03,277.44
04.23.2012-06:00:00,04,23,2012,06,271.18
04.23.2012-09:00:00,04,23,2012,09,407.71
04.23.2012-12:00:00,04,23,2012,12,550.98
04.23.2012-15:00:00,04,23,2012,15,513.96
04.23.2012-18:00:00,04,23,2012,18,492.37
04.23.2012-21:00:00,04,23,2012,21,424.31
04.24.2012-00:00:00,04,24,2012,00,391.43
04.24.2012-03:00:00,04,24,2012,03,359.87
04.24.2012-06:00:00,04,24,2012,06,338.69
04.24.2012-09:00:00,04,24,2012,09,485.13
04.24.2012-12:00:00,04,24,2012,12,642.1
04.24.2012-15:00:00,04,24,2012,15,608.27
04.24.2012-18:00:00,04,24,2012,18,563.21
04.24.2012-21:00:00,04,24,2012,21,527.14
04.25.2012-00:00:00,04,25,2012,00,503.8
04.25.2012-03:00:00,04,25,2012,03,428.02
04.25.2012-06:00:00,04,25,2012,06,405.67
04.25.2012-09:00:00,04,25,2012,09,533.52
04.25.2012-12:00:00,04,25,2012,12,643.06
04.25.2012-15:00:00,04,25,2012,15,601.13
04.25.2012-18:00:00,04,25,2012,18,587.52
04.25.2012-21:00:00,04,25,2012,21,510.29
04.26.2012-00:00:00,04,26,2012,00,547.75
04.26.2012-03:00:00,04,26,2012,03,526.7
04.26.2012-06:00:00,04,26,2012,06,537.09
04.26.2012-09:00:00,04,26,2012,09,636.27
04.26.2012-12:00:00,04,26,2012,12,728.98
04.26.2012-15:00:00,04,26,2012,15,742.75
04.26.2012-18:00:00,04,26,2012,18,638.4
04.26.2012-21:00:00,04,26,2012,21,675.72
04.27.2012-00:00:00,04,27,2012,00,568.44
04.27.2012-03:00:00,04,27,2012,03,527.06
04.27.2012-06:00:00,04,27,2012,06,496.75
04.27.2012-09:00:00,04,27,2012,09,501.57
04.27.2012-12:00:00,04,27,2012,12,562.07
04.27.2012-15:00:00,04,27,2012,15,548.62
04.27.2012-18:00:00,04,27,2012,18,529.33
04.27.2012-21:00:00,04,27,2012,21,511.45
04.28.2012-00:00:00,04,28,2012,00,482.57
04.28.2012-03:00:00,04,28,2012,03,457.76
04.28.2012-06:00:00,04,28,2012,06,451.19
04.28.2012-09:00:00,04,28,2012,09,524.21
04.28.2012-12:00:00,04,28,2012,12,600.83
04.28.2012-15:00:00,04,28,2012,15,576.69
04.28.2012-18:00:00,04,28,2012,18,548.44
04.28.2012-21:00:00,04,28,2012,21,536.01
04.29.2012-00:00:00,04,29,2012,00,495.89
04.29.2012-03:00:00,04,29,2012,03,465.06
04.29.2012-06:00:00,04,29,2012,06,456.83
04.29.2012-09:00:00,04,29,2012,09,584.02
04.29.2012-12:00:00,04,29,2012,12,699.3
04.29.2012-15:00:00,04,29,2012,15,688.62
04.29.2012-18:00:00,04,29,2012,18,686.92
04.29.2012-21:00:00,04,29,2012,21,619.55
04.30.2012-00:00:00,04,30,2012,00,619.43
04.30.2012-03:00:00,04,30,2012,03,495.41
04.30.2012-06:00:00,04,30,2012,06,458.57
04.30.2012-09:00:00,04,30,2012,09,519.47
04.30.2012-12:00:00,04,30,2012,12,644.42
04.30.2012-15:00:00,04,30,2012,15,649.74
04.30.2012-18:00:00,04,30,2012,18,657.51
04.30.2012-21:00:00,04,30,2012,21,632.28
05.01.2012-00:00:00,05,01,2012,00,563.24
05.01.2012-03:00:00,05,01,2012,03,534.21
05.01.2012-06:00:00,05,01,2012,06,539.37
05.01.2012-09:00:00,05,01,2012,09,568.19
05.01.2012-12:00:00,05,01,2012,12,595.98
05.01.2012-15:00:00,05,01,2012,15,602.71
05.01.2012-18:00:00,05,01,2012,18,572.08
05.01.2012-21:00:00,05,01,2012,21,580.29
05.02.2012-00:00:00,05,02,2012,00,512.11
05.02.2012-03:00:00,05,02,2012,03,475.67
05.02.2012-06:00:00,05,02,2012,06,476.23
05.02.2012-09:00:00,05,02,2012,09,557.36
05.02.2012-12:00:00,05,02,2012,12,630.12
05.02.2012-15:00:00,05,02,2012,15,608.33
05.02.2012-18:00:00,05,02,2012,18,597.64
05.02.2012-21:00:00,05,02,2012,21,567.47
05.03.2012-00:00:00,05,03,2012,00,490.51
05.03.2012-03:00:00,05,03,2012,03,462.76
05.03.2012-06:00:00,05,03,2012,06,444.01
05.03.2012-09:00:00,05,03,2012,09,451.19
05.03.2012-12:00:00,05,03,2012,12,586.42
05.03.2012-15:00:00,05,03,2012,15,582.44
05.03.2012-18:00:00,05,03,2012,18,557.72
05.03.2012-21:00:00,05,03,2012,21,527.26
05.04.2012-00:00:00,05,04,2012,00,550.76
05.04.2012-03:00:00,05,04,2012,03,540.16
05.04.2012-06:00:00,05,04,2012,06,545.78
05.04.2012-09:00:00,05,04,2012,09,599.48
05.04.2012-12:00:00,05,04,2012,12,630.1
05.04.2012-15:00:00,05,04,2012,15,617.12
05.04.2012-18:00:00,05,04,2012,18,617.27
05.04.2012-21:00:00,05,04,2012,21,608.59
05.05.2012-00:00:00,05,05,2012,00,554.57
05.05.2012-03:00:00,05,05,2012,03,488.27
05.05.2012-06:00:00,05,05,2012,06,476.19
05.05.2012-09:00:00,05,05,2012,09,525.85
05.05.2012-12:00:00,05,05,2012,12,578.32
05.05.2012-15:00:00,05,05,2012,15,564.36
05.05.2012-18:00:00,05,05,2012,18,545.38
05.05.2012-21:00:00,05,05,2012,21,520.4
05.06.2012-00:00:00,05,06,2012,00,494.01
05.06.2012-03:00:00,05,06,2012,03,472.76
05.06.2012-06:00:00,05,06,2012,06,480.52
05.06.2012-09:00:00,05,06,2012,09,559.06
05.06.2012-12:00:00,05,06,2012,12,630.68
05.06.2012-15:00:00,05,06,2012,15,610.5
05.06.2012-18:00:00,05,06,2012,18,566.48
05.06.2012-21:00:00,05,06,2012,21,560.96
05.07.2012-00:00:00,05,07,2012,00,478.84
05.07.2012-03:00:00,05,07,2012,03,452.56
05.07.2012-06:00:00,05,07,2012,06,429.68
05.07.2012-09:00:00,05,07,2012,09,580.74
05.07.2012-12:00:00,05,07,2012,12,714.21
05.07.2012-15:00:00,05,07,2012,15,702.3
05.07.2012-18:00:00,05,07,2012,18,652.72
05.07.2012-21:00:00,05,07,2012,21,631.21
05.08.2012-00:00:00,05,08,2012,00,535.01
05.08.2012-03:00:00,05,08,2012,03,530.51
05.08.2012-06:00:00,05,08,2012,06,500.3
05.08.2012-09:00:00,05,08,2012,09,657.65
05.08.2012-12:00:00,05,08,2012,12,816.28
05.08.2012-15:00:00,05,08,2012,15,823.02
05.08.2012-18:00:00,05,08,2012,18,845.62
05.08.2012-21:00:00,05,08,2012,21,754.12
05.09.2012-00:00:00,05,09,2012,00,666.88
05.09.2012-03:00:00,05,09,2012,03,599
05.09.2012-06:00:00,05,09,2012,06,609.59
05.09.2012-09:00:00,05,09,2012,09,724.43
05.09.2012-12:00:00,05,09,2012,12,908.11
05.09.2012-15:00:00,05,09,2012,15,922.03
05.09.2012-18:00:00,05,09,2012,18,951.08
05.09.2012-21:00:00,05,09,2012,21,785.3
05.10.2012-00:00:00,05,10,2012,00,779.49
05.10.2012-03:00:00,05,10,2012,03,665.79
05.10.2012-06:00:00,05,10,2012,06,634.69
05.10.2012-09:00:00,05,10,2012,09,700.48
05.10.2012-12:00:00,05,10,2012,12,770.46
05.10.2012-15:00:00,05,10,2012,15,790.45
05.10.2012-18:00:00,05,10,2012,18,713.17
05.10.2012-21:00:00,05,10,2012,21,673.45
05.11.2012-00:00:00,05,11,2012,00,629.73
05.11.2012-03:00:00,05,11,2012,03,596.2
05.11.2012-06:00:00,05,11,2012,06,550.62
05.11.2012-09:00:00,05,11,2012,09,687.25
05.11.2012-12:00:00,05,11,2012,12,795.01
05.11.2012-15:00:00,05,11,2012,15,779.14
05.11.2012-18:00:00,05,11,2012,18,738.29
05.11.2012-21:00:00,05,11,2012,21,683.43
05.12.2012-00:00:00,05,12,2012,00,602.1
05.12.2012-03:00:00,05,12,2012,03,562.15
05.12.2012-06:00:00,05,12,2012,06,529.78
05.12.2012-09:00:00,05,12,2012,09,723.19
05.12.2012-12:00:00,05,12,2012,12,901.31
05.12.2012-15:00:00,05,12,2012,15,916.75
05.12.2012-18:00:00,05,12,2012,18,899.39
05.12.2012-21:00:00,05,12,2012,21,809.08
05.13.2012-00:00:00,05,13,2012,00,720.66
05.13.2012-03:00:00,05,13,2012,03,665.59
05.13.2012-06:00:00,05,13,2012,06,667.53
05.13.2012-09:00:00,05,13,2012,09,844.11
05.13.2012-12:00:00,05,13,2012,12,1064.6
05.13.2012-15:00:00,05,13,2012,15,1124.6
05.13.2012-18:00:00,05,13,2012,18,1202.4
05.13.2012-21:00:00,05,13,2012,21,1085.4
05.14.2012-00:00:00,05,14,2012,00,990.16
05.14.2012-03:00:00,05,14,2012,03,879.7
05.14.2012-06:00:00,05,14,2012,06,821.66
05.14.2012-09:00:00,05,14,2012,09,1064
05.14.2012-12:00:00,05,14,2012,12,1279.4
05.14.2012-15:00:00,05,14,2012,15,1507.9
05.14.2012-18:00:00,05,14,2012,18,1467.6
05.14.2012-21:00:00,05,14,2012,21,1402.7
05.15.2012-00:00:00,05,15,2012,00,1264.3
05.15.2012-03:00:00,05,15,2012,03,1296.1
05.15.2012-06:00:00,05,15,2012,06,1126.6
05.15.2012-09:00:00,05,15,2012,09,1301.3
05.15.2012-12:00:00,05,15,2012,12,1574
05.15.2012-15:00:00,05,15,2012,15,1884.4
05.15.2012-18:00:00,05,15,2012,18,1876.5
05.15.2012-21:00:00,05,15,2012,21,1788.8
05.16.2012-00:00:00,05,16,2012,00,1688.9
05.16.2012-03:00:00,05,16,2012,03,1564.6
05.16.2012-06:00:00,05,16,2012,06,1472
05.16.2012-09:00:00,05,16,2012,09,1720.7
05.16.2012-12:00:00,05,16,2012,12,1918.6
05.16.2012-15:00:00,05,16,2012,15,2171.1
05.16.2012-18:00:00,05,16,2012,18,2092.2
05.16.2012-21:00:00,05,16,2012,21,2137.8
05.17.2012-00:00:00,05,17,2012,00,2072.9
05.17.2012-03:00:00,05,17,2012,03,2103.2
05.17.2012-06:00:00,05,17,2012,06,1959
05.17.2012-09:00:00,05,17,2012,09,2114.6
05.17.2012-12:00:00,05,17,2012,12,2250.1
05.17.2012-15:00:00,05,17,2012,15,2414.6
05.17.2012-18:00:00,05,17,2012,18,2329
05.17.2012-21:00:00,05,17,2012,21,2326.7
05.18.2012-00:00:00,05,18,2012,00,2331.4
05.18.2012-03:00:00,05,18,2012,03,2337.1
05.18.2012-06:00:00,05,18,2012,06,2229.2
05.18.2012-09:00:00,05,18,2012,09,2328.5
05.18.2012-12:00:00,05,18,2012,12,2433.6
05.18.2012-15:00:00,05,18,2012,15,2581
05.18.2012-18:00:00,05,18,2012,18,2526.8
05.18.2012-21:00:00,05,18,2012,21,2563.7
05.19.2012-00:00:00,05,19,2012,00,2481.1
05.19.2012-03:00:00,05,19,2012,03,2446
05.19.2012-06:00:00,05,19,2012,06,2295.3
05.19.2012-09:00:00,05,19,2012,09,2414
05.19.2012-12:00:00,05,19,2012,12,2484
05.19.2012-15:00:00,05,19,2012,15,2630.2
05.19.2012-18:00:00,05,19,2012,18,2571.3
05.19.2012-21:00:00,05,19,2012,21,2573.5
05.20.2012-00:00:00,05,20,2012,00,2429.8
05.20.2012-03:00:00,05,20,2012,03,2362
05.20.2012-06:00:00,05,20,2012,06,2191.2
05.20.2012-09:00:00,05,20,2012,09,2304.1
05.20.2012-12:00:00,05,20,2012,12,2395.2
05.20.2012-15:00:00,05,20,2012,15,2578.1
05.20.2012-18:00:00,05,20,2012,18,2515.5
05.20.2012-21:00:00,05,20,2012,21,2560.4
05.21.2012-00:00:00,05,21,2012,00,2474.8
05.21.2012-03:00:00,05,21,2012,03,2551
05.21.2012-06:00:00,05,21,2012,06,2499.5
05.21.2012-09:00:00,05,21,2012,09,2708.5
05.21.2012-12:00:00,05,21,2012,12,2756.4
05.21.2012-15:00:00,05,21,2012,15,2975.9
05.21.2012-18:00:00,05,21,2012,18,2940.2
05.21.2012-21:00:00,05,21,2012,21,3047
05.22.2012-00:00:00,05,22,2012,00,2931.8
05.22.2012-03:00:00,05,22,2012,03,2914.8
05.22.2012-06:00:00,05,22,2012,06,2820.6
05.22.2012-09:00:00,05,22,2012,09,2827.7
05.22.2012-12:00:00,05,22,2012,12,2841.9
05.22.2012-15:00:00,05,22,2012,15,2961.1
05.22.2012-18:00:00,05,22,2012,18,2894.2
05.22.2012-21:00:00,05,22,2012,21,2956.1
05.23.2012-00:00:00,05,23,2012,00,2886.5
05.23.2012-03:00:00,05,23,2012,03,2737.7
05.23.2012-06:00:00,05,23,2012,06,2563.7
05.23.2012-09:00:00,05,23,2012,09,2526.4
05.23.2012-12:00:00,05,23,2012,12,2517
05.23.2012-15:00:00,05,23,2012,15,2561.7
05.23.2012-18:00:00,05,23,2012,18,2465.9
05.23.2012-21:00:00,05,23,2012,21,2445.7
05.24.2012-00:00:00,05,24,2012,00,2335.8
05.24.2012-03:00:00,05,24,2012,03,2322.3
05.24.2012-06:00:00,05,24,2012,06,2226.4
05.24.2012-09:00:00,05,24,2012,09,2285.1
05.24.2012-12:00:00,05,24,2012,12,2319.4
05.24.2012-15:00:00,05,24,2012,15,2395.4
05.24.2012-18:00:00,05,24,2012,18,2315.7
05.24.2012-21:00:00,05,24,2012,21,2343.2
05.25.2012-00:00:00,05,25,2012,00,2193.6
05.25.2012-03:00:00,05,25,2012,03,2105.4
05.25.2012-06:00:00,05,25,2012,06,1961.9
05.25.2012-09:00:00,05,25,2012,09,2047.6
05.25.2012-12:00:00,05,25,2012,12,2040.6
05.25.2012-15:00:00,05,25,2012,15,2152.9
05.25.2012-18:00:00,05,25,2012,18,1980.1
05.25.2012-21:00:00,05,25,2012,21,1964.3
05.26.2012-00:00:00,05,26,2012,00,1821.1
05.26.2012-03:00:00,05,26,2012,03,1742.5
05.26.2012-06:00:00,05,26,2012,06,1577.3
05.26.2012-09:00:00,05,26,2012,09,1713
05.26.2012-12:00:00,05,26,2012,12,1852.1
05.26.2012-15:00:00,05,26,2012,15,2048.3
05.26.2012-18:00:00,05,26,2012,18,1960.3
05.26.2012-21:00:00,05,26,2012,21,1913.9
05.27.2012-00:00:00,05,27,2012,00,1768.6
05.27.2012-03:00:00,05,27,2012,03,1665.6
05.27.2012-06:00:00,05,27,2012,06,1499.7
05.27.2012-09:00:00,05,27,2012,09,1626.7
05.27.2012-12:00:00,05,27,2012,12,1831.8
05.27.2012-15:00:00,05,27,2012,15,2057.4
05.27.2012-18:00:00,05,27,2012,18,2004
05.27.2012-21:00:00,05,27,2012,21,1934.2
05.28.2012-00:00:00,05,28,2012,00,1811.2
05.28.2012-03:00:00,05,28,2012,03,1668
05.28.2012-06:00:00,05,28,2012,06,1474.5
05.28.2012-09:00:00,05,28,2012,09,1588.5
05.28.2012-12:00:00,05,28,2012,12,1762.9
05.28.2012-15:00:00,05,28,2012,15,1965.5
05.28.2012-18:00:00,05,28,2012,18,1877.5
05.28.2012-21:00:00,05,28,2012,21,1828.3
05.29.2012-00:00:00,05,29,2012,00,1708.7
05.29.2012-03:00:00,05,29,2012,03,1574
05.29.2012-06:00:00,05,29,2012,06,1416.2
05.29.2012-09:00:00,05,29,2012,09,1550.8
05.29.2012-12:00:00,05,29,2012,12,1743.4
05.29.2012-15:00:00,05,29,2012,15,1981.7
05.29.2012-18:00:00,05,29,2012,18,1890.6
05.29.2012-21:00:00,05,29,2012,21,1872.9
05.30.2012-00:00:00,05,30,2012,00,1744.4
05.30.2012-03:00:00,05,30,2012,03,1682.8
05.30.2012-06:00:00,05,30,2012,06,1566
05.30.2012-09:00:00,05,30,2012,09,1641.2
05.30.2012-12:00:00,05,30,2012,12,1805.1
05.30.2012-15:00:00,05,30,2012,15,1963.6
05.30.2012-18:00:00,05,30,2012,18,1930.1
05.30.2012-21:00:00,05,30,2012,21,1883.6
05.31.2012-00:00:00,05,31,2012,00,1829.8
05.31.2012-03:00:00,05,31,2012,03,1746.3
05.31.2012-06:00:00,05,31,2012,06,1676.8
05.31.2012-09:00:00,05,31,2012,09,1821
05.31.2012-12:00:00,05,31,2012,12,2009.6
05.31.2012-15:00:00,05,31,2012,15,2231.2
05.31.2012-18:00:00,05,31,2012,18,2197.9
05.31.2012-21:00:00,05,31,2012,21,2204.6
06.01.2012-00:00:00,06,01,2012,00,2150.9
06.01.2012-03:00:00,06,01,2012,03,2088.5
06.01.2012-06:00:00,06,01,2012,06,1985.1
06.01.2012-09:00:00,06,01,2012,09,2121.1
06.01.2012-12:00:00,06,01,2012,12,2357.2
06.01.2012-15:00:00,06,01,2012,15,2516.7
06.01.2012-18:00:00,06,01,2012,18,2493.8
06.01.2012-21:00:00,06,01,2012,21,2547
06.02.2012-00:00:00,06,02,2012,00,2509.3
06.02.2012-03:00:00,06,02,2012,03,2449.7
06.02.2012-06:00:00,06,02,2012,06,2348.2
06.02.2012-09:00:00,06,02,2012,09,2481.6
06.02.2012-12:00:00,06,02,2012,12,2600.7
06.02.2012-15:00:00,06,02,2012,15,2728.1
06.02.2012-18:00:00,06,02,2012,18,2745.9
06.02.2012-21:00:00,06,02,2012,21,2775.7
06.03.2012-00:00:00,06,03,2012,00,2705.5
06.03.2012-03:00:00,06,03,2012,03,2656.6
06.03.2012-06:00:00,06,03,2012,06,2543.9
06.03.2012-09:00:00,06,03,2012,09,2601.2
06.03.2012-12:00:00,06,03,2012,12,2763.7
06.03.2012-15:00:00,06,03,2012,15,2831.4
06.03.2012-18:00:00,06,03,2012,18,2844.1
06.03.2012-21:00:00,06,03,2012,21,2852.1
06.04.2012-00:00:00,06,04,2012,00,2813.3
06.04.2012-03:00:00,06,04,2012,03,2755.8
06.04.2012-06:00:00,06,04,2012,06,2602.2
06.04.2012-09:00:00,06,04,2012,09,2568
06.04.2012-12:00:00,06,04,2012,12,2601.9
06.04.2012-15:00:00,06,04,2012,15,2690.3
06.04.2012-18:00:00,06,04,2012,18,2638.3
06.04.2012-21:00:00,06,04,2012,21,2674.2
06.05.2012-00:00:00,06,05,2012,00,2715.4
06.05.2012-03:00:00,06,05,2012,03,2861.3
06.05.2012-06:00:00,06,05,2012,06,2867.6
06.05.2012-09:00:00,06,05,2012,09,2971.8
06.05.2012-12:00:00,06,05,2012,12,3076.8
06.05.2012-15:00:00,06,05,2012,15,3170.1
06.05.2012-18:00:00,06,05,2012,18,3246.9
06.05.2012-21:00:00,06,05,2012,21,3414
06.06.2012-00:00:00,06,06,2012,00,3194.3
06.06.2012-03:00:00,06,06,2012,03,3088.3
06.06.2012-06:00:00,06,06,2012,06,2802.8
06.06.2012-09:00:00,06,06,2012,09,2716.2
06.06.2012-12:00:00,06,06,2012,12,2577.2
06.06.2012-15:00:00,06,06,2012,15,2553.6
06.06.2012-18:00:00,06,06,2012,18,2432
06.06.2012-21:00:00,06,06,2012,21,2401.9
06.07.2012-00:00:00,06,07,2012,00,2279.6
06.07.2012-03:00:00,06,07,2012,03,2202.2
06.07.2012-06:00:00,06,07,2012,06,2056.3
06.07.2012-09:00:00,06,07,2012,09,2026
06.07.2012-12:00:00,06,07,2012,12,1991.6
06.07.2012-15:00:00,06,07,2012,15,2019.1
06.07.2012-18:00:00,06,07,2012,18,1966.7
06.07.2012-21:00:00,06,07,2012,21,1967.4
06.08.2012-00:00:00,06,08,2012,00,1949.1
06.08.2012-03:00:00,06,08,2012,03,1925
06.08.2012-06:00:00,06,08,2012,06,1886.1
06.08.2012-09:00:00,06,08,2012,09,1935
06.08.2012-12:00:00,06,08,2012,12,1966.2
06.08.2012-15:00:00,06,08,2012,15,2020.6
06.08.2012-18:00:00,06,08,2012,18,2018.4
06.08.2012-21:00:00,06,08,2012,21,2077.2
06.09.2012-00:00:00,06,09,2012,00,1885.9
06.09.2012-03:00:00,06,09,2012,03,1813.1
06.09.2012-06:00:00,06,09,2012,06,1571.3
06.09.2012-09:00:00,06,09,2012,09,1573.2
06.09.2012-12:00:00,06,09,2012,12,1506.3
06.09.2012-15:00:00,06,09,2012,15,1580.3
06.09.2012-18:00:00,06,09,2012,18,1532.6
06.09.2012-21:00:00,06,09,2012,21,1531.4
06.10.2012-00:00:00,06,10,2012,00,1427
06.10.2012-03:00:00,06,10,2012,03,1428
06.10.2012-06:00:00,06,10,2012,06,1328
06.10.2012-09:00:00,06,10,2012,09,1352.9
06.10.2012-12:00:00,06,10,2012,12,1373.4
06.10.2012-15:00:00,06,10,2012,15,1371.1
06.10.2012-18:00:00,06,10,2012,18,1383.4
06.10.2012-21:00:00,06,10,2012,21,1354
06.11.2012-00:00:00,06,11,2012,00,1322.3
06.11.2012-03:00:00,06,11,2012,03,1246.9
06.11.2012-06:00:00,06,11,2012,06,1168.6
06.11.2012-09:00:00,06,11,2012,09,1260.3
06.11.2012-12:00:00,06,11,2012,12,1330.1
06.11.2012-15:00:00,06,11,2012,15,1485.9
06.11.2012-18:00:00,06,11,2012,18,1466.5
06.11.2012-21:00:00,06,11,2012,21,1438.6
06.12.2012-00:00:00,06,12,2012,00,1318.2
06.12.2012-03:00:00,06,12,2012,03,1340.3
06.12.2012-06:00:00,06,12,2012,06,1121.3
06.12.2012-09:00:00,06,12,2012,09,1213.5
06.12.2012-12:00:00,06,12,2012,12,1435.4
06.12.2012-15:00:00,06,12,2012,15,1543.9
06.12.2012-18:00:00,06,12,2012,18,1641.6
06.12.2012-21:00:00,06,12,2012,21,1585.6
06.13.2012-00:00:00,06,13,2012,00,1553
06.13.2012-03:00:00,06,13,2012,03,1502.7
06.13.2012-06:00:00,06,13,2012,06,1426.3
06.13.2012-09:00:00,06,13,2012,09,1394.2
06.13.2012-12:00:00,06,13,2012,12,1541
06.13.2012-15:00:00,06,13,2012,15,1619.3
06.13.2012-18:00:00,06,13,2012,18,1714.6
06.13.2012-21:00:00,06,13,2012,21,1688.9
06.14.2012-00:00:00,06,14,2012,00,1718.7
06.14.2012-03:00:00,06,14,2012,03,1602.3
06.14.2012-06:00:00,06,14,2012,06,1562.7
06.14.2012-09:00:00,06,14,2012,09,1502.9
06.14.2012-12:00:00,06,14,2012,12,1593.3
06.14.2012-15:00:00,06,14,2012,15,1642
06.14.2012-18:00:00,06,14,2012,18,1749.9
06.14.2012-21:00:00,06,14,2012,21,1765.4
06.15.2012-00:00:00,06,15,2012,00,1808.4
06.15.2012-03:00:00,06,15,2012,03,1723.1
06.15.2012-06:00:00,06,15,2012,06,1731.7
06.15.2012-09:00:00,06,15,2012,09,1721.2
06.15.2012-12:00:00,06,15,2012,12,1673.8
06.15.2012-15:00:00,06,15,2012,15,1742.6
06.15.2012-18:00:00,06,15,2012,18,1872.1
06.15.2012-21:00:00,06,15,2012,21,1954.2
06.16.2012-00:00:00,06,16,2012,00,2062.3
06.16.2012-03:00:00,06,16,2012,03,2042.5
06.16.2012-06:00:00,06,16,2012,06,1974.6
06.16.2012-09:00:00,06,16,2012,09,1795.8
06.16.2012-12:00:00,06,16,2012,12,1738.2
06.16.2012-15:00:00,06,16,2012,15,1788.9
06.16.2012-18:00:00,06,16,2012,18,2019.3
06.16.2012-21:00:00,06,16,2012,21,2197.4
06.17.2012-00:00:00,06,17,2012,00,2323.7
06.17.2012-03:00:00,06,17,2012,03,2345.2
06.17.2012-06:00:00,06,17,2012,06,2300
06.17.2012-09:00:00,06,17,2012,09,2157.3
06.17.2012-12:00:00,06,17,2012,12,2134.1
06.17.2012-15:00:00,06,17,2012,15,2164.7
06.17.2012-18:00:00,06,17,2012,18,2374.1
06.17.2012-21:00:00,06,17,2012,21,2493.4
06.18.2012-00:00:00,06,18,2012,00,2660.3
06.18.2012-03:00:00,06,18,2012,03,2650.3
06.18.2012-06:00:00,06,18,2012,06,2623.9
06.18.2012-09:00:00,06,18,2012,09,2404.8
06.18.2012-12:00:00,06,18,2012,12,2390.6
06.18.2012-15:00:00,06,18,2012,15,2419.2
06.18.2012-18:00:00,06,18,2012,18,2576.4
06.18.2012-21:00:00,06,18,2012,21,2668.1
06.19.2012-00:00:00,06,19,2012,00,2878.7
06.19.2012-03:00:00,06,19,2012,03,2836.5
06.19.2012-06:00:00,06,19,2012,06,2828.2
06.19.2012-09:00:00,06,19,2012,09,2535.8
06.19.2012-12:00:00,06,19,2012,12,2562.5
06.19.2012-15:00:00,06,19,2012,15,2387.4
06.19.2012-18:00:00,06,19,2012,18,2565.9
06.19.2012-21:00:00,06,19,2012,21,2562.1
06.20.2012-00:00:00,06,20,2012,00,2709.3
06.20.2012-03:00:00,06,20,2012,03,2612.1
06.20.2012-06:00:00,06,20,2012,06,2506.2
06.20.2012-09:00:00,06,20,2012,09,2243.8
06.20.2012-12:00:00,06,20,2012,12,2139.1
06.20.2012-15:00:00,06,20,2012,15,2054.8
06.20.2012-18:00:00,06,20,2012,18,2197
06.20.2012-21:00:00,06,20,2012,21,2300.9
06.21.2012-00:00:00,06,21,2012,00,2377.7
06.21.2012-03:00:00,06,21,2012,03,2464.1
06.21.2012-06:00:00,06,21,2012,06,2324.2
06.21.2012-09:00:00,06,21,2012,09,2163.9
06.21.2012-12:00:00,06,21,2012,12,1924
06.21.2012-15:00:00,06,21,2012,15,1981.7
06.21.2012-18:00:00,06,21,2012,18,2099
06.21.2012-21:00:00,06,21,2012,21,2287.5
06.22.2012-00:00:00,06,22,2012,00,2436.6
06.22.2012-03:00:00,06,22,2012,03,2574.8
06.22.2012-06:00:00,06,22,2012,06,2435.9
06.22.2012-09:00:00,06,22,2012,09,2295.4
06.22.2012-12:00:00,06,22,2012,12,2097
06.22.2012-15:00:00,06,22,2012,15,2158.8
06.22.2012-18:00:00,06,22,2012,18,2342.8
06.22.2012-21:00:00,06,22,2012,21,2570.7
06.23.2012-00:00:00,06,23,2012,00,2887
06.23.2012-03:00:00,06,23,2012,03,3048.4
06.23.2012-06:00:00,06,23,2012,06,3136.8
06.23.2012-09:00:00,06,23,2012,09,2992.4
06.23.2012-12:00:00,06,23,2012,12,3023.8
06.23.2012-15:00:00,06,23,2012,15,3010.8
06.23.2012-18:00:00,06,23,2012,18,3201.2
06.23.2012-21:00:00,06,23,2012,21,3308.3
06.24.2012-00:00:00,06,24,2012,00,3397.4
06.24.2012-03:00:00,06,24,2012,03,3407
06.24.2012-06:00:00,06,24,2012,06,3225.1
06.24.2012-09:00:00,06,24,2012,09,3036.1
06.24.2012-12:00:00,06,24,2012,12,2884
06.24.2012-15:00:00,06,24,2012,15,2934.3
06.24.2012-18:00:00,06,24,2012,18,2998.8
06.24.2012-21:00:00,06,24,2012,21,3077.9
06.25.2012-00:00:00,06,25,2012,00,3125.2
06.25.2012-03:00:00,06,25,2012,03,3052.5
06.25.2012-06:00:00,06,25,2012,06,2991
06.25.2012-09:00:00,06,25,2012,09,2825.7
06.25.2012-12:00:00,06,25,2012,12,2706.4
06.25.2012-15:00:00,06,25,2012,15,2664.2
06.25.2012-18:00:00,06,25,2012,18,2797
06.25.2012-21:00:00,06,25,2012,21,2907.6
06.26.2012-00:00:00,06,26,2012,00,3011
06.26.2012-03:00:00,06,26,2012,03,2989.4
06.26.2012-06:00:00,06,26,2012,06,2913.1
06.26.2012-09:00:00,06,26,2012,09,2779.1
06.26.2012-12:00:00,06,26,2012,12,2651.2
06.26.2012-15:00:00,06,26,2012,15,2659.3
06.26.2012-18:00:00,06,26,2012,18,2758.6
06.26.2012-21:00:00,06,26,2012,21,2910.8
06.27.2012-00:00:00,06,27,2012,00,3015.4
06.27.2012-03:00:00,06,27,2012,03,2995.4
06.27.2012-06:00:00,06,27,2012,06,2993.8
06.27.2012-09:00:00,06,27,2012,09,2880.1
06.27.2012-12:00:00,06,27,2012,12,2811.7
06.27.2012-15:00:00,06,27,2012,15,2703.9
06.27.2012-18:00:00,06,27,2012,18,2711.3
06.27.2012-21:00:00,06,27,2012,21,2700.1
06.28.2012-00:00:00,06,28,2012,00,2600.5
06.28.2012-03:00:00,06,28,2012,03,2525
06.28.2012-06:00:00,06,28,2012,06,2302.9
06.28.2012-09:00:00,06,28,2012,09,2141.7
06.28.2012-12:00:00,06,28,2012,12,1944.7
06.28.2012-15:00:00,06,28,2012,15,1953.1
06.28.2012-18:00:00,06,28,2012,18,1988.5
06.28.2012-21:00:00,06,28,2012,21,2125.1
06.29.2012-00:00:00,06,29,2012,00,2045.1
06.29.2012-03:00:00,06,29,2012,03,2159.3
06.29.2012-06:00:00,06,29,2012,06,2068.3
06.29.2012-09:00:00,06,29,2012,09,2038
06.29.2012-12:00:00,06,29,2012,12,1779.1
06.29.2012-15:00:00,06,29,2012,15,1749.1
06.29.2012-18:00:00,06,29,2012,18,1864.7
06.29.2012-21:00:00,06,29,2012,21,1951.5
06.30.2012-00:00:00,06,30,2012,00,2052.3
06.30.2012-03:00:00,06,30,2012,03,2153.2
06.30.2012-06:00:00,06,30,2012,06,2071.7
06.30.2012-09:00:00,06,30,2012,09,1998.6
06.30.2012-12:00:00,06,30,2012,12,1891
06.30.2012-15:00:00,06,30,2012,15,2049.9
06.30.2012-18:00:00,06,30,2012,18,2169.3
06.30.2012-21:00:00,06,30,2012,21,2284.4
07.01.2012-00:00:00,07,01,2012,00,2291.6
07.01.2012-03:00:00,07,01,2012,03,2445
07.01.2012-06:00:00,07,01,2012,06,2270.7
07.01.2012-09:00:00,07,01,2012,09,2271.3
07.01.2012-12:00:00,07,01,2012,12,2166.3
07.01.2012-15:00:00,07,01,2012,15,2227.6
07.01.2012-18:00:00,07,01,2012,18,2249.7
07.01.2012-21:00:00,07,01,2012,21,2372.3
07.02.2012-00:00:00,07,02,2012,00,2452.2
07.02.2012-03:00:00,07,02,2012,03,2528.1
07.02.2012-06:00:00,07,02,2012,06,2440.3
07.02.2012-09:00:00,07,02,2012,09,2351.3
07.02.2012-12:00:00,07,02,2012,12,2314.8
07.02.2012-15:00:00,07,02,2012,15,2286.8
07.02.2012-18:00:00,07,02,2012,18,2306
07.02.2012-21:00:00,07,02,2012,21,2413.1
07.03.2012-00:00:00,07,03,2012,00,2389.8
07.03.2012-03:00:00,07,03,2012,03,2499.2
07.03.2012-06:00:00,07,03,2012,06,2286.9
07.03.2012-09:00:00,07,03,2012,09,2220
07.03.2012-12:00:00,07,03,2012,12,2033.3
07.03.2012-15:00:00,07,03,2012,15,2103.9
07.03.2012-18:00:00,07,03,2012,18,1914.3
07.03.2012-21:00:00,07,03,2012,21,1984.2
07.04.2012-00:00:00,07,04,2012,00,2012.8
07.04.2012-03:00:00,07,04,2012,03,2114.9
07.04.2012-06:00:00,07,04,2012,06,2117.9
07.04.2012-09:00:00,07,04,2012,09,2026.7
07.04.2012-12:00:00,07,04,2012,12,1967.6
07.04.2012-15:00:00,07,04,2012,15,1991.8
07.04.2012-18:00:00,07,04,2012,18,1915.2
07.04.2012-21:00:00,07,04,2012,21,1956.9
07.05.2012-00:00:00,07,05,2012,00,1881.4
07.05.2012-03:00:00,07,05,2012,03,1907.2
07.05.2012-06:00:00,07,05,2012,06,1812.8
07.05.2012-09:00:00,07,05,2012,09,1735.9
07.05.2012-12:00:00,07,05,2012,12,1583.2
07.05.2012-15:00:00,07,05,2012,15,1548.1
07.05.2012-18:00:00,07,05,2012,18,1524.9
07.05.2012-21:00:00,07,05,2012,21,1417.4
07.06.2012-00:00:00,07,06,2012,00,1396.8
07.06.2012-03:00:00,07,06,2012,03,1476.5
07.06.2012-06:00:00,07,06,2012,06,1481.4
07.06.2012-09:00:00,07,06,2012,09,1429.4
07.06.2012-12:00:00,07,06,2012,12,1328
07.06.2012-15:00:00,07,06,2012,15,1282.6
07.06.2012-18:00:00,07,06,2012,18,1281.8
07.06.2012-21:00:00,07,06,2012,21,1240.3
07.07.2012-00:00:00,07,07,2012,00,1308.7
07.07.2012-03:00:00,07,07,2012,03,1390.4
07.07.2012-06:00:00,07,07,2012,06,1445.8
07.07.2012-09:00:00,07,07,2012,09,1376.4
07.07.2012-12:00:00,07,07,2012,12,1360.1
07.07.2012-15:00:00,07,07,2012,15,1366.6
07.07.2012-18:00:00,07,07,2012,18,1400.7
07.07.2012-21:00:00,07,07,2012,21,1351.6
07.08.2012-00:00:00,07,08,2012,00,1468.8
07.08.2012-03:00:00,07,08,2012,03,1540.3
07.08.2012-06:00:00,07,08,2012,06,1655.9
07.08.2012-09:00:00,07,08,2012,09,1564.4
07.08.2012-12:00:00,07,08,2012,12,1612.9
07.08.2012-15:00:00,07,08,2012,15,1452.7
07.08.2012-18:00:00,07,08,2012,18,1560.2
07.08.2012-21:00:00,07,08,2012,21,1474.1
07.09.2012-00:00:00,07,09,2012,00,1598.1
07.09.2012-03:00:00,07,09,2012,03,1656.1
07.09.2012-06:00:00,07,09,2012,06,1674.5
07.09.2012-09:00:00,07,09,2012,09,1646.8
07.09.2012-12:00:00,07,09,2012,12,1671.3
07.09.2012-15:00:00,07,09,2012,15,1623.2
07.09.2012-18:00:00,07,09,2012,18,1722.7
07.09.2012-21:00:00,07,09,2012,21,1701.9
07.10.2012-00:00:00,07,10,2012,00,1794.1
07.10.2012-03:00:00,07,10,2012,03,1851.1
07.10.2012-06:00:00,07,10,2012,06,1865.3
07.10.2012-09:00:00,07,10,2012,09,1863.5
07.10.2012-12:00:00,07,10,2012,12,1842.5
07.10.2012-15:00:00,07,10,2012,15,1789.9
07.10.2012-18:00:00,07,10,2012,18,1895.3
07.10.2012-21:00:00,07,10,2012,21,1815.1
07.11.2012-00:00:00,07,11,2012,00,1854
07.11.2012-03:00:00,07,11,2012,03,1849.8
07.11.2012-06:00:00,07,11,2012,06,1726.3
07.11.2012-09:00:00,07,11,2012,09,1710.2
07.11.2012-12:00:00,07,11,2012,12,1714
07.11.2012-15:00:00,07,11,2012,15,1750.6
07.11.2012-18:00:00,07,11,2012,18,1791.1
07.11.2012-21:00:00,07,11,2012,21,1700.2
07.12.2012-00:00:00,07,12,2012,00,1758.4
07.12.2012-03:00:00,07,12,2012,03,1669.2
07.12.2012-06:00:00,07,12,2012,06,1695.9
07.12.2012-09:00:00,07,12,2012,09,1561.1
07.12.2012-12:00:00,07,12,2012,12,1643.1
07.12.2012-15:00:00,07,12,2012,15,1549
07.12.2012-18:00:00,07,12,2012,18,1590.1
07.12.2012-21:00:00,07,12,2012,21,1510.8
07.13.2012-00:00:00,07,13,2012,00,1499.9
07.13.2012-03:00:00,07,13,2012,03,1504.6
07.13.2012-06:00:00,07,13,2012,06,1421.8
07.13.2012-09:00:00,07,13,2012,09,1337.3
07.13.2012-12:00:00,07,13,2012,12,1319.8
07.13.2012-15:00:00,07,13,2012,15,1349.7
07.13.2012-18:00:00,07,13,2012,18,1367.6
07.13.2012-21:00:00,07,13,2012,21,1307.3
07.14.2012-00:00:00,07,14,2012,00,1275.5
07.14.2012-03:00:00,07,14,2012,03,1268.4
07.14.2012-06:00:00,07,14,2012,06,1247.3
07.14.2012-09:00:00,07,14,2012,09,1151.8
07.14.2012-12:00:00,07,14,2012,12,1159.3
07.14.2012-15:00:00,07,14,2012,15,1156.5
07.14.2012-18:00:00,07,14,2012,18,1225.5
07.14.2012-21:00:00,07,14,2012,21,1197.7
07.15.2012-00:00:00,07,15,2012,00,1231.3
07.15.2012-03:00:00,07,15,2012,03,1281.6
07.15.2012-06:00:00,07,15,2012,06,1349.3
07.15.2012-09:00:00,07,15,2012,09,1317.4
07.15.2012-12:00:00,07,15,2012,12,1361.7
07.15.2012-15:00:00,07,15,2012,15,1431.8
07.15.2012-18:00:00,07,15,2012,18,1444.1
07.15.2012-21:00:00,07,15,2012,21,1484.9
07.16.2012-00:00:00,07,16,2012,00,1505.7
07.16.2012-03:00:00,07,16,2012,03,1445.9
07.16.2012-06:00:00,07,16,2012,06,1423.7
07.16.2012-09:00:00,07,16,2012,09,1383.8
07.16.2012-12:00:00,07,16,2012,12,1303.4
07.16.2012-15:00:00,07,16,2012,15,1318.7
07.16.2012-18:00:00,07,16,2012,18,1380.6
07.16.2012-21:00:00,07,16,2012,21,1356.7
07.17.2012-00:00:00,07,17,2012,00,1340.5
07.17.2012-03:00:00,07,17,2012,03,1310.2
07.17.2012-06:00:00,07,17,2012,06,1290.7
07.17.2012-09:00:00,07,17,2012,09,1178.9
07.17.2012-12:00:00,07,17,2012,12,1135.2
07.17.2012-15:00:00,07,17,2012,15,1096.6
07.17.2012-18:00:00,07,17,2012,18,1114.1
07.17.2012-21:00:00,07,17,2012,21,1076.6
07.18.2012-00:00:00,07,18,2012,00,1127.8
07.18.2012-03:00:00,07,18,2012,03,1093.6
07.18.2012-06:00:00,07,18,2012,06,1063.8
07.18.2012-09:00:00,07,18,2012,09,1039.1
07.18.2012-12:00:00,07,18,2012,12,973.79
07.18.2012-15:00:00,07,18,2012,15,927.33
07.18.2012-18:00:00,07,18,2012,18,988.52
07.18.2012-21:00:00,07,18,2012,21,969.5
07.19.2012-00:00:00,07,19,2012,00,1005.7
07.19.2012-03:00:00,07,19,2012,03,986.82
07.19.2012-06:00:00,07,19,2012,06,956.52
07.19.2012-09:00:00,07,19,2012,09,882.93
07.19.2012-12:00:00,07,19,2012,12,924.57
07.19.2012-15:00:00,07,19,2012,15,836.14
07.19.2012-18:00:00,07,19,2012,18,895.39
07.19.2012-21:00:00,07,19,2012,21,874.57
07.20.2012-00:00:00,07,20,2012,00,909.77
07.20.2012-03:00:00,07,20,2012,03,877.2
07.20.2012-06:00:00,07,20,2012,06,863.78
07.20.2012-09:00:00,07,20,2012,09,794.86
07.20.2012-12:00:00,07,20,2012,12,803.47
07.20.2012-15:00:00,07,20,2012,15,769.89
07.20.2012-18:00:00,07,20,2012,18,828.08
07.20.2012-21:00:00,07,20,2012,21,802.32
07.21.2012-00:00:00,07,21,2012,00,888.23
07.21.2012-03:00:00,07,21,2012,03,912.93
07.21.2012-06:00:00,07,21,2012,06,946.71
07.21.2012-09:00:00,07,21,2012,09,979.65
07.21.2012-12:00:00,07,21,2012,12,964.56
07.21.2012-15:00:00,07,21,2012,15,1035.4
07.21.2012-18:00:00,07,21,2012,18,1068.4
07.21.2012-21:00:00,07,21,2012,21,1090.4
07.22.2012-00:00:00,07,22,2012,00,1040.3
07.22.2012-03:00:00,07,22,2012,03,1011.9
07.22.2012-06:00:00,07,22,2012,06,918.69
07.22.2012-09:00:00,07,22,2012,09,933.7
07.22.2012-12:00:00,07,22,2012,12,782.52
07.22.2012-15:00:00,07,22,2012,15,787.33
07.22.2012-18:00:00,07,22,2012,18,751.93
07.22.2012-21:00:00,07,22,2012,21,785
07.23.2012-00:00:00,07,23,2012,00,772.41
07.23.2012-03:00:00,07,23,2012,03,789.29
07.23.2012-06:00:00,07,23,2012,06,757.71
07.23.2012-09:00:00,07,23,2012,09,717.76
07.23.2012-12:00:00,07,23,2012,12,681.85
07.23.2012-15:00:00,07,23,2012,15,668.1
07.23.2012-18:00:00,07,23,2012,18,666.76
07.23.2012-21:00:00,07,23,2012,21,694.76
07.24.2012-00:00:00,07,24,2012,00,715.6
07.24.2012-03:00:00,07,24,2012,03,727.2
07.24.2012-06:00:00,07,24,2012,06,712.2
07.24.2012-09:00:00,07,24,2012,09,685.3
07.24.2012-12:00:00,07,24,2012,12,671.91
07.24.2012-15:00:00,07,24,2012,15,653.19
07.24.2012-18:00:00,07,24,2012,18,653.67
07.24.2012-21:00:00,07,24,2012,21,682.56
07.25.2012-00:00:00,07,25,2012,00,690.89
07.25.2012-03:00:00,07,25,2012,03,688.63
07.25.2012-06:00:00,07,25,2012,06,647.15
07.25.2012-09:00:00,07,25,2012,09,610.07
07.25.2012-12:00:00,07,25,2012,12,560.32
07.25.2012-15:00:00,07,25,2012,15,561.8
07.25.2012-18:00:00,07,25,2012,18,561.16
07.25.2012-21:00:00,07,25,2012,21,594.27
07.26.2012-00:00:00,07,26,2012,00,590.06
07.26.2012-03:00:00,07,26,2012,03,605.17
07.26.2012-06:00:00,07,26,2012,06,561.22
07.26.2012-09:00:00,07,26,2012,09,526.26
07.26.2012-12:00:00,07,26,2012,12,485.79
07.26.2012-15:00:00,07,26,2012,15,509.16
07.26.2012-18:00:00,07,26,2012,18,506.46
07.26.2012-21:00:00,07,26,2012,21,543.53
07.27.2012-00:00:00,07,27,2012,00,605.12
07.27.2012-03:00:00,07,27,2012,03,660.96
07.27.2012-06:00:00,07,27,2012,06,660.58
07.27.2012-09:00:00,07,27,2012,09,643
07.27.2012-12:00:00,07,27,2012,12,625.5
07.27.2012-15:00:00,07,27,2012,15,646.33
07.27.2012-18:00:00,07,27,2012,18,668.51
07.27.2012-21:00:00,07,27,2012,21,686.64
07.28.2012-00:00:00,07,28,2012,00,652.45
07.28.2012-03:00:00,07,28,2012,03,606
07.28.2012-06:00:00,07,28,2012,06,550.73
07.28.2012-09:00:00,07,28,2012,09,492.32
07.28.2012-12:00:00,07,28,2012,12,456.53
07.28.2012-15:00:00,07,28,2012,15,463.04
07.28.2012-18:00:00,07,28,2012,18,474.48
07.28.2012-21:00:00,07,28,2012,21,492.48
07.29.2012-00:00:00,07,29,2012,00,493.11
07.29.2012-03:00:00,07,29,2012,03,503.81
07.29.2012-06:00:00,07,29,2012,06,454.39
07.29.2012-09:00:00,07,29,2012,09,420.07
07.29.2012-12:00:00,07,29,2012,12,401.24
07.29.2012-15:00:00,07,29,2012,15,406.08
07.29.2012-18:00:00,07,29,2012,18,443.18
07.29.2012-21:00:00,07,29,2012,21,446.59
07.30.2012-00:00:00,07,30,2012,00,474.58
07.30.2012-03:00:00,07,30,2012,03,452.97
07.30.2012-06:00:00,07,30,2012,06,430.67
07.30.2012-09:00:00,07,30,2012,09,370.81
07.30.2012-12:00:00,07,30,2012,12,383.24
07.30.2012-15:00:00,07,30,2012,15,377.72
07.30.2012-18:00:00,07,30,2012,18,416.24
07.30.2012-21:00:00,07,30,2012,21,412.92
07.31.2012-00:00:00,07,31,2012,00,428.75
07.31.2012-03:00:00,07,31,2012,03,414.69
07.31.2012-06:00:00,07,31,2012,06,383.17
07.31.2012-09:00:00,07,31,2012,09,357.64
07.31.2012-12:00:00,07,31,2012,12,342.15
07.31.2012-15:00:00,07,31,2012,15,364.32
07.31.2012-18:00:00,07,31,2012,18,378.13
07.31.2012-21:00:00,07,31,2012,21,391.17
08.01.2012-00:00:00,08,01,2012,00,396.34
08.01.2012-03:00:00,08,01,2012,03,389.88
08.01.2012-06:00:00,08,01,2012,06,355.27
08.01.2012-09:00:00,08,01,2012,09,317.39
08.01.2012-12:00:00,08,01,2012,12,310.75
08.01.2012-15:00:00,08,01,2012,15,325.46
08.01.2012-18:00:00,08,01,2012,18,355.15
08.01.2012-21:00:00,08,01,2012,21,365.65
08.02.2012-00:00:00,08,02,2012,00,369.01
08.02.2012-03:00:00,08,02,2012,03,364.54
08.02.2012-06:00:00,08,02,2012,06,331.66
08.02.2012-09:00:00,08,02,2012,09,293.67
08.02.2012-12:00:00,08,02,2012,12,289.99
08.02.2012-15:00:00,08,02,2012,15,304.92
08.02.2012-18:00:00,08,02,2012,18,333.38
08.02.2012-21:00:00,08,02,2012,21,344.3
08.03.2012-00:00:00,08,03,2012,00,347.6
08.03.2012-03:00:00,08,03,2012,03,340.43
08.03.2012-06:00:00,08,03,2012,06,315.73
08.03.2012-09:00:00,08,03,2012,09,288.14
08.03.2012-12:00:00,08,03,2012,12,282.98
08.03.2012-15:00:00,08,03,2012,15,293.39
08.03.2012-18:00:00,08,03,2012,18,315.61
08.03.2012-21:00:00,08,03,2012,21,327.61
08.04.2012-00:00:00,08,04,2012,00,330.57
08.04.2012-03:00:00,08,04,2012,03,323.51
08.04.2012-06:00:00,08,04,2012,06,287.58
08.04.2012-09:00:00,08,04,2012,09,250.17
08.04.2012-12:00:00,08,04,2012,12,246.88
08.04.2012-15:00:00,08,04,2012,15,261.86
08.04.2012-18:00:00,08,04,2012,18,295.91
08.04.2012-21:00:00,08,04,2012,21,306.72
08.05.2012-00:00:00,08,05,2012,00,309.4
08.05.2012-03:00:00,08,05,2012,03,299.07
08.05.2012-06:00:00,08,05,2012,06,259.29
08.05.2012-09:00:00,08,05,2012,09,228.94
08.05.2012-12:00:00,08,05,2012,12,227.81
08.05.2012-15:00:00,08,05,2012,15,238.64
08.05.2012-18:00:00,08,05,2012,18,272.71
08.05.2012-21:00:00,08,05,2012,21,286.66
08.06.2012-00:00:00,08,06,2012,00,288.37
08.06.2012-03:00:00,08,06,2012,03,276.17
08.06.2012-06:00:00,08,06,2012,06,233.49
08.06.2012-09:00:00,08,06,2012,09,212.5
08.06.2012-12:00:00,08,06,2012,12,222.96
08.06.2012-15:00:00,08,06,2012,15,225.86
08.06.2012-18:00:00,08,06,2012,18,252.67
08.06.2012-21:00:00,08,06,2012,21,267.57
08.07.2012-00:00:00,08,07,2012,00,270.41
08.07.2012-03:00:00,08,07,2012,03,259.45
08.07.2012-06:00:00,08,07,2012,06,224.08
08.07.2012-09:00:00,08,07,2012,09,196.73
08.07.2012-12:00:00,08,07,2012,12,195.56
08.07.2012-15:00:00,08,07,2012,15,207.94
08.07.2012-18:00:00,08,07,2012,18,232.91
08.07.2012-21:00:00,08,07,2012,21,248.64
08.08.2012-00:00:00,08,08,2012,00,251.01
08.08.2012-03:00:00,08,08,2012,03,244.54
08.08.2012-06:00:00,08,08,2012,06,208.36
08.08.2012-09:00:00,08,08,2012,09,180.7
08.08.2012-12:00:00,08,08,2012,12,180.98
08.08.2012-15:00:00,08,08,2012,15,193.36
08.08.2012-18:00:00,08,08,2012,18,219.63
08.08.2012-21:00:00,08,08,2012,21,230.58
08.09.2012-00:00:00,08,09,2012,00,235.63
08.09.2012-03:00:00,08,09,2012,03,229.97
08.09.2012-06:00:00,08,09,2012,06,198.87
08.09.2012-09:00:00,08,09,2012,09,172.02
08.09.2012-12:00:00,08,09,2012,12,170.19
08.09.2012-15:00:00,08,09,2012,15,181.45
08.09.2012-18:00:00,08,09,2012,18,205.82
08.09.2012-21:00:00,08,09,2012,21,215.11
08.10.2012-00:00:00,08,10,2012,00,221.06
08.10.2012-03:00:00,08,10,2012,03,219.01
08.10.2012-06:00:00,08,10,2012,06,188.27
08.10.2012-09:00:00,08,10,2012,09,161.46
08.10.2012-12:00:00,08,10,2012,12,162.52
08.10.2012-15:00:00,08,10,2012,15,174.18
08.10.2012-18:00:00,08,10,2012,18,194.33
08.10.2012-21:00:00,08,10,2012,21,203.41
08.11.2012-00:00:00,08,11,2012,00,205.48
08.11.2012-03:00:00,08,11,2012,03,202.23
08.11.2012-06:00:00,08,11,2012,06,176.28
08.11.2012-09:00:00,08,11,2012,09,154.89
08.11.2012-12:00:00,08,11,2012,12,155.16
08.11.2012-15:00:00,08,11,2012,15,163.88
08.11.2012-18:00:00,08,11,2012,18,185.65
08.11.2012-21:00:00,08,11,2012,21,190.74
08.12.2012-00:00:00,08,12,2012,00,193.57
08.12.2012-03:00:00,08,12,2012,03,191.05
08.12.2012-06:00:00,08,12,2012,06,164.47
08.12.2012-09:00:00,08,12,2012,09,146.14
08.12.2012-12:00:00,08,12,2012,12,148.95
08.12.2012-15:00:00,08,12,2012,15,154.94
08.12.2012-18:00:00,08,12,2012,18,172.5
08.12.2012-21:00:00,08,12,2012,21,180.23
08.13.2012-00:00:00,08,13,2012,00,180.74
08.13.2012-03:00:00,08,13,2012,03,175.99
08.13.2012-06:00:00,08,13,2012,06,151.34
08.13.2012-09:00:00,08,13,2012,09,136.49
08.13.2012-12:00:00,08,13,2012,12,141.22
08.13.2012-15:00:00,08,13,2012,15,145.35
08.13.2012-18:00:00,08,13,2012,18,159.75
08.13.2012-21:00:00,08,13,2012,21,166.69
08.14.2012-00:00:00,08,14,2012,00,170.52
08.14.2012-03:00:00,08,14,2012,03,166.44
08.14.2012-06:00:00,08,14,2012,06,145.29
08.14.2012-09:00:00,08,14,2012,09,128.93
08.14.2012-12:00:00,08,14,2012,12,131.44
08.14.2012-15:00:00,08,14,2012,15,138.54
08.14.2012-18:00:00,08,14,2012,18,152.21
08.14.2012-21:00:00,08,14,2012,21,155.45
08.15.2012-00:00:00,08,15,2012,00,155.93
08.15.2012-03:00:00,08,15,2012,03,155.7
08.15.2012-06:00:00,08,15,2012,06,137.92
08.15.2012-09:00:00,08,15,2012,09,124.02
08.15.2012-12:00:00,08,15,2012,12,124.47
08.15.2012-15:00:00,08,15,2012,15,129.97
08.15.2012-18:00:00,08,15,2012,18,144.62
08.15.2012-21:00:00,08,15,2012,21,148.19
08.16.2012-00:00:00,08,16,2012,00,148.62
08.16.2012-03:00:00,08,16,2012,03,146.24
08.16.2012-06:00:00,08,16,2012,06,132.09
08.16.2012-09:00:00,08,16,2012,09,119.14
08.16.2012-12:00:00,08,16,2012,12,119.5
08.16.2012-15:00:00,08,16,2012,15,124.7
08.16.2012-18:00:00,08,16,2012,18,136.34
08.16.2012-21:00:00,08,16,2012,21,141.47
08.17.2012-00:00:00,08,17,2012,00,237.44
08.17.2012-03:00:00,08,17,2012,03,262.23
08.17.2012-06:00:00,08,17,2012,06,279.37
08.17.2012-09:00:00,08,17,2012,09,288.67
08.17.2012-12:00:00,08,17,2012,12,268.93
08.17.2012-15:00:00,08,17,2012,15,299.83
08.17.2012-18:00:00,08,17,2012,18,319.29
08.17.2012-21:00:00,08,17,2012,21,335.48
08.18.2012-00:00:00,08,18,2012,00,171.59
08.18.2012-03:00:00,08,18,2012,03,153.25
08.18.2012-06:00:00,08,18,2012,06,133.87
08.18.2012-09:00:00,08,18,2012,09,123.64
08.18.2012-12:00:00,08,18,2012,12,126.92
08.18.2012-15:00:00,08,18,2012,15,127.57
08.18.2012-18:00:00,08,18,2012,18,135.81
08.18.2012-21:00:00,08,18,2012,21,137.15
08.19.2012-00:00:00,08,19,2012,00,141.1
08.19.2012-03:00:00,08,19,2012,03,138.15
08.19.2012-06:00:00,08,19,2012,06,120.91
08.19.2012-09:00:00,08,19,2012,09,110.37
08.19.2012-12:00:00,08,19,2012,12,113.71
08.19.2012-15:00:00,08,19,2012,15,115.85
08.19.2012-18:00:00,08,19,2012,18,124.48
08.19.2012-21:00:00,08,19,2012,21,125.95
08.20.2012-00:00:00,08,20,2012,00,125.85
08.20.2012-03:00:00,08,20,2012,03,124.39
08.20.2012-06:00:00,08,20,2012,06,110.87
08.20.2012-09:00:00,08,20,2012,09,100.36
08.20.2012-12:00:00,08,20,2012,12,102.15
08.20.2012-15:00:00,08,20,2012,15,106.35
08.20.2012-18:00:00,08,20,2012,18,115.35
08.20.2012-21:00:00,08,20,2012,21,117.03
08.21.2012-00:00:00,08,21,2012,00,117.08
08.21.2012-03:00:00,08,21,2012,03,115.19
08.21.2012-06:00:00,08,21,2012,06,104.64
08.21.2012-09:00:00,08,21,2012,09,94.603
08.21.2012-12:00:00,08,21,2012,12,94.599
08.21.2012-15:00:00,08,21,2012,15,97.463
08.21.2012-18:00:00,08,21,2012,18,107.94
08.21.2012-21:00:00,08,21,2012,21,109.57
08.22.2012-00:00:00,08,22,2012,00,109.57
08.22.2012-03:00:00,08,22,2012,03,107.58
08.22.2012-06:00:00,08,22,2012,06,98.018
08.22.2012-09:00:00,08,22,2012,09,89.885
08.22.2012-12:00:00,08,22,2012,12,89.73
08.22.2012-15:00:00,08,22,2012,15,92.222
08.22.2012-18:00:00,08,22,2012,18,97.661
08.22.2012-21:00:00,08,22,2012,21,102.7
08.23.2012-00:00:00,08,23,2012,00,104.57
08.23.2012-03:00:00,08,23,2012,03,103.73
08.23.2012-06:00:00,08,23,2012,06,97.203
08.23.2012-09:00:00,08,23,2012,09,90.556
08.23.2012-12:00:00,08,23,2012,12,89.565
08.23.2012-15:00:00,08,23,2012,15,92.202
08.23.2012-18:00:00,08,23,2012,18,99.26
08.23.2012-21:00:00,08,23,2012,21,100.51
08.24.2012-00:00:00,08,24,2012,00,100.41
08.24.2012-03:00:00,08,24,2012,03,99.937
08.24.2012-06:00:00,08,24,2012,06,96.165
08.24.2012-09:00:00,08,24,2012,09,90.346
08.24.2012-12:00:00,08,24,2012,12,89.356
08.24.2012-15:00:00,08,24,2012,15,92.77
08.24.2012-18:00:00,08,24,2012,18,96.347
08.24.2012-21:00:00,08,24,2012,21,97.135
08.25.2012-00:00:00,08,25,2012,00,95.394
08.25.2012-03:00:00,08,25,2012,03,93.89
08.25.2012-06:00:00,08,25,2012,06,87.662
08.25.2012-09:00:00,08,25,2012,09,83.789
08.25.2012-12:00:00,08,25,2012,12,82.742
08.25.2012-15:00:00,08,25,2012,15,82.307
08.25.2012-18:00:00,08,25,2012,18,86.283
08.25.2012-21:00:00,08,25,2012,21,88.123
08.26.2012-00:00:00,08,26,2012,00,88.296
08.26.2012-03:00:00,08,26,2012,03,88.068
08.26.2012-06:00:00,08,26,2012,06,83.575
08.26.2012-09:00:00,08,26,2012,09,80.8
08.26.2012-12:00:00,08,26,2012,12,79.674
08.26.2012-15:00:00,08,26,2012,15,79.191
08.26.2012-18:00:00,08,26,2012,18,79.367
08.26.2012-21:00:00,08,26,2012,21,83.362
08.27.2012-00:00:00,08,27,2012,00,84.76
08.27.2012-03:00:00,08,27,2012,03,84.485
08.27.2012-06:00:00,08,27,2012,06,79.561
08.27.2012-09:00:00,08,27,2012,09,77.772
08.27.2012-12:00:00,08,27,2012,12,76.682
08.27.2012-15:00:00,08,27,2012,15,76.206
08.27.2012-18:00:00,08,27,2012,18,76.37
08.27.2012-21:00:00,08,27,2012,21,78.09
08.28.2012-00:00:00,08,28,2012,00,81.517
08.28.2012-03:00:00,08,28,2012,03,81.308
08.28.2012-06:00:00,08,28,2012,06,76.694
08.28.2012-09:00:00,08,28,2012,09,75.179
08.28.2012-12:00:00,08,28,2012,12,74.268
08.28.2012-15:00:00,08,28,2012,15,73.877
08.28.2012-18:00:00,08,28,2012,18,74.051
08.28.2012-21:00:00,08,28,2012,21,75.601
08.29.2012-00:00:00,08,29,2012,00,79.095
08.29.2012-03:00:00,08,29,2012,03,78.958
08.29.2012-06:00:00,08,29,2012,06,74.867
08.29.2012-09:00:00,08,29,2012,09,73.254
08.29.2012-12:00:00,08,29,2012,12,72.475
08.29.2012-15:00:00,08,29,2012,15,72.166
08.29.2012-18:00:00,08,29,2012,18,72.348
08.29.2012-21:00:00,08,29,2012,21,74.692
08.30.2012-00:00:00,08,30,2012,00,77.367
08.30.2012-03:00:00,08,30,2012,03,77.249
08.30.2012-06:00:00,08,30,2012,06,74.628
08.30.2012-09:00:00,08,30,2012,09,72.028
08.30.2012-12:00:00,08,30,2012,12,71.48
08.30.2012-15:00:00,08,30,2012,15,71.32
08.30.2012-18:00:00,08,30,2012,18,73.923
08.30.2012-21:00:00,08,30,2012,21,76.185
08.31.2012-00:00:00,08,31,2012,00,76.424
08.31.2012-03:00:00,08,31,2012,03,76.397
08.31.2012-06:00:00,08,31,2012,06,72.612
08.31.2012-09:00:00,08,31,2012,09,70.52
08.31.2012-12:00:00,08,31,2012,12,69.754
08.31.2012-15:00:00,08,31,2012,15,69.488
08.31.2012-18:00:00,08,31,2012,18,69.699
08.31.2012-21:00:00,08,31,2012,21,71.409
09.01.2012-00:00:00,09,01,2012,00,74.728
09.01.2012-03:00:00,09,01,2012,03,74.797
09.01.2012-06:00:00,09,01,2012,06,71.675
09.01.2012-09:00:00,09,01,2012,09,69.082
09.01.2012-12:00:00,09,01,2012,12,68.319
09.01.2012-15:00:00,09,01,2012,15,68.123
09.01.2012-18:00:00,09,01,2012,18,68.324
09.01.2012-21:00:00,09,01,2012,21,70.498
09.02.2012-00:00:00,09,02,2012,00,73.184
09.02.2012-03:00:00,09,02,2012,03,73.035
09.02.2012-06:00:00,09,02,2012,06,70.45
09.02.2012-09:00:00,09,02,2012,09,67.956
09.02.2012-12:00:00,09,02,2012,12,67.399
09.02.2012-15:00:00,09,02,2012,15,67.249
09.02.2012-18:00:00,09,02,2012,18,68.225
09.02.2012-21:00:00,09,02,2012,21,71.887
09.03.2012-00:00:00,09,03,2012,00,72.121
09.03.2012-03:00:00,09,03,2012,03,72.068
09.03.2012-06:00:00,09,03,2012,06,69.102
09.03.2012-09:00:00,09,03,2012,09,66.685
09.03.2012-12:00:00,09,03,2012,12,65.973
09.03.2012-15:00:00,09,03,2012,15,65.78
09.03.2012-18:00:00,09,03,2012,18,65.961
09.03.2012-21:00:00,09,03,2012,21,67.854
09.04.2012-00:00:00,09,04,2012,00,70.523
09.04.2012-03:00:00,09,04,2012,03,70.549
09.04.2012-06:00:00,09,04,2012,06,67.523
09.04.2012-09:00:00,09,04,2012,09,65.299
09.04.2012-12:00:00,09,04,2012,12,64.559
09.04.2012-15:00:00,09,04,2012,15,64.358
09.04.2012-18:00:00,09,04,2012,18,64.528
09.04.2012-21:00:00,09,04,2012,21,64.748
09.05.2012-00:00:00,09,05,2012,00,68.554
09.05.2012-03:00:00,09,05,2012,03,68.804
09.05.2012-06:00:00,09,05,2012,06,65.315
09.05.2012-09:00:00,09,05,2012,09,63.773
09.05.2012-12:00:00,09,05,2012,12,63.003
09.05.2012-15:00:00,09,05,2012,15,62.754
09.05.2012-18:00:00,09,05,2012,18,62.903
09.05.2012-21:00:00,09,05,2012,21,63.098
09.06.2012-00:00:00,09,06,2012,00,63.294
09.06.2012-03:00:00,09,06,2012,03,66.583
09.06.2012-06:00:00,09,06,2012,06,63.178
09.06.2012-09:00:00,09,06,2012,09,62.216
09.06.2012-12:00:00,09,06,2012,12,61.453
09.06.2012-15:00:00,09,06,2012,15,61.183
09.06.2012-18:00:00,09,06,2012,18,61.302
09.06.2012-21:00:00,09,06,2012,21,61.474
09.07.2012-00:00:00,09,07,2012,00,61.646
09.07.2012-03:00:00,09,07,2012,03,61.913
09.07.2012-06:00:00,09,07,2012,06,61.564
09.07.2012-09:00:00,09,07,2012,09,60.705
09.07.2012-12:00:00,09,07,2012,12,59.958
09.07.2012-15:00:00,09,07,2012,15,59.682
09.07.2012-18:00:00,09,07,2012,18,59.776
09.07.2012-21:00:00,09,07,2012,21,59.922
09.08.2012-00:00:00,09,08,2012,00,60.068
09.08.2012-03:00:00,09,08,2012,03,60.2
09.08.2012-06:00:00,09,08,2012,06,59.917
09.08.2012-09:00:00,09,08,2012,09,58.963
09.08.2012-12:00:00,09,08,2012,12,58.173
09.08.2012-15:00:00,09,08,2012,15,57.859
09.08.2012-18:00:00,09,08,2012,18,57.932
09.08.2012-21:00:00,09,08,2012,21,58.05
09.09.2012-00:00:00,09,09,2012,00,58.168
09.09.2012-03:00:00,09,09,2012,03,58.273
09.09.2012-06:00:00,09,09,2012,06,57.972
09.09.2012-09:00:00,09,09,2012,09,57.036
09.09.2012-12:00:00,09,09,2012,12,56.296
09.09.2012-15:00:00,09,09,2012,15,56.012
09.09.2012-18:00:00,09,09,2012,18,56.066
09.09.2012-21:00:00,09,09,2012,21,56.16
09.10.2012-00:00:00,09,10,2012,00,56.242
09.10.2012-03:00:00,09,10,2012,03,56.296
09.10.2012-06:00:00,09,10,2012,06,56.061
09.10.2012-09:00:00,09,10,2012,09,55.384
09.10.2012-12:00:00,09,10,2012,12,54.767
09.10.2012-15:00:00,09,10,2012,15,54.503
09.10.2012-18:00:00,09,10,2012,18,54.528
09.10.2012-21:00:00,09,10,2012,21,54.603
09.11.2012-00:00:00,09,11,2012,00,54.713
09.11.2012-03:00:00,09,11,2012,03,54.819
09.11.2012-06:00:00,09,11,2012,06,54.856
09.11.2012-09:00:00,09,11,2012,09,54.701
09.11.2012-12:00:00,09,11,2012,12,54.54
09.11.2012-15:00:00,09,11,2012,15,54.501
09.11.2012-18:00:00,09,11,2012,18,54.562
09.11.2012-21:00:00,09,11,2012,21,54.627
09.12.2012-00:00:00,09,12,2012,00,54.627
09.12.2012-03:00:00,09,12,2012,03,54.641
09.12.2012-06:00:00,09,12,2012,06,54.519
09.12.2012-09:00:00,09,12,2012,09,53.854
09.12.2012-12:00:00,09,12,2012,12,53.226
09.12.2012-15:00:00,09,12,2012,15,52.981
09.12.2012-18:00:00,09,12,2012,18,52.973
09.12.2012-21:00:00,09,12,2012,21,52.982
09.13.2012-00:00:00,09,13,2012,00,52.99
09.13.2012-03:00:00,09,13,2012,03,52.995
09.13.2012-06:00:00,09,13,2012,06,52.838
09.13.2012-09:00:00,09,13,2012,09,52.141
09.13.2012-12:00:00,09,13,2012,12,51.492
09.13.2012-15:00:00,09,13,2012,15,51.225
09.13.2012-18:00:00,09,13,2012,18,51.193
09.13.2012-21:00:00,09,13,2012,21,51.178
09.14.2012-00:00:00,09,14,2012,00,51.162
09.14.2012-03:00:00,09,14,2012,03,51.143
09.14.2012-06:00:00,09,14,2012,06,50.9
09.14.2012-09:00:00,09,14,2012,09,50.126
09.14.2012-12:00:00,09,14,2012,12,49.425
09.14.2012-15:00:00,09,14,2012,15,49.11
09.14.2012-18:00:00,09,14,2012,18,49.053
09.14.2012-21:00:00,09,14,2012,21,49.02
09.15.2012-00:00:00,09,15,2012,00,48.987
09.15.2012-03:00:00,09,15,2012,03,48.954
09.15.2012-06:00:00,09,15,2012,06,48.636
09.15.2012-09:00:00,09,15,2012,09,47.804
09.15.2012-12:00:00,09,15,2012,12,47.161
09.15.2012-15:00:00,09,15,2012,15,46.843
09.15.2012-18:00:00,09,15,2012,18,46.779
09.15.2012-21:00:00,09,15,2012,21,46.737
09.16.2012-00:00:00,09,16,2012,00,46.696
09.16.2012-03:00:00,09,16,2012,03,46.657
09.16.2012-06:00:00,09,16,2012,06,46.407
09.16.2012-09:00:00,09,16,2012,09,45.746
09.16.2012-12:00:00,09,16,2012,12,45.223
09.16.2012-15:00:00,09,16,2012,15,44.967
09.16.2012-18:00:00,09,16,2012,18,44.902
09.16.2012-21:00:00,09,16,2012,21,44.854
09.17.2012-00:00:00,09,17,2012,00,44.806
09.17.2012-03:00:00,09,17,2012,03,44.758
09.17.2012-06:00:00,09,17,2012,06,44.525
09.17.2012-09:00:00,09,17,2012,09,43.923
09.17.2012-12:00:00,09,17,2012,12,43.388
09.17.2012-15:00:00,09,17,2012,15,43.121
09.17.2012-18:00:00,09,17,2012,18,43.043
09.17.2012-21:00:00,09,17,2012,21,42.982
09.18.2012-00:00:00,09,18,2012,00,42.921
09.18.2012-03:00:00,09,18,2012,03,42.86
09.18.2012-06:00:00,09,18,2012,06,42.639
09.18.2012-09:00:00,09,18,2012,09,42.101
09.18.2012-12:00:00,09,18,2012,12,41.621
09.18.2012-15:00:00,09,18,2012,15,41.394
09.18.2012-18:00:00,09,18,2012,18,41.311
09.18.2012-21:00:00,09,18,2012,21,41.24
09.19.2012-00:00:00,09,19,2012,00,41.169
09.19.2012-03:00:00,09,19,2012,03,41.097
09.19.2012-06:00:00,09,19,2012,06,40.864
09.19.2012-09:00:00,09,19,2012,09,40.338
09.19.2012-12:00:00,09,19,2012,12,39.896
09.19.2012-15:00:00,09,19,2012,15,39.652
09.19.2012-18:00:00,09,19,2012,18,39.56
09.19.2012-21:00:00,09,19,2012,21,39.478
09.20.2012-00:00:00,09,20,2012,00,39.398
09.20.2012-03:00:00,09,20,2012,03,39.319
09.20.2012-06:00:00,09,20,2012,06,39.098
09.20.2012-09:00:00,09,20,2012,09,38.635
09.20.2012-12:00:00,09,20,2012,12,38.255
09.20.2012-15:00:00,09,20,2012,15,38.03
09.20.2012-18:00:00,09,20,2012,18,37.934
09.20.2012-21:00:00,09,20,2012,21,37.845
09.21.2012-00:00:00,09,21,2012,00,37.757
09.21.2012-03:00:00,09,21,2012,03,37.669
09.21.2012-06:00:00,09,21,2012,06,37.474
09.21.2012-09:00:00,09,21,2012,09,37.062
09.21.2012-12:00:00,09,21,2012,12,36.685
09.21.2012-15:00:00,09,21,2012,15,36.467
09.21.2012-18:00:00,09,21,2012,18,36.365
09.21.2012-21:00:00,09,21,2012,21,36.271
09.22.2012-00:00:00,09,22,2012,00,36.179
09.22.2012-03:00:00,09,22,2012,03,36.087
09.22.2012-06:00:00,09,22,2012,06,35.895
09.22.2012-09:00:00,09,22,2012,09,35.485
09.22.2012-12:00:00,09,22,2012,12,35.109
09.22.2012-15:00:00,09,22,2012,15,34.895
09.22.2012-18:00:00,09,22,2012,18,34.792
09.22.2012-21:00:00,09,22,2012,21,34.697
09.23.2012-00:00:00,09,23,2012,00,34.602
09.23.2012-03:00:00,09,23,2012,03,34.507
09.23.2012-06:00:00,09,23,2012,06,34.345
09.23.2012-09:00:00,09,23,2012,09,34.032
09.23.2012-12:00:00,09,23,2012,12,33.731
09.23.2012-15:00:00,09,23,2012,15,33.568
09.23.2012-18:00:00,09,23,2012,18,33.468
09.23.2012-21:00:00,09,23,2012,21,33.371
09.24.2012-00:00:00,09,24,2012,00,33.274
09.24.2012-03:00:00,09,24,2012,03,33.177
09.24.2012-06:00:00,09,24,2012,06,33.027
09.24.2012-09:00:00,09,24,2012,09,32.736
09.24.2012-12:00:00,09,24,2012,12,32.461
09.24.2012-15:00:00,09,24,2012,15,32.287
09.24.2012-18:00:00,09,24,2012,18,32.181
09.24.2012-21:00:00,09,24,2012,21,32.076
09.25.2012-00:00:00,09,25,2012,00,31.972
09.25.2012-03:00:00,09,25,2012,03,31.868
09.25.2012-06:00:00,09,25,2012,06,31.702
09.25.2012-09:00:00,09,25,2012,09,31.398
09.25.2012-12:00:00,09,25,2012,12,31.113
09.25.2012-15:00:00,09,25,2012,15,30.931
09.25.2012-18:00:00,09,25,2012,18,30.821
09.25.2012-21:00:00,09,25,2012,21,30.714
09.26.2012-00:00:00,09,26,2012,00,30.608
09.26.2012-03:00:00,09,26,2012,03,30.502
09.26.2012-06:00:00,09,26,2012,06,30.35
09.26.2012-09:00:00,09,26,2012,09,30.081
09.26.2012-12:00:00,09,26,2012,12,29.822
09.26.2012-15:00:00,09,26,2012,15,29.651
09.26.2012-18:00:00,09,26,2012,18,29.541
09.26.2012-21:00:00,09,26,2012,21,29.433
09.27.2012-00:00:00,09,27,2012,00,29.327
09.27.2012-03:00:00,09,27,2012,03,29.22
09.27.2012-06:00:00,09,27,2012,06,29.072
09.27.2012-09:00:00,09,27,2012,09,28.798
09.27.2012-12:00:00,09,27,2012,12,28.539
09.27.2012-15:00:00,09,27,2012,15,28.377
09.27.2012-18:00:00,09,27,2012,18,28.276
09.27.2012-21:00:00,09,27,2012,21,28.176
09.28.2012-00:00:00,09,28,2012,00,28.076
09.28.2012-03:00:00,09,28,2012,03,27.977
09.28.2012-06:00:00,09,28,2012,06,27.834
09.28.2012-09:00:00,09,28,2012,09,27.575
09.28.2012-12:00:00,09,28,2012,12,27.328
09.28.2012-15:00:00,09,28,2012,15,27.169
09.28.2012-18:00:00,09,28,2012,18,27.071
09.28.2012-21:00:00,09,28,2012,21,26.973
09.29.2012-00:00:00,09,29,2012,00,26.876
09.29.2012-03:00:00,09,29,2012,03,26.78
09.29.2012-06:00:00,09,29,2012,06,26.645
09.29.2012-09:00:00,09,29,2012,09,26.421
09.29.2012-12:00:00,09,29,2012,12,26.203
09.29.2012-15:00:00,09,29,2012,15,26.054
09.29.2012-18:00:00,09,29,2012,18,25.956
09.29.2012-21:00:00,09,29,2012,21,25.859
09.30.2012-00:00:00,09,30,2012,00,25.763
09.30.2012-03:00:00,09,30,2012,03,25.668
09.30.2012-06:00:00,09,30,2012,06,25.538
09.30.2012-09:00:00,09,30,2012,09,25.316
09.30.2012-12:00:00,09,30,2012,12,25.115
09.30.2012-15:00:00,09,30,2012,15,24.986
09.30.2012-18:00:00,09,30,2012,18,24.891
09.30.2012-21:00:00,09,30,2012,21,24.798
