TIMESTAMP,MONTH,DAY,YEAR,HOUR,C
10.01.2001-00:00:00,10,01,2001,00,90.02
10.01.2001-03:00:00,10,01,2001,03,73.754
10.01.2001-06:00:00,10,01,2001,06,61.949
10.01.2001-09:00:00,10,01,2001,09,55.181
10.01.2001-12:00:00,10,01,2001,12,50.056
10.01.2001-15:00:00,10,01,2001,15,58.7
10.01.2001-18:00:00,10,01,2001,18,61.513
10.01.2001-21:00:00,10,01,2001,21,79.766
10.02.2001-00:00:00,10,02,2001,00,72.54
10.02.2001-03:00:00,10,02,2001,03,73.162
10.02.2001-06:00:00,10,02,2001,06,61.114
10.02.2001-09:00:00,10,02,2001,09,54.22
10.02.2001-12:00:00,10,02,2001,12,48.771
10.02.2001-15:00:00,10,02,2001,15,52.354
10.02.2001-18:00:00,10,02,2001,18,65.931
10.02.2001-21:00:00,10,02,2001,21,62.184
10.03.2001-00:00:00,10,03,2001,00,72.163
10.03.2001-03:00:00,10,03,2001,03,66.367
10.03.2001-06:00:00,10,03,2001,06,61.493
10.03.2001-09:00:00,10,03,2001,09,55.198
10.03.2001-12:00:00,10,03,2001,12,49.411
10.03.2001-15:00:00,10,03,2001,15,50.79
10.03.2001-18:00:00,10,03,2001,18,58.821
10.03.2001-21:00:00,10,03,2001,21,67.707
10.04.2001-00:00:00,10,04,2001,00,65.848
10.04.2001-03:00:00,10,04,2001,03,67.801
10.04.2001-06:00:00,10,04,2001,06,62.175
10.04.2001-09:00:00,10,04,2001,09,55.54
10.04.2001-12:00:00,10,04,2001,12,49.442
10.04.2001-15:00:00,10,04,2001,15,50.623
10.04.2001-18:00:00,10,04,2001,18,58.78
10.04.2001-21:00:00,10,04,2001,21,63.277
10.05.2001-00:00:00,10,05,2001,00,66.422
10.05.2001-03:00:00,10,05,2001,03,67.681
10.05.2001-06:00:00,10,05,2001,06,63.119
10.05.2001-09:00:00,10,05,2001,09,55.886
10.05.2001-12:00:00,10,05,2001,12,49.535
10.05.2001-15:00:00,10,05,2001,15,51.114
10.05.2001-18:00:00,10,05,2001,18,59.425
10.05.2001-21:00:00,10,05,2001,21,65.074
10.06.2001-00:00:00,10,06,2001,00,67.21
10.06.2001-03:00:00,10,06,2001,03,67.424
10.06.2001-06:00:00,10,06,2001,06,64.734
10.06.2001-09:00:00,10,06,2001,09,55.817
10.06.2001-12:00:00,10,06,2001,12,49.204
10.06.2001-15:00:00,10,06,2001,15,50.989
10.06.2001-18:00:00,10,06,2001,18,59.619
10.06.2001-21:00:00,10,06,2001,21,64.877
10.07.2001-00:00:00,10,07,2001,00,66.742
10.07.2001-03:00:00,10,07,2001,03,67.504
10.07.2001-06:00:00,10,07,2001,06,64.402
10.07.2001-09:00:00,10,07,2001,09,55.462
10.07.2001-12:00:00,10,07,2001,12,48.882
10.07.2001-15:00:00,10,07,2001,15,51.214
10.07.2001-18:00:00,10,07,2001,18,59.766
10.07.2001-21:00:00,10,07,2001,21,64.596
10.08.2001-00:00:00,10,08,2001,00,66.279
10.08.2001-03:00:00,10,08,2001,03,66.901
10.08.2001-06:00:00,10,08,2001,06,67.368
10.08.2001-09:00:00,10,08,2001,09,56.519
10.08.2001-12:00:00,10,08,2001,12,50.104
10.08.2001-15:00:00,10,08,2001,15,56.522
10.08.2001-18:00:00,10,08,2001,18,63.937
10.08.2001-21:00:00,10,08,2001,21,68.408
10.09.2001-00:00:00,10,09,2001,00,69.045
10.09.2001-03:00:00,10,09,2001,03,69.109
10.09.2001-06:00:00,10,09,2001,06,64.39
10.09.2001-09:00:00,10,09,2001,09,55.814
10.09.2001-12:00:00,10,09,2001,12,49.883
10.09.2001-15:00:00,10,09,2001,15,55.944
10.09.2001-18:00:00,10,09,2001,18,62.828
10.09.2001-21:00:00,10,09,2001,21,67.982
10.10.2001-00:00:00,10,10,2001,00,68.781
10.10.2001-03:00:00,10,10,2001,03,68.762
10.10.2001-06:00:00,10,10,2001,06,67.895
10.10.2001-09:00:00,10,10,2001,09,169.78
10.10.2001-12:00:00,10,10,2001,12,249.23
10.10.2001-15:00:00,10,10,2001,15,185.09
10.10.2001-18:00:00,10,10,2001,18,111.35
10.10.2001-21:00:00,10,10,2001,21,85.932
10.11.2001-00:00:00,10,11,2001,00,75.474
10.11.2001-03:00:00,10,11,2001,03,75.176
10.11.2001-06:00:00,10,11,2001,06,75.547
10.11.2001-09:00:00,10,11,2001,09,74.183
10.11.2001-12:00:00,10,11,2001,12,77.92
10.11.2001-15:00:00,10,11,2001,15,76.037
10.11.2001-18:00:00,10,11,2001,18,75.955
10.11.2001-21:00:00,10,11,2001,21,75.861
10.12.2001-00:00:00,10,12,2001,00,76.283
10.12.2001-03:00:00,10,12,2001,03,76.427
10.12.2001-06:00:00,10,12,2001,06,75.476
10.12.2001-09:00:00,10,12,2001,09,98.664
10.12.2001-12:00:00,10,12,2001,12,181.97
10.12.2001-15:00:00,10,12,2001,15,109.47
10.12.2001-18:00:00,10,12,2001,18,78.99
10.12.2001-21:00:00,10,12,2001,21,76.3
10.13.2001-00:00:00,10,13,2001,00,76.091
10.13.2001-03:00:00,10,13,2001,03,76.013
10.13.2001-06:00:00,10,13,2001,06,73.833
10.13.2001-09:00:00,10,13,2001,09,93.132
10.13.2001-12:00:00,10,13,2001,12,134.65
10.13.2001-15:00:00,10,13,2001,15,88.186
10.13.2001-18:00:00,10,13,2001,18,73.021
10.13.2001-21:00:00,10,13,2001,21,73.896
10.14.2001-00:00:00,10,14,2001,00,74.153
10.14.2001-03:00:00,10,14,2001,03,75.128
10.14.2001-06:00:00,10,14,2001,06,70.862
10.14.2001-09:00:00,10,14,2001,09,104.67
10.14.2001-12:00:00,10,14,2001,12,101.03
10.14.2001-15:00:00,10,14,2001,15,91.686
10.14.2001-18:00:00,10,14,2001,18,70.107
10.14.2001-21:00:00,10,14,2001,21,69.209
10.15.2001-00:00:00,10,15,2001,00,72.576
10.15.2001-03:00:00,10,15,2001,03,73.804
10.15.2001-06:00:00,10,15,2001,06,66.606
10.15.2001-09:00:00,10,15,2001,09,103.89
10.15.2001-12:00:00,10,15,2001,12,78.616
10.15.2001-15:00:00,10,15,2001,15,64.523
10.15.2001-18:00:00,10,15,2001,18,62.641
10.15.2001-21:00:00,10,15,2001,21,67.815
10.16.2001-00:00:00,10,16,2001,00,70.119
10.16.2001-03:00:00,10,16,2001,03,74.242
10.16.2001-06:00:00,10,16,2001,06,72.728
10.16.2001-09:00:00,10,16,2001,09,78.753
10.16.2001-12:00:00,10,16,2001,12,57.831
10.16.2001-15:00:00,10,16,2001,15,59.823
10.16.2001-18:00:00,10,16,2001,18,64.146
10.16.2001-21:00:00,10,16,2001,21,77.547
10.17.2001-00:00:00,10,17,2001,00,72.221
10.17.2001-03:00:00,10,17,2001,03,73.694
10.17.2001-06:00:00,10,17,2001,06,70.89
10.17.2001-09:00:00,10,17,2001,09,75.532
10.17.2001-12:00:00,10,17,2001,12,56.922
10.17.2001-15:00:00,10,17,2001,15,56.572
10.17.2001-18:00:00,10,17,2001,18,61.256
10.17.2001-21:00:00,10,17,2001,21,66.383
10.18.2001-00:00:00,10,18,2001,00,68.019
10.18.2001-03:00:00,10,18,2001,03,73.028
10.18.2001-06:00:00,10,18,2001,06,73.354
10.18.2001-09:00:00,10,18,2001,09,64.307
10.18.2001-12:00:00,10,18,2001,12,56.338
10.18.2001-15:00:00,10,18,2001,15,61.77
10.18.2001-18:00:00,10,18,2001,18,68.983
10.18.2001-21:00:00,10,18,2001,21,72.032
10.19.2001-00:00:00,10,19,2001,00,70.391
10.19.2001-03:00:00,10,19,2001,03,72.172
10.19.2001-06:00:00,10,19,2001,06,72.147
10.19.2001-09:00:00,10,19,2001,09,66.906
10.19.2001-12:00:00,10,19,2001,12,53.428
10.19.2001-15:00:00,10,19,2001,15,56.38
10.19.2001-18:00:00,10,19,2001,18,63.871
10.19.2001-21:00:00,10,19,2001,21,69.487
10.20.2001-00:00:00,10,20,2001,00,69.3
10.20.2001-03:00:00,10,20,2001,03,71.154
10.20.2001-06:00:00,10,20,2001,06,69.852
10.20.2001-09:00:00,10,20,2001,09,59.924
10.20.2001-12:00:00,10,20,2001,12,52.208
10.20.2001-15:00:00,10,20,2001,15,53.289
10.20.2001-18:00:00,10,20,2001,18,62.38
10.20.2001-21:00:00,10,20,2001,21,65.037
10.21.2001-00:00:00,10,21,2001,00,67.713
10.21.2001-03:00:00,10,21,2001,03,70.362
10.21.2001-06:00:00,10,21,2001,06,70.375
10.21.2001-09:00:00,10,21,2001,09,58.479
10.21.2001-12:00:00,10,21,2001,12,51.309
10.21.2001-15:00:00,10,21,2001,15,54.617
10.21.2001-18:00:00,10,21,2001,18,62.329
10.21.2001-21:00:00,10,21,2001,21,68.618
10.22.2001-00:00:00,10,22,2001,00,170.89
10.22.2001-03:00:00,10,22,2001,03,124.53
10.22.2001-06:00:00,10,22,2001,06,114.53
10.22.2001-09:00:00,10,22,2001,09,368.11
10.22.2001-12:00:00,10,22,2001,12,553.64
10.22.2001-15:00:00,10,22,2001,15,482.56
10.22.2001-18:00:00,10,22,2001,18,356.04
10.22.2001-21:00:00,10,22,2001,21,310.95
10.23.2001-00:00:00,10,23,2001,00,161.23
10.23.2001-03:00:00,10,23,2001,03,90.577
10.23.2001-06:00:00,10,23,2001,06,83.05
10.23.2001-09:00:00,10,23,2001,09,246.06
10.23.2001-12:00:00,10,23,2001,12,479.47
10.23.2001-15:00:00,10,23,2001,15,421.04
10.23.2001-18:00:00,10,23,2001,18,272.04
10.23.2001-21:00:00,10,23,2001,21,168.38
10.24.2001-00:00:00,10,24,2001,00,85.649
10.24.2001-03:00:00,10,24,2001,03,79.777
10.24.2001-06:00:00,10,24,2001,06,79.472
10.24.2001-09:00:00,10,24,2001,09,76.098
10.24.2001-12:00:00,10,24,2001,12,77.514
10.24.2001-15:00:00,10,24,2001,15,79.057
10.24.2001-18:00:00,10,24,2001,18,78.924
10.24.2001-21:00:00,10,24,2001,21,76.363
10.25.2001-00:00:00,10,25,2001,00,78.534
10.25.2001-03:00:00,10,25,2001,03,78.664
10.25.2001-06:00:00,10,25,2001,06,76.005
10.25.2001-09:00:00,10,25,2001,09,76.01
10.25.2001-12:00:00,10,25,2001,12,76.68
10.25.2001-15:00:00,10,25,2001,15,85.801
10.25.2001-18:00:00,10,25,2001,18,75.945
10.25.2001-21:00:00,10,25,2001,21,77.845
10.26.2001-00:00:00,10,26,2001,00,77.838
10.26.2001-03:00:00,10,26,2001,03,77.706
10.26.2001-06:00:00,10,26,2001,06,75.068
10.26.2001-09:00:00,10,26,2001,09,77.26
10.26.2001-12:00:00,10,26,2001,12,77.164
10.26.2001-15:00:00,10,26,2001,15,74.677
10.26.2001-18:00:00,10,26,2001,18,78.439
10.26.2001-21:00:00,10,26,2001,21,78.117
10.27.2001-00:00:00,10,27,2001,00,77.754
10.27.2001-03:00:00,10,27,2001,03,75.128
10.27.2001-06:00:00,10,27,2001,06,76.425
10.27.2001-09:00:00,10,27,2001,09,71.739
10.27.2001-12:00:00,10,27,2001,12,72.917
10.27.2001-15:00:00,10,27,2001,15,85.418
10.27.2001-18:00:00,10,27,2001,18,84.665
10.27.2001-21:00:00,10,27,2001,21,79.346
10.28.2001-00:00:00,10,28,2001,00,73.726
10.28.2001-03:00:00,10,28,2001,03,75.786
10.28.2001-06:00:00,10,28,2001,06,75.91
10.28.2001-09:00:00,10,28,2001,09,64.389
10.28.2001-12:00:00,10,28,2001,12,67.074
10.28.2001-15:00:00,10,28,2001,15,80.9
10.28.2001-18:00:00,10,28,2001,18,74.29
10.28.2001-21:00:00,10,28,2001,21,74.21
10.29.2001-00:00:00,10,29,2001,00,74.688
10.29.2001-03:00:00,10,29,2001,03,72.289
10.29.2001-06:00:00,10,29,2001,06,74.628
10.29.2001-09:00:00,10,29,2001,09,70.198
10.29.2001-12:00:00,10,29,2001,12,69.334
10.29.2001-15:00:00,10,29,2001,15,71.965
10.29.2001-18:00:00,10,29,2001,18,73.916
10.29.2001-21:00:00,10,29,2001,21,74.252
10.30.2001-00:00:00,10,30,2001,00,71.733
10.30.2001-03:00:00,10,30,2001,03,73.788
10.30.2001-06:00:00,10,30,2001,06,73.86
10.30.2001-09:00:00,10,30,2001,09,73.305
10.30.2001-12:00:00,10,30,2001,12,86.876
10.30.2001-15:00:00,10,30,2001,15,76.98
10.30.2001-18:00:00,10,30,2001,18,75.051
10.30.2001-21:00:00,10,30,2001,21,74.809
10.31.2001-00:00:00,10,31,2001,00,71.292
10.31.2001-03:00:00,10,31,2001,03,73.291
10.31.2001-06:00:00,10,31,2001,06,73.356
10.31.2001-09:00:00,10,31,2001,09,70.825
10.31.2001-12:00:00,10,31,2001,12,74.928
10.31.2001-15:00:00,10,31,2001,15,75.367
10.31.2001-18:00:00,10,31,2001,18,71.175
10.31.2001-21:00:00,10,31,2001,21,72.876
11.01.2001-00:00:00,11,01,2001,00,70.661
11.01.2001-03:00:00,11,01,2001,03,72.678
11.01.2001-06:00:00,11,01,2001,06,72.754
11.01.2001-09:00:00,11,01,2001,09,67.908
11.01.2001-12:00:00,11,01,2001,12,68.872
11.01.2001-15:00:00,11,01,2001,15,71.627
11.01.2001-18:00:00,11,01,2001,18,71.815
11.01.2001-21:00:00,11,01,2001,21,73.268
11.02.2001-00:00:00,11,02,2001,00,70.085
11.02.2001-03:00:00,11,02,2001,03,72.039
11.02.2001-06:00:00,11,02,2001,06,72.026
11.02.2001-09:00:00,11,02,2001,09,65.408
11.02.2001-12:00:00,11,02,2001,12,69.514
11.02.2001-15:00:00,11,02,2001,15,77.413
11.02.2001-18:00:00,11,02,2001,18,73.243
11.02.2001-21:00:00,11,02,2001,21,73.84
11.03.2001-00:00:00,11,03,2001,00,70.743
11.03.2001-03:00:00,11,03,2001,03,71.593
11.03.2001-06:00:00,11,03,2001,06,71.13
11.03.2001-09:00:00,11,03,2001,09,64.636
11.03.2001-12:00:00,11,03,2001,12,73.097
11.03.2001-15:00:00,11,03,2001,15,79.438
11.03.2001-18:00:00,11,03,2001,18,81.407
11.03.2001-21:00:00,11,03,2001,21,77.209
11.04.2001-00:00:00,11,04,2001,00,72.661
11.04.2001-03:00:00,11,04,2001,03,71.579
11.04.2001-06:00:00,11,04,2001,06,69.074
11.04.2001-09:00:00,11,04,2001,09,66.435
11.04.2001-12:00:00,11,04,2001,12,71.791
11.04.2001-15:00:00,11,04,2001,15,90.35
11.04.2001-18:00:00,11,04,2001,18,81.459
11.04.2001-21:00:00,11,04,2001,21,75.793
11.05.2001-00:00:00,11,05,2001,00,74.566
11.05.2001-03:00:00,11,05,2001,03,71.208
11.05.2001-06:00:00,11,05,2001,06,68.777
11.05.2001-09:00:00,11,05,2001,09,67.557
11.05.2001-12:00:00,11,05,2001,12,78.168
11.05.2001-15:00:00,11,05,2001,15,92.611
11.05.2001-18:00:00,11,05,2001,18,78.903
11.05.2001-21:00:00,11,05,2001,21,76.119
11.06.2001-00:00:00,11,06,2001,00,68.499
11.06.2001-03:00:00,11,06,2001,03,70.471
11.06.2001-06:00:00,11,06,2001,06,72.205
11.06.2001-09:00:00,11,06,2001,09,66.734
11.06.2001-12:00:00,11,06,2001,12,68.694
11.06.2001-15:00:00,11,06,2001,15,68.059
11.06.2001-18:00:00,11,06,2001,18,69.927
11.06.2001-21:00:00,11,06,2001,21,69.574
11.07.2001-00:00:00,11,07,2001,00,67.448
11.07.2001-03:00:00,11,07,2001,03,69.726
11.07.2001-06:00:00,11,07,2001,06,69.106
11.07.2001-09:00:00,11,07,2001,09,68.47
11.07.2001-12:00:00,11,07,2001,12,66.506
11.07.2001-15:00:00,11,07,2001,15,69.987
11.07.2001-18:00:00,11,07,2001,18,67.229
11.07.2001-21:00:00,11,07,2001,21,68.789
11.08.2001-00:00:00,11,08,2001,00,68.897
11.08.2001-03:00:00,11,08,2001,03,67.011
11.08.2001-06:00:00,11,08,2001,06,69.798
11.08.2001-09:00:00,11,08,2001,09,67.678
11.08.2001-12:00:00,11,08,2001,12,67.887
11.08.2001-15:00:00,11,08,2001,15,66.907
11.08.2001-18:00:00,11,08,2001,18,68.414
11.08.2001-21:00:00,11,08,2001,21,68.461
11.09.2001-00:00:00,11,09,2001,00,66.301
11.09.2001-03:00:00,11,09,2001,03,68.175
11.09.2001-06:00:00,11,09,2001,06,66.192
11.09.2001-09:00:00,11,09,2001,09,65.528
11.09.2001-12:00:00,11,09,2001,12,63.594
11.09.2001-15:00:00,11,09,2001,15,67.587
11.09.2001-18:00:00,11,09,2001,18,65.89
11.09.2001-21:00:00,11,09,2001,21,67.78
11.10.2001-00:00:00,11,10,2001,00,67.884
11.10.2001-03:00:00,11,10,2001,03,65.982
11.10.2001-06:00:00,11,10,2001,06,68.44
11.10.2001-09:00:00,11,10,2001,09,64.321
11.10.2001-12:00:00,11,10,2001,12,65.517
11.10.2001-15:00:00,11,10,2001,15,65.423
11.10.2001-18:00:00,11,10,2001,18,67.374
11.10.2001-21:00:00,11,10,2001,21,65.413
11.11.2001-00:00:00,11,11,2001,00,67.275
11.11.2001-03:00:00,11,11,2001,03,67.427
11.11.2001-06:00:00,11,11,2001,06,65.286
11.11.2001-09:00:00,11,11,2001,09,64.081
11.11.2001-12:00:00,11,11,2001,12,62
11.11.2001-15:00:00,11,11,2001,15,66.591
11.11.2001-18:00:00,11,11,2001,18,65.023
11.11.2001-21:00:00,11,11,2001,21,66.889
11.12.2001-00:00:00,11,12,2001,00,65.481
11.12.2001-03:00:00,11,12,2001,03,67.611
11.12.2001-06:00:00,11,12,2001,06,66.343
11.12.2001-09:00:00,11,12,2001,09,64.601
11.12.2001-12:00:00,11,12,2001,12,64.954
11.12.2001-15:00:00,11,12,2001,15,65.2
11.12.2001-18:00:00,11,12,2001,18,67.339
11.12.2001-21:00:00,11,12,2001,21,65.369
11.13.2001-00:00:00,11,13,2001,00,67.488
11.13.2001-03:00:00,11,13,2001,03,91.365
11.13.2001-06:00:00,11,13,2001,06,105.82
11.13.2001-09:00:00,11,13,2001,09,222.24
11.13.2001-12:00:00,11,13,2001,12,349.66
11.13.2001-15:00:00,11,13,2001,15,375.57
11.13.2001-18:00:00,11,13,2001,18,317.23
11.13.2001-21:00:00,11,13,2001,21,248.83
11.14.2001-00:00:00,11,14,2001,00,218.32
11.14.2001-03:00:00,11,14,2001,03,135.38
11.14.2001-06:00:00,11,14,2001,06,98.117
11.14.2001-09:00:00,11,14,2001,09,359.88
11.14.2001-12:00:00,11,14,2001,12,509.04
11.14.2001-15:00:00,11,14,2001,15,502.24
11.14.2001-18:00:00,11,14,2001,18,429.1
11.14.2001-21:00:00,11,14,2001,21,385.85
11.15.2001-00:00:00,11,15,2001,00,132.15
11.15.2001-03:00:00,11,15,2001,03,107.33
11.15.2001-06:00:00,11,15,2001,06,89.063
11.15.2001-09:00:00,11,15,2001,09,87.773
11.15.2001-12:00:00,11,15,2001,12,91.588
11.15.2001-15:00:00,11,15,2001,15,98.976
11.15.2001-18:00:00,11,15,2001,18,94.79
11.15.2001-21:00:00,11,15,2001,21,90.479
11.16.2001-00:00:00,11,16,2001,00,88.191
11.16.2001-03:00:00,11,16,2001,03,84.882
11.16.2001-06:00:00,11,16,2001,06,82.635
11.16.2001-09:00:00,11,16,2001,09,78.574
11.16.2001-12:00:00,11,16,2001,12,86.401
11.16.2001-15:00:00,11,16,2001,15,91.386
11.16.2001-18:00:00,11,16,2001,18,84.395
11.16.2001-21:00:00,11,16,2001,21,81.911
11.17.2001-00:00:00,11,17,2001,00,81.606
11.17.2001-03:00:00,11,17,2001,03,79.666
11.17.2001-06:00:00,11,17,2001,06,79.941
11.17.2001-09:00:00,11,17,2001,09,73.786
11.17.2001-12:00:00,11,17,2001,12,76.19
11.17.2001-15:00:00,11,17,2001,15,82.579
11.17.2001-18:00:00,11,17,2001,18,81.804
11.17.2001-21:00:00,11,17,2001,21,79.09
11.18.2001-00:00:00,11,18,2001,00,80.842
11.18.2001-03:00:00,11,18,2001,03,79.056
11.18.2001-06:00:00,11,18,2001,06,80.85
11.18.2001-09:00:00,11,18,2001,09,74.862
11.18.2001-12:00:00,11,18,2001,12,76.917
11.18.2001-15:00:00,11,18,2001,15,79.916
11.18.2001-18:00:00,11,18,2001,18,78.803
11.18.2001-21:00:00,11,18,2001,21,80.613
11.19.2001-00:00:00,11,19,2001,00,78.826
11.19.2001-03:00:00,11,19,2001,03,80.666
11.19.2001-06:00:00,11,19,2001,06,78.891
11.19.2001-09:00:00,11,19,2001,09,81.146
11.19.2001-12:00:00,11,19,2001,12,85.421
11.19.2001-15:00:00,11,19,2001,15,81.051
11.19.2001-18:00:00,11,19,2001,18,82.909
11.19.2001-21:00:00,11,19,2001,21,81.531
11.20.2001-00:00:00,11,20,2001,00,79.301
11.20.2001-03:00:00,11,20,2001,03,81.109
11.20.2001-06:00:00,11,20,2001,06,79.121
11.20.2001-09:00:00,11,20,2001,09,80.861
11.20.2001-12:00:00,11,20,2001,12,79.07
11.20.2001-15:00:00,11,20,2001,15,80.824
11.20.2001-18:00:00,11,20,2001,18,79.044
11.20.2001-21:00:00,11,20,2001,21,80.817
11.21.2001-00:00:00,11,21,2001,00,79.084
11.21.2001-03:00:00,11,21,2001,03,80.907
11.21.2001-06:00:00,11,21,2001,06,79.099
11.21.2001-09:00:00,11,21,2001,09,80.603
11.21.2001-12:00:00,11,21,2001,12,78.844
11.21.2001-15:00:00,11,21,2001,15,80.825
11.21.2001-18:00:00,11,21,2001,18,79.107
11.21.2001-21:00:00,11,21,2001,21,80.89
11.22.2001-00:00:00,11,22,2001,00,79.139
11.22.2001-03:00:00,11,22,2001,03,80.924
11.22.2001-06:00:00,11,22,2001,06,79.175
11.22.2001-09:00:00,11,22,2001,09,87.825
11.22.2001-12:00:00,11,22,2001,12,94.085
11.22.2001-15:00:00,11,22,2001,15,96.024
11.22.2001-18:00:00,11,22,2001,18,97.704
11.22.2001-21:00:00,11,22,2001,21,99.828
11.23.2001-00:00:00,11,23,2001,00,89.984
11.23.2001-03:00:00,11,23,2001,03,88.532
11.23.2001-06:00:00,11,23,2001,06,82.959
11.23.2001-09:00:00,11,23,2001,09,82.954
11.23.2001-12:00:00,11,23,2001,12,80.666
11.23.2001-15:00:00,11,23,2001,15,82.579
11.23.2001-18:00:00,11,23,2001,18,80.961
11.23.2001-21:00:00,11,23,2001,21,82.843
11.24.2001-00:00:00,11,24,2001,00,81.193
11.24.2001-03:00:00,11,24,2001,03,82.987
11.24.2001-06:00:00,11,24,2001,06,81.292
11.24.2001-09:00:00,11,24,2001,09,82.999
11.24.2001-12:00:00,11,24,2001,12,79.72
11.24.2001-15:00:00,11,24,2001,15,82.791
11.24.2001-18:00:00,11,24,2001,18,81.189
11.24.2001-21:00:00,11,24,2001,21,83.944
11.25.2001-00:00:00,11,25,2001,00,82.385
11.25.2001-03:00:00,11,25,2001,03,84.317
11.25.2001-06:00:00,11,25,2001,06,82.744
11.25.2001-09:00:00,11,25,2001,09,84.664
11.25.2001-12:00:00,11,25,2001,12,82.655
11.25.2001-15:00:00,11,25,2001,15,84.952
11.25.2001-18:00:00,11,25,2001,18,83.441
11.25.2001-21:00:00,11,25,2001,21,85.376
11.26.2001-00:00:00,11,26,2001,00,83.825
11.26.2001-03:00:00,11,26,2001,03,85.751
11.26.2001-06:00:00,11,26,2001,06,84.935
11.26.2001-09:00:00,11,26,2001,09,86.986
11.26.2001-12:00:00,11,26,2001,12,85.509
11.26.2001-15:00:00,11,26,2001,15,87.544
11.26.2001-18:00:00,11,26,2001,18,86.041
11.26.2001-21:00:00,11,26,2001,21,88.06
11.27.2001-00:00:00,11,27,2001,00,89.109
11.27.2001-03:00:00,11,27,2001,03,102.95
11.27.2001-06:00:00,11,27,2001,06,97.806
11.27.2001-09:00:00,11,27,2001,09,103.45
11.27.2001-12:00:00,11,27,2001,12,97.545
11.27.2001-15:00:00,11,27,2001,15,103.44
11.27.2001-18:00:00,11,27,2001,18,97.282
11.27.2001-21:00:00,11,27,2001,21,103.44
11.28.2001-00:00:00,11,28,2001,00,96.987
11.28.2001-03:00:00,11,28,2001,03,103.44
11.28.2001-06:00:00,11,28,2001,06,96.712
11.28.2001-09:00:00,11,28,2001,09,103.43
11.28.2001-12:00:00,11,28,2001,12,96.409
11.28.2001-15:00:00,11,28,2001,15,103.42
11.28.2001-18:00:00,11,28,2001,18,96.114
11.28.2001-21:00:00,11,28,2001,21,103.4
11.29.2001-00:00:00,11,29,2001,00,95.791
11.29.2001-03:00:00,11,29,2001,03,103.38
11.29.2001-06:00:00,11,29,2001,06,95.487
11.29.2001-09:00:00,11,29,2001,09,101.49
11.29.2001-12:00:00,11,29,2001,12,96.874
11.29.2001-15:00:00,11,29,2001,15,101.62
11.29.2001-18:00:00,11,29,2001,18,96.566
11.29.2001-21:00:00,11,29,2001,21,101.58
11.30.2001-00:00:00,11,30,2001,00,96.218
11.30.2001-03:00:00,11,30,2001,03,101.53
11.30.2001-06:00:00,11,30,2001,06,95.888
11.30.2001-09:00:00,11,30,2001,09,101.48
11.30.2001-12:00:00,11,30,2001,12,94.797
11.30.2001-15:00:00,11,30,2001,15,101.33
11.30.2001-18:00:00,11,30,2001,18,95.135
11.30.2001-21:00:00,11,30,2001,21,101.37
12.01.2001-00:00:00,12,01,2001,00,94.819
12.01.2001-03:00:00,12,01,2001,03,101.31
12.01.2001-06:00:00,12,01,2001,06,94.484
12.01.2001-09:00:00,12,01,2001,09,101.26
12.01.2001-12:00:00,12,01,2001,12,94.135
12.01.2001-15:00:00,12,01,2001,15,101.2
12.01.2001-18:00:00,12,01,2001,18,93.788
12.01.2001-21:00:00,12,01,2001,21,101.14
12.02.2001-00:00:00,12,02,2001,00,93.434
12.02.2001-03:00:00,12,02,2001,03,101.07
12.02.2001-06:00:00,12,02,2001,06,93.075
12.02.2001-09:00:00,12,02,2001,09,100.99
12.02.2001-12:00:00,12,02,2001,12,90.333
12.02.2001-15:00:00,12,02,2001,15,102.55
12.02.2001-18:00:00,12,02,2001,18,90.626
12.02.2001-21:00:00,12,02,2001,21,102.54
12.03.2001-00:00:00,12,03,2001,00,90.31
12.03.2001-03:00:00,12,03,2001,03,102.53
12.03.2001-06:00:00,12,03,2001,06,89.948
12.03.2001-09:00:00,12,03,2001,09,102.44
12.03.2001-12:00:00,12,03,2001,12,89.591
12.03.2001-15:00:00,12,03,2001,15,102.34
12.03.2001-18:00:00,12,03,2001,18,89.228
12.03.2001-21:00:00,12,03,2001,21,102.26
12.04.2001-00:00:00,12,04,2001,00,88.873
12.04.2001-03:00:00,12,04,2001,03,102.16
12.04.2001-06:00:00,12,04,2001,06,88.507
12.04.2001-09:00:00,12,04,2001,09,102.05
12.04.2001-12:00:00,12,04,2001,12,88.153
12.04.2001-15:00:00,12,04,2001,15,101.95
12.04.2001-18:00:00,12,04,2001,18,87.885
12.04.2001-21:00:00,12,04,2001,21,99.713
12.05.2001-00:00:00,12,05,2001,00,89.507
12.05.2001-03:00:00,12,05,2001,03,97.142
12.05.2001-06:00:00,12,05,2001,06,94.146
12.05.2001-09:00:00,12,05,2001,09,93.12
12.05.2001-12:00:00,12,05,2001,12,96.733
12.05.2001-15:00:00,12,05,2001,15,90.492
12.05.2001-18:00:00,12,05,2001,18,98.374
12.05.2001-21:00:00,12,05,2001,21,88.696
12.06.2001-00:00:00,12,06,2001,00,99.363
12.06.2001-03:00:00,12,06,2001,03,87.556
12.06.2001-06:00:00,12,06,2001,06,99.601
12.06.2001-09:00:00,12,06,2001,09,87.529
12.06.2001-12:00:00,12,06,2001,12,96.569
12.06.2001-15:00:00,12,06,2001,15,91.94
12.06.2001-18:00:00,12,06,2001,18,90.872
12.06.2001-21:00:00,12,06,2001,21,96.18
12.07.2001-00:00:00,12,07,2001,00,88.479
12.07.2001-03:00:00,12,07,2001,03,97.767
12.07.2001-06:00:00,12,07,2001,06,87.243
12.07.2001-09:00:00,12,07,2001,09,95.123
12.07.2001-12:00:00,12,07,2001,12,91.614
12.07.2001-15:00:00,12,07,2001,15,91.538
12.07.2001-18:00:00,12,07,2001,18,94.152
12.07.2001-21:00:00,12,07,2001,21,88.932
12.08.2001-00:00:00,12,08,2001,00,95.697
12.08.2001-03:00:00,12,08,2001,03,88.663
12.08.2001-06:00:00,12,08,2001,06,91.998
12.08.2001-09:00:00,12,08,2001,09,91.08
12.08.2001-12:00:00,12,08,2001,12,90.131
12.08.2001-15:00:00,12,08,2001,15,93.725
12.08.2001-18:00:00,12,08,2001,18,88.397
12.08.2001-21:00:00,12,08,2001,21,91.233
12.09.2001-00:00:00,12,09,2001,00,92.636
12.09.2001-03:00:00,12,09,2001,03,87.693
12.09.2001-06:00:00,12,09,2001,06,95.148
12.09.2001-09:00:00,12,09,2001,09,86.574
12.09.2001-12:00:00,12,09,2001,12,91.895
12.09.2001-15:00:00,12,09,2001,15,90.697
12.09.2001-18:00:00,12,09,2001,18,88.436
12.09.2001-21:00:00,12,09,2001,21,93.115
12.10.2001-00:00:00,12,10,2001,00,86.222
12.10.2001-03:00:00,12,10,2001,03,90.876
12.10.2001-06:00:00,12,10,2001,06,90.392
12.10.2001-09:00:00,12,10,2001,09,87.729
12.10.2001-12:00:00,12,10,2001,12,92.342
12.10.2001-15:00:00,12,10,2001,15,87.775
12.10.2001-18:00:00,12,10,2001,18,88.459
12.10.2001-21:00:00,12,10,2001,21,91.723
12.11.2001-00:00:00,12,11,2001,00,85.894
12.11.2001-03:00:00,12,11,2001,03,89.615
12.11.2001-06:00:00,12,11,2001,06,90.035
12.11.2001-09:00:00,12,11,2001,09,85.693
12.11.2001-12:00:00,12,11,2001,12,89.241
12.11.2001-15:00:00,12,11,2001,15,89.792
12.11.2001-18:00:00,12,11,2001,18,87.269
12.11.2001-21:00:00,12,11,2001,21,87.123
12.12.2001-00:00:00,12,12,2001,00,91.223
12.12.2001-03:00:00,12,12,2001,03,85.509
12.12.2001-06:00:00,12,12,2001,06,88.195
12.12.2001-09:00:00,12,12,2001,09,89.42
12.12.2001-12:00:00,12,12,2001,12,86.988
12.12.2001-15:00:00,12,12,2001,15,86.009
12.12.2001-18:00:00,12,12,2001,18,89.08
12.12.2001-21:00:00,12,12,2001,21,86.864
12.13.2001-00:00:00,12,13,2001,00,85.421
12.13.2001-03:00:00,12,13,2001,03,90.648
12.13.2001-06:00:00,12,13,2001,06,85.111
12.13.2001-09:00:00,12,13,2001,09,86.445
12.13.2001-12:00:00,12,13,2001,12,88.637
12.13.2001-15:00:00,12,13,2001,15,86.633
12.13.2001-18:00:00,12,13,2001,18,84.699
12.13.2001-21:00:00,12,13,2001,21,88.041
12.14.2001-00:00:00,12,14,2001,00,86.416
12.14.2001-03:00:00,12,14,2001,03,84.549
12.14.2001-06:00:00,12,14,2001,06,86.108
12.14.2001-09:00:00,12,14,2001,09,84.45
12.14.2001-12:00:00,12,14,2001,12,88.39
12.14.2001-15:00:00,12,14,2001,15,84.398
12.14.2001-18:00:00,12,14,2001,18,85.85
12.14.2001-21:00:00,12,14,2001,21,84.228
12.15.2001-00:00:00,12,15,2001,00,85.779
12.15.2001-03:00:00,12,15,2001,03,84.153
12.15.2001-06:00:00,12,15,2001,06,86.91
12.15.2001-09:00:00,12,15,2001,09,85.837
12.15.2001-12:00:00,12,15,2001,12,84.013
12.15.2001-15:00:00,12,15,2001,15,85.559
12.15.2001-18:00:00,12,15,2001,18,83.909
12.15.2001-21:00:00,12,15,2001,21,85.445
12.16.2001-00:00:00,12,16,2001,00,83.801
12.16.2001-03:00:00,12,16,2001,03,85.407
12.16.2001-06:00:00,12,16,2001,06,83.768
12.16.2001-09:00:00,12,16,2001,09,83.501
12.16.2001-12:00:00,12,16,2001,12,85.185
12.16.2001-15:00:00,12,16,2001,15,83.537
12.16.2001-18:00:00,12,16,2001,18,85.08
12.16.2001-21:00:00,12,16,2001,21,83.434
12.17.2001-00:00:00,12,17,2001,00,84.965
12.17.2001-03:00:00,12,17,2001,03,83.328
12.17.2001-06:00:00,12,17,2001,06,84.851
12.17.2001-09:00:00,12,17,2001,09,83.217
12.17.2001-12:00:00,12,17,2001,12,82.308
12.17.2001-15:00:00,12,17,2001,15,84.579
12.17.2001-18:00:00,12,17,2001,18,83.009
12.17.2001-21:00:00,12,17,2001,21,84.568
12.18.2001-00:00:00,12,18,2001,00,82.939
12.18.2001-03:00:00,12,18,2001,03,84.465
12.18.2001-06:00:00,12,18,2001,06,82.839
12.18.2001-09:00:00,12,18,2001,09,82.638
12.18.2001-12:00:00,12,18,2001,12,84.021
12.18.2001-15:00:00,12,18,2001,15,82.611
12.18.2001-18:00:00,12,18,2001,18,84.16
12.18.2001-21:00:00,12,18,2001,21,82.558
12.19.2001-00:00:00,12,19,2001,00,84.158
12.19.2001-03:00:00,12,19,2001,03,82.533
12.19.2001-06:00:00,12,19,2001,06,83.978
12.19.2001-09:00:00,12,19,2001,09,82.351
12.19.2001-12:00:00,12,19,2001,12,82.159
12.19.2001-15:00:00,12,19,2001,15,83.825
12.19.2001-18:00:00,12,19,2001,18,82.195
12.19.2001-21:00:00,12,19,2001,21,83.712
12.20.2001-00:00:00,12,20,2001,00,82.086
12.20.2001-03:00:00,12,20,2001,03,83.598
12.20.2001-06:00:00,12,20,2001,06,81.971
12.20.2001-09:00:00,12,20,2001,09,81.778
12.20.2001-12:00:00,12,20,2001,12,83.435
12.20.2001-15:00:00,12,20,2001,15,81.804
12.20.2001-18:00:00,12,20,2001,18,83.321
12.20.2001-21:00:00,12,20,2001,21,81.699
12.21.2001-00:00:00,12,21,2001,00,83.207
12.21.2001-03:00:00,12,21,2001,03,81.586
12.21.2001-06:00:00,12,21,2001,06,83.085
12.21.2001-09:00:00,12,21,2001,09,81.471
12.21.2001-12:00:00,12,21,2001,12,81.275
12.21.2001-15:00:00,12,21,2001,15,82.923
12.21.2001-18:00:00,12,21,2001,18,81.303
12.21.2001-21:00:00,12,21,2001,21,82.802
12.22.2001-00:00:00,12,22,2001,00,81.263
12.22.2001-03:00:00,12,22,2001,03,82.754
12.22.2001-06:00:00,12,22,2001,06,81.141
12.22.2001-09:00:00,12,22,2001,09,80.873
12.22.2001-12:00:00,12,22,2001,12,82.513
12.22.2001-15:00:00,12,22,2001,15,80.893
12.22.2001-18:00:00,12,22,2001,18,82.394
12.22.2001-21:00:00,12,22,2001,21,80.778
12.23.2001-00:00:00,12,23,2001,00,82.269
12.23.2001-03:00:00,12,23,2001,03,80.659
12.23.2001-06:00:00,12,23,2001,06,80.459
12.23.2001-09:00:00,12,23,2001,09,82.095
12.23.2001-12:00:00,12,23,2001,12,80.479
12.23.2001-15:00:00,12,23,2001,15,81.967
12.23.2001-18:00:00,12,23,2001,18,80.357
12.23.2001-21:00:00,12,23,2001,21,81.843
12.24.2001-00:00:00,12,24,2001,00,80.239
12.24.2001-03:00:00,12,24,2001,03,80.034
12.24.2001-06:00:00,12,24,2001,06,81.665
12.24.2001-09:00:00,12,24,2001,09,80.051
12.24.2001-12:00:00,12,24,2001,12,81.534
12.24.2001-15:00:00,12,24,2001,15,79.927
12.24.2001-18:00:00,12,24,2001,18,81.402
12.24.2001-21:00:00,12,24,2001,21,79.801
12.25.2001-00:00:00,12,25,2001,00,79.6
12.25.2001-03:00:00,12,25,2001,03,81.225
12.25.2001-06:00:00,12,25,2001,06,79.695
12.25.2001-09:00:00,12,25,2001,09,81.176
12.25.2001-12:00:00,12,25,2001,12,79.503
12.25.2001-15:00:00,12,25,2001,15,80.967
12.25.2001-18:00:00,12,25,2001,18,79.373
12.25.2001-21:00:00,12,25,2001,21,79.17
12.26.2001-00:00:00,12,26,2001,00,80.79
12.26.2001-03:00:00,12,26,2001,03,79.186
12.26.2001-06:00:00,12,26,2001,06,80.658
12.26.2001-09:00:00,12,26,2001,09,79.051
12.26.2001-12:00:00,12,26,2001,12,80.507
12.26.2001-15:00:00,12,26,2001,15,78.907
12.26.2001-18:00:00,12,26,2001,18,78.698
12.26.2001-21:00:00,12,26,2001,21,80.3
12.27.2001-00:00:00,12,27,2001,00,78.694
12.27.2001-03:00:00,12,27,2001,03,80.156
12.27.2001-06:00:00,12,27,2001,06,78.556
12.27.2001-09:00:00,12,27,2001,09,80.004
12.27.2001-12:00:00,12,27,2001,12,78.412
12.27.2001-15:00:00,12,27,2001,15,78.202
12.27.2001-18:00:00,12,27,2001,18,79.8
12.27.2001-21:00:00,12,27,2001,21,78.2
12.28.2001-00:00:00,12,28,2001,00,79.652
12.28.2001-03:00:00,12,28,2001,03,78.058
12.28.2001-06:00:00,12,28,2001,06,77.849
12.28.2001-09:00:00,12,28,2001,09,79.444
12.28.2001-12:00:00,12,28,2001,12,77.926
12.28.2001-15:00:00,12,28,2001,15,79.375
12.28.2001-18:00:00,12,28,2001,18,77.776
12.28.2001-21:00:00,12,28,2001,21,79.152
12.29.2001-00:00:00,12,29,2001,00,77.562
12.29.2001-03:00:00,12,29,2001,03,77.352
12.29.2001-06:00:00,12,29,2001,06,78.942
12.29.2001-09:00:00,12,29,2001,09,77.348
12.29.2001-12:00:00,12,29,2001,12,78.793
12.29.2001-15:00:00,12,29,2001,15,77.203
12.29.2001-18:00:00,12,29,2001,18,78.642
12.29.2001-21:00:00,12,29,2001,21,77.06
12.30.2001-00:00:00,12,30,2001,00,76.851
12.30.2001-03:00:00,12,30,2001,03,78.437
12.30.2001-06:00:00,12,30,2001,06,76.852
12.30.2001-09:00:00,12,30,2001,09,78.289
12.30.2001-12:00:00,12,30,2001,12,76.71
12.30.2001-15:00:00,12,30,2001,15,76.5
12.30.2001-18:00:00,12,30,2001,18,78.083
12.30.2001-21:00:00,12,30,2001,21,76.495
12.31.2001-00:00:00,12,31,2001,00,77.933
12.31.2001-03:00:00,12,31,2001,03,76.35
12.31.2001-06:00:00,12,31,2001,06,77.78
12.31.2001-09:00:00,12,31,2001,09,76.205
12.31.2001-12:00:00,12,31,2001,12,75.998
12.31.2001-15:00:00,12,31,2001,15,77.569
12.31.2001-18:00:00,12,31,2001,18,75.99
12.31.2001-21:00:00,12,31,2001,21,77.499
01.01.2002-00:00:00,01,01,2002,00,75.93
01.01.2002-03:00:00,01,01,2002,03,75.715
01.01.2002-06:00:00,01,01,2002,06,77.22
01.01.2002-09:00:00,01,01,2002,09,75.637
01.01.2002-12:00:00,01,01,2002,12,76.979
01.01.2002-15:00:00,01,01,2002,15,75.477
01.01.2002-18:00:00,01,01,2002,18,76.909
01.01.2002-21:00:00,01,01,2002,21,75.349
01.02.2002-00:00:00,01,02,2002,00,75.145
01.02.2002-03:00:00,01,02,2002,03,76.712
01.02.2002-06:00:00,01,02,2002,06,75.14
01.02.2002-09:00:00,01,02,2002,09,76.563
01.02.2002-12:00:00,01,02,2002,12,74.997
01.02.2002-15:00:00,01,02,2002,15,74.791
01.02.2002-18:00:00,01,02,2002,18,76.355
01.02.2002-21:00:00,01,02,2002,21,74.791
01.03.2002-00:00:00,01,03,2002,00,76.211
01.03.2002-03:00:00,01,03,2002,03,74.646
01.03.2002-06:00:00,01,03,2002,06,76.059
01.03.2002-09:00:00,01,03,2002,09,74.504
01.03.2002-12:00:00,01,03,2002,12,74.104
01.03.2002-15:00:00,01,03,2002,15,75.825
01.03.2002-18:00:00,01,03,2002,18,74.272
01.03.2002-21:00:00,01,03,2002,21,75.697
01.04.2002-00:00:00,01,04,2002,00,74.143
01.04.2002-03:00:00,01,04,2002,03,73.937
01.04.2002-06:00:00,01,04,2002,06,75.49
01.04.2002-09:00:00,01,04,2002,09,73.66
01.04.2002-12:00:00,01,04,2002,12,74.03
01.04.2002-15:00:00,01,04,2002,15,73.702
01.04.2002-18:00:00,01,04,2002,18,73.173
01.04.2002-21:00:00,01,04,2002,21,74.718
01.05.2002-00:00:00,01,05,2002,00,73.175
01.05.2002-03:00:00,01,05,2002,03,74.603
01.05.2002-06:00:00,01,05,2002,06,73.073
01.05.2002-09:00:00,01,05,2002,09,72.881
01.05.2002-12:00:00,01,05,2002,12,74.447
01.05.2002-15:00:00,01,05,2002,15,72.899
01.05.2002-18:00:00,01,05,2002,18,74.319
01.05.2002-21:00:00,01,05,2002,21,72.776
01.06.2002-00:00:00,01,06,2002,00,74.185
01.06.2002-03:00:00,01,06,2002,03,72.651
01.06.2002-06:00:00,01,06,2002,06,72.454
01.06.2002-09:00:00,01,06,2002,09,74.001
01.06.2002-12:00:00,01,06,2002,12,72.462
01.06.2002-15:00:00,01,06,2002,15,73.867
01.06.2002-18:00:00,01,06,2002,18,72.332
01.06.2002-21:00:00,01,06,2002,21,72.134
01.07.2002-00:00:00,01,07,2002,00,73.678
01.07.2002-03:00:00,01,07,2002,03,72.137
01.07.2002-06:00:00,01,07,2002,06,73.542
01.07.2002-09:00:00,01,07,2002,09,72.005
01.07.2002-12:00:00,01,07,2002,12,71.805
01.07.2002-15:00:00,01,07,2002,15,73.347
01.07.2002-18:00:00,01,07,2002,18,71.81
01.07.2002-21:00:00,01,07,2002,21,73.21
01.08.2002-00:00:00,01,08,2002,00,71.759
01.08.2002-03:00:00,01,08,2002,03,71.557
01.08.2002-06:00:00,01,08,2002,06,73.09
01.08.2002-09:00:00,01,08,2002,09,71.395
01.08.2002-12:00:00,01,08,2002,12,72.822
01.08.2002-15:00:00,01,08,2002,15,71.331
01.08.2002-18:00:00,01,08,2002,18,71.136
01.08.2002-21:00:00,01,08,2002,21,72.672
01.09.2002-00:00:00,01,09,2002,00,71.134
01.09.2002-03:00:00,01,09,2002,03,72.529
01.09.2002-06:00:00,01,09,2002,06,70.997
01.09.2002-09:00:00,01,09,2002,09,69.933
01.09.2002-12:00:00,01,09,2002,12,68.679
01.09.2002-15:00:00,01,09,2002,15,70.383
01.09.2002-18:00:00,01,09,2002,18,72.134
01.09.2002-21:00:00,01,09,2002,21,70.615
01.10.2002-00:00:00,01,10,2002,00,71.997
01.10.2002-03:00:00,01,10,2002,03,70.475
01.10.2002-06:00:00,01,10,2002,06,70.275
01.10.2002-09:00:00,01,10,2002,09,69.646
01.10.2002-12:00:00,01,10,2002,12,68.45
01.10.2002-15:00:00,01,10,2002,15,71.418
01.10.2002-18:00:00,01,10,2002,18,70.098
01.10.2002-21:00:00,01,10,2002,21,69.903
01.11.2002-00:00:00,01,11,2002,00,71.421
01.11.2002-03:00:00,01,11,2002,03,69.901
01.11.2002-06:00:00,01,11,2002,06,71.278
01.11.2002-09:00:00,01,11,2002,09,68.929
01.11.2002-12:00:00,01,11,2002,12,68.31
01.11.2002-15:00:00,01,11,2002,15,70.969
01.11.2002-18:00:00,01,11,2002,18,69.599
01.11.2002-21:00:00,01,11,2002,21,70.963
01.12.2002-00:00:00,01,12,2002,00,69.385
01.12.2002-03:00:00,01,12,2002,03,69.173
01.12.2002-06:00:00,01,12,2002,06,70.683
01.12.2002-09:00:00,01,12,2002,09,69.157
01.12.2002-12:00:00,01,12,2002,12,70.323
01.12.2002-15:00:00,01,12,2002,15,68.988
01.12.2002-18:00:00,01,12,2002,18,68.8
01.12.2002-21:00:00,01,12,2002,21,70.3
01.13.2002-00:00:00,01,13,2002,00,68.777
01.13.2002-03:00:00,01,13,2002,03,70.145
01.13.2002-06:00:00,01,13,2002,06,68.632
01.13.2002-09:00:00,01,13,2002,09,67.029
01.13.2002-12:00:00,01,13,2002,12,68.523
01.13.2002-15:00:00,01,13,2002,15,68.23
01.13.2002-18:00:00,01,13,2002,18,69.748
01.13.2002-21:00:00,01,13,2002,21,68.242
01.14.2002-00:00:00,01,14,2002,00,68.037
01.14.2002-03:00:00,01,14,2002,03,69.531
01.14.2002-06:00:00,01,14,2002,06,68.017
01.14.2002-09:00:00,01,14,2002,09,69.373
01.14.2002-12:00:00,01,14,2002,12,67.143
01.14.2002-15:00:00,01,14,2002,15,67.539
01.14.2002-18:00:00,01,14,2002,18,69.146
01.14.2002-21:00:00,01,14,2002,21,67.642
01.15.2002-00:00:00,01,15,2002,00,68.994
01.15.2002-03:00:00,01,15,2002,03,67.572
01.15.2002-06:00:00,01,15,2002,06,67.367
01.15.2002-09:00:00,01,15,2002,09,68.848
01.15.2002-12:00:00,01,15,2002,12,67.276
01.15.2002-15:00:00,01,15,2002,15,68.62
01.15.2002-18:00:00,01,15,2002,18,67.123
01.15.2002-21:00:00,01,15,2002,21,66.92
01.16.2002-00:00:00,01,16,2002,00,68.404
01.16.2002-03:00:00,01,16,2002,03,66.904
01.16.2002-06:00:00,01,16,2002,06,68.255
01.16.2002-09:00:00,01,16,2002,09,66.761
01.16.2002-12:00:00,01,16,2002,12,66.56
01.16.2002-15:00:00,01,16,2002,15,68.04
01.16.2002-18:00:00,01,16,2002,18,66.545
01.16.2002-21:00:00,01,16,2002,21,66.342
01.17.2002-00:00:00,01,17,2002,00,67.829
01.17.2002-03:00:00,01,17,2002,03,66.329
01.17.2002-06:00:00,01,17,2002,06,67.677
01.17.2002-09:00:00,01,17,2002,09,66.184
01.17.2002-12:00:00,01,17,2002,12,65.174
01.17.2002-15:00:00,01,17,2002,15,67.326
01.17.2002-18:00:00,01,17,2002,18,65.965
01.17.2002-21:00:00,01,17,2002,21,67.316
01.18.2002-00:00:00,01,18,2002,00,65.834
01.18.2002-03:00:00,01,18,2002,03,65.636
01.18.2002-06:00:00,01,18,2002,06,67.116
01.18.2002-09:00:00,01,18,2002,09,65.628
01.18.2002-12:00:00,01,18,2002,12,66.971
01.18.2002-15:00:00,01,18,2002,15,65.49
01.18.2002-18:00:00,01,18,2002,18,65.374
01.18.2002-21:00:00,01,18,2002,21,66.85
01.19.2002-00:00:00,01,19,2002,00,65.361
01.19.2002-03:00:00,01,19,2002,03,66.632
01.19.2002-06:00:00,01,19,2002,06,65.154
01.19.2002-09:00:00,01,19,2002,09,64.957
01.19.2002-12:00:00,01,19,2002,12,66.428
01.19.2002-15:00:00,01,19,2002,15,64.95
01.19.2002-18:00:00,01,19,2002,18,66.284
01.19.2002-21:00:00,01,19,2002,21,64.813
01.20.2002-00:00:00,01,20,2002,00,64.618
01.20.2002-03:00:00,01,20,2002,03,66.085
01.20.2002-06:00:00,01,20,2002,06,64.612
01.20.2002-09:00:00,01,20,2002,09,64.42
01.20.2002-12:00:00,01,20,2002,12,65.045
01.20.2002-15:00:00,01,20,2002,15,64.286
01.20.2002-18:00:00,01,20,2002,18,65.743
01.20.2002-21:00:00,01,20,2002,21,64.277
01.21.2002-00:00:00,01,21,2002,00,64.084
01.21.2002-03:00:00,01,21,2002,03,65.554
01.21.2002-06:00:00,01,21,2002,06,64.084
01.21.2002-09:00:00,01,21,2002,09,65.417
01.21.2002-12:00:00,01,21,2002,12,63.631
01.21.2002-15:00:00,01,21,2002,15,63.683
01.21.2002-18:00:00,01,21,2002,18,65.224
01.21.2002-21:00:00,01,21,2002,21,63.764
01.22.2002-00:00:00,01,22,2002,00,65.093
01.22.2002-03:00:00,01,22,2002,03,63.635
01.22.2002-06:00:00,01,22,2002,06,63.444
01.22.2002-09:00:00,01,22,2002,09,64.987
01.22.2002-12:00:00,01,22,2002,12,63.526
01.22.2002-15:00:00,01,22,2002,15,64.845
01.22.2002-18:00:00,01,22,2002,18,63.388
01.22.2002-21:00:00,01,22,2002,21,63.13
01.23.2002-00:00:00,01,23,2002,00,64.585
01.23.2002-03:00:00,01,23,2002,03,63.13
01.23.2002-06:00:00,01,23,2002,06,62.941
01.23.2002-09:00:00,01,23,2002,09,64.401
01.23.2002-12:00:00,01,23,2002,12,62.942
01.23.2002-15:00:00,01,23,2002,15,64.266
01.23.2002-18:00:00,01,23,2002,18,62.815
01.23.2002-21:00:00,01,23,2002,21,62.626
01.24.2002-00:00:00,01,24,2002,00,64.08
01.24.2002-03:00:00,01,24,2002,03,62.627
01.24.2002-06:00:00,01,24,2002,06,63.946
01.24.2002-09:00:00,01,24,2002,09,62.501
01.24.2002-12:00:00,01,24,2002,12,61.692
01.24.2002-15:00:00,01,24,2002,15,63.675
01.24.2002-18:00:00,01,24,2002,18,62.309
01.24.2002-21:00:00,01,24,2002,21,62.126
01.25.2002-00:00:00,01,25,2002,00,63.58
01.25.2002-03:00:00,01,25,2002,03,62.129
01.25.2002-06:00:00,01,25,2002,06,63.405
01.25.2002-09:00:00,01,25,2002,09,61.304
01.25.2002-12:00:00,01,25,2002,12,61.454
01.25.2002-15:00:00,01,25,2002,15,63.221
01.25.2002-18:00:00,01,25,2002,18,61.813
01.25.2002-21:00:00,01,25,2002,21,63.127
01.26.2002-00:00:00,01,26,2002,00,61.768
01.26.2002-03:00:00,01,26,2002,03,61.584
01.26.2002-06:00:00,01,26,2002,06,63.021
01.26.2002-09:00:00,01,26,2002,09,61.513
01.26.2002-12:00:00,01,26,2002,12,62.42
01.26.2002-15:00:00,01,26,2002,15,61.287
01.26.2002-18:00:00,01,26,2002,18,61.194
01.26.2002-21:00:00,01,26,2002,21,62.634
01.27.2002-00:00:00,01,27,2002,00,61.2
01.27.2002-03:00:00,01,27,2002,03,61.013
01.27.2002-06:00:00,01,27,2002,06,62.454
01.27.2002-09:00:00,01,27,2002,09,61.019
01.27.2002-12:00:00,01,27,2002,12,62.327
01.27.2002-15:00:00,01,27,2002,15,60.897
01.27.2002-18:00:00,01,27,2002,18,60.712
01.27.2002-21:00:00,01,27,2002,21,62.147
01.28.2002-00:00:00,01,28,2002,00,60.715
01.28.2002-03:00:00,01,28,2002,03,62.017
01.28.2002-06:00:00,01,28,2002,06,60.593
01.28.2002-09:00:00,01,28,2002,09,60.408
01.28.2002-12:00:00,01,28,2002,12,61.837
01.28.2002-15:00:00,01,28,2002,15,60.412
01.28.2002-18:00:00,01,28,2002,18,60.226
01.28.2002-21:00:00,01,28,2002,21,61.66
01.29.2002-00:00:00,01,29,2002,00,60.23
01.29.2002-03:00:00,01,29,2002,03,61.532
01.29.2002-06:00:00,01,29,2002,06,60.109
01.29.2002-09:00:00,01,29,2002,09,59.928
01.29.2002-12:00:00,01,29,2002,12,61.359
01.29.2002-15:00:00,01,29,2002,15,60.021
01.29.2002-18:00:00,01,29,2002,18,61.319
01.29.2002-21:00:00,01,29,2002,21,59.901
01.30.2002-00:00:00,01,30,2002,00,59.651
01.30.2002-03:00:00,01,30,2002,03,61.073
01.30.2002-06:00:00,01,30,2002,06,59.659
01.30.2002-09:00:00,01,30,2002,09,58.881
01.30.2002-12:00:00,01,30,2002,12,60.874
01.30.2002-15:00:00,01,30,2002,15,58.908
01.30.2002-18:00:00,01,30,2002,18,60.761
01.30.2002-21:00:00,01,30,2002,21,58.81
01.31.2002-00:00:00,01,31,2002,00,59.178
01.31.2002-03:00:00,01,31,2002,03,60.07
01.31.2002-06:00:00,01,31,2002,06,59.197
01.31.2002-09:00:00,01,31,2002,09,58.494
01.31.2002-12:00:00,01,31,2002,12,59.904
01.31.2002-15:00:00,01,31,2002,15,58.433
01.31.2002-18:00:00,01,31,2002,18,60.334
01.31.2002-21:00:00,01,31,2002,21,58.423
02.01.2002-00:00:00,02,01,2002,00,58.759
02.01.2002-03:00:00,02,01,2002,03,59.683
02.01.2002-06:00:00,02,01,2002,06,58.249
02.01.2002-09:00:00,02,01,2002,09,60.073
02.01.2002-12:00:00,02,01,2002,12,58.186
02.01.2002-15:00:00,02,01,2002,15,57.982
02.01.2002-18:00:00,02,01,2002,18,60.002
02.01.2002-21:00:00,02,01,2002,21,58.125
02.02.2002-00:00:00,02,02,2002,00,57.915
02.02.2002-03:00:00,02,02,2002,03,59.276
02.02.2002-06:00:00,02,02,2002,06,58.37
02.02.2002-09:00:00,02,02,2002,09,59.2
02.02.2002-12:00:00,02,02,2002,12,56.656
02.02.2002-15:00:00,02,02,2002,15,57.451
02.02.2002-18:00:00,02,02,2002,18,59.017
02.02.2002-21:00:00,02,02,2002,21,57.633
02.03.2002-00:00:00,02,03,2002,00,58.924
02.03.2002-03:00:00,02,03,2002,03,57.54
02.03.2002-06:00:00,02,03,2002,06,57.371
02.03.2002-09:00:00,02,03,2002,09,58.788
02.03.2002-12:00:00,02,03,2002,12,56.403
02.03.2002-15:00:00,02,03,2002,15,57.093
02.03.2002-18:00:00,02,03,2002,18,58.643
02.03.2002-21:00:00,02,03,2002,21,57.247
02.04.2002-00:00:00,02,04,2002,00,58.544
02.04.2002-03:00:00,02,04,2002,03,57.151
02.04.2002-06:00:00,02,04,2002,06,56.992
02.04.2002-09:00:00,02,04,2002,09,58.391
02.04.2002-12:00:00,02,04,2002,12,56.263
02.04.2002-15:00:00,02,04,2002,15,56.796
02.04.2002-18:00:00,02,04,2002,18,58.336
02.04.2002-21:00:00,02,04,2002,21,56.937
02.05.2002-00:00:00,02,05,2002,00,58.163
02.05.2002-03:00:00,02,05,2002,03,56.769
02.05.2002-06:00:00,02,05,2002,06,56.61
02.05.2002-09:00:00,02,05,2002,09,58.006
02.05.2002-12:00:00,02,05,2002,12,56.635
02.05.2002-15:00:00,02,05,2002,15,56.454
02.05.2002-18:00:00,02,05,2002,18,57.874
02.05.2002-21:00:00,02,05,2002,21,56.48
02.06.2002-00:00:00,02,06,2002,00,57.769
02.06.2002-03:00:00,02,06,2002,03,56.382
02.06.2002-06:00:00,02,06,2002,06,56.223
02.06.2002-09:00:00,02,06,2002,09,57.614
02.06.2002-12:00:00,02,06,2002,12,56.235
02.06.2002-15:00:00,02,06,2002,15,57.521
02.06.2002-18:00:00,02,06,2002,18,56.141
02.06.2002-21:00:00,02,06,2002,21,55.97
02.07.2002-00:00:00,02,07,2002,00,57.376
02.07.2002-03:00:00,02,07,2002,03,55.994
02.07.2002-06:00:00,02,07,2002,06,55.824
02.07.2002-09:00:00,02,07,2002,09,57.313
02.07.2002-12:00:00,02,07,2002,12,55.927
02.07.2002-15:00:00,02,07,2002,15,57.189
02.07.2002-18:00:00,02,07,2002,18,55.763
02.07.2002-21:00:00,02,07,2002,21,55.58
02.08.2002-00:00:00,02,08,2002,00,56.971
02.08.2002-03:00:00,02,08,2002,03,55.601
02.08.2002-06:00:00,02,08,2002,06,55.442
02.08.2002-09:00:00,02,08,2002,09,56.366
02.08.2002-12:00:00,02,08,2002,12,54.172
02.08.2002-15:00:00,02,08,2002,15,56.569
02.08.2002-18:00:00,02,08,2002,18,55.326
02.08.2002-21:00:00,02,08,2002,21,55.191
02.09.2002-00:00:00,02,09,2002,00,56.57
02.09.2002-03:00:00,02,09,2002,03,55.205
02.09.2002-06:00:00,02,09,2002,06,55.036
02.09.2002-09:00:00,02,09,2002,09,55.444
02.09.2002-12:00:00,02,09,2002,12,53.823
02.09.2002-15:00:00,02,09,2002,15,56.174
02.09.2002-18:00:00,02,09,2002,18,54.918
02.09.2002-21:00:00,02,09,2002,21,54.782
02.10.2002-00:00:00,02,10,2002,00,56.177
02.10.2002-03:00:00,02,10,2002,03,54.886
02.10.2002-06:00:00,02,10,2002,06,54.715
02.10.2002-09:00:00,02,10,2002,09,56.098
02.10.2002-12:00:00,02,10,2002,12,53.559
02.10.2002-15:00:00,02,10,2002,15,55.783
02.10.2002-18:00:00,02,10,2002,18,54.533
02.10.2002-21:00:00,02,10,2002,21,54.389
02.11.2002-00:00:00,02,11,2002,00,55.768
02.11.2002-03:00:00,02,11,2002,03,54.412
02.11.2002-06:00:00,02,11,2002,06,54.242
02.11.2002-09:00:00,02,11,2002,09,55.625
02.11.2002-12:00:00,02,11,2002,12,53.218
02.11.2002-15:00:00,02,11,2002,15,55.392
02.11.2002-18:00:00,02,11,2002,18,54.138
02.11.2002-21:00:00,02,11,2002,21,53.997
02.12.2002-00:00:00,02,12,2002,00,55.372
02.12.2002-03:00:00,02,12,2002,03,54.019
02.12.2002-06:00:00,02,12,2002,06,53.851
02.12.2002-09:00:00,02,12,2002,09,55.228
02.12.2002-12:00:00,02,12,2002,12,52.472
02.12.2002-15:00:00,02,12,2002,15,54.973
02.12.2002-18:00:00,02,12,2002,18,53.701
02.12.2002-21:00:00,02,12,2002,21,53.592
02.13.2002-00:00:00,02,13,2002,00,55.051
02.13.2002-03:00:00,02,13,2002,03,53.703
02.13.2002-06:00:00,02,13,2002,06,53.531
02.13.2002-09:00:00,02,13,2002,09,54.833
02.13.2002-12:00:00,02,13,2002,12,53.477
02.13.2002-15:00:00,02,13,2002,15,54.722
02.13.2002-18:00:00,02,13,2002,18,53.379
02.13.2002-21:00:00,02,13,2002,21,53.212
02.14.2002-00:00:00,02,14,2002,00,54.577
02.14.2002-03:00:00,02,14,2002,03,53.233
02.14.2002-06:00:00,02,14,2002,06,53.066
02.14.2002-09:00:00,02,14,2002,09,50.79
02.14.2002-12:00:00,02,14,2002,12,50.279
02.14.2002-15:00:00,02,14,2002,15,54.09
02.14.2002-18:00:00,02,14,2002,18,52.895
02.14.2002-21:00:00,02,14,2002,21,52.73
02.15.2002-00:00:00,02,15,2002,00,54.091
02.15.2002-03:00:00,02,15,2002,03,52.754
02.15.2002-06:00:00,02,15,2002,06,52.592
02.15.2002-09:00:00,02,15,2002,09,50.35
02.15.2002-12:00:00,02,15,2002,12,50.395
02.15.2002-15:00:00,02,15,2002,15,53.708
02.15.2002-18:00:00,02,15,2002,18,52.488
02.15.2002-21:00:00,02,15,2002,21,52.405
02.16.2002-00:00:00,02,16,2002,00,53.76
02.16.2002-03:00:00,02,16,2002,03,52.42
02.16.2002-06:00:00,02,16,2002,06,52.224
02.16.2002-09:00:00,02,16,2002,09,50.944
02.16.2002-12:00:00,02,16,2002,12,49.344
02.16.2002-15:00:00,02,16,2002,15,53.267
02.16.2002-18:00:00,02,16,2002,18,52.093
02.16.2002-21:00:00,02,16,2002,21,51.929
02.17.2002-00:00:00,02,17,2002,00,53.28
02.17.2002-03:00:00,02,17,2002,03,51.951
02.17.2002-06:00:00,02,17,2002,06,51.788
02.17.2002-09:00:00,02,17,2002,09,50.393
02.17.2002-12:00:00,02,17,2002,12,48.493
02.17.2002-15:00:00,02,17,2002,15,52.838
02.17.2002-18:00:00,02,17,2002,18,51.694
02.17.2002-21:00:00,02,17,2002,21,51.53
02.18.2002-00:00:00,02,18,2002,00,52.875
02.18.2002-03:00:00,02,18,2002,03,51.552
02.18.2002-06:00:00,02,18,2002,06,51.388
02.18.2002-09:00:00,02,18,2002,09,48.982
02.18.2002-12:00:00,02,18,2002,12,47.132
02.18.2002-15:00:00,02,18,2002,15,50.794
02.18.2002-18:00:00,02,18,2002,18,52.637
02.18.2002-21:00:00,02,18,2002,21,51.321
02.19.2002-00:00:00,02,19,2002,00,52.541
02.19.2002-03:00:00,02,19,2002,03,51.15
02.19.2002-06:00:00,02,19,2002,06,50.983
02.19.2002-09:00:00,02,19,2002,09,47.296
02.19.2002-12:00:00,02,19,2002,12,45.757
02.19.2002-15:00:00,02,19,2002,15,48.409
02.19.2002-18:00:00,02,19,2002,18,51.783
02.19.2002-21:00:00,02,19,2002,21,50.314
02.20.2002-00:00:00,02,20,2002,00,52.012
02.20.2002-03:00:00,02,20,2002,03,50.245
02.20.2002-06:00:00,02,20,2002,06,50.542
02.20.2002-09:00:00,02,20,2002,09,47.259
02.20.2002-12:00:00,02,20,2002,12,45.885
02.20.2002-15:00:00,02,20,2002,15,48.963
02.20.2002-18:00:00,02,20,2002,18,51.203
02.20.2002-21:00:00,02,20,2002,21,50.399
02.21.2002-00:00:00,02,21,2002,00,51.177
02.21.2002-03:00:00,02,21,2002,03,50.31
02.21.2002-06:00:00,02,21,2002,06,49.716
02.21.2002-09:00:00,02,21,2002,09,47.743
02.21.2002-12:00:00,02,21,2002,12,47.321
02.21.2002-15:00:00,02,21,2002,15,49.337
02.21.2002-18:00:00,02,21,2002,18,50.964
02.21.2002-21:00:00,02,21,2002,21,50.107
02.22.2002-00:00:00,02,22,2002,00,49.524
02.22.2002-03:00:00,02,22,2002,03,51.21
02.22.2002-06:00:00,02,22,2002,06,49.483
02.22.2002-09:00:00,02,22,2002,09,46.057
02.22.2002-12:00:00,02,22,2002,12,44.466
02.22.2002-15:00:00,02,22,2002,15,46.883
02.22.2002-18:00:00,02,22,2002,18,49.491
02.22.2002-21:00:00,02,22,2002,21,49.131
02.23.2002-00:00:00,02,23,2002,00,49.455
02.23.2002-03:00:00,02,23,2002,03,50.4
02.23.2002-06:00:00,02,23,2002,06,44.902
02.23.2002-09:00:00,02,23,2002,09,45.246
02.23.2002-12:00:00,02,23,2002,12,44.111
02.23.2002-15:00:00,02,23,2002,15,46.016
02.23.2002-18:00:00,02,23,2002,18,47.94
02.23.2002-21:00:00,02,23,2002,21,47.478
02.24.2002-00:00:00,02,24,2002,00,48.053
02.24.2002-03:00:00,02,24,2002,03,49.48
02.24.2002-06:00:00,02,24,2002,06,48.517
02.24.2002-09:00:00,02,24,2002,09,45.993
02.24.2002-12:00:00,02,24,2002,12,47.9
02.24.2002-15:00:00,02,24,2002,15,48.45
02.24.2002-18:00:00,02,24,2002,18,50.134
02.24.2002-21:00:00,02,24,2002,21,48.574
02.25.2002-00:00:00,02,25,2002,00,48.402
02.25.2002-03:00:00,02,25,2002,03,49.719
02.25.2002-06:00:00,02,25,2002,06,48.365
02.25.2002-09:00:00,02,25,2002,09,48.209
02.25.2002-12:00:00,02,25,2002,12,49.894
02.25.2002-15:00:00,02,25,2002,15,48.263
02.25.2002-18:00:00,02,25,2002,18,49.444
02.25.2002-21:00:00,02,25,2002,21,48.165
02.26.2002-00:00:00,02,26,2002,00,48.014
02.26.2002-03:00:00,02,26,2002,03,49.33
02.26.2002-06:00:00,02,26,2002,06,48.05
02.26.2002-09:00:00,02,26,2002,09,47.899
02.26.2002-12:00:00,02,26,2002,12,49.215
02.26.2002-15:00:00,02,26,2002,15,47.934
02.26.2002-18:00:00,02,26,2002,18,47.783
02.26.2002-21:00:00,02,26,2002,21,49.101
02.27.2002-00:00:00,02,27,2002,00,47.818
02.27.2002-03:00:00,02,27,2002,03,49.015
02.27.2002-06:00:00,02,27,2002,06,47.742
02.27.2002-09:00:00,02,27,2002,09,47.591
02.27.2002-12:00:00,02,27,2002,12,48.901
02.27.2002-15:00:00,02,27,2002,15,47.705
02.27.2002-18:00:00,02,27,2002,18,47.553
02.27.2002-21:00:00,02,27,2002,21,48.86
02.28.2002-00:00:00,02,28,2002,00,47.515
02.28.2002-03:00:00,02,28,2002,03,47.36
02.28.2002-06:00:00,02,28,2002,06,48.673
02.28.2002-09:00:00,02,28,2002,09,44.126
02.28.2002-12:00:00,02,28,2002,12,44.855
02.28.2002-15:00:00,02,28,2002,15,45.67
02.28.2002-18:00:00,02,28,2002,18,46.466
02.28.2002-21:00:00,02,28,2002,21,48.113
03.01.2002-00:00:00,03,01,2002,00,47.151
03.01.2002-03:00:00,03,01,2002,03,47.017
03.01.2002-06:00:00,03,01,2002,06,48.321
03.01.2002-09:00:00,03,01,2002,09,43.971
03.01.2002-12:00:00,03,01,2002,12,42.306
03.01.2002-15:00:00,03,01,2002,15,46.208
03.01.2002-18:00:00,03,01,2002,18,45.43
03.01.2002-21:00:00,03,01,2002,21,47.631
03.02.2002-00:00:00,03,02,2002,00,46.477
03.02.2002-03:00:00,03,02,2002,03,46.334
03.02.2002-06:00:00,03,02,2002,06,47.635
03.02.2002-09:00:00,03,02,2002,09,43.883
03.02.2002-12:00:00,03,02,2002,12,42.198
03.02.2002-15:00:00,03,02,2002,15,46.019
03.02.2002-18:00:00,03,02,2002,18,45.357
03.02.2002-21:00:00,03,02,2002,21,46.037
03.03.2002-00:00:00,03,03,2002,00,47.403
03.03.2002-03:00:00,03,03,2002,03,46.403
03.03.2002-06:00:00,03,03,2002,06,47.598
03.03.2002-09:00:00,03,03,2002,09,42.047
03.03.2002-12:00:00,03,03,2002,12,42.12
03.03.2002-15:00:00,03,03,2002,15,45.66
03.03.2002-18:00:00,03,03,2002,18,44.937
03.03.2002-21:00:00,03,03,2002,21,45.711
03.04.2002-00:00:00,03,04,2002,00,47.059
03.04.2002-03:00:00,03,04,2002,03,45.823
03.04.2002-06:00:00,03,04,2002,06,45.911
03.04.2002-09:00:00,03,04,2002,09,41.984
03.04.2002-12:00:00,03,04,2002,12,40.87
03.04.2002-15:00:00,03,04,2002,15,44.394
03.04.2002-18:00:00,03,04,2002,18,44.172
03.04.2002-21:00:00,03,04,2002,21,44.411
03.05.2002-00:00:00,03,05,2002,00,46.274
03.05.2002-03:00:00,03,05,2002,03,45.413
03.05.2002-06:00:00,03,05,2002,06,44.563
03.05.2002-09:00:00,03,05,2002,09,40.31
03.05.2002-12:00:00,03,05,2002,12,40.044
03.05.2002-15:00:00,03,05,2002,15,41.437
03.05.2002-18:00:00,03,05,2002,18,43.671
03.05.2002-21:00:00,03,05,2002,21,43.535
03.06.2002-00:00:00,03,06,2002,00,44.775
03.06.2002-03:00:00,03,06,2002,03,44.017
03.06.2002-06:00:00,03,06,2002,06,44.444
03.06.2002-09:00:00,03,06,2002,09,40.869
03.06.2002-12:00:00,03,06,2002,12,40.052
03.06.2002-15:00:00,03,06,2002,15,41.496
03.06.2002-18:00:00,03,06,2002,18,44.377
03.06.2002-21:00:00,03,06,2002,21,43.449
03.07.2002-00:00:00,03,07,2002,00,43.347
03.07.2002-03:00:00,03,07,2002,03,45.407
03.07.2002-06:00:00,03,07,2002,06,44.216
03.07.2002-09:00:00,03,07,2002,09,45.662
03.07.2002-12:00:00,03,07,2002,12,44.522
03.07.2002-15:00:00,03,07,2002,15,44.384
03.07.2002-18:00:00,03,07,2002,18,45.657
03.07.2002-21:00:00,03,07,2002,21,44.427
03.08.2002-00:00:00,03,08,2002,00,44.285
03.08.2002-03:00:00,03,08,2002,03,45.637
03.08.2002-06:00:00,03,08,2002,06,44.406
03.08.2002-09:00:00,03,08,2002,09,44.259
03.08.2002-12:00:00,03,08,2002,12,45.464
03.08.2002-15:00:00,03,08,2002,15,44.229
03.08.2002-18:00:00,03,08,2002,18,45.387
03.08.2002-21:00:00,03,08,2002,21,44.165
03.09.2002-00:00:00,03,09,2002,00,44.023
03.09.2002-03:00:00,03,09,2002,03,45.287
03.09.2002-06:00:00,03,09,2002,06,44.065
03.09.2002-09:00:00,03,09,2002,09,43.924
03.09.2002-12:00:00,03,09,2002,12,45.189
03.09.2002-15:00:00,03,09,2002,15,43.966
03.09.2002-18:00:00,03,09,2002,18,43.825
03.09.2002-21:00:00,03,09,2002,21,45.092
03.10.2002-00:00:00,03,10,2002,00,43.87
03.10.2002-03:00:00,03,10,2002,03,45.021
03.10.2002-06:00:00,03,10,2002,06,43.807
03.10.2002-09:00:00,03,10,2002,09,43.668
03.10.2002-12:00:00,03,10,2002,12,44.925
03.10.2002-15:00:00,03,10,2002,15,43.713
03.10.2002-18:00:00,03,10,2002,18,43.573
03.10.2002-21:00:00,03,10,2002,21,44.907
03.11.2002-00:00:00,03,11,2002,00,43.692
03.11.2002-03:00:00,03,11,2002,03,43.484
03.11.2002-06:00:00,03,11,2002,06,44.739
03.11.2002-09:00:00,03,11,2002,09,43.525
03.11.2002-12:00:00,03,11,2002,12,43.385
03.11.2002-15:00:00,03,11,2002,15,44.645
03.11.2002-18:00:00,03,11,2002,18,43.43
03.11.2002-21:00:00,03,11,2002,21,44.572
03.12.2002-00:00:00,03,12,2002,00,43.366
03.12.2002-03:00:00,03,12,2002,03,43.227
03.12.2002-06:00:00,03,12,2002,06,44.477
03.12.2002-09:00:00,03,12,2002,09,42.69
03.12.2002-12:00:00,03,12,2002,12,42.271
03.12.2002-15:00:00,03,12,2002,15,44.223
03.12.2002-18:00:00,03,12,2002,18,43.166
03.12.2002-21:00:00,03,12,2002,21,43.034
03.13.2002-00:00:00,03,13,2002,00,44.284
03.13.2002-03:00:00,03,13,2002,03,43.077
03.13.2002-06:00:00,03,13,2002,06,44.211
03.13.2002-09:00:00,03,13,2002,09,39.496
03.13.2002-12:00:00,03,13,2002,12,39.14
03.13.2002-15:00:00,03,13,2002,15,42.693
03.13.2002-18:00:00,03,13,2002,18,41.867
03.13.2002-21:00:00,03,13,2002,21,42.022
03.14.2002-00:00:00,03,14,2002,00,43.746
03.14.2002-03:00:00,03,14,2002,03,42.777
03.14.2002-06:00:00,03,14,2002,06,42.728
03.14.2002-09:00:00,03,14,2002,09,39.106
03.14.2002-12:00:00,03,14,2002,12,38.478
03.14.2002-15:00:00,03,14,2002,15,41.635
03.14.2002-18:00:00,03,14,2002,18,41.458
03.14.2002-21:00:00,03,14,2002,21,41.465
03.15.2002-00:00:00,03,15,2002,00,42.71
03.15.2002-03:00:00,03,15,2002,03,42.209
03.15.2002-06:00:00,03,15,2002,06,42.331
03.15.2002-09:00:00,03,15,2002,09,38.974
03.15.2002-12:00:00,03,15,2002,12,38.441
03.15.2002-15:00:00,03,15,2002,15,39.929
03.15.2002-18:00:00,03,15,2002,18,42.416
03.15.2002-21:00:00,03,15,2002,21,41.305
03.16.2002-00:00:00,03,16,2002,00,41.71
03.16.2002-03:00:00,03,16,2002,03,43.126
03.16.2002-06:00:00,03,16,2002,06,42.135
03.16.2002-09:00:00,03,16,2002,09,39.354
03.16.2002-12:00:00,03,16,2002,12,38.21
03.16.2002-15:00:00,03,16,2002,15,39.959
03.16.2002-18:00:00,03,16,2002,18,42.154
03.16.2002-21:00:00,03,16,2002,21,41.031
03.17.2002-00:00:00,03,17,2002,00,40.902
03.17.2002-03:00:00,03,17,2002,03,42.545
03.17.2002-06:00:00,03,17,2002,06,41.579
03.17.2002-09:00:00,03,17,2002,09,41.767
03.17.2002-12:00:00,03,17,2002,12,43.006
03.17.2002-15:00:00,03,17,2002,15,41.755
03.17.2002-18:00:00,03,17,2002,18,42.865
03.17.2002-21:00:00,03,17,2002,21,41.69
03.18.2002-00:00:00,03,18,2002,00,41.555
03.18.2002-03:00:00,03,18,2002,03,42.772
03.18.2002-06:00:00,03,18,2002,06,41.598
03.18.2002-09:00:00,03,18,2002,09,41.463
03.18.2002-12:00:00,03,18,2002,12,42.68
03.18.2002-15:00:00,03,18,2002,15,41.506
03.18.2002-18:00:00,03,18,2002,18,41.37
03.18.2002-21:00:00,03,18,2002,21,42.588
03.19.2002-00:00:00,03,19,2002,00,41.414
03.19.2002-03:00:00,03,19,2002,03,41.278
03.19.2002-06:00:00,03,19,2002,06,42.496
03.19.2002-09:00:00,03,19,2002,09,41.322
03.19.2002-12:00:00,03,19,2002,12,42.426
03.19.2002-15:00:00,03,19,2002,15,41.259
03.19.2002-18:00:00,03,19,2002,18,41.124
03.19.2002-21:00:00,03,19,2002,21,42.334
03.20.2002-00:00:00,03,20,2002,00,41.168
03.20.2002-03:00:00,03,20,2002,03,41.034
03.20.2002-06:00:00,03,20,2002,06,42.243
03.20.2002-09:00:00,03,20,2002,09,41.149
03.20.2002-12:00:00,03,20,2002,12,39.323
03.20.2002-15:00:00,03,20,2002,15,41.572
03.20.2002-18:00:00,03,20,2002,18,40.955
03.20.2002-21:00:00,03,20,2002,21,40.849
03.21.2002-00:00:00,03,21,2002,00,42.059
03.21.2002-03:00:00,03,21,2002,03,40.891
03.21.2002-06:00:00,03,21,2002,06,41.989
03.21.2002-09:00:00,03,21,2002,09,40.829
03.21.2002-12:00:00,03,21,2002,12,40.695
03.21.2002-15:00:00,03,21,2002,15,41.896
03.21.2002-18:00:00,03,21,2002,18,40.737
03.21.2002-21:00:00,03,21,2002,21,40.604
03.22.2002-00:00:00,03,22,2002,00,41.805
03.22.2002-03:00:00,03,22,2002,03,40.645
03.22.2002-06:00:00,03,22,2002,06,40.513
03.22.2002-09:00:00,03,22,2002,09,41.715
03.22.2002-12:00:00,03,22,2002,12,40.556
03.22.2002-15:00:00,03,22,2002,15,41.646
03.22.2002-18:00:00,03,22,2002,18,40.494
03.22.2002-21:00:00,03,22,2002,21,40.362
03.23.2002-00:00:00,03,23,2002,00,41.555
03.23.2002-03:00:00,03,23,2002,03,40.405
03.23.2002-06:00:00,03,23,2002,06,40.345
03.23.2002-09:00:00,03,23,2002,09,37.255
03.23.2002-12:00:00,03,23,2002,12,36.365
03.23.2002-15:00:00,03,23,2002,15,37.552
03.23.2002-18:00:00,03,23,2002,18,39.491
03.23.2002-21:00:00,03,23,2002,21,39.369
03.24.2002-00:00:00,03,24,2002,00,39.319
03.24.2002-03:00:00,03,24,2002,03,40.521
03.24.2002-06:00:00,03,24,2002,06,38.787
03.24.2002-09:00:00,03,24,2002,09,36.462
03.24.2002-12:00:00,03,24,2002,12,35.051
03.24.2002-15:00:00,03,24,2002,15,36.326
03.24.2002-18:00:00,03,24,2002,18,38.405
03.24.2002-21:00:00,03,24,2002,21,37.323
03.25.2002-00:00:00,03,25,2002,00,37.339
03.25.2002-03:00:00,03,25,2002,03,39.449
03.25.2002-06:00:00,03,25,2002,06,37.987
03.25.2002-09:00:00,03,25,2002,09,34.855
03.25.2002-12:00:00,03,25,2002,12,35.779
03.25.2002-15:00:00,03,25,2002,15,35.011
03.25.2002-18:00:00,03,25,2002,18,36.716
03.25.2002-21:00:00,03,25,2002,21,38.027
03.26.2002-00:00:00,03,26,2002,00,36.897
03.26.2002-03:00:00,03,26,2002,03,38.021
03.26.2002-06:00:00,03,26,2002,06,37.393
03.26.2002-09:00:00,03,26,2002,09,34.526
03.26.2002-12:00:00,03,26,2002,12,35.488
03.26.2002-15:00:00,03,26,2002,15,35.494
03.26.2002-18:00:00,03,26,2002,18,36.456
03.26.2002-21:00:00,03,26,2002,21,37.706
03.27.2002-00:00:00,03,27,2002,00,36.763
03.27.2002-03:00:00,03,27,2002,03,37.678
03.27.2002-06:00:00,03,27,2002,06,39.121
03.27.2002-09:00:00,03,27,2002,09,34.429
03.27.2002-12:00:00,03,27,2002,12,34.299
03.27.2002-15:00:00,03,27,2002,15,37.373
03.27.2002-18:00:00,03,27,2002,18,36.36
03.27.2002-21:00:00,03,27,2002,21,38.247
03.28.2002-00:00:00,03,28,2002,00,37.747
03.28.2002-03:00:00,03,28,2002,03,37.659
03.28.2002-06:00:00,03,28,2002,06,38.835
03.28.2002-09:00:00,03,28,2002,09,34.428
03.28.2002-12:00:00,03,28,2002,12,34.606
03.28.2002-15:00:00,03,28,2002,15,37.007
03.28.2002-18:00:00,03,28,2002,18,36.224
03.28.2002-21:00:00,03,28,2002,21,37.197
03.29.2002-00:00:00,03,29,2002,00,38.601
03.29.2002-03:00:00,03,29,2002,03,37.491
03.29.2002-06:00:00,03,29,2002,06,37.371
03.29.2002-09:00:00,03,29,2002,09,35.07
03.29.2002-12:00:00,03,29,2002,12,33.693
03.29.2002-15:00:00,03,29,2002,15,36.331
03.29.2002-18:00:00,03,29,2002,18,35.797
03.29.2002-21:00:00,03,29,2002,21,35.711
03.30.2002-00:00:00,03,30,2002,00,37.022
03.30.2002-03:00:00,03,30,2002,03,37.109
03.30.2002-06:00:00,03,30,2002,06,37.06
03.30.2002-09:00:00,03,30,2002,09,34.804
03.30.2002-12:00:00,03,30,2002,12,33.438
03.30.2002-15:00:00,03,30,2002,15,34.824
03.30.2002-18:00:00,03,30,2002,18,36.6
03.30.2002-21:00:00,03,30,2002,21,35.527
03.31.2002-00:00:00,03,31,2002,00,35.547
03.31.2002-03:00:00,03,31,2002,03,37.708
03.31.2002-06:00:00,03,31,2002,06,34.529
03.31.2002-09:00:00,03,31,2002,09,34.345
03.31.2002-12:00:00,03,31,2002,12,33.097
03.31.2002-15:00:00,03,31,2002,15,32.981
03.31.2002-18:00:00,03,31,2002,18,36.049
03.31.2002-21:00:00,03,31,2002,21,35.154
04.01.2002-00:00:00,04,01,2002,00,35.047
04.01.2002-03:00:00,04,01,2002,03,36.213
04.01.2002-06:00:00,04,01,2002,06,33.852
04.01.2002-09:00:00,04,01,2002,09,32.851
04.01.2002-12:00:00,04,01,2002,12,33.895
04.01.2002-15:00:00,04,01,2002,15,32.798
04.01.2002-18:00:00,04,01,2002,18,33.712
04.01.2002-21:00:00,04,01,2002,21,35.88
04.02.2002-00:00:00,04,02,2002,00,34.841
04.02.2002-03:00:00,04,02,2002,03,35.9
04.02.2002-06:00:00,04,02,2002,06,34.814
04.02.2002-09:00:00,04,02,2002,09,32.673
04.02.2002-12:00:00,04,02,2002,12,33.636
04.02.2002-15:00:00,04,02,2002,15,32.563
04.02.2002-18:00:00,04,02,2002,18,33.769
04.02.2002-21:00:00,04,02,2002,21,35.639
04.03.2002-00:00:00,04,03,2002,00,34.592
04.03.2002-03:00:00,04,03,2002,03,34.481
04.03.2002-06:00:00,04,03,2002,06,35.848
04.03.2002-09:00:00,04,03,2002,09,32.603
04.03.2002-12:00:00,04,03,2002,12,32.386
04.03.2002-15:00:00,04,03,2002,15,35.15
04.03.2002-18:00:00,04,03,2002,18,34.414
04.03.2002-21:00:00,04,03,2002,21,34.781
04.04.2002-00:00:00,04,04,2002,00,36.649
04.04.2002-03:00:00,04,04,2002,03,35.6
04.04.2002-06:00:00,04,04,2002,06,36.644
04.04.2002-09:00:00,04,04,2002,09,32.439
04.04.2002-12:00:00,04,04,2002,12,32.083
04.04.2002-15:00:00,04,04,2002,15,33.243
04.04.2002-18:00:00,04,04,2002,18,33.141
04.04.2002-21:00:00,04,04,2002,21,34.026
04.05.2002-00:00:00,04,05,2002,00,35.226
04.05.2002-03:00:00,04,05,2002,03,34.155
04.05.2002-06:00:00,04,05,2002,06,32.543
04.05.2002-09:00:00,04,05,2002,09,33.124
04.05.2002-12:00:00,04,05,2002,12,31.978
04.05.2002-15:00:00,04,05,2002,15,31.901
04.05.2002-18:00:00,04,05,2002,18,33.091
04.05.2002-21:00:00,04,05,2002,21,32.868
04.06.2002-00:00:00,04,06,2002,00,35.008
04.06.2002-03:00:00,04,06,2002,03,34.008
04.06.2002-06:00:00,04,06,2002,06,32.365
04.06.2002-09:00:00,04,06,2002,09,33.025
04.06.2002-12:00:00,04,06,2002,12,31.933
04.06.2002-15:00:00,04,06,2002,15,31.885
04.06.2002-18:00:00,04,06,2002,18,33.129
04.06.2002-21:00:00,04,06,2002,21,33.901
04.07.2002-00:00:00,04,07,2002,00,33.922
04.07.2002-03:00:00,04,07,2002,03,35.073
04.07.2002-06:00:00,04,07,2002,06,32.833
04.07.2002-09:00:00,04,07,2002,09,31.989
04.07.2002-12:00:00,04,07,2002,12,33.08
04.07.2002-15:00:00,04,07,2002,15,36.264
04.07.2002-18:00:00,04,07,2002,18,41.232
04.07.2002-21:00:00,04,07,2002,21,39.101
04.08.2002-00:00:00,04,08,2002,00,34.879
04.08.2002-03:00:00,04,08,2002,03,36.01
04.08.2002-06:00:00,04,08,2002,06,34.978
04.08.2002-09:00:00,04,08,2002,09,34
04.08.2002-12:00:00,04,08,2002,12,52.807
04.08.2002-15:00:00,04,08,2002,15,39.178
04.08.2002-18:00:00,04,08,2002,18,38.922
04.08.2002-21:00:00,04,08,2002,21,35.384
04.09.2002-00:00:00,04,09,2002,00,34.838
04.09.2002-03:00:00,04,09,2002,03,34.781
04.09.2002-06:00:00,04,09,2002,06,35.91
04.09.2002-09:00:00,04,09,2002,09,31.997
04.09.2002-12:00:00,04,09,2002,12,46.953
04.09.2002-15:00:00,04,09,2002,15,48.171
04.09.2002-18:00:00,04,09,2002,18,41.21
04.09.2002-21:00:00,04,09,2002,21,39.437
04.10.2002-00:00:00,04,10,2002,00,35.456
04.10.2002-03:00:00,04,10,2002,03,36.071
04.10.2002-06:00:00,04,10,2002,06,36.772
04.10.2002-09:00:00,04,10,2002,09,34.102
04.10.2002-12:00:00,04,10,2002,12,33.89
04.10.2002-15:00:00,04,10,2002,15,42.151
04.10.2002-18:00:00,04,10,2002,18,43.034
04.10.2002-21:00:00,04,10,2002,21,40.76
04.11.2002-00:00:00,04,11,2002,00,37.596
04.11.2002-03:00:00,04,11,2002,03,36.351
04.11.2002-06:00:00,04,11,2002,06,34.367
04.11.2002-09:00:00,04,11,2002,09,34.345
04.11.2002-12:00:00,04,11,2002,12,49.459
04.11.2002-15:00:00,04,11,2002,15,48.055
04.11.2002-18:00:00,04,11,2002,18,44.767
04.11.2002-21:00:00,04,11,2002,21,43.938
04.12.2002-00:00:00,04,12,2002,00,44.418
04.12.2002-03:00:00,04,12,2002,03,36.884
04.12.2002-06:00:00,04,12,2002,06,36.408
04.12.2002-09:00:00,04,12,2002,09,46.73
04.12.2002-12:00:00,04,12,2002,12,48.88
04.12.2002-15:00:00,04,12,2002,15,47.801
04.12.2002-18:00:00,04,12,2002,18,47.349
04.12.2002-21:00:00,04,12,2002,21,45.081
04.13.2002-00:00:00,04,13,2002,00,52.19
04.13.2002-03:00:00,04,13,2002,03,45.337
04.13.2002-06:00:00,04,13,2002,06,46.509
04.13.2002-09:00:00,04,13,2002,09,54.11
04.13.2002-12:00:00,04,13,2002,12,60.32
04.13.2002-15:00:00,04,13,2002,15,57.339
04.13.2002-18:00:00,04,13,2002,18,59.432
04.13.2002-21:00:00,04,13,2002,21,61.777
04.14.2002-00:00:00,04,14,2002,00,60.303
04.14.2002-03:00:00,04,14,2002,03,61.469
04.14.2002-06:00:00,04,14,2002,06,51.946
04.14.2002-09:00:00,04,14,2002,09,56.254
04.14.2002-12:00:00,04,14,2002,12,54.282
04.14.2002-15:00:00,04,14,2002,15,60.411
04.14.2002-18:00:00,04,14,2002,18,62.85
04.14.2002-21:00:00,04,14,2002,21,65.012
04.15.2002-00:00:00,04,15,2002,00,56.843
04.15.2002-03:00:00,04,15,2002,03,55.954
04.15.2002-06:00:00,04,15,2002,06,45.889
04.15.2002-09:00:00,04,15,2002,09,40.875
04.15.2002-12:00:00,04,15,2002,12,39.576
04.15.2002-15:00:00,04,15,2002,15,41.057
04.15.2002-18:00:00,04,15,2002,18,40.825
04.15.2002-21:00:00,04,15,2002,21,41.876
04.16.2002-00:00:00,04,16,2002,00,40.897
04.16.2002-03:00:00,04,16,2002,03,40.807
04.16.2002-06:00:00,04,16,2002,06,41.854
04.16.2002-09:00:00,04,16,2002,09,36.784
04.16.2002-12:00:00,04,16,2002,12,35.909
04.16.2002-15:00:00,04,16,2002,15,38.354
04.16.2002-18:00:00,04,16,2002,18,40.507
04.16.2002-21:00:00,04,16,2002,21,40.766
04.17.2002-00:00:00,04,17,2002,00,42.447
04.17.2002-03:00:00,04,17,2002,03,41.533
04.17.2002-06:00:00,04,17,2002,06,40.729
04.17.2002-09:00:00,04,17,2002,09,37.519
04.17.2002-12:00:00,04,17,2002,12,36.085
04.17.2002-15:00:00,04,17,2002,15,38.736
04.17.2002-18:00:00,04,17,2002,18,41.215
04.17.2002-21:00:00,04,17,2002,21,40.839
04.18.2002-00:00:00,04,18,2002,00,42.006
04.18.2002-03:00:00,04,18,2002,03,41.065
04.18.2002-06:00:00,04,18,2002,06,40.561
04.18.2002-09:00:00,04,18,2002,09,36.902
04.18.2002-12:00:00,04,18,2002,12,35.235
04.18.2002-15:00:00,04,18,2002,15,37.463
04.18.2002-18:00:00,04,18,2002,18,40.67
04.18.2002-21:00:00,04,18,2002,21,40.031
04.19.2002-00:00:00,04,19,2002,00,40.334
04.19.2002-03:00:00,04,19,2002,03,41.539
04.19.2002-06:00:00,04,19,2002,06,38.896
04.19.2002-09:00:00,04,19,2002,09,34.734
04.19.2002-12:00:00,04,19,2002,12,35.275
04.19.2002-15:00:00,04,19,2002,15,34.236
04.19.2002-18:00:00,04,19,2002,18,39.373
04.19.2002-21:00:00,04,19,2002,21,41.003
04.20.2002-00:00:00,04,20,2002,00,39.075
04.20.2002-03:00:00,04,20,2002,03,42.746
04.20.2002-06:00:00,04,20,2002,06,37.524
04.20.2002-09:00:00,04,20,2002,09,50.108
04.20.2002-12:00:00,04,20,2002,12,62.53
04.20.2002-15:00:00,04,20,2002,15,47.561
04.20.2002-18:00:00,04,20,2002,18,46.729
04.20.2002-21:00:00,04,20,2002,21,48.958
04.21.2002-00:00:00,04,21,2002,00,47.133
04.21.2002-03:00:00,04,21,2002,03,43.909
04.21.2002-06:00:00,04,21,2002,06,42.699
04.21.2002-09:00:00,04,21,2002,09,53.775
04.21.2002-12:00:00,04,21,2002,12,66.938
04.21.2002-15:00:00,04,21,2002,15,68.212
04.21.2002-18:00:00,04,21,2002,18,86.456
04.21.2002-21:00:00,04,21,2002,21,67.104
04.22.2002-00:00:00,04,22,2002,00,60.046
04.22.2002-03:00:00,04,22,2002,03,48.54
04.22.2002-06:00:00,04,22,2002,06,45.783
04.22.2002-09:00:00,04,22,2002,09,50.352
04.22.2002-12:00:00,04,22,2002,12,69.393
04.22.2002-15:00:00,04,22,2002,15,74.086
04.22.2002-18:00:00,04,22,2002,18,90.494
04.22.2002-21:00:00,04,22,2002,21,77.747
04.23.2002-00:00:00,04,23,2002,00,58.06
04.23.2002-03:00:00,04,23,2002,03,52.166
04.23.2002-06:00:00,04,23,2002,06,43.001
04.23.2002-09:00:00,04,23,2002,09,38.051
04.23.2002-12:00:00,04,23,2002,12,36.153
04.23.2002-15:00:00,04,23,2002,15,68.809
04.23.2002-18:00:00,04,23,2002,18,69.376
04.23.2002-21:00:00,04,23,2002,21,55.517
04.24.2002-00:00:00,04,24,2002,00,52.552
04.24.2002-03:00:00,04,24,2002,03,46.811
04.24.2002-06:00:00,04,24,2002,06,45.236
04.24.2002-09:00:00,04,24,2002,09,39.84
04.24.2002-12:00:00,04,24,2002,12,36.971
04.24.2002-15:00:00,04,24,2002,15,40.743
04.24.2002-18:00:00,04,24,2002,18,43.542
04.24.2002-21:00:00,04,24,2002,21,43.087
04.25.2002-00:00:00,04,25,2002,00,43.671
04.25.2002-03:00:00,04,25,2002,03,45.316
04.25.2002-06:00:00,04,25,2002,06,44.088
04.25.2002-09:00:00,04,25,2002,09,36.142
04.25.2002-12:00:00,04,25,2002,12,40.365
04.25.2002-15:00:00,04,25,2002,15,49.563
04.25.2002-18:00:00,04,25,2002,18,48.603
04.25.2002-21:00:00,04,25,2002,21,45.706
04.26.2002-00:00:00,04,26,2002,00,48.176
04.26.2002-03:00:00,04,26,2002,03,46.063
04.26.2002-06:00:00,04,26,2002,06,39.734
04.26.2002-09:00:00,04,26,2002,09,35.615
04.26.2002-12:00:00,04,26,2002,12,55.312
04.26.2002-15:00:00,04,26,2002,15,53.934
04.26.2002-18:00:00,04,26,2002,18,64.302
04.26.2002-21:00:00,04,26,2002,21,68.168
04.27.2002-00:00:00,04,27,2002,00,54.843
04.27.2002-03:00:00,04,27,2002,03,51.264
04.27.2002-06:00:00,04,27,2002,06,43.59
04.27.2002-09:00:00,04,27,2002,09,57.806
04.27.2002-12:00:00,04,27,2002,12,77.714
04.27.2002-15:00:00,04,27,2002,15,67.15
04.27.2002-18:00:00,04,27,2002,18,78.15
04.27.2002-21:00:00,04,27,2002,21,61.282
04.28.2002-00:00:00,04,28,2002,00,56.761
04.28.2002-03:00:00,04,28,2002,03,51.786
04.28.2002-06:00:00,04,28,2002,06,47.764
04.28.2002-09:00:00,04,28,2002,09,63.413
04.28.2002-12:00:00,04,28,2002,12,81.39
04.28.2002-15:00:00,04,28,2002,15,75.483
04.28.2002-18:00:00,04,28,2002,18,77.024
04.28.2002-21:00:00,04,28,2002,21,64.356
04.29.2002-00:00:00,04,29,2002,00,57.145
04.29.2002-03:00:00,04,29,2002,03,53.747
04.29.2002-06:00:00,04,29,2002,06,45.697
04.29.2002-09:00:00,04,29,2002,09,87.26
04.29.2002-12:00:00,04,29,2002,12,137.09
04.29.2002-15:00:00,04,29,2002,15,95.311
04.29.2002-18:00:00,04,29,2002,18,110.04
04.29.2002-21:00:00,04,29,2002,21,88.008
04.30.2002-00:00:00,04,30,2002,00,71.387
04.30.2002-03:00:00,04,30,2002,03,63.235
04.30.2002-06:00:00,04,30,2002,06,54.586
04.30.2002-09:00:00,04,30,2002,09,107.6
04.30.2002-12:00:00,04,30,2002,12,150.5
04.30.2002-15:00:00,04,30,2002,15,142.15
04.30.2002-18:00:00,04,30,2002,18,134.52
04.30.2002-21:00:00,04,30,2002,21,105.18
05.01.2002-00:00:00,05,01,2002,00,91.852
05.01.2002-03:00:00,05,01,2002,03,84.012
05.01.2002-06:00:00,05,01,2002,06,82.697
05.01.2002-09:00:00,05,01,2002,09,189.9
05.01.2002-12:00:00,05,01,2002,12,311.4
05.01.2002-15:00:00,05,01,2002,15,294.01
05.01.2002-18:00:00,05,01,2002,18,217.79
05.01.2002-21:00:00,05,01,2002,21,173.33
05.02.2002-00:00:00,05,02,2002,00,137.36
05.02.2002-03:00:00,05,02,2002,03,117.62
05.02.2002-06:00:00,05,02,2002,06,103.19
05.02.2002-09:00:00,05,02,2002,09,378.87
05.02.2002-12:00:00,05,02,2002,12,572.05
05.02.2002-15:00:00,05,02,2002,15,413.64
05.02.2002-18:00:00,05,02,2002,18,290.33
05.02.2002-21:00:00,05,02,2002,21,206.85
05.03.2002-00:00:00,05,03,2002,00,165.74
05.03.2002-03:00:00,05,03,2002,03,132.72
05.03.2002-06:00:00,05,03,2002,06,104.19
05.03.2002-09:00:00,05,03,2002,09,367.02
05.03.2002-12:00:00,05,03,2002,12,552.51
05.03.2002-15:00:00,05,03,2002,15,399.51
05.03.2002-18:00:00,05,03,2002,18,259.79
05.03.2002-21:00:00,05,03,2002,21,190.19
05.04.2002-00:00:00,05,04,2002,00,146.92
05.04.2002-03:00:00,05,04,2002,03,125.2
05.04.2002-06:00:00,05,04,2002,06,95.946
05.04.2002-09:00:00,05,04,2002,09,135.13
05.04.2002-12:00:00,05,04,2002,12,296.57
05.04.2002-15:00:00,05,04,2002,15,246.67
05.04.2002-18:00:00,05,04,2002,18,193.1
05.04.2002-21:00:00,05,04,2002,21,132.56
05.05.2002-00:00:00,05,05,2002,00,108.54
05.05.2002-03:00:00,05,05,2002,03,96.738
05.05.2002-06:00:00,05,05,2002,06,72.927
05.05.2002-09:00:00,05,05,2002,09,90.761
05.05.2002-12:00:00,05,05,2002,12,262.46
05.05.2002-15:00:00,05,05,2002,15,247.89
05.05.2002-18:00:00,05,05,2002,18,203.74
05.05.2002-21:00:00,05,05,2002,21,139.45
05.06.2002-00:00:00,05,06,2002,00,109.53
05.06.2002-03:00:00,05,06,2002,03,99.105
05.06.2002-06:00:00,05,06,2002,06,78.621
05.06.2002-09:00:00,05,06,2002,09,70.643
05.06.2002-12:00:00,05,06,2002,12,154.51
05.06.2002-15:00:00,05,06,2002,15,147.32
05.06.2002-18:00:00,05,06,2002,18,127.66
05.06.2002-21:00:00,05,06,2002,21,115.12
05.07.2002-00:00:00,05,07,2002,00,89.24
05.07.2002-03:00:00,05,07,2002,03,87.388
05.07.2002-06:00:00,05,07,2002,06,75.129
05.07.2002-09:00:00,05,07,2002,09,59.009
05.07.2002-12:00:00,05,07,2002,12,77.049
05.07.2002-15:00:00,05,07,2002,15,81.2
05.07.2002-18:00:00,05,07,2002,18,84.012
05.07.2002-21:00:00,05,07,2002,21,79.357
05.08.2002-00:00:00,05,08,2002,00,82.782
05.08.2002-03:00:00,05,08,2002,03,74.11
05.08.2002-06:00:00,05,08,2002,06,68.953
05.08.2002-09:00:00,05,08,2002,09,54.581
05.08.2002-12:00:00,05,08,2002,12,98.349
05.08.2002-15:00:00,05,08,2002,15,132.38
05.08.2002-18:00:00,05,08,2002,18,119.34
05.08.2002-21:00:00,05,08,2002,21,99.429
05.09.2002-00:00:00,05,09,2002,00,91.434
05.09.2002-03:00:00,05,09,2002,03,82.552
05.09.2002-06:00:00,05,09,2002,06,76.868
05.09.2002-09:00:00,05,09,2002,09,59.886
05.09.2002-12:00:00,05,09,2002,12,101.99
05.09.2002-15:00:00,05,09,2002,15,129.46
05.09.2002-18:00:00,05,09,2002,18,123.71
05.09.2002-21:00:00,05,09,2002,21,113.7
05.10.2002-00:00:00,05,10,2002,00,94.886
05.10.2002-03:00:00,05,10,2002,03,90.313
05.10.2002-06:00:00,05,10,2002,06,77.48
05.10.2002-09:00:00,05,10,2002,09,79.443
05.10.2002-12:00:00,05,10,2002,12,145.64
05.10.2002-15:00:00,05,10,2002,15,166.38
05.10.2002-18:00:00,05,10,2002,18,153.3
05.10.2002-21:00:00,05,10,2002,21,132.72
05.11.2002-00:00:00,05,11,2002,00,108.64
05.11.2002-03:00:00,05,11,2002,03,106.81
05.11.2002-06:00:00,05,11,2002,06,71.457
05.11.2002-09:00:00,05,11,2002,09,125.88
05.11.2002-12:00:00,05,11,2002,12,514.29
05.11.2002-15:00:00,05,11,2002,15,494.4
05.11.2002-18:00:00,05,11,2002,18,325.2
05.11.2002-21:00:00,05,11,2002,21,204.91
05.12.2002-00:00:00,05,12,2002,00,162.8
05.12.2002-03:00:00,05,12,2002,03,137.94
05.12.2002-06:00:00,05,12,2002,06,107.57
05.12.2002-09:00:00,05,12,2002,09,349.26
05.12.2002-12:00:00,05,12,2002,12,770
05.12.2002-15:00:00,05,12,2002,15,671.81
05.12.2002-18:00:00,05,12,2002,18,447.29
05.12.2002-21:00:00,05,12,2002,21,295.17
05.13.2002-00:00:00,05,13,2002,00,224.6
05.13.2002-03:00:00,05,13,2002,03,181.28
05.13.2002-06:00:00,05,13,2002,06,197.03
05.13.2002-09:00:00,05,13,2002,09,705.72
05.13.2002-12:00:00,05,13,2002,12,1120.2
05.13.2002-15:00:00,05,13,2002,15,1121.5
05.13.2002-18:00:00,05,13,2002,18,648.41
05.13.2002-21:00:00,05,13,2002,21,377.61
05.14.2002-00:00:00,05,14,2002,00,265.37
05.14.2002-03:00:00,05,14,2002,03,218.37
05.14.2002-06:00:00,05,14,2002,06,237.89
05.14.2002-09:00:00,05,14,2002,09,931.09
05.14.2002-12:00:00,05,14,2002,12,1479.6
05.14.2002-15:00:00,05,14,2002,15,1230.9
05.14.2002-18:00:00,05,14,2002,18,664.89
05.14.2002-21:00:00,05,14,2002,21,410.58
05.15.2002-00:00:00,05,15,2002,00,305.4
05.15.2002-03:00:00,05,15,2002,03,260.3
05.15.2002-06:00:00,05,15,2002,06,238.78
05.15.2002-09:00:00,05,15,2002,09,557.06
05.15.2002-12:00:00,05,15,2002,12,1158.6
05.15.2002-15:00:00,05,15,2002,15,1163.6
05.15.2002-18:00:00,05,15,2002,18,827.21
05.15.2002-21:00:00,05,15,2002,21,597.95
05.16.2002-00:00:00,05,16,2002,00,554.75
05.16.2002-03:00:00,05,16,2002,03,480.68
05.16.2002-06:00:00,05,16,2002,06,393.61
05.16.2002-09:00:00,05,16,2002,09,566.37
05.16.2002-12:00:00,05,16,2002,12,1233.5
05.16.2002-15:00:00,05,16,2002,15,1204.9
05.16.2002-18:00:00,05,16,2002,18,845.43
05.16.2002-21:00:00,05,16,2002,21,588.03
05.17.2002-00:00:00,05,17,2002,00,575.18
05.17.2002-03:00:00,05,17,2002,03,502.48
05.17.2002-06:00:00,05,17,2002,06,411.62
05.17.2002-09:00:00,05,17,2002,09,788.27
05.17.2002-12:00:00,05,17,2002,12,1519.5
05.17.2002-15:00:00,05,17,2002,15,1444.1
05.17.2002-18:00:00,05,17,2002,18,1085.2
05.17.2002-21:00:00,05,17,2002,21,928.55
05.18.2002-00:00:00,05,18,2002,00,873.22
05.18.2002-03:00:00,05,18,2002,03,841.51
05.18.2002-06:00:00,05,18,2002,06,892.15
05.18.2002-09:00:00,05,18,2002,09,1422.2
05.18.2002-12:00:00,05,18,2002,12,1898.1
05.18.2002-15:00:00,05,18,2002,15,1769.8
05.18.2002-18:00:00,05,18,2002,18,1418.6
05.18.2002-21:00:00,05,18,2002,21,1230.3
05.19.2002-00:00:00,05,19,2002,00,1216
05.19.2002-03:00:00,05,19,2002,03,1096.6
05.19.2002-06:00:00,05,19,2002,06,1093.8
05.19.2002-09:00:00,05,19,2002,09,1489.2
05.19.2002-12:00:00,05,19,2002,12,1871
05.19.2002-15:00:00,05,19,2002,15,1848.9
05.19.2002-18:00:00,05,19,2002,18,1503.7
05.19.2002-21:00:00,05,19,2002,21,1367.2
05.20.2002-00:00:00,05,20,2002,00,1269.9
05.20.2002-03:00:00,05,20,2002,03,1236
05.20.2002-06:00:00,05,20,2002,06,1471.2
05.20.2002-09:00:00,05,20,2002,09,2272
05.20.2002-12:00:00,05,20,2002,12,3015.7
05.20.2002-15:00:00,05,20,2002,15,2795.9
05.20.2002-18:00:00,05,20,2002,18,2353.3
05.20.2002-21:00:00,05,20,2002,21,2051.7
05.21.2002-00:00:00,05,21,2002,00,1963.1
05.21.2002-03:00:00,05,21,2002,03,1873.1
05.21.2002-06:00:00,05,21,2002,06,1843.9
05.21.2002-09:00:00,05,21,2002,09,2368.4
05.21.2002-12:00:00,05,21,2002,12,2849.5
05.21.2002-15:00:00,05,21,2002,15,2589.2
05.21.2002-18:00:00,05,21,2002,18,2031.2
05.21.2002-21:00:00,05,21,2002,21,1736.8
05.22.2002-00:00:00,05,22,2002,00,1664.3
05.22.2002-03:00:00,05,22,2002,03,1546.1
05.22.2002-06:00:00,05,22,2002,06,1543.2
05.22.2002-09:00:00,05,22,2002,09,2069.1
05.22.2002-12:00:00,05,22,2002,12,2764.8
05.22.2002-15:00:00,05,22,2002,15,2611.7
05.22.2002-18:00:00,05,22,2002,18,2072
05.22.2002-21:00:00,05,22,2002,21,1741.5
05.23.2002-00:00:00,05,23,2002,00,1703.7
05.23.2002-03:00:00,05,23,2002,03,1679.7
05.23.2002-06:00:00,05,23,2002,06,1621.5
05.23.2002-09:00:00,05,23,2002,09,2164.1
05.23.2002-12:00:00,05,23,2002,12,2809.2
05.23.2002-15:00:00,05,23,2002,15,2767.8
05.23.2002-18:00:00,05,23,2002,18,2186.4
05.23.2002-21:00:00,05,23,2002,21,1826.2
05.24.2002-00:00:00,05,24,2002,00,1764.1
05.24.2002-03:00:00,05,24,2002,03,1710.2
05.24.2002-06:00:00,05,24,2002,06,1591.9
05.24.2002-09:00:00,05,24,2002,09,2299.7
05.24.2002-12:00:00,05,24,2002,12,3340
05.24.2002-15:00:00,05,24,2002,15,3341.7
05.24.2002-18:00:00,05,24,2002,18,2556.3
05.24.2002-21:00:00,05,24,2002,21,2099.5
05.25.2002-00:00:00,05,25,2002,00,2074.5
05.25.2002-03:00:00,05,25,2002,03,2034.7
05.25.2002-06:00:00,05,25,2002,06,2017.6
05.25.2002-09:00:00,05,25,2002,09,2629.8
05.25.2002-12:00:00,05,25,2002,12,3791
05.25.2002-15:00:00,05,25,2002,15,3840.1
05.25.2002-18:00:00,05,25,2002,18,3141.4
05.25.2002-21:00:00,05,25,2002,21,2632.8
05.26.2002-00:00:00,05,26,2002,00,2550.4
05.26.2002-03:00:00,05,26,2002,03,2607.8
05.26.2002-06:00:00,05,26,2002,06,2488.9
05.26.2002-09:00:00,05,26,2002,09,3512.6
05.26.2002-12:00:00,05,26,2002,12,4335.7
05.26.2002-15:00:00,05,26,2002,15,4256.6
05.26.2002-18:00:00,05,26,2002,18,3604.9
05.26.2002-21:00:00,05,26,2002,21,3179.6
05.27.2002-00:00:00,05,27,2002,00,3343.3
05.27.2002-03:00:00,05,27,2002,03,3073.4
05.27.2002-06:00:00,05,27,2002,06,3464.9
05.27.2002-09:00:00,05,27,2002,09,3771.1
05.27.2002-12:00:00,05,27,2002,12,4932.8
05.27.2002-15:00:00,05,27,2002,15,4638.2
05.27.2002-18:00:00,05,27,2002,18,4205.6
05.27.2002-21:00:00,05,27,2002,21,3552.9
05.28.2002-00:00:00,05,28,2002,00,3453.9
05.28.2002-03:00:00,05,28,2002,03,3346.7
05.28.2002-06:00:00,05,28,2002,06,3237.4
05.28.2002-09:00:00,05,28,2002,09,4131.2
05.28.2002-12:00:00,05,28,2002,12,4969
05.28.2002-15:00:00,05,28,2002,15,4974.9
05.28.2002-18:00:00,05,28,2002,18,4289.5
05.28.2002-21:00:00,05,28,2002,21,3912.5
05.29.2002-00:00:00,05,29,2002,00,3716.2
05.29.2002-03:00:00,05,29,2002,03,3574.4
05.29.2002-06:00:00,05,29,2002,06,3789.9
05.29.2002-09:00:00,05,29,2002,09,4560.7
05.29.2002-12:00:00,05,29,2002,12,5382.4
05.29.2002-15:00:00,05,29,2002,15,5205.8
05.29.2002-18:00:00,05,29,2002,18,4866.6
05.29.2002-21:00:00,05,29,2002,21,4335.7
05.30.2002-00:00:00,05,30,2002,00,4151.3
05.30.2002-03:00:00,05,30,2002,03,3880.3
05.30.2002-06:00:00,05,30,2002,06,4201.4
05.30.2002-09:00:00,05,30,2002,09,5403.8
05.30.2002-12:00:00,05,30,2002,12,6670.3
05.30.2002-15:00:00,05,30,2002,15,6541
05.30.2002-18:00:00,05,30,2002,18,5943.3
05.30.2002-21:00:00,05,30,2002,21,5323
05.31.2002-00:00:00,05,31,2002,00,5207.4
05.31.2002-03:00:00,05,31,2002,03,4905.1
05.31.2002-06:00:00,05,31,2002,06,4959.6
05.31.2002-09:00:00,05,31,2002,09,6230.1
05.31.2002-12:00:00,05,31,2002,12,7731.7
05.31.2002-15:00:00,05,31,2002,15,7723.8
05.31.2002-18:00:00,05,31,2002,18,7018.4
05.31.2002-21:00:00,05,31,2002,21,6197.6
06.01.2002-00:00:00,06,01,2002,00,5867.4
06.01.2002-03:00:00,06,01,2002,03,5467.9
06.01.2002-06:00:00,06,01,2002,06,5463.1
06.01.2002-09:00:00,06,01,2002,09,6365.6
06.01.2002-12:00:00,06,01,2002,12,7612.5
06.01.2002-15:00:00,06,01,2002,15,7622.2
06.01.2002-18:00:00,06,01,2002,18,7120.3
06.01.2002-21:00:00,06,01,2002,21,6120.1
06.02.2002-00:00:00,06,02,2002,00,5865.3
06.02.2002-03:00:00,06,02,2002,03,5251
06.02.2002-06:00:00,06,02,2002,06,5611.2
06.02.2002-09:00:00,06,02,2002,09,6915.5
06.02.2002-12:00:00,06,02,2002,12,8338.6
06.02.2002-15:00:00,06,02,2002,15,8438.5
06.02.2002-18:00:00,06,02,2002,18,7985.5
06.02.2002-21:00:00,06,02,2002,21,7090
06.03.2002-00:00:00,06,03,2002,00,6633.9
06.03.2002-03:00:00,06,03,2002,03,6348.9
06.03.2002-06:00:00,06,03,2002,06,6711.3
06.03.2002-09:00:00,06,03,2002,09,8112.6
06.03.2002-12:00:00,06,03,2002,12,9581.6
06.03.2002-15:00:00,06,03,2002,15,9860.6
06.03.2002-18:00:00,06,03,2002,18,9079.2
06.03.2002-21:00:00,06,03,2002,21,8051.5
06.04.2002-00:00:00,06,04,2002,00,7760.3
06.04.2002-03:00:00,06,04,2002,03,7210.4
06.04.2002-06:00:00,06,04,2002,06,7155.3
06.04.2002-09:00:00,06,04,2002,09,8963.3
06.04.2002-12:00:00,06,04,2002,12,9675.9
06.04.2002-15:00:00,06,04,2002,15,10271
06.04.2002-18:00:00,06,04,2002,18,9209.2
06.04.2002-21:00:00,06,04,2002,21,8493.9
06.05.2002-00:00:00,06,05,2002,00,8044.5
06.05.2002-03:00:00,06,05,2002,03,7421.2
06.05.2002-06:00:00,06,05,2002,06,7505.7
06.05.2002-09:00:00,06,05,2002,09,9107.7
06.05.2002-12:00:00,06,05,2002,12,9941.4
06.05.2002-15:00:00,06,05,2002,15,10398
06.05.2002-18:00:00,06,05,2002,18,9630
06.05.2002-21:00:00,06,05,2002,21,8894.4
06.06.2002-00:00:00,06,06,2002,00,8321.9
06.06.2002-03:00:00,06,06,2002,03,7845.3
06.06.2002-06:00:00,06,06,2002,06,7872.9
06.06.2002-09:00:00,06,06,2002,09,9371.4
06.06.2002-12:00:00,06,06,2002,12,10071
06.06.2002-15:00:00,06,06,2002,15,10569
06.06.2002-18:00:00,06,06,2002,18,9604.9
06.06.2002-21:00:00,06,06,2002,21,9067.5
06.07.2002-00:00:00,06,07,2002,00,8309.2
06.07.2002-03:00:00,06,07,2002,03,7948.3
06.07.2002-06:00:00,06,07,2002,06,7472
06.07.2002-09:00:00,06,07,2002,09,8134.4
06.07.2002-12:00:00,06,07,2002,12,8834.2
06.07.2002-15:00:00,06,07,2002,15,8886.3
06.07.2002-18:00:00,06,07,2002,18,8132.6
06.07.2002-21:00:00,06,07,2002,21,7418.3
06.08.2002-00:00:00,06,08,2002,00,6665.6
06.08.2002-03:00:00,06,08,2002,03,6354.6
06.08.2002-06:00:00,06,08,2002,06,5796.3
06.08.2002-09:00:00,06,08,2002,09,5455.6
06.08.2002-12:00:00,06,08,2002,12,5016.4
06.08.2002-15:00:00,06,08,2002,15,4927.8
06.08.2002-18:00:00,06,08,2002,18,4567
06.08.2002-21:00:00,06,08,2002,21,4290.6
06.09.2002-00:00:00,06,09,2002,00,4047.2
06.09.2002-03:00:00,06,09,2002,03,3838.4
06.09.2002-06:00:00,06,09,2002,06,3643.4
06.09.2002-09:00:00,06,09,2002,09,3375.5
06.09.2002-12:00:00,06,09,2002,12,3310
06.09.2002-15:00:00,06,09,2002,15,3167.9
06.09.2002-18:00:00,06,09,2002,18,3134.4
06.09.2002-21:00:00,06,09,2002,21,2908.6
06.10.2002-00:00:00,06,10,2002,00,2957.9
06.10.2002-03:00:00,06,10,2002,03,2764.8
06.10.2002-06:00:00,06,10,2002,06,2770
06.10.2002-09:00:00,06,10,2002,09,2900.3
06.10.2002-12:00:00,06,10,2002,12,3284.6
06.10.2002-15:00:00,06,10,2002,15,3370.9
06.10.2002-18:00:00,06,10,2002,18,3384.9
06.10.2002-21:00:00,06,10,2002,21,2979.6
06.11.2002-00:00:00,06,11,2002,00,2816.8
06.11.2002-03:00:00,06,11,2002,03,2641.7
06.11.2002-06:00:00,06,11,2002,06,2914.4
06.11.2002-09:00:00,06,11,2002,09,4199.5
06.11.2002-12:00:00,06,11,2002,12,5555.3
06.11.2002-15:00:00,06,11,2002,15,5710.1
06.11.2002-18:00:00,06,11,2002,18,5362.5
06.11.2002-21:00:00,06,11,2002,21,4667.1
06.12.2002-00:00:00,06,12,2002,00,4537.2
06.12.2002-03:00:00,06,12,2002,03,4361.5
06.12.2002-06:00:00,06,12,2002,06,4739
06.12.2002-09:00:00,06,12,2002,09,6138.8
06.12.2002-12:00:00,06,12,2002,12,7445.4
06.12.2002-15:00:00,06,12,2002,15,7700.4
06.12.2002-18:00:00,06,12,2002,18,7308.2
06.12.2002-21:00:00,06,12,2002,21,6549.4
06.13.2002-00:00:00,06,13,2002,00,6070.6
06.13.2002-03:00:00,06,13,2002,03,6081.1
06.13.2002-06:00:00,06,13,2002,06,6411.2
06.13.2002-09:00:00,06,13,2002,09,8004.3
06.13.2002-12:00:00,06,13,2002,12,9659.7
06.13.2002-15:00:00,06,13,2002,15,10204
06.13.2002-18:00:00,06,13,2002,18,9840.1
06.13.2002-21:00:00,06,13,2002,21,8861.9
06.14.2002-00:00:00,06,14,2002,00,8350.4
06.14.2002-03:00:00,06,14,2002,03,8097.5
06.14.2002-06:00:00,06,14,2002,06,8971.8
06.14.2002-09:00:00,06,14,2002,09,10269
06.14.2002-12:00:00,06,14,2002,12,11760
06.14.2002-15:00:00,06,14,2002,15,12084
06.14.2002-18:00:00,06,14,2002,18,11702
06.14.2002-21:00:00,06,14,2002,21,10560
06.15.2002-00:00:00,06,15,2002,00,9982.3
06.15.2002-03:00:00,06,15,2002,03,9465.3
06.15.2002-06:00:00,06,15,2002,06,10380
06.15.2002-09:00:00,06,15,2002,09,11540
06.15.2002-12:00:00,06,15,2002,12,13431
06.15.2002-15:00:00,06,15,2002,15,13568
06.15.2002-18:00:00,06,15,2002,18,13165
06.15.2002-21:00:00,06,15,2002,21,12053
06.16.2002-00:00:00,06,16,2002,00,11450
06.16.2002-03:00:00,06,16,2002,03,10986
06.16.2002-06:00:00,06,16,2002,06,11273
06.16.2002-09:00:00,06,16,2002,09,12779
06.16.2002-12:00:00,06,16,2002,12,13927
06.16.2002-15:00:00,06,16,2002,15,14350
06.16.2002-18:00:00,06,16,2002,18,13815
06.16.2002-21:00:00,06,16,2002,21,12628
06.17.2002-00:00:00,06,17,2002,00,11908
06.17.2002-03:00:00,06,17,2002,03,11388
06.17.2002-06:00:00,06,17,2002,06,11179
06.17.2002-09:00:00,06,17,2002,09,12206
06.17.2002-12:00:00,06,17,2002,12,12643
06.17.2002-15:00:00,06,17,2002,15,13255
06.17.2002-18:00:00,06,17,2002,18,12696
06.17.2002-21:00:00,06,17,2002,21,11625
06.18.2002-00:00:00,06,18,2002,00,11015
06.18.2002-03:00:00,06,18,2002,03,10172
06.18.2002-06:00:00,06,18,2002,06,10041
06.18.2002-09:00:00,06,18,2002,09,9828.2
06.18.2002-12:00:00,06,18,2002,12,10382
06.18.2002-15:00:00,06,18,2002,15,9817
06.18.2002-18:00:00,06,18,2002,18,9739.9
06.18.2002-21:00:00,06,18,2002,21,8797.8
06.19.2002-00:00:00,06,19,2002,00,8524.6
06.19.2002-03:00:00,06,19,2002,03,7593.8
06.19.2002-06:00:00,06,19,2002,06,7574.1
06.19.2002-09:00:00,06,19,2002,09,7101.1
06.19.2002-12:00:00,06,19,2002,12,7426
06.19.2002-15:00:00,06,19,2002,15,6942.6
06.19.2002-18:00:00,06,19,2002,18,7205.5
06.19.2002-21:00:00,06,19,2002,21,6418.4
06.20.2002-00:00:00,06,20,2002,00,6121.1
06.20.2002-03:00:00,06,20,2002,03,5833.9
06.20.2002-06:00:00,06,20,2002,06,5448.9
06.20.2002-09:00:00,06,20,2002,09,5645.2
06.20.2002-12:00:00,06,20,2002,12,6029.1
06.20.2002-15:00:00,06,20,2002,15,5837.5
06.20.2002-18:00:00,06,20,2002,18,5916.9
06.20.2002-21:00:00,06,20,2002,21,5751.8
06.21.2002-00:00:00,06,21,2002,00,5403.3
06.21.2002-03:00:00,06,21,2002,03,5113.9
06.21.2002-06:00:00,06,21,2002,06,5053
06.21.2002-09:00:00,06,21,2002,09,5583.9
06.21.2002-12:00:00,06,21,2002,12,5638.6
06.21.2002-15:00:00,06,21,2002,15,5853
06.21.2002-18:00:00,06,21,2002,18,5979.2
06.21.2002-21:00:00,06,21,2002,21,5882.8
06.22.2002-00:00:00,06,22,2002,00,5486.5
06.22.2002-03:00:00,06,22,2002,03,5233.9
06.22.2002-06:00:00,06,22,2002,06,5457.3
06.22.2002-09:00:00,06,22,2002,09,5568.9
06.22.2002-12:00:00,06,22,2002,12,6102.4
06.22.2002-15:00:00,06,22,2002,15,6165
06.22.2002-18:00:00,06,22,2002,18,6733.7
06.22.2002-21:00:00,06,22,2002,21,6300.9
06.23.2002-00:00:00,06,23,2002,00,5996
06.23.2002-03:00:00,06,23,2002,03,6027.1
06.23.2002-06:00:00,06,23,2002,06,5607.1
06.23.2002-09:00:00,06,23,2002,09,6006.7
06.23.2002-12:00:00,06,23,2002,12,6266.2
06.23.2002-15:00:00,06,23,2002,15,6392.5
06.23.2002-18:00:00,06,23,2002,18,6866.4
06.23.2002-21:00:00,06,23,2002,21,6424.6
06.24.2002-00:00:00,06,24,2002,00,5985.4
06.24.2002-03:00:00,06,24,2002,03,5837.2
06.24.2002-06:00:00,06,24,2002,06,5351.3
06.24.2002-09:00:00,06,24,2002,09,5593
06.24.2002-12:00:00,06,24,2002,12,5731.9
06.24.2002-15:00:00,06,24,2002,15,5656.8
06.24.2002-18:00:00,06,24,2002,18,5938.7
06.24.2002-21:00:00,06,24,2002,21,5543
06.25.2002-00:00:00,06,25,2002,00,5106.1
06.25.2002-03:00:00,06,25,2002,03,4904.8
06.25.2002-06:00:00,06,25,2002,06,4858.6
06.25.2002-09:00:00,06,25,2002,09,4805.6
06.25.2002-12:00:00,06,25,2002,12,4996.4
06.25.2002-15:00:00,06,25,2002,15,4771.6
06.25.2002-18:00:00,06,25,2002,18,5041.5
06.25.2002-21:00:00,06,25,2002,21,4843.7
06.26.2002-00:00:00,06,26,2002,00,4689
06.26.2002-03:00:00,06,26,2002,03,4371
06.26.2002-06:00:00,06,26,2002,06,4496.9
06.26.2002-09:00:00,06,26,2002,09,4489.4
06.26.2002-12:00:00,06,26,2002,12,4630.4
06.26.2002-15:00:00,06,26,2002,15,4640.5
06.26.2002-18:00:00,06,26,2002,18,4957.5
06.26.2002-21:00:00,06,26,2002,21,5050.3
06.27.2002-00:00:00,06,27,2002,00,4663.9
06.27.2002-03:00:00,06,27,2002,03,4701.9
06.27.2002-06:00:00,06,27,2002,06,4487.9
06.27.2002-09:00:00,06,27,2002,09,4458.4
06.27.2002-12:00:00,06,27,2002,12,4621.9
06.27.2002-15:00:00,06,27,2002,15,4578.4
06.27.2002-18:00:00,06,27,2002,18,5046
06.27.2002-21:00:00,06,27,2002,21,4724
06.28.2002-00:00:00,06,28,2002,00,5173.8
06.28.2002-03:00:00,06,28,2002,03,4857
06.28.2002-06:00:00,06,28,2002,06,5038.4
06.28.2002-09:00:00,06,28,2002,09,4900.6
06.28.2002-12:00:00,06,28,2002,12,5049
06.28.2002-15:00:00,06,28,2002,15,5124.3
06.28.2002-18:00:00,06,28,2002,18,5508.8
06.28.2002-21:00:00,06,28,2002,21,5360.2
06.29.2002-00:00:00,06,29,2002,00,5444.2
06.29.2002-03:00:00,06,29,2002,03,4767.9
06.29.2002-06:00:00,06,29,2002,06,4935
06.29.2002-09:00:00,06,29,2002,09,4172.1
06.29.2002-12:00:00,06,29,2002,12,4338.1
06.29.2002-15:00:00,06,29,2002,15,4088.8
06.29.2002-18:00:00,06,29,2002,18,4262.2
06.29.2002-21:00:00,06,29,2002,21,3777.5
06.30.2002-00:00:00,06,30,2002,00,4074.8
06.30.2002-03:00:00,06,30,2002,03,3525.4
06.30.2002-06:00:00,06,30,2002,06,3404.9
06.30.2002-09:00:00,06,30,2002,09,3096
06.30.2002-12:00:00,06,30,2002,12,2880.9
06.30.2002-15:00:00,06,30,2002,15,3042.6
06.30.2002-18:00:00,06,30,2002,18,3084.7
06.30.2002-21:00:00,06,30,2002,21,3163.9
07.01.2002-00:00:00,07,01,2002,00,3029.7
07.01.2002-03:00:00,07,01,2002,03,2980.4
07.01.2002-06:00:00,07,01,2002,06,2680.3
07.01.2002-09:00:00,07,01,2002,09,2560
07.01.2002-12:00:00,07,01,2002,12,2532.2
07.01.2002-15:00:00,07,01,2002,15,2428.4
07.01.2002-18:00:00,07,01,2002,18,2710.4
07.01.2002-21:00:00,07,01,2002,21,2792.4
07.02.2002-00:00:00,07,02,2002,00,2699.9
07.02.2002-03:00:00,07,02,2002,03,2492.1
07.02.2002-06:00:00,07,02,2002,06,2396
07.02.2002-09:00:00,07,02,2002,09,2171.3
07.02.2002-12:00:00,07,02,2002,12,2041
07.02.2002-15:00:00,07,02,2002,15,2121.2
07.02.2002-18:00:00,07,02,2002,18,2439.5
07.02.2002-21:00:00,07,02,2002,21,2408.2
07.03.2002-00:00:00,07,03,2002,00,2376.1
07.03.2002-03:00:00,07,03,2002,03,2303.7
07.03.2002-06:00:00,07,03,2002,06,2198.6
07.03.2002-09:00:00,07,03,2002,09,1923.9
07.03.2002-12:00:00,07,03,2002,12,1798.2
07.03.2002-15:00:00,07,03,2002,15,1821
07.03.2002-18:00:00,07,03,2002,18,2033.1
07.03.2002-21:00:00,07,03,2002,21,2150.9
07.04.2002-00:00:00,07,04,2002,00,2145.8
07.04.2002-03:00:00,07,04,2002,03,2163.2
07.04.2002-06:00:00,07,04,2002,06,1890.6
07.04.2002-09:00:00,07,04,2002,09,1652.5
07.04.2002-12:00:00,07,04,2002,12,1578.9
07.04.2002-15:00:00,07,04,2002,15,1666.3
07.04.2002-18:00:00,07,04,2002,18,1851.4
07.04.2002-21:00:00,07,04,2002,21,1938.8
07.05.2002-00:00:00,07,05,2002,00,1964.3
07.05.2002-03:00:00,07,05,2002,03,1906.8
07.05.2002-06:00:00,07,05,2002,06,1790.3
07.05.2002-09:00:00,07,05,2002,09,1617.1
07.05.2002-12:00:00,07,05,2002,12,1517.8
07.05.2002-15:00:00,07,05,2002,15,1546.1
07.05.2002-18:00:00,07,05,2002,18,1695
07.05.2002-21:00:00,07,05,2002,21,1777.4
07.06.2002-00:00:00,07,06,2002,00,1795.1
07.06.2002-03:00:00,07,06,2002,03,1778.3
07.06.2002-06:00:00,07,06,2002,06,1630.1
07.06.2002-09:00:00,07,06,2002,09,1440.1
07.06.2002-12:00:00,07,06,2002,12,1320.7
07.06.2002-15:00:00,07,06,2002,15,1345.2
07.06.2002-18:00:00,07,06,2002,18,1465.9
07.06.2002-21:00:00,07,06,2002,21,1579.3
07.07.2002-00:00:00,07,07,2002,00,1818.4
07.07.2002-03:00:00,07,07,2002,03,1939.5
07.07.2002-06:00:00,07,07,2002,06,1959.7
07.07.2002-09:00:00,07,07,2002,09,1835.8
07.07.2002-12:00:00,07,07,2002,12,1763.5
07.07.2002-15:00:00,07,07,2002,15,1834.5
07.07.2002-18:00:00,07,07,2002,18,2040.2
07.07.2002-21:00:00,07,07,2002,21,2195.4
07.08.2002-00:00:00,07,08,2002,00,2058
07.08.2002-03:00:00,07,08,2002,03,1896.9
07.08.2002-06:00:00,07,08,2002,06,1729.4
07.08.2002-09:00:00,07,08,2002,09,1565.6
07.08.2002-12:00:00,07,08,2002,12,1467.8
07.08.2002-15:00:00,07,08,2002,15,1495.2
07.08.2002-18:00:00,07,08,2002,18,1623.8
07.08.2002-21:00:00,07,08,2002,21,1683.6
07.09.2002-00:00:00,07,09,2002,00,1725.5
07.09.2002-03:00:00,07,09,2002,03,1662.3
07.09.2002-06:00:00,07,09,2002,06,1538.8
07.09.2002-09:00:00,07,09,2002,09,1394.3
07.09.2002-12:00:00,07,09,2002,12,1335.5
07.09.2002-15:00:00,07,09,2002,15,1317.4
07.09.2002-18:00:00,07,09,2002,18,1462.9
07.09.2002-21:00:00,07,09,2002,21,1467.3
07.10.2002-00:00:00,07,10,2002,00,1531.7
07.10.2002-03:00:00,07,10,2002,03,1451.3
07.10.2002-06:00:00,07,10,2002,06,1318.7
07.10.2002-09:00:00,07,10,2002,09,1127.1
07.10.2002-12:00:00,07,10,2002,12,1084.6
07.10.2002-15:00:00,07,10,2002,15,1090.7
07.10.2002-18:00:00,07,10,2002,18,1238.8
07.10.2002-21:00:00,07,10,2002,21,1299.9
07.11.2002-00:00:00,07,11,2002,00,1361.8
07.11.2002-03:00:00,07,11,2002,03,1289.9
07.11.2002-06:00:00,07,11,2002,06,1156.2
07.11.2002-09:00:00,07,11,2002,09,1008.2
07.11.2002-12:00:00,07,11,2002,12,962.79
07.11.2002-15:00:00,07,11,2002,15,1016.3
07.11.2002-18:00:00,07,11,2002,18,1175.5
07.11.2002-21:00:00,07,11,2002,21,1250.3
07.12.2002-00:00:00,07,12,2002,00,1317.3
07.12.2002-03:00:00,07,12,2002,03,1242.8
07.12.2002-06:00:00,07,12,2002,06,1119.1
07.12.2002-09:00:00,07,12,2002,09,988.53
07.12.2002-12:00:00,07,12,2002,12,997.96
07.12.2002-15:00:00,07,12,2002,15,1019.2
07.12.2002-18:00:00,07,12,2002,18,1200.7
07.12.2002-21:00:00,07,12,2002,21,1234.5
07.13.2002-00:00:00,07,13,2002,00,1324.5
07.13.2002-03:00:00,07,13,2002,03,1246.1
07.13.2002-06:00:00,07,13,2002,06,1145.5
07.13.2002-09:00:00,07,13,2002,09,1021
07.13.2002-12:00:00,07,13,2002,12,1005.3
07.13.2002-15:00:00,07,13,2002,15,1012.4
07.13.2002-18:00:00,07,13,2002,18,1110.4
07.13.2002-21:00:00,07,13,2002,21,1165.5
07.14.2002-00:00:00,07,14,2002,00,1236.4
07.14.2002-03:00:00,07,14,2002,03,1151.5
07.14.2002-06:00:00,07,14,2002,06,1058.4
07.14.2002-09:00:00,07,14,2002,09,928.24
07.14.2002-12:00:00,07,14,2002,12,910.36
07.14.2002-15:00:00,07,14,2002,15,900.29
07.14.2002-18:00:00,07,14,2002,18,1021.4
07.14.2002-21:00:00,07,14,2002,21,1071.4
07.15.2002-00:00:00,07,15,2002,00,1151.9
07.15.2002-03:00:00,07,15,2002,03,1100.4
07.15.2002-06:00:00,07,15,2002,06,1004.5
07.15.2002-09:00:00,07,15,2002,09,893.97
07.15.2002-12:00:00,07,15,2002,12,865.62
07.15.2002-15:00:00,07,15,2002,15,847.94
07.15.2002-18:00:00,07,15,2002,18,923.74
07.15.2002-21:00:00,07,15,2002,21,951.24
07.16.2002-00:00:00,07,16,2002,00,992.08
07.16.2002-03:00:00,07,16,2002,03,959.55
07.16.2002-06:00:00,07,16,2002,06,851.23
07.16.2002-09:00:00,07,16,2002,09,743.8
07.16.2002-12:00:00,07,16,2002,12,710.4
07.16.2002-15:00:00,07,16,2002,15,684.5
07.16.2002-18:00:00,07,16,2002,18,802.78
07.16.2002-21:00:00,07,16,2002,21,807.71
07.17.2002-00:00:00,07,17,2002,00,894.04
07.17.2002-03:00:00,07,17,2002,03,821.83
07.17.2002-06:00:00,07,17,2002,06,734.01
07.17.2002-09:00:00,07,17,2002,09,628.67
07.17.2002-12:00:00,07,17,2002,12,588.68
07.17.2002-15:00:00,07,17,2002,15,596.85
07.17.2002-18:00:00,07,17,2002,18,707.12
07.17.2002-21:00:00,07,17,2002,21,752.88
07.18.2002-00:00:00,07,18,2002,00,800
07.18.2002-03:00:00,07,18,2002,03,767.7
07.18.2002-06:00:00,07,18,2002,06,679
07.18.2002-09:00:00,07,18,2002,09,575.04
07.18.2002-12:00:00,07,18,2002,12,542.19
07.18.2002-15:00:00,07,18,2002,15,544.82
07.18.2002-18:00:00,07,18,2002,18,644.94
07.18.2002-21:00:00,07,18,2002,21,698.68
07.19.2002-00:00:00,07,19,2002,00,738.89
07.19.2002-03:00:00,07,19,2002,03,705.55
07.19.2002-06:00:00,07,19,2002,06,618.11
07.19.2002-09:00:00,07,19,2002,09,514.91
07.19.2002-12:00:00,07,19,2002,12,484.87
07.19.2002-15:00:00,07,19,2002,15,490.19
07.19.2002-18:00:00,07,19,2002,18,573.22
07.19.2002-21:00:00,07,19,2002,21,634.33
07.20.2002-00:00:00,07,20,2002,00,676.86
07.20.2002-03:00:00,07,20,2002,03,659.12
07.20.2002-06:00:00,07,20,2002,06,567.01
07.20.2002-09:00:00,07,20,2002,09,484
07.20.2002-12:00:00,07,20,2002,12,433.97
07.20.2002-15:00:00,07,20,2002,15,463.93
07.20.2002-18:00:00,07,20,2002,18,547.85
07.20.2002-21:00:00,07,20,2002,21,605.77
07.21.2002-00:00:00,07,21,2002,00,624.99
07.21.2002-03:00:00,07,21,2002,03,610.55
07.21.2002-06:00:00,07,21,2002,06,519.25
07.21.2002-09:00:00,07,21,2002,09,434.72
07.21.2002-12:00:00,07,21,2002,12,396.19
07.21.2002-15:00:00,07,21,2002,15,432.43
07.21.2002-18:00:00,07,21,2002,18,510
07.21.2002-21:00:00,07,21,2002,21,571.61
07.22.2002-00:00:00,07,22,2002,00,583.18
07.22.2002-03:00:00,07,22,2002,03,553.16
07.22.2002-06:00:00,07,22,2002,06,493.58
07.22.2002-09:00:00,07,22,2002,09,397.18
07.22.2002-12:00:00,07,22,2002,12,377.74
07.22.2002-15:00:00,07,22,2002,15,404.62
07.22.2002-18:00:00,07,22,2002,18,481.7
07.22.2002-21:00:00,07,22,2002,21,536.67
07.23.2002-00:00:00,07,23,2002,00,555.7
07.23.2002-03:00:00,07,23,2002,03,515.17
07.23.2002-06:00:00,07,23,2002,06,453.27
07.23.2002-09:00:00,07,23,2002,09,365.38
07.23.2002-12:00:00,07,23,2002,12,341.9
07.23.2002-15:00:00,07,23,2002,15,379.71
07.23.2002-18:00:00,07,23,2002,18,440.92
07.23.2002-21:00:00,07,23,2002,21,498.36
07.24.2002-00:00:00,07,24,2002,00,524.61
07.24.2002-03:00:00,07,24,2002,03,474.93
07.24.2002-06:00:00,07,24,2002,06,408.19
07.24.2002-09:00:00,07,24,2002,09,334.52
07.24.2002-12:00:00,07,24,2002,12,304.93
07.24.2002-15:00:00,07,24,2002,15,348.94
07.24.2002-18:00:00,07,24,2002,18,401.64
07.24.2002-21:00:00,07,24,2002,21,465.26
07.25.2002-00:00:00,07,25,2002,00,490.72
07.25.2002-03:00:00,07,25,2002,03,451.94
07.25.2002-06:00:00,07,25,2002,06,366.37
07.25.2002-09:00:00,07,25,2002,09,298.66
07.25.2002-12:00:00,07,25,2002,12,282.38
07.25.2002-15:00:00,07,25,2002,15,316.68
07.25.2002-18:00:00,07,25,2002,18,388.1
07.25.2002-21:00:00,07,25,2002,21,430.43
07.26.2002-00:00:00,07,26,2002,00,462.59
07.26.2002-03:00:00,07,26,2002,03,421.67
07.26.2002-06:00:00,07,26,2002,06,351.23
07.26.2002-09:00:00,07,26,2002,09,262.59
07.26.2002-12:00:00,07,26,2002,12,274.15
07.26.2002-15:00:00,07,26,2002,15,291.82
07.26.2002-18:00:00,07,26,2002,18,355.22
07.26.2002-21:00:00,07,26,2002,21,409.03
07.27.2002-00:00:00,07,27,2002,00,433.2
07.27.2002-03:00:00,07,27,2002,03,408.08
07.27.2002-06:00:00,07,27,2002,06,330.43
07.27.2002-09:00:00,07,27,2002,09,269.37
07.27.2002-12:00:00,07,27,2002,12,252.97
07.27.2002-15:00:00,07,27,2002,15,280.58
07.27.2002-18:00:00,07,27,2002,18,342.86
07.27.2002-21:00:00,07,27,2002,21,396.33
07.28.2002-00:00:00,07,28,2002,00,415.92
07.28.2002-03:00:00,07,28,2002,03,395.76
07.28.2002-06:00:00,07,28,2002,06,314.68
07.28.2002-09:00:00,07,28,2002,09,254.63
07.28.2002-12:00:00,07,28,2002,12,236.33
07.28.2002-15:00:00,07,28,2002,15,267.83
07.28.2002-18:00:00,07,28,2002,18,325.51
07.28.2002-21:00:00,07,28,2002,21,376.51
07.29.2002-00:00:00,07,29,2002,00,397.92
07.29.2002-03:00:00,07,29,2002,03,381.01
07.29.2002-06:00:00,07,29,2002,06,323.33
07.29.2002-09:00:00,07,29,2002,09,282.96
07.29.2002-12:00:00,07,29,2002,12,247.71
07.29.2002-15:00:00,07,29,2002,15,278.79
07.29.2002-18:00:00,07,29,2002,18,330.89
07.29.2002-21:00:00,07,29,2002,21,371.31
07.30.2002-00:00:00,07,30,2002,00,387.72
07.30.2002-03:00:00,07,30,2002,03,364.65
07.30.2002-06:00:00,07,30,2002,06,330.65
07.30.2002-09:00:00,07,30,2002,09,277.06
07.30.2002-12:00:00,07,30,2002,12,265.78
07.30.2002-15:00:00,07,30,2002,15,276.44
07.30.2002-18:00:00,07,30,2002,18,321.86
07.30.2002-21:00:00,07,30,2002,21,369
07.31.2002-00:00:00,07,31,2002,00,371.71
07.31.2002-03:00:00,07,31,2002,03,351.28
07.31.2002-06:00:00,07,31,2002,06,277.27
07.31.2002-09:00:00,07,31,2002,09,229.91
07.31.2002-12:00:00,07,31,2002,12,211.76
07.31.2002-15:00:00,07,31,2002,15,242.14
07.31.2002-18:00:00,07,31,2002,18,289.51
07.31.2002-21:00:00,07,31,2002,21,325.44
08.01.2002-00:00:00,08,01,2002,00,361.57
08.01.2002-03:00:00,08,01,2002,03,325.55
08.01.2002-06:00:00,08,01,2002,06,282.91
08.01.2002-09:00:00,08,01,2002,09,203.23
08.01.2002-12:00:00,08,01,2002,12,180.66
08.01.2002-15:00:00,08,01,2002,15,238.27
08.01.2002-18:00:00,08,01,2002,18,286.15
08.01.2002-21:00:00,08,01,2002,21,316.57
08.02.2002-00:00:00,08,02,2002,00,342.8
08.02.2002-03:00:00,08,02,2002,03,295.81
08.02.2002-06:00:00,08,02,2002,06,257.66
08.02.2002-09:00:00,08,02,2002,09,183.66
08.02.2002-12:00:00,08,02,2002,12,174.35
08.02.2002-15:00:00,08,02,2002,15,222.51
08.02.2002-18:00:00,08,02,2002,18,268.49
08.02.2002-21:00:00,08,02,2002,21,291.01
08.03.2002-00:00:00,08,03,2002,00,314.36
08.03.2002-03:00:00,08,03,2002,03,296.77
08.03.2002-06:00:00,08,03,2002,06,250.63
08.03.2002-09:00:00,08,03,2002,09,201.08
08.03.2002-12:00:00,08,03,2002,12,174.62
08.03.2002-15:00:00,08,03,2002,15,224.42
08.03.2002-18:00:00,08,03,2002,18,263.49
08.03.2002-21:00:00,08,03,2002,21,285.55
08.04.2002-00:00:00,08,04,2002,00,319.47
08.04.2002-03:00:00,08,04,2002,03,320.75
08.04.2002-06:00:00,08,04,2002,06,283.93
08.04.2002-09:00:00,08,04,2002,09,249.56
08.04.2002-12:00:00,08,04,2002,12,194.32
08.04.2002-15:00:00,08,04,2002,15,252.21
08.04.2002-18:00:00,08,04,2002,18,296.94
08.04.2002-21:00:00,08,04,2002,21,334.12
08.05.2002-00:00:00,08,05,2002,00,319.24
08.05.2002-03:00:00,08,05,2002,03,276.64
08.05.2002-06:00:00,08,05,2002,06,252.97
08.05.2002-09:00:00,08,05,2002,09,187.61
08.05.2002-12:00:00,08,05,2002,12,168.47
08.05.2002-15:00:00,08,05,2002,15,211.17
08.05.2002-18:00:00,08,05,2002,18,248.18
08.05.2002-21:00:00,08,05,2002,21,271.89
08.06.2002-00:00:00,08,06,2002,00,284.35
08.06.2002-03:00:00,08,06,2002,03,274.23
08.06.2002-06:00:00,08,06,2002,06,240.76
08.06.2002-09:00:00,08,06,2002,09,173.13
08.06.2002-12:00:00,08,06,2002,12,151.46
08.06.2002-15:00:00,08,06,2002,15,201
08.06.2002-18:00:00,08,06,2002,18,239.02
08.06.2002-21:00:00,08,06,2002,21,260.07
08.07.2002-00:00:00,08,07,2002,00,271.96
08.07.2002-03:00:00,08,07,2002,03,258.61
08.07.2002-06:00:00,08,07,2002,06,232.19
08.07.2002-09:00:00,08,07,2002,09,186.79
08.07.2002-12:00:00,08,07,2002,12,166.9
08.07.2002-15:00:00,08,07,2002,15,204.13
08.07.2002-18:00:00,08,07,2002,18,237.96
08.07.2002-21:00:00,08,07,2002,21,260.79
08.08.2002-00:00:00,08,08,2002,00,266.08
08.08.2002-03:00:00,08,08,2002,03,240.73
08.08.2002-06:00:00,08,08,2002,06,200.68
08.08.2002-09:00:00,08,08,2002,09,153.45
08.08.2002-12:00:00,08,08,2002,12,132.31
08.08.2002-15:00:00,08,08,2002,15,171.57
08.08.2002-18:00:00,08,08,2002,18,215.63
08.08.2002-21:00:00,08,08,2002,21,237.72
08.09.2002-00:00:00,08,09,2002,00,242.28
08.09.2002-03:00:00,08,09,2002,03,209.28
08.09.2002-06:00:00,08,09,2002,06,168.99
08.09.2002-09:00:00,08,09,2002,09,125.28
08.09.2002-12:00:00,08,09,2002,12,125.29
08.09.2002-15:00:00,08,09,2002,15,141.59
08.09.2002-18:00:00,08,09,2002,18,178.73
08.09.2002-21:00:00,08,09,2002,21,213.34
08.10.2002-00:00:00,08,10,2002,00,225.24
08.10.2002-03:00:00,08,10,2002,03,173.77
08.10.2002-06:00:00,08,10,2002,06,152.03
08.10.2002-09:00:00,08,10,2002,09,108.05
08.10.2002-12:00:00,08,10,2002,12,115.13
08.10.2002-15:00:00,08,10,2002,15,132.97
08.10.2002-18:00:00,08,10,2002,18,159.67
08.10.2002-21:00:00,08,10,2002,21,190.36
08.11.2002-00:00:00,08,11,2002,00,205.22
08.11.2002-03:00:00,08,11,2002,03,168.02
08.11.2002-06:00:00,08,11,2002,06,139.02
08.11.2002-09:00:00,08,11,2002,09,103.63
08.11.2002-12:00:00,08,11,2002,12,111.21
08.11.2002-15:00:00,08,11,2002,15,128.68
08.11.2002-18:00:00,08,11,2002,18,154.86
08.11.2002-21:00:00,08,11,2002,21,185.44
08.12.2002-00:00:00,08,12,2002,00,196.39
08.12.2002-03:00:00,08,12,2002,03,165.9
08.12.2002-06:00:00,08,12,2002,06,135.18
08.12.2002-09:00:00,08,12,2002,09,99.712
08.12.2002-12:00:00,08,12,2002,12,102.19
08.12.2002-15:00:00,08,12,2002,15,124.27
08.12.2002-18:00:00,08,12,2002,18,153.24
08.12.2002-21:00:00,08,12,2002,21,181.68
08.13.2002-00:00:00,08,13,2002,00,190
08.13.2002-03:00:00,08,13,2002,03,149.54
08.13.2002-06:00:00,08,13,2002,06,124.78
08.13.2002-09:00:00,08,13,2002,09,93.951
08.13.2002-12:00:00,08,13,2002,12,95.311
08.13.2002-15:00:00,08,13,2002,15,117.26
08.13.2002-18:00:00,08,13,2002,18,134.98
08.13.2002-21:00:00,08,13,2002,21,164.3
08.14.2002-00:00:00,08,14,2002,00,179.39
08.14.2002-03:00:00,08,14,2002,03,136.78
08.14.2002-06:00:00,08,14,2002,06,116.8
08.14.2002-09:00:00,08,14,2002,09,88.774
08.14.2002-12:00:00,08,14,2002,12,91.746
08.14.2002-15:00:00,08,14,2002,15,112.97
08.14.2002-18:00:00,08,14,2002,18,126.62
08.14.2002-21:00:00,08,14,2002,21,151.48
08.15.2002-00:00:00,08,15,2002,00,173.67
08.15.2002-03:00:00,08,15,2002,03,129.05
08.15.2002-06:00:00,08,15,2002,06,111.99
08.15.2002-09:00:00,08,15,2002,09,85.208
08.15.2002-12:00:00,08,15,2002,12,86.136
08.15.2002-15:00:00,08,15,2002,15,103.89
08.15.2002-18:00:00,08,15,2002,18,117.88
08.15.2002-21:00:00,08,15,2002,21,136.57
08.16.2002-00:00:00,08,16,2002,00,161.15
08.16.2002-03:00:00,08,16,2002,03,129.66
08.16.2002-06:00:00,08,16,2002,06,106.41
08.16.2002-09:00:00,08,16,2002,09,85.775
08.16.2002-12:00:00,08,16,2002,12,83.418
08.16.2002-15:00:00,08,16,2002,15,102.66
08.16.2002-18:00:00,08,16,2002,18,115.68
08.16.2002-21:00:00,08,16,2002,21,136.48
08.17.2002-00:00:00,08,17,2002,00,159.67
08.17.2002-03:00:00,08,17,2002,03,129.19
08.17.2002-06:00:00,08,17,2002,06,107.3
08.17.2002-09:00:00,08,17,2002,09,80.416
08.17.2002-12:00:00,08,17,2002,12,81.568
08.17.2002-15:00:00,08,17,2002,15,100.86
08.17.2002-18:00:00,08,17,2002,18,113.76
08.17.2002-21:00:00,08,17,2002,21,138.73
08.18.2002-00:00:00,08,18,2002,00,158.93
08.18.2002-03:00:00,08,18,2002,03,129.45
08.18.2002-06:00:00,08,18,2002,06,103.36
08.18.2002-09:00:00,08,18,2002,09,77.819
08.18.2002-12:00:00,08,18,2002,12,78.339
08.18.2002-15:00:00,08,18,2002,15,95.305
08.18.2002-18:00:00,08,18,2002,18,110.14
08.18.2002-21:00:00,08,18,2002,21,128.55
08.19.2002-00:00:00,08,19,2002,00,155.03
08.19.2002-03:00:00,08,19,2002,03,127.82
08.19.2002-06:00:00,08,19,2002,06,101.65
08.19.2002-09:00:00,08,19,2002,09,76.488
08.19.2002-12:00:00,08,19,2002,12,76.87
08.19.2002-15:00:00,08,19,2002,15,92.913
08.19.2002-18:00:00,08,19,2002,18,107.65
08.19.2002-21:00:00,08,19,2002,21,126.08
08.20.2002-00:00:00,08,20,2002,00,150.95
08.20.2002-03:00:00,08,20,2002,03,122.73
08.20.2002-06:00:00,08,20,2002,06,97.462
08.20.2002-09:00:00,08,20,2002,09,74.039
08.20.2002-12:00:00,08,20,2002,12,74.592
08.20.2002-15:00:00,08,20,2002,15,88.792
08.20.2002-18:00:00,08,20,2002,18,104.13
08.20.2002-21:00:00,08,20,2002,21,119.43
08.21.2002-00:00:00,08,21,2002,00,142.74
08.21.2002-03:00:00,08,21,2002,03,125.45
08.21.2002-06:00:00,08,21,2002,06,101.72
08.21.2002-09:00:00,08,21,2002,09,76.219
08.21.2002-12:00:00,08,21,2002,12,77.706
08.21.2002-15:00:00,08,21,2002,15,91.787
08.21.2002-18:00:00,08,21,2002,18,108.73
08.21.2002-21:00:00,08,21,2002,21,134.04
08.22.2002-00:00:00,08,22,2002,00,147.22
08.22.2002-03:00:00,08,22,2002,03,126.48
08.22.2002-06:00:00,08,22,2002,06,99.406
08.22.2002-09:00:00,08,22,2002,09,74.709
08.22.2002-12:00:00,08,22,2002,12,76.253
08.22.2002-15:00:00,08,22,2002,15,88.456
08.22.2002-18:00:00,08,22,2002,18,104.6
08.22.2002-21:00:00,08,22,2002,21,126.96
08.23.2002-00:00:00,08,23,2002,00,144.41
08.23.2002-03:00:00,08,23,2002,03,113.51
08.23.2002-06:00:00,08,23,2002,06,88.66
08.23.2002-09:00:00,08,23,2002,09,70.678
08.23.2002-12:00:00,08,23,2002,12,71.228
08.23.2002-15:00:00,08,23,2002,15,82.304
08.23.2002-18:00:00,08,23,2002,18,93.6
08.23.2002-21:00:00,08,23,2002,21,108.48
08.24.2002-00:00:00,08,24,2002,00,121.98
08.24.2002-03:00:00,08,24,2002,03,102.97
08.24.2002-06:00:00,08,24,2002,06,83.568
08.24.2002-09:00:00,08,24,2002,09,68.319
08.24.2002-12:00:00,08,24,2002,12,69.309
08.24.2002-15:00:00,08,24,2002,15,78.39
08.24.2002-18:00:00,08,24,2002,18,88.077
08.24.2002-21:00:00,08,24,2002,21,99.139
08.25.2002-00:00:00,08,25,2002,00,146.6
08.25.2002-03:00:00,08,25,2002,03,157.55
08.25.2002-06:00:00,08,25,2002,06,139.95
08.25.2002-09:00:00,08,25,2002,09,112.85
08.25.2002-12:00:00,08,25,2002,12,97.31
08.25.2002-15:00:00,08,25,2002,15,122.36
08.25.2002-18:00:00,08,25,2002,18,170.11
08.25.2002-21:00:00,08,25,2002,21,192.22
08.26.2002-00:00:00,08,26,2002,00,176.99
08.26.2002-03:00:00,08,26,2002,03,149.7
08.26.2002-06:00:00,08,26,2002,06,123.71
08.26.2002-09:00:00,08,26,2002,09,91.2
08.26.2002-12:00:00,08,26,2002,12,75.307
08.26.2002-15:00:00,08,26,2002,15,88.714
08.26.2002-18:00:00,08,26,2002,18,122.64
08.26.2002-21:00:00,08,26,2002,21,147.78
08.27.2002-00:00:00,08,27,2002,00,133.62
08.27.2002-03:00:00,08,27,2002,03,108.26
08.27.2002-06:00:00,08,27,2002,06,81.544
08.27.2002-09:00:00,08,27,2002,09,71.846
08.27.2002-12:00:00,08,27,2002,12,67.039
08.27.2002-15:00:00,08,27,2002,15,76.267
08.27.2002-18:00:00,08,27,2002,18,86.287
08.27.2002-21:00:00,08,27,2002,21,97.18
08.28.2002-00:00:00,08,28,2002,00,113.13
08.28.2002-03:00:00,08,28,2002,03,92.815
08.28.2002-06:00:00,08,28,2002,06,72.369
08.28.2002-09:00:00,08,28,2002,09,65.506
08.28.2002-12:00:00,08,28,2002,12,65.115
08.28.2002-15:00:00,08,28,2002,15,70.834
08.28.2002-18:00:00,08,28,2002,18,82.593
08.28.2002-21:00:00,08,28,2002,21,89.729
08.29.2002-00:00:00,08,29,2002,00,100.99
08.29.2002-03:00:00,08,29,2002,03,83.8
08.29.2002-06:00:00,08,29,2002,06,67.875
08.29.2002-09:00:00,08,29,2002,09,63.088
08.29.2002-12:00:00,08,29,2002,12,63.766
08.29.2002-15:00:00,08,29,2002,15,67.305
08.29.2002-18:00:00,08,29,2002,18,78.678
08.29.2002-21:00:00,08,29,2002,21,85.721
08.30.2002-00:00:00,08,30,2002,00,125.82
08.30.2002-03:00:00,08,30,2002,03,137.63
08.30.2002-06:00:00,08,30,2002,06,115.82
08.30.2002-09:00:00,08,30,2002,09,89.858
08.30.2002-12:00:00,08,30,2002,12,90.513
08.30.2002-15:00:00,08,30,2002,15,112.57
08.30.2002-18:00:00,08,30,2002,18,157.91
08.30.2002-21:00:00,08,30,2002,21,175.32
08.31.2002-00:00:00,08,31,2002,00,130.13
08.31.2002-03:00:00,08,31,2002,03,104.13
08.31.2002-06:00:00,08,31,2002,06,79.704
08.31.2002-09:00:00,08,31,2002,09,69.973
08.31.2002-12:00:00,08,31,2002,12,63.963
08.31.2002-15:00:00,08,31,2002,15,67.663
08.31.2002-18:00:00,08,31,2002,18,79.136
08.31.2002-21:00:00,08,31,2002,21,87.81
09.01.2002-00:00:00,09,01,2002,00,100.96
09.01.2002-03:00:00,09,01,2002,03,110.34
09.01.2002-06:00:00,09,01,2002,06,68.006
09.01.2002-09:00:00,09,01,2002,09,60.85
09.01.2002-12:00:00,09,01,2002,12,61.838
09.01.2002-15:00:00,09,01,2002,15,65.601
09.01.2002-18:00:00,09,01,2002,18,69.471
09.01.2002-21:00:00,09,01,2002,21,80.294
09.02.2002-00:00:00,09,02,2002,00,97.902
09.02.2002-03:00:00,09,02,2002,03,126.48
09.02.2002-06:00:00,09,02,2002,06,98.255
09.02.2002-09:00:00,09,02,2002,09,83.757
09.02.2002-12:00:00,09,02,2002,12,75.199
09.02.2002-15:00:00,09,02,2002,15,98.347
09.02.2002-18:00:00,09,02,2002,18,125.75
09.02.2002-21:00:00,09,02,2002,21,136.9
09.03.2002-00:00:00,09,03,2002,00,115.52
09.03.2002-03:00:00,09,03,2002,03,111.51
09.03.2002-06:00:00,09,03,2002,06,70.14
09.03.2002-09:00:00,09,03,2002,09,65.664
09.03.2002-12:00:00,09,03,2002,12,61.755
09.03.2002-15:00:00,09,03,2002,15,64.851
09.03.2002-18:00:00,09,03,2002,18,75.371
09.03.2002-21:00:00,09,03,2002,21,84.54
09.04.2002-00:00:00,09,04,2002,00,102.77
09.04.2002-03:00:00,09,04,2002,03,110.6
09.04.2002-06:00:00,09,04,2002,06,71.44
09.04.2002-09:00:00,09,04,2002,09,60.903
09.04.2002-12:00:00,09,04,2002,12,61.306
09.04.2002-15:00:00,09,04,2002,15,72.061
09.04.2002-18:00:00,09,04,2002,18,85.56
09.04.2002-21:00:00,09,04,2002,21,105.65
09.05.2002-00:00:00,09,05,2002,00,109.92
09.05.2002-03:00:00,09,05,2002,03,110.65
09.05.2002-06:00:00,09,05,2002,06,77.631
09.05.2002-09:00:00,09,05,2002,09,61.515
09.05.2002-12:00:00,09,05,2002,12,61.344
09.05.2002-15:00:00,09,05,2002,15,72.075
09.05.2002-18:00:00,09,05,2002,18,89.795
09.05.2002-21:00:00,09,05,2002,21,104.27
09.06.2002-00:00:00,09,06,2002,00,107.55
09.06.2002-03:00:00,09,06,2002,03,107.27
09.06.2002-06:00:00,09,06,2002,06,67.681
09.06.2002-09:00:00,09,06,2002,09,59.297
09.06.2002-12:00:00,09,06,2002,12,59.767
09.06.2002-15:00:00,09,06,2002,15,68.19
09.06.2002-18:00:00,09,06,2002,18,80.98
09.06.2002-21:00:00,09,06,2002,21,100.32
09.07.2002-00:00:00,09,07,2002,00,105.81
09.07.2002-03:00:00,09,07,2002,03,106.47
09.07.2002-06:00:00,09,07,2002,06,67.935
09.07.2002-09:00:00,09,07,2002,09,58.242
09.07.2002-12:00:00,09,07,2002,12,58.72
09.07.2002-15:00:00,09,07,2002,15,65.72
09.07.2002-18:00:00,09,07,2002,18,78.878
09.07.2002-21:00:00,09,07,2002,21,97.384
09.08.2002-00:00:00,09,08,2002,00,102.59
09.08.2002-03:00:00,09,08,2002,03,104.67
09.08.2002-06:00:00,09,08,2002,06,69.76
09.08.2002-09:00:00,09,08,2002,09,57.333
09.08.2002-12:00:00,09,08,2002,12,57.602
09.08.2002-15:00:00,09,08,2002,15,65.02
09.08.2002-18:00:00,09,08,2002,18,79.251
09.08.2002-21:00:00,09,08,2002,21,98.242
09.09.2002-00:00:00,09,09,2002,00,101.55
09.09.2002-03:00:00,09,09,2002,03,102.13
09.09.2002-06:00:00,09,09,2002,06,74.332
09.09.2002-09:00:00,09,09,2002,09,57.87
09.09.2002-12:00:00,09,09,2002,12,57.538
09.09.2002-15:00:00,09,09,2002,15,64.781
09.09.2002-18:00:00,09,09,2002,18,80.06
09.09.2002-21:00:00,09,09,2002,21,96.143
09.10.2002-00:00:00,09,10,2002,00,98.97
09.10.2002-03:00:00,09,10,2002,03,98.759
09.10.2002-06:00:00,09,10,2002,06,60.423
09.10.2002-09:00:00,09,10,2002,09,55.472
09.10.2002-12:00:00,09,10,2002,12,56.071
09.10.2002-15:00:00,09,10,2002,15,58.762
09.10.2002-18:00:00,09,10,2002,18,64.282
09.10.2002-21:00:00,09,10,2002,21,75.453
09.11.2002-00:00:00,09,11,2002,00,86.617
09.11.2002-03:00:00,09,11,2002,03,94.837
09.11.2002-06:00:00,09,11,2002,06,58.713
09.11.2002-09:00:00,09,11,2002,09,53.754
09.11.2002-12:00:00,09,11,2002,12,54.568
09.11.2002-15:00:00,09,11,2002,15,57.688
09.11.2002-18:00:00,09,11,2002,18,58.435
09.11.2002-21:00:00,09,11,2002,21,64.763
09.12.2002-00:00:00,09,12,2002,00,74.607
09.12.2002-03:00:00,09,12,2002,03,82.079
09.12.2002-06:00:00,09,12,2002,06,56.574
09.12.2002-09:00:00,09,12,2002,09,52.384
09.12.2002-12:00:00,09,12,2002,12,53.284
09.12.2002-15:00:00,09,12,2002,15,56.549
09.12.2002-18:00:00,09,12,2002,18,57.307
09.12.2002-21:00:00,09,12,2002,21,58.565
09.13.2002-00:00:00,09,13,2002,00,66.207
09.13.2002-03:00:00,09,13,2002,03,75.384
09.13.2002-06:00:00,09,13,2002,06,54.73
09.13.2002-09:00:00,09,13,2002,09,51.024
09.13.2002-12:00:00,09,13,2002,12,52.001
09.13.2002-15:00:00,09,13,2002,15,55.382
09.13.2002-18:00:00,09,13,2002,18,56.161
09.13.2002-21:00:00,09,13,2002,21,56.494
09.14.2002-00:00:00,09,14,2002,00,61.366
09.14.2002-03:00:00,09,14,2002,03,70.445
09.14.2002-06:00:00,09,14,2002,06,53.762
09.14.2002-09:00:00,09,14,2002,09,50.438
09.14.2002-12:00:00,09,14,2002,12,51.33
09.14.2002-15:00:00,09,14,2002,15,54.513
09.14.2002-18:00:00,09,14,2002,18,55.271
09.14.2002-21:00:00,09,14,2002,21,55.371
09.15.2002-00:00:00,09,15,2002,00,63.02
09.15.2002-03:00:00,09,15,2002,03,72.107
09.15.2002-06:00:00,09,15,2002,06,53.35
09.15.2002-09:00:00,09,15,2002,09,49.914
09.15.2002-12:00:00,09,15,2002,12,50.788
09.15.2002-15:00:00,09,15,2002,15,53.393
09.15.2002-18:00:00,09,15,2002,18,54.33
09.15.2002-21:00:00,09,15,2002,21,54.831
09.16.2002-00:00:00,09,16,2002,00,62.17
09.16.2002-03:00:00,09,16,2002,03,72.094
09.16.2002-06:00:00,09,16,2002,06,52.657
09.16.2002-09:00:00,09,16,2002,09,49.573
09.16.2002-12:00:00,09,16,2002,12,50.21
09.16.2002-15:00:00,09,16,2002,15,52.74
09.16.2002-18:00:00,09,16,2002,18,53.564
09.16.2002-21:00:00,09,16,2002,21,55.027
09.17.2002-00:00:00,09,17,2002,00,64.289
09.17.2002-03:00:00,09,17,2002,03,74.275
09.17.2002-06:00:00,09,17,2002,06,52.959
09.17.2002-09:00:00,09,17,2002,09,49.767
09.17.2002-12:00:00,09,17,2002,12,50.261
09.17.2002-15:00:00,09,17,2002,15,52.468
09.17.2002-18:00:00,09,17,2002,18,54.232
09.17.2002-21:00:00,09,17,2002,21,67.05
09.18.2002-00:00:00,09,18,2002,00,74.335
09.18.2002-03:00:00,09,18,2002,03,75.424
09.18.2002-06:00:00,09,18,2002,06,54.641
09.18.2002-09:00:00,09,18,2002,09,49.209
09.18.2002-12:00:00,09,18,2002,12,49.717
09.18.2002-15:00:00,09,18,2002,15,52.318
09.18.2002-18:00:00,09,18,2002,18,57.689
09.18.2002-21:00:00,09,18,2002,21,70.941
09.19.2002-00:00:00,09,19,2002,00,74.115
09.19.2002-03:00:00,09,19,2002,03,74.888
09.19.2002-06:00:00,09,19,2002,06,54.048
09.19.2002-09:00:00,09,19,2002,09,48.517
09.19.2002-12:00:00,09,19,2002,12,49.067
09.19.2002-15:00:00,09,19,2002,15,51.819
09.19.2002-18:00:00,09,19,2002,18,53.405
09.19.2002-21:00:00,09,19,2002,21,66.632
09.20.2002-00:00:00,09,20,2002,00,72.548
09.20.2002-03:00:00,09,20,2002,03,73.667
09.20.2002-06:00:00,09,20,2002,06,51.798
09.20.2002-09:00:00,09,20,2002,09,47.579
09.20.2002-12:00:00,09,20,2002,12,48.286
09.20.2002-15:00:00,09,20,2002,15,51.175
09.20.2002-18:00:00,09,20,2002,18,51.907
09.20.2002-21:00:00,09,20,2002,21,58.616
09.21.2002-00:00:00,09,21,2002,00,70.518
09.21.2002-03:00:00,09,21,2002,03,74.958
09.21.2002-06:00:00,09,21,2002,06,56.626
09.21.2002-09:00:00,09,21,2002,09,47.965
09.21.2002-12:00:00,09,21,2002,12,48.27
09.21.2002-15:00:00,09,21,2002,15,50.947
09.21.2002-18:00:00,09,21,2002,18,55.213
09.21.2002-21:00:00,09,21,2002,21,68.313
09.22.2002-00:00:00,09,22,2002,00,75.007
09.22.2002-03:00:00,09,22,2002,03,76.542
09.22.2002-06:00:00,09,22,2002,06,59.09
09.22.2002-09:00:00,09,22,2002,09,48.779
09.22.2002-12:00:00,09,22,2002,12,48.648
09.22.2002-15:00:00,09,22,2002,15,50.61
09.22.2002-18:00:00,09,22,2002,18,62.195
09.22.2002-21:00:00,09,22,2002,21,72.403
09.23.2002-00:00:00,09,23,2002,00,75.597
09.23.2002-03:00:00,09,23,2002,03,79.272
09.23.2002-06:00:00,09,23,2002,06,51.938
09.23.2002-09:00:00,09,23,2002,09,47.265
09.23.2002-12:00:00,09,23,2002,12,47.677
09.23.2002-15:00:00,09,23,2002,15,49.953
09.23.2002-18:00:00,09,23,2002,18,50.704
09.23.2002-21:00:00,09,23,2002,21,61.234
09.24.2002-00:00:00,09,24,2002,00,69.42
09.24.2002-03:00:00,09,24,2002,03,73.58
09.24.2002-06:00:00,09,24,2002,06,49.447
09.24.2002-09:00:00,09,24,2002,09,45.727
09.24.2002-12:00:00,09,24,2002,12,46.42
09.24.2002-15:00:00,09,24,2002,15,49.189
09.24.2002-18:00:00,09,24,2002,18,49.95
09.24.2002-21:00:00,09,24,2002,21,50.127
09.25.2002-00:00:00,09,25,2002,00,55.897
09.25.2002-03:00:00,09,25,2002,03,66.277
09.25.2002-06:00:00,09,25,2002,06,48.916
09.25.2002-09:00:00,09,25,2002,09,45.114
09.25.2002-12:00:00,09,25,2002,12,45.656
09.25.2002-15:00:00,09,25,2002,15,48.701
09.25.2002-18:00:00,09,25,2002,18,49.525
09.25.2002-21:00:00,09,25,2002,21,51.554
09.26.2002-00:00:00,09,26,2002,00,63.583
09.26.2002-03:00:00,09,26,2002,03,68.583
09.26.2002-06:00:00,09,26,2002,06,49.272
09.26.2002-09:00:00,09,26,2002,09,45.222
09.26.2002-12:00:00,09,26,2002,12,45.653
09.26.2002-15:00:00,09,26,2002,15,47.852
09.26.2002-18:00:00,09,26,2002,18,49.247
09.26.2002-21:00:00,09,26,2002,21,57.213
09.27.2002-00:00:00,09,27,2002,00,67.131
09.27.2002-03:00:00,09,27,2002,03,68.117
09.27.2002-06:00:00,09,27,2002,06,52.634
09.27.2002-09:00:00,09,27,2002,09,46.371
09.27.2002-12:00:00,09,27,2002,12,46.276
09.27.2002-15:00:00,09,27,2002,15,47.702
09.27.2002-18:00:00,09,27,2002,18,57.864
09.27.2002-21:00:00,09,27,2002,21,66.998
09.28.2002-00:00:00,09,28,2002,00,70.251
09.28.2002-03:00:00,09,28,2002,03,71.264
09.28.2002-06:00:00,09,28,2002,06,51.718
09.28.2002-09:00:00,09,28,2002,09,45.603
09.28.2002-12:00:00,09,28,2002,12,45.686
09.28.2002-15:00:00,09,28,2002,15,47.455
09.28.2002-18:00:00,09,28,2002,18,51.342
09.28.2002-21:00:00,09,28,2002,21,63.994
09.29.2002-00:00:00,09,29,2002,00,68.767
09.29.2002-03:00:00,09,29,2002,03,69.906
09.29.2002-06:00:00,09,29,2002,06,48.234
09.29.2002-09:00:00,09,29,2002,09,44.055
09.29.2002-12:00:00,09,29,2002,12,44.565
09.29.2002-15:00:00,09,29,2002,15,46.98
09.29.2002-18:00:00,09,29,2002,18,47.693
09.29.2002-21:00:00,09,29,2002,21,50.929
09.30.2002-00:00:00,09,30,2002,00,60.634
09.30.2002-03:00:00,09,30,2002,03,66.425
09.30.2002-06:00:00,09,30,2002,06,57.703
09.30.2002-09:00:00,09,30,2002,09,45.995
09.30.2002-12:00:00,09,30,2002,12,45.6
09.30.2002-15:00:00,09,30,2002,15,48.934
09.30.2002-18:00:00,09,30,2002,18,63.683
09.30.2002-21:00:00,09,30,2002,21,68.808
