TIMESTAMP,MONTH,DAY,YEAR,HOUR,C
10.01.2001-00:00:00,10,01,2001,00,51.049
10.01.2001-03:00:00,10,01,2001,03,51.126
10.01.2001-06:00:00,10,01,2001,06,50.886
10.01.2001-09:00:00,10,01,2001,09,41.046
10.01.2001-12:00:00,10,01,2001,12,40.963
10.01.2001-15:00:00,10,01,2001,15,48.612
10.01.2001-18:00:00,10,01,2001,18,50.541
10.01.2001-21:00:00,10,01,2001,21,50.649
10.02.2001-00:00:00,10,02,2001,00,50.719
10.02.2001-03:00:00,10,02,2001,03,50.827
10.02.2001-06:00:00,10,02,2001,06,50.491
10.02.2001-09:00:00,10,02,2001,09,40.987
10.02.2001-12:00:00,10,02,2001,12,40.869
10.02.2001-15:00:00,10,02,2001,15,48.312
10.02.2001-18:00:00,10,02,2001,18,50.258
10.02.2001-21:00:00,10,02,2001,21,50.385
10.03.2001-00:00:00,10,03,2001,00,50.472
10.03.2001-03:00:00,10,03,2001,03,50.55
10.03.2001-06:00:00,10,03,2001,06,50.572
10.03.2001-09:00:00,10,03,2001,09,41.081
10.03.2001-12:00:00,10,03,2001,12,40.878
10.03.2001-15:00:00,10,03,2001,15,48.244
10.03.2001-18:00:00,10,03,2001,18,50.066
10.03.2001-21:00:00,10,03,2001,21,50.186
10.04.2001-00:00:00,10,04,2001,00,50.297
10.04.2001-03:00:00,10,04,2001,03,50.321
10.04.2001-06:00:00,10,04,2001,06,50.342
10.04.2001-09:00:00,10,04,2001,09,41.58
10.04.2001-12:00:00,10,04,2001,12,41.262
10.04.2001-15:00:00,10,04,2001,15,48.257
10.04.2001-18:00:00,10,04,2001,18,49.921
10.04.2001-21:00:00,10,04,2001,21,50.081
10.05.2001-00:00:00,10,05,2001,00,50.106
10.05.2001-03:00:00,10,05,2001,03,50.127
10.05.2001-06:00:00,10,05,2001,06,50.148
10.05.2001-09:00:00,10,05,2001,09,42.432
10.05.2001-12:00:00,10,05,2001,12,41.876
10.05.2001-15:00:00,10,05,2001,15,48.48
10.05.2001-18:00:00,10,05,2001,18,49.83
10.05.2001-21:00:00,10,05,2001,21,49.931
10.06.2001-00:00:00,10,06,2001,00,49.953
10.06.2001-03:00:00,10,06,2001,03,49.974
10.06.2001-06:00:00,10,06,2001,06,49.994
10.06.2001-09:00:00,10,06,2001,09,43.215
10.06.2001-12:00:00,10,06,2001,12,42.613
10.06.2001-15:00:00,10,06,2001,15,48.471
10.06.2001-18:00:00,10,06,2001,18,49.706
10.06.2001-21:00:00,10,06,2001,21,49.806
10.07.2001-00:00:00,10,07,2001,00,49.828
10.07.2001-03:00:00,10,07,2001,03,49.847
10.07.2001-06:00:00,10,07,2001,06,49.866
10.07.2001-09:00:00,10,07,2001,09,44.647
10.07.2001-12:00:00,10,07,2001,12,44.08
10.07.2001-15:00:00,10,07,2001,15,48.614
10.07.2001-18:00:00,10,07,2001,18,49.684
10.07.2001-21:00:00,10,07,2001,21,49.73
10.08.2001-00:00:00,10,08,2001,00,49.749
10.08.2001-03:00:00,10,08,2001,03,49.766
10.08.2001-06:00:00,10,08,2001,06,49.783
10.08.2001-09:00:00,10,08,2001,09,51.102
10.08.2001-12:00:00,10,08,2001,12,44.832
10.08.2001-15:00:00,10,08,2001,15,48.907
10.08.2001-18:00:00,10,08,2001,18,49.636
10.08.2001-21:00:00,10,08,2001,21,49.671
10.09.2001-00:00:00,10,09,2001,00,49.687
10.09.2001-03:00:00,10,09,2001,03,49.703
10.09.2001-06:00:00,10,09,2001,06,49.719
10.09.2001-09:00:00,10,09,2001,09,49.41
10.09.2001-12:00:00,10,09,2001,12,43.716
10.09.2001-15:00:00,10,09,2001,15,48.218
10.09.2001-18:00:00,10,09,2001,18,49.449
10.09.2001-21:00:00,10,09,2001,21,49.57
10.10.2001-00:00:00,10,10,2001,00,49.588
10.10.2001-03:00:00,10,10,2001,03,49.603
10.10.2001-06:00:00,10,10,2001,06,49.617
10.10.2001-09:00:00,10,10,2001,09,59.817
10.10.2001-12:00:00,10,10,2001,12,52.352
10.10.2001-15:00:00,10,10,2001,15,49.685
10.10.2001-18:00:00,10,10,2001,18,49.624
10.10.2001-21:00:00,10,10,2001,21,49.637
10.11.2001-00:00:00,10,11,2001,00,49.649
10.11.2001-03:00:00,10,11,2001,03,49.656
10.11.2001-06:00:00,10,11,2001,06,49.661
10.11.2001-09:00:00,10,11,2001,09,55.711
10.11.2001-12:00:00,10,11,2001,12,64.704
10.11.2001-15:00:00,10,11,2001,15,49.76
10.11.2001-18:00:00,10,11,2001,18,49.602
10.11.2001-21:00:00,10,11,2001,21,49.615
10.12.2001-00:00:00,10,12,2001,00,49.618
10.12.2001-03:00:00,10,12,2001,03,49.622
10.12.2001-06:00:00,10,12,2001,06,49.625
10.12.2001-09:00:00,10,12,2001,09,53.455
10.12.2001-12:00:00,10,12,2001,12,66.172
10.12.2001-15:00:00,10,12,2001,15,52.359
10.12.2001-18:00:00,10,12,2001,18,49.939
10.12.2001-21:00:00,10,12,2001,21,49.9
10.13.2001-00:00:00,10,13,2001,00,49.904
10.13.2001-03:00:00,10,13,2001,03,49.908
10.13.2001-06:00:00,10,13,2001,06,49.912
10.13.2001-09:00:00,10,13,2001,09,74.682
10.13.2001-12:00:00,10,13,2001,12,66.421
10.13.2001-15:00:00,10,13,2001,15,54.998
10.13.2001-18:00:00,10,13,2001,18,52.437
10.13.2001-21:00:00,10,13,2001,21,50.912
10.14.2001-00:00:00,10,14,2001,00,50.855
10.14.2001-03:00:00,10,14,2001,03,50.841
10.14.2001-06:00:00,10,14,2001,06,50.827
10.14.2001-09:00:00,10,14,2001,09,52.375
10.14.2001-12:00:00,10,14,2001,12,53.291
10.14.2001-15:00:00,10,14,2001,15,50.409
10.14.2001-18:00:00,10,14,2001,18,50.88
10.14.2001-21:00:00,10,14,2001,21,50.919
10.15.2001-00:00:00,10,15,2001,00,50.901
10.15.2001-03:00:00,10,15,2001,03,50.882
10.15.2001-06:00:00,10,15,2001,06,50.863
10.15.2001-09:00:00,10,15,2001,09,50.105
10.15.2001-12:00:00,10,15,2001,12,50.659
10.15.2001-15:00:00,10,15,2001,15,50.334
10.15.2001-18:00:00,10,15,2001,18,50.636
10.15.2001-21:00:00,10,15,2001,21,50.629
10.16.2001-00:00:00,10,16,2001,00,50.612
10.16.2001-03:00:00,10,16,2001,03,50.595
10.16.2001-06:00:00,10,16,2001,06,50.579
10.16.2001-09:00:00,10,16,2001,09,47.82
10.16.2001-12:00:00,10,16,2001,12,52.759
10.16.2001-15:00:00,10,16,2001,15,50
10.16.2001-18:00:00,10,16,2001,18,50.314
10.16.2001-21:00:00,10,16,2001,21,50.314
10.17.2001-00:00:00,10,17,2001,00,50.302
10.17.2001-03:00:00,10,17,2001,03,50.29
10.17.2001-06:00:00,10,17,2001,06,50.278
10.17.2001-09:00:00,10,17,2001,09,48.867
10.17.2001-12:00:00,10,17,2001,12,51.798
10.17.2001-15:00:00,10,17,2001,15,49.836
10.17.2001-18:00:00,10,17,2001,18,50.126
10.17.2001-21:00:00,10,17,2001,21,50.128
10.18.2001-00:00:00,10,18,2001,00,50.118
10.18.2001-03:00:00,10,18,2001,03,50.108
10.18.2001-06:00:00,10,18,2001,06,50.099
10.18.2001-09:00:00,10,18,2001,09,45.984
10.18.2001-12:00:00,10,18,2001,12,44.276
10.18.2001-15:00:00,10,18,2001,15,48.722
10.18.2001-18:00:00,10,18,2001,18,49.784
10.18.2001-21:00:00,10,18,2001,21,49.879
10.19.2001-00:00:00,10,19,2001,00,49.875
10.19.2001-03:00:00,10,19,2001,03,49.867
10.19.2001-06:00:00,10,19,2001,06,49.859
10.19.2001-09:00:00,10,19,2001,09,49.594
10.19.2001-12:00:00,10,19,2001,12,43.9
10.19.2001-15:00:00,10,19,2001,15,48.623
10.19.2001-18:00:00,10,19,2001,18,49.58
10.19.2001-21:00:00,10,19,2001,21,49.598
10.20.2001-00:00:00,10,20,2001,00,49.592
10.20.2001-03:00:00,10,20,2001,03,49.585
10.20.2001-06:00:00,10,20,2001,06,49.577
10.20.2001-09:00:00,10,20,2001,09,48.98
10.20.2001-12:00:00,10,20,2001,12,43.894
10.20.2001-15:00:00,10,20,2001,15,48.44
10.20.2001-18:00:00,10,20,2001,18,49.322
10.20.2001-21:00:00,10,20,2001,21,49.339
10.21.2001-00:00:00,10,21,2001,00,49.332
10.21.2001-03:00:00,10,21,2001,03,49.325
10.21.2001-06:00:00,10,21,2001,06,49.318
10.21.2001-09:00:00,10,21,2001,09,59.254
10.21.2001-12:00:00,10,21,2001,12,48.784
10.21.2001-15:00:00,10,21,2001,15,49.257
10.21.2001-18:00:00,10,21,2001,18,49.361
10.21.2001-21:00:00,10,21,2001,21,49.356
10.22.2001-00:00:00,10,22,2001,00,49.348
10.22.2001-03:00:00,10,22,2001,03,49.341
10.22.2001-06:00:00,10,22,2001,06,49.333
10.22.2001-09:00:00,10,22,2001,09,49.325
10.22.2001-12:00:00,10,22,2001,12,49.028
10.22.2001-15:00:00,10,22,2001,15,49.292
10.22.2001-18:00:00,10,22,2001,18,49.292
10.22.2001-21:00:00,10,22,2001,21,49.284
10.23.2001-00:00:00,10,23,2001,00,49.275
10.23.2001-03:00:00,10,23,2001,03,49.267
10.23.2001-06:00:00,10,23,2001,06,49.258
10.23.2001-09:00:00,10,23,2001,09,48.645
10.23.2001-12:00:00,10,23,2001,12,62.256
10.23.2001-15:00:00,10,23,2001,15,49.788
10.23.2001-18:00:00,10,23,2001,18,49.402
10.23.2001-21:00:00,10,23,2001,21,49.391
10.24.2001-00:00:00,10,24,2001,00,49.38
10.24.2001-03:00:00,10,24,2001,03,49.368
10.24.2001-06:00:00,10,24,2001,06,49.357
10.24.2001-09:00:00,10,24,2001,09,48.689
10.24.2001-12:00:00,10,24,2001,12,48.123
10.24.2001-15:00:00,10,24,2001,15,49.231
10.24.2001-18:00:00,10,24,2001,18,49.254
10.24.2001-21:00:00,10,24,2001,21,49.243
10.25.2001-00:00:00,10,25,2001,00,49.231
10.25.2001-03:00:00,10,25,2001,03,49.219
10.25.2001-06:00:00,10,25,2001,06,49.206
10.25.2001-09:00:00,10,25,2001,09,49.068
10.25.2001-12:00:00,10,25,2001,12,48.959
10.25.2001-15:00:00,10,25,2001,15,49.152
10.25.2001-18:00:00,10,25,2001,18,49.145
10.25.2001-21:00:00,10,25,2001,21,49.132
10.26.2001-00:00:00,10,26,2001,00,49.119
10.26.2001-03:00:00,10,26,2001,03,49.106
10.26.2001-06:00:00,10,26,2001,06,49.092
10.26.2001-09:00:00,10,26,2001,09,48.921
10.26.2001-12:00:00,10,26,2001,12,48.816
10.26.2001-15:00:00,10,26,2001,15,48.983
10.26.2001-18:00:00,10,26,2001,18,49.021
10.26.2001-21:00:00,10,26,2001,21,49.009
10.27.2001-00:00:00,10,27,2001,00,48.995
10.27.2001-03:00:00,10,27,2001,03,48.98
10.27.2001-06:00:00,10,27,2001,06,48.965
10.27.2001-09:00:00,10,27,2001,09,47.901
10.27.2001-12:00:00,10,27,2001,12,47.309
10.27.2001-15:00:00,10,27,2001,15,48.553
10.27.2001-18:00:00,10,27,2001,18,48.808
10.27.2001-21:00:00,10,27,2001,21,48.801
10.28.2001-00:00:00,10,28,2001,00,48.786
10.28.2001-03:00:00,10,28,2001,03,48.772
10.28.2001-06:00:00,10,28,2001,06,48.758
10.28.2001-09:00:00,10,28,2001,09,48.741
10.28.2001-12:00:00,10,28,2001,12,47.506
10.28.2001-15:00:00,10,28,2001,15,48.639
10.28.2001-18:00:00,10,28,2001,18,48.661
10.28.2001-21:00:00,10,28,2001,21,48.647
10.29.2001-00:00:00,10,29,2001,00,48.633
10.29.2001-03:00:00,10,29,2001,03,48.619
10.29.2001-06:00:00,10,29,2001,06,48.605
10.29.2001-09:00:00,10,29,2001,09,48.591
10.29.2001-12:00:00,10,29,2001,12,47.969
10.29.2001-15:00:00,10,29,2001,15,48.527
10.29.2001-18:00:00,10,29,2001,18,48.531
10.29.2001-21:00:00,10,29,2001,21,48.517
10.30.2001-00:00:00,10,30,2001,00,48.503
10.30.2001-03:00:00,10,30,2001,03,48.489
10.30.2001-06:00:00,10,30,2001,06,48.475
10.30.2001-09:00:00,10,30,2001,09,48.461
10.30.2001-12:00:00,10,30,2001,12,48.447
10.30.2001-15:00:00,10,30,2001,15,48.433
10.30.2001-18:00:00,10,30,2001,18,48.418
10.30.2001-21:00:00,10,30,2001,21,48.405
10.31.2001-00:00:00,10,31,2001,00,48.39
10.31.2001-03:00:00,10,31,2001,03,48.376
10.31.2001-06:00:00,10,31,2001,06,48.362
10.31.2001-09:00:00,10,31,2001,09,48.347
10.31.2001-12:00:00,10,31,2001,12,48.049
10.31.2001-15:00:00,10,31,2001,15,48.301
10.31.2001-18:00:00,10,31,2001,18,48.295
10.31.2001-21:00:00,10,31,2001,21,48.265
11.01.2001-00:00:00,11,01,2001,00,48.251
11.01.2001-03:00:00,11,01,2001,03,48.221
11.01.2001-06:00:00,11,01,2001,06,48.207
11.01.2001-09:00:00,11,01,2001,09,47.943
11.01.2001-12:00:00,11,01,2001,12,47.291
11.01.2001-15:00:00,11,01,2001,15,48.081
11.01.2001-18:00:00,11,01,2001,18,48.094
11.01.2001-21:00:00,11,01,2001,21,48.066
11.02.2001-00:00:00,11,02,2001,00,48.039
11.02.2001-03:00:00,11,02,2001,03,48.026
11.02.2001-06:00:00,11,02,2001,06,48
11.02.2001-09:00:00,11,02,2001,09,47.616
11.02.2001-12:00:00,11,02,2001,12,46.658
11.02.2001-15:00:00,11,02,2001,15,47.825
11.02.2001-18:00:00,11,02,2001,18,47.846
11.02.2001-21:00:00,11,02,2001,21,47.82
11.03.2001-00:00:00,11,03,2001,00,47.81
11.03.2001-03:00:00,11,03,2001,03,47.785
11.03.2001-06:00:00,11,03,2001,06,47.76
11.03.2001-09:00:00,11,03,2001,09,47.451
11.03.2001-12:00:00,11,03,2001,12,46.578
11.03.2001-15:00:00,11,03,2001,15,47.605
11.03.2001-18:00:00,11,03,2001,18,47.615
11.03.2001-21:00:00,11,03,2001,21,47.592
11.04.2001-00:00:00,11,04,2001,00,47.569
11.04.2001-03:00:00,11,04,2001,03,47.561
11.04.2001-06:00:00,11,04,2001,06,47.538
11.04.2001-09:00:00,11,04,2001,09,47.112
11.04.2001-12:00:00,11,04,2001,12,46.271
11.04.2001-15:00:00,11,04,2001,15,47.344
11.04.2001-18:00:00,11,04,2001,18,47.39
11.04.2001-21:00:00,11,04,2001,21,47.369
11.05.2001-00:00:00,11,05,2001,00,47.348
11.05.2001-03:00:00,11,05,2001,03,47.327
11.05.2001-06:00:00,11,05,2001,06,47.307
11.05.2001-09:00:00,11,05,2001,09,47.011
11.05.2001-12:00:00,11,05,2001,12,46.241
11.05.2001-15:00:00,11,05,2001,15,47.173
11.05.2001-18:00:00,11,05,2001,18,47.183
11.05.2001-21:00:00,11,05,2001,21,47.163
11.06.2001-00:00:00,11,06,2001,00,47.143
11.06.2001-03:00:00,11,06,2001,03,47.124
11.06.2001-06:00:00,11,06,2001,06,47.104
11.06.2001-09:00:00,11,06,2001,09,47.085
11.06.2001-12:00:00,11,06,2001,12,46.422
11.06.2001-15:00:00,11,06,2001,15,47.009
11.06.2001-18:00:00,11,06,2001,18,47.01
11.06.2001-21:00:00,11,06,2001,21,46.991
11.07.2001-00:00:00,11,07,2001,00,46.973
11.07.2001-03:00:00,11,07,2001,03,46.954
11.07.2001-06:00:00,11,07,2001,06,46.936
11.07.2001-09:00:00,11,07,2001,09,46.917
11.07.2001-12:00:00,11,07,2001,12,46.899
11.07.2001-15:00:00,11,07,2001,15,46.88
11.07.2001-18:00:00,11,07,2001,18,46.862
11.07.2001-21:00:00,11,07,2001,21,46.843
11.08.2001-00:00:00,11,08,2001,00,46.825
11.08.2001-03:00:00,11,08,2001,03,46.807
11.08.2001-06:00:00,11,08,2001,06,46.789
11.08.2001-09:00:00,11,08,2001,09,46.771
11.08.2001-12:00:00,11,08,2001,12,46.222
11.08.2001-15:00:00,11,08,2001,15,46.713
11.08.2001-18:00:00,11,08,2001,18,46.711
11.08.2001-21:00:00,11,08,2001,21,46.693
11.09.2001-00:00:00,11,09,2001,00,46.675
11.09.2001-03:00:00,11,09,2001,03,46.656
11.09.2001-06:00:00,11,09,2001,06,46.638
11.09.2001-09:00:00,11,09,2001,09,46.62
11.09.2001-12:00:00,11,09,2001,12,45.861
11.09.2001-15:00:00,11,09,2001,15,46.541
11.09.2001-18:00:00,11,09,2001,18,46.545
11.09.2001-21:00:00,11,09,2001,21,46.527
11.10.2001-00:00:00,11,10,2001,00,46.508
11.10.2001-03:00:00,11,10,2001,03,46.49
11.10.2001-06:00:00,11,10,2001,06,46.472
11.10.2001-09:00:00,11,10,2001,09,46.454
11.10.2001-12:00:00,11,10,2001,12,45.881
11.10.2001-15:00:00,11,10,2001,15,46.385
11.10.2001-18:00:00,11,10,2001,18,46.383
11.10.2001-21:00:00,11,10,2001,21,46.365
11.11.2001-00:00:00,11,11,2001,00,46.348
11.11.2001-03:00:00,11,11,2001,03,46.329
11.11.2001-06:00:00,11,11,2001,06,46.311
11.11.2001-09:00:00,11,11,2001,09,46.293
11.11.2001-12:00:00,11,11,2001,12,45.589
11.11.2001-15:00:00,11,11,2001,15,46.217
11.11.2001-18:00:00,11,11,2001,18,46.219
11.11.2001-21:00:00,11,11,2001,21,46.2
11.12.2001-00:00:00,11,12,2001,00,46.182
11.12.2001-03:00:00,11,12,2001,03,46.163
11.12.2001-06:00:00,11,12,2001,06,46.145
11.12.2001-09:00:00,11,12,2001,09,46.126
11.12.2001-12:00:00,11,12,2001,12,46.108
11.12.2001-15:00:00,11,12,2001,15,46.089
11.12.2001-18:00:00,11,12,2001,18,46.07
11.12.2001-21:00:00,11,12,2001,21,46.052
11.13.2001-00:00:00,11,13,2001,00,46.033
11.13.2001-03:00:00,11,13,2001,03,46.014
11.13.2001-06:00:00,11,13,2001,06,45.994
11.13.2001-09:00:00,11,13,2001,09,45.976
11.13.2001-12:00:00,11,13,2001,12,45.886
11.13.2001-15:00:00,11,13,2001,15,45.933
11.13.2001-18:00:00,11,13,2001,18,45.916
11.13.2001-21:00:00,11,13,2001,21,45.897
11.14.2001-00:00:00,11,14,2001,00,45.877
11.14.2001-03:00:00,11,14,2001,03,45.857
11.14.2001-06:00:00,11,14,2001,06,45.838
11.14.2001-09:00:00,11,14,2001,09,45.748
11.14.2001-12:00:00,11,14,2001,12,46.194
11.14.2001-15:00:00,11,14,2001,15,55.349
11.14.2001-18:00:00,11,14,2001,18,50.356
11.14.2001-21:00:00,11,14,2001,21,48.269
11.15.2001-00:00:00,11,15,2001,00,45.984
11.15.2001-03:00:00,11,15,2001,03,45.897
11.15.2001-06:00:00,11,15,2001,06,45.879
11.15.2001-09:00:00,11,15,2001,09,45.74
11.15.2001-12:00:00,11,15,2001,12,45.296
11.15.2001-15:00:00,11,15,2001,15,45.708
11.15.2001-18:00:00,11,15,2001,18,45.78
11.15.2001-21:00:00,11,15,2001,21,45.766
11.16.2001-00:00:00,11,16,2001,00,45.75
11.16.2001-03:00:00,11,16,2001,03,45.733
11.16.2001-06:00:00,11,16,2001,06,45.716
11.16.2001-09:00:00,11,16,2001,09,45.509
11.16.2001-12:00:00,11,16,2001,12,44.996
11.16.2001-15:00:00,11,16,2001,15,45.615
11.16.2001-18:00:00,11,16,2001,18,45.617
11.16.2001-21:00:00,11,16,2001,21,45.599
11.17.2001-00:00:00,11,17,2001,00,45.58
11.17.2001-03:00:00,11,17,2001,03,45.562
11.17.2001-06:00:00,11,17,2001,06,45.543
11.17.2001-09:00:00,11,17,2001,09,45.403
11.17.2001-12:00:00,11,17,2001,12,44.636
11.17.2001-15:00:00,11,17,2001,15,45.432
11.17.2001-18:00:00,11,17,2001,18,45.438
11.17.2001-21:00:00,11,17,2001,21,45.418
11.18.2001-00:00:00,11,18,2001,00,45.398
11.18.2001-03:00:00,11,18,2001,03,45.379
11.18.2001-06:00:00,11,18,2001,06,45.358
11.18.2001-09:00:00,11,18,2001,09,45.338
11.18.2001-12:00:00,11,18,2001,12,45.317
11.18.2001-15:00:00,11,18,2001,15,45.296
11.18.2001-18:00:00,11,18,2001,18,45.275
11.18.2001-21:00:00,11,18,2001,21,45.254
11.19.2001-00:00:00,11,19,2001,00,45.233
11.19.2001-03:00:00,11,19,2001,03,45.212
11.19.2001-06:00:00,11,19,2001,06,45.19
11.19.2001-09:00:00,11,19,2001,09,45.168
11.19.2001-12:00:00,11,19,2001,12,45.146
11.19.2001-15:00:00,11,19,2001,15,45.124
11.19.2001-18:00:00,11,19,2001,18,45.102
11.19.2001-21:00:00,11,19,2001,21,45.079
11.20.2001-00:00:00,11,20,2001,00,45.057
11.20.2001-03:00:00,11,20,2001,03,45.035
11.20.2001-06:00:00,11,20,2001,06,45.012
11.20.2001-09:00:00,11,20,2001,09,44.989
11.20.2001-12:00:00,11,20,2001,12,44.966
11.20.2001-15:00:00,11,20,2001,15,44.944
11.20.2001-18:00:00,11,20,2001,18,44.92
11.20.2001-21:00:00,11,20,2001,21,44.897
11.21.2001-00:00:00,11,21,2001,00,44.873
11.21.2001-03:00:00,11,21,2001,03,44.85
11.21.2001-06:00:00,11,21,2001,06,44.826
11.21.2001-09:00:00,11,21,2001,09,44.803
11.21.2001-12:00:00,11,21,2001,12,44.779
11.21.2001-15:00:00,11,21,2001,15,44.755
11.21.2001-18:00:00,11,21,2001,18,44.731
11.21.2001-21:00:00,11,21,2001,21,44.707
11.22.2001-00:00:00,11,22,2001,00,44.683
11.22.2001-03:00:00,11,22,2001,03,44.658
11.22.2001-06:00:00,11,22,2001,06,44.634
11.22.2001-09:00:00,11,22,2001,09,44.609
11.22.2001-12:00:00,11,22,2001,12,44.585
11.22.2001-15:00:00,11,22,2001,15,44.561
11.22.2001-18:00:00,11,22,2001,18,44.536
11.22.2001-21:00:00,11,22,2001,21,44.511
11.23.2001-00:00:00,11,23,2001,00,44.486
11.23.2001-03:00:00,11,23,2001,03,44.461
11.23.2001-06:00:00,11,23,2001,06,44.436
11.23.2001-09:00:00,11,23,2001,09,44.411
11.23.2001-12:00:00,11,23,2001,12,44.386
11.23.2001-15:00:00,11,23,2001,15,44.36
11.23.2001-18:00:00,11,23,2001,18,44.335
11.23.2001-21:00:00,11,23,2001,21,44.31
11.24.2001-00:00:00,11,24,2001,00,44.284
11.24.2001-03:00:00,11,24,2001,03,44.259
11.24.2001-06:00:00,11,24,2001,06,44.233
11.24.2001-09:00:00,11,24,2001,09,44.208
11.24.2001-12:00:00,11,24,2001,12,44.182
11.24.2001-15:00:00,11,24,2001,15,44.156
11.24.2001-18:00:00,11,24,2001,18,44.131
11.24.2001-21:00:00,11,24,2001,21,44.105
11.25.2001-00:00:00,11,25,2001,00,44.079
11.25.2001-03:00:00,11,25,2001,03,44.053
11.25.2001-06:00:00,11,25,2001,06,44.027
11.25.2001-09:00:00,11,25,2001,09,44.001
11.25.2001-12:00:00,11,25,2001,12,43.975
11.25.2001-15:00:00,11,25,2001,15,43.948
11.25.2001-18:00:00,11,25,2001,18,43.922
11.25.2001-21:00:00,11,25,2001,21,43.896
11.26.2001-00:00:00,11,26,2001,00,43.87
11.26.2001-03:00:00,11,26,2001,03,43.843
11.26.2001-06:00:00,11,26,2001,06,43.817
11.26.2001-09:00:00,11,26,2001,09,43.79
11.26.2001-12:00:00,11,26,2001,12,43.764
11.26.2001-15:00:00,11,26,2001,15,43.737
11.26.2001-18:00:00,11,26,2001,18,43.711
11.26.2001-21:00:00,11,26,2001,21,43.685
11.27.2001-00:00:00,11,27,2001,00,43.658
11.27.2001-03:00:00,11,27,2001,03,43.632
11.27.2001-06:00:00,11,27,2001,06,43.605
11.27.2001-09:00:00,11,27,2001,09,43.578
11.27.2001-12:00:00,11,27,2001,12,43.552
11.27.2001-15:00:00,11,27,2001,15,43.525
11.27.2001-18:00:00,11,27,2001,18,43.498
11.27.2001-21:00:00,11,27,2001,21,43.472
11.28.2001-00:00:00,11,28,2001,00,43.445
11.28.2001-03:00:00,11,28,2001,03,43.418
11.28.2001-06:00:00,11,28,2001,06,43.391
11.28.2001-09:00:00,11,28,2001,09,43.364
11.28.2001-12:00:00,11,28,2001,12,43.337
11.28.2001-15:00:00,11,28,2001,15,43.31
11.28.2001-18:00:00,11,28,2001,18,43.283
11.28.2001-21:00:00,11,28,2001,21,43.256
11.29.2001-00:00:00,11,29,2001,00,43.229
11.29.2001-03:00:00,11,29,2001,03,43.202
11.29.2001-06:00:00,11,29,2001,06,43.175
11.29.2001-09:00:00,11,29,2001,09,43.148
11.29.2001-12:00:00,11,29,2001,12,43.121
11.29.2001-15:00:00,11,29,2001,15,43.093
11.29.2001-18:00:00,11,29,2001,18,43.066
11.29.2001-21:00:00,11,29,2001,21,43.038
11.30.2001-00:00:00,11,30,2001,00,43.011
11.30.2001-03:00:00,11,30,2001,03,42.984
11.30.2001-06:00:00,11,30,2001,06,42.956
11.30.2001-09:00:00,11,30,2001,09,42.929
11.30.2001-12:00:00,11,30,2001,12,42.901
11.30.2001-15:00:00,11,30,2001,15,42.874
11.30.2001-18:00:00,11,30,2001,18,42.846
11.30.2001-21:00:00,11,30,2001,21,42.819
12.01.2001-00:00:00,12,01,2001,00,42.791
12.01.2001-03:00:00,12,01,2001,03,42.763
12.01.2001-06:00:00,12,01,2001,06,42.736
12.01.2001-09:00:00,12,01,2001,09,42.684
12.01.2001-12:00:00,12,01,2001,12,42.656
12.01.2001-15:00:00,12,01,2001,15,42.605
12.01.2001-18:00:00,12,01,2001,18,42.578
12.01.2001-21:00:00,12,01,2001,21,42.528
12.02.2001-00:00:00,12,02,2001,00,42.501
12.02.2001-03:00:00,12,02,2001,03,42.452
12.02.2001-06:00:00,12,02,2001,06,42.426
12.02.2001-09:00:00,12,02,2001,09,42.377
12.02.2001-12:00:00,12,02,2001,12,42.352
12.02.2001-15:00:00,12,02,2001,15,42.304
12.02.2001-18:00:00,12,02,2001,18,42.279
12.02.2001-21:00:00,12,02,2001,21,42.231
12.03.2001-00:00:00,12,03,2001,00,42.207
12.03.2001-03:00:00,12,03,2001,03,42.16
12.03.2001-06:00:00,12,03,2001,06,42.137
12.03.2001-09:00:00,12,03,2001,09,42.09
12.03.2001-12:00:00,12,03,2001,12,42.067
12.03.2001-15:00:00,12,03,2001,15,42.021
12.03.2001-18:00:00,12,03,2001,18,41.998
12.03.2001-21:00:00,12,03,2001,21,41.953
12.04.2001-00:00:00,12,04,2001,00,41.931
12.04.2001-03:00:00,12,04,2001,03,41.886
12.04.2001-06:00:00,12,04,2001,06,41.864
12.04.2001-09:00:00,12,04,2001,09,41.82
12.04.2001-12:00:00,12,04,2001,12,41.798
12.04.2001-15:00:00,12,04,2001,15,41.754
12.04.2001-18:00:00,12,04,2001,18,41.733
12.04.2001-21:00:00,12,04,2001,21,41.689
12.05.2001-00:00:00,12,05,2001,00,41.646
12.05.2001-03:00:00,12,05,2001,03,41.625
12.05.2001-06:00:00,12,05,2001,06,41.583
12.05.2001-09:00:00,12,05,2001,09,41.54
12.05.2001-12:00:00,12,05,2001,12,41.52
12.05.2001-15:00:00,12,05,2001,15,41.478
12.05.2001-18:00:00,12,05,2001,18,41.437
12.05.2001-21:00:00,12,05,2001,21,41.417
12.06.2001-00:00:00,12,06,2001,00,41.376
12.06.2001-03:00:00,12,06,2001,03,41.335
12.06.2001-06:00:00,12,06,2001,06,41.316
12.06.2001-09:00:00,12,06,2001,09,41.276
12.06.2001-12:00:00,12,06,2001,12,41.236
12.06.2001-15:00:00,12,06,2001,15,41.196
12.06.2001-18:00:00,12,06,2001,18,41.178
12.06.2001-21:00:00,12,06,2001,21,41.139
12.07.2001-00:00:00,12,07,2001,00,41.099
12.07.2001-03:00:00,12,07,2001,03,41.06
12.07.2001-06:00:00,12,07,2001,06,41.043
12.07.2001-09:00:00,12,07,2001,09,41.005
12.07.2001-12:00:00,12,07,2001,12,40.966
12.07.2001-15:00:00,12,07,2001,15,40.928
12.07.2001-18:00:00,12,07,2001,18,40.89
12.07.2001-21:00:00,12,07,2001,21,40.874
12.08.2001-00:00:00,12,08,2001,00,40.837
12.08.2001-03:00:00,12,08,2001,03,40.8
12.08.2001-06:00:00,12,08,2001,06,40.763
12.08.2001-09:00:00,12,08,2001,09,40.726
12.08.2001-12:00:00,12,08,2001,12,40.689
12.08.2001-15:00:00,12,08,2001,15,40.674
12.08.2001-18:00:00,12,08,2001,18,40.638
12.08.2001-21:00:00,12,08,2001,21,40.602
12.09.2001-00:00:00,12,09,2001,00,40.566
12.09.2001-03:00:00,12,09,2001,03,40.531
12.09.2001-06:00:00,12,09,2001,06,40.496
12.09.2001-09:00:00,12,09,2001,09,40.461
12.09.2001-12:00:00,12,09,2001,12,40.426
12.09.2001-15:00:00,12,09,2001,15,40.391
12.09.2001-18:00:00,12,09,2001,18,40.357
12.09.2001-21:00:00,12,09,2001,21,40.323
12.10.2001-00:00:00,12,10,2001,00,40.29
12.10.2001-03:00:00,12,10,2001,03,40.276
12.10.2001-06:00:00,12,10,2001,06,40.243
12.10.2001-09:00:00,12,10,2001,09,40.209
12.10.2001-12:00:00,12,10,2001,12,40.176
12.10.2001-15:00:00,12,10,2001,15,40.142
12.10.2001-18:00:00,12,10,2001,18,40.11
12.10.2001-21:00:00,12,10,2001,21,40.077
12.11.2001-00:00:00,12,11,2001,00,40.044
12.11.2001-03:00:00,12,11,2001,03,40.012
12.11.2001-06:00:00,12,11,2001,06,39.979
12.11.2001-09:00:00,12,11,2001,09,39.947
12.11.2001-12:00:00,12,11,2001,12,39.915
12.11.2001-15:00:00,12,11,2001,15,39.883
12.11.2001-18:00:00,12,11,2001,18,39.852
12.11.2001-21:00:00,12,11,2001,21,39.82
12.12.2001-00:00:00,12,12,2001,00,39.789
12.12.2001-03:00:00,12,12,2001,03,39.758
12.12.2001-06:00:00,12,12,2001,06,39.727
12.12.2001-09:00:00,12,12,2001,09,39.696
12.12.2001-12:00:00,12,12,2001,12,39.665
12.12.2001-15:00:00,12,12,2001,15,39.635
12.12.2001-18:00:00,12,12,2001,18,39.604
12.12.2001-21:00:00,12,12,2001,21,39.574
12.13.2001-00:00:00,12,13,2001,00,39.544
12.13.2001-03:00:00,12,13,2001,03,39.513
12.13.2001-06:00:00,12,13,2001,06,39.483
12.13.2001-09:00:00,12,13,2001,09,39.453
12.13.2001-12:00:00,12,13,2001,12,39.424
12.13.2001-15:00:00,12,13,2001,15,39.394
12.13.2001-18:00:00,12,13,2001,18,39.364
12.13.2001-21:00:00,12,13,2001,21,39.334
12.14.2001-00:00:00,12,14,2001,00,39.305
12.14.2001-03:00:00,12,14,2001,03,39.276
12.14.2001-06:00:00,12,14,2001,06,39.247
12.14.2001-09:00:00,12,14,2001,09,39.217
12.14.2001-12:00:00,12,14,2001,12,39.188
12.14.2001-15:00:00,12,14,2001,15,39.159
12.14.2001-18:00:00,12,14,2001,18,39.13
12.14.2001-21:00:00,12,14,2001,21,39.102
12.15.2001-00:00:00,12,15,2001,00,39.073
12.15.2001-03:00:00,12,15,2001,03,39.044
12.15.2001-06:00:00,12,15,2001,06,39.016
12.15.2001-09:00:00,12,15,2001,09,38.987
12.15.2001-12:00:00,12,15,2001,12,38.959
12.15.2001-15:00:00,12,15,2001,15,38.93
12.15.2001-18:00:00,12,15,2001,18,38.902
12.15.2001-21:00:00,12,15,2001,21,38.874
12.16.2001-00:00:00,12,16,2001,00,38.846
12.16.2001-03:00:00,12,16,2001,03,38.818
12.16.2001-06:00:00,12,16,2001,06,38.79
12.16.2001-09:00:00,12,16,2001,09,38.761
12.16.2001-12:00:00,12,16,2001,12,38.733
12.16.2001-15:00:00,12,16,2001,15,38.705
12.16.2001-18:00:00,12,16,2001,18,38.677
12.16.2001-21:00:00,12,16,2001,21,38.649
12.17.2001-00:00:00,12,17,2001,00,38.621
12.17.2001-03:00:00,12,17,2001,03,38.593
12.17.2001-06:00:00,12,17,2001,06,38.566
12.17.2001-09:00:00,12,17,2001,09,38.538
12.17.2001-12:00:00,12,17,2001,12,38.51
12.17.2001-15:00:00,12,17,2001,15,38.482
12.17.2001-18:00:00,12,17,2001,18,38.455
12.17.2001-21:00:00,12,17,2001,21,38.427
12.18.2001-00:00:00,12,18,2001,00,38.4
12.18.2001-03:00:00,12,18,2001,03,38.372
12.18.2001-06:00:00,12,18,2001,06,38.345
12.18.2001-09:00:00,12,18,2001,09,38.317
12.18.2001-12:00:00,12,18,2001,12,38.29
12.18.2001-15:00:00,12,18,2001,15,38.262
12.18.2001-18:00:00,12,18,2001,18,38.235
12.18.2001-21:00:00,12,18,2001,21,38.207
12.19.2001-00:00:00,12,19,2001,00,38.18
12.19.2001-03:00:00,12,19,2001,03,38.152
12.19.2001-06:00:00,12,19,2001,06,38.125
12.19.2001-09:00:00,12,19,2001,09,38.098
12.19.2001-12:00:00,12,19,2001,12,38.07
12.19.2001-15:00:00,12,19,2001,15,38.043
12.19.2001-18:00:00,12,19,2001,18,38.015
12.19.2001-21:00:00,12,19,2001,21,37.988
12.20.2001-00:00:00,12,20,2001,00,37.961
12.20.2001-03:00:00,12,20,2001,03,37.933
12.20.2001-06:00:00,12,20,2001,06,37.906
12.20.2001-09:00:00,12,20,2001,09,37.879
12.20.2001-12:00:00,12,20,2001,12,37.851
12.20.2001-15:00:00,12,20,2001,15,37.824
12.20.2001-18:00:00,12,20,2001,18,37.796
12.20.2001-21:00:00,12,20,2001,21,37.769
12.21.2001-00:00:00,12,21,2001,00,37.742
12.21.2001-03:00:00,12,21,2001,03,37.714
12.21.2001-06:00:00,12,21,2001,06,37.687
12.21.2001-09:00:00,12,21,2001,09,37.66
12.21.2001-12:00:00,12,21,2001,12,37.632
12.21.2001-15:00:00,12,21,2001,15,37.605
12.21.2001-18:00:00,12,21,2001,18,37.578
12.21.2001-21:00:00,12,21,2001,21,37.55
12.22.2001-00:00:00,12,22,2001,00,37.523
12.22.2001-03:00:00,12,22,2001,03,37.496
12.22.2001-06:00:00,12,22,2001,06,37.468
12.22.2001-09:00:00,12,22,2001,09,37.441
12.22.2001-12:00:00,12,22,2001,12,37.413
12.22.2001-15:00:00,12,22,2001,15,37.386
12.22.2001-18:00:00,12,22,2001,18,37.359
12.22.2001-21:00:00,12,22,2001,21,37.331
12.23.2001-00:00:00,12,23,2001,00,37.304
12.23.2001-03:00:00,12,23,2001,03,37.277
12.23.2001-06:00:00,12,23,2001,06,37.25
12.23.2001-09:00:00,12,23,2001,09,37.222
12.23.2001-12:00:00,12,23,2001,12,37.195
12.23.2001-15:00:00,12,23,2001,15,37.168
12.23.2001-18:00:00,12,23,2001,18,37.14
12.23.2001-21:00:00,12,23,2001,21,37.113
12.24.2001-00:00:00,12,24,2001,00,37.086
12.24.2001-03:00:00,12,24,2001,03,37.059
12.24.2001-06:00:00,12,24,2001,06,37.032
12.24.2001-09:00:00,12,24,2001,09,37.004
12.24.2001-12:00:00,12,24,2001,12,36.977
12.24.2001-15:00:00,12,24,2001,15,36.95
12.24.2001-18:00:00,12,24,2001,18,36.923
12.24.2001-21:00:00,12,24,2001,21,36.896
12.25.2001-00:00:00,12,25,2001,00,36.869
12.25.2001-03:00:00,12,25,2001,03,36.842
12.25.2001-06:00:00,12,25,2001,06,36.815
12.25.2001-09:00:00,12,25,2001,09,36.788
12.25.2001-12:00:00,12,25,2001,12,36.761
12.25.2001-15:00:00,12,25,2001,15,36.734
12.25.2001-18:00:00,12,25,2001,18,36.707
12.25.2001-21:00:00,12,25,2001,21,36.68
12.26.2001-00:00:00,12,26,2001,00,36.653
12.26.2001-03:00:00,12,26,2001,03,36.626
12.26.2001-06:00:00,12,26,2001,06,36.599
12.26.2001-09:00:00,12,26,2001,09,36.572
12.26.2001-12:00:00,12,26,2001,12,36.545
12.26.2001-15:00:00,12,26,2001,15,36.518
12.26.2001-18:00:00,12,26,2001,18,36.492
12.26.2001-21:00:00,12,26,2001,21,36.465
12.27.2001-00:00:00,12,27,2001,00,36.438
12.27.2001-03:00:00,12,27,2001,03,36.411
12.27.2001-06:00:00,12,27,2001,06,36.385
12.27.2001-09:00:00,12,27,2001,09,36.357
12.27.2001-12:00:00,12,27,2001,12,36.331
12.27.2001-15:00:00,12,27,2001,15,36.304
12.27.2001-18:00:00,12,27,2001,18,36.277
12.27.2001-21:00:00,12,27,2001,21,36.251
12.28.2001-00:00:00,12,28,2001,00,36.224
12.28.2001-03:00:00,12,28,2001,03,36.198
12.28.2001-06:00:00,12,28,2001,06,36.171
12.28.2001-09:00:00,12,28,2001,09,36.144
12.28.2001-12:00:00,12,28,2001,12,36.118
12.28.2001-15:00:00,12,28,2001,15,36.091
12.28.2001-18:00:00,12,28,2001,18,36.064
12.28.2001-21:00:00,12,28,2001,21,36.038
12.29.2001-00:00:00,12,29,2001,00,36.011
12.29.2001-03:00:00,12,29,2001,03,35.985
12.29.2001-06:00:00,12,29,2001,06,35.958
12.29.2001-09:00:00,12,29,2001,09,35.932
12.29.2001-12:00:00,12,29,2001,12,35.905
12.29.2001-15:00:00,12,29,2001,15,35.878
12.29.2001-18:00:00,12,29,2001,18,35.852
12.29.2001-21:00:00,12,29,2001,21,35.826
12.30.2001-00:00:00,12,30,2001,00,35.799
12.30.2001-03:00:00,12,30,2001,03,35.772
12.30.2001-06:00:00,12,30,2001,06,35.746
12.30.2001-09:00:00,12,30,2001,09,35.72
12.30.2001-12:00:00,12,30,2001,12,35.693
12.30.2001-15:00:00,12,30,2001,15,35.667
12.30.2001-18:00:00,12,30,2001,18,35.64
12.30.2001-21:00:00,12,30,2001,21,35.614
12.31.2001-00:00:00,12,31,2001,00,35.587
12.31.2001-03:00:00,12,31,2001,03,35.561
12.31.2001-06:00:00,12,31,2001,06,35.535
12.31.2001-09:00:00,12,31,2001,09,35.508
12.31.2001-12:00:00,12,31,2001,12,35.482
12.31.2001-15:00:00,12,31,2001,15,35.456
12.31.2001-18:00:00,12,31,2001,18,35.429
12.31.2001-21:00:00,12,31,2001,21,35.403
01.01.2002-00:00:00,01,01,2002,00,35.377
01.01.2002-03:00:00,01,01,2002,03,35.35
01.01.2002-06:00:00,01,01,2002,06,35.324
01.01.2002-09:00:00,01,01,2002,09,35.298
01.01.2002-12:00:00,01,01,2002,12,35.272
01.01.2002-15:00:00,01,01,2002,15,35.245
01.01.2002-18:00:00,01,01,2002,18,35.219
01.01.2002-21:00:00,01,01,2002,21,35.193
01.02.2002-00:00:00,01,02,2002,00,35.166
01.02.2002-03:00:00,01,02,2002,03,35.14
01.02.2002-06:00:00,01,02,2002,06,35.114
01.02.2002-09:00:00,01,02,2002,09,35.087
01.02.2002-12:00:00,01,02,2002,12,35.061
01.02.2002-15:00:00,01,02,2002,15,35.034
01.02.2002-18:00:00,01,02,2002,18,35.008
01.02.2002-21:00:00,01,02,2002,21,34.982
01.03.2002-00:00:00,01,03,2002,00,34.957
01.03.2002-03:00:00,01,03,2002,03,34.934
01.03.2002-06:00:00,01,03,2002,06,34.91
01.03.2002-09:00:00,01,03,2002,09,34.887
01.03.2002-12:00:00,01,03,2002,12,34.864
01.03.2002-15:00:00,01,03,2002,15,34.84
01.03.2002-18:00:00,01,03,2002,18,34.816
01.03.2002-21:00:00,01,03,2002,21,34.793
01.04.2002-00:00:00,01,04,2002,00,34.769
01.04.2002-03:00:00,01,04,2002,03,34.746
01.04.2002-06:00:00,01,04,2002,06,34.722
01.04.2002-09:00:00,01,04,2002,09,34.698
01.04.2002-12:00:00,01,04,2002,12,34.675
01.04.2002-15:00:00,01,04,2002,15,34.651
01.04.2002-18:00:00,01,04,2002,18,34.627
01.04.2002-21:00:00,01,04,2002,21,34.604
01.05.2002-00:00:00,01,05,2002,00,34.58
01.05.2002-03:00:00,01,05,2002,03,34.556
01.05.2002-06:00:00,01,05,2002,06,34.532
01.05.2002-09:00:00,01,05,2002,09,34.508
01.05.2002-12:00:00,01,05,2002,12,34.484
01.05.2002-15:00:00,01,05,2002,15,34.46
01.05.2002-18:00:00,01,05,2002,18,34.436
01.05.2002-21:00:00,01,05,2002,21,34.412
01.06.2002-00:00:00,01,06,2002,00,34.388
01.06.2002-03:00:00,01,06,2002,03,34.364
01.06.2002-06:00:00,01,06,2002,06,34.34
01.06.2002-09:00:00,01,06,2002,09,34.316
01.06.2002-12:00:00,01,06,2002,12,34.291
01.06.2002-15:00:00,01,06,2002,15,34.267
01.06.2002-18:00:00,01,06,2002,18,34.243
01.06.2002-21:00:00,01,06,2002,21,34.219
01.07.2002-00:00:00,01,07,2002,00,34.195
01.07.2002-03:00:00,01,07,2002,03,34.17
01.07.2002-06:00:00,01,07,2002,06,34.146
01.07.2002-09:00:00,01,07,2002,09,34.122
01.07.2002-12:00:00,01,07,2002,12,34.097
01.07.2002-15:00:00,01,07,2002,15,34.073
01.07.2002-18:00:00,01,07,2002,18,34.048
01.07.2002-21:00:00,01,07,2002,21,34.024
01.08.2002-00:00:00,01,08,2002,00,34
01.08.2002-03:00:00,01,08,2002,03,33.975
01.08.2002-06:00:00,01,08,2002,06,33.951
01.08.2002-09:00:00,01,08,2002,09,33.926
01.08.2002-12:00:00,01,08,2002,12,33.902
01.08.2002-15:00:00,01,08,2002,15,33.877
01.08.2002-18:00:00,01,08,2002,18,33.852
01.08.2002-21:00:00,01,08,2002,21,33.828
01.09.2002-00:00:00,01,09,2002,00,33.803
01.09.2002-03:00:00,01,09,2002,03,33.778
01.09.2002-06:00:00,01,09,2002,06,33.754
01.09.2002-09:00:00,01,09,2002,09,33.729
01.09.2002-12:00:00,01,09,2002,12,33.704
01.09.2002-15:00:00,01,09,2002,15,33.679
01.09.2002-18:00:00,01,09,2002,18,33.655
01.09.2002-21:00:00,01,09,2002,21,33.63
01.10.2002-00:00:00,01,10,2002,00,33.605
01.10.2002-03:00:00,01,10,2002,03,33.58
01.10.2002-06:00:00,01,10,2002,06,33.556
01.10.2002-09:00:00,01,10,2002,09,33.53
01.10.2002-12:00:00,01,10,2002,12,33.506
01.10.2002-15:00:00,01,10,2002,15,33.481
01.10.2002-18:00:00,01,10,2002,18,33.456
01.10.2002-21:00:00,01,10,2002,21,33.431
01.11.2002-00:00:00,01,11,2002,00,33.406
01.11.2002-03:00:00,01,11,2002,03,33.381
01.11.2002-06:00:00,01,11,2002,06,33.356
01.11.2002-09:00:00,01,11,2002,09,33.331
01.11.2002-12:00:00,01,11,2002,12,33.306
01.11.2002-15:00:00,01,11,2002,15,33.281
01.11.2002-18:00:00,01,11,2002,18,33.256
01.11.2002-21:00:00,01,11,2002,21,33.231
01.12.2002-00:00:00,01,12,2002,00,33.205
01.12.2002-03:00:00,01,12,2002,03,33.181
01.12.2002-06:00:00,01,12,2002,06,33.155
01.12.2002-09:00:00,01,12,2002,09,33.13
01.12.2002-12:00:00,01,12,2002,12,33.105
01.12.2002-15:00:00,01,12,2002,15,33.08
01.12.2002-18:00:00,01,12,2002,18,33.054
01.12.2002-21:00:00,01,12,2002,21,33.029
01.13.2002-00:00:00,01,13,2002,00,33.004
01.13.2002-03:00:00,01,13,2002,03,32.979
01.13.2002-06:00:00,01,13,2002,06,32.953
01.13.2002-09:00:00,01,13,2002,09,32.928
01.13.2002-12:00:00,01,13,2002,12,32.903
01.13.2002-15:00:00,01,13,2002,15,32.878
01.13.2002-18:00:00,01,13,2002,18,32.852
01.13.2002-21:00:00,01,13,2002,21,32.827
01.14.2002-00:00:00,01,14,2002,00,32.801
01.14.2002-03:00:00,01,14,2002,03,32.776
01.14.2002-06:00:00,01,14,2002,06,32.75
01.14.2002-09:00:00,01,14,2002,09,32.725
01.14.2002-12:00:00,01,14,2002,12,32.699
01.14.2002-15:00:00,01,14,2002,15,32.674
01.14.2002-18:00:00,01,14,2002,18,32.649
01.14.2002-21:00:00,01,14,2002,21,32.624
01.15.2002-00:00:00,01,15,2002,00,32.598
01.15.2002-03:00:00,01,15,2002,03,32.572
01.15.2002-06:00:00,01,15,2002,06,32.547
01.15.2002-09:00:00,01,15,2002,09,32.521
01.15.2002-12:00:00,01,15,2002,12,32.496
01.15.2002-15:00:00,01,15,2002,15,32.47
01.15.2002-18:00:00,01,15,2002,18,32.445
01.15.2002-21:00:00,01,15,2002,21,32.419
01.16.2002-00:00:00,01,16,2002,00,32.394
01.16.2002-03:00:00,01,16,2002,03,32.368
01.16.2002-06:00:00,01,16,2002,06,32.342
01.16.2002-09:00:00,01,16,2002,09,32.317
01.16.2002-12:00:00,01,16,2002,12,32.291
01.16.2002-15:00:00,01,16,2002,15,32.266
01.16.2002-18:00:00,01,16,2002,18,32.24
01.16.2002-21:00:00,01,16,2002,21,32.215
01.17.2002-00:00:00,01,17,2002,00,32.189
01.17.2002-03:00:00,01,17,2002,03,32.163
01.17.2002-06:00:00,01,17,2002,06,32.138
01.17.2002-09:00:00,01,17,2002,09,32.112
01.17.2002-12:00:00,01,17,2002,12,32.086
01.17.2002-15:00:00,01,17,2002,15,32.061
01.17.2002-18:00:00,01,17,2002,18,32.035
01.17.2002-21:00:00,01,17,2002,21,32.009
01.18.2002-00:00:00,01,18,2002,00,31.984
01.18.2002-03:00:00,01,18,2002,03,31.958
01.18.2002-06:00:00,01,18,2002,06,31.933
01.18.2002-09:00:00,01,18,2002,09,31.907
01.18.2002-12:00:00,01,18,2002,12,31.881
01.18.2002-15:00:00,01,18,2002,15,31.855
01.18.2002-18:00:00,01,18,2002,18,31.83
01.18.2002-21:00:00,01,18,2002,21,31.804
01.19.2002-00:00:00,01,19,2002,00,31.779
01.19.2002-03:00:00,01,19,2002,03,31.753
01.19.2002-06:00:00,01,19,2002,06,31.728
01.19.2002-09:00:00,01,19,2002,09,31.702
01.19.2002-12:00:00,01,19,2002,12,31.676
01.19.2002-15:00:00,01,19,2002,15,31.651
01.19.2002-18:00:00,01,19,2002,18,31.625
01.19.2002-21:00:00,01,19,2002,21,31.599
01.20.2002-00:00:00,01,20,2002,00,31.573
01.20.2002-03:00:00,01,20,2002,03,31.548
01.20.2002-06:00:00,01,20,2002,06,31.522
01.20.2002-09:00:00,01,20,2002,09,31.497
01.20.2002-12:00:00,01,20,2002,12,31.471
01.20.2002-15:00:00,01,20,2002,15,31.445
01.20.2002-18:00:00,01,20,2002,18,31.42
01.20.2002-21:00:00,01,20,2002,21,31.394
01.21.2002-00:00:00,01,21,2002,00,31.369
01.21.2002-03:00:00,01,21,2002,03,31.343
01.21.2002-06:00:00,01,21,2002,06,31.317
01.21.2002-09:00:00,01,21,2002,09,31.292
01.21.2002-12:00:00,01,21,2002,12,31.266
01.21.2002-15:00:00,01,21,2002,15,31.241
01.21.2002-18:00:00,01,21,2002,18,31.215
01.21.2002-21:00:00,01,21,2002,21,31.19
01.22.2002-00:00:00,01,22,2002,00,31.164
01.22.2002-03:00:00,01,22,2002,03,31.138
01.22.2002-06:00:00,01,22,2002,06,31.113
01.22.2002-09:00:00,01,22,2002,09,31.087
01.22.2002-12:00:00,01,22,2002,12,31.061
01.22.2002-15:00:00,01,22,2002,15,31.036
01.22.2002-18:00:00,01,22,2002,18,31.01
01.22.2002-21:00:00,01,22,2002,21,30.985
01.23.2002-00:00:00,01,23,2002,00,30.959
01.23.2002-03:00:00,01,23,2002,03,30.934
01.23.2002-06:00:00,01,23,2002,06,30.908
01.23.2002-09:00:00,01,23,2002,09,30.883
01.23.2002-12:00:00,01,23,2002,12,30.857
01.23.2002-15:00:00,01,23,2002,15,30.832
01.23.2002-18:00:00,01,23,2002,18,30.806
01.23.2002-21:00:00,01,23,2002,21,30.781
01.24.2002-00:00:00,01,24,2002,00,30.755
01.24.2002-03:00:00,01,24,2002,03,30.729
01.24.2002-06:00:00,01,24,2002,06,30.704
01.24.2002-09:00:00,01,24,2002,09,30.678
01.24.2002-12:00:00,01,24,2002,12,30.653
01.24.2002-15:00:00,01,24,2002,15,30.628
01.24.2002-18:00:00,01,24,2002,18,30.602
01.24.2002-21:00:00,01,24,2002,21,30.577
01.25.2002-00:00:00,01,25,2002,00,30.551
01.25.2002-03:00:00,01,25,2002,03,30.525
01.25.2002-06:00:00,01,25,2002,06,30.5
01.25.2002-09:00:00,01,25,2002,09,30.475
01.25.2002-12:00:00,01,25,2002,12,30.449
01.25.2002-15:00:00,01,25,2002,15,30.424
01.25.2002-18:00:00,01,25,2002,18,30.399
01.25.2002-21:00:00,01,25,2002,21,30.373
01.26.2002-00:00:00,01,26,2002,00,30.347
01.26.2002-03:00:00,01,26,2002,03,30.322
01.26.2002-06:00:00,01,26,2002,06,30.296
01.26.2002-09:00:00,01,26,2002,09,30.271
01.26.2002-12:00:00,01,26,2002,12,30.246
01.26.2002-15:00:00,01,26,2002,15,30.22
01.26.2002-18:00:00,01,26,2002,18,30.195
01.26.2002-21:00:00,01,26,2002,21,30.169
01.27.2002-00:00:00,01,27,2002,00,30.144
01.27.2002-03:00:00,01,27,2002,03,30.119
01.27.2002-06:00:00,01,27,2002,06,30.094
01.27.2002-09:00:00,01,27,2002,09,30.068
01.27.2002-12:00:00,01,27,2002,12,30.043
01.27.2002-15:00:00,01,27,2002,15,30.018
01.27.2002-18:00:00,01,27,2002,18,29.992
01.27.2002-21:00:00,01,27,2002,21,29.967
01.28.2002-00:00:00,01,28,2002,00,29.941
01.28.2002-03:00:00,01,28,2002,03,29.916
01.28.2002-06:00:00,01,28,2002,06,29.891
01.28.2002-09:00:00,01,28,2002,09,29.866
01.28.2002-12:00:00,01,28,2002,12,29.84
01.28.2002-15:00:00,01,28,2002,15,29.815
01.28.2002-18:00:00,01,28,2002,18,29.789
01.28.2002-21:00:00,01,28,2002,21,29.764
01.29.2002-00:00:00,01,29,2002,00,29.739
01.29.2002-03:00:00,01,29,2002,03,29.714
01.29.2002-06:00:00,01,29,2002,06,29.689
01.29.2002-09:00:00,01,29,2002,09,29.663
01.29.2002-12:00:00,01,29,2002,12,29.638
01.29.2002-15:00:00,01,29,2002,15,29.613
01.29.2002-18:00:00,01,29,2002,18,29.588
01.29.2002-21:00:00,01,29,2002,21,29.563
01.30.2002-00:00:00,01,30,2002,00,29.537
01.30.2002-03:00:00,01,30,2002,03,29.512
01.30.2002-06:00:00,01,30,2002,06,29.487
01.30.2002-09:00:00,01,30,2002,09,29.462
01.30.2002-12:00:00,01,30,2002,12,29.437
01.30.2002-15:00:00,01,30,2002,15,29.411
01.30.2002-18:00:00,01,30,2002,18,29.386
01.30.2002-21:00:00,01,30,2002,21,29.361
01.31.2002-00:00:00,01,31,2002,00,29.336
01.31.2002-03:00:00,01,31,2002,03,29.311
01.31.2002-06:00:00,01,31,2002,06,29.286
01.31.2002-09:00:00,01,31,2002,09,29.261
01.31.2002-12:00:00,01,31,2002,12,29.236
01.31.2002-15:00:00,01,31,2002,15,29.21
01.31.2002-18:00:00,01,31,2002,18,29.186
01.31.2002-21:00:00,01,31,2002,21,29.16
02.01.2002-00:00:00,02,01,2002,00,29.135
02.01.2002-03:00:00,02,01,2002,03,29.111
02.01.2002-06:00:00,02,01,2002,06,29.085
02.01.2002-09:00:00,02,01,2002,09,29.06
02.01.2002-12:00:00,02,01,2002,12,29.035
02.01.2002-15:00:00,02,01,2002,15,29.01
02.01.2002-18:00:00,02,01,2002,18,28.985
02.01.2002-21:00:00,02,01,2002,21,28.96
02.02.2002-00:00:00,02,02,2002,00,28.935
02.02.2002-03:00:00,02,02,2002,03,28.91
02.02.2002-06:00:00,02,02,2002,06,28.885
02.02.2002-09:00:00,02,02,2002,09,28.86
02.02.2002-12:00:00,02,02,2002,12,28.835
02.02.2002-15:00:00,02,02,2002,15,28.81
02.02.2002-18:00:00,02,02,2002,18,28.786
02.02.2002-21:00:00,02,02,2002,21,28.76
02.03.2002-00:00:00,02,03,2002,00,28.735
02.03.2002-03:00:00,02,03,2002,03,28.711
02.03.2002-06:00:00,02,03,2002,06,28.686
02.03.2002-09:00:00,02,03,2002,09,28.661
02.03.2002-12:00:00,02,03,2002,12,28.636
02.03.2002-15:00:00,02,03,2002,15,28.611
02.03.2002-18:00:00,02,03,2002,18,28.587
02.03.2002-21:00:00,02,03,2002,21,28.561
02.04.2002-00:00:00,02,04,2002,00,28.536
02.04.2002-03:00:00,02,04,2002,03,28.512
02.04.2002-06:00:00,02,04,2002,06,28.487
02.04.2002-09:00:00,02,04,2002,09,28.462
02.04.2002-12:00:00,02,04,2002,12,28.437
02.04.2002-15:00:00,02,04,2002,15,28.413
02.04.2002-18:00:00,02,04,2002,18,28.388
02.04.2002-21:00:00,02,04,2002,21,28.363
02.05.2002-00:00:00,02,05,2002,00,28.338
02.05.2002-03:00:00,02,05,2002,03,28.313
02.05.2002-06:00:00,02,05,2002,06,28.289
02.05.2002-09:00:00,02,05,2002,09,28.264
02.05.2002-12:00:00,02,05,2002,12,28.239
02.05.2002-15:00:00,02,05,2002,15,28.214
02.05.2002-18:00:00,02,05,2002,18,28.19
02.05.2002-21:00:00,02,05,2002,21,28.165
02.06.2002-00:00:00,02,06,2002,00,28.14
02.06.2002-03:00:00,02,06,2002,03,28.116
02.06.2002-06:00:00,02,06,2002,06,28.091
02.06.2002-09:00:00,02,06,2002,09,28.066
02.06.2002-12:00:00,02,06,2002,12,28.042
02.06.2002-15:00:00,02,06,2002,15,28.017
02.06.2002-18:00:00,02,06,2002,18,27.993
02.06.2002-21:00:00,02,06,2002,21,27.968
02.07.2002-00:00:00,02,07,2002,00,27.943
02.07.2002-03:00:00,02,07,2002,03,27.919
02.07.2002-06:00:00,02,07,2002,06,27.894
02.07.2002-09:00:00,02,07,2002,09,27.87
02.07.2002-12:00:00,02,07,2002,12,27.845
02.07.2002-15:00:00,02,07,2002,15,27.821
02.07.2002-18:00:00,02,07,2002,18,27.796
02.07.2002-21:00:00,02,07,2002,21,27.772
02.08.2002-00:00:00,02,08,2002,00,27.748
02.08.2002-03:00:00,02,08,2002,03,27.724
02.08.2002-06:00:00,02,08,2002,06,27.699
02.08.2002-09:00:00,02,08,2002,09,27.674
02.08.2002-12:00:00,02,08,2002,12,27.65
02.08.2002-15:00:00,02,08,2002,15,27.626
02.08.2002-18:00:00,02,08,2002,18,27.602
02.08.2002-21:00:00,02,08,2002,21,27.578
02.09.2002-00:00:00,02,09,2002,00,27.553
02.09.2002-03:00:00,02,09,2002,03,27.529
02.09.2002-06:00:00,02,09,2002,06,27.504
02.09.2002-09:00:00,02,09,2002,09,27.48
02.09.2002-12:00:00,02,09,2002,12,27.456
02.09.2002-15:00:00,02,09,2002,15,27.432
02.09.2002-18:00:00,02,09,2002,18,27.408
02.09.2002-21:00:00,02,09,2002,21,27.383
02.10.2002-00:00:00,02,10,2002,00,27.359
02.10.2002-03:00:00,02,10,2002,03,27.335
02.10.2002-06:00:00,02,10,2002,06,27.311
02.10.2002-09:00:00,02,10,2002,09,27.287
02.10.2002-12:00:00,02,10,2002,12,27.263
02.10.2002-15:00:00,02,10,2002,15,27.239
02.10.2002-18:00:00,02,10,2002,18,27.215
02.10.2002-21:00:00,02,10,2002,21,27.19
02.11.2002-00:00:00,02,11,2002,00,27.166
02.11.2002-03:00:00,02,11,2002,03,27.142
02.11.2002-06:00:00,02,11,2002,06,27.118
02.11.2002-09:00:00,02,11,2002,09,27.094
02.11.2002-12:00:00,02,11,2002,12,27.07
02.11.2002-15:00:00,02,11,2002,15,27.046
02.11.2002-18:00:00,02,11,2002,18,27.022
02.11.2002-21:00:00,02,11,2002,21,26.998
02.12.2002-00:00:00,02,12,2002,00,26.974
02.12.2002-03:00:00,02,12,2002,03,26.95
02.12.2002-06:00:00,02,12,2002,06,26.926
02.12.2002-09:00:00,02,12,2002,09,26.902
02.12.2002-12:00:00,02,12,2002,12,26.878
02.12.2002-15:00:00,02,12,2002,15,26.854
02.12.2002-18:00:00,02,12,2002,18,26.83
02.12.2002-21:00:00,02,12,2002,21,26.807
02.13.2002-00:00:00,02,13,2002,00,26.783
02.13.2002-03:00:00,02,13,2002,03,26.759
02.13.2002-06:00:00,02,13,2002,06,26.735
02.13.2002-09:00:00,02,13,2002,09,26.711
02.13.2002-12:00:00,02,13,2002,12,26.687
02.13.2002-15:00:00,02,13,2002,15,26.663
02.13.2002-18:00:00,02,13,2002,18,26.64
02.13.2002-21:00:00,02,13,2002,21,26.616
02.14.2002-00:00:00,02,14,2002,00,26.592
02.14.2002-03:00:00,02,14,2002,03,26.568
02.14.2002-06:00:00,02,14,2002,06,26.545
02.14.2002-09:00:00,02,14,2002,09,26.521
02.14.2002-12:00:00,02,14,2002,12,26.498
02.14.2002-15:00:00,02,14,2002,15,26.474
02.14.2002-18:00:00,02,14,2002,18,26.45
02.14.2002-21:00:00,02,14,2002,21,26.427
02.15.2002-00:00:00,02,15,2002,00,26.403
02.15.2002-03:00:00,02,15,2002,03,26.38
02.15.2002-06:00:00,02,15,2002,06,26.357
02.15.2002-09:00:00,02,15,2002,09,26.334
02.15.2002-12:00:00,02,15,2002,12,26.31
02.15.2002-15:00:00,02,15,2002,15,26.287
02.15.2002-18:00:00,02,15,2002,18,26.264
02.15.2002-21:00:00,02,15,2002,21,26.24
02.16.2002-00:00:00,02,16,2002,00,26.217
02.16.2002-03:00:00,02,16,2002,03,26.194
02.16.2002-06:00:00,02,16,2002,06,26.171
02.16.2002-09:00:00,02,16,2002,09,26.148
02.16.2002-12:00:00,02,16,2002,12,26.125
02.16.2002-15:00:00,02,16,2002,15,26.102
02.16.2002-18:00:00,02,16,2002,18,26.079
02.16.2002-21:00:00,02,16,2002,21,26.056
02.17.2002-00:00:00,02,17,2002,00,26.033
02.17.2002-03:00:00,02,17,2002,03,26.01
02.17.2002-06:00:00,02,17,2002,06,25.987
02.17.2002-09:00:00,02,17,2002,09,25.964
02.17.2002-12:00:00,02,17,2002,12,25.942
02.17.2002-15:00:00,02,17,2002,15,25.919
02.17.2002-18:00:00,02,17,2002,18,25.896
02.17.2002-21:00:00,02,17,2002,21,25.873
02.18.2002-00:00:00,02,18,2002,00,25.85
02.18.2002-03:00:00,02,18,2002,03,25.827
02.18.2002-06:00:00,02,18,2002,06,25.805
02.18.2002-09:00:00,02,18,2002,09,25.782
02.18.2002-12:00:00,02,18,2002,12,25.759
02.18.2002-15:00:00,02,18,2002,15,25.736
02.18.2002-18:00:00,02,18,2002,18,25.714
02.18.2002-21:00:00,02,18,2002,21,25.691
02.19.2002-00:00:00,02,19,2002,00,25.669
02.19.2002-03:00:00,02,19,2002,03,25.646
02.19.2002-06:00:00,02,19,2002,06,25.623
02.19.2002-09:00:00,02,19,2002,09,25.601
02.19.2002-12:00:00,02,19,2002,12,25.578
02.19.2002-15:00:00,02,19,2002,15,25.556
02.19.2002-18:00:00,02,19,2002,18,25.533
02.19.2002-21:00:00,02,19,2002,21,25.511
02.20.2002-00:00:00,02,20,2002,00,25.488
02.20.2002-03:00:00,02,20,2002,03,25.466
02.20.2002-06:00:00,02,20,2002,06,25.443
02.20.2002-09:00:00,02,20,2002,09,25.421
02.20.2002-12:00:00,02,20,2002,12,24.558
02.20.2002-15:00:00,02,20,2002,15,25.343
02.20.2002-18:00:00,02,20,2002,18,25.346
02.20.2002-21:00:00,02,20,2002,21,25.324
02.21.2002-00:00:00,02,21,2002,00,25.301
02.21.2002-03:00:00,02,21,2002,03,25.279
02.21.2002-06:00:00,02,21,2002,06,25.257
02.21.2002-09:00:00,02,21,2002,09,25.235
02.21.2002-12:00:00,02,21,2002,12,25.213
02.21.2002-15:00:00,02,21,2002,15,25.191
02.21.2002-18:00:00,02,21,2002,18,25.169
02.21.2002-21:00:00,02,21,2002,21,25.147
02.22.2002-00:00:00,02,22,2002,00,25.125
02.22.2002-03:00:00,02,22,2002,03,25.103
02.22.2002-06:00:00,02,22,2002,06,25.084
02.22.2002-09:00:00,02,22,2002,09,24.333
02.22.2002-12:00:00,02,22,2002,12,24.381
02.22.2002-15:00:00,02,22,2002,15,25.004
02.22.2002-18:00:00,02,22,2002,18,25.008
02.22.2002-21:00:00,02,22,2002,21,24.993
02.23.2002-00:00:00,02,23,2002,00,24.978
02.23.2002-03:00:00,02,23,2002,03,24.963
02.23.2002-06:00:00,02,23,2002,06,24.948
02.23.2002-09:00:00,02,23,2002,09,24.933
02.23.2002-12:00:00,02,23,2002,12,24.917
02.23.2002-15:00:00,02,23,2002,15,24.902
02.23.2002-18:00:00,02,23,2002,18,24.887
02.23.2002-21:00:00,02,23,2002,21,24.871
02.24.2002-00:00:00,02,24,2002,00,24.855
02.24.2002-03:00:00,02,24,2002,03,24.84
02.24.2002-06:00:00,02,24,2002,06,24.824
02.24.2002-09:00:00,02,24,2002,09,24.808
02.24.2002-12:00:00,02,24,2002,12,24.793
02.24.2002-15:00:00,02,24,2002,15,24.776
02.24.2002-18:00:00,02,24,2002,18,24.76
02.24.2002-21:00:00,02,24,2002,21,24.744
02.25.2002-00:00:00,02,25,2002,00,24.728
02.25.2002-03:00:00,02,25,2002,03,24.712
02.25.2002-06:00:00,02,25,2002,06,24.696
02.25.2002-09:00:00,02,25,2002,09,24.68
02.25.2002-12:00:00,02,25,2002,12,24.663
02.25.2002-15:00:00,02,25,2002,15,24.647
02.25.2002-18:00:00,02,25,2002,18,24.63
02.25.2002-21:00:00,02,25,2002,21,24.614
02.26.2002-00:00:00,02,26,2002,00,24.597
02.26.2002-03:00:00,02,26,2002,03,24.581
02.26.2002-06:00:00,02,26,2002,06,24.564
02.26.2002-09:00:00,02,26,2002,09,24.547
02.26.2002-12:00:00,02,26,2002,12,24.53
02.26.2002-15:00:00,02,26,2002,15,24.514
02.26.2002-18:00:00,02,26,2002,18,24.496
02.26.2002-21:00:00,02,26,2002,21,24.48
02.27.2002-00:00:00,02,27,2002,00,24.463
02.27.2002-03:00:00,02,27,2002,03,24.446
02.27.2002-06:00:00,02,27,2002,06,24.429
02.27.2002-09:00:00,02,27,2002,09,24.412
02.27.2002-12:00:00,02,27,2002,12,24.394
02.27.2002-15:00:00,02,27,2002,15,24.377
02.27.2002-18:00:00,02,27,2002,18,24.36
02.27.2002-21:00:00,02,27,2002,21,24.343
02.28.2002-00:00:00,02,28,2002,00,24.325
02.28.2002-03:00:00,02,28,2002,03,24.308
02.28.2002-06:00:00,02,28,2002,06,24.29
02.28.2002-09:00:00,02,28,2002,09,24.273
02.28.2002-12:00:00,02,28,2002,12,24.256
02.28.2002-15:00:00,02,28,2002,15,24.238
02.28.2002-18:00:00,02,28,2002,18,24.221
02.28.2002-21:00:00,02,28,2002,21,24.203
03.01.2002-00:00:00,03,01,2002,00,24.185
03.01.2002-03:00:00,03,01,2002,03,24.168
03.01.2002-06:00:00,03,01,2002,06,24.15
03.01.2002-09:00:00,03,01,2002,09,24.132
03.01.2002-12:00:00,03,01,2002,12,23.11
03.01.2002-15:00:00,03,01,2002,15,24.057
03.01.2002-18:00:00,03,01,2002,18,24.069
03.01.2002-21:00:00,03,01,2002,21,24.051
03.02.2002-00:00:00,03,02,2002,00,24.034
03.02.2002-03:00:00,03,02,2002,03,24.016
03.02.2002-06:00:00,03,02,2002,06,23.998
03.02.2002-09:00:00,03,02,2002,09,23.98
03.02.2002-12:00:00,03,02,2002,12,23.963
03.02.2002-15:00:00,03,02,2002,15,23.945
03.02.2002-18:00:00,03,02,2002,18,23.927
03.02.2002-21:00:00,03,02,2002,21,23.91
03.03.2002-00:00:00,03,03,2002,00,23.892
03.03.2002-03:00:00,03,03,2002,03,23.874
03.03.2002-06:00:00,03,03,2002,06,23.856
03.03.2002-09:00:00,03,03,2002,09,23.838
03.03.2002-12:00:00,03,03,2002,12,22.867
03.03.2002-15:00:00,03,03,2002,15,23.764
03.03.2002-18:00:00,03,03,2002,18,23.775
03.03.2002-21:00:00,03,03,2002,21,23.758
03.04.2002-00:00:00,03,04,2002,00,23.74
03.04.2002-03:00:00,03,04,2002,03,23.722
03.04.2002-06:00:00,03,04,2002,06,23.704
03.04.2002-09:00:00,03,04,2002,09,23.686
03.04.2002-12:00:00,03,04,2002,12,22.086
03.04.2002-15:00:00,03,04,2002,15,23.587
03.04.2002-18:00:00,03,04,2002,18,23.617
03.04.2002-21:00:00,03,04,2002,21,23.6
03.05.2002-00:00:00,03,05,2002,00,23.582
03.05.2002-03:00:00,03,05,2002,03,23.565
03.05.2002-06:00:00,03,05,2002,06,23.547
03.05.2002-09:00:00,03,05,2002,09,23.529
03.05.2002-12:00:00,03,05,2002,12,22.458
03.05.2002-15:00:00,03,05,2002,15,23.452
03.05.2002-18:00:00,03,05,2002,18,23.466
03.05.2002-21:00:00,03,05,2002,21,23.448
03.06.2002-00:00:00,03,06,2002,00,23.431
03.06.2002-03:00:00,03,06,2002,03,23.413
03.06.2002-06:00:00,03,06,2002,06,23.395
03.06.2002-09:00:00,03,06,2002,09,23.378
03.06.2002-12:00:00,03,06,2002,12,23.36
03.06.2002-15:00:00,03,06,2002,15,23.342
03.06.2002-18:00:00,03,06,2002,18,23.324
03.06.2002-21:00:00,03,06,2002,21,23.307
03.07.2002-00:00:00,03,07,2002,00,23.289
03.07.2002-03:00:00,03,07,2002,03,23.271
03.07.2002-06:00:00,03,07,2002,06,23.253
03.07.2002-09:00:00,03,07,2002,09,23.236
03.07.2002-12:00:00,03,07,2002,12,23.218
03.07.2002-15:00:00,03,07,2002,15,23.2
03.07.2002-18:00:00,03,07,2002,18,23.182
03.07.2002-21:00:00,03,07,2002,21,23.164
03.08.2002-00:00:00,03,08,2002,00,23.146
03.08.2002-03:00:00,03,08,2002,03,23.129
03.08.2002-06:00:00,03,08,2002,06,23.111
03.08.2002-09:00:00,03,08,2002,09,23.093
03.08.2002-12:00:00,03,08,2002,12,23.075
03.08.2002-15:00:00,03,08,2002,15,23.057
03.08.2002-18:00:00,03,08,2002,18,23.039
03.08.2002-21:00:00,03,08,2002,21,23.021
03.09.2002-00:00:00,03,09,2002,00,23.004
03.09.2002-03:00:00,03,09,2002,03,22.986
03.09.2002-06:00:00,03,09,2002,06,22.968
03.09.2002-09:00:00,03,09,2002,09,22.95
03.09.2002-12:00:00,03,09,2002,12,22.932
03.09.2002-15:00:00,03,09,2002,15,22.914
03.09.2002-18:00:00,03,09,2002,18,22.896
03.09.2002-21:00:00,03,09,2002,21,22.878
03.10.2002-00:00:00,03,10,2002,00,22.86
03.10.2002-03:00:00,03,10,2002,03,22.842
03.10.2002-06:00:00,03,10,2002,06,22.824
03.10.2002-09:00:00,03,10,2002,09,22.806
03.10.2002-12:00:00,03,10,2002,12,22.788
03.10.2002-15:00:00,03,10,2002,15,22.771
03.10.2002-18:00:00,03,10,2002,18,22.752
03.10.2002-21:00:00,03,10,2002,21,22.734
03.11.2002-00:00:00,03,11,2002,00,22.717
03.11.2002-03:00:00,03,11,2002,03,22.698
03.11.2002-06:00:00,03,11,2002,06,22.681
03.11.2002-09:00:00,03,11,2002,09,22.663
03.11.2002-12:00:00,03,11,2002,12,22.645
03.11.2002-15:00:00,03,11,2002,15,22.627
03.11.2002-18:00:00,03,11,2002,18,22.609
03.11.2002-21:00:00,03,11,2002,21,22.591
03.12.2002-00:00:00,03,12,2002,00,22.573
03.12.2002-03:00:00,03,12,2002,03,22.555
03.12.2002-06:00:00,03,12,2002,06,22.537
03.12.2002-09:00:00,03,12,2002,09,22.519
03.12.2002-12:00:00,03,12,2002,12,21.351
03.12.2002-15:00:00,03,12,2002,15,22.437
03.12.2002-18:00:00,03,12,2002,18,22.454
03.12.2002-21:00:00,03,12,2002,21,22.436
03.13.2002-00:00:00,03,13,2002,00,22.418
03.13.2002-03:00:00,03,13,2002,03,22.4
03.13.2002-06:00:00,03,13,2002,06,22.383
03.13.2002-09:00:00,03,13,2002,09,22.365
03.13.2002-12:00:00,03,13,2002,12,21.184
03.13.2002-15:00:00,03,13,2002,15,22.283
03.13.2002-18:00:00,03,13,2002,18,22.3
03.13.2002-21:00:00,03,13,2002,21,22.283
03.14.2002-00:00:00,03,14,2002,00,22.265
03.14.2002-03:00:00,03,14,2002,03,22.247
03.14.2002-06:00:00,03,14,2002,06,22.23
03.14.2002-09:00:00,03,14,2002,09,22.212
03.14.2002-12:00:00,03,14,2002,12,20.637
03.14.2002-15:00:00,03,14,2002,15,22.115
03.14.2002-18:00:00,03,14,2002,18,22.144
03.14.2002-21:00:00,03,14,2002,21,22.127
03.15.2002-00:00:00,03,15,2002,00,22.11
03.15.2002-03:00:00,03,15,2002,03,22.092
03.15.2002-06:00:00,03,15,2002,06,22.074
03.15.2002-09:00:00,03,15,2002,09,22.057
03.15.2002-12:00:00,03,15,2002,12,22.039
03.15.2002-15:00:00,03,15,2002,15,22.022
03.15.2002-18:00:00,03,15,2002,18,22.004
03.15.2002-21:00:00,03,15,2002,21,21.987
03.16.2002-00:00:00,03,16,2002,00,21.969
03.16.2002-03:00:00,03,16,2002,03,21.952
03.16.2002-06:00:00,03,16,2002,06,21.934
03.16.2002-09:00:00,03,16,2002,09,21.916
03.16.2002-12:00:00,03,16,2002,12,21.899
03.16.2002-15:00:00,03,16,2002,15,21.881
03.16.2002-18:00:00,03,16,2002,18,21.864
03.16.2002-21:00:00,03,16,2002,21,21.846
03.17.2002-00:00:00,03,17,2002,00,21.829
03.17.2002-03:00:00,03,17,2002,03,21.811
03.17.2002-06:00:00,03,17,2002,06,21.794
03.17.2002-09:00:00,03,17,2002,09,21.776
03.17.2002-12:00:00,03,17,2002,12,21.759
03.17.2002-15:00:00,03,17,2002,15,21.741
03.17.2002-18:00:00,03,17,2002,18,21.724
03.17.2002-21:00:00,03,17,2002,21,21.706
03.18.2002-00:00:00,03,18,2002,00,21.689
03.18.2002-03:00:00,03,18,2002,03,21.671
03.18.2002-06:00:00,03,18,2002,06,21.654
03.18.2002-09:00:00,03,18,2002,09,21.636
03.18.2002-12:00:00,03,18,2002,12,21.619
03.18.2002-15:00:00,03,18,2002,15,21.601
03.18.2002-18:00:00,03,18,2002,18,21.583
03.18.2002-21:00:00,03,18,2002,21,21.566
03.19.2002-00:00:00,03,19,2002,00,21.548
03.19.2002-03:00:00,03,19,2002,03,21.531
03.19.2002-06:00:00,03,19,2002,06,21.514
03.19.2002-09:00:00,03,19,2002,09,21.496
03.19.2002-12:00:00,03,19,2002,12,21.478
03.19.2002-15:00:00,03,19,2002,15,21.461
03.19.2002-18:00:00,03,19,2002,18,21.444
03.19.2002-21:00:00,03,19,2002,21,21.426
03.20.2002-00:00:00,03,20,2002,00,21.409
03.20.2002-03:00:00,03,20,2002,03,21.391
03.20.2002-06:00:00,03,20,2002,06,21.374
03.20.2002-09:00:00,03,20,2002,09,21.356
03.20.2002-12:00:00,03,20,2002,12,21.339
03.20.2002-15:00:00,03,20,2002,15,21.321
03.20.2002-18:00:00,03,20,2002,18,21.304
03.20.2002-21:00:00,03,20,2002,21,21.286
03.21.2002-00:00:00,03,21,2002,00,21.269
03.21.2002-03:00:00,03,21,2002,03,21.252
03.21.2002-06:00:00,03,21,2002,06,21.234
03.21.2002-09:00:00,03,21,2002,09,21.217
03.21.2002-12:00:00,03,21,2002,12,21.199
03.21.2002-15:00:00,03,21,2002,15,21.182
03.21.2002-18:00:00,03,21,2002,18,21.164
03.21.2002-21:00:00,03,21,2002,21,21.147
03.22.2002-00:00:00,03,22,2002,00,21.13
03.22.2002-03:00:00,03,22,2002,03,21.112
03.22.2002-06:00:00,03,22,2002,06,21.095
03.22.2002-09:00:00,03,22,2002,09,21.078
03.22.2002-12:00:00,03,22,2002,12,19.387
03.22.2002-15:00:00,03,22,2002,15,20.979
03.22.2002-18:00:00,03,22,2002,18,21.012
03.22.2002-21:00:00,03,22,2002,21,20.995
03.23.2002-00:00:00,03,23,2002,00,20.978
03.23.2002-03:00:00,03,23,2002,03,20.961
03.23.2002-06:00:00,03,23,2002,06,20.944
03.23.2002-09:00:00,03,23,2002,09,18.767
03.23.2002-12:00:00,03,23,2002,12,18.67
03.23.2002-15:00:00,03,23,2002,15,19.086
03.23.2002-18:00:00,03,23,2002,18,20.775
03.23.2002-21:00:00,03,23,2002,21,20.81
03.24.2002-00:00:00,03,24,2002,00,20.793
03.24.2002-03:00:00,03,24,2002,03,20.777
03.24.2002-06:00:00,03,24,2002,06,20.76
03.24.2002-09:00:00,03,24,2002,09,18.647
03.24.2002-12:00:00,03,24,2002,12,18.55
03.24.2002-15:00:00,03,24,2002,15,18.548
03.24.2002-18:00:00,03,24,2002,18,19.999
03.24.2002-21:00:00,03,24,2002,21,20.606
03.25.2002-00:00:00,03,25,2002,00,20.607
03.25.2002-03:00:00,03,25,2002,03,20.592
03.25.2002-06:00:00,03,25,2002,06,20.576
03.25.2002-09:00:00,03,25,2002,09,18.53
03.25.2002-12:00:00,03,25,2002,12,18.429
03.25.2002-15:00:00,03,25,2002,15,18.425
03.25.2002-18:00:00,03,25,2002,18,19.088
03.25.2002-21:00:00,03,25,2002,21,20.399
03.26.2002-00:00:00,03,26,2002,00,20.424
03.26.2002-03:00:00,03,26,2002,03,20.409
03.26.2002-06:00:00,03,26,2002,06,20.394
03.26.2002-09:00:00,03,26,2002,09,19.051
03.26.2002-12:00:00,03,26,2002,12,18.641
03.26.2002-15:00:00,03,26,2002,15,19.859
03.26.2002-18:00:00,03,26,2002,18,20.295
03.26.2002-21:00:00,03,26,2002,21,20.292
03.27.2002-00:00:00,03,27,2002,00,20.277
03.27.2002-03:00:00,03,27,2002,03,20.263
03.27.2002-06:00:00,03,27,2002,06,20.248
03.27.2002-09:00:00,03,27,2002,09,19.595
03.27.2002-12:00:00,03,27,2002,12,19.276
03.27.2002-15:00:00,03,27,2002,15,20.167
03.27.2002-18:00:00,03,27,2002,18,20.18
03.27.2002-21:00:00,03,27,2002,21,20.165
03.28.2002-00:00:00,03,28,2002,00,20.15
03.28.2002-03:00:00,03,28,2002,03,20.135
03.28.2002-06:00:00,03,28,2002,06,20.121
03.28.2002-09:00:00,03,28,2002,09,18.233
03.28.2002-12:00:00,03,28,2002,12,18.154
03.28.2002-15:00:00,03,28,2002,15,18.875
03.28.2002-18:00:00,03,28,2002,18,19.989
03.28.2002-21:00:00,03,28,2002,21,20.008
03.29.2002-00:00:00,03,29,2002,00,19.994
03.29.2002-03:00:00,03,29,2002,03,19.979
03.29.2002-06:00:00,03,29,2002,06,19.965
03.29.2002-09:00:00,03,29,2002,09,18.235
03.29.2002-12:00:00,03,29,2002,12,18.057
03.29.2002-15:00:00,03,29,2002,15,18.871
03.29.2002-18:00:00,03,29,2002,18,19.843
03.29.2002-21:00:00,03,29,2002,21,19.858
03.30.2002-00:00:00,03,30,2002,00,19.843
03.30.2002-03:00:00,03,30,2002,03,19.829
03.30.2002-06:00:00,03,30,2002,06,19.815
03.30.2002-09:00:00,03,30,2002,09,18.017
03.30.2002-12:00:00,03,30,2002,12,17.929
03.30.2002-15:00:00,03,30,2002,15,17.922
03.30.2002-18:00:00,03,30,2002,18,18.327
03.30.2002-21:00:00,03,30,2002,21,19.652
03.31.2002-00:00:00,03,31,2002,00,19.679
03.31.2002-03:00:00,03,31,2002,03,19.665
03.31.2002-06:00:00,03,31,2002,06,19.651
03.31.2002-09:00:00,03,31,2002,09,17.919
03.31.2002-12:00:00,03,31,2002,12,17.843
03.31.2002-15:00:00,03,31,2002,15,17.84
03.31.2002-18:00:00,03,31,2002,18,19.48
03.31.2002-21:00:00,03,31,2002,21,19.542
04.01.2002-00:00:00,04,01,2002,00,19.529
04.01.2002-03:00:00,04,01,2002,03,19.516
04.01.2002-06:00:00,04,01,2002,06,19.503
04.01.2002-09:00:00,04,01,2002,09,17.983
04.01.2002-12:00:00,04,01,2002,12,17.762
04.01.2002-15:00:00,04,01,2002,15,18.664
04.01.2002-18:00:00,04,01,2002,18,19.399
04.01.2002-21:00:00,04,01,2002,21,19.408
04.02.2002-00:00:00,04,02,2002,00,19.394
04.02.2002-03:00:00,04,02,2002,03,19.381
04.02.2002-06:00:00,04,02,2002,06,19.367
04.02.2002-09:00:00,04,02,2002,09,18.036
04.02.2002-12:00:00,04,02,2002,12,17.673
04.02.2002-15:00:00,04,02,2002,15,19.198
04.02.2002-18:00:00,04,02,2002,18,19.291
04.02.2002-21:00:00,04,02,2002,21,19.28
04.03.2002-00:00:00,04,03,2002,00,19.266
04.03.2002-03:00:00,04,03,2002,03,19.253
04.03.2002-06:00:00,04,03,2002,06,19.239
04.03.2002-09:00:00,04,03,2002,09,17.62
04.03.2002-12:00:00,04,03,2002,12,17.535
04.03.2002-15:00:00,04,03,2002,15,17.526
04.03.2002-18:00:00,04,03,2002,18,17.536
04.03.2002-21:00:00,04,03,2002,21,18.53
04.04.2002-00:00:00,04,04,2002,00,19.094
04.04.2002-03:00:00,04,04,2002,03,19.098
04.04.2002-06:00:00,04,04,2002,06,19.085
04.04.2002-09:00:00,04,04,2002,09,17.504
04.04.2002-12:00:00,04,04,2002,12,17.405
04.04.2002-15:00:00,04,04,2002,15,17.384
04.04.2002-18:00:00,04,04,2002,18,17.393
04.04.2002-21:00:00,04,04,2002,21,17.403
04.05.2002-00:00:00,04,05,2002,00,17.413
04.05.2002-03:00:00,04,05,2002,03,18.497
04.05.2002-06:00:00,04,05,2002,06,18.904
04.05.2002-09:00:00,04,05,2002,09,17.409
04.05.2002-12:00:00,04,05,2002,12,17.324
04.05.2002-15:00:00,04,05,2002,15,17.309
04.05.2002-18:00:00,04,05,2002,18,17.317
04.05.2002-21:00:00,04,05,2002,21,17.327
04.06.2002-00:00:00,04,06,2002,00,18.498
04.06.2002-03:00:00,04,06,2002,03,18.769
04.06.2002-06:00:00,04,06,2002,06,18.764
04.06.2002-09:00:00,04,06,2002,09,17.313
04.06.2002-12:00:00,04,06,2002,12,17.235
04.06.2002-15:00:00,04,06,2002,15,17.221
04.06.2002-18:00:00,04,06,2002,18,17.229
04.06.2002-21:00:00,04,06,2002,21,17.476
04.07.2002-00:00:00,04,07,2002,00,18.608
04.07.2002-03:00:00,04,07,2002,03,18.631
04.07.2002-06:00:00,04,07,2002,06,18.619
04.07.2002-09:00:00,04,07,2002,09,17.224
04.07.2002-12:00:00,04,07,2002,12,17.151
04.07.2002-15:00:00,04,07,2002,15,17.141
04.07.2002-18:00:00,04,07,2002,18,17.149
04.07.2002-21:00:00,04,07,2002,21,18.175
04.08.2002-00:00:00,04,08,2002,00,18.5
04.08.2002-03:00:00,04,08,2002,03,18.497
04.08.2002-06:00:00,04,08,2002,06,18.486
04.08.2002-09:00:00,04,08,2002,09,17.12
04.08.2002-12:00:00,04,08,2002,12,17.037
04.08.2002-15:00:00,04,08,2002,15,17.02
04.08.2002-18:00:00,04,08,2002,18,17.027
04.08.2002-21:00:00,04,08,2002,21,17.035
04.09.2002-00:00:00,04,09,2002,00,17.317
04.09.2002-03:00:00,04,09,2002,03,18.321
04.09.2002-06:00:00,04,09,2002,06,18.341
04.09.2002-09:00:00,04,09,2002,09,17.042
04.09.2002-12:00:00,04,09,2002,12,16.983
04.09.2002-15:00:00,04,09,2002,15,16.976
04.09.2002-18:00:00,04,09,2002,18,17.788
04.09.2002-21:00:00,04,09,2002,21,18.24
04.10.2002-00:00:00,04,10,2002,00,18.242
04.10.2002-03:00:00,04,10,2002,03,18.23
04.10.2002-06:00:00,04,10,2002,06,18.219
04.10.2002-09:00:00,04,10,2002,09,16.919
04.10.2002-12:00:00,04,10,2002,12,16.821
04.10.2002-15:00:00,04,10,2002,15,16.798
04.10.2002-18:00:00,04,10,2002,18,16.803
04.10.2002-21:00:00,04,10,2002,21,16.811
04.11.2002-00:00:00,04,11,2002,00,16.818
04.11.2002-03:00:00,04,11,2002,03,16.824
04.11.2002-06:00:00,04,11,2002,06,16.821
04.11.2002-09:00:00,04,11,2002,09,16.773
04.11.2002-12:00:00,04,11,2002,12,16.719
04.11.2002-15:00:00,04,11,2002,15,16.696
04.11.2002-18:00:00,04,11,2002,18,16.701
04.11.2002-21:00:00,04,11,2002,21,16.708
04.12.2002-00:00:00,04,12,2002,00,16.714
04.12.2002-03:00:00,04,12,2002,03,16.72
04.12.2002-06:00:00,04,12,2002,06,16.726
04.12.2002-09:00:00,04,12,2002,09,16.671
04.12.2002-12:00:00,04,12,2002,12,16.608
04.12.2002-15:00:00,04,12,2002,15,16.581
04.12.2002-18:00:00,04,12,2002,18,16.586
04.12.2002-21:00:00,04,12,2002,21,16.592
04.13.2002-00:00:00,04,13,2002,00,16.598
04.13.2002-03:00:00,04,13,2002,03,16.604
04.13.2002-06:00:00,04,13,2002,06,16.599
04.13.2002-09:00:00,04,13,2002,09,16.548
04.13.2002-12:00:00,04,13,2002,12,16.492
04.13.2002-15:00:00,04,13,2002,15,16.472
04.13.2002-18:00:00,04,13,2002,18,16.477
04.13.2002-21:00:00,04,13,2002,21,16.483
04.14.2002-00:00:00,04,14,2002,00,16.489
04.14.2002-03:00:00,04,14,2002,03,16.494
04.14.2002-06:00:00,04,14,2002,06,16.499
04.14.2002-09:00:00,04,14,2002,09,16.441
04.14.2002-12:00:00,04,14,2002,12,16.381
04.14.2002-15:00:00,04,14,2002,15,16.356
04.14.2002-18:00:00,04,14,2002,18,16.361
04.14.2002-21:00:00,04,14,2002,21,16.366
04.15.2002-00:00:00,04,15,2002,00,16.371
04.15.2002-03:00:00,04,15,2002,03,16.376
04.15.2002-06:00:00,04,15,2002,06,16.381
04.15.2002-09:00:00,04,15,2002,09,16.364
04.15.2002-12:00:00,04,15,2002,12,16.343
04.15.2002-15:00:00,04,15,2002,15,16.338
04.15.2002-18:00:00,04,15,2002,18,16.342
04.15.2002-21:00:00,04,15,2002,21,16.346
04.16.2002-00:00:00,04,16,2002,00,16.351
04.16.2002-03:00:00,04,16,2002,03,16.355
04.16.2002-06:00:00,04,16,2002,06,16.359
04.16.2002-09:00:00,04,16,2002,09,16.339
04.16.2002-12:00:00,04,16,2002,12,16.314
04.16.2002-15:00:00,04,16,2002,15,16.306
04.16.2002-18:00:00,04,16,2002,18,16.309
04.16.2002-21:00:00,04,16,2002,21,16.313
04.17.2002-00:00:00,04,17,2002,00,16.428
04.17.2002-03:00:00,04,17,2002,03,17.217
04.17.2002-06:00:00,04,17,2002,06,17.231
04.17.2002-09:00:00,04,17,2002,09,16.284
04.17.2002-12:00:00,04,17,2002,12,16.209
04.17.2002-15:00:00,04,17,2002,15,16.189
04.17.2002-18:00:00,04,17,2002,18,16.192
04.17.2002-21:00:00,04,17,2002,21,16.195
04.18.2002-00:00:00,04,18,2002,00,16.199
04.18.2002-03:00:00,04,18,2002,03,16.202
04.18.2002-06:00:00,04,18,2002,06,16.205
04.18.2002-09:00:00,04,18,2002,09,16.147
04.18.2002-12:00:00,04,18,2002,12,16.08
04.18.2002-15:00:00,04,18,2002,15,16.05
04.18.2002-18:00:00,04,18,2002,18,16.052
04.18.2002-21:00:00,04,18,2002,21,16.055
04.19.2002-00:00:00,04,19,2002,00,16.059
04.19.2002-03:00:00,04,19,2002,03,16.062
04.19.2002-06:00:00,04,19,2002,06,16.065
04.19.2002-09:00:00,04,19,2002,09,15.998
04.19.2002-12:00:00,04,19,2002,12,15.923
04.19.2002-15:00:00,04,19,2002,15,15.886
04.19.2002-18:00:00,04,19,2002,18,15.887
04.19.2002-21:00:00,04,19,2002,21,15.891
04.20.2002-00:00:00,04,20,2002,00,15.894
04.20.2002-03:00:00,04,20,2002,03,15.897
04.20.2002-06:00:00,04,20,2002,06,15.886
04.20.2002-09:00:00,04,20,2002,09,15.819
04.20.2002-12:00:00,04,20,2002,12,15.744
04.20.2002-15:00:00,04,20,2002,15,15.707
04.20.2002-18:00:00,04,20,2002,18,15.708
04.20.2002-21:00:00,04,20,2002,21,15.711
04.21.2002-00:00:00,04,21,2002,00,15.715
04.21.2002-03:00:00,04,21,2002,03,15.718
04.21.2002-06:00:00,04,21,2002,06,15.709
04.21.2002-09:00:00,04,21,2002,09,15.679
04.21.2002-12:00:00,04,21,2002,12,15.646
04.21.2002-15:00:00,04,21,2002,15,15.628
04.21.2002-18:00:00,04,21,2002,18,15.629
04.21.2002-21:00:00,04,21,2002,21,15.633
04.22.2002-00:00:00,04,22,2002,00,15.636
04.22.2002-03:00:00,04,22,2002,03,15.639
04.22.2002-06:00:00,04,22,2002,06,15.627
04.22.2002-09:00:00,04,22,2002,09,15.579
04.22.2002-12:00:00,04,22,2002,12,15.526
04.22.2002-15:00:00,04,22,2002,15,15.497
04.22.2002-18:00:00,04,22,2002,18,15.498
04.22.2002-21:00:00,04,22,2002,21,15.501
04.23.2002-00:00:00,04,23,2002,00,15.504
04.23.2002-03:00:00,04,23,2002,03,15.508
04.23.2002-06:00:00,04,23,2002,06,15.511
04.23.2002-09:00:00,04,23,2002,09,15.479
04.23.2002-12:00:00,04,23,2002,12,15.441
04.23.2002-15:00:00,04,23,2002,15,15.425
04.23.2002-18:00:00,04,23,2002,18,15.427
04.23.2002-21:00:00,04,23,2002,21,15.43
04.24.2002-00:00:00,04,24,2002,00,15.433
04.24.2002-03:00:00,04,24,2002,03,15.436
04.24.2002-06:00:00,04,24,2002,06,15.439
04.24.2002-09:00:00,04,24,2002,09,15.391
04.24.2002-12:00:00,04,24,2002,12,15.336
04.24.2002-15:00:00,04,24,2002,15,15.313
04.24.2002-18:00:00,04,24,2002,18,15.315
04.24.2002-21:00:00,04,24,2002,21,15.318
04.25.2002-00:00:00,04,25,2002,00,15.32
04.25.2002-03:00:00,04,25,2002,03,15.323
04.25.2002-06:00:00,04,25,2002,06,15.326
04.25.2002-09:00:00,04,25,2002,09,15.271
04.25.2002-12:00:00,04,25,2002,12,15.21
04.25.2002-15:00:00,04,25,2002,15,15.179
04.25.2002-18:00:00,04,25,2002,18,15.179
04.25.2002-21:00:00,04,25,2002,21,15.182
04.26.2002-00:00:00,04,26,2002,00,15.184
04.26.2002-03:00:00,04,26,2002,03,15.187
04.26.2002-06:00:00,04,26,2002,06,15.19
04.26.2002-09:00:00,04,26,2002,09,15.14
04.26.2002-12:00:00,04,26,2002,12,15.084
04.26.2002-15:00:00,04,26,2002,15,15.056
04.26.2002-18:00:00,04,26,2002,18,15.056
04.26.2002-21:00:00,04,26,2002,21,15.059
04.27.2002-00:00:00,04,27,2002,00,15.062
04.27.2002-03:00:00,04,27,2002,03,15.065
04.27.2002-06:00:00,04,27,2002,06,15.05
04.27.2002-09:00:00,04,27,2002,09,14.991
04.27.2002-12:00:00,04,27,2002,12,14.926
04.27.2002-15:00:00,04,27,2002,15,14.893
04.27.2002-18:00:00,04,27,2002,18,14.892
04.27.2002-21:00:00,04,27,2002,21,14.896
04.28.2002-00:00:00,04,28,2002,00,14.899
04.28.2002-03:00:00,04,28,2002,03,14.901
04.28.2002-06:00:00,04,28,2002,06,14.904
04.28.2002-09:00:00,04,28,2002,09,14.833
04.28.2002-12:00:00,04,28,2002,12,14.754
04.28.2002-15:00:00,04,28,2002,15,14.713
04.28.2002-18:00:00,04,28,2002,18,14.713
04.28.2002-21:00:00,04,28,2002,21,14.716
04.29.2002-00:00:00,04,29,2002,00,14.719
04.29.2002-03:00:00,04,29,2002,03,14.722
04.29.2002-06:00:00,04,29,2002,06,14.707
04.29.2002-09:00:00,04,29,2002,09,14.631
04.29.2002-12:00:00,04,29,2002,12,14.554
04.29.2002-15:00:00,04,29,2002,15,14.509
04.29.2002-18:00:00,04,29,2002,18,14.508
04.29.2002-21:00:00,04,29,2002,21,14.512
04.30.2002-00:00:00,04,30,2002,00,14.515
04.30.2002-03:00:00,04,30,2002,03,14.519
04.30.2002-06:00:00,04,30,2002,06,14.491
04.30.2002-09:00:00,04,30,2002,09,14.415
04.30.2002-12:00:00,04,30,2002,12,14.335
04.30.2002-15:00:00,04,30,2002,15,14.286
04.30.2002-18:00:00,04,30,2002,18,14.284
04.30.2002-21:00:00,04,30,2002,21,14.289
05.01.2002-00:00:00,05,01,2002,00,14.293
05.01.2002-03:00:00,05,01,2002,03,14.298
05.01.2002-06:00:00,05,01,2002,06,14.279
05.01.2002-09:00:00,05,01,2002,09,14.207
05.01.2002-12:00:00,05,01,2002,12,14.129
05.01.2002-15:00:00,05,01,2002,15,14.084
05.01.2002-18:00:00,05,01,2002,18,14.077
05.01.2002-21:00:00,05,01,2002,21,14.082
05.02.2002-00:00:00,05,02,2002,00,14.087
05.02.2002-03:00:00,05,02,2002,03,14.091
05.02.2002-06:00:00,05,02,2002,06,14.069
05.02.2002-09:00:00,05,02,2002,09,14.003
05.02.2002-12:00:00,05,02,2002,12,14.341
05.02.2002-15:00:00,05,02,2002,15,14.582
05.02.2002-18:00:00,05,02,2002,18,14.602
05.02.2002-21:00:00,05,02,2002,21,14.639
05.03.2002-00:00:00,05,03,2002,00,14.672
05.03.2002-03:00:00,05,03,2002,03,14.694
05.03.2002-06:00:00,05,03,2002,06,14.708
05.03.2002-09:00:00,05,03,2002,09,14.666
05.03.2002-12:00:00,05,03,2002,12,14.668
05.03.2002-15:00:00,05,03,2002,15,14.812
05.03.2002-18:00:00,05,03,2002,18,14.905
05.03.2002-21:00:00,05,03,2002,21,14.929
05.04.2002-00:00:00,05,04,2002,00,14.952
05.04.2002-03:00:00,05,04,2002,03,14.972
05.04.2002-06:00:00,05,04,2002,06,14.987
05.04.2002-09:00:00,05,04,2002,09,14.949
05.04.2002-12:00:00,05,04,2002,12,14.904
05.04.2002-15:00:00,05,04,2002,15,14.88
05.04.2002-18:00:00,05,04,2002,18,14.876
05.04.2002-21:00:00,05,04,2002,21,14.873
05.05.2002-00:00:00,05,05,2002,00,14.87
05.05.2002-03:00:00,05,05,2002,03,14.868
05.05.2002-06:00:00,05,05,2002,06,14.865
05.05.2002-09:00:00,05,05,2002,09,14.825
05.05.2002-12:00:00,05,05,2002,12,14.779
05.05.2002-15:00:00,05,05,2002,15,14.789
05.05.2002-18:00:00,05,05,2002,18,14.828
05.05.2002-21:00:00,05,05,2002,21,14.861
05.06.2002-00:00:00,05,06,2002,00,14.858
05.06.2002-03:00:00,05,06,2002,03,14.855
05.06.2002-06:00:00,05,06,2002,06,14.852
05.06.2002-09:00:00,05,06,2002,09,14.821
05.06.2002-12:00:00,05,06,2002,12,14.784
05.06.2002-15:00:00,05,06,2002,15,14.764
05.06.2002-18:00:00,05,06,2002,18,14.761
05.06.2002-21:00:00,05,06,2002,21,14.759
05.07.2002-00:00:00,05,07,2002,00,14.756
05.07.2002-03:00:00,05,07,2002,03,14.753
05.07.2002-06:00:00,05,07,2002,06,14.751
05.07.2002-09:00:00,05,07,2002,09,14.715
05.07.2002-12:00:00,05,07,2002,12,14.674
05.07.2002-15:00:00,05,07,2002,15,14.653
05.07.2002-18:00:00,05,07,2002,18,14.65
05.07.2002-21:00:00,05,07,2002,21,14.648
05.08.2002-00:00:00,05,08,2002,00,14.646
05.08.2002-03:00:00,05,08,2002,03,14.644
05.08.2002-06:00:00,05,08,2002,06,14.642
05.08.2002-09:00:00,05,08,2002,09,14.599
05.08.2002-12:00:00,05,08,2002,12,14.55
05.08.2002-15:00:00,05,08,2002,15,14.55
05.08.2002-18:00:00,05,08,2002,18,14.578
05.08.2002-21:00:00,05,08,2002,21,14.596
05.09.2002-00:00:00,05,09,2002,00,14.595
05.09.2002-03:00:00,05,09,2002,03,14.593
05.09.2002-06:00:00,05,09,2002,06,14.591
05.09.2002-09:00:00,05,09,2002,09,14.535
05.09.2002-12:00:00,05,09,2002,12,14.472
05.09.2002-15:00:00,05,09,2002,15,14.438
05.09.2002-18:00:00,05,09,2002,18,14.436
05.09.2002-21:00:00,05,09,2002,21,14.435
05.10.2002-00:00:00,05,10,2002,00,14.433
05.10.2002-03:00:00,05,10,2002,03,14.432
05.10.2002-06:00:00,05,10,2002,06,14.431
05.10.2002-09:00:00,05,10,2002,09,14.36
05.10.2002-12:00:00,05,10,2002,12,14.28
05.10.2002-15:00:00,05,10,2002,15,14.235
05.10.2002-18:00:00,05,10,2002,18,14.225
05.10.2002-21:00:00,05,10,2002,21,14.225
05.11.2002-00:00:00,05,11,2002,00,14.224
05.11.2002-03:00:00,05,11,2002,03,14.224
05.11.2002-06:00:00,05,11,2002,06,14.195
05.11.2002-09:00:00,05,11,2002,09,14.105
05.11.2002-12:00:00,05,11,2002,12,14.366
05.11.2002-15:00:00,05,11,2002,15,14.701
05.11.2002-18:00:00,05,11,2002,18,14.778
05.11.2002-21:00:00,05,11,2002,21,14.837
05.12.2002-00:00:00,05,12,2002,00,14.877
05.12.2002-03:00:00,05,12,2002,03,14.886
05.12.2002-06:00:00,05,12,2002,06,14.871
05.12.2002-09:00:00,05,12,2002,09,14.831
05.12.2002-12:00:00,05,12,2002,12,15.453
05.12.2002-15:00:00,05,12,2002,15,15.97
05.12.2002-18:00:00,05,12,2002,18,16.156
05.12.2002-21:00:00,05,12,2002,21,16.266
05.13.2002-00:00:00,05,13,2002,00,16.311
05.13.2002-03:00:00,05,13,2002,03,16.343
05.13.2002-06:00:00,05,13,2002,06,16.335
05.13.2002-09:00:00,05,13,2002,09,16.653
05.13.2002-12:00:00,05,13,2002,12,39.869
05.13.2002-15:00:00,05,13,2002,15,49.636
05.13.2002-18:00:00,05,13,2002,18,19.529
05.13.2002-21:00:00,05,13,2002,21,19.309
05.14.2002-00:00:00,05,14,2002,00,19.381
05.14.2002-03:00:00,05,14,2002,03,19.406
05.14.2002-06:00:00,05,14,2002,06,19.405
05.14.2002-09:00:00,05,14,2002,09,19.363
05.14.2002-12:00:00,05,14,2002,12,43.649
05.14.2002-15:00:00,05,14,2002,15,38.519
05.14.2002-18:00:00,05,14,2002,18,20.549
05.14.2002-21:00:00,05,14,2002,21,20.27
05.15.2002-00:00:00,05,15,2002,00,20.503
05.15.2002-03:00:00,05,15,2002,03,20.691
05.15.2002-06:00:00,05,15,2002,06,20.813
05.15.2002-09:00:00,05,15,2002,09,20.808
05.15.2002-12:00:00,05,15,2002,12,20.92
05.15.2002-15:00:00,05,15,2002,15,35.818
05.15.2002-18:00:00,05,15,2002,18,21.664
05.15.2002-21:00:00,05,15,2002,21,21.337
05.16.2002-00:00:00,05,16,2002,00,21.457
05.16.2002-03:00:00,05,16,2002,03,21.562
05.16.2002-06:00:00,05,16,2002,06,21.592
05.16.2002-09:00:00,05,16,2002,09,21.514
05.16.2002-12:00:00,05,16,2002,12,34.215
05.16.2002-15:00:00,05,16,2002,15,52.771
05.16.2002-18:00:00,05,16,2002,18,23.265
05.16.2002-21:00:00,05,16,2002,21,22.612
05.17.2002-00:00:00,05,17,2002,00,22.858
05.17.2002-03:00:00,05,17,2002,03,23.062
05.17.2002-06:00:00,05,17,2002,06,23.787
05.17.2002-09:00:00,05,17,2002,09,100.59
05.17.2002-12:00:00,05,17,2002,12,114.52
05.17.2002-15:00:00,05,17,2002,15,72.935
05.17.2002-18:00:00,05,17,2002,18,37.002
05.17.2002-21:00:00,05,17,2002,21,30.046
05.18.2002-00:00:00,05,18,2002,00,29.725
05.18.2002-03:00:00,05,18,2002,03,29.839
05.18.2002-06:00:00,05,18,2002,06,28.533
05.18.2002-09:00:00,05,18,2002,09,84.354
05.18.2002-12:00:00,05,18,2002,12,114.86
05.18.2002-15:00:00,05,18,2002,15,72.572
05.18.2002-18:00:00,05,18,2002,18,35.465
05.18.2002-21:00:00,05,18,2002,21,35.434
05.19.2002-00:00:00,05,19,2002,00,35.847
05.19.2002-03:00:00,05,19,2002,03,35.973
05.19.2002-06:00:00,05,19,2002,06,33.965
05.19.2002-09:00:00,05,19,2002,09,87.113
05.19.2002-12:00:00,05,19,2002,12,114.63
05.19.2002-15:00:00,05,19,2002,15,83.482
05.19.2002-18:00:00,05,19,2002,18,50.614
05.19.2002-21:00:00,05,19,2002,21,45.068
05.20.2002-00:00:00,05,20,2002,00,67.579
05.20.2002-03:00:00,05,20,2002,03,74.673
05.20.2002-06:00:00,05,20,2002,06,133.69
05.20.2002-09:00:00,05,20,2002,09,220.32
05.20.2002-12:00:00,05,20,2002,12,247.69
05.20.2002-15:00:00,05,20,2002,15,234.63
05.20.2002-18:00:00,05,20,2002,18,159.83
05.20.2002-21:00:00,05,20,2002,21,140.6
05.21.2002-00:00:00,05,21,2002,00,125.56
05.21.2002-03:00:00,05,21,2002,03,119.74
05.21.2002-06:00:00,05,21,2002,06,140.79
05.21.2002-09:00:00,05,21,2002,09,185.52
05.21.2002-12:00:00,05,21,2002,12,222.94
05.21.2002-15:00:00,05,21,2002,15,208.99
05.21.2002-18:00:00,05,21,2002,18,184.4
05.21.2002-21:00:00,05,21,2002,21,228.32
05.22.2002-00:00:00,05,22,2002,00,188.25
05.22.2002-03:00:00,05,22,2002,03,186.3
05.22.2002-06:00:00,05,22,2002,06,203.66
05.22.2002-09:00:00,05,22,2002,09,244.14
05.22.2002-12:00:00,05,22,2002,12,256.83
05.22.2002-15:00:00,05,22,2002,15,249.11
05.22.2002-18:00:00,05,22,2002,18,223.12
05.22.2002-21:00:00,05,22,2002,21,210.7
05.23.2002-00:00:00,05,23,2002,00,174.43
05.23.2002-03:00:00,05,23,2002,03,167.14
05.23.2002-06:00:00,05,23,2002,06,190.89
05.23.2002-09:00:00,05,23,2002,09,387.28
05.23.2002-12:00:00,05,23,2002,12,475.76
05.23.2002-15:00:00,05,23,2002,15,388.59
05.23.2002-18:00:00,05,23,2002,18,262.75
05.23.2002-21:00:00,05,23,2002,21,223.16
05.24.2002-00:00:00,05,24,2002,00,206.51
05.24.2002-03:00:00,05,24,2002,03,212.47
05.24.2002-06:00:00,05,24,2002,06,198.88
05.24.2002-09:00:00,05,24,2002,09,217.21
05.24.2002-12:00:00,05,24,2002,12,513.32
05.24.2002-15:00:00,05,24,2002,15,471.35
05.24.2002-18:00:00,05,24,2002,18,303.33
05.24.2002-21:00:00,05,24,2002,21,266.89
05.25.2002-00:00:00,05,25,2002,00,266.98
05.25.2002-03:00:00,05,25,2002,03,257.26
05.25.2002-06:00:00,05,25,2002,06,284.84
05.25.2002-09:00:00,05,25,2002,09,559.17
05.25.2002-12:00:00,05,25,2002,12,638.71
05.25.2002-15:00:00,05,25,2002,15,550.73
05.25.2002-18:00:00,05,25,2002,18,445.63
05.25.2002-21:00:00,05,25,2002,21,406.53
05.26.2002-00:00:00,05,26,2002,00,330.41
05.26.2002-03:00:00,05,26,2002,03,319.38
05.26.2002-06:00:00,05,26,2002,06,287.94
05.26.2002-09:00:00,05,26,2002,09,578.58
05.26.2002-12:00:00,05,26,2002,12,798.14
05.26.2002-15:00:00,05,26,2002,15,717.02
05.26.2002-18:00:00,05,26,2002,18,598.08
05.26.2002-21:00:00,05,26,2002,21,496.4
05.27.2002-00:00:00,05,27,2002,00,408.87
05.27.2002-03:00:00,05,27,2002,03,370.39
05.27.2002-06:00:00,05,27,2002,06,371.48
05.27.2002-09:00:00,05,27,2002,09,739.73
05.27.2002-12:00:00,05,27,2002,12,931.81
05.27.2002-15:00:00,05,27,2002,15,897.91
05.27.2002-18:00:00,05,27,2002,18,787.18
05.27.2002-21:00:00,05,27,2002,21,609.62
05.28.2002-00:00:00,05,28,2002,00,564.1
05.28.2002-03:00:00,05,28,2002,03,499.02
05.28.2002-06:00:00,05,28,2002,06,664.23
05.28.2002-09:00:00,05,28,2002,09,949.18
05.28.2002-12:00:00,05,28,2002,12,1162.2
05.28.2002-15:00:00,05,28,2002,15,1176.8
05.28.2002-18:00:00,05,28,2002,18,998.82
05.28.2002-21:00:00,05,28,2002,21,916.65
05.29.2002-00:00:00,05,29,2002,00,725.79
05.29.2002-03:00:00,05,29,2002,03,654.35
05.29.2002-06:00:00,05,29,2002,06,723.18
05.29.2002-09:00:00,05,29,2002,09,1036.8
05.29.2002-12:00:00,05,29,2002,12,1256.6
05.29.2002-15:00:00,05,29,2002,15,1332.6
05.29.2002-18:00:00,05,29,2002,18,1156.2
05.29.2002-21:00:00,05,29,2002,21,1094.6
05.30.2002-00:00:00,05,30,2002,00,820.82
05.30.2002-03:00:00,05,30,2002,03,790.12
05.30.2002-06:00:00,05,30,2002,06,726.25
05.30.2002-09:00:00,05,30,2002,09,1108.7
05.30.2002-12:00:00,05,30,2002,12,1398.2
05.30.2002-15:00:00,05,30,2002,15,1613.7
05.30.2002-18:00:00,05,30,2002,18,1443.1
05.30.2002-21:00:00,05,30,2002,21,1176.4
05.31.2002-00:00:00,05,31,2002,00,991.24
05.31.2002-03:00:00,05,31,2002,03,905.76
05.31.2002-06:00:00,05,31,2002,06,927.34
05.31.2002-09:00:00,05,31,2002,09,1208.8
05.31.2002-12:00:00,05,31,2002,12,1537.6
05.31.2002-15:00:00,05,31,2002,15,1602
05.31.2002-18:00:00,05,31,2002,18,1522.8
05.31.2002-21:00:00,05,31,2002,21,1278.3
06.01.2002-00:00:00,06,01,2002,00,1194.1
06.01.2002-03:00:00,06,01,2002,03,1065.6
06.01.2002-06:00:00,06,01,2002,06,1170.4
06.01.2002-09:00:00,06,01,2002,09,1512.1
06.01.2002-12:00:00,06,01,2002,12,1958.3
06.01.2002-15:00:00,06,01,2002,15,2036.2
06.01.2002-18:00:00,06,01,2002,18,1940.5
06.01.2002-21:00:00,06,01,2002,21,1705.4
06.02.2002-00:00:00,06,02,2002,00,1568.1
06.02.2002-03:00:00,06,02,2002,03,1447
06.02.2002-06:00:00,06,02,2002,06,1511.6
06.02.2002-09:00:00,06,02,2002,09,1836.3
06.02.2002-12:00:00,06,02,2002,12,2323.3
06.02.2002-15:00:00,06,02,2002,15,2338.8
06.02.2002-18:00:00,06,02,2002,18,2382.3
06.02.2002-21:00:00,06,02,2002,21,2097.2
06.03.2002-00:00:00,06,03,2002,00,1937.9
06.03.2002-03:00:00,06,03,2002,03,1684.9
06.03.2002-06:00:00,06,03,2002,06,1687.7
06.03.2002-09:00:00,06,03,2002,09,1934.8
06.03.2002-12:00:00,06,03,2002,12,2361.1
06.03.2002-15:00:00,06,03,2002,15,2494.8
06.03.2002-18:00:00,06,03,2002,18,2723.3
06.03.2002-21:00:00,06,03,2002,21,2362.4
06.04.2002-00:00:00,06,04,2002,00,2300.5
06.04.2002-03:00:00,06,04,2002,03,2048.5
06.04.2002-06:00:00,06,04,2002,06,2209.1
06.04.2002-09:00:00,06,04,2002,09,2425.5
06.04.2002-12:00:00,06,04,2002,12,2893.1
06.04.2002-15:00:00,06,04,2002,15,3121.5
06.04.2002-18:00:00,06,04,2002,18,3198.3
06.04.2002-21:00:00,06,04,2002,21,3135.7
06.05.2002-00:00:00,06,05,2002,00,2984.5
06.05.2002-03:00:00,06,05,2002,03,2772.6
06.05.2002-06:00:00,06,05,2002,06,2674.7
06.05.2002-09:00:00,06,05,2002,09,2930.1
06.05.2002-12:00:00,06,05,2002,12,3193.6
06.05.2002-15:00:00,06,05,2002,15,3544.9
06.05.2002-18:00:00,06,05,2002,18,3658
06.05.2002-21:00:00,06,05,2002,21,3436.6
06.06.2002-00:00:00,06,06,2002,00,3263.1
06.06.2002-03:00:00,06,06,2002,03,2911.3
06.06.2002-06:00:00,06,06,2002,06,2878.9
06.06.2002-09:00:00,06,06,2002,09,2688.3
06.06.2002-12:00:00,06,06,2002,12,2964.9
06.06.2002-15:00:00,06,06,2002,15,2852
06.06.2002-18:00:00,06,06,2002,18,3005.3
06.06.2002-21:00:00,06,06,2002,21,2663.1
06.07.2002-00:00:00,06,07,2002,00,2491
06.07.2002-03:00:00,06,07,2002,03,2252.3
06.07.2002-06:00:00,06,07,2002,06,2159.8
06.07.2002-09:00:00,06,07,2002,09,1815.2
06.07.2002-12:00:00,06,07,2002,12,2065.2
06.07.2002-15:00:00,06,07,2002,15,1951.6
06.07.2002-18:00:00,06,07,2002,18,1927.1
06.07.2002-21:00:00,06,07,2002,21,1667
06.08.2002-00:00:00,06,08,2002,00,1641.6
06.08.2002-03:00:00,06,08,2002,03,1431.2
06.08.2002-06:00:00,06,08,2002,06,1417.2
06.08.2002-09:00:00,06,08,2002,09,1246.5
06.08.2002-12:00:00,06,08,2002,12,1203.1
06.08.2002-15:00:00,06,08,2002,15,1239.4
06.08.2002-18:00:00,06,08,2002,18,1163.6
06.08.2002-21:00:00,06,08,2002,21,1128.1
06.09.2002-00:00:00,06,09,2002,00,1092.5
06.09.2002-03:00:00,06,09,2002,03,1027.7
06.09.2002-06:00:00,06,09,2002,06,1017.6
06.09.2002-09:00:00,06,09,2002,09,1348.8
06.09.2002-12:00:00,06,09,2002,12,1760.4
06.09.2002-15:00:00,06,09,2002,15,2010.1
06.09.2002-18:00:00,06,09,2002,18,2071.2
06.09.2002-21:00:00,06,09,2002,21,1904.4
06.10.2002-00:00:00,06,10,2002,00,1848.8
06.10.2002-03:00:00,06,10,2002,03,1626.4
06.10.2002-06:00:00,06,10,2002,06,1647.1
06.10.2002-09:00:00,06,10,2002,09,1972
06.10.2002-12:00:00,06,10,2002,12,2571.1
06.10.2002-15:00:00,06,10,2002,15,2781.6
06.10.2002-18:00:00,06,10,2002,18,2970.1
06.10.2002-21:00:00,06,10,2002,21,2973
06.11.2002-00:00:00,06,11,2002,00,2871.9
06.11.2002-03:00:00,06,11,2002,03,2617.9
06.11.2002-06:00:00,06,11,2002,06,2452.4
06.11.2002-09:00:00,06,11,2002,09,2454.4
06.11.2002-12:00:00,06,11,2002,12,2730.3
06.11.2002-15:00:00,06,11,2002,15,2852.9
06.11.2002-18:00:00,06,11,2002,18,2991
06.11.2002-21:00:00,06,11,2002,21,2811.3
06.12.2002-00:00:00,06,12,2002,00,2772.6
06.12.2002-03:00:00,06,12,2002,03,2416
06.12.2002-06:00:00,06,12,2002,06,2388.2
06.12.2002-09:00:00,06,12,2002,09,2461.9
06.12.2002-12:00:00,06,12,2002,12,2836.7
06.12.2002-15:00:00,06,12,2002,15,3259.7
06.12.2002-18:00:00,06,12,2002,18,3591.7
06.12.2002-21:00:00,06,12,2002,21,3358.4
06.13.2002-00:00:00,06,13,2002,00,3381.9
06.13.2002-03:00:00,06,13,2002,03,3068.4
06.13.2002-06:00:00,06,13,2002,06,2930.4
06.13.2002-09:00:00,06,13,2002,09,2799.4
06.13.2002-12:00:00,06,13,2002,12,3227.4
06.13.2002-15:00:00,06,13,2002,15,3485.7
06.13.2002-18:00:00,06,13,2002,18,3665.7
06.13.2002-21:00:00,06,13,2002,21,3610.4
06.14.2002-00:00:00,06,14,2002,00,3465.1
06.14.2002-03:00:00,06,14,2002,03,3388.6
06.14.2002-06:00:00,06,14,2002,06,3111.6
06.14.2002-09:00:00,06,14,2002,09,3032.3
06.14.2002-12:00:00,06,14,2002,12,3276.3
06.14.2002-15:00:00,06,14,2002,15,3497.1
06.14.2002-18:00:00,06,14,2002,18,3756.7
06.14.2002-21:00:00,06,14,2002,21,3756.4
06.15.2002-00:00:00,06,15,2002,00,3910.1
06.15.2002-03:00:00,06,15,2002,03,3732.8
06.15.2002-06:00:00,06,15,2002,06,3563.4
06.15.2002-09:00:00,06,15,2002,09,3396.8
06.15.2002-12:00:00,06,15,2002,12,3658.6
06.15.2002-15:00:00,06,15,2002,15,3825.5
06.15.2002-18:00:00,06,15,2002,18,4075.2
06.15.2002-21:00:00,06,15,2002,21,4323.4
06.16.2002-00:00:00,06,16,2002,00,4194.1
06.16.2002-03:00:00,06,16,2002,03,4038.7
06.16.2002-06:00:00,06,16,2002,06,3605.7
06.16.2002-09:00:00,06,16,2002,09,3434.7
06.16.2002-12:00:00,06,16,2002,12,3436.4
06.16.2002-15:00:00,06,16,2002,15,3581.8
06.16.2002-18:00:00,06,16,2002,18,3645.3
06.16.2002-21:00:00,06,16,2002,21,3639.8
06.17.2002-00:00:00,06,17,2002,00,3731.5
06.17.2002-03:00:00,06,17,2002,03,3261.9
06.17.2002-06:00:00,06,17,2002,06,3131.3
06.17.2002-09:00:00,06,17,2002,09,2968
06.17.2002-12:00:00,06,17,2002,12,2723.4
06.17.2002-15:00:00,06,17,2002,15,2722.8
06.17.2002-18:00:00,06,17,2002,18,2600.8
06.17.2002-21:00:00,06,17,2002,21,2550.7
06.18.2002-00:00:00,06,18,2002,00,2471.7
06.18.2002-03:00:00,06,18,2002,03,2402.9
06.18.2002-06:00:00,06,18,2002,06,2233.2
06.18.2002-09:00:00,06,18,2002,09,2076
06.18.2002-12:00:00,06,18,2002,12,2142.1
06.18.2002-15:00:00,06,18,2002,15,2033.2
06.18.2002-18:00:00,06,18,2002,18,1999.8
06.18.2002-21:00:00,06,18,2002,21,1889.6
06.19.2002-00:00:00,06,19,2002,00,1806.4
06.19.2002-03:00:00,06,19,2002,03,1695.5
06.19.2002-06:00:00,06,19,2002,06,1569.6
06.19.2002-09:00:00,06,19,2002,09,1505.7
06.19.2002-12:00:00,06,19,2002,12,1511.8
06.19.2002-15:00:00,06,19,2002,15,1464.6
06.19.2002-18:00:00,06,19,2002,18,1434.4
06.19.2002-21:00:00,06,19,2002,21,1373.6
06.20.2002-00:00:00,06,20,2002,00,1334
06.20.2002-03:00:00,06,20,2002,03,1357.6
06.20.2002-06:00:00,06,20,2002,06,1247
06.20.2002-09:00:00,06,20,2002,09,1247.6
06.20.2002-12:00:00,06,20,2002,12,1245.8
06.20.2002-15:00:00,06,20,2002,15,1118.4
06.20.2002-18:00:00,06,20,2002,18,1149.1
06.20.2002-21:00:00,06,20,2002,21,1115
06.21.2002-00:00:00,06,21,2002,00,1107.1
06.21.2002-03:00:00,06,21,2002,03,1144.6
06.21.2002-06:00:00,06,21,2002,06,1010
06.21.2002-09:00:00,06,21,2002,09,1024.3
06.21.2002-12:00:00,06,21,2002,12,882.5
06.21.2002-15:00:00,06,21,2002,15,913.47
06.21.2002-18:00:00,06,21,2002,18,930.39
06.21.2002-21:00:00,06,21,2002,21,964.07
06.22.2002-00:00:00,06,22,2002,00,985.68
06.22.2002-03:00:00,06,22,2002,03,1027.5
06.22.2002-06:00:00,06,22,2002,06,950.57
06.22.2002-09:00:00,06,22,2002,09,928.55
06.22.2002-12:00:00,06,22,2002,12,795.35
06.22.2002-15:00:00,06,22,2002,15,838.57
06.22.2002-18:00:00,06,22,2002,18,729.57
06.22.2002-21:00:00,06,22,2002,21,851.72
06.23.2002-00:00:00,06,23,2002,00,840.54
06.23.2002-03:00:00,06,23,2002,03,854.59
06.23.2002-06:00:00,06,23,2002,06,762.98
06.23.2002-09:00:00,06,23,2002,09,720.86
06.23.2002-12:00:00,06,23,2002,12,660.78
06.23.2002-15:00:00,06,23,2002,15,656.4
06.23.2002-18:00:00,06,23,2002,18,653.88
06.23.2002-21:00:00,06,23,2002,21,709.21
06.24.2002-00:00:00,06,24,2002,00,686.58
06.24.2002-03:00:00,06,24,2002,03,716.82
06.24.2002-06:00:00,06,24,2002,06,613
06.24.2002-09:00:00,06,24,2002,09,590.12
06.24.2002-12:00:00,06,24,2002,12,554.61
06.24.2002-15:00:00,06,24,2002,15,545.19
06.24.2002-18:00:00,06,24,2002,18,591.81
06.24.2002-21:00:00,06,24,2002,21,596.34
06.25.2002-00:00:00,06,25,2002,00,635.69
06.25.2002-03:00:00,06,25,2002,03,607.86
06.25.2002-06:00:00,06,25,2002,06,554.52
06.25.2002-09:00:00,06,25,2002,09,482.12
06.25.2002-12:00:00,06,25,2002,12,479.21
06.25.2002-15:00:00,06,25,2002,15,480.65
06.25.2002-18:00:00,06,25,2002,18,508.71
06.25.2002-21:00:00,06,25,2002,21,557.47
06.26.2002-00:00:00,06,26,2002,00,547.64
06.26.2002-03:00:00,06,26,2002,03,554.63
06.26.2002-06:00:00,06,26,2002,06,490.14
06.26.2002-09:00:00,06,26,2002,09,443.05
06.26.2002-12:00:00,06,26,2002,12,433.82
06.26.2002-15:00:00,06,26,2002,15,461.43
06.26.2002-18:00:00,06,26,2002,18,442.53
06.26.2002-21:00:00,06,26,2002,21,498.91
06.27.2002-00:00:00,06,27,2002,00,515.63
06.27.2002-03:00:00,06,27,2002,03,491.36
06.27.2002-06:00:00,06,27,2002,06,427.8
06.27.2002-09:00:00,06,27,2002,09,377.15
06.27.2002-12:00:00,06,27,2002,12,353.6
06.27.2002-15:00:00,06,27,2002,15,368.3
06.27.2002-18:00:00,06,27,2002,18,383.58
06.27.2002-21:00:00,06,27,2002,21,440.88
06.28.2002-00:00:00,06,28,2002,00,458.36
06.28.2002-03:00:00,06,28,2002,03,471.11
06.28.2002-06:00:00,06,28,2002,06,442.42
06.28.2002-09:00:00,06,28,2002,09,412.54
06.28.2002-12:00:00,06,28,2002,12,398.46
06.28.2002-15:00:00,06,28,2002,15,415.87
06.28.2002-18:00:00,06,28,2002,18,416.97
06.28.2002-21:00:00,06,28,2002,21,457.74
06.29.2002-00:00:00,06,29,2002,00,478.64
06.29.2002-03:00:00,06,29,2002,03,497.39
06.29.2002-06:00:00,06,29,2002,06,482.43
06.29.2002-09:00:00,06,29,2002,09,473.15
06.29.2002-12:00:00,06,29,2002,12,458.39
06.29.2002-15:00:00,06,29,2002,15,471.08
06.29.2002-18:00:00,06,29,2002,18,473.17
06.29.2002-21:00:00,06,29,2002,21,498.88
06.30.2002-00:00:00,06,30,2002,00,475.22
06.30.2002-03:00:00,06,30,2002,03,479.91
06.30.2002-06:00:00,06,30,2002,06,444.89
06.30.2002-09:00:00,06,30,2002,09,418.18
06.30.2002-12:00:00,06,30,2002,12,420.96
06.30.2002-15:00:00,06,30,2002,15,398.28
06.30.2002-18:00:00,06,30,2002,18,412.01
06.30.2002-21:00:00,06,30,2002,21,469.84
07.01.2002-00:00:00,07,01,2002,00,437.15
07.01.2002-03:00:00,07,01,2002,03,452.82
07.01.2002-06:00:00,07,01,2002,06,407.29
07.01.2002-09:00:00,07,01,2002,09,370.79
07.01.2002-12:00:00,07,01,2002,12,341.27
07.01.2002-15:00:00,07,01,2002,15,362.82
07.01.2002-18:00:00,07,01,2002,18,372.16
07.01.2002-21:00:00,07,01,2002,21,407.74
07.02.2002-00:00:00,07,02,2002,00,414.67
07.02.2002-03:00:00,07,02,2002,03,428.15
07.02.2002-06:00:00,07,02,2002,06,374.14
07.02.2002-09:00:00,07,02,2002,09,334.98
07.02.2002-12:00:00,07,02,2002,12,302.95
07.02.2002-15:00:00,07,02,2002,15,336.1
07.02.2002-18:00:00,07,02,2002,18,332.49
07.02.2002-21:00:00,07,02,2002,21,391.14
07.03.2002-00:00:00,07,03,2002,00,381.13
07.03.2002-03:00:00,07,03,2002,03,400.67
07.03.2002-06:00:00,07,03,2002,06,340.54
07.03.2002-09:00:00,07,03,2002,09,316.34
07.03.2002-12:00:00,07,03,2002,12,275.06
07.03.2002-15:00:00,07,03,2002,15,315.62
07.03.2002-18:00:00,07,03,2002,18,308.13
07.03.2002-21:00:00,07,03,2002,21,358.76
07.04.2002-00:00:00,07,04,2002,00,378.44
07.04.2002-03:00:00,07,04,2002,03,376.02
07.04.2002-06:00:00,07,04,2002,06,348.29
07.04.2002-09:00:00,07,04,2002,09,293.49
07.04.2002-12:00:00,07,04,2002,12,296.35
07.04.2002-15:00:00,07,04,2002,15,280.83
07.04.2002-18:00:00,07,04,2002,18,324.18
07.04.2002-21:00:00,07,04,2002,21,350.12
07.05.2002-00:00:00,07,05,2002,00,353.78
07.05.2002-03:00:00,07,05,2002,03,386.99
07.05.2002-06:00:00,07,05,2002,06,318.72
07.05.2002-09:00:00,07,05,2002,09,285.09
07.05.2002-12:00:00,07,05,2002,12,238.15
07.05.2002-15:00:00,07,05,2002,15,286.62
07.05.2002-18:00:00,07,05,2002,18,287.48
07.05.2002-21:00:00,07,05,2002,21,317.94
07.06.2002-00:00:00,07,06,2002,00,342.42
07.06.2002-03:00:00,07,06,2002,03,359.35
07.06.2002-06:00:00,07,06,2002,06,292.63
07.06.2002-09:00:00,07,06,2002,09,254.8
07.06.2002-12:00:00,07,06,2002,12,215.58
07.06.2002-15:00:00,07,06,2002,15,243.57
07.06.2002-18:00:00,07,06,2002,18,284.23
07.06.2002-21:00:00,07,06,2002,21,295.72
07.07.2002-00:00:00,07,07,2002,00,318.09
07.07.2002-03:00:00,07,07,2002,03,334.62
07.07.2002-06:00:00,07,07,2002,06,275.83
07.07.2002-09:00:00,07,07,2002,09,232.57
07.07.2002-12:00:00,07,07,2002,12,214.14
07.07.2002-15:00:00,07,07,2002,15,224.6
07.07.2002-18:00:00,07,07,2002,18,261.86
07.07.2002-21:00:00,07,07,2002,21,285.57
07.08.2002-00:00:00,07,08,2002,00,491.59
07.08.2002-03:00:00,07,08,2002,03,566.52
07.08.2002-06:00:00,07,08,2002,06,559.62
07.08.2002-09:00:00,07,08,2002,09,560.62
07.08.2002-12:00:00,07,08,2002,12,567.7
07.08.2002-15:00:00,07,08,2002,15,594.8
07.08.2002-18:00:00,07,08,2002,18,621.9
07.08.2002-21:00:00,07,08,2002,21,673.76
07.09.2002-00:00:00,07,09,2002,00,483.95
07.09.2002-03:00:00,07,09,2002,03,505.15
07.09.2002-06:00:00,07,09,2002,06,440.77
07.09.2002-09:00:00,07,09,2002,09,409.21
07.09.2002-12:00:00,07,09,2002,12,334.25
07.09.2002-15:00:00,07,09,2002,15,373.62
07.09.2002-18:00:00,07,09,2002,18,336.79
07.09.2002-21:00:00,07,09,2002,21,409.06
07.10.2002-00:00:00,07,10,2002,00,351.46
07.10.2002-03:00:00,07,10,2002,03,388.73
07.10.2002-06:00:00,07,10,2002,06,292.15
07.10.2002-09:00:00,07,10,2002,09,238.86
07.10.2002-12:00:00,07,10,2002,12,224.21
07.10.2002-15:00:00,07,10,2002,15,231.94
07.10.2002-18:00:00,07,10,2002,18,257.22
07.10.2002-21:00:00,07,10,2002,21,284.71
07.11.2002-00:00:00,07,11,2002,00,327.09
07.11.2002-03:00:00,07,11,2002,03,301.81
07.11.2002-06:00:00,07,11,2002,06,252.52
07.11.2002-09:00:00,07,11,2002,09,215.89
07.11.2002-12:00:00,07,11,2002,12,225.96
07.11.2002-15:00:00,07,11,2002,15,195.08
07.11.2002-18:00:00,07,11,2002,18,244.83
07.11.2002-21:00:00,07,11,2002,21,289.74
07.12.2002-00:00:00,07,12,2002,00,281.02
07.12.2002-03:00:00,07,12,2002,03,292.13
07.12.2002-06:00:00,07,12,2002,06,220.4
07.12.2002-09:00:00,07,12,2002,09,207.06
07.12.2002-12:00:00,07,12,2002,12,195.35
07.12.2002-15:00:00,07,12,2002,15,182.91
07.12.2002-18:00:00,07,12,2002,18,232.37
07.12.2002-21:00:00,07,12,2002,21,259.82
07.13.2002-00:00:00,07,13,2002,00,265.79
07.13.2002-03:00:00,07,13,2002,03,275.93
07.13.2002-06:00:00,07,13,2002,06,213.5
07.13.2002-09:00:00,07,13,2002,09,193.35
07.13.2002-12:00:00,07,13,2002,12,186.64
07.13.2002-15:00:00,07,13,2002,15,188.64
07.13.2002-18:00:00,07,13,2002,18,223.19
07.13.2002-21:00:00,07,13,2002,21,250.08
07.14.2002-00:00:00,07,14,2002,00,253.87
07.14.2002-03:00:00,07,14,2002,03,247.65
07.14.2002-06:00:00,07,14,2002,06,208.35
07.14.2002-09:00:00,07,14,2002,09,152.38
07.14.2002-12:00:00,07,14,2002,12,156.39
07.14.2002-15:00:00,07,14,2002,15,163.67
07.14.2002-18:00:00,07,14,2002,18,208.94
07.14.2002-21:00:00,07,14,2002,21,243.76
07.15.2002-00:00:00,07,15,2002,00,249.62
07.15.2002-03:00:00,07,15,2002,03,249.54
07.15.2002-06:00:00,07,15,2002,06,202.38
07.15.2002-09:00:00,07,15,2002,09,154.37
07.15.2002-12:00:00,07,15,2002,12,140.91
07.15.2002-15:00:00,07,15,2002,15,167.72
07.15.2002-18:00:00,07,15,2002,18,204.51
07.15.2002-21:00:00,07,15,2002,21,238.79
07.16.2002-00:00:00,07,16,2002,00,242.96
07.16.2002-03:00:00,07,16,2002,03,234.97
07.16.2002-06:00:00,07,16,2002,06,190.26
07.16.2002-09:00:00,07,16,2002,09,143.62
07.16.2002-12:00:00,07,16,2002,12,146.04
07.16.2002-15:00:00,07,16,2002,15,152.42
07.16.2002-18:00:00,07,16,2002,18,196.24
07.16.2002-21:00:00,07,16,2002,21,230.77
07.17.2002-00:00:00,07,17,2002,00,235.17
07.17.2002-03:00:00,07,17,2002,03,224.2
07.17.2002-06:00:00,07,17,2002,06,170.25
07.17.2002-09:00:00,07,17,2002,09,155.61
07.17.2002-12:00:00,07,17,2002,12,142.79
07.17.2002-15:00:00,07,17,2002,15,147.08
07.17.2002-18:00:00,07,17,2002,18,184.35
07.17.2002-21:00:00,07,17,2002,21,223.37
07.18.2002-00:00:00,07,18,2002,00,227.59
07.18.2002-03:00:00,07,18,2002,03,215.52
07.18.2002-06:00:00,07,18,2002,06,155.83
07.18.2002-09:00:00,07,18,2002,09,133.42
07.18.2002-12:00:00,07,18,2002,12,140.42
07.18.2002-15:00:00,07,18,2002,15,142.15
07.18.2002-18:00:00,07,18,2002,18,171.61
07.18.2002-21:00:00,07,18,2002,21,213.94
07.19.2002-00:00:00,07,19,2002,00,222.48
07.19.2002-03:00:00,07,19,2002,03,212.2
07.19.2002-06:00:00,07,19,2002,06,157.09
07.19.2002-09:00:00,07,19,2002,09,132.08
07.19.2002-12:00:00,07,19,2002,12,128.21
07.19.2002-15:00:00,07,19,2002,15,141.67
07.19.2002-18:00:00,07,19,2002,18,171.35
07.19.2002-21:00:00,07,19,2002,21,212.41
07.20.2002-00:00:00,07,20,2002,00,218.99
07.20.2002-03:00:00,07,20,2002,03,210.88
07.20.2002-06:00:00,07,20,2002,06,151.77
07.20.2002-09:00:00,07,20,2002,09,129.33
07.20.2002-12:00:00,07,20,2002,12,133.44
07.20.2002-15:00:00,07,20,2002,15,135.03
07.20.2002-18:00:00,07,20,2002,18,162.29
07.20.2002-21:00:00,07,20,2002,21,201.48
07.21.2002-00:00:00,07,21,2002,00,212.99
07.21.2002-03:00:00,07,21,2002,03,204.92
07.21.2002-06:00:00,07,21,2002,06,144.87
07.21.2002-09:00:00,07,21,2002,09,121.13
07.21.2002-12:00:00,07,21,2002,12,117.11
07.21.2002-15:00:00,07,21,2002,15,130.43
07.21.2002-18:00:00,07,21,2002,18,155.6
07.21.2002-21:00:00,07,21,2002,21,185.84
07.22.2002-00:00:00,07,22,2002,00,207.78
07.22.2002-03:00:00,07,22,2002,03,201.19
07.22.2002-06:00:00,07,22,2002,06,140.56
07.22.2002-09:00:00,07,22,2002,09,117.55
07.22.2002-12:00:00,07,22,2002,12,114.21
07.22.2002-15:00:00,07,22,2002,15,127.05
07.22.2002-18:00:00,07,22,2002,18,151.21
07.22.2002-21:00:00,07,22,2002,21,176.06
07.23.2002-00:00:00,07,23,2002,00,201.18
07.23.2002-03:00:00,07,23,2002,03,195.18
07.23.2002-06:00:00,07,23,2002,06,135.46
07.23.2002-09:00:00,07,23,2002,09,114.53
07.23.2002-12:00:00,07,23,2002,12,112.14
07.23.2002-15:00:00,07,23,2002,15,123.88
07.23.2002-18:00:00,07,23,2002,18,146.62
07.23.2002-21:00:00,07,23,2002,21,167.91
07.24.2002-00:00:00,07,24,2002,00,191.02
07.24.2002-03:00:00,07,24,2002,03,184.96
07.24.2002-06:00:00,07,24,2002,06,129.67
07.24.2002-09:00:00,07,24,2002,09,111.57
07.24.2002-12:00:00,07,24,2002,12,108.31
07.24.2002-15:00:00,07,24,2002,15,120.04
07.24.2002-18:00:00,07,24,2002,18,141.2
07.24.2002-21:00:00,07,24,2002,21,157.84
07.25.2002-00:00:00,07,25,2002,00,172.93
07.25.2002-03:00:00,07,25,2002,03,172.18
07.25.2002-06:00:00,07,25,2002,06,131.98
07.25.2002-09:00:00,07,25,2002,09,117.16
07.25.2002-12:00:00,07,25,2002,12,114.26
07.25.2002-15:00:00,07,25,2002,15,123.24
07.25.2002-18:00:00,07,25,2002,18,139.61
07.25.2002-21:00:00,07,25,2002,21,159.72
07.26.2002-00:00:00,07,26,2002,00,172.57
07.26.2002-03:00:00,07,26,2002,03,167.61
07.26.2002-06:00:00,07,26,2002,06,128.09
07.26.2002-09:00:00,07,26,2002,09,112.23
07.26.2002-12:00:00,07,26,2002,12,108.06
07.26.2002-15:00:00,07,26,2002,15,117.81
07.26.2002-18:00:00,07,26,2002,18,136.49
07.26.2002-21:00:00,07,26,2002,21,152.48
07.27.2002-00:00:00,07,27,2002,00,166.18
07.27.2002-03:00:00,07,27,2002,03,164.84
07.27.2002-06:00:00,07,27,2002,06,131.64
07.27.2002-09:00:00,07,27,2002,09,114.57
07.27.2002-12:00:00,07,27,2002,12,110.57
07.27.2002-15:00:00,07,27,2002,15,120.02
07.27.2002-18:00:00,07,27,2002,18,137.23
07.27.2002-21:00:00,07,27,2002,21,156.33
07.28.2002-00:00:00,07,28,2002,00,166.28
07.28.2002-03:00:00,07,28,2002,03,160.33
07.28.2002-06:00:00,07,28,2002,06,139.3
07.28.2002-09:00:00,07,28,2002,09,126.31
07.28.2002-12:00:00,07,28,2002,12,124.97
07.28.2002-15:00:00,07,28,2002,15,132.21
07.28.2002-18:00:00,07,28,2002,18,146.95
07.28.2002-21:00:00,07,28,2002,21,163.96
07.29.2002-00:00:00,07,29,2002,00,169.65
07.29.2002-03:00:00,07,29,2002,03,163.07
07.29.2002-06:00:00,07,29,2002,06,142.72
07.29.2002-09:00:00,07,29,2002,09,131.37
07.29.2002-12:00:00,07,29,2002,12,130.22
07.29.2002-15:00:00,07,29,2002,15,136.68
07.29.2002-18:00:00,07,29,2002,18,150.2
07.29.2002-21:00:00,07,29,2002,21,165.65
07.30.2002-00:00:00,07,30,2002,00,174.37
07.30.2002-03:00:00,07,30,2002,03,163.93
07.30.2002-06:00:00,07,30,2002,06,132.99
07.30.2002-09:00:00,07,30,2002,09,116.84
07.30.2002-12:00:00,07,30,2002,12,113.16
07.30.2002-15:00:00,07,30,2002,15,120.74
07.30.2002-18:00:00,07,30,2002,18,139.55
07.30.2002-21:00:00,07,30,2002,21,156.5
07.31.2002-00:00:00,07,31,2002,00,164.13
07.31.2002-03:00:00,07,31,2002,03,162.08
07.31.2002-06:00:00,07,31,2002,06,128.79
07.31.2002-09:00:00,07,31,2002,09,108.81
07.31.2002-12:00:00,07,31,2002,12,104.04
07.31.2002-15:00:00,07,31,2002,15,114.84
07.31.2002-18:00:00,07,31,2002,18,130.03
07.31.2002-21:00:00,07,31,2002,21,150.12
08.01.2002-00:00:00,08,01,2002,00,158.68
08.01.2002-03:00:00,08,01,2002,03,161.95
08.01.2002-06:00:00,08,01,2002,06,131.07
08.01.2002-09:00:00,08,01,2002,09,106.65
08.01.2002-12:00:00,08,01,2002,12,101.2
08.01.2002-15:00:00,08,01,2002,15,112.84
08.01.2002-18:00:00,08,01,2002,18,123.72
08.01.2002-21:00:00,08,01,2002,21,140.08
08.02.2002-00:00:00,08,02,2002,00,152.41
08.02.2002-03:00:00,08,02,2002,03,156
08.02.2002-06:00:00,08,02,2002,06,124.5
08.02.2002-09:00:00,08,02,2002,09,103.96
08.02.2002-12:00:00,08,02,2002,12,99.102
08.02.2002-15:00:00,08,02,2002,15,110.2
08.02.2002-18:00:00,08,02,2002,18,120.76
08.02.2002-21:00:00,08,02,2002,21,134.95
08.03.2002-00:00:00,08,03,2002,00,149.17
08.03.2002-03:00:00,08,03,2002,03,152.39
08.03.2002-06:00:00,08,03,2002,06,128.86
08.03.2002-09:00:00,08,03,2002,09,105.49
08.03.2002-12:00:00,08,03,2002,12,100.53
08.03.2002-15:00:00,08,03,2002,15,111.37
08.03.2002-18:00:00,08,03,2002,18,121.91
08.03.2002-21:00:00,08,03,2002,21,136.23
08.04.2002-00:00:00,08,04,2002,00,147.47
08.04.2002-03:00:00,08,04,2002,03,147.47
08.04.2002-06:00:00,08,04,2002,06,121.82
08.04.2002-09:00:00,08,04,2002,09,103.58
08.04.2002-12:00:00,08,04,2002,12,99.147
08.04.2002-15:00:00,08,04,2002,15,109.07
08.04.2002-18:00:00,08,04,2002,18,119.17
08.04.2002-21:00:00,08,04,2002,21,131.64
08.05.2002-00:00:00,08,05,2002,00,145.66
08.05.2002-03:00:00,08,05,2002,03,147.18
08.05.2002-06:00:00,08,05,2002,06,127.29
08.05.2002-09:00:00,08,05,2002,09,104.68
08.05.2002-12:00:00,08,05,2002,12,99.884
08.05.2002-15:00:00,08,05,2002,15,110.16
08.05.2002-18:00:00,08,05,2002,18,120.35
08.05.2002-21:00:00,08,05,2002,21,133.76
08.06.2002-00:00:00,08,06,2002,00,144.11
08.06.2002-03:00:00,08,06,2002,03,144.9
08.06.2002-06:00:00,08,06,2002,06,128.71
08.06.2002-09:00:00,08,06,2002,09,110.23
08.06.2002-12:00:00,08,06,2002,12,107.53
08.06.2002-15:00:00,08,06,2002,15,112.66
08.06.2002-18:00:00,08,06,2002,18,124.61
08.06.2002-21:00:00,08,06,2002,21,142.72
08.07.2002-00:00:00,08,07,2002,00,143.31
08.07.2002-03:00:00,08,07,2002,03,145.84
08.07.2002-06:00:00,08,07,2002,06,124.08
08.07.2002-09:00:00,08,07,2002,09,102.81
08.07.2002-12:00:00,08,07,2002,12,98.678
08.07.2002-15:00:00,08,07,2002,15,106.38
08.07.2002-18:00:00,08,07,2002,18,116.81
08.07.2002-21:00:00,08,07,2002,21,125.78
08.08.2002-00:00:00,08,08,2002,00,136.58
08.08.2002-03:00:00,08,08,2002,03,138.6
08.08.2002-06:00:00,08,08,2002,06,112.68
08.08.2002-09:00:00,08,08,2002,09,95.184
08.08.2002-12:00:00,08,08,2002,12,90.306
08.08.2002-15:00:00,08,08,2002,15,97.542
08.08.2002-18:00:00,08,08,2002,18,107.76
08.08.2002-21:00:00,08,08,2002,21,120.41
08.09.2002-00:00:00,08,09,2002,00,124.01
08.09.2002-03:00:00,08,09,2002,03,127.16
08.09.2002-06:00:00,08,09,2002,06,106.79
08.09.2002-09:00:00,08,09,2002,09,92.643
08.09.2002-12:00:00,08,09,2002,12,88.583
08.09.2002-15:00:00,08,09,2002,15,95.606
08.09.2002-18:00:00,08,09,2002,18,101.99
08.09.2002-21:00:00,08,09,2002,21,116
08.10.2002-00:00:00,08,10,2002,00,120.44
08.10.2002-03:00:00,08,10,2002,03,120.59
08.10.2002-06:00:00,08,10,2002,06,103.31
08.10.2002-09:00:00,08,10,2002,09,90.96
08.10.2002-12:00:00,08,10,2002,12,87.554
08.10.2002-15:00:00,08,10,2002,15,94.108
08.10.2002-18:00:00,08,10,2002,18,99.303
08.10.2002-21:00:00,08,10,2002,21,113.03
08.11.2002-00:00:00,08,11,2002,00,117.88
08.11.2002-03:00:00,08,11,2002,03,119.44
08.11.2002-06:00:00,08,11,2002,06,101.06
08.11.2002-09:00:00,08,11,2002,09,87.428
08.11.2002-12:00:00,08,11,2002,12,84.444
08.11.2002-15:00:00,08,11,2002,15,91.876
08.11.2002-18:00:00,08,11,2002,18,96.756
08.11.2002-21:00:00,08,11,2002,21,108.43
08.12.2002-00:00:00,08,12,2002,00,112.29
08.12.2002-03:00:00,08,12,2002,03,114.54
08.12.2002-06:00:00,08,12,2002,06,97.276
08.12.2002-09:00:00,08,12,2002,09,83.646
08.12.2002-12:00:00,08,12,2002,12,81.335
08.12.2002-15:00:00,08,12,2002,15,89.325
08.12.2002-18:00:00,08,12,2002,18,94.391
08.12.2002-21:00:00,08,12,2002,21,102
08.13.2002-00:00:00,08,13,2002,00,109.58
08.13.2002-03:00:00,08,13,2002,03,108.8
08.13.2002-06:00:00,08,13,2002,06,91.983
08.13.2002-09:00:00,08,13,2002,09,80.677
08.13.2002-12:00:00,08,13,2002,12,80.196
08.13.2002-15:00:00,08,13,2002,15,87.26
08.13.2002-18:00:00,08,13,2002,18,92.174
08.13.2002-21:00:00,08,13,2002,21,98.825
08.14.2002-00:00:00,08,14,2002,00,104.88
08.14.2002-03:00:00,08,14,2002,03,104.11
08.14.2002-06:00:00,08,14,2002,06,89.711
08.14.2002-09:00:00,08,14,2002,09,80.966
08.14.2002-12:00:00,08,14,2002,12,80.17
08.14.2002-15:00:00,08,14,2002,15,86.529
08.14.2002-18:00:00,08,14,2002,18,91.429
08.14.2002-21:00:00,08,14,2002,21,96.779
08.15.2002-00:00:00,08,15,2002,00,102.36
08.15.2002-03:00:00,08,15,2002,03,104.47
08.15.2002-06:00:00,08,15,2002,06,88.937
08.15.2002-09:00:00,08,15,2002,09,77.741
08.15.2002-12:00:00,08,15,2002,12,76.696
08.15.2002-15:00:00,08,15,2002,15,84.566
08.15.2002-18:00:00,08,15,2002,18,89.621
08.15.2002-21:00:00,08,15,2002,21,94.621
08.16.2002-00:00:00,08,16,2002,00,99.145
08.16.2002-03:00:00,08,16,2002,03,102.01
08.16.2002-06:00:00,08,16,2002,06,86.851
08.16.2002-09:00:00,08,16,2002,09,75.798
08.16.2002-12:00:00,08,16,2002,12,74.737
08.16.2002-15:00:00,08,16,2002,15,82.807
08.16.2002-18:00:00,08,16,2002,18,87.976
08.16.2002-21:00:00,08,16,2002,21,93.078
08.17.2002-00:00:00,08,17,2002,00,95.814
08.17.2002-03:00:00,08,17,2002,03,102.05
08.17.2002-06:00:00,08,17,2002,06,89.769
08.17.2002-09:00:00,08,17,2002,09,75.982
08.17.2002-12:00:00,08,17,2002,12,74.66
08.17.2002-15:00:00,08,17,2002,15,82.894
08.17.2002-18:00:00,08,17,2002,18,88.042
08.17.2002-21:00:00,08,17,2002,21,92.155
08.18.2002-00:00:00,08,18,2002,00,98.131
08.18.2002-03:00:00,08,18,2002,03,99.899
08.18.2002-06:00:00,08,18,2002,06,86.603
08.18.2002-09:00:00,08,18,2002,09,74.767
08.18.2002-12:00:00,08,18,2002,12,73.57
08.18.2002-15:00:00,08,18,2002,15,81.488
08.18.2002-18:00:00,08,18,2002,18,86.533
08.18.2002-21:00:00,08,18,2002,21,90.777
08.19.2002-00:00:00,08,19,2002,00,93.511
08.19.2002-03:00:00,08,19,2002,03,95.583
08.19.2002-06:00:00,08,19,2002,06,86.273
08.19.2002-09:00:00,08,19,2002,09,77.318
08.19.2002-12:00:00,08,19,2002,12,76.711
08.19.2002-15:00:00,08,19,2002,15,82.249
08.19.2002-18:00:00,08,19,2002,18,86.805
08.19.2002-21:00:00,08,19,2002,21,91.821
08.20.2002-00:00:00,08,20,2002,00,93.709
08.20.2002-03:00:00,08,20,2002,03,93.101
08.20.2002-06:00:00,08,20,2002,06,84.293
08.20.2002-09:00:00,08,20,2002,09,75.593
08.20.2002-12:00:00,08,20,2002,12,74.759
08.20.2002-15:00:00,08,20,2002,15,80.795
08.20.2002-18:00:00,08,20,2002,18,85.433
08.20.2002-21:00:00,08,20,2002,21,89.015
08.21.2002-00:00:00,08,21,2002,00,92.49
08.21.2002-03:00:00,08,21,2002,03,91.932
08.21.2002-06:00:00,08,21,2002,06,82.554
08.21.2002-09:00:00,08,21,2002,09,73.473
08.21.2002-12:00:00,08,21,2002,12,72.559
08.21.2002-15:00:00,08,21,2002,15,79.132
08.21.2002-18:00:00,08,21,2002,18,83.909
08.21.2002-21:00:00,08,21,2002,21,87.607
08.22.2002-00:00:00,08,22,2002,00,89.565
08.22.2002-03:00:00,08,22,2002,03,90.698
08.22.2002-06:00:00,08,22,2002,06,80.954
08.22.2002-09:00:00,08,22,2002,09,71.395
08.22.2002-12:00:00,08,22,2002,12,70.427
08.22.2002-15:00:00,08,22,2002,15,77.481
08.22.2002-18:00:00,08,22,2002,18,82.408
08.22.2002-21:00:00,08,22,2002,21,86.27
08.23.2002-00:00:00,08,23,2002,00,86.728
08.23.2002-03:00:00,08,23,2002,03,89.376
08.23.2002-06:00:00,08,23,2002,06,78.416
08.23.2002-09:00:00,08,23,2002,09,68.04
08.23.2002-12:00:00,08,23,2002,12,67.104
08.23.2002-15:00:00,08,23,2002,15,74.997
08.23.2002-18:00:00,08,23,2002,18,80.357
08.23.2002-21:00:00,08,23,2002,21,84.701
08.24.2002-00:00:00,08,24,2002,00,85.145
08.24.2002-03:00:00,08,24,2002,03,85.3
08.24.2002-06:00:00,08,24,2002,06,77.492
08.24.2002-09:00:00,08,24,2002,09,66.859
08.24.2002-12:00:00,08,24,2002,12,66.27
08.24.2002-15:00:00,08,24,2002,15,73.972
08.24.2002-18:00:00,08,24,2002,18,79.268
08.24.2002-21:00:00,08,24,2002,21,83.345
08.25.2002-00:00:00,08,25,2002,00,89.566
08.25.2002-03:00:00,08,25,2002,03,100.99
08.25.2002-06:00:00,08,25,2002,06,95.94
08.25.2002-09:00:00,08,25,2002,09,86.687
08.25.2002-12:00:00,08,25,2002,12,83.503
08.25.2002-15:00:00,08,25,2002,15,91.778
08.25.2002-18:00:00,08,25,2002,18,95.303
08.25.2002-21:00:00,08,25,2002,21,104.42
08.26.2002-00:00:00,08,26,2002,00,96.624
08.26.2002-03:00:00,08,26,2002,03,96.639
08.26.2002-06:00:00,08,26,2002,06,91.676
08.26.2002-09:00:00,08,26,2002,09,80.4
08.26.2002-12:00:00,08,26,2002,12,77.466
08.26.2002-15:00:00,08,26,2002,15,82.992
08.26.2002-18:00:00,08,26,2002,18,87.162
08.26.2002-21:00:00,08,26,2002,21,98.104
08.27.2002-00:00:00,08,27,2002,00,93.293
08.27.2002-03:00:00,08,27,2002,03,92.71
08.27.2002-06:00:00,08,27,2002,06,82.607
08.27.2002-09:00:00,08,27,2002,09,69.625
08.27.2002-12:00:00,08,27,2002,12,69.024
08.27.2002-15:00:00,08,27,2002,15,75.317
08.27.2002-18:00:00,08,27,2002,18,80.878
08.27.2002-21:00:00,08,27,2002,21,84.816
08.28.2002-00:00:00,08,28,2002,00,85.152
08.28.2002-03:00:00,08,28,2002,03,85.128
08.28.2002-06:00:00,08,28,2002,06,77.182
08.28.2002-09:00:00,08,28,2002,09,66.74
08.28.2002-12:00:00,08,28,2002,12,66.969
08.28.2002-15:00:00,08,28,2002,15,73.156
08.28.2002-18:00:00,08,28,2002,18,78.936
08.28.2002-21:00:00,08,28,2002,21,82.763
08.29.2002-00:00:00,08,29,2002,00,83.03
08.29.2002-03:00:00,08,29,2002,03,82.748
08.29.2002-06:00:00,08,29,2002,06,76.181
08.29.2002-09:00:00,08,29,2002,09,67.564
08.29.2002-12:00:00,08,29,2002,12,67.441
08.29.2002-15:00:00,08,29,2002,15,73.252
08.29.2002-18:00:00,08,29,2002,18,78.226
08.29.2002-21:00:00,08,29,2002,21,81.178
08.30.2002-00:00:00,08,30,2002,00,81.476
08.30.2002-03:00:00,08,30,2002,03,81.214
08.30.2002-06:00:00,08,30,2002,06,74.619
08.30.2002-09:00:00,08,30,2002,09,65.622
08.30.2002-12:00:00,08,30,2002,12,65.255
08.30.2002-15:00:00,08,30,2002,15,71.395
08.30.2002-18:00:00,08,30,2002,18,76.468
08.30.2002-21:00:00,08,30,2002,21,79.856
08.31.2002-00:00:00,08,31,2002,00,80.509
08.31.2002-03:00:00,08,31,2002,03,80.391
08.31.2002-06:00:00,08,31,2002,06,75.835
08.31.2002-09:00:00,08,31,2002,09,66.765
08.31.2002-12:00:00,08,31,2002,12,65.979
08.31.2002-15:00:00,08,31,2002,15,71.927
08.31.2002-18:00:00,08,31,2002,18,76.458
08.31.2002-21:00:00,08,31,2002,21,79.243
09.01.2002-00:00:00,09,01,2002,00,78.943
09.01.2002-03:00:00,09,01,2002,03,78.265
09.01.2002-06:00:00,09,01,2002,06,75.47
09.01.2002-09:00:00,09,01,2002,09,70.221
09.01.2002-12:00:00,09,01,2002,12,69.787
09.01.2002-15:00:00,09,01,2002,15,73.164
09.01.2002-18:00:00,09,01,2002,18,76.75
09.01.2002-21:00:00,09,01,2002,21,78.481
09.02.2002-00:00:00,09,02,2002,00,78.909
09.02.2002-03:00:00,09,02,2002,03,78.864
09.02.2002-06:00:00,09,02,2002,06,75.05
09.02.2002-09:00:00,09,02,2002,09,65.452
09.02.2002-12:00:00,09,02,2002,12,65.27
09.02.2002-15:00:00,09,02,2002,15,72.095
09.02.2002-18:00:00,09,02,2002,18,76.84
09.02.2002-21:00:00,09,02,2002,21,77.932
09.03.2002-00:00:00,09,03,2002,00,78.106
09.03.2002-03:00:00,09,03,2002,03,77.867
09.03.2002-06:00:00,09,03,2002,06,74.158
09.03.2002-09:00:00,09,03,2002,09,65.652
09.03.2002-12:00:00,09,03,2002,12,65.414
09.03.2002-15:00:00,09,03,2002,15,71.902
09.03.2002-18:00:00,09,03,2002,18,76.365
09.03.2002-21:00:00,09,03,2002,21,77.472
09.04.2002-00:00:00,09,04,2002,00,77.714
09.04.2002-03:00:00,09,04,2002,03,77.807
09.04.2002-06:00:00,09,04,2002,06,74.979
09.04.2002-09:00:00,09,04,2002,09,64.66
09.04.2002-12:00:00,09,04,2002,12,64.555
09.04.2002-15:00:00,09,04,2002,15,71.744
09.04.2002-18:00:00,09,04,2002,18,76.273
09.04.2002-21:00:00,09,04,2002,21,77.104
09.05.2002-00:00:00,09,05,2002,00,77.389
09.05.2002-03:00:00,09,05,2002,03,77.508
09.05.2002-06:00:00,09,05,2002,06,79.321
09.05.2002-09:00:00,09,05,2002,09,65.768
09.05.2002-12:00:00,09,05,2002,12,64.532
09.05.2002-15:00:00,09,05,2002,15,71.944
09.05.2002-18:00:00,09,05,2002,18,76.459
09.05.2002-21:00:00,09,05,2002,21,77.274
09.06.2002-00:00:00,09,06,2002,00,77.106
09.06.2002-03:00:00,09,06,2002,03,77.272
09.06.2002-06:00:00,09,06,2002,06,76.941
09.06.2002-09:00:00,09,06,2002,09,64.628
09.06.2002-12:00:00,09,06,2002,12,64.11
09.06.2002-15:00:00,09,06,2002,15,71.382
09.06.2002-18:00:00,09,06,2002,18,75.817
09.06.2002-21:00:00,09,06,2002,21,76.503
09.07.2002-00:00:00,09,07,2002,00,76.739
09.07.2002-03:00:00,09,07,2002,03,76.839
09.07.2002-06:00:00,09,07,2002,06,76.961
09.07.2002-09:00:00,09,07,2002,09,86.669
09.07.2002-12:00:00,09,07,2002,12,67.782
09.07.2002-15:00:00,09,07,2002,15,73.982
09.07.2002-18:00:00,09,07,2002,18,77.22
09.07.2002-21:00:00,09,07,2002,21,79.684
09.08.2002-00:00:00,09,08,2002,00,80.045
09.08.2002-03:00:00,09,08,2002,03,80.826
09.08.2002-06:00:00,09,08,2002,06,79.983
09.08.2002-09:00:00,09,08,2002,09,77.515
09.08.2002-12:00:00,09,08,2002,12,68.007
09.08.2002-15:00:00,09,08,2002,15,73.04
09.08.2002-18:00:00,09,08,2002,18,76.524
09.08.2002-21:00:00,09,08,2002,21,78.481
09.09.2002-00:00:00,09,09,2002,00,79.597
09.09.2002-03:00:00,09,09,2002,03,79.653
09.09.2002-06:00:00,09,09,2002,06,75.692
09.09.2002-09:00:00,09,09,2002,09,63.333
09.09.2002-12:00:00,09,09,2002,12,63.171
09.09.2002-15:00:00,09,09,2002,15,69.91
09.09.2002-18:00:00,09,09,2002,18,75.176
09.09.2002-21:00:00,09,09,2002,21,75.972
09.10.2002-00:00:00,09,10,2002,00,76.093
09.10.2002-03:00:00,09,10,2002,03,76.171
09.10.2002-06:00:00,09,10,2002,06,72.996
09.10.2002-09:00:00,09,10,2002,09,60.934
09.10.2002-12:00:00,09,10,2002,12,61.083
09.10.2002-15:00:00,09,10,2002,15,68.504
09.10.2002-18:00:00,09,10,2002,18,73.364
09.10.2002-21:00:00,09,10,2002,21,74.722
09.11.2002-00:00:00,09,11,2002,00,74.833
09.11.2002-03:00:00,09,11,2002,03,74.852
09.11.2002-06:00:00,09,11,2002,06,71.11
09.11.2002-09:00:00,09,11,2002,09,58.83
09.11.2002-12:00:00,09,11,2002,12,59.268
09.11.2002-15:00:00,09,11,2002,15,66.844
09.11.2002-18:00:00,09,11,2002,18,71.496
09.11.2002-21:00:00,09,11,2002,21,73.34
09.12.2002-00:00:00,09,12,2002,00,73.509
09.12.2002-03:00:00,09,12,2002,03,73.569
09.12.2002-06:00:00,09,12,2002,06,69.887
09.12.2002-09:00:00,09,12,2002,09,57.448
09.12.2002-12:00:00,09,12,2002,12,58.106
09.12.2002-15:00:00,09,12,2002,15,65.558
09.12.2002-18:00:00,09,12,2002,18,70.058
09.12.2002-21:00:00,09,12,2002,21,71.949
09.13.2002-00:00:00,09,13,2002,00,72.082
09.13.2002-03:00:00,09,13,2002,03,72.105
09.13.2002-06:00:00,09,13,2002,06,67.758
09.13.2002-09:00:00,09,13,2002,09,55.724
09.13.2002-12:00:00,09,13,2002,12,56.31
09.13.2002-15:00:00,09,13,2002,15,63.877
09.13.2002-18:00:00,09,13,2002,18,68.486
09.13.2002-21:00:00,09,13,2002,21,70.348
09.14.2002-00:00:00,09,14,2002,00,70.828
09.14.2002-03:00:00,09,14,2002,03,70.969
09.14.2002-06:00:00,09,14,2002,06,67.739
09.14.2002-09:00:00,09,14,2002,09,55.329
09.14.2002-12:00:00,09,14,2002,12,55.792
09.14.2002-15:00:00,09,14,2002,15,63.334
09.14.2002-18:00:00,09,14,2002,18,67.585
09.14.2002-21:00:00,09,14,2002,21,69.445
09.15.2002-00:00:00,09,15,2002,00,69.623
09.15.2002-03:00:00,09,15,2002,03,69.707
09.15.2002-06:00:00,09,15,2002,06,66.329
09.15.2002-09:00:00,09,15,2002,09,56.412
09.15.2002-12:00:00,09,15,2002,12,56.419
09.15.2002-15:00:00,09,15,2002,15,62.53
09.15.2002-18:00:00,09,15,2002,18,67.27
09.15.2002-21:00:00,09,15,2002,21,68.373
09.16.2002-00:00:00,09,16,2002,00,68.462
09.16.2002-03:00:00,09,16,2002,03,68.553
09.16.2002-06:00:00,09,16,2002,06,64.906
09.16.2002-09:00:00,09,16,2002,09,56.627
09.16.2002-12:00:00,09,16,2002,12,56.369
09.16.2002-15:00:00,09,16,2002,15,61.762
09.16.2002-18:00:00,09,16,2002,18,66.47
09.16.2002-21:00:00,09,16,2002,21,67.48
09.17.2002-00:00:00,09,17,2002,00,67.627
09.17.2002-03:00:00,09,17,2002,03,67.756
09.17.2002-06:00:00,09,17,2002,06,64.957
09.17.2002-09:00:00,09,17,2002,09,58.539
09.17.2002-12:00:00,09,17,2002,12,58.095
09.17.2002-15:00:00,09,17,2002,15,62.664
09.17.2002-18:00:00,09,17,2002,18,66.453
09.17.2002-21:00:00,09,17,2002,21,67.131
09.18.2002-00:00:00,09,18,2002,00,67.296
09.18.2002-03:00:00,09,18,2002,03,67.45
09.18.2002-06:00:00,09,18,2002,06,65.321
09.18.2002-09:00:00,09,18,2002,09,56.866
09.18.2002-12:00:00,09,18,2002,12,56.519
09.18.2002-15:00:00,09,18,2002,15,62.037
09.18.2002-18:00:00,09,18,2002,18,66.034
09.18.2002-21:00:00,09,18,2002,21,66.8
09.19.2002-00:00:00,09,19,2002,00,66.938
09.19.2002-03:00:00,09,19,2002,03,67.081
09.19.2002-06:00:00,09,19,2002,06,65.179
09.19.2002-09:00:00,09,19,2002,09,54.676
09.19.2002-12:00:00,09,19,2002,12,54.397
09.19.2002-15:00:00,09,19,2002,15,61.241
09.19.2002-18:00:00,09,19,2002,18,64.734
09.19.2002-21:00:00,09,19,2002,21,66.12
09.20.2002-00:00:00,09,20,2002,00,66.324
09.20.2002-03:00:00,09,20,2002,03,66.457
09.20.2002-06:00:00,09,20,2002,06,64.868
09.20.2002-09:00:00,09,20,2002,09,54.942
09.20.2002-12:00:00,09,20,2002,12,54.534
09.20.2002-15:00:00,09,20,2002,15,61.012
09.20.2002-18:00:00,09,20,2002,18,64.278
09.20.2002-21:00:00,09,20,2002,21,65.613
09.21.2002-00:00:00,09,21,2002,00,65.797
09.21.2002-03:00:00,09,21,2002,03,65.843
09.21.2002-06:00:00,09,21,2002,06,65.884
09.21.2002-09:00:00,09,21,2002,09,54.744
09.21.2002-12:00:00,09,21,2002,12,54.223
09.21.2002-15:00:00,09,21,2002,15,60.838
09.21.2002-18:00:00,09,21,2002,18,63.927
09.21.2002-21:00:00,09,21,2002,21,65.092
09.22.2002-00:00:00,09,22,2002,00,65.306
09.22.2002-03:00:00,09,22,2002,03,65.35
09.22.2002-06:00:00,09,22,2002,06,65.406
09.22.2002-09:00:00,09,22,2002,09,53.042
09.22.2002-12:00:00,09,22,2002,12,52.667
09.22.2002-15:00:00,09,22,2002,15,59.918
09.22.2002-18:00:00,09,22,2002,18,63.333
09.22.2002-21:00:00,09,22,2002,21,63.963
09.23.2002-00:00:00,09,23,2002,00,64.686
09.23.2002-03:00:00,09,23,2002,03,64.756
09.23.2002-06:00:00,09,23,2002,06,63.385
09.23.2002-09:00:00,09,23,2002,09,51.739
09.23.2002-12:00:00,09,23,2002,12,51.518
09.23.2002-15:00:00,09,23,2002,15,58.958
09.23.2002-18:00:00,09,23,2002,18,62.54
09.23.2002-21:00:00,09,23,2002,21,62.869
09.24.2002-00:00:00,09,24,2002,00,63.672
09.24.2002-03:00:00,09,24,2002,03,63.863
09.24.2002-06:00:00,09,24,2002,06,61.716
09.24.2002-09:00:00,09,24,2002,09,53.408
09.24.2002-12:00:00,09,24,2002,12,52.98
09.24.2002-15:00:00,09,24,2002,15,58.493
09.24.2002-18:00:00,09,24,2002,18,61.91
09.24.2002-21:00:00,09,24,2002,21,62.949
09.25.2002-00:00:00,09,25,2002,00,63.144
09.25.2002-03:00:00,09,25,2002,03,63.26
09.25.2002-06:00:00,09,25,2002,06,61.257
09.25.2002-09:00:00,09,25,2002,09,50.829
09.25.2002-12:00:00,09,25,2002,12,50.531
09.25.2002-15:00:00,09,25,2002,15,57.665
09.25.2002-18:00:00,09,25,2002,18,61.289
09.25.2002-21:00:00,09,25,2002,21,61.588
09.26.2002-00:00:00,09,26,2002,00,62.064
09.26.2002-03:00:00,09,26,2002,03,62.582
09.26.2002-06:00:00,09,26,2002,06,61.369
09.26.2002-09:00:00,09,26,2002,09,54.827
09.26.2002-12:00:00,09,26,2002,12,54.245
09.26.2002-15:00:00,09,26,2002,15,58.414
09.26.2002-18:00:00,09,26,2002,18,61.692
09.26.2002-21:00:00,09,26,2002,21,61.977
09.27.2002-00:00:00,09,27,2002,00,62.079
09.27.2002-03:00:00,09,27,2002,03,62.164
09.27.2002-06:00:00,09,27,2002,06,60.288
09.27.2002-09:00:00,09,27,2002,09,51.614
09.27.2002-12:00:00,09,27,2002,12,51.16
09.27.2002-15:00:00,09,27,2002,15,57.331
09.27.2002-18:00:00,09,27,2002,18,60.606
09.27.2002-21:00:00,09,27,2002,21,60.814
09.28.2002-00:00:00,09,28,2002,00,61.395
09.28.2002-03:00:00,09,28,2002,03,61.692
09.28.2002-06:00:00,09,28,2002,06,61.74
09.28.2002-09:00:00,09,28,2002,09,51.435
09.28.2002-12:00:00,09,28,2002,12,50.826
09.28.2002-15:00:00,09,28,2002,15,57.24
09.28.2002-18:00:00,09,28,2002,18,60.239
09.28.2002-21:00:00,09,28,2002,21,60.388
09.29.2002-00:00:00,09,29,2002,00,60.846
09.29.2002-03:00:00,09,29,2002,03,61.136
09.29.2002-06:00:00,09,29,2002,06,59.837
09.29.2002-09:00:00,09,29,2002,09,54.505
09.29.2002-12:00:00,09,29,2002,12,53.97
09.29.2002-15:00:00,09,29,2002,15,57.476
09.29.2002-18:00:00,09,29,2002,18,60.439
09.29.2002-21:00:00,09,29,2002,21,60.711
09.30.2002-00:00:00,09,30,2002,00,60.82
09.30.2002-03:00:00,09,30,2002,03,60.956
09.30.2002-06:00:00,09,30,2002,06,59.994
09.30.2002-09:00:00,09,30,2002,09,55.203
09.30.2002-12:00:00,09,30,2002,12,54.636
09.30.2002-15:00:00,09,30,2002,15,57.926
09.30.2002-18:00:00,09,30,2002,18,60.349
09.30.2002-21:00:00,09,30,2002,21,60.736
