TIMESTAMP,MONTH,DAY,YEAR,HOUR,C
10.01.2011-00:00:00,10,01,2011,00,4323.6
10.01.2011-03:00:00,10,01,2011,03,4411.3
10.01.2011-06:00:00,10,01,2011,06,4467
10.01.2011-09:00:00,10,01,2011,09,4455.2
10.01.2011-12:00:00,10,01,2011,12,4380.2
10.01.2011-15:00:00,10,01,2011,15,4442.1
10.01.2011-18:00:00,10,01,2011,18,4515.2
10.01.2011-21:00:00,10,01,2011,21,4539.1
10.02.2011-00:00:00,10,02,2011,00,4646.1
10.02.2011-03:00:00,10,02,2011,03,4738.1
10.02.2011-06:00:00,10,02,2011,06,4717.9
10.02.2011-09:00:00,10,02,2011,09,4720.9
10.02.2011-12:00:00,10,02,2011,12,4700.5
10.02.2011-15:00:00,10,02,2011,15,4810.7
10.02.2011-18:00:00,10,02,2011,18,4847.7
10.02.2011-21:00:00,10,02,2011,21,4882.4
10.03.2011-00:00:00,10,03,2011,00,4992.8
10.03.2011-03:00:00,10,03,2011,03,5019.5
10.03.2011-06:00:00,10,03,2011,06,5033.7
10.03.2011-09:00:00,10,03,2011,09,5063.2
10.03.2011-12:00:00,10,03,2011,12,5052.2
10.03.2011-15:00:00,10,03,2011,15,5094.9
10.03.2011-18:00:00,10,03,2011,18,5189.3
10.03.2011-21:00:00,10,03,2011,21,5257.8
10.04.2011-00:00:00,10,04,2011,00,5283.3
10.04.2011-03:00:00,10,04,2011,03,5271.7
10.04.2011-06:00:00,10,04,2011,06,5334.2
10.04.2011-09:00:00,10,04,2011,09,5351.6
10.04.2011-12:00:00,10,04,2011,12,5373.9
10.04.2011-15:00:00,10,04,2011,15,5435.1
10.04.2011-18:00:00,10,04,2011,18,5551
10.04.2011-21:00:00,10,04,2011,21,5638.3
10.05.2011-00:00:00,10,05,2011,00,5776
10.05.2011-03:00:00,10,05,2011,03,5811.9
10.05.2011-06:00:00,10,05,2011,06,5900.3
10.05.2011-09:00:00,10,05,2011,09,5891.7
10.05.2011-12:00:00,10,05,2011,12,5934
10.05.2011-15:00:00,10,05,2011,15,6048.8
10.05.2011-18:00:00,10,05,2011,18,6199.8
10.05.2011-21:00:00,10,05,2011,21,6290.1
10.06.2011-00:00:00,10,06,2011,00,6606.7
10.06.2011-03:00:00,10,06,2011,03,6763.6
10.06.2011-06:00:00,10,06,2011,06,6975.3
10.06.2011-09:00:00,10,06,2011,09,7177.5
10.06.2011-12:00:00,10,06,2011,12,7357.2
10.06.2011-15:00:00,10,06,2011,15,7536.9
10.06.2011-18:00:00,10,06,2011,18,7730.7
10.06.2011-21:00:00,10,06,2011,21,7975.9
10.07.2011-00:00:00,10,07,2011,00,7771.7
10.07.2011-03:00:00,10,07,2011,03,7831.4
10.07.2011-06:00:00,10,07,2011,06,7855
10.07.2011-09:00:00,10,07,2011,09,7797.3
10.07.2011-12:00:00,10,07,2011,12,7836.6
10.07.2011-15:00:00,10,07,2011,15,7793.8
10.07.2011-18:00:00,10,07,2011,18,7903.2
10.07.2011-21:00:00,10,07,2011,21,7960.2
10.08.2011-00:00:00,10,08,2011,00,7990.2
10.08.2011-03:00:00,10,08,2011,03,8067.7
10.08.2011-06:00:00,10,08,2011,06,8001.8
10.08.2011-09:00:00,10,08,2011,09,7944.5
10.08.2011-12:00:00,10,08,2011,12,7892.9
10.08.2011-15:00:00,10,08,2011,15,7881.8
10.08.2011-18:00:00,10,08,2011,18,7946.2
10.08.2011-21:00:00,10,08,2011,21,8006.3
10.09.2011-00:00:00,10,09,2011,00,8008.7
10.09.2011-03:00:00,10,09,2011,03,7974.4
10.09.2011-06:00:00,10,09,2011,06,8009.3
10.09.2011-09:00:00,10,09,2011,09,7801.4
10.09.2011-12:00:00,10,09,2011,12,7698.1
10.09.2011-15:00:00,10,09,2011,15,7735.8
10.09.2011-18:00:00,10,09,2011,18,7808
10.09.2011-21:00:00,10,09,2011,21,7830.6
10.10.2011-00:00:00,10,10,2011,00,7793.4
10.10.2011-03:00:00,10,10,2011,03,7806.3
10.10.2011-06:00:00,10,10,2011,06,7708.5
10.10.2011-09:00:00,10,10,2011,09,7589.3
10.10.2011-12:00:00,10,10,2011,12,7462.2
10.10.2011-15:00:00,10,10,2011,15,7434.5
10.10.2011-18:00:00,10,10,2011,18,7473.7
10.10.2011-21:00:00,10,10,2011,21,7449.4
10.11.2011-00:00:00,10,11,2011,00,7965.9
10.11.2011-03:00:00,10,11,2011,03,8107.3
10.11.2011-06:00:00,10,11,2011,06,8179.2
10.11.2011-09:00:00,10,11,2011,09,8221.2
10.11.2011-12:00:00,10,11,2011,12,8313.6
10.11.2011-15:00:00,10,11,2011,15,8408.2
10.11.2011-18:00:00,10,11,2011,18,8584.7
10.11.2011-21:00:00,10,11,2011,21,8733.7
10.12.2011-00:00:00,10,12,2011,00,9231.4
10.12.2011-03:00:00,10,12,2011,03,9431.5
10.12.2011-06:00:00,10,12,2011,06,9727.6
10.12.2011-09:00:00,10,12,2011,09,10385
10.12.2011-12:00:00,10,12,2011,12,11150
10.12.2011-15:00:00,10,12,2011,15,11718
10.12.2011-18:00:00,10,12,2011,18,12386
10.12.2011-21:00:00,10,12,2011,21,13010
10.13.2011-00:00:00,10,13,2011,00,12756
10.13.2011-03:00:00,10,13,2011,03,13086
10.13.2011-06:00:00,10,13,2011,06,13444
10.13.2011-09:00:00,10,13,2011,09,13714
10.13.2011-12:00:00,10,13,2011,12,13947
10.13.2011-15:00:00,10,13,2011,15,14269
10.13.2011-18:00:00,10,13,2011,18,14521
10.13.2011-21:00:00,10,13,2011,21,14703
10.14.2011-00:00:00,10,14,2011,00,15102
10.14.2011-03:00:00,10,14,2011,03,15385
10.14.2011-06:00:00,10,14,2011,06,15623
10.14.2011-09:00:00,10,14,2011,09,15589
10.14.2011-12:00:00,10,14,2011,12,15776
10.14.2011-15:00:00,10,14,2011,15,15901
10.14.2011-18:00:00,10,14,2011,18,16033
10.14.2011-21:00:00,10,14,2011,21,16143
10.15.2011-00:00:00,10,15,2011,00,16291
10.15.2011-03:00:00,10,15,2011,03,16390
10.15.2011-06:00:00,10,15,2011,06,16362
10.15.2011-09:00:00,10,15,2011,09,16355
10.15.2011-12:00:00,10,15,2011,12,16332
10.15.2011-15:00:00,10,15,2011,15,16287
10.15.2011-18:00:00,10,15,2011,18,16380
10.15.2011-21:00:00,10,15,2011,21,16434
10.16.2011-00:00:00,10,16,2011,00,16355
10.16.2011-03:00:00,10,16,2011,03,16296
10.16.2011-06:00:00,10,16,2011,06,16259
10.16.2011-09:00:00,10,16,2011,09,15966
10.16.2011-12:00:00,10,16,2011,12,15771
10.16.2011-15:00:00,10,16,2011,15,15739
10.16.2011-18:00:00,10,16,2011,18,15733
10.16.2011-21:00:00,10,16,2011,21,15691
10.17.2011-00:00:00,10,17,2011,00,15583
10.17.2011-03:00:00,10,17,2011,03,15553
10.17.2011-06:00:00,10,17,2011,06,15322
10.17.2011-09:00:00,10,17,2011,09,15045
10.17.2011-12:00:00,10,17,2011,12,14846
10.17.2011-15:00:00,10,17,2011,15,14856
10.17.2011-18:00:00,10,17,2011,18,14827
10.17.2011-21:00:00,10,17,2011,21,14826
10.18.2011-00:00:00,10,18,2011,00,14642
10.18.2011-03:00:00,10,18,2011,03,14551
10.18.2011-06:00:00,10,18,2011,06,14359
10.18.2011-09:00:00,10,18,2011,09,13957
10.18.2011-12:00:00,10,18,2011,12,13712
10.18.2011-15:00:00,10,18,2011,15,13780
10.18.2011-18:00:00,10,18,2011,18,13701
10.18.2011-21:00:00,10,18,2011,21,13624
10.19.2011-00:00:00,10,19,2011,00,13496
10.19.2011-03:00:00,10,19,2011,03,13413
10.19.2011-06:00:00,10,19,2011,06,13285
10.19.2011-09:00:00,10,19,2011,09,13117
10.19.2011-12:00:00,10,19,2011,12,12994
10.19.2011-15:00:00,10,19,2011,15,12814
10.19.2011-18:00:00,10,19,2011,18,12783
10.19.2011-21:00:00,10,19,2011,21,12672
10.20.2011-00:00:00,10,20,2011,00,12456
10.20.2011-03:00:00,10,20,2011,03,12323
10.20.2011-06:00:00,10,20,2011,06,12149
10.20.2011-09:00:00,10,20,2011,09,11796
10.20.2011-12:00:00,10,20,2011,12,11557
10.20.2011-15:00:00,10,20,2011,15,11565
10.20.2011-18:00:00,10,20,2011,18,11461
10.20.2011-21:00:00,10,20,2011,21,11404
10.21.2011-00:00:00,10,21,2011,00,11308
10.21.2011-03:00:00,10,21,2011,03,11201
10.21.2011-06:00:00,10,21,2011,06,10956
10.21.2011-09:00:00,10,21,2011,09,10706
10.21.2011-12:00:00,10,21,2011,12,10459
10.21.2011-15:00:00,10,21,2011,15,10462
10.21.2011-18:00:00,10,21,2011,18,10424
10.21.2011-21:00:00,10,21,2011,21,10306
10.22.2011-00:00:00,10,22,2011,00,10281
10.22.2011-03:00:00,10,22,2011,03,10236
10.22.2011-06:00:00,10,22,2011,06,10089
10.22.2011-09:00:00,10,22,2011,09,9979.2
10.22.2011-12:00:00,10,22,2011,12,9891.9
10.22.2011-15:00:00,10,22,2011,15,9862.6
10.22.2011-18:00:00,10,22,2011,18,9735.9
10.22.2011-21:00:00,10,22,2011,21,9707.2
10.23.2011-00:00:00,10,23,2011,00,9950
10.23.2011-03:00:00,10,23,2011,03,9957.8
10.23.2011-06:00:00,10,23,2011,06,9960.5
10.23.2011-09:00:00,10,23,2011,09,9945.2
10.23.2011-12:00:00,10,23,2011,12,9911.2
10.23.2011-15:00:00,10,23,2011,15,9946.8
10.23.2011-18:00:00,10,23,2011,18,10103
10.23.2011-21:00:00,10,23,2011,21,10122
10.24.2011-00:00:00,10,24,2011,00,9716
10.24.2011-03:00:00,10,24,2011,03,9731.7
10.24.2011-06:00:00,10,24,2011,06,9715.9
10.24.2011-09:00:00,10,24,2011,09,9718.6
10.24.2011-12:00:00,10,24,2011,12,9601.1
10.24.2011-15:00:00,10,24,2011,15,9608.9
10.24.2011-18:00:00,10,24,2011,18,9766.5
10.24.2011-21:00:00,10,24,2011,21,9792.1
10.25.2011-00:00:00,10,25,2011,00,9822.2
10.25.2011-03:00:00,10,25,2011,03,9773.9
10.25.2011-06:00:00,10,25,2011,06,9839.2
10.25.2011-09:00:00,10,25,2011,09,9801.8
10.25.2011-12:00:00,10,25,2011,12,9629.2
10.25.2011-15:00:00,10,25,2011,15,9753.8
10.25.2011-18:00:00,10,25,2011,18,9775.3
10.25.2011-21:00:00,10,25,2011,21,9710.5
10.26.2011-00:00:00,10,26,2011,00,9784.3
10.26.2011-03:00:00,10,26,2011,03,9653.1
10.26.2011-06:00:00,10,26,2011,06,9632.8
10.26.2011-09:00:00,10,26,2011,09,9455.2
10.26.2011-12:00:00,10,26,2011,12,9324.9
10.26.2011-15:00:00,10,26,2011,15,9449.4
10.26.2011-18:00:00,10,26,2011,18,9430
10.26.2011-21:00:00,10,26,2011,21,9323.9
10.27.2011-00:00:00,10,27,2011,00,9322
10.27.2011-03:00:00,10,27,2011,03,9255.3
10.27.2011-06:00:00,10,27,2011,06,9186.7
10.27.2011-09:00:00,10,27,2011,09,9059.1
10.27.2011-12:00:00,10,27,2011,12,8946.4
10.27.2011-15:00:00,10,27,2011,15,8904.2
10.27.2011-18:00:00,10,27,2011,18,8941.6
10.27.2011-21:00:00,10,27,2011,21,8859.5
10.28.2011-00:00:00,10,28,2011,00,8810.5
10.28.2011-03:00:00,10,28,2011,03,8706.7
10.28.2011-06:00:00,10,28,2011,06,8748.4
10.28.2011-09:00:00,10,28,2011,09,8501.8
10.28.2011-12:00:00,10,28,2011,12,8410.8
10.28.2011-15:00:00,10,28,2011,15,8409.6
10.28.2011-18:00:00,10,28,2011,18,8365.9
10.28.2011-21:00:00,10,28,2011,21,8333.3
10.29.2011-00:00:00,10,29,2011,00,8258.5
10.29.2011-03:00:00,10,29,2011,03,8196.6
10.29.2011-06:00:00,10,29,2011,06,8118.8
10.29.2011-09:00:00,10,29,2011,09,8569.7
10.29.2011-12:00:00,10,29,2011,12,9083.8
10.29.2011-15:00:00,10,29,2011,15,9175.5
10.29.2011-18:00:00,10,29,2011,18,8855.1
10.29.2011-21:00:00,10,29,2011,21,8622.3
10.30.2011-00:00:00,10,30,2011,00,8445.7
10.30.2011-03:00:00,10,30,2011,03,8445
10.30.2011-06:00:00,10,30,2011,06,8450.2
10.30.2011-09:00:00,10,30,2011,09,8415.7
10.30.2011-12:00:00,10,30,2011,12,8407
10.30.2011-15:00:00,10,30,2011,15,8603
10.30.2011-18:00:00,10,30,2011,18,8474.3
10.30.2011-21:00:00,10,30,2011,21,8471.8
10.31.2011-00:00:00,10,31,2011,00,8457.2
10.31.2011-03:00:00,10,31,2011,03,8482.8
10.31.2011-06:00:00,10,31,2011,06,8425.9
10.31.2011-09:00:00,10,31,2011,09,8519.9
10.31.2011-12:00:00,10,31,2011,12,8902.7
10.31.2011-15:00:00,10,31,2011,15,9048.2
10.31.2011-18:00:00,10,31,2011,18,8942.1
10.31.2011-21:00:00,10,31,2011,21,8738
11.01.2011-00:00:00,11,01,2011,00,8712.2
11.01.2011-03:00:00,11,01,2011,03,8760.2
11.01.2011-06:00:00,11,01,2011,06,8775.5
11.01.2011-09:00:00,11,01,2011,09,8799.6
11.01.2011-12:00:00,11,01,2011,12,8783.6
11.01.2011-15:00:00,11,01,2011,15,8731
11.01.2011-18:00:00,11,01,2011,18,8739
11.01.2011-21:00:00,11,01,2011,21,8667.8
11.02.2011-00:00:00,11,02,2011,00,8686.2
11.02.2011-03:00:00,11,02,2011,03,8696.3
11.02.2011-06:00:00,11,02,2011,06,8631.3
11.02.2011-09:00:00,11,02,2011,09,8528.2
11.02.2011-12:00:00,11,02,2011,12,8515.2
11.02.2011-15:00:00,11,02,2011,15,8500.6
11.02.2011-18:00:00,11,02,2011,18,8457
11.02.2011-21:00:00,11,02,2011,21,8374.9
11.03.2011-00:00:00,11,03,2011,00,8360.7
11.03.2011-03:00:00,11,03,2011,03,8309.4
11.03.2011-06:00:00,11,03,2011,06,8270.6
11.03.2011-09:00:00,11,03,2011,09,8192.8
11.03.2011-12:00:00,11,03,2011,12,8067.4
11.03.2011-15:00:00,11,03,2011,15,8060.1
11.03.2011-18:00:00,11,03,2011,18,8016.1
11.03.2011-21:00:00,11,03,2011,21,7921.1
11.04.2011-00:00:00,11,04,2011,00,7855.2
11.04.2011-03:00:00,11,04,2011,03,7805.5
11.04.2011-06:00:00,11,04,2011,06,7867.2
11.04.2011-09:00:00,11,04,2011,09,7712.3
11.04.2011-12:00:00,11,04,2011,12,7668.4
11.04.2011-15:00:00,11,04,2011,15,7660.7
11.04.2011-18:00:00,11,04,2011,18,7585.4
11.04.2011-21:00:00,11,04,2011,21,7544.3
11.05.2011-00:00:00,11,05,2011,00,7446.2
11.05.2011-03:00:00,11,05,2011,03,7377.7
11.05.2011-06:00:00,11,05,2011,06,7359.6
11.05.2011-09:00:00,11,05,2011,09,7239.5
11.05.2011-12:00:00,11,05,2011,12,7164.7
11.05.2011-15:00:00,11,05,2011,15,7125.5
11.05.2011-18:00:00,11,05,2011,18,7106.2
11.05.2011-21:00:00,11,05,2011,21,7050.6
11.06.2011-00:00:00,11,06,2011,00,6976.1
11.06.2011-03:00:00,11,06,2011,03,6935
11.06.2011-06:00:00,11,06,2011,06,6833.3
11.06.2011-09:00:00,11,06,2011,09,6747.7
11.06.2011-12:00:00,11,06,2011,12,6698.1
11.06.2011-15:00:00,11,06,2011,15,6685
11.06.2011-18:00:00,11,06,2011,18,6612.6
11.06.2011-21:00:00,11,06,2011,21,6564.7
11.07.2011-00:00:00,11,07,2011,00,6553.7
11.07.2011-03:00:00,11,07,2011,03,6453.9
11.07.2011-06:00:00,11,07,2011,06,6386.4
11.07.2011-09:00:00,11,07,2011,09,6322.5
11.07.2011-12:00:00,11,07,2011,12,6249.9
11.07.2011-15:00:00,11,07,2011,15,6213.2
11.07.2011-18:00:00,11,07,2011,18,6198.8
11.07.2011-21:00:00,11,07,2011,21,6136.2
11.08.2011-00:00:00,11,08,2011,00,6066.8
11.08.2011-03:00:00,11,08,2011,03,6041.7
11.08.2011-06:00:00,11,08,2011,06,6013.4
11.08.2011-09:00:00,11,08,2011,09,5931.3
11.08.2011-12:00:00,11,08,2011,12,5866.8
11.08.2011-15:00:00,11,08,2011,15,5832.8
11.08.2011-18:00:00,11,08,2011,18,5779.4
11.08.2011-21:00:00,11,08,2011,21,5716.2
11.09.2011-00:00:00,11,09,2011,00,5688.5
11.09.2011-03:00:00,11,09,2011,03,5630.8
11.09.2011-06:00:00,11,09,2011,06,5579.8
11.09.2011-09:00:00,11,09,2011,09,5502.1
11.09.2011-12:00:00,11,09,2011,12,5469.4
11.09.2011-15:00:00,11,09,2011,15,5473.1
11.09.2011-18:00:00,11,09,2011,18,5424.3
11.09.2011-21:00:00,11,09,2011,21,5382.7
11.10.2011-00:00:00,11,10,2011,00,5336
11.10.2011-03:00:00,11,10,2011,03,5312.8
11.10.2011-06:00:00,11,10,2011,06,5277.4
11.10.2011-09:00:00,11,10,2011,09,5234.2
11.10.2011-12:00:00,11,10,2011,12,5208.4
11.10.2011-15:00:00,11,10,2011,15,5184.5
11.10.2011-18:00:00,11,10,2011,18,5141.2
11.10.2011-21:00:00,11,10,2011,21,5114.5
11.11.2011-00:00:00,11,11,2011,00,5092.7
11.11.2011-03:00:00,11,11,2011,03,5083.3
11.11.2011-06:00:00,11,11,2011,06,5041.9
11.11.2011-09:00:00,11,11,2011,09,4987.4
11.11.2011-12:00:00,11,11,2011,12,4949.6
11.11.2011-15:00:00,11,11,2011,15,4957.4
11.11.2011-18:00:00,11,11,2011,18,4933.9
11.11.2011-21:00:00,11,11,2011,21,4900.4
11.12.2011-00:00:00,11,12,2011,00,4883.2
11.12.2011-03:00:00,11,12,2011,03,4831.8
11.12.2011-06:00:00,11,12,2011,06,4797.4
11.12.2011-09:00:00,11,12,2011,09,4785.7
11.12.2011-12:00:00,11,12,2011,12,4782
11.12.2011-15:00:00,11,12,2011,15,4756.5
11.12.2011-18:00:00,11,12,2011,18,4724.4
11.12.2011-21:00:00,11,12,2011,21,4713.8
11.13.2011-00:00:00,11,13,2011,00,4702.5
11.13.2011-03:00:00,11,13,2011,03,4678.5
11.13.2011-06:00:00,11,13,2011,06,4636.5
11.13.2011-09:00:00,11,13,2011,09,4626.3
11.13.2011-12:00:00,11,13,2011,12,4598.1
11.13.2011-15:00:00,11,13,2011,15,4564.1
11.13.2011-18:00:00,11,13,2011,18,4524.2
11.13.2011-21:00:00,11,13,2011,21,4499.2
11.14.2011-00:00:00,11,14,2011,00,4460.3
11.14.2011-03:00:00,11,14,2011,03,4435
11.14.2011-06:00:00,11,14,2011,06,4419.5
11.14.2011-09:00:00,11,14,2011,09,4416.9
11.14.2011-12:00:00,11,14,2011,12,4453.4
11.14.2011-15:00:00,11,14,2011,15,4493.8
11.14.2011-18:00:00,11,14,2011,18,4511.8
11.14.2011-21:00:00,11,14,2011,21,4548.9
11.15.2011-00:00:00,11,15,2011,00,4543.7
11.15.2011-03:00:00,11,15,2011,03,4551.6
11.15.2011-06:00:00,11,15,2011,06,4557.3
11.15.2011-09:00:00,11,15,2011,09,4547.4
11.15.2011-12:00:00,11,15,2011,12,4543
11.15.2011-15:00:00,11,15,2011,15,4539.9
11.15.2011-18:00:00,11,15,2011,18,4532.3
11.15.2011-21:00:00,11,15,2011,21,4517
11.16.2011-00:00:00,11,16,2011,00,4494.9
11.16.2011-03:00:00,11,16,2011,03,4482.3
11.16.2011-06:00:00,11,16,2011,06,4465.7
11.16.2011-09:00:00,11,16,2011,09,4447.5
11.16.2011-12:00:00,11,16,2011,12,4408.4
11.16.2011-15:00:00,11,16,2011,15,4410.8
11.16.2011-18:00:00,11,16,2011,18,4388.3
11.16.2011-21:00:00,11,16,2011,21,4357.6
11.17.2011-00:00:00,11,17,2011,00,4330.2
11.17.2011-03:00:00,11,17,2011,03,4299.3
11.17.2011-06:00:00,11,17,2011,06,4289.8
11.17.2011-09:00:00,11,17,2011,09,4273.5
11.17.2011-12:00:00,11,17,2011,12,4247
11.17.2011-15:00:00,11,17,2011,15,4214.9
11.17.2011-18:00:00,11,17,2011,18,4196.2
11.17.2011-21:00:00,11,17,2011,21,4158.5
11.18.2011-00:00:00,11,18,2011,00,4135.8
11.18.2011-03:00:00,11,18,2011,03,4111.3
11.18.2011-06:00:00,11,18,2011,06,4079
11.18.2011-09:00:00,11,18,2011,09,4043.4
11.18.2011-12:00:00,11,18,2011,12,4008.8
11.18.2011-15:00:00,11,18,2011,15,3979.9
11.18.2011-18:00:00,11,18,2011,18,3951.1
11.18.2011-21:00:00,11,18,2011,21,3920.8
11.19.2011-00:00:00,11,19,2011,00,3891.9
11.19.2011-03:00:00,11,19,2011,03,3863.7
11.19.2011-06:00:00,11,19,2011,06,3841
11.19.2011-09:00:00,11,19,2011,09,3810.3
11.19.2011-12:00:00,11,19,2011,12,3765.3
11.19.2011-15:00:00,11,19,2011,15,3753.2
11.19.2011-18:00:00,11,19,2011,18,3720.8
11.19.2011-21:00:00,11,19,2011,21,3685.9
11.20.2011-00:00:00,11,20,2011,00,3661.1
11.20.2011-03:00:00,11,20,2011,03,3645.6
11.20.2011-06:00:00,11,20,2011,06,3610.3
11.20.2011-09:00:00,11,20,2011,09,3577
11.20.2011-12:00:00,11,20,2011,12,3548.4
11.20.2011-15:00:00,11,20,2011,15,3515
11.20.2011-18:00:00,11,20,2011,18,3493.7
11.20.2011-21:00:00,11,20,2011,21,3466.1
11.21.2011-00:00:00,11,21,2011,00,3448.3
11.21.2011-03:00:00,11,21,2011,03,3422.1
11.21.2011-06:00:00,11,21,2011,06,3388.6
11.21.2011-09:00:00,11,21,2011,09,3367
11.21.2011-12:00:00,11,21,2011,12,3336.9
11.21.2011-15:00:00,11,21,2011,15,3326.8
11.21.2011-18:00:00,11,21,2011,18,3305.7
11.21.2011-21:00:00,11,21,2011,21,3268.4
11.22.2011-00:00:00,11,22,2011,00,3247.9
11.22.2011-03:00:00,11,22,2011,03,3220.7
11.22.2011-06:00:00,11,22,2011,06,3209.3
11.22.2011-09:00:00,11,22,2011,09,3173.1
11.22.2011-12:00:00,11,22,2011,12,3150.6
11.22.2011-15:00:00,11,22,2011,15,3133
11.22.2011-18:00:00,11,22,2011,18,3097.1
11.22.2011-21:00:00,11,22,2011,21,3076.8
11.23.2011-00:00:00,11,23,2011,00,3051
11.23.2011-03:00:00,11,23,2011,03,3039.6
11.23.2011-06:00:00,11,23,2011,06,3016.4
11.23.2011-09:00:00,11,23,2011,09,2995.2
11.23.2011-12:00:00,11,23,2011,12,2992.4
11.23.2011-15:00:00,11,23,2011,15,3007.5
11.23.2011-18:00:00,11,23,2011,18,3019.7
11.23.2011-21:00:00,11,23,2011,21,3045.7
11.24.2011-00:00:00,11,24,2011,00,3044.3
11.24.2011-03:00:00,11,24,2011,03,3035.2
11.24.2011-06:00:00,11,24,2011,06,3031.6
11.24.2011-09:00:00,11,24,2011,09,3053.5
11.24.2011-12:00:00,11,24,2011,12,3137.7
11.24.2011-15:00:00,11,24,2011,15,3191.3
11.24.2011-18:00:00,11,24,2011,18,3209.2
11.24.2011-21:00:00,11,24,2011,21,3246.5
11.25.2011-00:00:00,11,25,2011,00,3274.4
11.25.2011-03:00:00,11,25,2011,03,3320.6
11.25.2011-06:00:00,11,25,2011,06,3306.3
11.25.2011-09:00:00,11,25,2011,09,3314.8
11.25.2011-12:00:00,11,25,2011,12,3322.6
11.25.2011-15:00:00,11,25,2011,15,3330.7
11.25.2011-18:00:00,11,25,2011,18,3362.9
11.25.2011-21:00:00,11,25,2011,21,3345.2
11.26.2011-00:00:00,11,26,2011,00,3342
11.26.2011-03:00:00,11,26,2011,03,3368.6
11.26.2011-06:00:00,11,26,2011,06,3343.3
11.26.2011-09:00:00,11,26,2011,09,3335.6
11.26.2011-12:00:00,11,26,2011,12,3334.7
11.26.2011-15:00:00,11,26,2011,15,3324.8
11.26.2011-18:00:00,11,26,2011,18,3319.2
11.26.2011-21:00:00,11,26,2011,21,3308.9
11.27.2011-00:00:00,11,27,2011,00,3297.1
11.27.2011-03:00:00,11,27,2011,03,3284.8
11.27.2011-06:00:00,11,27,2011,06,3277.7
11.27.2011-09:00:00,11,27,2011,09,3260.4
11.27.2011-12:00:00,11,27,2011,12,3243.6
11.27.2011-15:00:00,11,27,2011,15,3229
11.27.2011-18:00:00,11,27,2011,18,3211.3
11.27.2011-21:00:00,11,27,2011,21,3195
11.28.2011-00:00:00,11,28,2011,00,3188.2
11.28.2011-03:00:00,11,28,2011,03,3160
11.28.2011-06:00:00,11,28,2011,06,3141.2
11.28.2011-09:00:00,11,28,2011,09,3123.1
11.28.2011-12:00:00,11,28,2011,12,3102.8
11.28.2011-15:00:00,11,28,2011,15,3084.6
11.28.2011-18:00:00,11,28,2011,18,3068.9
11.28.2011-21:00:00,11,28,2011,21,3057.5
11.29.2011-00:00:00,11,29,2011,00,3047.2
11.29.2011-03:00:00,11,29,2011,03,3035
11.29.2011-06:00:00,11,29,2011,06,3020.7
11.29.2011-09:00:00,11,29,2011,09,3006.2
11.29.2011-12:00:00,11,29,2011,12,2988.6
11.29.2011-15:00:00,11,29,2011,15,2971.8
11.29.2011-18:00:00,11,29,2011,18,2952.2
11.29.2011-21:00:00,11,29,2011,21,2931.4
11.30.2011-00:00:00,11,30,2011,00,2909.9
11.30.2011-03:00:00,11,30,2011,03,2889.5
11.30.2011-06:00:00,11,30,2011,06,2867.9
11.30.2011-09:00:00,11,30,2011,09,2849.4
11.30.2011-12:00:00,11,30,2011,12,2829
11.30.2011-15:00:00,11,30,2011,15,2808.7
11.30.2011-18:00:00,11,30,2011,18,2788.8
11.30.2011-21:00:00,11,30,2011,21,2768.7
12.01.2011-00:00:00,12,01,2011,00,2748.2
12.01.2011-03:00:00,12,01,2011,03,2728.7
12.01.2011-06:00:00,12,01,2011,06,2709.4
12.01.2011-09:00:00,12,01,2011,09,2688.8
12.01.2011-12:00:00,12,01,2011,12,2669.7
12.01.2011-15:00:00,12,01,2011,15,2650.4
12.01.2011-18:00:00,12,01,2011,18,2630.8
12.01.2011-21:00:00,12,01,2011,21,2610.6
12.02.2011-00:00:00,12,02,2011,00,2589.9
12.02.2011-03:00:00,12,02,2011,03,2570.9
12.02.2011-06:00:00,12,02,2011,06,2551.1
12.02.2011-09:00:00,12,02,2011,09,2531
12.02.2011-12:00:00,12,02,2011,12,2512.6
12.02.2011-15:00:00,12,02,2011,15,2495.9
12.02.2011-18:00:00,12,02,2011,18,2477.2
12.02.2011-21:00:00,12,02,2011,21,2458.7
12.03.2011-00:00:00,12,03,2011,00,2440
12.03.2011-03:00:00,12,03,2011,03,2424.9
12.03.2011-06:00:00,12,03,2011,06,2408.3
12.03.2011-09:00:00,12,03,2011,09,2390.5
12.03.2011-12:00:00,12,03,2011,12,2371.3
12.03.2011-15:00:00,12,03,2011,15,2354.2
12.03.2011-18:00:00,12,03,2011,18,2337.5
12.03.2011-21:00:00,12,03,2011,21,2320
12.04.2011-00:00:00,12,04,2011,00,2302.5
12.04.2011-03:00:00,12,04,2011,03,2287
12.04.2011-06:00:00,12,04,2011,06,2271.1
12.04.2011-09:00:00,12,04,2011,09,2256
12.04.2011-12:00:00,12,04,2011,12,2239.3
12.04.2011-15:00:00,12,04,2011,15,2224.7
12.04.2011-18:00:00,12,04,2011,18,2208.9
12.04.2011-21:00:00,12,04,2011,21,2192.2
12.05.2011-00:00:00,12,05,2011,00,2174.7
12.05.2011-03:00:00,12,05,2011,03,2158.3
12.05.2011-06:00:00,12,05,2011,06,2143.5
12.05.2011-09:00:00,12,05,2011,09,2126.7
12.05.2011-12:00:00,12,05,2011,12,2111.7
12.05.2011-15:00:00,12,05,2011,15,2097.4
12.05.2011-18:00:00,12,05,2011,18,2082.8
12.05.2011-21:00:00,12,05,2011,21,2068.3
12.06.2011-00:00:00,12,06,2011,00,2054.3
12.06.2011-03:00:00,12,06,2011,03,2040.5
12.06.2011-06:00:00,12,06,2011,06,2025.8
12.06.2011-09:00:00,12,06,2011,09,2010.4
12.06.2011-12:00:00,12,06,2011,12,1997.3
12.06.2011-15:00:00,12,06,2011,15,1982.9
12.06.2011-18:00:00,12,06,2011,18,1968.6
12.06.2011-21:00:00,12,06,2011,21,1955.1
12.07.2011-00:00:00,12,07,2011,00,1941.5
12.07.2011-03:00:00,12,07,2011,03,1927
12.07.2011-06:00:00,12,07,2011,06,1913.5
12.07.2011-09:00:00,12,07,2011,09,1899.4
12.07.2011-12:00:00,12,07,2011,12,1884.9
12.07.2011-15:00:00,12,07,2011,15,1871.8
12.07.2011-18:00:00,12,07,2011,18,1858.6
12.07.2011-21:00:00,12,07,2011,21,1845.1
12.08.2011-00:00:00,12,08,2011,00,1832.2
12.08.2011-03:00:00,12,08,2011,03,1819.3
12.08.2011-06:00:00,12,08,2011,06,1806.6
12.08.2011-09:00:00,12,08,2011,09,1793.8
12.08.2011-12:00:00,12,08,2011,12,1780
12.08.2011-15:00:00,12,08,2011,15,1766.8
12.08.2011-18:00:00,12,08,2011,18,1754
12.08.2011-21:00:00,12,08,2011,21,1742.4
12.09.2011-00:00:00,12,09,2011,00,1732
12.09.2011-03:00:00,12,09,2011,03,1720.3
12.09.2011-06:00:00,12,09,2011,06,1708.5
12.09.2011-09:00:00,12,09,2011,09,1698.4
12.09.2011-12:00:00,12,09,2011,12,1688.1
12.09.2011-15:00:00,12,09,2011,15,1676.4
12.09.2011-18:00:00,12,09,2011,18,1666.1
12.09.2011-21:00:00,12,09,2011,21,1655.1
12.10.2011-00:00:00,12,10,2011,00,1644.2
12.10.2011-03:00:00,12,10,2011,03,1632.5
12.10.2011-06:00:00,12,10,2011,06,1620.9
12.10.2011-09:00:00,12,10,2011,09,1610.3
12.10.2011-12:00:00,12,10,2011,12,1598.8
12.10.2011-15:00:00,12,10,2011,15,1588.2
12.10.2011-18:00:00,12,10,2011,18,1577
12.10.2011-21:00:00,12,10,2011,21,1565.7
12.11.2011-00:00:00,12,11,2011,00,1554.3
12.11.2011-03:00:00,12,11,2011,03,1544.1
12.11.2011-06:00:00,12,11,2011,06,1533.3
12.11.2011-09:00:00,12,11,2011,09,1523.1
12.11.2011-12:00:00,12,11,2011,12,1513.3
12.11.2011-15:00:00,12,11,2011,15,1504.7
12.11.2011-18:00:00,12,11,2011,18,1495.5
12.11.2011-21:00:00,12,11,2011,21,1486
12.12.2011-00:00:00,12,12,2011,00,1476.6
12.12.2011-03:00:00,12,12,2011,03,1467.4
12.12.2011-06:00:00,12,12,2011,06,1457.4
12.12.2011-09:00:00,12,12,2011,09,1448.4
12.12.2011-12:00:00,12,12,2011,12,1439.2
12.12.2011-15:00:00,12,12,2011,15,1430.7
12.12.2011-18:00:00,12,12,2011,18,1421.6
12.12.2011-21:00:00,12,12,2011,21,1411.9
12.13.2011-00:00:00,12,13,2011,00,1402.4
12.13.2011-03:00:00,12,13,2011,03,1392.8
12.13.2011-06:00:00,12,13,2011,06,1384.4
12.13.2011-09:00:00,12,13,2011,09,1375.6
12.13.2011-12:00:00,12,13,2011,12,1366.2
12.13.2011-15:00:00,12,13,2011,15,1358.1
12.13.2011-18:00:00,12,13,2011,18,1349.6
12.13.2011-21:00:00,12,13,2011,21,1341.6
12.14.2011-00:00:00,12,14,2011,00,1333.4
12.14.2011-03:00:00,12,14,2011,03,1325
12.14.2011-06:00:00,12,14,2011,06,1316.8
12.14.2011-09:00:00,12,14,2011,09,1308.2
12.14.2011-12:00:00,12,14,2011,12,1299.3
12.14.2011-15:00:00,12,14,2011,15,1291.4
12.14.2011-18:00:00,12,14,2011,18,1283.1
12.14.2011-21:00:00,12,14,2011,21,1274.2
12.15.2011-00:00:00,12,15,2011,00,1265.9
12.15.2011-03:00:00,12,15,2011,03,1258
12.15.2011-06:00:00,12,15,2011,06,1250.7
12.15.2011-09:00:00,12,15,2011,09,1243.3
12.15.2011-12:00:00,12,15,2011,12,1236.1
12.15.2011-15:00:00,12,15,2011,15,1228.3
12.15.2011-18:00:00,12,15,2011,18,1220.5
12.15.2011-21:00:00,12,15,2011,21,1212.8
12.16.2011-00:00:00,12,16,2011,00,1205.6
12.16.2011-03:00:00,12,16,2011,03,1198.5
12.16.2011-06:00:00,12,16,2011,06,1191.2
12.16.2011-09:00:00,12,16,2011,09,1184
12.16.2011-12:00:00,12,16,2011,12,1177.2
12.16.2011-15:00:00,12,16,2011,15,1170
12.16.2011-18:00:00,12,16,2011,18,1163.2
12.16.2011-21:00:00,12,16,2011,21,1156.3
12.17.2011-00:00:00,12,17,2011,00,1149.3
12.17.2011-03:00:00,12,17,2011,03,1143.1
12.17.2011-06:00:00,12,17,2011,06,1136.3
12.17.2011-09:00:00,12,17,2011,09,1129.5
12.17.2011-12:00:00,12,17,2011,12,1122.7
12.17.2011-15:00:00,12,17,2011,15,1115.8
12.17.2011-18:00:00,12,17,2011,18,1109.5
12.17.2011-21:00:00,12,17,2011,21,1102.8
12.18.2011-00:00:00,12,18,2011,00,1096.8
12.18.2011-03:00:00,12,18,2011,03,1090.9
12.18.2011-06:00:00,12,18,2011,06,1084.4
12.18.2011-09:00:00,12,18,2011,09,1078
12.18.2011-12:00:00,12,18,2011,12,1072.4
12.18.2011-15:00:00,12,18,2011,15,1066.6
12.18.2011-18:00:00,12,18,2011,18,1059.8
12.18.2011-21:00:00,12,18,2011,21,1053.3
12.19.2011-00:00:00,12,19,2011,00,1046.6
12.19.2011-03:00:00,12,19,2011,03,1040.7
12.19.2011-06:00:00,12,19,2011,06,1035.8
12.19.2011-09:00:00,12,19,2011,09,1029.7
12.19.2011-12:00:00,12,19,2011,12,1023.6
12.19.2011-15:00:00,12,19,2011,15,1017.6
12.19.2011-18:00:00,12,19,2011,18,1011.7
12.19.2011-21:00:00,12,19,2011,21,1006.1
12.20.2011-00:00:00,12,20,2011,00,1000.9
12.20.2011-03:00:00,12,20,2011,03,995.33
12.20.2011-06:00:00,12,20,2011,06,989.92
12.20.2011-09:00:00,12,20,2011,09,985.43
12.20.2011-12:00:00,12,20,2011,12,981.05
12.20.2011-15:00:00,12,20,2011,15,976.55
12.20.2011-18:00:00,12,20,2011,18,971.8
12.20.2011-21:00:00,12,20,2011,21,967.33
12.21.2011-00:00:00,12,21,2011,00,963.03
12.21.2011-03:00:00,12,21,2011,03,958.33
12.21.2011-06:00:00,12,21,2011,06,954.04
12.21.2011-09:00:00,12,21,2011,09,948.8
12.21.2011-12:00:00,12,21,2011,12,944.16
12.21.2011-15:00:00,12,21,2011,15,938.86
12.21.2011-18:00:00,12,21,2011,18,934.39
12.21.2011-21:00:00,12,21,2011,21,929.87
12.22.2011-00:00:00,12,22,2011,00,924.63
12.22.2011-03:00:00,12,22,2011,03,919.47
12.22.2011-06:00:00,12,22,2011,06,914.77
12.22.2011-09:00:00,12,22,2011,09,909.72
12.22.2011-12:00:00,12,22,2011,12,904.3
12.22.2011-15:00:00,12,22,2011,15,899.41
12.22.2011-18:00:00,12,22,2011,18,894.81
12.22.2011-21:00:00,12,22,2011,21,889.81
12.23.2011-00:00:00,12,23,2011,00,885.09
12.23.2011-03:00:00,12,23,2011,03,880.49
12.23.2011-06:00:00,12,23,2011,06,876.08
12.23.2011-09:00:00,12,23,2011,09,871.48
12.23.2011-12:00:00,12,23,2011,12,866.95
12.23.2011-15:00:00,12,23,2011,15,862.51
12.23.2011-18:00:00,12,23,2011,18,858.37
12.23.2011-21:00:00,12,23,2011,21,854.33
12.24.2011-00:00:00,12,24,2011,00,849.99
12.24.2011-03:00:00,12,24,2011,03,845.46
12.24.2011-06:00:00,12,24,2011,06,841.18
12.24.2011-09:00:00,12,24,2011,09,836.7
12.24.2011-12:00:00,12,24,2011,12,832.12
12.24.2011-15:00:00,12,24,2011,15,828.19
12.24.2011-18:00:00,12,24,2011,18,824.51
12.24.2011-21:00:00,12,24,2011,21,821.55
12.25.2011-00:00:00,12,25,2011,00,818.06
12.25.2011-03:00:00,12,25,2011,03,814.53
12.25.2011-06:00:00,12,25,2011,06,810.61
12.25.2011-09:00:00,12,25,2011,09,806.75
12.25.2011-12:00:00,12,25,2011,12,802.91
12.25.2011-15:00:00,12,25,2011,15,798.54
12.25.2011-18:00:00,12,25,2011,18,794.37
12.25.2011-21:00:00,12,25,2011,21,790.48
12.26.2011-00:00:00,12,26,2011,00,787.11
12.26.2011-03:00:00,12,26,2011,03,783.18
12.26.2011-06:00:00,12,26,2011,06,779.34
12.26.2011-09:00:00,12,26,2011,09,775.53
12.26.2011-12:00:00,12,26,2011,12,771.71
12.26.2011-15:00:00,12,26,2011,15,767.82
12.26.2011-18:00:00,12,26,2011,18,763.84
12.26.2011-21:00:00,12,26,2011,21,759.91
12.27.2011-00:00:00,12,27,2011,00,756.12
12.27.2011-03:00:00,12,27,2011,03,752.28
12.27.2011-06:00:00,12,27,2011,06,748.6
12.27.2011-09:00:00,12,27,2011,09,744.9
12.27.2011-12:00:00,12,27,2011,12,741.25
12.27.2011-15:00:00,12,27,2011,15,737.86
12.27.2011-18:00:00,12,27,2011,18,734.38
12.27.2011-21:00:00,12,27,2011,21,731.34
12.28.2011-00:00:00,12,28,2011,00,728.01
12.28.2011-03:00:00,12,28,2011,03,725
12.28.2011-06:00:00,12,28,2011,06,722.05
12.28.2011-09:00:00,12,28,2011,09,718.96
12.28.2011-12:00:00,12,28,2011,12,715.68
12.28.2011-15:00:00,12,28,2011,15,712.87
12.28.2011-18:00:00,12,28,2011,18,710.04
12.28.2011-21:00:00,12,28,2011,21,707.74
12.29.2011-00:00:00,12,29,2011,00,706.75
12.29.2011-03:00:00,12,29,2011,03,711.76
12.29.2011-06:00:00,12,29,2011,06,724.41
12.29.2011-09:00:00,12,29,2011,09,748.48
12.29.2011-12:00:00,12,29,2011,12,788.78
12.29.2011-15:00:00,12,29,2011,15,840.83
12.29.2011-18:00:00,12,29,2011,18,900.04
12.29.2011-21:00:00,12,29,2011,21,964.66
12.30.2011-00:00:00,12,30,2011,00,1026.6
12.30.2011-03:00:00,12,30,2011,03,1090.4
12.30.2011-06:00:00,12,30,2011,06,1156.5
12.30.2011-09:00:00,12,30,2011,09,1245.1
12.30.2011-12:00:00,12,30,2011,12,1366.5
12.30.2011-15:00:00,12,30,2011,15,1522.5
12.30.2011-18:00:00,12,30,2011,18,1697.4
12.30.2011-21:00:00,12,30,2011,21,1883.3
12.31.2011-00:00:00,12,31,2011,00,2057.4
12.31.2011-03:00:00,12,31,2011,03,2239.7
12.31.2011-06:00:00,12,31,2011,06,2385.9
12.31.2011-09:00:00,12,31,2011,09,2564.2
12.31.2011-12:00:00,12,31,2011,12,2817.6
12.31.2011-15:00:00,12,31,2011,15,2941
12.31.2011-18:00:00,12,31,2011,18,3108
12.31.2011-21:00:00,12,31,2011,21,3226.2
01.01.2012-00:00:00,01,01,2012,00,3385.6
01.01.2012-03:00:00,01,01,2012,03,3455.3
01.01.2012-06:00:00,01,01,2012,06,3564.7
01.01.2012-09:00:00,01,01,2012,09,3646.4
01.01.2012-12:00:00,01,01,2012,12,3695.3
01.01.2012-15:00:00,01,01,2012,15,3766.1
01.01.2012-18:00:00,01,01,2012,18,3768.7
01.01.2012-21:00:00,01,01,2012,21,3797.4
01.02.2012-00:00:00,01,02,2012,00,3803.7
01.02.2012-03:00:00,01,02,2012,03,3820.7
01.02.2012-06:00:00,01,02,2012,06,3821.8
01.02.2012-09:00:00,01,02,2012,09,3808.5
01.02.2012-12:00:00,01,02,2012,12,3812.2
01.02.2012-15:00:00,01,02,2012,15,3791.2
01.02.2012-18:00:00,01,02,2012,18,3764.5
01.02.2012-21:00:00,01,02,2012,21,3733.6
01.03.2012-00:00:00,01,03,2012,00,3717
01.03.2012-03:00:00,01,03,2012,03,3689.8
01.03.2012-06:00:00,01,03,2012,06,3666.1
01.03.2012-09:00:00,01,03,2012,09,3620.4
01.03.2012-12:00:00,01,03,2012,12,3586
01.03.2012-15:00:00,01,03,2012,15,3550.4
01.03.2012-18:00:00,01,03,2012,18,3520.4
01.03.2012-21:00:00,01,03,2012,21,3489.9
01.04.2012-00:00:00,01,04,2012,00,3459.5
01.04.2012-03:00:00,01,04,2012,03,3416.1
01.04.2012-06:00:00,01,04,2012,06,3373
01.04.2012-09:00:00,01,04,2012,09,3336.5
01.04.2012-12:00:00,01,04,2012,12,3298.9
01.04.2012-15:00:00,01,04,2012,15,3261.2
01.04.2012-18:00:00,01,04,2012,18,3225.5
01.04.2012-21:00:00,01,04,2012,21,3203.6
01.05.2012-00:00:00,01,05,2012,00,3153.7
01.05.2012-03:00:00,01,05,2012,03,3116.7
01.05.2012-06:00:00,01,05,2012,06,3080.3
01.05.2012-09:00:00,01,05,2012,09,3049
01.05.2012-12:00:00,01,05,2012,12,3009.8
01.05.2012-15:00:00,01,05,2012,15,2974.2
01.05.2012-18:00:00,01,05,2012,18,2939.7
01.05.2012-21:00:00,01,05,2012,21,2904.7
01.06.2012-00:00:00,01,06,2012,00,2870.7
01.06.2012-03:00:00,01,06,2012,03,2839
01.06.2012-06:00:00,01,06,2012,06,2808.6
01.06.2012-09:00:00,01,06,2012,09,2778.2
01.06.2012-12:00:00,01,06,2012,12,2746.7
01.06.2012-15:00:00,01,06,2012,15,2716.6
01.06.2012-18:00:00,01,06,2012,18,2686.5
01.06.2012-21:00:00,01,06,2012,21,2658.9
01.07.2012-00:00:00,01,07,2012,00,2632
01.07.2012-03:00:00,01,07,2012,03,2604.8
01.07.2012-06:00:00,01,07,2012,06,2577.8
01.07.2012-09:00:00,01,07,2012,09,2549.7
01.07.2012-12:00:00,01,07,2012,12,2521.7
01.07.2012-15:00:00,01,07,2012,15,2494.1
01.07.2012-18:00:00,01,07,2012,18,2468.4
01.07.2012-21:00:00,01,07,2012,21,2442.3
01.08.2012-00:00:00,01,08,2012,00,2417.3
01.08.2012-03:00:00,01,08,2012,03,2391.5
01.08.2012-06:00:00,01,08,2012,06,2368.1
01.08.2012-09:00:00,01,08,2012,09,2344.4
01.08.2012-12:00:00,01,08,2012,12,2321.5
01.08.2012-15:00:00,01,08,2012,15,2298.8
01.08.2012-18:00:00,01,08,2012,18,2276.9
01.08.2012-21:00:00,01,08,2012,21,2255.4
01.09.2012-00:00:00,01,09,2012,00,2233
01.09.2012-03:00:00,01,09,2012,03,2211.7
01.09.2012-06:00:00,01,09,2012,06,2189.5
01.09.2012-09:00:00,01,09,2012,09,2169.4
01.09.2012-12:00:00,01,09,2012,12,2150.3
01.09.2012-15:00:00,01,09,2012,15,2129.6
01.09.2012-18:00:00,01,09,2012,18,2108.5
01.09.2012-21:00:00,01,09,2012,21,2088.4
01.10.2012-00:00:00,01,10,2012,00,2068.7
01.10.2012-03:00:00,01,10,2012,03,2048.7
01.10.2012-06:00:00,01,10,2012,06,2031
01.10.2012-09:00:00,01,10,2012,09,2012.1
01.10.2012-12:00:00,01,10,2012,12,1993.6
01.10.2012-15:00:00,01,10,2012,15,1975.5
01.10.2012-18:00:00,01,10,2012,18,1957.1
01.10.2012-21:00:00,01,10,2012,21,1939.4
01.11.2012-00:00:00,01,11,2012,00,1922.3
01.11.2012-03:00:00,01,11,2012,03,1905.1
01.11.2012-06:00:00,01,11,2012,06,1888.2
01.11.2012-09:00:00,01,11,2012,09,1870.7
01.11.2012-12:00:00,01,11,2012,12,1853.4
01.11.2012-15:00:00,01,11,2012,15,1836.4
01.11.2012-18:00:00,01,11,2012,18,1820.9
01.11.2012-21:00:00,01,11,2012,21,1805.4
01.12.2012-00:00:00,01,12,2012,00,1789.5
01.12.2012-03:00:00,01,12,2012,03,1774.5
01.12.2012-06:00:00,01,12,2012,06,1760.8
01.12.2012-09:00:00,01,12,2012,09,1745.5
01.12.2012-12:00:00,01,12,2012,12,1729.8
01.12.2012-15:00:00,01,12,2012,15,1715.3
01.12.2012-18:00:00,01,12,2012,18,1700.7
01.12.2012-21:00:00,01,12,2012,21,1685.9
01.13.2012-00:00:00,01,13,2012,00,1672.3
01.13.2012-03:00:00,01,13,2012,03,1658.3
01.13.2012-06:00:00,01,13,2012,06,1644.1
01.13.2012-09:00:00,01,13,2012,09,1630.6
01.13.2012-12:00:00,01,13,2012,12,1617.7
01.13.2012-15:00:00,01,13,2012,15,1604.7
01.13.2012-18:00:00,01,13,2012,18,1592
01.13.2012-21:00:00,01,13,2012,21,1578.7
01.14.2012-00:00:00,01,14,2012,00,1566.9
01.14.2012-03:00:00,01,14,2012,03,1554
01.14.2012-06:00:00,01,14,2012,06,1541.6
01.14.2012-09:00:00,01,14,2012,09,1528.8
01.14.2012-12:00:00,01,14,2012,12,1516.3
01.14.2012-15:00:00,01,14,2012,15,1503.9
01.14.2012-18:00:00,01,14,2012,18,1491.5
01.14.2012-21:00:00,01,14,2012,21,1479.3
01.15.2012-00:00:00,01,15,2012,00,1467.7
01.15.2012-03:00:00,01,15,2012,03,1456.6
01.15.2012-06:00:00,01,15,2012,06,1445.7
01.15.2012-09:00:00,01,15,2012,09,1434.8
01.15.2012-12:00:00,01,15,2012,12,1423.4
01.15.2012-15:00:00,01,15,2012,15,1412.1
01.15.2012-18:00:00,01,15,2012,18,1400.6
01.15.2012-21:00:00,01,15,2012,21,1389.4
01.16.2012-00:00:00,01,16,2012,00,1378.7
01.16.2012-03:00:00,01,16,2012,03,1367.7
01.16.2012-06:00:00,01,16,2012,06,1357
01.16.2012-09:00:00,01,16,2012,09,1347.1
01.16.2012-12:00:00,01,16,2012,12,1336.7
01.16.2012-15:00:00,01,16,2012,15,1326.7
01.16.2012-18:00:00,01,16,2012,18,1316.1
01.16.2012-21:00:00,01,16,2012,21,1306
01.17.2012-00:00:00,01,17,2012,00,1296.4
01.17.2012-03:00:00,01,17,2012,03,1286.7
01.17.2012-06:00:00,01,17,2012,06,1276.7
01.17.2012-09:00:00,01,17,2012,09,1266.6
01.17.2012-12:00:00,01,17,2012,12,1256.9
01.17.2012-15:00:00,01,17,2012,15,1247.3
01.17.2012-18:00:00,01,17,2012,18,1237.4
01.17.2012-21:00:00,01,17,2012,21,1227.6
01.18.2012-00:00:00,01,18,2012,00,1218.4
01.18.2012-03:00:00,01,18,2012,03,1209.2
01.18.2012-06:00:00,01,18,2012,06,1199.8
01.18.2012-09:00:00,01,18,2012,09,1190.6
01.18.2012-12:00:00,01,18,2012,12,1181.9
01.18.2012-15:00:00,01,18,2012,15,1173.9
01.18.2012-18:00:00,01,18,2012,18,1165.4
01.18.2012-21:00:00,01,18,2012,21,1157.6
01.19.2012-00:00:00,01,19,2012,00,1148.8
01.19.2012-03:00:00,01,19,2012,03,1140.6
01.19.2012-06:00:00,01,19,2012,06,1132.4
01.19.2012-09:00:00,01,19,2012,09,1125
01.19.2012-12:00:00,01,19,2012,12,1116.8
01.19.2012-15:00:00,01,19,2012,15,1108.8
01.19.2012-18:00:00,01,19,2012,18,1100.5
01.19.2012-21:00:00,01,19,2012,21,1092.7
01.20.2012-00:00:00,01,20,2012,00,1085.2
01.20.2012-03:00:00,01,20,2012,03,1077.4
01.20.2012-06:00:00,01,20,2012,06,1069.7
01.20.2012-09:00:00,01,20,2012,09,1061.8
01.20.2012-12:00:00,01,20,2012,12,1054.1
01.20.2012-15:00:00,01,20,2012,15,1046.5
01.20.2012-18:00:00,01,20,2012,18,1039.1
01.20.2012-21:00:00,01,20,2012,21,1031.8
01.21.2012-00:00:00,01,21,2012,00,1024.7
01.21.2012-03:00:00,01,21,2012,03,1017.5
01.21.2012-06:00:00,01,21,2012,06,1010.2
01.21.2012-09:00:00,01,21,2012,09,1003
01.21.2012-12:00:00,01,21,2012,12,996.28
01.21.2012-15:00:00,01,21,2012,15,989.33
01.21.2012-18:00:00,01,21,2012,18,982.84
01.21.2012-21:00:00,01,21,2012,21,976.04
01.22.2012-00:00:00,01,22,2012,00,969.42
01.22.2012-03:00:00,01,22,2012,03,962.65
01.22.2012-06:00:00,01,22,2012,06,955.87
01.22.2012-09:00:00,01,22,2012,09,949.59
01.22.2012-12:00:00,01,22,2012,12,943.2
01.22.2012-15:00:00,01,22,2012,15,936.55
01.22.2012-18:00:00,01,22,2012,18,930.16
01.22.2012-21:00:00,01,22,2012,21,923.95
01.23.2012-00:00:00,01,23,2012,00,917.72
01.23.2012-03:00:00,01,23,2012,03,911.64
01.23.2012-06:00:00,01,23,2012,06,905.3
01.23.2012-09:00:00,01,23,2012,09,899.09
01.23.2012-12:00:00,01,23,2012,12,893.16
01.23.2012-15:00:00,01,23,2012,15,887.27
01.23.2012-18:00:00,01,23,2012,18,882.16
01.23.2012-21:00:00,01,23,2012,21,877.01
01.24.2012-00:00:00,01,24,2012,00,871.4
01.24.2012-03:00:00,01,24,2012,03,865.81
01.24.2012-06:00:00,01,24,2012,06,860.35
01.24.2012-09:00:00,01,24,2012,09,854.89
01.24.2012-12:00:00,01,24,2012,12,849.56
01.24.2012-15:00:00,01,24,2012,15,844.1
01.24.2012-18:00:00,01,24,2012,18,838.65
01.24.2012-21:00:00,01,24,2012,21,833.46
01.25.2012-00:00:00,01,25,2012,00,828.12
01.25.2012-03:00:00,01,25,2012,03,822.8
01.25.2012-06:00:00,01,25,2012,06,817.77
01.25.2012-09:00:00,01,25,2012,09,812.51
01.25.2012-12:00:00,01,25,2012,12,807.4
01.25.2012-15:00:00,01,25,2012,15,802.29
01.25.2012-18:00:00,01,25,2012,18,797.47
01.25.2012-21:00:00,01,25,2012,21,792.66
01.26.2012-00:00:00,01,26,2012,00,788.24
01.26.2012-03:00:00,01,26,2012,03,783.68
01.26.2012-06:00:00,01,26,2012,06,778.95
01.26.2012-09:00:00,01,26,2012,09,774.39
01.26.2012-12:00:00,01,26,2012,12,769.76
01.26.2012-15:00:00,01,26,2012,15,765.3
01.26.2012-18:00:00,01,26,2012,18,760.77
01.26.2012-21:00:00,01,26,2012,21,756.16
01.27.2012-00:00:00,01,27,2012,00,751.77
01.27.2012-03:00:00,01,27,2012,03,747.27
01.27.2012-06:00:00,01,27,2012,06,743.08
01.27.2012-09:00:00,01,27,2012,09,738.89
01.27.2012-12:00:00,01,27,2012,12,734.66
01.27.2012-15:00:00,01,27,2012,15,730.45
01.27.2012-18:00:00,01,27,2012,18,726.24
01.27.2012-21:00:00,01,27,2012,21,721.98
01.28.2012-00:00:00,01,28,2012,00,717.8
01.28.2012-03:00:00,01,28,2012,03,713.63
01.28.2012-06:00:00,01,28,2012,06,709.8
01.28.2012-09:00:00,01,28,2012,09,706.05
01.28.2012-12:00:00,01,28,2012,12,702.23
01.28.2012-15:00:00,01,28,2012,15,698.45
01.28.2012-18:00:00,01,28,2012,18,694.48
01.28.2012-21:00:00,01,28,2012,21,690.39
01.29.2012-00:00:00,01,29,2012,00,686.27
01.29.2012-03:00:00,01,29,2012,03,682.57
01.29.2012-06:00:00,01,29,2012,06,679.67
01.29.2012-09:00:00,01,29,2012,09,676.19
01.29.2012-12:00:00,01,29,2012,12,672.37
01.29.2012-15:00:00,01,29,2012,15,668.52
01.29.2012-18:00:00,01,29,2012,18,664.55
01.29.2012-21:00:00,01,29,2012,21,660.83
01.30.2012-00:00:00,01,30,2012,00,657.18
01.30.2012-03:00:00,01,30,2012,03,653.65
01.30.2012-06:00:00,01,30,2012,06,650.41
01.30.2012-09:00:00,01,30,2012,09,647.02
01.30.2012-12:00:00,01,30,2012,12,643.44
01.30.2012-15:00:00,01,30,2012,15,639.95
01.30.2012-18:00:00,01,30,2012,18,636.66
01.30.2012-21:00:00,01,30,2012,21,633.36
01.31.2012-00:00:00,01,31,2012,00,629.99
01.31.2012-03:00:00,01,31,2012,03,626.66
01.31.2012-06:00:00,01,31,2012,06,623.38
01.31.2012-09:00:00,01,31,2012,09,620.09
01.31.2012-12:00:00,01,31,2012,12,617.01
01.31.2012-15:00:00,01,31,2012,15,614.15
01.31.2012-18:00:00,01,31,2012,18,611.35
01.31.2012-21:00:00,01,31,2012,21,608.41
02.01.2012-00:00:00,02,01,2012,00,605.5
02.01.2012-03:00:00,02,01,2012,03,602.48
02.01.2012-06:00:00,02,01,2012,06,599.67
02.01.2012-09:00:00,02,01,2012,09,596.72
02.01.2012-12:00:00,02,01,2012,12,593.58
02.01.2012-15:00:00,02,01,2012,15,590.68
02.01.2012-18:00:00,02,01,2012,18,587.86
02.01.2012-21:00:00,02,01,2012,21,584.92
02.02.2012-00:00:00,02,02,2012,00,582.26
02.02.2012-03:00:00,02,02,2012,03,579.93
02.02.2012-06:00:00,02,02,2012,06,577.38
02.02.2012-09:00:00,02,02,2012,09,574.75
02.02.2012-12:00:00,02,02,2012,12,571.93
02.02.2012-15:00:00,02,02,2012,15,569.16
02.02.2012-18:00:00,02,02,2012,18,566.32
02.02.2012-21:00:00,02,02,2012,21,563.75
02.03.2012-00:00:00,02,03,2012,00,561.31
02.03.2012-03:00:00,02,03,2012,03,558.8
02.03.2012-06:00:00,02,03,2012,06,556.35
02.03.2012-09:00:00,02,03,2012,09,553.96
02.03.2012-12:00:00,02,03,2012,12,551.23
02.03.2012-15:00:00,02,03,2012,15,548.67
02.03.2012-18:00:00,02,03,2012,18,546.12
02.03.2012-21:00:00,02,03,2012,21,543.76
02.04.2012-00:00:00,02,04,2012,00,541.27
02.04.2012-03:00:00,02,04,2012,03,538.72
02.04.2012-06:00:00,02,04,2012,06,536.06
02.04.2012-09:00:00,02,04,2012,09,533.61
02.04.2012-12:00:00,02,04,2012,12,531.15
02.04.2012-15:00:00,02,04,2012,15,528.64
02.04.2012-18:00:00,02,04,2012,18,526.25
02.04.2012-21:00:00,02,04,2012,21,523.79
02.05.2012-00:00:00,02,05,2012,00,521.49
02.05.2012-03:00:00,02,05,2012,03,518.95
02.05.2012-06:00:00,02,05,2012,06,516.48
02.05.2012-09:00:00,02,05,2012,09,513.99
02.05.2012-12:00:00,02,05,2012,12,511.5
02.05.2012-15:00:00,02,05,2012,15,509.27
02.05.2012-18:00:00,02,05,2012,18,507.2
02.05.2012-21:00:00,02,05,2012,21,505.15
02.06.2012-00:00:00,02,06,2012,00,503.07
02.06.2012-03:00:00,02,06,2012,03,500.84
02.06.2012-06:00:00,02,06,2012,06,498.63
02.06.2012-09:00:00,02,06,2012,09,496.45
02.06.2012-12:00:00,02,06,2012,12,494.08
02.06.2012-15:00:00,02,06,2012,15,491.89
02.06.2012-18:00:00,02,06,2012,18,489.63
02.06.2012-21:00:00,02,06,2012,21,487.45
02.07.2012-00:00:00,02,07,2012,00,485.22
02.07.2012-03:00:00,02,07,2012,03,482.88
02.07.2012-06:00:00,02,07,2012,06,480.6
02.07.2012-09:00:00,02,07,2012,09,478.2
02.07.2012-12:00:00,02,07,2012,12,476.02
02.07.2012-15:00:00,02,07,2012,15,474.01
02.07.2012-18:00:00,02,07,2012,18,472.13
02.07.2012-21:00:00,02,07,2012,21,470.13
02.08.2012-00:00:00,02,08,2012,00,468.07
02.08.2012-03:00:00,02,08,2012,03,465.87
02.08.2012-06:00:00,02,08,2012,06,463.85
02.08.2012-09:00:00,02,08,2012,09,461.75
02.08.2012-12:00:00,02,08,2012,12,459.78
02.08.2012-15:00:00,02,08,2012,15,457.91
02.08.2012-18:00:00,02,08,2012,18,456
02.08.2012-21:00:00,02,08,2012,21,453.94
02.09.2012-00:00:00,02,09,2012,00,451.98
02.09.2012-03:00:00,02,09,2012,03,450.04
02.09.2012-06:00:00,02,09,2012,06,448.12
02.09.2012-09:00:00,02,09,2012,09,446.45
02.09.2012-12:00:00,02,09,2012,12,444.91
02.09.2012-15:00:00,02,09,2012,15,443.19
02.09.2012-18:00:00,02,09,2012,18,441.32
02.09.2012-21:00:00,02,09,2012,21,439.53
02.10.2012-00:00:00,02,10,2012,00,437.61
02.10.2012-03:00:00,02,10,2012,03,435.72
02.10.2012-06:00:00,02,10,2012,06,433.89
02.10.2012-09:00:00,02,10,2012,09,432.02
02.10.2012-12:00:00,02,10,2012,12,430.21
02.10.2012-15:00:00,02,10,2012,15,428.37
02.10.2012-18:00:00,02,10,2012,18,426.7
02.10.2012-21:00:00,02,10,2012,21,425.14
02.11.2012-00:00:00,02,11,2012,00,423.5
02.11.2012-03:00:00,02,11,2012,03,421.94
02.11.2012-06:00:00,02,11,2012,06,420.39
02.11.2012-09:00:00,02,11,2012,09,418.79
02.11.2012-12:00:00,02,11,2012,12,417.26
02.11.2012-15:00:00,02,11,2012,15,415.6
02.11.2012-18:00:00,02,11,2012,18,414.01
02.11.2012-21:00:00,02,11,2012,21,412.4
02.12.2012-00:00:00,02,12,2012,00,410.79
02.12.2012-03:00:00,02,12,2012,03,409.14
02.12.2012-06:00:00,02,12,2012,06,407.61
02.12.2012-09:00:00,02,12,2012,09,405.96
02.12.2012-12:00:00,02,12,2012,12,404.4
02.12.2012-15:00:00,02,12,2012,15,402.88
02.12.2012-18:00:00,02,12,2012,18,401.33
02.12.2012-21:00:00,02,12,2012,21,400.09
02.13.2012-00:00:00,02,13,2012,00,398.59
02.13.2012-03:00:00,02,13,2012,03,397.25
02.13.2012-06:00:00,02,13,2012,06,395.73
02.13.2012-09:00:00,02,13,2012,09,394.12
02.13.2012-12:00:00,02,13,2012,12,392.43
02.13.2012-15:00:00,02,13,2012,15,390.91
02.13.2012-18:00:00,02,13,2012,18,389.45
02.13.2012-21:00:00,02,13,2012,21,388.14
02.14.2012-00:00:00,02,14,2012,00,386.79
02.14.2012-03:00:00,02,14,2012,03,385.62
02.14.2012-06:00:00,02,14,2012,06,384.22
02.14.2012-09:00:00,02,14,2012,09,382.73
02.14.2012-12:00:00,02,14,2012,12,381.21
02.14.2012-15:00:00,02,14,2012,15,379.7
02.14.2012-18:00:00,02,14,2012,18,378.29
02.14.2012-21:00:00,02,14,2012,21,376.93
02.15.2012-00:00:00,02,15,2012,00,375.61
02.15.2012-03:00:00,02,15,2012,03,374.25
02.15.2012-06:00:00,02,15,2012,06,372.79
02.15.2012-09:00:00,02,15,2012,09,371.26
02.15.2012-12:00:00,02,15,2012,12,369.73
02.15.2012-15:00:00,02,15,2012,15,368.38
02.15.2012-18:00:00,02,15,2012,18,367.18
02.15.2012-21:00:00,02,15,2012,21,365.87
02.16.2012-00:00:00,02,16,2012,00,364.47
02.16.2012-03:00:00,02,16,2012,03,363.19
02.16.2012-06:00:00,02,16,2012,06,361.97
02.16.2012-09:00:00,02,16,2012,09,360.61
02.16.2012-12:00:00,02,16,2012,12,359.15
02.16.2012-15:00:00,02,16,2012,15,357.8
02.16.2012-18:00:00,02,16,2012,18,356.4
02.16.2012-21:00:00,02,16,2012,21,355
02.17.2012-00:00:00,02,17,2012,00,353.68
02.17.2012-03:00:00,02,17,2012,03,352.54
02.17.2012-06:00:00,02,17,2012,06,351.22
02.17.2012-09:00:00,02,17,2012,09,349.97
02.17.2012-12:00:00,02,17,2012,12,348.8
02.17.2012-15:00:00,02,17,2012,15,347.65
02.17.2012-18:00:00,02,17,2012,18,346.4
02.17.2012-21:00:00,02,17,2012,21,345.29
02.18.2012-00:00:00,02,18,2012,00,344.16
02.18.2012-03:00:00,02,18,2012,03,343.08
02.18.2012-06:00:00,02,18,2012,06,341.89
02.18.2012-09:00:00,02,18,2012,09,340.67
02.18.2012-12:00:00,02,18,2012,12,339.4
02.18.2012-15:00:00,02,18,2012,15,338.3
02.18.2012-18:00:00,02,18,2012,18,337.13
02.18.2012-21:00:00,02,18,2012,21,335.97
02.19.2012-00:00:00,02,19,2012,00,334.79
02.19.2012-03:00:00,02,19,2012,03,333.61
02.19.2012-06:00:00,02,19,2012,06,332.41
02.19.2012-09:00:00,02,19,2012,09,331.19
02.19.2012-12:00:00,02,19,2012,12,329.97
02.19.2012-15:00:00,02,19,2012,15,328.79
02.19.2012-18:00:00,02,19,2012,18,327.72
02.19.2012-21:00:00,02,19,2012,21,326.74
02.20.2012-00:00:00,02,20,2012,00,325.63
02.20.2012-03:00:00,02,20,2012,03,324.6
02.20.2012-06:00:00,02,20,2012,06,323.45
02.20.2012-09:00:00,02,20,2012,09,322.37
02.20.2012-12:00:00,02,20,2012,12,321.41
02.20.2012-15:00:00,02,20,2012,15,320.41
02.20.2012-18:00:00,02,20,2012,18,319.38
02.20.2012-21:00:00,02,20,2012,21,318.3
02.21.2012-00:00:00,02,21,2012,00,317.29
02.21.2012-03:00:00,02,21,2012,03,316.33
02.21.2012-06:00:00,02,21,2012,06,315.24
02.21.2012-09:00:00,02,21,2012,09,314.09
02.21.2012-12:00:00,02,21,2012,12,313.08
02.21.2012-15:00:00,02,21,2012,15,312.06
02.21.2012-18:00:00,02,21,2012,18,311.14
02.21.2012-21:00:00,02,21,2012,21,310.08
02.22.2012-00:00:00,02,22,2012,00,309.09
02.22.2012-03:00:00,02,22,2012,03,308.12
02.22.2012-06:00:00,02,22,2012,06,307.15
02.22.2012-09:00:00,02,22,2012,09,306.2
02.22.2012-12:00:00,02,22,2012,12,305.48
02.22.2012-15:00:00,02,22,2012,15,305.26
02.22.2012-18:00:00,02,22,2012,18,305.68
02.22.2012-21:00:00,02,22,2012,21,306.66
02.23.2012-00:00:00,02,23,2012,00,307.79
02.23.2012-03:00:00,02,23,2012,03,308.81
02.23.2012-06:00:00,02,23,2012,06,309.73
02.23.2012-09:00:00,02,23,2012,09,311.14
02.23.2012-12:00:00,02,23,2012,12,314.82
02.23.2012-15:00:00,02,23,2012,15,322.01
02.23.2012-18:00:00,02,23,2012,18,332.04
02.23.2012-21:00:00,02,23,2012,21,341.47
02.24.2012-00:00:00,02,24,2012,00,349.21
02.24.2012-03:00:00,02,24,2012,03,354.31
02.24.2012-06:00:00,02,24,2012,06,358.13
02.24.2012-09:00:00,02,24,2012,09,361.28
02.24.2012-12:00:00,02,24,2012,12,364.13
02.24.2012-15:00:00,02,24,2012,15,367
02.24.2012-18:00:00,02,24,2012,18,369.69
02.24.2012-21:00:00,02,24,2012,21,372.26
02.25.2012-00:00:00,02,25,2012,00,374.51
02.25.2012-03:00:00,02,25,2012,03,376.53
02.25.2012-06:00:00,02,25,2012,06,378.4
02.25.2012-09:00:00,02,25,2012,09,380.31
02.25.2012-12:00:00,02,25,2012,12,381.97
02.25.2012-15:00:00,02,25,2012,15,383.58
02.25.2012-18:00:00,02,25,2012,18,384.98
02.25.2012-21:00:00,02,25,2012,21,386.22
02.26.2012-00:00:00,02,26,2012,00,387.18
02.26.2012-03:00:00,02,26,2012,03,388.12
02.26.2012-06:00:00,02,26,2012,06,388.92
02.26.2012-09:00:00,02,26,2012,09,389.72
02.26.2012-12:00:00,02,26,2012,12,390.28
02.26.2012-15:00:00,02,26,2012,15,390.82
02.26.2012-18:00:00,02,26,2012,18,391.21
02.26.2012-21:00:00,02,26,2012,21,391.36
02.27.2012-00:00:00,02,27,2012,00,391.39
02.27.2012-03:00:00,02,27,2012,03,391.32
02.27.2012-06:00:00,02,27,2012,06,391.22
02.27.2012-09:00:00,02,27,2012,09,391.2
02.27.2012-12:00:00,02,27,2012,12,390.95
02.27.2012-15:00:00,02,27,2012,15,390.77
02.27.2012-18:00:00,02,27,2012,18,390.39
02.27.2012-21:00:00,02,27,2012,21,389.88
02.28.2012-00:00:00,02,28,2012,00,389.42
02.28.2012-03:00:00,02,28,2012,03,388.84
02.28.2012-06:00:00,02,28,2012,06,388.24
02.28.2012-09:00:00,02,28,2012,09,387.76
02.28.2012-12:00:00,02,28,2012,12,387.12
02.28.2012-15:00:00,02,28,2012,15,386.34
02.28.2012-18:00:00,02,28,2012,18,385.46
02.28.2012-21:00:00,02,28,2012,21,384.56
02.29.2012-00:00:00,02,29,2012,00,383.65
02.29.2012-03:00:00,02,29,2012,03,382.72
02.29.2012-06:00:00,02,29,2012,06,381.99
02.29.2012-09:00:00,02,29,2012,09,381.14
02.29.2012-12:00:00,02,29,2012,12,380.22
02.29.2012-15:00:00,02,29,2012,15,379.28
02.29.2012-18:00:00,02,29,2012,18,378.24
02.29.2012-21:00:00,02,29,2012,21,377.22
03.01.2012-00:00:00,03,01,2012,00,376.18
03.01.2012-03:00:00,03,01,2012,03,375.26
03.01.2012-06:00:00,03,01,2012,06,374.32
03.01.2012-09:00:00,03,01,2012,09,373.22
03.01.2012-12:00:00,03,01,2012,12,372.1
03.01.2012-15:00:00,03,01,2012,15,370.93
03.01.2012-18:00:00,03,01,2012,18,369.8
03.01.2012-21:00:00,03,01,2012,21,368.68
03.02.2012-00:00:00,03,02,2012,00,367.53
03.02.2012-03:00:00,03,02,2012,03,366.32
03.02.2012-06:00:00,03,02,2012,06,365.17
03.02.2012-09:00:00,03,02,2012,09,364.11
03.02.2012-12:00:00,03,02,2012,12,362.85
03.02.2012-15:00:00,03,02,2012,15,361.6
03.02.2012-18:00:00,03,02,2012,18,360.28
03.02.2012-21:00:00,03,02,2012,21,358.99
03.03.2012-00:00:00,03,03,2012,00,357.75
03.03.2012-03:00:00,03,03,2012,03,356.49
03.03.2012-06:00:00,03,03,2012,06,355.27
03.03.2012-09:00:00,03,03,2012,09,354.04
03.03.2012-12:00:00,03,03,2012,12,353
03.03.2012-15:00:00,03,03,2012,15,351.92
03.03.2012-18:00:00,03,03,2012,18,350.68
03.03.2012-21:00:00,03,03,2012,21,349.5
03.04.2012-00:00:00,03,04,2012,00,348.19
03.04.2012-03:00:00,03,04,2012,03,346.91
03.04.2012-06:00:00,03,04,2012,06,345.71
03.04.2012-09:00:00,03,04,2012,09,344.35
03.04.2012-12:00:00,03,04,2012,12,343.05
03.04.2012-15:00:00,03,04,2012,15,341.8
03.04.2012-18:00:00,03,04,2012,18,340.46
03.04.2012-21:00:00,03,04,2012,21,339.28
03.05.2012-00:00:00,03,05,2012,00,338.08
03.05.2012-03:00:00,03,05,2012,03,336.83
03.05.2012-06:00:00,03,05,2012,06,335.65
03.05.2012-09:00:00,03,05,2012,09,334.08
03.05.2012-12:00:00,03,05,2012,12,332.51
03.05.2012-15:00:00,03,05,2012,15,331.2
03.05.2012-18:00:00,03,05,2012,18,330.06
03.05.2012-21:00:00,03,05,2012,21,329.35
03.06.2012-00:00:00,03,06,2012,00,328.51
03.06.2012-03:00:00,03,06,2012,03,327.71
03.06.2012-06:00:00,03,06,2012,06,326.82
03.06.2012-09:00:00,03,06,2012,09,325.78
03.06.2012-12:00:00,03,06,2012,12,324.62
03.06.2012-15:00:00,03,06,2012,15,323.48
03.06.2012-18:00:00,03,06,2012,18,322.34
03.06.2012-21:00:00,03,06,2012,21,321.13
03.07.2012-00:00:00,03,07,2012,00,319.9
03.07.2012-03:00:00,03,07,2012,03,318.69
03.07.2012-06:00:00,03,07,2012,06,317.5
03.07.2012-09:00:00,03,07,2012,09,316.36
03.07.2012-12:00:00,03,07,2012,12,315.15
03.07.2012-15:00:00,03,07,2012,15,313.98
03.07.2012-18:00:00,03,07,2012,18,312.85
03.07.2012-21:00:00,03,07,2012,21,311.68
03.08.2012-00:00:00,03,08,2012,00,310.57
03.08.2012-03:00:00,03,08,2012,03,309.36
03.08.2012-06:00:00,03,08,2012,06,308.16
03.08.2012-09:00:00,03,08,2012,09,306.84
03.08.2012-12:00:00,03,08,2012,12,305.45
03.08.2012-15:00:00,03,08,2012,15,304.19
03.08.2012-18:00:00,03,08,2012,18,302.97
03.08.2012-21:00:00,03,08,2012,21,301.75
03.09.2012-00:00:00,03,09,2012,00,300.56
03.09.2012-03:00:00,03,09,2012,03,299.41
03.09.2012-06:00:00,03,09,2012,06,298.29
03.09.2012-09:00:00,03,09,2012,09,296.94
03.09.2012-12:00:00,03,09,2012,12,295.56
03.09.2012-15:00:00,03,09,2012,15,294.37
03.09.2012-18:00:00,03,09,2012,18,293.14
03.09.2012-21:00:00,03,09,2012,21,291.93
03.10.2012-00:00:00,03,10,2012,00,290.77
03.10.2012-03:00:00,03,10,2012,03,289.55
03.10.2012-06:00:00,03,10,2012,06,288.37
03.10.2012-09:00:00,03,10,2012,09,286.97
03.10.2012-12:00:00,03,10,2012,12,285.53
03.10.2012-15:00:00,03,10,2012,15,284.33
03.10.2012-18:00:00,03,10,2012,18,283.15
03.10.2012-21:00:00,03,10,2012,21,281.97
03.11.2012-00:00:00,03,11,2012,00,280.81
03.11.2012-03:00:00,03,11,2012,03,279.71
03.11.2012-06:00:00,03,11,2012,06,278.57
03.11.2012-09:00:00,03,11,2012,09,277.4
03.11.2012-12:00:00,03,11,2012,12,276.31
03.11.2012-15:00:00,03,11,2012,15,275.53
03.11.2012-18:00:00,03,11,2012,18,275.07
03.11.2012-21:00:00,03,11,2012,21,274.92
03.12.2012-00:00:00,03,12,2012,00,274.9
03.12.2012-03:00:00,03,12,2012,03,274.86
03.12.2012-06:00:00,03,12,2012,06,274.81
03.12.2012-09:00:00,03,12,2012,09,274.58
03.12.2012-12:00:00,03,12,2012,12,274.01
03.12.2012-15:00:00,03,12,2012,15,273.53
03.12.2012-18:00:00,03,12,2012,18,273.04
03.12.2012-21:00:00,03,12,2012,21,272.53
03.13.2012-00:00:00,03,13,2012,00,272.04
03.13.2012-03:00:00,03,13,2012,03,271.55
03.13.2012-06:00:00,03,13,2012,06,271.17
03.13.2012-09:00:00,03,13,2012,09,270.82
03.13.2012-12:00:00,03,13,2012,12,270.73
03.13.2012-15:00:00,03,13,2012,15,270.86
03.13.2012-18:00:00,03,13,2012,18,271.13
03.13.2012-21:00:00,03,13,2012,21,271.48
03.14.2012-00:00:00,03,14,2012,00,271.78
03.14.2012-03:00:00,03,14,2012,03,272.04
03.14.2012-06:00:00,03,14,2012,06,272.19
03.14.2012-09:00:00,03,14,2012,09,272.06
03.14.2012-12:00:00,03,14,2012,12,271.93
03.14.2012-15:00:00,03,14,2012,15,271.73
03.14.2012-18:00:00,03,14,2012,18,271.52
03.14.2012-21:00:00,03,14,2012,21,271.29
03.15.2012-00:00:00,03,15,2012,00,270.93
03.15.2012-03:00:00,03,15,2012,03,270.64
03.15.2012-06:00:00,03,15,2012,06,270.33
03.15.2012-09:00:00,03,15,2012,09,269.95
03.15.2012-12:00:00,03,15,2012,12,269.5
03.15.2012-15:00:00,03,15,2012,15,269.13
03.15.2012-18:00:00,03,15,2012,18,268.62
03.15.2012-21:00:00,03,15,2012,21,268.17
03.16.2012-00:00:00,03,16,2012,00,267.64
03.16.2012-03:00:00,03,16,2012,03,267.12
03.16.2012-06:00:00,03,16,2012,06,266.57
03.16.2012-09:00:00,03,16,2012,09,266.1
03.16.2012-12:00:00,03,16,2012,12,266.13
03.16.2012-15:00:00,03,16,2012,15,267.43
03.16.2012-18:00:00,03,16,2012,18,270.05
03.16.2012-21:00:00,03,16,2012,21,273.97
03.17.2012-00:00:00,03,17,2012,00,277.51
03.17.2012-03:00:00,03,17,2012,03,280.26
03.17.2012-06:00:00,03,17,2012,06,282.21
03.17.2012-09:00:00,03,17,2012,09,283.87
03.17.2012-12:00:00,03,17,2012,12,286.18
03.17.2012-15:00:00,03,17,2012,15,290.14
03.17.2012-18:00:00,03,17,2012,18,295.75
03.17.2012-21:00:00,03,17,2012,21,301.46
03.18.2012-00:00:00,03,18,2012,00,306.63
03.18.2012-03:00:00,03,18,2012,03,311.26
03.18.2012-06:00:00,03,18,2012,06,315.37
03.18.2012-09:00:00,03,18,2012,09,318.17
03.18.2012-12:00:00,03,18,2012,12,320.04
03.18.2012-15:00:00,03,18,2012,15,322.11
03.18.2012-18:00:00,03,18,2012,18,323.93
03.18.2012-21:00:00,03,18,2012,21,325.54
03.19.2012-00:00:00,03,19,2012,00,326.95
03.19.2012-03:00:00,03,19,2012,03,328.2
03.19.2012-06:00:00,03,19,2012,06,329.31
03.19.2012-09:00:00,03,19,2012,09,330.25
03.19.2012-12:00:00,03,19,2012,12,331.07
03.19.2012-15:00:00,03,19,2012,15,332.01
03.19.2012-18:00:00,03,19,2012,18,332.64
03.19.2012-21:00:00,03,19,2012,21,333.12
03.20.2012-00:00:00,03,20,2012,00,333.47
03.20.2012-03:00:00,03,20,2012,03,333.73
03.20.2012-06:00:00,03,20,2012,06,333.88
03.20.2012-09:00:00,03,20,2012,09,333.98
03.20.2012-12:00:00,03,20,2012,12,334.02
03.20.2012-15:00:00,03,20,2012,15,333.98
03.20.2012-18:00:00,03,20,2012,18,333.9
03.20.2012-21:00:00,03,20,2012,21,333.69
03.21.2012-00:00:00,03,21,2012,00,333.41
03.21.2012-03:00:00,03,21,2012,03,333.06
03.21.2012-06:00:00,03,21,2012,06,332.82
03.21.2012-09:00:00,03,21,2012,09,332.4
03.21.2012-12:00:00,03,21,2012,12,331.91
03.21.2012-15:00:00,03,21,2012,15,331.52
03.21.2012-18:00:00,03,21,2012,18,331.45
03.21.2012-21:00:00,03,21,2012,21,331.69
03.22.2012-00:00:00,03,22,2012,00,331.93
03.22.2012-03:00:00,03,22,2012,03,332.07
03.22.2012-06:00:00,03,22,2012,06,332.2
03.22.2012-09:00:00,03,22,2012,09,332.01
03.22.2012-12:00:00,03,22,2012,12,331.55
03.22.2012-15:00:00,03,22,2012,15,331.13
03.22.2012-18:00:00,03,22,2012,18,330.67
03.22.2012-21:00:00,03,22,2012,21,330.16
03.23.2012-00:00:00,03,23,2012,00,329.61
03.23.2012-03:00:00,03,23,2012,03,329.01
03.23.2012-06:00:00,03,23,2012,06,328.43
03.23.2012-09:00:00,03,23,2012,09,327.92
03.23.2012-12:00:00,03,23,2012,12,327.27
03.23.2012-15:00:00,03,23,2012,15,326.58
03.23.2012-18:00:00,03,23,2012,18,325.87
03.23.2012-21:00:00,03,23,2012,21,325.05
03.24.2012-00:00:00,03,24,2012,00,324.2
03.24.2012-03:00:00,03,24,2012,03,323.35
03.24.2012-06:00:00,03,24,2012,06,322.46
03.24.2012-09:00:00,03,24,2012,09,321.45
03.24.2012-12:00:00,03,24,2012,12,320.41
03.24.2012-15:00:00,03,24,2012,15,319.44
03.24.2012-18:00:00,03,24,2012,18,318.53
03.24.2012-21:00:00,03,24,2012,21,317.53
03.25.2012-00:00:00,03,25,2012,00,316.52
03.25.2012-03:00:00,03,25,2012,03,315.46
03.25.2012-06:00:00,03,25,2012,06,314.43
03.25.2012-09:00:00,03,25,2012,09,313.43
03.25.2012-12:00:00,03,25,2012,12,312.27
03.25.2012-15:00:00,03,25,2012,15,311.2
03.25.2012-18:00:00,03,25,2012,18,310.15
03.25.2012-21:00:00,03,25,2012,21,309.07
03.26.2012-00:00:00,03,26,2012,00,307.94
03.26.2012-03:00:00,03,26,2012,03,306.82
03.26.2012-06:00:00,03,26,2012,06,305.73
03.26.2012-09:00:00,03,26,2012,09,304.52
03.26.2012-12:00:00,03,26,2012,12,303.32
03.26.2012-15:00:00,03,26,2012,15,302.15
03.26.2012-18:00:00,03,26,2012,18,300.98
03.26.2012-21:00:00,03,26,2012,21,299.84
03.27.2012-00:00:00,03,27,2012,00,298.7
03.27.2012-03:00:00,03,27,2012,03,297.55
03.27.2012-06:00:00,03,27,2012,06,296.4
03.27.2012-09:00:00,03,27,2012,09,295.21
03.27.2012-12:00:00,03,27,2012,12,293.97
03.27.2012-15:00:00,03,27,2012,15,292.82
03.27.2012-18:00:00,03,27,2012,18,291.69
03.27.2012-21:00:00,03,27,2012,21,290.59
03.28.2012-00:00:00,03,28,2012,00,289.55
03.28.2012-03:00:00,03,28,2012,03,288.55
03.28.2012-06:00:00,03,28,2012,06,287.62
03.28.2012-09:00:00,03,28,2012,09,286.73
03.28.2012-12:00:00,03,28,2012,12,285.9
03.28.2012-15:00:00,03,28,2012,15,285.15
03.28.2012-18:00:00,03,28,2012,18,284.68
03.28.2012-21:00:00,03,28,2012,21,284.56
03.29.2012-00:00:00,03,29,2012,00,284.68
03.29.2012-03:00:00,03,29,2012,03,284.93
03.29.2012-06:00:00,03,29,2012,06,285.24
03.29.2012-09:00:00,03,29,2012,09,285.73
03.29.2012-12:00:00,03,29,2012,12,287.46
03.29.2012-15:00:00,03,29,2012,15,291.34
03.29.2012-18:00:00,03,29,2012,18,296.84
03.29.2012-21:00:00,03,29,2012,21,302.91
03.30.2012-00:00:00,03,30,2012,00,323.95
03.30.2012-03:00:00,03,30,2012,03,366.35
03.30.2012-06:00:00,03,30,2012,06,414.18
03.30.2012-09:00:00,03,30,2012,09,469.79
03.30.2012-12:00:00,03,30,2012,12,540.98
03.30.2012-15:00:00,03,30,2012,15,630.79
03.30.2012-18:00:00,03,30,2012,18,738.75
03.30.2012-21:00:00,03,30,2012,21,863.15
03.31.2012-00:00:00,03,31,2012,00,976.74
03.31.2012-03:00:00,03,31,2012,03,1072.5
03.31.2012-06:00:00,03,31,2012,06,1173
03.31.2012-09:00:00,03,31,2012,09,1295.4
03.31.2012-12:00:00,03,31,2012,12,1473.2
03.31.2012-15:00:00,03,31,2012,15,1735.9
03.31.2012-18:00:00,03,31,2012,18,2022.5
03.31.2012-21:00:00,03,31,2012,21,2366.8
04.01.2012-00:00:00,04,01,2012,00,2572
04.01.2012-03:00:00,04,01,2012,03,2774.7
04.01.2012-06:00:00,04,01,2012,06,2986.2
04.01.2012-09:00:00,04,01,2012,09,3235.3
04.01.2012-12:00:00,04,01,2012,12,3504.9
04.01.2012-15:00:00,04,01,2012,15,3715.1
04.01.2012-18:00:00,04,01,2012,18,3837.1
04.01.2012-21:00:00,04,01,2012,21,4008.8
04.02.2012-00:00:00,04,02,2012,00,4001
04.02.2012-03:00:00,04,02,2012,03,4154.5
04.02.2012-06:00:00,04,02,2012,06,4178.5
04.02.2012-09:00:00,04,02,2012,09,4196.2
04.02.2012-12:00:00,04,02,2012,12,4326.2
04.02.2012-15:00:00,04,02,2012,15,4444
04.02.2012-18:00:00,04,02,2012,18,4436.7
04.02.2012-21:00:00,04,02,2012,21,4400.9
04.03.2012-00:00:00,04,03,2012,00,4324.1
04.03.2012-03:00:00,04,03,2012,03,4315.5
04.03.2012-06:00:00,04,03,2012,06,4304.6
04.03.2012-09:00:00,04,03,2012,09,4267.3
04.03.2012-12:00:00,04,03,2012,12,4278.7
04.03.2012-15:00:00,04,03,2012,15,4324.8
04.03.2012-18:00:00,04,03,2012,18,4260.9
04.03.2012-21:00:00,04,03,2012,21,4217.3
04.04.2012-00:00:00,04,04,2012,00,4179.1
04.04.2012-03:00:00,04,04,2012,03,4148.6
04.04.2012-06:00:00,04,04,2012,06,4100.3
04.04.2012-09:00:00,04,04,2012,09,4098.7
04.04.2012-12:00:00,04,04,2012,12,4199.4
04.04.2012-15:00:00,04,04,2012,15,4113.2
04.04.2012-18:00:00,04,04,2012,18,4100.7
04.04.2012-21:00:00,04,04,2012,21,4070.3
04.05.2012-00:00:00,04,05,2012,00,4008.3
04.05.2012-03:00:00,04,05,2012,03,3984.3
04.05.2012-06:00:00,04,05,2012,06,3943.8
04.05.2012-09:00:00,04,05,2012,09,3886.2
04.05.2012-12:00:00,04,05,2012,12,3953.1
04.05.2012-15:00:00,04,05,2012,15,3948.3
04.05.2012-18:00:00,04,05,2012,18,3870.6
04.05.2012-21:00:00,04,05,2012,21,3849.5
04.06.2012-00:00:00,04,06,2012,00,3806.9
04.06.2012-03:00:00,04,06,2012,03,3804.9
04.06.2012-06:00:00,04,06,2012,06,3761.9
04.06.2012-09:00:00,04,06,2012,09,3701.9
04.06.2012-12:00:00,04,06,2012,12,3638.7
04.06.2012-15:00:00,04,06,2012,15,3616
04.06.2012-18:00:00,04,06,2012,18,3585.6
04.06.2012-21:00:00,04,06,2012,21,3536.4
04.07.2012-00:00:00,04,07,2012,00,3498.4
04.07.2012-03:00:00,04,07,2012,03,3460.4
04.07.2012-06:00:00,04,07,2012,06,3428.6
04.07.2012-09:00:00,04,07,2012,09,3373.8
04.07.2012-12:00:00,04,07,2012,12,3346
04.07.2012-15:00:00,04,07,2012,15,3289
04.07.2012-18:00:00,04,07,2012,18,3230.5
04.07.2012-21:00:00,04,07,2012,21,3186.9
04.08.2012-00:00:00,04,08,2012,00,3159.9
04.08.2012-03:00:00,04,08,2012,03,3149.2
04.08.2012-06:00:00,04,08,2012,06,3083.1
04.08.2012-09:00:00,04,08,2012,09,3022.7
04.08.2012-12:00:00,04,08,2012,12,2975.8
04.08.2012-15:00:00,04,08,2012,15,2936.5
04.08.2012-18:00:00,04,08,2012,18,2908.8
04.08.2012-21:00:00,04,08,2012,21,2862
04.09.2012-00:00:00,04,09,2012,00,2824.2
04.09.2012-03:00:00,04,09,2012,03,2787.4
04.09.2012-06:00:00,04,09,2012,06,2751.1
04.09.2012-09:00:00,04,09,2012,09,2712.9
04.09.2012-12:00:00,04,09,2012,12,2676.5
04.09.2012-15:00:00,04,09,2012,15,2647.6
04.09.2012-18:00:00,04,09,2012,18,2612.7
04.09.2012-21:00:00,04,09,2012,21,2589.6
04.10.2012-00:00:00,04,10,2012,00,2553.7
04.10.2012-03:00:00,04,10,2012,03,2547.4
04.10.2012-06:00:00,04,10,2012,06,2497.5
04.10.2012-09:00:00,04,10,2012,09,2463.1
04.10.2012-12:00:00,04,10,2012,12,2471.1
04.10.2012-15:00:00,04,10,2012,15,2480.5
04.10.2012-18:00:00,04,10,2012,18,2496.4
04.10.2012-21:00:00,04,10,2012,21,2492.9
04.11.2012-00:00:00,04,11,2012,00,2513.8
04.11.2012-03:00:00,04,11,2012,03,2539.3
04.11.2012-06:00:00,04,11,2012,06,2513.6
04.11.2012-09:00:00,04,11,2012,09,2562.8
04.11.2012-12:00:00,04,11,2012,12,2706.4
04.11.2012-15:00:00,04,11,2012,15,2756
04.11.2012-18:00:00,04,11,2012,18,2824.4
04.11.2012-21:00:00,04,11,2012,21,2862.6
04.12.2012-00:00:00,04,12,2012,00,2953.9
04.12.2012-03:00:00,04,12,2012,03,3023.1
04.12.2012-06:00:00,04,12,2012,06,3071
04.12.2012-09:00:00,04,12,2012,09,3266.1
04.12.2012-12:00:00,04,12,2012,12,3414.9
04.12.2012-15:00:00,04,12,2012,15,3509.5
04.12.2012-18:00:00,04,12,2012,18,3628
04.12.2012-21:00:00,04,12,2012,21,3758
04.13.2012-00:00:00,04,13,2012,00,3782.6
04.13.2012-03:00:00,04,13,2012,03,3865.6
04.13.2012-06:00:00,04,13,2012,06,3941.8
04.13.2012-09:00:00,04,13,2012,09,3928
04.13.2012-12:00:00,04,13,2012,12,4148.7
04.13.2012-15:00:00,04,13,2012,15,4250
04.13.2012-18:00:00,04,13,2012,18,4268.8
04.13.2012-21:00:00,04,13,2012,21,4295.1
04.14.2012-00:00:00,04,14,2012,00,4288
04.14.2012-03:00:00,04,14,2012,03,4311.1
04.14.2012-06:00:00,04,14,2012,06,4309.2
04.14.2012-09:00:00,04,14,2012,09,4313.7
04.14.2012-12:00:00,04,14,2012,12,4700.4
04.14.2012-15:00:00,04,14,2012,15,4712
04.14.2012-18:00:00,04,14,2012,18,4691
04.14.2012-21:00:00,04,14,2012,21,4718.1
04.15.2012-00:00:00,04,15,2012,00,4669.8
04.15.2012-03:00:00,04,15,2012,03,4653.7
04.15.2012-06:00:00,04,15,2012,06,4742.3
04.15.2012-09:00:00,04,15,2012,09,4821.2
04.15.2012-12:00:00,04,15,2012,12,5082.5
04.15.2012-15:00:00,04,15,2012,15,5081.9
04.15.2012-18:00:00,04,15,2012,18,5064.2
04.15.2012-21:00:00,04,15,2012,21,5025.2
04.16.2012-00:00:00,04,16,2012,00,5034.5
04.16.2012-03:00:00,04,16,2012,03,5064.7
04.16.2012-06:00:00,04,16,2012,06,5045.6
04.16.2012-09:00:00,04,16,2012,09,5374.7
04.16.2012-12:00:00,04,16,2012,12,5705.4
04.16.2012-15:00:00,04,16,2012,15,5733
04.16.2012-18:00:00,04,16,2012,18,5684.3
04.16.2012-21:00:00,04,16,2012,21,5711.6
04.17.2012-00:00:00,04,17,2012,00,5861.6
04.17.2012-03:00:00,04,17,2012,03,5786.3
04.17.2012-06:00:00,04,17,2012,06,5926.9
04.17.2012-09:00:00,04,17,2012,09,6280.7
04.17.2012-12:00:00,04,17,2012,12,6665.4
04.17.2012-15:00:00,04,17,2012,15,6658.9
04.17.2012-18:00:00,04,17,2012,18,6810.1
04.17.2012-21:00:00,04,17,2012,21,6912.2
04.18.2012-00:00:00,04,18,2012,00,6665.3
04.18.2012-03:00:00,04,18,2012,03,6665.8
04.18.2012-06:00:00,04,18,2012,06,6652.5
04.18.2012-09:00:00,04,18,2012,09,6887.8
04.18.2012-12:00:00,04,18,2012,12,7477.7
04.18.2012-15:00:00,04,18,2012,15,7233.3
04.18.2012-18:00:00,04,18,2012,18,7157.3
04.18.2012-21:00:00,04,18,2012,21,7062.6
04.19.2012-00:00:00,04,19,2012,00,6968.5
04.19.2012-03:00:00,04,19,2012,03,6975.3
04.19.2012-06:00:00,04,19,2012,06,6962.8
04.19.2012-09:00:00,04,19,2012,09,6846.5
04.19.2012-12:00:00,04,19,2012,12,7172.2
04.19.2012-15:00:00,04,19,2012,15,7300.8
04.19.2012-18:00:00,04,19,2012,18,7127.7
04.19.2012-21:00:00,04,19,2012,21,7056.6
04.20.2012-00:00:00,04,20,2012,00,7285.5
04.20.2012-03:00:00,04,20,2012,03,6949
04.20.2012-06:00:00,04,20,2012,06,7421.3
04.20.2012-09:00:00,04,20,2012,09,8491.4
04.20.2012-12:00:00,04,20,2012,12,9553.9
04.20.2012-15:00:00,04,20,2012,15,9947.6
04.20.2012-18:00:00,04,20,2012,18,10407
04.20.2012-21:00:00,04,20,2012,21,10956
04.21.2012-00:00:00,04,21,2012,00,9801.3
04.21.2012-03:00:00,04,21,2012,03,9734.9
04.21.2012-06:00:00,04,21,2012,06,9764.3
04.21.2012-09:00:00,04,21,2012,09,10085
04.21.2012-12:00:00,04,21,2012,12,11340
04.21.2012-15:00:00,04,21,2012,15,11105
04.21.2012-18:00:00,04,21,2012,18,10774
04.21.2012-21:00:00,04,21,2012,21,10643
04.22.2012-00:00:00,04,22,2012,00,10181
04.22.2012-03:00:00,04,22,2012,03,10114
04.22.2012-06:00:00,04,22,2012,06,10039
04.22.2012-09:00:00,04,22,2012,09,10749
04.22.2012-12:00:00,04,22,2012,12,12477
04.22.2012-15:00:00,04,22,2012,15,12080
04.22.2012-18:00:00,04,22,2012,18,11507
04.22.2012-21:00:00,04,22,2012,21,11187
04.23.2012-00:00:00,04,23,2012,00,11051
04.23.2012-03:00:00,04,23,2012,03,10956
04.23.2012-06:00:00,04,23,2012,06,11030
04.23.2012-09:00:00,04,23,2012,09,13105
04.23.2012-12:00:00,04,23,2012,12,15152
04.23.2012-15:00:00,04,23,2012,15,14673
04.23.2012-18:00:00,04,23,2012,18,14567
04.23.2012-21:00:00,04,23,2012,21,14236
04.24.2012-00:00:00,04,24,2012,00,14079
04.24.2012-03:00:00,04,24,2012,03,13814
04.24.2012-06:00:00,04,24,2012,06,13843
04.24.2012-09:00:00,04,24,2012,09,16617
04.24.2012-12:00:00,04,24,2012,12,19263
04.24.2012-15:00:00,04,24,2012,15,18514
04.24.2012-18:00:00,04,24,2012,18,18171
04.24.2012-21:00:00,04,24,2012,21,17764
04.25.2012-00:00:00,04,25,2012,00,17411
04.25.2012-03:00:00,04,25,2012,03,17074
04.25.2012-06:00:00,04,25,2012,06,17008
04.25.2012-09:00:00,04,25,2012,09,20075
04.25.2012-12:00:00,04,25,2012,12,22171
04.25.2012-15:00:00,04,25,2012,15,20364
04.25.2012-18:00:00,04,25,2012,18,19643
04.25.2012-21:00:00,04,25,2012,21,19233
04.26.2012-00:00:00,04,26,2012,00,20181
04.26.2012-03:00:00,04,26,2012,03,20389
04.26.2012-06:00:00,04,26,2012,06,20726
04.26.2012-09:00:00,04,26,2012,09,23700
04.26.2012-12:00:00,04,26,2012,12,25634
04.26.2012-15:00:00,04,26,2012,15,24367
04.26.2012-18:00:00,04,26,2012,18,23988
04.26.2012-21:00:00,04,26,2012,21,24118
04.27.2012-00:00:00,04,27,2012,00,22800
04.27.2012-03:00:00,04,27,2012,03,21947
04.27.2012-06:00:00,04,27,2012,06,21852
04.27.2012-09:00:00,04,27,2012,09,22506
04.27.2012-12:00:00,04,27,2012,12,23946
04.27.2012-15:00:00,04,27,2012,15,23025
04.27.2012-18:00:00,04,27,2012,18,22060
04.27.2012-21:00:00,04,27,2012,21,21469
04.28.2012-00:00:00,04,28,2012,00,20779
04.28.2012-03:00:00,04,28,2012,03,20408
04.28.2012-06:00:00,04,28,2012,06,20136
04.28.2012-09:00:00,04,28,2012,09,21294
04.28.2012-12:00:00,04,28,2012,12,23544
04.28.2012-15:00:00,04,28,2012,15,21904
04.28.2012-18:00:00,04,28,2012,18,20707
04.28.2012-21:00:00,04,28,2012,21,19845
04.29.2012-00:00:00,04,29,2012,00,19367
04.29.2012-03:00:00,04,29,2012,03,19041
04.29.2012-06:00:00,04,29,2012,06,18660
04.29.2012-09:00:00,04,29,2012,09,21773
04.29.2012-12:00:00,04,29,2012,12,24658
04.29.2012-15:00:00,04,29,2012,15,22608
04.29.2012-18:00:00,04,29,2012,18,21247
04.29.2012-21:00:00,04,29,2012,21,20444
04.30.2012-00:00:00,04,30,2012,00,19914
04.30.2012-03:00:00,04,30,2012,03,19350
04.30.2012-06:00:00,04,30,2012,06,18954
04.30.2012-09:00:00,04,30,2012,09,20237
04.30.2012-12:00:00,04,30,2012,12,23359
04.30.2012-15:00:00,04,30,2012,15,22166
04.30.2012-18:00:00,04,30,2012,18,21025
04.30.2012-21:00:00,04,30,2012,21,20165
05.01.2012-00:00:00,05,01,2012,00,19999
05.01.2012-03:00:00,05,01,2012,03,19487
05.01.2012-06:00:00,05,01,2012,06,19471
05.01.2012-09:00:00,05,01,2012,09,20628
05.01.2012-12:00:00,05,01,2012,12,21561
05.01.2012-15:00:00,05,01,2012,15,20598
05.01.2012-18:00:00,05,01,2012,18,19956
05.01.2012-21:00:00,05,01,2012,21,19371
05.02.2012-00:00:00,05,02,2012,00,18722
05.02.2012-03:00:00,05,02,2012,03,18436
05.02.2012-06:00:00,05,02,2012,06,18214
05.02.2012-09:00:00,05,02,2012,09,19832
05.02.2012-12:00:00,05,02,2012,12,21694
05.02.2012-15:00:00,05,02,2012,15,20161
05.02.2012-18:00:00,05,02,2012,18,19048
05.02.2012-21:00:00,05,02,2012,21,18445
05.03.2012-00:00:00,05,03,2012,00,18029
05.03.2012-03:00:00,05,03,2012,03,17778
05.03.2012-06:00:00,05,03,2012,06,17463
05.03.2012-09:00:00,05,03,2012,09,17461
05.03.2012-12:00:00,05,03,2012,12,19488
05.03.2012-15:00:00,05,03,2012,15,19290
05.03.2012-18:00:00,05,03,2012,18,18378
05.03.2012-21:00:00,05,03,2012,21,17546
05.04.2012-00:00:00,05,04,2012,00,18406
05.04.2012-03:00:00,05,04,2012,03,17976
05.04.2012-06:00:00,05,04,2012,06,18305
05.04.2012-09:00:00,05,04,2012,09,19506
05.04.2012-12:00:00,05,04,2012,12,20296
05.04.2012-15:00:00,05,04,2012,15,19933
05.04.2012-18:00:00,05,04,2012,18,19706
05.04.2012-21:00:00,05,04,2012,21,19808
05.05.2012-00:00:00,05,05,2012,00,18136
05.05.2012-03:00:00,05,05,2012,03,17793
05.05.2012-06:00:00,05,05,2012,06,17895
05.05.2012-09:00:00,05,05,2012,09,19328
05.05.2012-12:00:00,05,05,2012,12,20726
05.05.2012-15:00:00,05,05,2012,15,19585
05.05.2012-18:00:00,05,05,2012,18,18856
05.05.2012-21:00:00,05,05,2012,21,18297
05.06.2012-00:00:00,05,06,2012,00,17848
05.06.2012-03:00:00,05,06,2012,03,17655
05.06.2012-06:00:00,05,06,2012,06,17434
05.06.2012-09:00:00,05,06,2012,09,19701
05.06.2012-12:00:00,05,06,2012,12,21601
05.06.2012-15:00:00,05,06,2012,15,19895
05.06.2012-18:00:00,05,06,2012,18,18890
05.06.2012-21:00:00,05,06,2012,21,18209
05.07.2012-00:00:00,05,07,2012,00,17761
05.07.2012-03:00:00,05,07,2012,03,17559
05.07.2012-06:00:00,05,07,2012,06,17292
05.07.2012-09:00:00,05,07,2012,09,19513
05.07.2012-12:00:00,05,07,2012,12,23568
05.07.2012-15:00:00,05,07,2012,15,21705
05.07.2012-18:00:00,05,07,2012,18,20075
05.07.2012-21:00:00,05,07,2012,21,19244
05.08.2012-00:00:00,05,08,2012,00,18722
05.08.2012-03:00:00,05,08,2012,03,18561
05.08.2012-06:00:00,05,08,2012,06,18659
05.08.2012-09:00:00,05,08,2012,09,23085
05.08.2012-12:00:00,05,08,2012,12,27038
05.08.2012-15:00:00,05,08,2012,15,25199
05.08.2012-18:00:00,05,08,2012,18,23823
05.08.2012-21:00:00,05,08,2012,21,23065
05.09.2012-00:00:00,05,09,2012,00,22680
05.09.2012-03:00:00,05,09,2012,03,21938
05.09.2012-06:00:00,05,09,2012,06,22377
05.09.2012-09:00:00,05,09,2012,09,27829
05.09.2012-12:00:00,05,09,2012,12,31990
05.09.2012-15:00:00,05,09,2012,15,29399
05.09.2012-18:00:00,05,09,2012,18,28100
05.09.2012-21:00:00,05,09,2012,21,27236
05.10.2012-00:00:00,05,10,2012,00,26605
05.10.2012-03:00:00,05,10,2012,03,25940
05.10.2012-06:00:00,05,10,2012,06,26022
05.10.2012-09:00:00,05,10,2012,09,28981
05.10.2012-12:00:00,05,10,2012,12,30589
05.10.2012-15:00:00,05,10,2012,15,28484
05.10.2012-18:00:00,05,10,2012,18,27075
05.10.2012-21:00:00,05,10,2012,21,26238
05.11.2012-00:00:00,05,11,2012,00,25473
05.11.2012-03:00:00,05,11,2012,03,25122
05.11.2012-06:00:00,05,11,2012,06,24824
05.11.2012-09:00:00,05,11,2012,09,27720
05.11.2012-12:00:00,05,11,2012,12,31387
05.11.2012-15:00:00,05,11,2012,15,28342
05.11.2012-18:00:00,05,11,2012,18,26290
05.11.2012-21:00:00,05,11,2012,21,25352
05.12.2012-00:00:00,05,12,2012,00,24799
05.12.2012-03:00:00,05,12,2012,03,24598
05.12.2012-06:00:00,05,12,2012,06,24201
05.12.2012-09:00:00,05,12,2012,09,27986
05.12.2012-12:00:00,05,12,2012,12,33887
05.12.2012-15:00:00,05,12,2012,15,30695
05.12.2012-18:00:00,05,12,2012,18,28487
05.12.2012-21:00:00,05,12,2012,21,27295
05.13.2012-00:00:00,05,13,2012,00,26757
05.13.2012-03:00:00,05,13,2012,03,26160
05.13.2012-06:00:00,05,13,2012,06,26459
05.13.2012-09:00:00,05,13,2012,09,33478
05.13.2012-12:00:00,05,13,2012,12,39034
05.13.2012-15:00:00,05,13,2012,15,36189
05.13.2012-18:00:00,05,13,2012,18,34578
05.13.2012-21:00:00,05,13,2012,21,33249
05.14.2012-00:00:00,05,14,2012,00,32488
05.14.2012-03:00:00,05,14,2012,03,31464
05.14.2012-06:00:00,05,14,2012,06,32089
05.14.2012-09:00:00,05,14,2012,09,40214
05.14.2012-12:00:00,05,14,2012,12,46684
05.14.2012-15:00:00,05,14,2012,15,43971
05.14.2012-18:00:00,05,14,2012,18,42040
05.14.2012-21:00:00,05,14,2012,21,40772
05.15.2012-00:00:00,05,15,2012,00,39858
05.15.2012-03:00:00,05,15,2012,03,38612
05.15.2012-06:00:00,05,15,2012,06,39580
05.15.2012-09:00:00,05,15,2012,09,48315
05.15.2012-12:00:00,05,15,2012,12,56006
05.15.2012-15:00:00,05,15,2012,15,53838
05.15.2012-18:00:00,05,15,2012,18,52244
05.15.2012-21:00:00,05,15,2012,21,50307
05.16.2012-00:00:00,05,16,2012,00,49303
05.16.2012-03:00:00,05,16,2012,03,47701
05.16.2012-06:00:00,05,16,2012,06,48193
05.16.2012-09:00:00,05,16,2012,09,57017
05.16.2012-12:00:00,05,16,2012,12,64418
05.16.2012-15:00:00,05,16,2012,15,62058
05.16.2012-18:00:00,05,16,2012,18,60078
05.16.2012-21:00:00,05,16,2012,21,58620
05.17.2012-00:00:00,05,17,2012,00,57397
05.17.2012-03:00:00,05,17,2012,03,56155
05.17.2012-06:00:00,05,17,2012,06,56828
05.17.2012-09:00:00,05,17,2012,09,65425
05.17.2012-12:00:00,05,17,2012,12,72210
05.17.2012-15:00:00,05,17,2012,15,69881
05.17.2012-18:00:00,05,17,2012,18,67742
05.17.2012-21:00:00,05,17,2012,21,66268
05.18.2012-00:00:00,05,18,2012,00,64750
05.18.2012-03:00:00,05,18,2012,03,63126
05.18.2012-06:00:00,05,18,2012,06,63300
05.18.2012-09:00:00,05,18,2012,09,70588
05.18.2012-12:00:00,05,18,2012,12,76468
05.18.2012-15:00:00,05,18,2012,15,73286
05.18.2012-18:00:00,05,18,2012,18,70611
05.18.2012-21:00:00,05,18,2012,21,68895
05.19.2012-00:00:00,05,19,2012,00,67836
05.19.2012-03:00:00,05,19,2012,03,66088
05.19.2012-06:00:00,05,19,2012,06,66508
05.19.2012-09:00:00,05,19,2012,09,74268
05.19.2012-12:00:00,05,19,2012,12,80613
05.19.2012-15:00:00,05,19,2012,15,78196
05.19.2012-18:00:00,05,19,2012,18,75992
05.19.2012-21:00:00,05,19,2012,21,74542
05.20.2012-00:00:00,05,20,2012,00,72568
05.20.2012-03:00:00,05,20,2012,03,71016
05.20.2012-06:00:00,05,20,2012,06,70705
05.20.2012-09:00:00,05,20,2012,09,79608
05.20.2012-12:00:00,05,20,2012,12,87362
05.20.2012-15:00:00,05,20,2012,15,84927
05.20.2012-18:00:00,05,20,2012,18,81834
05.20.2012-21:00:00,05,20,2012,21,79372
05.21.2012-00:00:00,05,21,2012,00,80934
05.21.2012-03:00:00,05,21,2012,03,81066
05.21.2012-06:00:00,05,21,2012,06,83013
05.21.2012-09:00:00,05,21,2012,09,90561
05.21.2012-12:00:00,05,21,2012,12,97798
05.21.2012-15:00:00,05,21,2012,15,98847
05.21.2012-18:00:00,05,21,2012,18,96974
05.21.2012-21:00:00,05,21,2012,21,96507
05.22.2012-00:00:00,05,22,2012,00,94186
05.22.2012-03:00:00,05,22,2012,03,92003
05.22.2012-06:00:00,05,22,2012,06,91846
05.22.2012-09:00:00,05,22,2012,09,97842
05.22.2012-12:00:00,05,22,2012,12,1.0167e+05
05.22.2012-15:00:00,05,22,2012,15,1.0057e+05
05.22.2012-18:00:00,05,22,2012,18,97204
05.22.2012-21:00:00,05,22,2012,21,95961
05.23.2012-00:00:00,05,23,2012,00,91584
05.23.2012-03:00:00,05,23,2012,03,88593
05.23.2012-06:00:00,05,23,2012,06,87720
05.23.2012-09:00:00,05,23,2012,09,92125
05.23.2012-12:00:00,05,23,2012,12,95433
05.23.2012-15:00:00,05,23,2012,15,92157
05.23.2012-18:00:00,05,23,2012,18,88750
05.23.2012-21:00:00,05,23,2012,21,85936
05.24.2012-00:00:00,05,24,2012,00,84335
05.24.2012-03:00:00,05,24,2012,03,82529
05.24.2012-06:00:00,05,24,2012,06,82277
05.24.2012-09:00:00,05,24,2012,09,85824
05.24.2012-12:00:00,05,24,2012,12,88885
05.24.2012-15:00:00,05,24,2012,15,85793
05.24.2012-18:00:00,05,24,2012,18,83316
05.24.2012-21:00:00,05,24,2012,21,80941
05.25.2012-00:00:00,05,25,2012,00,78211
05.25.2012-03:00:00,05,25,2012,03,75498
05.25.2012-06:00:00,05,25,2012,06,74141
05.25.2012-09:00:00,05,25,2012,09,76784
05.25.2012-12:00:00,05,25,2012,12,79879
05.25.2012-15:00:00,05,25,2012,15,77188
05.25.2012-18:00:00,05,25,2012,18,74025
05.25.2012-21:00:00,05,25,2012,21,71647
05.26.2012-00:00:00,05,26,2012,00,69403
05.26.2012-03:00:00,05,26,2012,03,67099
05.26.2012-06:00:00,05,26,2012,06,66436
05.26.2012-09:00:00,05,26,2012,09,72068
05.26.2012-12:00:00,05,26,2012,12,76583
05.26.2012-15:00:00,05,26,2012,15,73917
05.26.2012-18:00:00,05,26,2012,18,70627
05.26.2012-21:00:00,05,26,2012,21,68562
05.27.2012-00:00:00,05,27,2012,00,65943
05.27.2012-03:00:00,05,27,2012,03,63730
05.27.2012-06:00:00,05,27,2012,06,63297
05.27.2012-09:00:00,05,27,2012,09,70129
05.27.2012-12:00:00,05,27,2012,12,76244
05.27.2012-15:00:00,05,27,2012,15,73738
05.27.2012-18:00:00,05,27,2012,18,70605
05.27.2012-21:00:00,05,27,2012,21,68332
05.28.2012-00:00:00,05,28,2012,00,66320
05.28.2012-03:00:00,05,28,2012,03,64004
05.28.2012-06:00:00,05,28,2012,06,63824
05.28.2012-09:00:00,05,28,2012,09,70405
05.28.2012-12:00:00,05,28,2012,12,76045
05.28.2012-15:00:00,05,28,2012,15,73425
05.28.2012-18:00:00,05,28,2012,18,69991
05.28.2012-21:00:00,05,28,2012,21,68164
05.29.2012-00:00:00,05,29,2012,00,66303
05.29.2012-03:00:00,05,29,2012,03,64393
05.29.2012-06:00:00,05,29,2012,06,64397
05.29.2012-09:00:00,05,29,2012,09,71716
05.29.2012-12:00:00,05,29,2012,12,77767
05.29.2012-15:00:00,05,29,2012,15,75605
05.29.2012-18:00:00,05,29,2012,18,72780
05.29.2012-21:00:00,05,29,2012,21,71227
05.30.2012-00:00:00,05,30,2012,00,69587
05.30.2012-03:00:00,05,30,2012,03,68175
05.30.2012-06:00:00,05,30,2012,06,68419
05.30.2012-09:00:00,05,30,2012,09,74579
05.30.2012-12:00:00,05,30,2012,12,79453
05.30.2012-15:00:00,05,30,2012,15,77070
05.30.2012-18:00:00,05,30,2012,18,74485
05.30.2012-21:00:00,05,30,2012,21,73104
05.31.2012-00:00:00,05,31,2012,00,71170
05.31.2012-03:00:00,05,31,2012,03,69680
05.31.2012-06:00:00,05,31,2012,06,70247
05.31.2012-09:00:00,05,31,2012,09,78546
05.31.2012-12:00:00,05,31,2012,12,85431
05.31.2012-15:00:00,05,31,2012,15,84655
05.31.2012-18:00:00,05,31,2012,18,82682
05.31.2012-21:00:00,05,31,2012,21,81434
06.01.2012-00:00:00,06,01,2012,00,79549
06.01.2012-03:00:00,06,01,2012,03,78509
06.01.2012-06:00:00,06,01,2012,06,79181
06.01.2012-09:00:00,06,01,2012,09,88786
06.01.2012-12:00:00,06,01,2012,12,96641
06.01.2012-15:00:00,06,01,2012,15,96402
06.01.2012-18:00:00,06,01,2012,18,93004
06.01.2012-21:00:00,06,01,2012,21,91889
06.02.2012-00:00:00,06,02,2012,00,89991
06.02.2012-03:00:00,06,02,2012,03,87961
06.02.2012-06:00:00,06,02,2012,06,89516
06.02.2012-09:00:00,06,02,2012,09,98030
06.02.2012-12:00:00,06,02,2012,12,1.0467e+05
06.02.2012-15:00:00,06,02,2012,15,1.0452e+05
06.02.2012-18:00:00,06,02,2012,18,1.0081e+05
06.02.2012-21:00:00,06,02,2012,21,1.0057e+05
06.03.2012-00:00:00,06,03,2012,00,96881
06.03.2012-03:00:00,06,03,2012,03,95207
06.03.2012-06:00:00,06,03,2012,06,95229
06.03.2012-09:00:00,06,03,2012,09,1.0444e+05
06.03.2012-12:00:00,06,03,2012,12,1.1072e+05
06.03.2012-15:00:00,06,03,2012,15,1.0984e+05
06.03.2012-18:00:00,06,03,2012,18,1.0556e+05
06.03.2012-21:00:00,06,03,2012,21,1.041e+05
06.04.2012-00:00:00,06,04,2012,00,1.0085e+05
06.04.2012-03:00:00,06,04,2012,03,98895
06.04.2012-06:00:00,06,04,2012,06,97224
06.04.2012-09:00:00,06,04,2012,09,1.0391e+05
06.04.2012-12:00:00,06,04,2012,12,1.0765e+05
06.04.2012-15:00:00,06,04,2012,15,1.0638e+05
06.04.2012-18:00:00,06,04,2012,18,1.0114e+05
06.04.2012-21:00:00,06,04,2012,21,99227
06.05.2012-00:00:00,06,05,2012,00,1.0169e+05
06.05.2012-03:00:00,06,05,2012,03,1.0316e+05
06.05.2012-06:00:00,06,05,2012,06,1.0421e+05
06.05.2012-09:00:00,06,05,2012,09,1.0966e+05
06.05.2012-12:00:00,06,05,2012,12,1.1306e+05
06.05.2012-15:00:00,06,05,2012,15,1.1577e+05
06.05.2012-18:00:00,06,05,2012,18,1.1494e+05
06.05.2012-21:00:00,06,05,2012,21,1.1633e+05
06.06.2012-00:00:00,06,06,2012,00,1.0845e+05
06.06.2012-03:00:00,06,06,2012,03,1.055e+05
06.06.2012-06:00:00,06,06,2012,06,1.0351e+05
06.06.2012-09:00:00,06,06,2012,09,1.0726e+05
06.06.2012-12:00:00,06,06,2012,12,1.0784e+05
06.06.2012-15:00:00,06,06,2012,15,1.0579e+05
06.06.2012-18:00:00,06,06,2012,18,1.013e+05
06.06.2012-21:00:00,06,06,2012,21,99303
06.07.2012-00:00:00,06,07,2012,00,95740
06.07.2012-03:00:00,06,07,2012,03,93147
06.07.2012-06:00:00,06,07,2012,06,90988
06.07.2012-09:00:00,06,07,2012,09,92148
06.07.2012-12:00:00,06,07,2012,12,93992
06.07.2012-15:00:00,06,07,2012,15,91930
06.07.2012-18:00:00,06,07,2012,18,88433
06.07.2012-21:00:00,06,07,2012,21,86235
06.08.2012-00:00:00,06,08,2012,00,85871
06.08.2012-03:00:00,06,08,2012,03,82767
06.08.2012-06:00:00,06,08,2012,06,82510
06.08.2012-09:00:00,06,08,2012,09,84010
06.08.2012-12:00:00,06,08,2012,12,85493
06.08.2012-15:00:00,06,08,2012,15,85302
06.08.2012-18:00:00,06,08,2012,18,83579
06.08.2012-21:00:00,06,08,2012,21,82439
06.09.2012-00:00:00,06,09,2012,00,77494
06.09.2012-03:00:00,06,09,2012,03,75034
06.09.2012-06:00:00,06,09,2012,06,72974
06.09.2012-09:00:00,06,09,2012,09,72106
06.09.2012-12:00:00,06,09,2012,12,74207
06.09.2012-15:00:00,06,09,2012,15,73296
06.09.2012-18:00:00,06,09,2012,18,70393
06.09.2012-21:00:00,06,09,2012,21,68089
06.10.2012-00:00:00,06,10,2012,00,67041
06.10.2012-03:00:00,06,10,2012,03,65746
06.10.2012-06:00:00,06,10,2012,06,64990
06.10.2012-09:00:00,06,10,2012,09,66067
06.10.2012-12:00:00,06,10,2012,12,66394
06.10.2012-15:00:00,06,10,2012,15,64986
06.10.2012-18:00:00,06,10,2012,18,63192
06.10.2012-21:00:00,06,10,2012,21,61970
06.11.2012-00:00:00,06,11,2012,00,59580
06.11.2012-03:00:00,06,11,2012,03,57792
06.11.2012-06:00:00,06,11,2012,06,57581
06.11.2012-09:00:00,06,11,2012,09,61678
06.11.2012-12:00:00,06,11,2012,12,65370
06.11.2012-15:00:00,06,11,2012,15,62997
06.11.2012-18:00:00,06,11,2012,18,60964
06.11.2012-21:00:00,06,11,2012,21,58924
06.12.2012-00:00:00,06,12,2012,00,57593
06.12.2012-03:00:00,06,12,2012,03,55607
06.12.2012-06:00:00,06,12,2012,06,55563
06.12.2012-09:00:00,06,12,2012,09,61509
06.12.2012-12:00:00,06,12,2012,12,67917
06.12.2012-15:00:00,06,12,2012,15,66736
06.12.2012-18:00:00,06,12,2012,18,65213
06.12.2012-21:00:00,06,12,2012,21,63278
06.13.2012-00:00:00,06,13,2012,00,63102
06.13.2012-03:00:00,06,13,2012,03,61912
06.13.2012-06:00:00,06,13,2012,06,63382
06.13.2012-09:00:00,06,13,2012,09,69033
06.13.2012-12:00:00,06,13,2012,12,74456
06.13.2012-15:00:00,06,13,2012,15,73964
06.13.2012-18:00:00,06,13,2012,18,73818
06.13.2012-21:00:00,06,13,2012,21,72986
06.14.2012-00:00:00,06,14,2012,00,72799
06.14.2012-03:00:00,06,14,2012,03,71686
06.14.2012-06:00:00,06,14,2012,06,72851
06.14.2012-09:00:00,06,14,2012,09,77983
06.14.2012-12:00:00,06,14,2012,12,82921
06.14.2012-15:00:00,06,14,2012,15,82052
06.14.2012-18:00:00,06,14,2012,18,81162
06.14.2012-21:00:00,06,14,2012,21,80192
06.15.2012-00:00:00,06,15,2012,00,78231
06.15.2012-03:00:00,06,15,2012,03,76245
06.15.2012-06:00:00,06,15,2012,06,76788
06.15.2012-09:00:00,06,15,2012,09,84122
06.15.2012-12:00:00,06,15,2012,12,90604
06.15.2012-15:00:00,06,15,2012,15,90011
06.15.2012-18:00:00,06,15,2012,18,88452
06.15.2012-21:00:00,06,15,2012,21,86531
06.16.2012-00:00:00,06,16,2012,00,84777
06.16.2012-03:00:00,06,16,2012,03,82456
06.16.2012-06:00:00,06,16,2012,06,82304
06.16.2012-09:00:00,06,16,2012,09,89229
06.16.2012-12:00:00,06,16,2012,12,98183
06.16.2012-15:00:00,06,16,2012,15,97124
06.16.2012-18:00:00,06,16,2012,18,95977
06.16.2012-21:00:00,06,16,2012,21,93358
06.17.2012-00:00:00,06,17,2012,00,93136
06.17.2012-03:00:00,06,17,2012,03,91719
06.17.2012-06:00:00,06,17,2012,06,94412
06.17.2012-09:00:00,06,17,2012,09,1.0115e+05
06.17.2012-12:00:00,06,17,2012,12,1.0861e+05
06.17.2012-15:00:00,06,17,2012,15,1.0979e+05
06.17.2012-18:00:00,06,17,2012,18,1.0991e+05
06.17.2012-21:00:00,06,17,2012,21,1.0813e+05
06.18.2012-00:00:00,06,18,2012,00,1.0829e+05
06.18.2012-03:00:00,06,18,2012,03,1.0625e+05
06.18.2012-06:00:00,06,18,2012,06,1.0772e+05
06.18.2012-09:00:00,06,18,2012,09,1.1506e+05
06.18.2012-12:00:00,06,18,2012,12,1.2204e+05
06.18.2012-15:00:00,06,18,2012,15,1.2196e+05
06.18.2012-18:00:00,06,18,2012,18,1.2153e+05
06.18.2012-21:00:00,06,18,2012,21,1.1999e+05
06.19.2012-00:00:00,06,19,2012,00,1.1829e+05
06.19.2012-03:00:00,06,19,2012,03,1.1502e+05
06.19.2012-06:00:00,06,19,2012,06,1.152e+05
06.19.2012-09:00:00,06,19,2012,09,1.202e+05
06.19.2012-12:00:00,06,19,2012,12,1.2476e+05
06.19.2012-15:00:00,06,19,2012,15,1.227e+05
06.19.2012-18:00:00,06,19,2012,18,1.2044e+05
06.19.2012-21:00:00,06,19,2012,21,1.1748e+05
06.20.2012-00:00:00,06,20,2012,00,1.1488e+05
06.20.2012-03:00:00,06,20,2012,03,1.1129e+05
06.20.2012-06:00:00,06,20,2012,06,1.1097e+05
06.20.2012-09:00:00,06,20,2012,09,1.1729e+05
06.20.2012-12:00:00,06,20,2012,12,1.2399e+05
06.20.2012-15:00:00,06,20,2012,15,1.23e+05
06.20.2012-18:00:00,06,20,2012,18,1.2122e+05
06.20.2012-21:00:00,06,20,2012,21,1.1788e+05
06.21.2012-00:00:00,06,21,2012,00,1.1569e+05
06.21.2012-03:00:00,06,21,2012,03,1.1181e+05
06.21.2012-06:00:00,06,21,2012,06,1.1116e+05
06.21.2012-09:00:00,06,21,2012,09,1.1833e+05
06.21.2012-12:00:00,06,21,2012,12,1.2637e+05
06.21.2012-15:00:00,06,21,2012,15,1.2584e+05
06.21.2012-18:00:00,06,21,2012,18,1.2387e+05
06.21.2012-21:00:00,06,21,2012,21,1.1999e+05
06.22.2012-00:00:00,06,22,2012,00,1.1783e+05
06.22.2012-03:00:00,06,22,2012,03,1.1558e+05
06.22.2012-06:00:00,06,22,2012,06,1.1511e+05
06.22.2012-09:00:00,06,22,2012,09,1.2314e+05
06.22.2012-12:00:00,06,22,2012,12,1.3278e+05
06.22.2012-15:00:00,06,22,2012,15,1.3481e+05
06.22.2012-18:00:00,06,22,2012,18,1.3469e+05
06.22.2012-21:00:00,06,22,2012,21,1.3306e+05
06.23.2012-00:00:00,06,23,2012,00,1.342e+05
06.23.2012-03:00:00,06,23,2012,03,1.3377e+05
06.23.2012-06:00:00,06,23,2012,06,1.3476e+05
06.23.2012-09:00:00,06,23,2012,09,1.3928e+05
06.23.2012-12:00:00,06,23,2012,12,1.4413e+05
06.23.2012-15:00:00,06,23,2012,15,1.4575e+05
06.23.2012-18:00:00,06,23,2012,18,1.4493e+05
06.23.2012-21:00:00,06,23,2012,21,1.4441e+05
06.24.2012-00:00:00,06,24,2012,00,1.4203e+05
06.24.2012-03:00:00,06,24,2012,03,1.3793e+05
06.24.2012-06:00:00,06,24,2012,06,1.388e+05
06.24.2012-09:00:00,06,24,2012,09,1.4405e+05
06.24.2012-12:00:00,06,24,2012,12,1.5292e+05
06.24.2012-15:00:00,06,24,2012,15,1.5418e+05
06.24.2012-18:00:00,06,24,2012,18,1.5257e+05
06.24.2012-21:00:00,06,24,2012,21,1.4971e+05
06.25.2012-00:00:00,06,25,2012,00,1.453e+05
06.25.2012-03:00:00,06,25,2012,03,1.4051e+05
06.25.2012-06:00:00,06,25,2012,06,1.3811e+05
06.25.2012-09:00:00,06,25,2012,09,1.4316e+05
06.25.2012-12:00:00,06,25,2012,12,1.4896e+05
06.25.2012-15:00:00,06,25,2012,15,1.4787e+05
06.25.2012-18:00:00,06,25,2012,18,1.4366e+05
06.25.2012-21:00:00,06,25,2012,21,1.3993e+05
06.26.2012-00:00:00,06,26,2012,00,1.3637e+05
06.26.2012-03:00:00,06,26,2012,03,1.33e+05
06.26.2012-06:00:00,06,26,2012,06,1.3145e+05
06.26.2012-09:00:00,06,26,2012,09,1.3615e+05
06.26.2012-12:00:00,06,26,2012,12,1.4191e+05
06.26.2012-15:00:00,06,26,2012,15,1.4171e+05
06.26.2012-18:00:00,06,26,2012,18,1.3908e+05
06.26.2012-21:00:00,06,26,2012,21,1.3628e+05
06.27.2012-00:00:00,06,27,2012,00,1.3365e+05
06.27.2012-03:00:00,06,27,2012,03,1.3082e+05
06.27.2012-06:00:00,06,27,2012,06,1.2785e+05
06.27.2012-09:00:00,06,27,2012,09,1.2706e+05
06.27.2012-12:00:00,06,27,2012,12,1.2596e+05
06.27.2012-15:00:00,06,27,2012,15,1.2274e+05
06.27.2012-18:00:00,06,27,2012,18,1.1979e+05
06.27.2012-21:00:00,06,27,2012,21,1.1659e+05
06.28.2012-00:00:00,06,28,2012,00,1.1241e+05
06.28.2012-03:00:00,06,28,2012,03,1.0794e+05
06.28.2012-06:00:00,06,28,2012,06,1.0593e+05
06.28.2012-09:00:00,06,28,2012,09,1.1008e+05
06.28.2012-12:00:00,06,28,2012,12,1.1533e+05
06.28.2012-15:00:00,06,28,2012,15,1.1626e+05
06.28.2012-18:00:00,06,28,2012,18,1.1505e+05
06.28.2012-21:00:00,06,28,2012,21,1.1176e+05
06.29.2012-00:00:00,06,29,2012,00,1.0932e+05
06.29.2012-03:00:00,06,29,2012,03,1.0583e+05
06.29.2012-06:00:00,06,29,2012,06,1.0416e+05
06.29.2012-09:00:00,06,29,2012,09,1.0858e+05
06.29.2012-12:00:00,06,29,2012,12,1.1468e+05
06.29.2012-15:00:00,06,29,2012,15,1.1412e+05
06.29.2012-18:00:00,06,29,2012,18,1.1302e+05
06.29.2012-21:00:00,06,29,2012,21,1.1005e+05
06.30.2012-00:00:00,06,30,2012,00,1.0887e+05
06.30.2012-03:00:00,06,30,2012,03,1.0671e+05
06.30.2012-06:00:00,06,30,2012,06,1.0633e+05
06.30.2012-09:00:00,06,30,2012,09,1.104e+05
06.30.2012-12:00:00,06,30,2012,12,1.1602e+05
06.30.2012-15:00:00,06,30,2012,15,1.1807e+05
06.30.2012-18:00:00,06,30,2012,18,1.1755e+05
06.30.2012-21:00:00,06,30,2012,21,1.1675e+05
07.01.2012-00:00:00,07,01,2012,00,1.1552e+05
07.01.2012-03:00:00,07,01,2012,03,1.1347e+05
07.01.2012-06:00:00,07,01,2012,06,1.1292e+05
07.01.2012-09:00:00,07,01,2012,09,1.1732e+05
07.01.2012-12:00:00,07,01,2012,12,1.2326e+05
07.01.2012-15:00:00,07,01,2012,15,1.2492e+05
07.01.2012-18:00:00,07,01,2012,18,1.2526e+05
07.01.2012-21:00:00,07,01,2012,21,1.2376e+05
07.02.2012-00:00:00,07,02,2012,00,1.2341e+05
07.02.2012-03:00:00,07,02,2012,03,1.2042e+05
07.02.2012-06:00:00,07,02,2012,06,1.1926e+05
07.02.2012-09:00:00,07,02,2012,09,1.2275e+05
07.02.2012-12:00:00,07,02,2012,12,1.2824e+05
07.02.2012-15:00:00,07,02,2012,15,1.2803e+05
07.02.2012-18:00:00,07,02,2012,18,1.2852e+05
07.02.2012-21:00:00,07,02,2012,21,1.2597e+05
07.03.2012-00:00:00,07,03,2012,00,1.2461e+05
07.03.2012-03:00:00,07,03,2012,03,1.2094e+05
07.03.2012-06:00:00,07,03,2012,06,1.202e+05
07.03.2012-09:00:00,07,03,2012,09,1.23e+05
07.03.2012-12:00:00,07,03,2012,12,1.2786e+05
07.03.2012-15:00:00,07,03,2012,15,1.283e+05
07.03.2012-18:00:00,07,03,2012,18,1.2747e+05
07.03.2012-21:00:00,07,03,2012,21,1.2491e+05
07.04.2012-00:00:00,07,04,2012,00,1.2397e+05
07.04.2012-03:00:00,07,04,2012,03,1.2144e+05
07.04.2012-06:00:00,07,04,2012,06,1.1939e+05
07.04.2012-09:00:00,07,04,2012,09,1.1973e+05
07.04.2012-12:00:00,07,04,2012,12,1.2083e+05
07.04.2012-15:00:00,07,04,2012,15,1.1838e+05
07.04.2012-18:00:00,07,04,2012,18,1.163e+05
07.04.2012-21:00:00,07,04,2012,21,1.1345e+05
07.05.2012-00:00:00,07,05,2012,00,1.0994e+05
07.05.2012-03:00:00,07,05,2012,03,1.0611e+05
07.05.2012-06:00:00,07,05,2012,06,1.0423e+05
07.05.2012-09:00:00,07,05,2012,09,1.0601e+05
07.05.2012-12:00:00,07,05,2012,12,1.0992e+05
07.05.2012-15:00:00,07,05,2012,15,1.1132e+05
07.05.2012-18:00:00,07,05,2012,18,1.104e+05
07.05.2012-21:00:00,07,05,2012,21,1.0859e+05
07.06.2012-00:00:00,07,06,2012,00,1.0686e+05
07.06.2012-03:00:00,07,06,2012,03,1.0377e+05
07.06.2012-06:00:00,07,06,2012,06,1.0219e+05
07.06.2012-09:00:00,07,06,2012,09,1.0487e+05
07.06.2012-12:00:00,07,06,2012,12,1.0878e+05
07.06.2012-15:00:00,07,06,2012,15,1.0922e+05
07.06.2012-18:00:00,07,06,2012,18,1.0751e+05
07.06.2012-21:00:00,07,06,2012,21,1.062e+05
07.07.2012-00:00:00,07,07,2012,00,1.0457e+05
07.07.2012-03:00:00,07,07,2012,03,1.0195e+05
07.07.2012-06:00:00,07,07,2012,06,1.0105e+05
07.07.2012-09:00:00,07,07,2012,09,1.044e+05
07.07.2012-12:00:00,07,07,2012,12,1.0979e+05
07.07.2012-15:00:00,07,07,2012,15,1.1249e+05
07.07.2012-18:00:00,07,07,2012,18,1.1396e+05
07.07.2012-21:00:00,07,07,2012,21,1.1318e+05
07.08.2012-00:00:00,07,08,2012,00,1.13e+05
07.08.2012-03:00:00,07,08,2012,03,1.1055e+05
07.08.2012-06:00:00,07,08,2012,06,1.0989e+05
07.08.2012-09:00:00,07,08,2012,09,1.1379e+05
07.08.2012-12:00:00,07,08,2012,12,1.2058e+05
07.08.2012-15:00:00,07,08,2012,15,1.2314e+05
07.08.2012-18:00:00,07,08,2012,18,1.2518e+05
07.08.2012-21:00:00,07,08,2012,21,1.2492e+05
07.09.2012-00:00:00,07,09,2012,00,1.2574e+05
07.09.2012-03:00:00,07,09,2012,03,1.2304e+05
07.09.2012-06:00:00,07,09,2012,06,1.2295e+05
07.09.2012-09:00:00,07,09,2012,09,1.2705e+05
07.09.2012-12:00:00,07,09,2012,12,1.3408e+05
07.09.2012-15:00:00,07,09,2012,15,1.3812e+05
07.09.2012-18:00:00,07,09,2012,18,1.4106e+05
07.09.2012-21:00:00,07,09,2012,21,1.4183e+05
07.10.2012-00:00:00,07,10,2012,00,1.4129e+05
07.10.2012-03:00:00,07,10,2012,03,1.4169e+05
07.10.2012-06:00:00,07,10,2012,06,1.3859e+05
07.10.2012-09:00:00,07,10,2012,09,1.4264e+05
07.10.2012-12:00:00,07,10,2012,12,1.4828e+05
07.10.2012-15:00:00,07,10,2012,15,1.5086e+05
07.10.2012-18:00:00,07,10,2012,18,1.5353e+05
07.10.2012-21:00:00,07,10,2012,21,1.5323e+05
07.11.2012-00:00:00,07,11,2012,00,1.5392e+05
07.11.2012-03:00:00,07,11,2012,03,1.5166e+05
07.11.2012-06:00:00,07,11,2012,06,1.4973e+05
07.11.2012-09:00:00,07,11,2012,09,1.4913e+05
07.11.2012-12:00:00,07,11,2012,12,1.5511e+05
07.11.2012-15:00:00,07,11,2012,15,1.5418e+05
07.11.2012-18:00:00,07,11,2012,18,1.5637e+05
07.11.2012-21:00:00,07,11,2012,21,1.5435e+05
07.12.2012-00:00:00,07,12,2012,00,1.5349e+05
07.12.2012-03:00:00,07,12,2012,03,1.5021e+05
07.12.2012-06:00:00,07,12,2012,06,1.45e+05
07.12.2012-09:00:00,07,12,2012,09,1.4707e+05
07.12.2012-12:00:00,07,12,2012,12,1.4754e+05
07.12.2012-15:00:00,07,12,2012,15,1.4848e+05
07.12.2012-18:00:00,07,12,2012,18,1.4681e+05
07.12.2012-21:00:00,07,12,2012,21,1.4648e+05
07.13.2012-00:00:00,07,13,2012,00,1.4375e+05
07.13.2012-03:00:00,07,13,2012,03,1.4157e+05
07.13.2012-06:00:00,07,13,2012,06,1.3756e+05
07.13.2012-09:00:00,07,13,2012,09,1.3794e+05
07.13.2012-12:00:00,07,13,2012,12,1.3926e+05
07.13.2012-15:00:00,07,13,2012,15,1.4032e+05
07.13.2012-18:00:00,07,13,2012,18,1.396e+05
07.13.2012-21:00:00,07,13,2012,21,1.3936e+05
07.14.2012-00:00:00,07,14,2012,00,1.3781e+05
07.14.2012-03:00:00,07,14,2012,03,1.3655e+05
07.14.2012-06:00:00,07,14,2012,06,1.3268e+05
07.14.2012-09:00:00,07,14,2012,09,1.3293e+05
07.14.2012-12:00:00,07,14,2012,12,1.3406e+05
07.14.2012-15:00:00,07,14,2012,15,1.3369e+05
07.14.2012-18:00:00,07,14,2012,18,1.3302e+05
07.14.2012-21:00:00,07,14,2012,21,1.3209e+05
07.15.2012-00:00:00,07,15,2012,00,1.3394e+05
07.15.2012-03:00:00,07,15,2012,03,1.3338e+05
07.15.2012-06:00:00,07,15,2012,06,1.3081e+05
07.15.2012-09:00:00,07,15,2012,09,1.3295e+05
07.15.2012-12:00:00,07,15,2012,12,1.322e+05
07.15.2012-15:00:00,07,15,2012,15,1.3544e+05
07.15.2012-18:00:00,07,15,2012,18,1.3319e+05
07.15.2012-21:00:00,07,15,2012,21,1.3458e+05
07.16.2012-00:00:00,07,16,2012,00,1.329e+05
07.16.2012-03:00:00,07,16,2012,03,1.2957e+05
07.16.2012-06:00:00,07,16,2012,06,1.2915e+05
07.16.2012-09:00:00,07,16,2012,09,1.2634e+05
07.16.2012-12:00:00,07,16,2012,12,1.283e+05
07.16.2012-15:00:00,07,16,2012,15,1.265e+05
07.16.2012-18:00:00,07,16,2012,18,1.2667e+05
07.16.2012-21:00:00,07,16,2012,21,1.2428e+05
07.17.2012-00:00:00,07,17,2012,00,1.2342e+05
07.17.2012-03:00:00,07,17,2012,03,1.1899e+05
07.17.2012-06:00:00,07,17,2012,06,1.1792e+05
07.17.2012-09:00:00,07,17,2012,09,1.1459e+05
07.17.2012-12:00:00,07,17,2012,12,1.1662e+05
07.17.2012-15:00:00,07,17,2012,15,1.14e+05
07.17.2012-18:00:00,07,17,2012,18,1.1403e+05
07.17.2012-21:00:00,07,17,2012,21,1.114e+05
07.18.2012-00:00:00,07,18,2012,00,1.1077e+05
07.18.2012-03:00:00,07,18,2012,03,1.084e+05
07.18.2012-06:00:00,07,18,2012,06,1.0703e+05
07.18.2012-09:00:00,07,18,2012,09,1.0608e+05
07.18.2012-12:00:00,07,18,2012,12,1.0522e+05
07.18.2012-15:00:00,07,18,2012,15,1.0541e+05
07.18.2012-18:00:00,07,18,2012,18,1.0427e+05
07.18.2012-21:00:00,07,18,2012,21,1.0254e+05
07.19.2012-00:00:00,07,19,2012,00,1.0265e+05
07.19.2012-03:00:00,07,19,2012,03,99140
07.19.2012-06:00:00,07,19,2012,06,97861
07.19.2012-09:00:00,07,19,2012,09,96862
07.19.2012-12:00:00,07,19,2012,12,96162
07.19.2012-15:00:00,07,19,2012,15,94901
07.19.2012-18:00:00,07,19,2012,18,95422
07.19.2012-21:00:00,07,19,2012,21,93226
07.20.2012-00:00:00,07,20,2012,00,91975
07.20.2012-03:00:00,07,20,2012,03,91495
07.20.2012-06:00:00,07,20,2012,06,88893
07.20.2012-09:00:00,07,20,2012,09,88053
07.20.2012-12:00:00,07,20,2012,12,87353
07.20.2012-15:00:00,07,20,2012,15,87292
07.20.2012-18:00:00,07,20,2012,18,86526
07.20.2012-21:00:00,07,20,2012,21,85937
07.21.2012-00:00:00,07,21,2012,00,86012
07.21.2012-03:00:00,07,21,2012,03,86070
07.21.2012-06:00:00,07,21,2012,06,86616
07.21.2012-09:00:00,07,21,2012,09,85095
07.21.2012-12:00:00,07,21,2012,12,86256
07.21.2012-15:00:00,07,21,2012,15,84782
07.21.2012-18:00:00,07,21,2012,18,85025
07.21.2012-21:00:00,07,21,2012,21,84171
07.22.2012-00:00:00,07,22,2012,00,82786
07.22.2012-03:00:00,07,22,2012,03,80189
07.22.2012-06:00:00,07,22,2012,06,78273
07.22.2012-09:00:00,07,22,2012,09,77285
07.22.2012-12:00:00,07,22,2012,12,74591
07.22.2012-15:00:00,07,22,2012,15,74775
07.22.2012-18:00:00,07,22,2012,18,74053
07.22.2012-21:00:00,07,22,2012,21,72536
07.23.2012-00:00:00,07,23,2012,00,71722
07.23.2012-03:00:00,07,23,2012,03,70460
07.23.2012-06:00:00,07,23,2012,06,68722
07.23.2012-09:00:00,07,23,2012,09,67176
07.23.2012-12:00:00,07,23,2012,12,66611
07.23.2012-15:00:00,07,23,2012,15,65438
07.23.2012-18:00:00,07,23,2012,18,64940
07.23.2012-21:00:00,07,23,2012,21,64510
07.24.2012-00:00:00,07,24,2012,00,63667
07.24.2012-03:00:00,07,24,2012,03,62573
07.24.2012-06:00:00,07,24,2012,06,61091
07.24.2012-09:00:00,07,24,2012,09,59742
07.24.2012-12:00:00,07,24,2012,12,58640
07.24.2012-15:00:00,07,24,2012,15,57369
07.24.2012-18:00:00,07,24,2012,18,57255
07.24.2012-21:00:00,07,24,2012,21,55655
07.25.2012-00:00:00,07,25,2012,00,55267
07.25.2012-03:00:00,07,25,2012,03,54125
07.25.2012-06:00:00,07,25,2012,06,52388
07.25.2012-09:00:00,07,25,2012,09,50742
07.25.2012-12:00:00,07,25,2012,12,50189
07.25.2012-15:00:00,07,25,2012,15,49899
07.25.2012-18:00:00,07,25,2012,18,49682
07.25.2012-21:00:00,07,25,2012,21,49606
07.26.2012-00:00:00,07,26,2012,00,48998
07.26.2012-03:00:00,07,26,2012,03,47686
07.26.2012-06:00:00,07,26,2012,06,46880
07.26.2012-09:00:00,07,26,2012,09,45892
07.26.2012-12:00:00,07,26,2012,12,45072
07.26.2012-15:00:00,07,26,2012,15,44938
07.26.2012-18:00:00,07,26,2012,18,44966
07.26.2012-21:00:00,07,26,2012,21,44944
07.27.2012-00:00:00,07,27,2012,00,46118
07.27.2012-03:00:00,07,27,2012,03,46125
07.27.2012-06:00:00,07,27,2012,06,45615
07.27.2012-09:00:00,07,27,2012,09,45029
07.27.2012-12:00:00,07,27,2012,12,45283
07.27.2012-15:00:00,07,27,2012,15,45905
07.27.2012-18:00:00,07,27,2012,18,46312
07.27.2012-21:00:00,07,27,2012,21,47277
07.28.2012-00:00:00,07,28,2012,00,45905
07.28.2012-03:00:00,07,28,2012,03,45295
07.28.2012-06:00:00,07,28,2012,06,44278
07.28.2012-09:00:00,07,28,2012,09,43165
07.28.2012-12:00:00,07,28,2012,12,42577
07.28.2012-15:00:00,07,28,2012,15,42461
07.28.2012-18:00:00,07,28,2012,18,42442
07.28.2012-21:00:00,07,28,2012,21,42342
07.29.2012-00:00:00,07,29,2012,00,42015
07.29.2012-03:00:00,07,29,2012,03,41708
07.29.2012-06:00:00,07,29,2012,06,40635
07.29.2012-09:00:00,07,29,2012,09,39178
07.29.2012-12:00:00,07,29,2012,12,38614
07.29.2012-15:00:00,07,29,2012,15,38251
07.29.2012-18:00:00,07,29,2012,18,38233
07.29.2012-21:00:00,07,29,2012,21,38332
07.30.2012-00:00:00,07,30,2012,00,38177
07.30.2012-03:00:00,07,30,2012,03,37670
07.30.2012-06:00:00,07,30,2012,06,36529
07.30.2012-09:00:00,07,30,2012,09,35561
07.30.2012-12:00:00,07,30,2012,12,34940
07.30.2012-15:00:00,07,30,2012,15,34898
07.30.2012-18:00:00,07,30,2012,18,34944
07.30.2012-21:00:00,07,30,2012,21,35127
07.31.2012-00:00:00,07,31,2012,00,34720
07.31.2012-03:00:00,07,31,2012,03,34301
07.31.2012-06:00:00,07,31,2012,06,33375
07.31.2012-09:00:00,07,31,2012,09,32424
07.31.2012-12:00:00,07,31,2012,12,32033
07.31.2012-15:00:00,07,31,2012,15,31808
07.31.2012-18:00:00,07,31,2012,18,31801
07.31.2012-21:00:00,07,31,2012,21,32014
08.01.2012-00:00:00,08,01,2012,00,31723
08.01.2012-03:00:00,08,01,2012,03,31175
08.01.2012-06:00:00,08,01,2012,06,30406
08.01.2012-09:00:00,08,01,2012,09,29326
08.01.2012-12:00:00,08,01,2012,12,28893
08.01.2012-15:00:00,08,01,2012,15,28785
08.01.2012-18:00:00,08,01,2012,18,28781
08.01.2012-21:00:00,08,01,2012,21,28864
08.02.2012-00:00:00,08,02,2012,00,28657
08.02.2012-03:00:00,08,02,2012,03,28336
08.02.2012-06:00:00,08,02,2012,06,27579
08.02.2012-09:00:00,08,02,2012,09,26687
08.02.2012-12:00:00,08,02,2012,12,26203
08.02.2012-15:00:00,08,02,2012,15,26116
08.02.2012-18:00:00,08,02,2012,18,26075
08.02.2012-21:00:00,08,02,2012,21,26059
08.03.2012-00:00:00,08,03,2012,00,25963
08.03.2012-03:00:00,08,03,2012,03,25597
08.03.2012-06:00:00,08,03,2012,06,25080
08.03.2012-09:00:00,08,03,2012,09,24339
08.03.2012-12:00:00,08,03,2012,12,23961
08.03.2012-15:00:00,08,03,2012,15,23780
08.03.2012-18:00:00,08,03,2012,18,23776
08.03.2012-21:00:00,08,03,2012,21,23810
08.04.2012-00:00:00,08,04,2012,00,23638
08.04.2012-03:00:00,08,04,2012,03,23321
08.04.2012-06:00:00,08,04,2012,06,22748
08.04.2012-09:00:00,08,04,2012,09,21909
08.04.2012-12:00:00,08,04,2012,12,21514
08.04.2012-15:00:00,08,04,2012,15,21538
08.04.2012-18:00:00,08,04,2012,18,21491
08.04.2012-21:00:00,08,04,2012,21,21572
08.05.2012-00:00:00,08,05,2012,00,21485
08.05.2012-03:00:00,08,05,2012,03,21146
08.05.2012-06:00:00,08,05,2012,06,20590
08.05.2012-09:00:00,08,05,2012,09,19935
08.05.2012-12:00:00,08,05,2012,12,19682
08.05.2012-15:00:00,08,05,2012,15,19634
08.05.2012-18:00:00,08,05,2012,18,19745
08.05.2012-21:00:00,08,05,2012,21,19807
08.06.2012-00:00:00,08,06,2012,00,19708
08.06.2012-03:00:00,08,06,2012,03,19391
08.06.2012-06:00:00,08,06,2012,06,18924
08.06.2012-09:00:00,08,06,2012,09,18353
08.06.2012-12:00:00,08,06,2012,12,18146
08.06.2012-15:00:00,08,06,2012,15,18131
08.06.2012-18:00:00,08,06,2012,18,18197
08.06.2012-21:00:00,08,06,2012,21,18420
08.07.2012-00:00:00,08,07,2012,00,18389
08.07.2012-03:00:00,08,07,2012,03,18321
08.07.2012-06:00:00,08,07,2012,06,17877
08.07.2012-09:00:00,08,07,2012,09,17454
08.07.2012-12:00:00,08,07,2012,12,17024
08.07.2012-15:00:00,08,07,2012,15,17077
08.07.2012-18:00:00,08,07,2012,18,17161
08.07.2012-21:00:00,08,07,2012,21,17349
08.08.2012-00:00:00,08,08,2012,00,17294
08.08.2012-03:00:00,08,08,2012,03,17229
08.08.2012-06:00:00,08,08,2012,06,16776
08.08.2012-09:00:00,08,08,2012,09,16314
08.08.2012-12:00:00,08,08,2012,12,15979
08.08.2012-15:00:00,08,08,2012,15,16009
08.08.2012-18:00:00,08,08,2012,18,16123
08.08.2012-21:00:00,08,08,2012,21,16381
08.09.2012-00:00:00,08,09,2012,00,16350
08.09.2012-03:00:00,08,09,2012,03,16303
08.09.2012-06:00:00,08,09,2012,06,15925
08.09.2012-09:00:00,08,09,2012,09,15516
08.09.2012-12:00:00,08,09,2012,12,15169
08.09.2012-15:00:00,08,09,2012,15,15200
08.09.2012-18:00:00,08,09,2012,18,15254
08.09.2012-21:00:00,08,09,2012,21,15385
08.10.2012-00:00:00,08,10,2012,00,15329
08.10.2012-03:00:00,08,10,2012,03,15196
08.10.2012-06:00:00,08,10,2012,06,14895
08.10.2012-09:00:00,08,10,2012,09,14403
08.10.2012-12:00:00,08,10,2012,12,14145
08.10.2012-15:00:00,08,10,2012,15,14153
08.10.2012-18:00:00,08,10,2012,18,14210
08.10.2012-21:00:00,08,10,2012,21,14293
08.11.2012-00:00:00,08,11,2012,00,14265
08.11.2012-03:00:00,08,11,2012,03,14107
08.11.2012-06:00:00,08,11,2012,06,13851
08.11.2012-09:00:00,08,11,2012,09,13362
08.11.2012-12:00:00,08,11,2012,12,13084
08.11.2012-15:00:00,08,11,2012,15,13135
08.11.2012-18:00:00,08,11,2012,18,13142
08.11.2012-21:00:00,08,11,2012,21,13175
08.12.2012-00:00:00,08,12,2012,00,13144
08.12.2012-03:00:00,08,12,2012,03,13006
08.12.2012-06:00:00,08,12,2012,06,12611
08.12.2012-09:00:00,08,12,2012,09,12223
08.12.2012-12:00:00,08,12,2012,12,11995
08.12.2012-15:00:00,08,12,2012,15,12010
08.12.2012-18:00:00,08,12,2012,18,12023
08.12.2012-21:00:00,08,12,2012,21,12081
08.13.2012-00:00:00,08,13,2012,00,12060
08.13.2012-03:00:00,08,13,2012,03,11947
08.13.2012-06:00:00,08,13,2012,06,11584
08.13.2012-09:00:00,08,13,2012,09,11231
08.13.2012-12:00:00,08,13,2012,12,11050
08.13.2012-15:00:00,08,13,2012,15,11047
08.13.2012-18:00:00,08,13,2012,18,11078
08.13.2012-21:00:00,08,13,2012,21,11180
08.14.2012-00:00:00,08,14,2012,00,11099
08.14.2012-03:00:00,08,14,2012,03,11049
08.14.2012-06:00:00,08,14,2012,06,10806
08.14.2012-09:00:00,08,14,2012,09,10459
08.14.2012-12:00:00,08,14,2012,12,10245
08.14.2012-15:00:00,08,14,2012,15,10236
08.14.2012-18:00:00,08,14,2012,18,10259
08.14.2012-21:00:00,08,14,2012,21,10367
08.15.2012-00:00:00,08,15,2012,00,10262
08.15.2012-03:00:00,08,15,2012,03,10221
08.15.2012-06:00:00,08,15,2012,06,9983.6
08.15.2012-09:00:00,08,15,2012,09,9650.9
08.15.2012-12:00:00,08,15,2012,12,9424.4
08.15.2012-15:00:00,08,15,2012,15,9509.7
08.15.2012-18:00:00,08,15,2012,18,9542.6
08.15.2012-21:00:00,08,15,2012,21,9609.4
08.16.2012-00:00:00,08,16,2012,00,9554.5
08.16.2012-03:00:00,08,16,2012,03,9504.1
08.16.2012-06:00:00,08,16,2012,06,9283.2
08.16.2012-09:00:00,08,16,2012,09,8951.4
08.16.2012-12:00:00,08,16,2012,12,8780.4
08.16.2012-15:00:00,08,16,2012,15,8849.5
08.16.2012-18:00:00,08,16,2012,18,8921.5
08.16.2012-21:00:00,08,16,2012,21,8974.2
08.17.2012-00:00:00,08,17,2012,00,10379
08.17.2012-03:00:00,08,17,2012,03,10928
08.17.2012-06:00:00,08,17,2012,06,11109
08.17.2012-09:00:00,08,17,2012,09,11102
08.17.2012-12:00:00,08,17,2012,12,11175
08.17.2012-15:00:00,08,17,2012,15,11737
08.17.2012-18:00:00,08,17,2012,18,12204
08.17.2012-21:00:00,08,17,2012,21,12686
08.18.2012-00:00:00,08,18,2012,00,11325
08.18.2012-03:00:00,08,18,2012,03,10965
08.18.2012-06:00:00,08,18,2012,06,10625
08.18.2012-09:00:00,08,18,2012,09,10276
08.18.2012-12:00:00,08,18,2012,12,10256
08.18.2012-15:00:00,08,18,2012,15,10398
08.18.2012-18:00:00,08,18,2012,18,10837
08.18.2012-21:00:00,08,18,2012,21,10994
08.19.2012-00:00:00,08,19,2012,00,11053
08.19.2012-03:00:00,08,19,2012,03,11227
08.19.2012-06:00:00,08,19,2012,06,10999
08.19.2012-09:00:00,08,19,2012,09,10732
08.19.2012-12:00:00,08,19,2012,12,10498
08.19.2012-15:00:00,08,19,2012,15,10504
08.19.2012-18:00:00,08,19,2012,18,10503
08.19.2012-21:00:00,08,19,2012,21,10566
08.20.2012-00:00:00,08,20,2012,00,10525
08.20.2012-03:00:00,08,20,2012,03,10499
08.20.2012-06:00:00,08,20,2012,06,10284
08.20.2012-09:00:00,08,20,2012,09,9990.2
08.20.2012-12:00:00,08,20,2012,12,9700.1
08.20.2012-15:00:00,08,20,2012,15,9774.9
08.20.2012-18:00:00,08,20,2012,18,9764.7
08.20.2012-21:00:00,08,20,2012,21,9931.4
08.21.2012-00:00:00,08,21,2012,00,9805.3
08.21.2012-03:00:00,08,21,2012,03,9848
08.21.2012-06:00:00,08,21,2012,06,9655.9
08.21.2012-09:00:00,08,21,2012,09,9407.1
08.21.2012-12:00:00,08,21,2012,12,9124.1
08.21.2012-15:00:00,08,21,2012,15,9186.7
08.21.2012-18:00:00,08,21,2012,18,9232.2
08.21.2012-21:00:00,08,21,2012,21,9311.2
08.22.2012-00:00:00,08,22,2012,00,9280.7
08.22.2012-03:00:00,08,22,2012,03,9215.6
08.22.2012-06:00:00,08,22,2012,06,9003.2
08.22.2012-09:00:00,08,22,2012,09,8752.7
08.22.2012-12:00:00,08,22,2012,12,8557.4
08.22.2012-15:00:00,08,22,2012,15,8586.5
08.22.2012-18:00:00,08,22,2012,18,8584.9
08.22.2012-21:00:00,08,22,2012,21,8658.7
08.23.2012-00:00:00,08,23,2012,00,8714.5
08.23.2012-03:00:00,08,23,2012,03,8703.6
08.23.2012-06:00:00,08,23,2012,06,8540.3
08.23.2012-09:00:00,08,23,2012,09,8382.6
08.23.2012-12:00:00,08,23,2012,12,8232.5
08.23.2012-15:00:00,08,23,2012,15,8247.1
08.23.2012-18:00:00,08,23,2012,18,8248
08.23.2012-21:00:00,08,23,2012,21,8294.3
08.24.2012-00:00:00,08,24,2012,00,8286.6
08.24.2012-03:00:00,08,24,2012,03,8201.6
08.24.2012-06:00:00,08,24,2012,06,8134.5
08.24.2012-09:00:00,08,24,2012,09,7984.9
08.24.2012-12:00:00,08,24,2012,12,7832.9
08.24.2012-15:00:00,08,24,2012,15,7844.9
08.24.2012-18:00:00,08,24,2012,18,7834.5
08.24.2012-21:00:00,08,24,2012,21,7817.3
08.25.2012-00:00:00,08,25,2012,00,7736.8
08.25.2012-03:00:00,08,25,2012,03,7657
08.25.2012-06:00:00,08,25,2012,06,7474.9
08.25.2012-09:00:00,08,25,2012,09,7258.4
08.25.2012-12:00:00,08,25,2012,12,7112.5
08.25.2012-15:00:00,08,25,2012,15,7094.8
08.25.2012-18:00:00,08,25,2012,18,7105
08.25.2012-21:00:00,08,25,2012,21,7152.1
08.26.2012-00:00:00,08,26,2012,00,7081.2
08.26.2012-03:00:00,08,26,2012,03,7054.1
08.26.2012-06:00:00,08,26,2012,06,6904.4
08.26.2012-09:00:00,08,26,2012,09,6623.7
08.26.2012-12:00:00,08,26,2012,12,6498
08.26.2012-15:00:00,08,26,2012,15,6536.7
08.26.2012-18:00:00,08,26,2012,18,6519.4
08.26.2012-21:00:00,08,26,2012,21,6566.8
08.27.2012-00:00:00,08,27,2012,00,6508.6
08.27.2012-03:00:00,08,27,2012,03,6465.4
08.27.2012-06:00:00,08,27,2012,06,6294
08.27.2012-09:00:00,08,27,2012,09,6085.4
08.27.2012-12:00:00,08,27,2012,12,5930.2
08.27.2012-15:00:00,08,27,2012,15,5990.1
08.27.2012-18:00:00,08,27,2012,18,5989.6
08.27.2012-21:00:00,08,27,2012,21,6052
08.28.2012-00:00:00,08,28,2012,00,6005.7
08.28.2012-03:00:00,08,28,2012,03,5977.1
08.28.2012-06:00:00,08,28,2012,06,5808.5
08.28.2012-09:00:00,08,28,2012,09,5651.1
08.28.2012-12:00:00,08,28,2012,12,5495.6
08.28.2012-15:00:00,08,28,2012,15,5551.5
08.28.2012-18:00:00,08,28,2012,18,5575.6
08.28.2012-21:00:00,08,28,2012,21,5614.9
08.29.2012-00:00:00,08,29,2012,00,5568.8
08.29.2012-03:00:00,08,29,2012,03,5540.1
08.29.2012-06:00:00,08,29,2012,06,5408.1
08.29.2012-09:00:00,08,29,2012,09,5245.2
08.29.2012-12:00:00,08,29,2012,12,5106.4
08.29.2012-15:00:00,08,29,2012,15,5150.5
08.29.2012-18:00:00,08,29,2012,18,5177.1
08.29.2012-21:00:00,08,29,2012,21,5215.3
08.30.2012-00:00:00,08,30,2012,00,5169.2
08.30.2012-03:00:00,08,30,2012,03,5144.3
08.30.2012-06:00:00,08,30,2012,06,5036
08.30.2012-09:00:00,08,30,2012,09,4920.8
08.30.2012-12:00:00,08,30,2012,12,4831.3
08.30.2012-15:00:00,08,30,2012,15,4850
08.30.2012-18:00:00,08,30,2012,18,4839.9
08.30.2012-21:00:00,08,30,2012,21,4868.7
08.31.2012-00:00:00,08,31,2012,00,4818.6
08.31.2012-03:00:00,08,31,2012,03,4803.2
08.31.2012-06:00:00,08,31,2012,06,4682.1
08.31.2012-09:00:00,08,31,2012,09,4509
08.31.2012-12:00:00,08,31,2012,12,4401.5
08.31.2012-15:00:00,08,31,2012,15,4456.3
08.31.2012-18:00:00,08,31,2012,18,4458.7
08.31.2012-21:00:00,08,31,2012,21,4489
09.01.2012-00:00:00,09,01,2012,00,4475.3
09.01.2012-03:00:00,09,01,2012,03,4451.6
09.01.2012-06:00:00,09,01,2012,06,4351.7
09.01.2012-09:00:00,09,01,2012,09,4188.6
09.01.2012-12:00:00,09,01,2012,12,4110.1
09.01.2012-15:00:00,09,01,2012,15,4156.6
09.01.2012-18:00:00,09,01,2012,18,4153.4
09.01.2012-21:00:00,09,01,2012,21,4189.5
09.02.2012-00:00:00,09,02,2012,00,4165.3
09.02.2012-03:00:00,09,02,2012,03,4152.1
09.02.2012-06:00:00,09,02,2012,06,4067.8
09.02.2012-09:00:00,09,02,2012,09,3955.5
09.02.2012-12:00:00,09,02,2012,12,3887.2
09.02.2012-15:00:00,09,02,2012,15,3907.1
09.02.2012-18:00:00,09,02,2012,18,3901.3
09.02.2012-21:00:00,09,02,2012,21,3932.1
09.03.2012-00:00:00,09,03,2012,00,3912.6
09.03.2012-03:00:00,09,03,2012,03,3900.5
09.03.2012-06:00:00,09,03,2012,06,3813.9
09.03.2012-09:00:00,09,03,2012,09,3706.6
09.03.2012-12:00:00,09,03,2012,12,3637.3
09.03.2012-15:00:00,09,03,2012,15,3664.1
09.03.2012-18:00:00,09,03,2012,18,3660.2
09.03.2012-21:00:00,09,03,2012,21,3670.1
09.04.2012-00:00:00,09,04,2012,00,3671.4
09.04.2012-03:00:00,09,04,2012,03,3637.6
09.04.2012-06:00:00,09,04,2012,06,3590.3
09.04.2012-09:00:00,09,04,2012,09,3474.8
09.04.2012-12:00:00,09,04,2012,12,3433.4
09.04.2012-15:00:00,09,04,2012,15,3438.2
09.04.2012-18:00:00,09,04,2012,18,3446.5
09.04.2012-21:00:00,09,04,2012,21,3461.4
09.05.2012-00:00:00,09,05,2012,00,3441.9
09.05.2012-03:00:00,09,05,2012,03,3434.2
09.05.2012-06:00:00,09,05,2012,06,3366.6
09.05.2012-09:00:00,09,05,2012,09,3274.7
09.05.2012-12:00:00,09,05,2012,12,3212.8
09.05.2012-15:00:00,09,05,2012,15,3233.9
09.05.2012-18:00:00,09,05,2012,18,3264.8
09.05.2012-21:00:00,09,05,2012,21,3252
09.06.2012-00:00:00,09,06,2012,00,3256.2
09.06.2012-03:00:00,09,06,2012,03,3250.5
09.06.2012-06:00:00,09,06,2012,06,3183.9
09.06.2012-09:00:00,09,06,2012,09,3104.9
09.06.2012-12:00:00,09,06,2012,12,3046.7
09.06.2012-15:00:00,09,06,2012,15,3062.9
09.06.2012-18:00:00,09,06,2012,18,3081.6
09.06.2012-21:00:00,09,06,2012,21,3104
09.07.2012-00:00:00,09,07,2012,00,3096
09.07.2012-03:00:00,09,07,2012,03,3096.8
09.07.2012-06:00:00,09,07,2012,06,3034.4
09.07.2012-09:00:00,09,07,2012,09,2963.6
09.07.2012-12:00:00,09,07,2012,12,2900.7
09.07.2012-15:00:00,09,07,2012,15,2921.5
09.07.2012-18:00:00,09,07,2012,18,2937
09.07.2012-21:00:00,09,07,2012,21,2953.9
09.08.2012-00:00:00,09,08,2012,00,2960.4
09.08.2012-03:00:00,09,08,2012,03,2945.8
09.08.2012-06:00:00,09,08,2012,06,2901.4
09.08.2012-09:00:00,09,08,2012,09,2819.1
09.08.2012-12:00:00,09,08,2012,12,2791.1
09.08.2012-15:00:00,09,08,2012,15,2798
09.08.2012-18:00:00,09,08,2012,18,2807.3
09.08.2012-21:00:00,09,08,2012,21,2819.8
09.09.2012-00:00:00,09,09,2012,00,2822.1
09.09.2012-03:00:00,09,09,2012,03,2830.4
09.09.2012-06:00:00,09,09,2012,06,2777.6
09.09.2012-09:00:00,09,09,2012,09,2716.1
09.09.2012-12:00:00,09,09,2012,12,2674.8
09.09.2012-15:00:00,09,09,2012,15,2692.9
09.09.2012-18:00:00,09,09,2012,18,2709.8
09.09.2012-21:00:00,09,09,2012,21,2719.7
09.10.2012-00:00:00,09,10,2012,00,2721.3
09.10.2012-03:00:00,09,10,2012,03,2727.5
09.10.2012-06:00:00,09,10,2012,06,2685.5
09.10.2012-09:00:00,09,10,2012,09,2642.3
09.10.2012-12:00:00,09,10,2012,12,2607.6
09.10.2012-15:00:00,09,10,2012,15,2619.7
09.10.2012-18:00:00,09,10,2012,18,2636.2
09.10.2012-21:00:00,09,10,2012,21,2646.6
09.11.2012-00:00:00,09,11,2012,00,2653.6
09.11.2012-03:00:00,09,11,2012,03,2655.6
09.11.2012-06:00:00,09,11,2012,06,2649.9
09.11.2012-09:00:00,09,11,2012,09,2613.7
09.11.2012-12:00:00,09,11,2012,12,2608.7
09.11.2012-15:00:00,09,11,2012,15,2594.2
09.11.2012-18:00:00,09,11,2012,18,2598.5
09.11.2012-21:00:00,09,11,2012,21,2609.8
09.12.2012-00:00:00,09,12,2012,00,2578.5
09.12.2012-03:00:00,09,12,2012,03,2573.7
09.12.2012-06:00:00,09,12,2012,06,2536.2
09.12.2012-09:00:00,09,12,2012,09,2487.3
09.12.2012-12:00:00,09,12,2012,12,2445.6
09.12.2012-15:00:00,09,12,2012,15,2454.3
09.12.2012-18:00:00,09,12,2012,18,2456.7
09.12.2012-21:00:00,09,12,2012,21,2449.5
09.13.2012-00:00:00,09,13,2012,00,2438.7
09.13.2012-03:00:00,09,13,2012,03,2430.8
09.13.2012-06:00:00,09,13,2012,06,2412.3
09.13.2012-09:00:00,09,13,2012,09,2343.4
09.13.2012-12:00:00,09,13,2012,12,2314.1
09.13.2012-15:00:00,09,13,2012,15,2321.9
09.13.2012-18:00:00,09,13,2012,18,2324.2
09.13.2012-21:00:00,09,13,2012,21,2318.8
09.14.2012-00:00:00,09,14,2012,00,2300.2
09.14.2012-03:00:00,09,14,2012,03,2287.7
09.14.2012-06:00:00,09,14,2012,06,2265.7
09.14.2012-09:00:00,09,14,2012,09,2202
09.14.2012-12:00:00,09,14,2012,12,2174.2
09.14.2012-15:00:00,09,14,2012,15,2183.4
09.14.2012-18:00:00,09,14,2012,18,2185.1
09.14.2012-21:00:00,09,14,2012,21,2178.5
09.15.2012-00:00:00,09,15,2012,00,2166.8
09.15.2012-03:00:00,09,15,2012,03,2154.7
09.15.2012-06:00:00,09,15,2012,06,2111.9
09.15.2012-09:00:00,09,15,2012,09,2053.5
09.15.2012-12:00:00,09,15,2012,12,2030.3
09.15.2012-15:00:00,09,15,2012,15,2042.7
09.15.2012-18:00:00,09,15,2012,18,2049.4
09.15.2012-21:00:00,09,15,2012,21,2044.3
09.16.2012-00:00:00,09,16,2012,00,2034.9
09.16.2012-03:00:00,09,16,2012,03,2026
09.16.2012-06:00:00,09,16,2012,06,1997
09.16.2012-09:00:00,09,16,2012,09,1946.2
09.16.2012-12:00:00,09,16,2012,12,1924.9
09.16.2012-15:00:00,09,16,2012,15,1939.3
09.16.2012-18:00:00,09,16,2012,18,1948.6
09.16.2012-21:00:00,09,16,2012,21,1944.3
09.17.2012-00:00:00,09,17,2012,00,1936.5
09.17.2012-03:00:00,09,17,2012,03,1928.8
09.17.2012-06:00:00,09,17,2012,06,1901.4
09.17.2012-09:00:00,09,17,2012,09,1852.5
09.17.2012-12:00:00,09,17,2012,12,1834.8
09.17.2012-15:00:00,09,17,2012,15,1854.2
09.17.2012-18:00:00,09,17,2012,18,1862.4
09.17.2012-21:00:00,09,17,2012,21,1863.5
09.18.2012-00:00:00,09,18,2012,00,1860.6
09.18.2012-03:00:00,09,18,2012,03,1856.4
09.18.2012-06:00:00,09,18,2012,06,1833.1
09.18.2012-09:00:00,09,18,2012,09,1790.2
09.18.2012-12:00:00,09,18,2012,12,1775
09.18.2012-15:00:00,09,18,2012,15,1794.3
09.18.2012-18:00:00,09,18,2012,18,1804.8
09.18.2012-21:00:00,09,18,2012,21,1804.3
09.19.2012-00:00:00,09,19,2012,00,1801.1
09.19.2012-03:00:00,09,19,2012,03,1797.6
09.19.2012-06:00:00,09,19,2012,06,1774.6
09.19.2012-09:00:00,09,19,2012,09,1731.8
09.19.2012-12:00:00,09,19,2012,12,1719.5
09.19.2012-15:00:00,09,19,2012,15,1739.4
09.19.2012-18:00:00,09,19,2012,18,1754.4
09.19.2012-21:00:00,09,19,2012,21,1756.1
09.20.2012-00:00:00,09,20,2012,00,1754
09.20.2012-03:00:00,09,20,2012,03,1752.2
09.20.2012-06:00:00,09,20,2012,06,1732.5
09.20.2012-09:00:00,09,20,2012,09,1693.4
09.20.2012-12:00:00,09,20,2012,12,1685.8
09.20.2012-15:00:00,09,20,2012,15,1706
09.20.2012-18:00:00,09,20,2012,18,1718.2
09.20.2012-21:00:00,09,20,2012,21,1723.3
09.21.2012-00:00:00,09,21,2012,00,1723.1
09.21.2012-03:00:00,09,21,2012,03,1723.1
09.21.2012-06:00:00,09,21,2012,06,1702.3
09.21.2012-09:00:00,09,21,2012,09,1670.6
09.21.2012-12:00:00,09,21,2012,12,1659.3
09.21.2012-15:00:00,09,21,2012,15,1677.9
09.21.2012-18:00:00,09,21,2012,18,1690.4
09.21.2012-21:00:00,09,21,2012,21,1692.9
09.22.2012-00:00:00,09,22,2012,00,1693.2
09.22.2012-03:00:00,09,22,2012,03,1694.1
09.22.2012-06:00:00,09,22,2012,06,1670.7
09.22.2012-09:00:00,09,22,2012,09,1639.8
09.22.2012-12:00:00,09,22,2012,12,1619.5
09.22.2012-15:00:00,09,22,2012,15,1636.3
09.22.2012-18:00:00,09,22,2012,18,1657.2
09.22.2012-21:00:00,09,22,2012,21,1652.4
09.23.2012-00:00:00,09,23,2012,00,1657.1
09.23.2012-03:00:00,09,23,2012,03,1648.9
09.23.2012-06:00:00,09,23,2012,06,1643.8
09.23.2012-09:00:00,09,23,2012,09,1609.1
09.23.2012-12:00:00,09,23,2012,12,1597.6
09.23.2012-15:00:00,09,23,2012,15,1610.7
09.23.2012-18:00:00,09,23,2012,18,1620.3
09.23.2012-21:00:00,09,23,2012,21,1619.3
09.24.2012-00:00:00,09,24,2012,00,1616.9
09.24.2012-03:00:00,09,24,2012,03,1614.7
09.24.2012-06:00:00,09,24,2012,06,1601.9
09.24.2012-09:00:00,09,24,2012,09,1565.8
09.24.2012-12:00:00,09,24,2012,12,1552.2
09.24.2012-15:00:00,09,24,2012,15,1565.1
09.24.2012-18:00:00,09,24,2012,18,1576.6
09.24.2012-21:00:00,09,24,2012,21,1575.8
09.25.2012-00:00:00,09,25,2012,00,1571.2
09.25.2012-03:00:00,09,25,2012,03,1565.7
09.25.2012-06:00:00,09,25,2012,06,1547.2
09.25.2012-09:00:00,09,25,2012,09,1510.7
09.25.2012-12:00:00,09,25,2012,12,1495.6
09.25.2012-15:00:00,09,25,2012,15,1508.6
09.25.2012-18:00:00,09,25,2012,18,1516.6
09.25.2012-21:00:00,09,25,2012,21,1517.2
09.26.2012-00:00:00,09,26,2012,00,1512.9
09.26.2012-03:00:00,09,26,2012,03,1507.6
09.26.2012-06:00:00,09,26,2012,06,1493
09.26.2012-09:00:00,09,26,2012,09,1461.1
09.26.2012-12:00:00,09,26,2012,12,1447.1
09.26.2012-15:00:00,09,26,2012,15,1457.4
09.26.2012-18:00:00,09,26,2012,18,1466.1
09.26.2012-21:00:00,09,26,2012,21,1455.7
09.27.2012-00:00:00,09,27,2012,00,1459.3
09.27.2012-03:00:00,09,27,2012,03,1447.4
09.27.2012-06:00:00,09,27,2012,06,1433.6
09.27.2012-09:00:00,09,27,2012,09,1398.7
09.27.2012-12:00:00,09,27,2012,12,1385.2
09.27.2012-15:00:00,09,27,2012,15,1397.7
09.27.2012-18:00:00,09,27,2012,18,1407.6
09.27.2012-21:00:00,09,27,2012,21,1404
09.28.2012-00:00:00,09,28,2012,00,1398.8
09.28.2012-03:00:00,09,28,2012,03,1392.9
09.28.2012-06:00:00,09,28,2012,06,1376.9
09.28.2012-09:00:00,09,28,2012,09,1343.1
09.28.2012-12:00:00,09,28,2012,12,1326.9
09.28.2012-15:00:00,09,28,2012,15,1335.9
09.28.2012-18:00:00,09,28,2012,18,1347.2
09.28.2012-21:00:00,09,28,2012,21,1344.2
09.29.2012-00:00:00,09,29,2012,00,1338.9
09.29.2012-03:00:00,09,29,2012,03,1333
09.29.2012-06:00:00,09,29,2012,06,1318
09.29.2012-09:00:00,09,29,2012,09,1289.6
09.29.2012-12:00:00,09,29,2012,12,1277.1
09.29.2012-15:00:00,09,29,2012,15,1286.6
09.29.2012-18:00:00,09,29,2012,18,1292.9
09.29.2012-21:00:00,09,29,2012,21,1291.6
09.30.2012-00:00:00,09,30,2012,00,1287.2
09.30.2012-03:00:00,09,30,2012,03,1282.5
09.30.2012-06:00:00,09,30,2012,06,1269.9
09.30.2012-09:00:00,09,30,2012,09,1241.9
09.30.2012-12:00:00,09,30,2012,12,1228.8
09.30.2012-15:00:00,09,30,2012,15,1238.3
09.30.2012-18:00:00,09,30,2012,18,1244.8
09.30.2012-21:00:00,09,30,2012,21,1241.9
