TIMESTAMP,MONTH,DAY,YEAR,HOUR,C
10.01.2001-00:00:00,10,01,2001,00,3806.3
10.01.2001-03:00:00,10,01,2001,03,3823.4
10.01.2001-06:00:00,10,01,2001,06,3847.6
10.01.2001-09:00:00,10,01,2001,09,3817.1
10.01.2001-12:00:00,10,01,2001,12,3771
10.01.2001-15:00:00,10,01,2001,15,3756.3
10.01.2001-18:00:00,10,01,2001,18,3772.3
10.01.2001-21:00:00,10,01,2001,21,3783.1
10.02.2001-00:00:00,10,02,2001,00,3791.3
10.02.2001-03:00:00,10,02,2001,03,3812.1
10.02.2001-06:00:00,10,02,2001,06,3832.5
10.02.2001-09:00:00,10,02,2001,09,3798.8
10.02.2001-12:00:00,10,02,2001,12,3748.6
10.02.2001-15:00:00,10,02,2001,15,3727.6
10.02.2001-18:00:00,10,02,2001,18,3738
10.02.2001-21:00:00,10,02,2001,21,3746
10.03.2001-00:00:00,10,03,2001,00,3752.9
10.03.2001-03:00:00,10,03,2001,03,3774.4
10.03.2001-06:00:00,10,03,2001,06,3807.3
10.03.2001-09:00:00,10,03,2001,09,3780.5
10.03.2001-12:00:00,10,03,2001,12,3732.5
10.03.2001-15:00:00,10,03,2001,15,3713.8
10.03.2001-18:00:00,10,03,2001,18,3726.3
10.03.2001-21:00:00,10,03,2001,21,3735
10.04.2001-00:00:00,10,04,2001,00,3739.9
10.04.2001-03:00:00,10,04,2001,03,3757.1
10.04.2001-06:00:00,10,04,2001,06,3791.2
10.04.2001-09:00:00,10,04,2001,09,3766.8
10.04.2001-12:00:00,10,04,2001,12,3719.9
10.04.2001-15:00:00,10,04,2001,15,3700.9
10.04.2001-18:00:00,10,04,2001,18,3712.7
10.04.2001-21:00:00,10,04,2001,21,3723.6
10.05.2001-00:00:00,10,05,2001,00,3728.8
10.05.2001-03:00:00,10,05,2001,03,3744.7
10.05.2001-06:00:00,10,05,2001,06,3779.2
10.05.2001-09:00:00,10,05,2001,09,3756.9
10.05.2001-12:00:00,10,05,2001,12,3712.5
10.05.2001-15:00:00,10,05,2001,15,3696.7
10.05.2001-18:00:00,10,05,2001,18,3710
10.05.2001-21:00:00,10,05,2001,21,3721.6
10.06.2001-00:00:00,10,06,2001,00,3725.8
10.06.2001-03:00:00,10,06,2001,03,3741.2
10.06.2001-06:00:00,10,06,2001,06,3773.1
10.06.2001-09:00:00,10,06,2001,09,3751.8
10.06.2001-12:00:00,10,06,2001,12,3708.3
10.06.2001-15:00:00,10,06,2001,15,3695
10.06.2001-18:00:00,10,06,2001,18,3709
10.06.2001-21:00:00,10,06,2001,21,3717.5
10.07.2001-00:00:00,10,07,2001,00,3721
10.07.2001-03:00:00,10,07,2001,03,3734.8
10.07.2001-06:00:00,10,07,2001,06,3761.8
10.07.2001-09:00:00,10,07,2001,09,3748.6
10.07.2001-12:00:00,10,07,2001,12,3712.8
10.07.2001-15:00:00,10,07,2001,15,3704
10.07.2001-18:00:00,10,07,2001,18,3718.8
10.07.2001-21:00:00,10,07,2001,21,3728.9
10.08.2001-00:00:00,10,08,2001,00,3734.6
10.08.2001-03:00:00,10,08,2001,03,3747.2
10.08.2001-06:00:00,10,08,2001,06,3772
10.08.2001-09:00:00,10,08,2001,09,3822.2
10.08.2001-12:00:00,10,08,2001,12,3801.4
10.08.2001-15:00:00,10,08,2001,15,3786
10.08.2001-18:00:00,10,08,2001,18,3800.6
10.08.2001-21:00:00,10,08,2001,21,3815.3
10.09.2001-00:00:00,10,09,2001,00,3819
10.09.2001-03:00:00,10,09,2001,03,3819.8
10.09.2001-06:00:00,10,09,2001,06,3823.9
10.09.2001-09:00:00,10,09,2001,09,3810.3
10.09.2001-12:00:00,10,09,2001,12,3765.6
10.09.2001-15:00:00,10,09,2001,15,3738.2
10.09.2001-18:00:00,10,09,2001,18,3740.3
10.09.2001-21:00:00,10,09,2001,21,3743.8
10.10.2001-00:00:00,10,10,2001,00,3745.3
10.10.2001-03:00:00,10,10,2001,03,3749.4
10.10.2001-06:00:00,10,10,2001,06,3761.5
10.10.2001-09:00:00,10,10,2001,09,3925.4
10.10.2001-12:00:00,10,10,2001,12,4106.6
10.10.2001-15:00:00,10,10,2001,15,4107.1
10.10.2001-18:00:00,10,10,2001,18,4096.6
10.10.2001-21:00:00,10,10,2001,21,4117.8
10.11.2001-00:00:00,10,11,2001,00,4136.8
10.11.2001-03:00:00,10,11,2001,03,4124.9
10.11.2001-06:00:00,10,11,2001,06,4081.1
10.11.2001-09:00:00,10,11,2001,09,4049.3
10.11.2001-12:00:00,10,11,2001,12,4136.8
10.11.2001-15:00:00,10,11,2001,15,4148.6
10.11.2001-18:00:00,10,11,2001,18,4144.6
10.11.2001-21:00:00,10,11,2001,21,4159.2
10.12.2001-00:00:00,10,12,2001,00,4182
10.12.2001-03:00:00,10,12,2001,03,4182.1
10.12.2001-06:00:00,10,12,2001,06,4145.7
10.12.2001-09:00:00,10,12,2001,09,4116.2
10.12.2001-12:00:00,10,12,2001,12,4282.5
10.12.2001-15:00:00,10,12,2001,15,4348.2
10.12.2001-18:00:00,10,12,2001,18,4330.9
10.12.2001-21:00:00,10,12,2001,21,4343.2
10.13.2001-00:00:00,10,13,2001,00,4376.3
10.13.2001-03:00:00,10,13,2001,03,4385.8
10.13.2001-06:00:00,10,13,2001,06,4373.7
10.13.2001-09:00:00,10,13,2001,09,4575.3
10.13.2001-12:00:00,10,13,2001,12,4840.4
10.13.2001-15:00:00,10,13,2001,15,4840.7
10.13.2001-18:00:00,10,13,2001,18,4802
10.13.2001-21:00:00,10,13,2001,21,4795.5
10.14.2001-00:00:00,10,14,2001,00,4773.9
10.14.2001-03:00:00,10,14,2001,03,4692.1
10.14.2001-06:00:00,10,14,2001,06,4553.2
10.14.2001-09:00:00,10,14,2001,09,4410.9
10.14.2001-12:00:00,10,14,2001,12,4267.4
10.14.2001-15:00:00,10,14,2001,15,4128.9
10.14.2001-18:00:00,10,14,2001,18,4054.3
10.14.2001-21:00:00,10,14,2001,21,4013.8
10.15.2001-00:00:00,10,15,2001,00,3981.2
10.15.2001-03:00:00,10,15,2001,03,3954.4
10.15.2001-06:00:00,10,15,2001,06,3934.6
10.15.2001-09:00:00,10,15,2001,09,3908.6
10.15.2001-12:00:00,10,15,2001,12,3868.3
10.15.2001-15:00:00,10,15,2001,15,3840.8
10.15.2001-18:00:00,10,15,2001,18,3840.5
10.15.2001-21:00:00,10,15,2001,21,3844.3
10.16.2001-00:00:00,10,16,2001,00,3840.5
10.16.2001-03:00:00,10,16,2001,03,3835.6
10.16.2001-06:00:00,10,16,2001,06,3837.1
10.16.2001-09:00:00,10,16,2001,09,3805.4
10.16.2001-12:00:00,10,16,2001,12,3768.1
10.16.2001-15:00:00,10,16,2001,15,3743.8
10.16.2001-18:00:00,10,16,2001,18,3740.2
10.16.2001-21:00:00,10,16,2001,21,3736.7
10.17.2001-00:00:00,10,17,2001,00,3731.8
10.17.2001-03:00:00,10,17,2001,03,3734.1
10.17.2001-06:00:00,10,17,2001,06,3746.2
10.17.2001-09:00:00,10,17,2001,09,3739.8
10.17.2001-12:00:00,10,17,2001,12,3733.7
10.17.2001-15:00:00,10,17,2001,15,3734.1
10.17.2001-18:00:00,10,17,2001,18,3744.6
10.17.2001-21:00:00,10,17,2001,21,3751.3
10.18.2001-00:00:00,10,18,2001,00,3754.6
10.18.2001-03:00:00,10,18,2001,03,3760.5
10.18.2001-06:00:00,10,18,2001,06,3769.2
10.18.2001-09:00:00,10,18,2001,09,3746.5
10.18.2001-12:00:00,10,18,2001,12,3720.7
10.18.2001-15:00:00,10,18,2001,15,3691.5
10.18.2001-18:00:00,10,18,2001,18,3682.3
10.18.2001-21:00:00,10,18,2001,21,3677.5
10.19.2001-00:00:00,10,19,2001,00,3675.6
10.19.2001-03:00:00,10,19,2001,03,3680.3
10.19.2001-06:00:00,10,19,2001,06,3695
10.19.2001-09:00:00,10,19,2001,09,3702.5
10.19.2001-12:00:00,10,19,2001,12,3692
10.19.2001-15:00:00,10,19,2001,15,3670.9
10.19.2001-18:00:00,10,19,2001,18,3675
10.19.2001-21:00:00,10,19,2001,21,3684.2
10.20.2001-00:00:00,10,20,2001,00,3687.6
10.20.2001-03:00:00,10,20,2001,03,3690.5
10.20.2001-06:00:00,10,20,2001,06,3698.8
10.20.2001-09:00:00,10,20,2001,09,3683.1
10.20.2001-12:00:00,10,20,2001,12,3654.6
10.20.2001-15:00:00,10,20,2001,15,3641.1
10.20.2001-18:00:00,10,20,2001,18,3646.4
10.20.2001-21:00:00,10,20,2001,21,3652
10.21.2001-00:00:00,10,21,2001,00,3652.5
10.21.2001-03:00:00,10,21,2001,03,3655.1
10.21.2001-06:00:00,10,21,2001,06,3664
10.21.2001-09:00:00,10,21,2001,09,3778.1
10.21.2001-12:00:00,10,21,2001,12,3797
10.21.2001-15:00:00,10,21,2001,15,3795
10.21.2001-18:00:00,10,21,2001,18,3802.8
10.21.2001-21:00:00,10,21,2001,21,3815.6
10.22.2001-00:00:00,10,22,2001,00,3821.6
10.22.2001-03:00:00,10,22,2001,03,3810.2
10.22.2001-06:00:00,10,22,2001,06,3789.2
10.22.2001-09:00:00,10,22,2001,09,3811.6
10.22.2001-12:00:00,10,22,2001,12,3854.9
10.22.2001-15:00:00,10,22,2001,15,3831.4
10.22.2001-18:00:00,10,22,2001,18,3814.1
10.22.2001-21:00:00,10,22,2001,21,3818.8
10.23.2001-00:00:00,10,23,2001,00,3827.5
10.23.2001-03:00:00,10,23,2001,03,3823.9
10.23.2001-06:00:00,10,23,2001,06,3807.2
10.23.2001-09:00:00,10,23,2001,09,3791.4
10.23.2001-12:00:00,10,23,2001,12,3977.3
10.23.2001-15:00:00,10,23,2001,15,4035.5
10.23.2001-18:00:00,10,23,2001,18,4007.3
10.23.2001-21:00:00,10,23,2001,21,4012.2
10.24.2001-00:00:00,10,24,2001,00,4041.8
10.24.2001-03:00:00,10,24,2001,03,4048.2
10.24.2001-06:00:00,10,24,2001,06,4011.2
10.24.2001-09:00:00,10,24,2001,09,3933.8
10.24.2001-12:00:00,10,24,2001,12,3843.7
10.24.2001-15:00:00,10,24,2001,15,3785.8
10.24.2001-18:00:00,10,24,2001,18,3748.8
10.24.2001-21:00:00,10,24,2001,21,3723.6
10.25.2001-00:00:00,10,25,2001,00,3706.9
10.25.2001-03:00:00,10,25,2001,03,3698.9
10.25.2001-06:00:00,10,25,2001,06,3697
10.25.2001-09:00:00,10,25,2001,09,3695.8
10.25.2001-12:00:00,10,25,2001,12,3698
10.25.2001-15:00:00,10,25,2001,15,3721.7
10.25.2001-18:00:00,10,25,2001,18,3735.3
10.25.2001-21:00:00,10,25,2001,21,3748
10.26.2001-00:00:00,10,26,2001,00,3748.1
10.26.2001-03:00:00,10,26,2001,03,3750.4
10.26.2001-06:00:00,10,26,2001,06,3748.3
10.26.2001-09:00:00,10,26,2001,09,3737.5
10.26.2001-12:00:00,10,26,2001,12,3735.4
10.26.2001-15:00:00,10,26,2001,15,3719.8
10.26.2001-18:00:00,10,26,2001,18,3699.9
10.26.2001-21:00:00,10,26,2001,21,3689.9
10.27.2001-00:00:00,10,27,2001,00,3685.5
10.27.2001-03:00:00,10,27,2001,03,3683.1
10.27.2001-06:00:00,10,27,2001,06,3679.7
10.27.2001-09:00:00,10,27,2001,09,3661.3
10.27.2001-12:00:00,10,27,2001,12,3633.6
10.27.2001-15:00:00,10,27,2001,15,3628
10.27.2001-18:00:00,10,27,2001,18,3629.4
10.27.2001-21:00:00,10,27,2001,21,3625.7
10.28.2001-00:00:00,10,28,2001,00,3620.8
10.28.2001-03:00:00,10,28,2001,03,3618.8
10.28.2001-06:00:00,10,28,2001,06,3620
10.28.2001-09:00:00,10,28,2001,09,3615.7
10.28.2001-12:00:00,10,28,2001,12,3597.2
10.28.2001-15:00:00,10,28,2001,15,3597.1
10.28.2001-18:00:00,10,28,2001,18,3602.7
10.28.2001-21:00:00,10,28,2001,21,3603.8
10.29.2001-00:00:00,10,29,2001,00,3602.4
10.29.2001-03:00:00,10,29,2001,03,3601.8
10.29.2001-06:00:00,10,29,2001,06,3602.8
10.29.2001-09:00:00,10,29,2001,09,3601
10.29.2001-12:00:00,10,29,2001,12,3591.1
10.29.2001-15:00:00,10,29,2001,15,3592.8
10.29.2001-18:00:00,10,29,2001,18,3594.7
10.29.2001-21:00:00,10,29,2001,21,3593.8
10.30.2001-00:00:00,10,30,2001,00,3591.9
10.30.2001-03:00:00,10,30,2001,03,3590
10.30.2001-06:00:00,10,30,2001,06,3588.9
10.30.2001-09:00:00,10,30,2001,09,3587.9
10.30.2001-12:00:00,10,30,2001,12,3587.2
10.30.2001-15:00:00,10,30,2001,15,3585.6
10.30.2001-18:00:00,10,30,2001,18,3583.9
10.30.2001-21:00:00,10,30,2001,21,3581.9
10.31.2001-00:00:00,10,31,2001,00,3579.5
10.31.2001-03:00:00,10,31,2001,03,3577
10.31.2001-06:00:00,10,31,2001,06,3574.5
10.31.2001-09:00:00,10,31,2001,09,3596.9
10.31.2001-12:00:00,10,31,2001,12,3734.8
10.31.2001-15:00:00,10,31,2001,15,3822.4
10.31.2001-18:00:00,10,31,2001,18,3826.1
10.31.2001-21:00:00,10,31,2001,21,3796.5
11.01.2001-00:00:00,11,01,2001,00,3806.3
11.01.2001-03:00:00,11,01,2001,03,3822.9
11.01.2001-06:00:00,11,01,2001,06,3810.8
11.01.2001-09:00:00,11,01,2001,09,3763.2
11.01.2001-12:00:00,11,01,2001,12,3693.7
11.01.2001-15:00:00,11,01,2001,15,3642.7
11.01.2001-18:00:00,11,01,2001,18,3605.4
11.01.2001-21:00:00,11,01,2001,21,3578
11.02.2001-00:00:00,11,02,2001,00,3560.1
11.02.2001-03:00:00,11,02,2001,03,3550.1
11.02.2001-06:00:00,11,02,2001,06,3545.5
11.02.2001-09:00:00,11,02,2001,09,3533.8
11.02.2001-12:00:00,11,02,2001,12,3514.3
11.02.2001-15:00:00,11,02,2001,15,3511.1
11.02.2001-18:00:00,11,02,2001,18,3513.7
11.02.2001-21:00:00,11,02,2001,21,3512.2
11.03.2001-00:00:00,11,03,2001,00,3509.1
11.03.2001-03:00:00,11,03,2001,03,3507.8
11.03.2001-06:00:00,11,03,2001,06,3508.4
11.03.2001-09:00:00,11,03,2001,09,3502
11.03.2001-12:00:00,11,03,2001,12,3486.4
11.03.2001-15:00:00,11,03,2001,15,3487.1
11.03.2001-18:00:00,11,03,2001,18,3490.4
11.03.2001-21:00:00,11,03,2001,21,3489.2
11.04.2001-00:00:00,11,04,2001,00,3487.1
11.04.2001-03:00:00,11,04,2001,03,3486.4
11.04.2001-06:00:00,11,04,2001,06,3486.5
11.04.2001-09:00:00,11,04,2001,09,3477.7
11.04.2001-12:00:00,11,04,2001,12,3461.5
11.04.2001-15:00:00,11,04,2001,15,3460.9
11.04.2001-18:00:00,11,04,2001,18,3465.6
11.04.2001-21:00:00,11,04,2001,21,3466
11.05.2001-00:00:00,11,05,2001,00,3464.6
11.05.2001-03:00:00,11,05,2001,03,3464.2
11.05.2001-06:00:00,11,05,2001,06,3465.1
11.05.2001-09:00:00,11,05,2001,09,3458.9
11.05.2001-12:00:00,11,05,2001,12,3445.2
11.05.2001-15:00:00,11,05,2001,15,3445.6
11.05.2001-18:00:00,11,05,2001,18,3448.5
11.05.2001-21:00:00,11,05,2001,21,3447.9
11.06.2001-00:00:00,11,06,2001,00,3446.6
11.06.2001-03:00:00,11,06,2001,03,3446.4
11.06.2001-06:00:00,11,06,2001,06,3447.1
11.06.2001-09:00:00,11,06,2001,09,3446.4
11.06.2001-12:00:00,11,06,2001,12,3435.2
11.06.2001-15:00:00,11,06,2001,15,3435.2
11.06.2001-18:00:00,11,06,2001,18,3437.2
11.06.2001-21:00:00,11,06,2001,21,3435.8
11.07.2001-00:00:00,11,07,2001,00,3433.5
11.07.2001-03:00:00,11,07,2001,03,3432.3
11.07.2001-06:00:00,11,07,2001,06,3432.6
11.07.2001-09:00:00,11,07,2001,09,3431.3
11.07.2001-12:00:00,11,07,2001,12,3425.5
11.07.2001-15:00:00,11,07,2001,15,3426.5
11.07.2001-18:00:00,11,07,2001,18,3426.4
11.07.2001-21:00:00,11,07,2001,21,3424.5
11.08.2001-00:00:00,11,08,2001,00,3422
11.08.2001-03:00:00,11,08,2001,03,3419.4
11.08.2001-06:00:00,11,08,2001,06,3417
11.08.2001-09:00:00,11,08,2001,09,3413.4
11.08.2001-12:00:00,11,08,2001,12,3402
11.08.2001-15:00:00,11,08,2001,15,3400.9
11.08.2001-18:00:00,11,08,2001,18,3402
11.08.2001-21:00:00,11,08,2001,21,3399.7
11.09.2001-00:00:00,11,09,2001,00,3397.3
11.09.2001-03:00:00,11,09,2001,03,3394.8
11.09.2001-06:00:00,11,09,2001,06,3394.4
11.09.2001-09:00:00,11,09,2001,09,3391.7
11.09.2001-12:00:00,11,09,2001,12,3379.4
11.09.2001-15:00:00,11,09,2001,15,3378.8
11.09.2001-18:00:00,11,09,2001,18,3380.6
11.09.2001-21:00:00,11,09,2001,21,3378.9
11.10.2001-00:00:00,11,10,2001,00,3376.5
11.10.2001-03:00:00,11,10,2001,03,3374.1
11.10.2001-06:00:00,11,10,2001,06,3373.4
11.10.2001-09:00:00,11,10,2001,09,3372.1
11.10.2001-12:00:00,11,10,2001,12,3362.4
11.10.2001-15:00:00,11,10,2001,15,3363.6
11.10.2001-18:00:00,11,10,2001,18,3365.2
11.10.2001-21:00:00,11,10,2001,21,3363
11.11.2001-00:00:00,11,11,2001,00,3361.7
11.11.2001-03:00:00,11,11,2001,03,3359.4
11.11.2001-06:00:00,11,11,2001,06,3357.9
11.11.2001-09:00:00,11,11,2001,09,3357.5
11.11.2001-12:00:00,11,11,2001,12,3345.7
11.11.2001-15:00:00,11,11,2001,15,3344.7
11.11.2001-18:00:00,11,11,2001,18,3347
11.11.2001-21:00:00,11,11,2001,21,3346
11.12.2001-00:00:00,11,12,2001,00,3344.4
11.12.2001-03:00:00,11,12,2001,03,3344.3
11.12.2001-06:00:00,11,12,2001,06,3343.8
11.12.2001-09:00:00,11,12,2001,09,3341.2
11.12.2001-12:00:00,11,12,2001,12,3336.8
11.12.2001-15:00:00,11,12,2001,15,3336.4
11.12.2001-18:00:00,11,12,2001,18,3336.6
11.12.2001-21:00:00,11,12,2001,21,3334.7
11.13.2001-00:00:00,11,13,2001,00,3332.8
11.13.2001-03:00:00,11,13,2001,03,3331
11.13.2001-06:00:00,11,13,2001,06,3329.2
11.13.2001-09:00:00,11,13,2001,09,3327.2
11.13.2001-12:00:00,11,13,2001,12,3325.3
11.13.2001-15:00:00,11,13,2001,15,3323.7
11.13.2001-18:00:00,11,13,2001,18,3322.5
11.13.2001-21:00:00,11,13,2001,21,3321.4
11.14.2001-00:00:00,11,14,2001,00,3445
11.14.2001-03:00:00,11,14,2001,03,3565.5
11.14.2001-06:00:00,11,14,2001,06,3634
11.14.2001-09:00:00,11,14,2001,09,3811.7
11.14.2001-12:00:00,11,14,2001,12,4277.1
11.14.2001-15:00:00,11,14,2001,15,4852.4
11.14.2001-18:00:00,11,14,2001,18,5423.3
11.14.2001-21:00:00,11,14,2001,21,5925.2
11.15.2001-00:00:00,11,15,2001,00,5850.5
11.15.2001-03:00:00,11,15,2001,03,5809.2
11.15.2001-06:00:00,11,15,2001,06,5744.8
11.15.2001-09:00:00,11,15,2001,09,5595.5
11.15.2001-12:00:00,11,15,2001,12,5296.9
11.15.2001-15:00:00,11,15,2001,15,4903.4
11.15.2001-18:00:00,11,15,2001,18,4559.1
11.15.2001-21:00:00,11,15,2001,21,4300.4
11.16.2001-00:00:00,11,16,2001,00,4127
11.16.2001-03:00:00,11,16,2001,03,4018.9
11.16.2001-06:00:00,11,16,2001,06,3950.6
11.16.2001-09:00:00,11,16,2001,09,3905.1
11.16.2001-12:00:00,11,16,2001,12,3875.7
11.16.2001-15:00:00,11,16,2001,15,3844.9
11.16.2001-18:00:00,11,16,2001,18,3837.6
11.16.2001-21:00:00,11,16,2001,21,3834.8
11.17.2001-00:00:00,11,17,2001,00,3834.6
11.17.2001-03:00:00,11,17,2001,03,3835.7
11.17.2001-06:00:00,11,17,2001,06,3839.9
11.17.2001-09:00:00,11,17,2001,09,3883.6
11.17.2001-12:00:00,11,17,2001,12,3852.6
11.17.2001-15:00:00,11,17,2001,15,3839.1
11.17.2001-18:00:00,11,17,2001,18,3847.1
11.17.2001-21:00:00,11,17,2001,21,3855.5
11.18.2001-00:00:00,11,18,2001,00,3861.6
11.18.2001-03:00:00,11,18,2001,03,3866.3
11.18.2001-06:00:00,11,18,2001,06,3870.1
11.18.2001-09:00:00,11,18,2001,09,3873.6
11.18.2001-12:00:00,11,18,2001,12,3873.3
11.18.2001-15:00:00,11,18,2001,15,3880.5
11.18.2001-18:00:00,11,18,2001,18,3884.3
11.18.2001-21:00:00,11,18,2001,21,3887.2
11.19.2001-00:00:00,11,19,2001,00,3892.1
11.19.2001-03:00:00,11,19,2001,03,3897.4
11.19.2001-06:00:00,11,19,2001,06,3900.5
11.19.2001-09:00:00,11,19,2001,09,3901.8
11.19.2001-12:00:00,11,19,2001,12,3902.6
11.19.2001-15:00:00,11,19,2001,15,3903.3
11.19.2001-18:00:00,11,19,2001,18,3903.8
11.19.2001-21:00:00,11,19,2001,21,3903.9
11.20.2001-00:00:00,11,20,2001,00,3903.5
11.20.2001-03:00:00,11,20,2001,03,3903.3
11.20.2001-06:00:00,11,20,2001,06,3904.6
11.20.2001-09:00:00,11,20,2001,09,3911.1
11.20.2001-12:00:00,11,20,2001,12,3922.5
11.20.2001-15:00:00,11,20,2001,15,3918
11.20.2001-18:00:00,11,20,2001,18,3925.4
11.20.2001-21:00:00,11,20,2001,21,3930.7
11.21.2001-00:00:00,11,21,2001,00,3931.3
11.21.2001-03:00:00,11,21,2001,03,3931.5
11.21.2001-06:00:00,11,21,2001,06,3930.2
11.21.2001-09:00:00,11,21,2001,09,3927.1
11.21.2001-12:00:00,11,21,2001,12,3923.8
11.21.2001-15:00:00,11,21,2001,15,3923.2
11.21.2001-18:00:00,11,21,2001,18,3921.5
11.21.2001-21:00:00,11,21,2001,21,3922.1
11.22.2001-00:00:00,11,22,2001,00,3925.6
11.22.2001-03:00:00,11,22,2001,03,3926.9
11.22.2001-06:00:00,11,22,2001,06,3925.9
11.22.2001-09:00:00,11,22,2001,09,3930.7
11.22.2001-12:00:00,11,22,2001,12,3935.4
11.22.2001-15:00:00,11,22,2001,15,3937.9
11.22.2001-18:00:00,11,22,2001,18,3942
11.22.2001-21:00:00,11,22,2001,21,3947.6
11.23.2001-00:00:00,11,23,2001,00,3948.2
11.23.2001-03:00:00,11,23,2001,03,3945.3
11.23.2001-06:00:00,11,23,2001,06,3941.8
11.23.2001-09:00:00,11,23,2001,09,3931.8
11.23.2001-12:00:00,11,23,2001,12,3917.7
11.23.2001-15:00:00,11,23,2001,15,3913.9
11.23.2001-18:00:00,11,23,2001,18,3910.7
11.23.2001-21:00:00,11,23,2001,21,3907.2
11.24.2001-00:00:00,11,24,2001,00,3904.2
11.24.2001-03:00:00,11,24,2001,03,3902.1
11.24.2001-06:00:00,11,24,2001,06,3900.2
11.24.2001-09:00:00,11,24,2001,09,3900.3
11.24.2001-12:00:00,11,24,2001,12,3898.3
11.24.2001-15:00:00,11,24,2001,15,3897
11.24.2001-18:00:00,11,24,2001,18,3896.9
11.24.2001-21:00:00,11,24,2001,21,3896
11.25.2001-00:00:00,11,25,2001,00,3893.3
11.25.2001-03:00:00,11,25,2001,03,3890.2
11.25.2001-06:00:00,11,25,2001,06,3886.9
11.25.2001-09:00:00,11,25,2001,09,3883.3
11.25.2001-12:00:00,11,25,2001,12,3877.2
11.25.2001-15:00:00,11,25,2001,15,3875.1
11.25.2001-18:00:00,11,25,2001,18,3875
11.25.2001-21:00:00,11,25,2001,21,3873.8
11.26.2001-00:00:00,11,26,2001,00,3871
11.26.2001-03:00:00,11,26,2001,03,3869
11.26.2001-06:00:00,11,26,2001,06,3867.4
11.26.2001-09:00:00,11,26,2001,09,3864.9
11.26.2001-12:00:00,11,26,2001,12,3860.5
11.26.2001-15:00:00,11,26,2001,15,3858.7
11.26.2001-18:00:00,11,26,2001,18,3857.1
11.26.2001-21:00:00,11,26,2001,21,3854.5
11.27.2001-00:00:00,11,27,2001,00,3850.8
11.27.2001-03:00:00,11,27,2001,03,3846.6
11.27.2001-06:00:00,11,27,2001,06,3842.4
11.27.2001-09:00:00,11,27,2001,09,3838.3
11.27.2001-12:00:00,11,27,2001,12,3834.8
11.27.2001-15:00:00,11,27,2001,15,3833.2
11.27.2001-18:00:00,11,27,2001,18,3829.7
11.27.2001-21:00:00,11,27,2001,21,3826
11.28.2001-00:00:00,11,28,2001,00,3821.9
11.28.2001-03:00:00,11,28,2001,03,3817.3
11.28.2001-06:00:00,11,28,2001,06,3812.1
11.28.2001-09:00:00,11,28,2001,09,3807.3
11.28.2001-12:00:00,11,28,2001,12,3802.2
11.28.2001-15:00:00,11,28,2001,15,3797
11.28.2001-18:00:00,11,28,2001,18,3791.9
11.28.2001-21:00:00,11,28,2001,21,3787.1
11.29.2001-00:00:00,11,29,2001,00,3782
11.29.2001-03:00:00,11,29,2001,03,3776.7
11.29.2001-06:00:00,11,29,2001,06,3771.5
11.29.2001-09:00:00,11,29,2001,09,3766.5
11.29.2001-12:00:00,11,29,2001,12,3761.6
11.29.2001-15:00:00,11,29,2001,15,3757
11.29.2001-18:00:00,11,29,2001,18,3752.1
11.29.2001-21:00:00,11,29,2001,21,3746.8
11.30.2001-00:00:00,11,30,2001,00,3741.4
11.30.2001-03:00:00,11,30,2001,03,3736.1
11.30.2001-06:00:00,11,30,2001,06,3730.8
11.30.2001-09:00:00,11,30,2001,09,3725.7
11.30.2001-12:00:00,11,30,2001,12,3720.9
11.30.2001-15:00:00,11,30,2001,15,3716.2
11.30.2001-18:00:00,11,30,2001,18,3712.3
11.30.2001-21:00:00,11,30,2001,21,3708.4
12.01.2001-00:00:00,12,01,2001,00,3704
12.01.2001-03:00:00,12,01,2001,03,3699.1
12.01.2001-06:00:00,12,01,2001,06,3694.3
12.01.2001-09:00:00,12,01,2001,09,3689.7
12.01.2001-12:00:00,12,01,2001,12,3684.8
12.01.2001-15:00:00,12,01,2001,15,3679.4
12.01.2001-18:00:00,12,01,2001,18,3673.8
12.01.2001-21:00:00,12,01,2001,21,3668.5
12.02.2001-00:00:00,12,02,2001,00,3663.2
12.02.2001-03:00:00,12,02,2001,03,3658.2
12.02.2001-06:00:00,12,02,2001,06,3653.4
12.02.2001-09:00:00,12,02,2001,09,3648.5
12.02.2001-12:00:00,12,02,2001,12,3643.5
12.02.2001-15:00:00,12,02,2001,15,3638.4
12.02.2001-18:00:00,12,02,2001,18,3632.8
12.02.2001-21:00:00,12,02,2001,21,3628.1
12.03.2001-00:00:00,12,03,2001,00,3622.6
12.03.2001-03:00:00,12,03,2001,03,3617.8
12.03.2001-06:00:00,12,03,2001,06,3612.7
12.03.2001-09:00:00,12,03,2001,09,3608.3
12.03.2001-12:00:00,12,03,2001,12,3603.3
12.03.2001-15:00:00,12,03,2001,15,3598.9
12.03.2001-18:00:00,12,03,2001,18,3593.5
12.03.2001-21:00:00,12,03,2001,21,3588.1
12.04.2001-00:00:00,12,04,2001,00,3583.3
12.04.2001-03:00:00,12,04,2001,03,3577.6
12.04.2001-06:00:00,12,04,2001,06,3572.3
12.04.2001-09:00:00,12,04,2001,09,3567.1
12.04.2001-12:00:00,12,04,2001,12,3561.3
12.04.2001-15:00:00,12,04,2001,15,3555.7
12.04.2001-18:00:00,12,04,2001,18,3550.6
12.04.2001-21:00:00,12,04,2001,21,3545.9
12.05.2001-00:00:00,12,05,2001,00,3540.2
12.05.2001-03:00:00,12,05,2001,03,3534.5
12.05.2001-06:00:00,12,05,2001,06,3529.3
12.05.2001-09:00:00,12,05,2001,09,3523.9
12.05.2001-12:00:00,12,05,2001,12,3518.5
12.05.2001-15:00:00,12,05,2001,15,3513.1
12.05.2001-18:00:00,12,05,2001,18,3508.1
12.05.2001-21:00:00,12,05,2001,21,3503.6
12.06.2001-00:00:00,12,06,2001,00,3498.8
12.06.2001-03:00:00,12,06,2001,03,3494.1
12.06.2001-06:00:00,12,06,2001,06,3489.4
12.06.2001-09:00:00,12,06,2001,09,3484.5
12.06.2001-12:00:00,12,06,2001,12,3479
12.06.2001-15:00:00,12,06,2001,15,3473.3
12.06.2001-18:00:00,12,06,2001,18,3467.8
12.06.2001-21:00:00,12,06,2001,21,3462.2
12.07.2001-00:00:00,12,07,2001,00,3456.7
12.07.2001-03:00:00,12,07,2001,03,3451.1
12.07.2001-06:00:00,12,07,2001,06,3445.5
12.07.2001-09:00:00,12,07,2001,09,3440.4
12.07.2001-12:00:00,12,07,2001,12,3435.2
12.07.2001-15:00:00,12,07,2001,15,3429.8
12.07.2001-18:00:00,12,07,2001,18,3424.1
12.07.2001-21:00:00,12,07,2001,21,3418.9
12.08.2001-00:00:00,12,08,2001,00,3413.7
12.08.2001-03:00:00,12,08,2001,03,3408.5
12.08.2001-06:00:00,12,08,2001,06,3403.3
12.08.2001-09:00:00,12,08,2001,09,3398.2
12.08.2001-12:00:00,12,08,2001,12,3392.6
12.08.2001-15:00:00,12,08,2001,15,3387.7
12.08.2001-18:00:00,12,08,2001,18,3382.4
12.08.2001-21:00:00,12,08,2001,21,3376.8
12.09.2001-00:00:00,12,09,2001,00,3371.3
12.09.2001-03:00:00,12,09,2001,03,3366.1
12.09.2001-06:00:00,12,09,2001,06,3360.5
12.09.2001-09:00:00,12,09,2001,09,3355.4
12.09.2001-12:00:00,12,09,2001,12,3350.4
12.09.2001-15:00:00,12,09,2001,15,3345.2
12.09.2001-18:00:00,12,09,2001,18,3340
12.09.2001-21:00:00,12,09,2001,21,3334.1
12.10.2001-00:00:00,12,10,2001,00,3329.5
12.10.2001-03:00:00,12,10,2001,03,3323.8
12.10.2001-06:00:00,12,10,2001,06,3319.3
12.10.2001-09:00:00,12,10,2001,09,3313.6
12.10.2001-12:00:00,12,10,2001,12,3309.1
12.10.2001-15:00:00,12,10,2001,15,3303.1
12.10.2001-18:00:00,12,10,2001,18,3299
12.10.2001-21:00:00,12,10,2001,21,3293.4
12.11.2001-00:00:00,12,11,2001,00,3288.6
12.11.2001-03:00:00,12,11,2001,03,3283.4
12.11.2001-06:00:00,12,11,2001,06,3279.4
12.11.2001-09:00:00,12,11,2001,09,3273.2
12.11.2001-12:00:00,12,11,2001,12,3268.8
12.11.2001-15:00:00,12,11,2001,15,3263.1
12.11.2001-18:00:00,12,11,2001,18,3258.7
12.11.2001-21:00:00,12,11,2001,21,3253.4
12.12.2001-00:00:00,12,12,2001,00,3249.2
12.12.2001-03:00:00,12,12,2001,03,3243.2
12.12.2001-06:00:00,12,12,2001,06,3238.5
12.12.2001-09:00:00,12,12,2001,09,3233.7
12.12.2001-12:00:00,12,12,2001,12,3229.1
12.12.2001-15:00:00,12,12,2001,15,3223.5
12.12.2001-18:00:00,12,12,2001,18,3219
12.12.2001-21:00:00,12,12,2001,21,3213.2
12.13.2001-00:00:00,12,13,2001,00,3209
12.13.2001-03:00:00,12,13,2001,03,3203.8
12.13.2001-06:00:00,12,13,2001,06,3199.9
12.13.2001-09:00:00,12,13,2001,09,3194.2
12.13.2001-12:00:00,12,13,2001,12,3189.8
12.13.2001-15:00:00,12,13,2001,15,3183.8
12.13.2001-18:00:00,12,13,2001,18,3179.2
12.13.2001-21:00:00,12,13,2001,21,3174.8
12.14.2001-00:00:00,12,14,2001,00,3170.7
12.14.2001-03:00:00,12,14,2001,03,3165.9
12.14.2001-06:00:00,12,14,2001,06,3161.6
12.14.2001-09:00:00,12,14,2001,09,3156.6
12.14.2001-12:00:00,12,14,2001,12,3151.6
12.14.2001-15:00:00,12,14,2001,15,3147.8
12.14.2001-18:00:00,12,14,2001,18,3142.3
12.14.2001-21:00:00,12,14,2001,21,3137.3
12.15.2001-00:00:00,12,15,2001,00,3133.5
12.15.2001-03:00:00,12,15,2001,03,3128.5
12.15.2001-06:00:00,12,15,2001,06,3122.6
12.15.2001-09:00:00,12,15,2001,09,3118.5
12.15.2001-12:00:00,12,15,2001,12,3113.7
12.15.2001-15:00:00,12,15,2001,15,3109.1
12.15.2001-18:00:00,12,15,2001,18,3105
12.15.2001-21:00:00,12,15,2001,21,3099.2
12.16.2001-00:00:00,12,16,2001,00,3094
12.16.2001-03:00:00,12,16,2001,03,3090.8
12.16.2001-06:00:00,12,16,2001,06,3085.5
12.16.2001-09:00:00,12,16,2001,09,3080.6
12.16.2001-12:00:00,12,16,2001,12,3075.5
12.16.2001-15:00:00,12,16,2001,15,3071.7
12.16.2001-18:00:00,12,16,2001,18,3066.3
12.16.2001-21:00:00,12,16,2001,21,3061.3
12.17.2001-00:00:00,12,17,2001,00,3056.7
12.17.2001-03:00:00,12,17,2001,03,3053.9
12.17.2001-06:00:00,12,17,2001,06,3049.7
12.17.2001-09:00:00,12,17,2001,09,3043.9
12.17.2001-12:00:00,12,17,2001,12,3038.6
12.17.2001-15:00:00,12,17,2001,15,3034.8
12.17.2001-18:00:00,12,17,2001,18,3029.7
12.17.2001-21:00:00,12,17,2001,21,3024.8
12.18.2001-00:00:00,12,18,2001,00,3020.2
12.18.2001-03:00:00,12,18,2001,03,3016.2
12.18.2001-06:00:00,12,18,2001,06,3013.1
12.18.2001-09:00:00,12,18,2001,09,3008.3
12.18.2001-12:00:00,12,18,2001,12,3003.6
12.18.2001-15:00:00,12,18,2001,15,2998.5
12.18.2001-18:00:00,12,18,2001,18,2993.8
12.18.2001-21:00:00,12,18,2001,21,2989.5
12.19.2001-00:00:00,12,19,2001,00,2985.2
12.19.2001-03:00:00,12,19,2001,03,2980.8
12.19.2001-06:00:00,12,19,2001,06,2975.6
12.19.2001-09:00:00,12,19,2001,09,2970.9
12.19.2001-12:00:00,12,19,2001,12,2966.4
12.19.2001-15:00:00,12,19,2001,15,2962
12.19.2001-18:00:00,12,19,2001,18,2957.6
12.19.2001-21:00:00,12,19,2001,21,2953.3
12.20.2001-00:00:00,12,20,2001,00,2948.9
12.20.2001-03:00:00,12,20,2001,03,2944.5
12.20.2001-06:00:00,12,20,2001,06,2940.9
12.20.2001-09:00:00,12,20,2001,09,2936.2
12.20.2001-12:00:00,12,20,2001,12,2931.8
12.20.2001-15:00:00,12,20,2001,15,2928.4
12.20.2001-18:00:00,12,20,2001,18,2923.8
12.20.2001-21:00:00,12,20,2001,21,2919.2
12.21.2001-00:00:00,12,21,2001,00,2914.7
12.21.2001-03:00:00,12,21,2001,03,2909.5
12.21.2001-06:00:00,12,21,2001,06,2904.9
12.21.2001-09:00:00,12,21,2001,09,2901.2
12.21.2001-12:00:00,12,21,2001,12,2896.5
12.21.2001-15:00:00,12,21,2001,15,2892.1
12.21.2001-18:00:00,12,21,2001,18,2888.4
12.21.2001-21:00:00,12,21,2001,21,2883.8
12.22.2001-00:00:00,12,22,2001,00,2879.6
12.22.2001-03:00:00,12,22,2001,03,2875.4
12.22.2001-06:00:00,12,22,2001,06,2871.3
12.22.2001-09:00:00,12,22,2001,09,2867
12.22.2001-12:00:00,12,22,2001,12,2862.8
12.22.2001-15:00:00,12,22,2001,15,2859.4
12.22.2001-18:00:00,12,22,2001,18,2854.9
12.22.2001-21:00:00,12,22,2001,21,2850.6
12.23.2001-00:00:00,12,23,2001,00,2846.2
12.23.2001-03:00:00,12,23,2001,03,2842.1
12.23.2001-06:00:00,12,23,2001,06,2838.4
12.23.2001-09:00:00,12,23,2001,09,2834
12.23.2001-12:00:00,12,23,2001,12,2829.7
12.23.2001-15:00:00,12,23,2001,15,2825.7
12.23.2001-18:00:00,12,23,2001,18,2822.1
12.23.2001-21:00:00,12,23,2001,21,2817.5
12.24.2001-00:00:00,12,24,2001,00,2813.1
12.24.2001-03:00:00,12,24,2001,03,2808.6
12.24.2001-06:00:00,12,24,2001,06,2804.2
12.24.2001-09:00:00,12,24,2001,09,2799.9
12.24.2001-12:00:00,12,24,2001,12,2795.7
12.24.2001-15:00:00,12,24,2001,15,2791.6
12.24.2001-18:00:00,12,24,2001,18,2787.7
12.24.2001-21:00:00,12,24,2001,21,2783.7
12.25.2001-00:00:00,12,25,2001,00,2781.2
12.25.2001-03:00:00,12,25,2001,03,2776.4
12.25.2001-06:00:00,12,25,2001,06,2771.6
12.25.2001-09:00:00,12,25,2001,09,2767.5
12.25.2001-12:00:00,12,25,2001,12,2763.5
12.25.2001-15:00:00,12,25,2001,15,2759.4
12.25.2001-18:00:00,12,25,2001,18,2755.4
12.25.2001-21:00:00,12,25,2001,21,2751.6
12.26.2001-00:00:00,12,26,2001,00,2747.7
12.26.2001-03:00:00,12,26,2001,03,2743.8
12.26.2001-06:00:00,12,26,2001,06,2740.6
12.26.2001-09:00:00,12,26,2001,09,2736.2
12.26.2001-12:00:00,12,26,2001,12,2732.2
12.26.2001-15:00:00,12,26,2001,15,2728.4
12.26.2001-18:00:00,12,26,2001,18,2725.2
12.26.2001-21:00:00,12,26,2001,21,2721.1
12.27.2001-00:00:00,12,27,2001,00,2717.1
12.27.2001-03:00:00,12,27,2001,03,2713.3
12.27.2001-06:00:00,12,27,2001,06,2709.4
12.27.2001-09:00:00,12,27,2001,09,2705.7
12.27.2001-12:00:00,12,27,2001,12,2702.8
12.27.2001-15:00:00,12,27,2001,15,2698.8
12.27.2001-18:00:00,12,27,2001,18,2694.6
12.27.2001-21:00:00,12,27,2001,21,2690.6
12.28.2001-00:00:00,12,28,2001,00,2686.8
12.28.2001-03:00:00,12,28,2001,03,2683
12.28.2001-06:00:00,12,28,2001,06,2679.3
12.28.2001-09:00:00,12,28,2001,09,2675.6
12.28.2001-12:00:00,12,28,2001,12,2672.5
12.28.2001-15:00:00,12,28,2001,15,2668.4
12.28.2001-18:00:00,12,28,2001,18,2664.4
12.28.2001-21:00:00,12,28,2001,21,2661.3
12.29.2001-00:00:00,12,29,2001,00,2657
12.29.2001-03:00:00,12,29,2001,03,2653.1
12.29.2001-06:00:00,12,29,2001,06,2649.3
12.29.2001-09:00:00,12,29,2001,09,2645.5
12.29.2001-12:00:00,12,29,2001,12,2641.7
12.29.2001-15:00:00,12,29,2001,15,2638
12.29.2001-18:00:00,12,29,2001,18,2634.5
12.29.2001-21:00:00,12,29,2001,21,2630.8
12.30.2001-00:00:00,12,30,2001,00,2627.2
12.30.2001-03:00:00,12,30,2001,03,2624.6
12.30.2001-06:00:00,12,30,2001,06,2620.6
12.30.2001-09:00:00,12,30,2001,09,2617.2
12.30.2001-12:00:00,12,30,2001,12,2613.3
12.30.2001-15:00:00,12,30,2001,15,2609.5
12.30.2001-18:00:00,12,30,2001,18,2605.9
12.30.2001-21:00:00,12,30,2001,21,2602.5
12.31.2001-00:00:00,12,31,2001,00,2597.8
12.31.2001-03:00:00,12,31,2001,03,2594.9
12.31.2001-06:00:00,12,31,2001,06,2590.8
12.31.2001-09:00:00,12,31,2001,09,2588.6
12.31.2001-12:00:00,12,31,2001,12,2583.9
12.31.2001-15:00:00,12,31,2001,15,2581
12.31.2001-18:00:00,12,31,2001,18,2577.1
12.31.2001-21:00:00,12,31,2001,21,2574.4
01.01.2002-00:00:00,01,01,2002,00,2570.2
01.01.2002-03:00:00,01,01,2002,03,2567.3
01.01.2002-06:00:00,01,01,2002,06,2563.9
01.01.2002-09:00:00,01,01,2002,09,2560.8
01.01.2002-12:00:00,01,01,2002,12,2556.5
01.01.2002-15:00:00,01,01,2002,15,2554.5
01.01.2002-18:00:00,01,01,2002,18,2550
01.01.2002-21:00:00,01,01,2002,21,2547.3
01.02.2002-00:00:00,01,02,2002,00,2543.3
01.02.2002-03:00:00,01,02,2002,03,2540.3
01.02.2002-06:00:00,01,02,2002,06,2536.2
01.02.2002-09:00:00,01,02,2002,09,2533.5
01.02.2002-12:00:00,01,02,2002,12,2529.7
01.02.2002-15:00:00,01,02,2002,15,2527
01.02.2002-18:00:00,01,02,2002,18,2522.9
01.02.2002-21:00:00,01,02,2002,21,2520.1
01.03.2002-00:00:00,01,03,2002,00,2516.1
01.03.2002-03:00:00,01,03,2002,03,2514.4
01.03.2002-06:00:00,01,03,2002,06,2510.8
01.03.2002-09:00:00,01,03,2002,09,2507.5
01.03.2002-12:00:00,01,03,2002,12,2503.2
01.03.2002-15:00:00,01,03,2002,15,2500.4
01.03.2002-18:00:00,01,03,2002,18,2496.6
01.03.2002-21:00:00,01,03,2002,21,2494
01.04.2002-00:00:00,01,04,2002,00,2490.1
01.04.2002-03:00:00,01,04,2002,03,2487.6
01.04.2002-06:00:00,01,04,2002,06,2483.7
01.04.2002-09:00:00,01,04,2002,09,2481.7
01.04.2002-12:00:00,01,04,2002,12,2477.4
01.04.2002-15:00:00,01,04,2002,15,2473.7
01.04.2002-18:00:00,01,04,2002,18,2471.5
01.04.2002-21:00:00,01,04,2002,21,2467.9
01.05.2002-00:00:00,01,05,2002,00,2464.7
01.05.2002-03:00:00,01,05,2002,03,2461.9
01.05.2002-06:00:00,01,05,2002,06,2458.1
01.05.2002-09:00:00,01,05,2002,09,2454.7
01.05.2002-12:00:00,01,05,2002,12,2452.3
01.05.2002-15:00:00,01,05,2002,15,2448.4
01.05.2002-18:00:00,01,05,2002,18,2444.8
01.05.2002-21:00:00,01,05,2002,21,2443.2
01.06.2002-00:00:00,01,06,2002,00,2439.1
01.06.2002-03:00:00,01,06,2002,03,2435.6
01.06.2002-06:00:00,01,06,2002,06,2433.4
01.06.2002-09:00:00,01,06,2002,09,2429.6
01.06.2002-12:00:00,01,06,2002,12,2426.1
01.06.2002-15:00:00,01,06,2002,15,2422.6
01.06.2002-18:00:00,01,06,2002,18,2420.5
01.06.2002-21:00:00,01,06,2002,21,2417
01.07.2002-00:00:00,01,07,2002,00,2413.4
01.07.2002-03:00:00,01,07,2002,03,2411.3
01.07.2002-06:00:00,01,07,2002,06,2408.3
01.07.2002-09:00:00,01,07,2002,09,2404
01.07.2002-12:00:00,01,07,2002,12,2400.4
01.07.2002-15:00:00,01,07,2002,15,2397.4
01.07.2002-18:00:00,01,07,2002,18,2394.5
01.07.2002-21:00:00,01,07,2002,21,2391.8
01.08.2002-00:00:00,01,08,2002,00,2388.4
01.08.2002-03:00:00,01,08,2002,03,2384.7
01.08.2002-06:00:00,01,08,2002,06,2381.9
01.08.2002-09:00:00,01,08,2002,09,2378.7
01.08.2002-12:00:00,01,08,2002,12,2375.4
01.08.2002-15:00:00,01,08,2002,15,2374.1
01.08.2002-18:00:00,01,08,2002,18,2370.5
01.08.2002-21:00:00,01,08,2002,21,2366.6
01.09.2002-00:00:00,01,09,2002,00,2364
01.09.2002-03:00:00,01,09,2002,03,2361.3
01.09.2002-06:00:00,01,09,2002,06,2358.2
01.09.2002-09:00:00,01,09,2002,09,2354.9
01.09.2002-12:00:00,01,09,2002,12,2352.1
01.09.2002-15:00:00,01,09,2002,15,2349.7
01.09.2002-18:00:00,01,09,2002,18,2346
01.09.2002-21:00:00,01,09,2002,21,2343.6
01.10.2002-00:00:00,01,10,2002,00,2340.9
01.10.2002-03:00:00,01,10,2002,03,2337.5
01.10.2002-06:00:00,01,10,2002,06,2334.8
01.10.2002-09:00:00,01,10,2002,09,2331.4
01.10.2002-12:00:00,01,10,2002,12,2328.3
01.10.2002-15:00:00,01,10,2002,15,2325.8
01.10.2002-18:00:00,01,10,2002,18,2323.5
01.10.2002-21:00:00,01,10,2002,21,2320.1
01.11.2002-00:00:00,01,11,2002,00,2316.9
01.11.2002-03:00:00,01,11,2002,03,2313.6
01.11.2002-06:00:00,01,11,2002,06,2311.2
01.11.2002-09:00:00,01,11,2002,09,2309.2
01.11.2002-12:00:00,01,11,2002,12,2305.2
01.11.2002-15:00:00,01,11,2002,15,2302
01.11.2002-18:00:00,01,11,2002,18,2299.3
01.11.2002-21:00:00,01,11,2002,21,2296.6
01.12.2002-00:00:00,01,12,2002,00,2293.8
01.12.2002-03:00:00,01,12,2002,03,2290.9
01.12.2002-06:00:00,01,12,2002,06,2288
01.12.2002-09:00:00,01,12,2002,09,2284.7
01.12.2002-12:00:00,01,12,2002,12,2280.7
01.12.2002-15:00:00,01,12,2002,15,2278.9
01.12.2002-18:00:00,01,12,2002,18,2276.5
01.12.2002-21:00:00,01,12,2002,21,2274.5
01.13.2002-00:00:00,01,13,2002,00,2271.3
01.13.2002-03:00:00,01,13,2002,03,2268.2
01.13.2002-06:00:00,01,13,2002,06,2265.2
01.13.2002-09:00:00,01,13,2002,09,2262.9
01.13.2002-12:00:00,01,13,2002,12,2257.8
01.13.2002-15:00:00,01,13,2002,15,2255.7
01.13.2002-18:00:00,01,13,2002,18,2253.8
01.13.2002-21:00:00,01,13,2002,21,2251.2
01.14.2002-00:00:00,01,14,2002,00,2248.4
01.14.2002-03:00:00,01,14,2002,03,2245.7
01.14.2002-06:00:00,01,14,2002,06,2243
01.14.2002-09:00:00,01,14,2002,09,2241
01.14.2002-12:00:00,01,14,2002,12,2237.8
01.14.2002-15:00:00,01,14,2002,15,2235
01.14.2002-18:00:00,01,14,2002,18,2232.3
01.14.2002-21:00:00,01,14,2002,21,2229.6
01.15.2002-00:00:00,01,15,2002,00,2226.9
01.15.2002-03:00:00,01,15,2002,03,2224.3
01.15.2002-06:00:00,01,15,2002,06,2221.5
01.15.2002-09:00:00,01,15,2002,09,2218.7
01.15.2002-12:00:00,01,15,2002,12,2216.2
01.15.2002-15:00:00,01,15,2002,15,2213.9
01.15.2002-18:00:00,01,15,2002,18,2210.7
01.15.2002-21:00:00,01,15,2002,21,2208.4
01.16.2002-00:00:00,01,16,2002,00,2205.3
01.16.2002-03:00:00,01,16,2002,03,2202.3
01.16.2002-06:00:00,01,16,2002,06,2199.6
01.16.2002-09:00:00,01,16,2002,09,2196.9
01.16.2002-12:00:00,01,16,2002,12,2194.4
01.16.2002-15:00:00,01,16,2002,15,2191.7
01.16.2002-18:00:00,01,16,2002,18,2189
01.16.2002-21:00:00,01,16,2002,21,2186.5
01.17.2002-00:00:00,01,17,2002,00,2183.9
01.17.2002-03:00:00,01,17,2002,03,2181.2
01.17.2002-06:00:00,01,17,2002,06,2178.6
01.17.2002-09:00:00,01,17,2002,09,2176.7
01.17.2002-12:00:00,01,17,2002,12,2173.6
01.17.2002-15:00:00,01,17,2002,15,2170.9
01.17.2002-18:00:00,01,17,2002,18,2168.8
01.17.2002-21:00:00,01,17,2002,21,2165.9
01.18.2002-00:00:00,01,18,2002,00,2163.2
01.18.2002-03:00:00,01,18,2002,03,2160.5
01.18.2002-06:00:00,01,18,2002,06,2157.8
01.18.2002-09:00:00,01,18,2002,09,2155.4
01.18.2002-12:00:00,01,18,2002,12,2152.9
01.18.2002-15:00:00,01,18,2002,15,2150.4
01.18.2002-18:00:00,01,18,2002,18,2147.8
01.18.2002-21:00:00,01,18,2002,21,2145.8
01.19.2002-00:00:00,01,19,2002,00,2142.8
01.19.2002-03:00:00,01,19,2002,03,2140
01.19.2002-06:00:00,01,19,2002,06,2137.5
01.19.2002-09:00:00,01,19,2002,09,2135
01.19.2002-12:00:00,01,19,2002,12,2130.4
01.19.2002-15:00:00,01,19,2002,15,2128.9
01.19.2002-18:00:00,01,19,2002,18,2126.9
01.19.2002-21:00:00,01,19,2002,21,2124.5
01.20.2002-00:00:00,01,20,2002,00,2122.1
01.20.2002-03:00:00,01,20,2002,03,2119.6
01.20.2002-06:00:00,01,20,2002,06,2117.1
01.20.2002-09:00:00,01,20,2002,09,2115.7
01.20.2002-12:00:00,01,20,2002,12,2112.6
01.20.2002-15:00:00,01,20,2002,15,2109.8
01.20.2002-18:00:00,01,20,2002,18,2107.2
01.20.2002-21:00:00,01,20,2002,21,2104.7
01.21.2002-00:00:00,01,21,2002,00,2102.1
01.21.2002-03:00:00,01,21,2002,03,2099.9
01.21.2002-06:00:00,01,21,2002,06,2097.3
01.21.2002-09:00:00,01,21,2002,09,2094.8
01.21.2002-12:00:00,01,21,2002,12,2092.6
01.21.2002-15:00:00,01,21,2002,15,2089.8
01.21.2002-18:00:00,01,21,2002,18,2087.2
01.21.2002-21:00:00,01,21,2002,21,2084.6
01.22.2002-00:00:00,01,22,2002,00,2082.2
01.22.2002-03:00:00,01,22,2002,03,2080.3
01.22.2002-06:00:00,01,22,2002,06,2077.4
01.22.2002-09:00:00,01,22,2002,09,2074.8
01.22.2002-12:00:00,01,22,2002,12,2072.5
01.22.2002-15:00:00,01,22,2002,15,2070.6
01.22.2002-18:00:00,01,22,2002,18,2067.9
01.22.2002-21:00:00,01,22,2002,21,2065.3
01.23.2002-00:00:00,01,23,2002,00,2062.8
01.23.2002-03:00:00,01,23,2002,03,2060.5
01.23.2002-06:00:00,01,23,2002,06,2058.1
01.23.2002-09:00:00,01,23,2002,09,2055.7
01.23.2002-12:00:00,01,23,2002,12,2053.4
01.23.2002-15:00:00,01,23,2002,15,2051.2
01.23.2002-18:00:00,01,23,2002,18,2049.4
01.23.2002-21:00:00,01,23,2002,21,2046.7
01.24.2002-00:00:00,01,24,2002,00,2044.2
01.24.2002-03:00:00,01,24,2002,03,2041.8
01.24.2002-06:00:00,01,24,2002,06,2039.4
01.24.2002-09:00:00,01,24,2002,09,2037.1
01.24.2002-12:00:00,01,24,2002,12,2034.9
01.24.2002-15:00:00,01,24,2002,15,2032.6
01.24.2002-18:00:00,01,24,2002,18,2030.3
01.24.2002-21:00:00,01,24,2002,21,2028
01.25.2002-00:00:00,01,25,2002,00,2025.7
01.25.2002-03:00:00,01,25,2002,03,2023.5
01.25.2002-06:00:00,01,25,2002,06,2021.4
01.25.2002-09:00:00,01,25,2002,09,2018.1
01.25.2002-12:00:00,01,25,2002,12,2015.2
01.25.2002-15:00:00,01,25,2002,15,2013.6
01.25.2002-18:00:00,01,25,2002,18,2011.8
01.25.2002-21:00:00,01,25,2002,21,2009.6
01.26.2002-00:00:00,01,26,2002,00,2007.2
01.26.2002-03:00:00,01,26,2002,03,2004.8
01.26.2002-06:00:00,01,26,2002,06,2002.4
01.26.2002-09:00:00,01,26,2002,09,2000.1
01.26.2002-12:00:00,01,26,2002,12,1997.9
01.26.2002-15:00:00,01,26,2002,15,1995.7
01.26.2002-18:00:00,01,26,2002,18,1993.5
01.26.2002-21:00:00,01,26,2002,21,1991.2
01.27.2002-00:00:00,01,27,2002,00,1989.6
01.27.2002-03:00:00,01,27,2002,03,1987
01.27.2002-06:00:00,01,27,2002,06,1984.4
01.27.2002-09:00:00,01,27,2002,09,1982
01.27.2002-12:00:00,01,27,2002,12,1979.8
01.27.2002-15:00:00,01,27,2002,15,1977.6
01.27.2002-18:00:00,01,27,2002,18,1975.4
01.27.2002-21:00:00,01,27,2002,21,1973.2
01.28.2002-00:00:00,01,28,2002,00,1971.1
01.28.2002-03:00:00,01,28,2002,03,1968.9
01.28.2002-06:00:00,01,28,2002,06,1966.6
01.28.2002-09:00:00,01,28,2002,09,1964.5
01.28.2002-12:00:00,01,28,2002,12,1962.2
01.28.2002-15:00:00,01,28,2002,15,1960.7
01.28.2002-18:00:00,01,28,2002,18,1958.1
01.28.2002-21:00:00,01,28,2002,21,1955.8
01.29.2002-00:00:00,01,29,2002,00,1953.7
01.29.2002-03:00:00,01,29,2002,03,1951.2
01.29.2002-06:00:00,01,29,2002,06,1949.1
01.29.2002-09:00:00,01,29,2002,09,1947.2
01.29.2002-12:00:00,01,29,2002,12,1944.8
01.29.2002-15:00:00,01,29,2002,15,1942.5
01.29.2002-18:00:00,01,29,2002,18,1940.4
01.29.2002-21:00:00,01,29,2002,21,1938.1
01.30.2002-00:00:00,01,30,2002,00,1936.1
01.30.2002-03:00:00,01,30,2002,03,1934.2
01.30.2002-06:00:00,01,30,2002,06,1931.8
01.30.2002-09:00:00,01,30,2002,09,1930.3
01.30.2002-12:00:00,01,30,2002,12,1927.8
01.30.2002-15:00:00,01,30,2002,15,1925.3
01.30.2002-18:00:00,01,30,2002,18,1923.1
01.30.2002-21:00:00,01,30,2002,21,1921.1
01.31.2002-00:00:00,01,31,2002,00,1919.1
01.31.2002-03:00:00,01,31,2002,03,1916.5
01.31.2002-06:00:00,01,31,2002,06,1914.1
01.31.2002-09:00:00,01,31,2002,09,1912.1
01.31.2002-12:00:00,01,31,2002,12,1910.3
01.31.2002-15:00:00,01,31,2002,15,1908.2
01.31.2002-18:00:00,01,31,2002,18,1906
01.31.2002-21:00:00,01,31,2002,21,1903.8
02.01.2002-00:00:00,02,01,2002,00,1901.7
02.01.2002-03:00:00,02,01,2002,03,1900.5
02.01.2002-06:00:00,02,01,2002,06,1898
02.01.2002-09:00:00,02,01,2002,09,1895.5
02.01.2002-12:00:00,02,01,2002,12,1893.3
02.01.2002-15:00:00,02,01,2002,15,1891.1
02.01.2002-18:00:00,02,01,2002,18,1888.9
02.01.2002-21:00:00,02,01,2002,21,1886.9
02.02.2002-00:00:00,02,02,2002,00,1885
02.02.2002-03:00:00,02,02,2002,03,1883
02.02.2002-06:00:00,02,02,2002,06,1880.8
02.02.2002-09:00:00,02,02,2002,09,1878.6
02.02.2002-12:00:00,02,02,2002,12,1876.6
02.02.2002-15:00:00,02,02,2002,15,1874.5
02.02.2002-18:00:00,02,02,2002,18,1872.5
02.02.2002-21:00:00,02,02,2002,21,1870.6
02.03.2002-00:00:00,02,03,2002,00,1868.7
02.03.2002-03:00:00,02,03,2002,03,1867.1
02.03.2002-06:00:00,02,03,2002,06,1864.5
02.03.2002-09:00:00,02,03,2002,09,1862.2
02.03.2002-12:00:00,02,03,2002,12,1858.9
02.03.2002-15:00:00,02,03,2002,15,1857.3
02.03.2002-18:00:00,02,03,2002,18,1855.7
02.03.2002-21:00:00,02,03,2002,21,1854
02.04.2002-00:00:00,02,04,2002,00,1852
02.04.2002-03:00:00,02,04,2002,03,1849.8
02.04.2002-06:00:00,02,04,2002,06,1847.5
02.04.2002-09:00:00,02,04,2002,09,1845.2
02.04.2002-12:00:00,02,04,2002,12,1843
02.04.2002-15:00:00,02,04,2002,15,1840.9
02.04.2002-18:00:00,02,04,2002,18,1838.7
02.04.2002-21:00:00,02,04,2002,21,1836.9
02.05.2002-00:00:00,02,05,2002,00,1834.8
02.05.2002-03:00:00,02,05,2002,03,1833
02.05.2002-06:00:00,02,05,2002,06,1831.4
02.05.2002-09:00:00,02,05,2002,09,1829.6
02.05.2002-12:00:00,02,05,2002,12,1827.5
02.05.2002-15:00:00,02,05,2002,15,1825.5
02.05.2002-18:00:00,02,05,2002,18,1823.4
02.05.2002-21:00:00,02,05,2002,21,1821.2
02.06.2002-00:00:00,02,06,2002,00,1819.1
02.06.2002-03:00:00,02,06,2002,03,1817.1
02.06.2002-06:00:00,02,06,2002,06,1815.1
02.06.2002-09:00:00,02,06,2002,09,1813.2
02.06.2002-12:00:00,02,06,2002,12,1811.4
02.06.2002-15:00:00,02,06,2002,15,1809.4
02.06.2002-18:00:00,02,06,2002,18,1807.5
02.06.2002-21:00:00,02,06,2002,21,1805.9
02.07.2002-00:00:00,02,07,2002,00,1804.1
02.07.2002-03:00:00,02,07,2002,03,1802.1
02.07.2002-06:00:00,02,07,2002,06,1800.1
02.07.2002-09:00:00,02,07,2002,09,1798.1
02.07.2002-12:00:00,02,07,2002,12,1796
02.07.2002-15:00:00,02,07,2002,15,1793.9
02.07.2002-18:00:00,02,07,2002,18,1791.9
02.07.2002-21:00:00,02,07,2002,21,1789.9
02.08.2002-00:00:00,02,08,2002,00,1788
02.08.2002-03:00:00,02,08,2002,03,1785.9
02.08.2002-06:00:00,02,08,2002,06,1784
02.08.2002-09:00:00,02,08,2002,09,1781.8
02.08.2002-12:00:00,02,08,2002,12,1779.1
02.08.2002-15:00:00,02,08,2002,15,1777.4
02.08.2002-18:00:00,02,08,2002,18,1775.8
02.08.2002-21:00:00,02,08,2002,21,1774
02.09.2002-00:00:00,02,09,2002,00,1772.2
02.09.2002-03:00:00,02,09,2002,03,1770.1
02.09.2002-06:00:00,02,09,2002,06,1768.1
02.09.2002-09:00:00,02,09,2002,09,1766.3
02.09.2002-12:00:00,02,09,2002,12,1764.5
02.09.2002-15:00:00,02,09,2002,15,1762.8
02.09.2002-18:00:00,02,09,2002,18,1761.1
02.09.2002-21:00:00,02,09,2002,21,1759.3
02.10.2002-00:00:00,02,10,2002,00,1757.3
02.10.2002-03:00:00,02,10,2002,03,1755.4
02.10.2002-06:00:00,02,10,2002,06,1753.3
02.10.2002-09:00:00,02,10,2002,09,1751.5
02.10.2002-12:00:00,02,10,2002,12,1749.5
02.10.2002-15:00:00,02,10,2002,15,1747.6
02.10.2002-18:00:00,02,10,2002,18,1745.9
02.10.2002-21:00:00,02,10,2002,21,1744.3
02.11.2002-00:00:00,02,11,2002,00,1742.2
02.11.2002-03:00:00,02,11,2002,03,1740.4
02.11.2002-06:00:00,02,11,2002,06,1738.2
02.11.2002-09:00:00,02,11,2002,09,1735.8
02.11.2002-12:00:00,02,11,2002,12,1733.6
02.11.2002-15:00:00,02,11,2002,15,1731.6
02.11.2002-18:00:00,02,11,2002,18,1730
02.11.2002-21:00:00,02,11,2002,21,1728.8
02.12.2002-00:00:00,02,12,2002,00,1727
02.12.2002-03:00:00,02,12,2002,03,1725.1
02.12.2002-06:00:00,02,12,2002,06,1723.6
02.12.2002-09:00:00,02,12,2002,09,1721.7
02.12.2002-12:00:00,02,12,2002,12,1719.5
02.12.2002-15:00:00,02,12,2002,15,1717.9
02.12.2002-18:00:00,02,12,2002,18,1716.4
02.12.2002-21:00:00,02,12,2002,21,1714.4
02.13.2002-00:00:00,02,13,2002,00,1712.6
02.13.2002-03:00:00,02,13,2002,03,1710.8
02.13.2002-06:00:00,02,13,2002,06,1708.8
02.13.2002-09:00:00,02,13,2002,09,1707.2
02.13.2002-12:00:00,02,13,2002,12,1704.9
02.13.2002-15:00:00,02,13,2002,15,1702.6
02.13.2002-18:00:00,02,13,2002,18,1700.5
02.13.2002-21:00:00,02,13,2002,21,1699.1
02.14.2002-00:00:00,02,14,2002,00,1697.6
02.14.2002-03:00:00,02,14,2002,03,1695.9
02.14.2002-06:00:00,02,14,2002,06,1694.2
02.14.2002-09:00:00,02,14,2002,09,1692.5
02.14.2002-12:00:00,02,14,2002,12,1690.1
02.14.2002-15:00:00,02,14,2002,15,1688
02.14.2002-18:00:00,02,14,2002,18,1686.2
02.14.2002-21:00:00,02,14,2002,21,1684.8
02.15.2002-00:00:00,02,15,2002,00,1683.6
02.15.2002-03:00:00,02,15,2002,03,1682
02.15.2002-06:00:00,02,15,2002,06,1680.1
02.15.2002-09:00:00,02,15,2002,09,1678.1
02.15.2002-12:00:00,02,15,2002,12,1675.7
02.15.2002-15:00:00,02,15,2002,15,1673.8
02.15.2002-18:00:00,02,15,2002,18,1672.3
02.15.2002-21:00:00,02,15,2002,21,1671.1
02.16.2002-00:00:00,02,16,2002,00,1669.5
02.16.2002-03:00:00,02,16,2002,03,1666.7
02.16.2002-06:00:00,02,16,2002,06,1665.8
02.16.2002-09:00:00,02,16,2002,09,1663.3
02.16.2002-12:00:00,02,16,2002,12,1661.7
02.16.2002-15:00:00,02,16,2002,15,1659.1
02.16.2002-18:00:00,02,16,2002,18,1658.4
02.16.2002-21:00:00,02,16,2002,21,1656.1
02.17.2002-00:00:00,02,17,2002,00,1655.1
02.17.2002-03:00:00,02,17,2002,03,1652.7
02.17.2002-06:00:00,02,17,2002,06,1651.8
02.17.2002-09:00:00,02,17,2002,09,1649.5
02.17.2002-12:00:00,02,17,2002,12,1647.7
02.17.2002-15:00:00,02,17,2002,15,1645.1
02.17.2002-18:00:00,02,17,2002,18,1644.2
02.17.2002-21:00:00,02,17,2002,21,1641.8
02.18.2002-00:00:00,02,18,2002,00,1641.1
02.18.2002-03:00:00,02,18,2002,03,1638.6
02.18.2002-06:00:00,02,18,2002,06,1637.7
02.18.2002-09:00:00,02,18,2002,09,1634.9
02.18.2002-12:00:00,02,18,2002,12,1631.4
02.18.2002-15:00:00,02,18,2002,15,1628.7
02.18.2002-18:00:00,02,18,2002,18,1628.1
02.18.2002-21:00:00,02,18,2002,21,1625.9
02.19.2002-00:00:00,02,19,2002,00,1624.9
02.19.2002-03:00:00,02,19,2002,03,1622.7
02.19.2002-06:00:00,02,19,2002,06,1622
02.19.2002-09:00:00,02,19,2002,09,1619.8
02.19.2002-12:00:00,02,19,2002,12,1618
02.19.2002-15:00:00,02,19,2002,15,1615.6
02.19.2002-18:00:00,02,19,2002,18,1615
02.19.2002-21:00:00,02,19,2002,21,1612.7
02.20.2002-00:00:00,02,20,2002,00,1611.6
02.20.2002-03:00:00,02,20,2002,03,1609.2
02.20.2002-06:00:00,02,20,2002,06,1608.4
02.20.2002-09:00:00,02,20,2002,09,1606.2
02.20.2002-12:00:00,02,20,2002,12,1602.3
02.20.2002-15:00:00,02,20,2002,15,1599.5
02.20.2002-18:00:00,02,20,2002,18,1599
02.20.2002-21:00:00,02,20,2002,21,1596.9
02.21.2002-00:00:00,02,21,2002,00,1595.7
02.21.2002-03:00:00,02,21,2002,03,1593.2
02.21.2002-06:00:00,02,21,2002,06,1592.6
02.21.2002-09:00:00,02,21,2002,09,1590.8
02.21.2002-12:00:00,02,21,2002,12,1590.4
02.21.2002-15:00:00,02,21,2002,15,1588.6
02.21.2002-18:00:00,02,21,2002,18,1588.3
02.21.2002-21:00:00,02,21,2002,21,1586.1
02.22.2002-00:00:00,02,22,2002,00,1585.3
02.22.2002-03:00:00,02,22,2002,03,1583.1
02.22.2002-06:00:00,02,22,2002,06,1582.1
02.22.2002-09:00:00,02,22,2002,09,1577.2
02.22.2002-12:00:00,02,22,2002,12,1573.6
02.22.2002-15:00:00,02,22,2002,15,1570.8
02.22.2002-18:00:00,02,22,2002,18,1568.9
02.22.2002-21:00:00,02,22,2002,21,1567.6
02.23.2002-00:00:00,02,23,2002,00,1564.9
02.23.2002-03:00:00,02,23,2002,03,1564.2
02.23.2002-06:00:00,02,23,2002,06,1562.8
02.23.2002-09:00:00,02,23,2002,09,1563
02.23.2002-12:00:00,02,23,2002,12,1561.8
02.23.2002-15:00:00,02,23,2002,15,1561.7
02.23.2002-18:00:00,02,23,2002,18,1560.1
02.23.2002-21:00:00,02,23,2002,21,1558.7
02.24.2002-00:00:00,02,24,2002,00,1558.3
02.24.2002-03:00:00,02,24,2002,03,1556.2
02.24.2002-06:00:00,02,24,2002,06,1554.4
02.24.2002-09:00:00,02,24,2002,09,1553.8
02.24.2002-12:00:00,02,24,2002,12,1551.6
02.24.2002-15:00:00,02,24,2002,15,1549.8
02.24.2002-18:00:00,02,24,2002,18,1549.2
02.24.2002-21:00:00,02,24,2002,21,1547
02.25.2002-00:00:00,02,25,2002,00,1545.2
02.25.2002-03:00:00,02,25,2002,03,1544.6
02.25.2002-06:00:00,02,25,2002,06,1542.4
02.25.2002-09:00:00,02,25,2002,09,1540.6
02.25.2002-12:00:00,02,25,2002,12,1540
02.25.2002-15:00:00,02,25,2002,15,1537.9
02.25.2002-18:00:00,02,25,2002,18,1536
02.25.2002-21:00:00,02,25,2002,21,1535.4
02.26.2002-00:00:00,02,26,2002,00,1533.2
02.26.2002-03:00:00,02,26,2002,03,1531.4
02.26.2002-06:00:00,02,26,2002,06,1530.9
02.26.2002-09:00:00,02,26,2002,09,1528.7
02.26.2002-12:00:00,02,26,2002,12,1526.8
02.26.2002-15:00:00,02,26,2002,15,1526.3
02.26.2002-18:00:00,02,26,2002,18,1524.1
02.26.2002-21:00:00,02,26,2002,21,1522.4
02.27.2002-00:00:00,02,27,2002,00,1520.8
02.27.2002-03:00:00,02,27,2002,03,1520.1
02.27.2002-06:00:00,02,27,2002,06,1518.1
02.27.2002-09:00:00,02,27,2002,09,1516.3
02.27.2002-12:00:00,02,27,2002,12,1514.7
02.27.2002-15:00:00,02,27,2002,15,1514.1
02.27.2002-18:00:00,02,27,2002,18,1511.9
02.27.2002-21:00:00,02,27,2002,21,1510.1
02.28.2002-00:00:00,02,28,2002,00,1508.6
02.28.2002-03:00:00,02,28,2002,03,1508.1
02.28.2002-06:00:00,02,28,2002,06,1506
02.28.2002-09:00:00,02,28,2002,09,1504.2
02.28.2002-12:00:00,02,28,2002,12,1502.6
02.28.2002-15:00:00,02,28,2002,15,1501.1
02.28.2002-18:00:00,02,28,2002,18,1500.5
02.28.2002-21:00:00,02,28,2002,21,1498.4
03.01.2002-00:00:00,03,01,2002,00,1496.6
03.01.2002-03:00:00,03,01,2002,03,1495
03.01.2002-06:00:00,03,01,2002,06,1493.5
03.01.2002-09:00:00,03,01,2002,09,1492.8
03.01.2002-12:00:00,03,01,2002,12,1486.1
03.01.2002-15:00:00,03,01,2002,15,1483.8
03.01.2002-18:00:00,03,01,2002,18,1482.7
03.01.2002-21:00:00,03,01,2002,21,1481.3
03.02.2002-00:00:00,03,02,2002,00,1479.7
03.02.2002-03:00:00,03,02,2002,03,1478.4
03.02.2002-06:00:00,03,02,2002,06,1477.5
03.02.2002-09:00:00,03,02,2002,09,1477.8
03.02.2002-12:00:00,03,02,2002,12,1475.1
03.02.2002-15:00:00,03,02,2002,15,1472.7
03.02.2002-18:00:00,03,02,2002,18,1471.6
03.02.2002-21:00:00,03,02,2002,21,1470.6
03.03.2002-00:00:00,03,03,2002,00,1469.4
03.03.2002-03:00:00,03,03,2002,03,1468.1
03.03.2002-06:00:00,03,03,2002,06,1466.9
03.03.2002-09:00:00,03,03,2002,09,1465.8
03.03.2002-12:00:00,03,03,2002,12,1461.7
03.03.2002-15:00:00,03,03,2002,15,1459.3
03.03.2002-18:00:00,03,03,2002,18,1458
03.03.2002-21:00:00,03,03,2002,21,1456.8
03.04.2002-00:00:00,03,04,2002,00,1455.4
03.04.2002-03:00:00,03,04,2002,03,1454.1
03.04.2002-06:00:00,03,04,2002,06,1453.2
03.04.2002-09:00:00,03,04,2002,09,1449.6
03.04.2002-12:00:00,03,04,2002,12,1441
03.04.2002-15:00:00,03,04,2002,15,1440.3
03.04.2002-18:00:00,03,04,2002,18,1440.4
03.04.2002-21:00:00,03,04,2002,21,1438.7
03.05.2002-00:00:00,03,05,2002,00,1436.6
03.05.2002-03:00:00,03,05,2002,03,1435.4
03.05.2002-06:00:00,03,05,2002,06,1435.5
03.05.2002-09:00:00,03,05,2002,09,1435.2
03.05.2002-12:00:00,03,05,2002,12,1430.4
03.05.2002-15:00:00,03,05,2002,15,1430.5
03.05.2002-18:00:00,03,05,2002,18,1431.1
03.05.2002-21:00:00,03,05,2002,21,1430.4
03.06.2002-00:00:00,03,06,2002,00,1428.9
03.06.2002-03:00:00,03,06,2002,03,1427.7
03.06.2002-06:00:00,03,06,2002,06,1427
03.06.2002-09:00:00,03,06,2002,09,1426.6
03.06.2002-12:00:00,03,06,2002,12,1426.2
03.06.2002-15:00:00,03,06,2002,15,1425.6
03.06.2002-18:00:00,03,06,2002,18,1424.8
03.06.2002-21:00:00,03,06,2002,21,1423.7
03.07.2002-00:00:00,03,07,2002,00,1422.5
03.07.2002-03:00:00,03,07,2002,03,1421.3
03.07.2002-06:00:00,03,07,2002,06,1420
03.07.2002-09:00:00,03,07,2002,09,1418.7
03.07.2002-12:00:00,03,07,2002,12,1417.3
03.07.2002-15:00:00,03,07,2002,15,1415.9
03.07.2002-18:00:00,03,07,2002,18,1414.5
03.07.2002-21:00:00,03,07,2002,21,1413.1
03.08.2002-00:00:00,03,08,2002,00,1411.7
03.08.2002-03:00:00,03,08,2002,03,1410.2
03.08.2002-06:00:00,03,08,2002,06,1408.8
03.08.2002-09:00:00,03,08,2002,09,1407.5
03.08.2002-12:00:00,03,08,2002,12,1406.1
03.08.2002-15:00:00,03,08,2002,15,1404.7
03.08.2002-18:00:00,03,08,2002,18,1403.3
03.08.2002-21:00:00,03,08,2002,21,1401.9
03.09.2002-00:00:00,03,09,2002,00,1400.5
03.09.2002-03:00:00,03,09,2002,03,1399.1
03.09.2002-06:00:00,03,09,2002,06,1397.7
03.09.2002-09:00:00,03,09,2002,09,1396.4
03.09.2002-12:00:00,03,09,2002,12,1395
03.09.2002-15:00:00,03,09,2002,15,1393.7
03.09.2002-18:00:00,03,09,2002,18,1392.4
03.09.2002-21:00:00,03,09,2002,21,1391
03.10.2002-00:00:00,03,10,2002,00,1389.6
03.10.2002-03:00:00,03,10,2002,03,1388.3
03.10.2002-06:00:00,03,10,2002,06,1387
03.10.2002-09:00:00,03,10,2002,09,1385.7
03.10.2002-12:00:00,03,10,2002,12,1384.2
03.10.2002-15:00:00,03,10,2002,15,1382.9
03.10.2002-18:00:00,03,10,2002,18,1381.5
03.10.2002-21:00:00,03,10,2002,21,1380.2
03.11.2002-00:00:00,03,11,2002,00,1378.8
03.11.2002-03:00:00,03,11,2002,03,1377.6
03.11.2002-06:00:00,03,11,2002,06,1376.2
03.11.2002-09:00:00,03,11,2002,09,1374.8
03.11.2002-12:00:00,03,11,2002,12,1373.3
03.11.2002-15:00:00,03,11,2002,15,1372.1
03.11.2002-18:00:00,03,11,2002,18,1370.8
03.11.2002-21:00:00,03,11,2002,21,1369.6
03.12.2002-00:00:00,03,12,2002,00,1368.1
03.12.2002-03:00:00,03,12,2002,03,1366.7
03.12.2002-06:00:00,03,12,2002,06,1365.4
03.12.2002-09:00:00,03,12,2002,09,1362.3
03.12.2002-12:00:00,03,12,2002,12,1355.7
03.12.2002-15:00:00,03,12,2002,15,1354.6
03.12.2002-18:00:00,03,12,2002,18,1354.1
03.12.2002-21:00:00,03,12,2002,21,1352.4
03.13.2002-00:00:00,03,13,2002,00,1350.4
03.13.2002-03:00:00,03,13,2002,03,1349.2
03.13.2002-06:00:00,03,13,2002,06,1348.8
03.13.2002-09:00:00,03,13,2002,09,1348.6
03.13.2002-12:00:00,03,13,2002,12,1343.4
03.13.2002-15:00:00,03,13,2002,15,1342.7
03.13.2002-18:00:00,03,13,2002,18,1342.9
03.13.2002-21:00:00,03,13,2002,21,1341.9
03.14.2002-00:00:00,03,14,2002,00,1340.4
03.14.2002-03:00:00,03,14,2002,03,1339.2
03.14.2002-06:00:00,03,14,2002,06,1338.6
03.14.2002-09:00:00,03,14,2002,09,1336
03.14.2002-12:00:00,03,14,2002,12,1328.5
03.14.2002-15:00:00,03,14,2002,15,1327.9
03.14.2002-18:00:00,03,14,2002,18,1328.4
03.14.2002-21:00:00,03,14,2002,21,1327.2
03.15.2002-00:00:00,03,15,2002,00,1325.4
03.15.2002-03:00:00,03,15,2002,03,1324.3
03.15.2002-06:00:00,03,15,2002,06,1324.3
03.15.2002-09:00:00,03,15,2002,09,1324.7
03.15.2002-12:00:00,03,15,2002,12,1324.9
03.15.2002-15:00:00,03,15,2002,15,1324.8
03.15.2002-18:00:00,03,15,2002,18,1324.5
03.15.2002-21:00:00,03,15,2002,21,1323.7
03.16.2002-00:00:00,03,16,2002,00,1322.3
03.16.2002-03:00:00,03,16,2002,03,1321
03.16.2002-06:00:00,03,16,2002,06,1319.6
03.16.2002-09:00:00,03,16,2002,09,1318.5
03.16.2002-12:00:00,03,16,2002,12,1317.2
03.16.2002-15:00:00,03,16,2002,15,1316.1
03.16.2002-18:00:00,03,16,2002,18,1314.6
03.16.2002-21:00:00,03,16,2002,21,1313.5
03.17.2002-00:00:00,03,17,2002,00,1312.2
03.17.2002-03:00:00,03,17,2002,03,1311.1
03.17.2002-06:00:00,03,17,2002,06,1309.8
03.17.2002-09:00:00,03,17,2002,09,1308.7
03.17.2002-12:00:00,03,17,2002,12,1307.2
03.17.2002-15:00:00,03,17,2002,15,1306
03.17.2002-18:00:00,03,17,2002,18,1304.8
03.17.2002-21:00:00,03,17,2002,21,1303.6
03.18.2002-00:00:00,03,18,2002,00,1302.3
03.18.2002-03:00:00,03,18,2002,03,1301.2
03.18.2002-06:00:00,03,18,2002,06,1300.1
03.18.2002-09:00:00,03,18,2002,09,1299
03.18.2002-12:00:00,03,18,2002,12,1297.7
03.18.2002-15:00:00,03,18,2002,15,1296.4
03.18.2002-18:00:00,03,18,2002,18,1295.1
03.18.2002-21:00:00,03,18,2002,21,1293.9
03.19.2002-00:00:00,03,19,2002,00,1292.6
03.19.2002-03:00:00,03,19,2002,03,1291.5
03.19.2002-06:00:00,03,19,2002,06,1290.3
03.19.2002-09:00:00,03,19,2002,09,1289
03.19.2002-12:00:00,03,19,2002,12,1287.8
03.19.2002-15:00:00,03,19,2002,15,1286.6
03.19.2002-18:00:00,03,19,2002,18,1285.3
03.19.2002-21:00:00,03,19,2002,21,1284.2
03.20.2002-00:00:00,03,20,2002,00,1282.8
03.20.2002-03:00:00,03,20,2002,03,1281.7
03.20.2002-06:00:00,03,20,2002,06,1280.5
03.20.2002-09:00:00,03,20,2002,09,1279.5
03.20.2002-12:00:00,03,20,2002,12,1278.2
03.20.2002-15:00:00,03,20,2002,15,1277
03.20.2002-18:00:00,03,20,2002,18,1275.7
03.20.2002-21:00:00,03,20,2002,21,1274.5
03.21.2002-00:00:00,03,21,2002,00,1273.3
03.21.2002-03:00:00,03,21,2002,03,1272.2
03.21.2002-06:00:00,03,21,2002,06,1271
03.21.2002-09:00:00,03,21,2002,09,1269.8
03.21.2002-12:00:00,03,21,2002,12,1268.7
03.21.2002-15:00:00,03,21,2002,15,1267.5
03.21.2002-18:00:00,03,21,2002,18,1266.2
03.21.2002-21:00:00,03,21,2002,21,1265
03.22.2002-00:00:00,03,22,2002,00,1263.6
03.22.2002-03:00:00,03,22,2002,03,1262.4
03.22.2002-06:00:00,03,22,2002,06,1261.2
03.22.2002-09:00:00,03,22,2002,09,1257.8
03.22.2002-12:00:00,03,22,2002,12,1249.4
03.22.2002-15:00:00,03,22,2002,15,1247.7
03.22.2002-18:00:00,03,22,2002,18,1247.6
03.22.2002-21:00:00,03,22,2002,21,1246
03.23.2002-00:00:00,03,23,2002,00,1243.7
03.23.2002-03:00:00,03,23,2002,03,1242.8
03.23.2002-06:00:00,03,23,2002,06,1243
03.23.2002-09:00:00,03,23,2002,09,1236.7
03.23.2002-12:00:00,03,23,2002,12,1228.6
03.23.2002-15:00:00,03,23,2002,15,1226.1
03.23.2002-18:00:00,03,23,2002,18,1224.9
03.23.2002-21:00:00,03,23,2002,21,1222.4
03.24.2002-00:00:00,03,24,2002,00,1220.2
03.24.2002-03:00:00,03,24,2002,03,1219.1
03.24.2002-06:00:00,03,24,2002,06,1220.4
03.24.2002-09:00:00,03,24,2002,09,1215.2
03.24.2002-12:00:00,03,24,2002,12,1208.2
03.24.2002-15:00:00,03,24,2002,15,1206.6
03.24.2002-18:00:00,03,24,2002,18,1207.3
03.24.2002-21:00:00,03,24,2002,21,1205.5
03.25.2002-00:00:00,03,25,2002,00,1203.7
03.25.2002-03:00:00,03,25,2002,03,1204.1
03.25.2002-06:00:00,03,25,2002,06,1205.6
03.25.2002-09:00:00,03,25,2002,09,1200.1
03.25.2002-12:00:00,03,25,2002,12,1193.7
03.25.2002-15:00:00,03,25,2002,15,1192.3
03.25.2002-18:00:00,03,25,2002,18,1192.4
03.25.2002-21:00:00,03,25,2002,21,1190.4
03.26.2002-00:00:00,03,26,2002,00,1188.3
03.26.2002-03:00:00,03,26,2002,03,1189.1
03.26.2002-06:00:00,03,26,2002,06,1191
03.26.2002-09:00:00,03,26,2002,09,1190
03.26.2002-12:00:00,03,26,2002,12,1187.6
03.26.2002-15:00:00,03,26,2002,15,1188.9
03.26.2002-18:00:00,03,26,2002,18,1191.2
03.26.2002-21:00:00,03,26,2002,21,1191.2
03.27.2002-00:00:00,03,27,2002,00,1190.4
03.27.2002-03:00:00,03,27,2002,03,1190.2
03.27.2002-06:00:00,03,27,2002,06,1191.5
03.27.2002-09:00:00,03,27,2002,09,1191.2
03.27.2002-12:00:00,03,27,2002,12,1188.9
03.27.2002-15:00:00,03,27,2002,15,1189.1
03.27.2002-18:00:00,03,27,2002,18,1189.4
03.27.2002-21:00:00,03,27,2002,21,1188.7
03.28.2002-00:00:00,03,28,2002,00,1188.2
03.28.2002-03:00:00,03,28,2002,03,1188
03.28.2002-06:00:00,03,28,2002,06,1188.1
03.28.2002-09:00:00,03,28,2002,09,1182.6
03.28.2002-12:00:00,03,28,2002,12,1175.7
03.28.2002-15:00:00,03,28,2002,15,1172.3
03.28.2002-18:00:00,03,28,2002,18,1171.1
03.28.2002-21:00:00,03,28,2002,21,1169.5
03.29.2002-00:00:00,03,29,2002,00,1168
03.29.2002-03:00:00,03,29,2002,03,1167.9
03.29.2002-06:00:00,03,29,2002,06,1169.1
03.29.2002-09:00:00,03,29,2002,09,1165.8
03.29.2002-12:00:00,03,29,2002,12,1161.1
03.29.2002-15:00:00,03,29,2002,15,1159.6
03.29.2002-18:00:00,03,29,2002,18,1159.6
03.29.2002-21:00:00,03,29,2002,21,1159
03.30.2002-00:00:00,03,30,2002,00,1158
03.30.2002-03:00:00,03,30,2002,03,1158
03.30.2002-06:00:00,03,30,2002,06,1159.3
03.30.2002-09:00:00,03,30,2002,09,1154.4
03.30.2002-12:00:00,03,30,2002,12,1148.4
03.30.2002-15:00:00,03,30,2002,15,1146.3
03.30.2002-18:00:00,03,30,2002,18,1145.4
03.30.2002-21:00:00,03,30,2002,21,1143.3
03.31.2002-00:00:00,03,31,2002,00,1140.9
03.31.2002-03:00:00,03,31,2002,03,1140.3
03.31.2002-06:00:00,03,31,2002,06,1142.5
03.31.2002-09:00:00,03,31,2002,09,1140
03.31.2002-12:00:00,03,31,2002,12,1136.4
03.31.2002-15:00:00,03,31,2002,15,1135.6
03.31.2002-18:00:00,03,31,2002,18,1135.9
03.31.2002-21:00:00,03,31,2002,21,1135.2
04.01.2002-00:00:00,04,01,2002,00,1134.7
04.01.2002-03:00:00,04,01,2002,03,1134.8
04.01.2002-06:00:00,04,01,2002,06,1136.5
04.01.2002-09:00:00,04,01,2002,09,1134.5
04.01.2002-12:00:00,04,01,2002,12,1131.3
04.01.2002-15:00:00,04,01,2002,15,1130.4
04.01.2002-18:00:00,04,01,2002,18,1131.1
04.01.2002-21:00:00,04,01,2002,21,1130.9
04.02.2002-00:00:00,04,02,2002,00,1130
04.02.2002-03:00:00,04,02,2002,03,1129.9
04.02.2002-06:00:00,04,02,2002,06,1131.1
04.02.2002-09:00:00,04,02,2002,09,1128.5
04.02.2002-12:00:00,04,02,2002,12,1124.6
04.02.2002-15:00:00,04,02,2002,15,1123.9
04.02.2002-18:00:00,04,02,2002,18,1123.9
04.02.2002-21:00:00,04,02,2002,21,1123.4
04.03.2002-00:00:00,04,03,2002,00,1122.3
04.03.2002-03:00:00,04,03,2002,03,1121.9
04.03.2002-06:00:00,04,03,2002,06,1122.9
04.03.2002-09:00:00,04,03,2002,09,1117.9
04.03.2002-12:00:00,04,03,2002,12,1111.4
04.03.2002-15:00:00,04,03,2002,15,1108.8
04.03.2002-18:00:00,04,03,2002,18,1107.9
04.03.2002-21:00:00,04,03,2002,21,1105.3
04.04.2002-00:00:00,04,04,2002,00,1102.6
04.04.2002-03:00:00,04,04,2002,03,1102.1
04.04.2002-06:00:00,04,04,2002,06,1103.8
04.04.2002-09:00:00,04,04,2002,09,1099.1
04.04.2002-12:00:00,04,04,2002,12,1092.9
04.04.2002-15:00:00,04,04,2002,15,1091.1
04.04.2002-18:00:00,04,04,2002,18,1091.5
04.04.2002-21:00:00,04,04,2002,21,1089.8
04.05.2002-00:00:00,04,05,2002,00,1086.9
04.05.2002-03:00:00,04,05,2002,03,1085.4
04.05.2002-06:00:00,04,05,2002,06,1086.6
04.05.2002-09:00:00,04,05,2002,09,1084.4
04.05.2002-12:00:00,04,05,2002,12,1081.2
04.05.2002-15:00:00,04,05,2002,15,1081.2
04.05.2002-18:00:00,04,05,2002,18,1083
04.05.2002-21:00:00,04,05,2002,21,1082.5
04.06.2002-00:00:00,04,06,2002,00,1081.1
04.06.2002-03:00:00,04,06,2002,03,1081
04.06.2002-06:00:00,04,06,2002,06,1083
04.06.2002-09:00:00,04,06,2002,09,1081.2
04.06.2002-12:00:00,04,06,2002,12,1078
04.06.2002-15:00:00,04,06,2002,15,1077.6
04.06.2002-18:00:00,04,06,2002,18,1078.6
04.06.2002-21:00:00,04,06,2002,21,1077.9
04.07.2002-00:00:00,04,07,2002,00,1076.5
04.07.2002-03:00:00,04,07,2002,03,1076.6
04.07.2002-06:00:00,04,07,2002,06,1078.7
04.07.2002-09:00:00,04,07,2002,09,1077.9
04.07.2002-12:00:00,04,07,2002,12,1075.8
04.07.2002-15:00:00,04,07,2002,15,1075.8
04.07.2002-18:00:00,04,07,2002,18,1077.1
04.07.2002-21:00:00,04,07,2002,21,1077.6
04.08.2002-00:00:00,04,08,2002,00,1078
04.08.2002-03:00:00,04,08,2002,03,1079.9
04.08.2002-06:00:00,04,08,2002,06,1082.4
04.08.2002-09:00:00,04,08,2002,09,1078.5
04.08.2002-12:00:00,04,08,2002,12,1072.9
04.08.2002-15:00:00,04,08,2002,15,1071.1
04.08.2002-18:00:00,04,08,2002,18,1072.1
04.08.2002-21:00:00,04,08,2002,21,1072
04.09.2002-00:00:00,04,09,2002,00,1071.5
04.09.2002-03:00:00,04,09,2002,03,1071.9
04.09.2002-06:00:00,04,09,2002,06,1073.5
04.09.2002-09:00:00,04,09,2002,09,1073.2
04.09.2002-12:00:00,04,09,2002,12,1071.9
04.09.2002-15:00:00,04,09,2002,15,1072.4
04.09.2002-18:00:00,04,09,2002,18,1074.8
04.09.2002-21:00:00,04,09,2002,21,1077
04.10.2002-00:00:00,04,10,2002,00,1079.1
04.10.2002-03:00:00,04,10,2002,03,1081
04.10.2002-06:00:00,04,10,2002,06,1082.3
04.10.2002-09:00:00,04,10,2002,09,1076.2
04.10.2002-12:00:00,04,10,2002,12,1068.6
04.10.2002-15:00:00,04,10,2002,15,1065.7
04.10.2002-18:00:00,04,10,2002,18,1065.7
04.10.2002-21:00:00,04,10,2002,21,1065
04.11.2002-00:00:00,04,11,2002,00,1064
04.11.2002-03:00:00,04,11,2002,03,1064.5
04.11.2002-06:00:00,04,11,2002,06,1065.6
04.11.2002-09:00:00,04,11,2002,09,1062.2
04.11.2002-12:00:00,04,11,2002,12,1058.8
04.11.2002-15:00:00,04,11,2002,15,1060.3
04.11.2002-18:00:00,04,11,2002,18,1065.4
04.11.2002-21:00:00,04,11,2002,21,1069.9
04.12.2002-00:00:00,04,12,2002,00,1072.9
04.12.2002-03:00:00,04,12,2002,03,1075.4
04.12.2002-06:00:00,04,12,2002,06,1077.4
04.12.2002-09:00:00,04,12,2002,09,1073.4
04.12.2002-12:00:00,04,12,2002,12,1069.7
04.12.2002-15:00:00,04,12,2002,15,1072.2
04.12.2002-18:00:00,04,12,2002,18,1079.7
04.12.2002-21:00:00,04,12,2002,21,1087.6
04.13.2002-00:00:00,04,13,2002,00,1093.6
04.13.2002-03:00:00,04,13,2002,03,1096.9
04.13.2002-06:00:00,04,13,2002,06,1097
04.13.2002-09:00:00,04,13,2002,09,1091.4
04.13.2002-12:00:00,04,13,2002,12,1088.9
04.13.2002-15:00:00,04,13,2002,15,1096.2
04.13.2002-18:00:00,04,13,2002,18,1112.7
04.13.2002-21:00:00,04,13,2002,21,1133.1
04.14.2002-00:00:00,04,14,2002,00,1153.4
04.14.2002-03:00:00,04,14,2002,03,1169.4
04.14.2002-06:00:00,04,14,2002,06,1177.6
04.14.2002-09:00:00,04,14,2002,09,1177.3
04.14.2002-12:00:00,04,14,2002,12,1187.6
04.14.2002-15:00:00,04,14,2002,15,1223.3
04.14.2002-18:00:00,04,14,2002,18,1277.8
04.14.2002-21:00:00,04,14,2002,21,1333.3
04.15.2002-00:00:00,04,15,2002,00,1372.7
04.15.2002-03:00:00,04,15,2002,03,1383.1
04.15.2002-06:00:00,04,15,2002,06,1364.5
04.15.2002-09:00:00,04,15,2002,09,1327.8
04.15.2002-12:00:00,04,15,2002,12,1290.2
04.15.2002-15:00:00,04,15,2002,15,1265.3
04.15.2002-18:00:00,04,15,2002,18,1258.8
04.15.2002-21:00:00,04,15,2002,21,1266.1
04.16.2002-00:00:00,04,16,2002,00,1274.7
04.16.2002-03:00:00,04,16,2002,03,1277
04.16.2002-06:00:00,04,16,2002,06,1273.7
04.16.2002-09:00:00,04,16,2002,09,1265.4
04.16.2002-12:00:00,04,16,2002,12,1256.5
04.16.2002-15:00:00,04,16,2002,15,1253.8
04.16.2002-18:00:00,04,16,2002,18,1263.8
04.16.2002-21:00:00,04,16,2002,21,1280.8
04.17.2002-00:00:00,04,17,2002,00,1294.3
04.17.2002-03:00:00,04,17,2002,03,1299.7
04.17.2002-06:00:00,04,17,2002,06,1298.6
04.17.2002-09:00:00,04,17,2002,09,1289.1
04.17.2002-12:00:00,04,17,2002,12,1276.9
04.17.2002-15:00:00,04,17,2002,15,1273
04.17.2002-18:00:00,04,17,2002,18,1281.4
04.17.2002-21:00:00,04,17,2002,21,1294.8
04.18.2002-00:00:00,04,18,2002,00,1305.8
04.18.2002-03:00:00,04,18,2002,03,1310.6
04.18.2002-06:00:00,04,18,2002,06,1310.1
04.18.2002-09:00:00,04,18,2002,09,1300.3
04.18.2002-12:00:00,04,18,2002,12,1287.2
04.18.2002-15:00:00,04,18,2002,15,1282.2
04.18.2002-18:00:00,04,18,2002,18,1288.7
04.18.2002-21:00:00,04,18,2002,21,1301.7
04.19.2002-00:00:00,04,19,2002,00,1314.4
04.19.2002-03:00:00,04,19,2002,03,1321.7
04.19.2002-06:00:00,04,19,2002,06,1323.5
04.19.2002-09:00:00,04,19,2002,09,1315.4
04.19.2002-12:00:00,04,19,2002,12,1325.2
04.19.2002-15:00:00,04,19,2002,15,1375.1
04.19.2002-18:00:00,04,19,2002,18,1441.8
04.19.2002-21:00:00,04,19,2002,21,1492.8
04.20.2002-00:00:00,04,20,2002,00,1519
04.20.2002-03:00:00,04,20,2002,03,1519.9
04.20.2002-06:00:00,04,20,2002,06,1499.7
04.20.2002-09:00:00,04,20,2002,09,1484.1
04.20.2002-12:00:00,04,20,2002,12,1514.2
04.20.2002-15:00:00,04,20,2002,15,1584.8
04.20.2002-18:00:00,04,20,2002,18,1677.4
04.20.2002-21:00:00,04,20,2002,21,1762.6
04.21.2002-00:00:00,04,21,2002,00,1820.4
04.21.2002-03:00:00,04,21,2002,03,1845
04.21.2002-06:00:00,04,21,2002,06,1841.6
04.21.2002-09:00:00,04,21,2002,09,1838.2
04.21.2002-12:00:00,04,21,2002,12,1861.5
04.21.2002-15:00:00,04,21,2002,15,1915.2
04.21.2002-18:00:00,04,21,2002,18,1990.1
04.21.2002-21:00:00,04,21,2002,21,2069.2
04.22.2002-00:00:00,04,22,2002,00,2134.4
04.22.2002-03:00:00,04,22,2002,03,2167.6
04.22.2002-06:00:00,04,22,2002,06,2158
04.22.2002-09:00:00,04,22,2002,09,2160.8
04.22.2002-12:00:00,04,22,2002,12,2210.7
04.22.2002-15:00:00,04,22,2002,15,2300.5
04.22.2002-18:00:00,04,22,2002,18,2410.6
04.22.2002-21:00:00,04,22,2002,21,2508.9
04.23.2002-00:00:00,04,23,2002,00,2551.6
04.23.2002-03:00:00,04,23,2002,03,2534.3
04.23.2002-06:00:00,04,23,2002,06,2464.5
04.23.2002-09:00:00,04,23,2002,09,2353.8
04.23.2002-12:00:00,04,23,2002,12,2237.1
04.23.2002-15:00:00,04,23,2002,15,2167
04.23.2002-18:00:00,04,23,2002,18,2146.7
04.23.2002-21:00:00,04,23,2002,21,2140.7
04.24.2002-00:00:00,04,24,2002,00,2142.9
04.24.2002-03:00:00,04,24,2002,03,2151.7
04.24.2002-06:00:00,04,24,2002,06,2161
04.24.2002-09:00:00,04,24,2002,09,2141.9
04.24.2002-12:00:00,04,24,2002,12,2104.5
04.24.2002-15:00:00,04,24,2002,15,2091.5
04.24.2002-18:00:00,04,24,2002,18,2096.9
04.24.2002-21:00:00,04,24,2002,21,2103.7
04.25.2002-00:00:00,04,25,2002,00,2113.5
04.25.2002-03:00:00,04,25,2002,03,2130.4
04.25.2002-06:00:00,04,25,2002,06,2149
04.25.2002-09:00:00,04,25,2002,09,2138.8
04.25.2002-12:00:00,04,25,2002,12,2115.9
04.25.2002-15:00:00,04,25,2002,15,2128.4
04.25.2002-18:00:00,04,25,2002,18,2192.2
04.25.2002-21:00:00,04,25,2002,21,2275.7
04.26.2002-00:00:00,04,26,2002,00,2329.7
04.26.2002-03:00:00,04,26,2002,03,2361
04.26.2002-06:00:00,04,26,2002,06,2374.4
04.26.2002-09:00:00,04,26,2002,09,2337.3
04.26.2002-12:00:00,04,26,2002,12,2339
04.26.2002-15:00:00,04,26,2002,15,2427.3
04.26.2002-18:00:00,04,26,2002,18,2535.9
04.26.2002-21:00:00,04,26,2002,21,2615.3
04.27.2002-00:00:00,04,27,2002,00,2666.3
04.27.2002-03:00:00,04,27,2002,03,2690.7
04.27.2002-06:00:00,04,27,2002,06,2678
04.27.2002-09:00:00,04,27,2002,09,2769.2
04.27.2002-12:00:00,04,27,2002,12,2955.5
04.27.2002-15:00:00,04,27,2002,15,3088.5
04.27.2002-18:00:00,04,27,2002,18,3230.4
04.27.2002-21:00:00,04,27,2002,21,3349.2
04.28.2002-00:00:00,04,28,2002,00,3400.2
04.28.2002-03:00:00,04,28,2002,03,3360.7
04.28.2002-06:00:00,04,28,2002,06,3249.2
04.28.2002-09:00:00,04,28,2002,09,3249.4
04.28.2002-12:00:00,04,28,2002,12,3491.2
04.28.2002-15:00:00,04,28,2002,15,3616.5
04.28.2002-18:00:00,04,28,2002,18,3774.2
04.28.2002-21:00:00,04,28,2002,21,3907.1
04.29.2002-00:00:00,04,29,2002,00,3997.7
04.29.2002-03:00:00,04,29,2002,03,3972
04.29.2002-06:00:00,04,29,2002,06,3836.5
04.29.2002-09:00:00,04,29,2002,09,3914.8
04.29.2002-12:00:00,04,29,2002,12,4297.1
04.29.2002-15:00:00,04,29,2002,15,4429.2
04.29.2002-18:00:00,04,29,2002,18,4663.7
04.29.2002-21:00:00,04,29,2002,21,4940
04.30.2002-00:00:00,04,30,2002,00,5188.8
04.30.2002-03:00:00,04,30,2002,03,5301.6
04.30.2002-06:00:00,04,30,2002,06,5467.8
04.30.2002-09:00:00,04,30,2002,09,6208.3
04.30.2002-12:00:00,04,30,2002,12,6957.1
04.30.2002-15:00:00,04,30,2002,15,7040.4
04.30.2002-18:00:00,04,30,2002,18,7277.3
04.30.2002-21:00:00,04,30,2002,21,7666.7
05.01.2002-00:00:00,05,01,2002,00,7940.9
05.01.2002-03:00:00,05,01,2002,03,7922.2
05.01.2002-06:00:00,05,01,2002,06,7831
05.01.2002-09:00:00,05,01,2002,09,8569.5
05.01.2002-12:00:00,05,01,2002,12,9372.5
05.01.2002-15:00:00,05,01,2002,15,9337
05.01.2002-18:00:00,05,01,2002,18,9384.9
05.01.2002-21:00:00,05,01,2002,21,9626.2
05.02.2002-00:00:00,05,02,2002,00,9899.1
05.02.2002-03:00:00,05,02,2002,03,9952.6
05.02.2002-06:00:00,05,02,2002,06,10144
05.02.2002-09:00:00,05,02,2002,09,11516
05.02.2002-12:00:00,05,02,2002,12,12830
05.02.2002-15:00:00,05,02,2002,15,12991
05.02.2002-18:00:00,05,02,2002,18,13120
05.02.2002-21:00:00,05,02,2002,21,13472
05.03.2002-00:00:00,05,03,2002,00,13760
05.03.2002-03:00:00,05,03,2002,03,13653
05.03.2002-06:00:00,05,03,2002,06,13128
05.03.2002-09:00:00,05,03,2002,09,13085
05.03.2002-12:00:00,05,03,2002,12,14111
05.03.2002-15:00:00,05,03,2002,15,13669
05.03.2002-18:00:00,05,03,2002,18,13182
05.03.2002-21:00:00,05,03,2002,21,13012
05.04.2002-00:00:00,05,04,2002,00,13038
05.04.2002-03:00:00,05,04,2002,03,13017
05.04.2002-06:00:00,05,04,2002,06,12816
05.04.2002-09:00:00,05,04,2002,09,12330
05.04.2002-12:00:00,05,04,2002,12,12043
05.04.2002-15:00:00,05,04,2002,15,12110
05.04.2002-18:00:00,05,04,2002,18,12133
05.04.2002-21:00:00,05,04,2002,21,12123
05.05.2002-00:00:00,05,05,2002,00,12158
05.05.2002-03:00:00,05,05,2002,03,12222
05.05.2002-06:00:00,05,05,2002,06,12189
05.05.2002-09:00:00,05,05,2002,09,12059
05.05.2002-12:00:00,05,05,2002,12,13098
05.05.2002-15:00:00,05,05,2002,15,13412
05.05.2002-18:00:00,05,05,2002,18,13442
05.05.2002-21:00:00,05,05,2002,21,13499
05.06.2002-00:00:00,05,06,2002,00,13643
05.06.2002-03:00:00,05,06,2002,03,13696
05.06.2002-06:00:00,05,06,2002,06,13599
05.06.2002-09:00:00,05,06,2002,09,13217
05.06.2002-12:00:00,05,06,2002,12,12780
05.06.2002-15:00:00,05,06,2002,15,12678
05.06.2002-18:00:00,05,06,2002,18,12671
05.06.2002-21:00:00,05,06,2002,21,12617
05.07.2002-00:00:00,05,07,2002,00,12590
05.07.2002-03:00:00,05,07,2002,03,12591
05.07.2002-06:00:00,05,07,2002,06,12569
05.07.2002-09:00:00,05,07,2002,09,12350
05.07.2002-12:00:00,05,07,2002,12,12770
05.07.2002-15:00:00,05,07,2002,15,13015
05.07.2002-18:00:00,05,07,2002,18,13133
05.07.2002-21:00:00,05,07,2002,21,13183
05.08.2002-00:00:00,05,08,2002,00,13271
05.08.2002-03:00:00,05,08,2002,03,13345
05.08.2002-06:00:00,05,08,2002,06,13310
05.08.2002-09:00:00,05,08,2002,09,12978
05.08.2002-12:00:00,05,08,2002,12,13549
05.08.2002-15:00:00,05,08,2002,15,13607
05.08.2002-18:00:00,05,08,2002,18,13588
05.08.2002-21:00:00,05,08,2002,21,13557
05.09.2002-00:00:00,05,09,2002,00,13634
05.09.2002-03:00:00,05,09,2002,03,13721
05.09.2002-06:00:00,05,09,2002,06,13684
05.09.2002-09:00:00,05,09,2002,09,13228
05.09.2002-12:00:00,05,09,2002,12,12712
05.09.2002-15:00:00,05,09,2002,15,12585
05.09.2002-18:00:00,05,09,2002,18,12704
05.09.2002-21:00:00,05,09,2002,21,12713
05.10.2002-00:00:00,05,10,2002,00,12714
05.10.2002-03:00:00,05,10,2002,03,12752
05.10.2002-06:00:00,05,10,2002,06,12747
05.10.2002-09:00:00,05,10,2002,09,12371
05.10.2002-12:00:00,05,10,2002,12,12396
05.10.2002-15:00:00,05,10,2002,15,13070
05.10.2002-18:00:00,05,10,2002,18,13585
05.10.2002-21:00:00,05,10,2002,21,13825
05.11.2002-00:00:00,05,11,2002,00,13967
05.11.2002-03:00:00,05,11,2002,03,14029
05.11.2002-06:00:00,05,11,2002,06,14007
05.11.2002-09:00:00,05,11,2002,09,15836
05.11.2002-12:00:00,05,11,2002,12,19070
05.11.2002-15:00:00,05,11,2002,15,20075
05.11.2002-18:00:00,05,11,2002,18,20196
05.11.2002-21:00:00,05,11,2002,21,20557
05.12.2002-00:00:00,05,12,2002,00,21008
05.12.2002-03:00:00,05,12,2002,03,21084
05.12.2002-06:00:00,05,12,2002,06,21048
05.12.2002-09:00:00,05,12,2002,09,23488
05.12.2002-12:00:00,05,12,2002,12,26868
05.12.2002-15:00:00,05,12,2002,15,26744
05.12.2002-18:00:00,05,12,2002,18,25906
05.12.2002-21:00:00,05,12,2002,21,25846
05.13.2002-00:00:00,05,13,2002,00,26237
05.13.2002-03:00:00,05,13,2002,03,26252
05.13.2002-06:00:00,05,13,2002,06,26340
05.13.2002-09:00:00,05,13,2002,09,29327
05.13.2002-12:00:00,05,13,2002,12,33327
05.13.2002-15:00:00,05,13,2002,15,33261
05.13.2002-18:00:00,05,13,2002,18,32364
05.13.2002-21:00:00,05,13,2002,21,32411
05.14.2002-00:00:00,05,14,2002,00,33003
05.14.2002-03:00:00,05,14,2002,03,32946
05.14.2002-06:00:00,05,14,2002,06,32177
05.14.2002-09:00:00,05,14,2002,09,32943
05.14.2002-12:00:00,05,14,2002,12,34599
05.14.2002-15:00:00,05,14,2002,15,33761
05.14.2002-18:00:00,05,14,2002,18,32246
05.14.2002-21:00:00,05,14,2002,21,31543
05.15.2002-00:00:00,05,15,2002,00,31370
05.15.2002-03:00:00,05,15,2002,03,31211
05.15.2002-06:00:00,05,15,2002,06,30772
05.15.2002-09:00:00,05,15,2002,09,31568
05.15.2002-12:00:00,05,15,2002,12,34942
05.15.2002-15:00:00,05,15,2002,15,35013
05.15.2002-18:00:00,05,15,2002,18,34089
05.15.2002-21:00:00,05,15,2002,21,33659
05.16.2002-00:00:00,05,16,2002,00,33771
05.16.2002-03:00:00,05,16,2002,03,33876
05.16.2002-06:00:00,05,16,2002,06,33449
05.16.2002-09:00:00,05,16,2002,09,34233
05.16.2002-12:00:00,05,16,2002,12,38518
05.16.2002-15:00:00,05,16,2002,15,39569
05.16.2002-18:00:00,05,16,2002,18,38899
05.16.2002-21:00:00,05,16,2002,21,38593
05.17.2002-00:00:00,05,17,2002,00,39147
05.17.2002-03:00:00,05,17,2002,03,39697
05.17.2002-06:00:00,05,17,2002,06,40786
05.17.2002-09:00:00,05,17,2002,09,45330
05.17.2002-12:00:00,05,17,2002,12,50357
05.17.2002-15:00:00,05,17,2002,15,51817
05.17.2002-18:00:00,05,17,2002,18,51923
05.17.2002-21:00:00,05,17,2002,21,52639
05.18.2002-00:00:00,05,18,2002,00,53595
05.18.2002-03:00:00,05,18,2002,03,53804
05.18.2002-06:00:00,05,18,2002,06,53826
05.18.2002-09:00:00,05,18,2002,09,56683
05.18.2002-12:00:00,05,18,2002,12,61077
05.18.2002-15:00:00,05,18,2002,15,61476
05.18.2002-18:00:00,05,18,2002,18,60300
05.18.2002-21:00:00,05,18,2002,21,60141
05.19.2002-00:00:00,05,19,2002,00,60811
05.19.2002-03:00:00,05,19,2002,03,61146
05.19.2002-06:00:00,05,19,2002,06,61720
05.19.2002-09:00:00,05,19,2002,09,66102
05.19.2002-12:00:00,05,19,2002,12,71590
05.19.2002-15:00:00,05,19,2002,15,73609
05.19.2002-18:00:00,05,19,2002,18,73848
05.19.2002-21:00:00,05,19,2002,21,74555
05.20.2002-00:00:00,05,20,2002,00,78472
05.20.2002-03:00:00,05,20,2002,03,83043
05.20.2002-06:00:00,05,20,2002,06,88552
05.20.2002-09:00:00,05,20,2002,09,97306
05.20.2002-12:00:00,05,20,2002,12,1.0733e+05
05.20.2002-15:00:00,05,20,2002,15,1.1503e+05
05.20.2002-18:00:00,05,20,2002,18,1.2135e+05
05.20.2002-21:00:00,05,20,2002,21,1.276e+05
05.21.2002-00:00:00,05,21,2002,00,1.3311e+05
05.21.2002-03:00:00,05,21,2002,03,1.371e+05
05.21.2002-06:00:00,05,21,2002,06,1.4002e+05
05.21.2002-09:00:00,05,21,2002,09,1.4347e+05
05.21.2002-12:00:00,05,21,2002,12,1.4667e+05
05.21.2002-15:00:00,05,21,2002,15,1.4886e+05
05.21.2002-18:00:00,05,21,2002,18,1.4988e+05
05.21.2002-21:00:00,05,21,2002,21,1.511e+05
05.22.2002-00:00:00,05,22,2002,00,1.5122e+05
05.22.2002-03:00:00,05,22,2002,03,1.5079e+05
05.22.2002-06:00:00,05,22,2002,06,1.5031e+05
05.22.2002-09:00:00,05,22,2002,09,1.5051e+05
05.22.2002-12:00:00,05,22,2002,12,1.5082e+05
05.22.2002-15:00:00,05,22,2002,15,1.5066e+05
05.22.2002-18:00:00,05,22,2002,18,1.501e+05
05.22.2002-21:00:00,05,22,2002,21,1.4988e+05
05.23.2002-00:00:00,05,23,2002,00,1.4809e+05
05.23.2002-03:00:00,05,23,2002,03,1.46e+05
05.23.2002-06:00:00,05,23,2002,06,1.451e+05
05.23.2002-09:00:00,05,23,2002,09,1.501e+05
05.23.2002-12:00:00,05,23,2002,12,1.5837e+05
05.23.2002-15:00:00,05,23,2002,15,1.6377e+05
05.23.2002-18:00:00,05,23,2002,18,1.6634e+05
05.23.2002-21:00:00,05,23,2002,21,1.692e+05
05.24.2002-00:00:00,05,24,2002,00,1.7182e+05
05.24.2002-03:00:00,05,24,2002,03,1.728e+05
05.24.2002-06:00:00,05,24,2002,06,1.713e+05
05.24.2002-09:00:00,05,24,2002,09,1.7051e+05
05.24.2002-12:00:00,05,24,2002,12,1.7576e+05
05.24.2002-15:00:00,05,24,2002,15,1.7844e+05
05.24.2002-18:00:00,05,24,2002,18,1.7741e+05
05.24.2002-21:00:00,05,24,2002,21,1.7617e+05
05.25.2002-00:00:00,05,25,2002,00,1.7643e+05
05.25.2002-03:00:00,05,25,2002,03,1.7617e+05
05.25.2002-06:00:00,05,25,2002,06,1.7586e+05
05.25.2002-09:00:00,05,25,2002,09,1.8065e+05
05.25.2002-12:00:00,05,25,2002,12,1.897e+05
05.25.2002-15:00:00,05,25,2002,15,1.962e+05
05.25.2002-18:00:00,05,25,2002,18,1.9989e+05
05.25.2002-21:00:00,05,25,2002,21,2.0349e+05
05.26.2002-00:00:00,05,26,2002,00,2.0686e+05
05.26.2002-03:00:00,05,26,2002,03,2.0844e+05
05.26.2002-06:00:00,05,26,2002,06,2.0837e+05
05.26.2002-09:00:00,05,26,2002,09,2.1211e+05
05.26.2002-12:00:00,05,26,2002,12,2.2122e+05
05.26.2002-15:00:00,05,26,2002,15,2.2681e+05
05.26.2002-18:00:00,05,26,2002,18,2.2889e+05
05.26.2002-21:00:00,05,26,2002,21,2.3113e+05
05.27.2002-00:00:00,05,27,2002,00,2.3412e+05
05.27.2002-03:00:00,05,27,2002,03,2.3567e+05
05.27.2002-06:00:00,05,27,2002,06,2.3565e+05
05.27.2002-09:00:00,05,27,2002,09,2.4026e+05
05.27.2002-12:00:00,05,27,2002,12,2.4979e+05
05.27.2002-15:00:00,05,27,2002,15,2.5657e+05
05.27.2002-18:00:00,05,27,2002,18,2.5965e+05
05.27.2002-21:00:00,05,27,2002,21,2.6333e+05
05.28.2002-00:00:00,05,28,2002,00,2.6859e+05
05.28.2002-03:00:00,05,28,2002,03,2.7378e+05
05.28.2002-06:00:00,05,28,2002,06,2.7936e+05
05.28.2002-09:00:00,05,28,2002,09,2.8925e+05
05.28.2002-12:00:00,05,28,2002,12,3.0197e+05
05.28.2002-15:00:00,05,28,2002,15,3.1278e+05
05.28.2002-18:00:00,05,28,2002,18,3.2077e+05
05.28.2002-21:00:00,05,28,2002,21,3.2971e+05
05.29.2002-00:00:00,05,29,2002,00,3.3737e+05
05.29.2002-03:00:00,05,29,2002,03,3.4319e+05
05.29.2002-06:00:00,05,29,2002,06,3.4715e+05
05.29.2002-09:00:00,05,29,2002,09,3.5426e+05
05.29.2002-12:00:00,05,29,2002,12,3.6266e+05
05.29.2002-15:00:00,05,29,2002,15,3.6775e+05
05.29.2002-18:00:00,05,29,2002,18,3.6921e+05
05.29.2002-21:00:00,05,29,2002,21,3.7075e+05
05.30.2002-00:00:00,05,30,2002,00,3.7222e+05
05.30.2002-03:00:00,05,30,2002,03,3.7253e+05
05.30.2002-06:00:00,05,30,2002,06,3.6954e+05
05.30.2002-09:00:00,05,30,2002,09,3.6992e+05
05.30.2002-12:00:00,05,30,2002,12,3.7426e+05
05.30.2002-15:00:00,05,30,2002,15,3.7587e+05
05.30.2002-18:00:00,05,30,2002,18,3.7443e+05
05.30.2002-21:00:00,05,30,2002,21,3.7421e+05
05.31.2002-00:00:00,05,31,2002,00,3.7515e+05
05.31.2002-03:00:00,05,31,2002,03,3.7558e+05
05.31.2002-06:00:00,05,31,2002,06,3.7305e+05
05.31.2002-09:00:00,05,31,2002,09,3.7383e+05
05.31.2002-12:00:00,05,31,2002,12,3.7628e+05
05.31.2002-15:00:00,05,31,2002,15,3.7693e+05
05.31.2002-18:00:00,05,31,2002,18,3.7501e+05
05.31.2002-21:00:00,05,31,2002,21,3.7318e+05
06.01.2002-00:00:00,06,01,2002,00,3.7212e+05
06.01.2002-03:00:00,06,01,2002,03,3.7036e+05
06.01.2002-06:00:00,06,01,2002,06,3.6676e+05
06.01.2002-09:00:00,06,01,2002,09,3.687e+05
06.01.2002-12:00:00,06,01,2002,12,3.7412e+05
06.01.2002-15:00:00,06,01,2002,15,3.7811e+05
06.01.2002-18:00:00,06,01,2002,18,3.7866e+05
06.01.2002-21:00:00,06,01,2002,21,3.7985e+05
06.02.2002-00:00:00,06,02,2002,00,3.8199e+05
06.02.2002-03:00:00,06,02,2002,03,3.8354e+05
06.02.2002-06:00:00,06,02,2002,06,3.8411e+05
06.02.2002-09:00:00,06,02,2002,09,3.8909e+05
06.02.2002-12:00:00,06,02,2002,12,3.9581e+05
06.02.2002-15:00:00,06,02,2002,15,4.0091e+05
06.02.2002-18:00:00,06,02,2002,18,4.0345e+05
06.02.2002-21:00:00,06,02,2002,21,4.0581e+05
06.03.2002-00:00:00,06,03,2002,00,4.0803e+05
06.03.2002-03:00:00,06,03,2002,03,4.0858e+05
06.03.2002-06:00:00,06,03,2002,06,4.0655e+05
06.03.2002-09:00:00,06,03,2002,09,4.0787e+05
06.03.2002-12:00:00,06,03,2002,12,4.1196e+05
06.03.2002-15:00:00,06,03,2002,15,4.1399e+05
06.03.2002-18:00:00,06,03,2002,18,4.129e+05
06.03.2002-21:00:00,06,03,2002,21,4.1166e+05
06.04.2002-00:00:00,06,04,2002,00,4.1131e+05
06.04.2002-03:00:00,06,04,2002,03,4.1099e+05
06.04.2002-06:00:00,06,04,2002,06,4.1045e+05
06.04.2002-09:00:00,06,04,2002,09,4.1327e+05
06.04.2002-12:00:00,06,04,2002,12,4.1847e+05
06.04.2002-15:00:00,06,04,2002,15,4.2325e+05
06.04.2002-18:00:00,06,04,2002,18,4.2594e+05
06.04.2002-21:00:00,06,04,2002,21,4.2922e+05
06.05.2002-00:00:00,06,05,2002,00,4.3181e+05
06.05.2002-03:00:00,06,05,2002,03,4.3327e+05
06.05.2002-06:00:00,06,05,2002,06,4.3375e+05
06.05.2002-09:00:00,06,05,2002,09,4.3718e+05
06.05.2002-12:00:00,06,05,2002,12,4.4209e+05
06.05.2002-15:00:00,06,05,2002,15,4.4554e+05
06.05.2002-18:00:00,06,05,2002,18,4.4598e+05
06.05.2002-21:00:00,06,05,2002,21,4.4602e+05
06.06.2002-00:00:00,06,06,2002,00,4.4527e+05
06.06.2002-03:00:00,06,06,2002,03,4.4319e+05
06.06.2002-06:00:00,06,06,2002,06,4.3841e+05
06.06.2002-09:00:00,06,06,2002,09,4.3407e+05
06.06.2002-12:00:00,06,06,2002,12,4.2838e+05
06.06.2002-15:00:00,06,06,2002,15,4.2108e+05
06.06.2002-18:00:00,06,06,2002,18,4.1131e+05
06.06.2002-21:00:00,06,06,2002,21,4.0122e+05
06.07.2002-00:00:00,06,07,2002,00,3.9036e+05
06.07.2002-03:00:00,06,07,2002,03,3.7974e+05
06.07.2002-06:00:00,06,07,2002,06,3.6778e+05
06.07.2002-09:00:00,06,07,2002,09,3.5476e+05
06.07.2002-12:00:00,06,07,2002,12,3.448e+05
06.07.2002-15:00:00,06,07,2002,15,3.3435e+05
06.07.2002-18:00:00,06,07,2002,18,3.2248e+05
06.07.2002-21:00:00,06,07,2002,21,3.1094e+05
06.08.2002-00:00:00,06,08,2002,00,3.006e+05
06.08.2002-03:00:00,06,08,2002,03,2.9166e+05
06.08.2002-06:00:00,06,08,2002,06,2.8258e+05
06.08.2002-09:00:00,06,08,2002,09,2.7283e+05
06.08.2002-12:00:00,06,08,2002,12,2.6279e+05
06.08.2002-15:00:00,06,08,2002,15,2.5405e+05
06.08.2002-18:00:00,06,08,2002,18,2.4556e+05
06.08.2002-21:00:00,06,08,2002,21,2.3754e+05
06.09.2002-00:00:00,06,09,2002,00,2.3015e+05
06.09.2002-03:00:00,06,09,2002,03,2.2406e+05
06.09.2002-06:00:00,06,09,2002,06,2.1823e+05
06.09.2002-09:00:00,06,09,2002,09,2.1823e+05
06.09.2002-12:00:00,06,09,2002,12,2.2409e+05
06.09.2002-15:00:00,06,09,2002,15,2.3041e+05
06.09.2002-18:00:00,06,09,2002,18,2.3497e+05
06.09.2002-21:00:00,06,09,2002,21,2.3988e+05
06.10.2002-00:00:00,06,10,2002,00,2.4502e+05
06.10.2002-03:00:00,06,10,2002,03,2.4924e+05
06.10.2002-06:00:00,06,10,2002,06,2.5162e+05
06.10.2002-09:00:00,06,10,2002,09,2.5831e+05
06.10.2002-12:00:00,06,10,2002,12,2.6698e+05
06.10.2002-15:00:00,06,10,2002,15,2.7368e+05
06.10.2002-18:00:00,06,10,2002,18,2.7793e+05
06.10.2002-21:00:00,06,10,2002,21,2.8246e+05
06.11.2002-00:00:00,06,11,2002,00,2.8684e+05
06.11.2002-03:00:00,06,11,2002,03,2.8988e+05
06.11.2002-06:00:00,06,11,2002,06,2.9066e+05
06.11.2002-09:00:00,06,11,2002,09,2.9371e+05
06.11.2002-12:00:00,06,11,2002,12,2.9784e+05
06.11.2002-15:00:00,06,11,2002,15,2.9916e+05
06.11.2002-18:00:00,06,11,2002,18,2.9775e+05
06.11.2002-21:00:00,06,11,2002,21,2.9594e+05
06.12.2002-00:00:00,06,12,2002,00,2.9365e+05
06.12.2002-03:00:00,06,12,2002,03,2.9053e+05
06.12.2002-06:00:00,06,12,2002,06,2.8697e+05
06.12.2002-09:00:00,06,12,2002,09,2.8787e+05
06.12.2002-12:00:00,06,12,2002,12,2.9174e+05
06.12.2002-15:00:00,06,12,2002,15,2.9461e+05
06.12.2002-18:00:00,06,12,2002,18,2.9541e+05
06.12.2002-21:00:00,06,12,2002,21,2.96e+05
06.13.2002-00:00:00,06,13,2002,00,2.9586e+05
06.13.2002-03:00:00,06,13,2002,03,2.9538e+05
06.13.2002-06:00:00,06,13,2002,06,2.9319e+05
06.13.2002-09:00:00,06,13,2002,09,2.9525e+05
06.13.2002-12:00:00,06,13,2002,12,2.993e+05
06.13.2002-15:00:00,06,13,2002,15,3.0138e+05
06.13.2002-18:00:00,06,13,2002,18,3.0047e+05
06.13.2002-21:00:00,06,13,2002,21,2.9925e+05
06.14.2002-00:00:00,06,14,2002,00,2.9746e+05
06.14.2002-03:00:00,06,14,2002,03,2.9518e+05
06.14.2002-06:00:00,06,14,2002,06,2.921e+05
06.14.2002-09:00:00,06,14,2002,09,2.93e+05
06.14.2002-12:00:00,06,14,2002,12,2.9606e+05
06.14.2002-15:00:00,06,14,2002,15,2.978e+05
06.14.2002-18:00:00,06,14,2002,18,2.9761e+05
06.14.2002-21:00:00,06,14,2002,21,2.9666e+05
06.15.2002-00:00:00,06,15,2002,00,2.9543e+05
06.15.2002-03:00:00,06,15,2002,03,2.9364e+05
06.15.2002-06:00:00,06,15,2002,06,2.9172e+05
06.15.2002-09:00:00,06,15,2002,09,2.9291e+05
06.15.2002-12:00:00,06,15,2002,12,2.9592e+05
06.15.2002-15:00:00,06,15,2002,15,2.9748e+05
06.15.2002-18:00:00,06,15,2002,18,2.9693e+05
06.15.2002-21:00:00,06,15,2002,21,2.9599e+05
06.16.2002-00:00:00,06,16,2002,00,2.9463e+05
06.16.2002-03:00:00,06,16,2002,03,2.9211e+05
06.16.2002-06:00:00,06,16,2002,06,2.8908e+05
06.16.2002-09:00:00,06,16,2002,09,2.8803e+05
06.16.2002-12:00:00,06,16,2002,12,2.8749e+05
06.16.2002-15:00:00,06,16,2002,15,2.8576e+05
06.16.2002-18:00:00,06,16,2002,18,2.82e+05
06.16.2002-21:00:00,06,16,2002,21,2.7774e+05
06.17.2002-00:00:00,06,17,2002,00,2.7344e+05
06.17.2002-03:00:00,06,17,2002,03,2.6903e+05
06.17.2002-06:00:00,06,17,2002,06,2.646e+05
06.17.2002-09:00:00,06,17,2002,09,2.6092e+05
06.17.2002-12:00:00,06,17,2002,12,2.5792e+05
06.17.2002-15:00:00,06,17,2002,15,2.545e+05
06.17.2002-18:00:00,06,17,2002,18,2.5009e+05
06.17.2002-21:00:00,06,17,2002,21,2.4544e+05
06.18.2002-00:00:00,06,18,2002,00,2.3979e+05
06.18.2002-03:00:00,06,18,2002,03,2.3403e+05
06.18.2002-06:00:00,06,18,2002,06,2.2869e+05
06.18.2002-09:00:00,06,18,2002,09,2.241e+05
06.18.2002-12:00:00,06,18,2002,12,2.2037e+05
06.18.2002-15:00:00,06,18,2002,15,2.1639e+05
06.18.2002-18:00:00,06,18,2002,18,2.1208e+05
06.18.2002-21:00:00,06,18,2002,21,2.0758e+05
06.19.2002-00:00:00,06,19,2002,00,2.0287e+05
06.19.2002-03:00:00,06,19,2002,03,1.9816e+05
06.19.2002-06:00:00,06,19,2002,06,1.9326e+05
06.19.2002-09:00:00,06,19,2002,09,1.8956e+05
06.19.2002-12:00:00,06,19,2002,12,1.8629e+05
06.19.2002-15:00:00,06,19,2002,15,1.8342e+05
06.19.2002-18:00:00,06,19,2002,18,1.7965e+05
06.19.2002-21:00:00,06,19,2002,21,1.7619e+05
06.20.2002-00:00:00,06,20,2002,00,1.7241e+05
06.20.2002-03:00:00,06,20,2002,03,1.6935e+05
06.20.2002-06:00:00,06,20,2002,06,1.6607e+05
06.20.2002-09:00:00,06,20,2002,09,1.637e+05
06.20.2002-12:00:00,06,20,2002,12,1.6137e+05
06.20.2002-15:00:00,06,20,2002,15,1.5948e+05
06.20.2002-18:00:00,06,20,2002,18,1.5691e+05
06.20.2002-21:00:00,06,20,2002,21,1.5443e+05
06.21.2002-00:00:00,06,21,2002,00,1.5173e+05
06.21.2002-03:00:00,06,21,2002,03,1.4956e+05
06.21.2002-06:00:00,06,21,2002,06,1.4695e+05
06.21.2002-09:00:00,06,21,2002,09,1.4483e+05
06.21.2002-12:00:00,06,21,2002,12,1.4287e+05
06.21.2002-15:00:00,06,21,2002,15,1.4133e+05
06.21.2002-18:00:00,06,21,2002,18,1.3926e+05
06.21.2002-21:00:00,06,21,2002,21,1.3771e+05
06.22.2002-00:00:00,06,22,2002,00,1.359e+05
06.22.2002-03:00:00,06,22,2002,03,1.3463e+05
06.22.2002-06:00:00,06,22,2002,06,1.3296e+05
06.22.2002-09:00:00,06,22,2002,09,1.3142e+05
06.22.2002-12:00:00,06,22,2002,12,1.2996e+05
06.22.2002-15:00:00,06,22,2002,15,1.2901e+05
06.22.2002-18:00:00,06,22,2002,18,1.2761e+05
06.22.2002-21:00:00,06,22,2002,21,1.2662e+05
06.23.2002-00:00:00,06,23,2002,00,1.2546e+05
06.23.2002-03:00:00,06,23,2002,03,1.2461e+05
06.23.2002-06:00:00,06,23,2002,06,1.2316e+05
06.23.2002-09:00:00,06,23,2002,09,1.2151e+05
06.23.2002-12:00:00,06,23,2002,12,1.1952e+05
06.23.2002-15:00:00,06,23,2002,15,1.1816e+05
06.23.2002-18:00:00,06,23,2002,18,1.1668e+05
06.23.2002-21:00:00,06,23,2002,21,1.1591e+05
06.24.2002-00:00:00,06,24,2002,00,1.1481e+05
06.24.2002-03:00:00,06,24,2002,03,1.1421e+05
06.24.2002-06:00:00,06,24,2002,06,1.1247e+05
06.24.2002-09:00:00,06,24,2002,09,1.1042e+05
06.24.2002-12:00:00,06,24,2002,12,1.0807e+05
06.24.2002-15:00:00,06,24,2002,15,1.0695e+05
06.24.2002-18:00:00,06,24,2002,18,1.0562e+05
06.24.2002-21:00:00,06,24,2002,21,1.0489e+05
06.25.2002-00:00:00,06,25,2002,00,1.038e+05
06.25.2002-03:00:00,06,25,2002,03,1.0325e+05
06.25.2002-06:00:00,06,25,2002,06,1.0148e+05
06.25.2002-09:00:00,06,25,2002,09,99166
06.25.2002-12:00:00,06,25,2002,12,96857
06.25.2002-15:00:00,06,25,2002,15,95649
06.25.2002-18:00:00,06,25,2002,18,94495
06.25.2002-21:00:00,06,25,2002,21,93761
06.26.2002-00:00:00,06,26,2002,00,92949
06.26.2002-03:00:00,06,26,2002,03,92566
06.26.2002-06:00:00,06,26,2002,06,91290
06.26.2002-09:00:00,06,26,2002,09,89525
06.26.2002-12:00:00,06,26,2002,12,88023
06.26.2002-15:00:00,06,26,2002,15,87256
06.26.2002-18:00:00,06,26,2002,18,86358
06.26.2002-21:00:00,06,26,2002,21,85904
06.27.2002-00:00:00,06,27,2002,00,85243
06.27.2002-03:00:00,06,27,2002,03,84990
06.27.2002-06:00:00,06,27,2002,06,83626
06.27.2002-09:00:00,06,27,2002,09,81562
06.27.2002-12:00:00,06,27,2002,12,79182
06.27.2002-15:00:00,06,27,2002,15,78172
06.27.2002-18:00:00,06,27,2002,18,77255
06.27.2002-21:00:00,06,27,2002,21,77004
06.28.2002-00:00:00,06,28,2002,00,76686
06.28.2002-03:00:00,06,28,2002,03,77125
06.28.2002-06:00:00,06,28,2002,06,77191
06.28.2002-09:00:00,06,28,2002,09,76894
06.28.2002-12:00:00,06,28,2002,12,76461
06.28.2002-15:00:00,06,28,2002,15,76478
06.28.2002-18:00:00,06,28,2002,18,76767
06.28.2002-21:00:00,06,28,2002,21,77228
06.29.2002-00:00:00,06,29,2002,00,78110
06.29.2002-03:00:00,06,29,2002,03,79219
06.29.2002-06:00:00,06,29,2002,06,79991
06.29.2002-09:00:00,06,29,2002,09,80521
06.29.2002-12:00:00,06,29,2002,12,80740
06.29.2002-15:00:00,06,29,2002,15,81241
06.29.2002-18:00:00,06,29,2002,18,81761
06.29.2002-21:00:00,06,29,2002,21,82514
06.30.2002-00:00:00,06,30,2002,00,82322
06.30.2002-03:00:00,06,30,2002,03,81951
06.30.2002-06:00:00,06,30,2002,06,81103
06.30.2002-09:00:00,06,30,2002,09,79621
06.30.2002-12:00:00,06,30,2002,12,77661
06.30.2002-15:00:00,06,30,2002,15,76260
06.30.2002-18:00:00,06,30,2002,18,74954
06.30.2002-21:00:00,06,30,2002,21,74083
07.01.2002-00:00:00,07,01,2002,00,73251
07.01.2002-03:00:00,07,01,2002,03,72597
07.01.2002-06:00:00,07,01,2002,06,71510
07.01.2002-09:00:00,07,01,2002,09,69817
07.01.2002-12:00:00,07,01,2002,12,68007
07.01.2002-15:00:00,07,01,2002,15,67083
07.01.2002-18:00:00,07,01,2002,18,66305
07.01.2002-21:00:00,07,01,2002,21,65897
07.02.2002-00:00:00,07,02,2002,00,65536
07.02.2002-03:00:00,07,02,2002,03,65379
07.02.2002-06:00:00,07,02,2002,06,64735
07.02.2002-09:00:00,07,02,2002,09,63252
07.02.2002-12:00:00,07,02,2002,12,61689
07.02.2002-15:00:00,07,02,2002,15,61025
07.02.2002-18:00:00,07,02,2002,18,60510
07.02.2002-21:00:00,07,02,2002,21,60276
07.03.2002-00:00:00,07,03,2002,00,60058
07.03.2002-03:00:00,07,03,2002,03,59925
07.03.2002-06:00:00,07,03,2002,06,59453
07.03.2002-09:00:00,07,03,2002,09,58206
07.03.2002-12:00:00,07,03,2002,12,56978
07.03.2002-15:00:00,07,03,2002,15,56400
07.03.2002-18:00:00,07,03,2002,18,56071
07.03.2002-21:00:00,07,03,2002,21,55960
07.04.2002-00:00:00,07,04,2002,00,56018
07.04.2002-03:00:00,07,04,2002,03,56160
07.04.2002-06:00:00,07,04,2002,06,56003
07.04.2002-09:00:00,07,04,2002,09,55206
07.04.2002-12:00:00,07,04,2002,12,54304
07.04.2002-15:00:00,07,04,2002,15,53997
07.04.2002-18:00:00,07,04,2002,18,53937
07.04.2002-21:00:00,07,04,2002,21,53988
07.05.2002-00:00:00,07,05,2002,00,54052
07.05.2002-03:00:00,07,05,2002,03,54375
07.05.2002-06:00:00,07,05,2002,06,54107
07.05.2002-09:00:00,07,05,2002,09,52783
07.05.2002-12:00:00,07,05,2002,12,51520
07.05.2002-15:00:00,07,05,2002,15,50942
07.05.2002-18:00:00,07,05,2002,18,50694
07.05.2002-21:00:00,07,05,2002,21,50576
07.06.2002-00:00:00,07,06,2002,00,50518
07.06.2002-03:00:00,07,06,2002,03,50646
07.06.2002-06:00:00,07,06,2002,06,50293
07.06.2002-09:00:00,07,06,2002,09,48887
07.06.2002-12:00:00,07,06,2002,12,47614
07.06.2002-15:00:00,07,06,2002,15,47068
07.06.2002-18:00:00,07,06,2002,18,46826
07.06.2002-21:00:00,07,06,2002,21,46786
07.07.2002-00:00:00,07,07,2002,00,46806
07.07.2002-03:00:00,07,07,2002,03,46958
07.07.2002-06:00:00,07,07,2002,06,46649
07.07.2002-09:00:00,07,07,2002,09,45504
07.07.2002-12:00:00,07,07,2002,12,44463
07.07.2002-15:00:00,07,07,2002,15,44010
07.07.2002-18:00:00,07,07,2002,18,43912
07.07.2002-21:00:00,07,07,2002,21,43944
07.08.2002-00:00:00,07,08,2002,00,47707
07.08.2002-03:00:00,07,08,2002,03,52640
07.08.2002-06:00:00,07,08,2002,06,57130
07.08.2002-09:00:00,07,08,2002,09,61131
07.08.2002-12:00:00,07,08,2002,12,65095
07.08.2002-15:00:00,07,08,2002,15,69932
07.08.2002-18:00:00,07,08,2002,18,74881
07.08.2002-21:00:00,07,08,2002,21,79641
07.09.2002-00:00:00,07,09,2002,00,79172
07.09.2002-03:00:00,07,09,2002,03,77558
07.09.2002-06:00:00,07,09,2002,06,75254
07.09.2002-09:00:00,07,09,2002,09,71441
07.09.2002-12:00:00,07,09,2002,12,66741
07.09.2002-15:00:00,07,09,2002,15,62353
07.09.2002-18:00:00,07,09,2002,18,58352
07.09.2002-21:00:00,07,09,2002,21,55089
07.10.2002-00:00:00,07,10,2002,00,52454
07.10.2002-03:00:00,07,10,2002,03,50653
07.10.2002-06:00:00,07,10,2002,06,48708
07.10.2002-09:00:00,07,10,2002,09,46340
07.10.2002-12:00:00,07,10,2002,12,44642
07.10.2002-15:00:00,07,10,2002,15,43508
07.10.2002-18:00:00,07,10,2002,18,42729
07.10.2002-21:00:00,07,10,2002,21,42282
07.11.2002-00:00:00,07,11,2002,00,42044
07.11.2002-03:00:00,07,11,2002,03,41960
07.11.2002-06:00:00,07,11,2002,06,41316
07.11.2002-09:00:00,07,11,2002,09,40263
07.11.2002-12:00:00,07,11,2002,12,40249
07.11.2002-15:00:00,07,11,2002,15,39816
07.11.2002-18:00:00,07,11,2002,18,39413
07.11.2002-21:00:00,07,11,2002,21,39375
07.12.2002-00:00:00,07,12,2002,00,39551
07.12.2002-03:00:00,07,12,2002,03,39697
07.12.2002-06:00:00,07,12,2002,06,39083
07.12.2002-09:00:00,07,12,2002,09,38003
07.12.2002-12:00:00,07,12,2002,12,37779
07.12.2002-15:00:00,07,12,2002,15,37305
07.12.2002-18:00:00,07,12,2002,18,36946
07.12.2002-21:00:00,07,12,2002,21,36933
07.13.2002-00:00:00,07,13,2002,00,37106
07.13.2002-03:00:00,07,13,2002,03,37246
07.13.2002-06:00:00,07,13,2002,06,36804
07.13.2002-09:00:00,07,13,2002,09,35916
07.13.2002-12:00:00,07,13,2002,12,35453
07.13.2002-15:00:00,07,13,2002,15,35118
07.13.2002-18:00:00,07,13,2002,18,34893
07.13.2002-21:00:00,07,13,2002,21,35002
07.14.2002-00:00:00,07,14,2002,00,35189
07.14.2002-03:00:00,07,14,2002,03,35279
07.14.2002-06:00:00,07,14,2002,06,34844
07.14.2002-09:00:00,07,14,2002,09,33784
07.14.2002-12:00:00,07,14,2002,12,32876
07.14.2002-15:00:00,07,14,2002,15,32444
07.14.2002-18:00:00,07,14,2002,18,32260
07.14.2002-21:00:00,07,14,2002,21,32326
07.15.2002-00:00:00,07,15,2002,00,32560
07.15.2002-03:00:00,07,15,2002,03,32856
07.15.2002-06:00:00,07,15,2002,06,32660
07.15.2002-09:00:00,07,15,2002,09,31776
07.15.2002-12:00:00,07,15,2002,12,31060
07.15.2002-15:00:00,07,15,2002,15,30818
07.15.2002-18:00:00,07,15,2002,18,30779
07.15.2002-21:00:00,07,15,2002,21,30942
07.16.2002-00:00:00,07,16,2002,00,31183
07.16.2002-03:00:00,07,16,2002,03,31460
07.16.2002-06:00:00,07,16,2002,06,31258
07.16.2002-09:00:00,07,16,2002,09,30392
07.16.2002-12:00:00,07,16,2002,12,29692
07.16.2002-15:00:00,07,16,2002,15,29460
07.16.2002-18:00:00,07,16,2002,18,29425
07.16.2002-21:00:00,07,16,2002,21,29571
07.17.2002-00:00:00,07,17,2002,00,29788
07.17.2002-03:00:00,07,17,2002,03,30009
07.17.2002-06:00:00,07,17,2002,06,29797
07.17.2002-09:00:00,07,17,2002,09,29014
07.17.2002-12:00:00,07,17,2002,12,28354
07.17.2002-15:00:00,07,17,2002,15,28113
07.17.2002-18:00:00,07,17,2002,18,28088
07.17.2002-21:00:00,07,17,2002,21,28213
07.18.2002-00:00:00,07,18,2002,00,28461
07.18.2002-03:00:00,07,18,2002,03,28690
07.18.2002-06:00:00,07,18,2002,06,28460
07.18.2002-09:00:00,07,18,2002,09,27664
07.18.2002-12:00:00,07,18,2002,12,26980
07.18.2002-15:00:00,07,18,2002,15,26734
07.18.2002-18:00:00,07,18,2002,18,26688
07.18.2002-21:00:00,07,18,2002,21,26831
07.19.2002-00:00:00,07,19,2002,00,27081
07.19.2002-03:00:00,07,19,2002,03,27366
07.19.2002-06:00:00,07,19,2002,06,27278
07.19.2002-09:00:00,07,19,2002,09,26633
07.19.2002-12:00:00,07,19,2002,12,26057
07.19.2002-15:00:00,07,19,2002,15,25881
07.19.2002-18:00:00,07,19,2002,18,25925
07.19.2002-21:00:00,07,19,2002,21,26079
07.20.2002-00:00:00,07,20,2002,00,26342
07.20.2002-03:00:00,07,20,2002,03,26649
07.20.2002-06:00:00,07,20,2002,06,26514
07.20.2002-09:00:00,07,20,2002,09,25756
07.20.2002-12:00:00,07,20,2002,12,25105
07.20.2002-15:00:00,07,20,2002,15,24872
07.20.2002-18:00:00,07,20,2002,18,24857
07.20.2002-21:00:00,07,20,2002,21,24983
07.21.2002-00:00:00,07,21,2002,00,25201
07.21.2002-03:00:00,07,21,2002,03,25461
07.21.2002-06:00:00,07,21,2002,06,25296
07.21.2002-09:00:00,07,21,2002,09,24559
07.21.2002-12:00:00,07,21,2002,12,23943
07.21.2002-15:00:00,07,21,2002,15,23704
07.21.2002-18:00:00,07,21,2002,18,23688
07.21.2002-21:00:00,07,21,2002,21,23837
07.22.2002-00:00:00,07,22,2002,00,24077
07.22.2002-03:00:00,07,22,2002,03,24377
07.22.2002-06:00:00,07,22,2002,06,24243
07.22.2002-09:00:00,07,22,2002,09,23559
07.22.2002-12:00:00,07,22,2002,12,23029
07.22.2002-15:00:00,07,22,2002,15,22828
07.22.2002-18:00:00,07,22,2002,18,22835
07.22.2002-21:00:00,07,22,2002,21,22971
07.23.2002-00:00:00,07,23,2002,00,23210
07.23.2002-03:00:00,07,23,2002,03,23496
07.23.2002-06:00:00,07,23,2002,06,23339
07.23.2002-09:00:00,07,23,2002,09,22702
07.23.2002-12:00:00,07,23,2002,12,22284
07.23.2002-15:00:00,07,23,2002,15,22098
07.23.2002-18:00:00,07,23,2002,18,22079
07.23.2002-21:00:00,07,23,2002,21,22210
07.24.2002-00:00:00,07,24,2002,00,22433
07.24.2002-03:00:00,07,24,2002,03,22652
07.24.2002-06:00:00,07,24,2002,06,22443
07.24.2002-09:00:00,07,24,2002,09,21813
07.24.2002-12:00:00,07,24,2002,12,21347
07.24.2002-15:00:00,07,24,2002,15,21136
07.24.2002-18:00:00,07,24,2002,18,21086
07.24.2002-21:00:00,07,24,2002,21,21209
07.25.2002-00:00:00,07,25,2002,00,21406
07.25.2002-03:00:00,07,25,2002,03,21613
07.25.2002-06:00:00,07,25,2002,06,21535
07.25.2002-09:00:00,07,25,2002,09,21184
07.25.2002-12:00:00,07,25,2002,12,20879
07.25.2002-15:00:00,07,25,2002,15,20764
07.25.2002-18:00:00,07,25,2002,18,20794
07.25.2002-21:00:00,07,25,2002,21,20952
07.26.2002-00:00:00,07,26,2002,00,21201
07.26.2002-03:00:00,07,26,2002,03,21392
07.26.2002-06:00:00,07,26,2002,06,21254
07.26.2002-09:00:00,07,26,2002,09,20718
07.26.2002-12:00:00,07,26,2002,12,20224
07.26.2002-15:00:00,07,26,2002,15,19980
07.26.2002-18:00:00,07,26,2002,18,19933
07.26.2002-21:00:00,07,26,2002,21,20046
07.27.2002-00:00:00,07,27,2002,00,20255
07.27.2002-03:00:00,07,27,2002,03,20513
07.27.2002-06:00:00,07,27,2002,06,20507
07.27.2002-09:00:00,07,27,2002,09,20156
07.27.2002-12:00:00,07,27,2002,12,19805
07.27.2002-15:00:00,07,27,2002,15,19687
07.27.2002-18:00:00,07,27,2002,18,19743
07.27.2002-21:00:00,07,27,2002,21,19883
07.28.2002-00:00:00,07,28,2002,00,20088
07.28.2002-03:00:00,07,28,2002,03,20291
07.28.2002-06:00:00,07,28,2002,06,20423
07.28.2002-09:00:00,07,28,2002,09,20380
07.28.2002-12:00:00,07,28,2002,12,20336
07.28.2002-15:00:00,07,28,2002,15,20343
07.28.2002-18:00:00,07,28,2002,18,20403
07.28.2002-21:00:00,07,28,2002,21,20569
07.29.2002-00:00:00,07,29,2002,00,20762
07.29.2002-03:00:00,07,29,2002,03,20894
07.29.2002-06:00:00,07,29,2002,06,20921
07.29.2002-09:00:00,07,29,2002,09,20819
07.29.2002-12:00:00,07,29,2002,12,20688
07.29.2002-15:00:00,07,29,2002,15,20586
07.29.2002-18:00:00,07,29,2002,18,20565
07.29.2002-21:00:00,07,29,2002,21,20645
07.30.2002-00:00:00,07,30,2002,00,20794
07.30.2002-03:00:00,07,30,2002,03,20865
07.30.2002-06:00:00,07,30,2002,06,20672
07.30.2002-09:00:00,07,30,2002,09,20156
07.30.2002-12:00:00,07,30,2002,12,19613
07.30.2002-15:00:00,07,30,2002,15,19301
07.30.2002-18:00:00,07,30,2002,18,19134
07.30.2002-21:00:00,07,30,2002,21,19131
07.31.2002-00:00:00,07,31,2002,00,19238
07.31.2002-03:00:00,07,31,2002,03,19400
07.31.2002-06:00:00,07,31,2002,06,19300
07.31.2002-09:00:00,07,31,2002,09,18786
07.31.2002-12:00:00,07,31,2002,12,18269
07.31.2002-15:00:00,07,31,2002,15,18020
07.31.2002-18:00:00,07,31,2002,18,17945
07.31.2002-21:00:00,07,31,2002,21,17982
08.01.2002-00:00:00,08,01,2002,00,18136
08.01.2002-03:00:00,08,01,2002,03,18346
08.01.2002-06:00:00,08,01,2002,06,18412
08.01.2002-09:00:00,08,01,2002,09,17990
08.01.2002-12:00:00,08,01,2002,12,17538
08.01.2002-15:00:00,08,01,2002,15,17417
08.01.2002-18:00:00,08,01,2002,18,17337
08.01.2002-21:00:00,08,01,2002,21,17386
08.02.2002-00:00:00,08,02,2002,00,17494
08.02.2002-03:00:00,08,02,2002,03,17644
08.02.2002-06:00:00,08,02,2002,06,17636
08.02.2002-09:00:00,08,02,2002,09,17249
08.02.2002-12:00:00,08,02,2002,12,16819
08.02.2002-15:00:00,08,02,2002,15,16690
08.02.2002-18:00:00,08,02,2002,18,16603
08.02.2002-21:00:00,08,02,2002,21,16677
08.03.2002-00:00:00,08,03,2002,00,16821
08.03.2002-03:00:00,08,03,2002,03,17082
08.03.2002-06:00:00,08,03,2002,06,17209
08.03.2002-09:00:00,08,03,2002,09,16917
08.03.2002-12:00:00,08,03,2002,12,16575
08.03.2002-15:00:00,08,03,2002,15,16512
08.03.2002-18:00:00,08,03,2002,18,16504
08.03.2002-21:00:00,08,03,2002,21,16580
08.04.2002-00:00:00,08,04,2002,00,16704
08.04.2002-03:00:00,08,04,2002,03,16828
08.04.2002-06:00:00,08,04,2002,06,16830
08.04.2002-09:00:00,08,04,2002,09,16496
08.04.2002-12:00:00,08,04,2002,12,16134
08.04.2002-15:00:00,08,04,2002,15,16004
08.04.2002-18:00:00,08,04,2002,18,15932
08.04.2002-21:00:00,08,04,2002,21,15977
08.05.2002-00:00:00,08,05,2002,00,16138
08.05.2002-03:00:00,08,05,2002,03,16385
08.05.2002-06:00:00,08,05,2002,06,16535
08.05.2002-09:00:00,08,05,2002,09,16263
08.05.2002-12:00:00,08,05,2002,12,15970
08.05.2002-15:00:00,08,05,2002,15,15899
08.05.2002-18:00:00,08,05,2002,18,15897
08.05.2002-21:00:00,08,05,2002,21,15946
08.06.2002-00:00:00,08,06,2002,00,16065
08.06.2002-03:00:00,08,06,2002,03,16235
08.06.2002-06:00:00,08,06,2002,06,16329
08.06.2002-09:00:00,08,06,2002,09,16216
08.06.2002-12:00:00,08,06,2002,12,15993
08.06.2002-15:00:00,08,06,2002,15,15941
08.06.2002-18:00:00,08,06,2002,18,15958
08.06.2002-21:00:00,08,06,2002,21,16081
08.07.2002-00:00:00,08,07,2002,00,16207
08.07.2002-03:00:00,08,07,2002,03,16375
08.07.2002-06:00:00,08,07,2002,06,16378
08.07.2002-09:00:00,08,07,2002,09,16045
08.07.2002-12:00:00,08,07,2002,12,15608
08.07.2002-15:00:00,08,07,2002,15,15392
08.07.2002-18:00:00,08,07,2002,18,15254
08.07.2002-21:00:00,08,07,2002,21,15200
08.08.2002-00:00:00,08,08,2002,00,15226
08.08.2002-03:00:00,08,08,2002,03,15307
08.08.2002-06:00:00,08,08,2002,06,15218
08.08.2002-09:00:00,08,08,2002,09,14802
08.08.2002-12:00:00,08,08,2002,12,14350
08.08.2002-15:00:00,08,08,2002,15,14154
08.08.2002-18:00:00,08,08,2002,18,14013
08.08.2002-21:00:00,08,08,2002,21,13977
08.09.2002-00:00:00,08,09,2002,00,14041
08.09.2002-03:00:00,08,09,2002,03,14127
08.09.2002-06:00:00,08,09,2002,06,14092
08.09.2002-09:00:00,08,09,2002,09,13788
08.09.2002-12:00:00,08,09,2002,12,13470
08.09.2002-15:00:00,08,09,2002,15,13353
08.09.2002-18:00:00,08,09,2002,18,13275
08.09.2002-21:00:00,08,09,2002,21,13316
08.10.2002-00:00:00,08,10,2002,00,13444
08.10.2002-03:00:00,08,10,2002,03,13543
08.10.2002-06:00:00,08,10,2002,06,13534
08.10.2002-09:00:00,08,10,2002,09,13276
08.10.2002-12:00:00,08,10,2002,12,12995
08.10.2002-15:00:00,08,10,2002,15,12908
08.10.2002-18:00:00,08,10,2002,18,12866
08.10.2002-21:00:00,08,10,2002,21,12920
08.11.2002-00:00:00,08,11,2002,00,13057
08.11.2002-03:00:00,08,11,2002,03,13193
08.11.2002-06:00:00,08,11,2002,06,13209
08.11.2002-09:00:00,08,11,2002,09,12915
08.11.2002-12:00:00,08,11,2002,12,12614
08.11.2002-15:00:00,08,11,2002,15,12520
08.11.2002-18:00:00,08,11,2002,18,12479
08.11.2002-21:00:00,08,11,2002,21,12506
08.12.2002-00:00:00,08,12,2002,00,12615
08.12.2002-03:00:00,08,12,2002,03,12739
08.12.2002-06:00:00,08,12,2002,06,12726
08.12.2002-09:00:00,08,12,2002,09,12424
08.12.2002-12:00:00,08,12,2002,12,12133
08.12.2002-15:00:00,08,12,2002,15,12026
08.12.2002-18:00:00,08,12,2002,18,11960
08.12.2002-21:00:00,08,12,2002,21,12001
08.13.2002-00:00:00,08,13,2002,00,12111
08.13.2002-03:00:00,08,13,2002,03,12229
08.13.2002-06:00:00,08,13,2002,06,12196
08.13.2002-09:00:00,08,13,2002,09,11926
08.13.2002-12:00:00,08,13,2002,12,11779
08.13.2002-15:00:00,08,13,2002,15,11706
08.13.2002-18:00:00,08,13,2002,18,11633
08.13.2002-21:00:00,08,13,2002,21,11694
08.14.2002-00:00:00,08,14,2002,00,11827
08.14.2002-03:00:00,08,14,2002,03,11928
08.14.2002-06:00:00,08,14,2002,06,11899
08.14.2002-09:00:00,08,14,2002,09,11665
08.14.2002-12:00:00,08,14,2002,12,11439
08.14.2002-15:00:00,08,14,2002,15,11342
08.14.2002-18:00:00,08,14,2002,18,11290
08.14.2002-21:00:00,08,14,2002,21,11348
08.15.2002-00:00:00,08,15,2002,00,11488
08.15.2002-03:00:00,08,15,2002,03,11632
08.15.2002-06:00:00,08,15,2002,06,11640
08.15.2002-09:00:00,08,15,2002,09,11380
08.15.2002-12:00:00,08,15,2002,12,11113
08.15.2002-15:00:00,08,15,2002,15,11021
08.15.2002-18:00:00,08,15,2002,18,10977
08.15.2002-21:00:00,08,15,2002,21,11013
08.16.2002-00:00:00,08,16,2002,00,11117
08.16.2002-03:00:00,08,16,2002,03,11236
08.16.2002-06:00:00,08,16,2002,06,11242
08.16.2002-09:00:00,08,16,2002,09,10984
08.16.2002-12:00:00,08,16,2002,12,10731
08.16.2002-15:00:00,08,16,2002,15,10639
08.16.2002-18:00:00,08,16,2002,18,10603
08.16.2002-21:00:00,08,16,2002,21,10659
08.17.2002-00:00:00,08,17,2002,00,10781
08.17.2002-03:00:00,08,17,2002,03,10969
08.17.2002-06:00:00,08,17,2002,06,11083
08.17.2002-09:00:00,08,17,2002,09,10878
08.17.2002-12:00:00,08,17,2002,12,10654
08.17.2002-15:00:00,08,17,2002,15,10617
08.17.2002-18:00:00,08,17,2002,18,10630
08.17.2002-21:00:00,08,17,2002,21,10686
08.18.2002-00:00:00,08,18,2002,00,10787
08.18.2002-03:00:00,08,18,2002,03,10925
08.18.2002-06:00:00,08,18,2002,06,10970
08.18.2002-09:00:00,08,18,2002,09,10735
08.18.2002-12:00:00,08,18,2002,12,10486
08.18.2002-15:00:00,08,18,2002,15,10405
08.18.2002-18:00:00,08,18,2002,18,10369
08.18.2002-21:00:00,08,18,2002,21,10398
08.19.2002-00:00:00,08,19,2002,00,10471
08.19.2002-03:00:00,08,19,2002,03,10582
08.19.2002-06:00:00,08,19,2002,06,10640
08.19.2002-09:00:00,08,19,2002,09,10504
08.19.2002-12:00:00,08,19,2002,12,10353
08.19.2002-15:00:00,08,19,2002,15,10322
08.19.2002-18:00:00,08,19,2002,18,10334
08.19.2002-21:00:00,08,19,2002,21,10399
08.20.2002-00:00:00,08,20,2002,00,10499
08.20.2002-03:00:00,08,20,2002,03,10607
08.20.2002-06:00:00,08,20,2002,06,10621
08.20.2002-09:00:00,08,20,2002,09,10428
08.20.2002-12:00:00,08,20,2002,12,10212
08.20.2002-15:00:00,08,20,2002,15,10118
08.20.2002-18:00:00,08,20,2002,18,10082
08.20.2002-21:00:00,08,20,2002,21,10113
08.21.2002-00:00:00,08,21,2002,00,10186
08.21.2002-03:00:00,08,21,2002,03,10272
08.21.2002-06:00:00,08,21,2002,06,10277
08.21.2002-09:00:00,08,21,2002,09,10077
08.21.2002-12:00:00,08,21,2002,12,9859.1
08.21.2002-15:00:00,08,21,2002,15,9769.5
08.21.2002-18:00:00,08,21,2002,18,9723.8
08.21.2002-21:00:00,08,21,2002,21,9752.5
08.22.2002-00:00:00,08,22,2002,00,9835.4
08.22.2002-03:00:00,08,22,2002,03,9927.7
08.22.2002-06:00:00,08,22,2002,06,9937.8
08.22.2002-09:00:00,08,22,2002,09,9740.6
08.22.2002-12:00:00,08,22,2002,12,9527.6
08.22.2002-15:00:00,08,22,2002,15,9455.6
08.22.2002-18:00:00,08,22,2002,18,9408.9
08.22.2002-21:00:00,08,22,2002,21,9440.2
08.23.2002-00:00:00,08,23,2002,00,9527.6
08.23.2002-03:00:00,08,23,2002,03,9626.3
08.23.2002-06:00:00,08,23,2002,06,9628.2
08.23.2002-09:00:00,08,23,2002,09,9408.5
08.23.2002-12:00:00,08,23,2002,12,9184.3
08.23.2002-15:00:00,08,23,2002,15,9100.5
08.23.2002-18:00:00,08,23,2002,18,9052.6
08.23.2002-21:00:00,08,23,2002,21,9072.9
08.24.2002-00:00:00,08,24,2002,00,9147.7
08.24.2002-03:00:00,08,24,2002,03,9260.7
08.24.2002-06:00:00,08,24,2002,06,9286.7
08.24.2002-09:00:00,08,24,2002,09,9100.1
08.24.2002-12:00:00,08,24,2002,12,8913.9
08.24.2002-15:00:00,08,24,2002,15,8865
08.24.2002-18:00:00,08,24,2002,18,8847
08.24.2002-21:00:00,08,24,2002,21,8881
08.25.2002-00:00:00,08,25,2002,00,9126
08.25.2002-03:00:00,08,25,2002,03,9559.1
08.25.2002-06:00:00,08,25,2002,06,9965.6
08.25.2002-09:00:00,08,25,2002,09,10213
08.25.2002-12:00:00,08,25,2002,12,10349
08.25.2002-15:00:00,08,25,2002,15,10587
08.25.2002-18:00:00,08,25,2002,18,10943
08.25.2002-21:00:00,08,25,2002,21,11321
08.26.2002-00:00:00,08,26,2002,00,11459
08.26.2002-03:00:00,08,26,2002,03,11515
08.26.2002-06:00:00,08,26,2002,06,11526
08.26.2002-09:00:00,08,26,2002,09,11306
08.26.2002-12:00:00,08,26,2002,12,10966
08.26.2002-15:00:00,08,26,2002,15,10654
08.26.2002-18:00:00,08,26,2002,18,10442
08.26.2002-21:00:00,08,26,2002,21,10327
08.27.2002-00:00:00,08,27,2002,00,10182
08.27.2002-03:00:00,08,27,2002,03,10071
08.27.2002-06:00:00,08,27,2002,06,9904
08.27.2002-09:00:00,08,27,2002,09,9584.8
08.27.2002-12:00:00,08,27,2002,12,9247.6
08.27.2002-15:00:00,08,27,2002,15,9006.2
08.27.2002-18:00:00,08,27,2002,18,8822.4
08.27.2002-21:00:00,08,27,2002,21,8736.3
08.28.2002-00:00:00,08,28,2002,00,8713.9
08.28.2002-03:00:00,08,28,2002,03,8744.1
08.28.2002-06:00:00,08,28,2002,06,8719
08.28.2002-09:00:00,08,28,2002,09,8513.5
08.28.2002-12:00:00,08,28,2002,12,8316.1
08.28.2002-15:00:00,08,28,2002,15,8251.8
08.28.2002-18:00:00,08,28,2002,18,8220.1
08.28.2002-21:00:00,08,28,2002,21,8241.5
08.29.2002-00:00:00,08,29,2002,00,8299.1
08.29.2002-03:00:00,08,29,2002,03,8390.2
08.29.2002-06:00:00,08,29,2002,06,8421.1
08.29.2002-09:00:00,08,29,2002,09,8303
08.29.2002-12:00:00,08,29,2002,12,8172.6
08.29.2002-15:00:00,08,29,2002,15,8141.1
08.29.2002-18:00:00,08,29,2002,18,8137.6
08.29.2002-21:00:00,08,29,2002,21,8174.8
08.30.2002-00:00:00,08,30,2002,00,8253.6
08.30.2002-03:00:00,08,30,2002,03,8352
08.30.2002-06:00:00,08,30,2002,06,8373.7
08.30.2002-09:00:00,08,30,2002,09,8233.4
08.30.2002-12:00:00,08,30,2002,12,8068.4
08.30.2002-15:00:00,08,30,2002,15,8005.9
08.30.2002-18:00:00,08,30,2002,18,7976.1
08.30.2002-21:00:00,08,30,2002,21,7994.6
08.31.2002-00:00:00,08,31,2002,00,8058.7
08.31.2002-03:00:00,08,31,2002,03,8163.1
08.31.2002-06:00:00,08,31,2002,06,8217.3
08.31.2002-09:00:00,08,31,2002,09,8131.9
08.31.2002-12:00:00,08,31,2002,12,8009.1
08.31.2002-15:00:00,08,31,2002,15,7975.4
08.31.2002-18:00:00,08,31,2002,18,7971
08.31.2002-21:00:00,08,31,2002,21,8005.3
09.01.2002-00:00:00,09,01,2002,00,8054.7
09.01.2002-03:00:00,09,01,2002,03,8119.4
09.01.2002-06:00:00,09,01,2002,06,8150.5
09.01.2002-09:00:00,09,01,2002,09,8114.2
09.01.2002-12:00:00,09,01,2002,12,8055
09.01.2002-15:00:00,09,01,2002,15,8024
09.01.2002-18:00:00,09,01,2002,18,8031.9
09.01.2002-21:00:00,09,01,2002,21,8081.5
09.02.2002-00:00:00,09,02,2002,00,8164
09.02.2002-03:00:00,09,02,2002,03,8257.2
09.02.2002-06:00:00,09,02,2002,06,8264.7
09.02.2002-09:00:00,09,02,2002,09,8128.5
09.02.2002-12:00:00,09,02,2002,12,7947.8
09.02.2002-15:00:00,09,02,2002,15,7864.6
09.02.2002-18:00:00,09,02,2002,18,7837.3
09.02.2002-21:00:00,09,02,2002,21,7825
09.03.2002-00:00:00,09,03,2002,00,7843.3
09.03.2002-03:00:00,09,03,2002,03,7910
09.03.2002-06:00:00,09,03,2002,06,7938.1
09.03.2002-09:00:00,09,03,2002,09,7853
09.03.2002-12:00:00,09,03,2002,12,7726.6
09.03.2002-15:00:00,09,03,2002,15,7690.2
09.03.2002-18:00:00,09,03,2002,18,7699.2
09.03.2002-21:00:00,09,03,2002,21,7718.7
09.04.2002-00:00:00,09,04,2002,00,7769
09.04.2002-03:00:00,09,04,2002,03,7868
09.04.2002-06:00:00,09,04,2002,06,7927.8
09.04.2002-09:00:00,09,04,2002,09,7835.9
09.04.2002-12:00:00,09,04,2002,12,7687.3
09.04.2002-15:00:00,09,04,2002,15,7640.1
09.04.2002-18:00:00,09,04,2002,18,7649.9
09.04.2002-21:00:00,09,04,2002,21,7656.1
09.05.2002-00:00:00,09,05,2002,00,7689.6
09.05.2002-03:00:00,09,05,2002,03,7777.5
09.05.2002-06:00:00,09,05,2002,06,7887.8
09.05.2002-09:00:00,09,05,2002,09,7825.8
09.05.2002-12:00:00,09,05,2002,12,7686.6
09.05.2002-15:00:00,09,05,2002,15,7649.3
09.05.2002-18:00:00,09,05,2002,18,7675.4
09.05.2002-21:00:00,09,05,2002,21,7687.5
09.06.2002-00:00:00,09,06,2002,00,7702
09.06.2002-03:00:00,09,06,2002,03,7764.8
09.06.2002-06:00:00,09,06,2002,06,7819.8
09.06.2002-09:00:00,09,06,2002,09,7730.6
09.06.2002-12:00:00,09,06,2002,12,7575.1
09.06.2002-15:00:00,09,06,2002,15,7517.2
09.06.2002-18:00:00,09,06,2002,18,7519.1
09.06.2002-21:00:00,09,06,2002,21,7517.5
09.07.2002-00:00:00,09,07,2002,00,7535.8
09.07.2002-03:00:00,09,07,2002,03,7611.2
09.07.2002-06:00:00,09,07,2002,06,7758.6
09.07.2002-09:00:00,09,07,2002,09,7880
09.07.2002-12:00:00,09,07,2002,12,7844
09.07.2002-15:00:00,09,07,2002,15,7838
09.07.2002-18:00:00,09,07,2002,18,7920.1
09.07.2002-21:00:00,09,07,2002,21,8001.2
09.08.2002-00:00:00,09,08,2002,00,8017.2
09.08.2002-03:00:00,09,08,2002,03,8041.5
09.08.2002-06:00:00,09,08,2002,06,8087.2
09.08.2002-09:00:00,09,08,2002,09,8031.4
09.08.2002-12:00:00,09,08,2002,12,7902.2
09.08.2002-15:00:00,09,08,2002,15,7812.3
09.08.2002-18:00:00,09,08,2002,18,7780.9
09.08.2002-21:00:00,09,08,2002,21,7758.1
09.09.2002-00:00:00,09,09,2002,00,7742.6
09.09.2002-03:00:00,09,09,2002,03,7752.6
09.09.2002-06:00:00,09,09,2002,06,7712.8
09.09.2002-09:00:00,09,09,2002,09,7544
09.09.2002-12:00:00,09,09,2002,12,7330.8
09.09.2002-15:00:00,09,09,2002,15,7216.3
09.09.2002-18:00:00,09,09,2002,18,7161.3
09.09.2002-21:00:00,09,09,2002,21,7116.1
09.10.2002-00:00:00,09,10,2002,00,7095.8
09.10.2002-03:00:00,09,10,2002,03,7132.1
09.10.2002-06:00:00,09,10,2002,06,7153.2
09.10.2002-09:00:00,09,10,2002,09,7040.2
09.10.2002-12:00:00,09,10,2002,12,6884.7
09.10.2002-15:00:00,09,10,2002,15,6827.6
09.10.2002-18:00:00,09,10,2002,18,6832.5
09.10.2002-21:00:00,09,10,2002,21,6828.5
09.11.2002-00:00:00,09,11,2002,00,6836.4
09.11.2002-03:00:00,09,11,2002,03,6886.7
09.11.2002-06:00:00,09,11,2002,06,6905.7
09.11.2002-09:00:00,09,11,2002,09,6797.2
09.11.2002-12:00:00,09,11,2002,12,6653.4
09.11.2002-15:00:00,09,11,2002,15,6599.9
09.11.2002-18:00:00,09,11,2002,18,6609.8
09.11.2002-21:00:00,09,11,2002,21,6615.7
09.12.2002-00:00:00,09,12,2002,00,6625.5
09.12.2002-03:00:00,09,12,2002,03,6680.6
09.12.2002-06:00:00,09,12,2002,06,6705.7
09.12.2002-09:00:00,09,12,2002,09,6605.3
09.12.2002-12:00:00,09,12,2002,12,6477.3
09.12.2002-15:00:00,09,12,2002,15,6437.1
09.12.2002-18:00:00,09,12,2002,18,6456.8
09.12.2002-21:00:00,09,12,2002,21,6468.5
09.13.2002-00:00:00,09,13,2002,00,6478
09.13.2002-03:00:00,09,13,2002,03,6527.7
09.13.2002-06:00:00,09,13,2002,06,6538.3
09.13.2002-09:00:00,09,13,2002,09,6431.2
09.13.2002-12:00:00,09,13,2002,12,6299.8
09.13.2002-15:00:00,09,13,2002,15,6251.3
09.13.2002-18:00:00,09,13,2002,18,6267.8
09.13.2002-21:00:00,09,13,2002,21,6282.2
09.14.2002-00:00:00,09,14,2002,00,6296
09.14.2002-03:00:00,09,14,2002,03,6353.3
09.14.2002-06:00:00,09,14,2002,06,6390.4
09.14.2002-09:00:00,09,14,2002,09,6307.1
09.14.2002-12:00:00,09,14,2002,12,6192.6
09.14.2002-15:00:00,09,14,2002,15,6161.4
09.14.2002-18:00:00,09,14,2002,18,6192.9
09.14.2002-21:00:00,09,14,2002,21,6217.1
09.15.2002-00:00:00,09,15,2002,00,6235.7
09.15.2002-03:00:00,09,15,2002,03,6288.7
09.15.2002-06:00:00,09,15,2002,06,6320
09.15.2002-09:00:00,09,15,2002,09,6250.8
09.15.2002-12:00:00,09,15,2002,12,6154.8
09.15.2002-15:00:00,09,15,2002,15,6133.4
09.15.2002-18:00:00,09,15,2002,18,6155
09.15.2002-21:00:00,09,15,2002,21,6175.1
09.16.2002-00:00:00,09,16,2002,00,6192.9
09.16.2002-03:00:00,09,16,2002,03,6245.3
09.16.2002-06:00:00,09,16,2002,06,6265.6
09.16.2002-09:00:00,09,16,2002,09,6202.6
09.16.2002-12:00:00,09,16,2002,12,6109.3
09.16.2002-15:00:00,09,16,2002,15,6077.3
09.16.2002-18:00:00,09,16,2002,18,6090.5
09.16.2002-21:00:00,09,16,2002,21,6108.7
09.17.2002-00:00:00,09,17,2002,00,6129.1
09.17.2002-03:00:00,09,17,2002,03,6180.9
09.17.2002-06:00:00,09,17,2002,06,6217.5
09.17.2002-09:00:00,09,17,2002,09,6184.8
09.17.2002-12:00:00,09,17,2002,12,6127.1
09.17.2002-15:00:00,09,17,2002,15,6114.5
09.17.2002-18:00:00,09,17,2002,18,6136.5
09.17.2002-21:00:00,09,17,2002,21,6159.2
09.18.2002-00:00:00,09,18,2002,00,6187.4
09.18.2002-03:00:00,09,18,2002,03,6240.9
09.18.2002-06:00:00,09,18,2002,06,6274.4
09.18.2002-09:00:00,09,18,2002,09,6207.7
09.18.2002-12:00:00,09,18,2002,12,6100.9
09.18.2002-15:00:00,09,18,2002,15,6066.1
09.18.2002-18:00:00,09,18,2002,18,6075
09.18.2002-21:00:00,09,18,2002,21,6079.6
09.19.2002-00:00:00,09,19,2002,00,6087.7
09.19.2002-03:00:00,09,19,2002,03,6130.7
09.19.2002-06:00:00,09,19,2002,06,6162.5
09.19.2002-09:00:00,09,19,2002,09,6079.1
09.19.2002-12:00:00,09,19,2002,12,5953.4
09.19.2002-15:00:00,09,19,2002,15,5907.9
09.19.2002-18:00:00,09,19,2002,18,5921.5
09.19.2002-21:00:00,09,19,2002,21,5926.6
09.20.2002-00:00:00,09,20,2002,00,5929.1
09.20.2002-03:00:00,09,20,2002,03,5967.4
09.20.2002-06:00:00,09,20,2002,06,6004.3
09.20.2002-09:00:00,09,20,2002,09,5935
09.20.2002-12:00:00,09,20,2002,12,5828.5
09.20.2002-15:00:00,09,20,2002,15,5805.1
09.20.2002-18:00:00,09,20,2002,18,5835.3
09.20.2002-21:00:00,09,20,2002,21,5852.5
09.21.2002-00:00:00,09,21,2002,00,5863.9
09.21.2002-03:00:00,09,21,2002,03,5909.8
09.21.2002-06:00:00,09,21,2002,06,5980.1
09.21.2002-09:00:00,09,21,2002,09,5924.8
09.21.2002-12:00:00,09,21,2002,12,5815.4
09.21.2002-15:00:00,09,21,2002,15,5787.7
09.21.2002-18:00:00,09,21,2002,18,5817.7
09.21.2002-21:00:00,09,21,2002,21,5830.7
09.22.2002-00:00:00,09,22,2002,00,5835.7
09.22.2002-03:00:00,09,22,2002,03,5868.4
09.22.2002-06:00:00,09,22,2002,06,5921.7
09.22.2002-09:00:00,09,22,2002,09,5845.3
09.22.2002-12:00:00,09,22,2002,12,5723.1
09.22.2002-15:00:00,09,22,2002,15,5677.6
09.22.2002-18:00:00,09,22,2002,18,5695.8
09.22.2002-21:00:00,09,22,2002,21,5700.5
09.23.2002-00:00:00,09,23,2002,00,5697.3
09.23.2002-03:00:00,09,23,2002,03,5724.1
09.23.2002-06:00:00,09,23,2002,06,5756.4
09.23.2002-09:00:00,09,23,2002,09,5672
09.23.2002-12:00:00,09,23,2002,12,5552.4
09.23.2002-15:00:00,09,23,2002,15,5510
09.23.2002-18:00:00,09,23,2002,18,5529.4
09.23.2002-21:00:00,09,23,2002,21,5540
09.24.2002-00:00:00,09,24,2002,00,5542.8
09.24.2002-03:00:00,09,24,2002,03,5576.5
09.24.2002-06:00:00,09,24,2002,06,5604
09.24.2002-09:00:00,09,24,2002,09,5550.2
09.24.2002-12:00:00,09,24,2002,12,5473
09.24.2002-15:00:00,09,24,2002,15,5453.6
09.24.2002-18:00:00,09,24,2002,18,5479.1
09.24.2002-21:00:00,09,24,2002,21,5500.1
09.25.2002-00:00:00,09,25,2002,00,5520.4
09.25.2002-03:00:00,09,25,2002,03,5565.9
09.25.2002-06:00:00,09,25,2002,06,5592.5
09.25.2002-09:00:00,09,25,2002,09,5511.2
09.25.2002-12:00:00,09,25,2002,12,5395.2
09.25.2002-15:00:00,09,25,2002,15,5346.3
09.25.2002-18:00:00,09,25,2002,18,5356.7
09.25.2002-21:00:00,09,25,2002,21,5364.4
09.26.2002-00:00:00,09,26,2002,00,5370.3
09.26.2002-03:00:00,09,26,2002,03,5407.1
09.26.2002-06:00:00,09,26,2002,06,5454
09.26.2002-09:00:00,09,26,2002,09,5436.5
09.26.2002-12:00:00,09,26,2002,12,5395.5
09.26.2002-15:00:00,09,26,2002,15,5398
09.26.2002-18:00:00,09,26,2002,18,5434.6
09.26.2002-21:00:00,09,26,2002,21,5462.1
09.27.2002-00:00:00,09,27,2002,00,5483.6
09.27.2002-03:00:00,09,27,2002,03,5524.4
09.27.2002-06:00:00,09,27,2002,06,5540.6
09.27.2002-09:00:00,09,27,2002,09,5460.6
09.27.2002-12:00:00,09,27,2002,12,5348.6
09.27.2002-15:00:00,09,27,2002,15,5301.1
09.27.2002-18:00:00,09,27,2002,18,5306.5
09.27.2002-21:00:00,09,27,2002,21,5305.1
09.28.2002-00:00:00,09,28,2002,00,5305.7
09.28.2002-03:00:00,09,28,2002,03,5337.5
09.28.2002-06:00:00,09,28,2002,06,5394.3
09.28.2002-09:00:00,09,28,2002,09,5343.5
09.28.2002-12:00:00,09,28,2002,12,5247.8
09.28.2002-15:00:00,09,28,2002,15,5218.1
09.28.2002-18:00:00,09,28,2002,18,5241.1
09.28.2002-21:00:00,09,28,2002,21,5250.9
09.29.2002-00:00:00,09,29,2002,00,5257.5
09.29.2002-03:00:00,09,29,2002,03,5287.3
09.29.2002-06:00:00,09,29,2002,06,5318.8
09.29.2002-09:00:00,09,29,2002,09,5299.5
09.29.2002-12:00:00,09,29,2002,12,5257.8
09.29.2002-15:00:00,09,29,2002,15,5247.9
09.29.2002-18:00:00,09,29,2002,18,5273.8
09.29.2002-21:00:00,09,29,2002,21,5294.7
09.30.2002-00:00:00,09,30,2002,00,5313.1
09.30.2002-03:00:00,09,30,2002,03,5348
09.30.2002-06:00:00,09,30,2002,06,5377.5
09.30.2002-09:00:00,09,30,2002,09,5348.4
09.30.2002-12:00:00,09,30,2002,12,5295.5
09.30.2002-15:00:00,09,30,2002,15,5282.4
09.30.2002-18:00:00,09,30,2002,18,5299
09.30.2002-21:00:00,09,30,2002,21,5311.8
