TIMESTAMP,MONTH,DAY,YEAR,HOUR,C
10.01.2001-00:00:00,10,01,2001,00,195.87
10.01.2001-03:00:00,10,01,2001,03,197.37
10.01.2001-06:00:00,10,01,2001,06,179.87
10.01.2001-09:00:00,10,01,2001,09,144.19
10.01.2001-12:00:00,10,01,2001,12,149.64
10.01.2001-15:00:00,10,01,2001,15,169.15
10.01.2001-18:00:00,10,01,2001,18,185.96
10.01.2001-21:00:00,10,01,2001,21,187.87
10.02.2001-00:00:00,10,02,2001,00,194.01
10.02.2001-03:00:00,10,02,2001,03,195.35
10.02.2001-06:00:00,10,02,2001,06,175.2
10.02.2001-09:00:00,10,02,2001,09,143.28
10.02.2001-12:00:00,10,02,2001,12,149.2
10.02.2001-15:00:00,10,02,2001,15,168.47
10.02.2001-18:00:00,10,02,2001,18,184.63
10.02.2001-21:00:00,10,02,2001,21,186.62
10.03.2001-00:00:00,10,03,2001,00,192.84
10.03.2001-03:00:00,10,03,2001,03,194
10.03.2001-06:00:00,10,03,2001,06,189.19
10.03.2001-09:00:00,10,03,2001,09,144.23
10.03.2001-12:00:00,10,03,2001,12,148.18
10.03.2001-15:00:00,10,03,2001,15,169.56
10.03.2001-18:00:00,10,03,2001,18,182.97
10.03.2001-21:00:00,10,03,2001,21,187.03
10.04.2001-00:00:00,10,04,2001,00,191.37
10.04.2001-03:00:00,10,04,2001,03,193.81
10.04.2001-06:00:00,10,04,2001,06,191.8
10.04.2001-09:00:00,10,04,2001,09,146.31
10.04.2001-12:00:00,10,04,2001,12,149.44
10.04.2001-15:00:00,10,04,2001,15,171.4
10.04.2001-18:00:00,10,04,2001,18,183.07
10.04.2001-21:00:00,10,04,2001,21,187.54
10.05.2001-00:00:00,10,05,2001,00,192.1
10.05.2001-03:00:00,10,05,2001,03,192.88
10.05.2001-06:00:00,10,05,2001,06,192.79
10.05.2001-09:00:00,10,05,2001,09,147.54
10.05.2001-12:00:00,10,05,2001,12,151.82
10.05.2001-15:00:00,10,05,2001,15,174.95
10.05.2001-18:00:00,10,05,2001,18,182.5
10.05.2001-21:00:00,10,05,2001,21,190.35
10.06.2001-00:00:00,10,06,2001,00,191.51
10.06.2001-03:00:00,10,06,2001,03,194.27
10.06.2001-06:00:00,10,06,2001,06,192.43
10.06.2001-09:00:00,10,06,2001,09,151.16
10.06.2001-12:00:00,10,06,2001,12,155.15
10.06.2001-15:00:00,10,06,2001,15,174.58
10.06.2001-18:00:00,10,06,2001,18,184.2
10.06.2001-21:00:00,10,06,2001,21,190.93
10.07.2001-00:00:00,10,07,2001,00,190.86
10.07.2001-03:00:00,10,07,2001,03,193.98
10.07.2001-06:00:00,10,07,2001,06,191.62
10.07.2001-09:00:00,10,07,2001,09,157.33
10.07.2001-12:00:00,10,07,2001,12,161.94
10.07.2001-15:00:00,10,07,2001,15,176.41
10.07.2001-18:00:00,10,07,2001,18,188.11
10.07.2001-21:00:00,10,07,2001,21,191.22
10.08.2001-00:00:00,10,08,2001,00,192.82
10.08.2001-03:00:00,10,08,2001,03,192.89
10.08.2001-06:00:00,10,08,2001,06,193.69
10.08.2001-09:00:00,10,08,2001,09,202.49
10.08.2001-12:00:00,10,08,2001,12,168.62
10.08.2001-15:00:00,10,08,2001,15,182.04
10.08.2001-18:00:00,10,08,2001,18,190.71
10.08.2001-21:00:00,10,08,2001,21,194.2
10.09.2001-00:00:00,10,09,2001,00,194.55
10.09.2001-03:00:00,10,09,2001,03,194.39
10.09.2001-06:00:00,10,09,2001,06,198.87
10.09.2001-09:00:00,10,09,2001,09,173.73
10.09.2001-12:00:00,10,09,2001,12,161.08
10.09.2001-15:00:00,10,09,2001,15,176.32
10.09.2001-18:00:00,10,09,2001,18,186.16
10.09.2001-21:00:00,10,09,2001,21,190.44
10.10.2001-00:00:00,10,10,2001,00,191.94
10.10.2001-03:00:00,10,10,2001,03,193.47
10.10.2001-06:00:00,10,10,2001,06,193.36
10.10.2001-09:00:00,10,10,2001,09,277.08
10.10.2001-12:00:00,10,10,2001,12,282.47
10.10.2001-15:00:00,10,10,2001,15,204.21
10.10.2001-18:00:00,10,10,2001,18,195.1
10.10.2001-21:00:00,10,10,2001,21,194.82
10.11.2001-00:00:00,10,11,2001,00,195.61
10.11.2001-03:00:00,10,11,2001,03,194.83
10.11.2001-06:00:00,10,11,2001,06,194.73
10.11.2001-09:00:00,10,11,2001,09,231.6
10.11.2001-12:00:00,10,11,2001,12,280.13
10.11.2001-15:00:00,10,11,2001,15,222.08
10.11.2001-18:00:00,10,11,2001,18,196.13
10.11.2001-21:00:00,10,11,2001,21,195
10.12.2001-00:00:00,10,12,2001,00,195.02
10.12.2001-03:00:00,10,12,2001,03,195
10.12.2001-06:00:00,10,12,2001,06,194.96
10.12.2001-09:00:00,10,12,2001,09,219.84
10.12.2001-12:00:00,10,12,2001,12,331.64
10.12.2001-15:00:00,10,12,2001,15,261.39
10.12.2001-18:00:00,10,12,2001,18,219.3
10.12.2001-21:00:00,10,12,2001,21,208.98
10.13.2001-00:00:00,10,13,2001,00,209.5
10.13.2001-03:00:00,10,13,2001,03,210.34
10.13.2001-06:00:00,10,13,2001,06,251.27
10.13.2001-09:00:00,10,13,2001,09,419.13
10.13.2001-12:00:00,10,13,2001,12,388.27
10.13.2001-15:00:00,10,13,2001,15,286.12
10.13.2001-18:00:00,10,13,2001,18,230.89
10.13.2001-21:00:00,10,13,2001,21,209.45
10.14.2001-00:00:00,10,14,2001,00,198.89
10.14.2001-03:00:00,10,14,2001,03,198.81
10.14.2001-06:00:00,10,14,2001,06,200.53
10.14.2001-09:00:00,10,14,2001,09,215.19
10.14.2001-12:00:00,10,14,2001,12,197.22
10.14.2001-15:00:00,10,14,2001,15,195.23
10.14.2001-18:00:00,10,14,2001,18,195.83
10.14.2001-21:00:00,10,14,2001,21,198.12
10.15.2001-00:00:00,10,15,2001,00,198.26
10.15.2001-03:00:00,10,15,2001,03,197.91
10.15.2001-06:00:00,10,15,2001,06,199.07
10.15.2001-09:00:00,10,15,2001,09,199.65
10.15.2001-12:00:00,10,15,2001,12,183.6
10.15.2001-15:00:00,10,15,2001,15,187.49
10.15.2001-18:00:00,10,15,2001,18,195.2
10.15.2001-21:00:00,10,15,2001,21,195.18
10.16.2001-00:00:00,10,16,2001,00,195.73
10.16.2001-03:00:00,10,16,2001,03,196.99
10.16.2001-06:00:00,10,16,2001,06,196.81
10.16.2001-09:00:00,10,16,2001,09,170.34
10.16.2001-12:00:00,10,16,2001,12,171.73
10.16.2001-15:00:00,10,16,2001,15,180.69
10.16.2001-18:00:00,10,16,2001,18,190.36
10.16.2001-21:00:00,10,16,2001,21,193.53
10.17.2001-00:00:00,10,17,2001,00,193.76
10.17.2001-03:00:00,10,17,2001,03,194.25
10.17.2001-06:00:00,10,17,2001,06,194.74
10.17.2001-09:00:00,10,17,2001,09,177.11
10.17.2001-12:00:00,10,17,2001,12,182.79
10.17.2001-15:00:00,10,17,2001,15,187.59
10.17.2001-18:00:00,10,17,2001,18,192.61
10.17.2001-21:00:00,10,17,2001,21,194.5
10.18.2001-00:00:00,10,18,2001,00,193.75
10.18.2001-03:00:00,10,18,2001,03,193.67
10.18.2001-06:00:00,10,18,2001,06,191.95
10.18.2001-09:00:00,10,18,2001,09,162.23
10.18.2001-12:00:00,10,18,2001,12,165.99
10.18.2001-15:00:00,10,18,2001,15,177.83
10.18.2001-18:00:00,10,18,2001,18,187.53
10.18.2001-21:00:00,10,18,2001,21,192.54
10.19.2001-00:00:00,10,19,2001,00,192.24
10.19.2001-03:00:00,10,19,2001,03,192.22
10.19.2001-06:00:00,10,19,2001,06,192.24
10.19.2001-09:00:00,10,19,2001,09,188.18
10.19.2001-12:00:00,10,19,2001,12,167.6
10.19.2001-15:00:00,10,19,2001,15,182.47
10.19.2001-18:00:00,10,19,2001,18,188.48
10.19.2001-21:00:00,10,19,2001,21,191.28
10.20.2001-00:00:00,10,20,2001,00,191.72
10.20.2001-03:00:00,10,20,2001,03,191.62
10.20.2001-06:00:00,10,20,2001,06,191.9
10.20.2001-09:00:00,10,20,2001,09,183.54
10.20.2001-12:00:00,10,20,2001,12,166.83
10.20.2001-15:00:00,10,20,2001,15,181.84
10.20.2001-18:00:00,10,20,2001,18,188.88
10.20.2001-21:00:00,10,20,2001,21,190.6
10.21.2001-00:00:00,10,21,2001,00,190.73
10.21.2001-03:00:00,10,21,2001,03,190.73
10.21.2001-06:00:00,10,21,2001,06,190.74
10.21.2001-09:00:00,10,21,2001,09,251.55
10.21.2001-12:00:00,10,21,2001,12,193.91
10.21.2001-15:00:00,10,21,2001,15,189.81
10.21.2001-18:00:00,10,21,2001,18,191.21
10.21.2001-21:00:00,10,21,2001,21,191.41
10.22.2001-00:00:00,10,22,2001,00,193.85
10.22.2001-03:00:00,10,22,2001,03,191.91
10.22.2001-06:00:00,10,22,2001,06,191.6
10.22.2001-09:00:00,10,22,2001,09,191.92
10.22.2001-12:00:00,10,22,2001,12,206.02
10.22.2001-15:00:00,10,22,2001,15,193.89
10.22.2001-18:00:00,10,22,2001,18,192.46
10.22.2001-21:00:00,10,22,2001,21,192.55
10.23.2001-00:00:00,10,23,2001,00,193.06
10.23.2001-03:00:00,10,23,2001,03,193.29
10.23.2001-06:00:00,10,23,2001,06,193.28
10.23.2001-09:00:00,10,23,2001,09,195.24
10.23.2001-12:00:00,10,23,2001,12,335.36
10.23.2001-15:00:00,10,23,2001,15,219.3
10.23.2001-18:00:00,10,23,2001,18,198.16
10.23.2001-21:00:00,10,23,2001,21,194.76
10.24.2001-00:00:00,10,24,2001,00,194.43
10.24.2001-03:00:00,10,24,2001,03,194.32
10.24.2001-06:00:00,10,24,2001,06,194.05
10.24.2001-09:00:00,10,24,2001,09,190.57
10.24.2001-12:00:00,10,24,2001,12,187.47
10.24.2001-15:00:00,10,24,2001,15,191.36
10.24.2001-18:00:00,10,24,2001,18,193.05
10.24.2001-21:00:00,10,24,2001,21,193.19
10.25.2001-00:00:00,10,25,2001,00,193.32
10.25.2001-03:00:00,10,25,2001,03,193.39
10.25.2001-06:00:00,10,25,2001,06,193.41
10.25.2001-09:00:00,10,25,2001,09,192.84
10.25.2001-12:00:00,10,25,2001,12,192.66
10.25.2001-15:00:00,10,25,2001,15,193.28
10.25.2001-18:00:00,10,25,2001,18,193.59
10.25.2001-21:00:00,10,25,2001,21,193.86
10.26.2001-00:00:00,10,26,2001,00,193.58
10.26.2001-03:00:00,10,26,2001,03,193.31
10.26.2001-06:00:00,10,26,2001,06,193.43
10.26.2001-09:00:00,10,26,2001,09,192.7
10.26.2001-12:00:00,10,26,2001,12,191.96
10.26.2001-15:00:00,10,26,2001,15,192.69
10.26.2001-18:00:00,10,26,2001,18,193.22
10.26.2001-21:00:00,10,26,2001,21,193.06
10.27.2001-00:00:00,10,27,2001,00,193.11
10.27.2001-03:00:00,10,27,2001,03,193.2
10.27.2001-06:00:00,10,27,2001,06,192.95
10.27.2001-09:00:00,10,27,2001,09,187.91
10.27.2001-12:00:00,10,27,2001,12,184.68
10.27.2001-15:00:00,10,27,2001,15,189.22
10.27.2001-18:00:00,10,27,2001,18,191.69
10.27.2001-21:00:00,10,27,2001,21,192.17
10.28.2001-00:00:00,10,28,2001,00,192.17
10.28.2001-03:00:00,10,28,2001,03,192.13
10.28.2001-06:00:00,10,28,2001,06,192.09
10.28.2001-09:00:00,10,28,2001,09,189.03
10.28.2001-12:00:00,10,28,2001,12,185.91
10.28.2001-15:00:00,10,28,2001,15,190.11
10.28.2001-18:00:00,10,28,2001,18,191.63
10.28.2001-21:00:00,10,28,2001,21,191.71
10.29.2001-00:00:00,10,29,2001,00,191.67
10.29.2001-03:00:00,10,29,2001,03,191.64
10.29.2001-06:00:00,10,29,2001,06,191.6
10.29.2001-09:00:00,10,29,2001,09,191.06
10.29.2001-12:00:00,10,29,2001,12,188.64
10.29.2001-15:00:00,10,29,2001,15,190.52
10.29.2001-18:00:00,10,29,2001,18,191.33
10.29.2001-21:00:00,10,29,2001,21,191.36
10.30.2001-00:00:00,10,30,2001,00,191.33
10.30.2001-03:00:00,10,30,2001,03,191.31
10.30.2001-06:00:00,10,30,2001,06,191.28
10.30.2001-09:00:00,10,30,2001,09,191.33
10.30.2001-12:00:00,10,30,2001,12,191.45
10.30.2001-15:00:00,10,30,2001,15,191.22
10.30.2001-18:00:00,10,30,2001,18,191.17
10.30.2001-21:00:00,10,30,2001,21,191.26
10.31.2001-00:00:00,10,31,2001,00,191.33
10.31.2001-03:00:00,10,31,2001,03,191.09
10.31.2001-06:00:00,10,31,2001,06,191.04
10.31.2001-09:00:00,10,31,2001,09,190.57
10.31.2001-12:00:00,10,31,2001,12,197.72
10.31.2001-15:00:00,10,31,2001,15,201.37
10.31.2001-18:00:00,10,31,2001,18,192.19
10.31.2001-21:00:00,10,31,2001,21,191.57
11.01.2001-00:00:00,11,01,2001,00,191.54
11.01.2001-03:00:00,11,01,2001,03,191.51
11.01.2001-06:00:00,11,01,2001,06,191.47
11.01.2001-09:00:00,11,01,2001,09,189.23
11.01.2001-12:00:00,11,01,2001,12,187.36
11.01.2001-15:00:00,11,01,2001,15,190.27
11.01.2001-18:00:00,11,01,2001,18,191.27
11.01.2001-21:00:00,11,01,2001,21,191.02
11.02.2001-00:00:00,11,02,2001,00,190.99
11.02.2001-03:00:00,11,02,2001,03,190.9
11.02.2001-06:00:00,11,02,2001,06,190.89
11.02.2001-09:00:00,11,02,2001,09,186.48
11.02.2001-12:00:00,11,02,2001,12,185.13
11.02.2001-15:00:00,11,02,2001,15,188.84
11.02.2001-18:00:00,11,02,2001,18,190.27
11.02.2001-21:00:00,11,02,2001,21,190.33
11.03.2001-00:00:00,11,03,2001,00,190.32
11.03.2001-03:00:00,11,03,2001,03,190.23
11.03.2001-06:00:00,11,03,2001,06,190.22
11.03.2001-09:00:00,11,03,2001,09,186.61
11.03.2001-12:00:00,11,03,2001,12,184.93
11.03.2001-15:00:00,11,03,2001,15,188.7
11.03.2001-18:00:00,11,03,2001,18,189.69
11.03.2001-21:00:00,11,03,2001,21,189.68
11.04.2001-00:00:00,11,04,2001,00,189.67
11.04.2001-03:00:00,11,04,2001,03,189.57
11.04.2001-06:00:00,11,04,2001,06,189.57
11.04.2001-09:00:00,11,04,2001,09,185.15
11.04.2001-12:00:00,11,04,2001,12,183.67
11.04.2001-15:00:00,11,04,2001,15,187.38
11.04.2001-18:00:00,11,04,2001,18,188.83
11.04.2001-21:00:00,11,04,2001,21,188.97
11.05.2001-00:00:00,11,05,2001,00,188.97
11.05.2001-03:00:00,11,05,2001,03,188.86
11.05.2001-06:00:00,11,05,2001,06,188.86
11.05.2001-09:00:00,11,05,2001,09,185.48
11.05.2001-12:00:00,11,05,2001,12,184.17
11.05.2001-15:00:00,11,05,2001,15,187.31
11.05.2001-18:00:00,11,05,2001,18,188.36
11.05.2001-21:00:00,11,05,2001,21,188.35
11.06.2001-00:00:00,11,06,2001,00,188.34
11.06.2001-03:00:00,11,06,2001,03,188.23
11.06.2001-06:00:00,11,06,2001,06,188.23
11.06.2001-09:00:00,11,06,2001,09,188.12
11.06.2001-12:00:00,11,06,2001,12,185.94
11.06.2001-15:00:00,11,06,2001,15,187.28
11.06.2001-18:00:00,11,06,2001,18,187.89
11.06.2001-21:00:00,11,06,2001,21,187.82
11.07.2001-00:00:00,11,07,2001,00,187.81
11.07.2001-03:00:00,11,07,2001,03,187.7
11.07.2001-06:00:00,11,07,2001,06,188.03
11.07.2001-09:00:00,11,07,2001,09,189.46
11.07.2001-12:00:00,11,07,2001,12,187.7
11.07.2001-15:00:00,11,07,2001,15,187.45
11.07.2001-18:00:00,11,07,2001,18,187.44
11.07.2001-21:00:00,11,07,2001,21,187.65
11.08.2001-00:00:00,11,08,2001,00,189.2
11.08.2001-03:00:00,11,08,2001,03,187.34
11.08.2001-06:00:00,11,08,2001,06,187.17
11.08.2001-09:00:00,11,08,2001,09,187.05
11.08.2001-12:00:00,11,08,2001,12,185.11
11.08.2001-15:00:00,11,08,2001,15,186.48
11.08.2001-18:00:00,11,08,2001,18,188.61
11.08.2001-21:00:00,11,08,2001,21,186.89
11.09.2001-00:00:00,11,09,2001,00,186.74
11.09.2001-03:00:00,11,09,2001,03,186.63
11.09.2001-06:00:00,11,09,2001,06,186.91
11.09.2001-09:00:00,11,09,2001,09,188.38
11.09.2001-12:00:00,11,09,2001,12,184.15
11.09.2001-15:00:00,11,09,2001,15,185.6
11.09.2001-18:00:00,11,09,2001,18,186.24
11.09.2001-21:00:00,11,09,2001,21,186.18
11.10.2001-00:00:00,11,10,2001,00,186.18
11.10.2001-03:00:00,11,10,2001,03,186.38
11.10.2001-06:00:00,11,10,2001,06,187.92
11.10.2001-09:00:00,11,10,2001,09,186.08
11.10.2001-12:00:00,11,10,2001,12,183.94
11.10.2001-15:00:00,11,10,2001,15,185.17
11.10.2001-18:00:00,11,10,2001,18,185.7
11.10.2001-21:00:00,11,10,2001,21,185.63
11.11.2001-00:00:00,11,11,2001,00,187.44
11.11.2001-03:00:00,11,11,2001,03,185.63
11.11.2001-06:00:00,11,11,2001,06,185.48
11.11.2001-09:00:00,11,11,2001,09,185.35
11.11.2001-12:00:00,11,11,2001,12,182.86
11.11.2001-15:00:00,11,11,2001,15,184.45
11.11.2001-18:00:00,11,11,2001,18,185.3
11.11.2001-21:00:00,11,11,2001,21,186.86
11.12.2001-00:00:00,11,12,2001,00,185.14
11.12.2001-03:00:00,11,12,2001,03,184.87
11.12.2001-06:00:00,11,12,2001,06,184.86
11.12.2001-09:00:00,11,12,2001,09,184.93
11.12.2001-12:00:00,11,12,2001,12,185.91
11.12.2001-15:00:00,11,12,2001,15,184.4
11.12.2001-18:00:00,11,12,2001,18,184.54
11.12.2001-21:00:00,11,12,2001,21,184.45
11.13.2001-00:00:00,11,13,2001,00,184.44
11.13.2001-03:00:00,11,13,2001,03,184.58
11.13.2001-06:00:00,11,13,2001,06,186.14
11.13.2001-09:00:00,11,13,2001,09,184.15
11.13.2001-12:00:00,11,13,2001,12,183.77
11.13.2001-15:00:00,11,13,2001,15,183.89
11.13.2001-18:00:00,11,13,2001,18,184.01
11.13.2001-21:00:00,11,13,2001,21,184.24
11.14.2001-00:00:00,11,14,2001,00,185.71
11.14.2001-03:00:00,11,14,2001,03,183.91
11.14.2001-06:00:00,11,14,2001,06,183.96
11.14.2001-09:00:00,11,14,2001,09,207.1
11.14.2001-12:00:00,11,14,2001,12,402.2
11.14.2001-15:00:00,11,14,2001,15,495.88
11.14.2001-18:00:00,11,14,2001,18,490.6
11.14.2001-21:00:00,11,14,2001,21,462.09
11.15.2001-00:00:00,11,15,2001,00,257.81
11.15.2001-03:00:00,11,15,2001,03,214.5
11.15.2001-06:00:00,11,15,2001,06,201.33
11.15.2001-09:00:00,11,15,2001,09,198
11.15.2001-12:00:00,11,15,2001,12,197.6
11.15.2001-15:00:00,11,15,2001,15,201.38
11.15.2001-18:00:00,11,15,2001,18,199.07
11.15.2001-21:00:00,11,15,2001,21,200.68
11.16.2001-00:00:00,11,16,2001,00,198.71
11.16.2001-03:00:00,11,16,2001,03,198.38
11.16.2001-06:00:00,11,16,2001,06,198.38
11.16.2001-09:00:00,11,16,2001,09,198.44
11.16.2001-12:00:00,11,16,2001,12,195.08
11.16.2001-15:00:00,11,16,2001,15,196.76
11.16.2001-18:00:00,11,16,2001,18,197.21
11.16.2001-21:00:00,11,16,2001,21,197.18
11.17.2001-00:00:00,11,17,2001,00,196.76
11.17.2001-03:00:00,11,17,2001,03,197.05
11.17.2001-06:00:00,11,17,2001,06,198.38
11.17.2001-09:00:00,11,17,2001,09,194.01
11.17.2001-12:00:00,11,17,2001,12,192.43
11.17.2001-15:00:00,11,17,2001,15,194.78
11.17.2001-18:00:00,11,17,2001,18,195.51
11.17.2001-21:00:00,11,17,2001,21,195.16
11.18.2001-00:00:00,11,18,2001,00,194.99
11.18.2001-03:00:00,11,18,2001,03,195.17
11.18.2001-06:00:00,11,18,2001,06,196.6
11.18.2001-09:00:00,11,18,2001,09,194.64
11.18.2001-12:00:00,11,18,2001,12,194.51
11.18.2001-15:00:00,11,18,2001,15,194.43
11.18.2001-18:00:00,11,18,2001,18,195.91
11.18.2001-21:00:00,11,18,2001,21,193.96
11.19.2001-00:00:00,11,19,2001,00,193.65
11.19.2001-03:00:00,11,19,2001,03,193.48
11.19.2001-06:00:00,11,19,2001,06,193.78
11.19.2001-09:00:00,11,19,2001,09,195.08
11.19.2001-12:00:00,11,19,2001,12,193.14
11.19.2001-15:00:00,11,19,2001,15,192.82
11.19.2001-18:00:00,11,19,2001,18,192.67
11.19.2001-21:00:00,11,19,2001,21,192.9
11.20.2001-00:00:00,11,20,2001,00,194.23
11.20.2001-03:00:00,11,20,2001,03,192.29
11.20.2001-06:00:00,11,20,2001,06,191.98
11.20.2001-09:00:00,11,20,2001,09,191.81
11.20.2001-12:00:00,11,20,2001,12,192.01
11.20.2001-15:00:00,11,20,2001,15,193.39
11.20.2001-18:00:00,11,20,2001,18,191.48
11.20.2001-21:00:00,11,20,2001,21,191.18
11.21.2001-00:00:00,11,21,2001,00,191.03
11.21.2001-03:00:00,11,21,2001,03,191.18
11.21.2001-06:00:00,11,21,2001,06,192.59
11.21.2001-09:00:00,11,21,2001,09,190.67
11.21.2001-12:00:00,11,21,2001,12,190.03
11.21.2001-15:00:00,11,21,2001,15,190.08
11.21.2001-18:00:00,11,21,2001,18,190.17
11.21.2001-21:00:00,11,21,2001,21,191.77
11.22.2001-00:00:00,11,22,2001,00,189.91
11.22.2001-03:00:00,11,22,2001,03,189.6
11.22.2001-06:00:00,11,22,2001,06,189.45
11.22.2001-09:00:00,11,22,2001,09,189.51
11.22.2001-12:00:00,11,22,2001,12,190.99
11.22.2001-15:00:00,11,22,2001,15,189.14
11.22.2001-18:00:00,11,22,2001,18,188.85
11.22.2001-21:00:00,11,22,2001,21,188.7
11.23.2001-00:00:00,11,23,2001,00,188.72
11.23.2001-03:00:00,11,23,2001,03,190.24
11.23.2001-06:00:00,11,23,2001,06,188.4
11.23.2001-09:00:00,11,23,2001,09,187.91
11.23.2001-12:00:00,11,23,2001,12,186.98
11.23.2001-15:00:00,11,23,2001,15,187.3
11.23.2001-18:00:00,11,23,2001,18,187.43
11.23.2001-21:00:00,11,23,2001,21,187.31
11.24.2001-00:00:00,11,24,2001,00,187.34
11.24.2001-03:00:00,11,24,2001,03,188.69
11.24.2001-06:00:00,11,24,2001,06,187.01
11.24.2001-09:00:00,11,24,2001,09,186.74
11.24.2001-12:00:00,11,24,2001,12,186.6
11.24.2001-15:00:00,11,24,2001,15,186.47
11.24.2001-18:00:00,11,24,2001,18,186.34
11.24.2001-21:00:00,11,24,2001,21,186.2
11.25.2001-00:00:00,11,25,2001,00,186.2
11.25.2001-03:00:00,11,25,2001,03,187.58
11.25.2001-06:00:00,11,25,2001,06,185.92
11.25.2001-09:00:00,11,25,2001,09,185.65
11.25.2001-12:00:00,11,25,2001,12,185.52
11.25.2001-15:00:00,11,25,2001,15,185.39
11.25.2001-18:00:00,11,25,2001,18,185.26
11.25.2001-21:00:00,11,25,2001,21,185.13
11.26.2001-00:00:00,11,26,2001,00,185.05
11.26.2001-03:00:00,11,26,2001,03,186.49
11.26.2001-06:00:00,11,26,2001,06,184.85
11.26.2001-09:00:00,11,26,2001,09,184.59
11.26.2001-12:00:00,11,26,2001,12,184.46
11.26.2001-15:00:00,11,26,2001,15,184.33
11.26.2001-18:00:00,11,26,2001,18,184.21
11.26.2001-21:00:00,11,26,2001,21,184.08
11.27.2001-00:00:00,11,27,2001,00,183.96
11.27.2001-03:00:00,11,27,2001,03,183.98
11.27.2001-06:00:00,11,27,2001,06,185.33
11.27.2001-09:00:00,11,27,2001,09,183.69
11.27.2001-12:00:00,11,27,2001,12,183.44
11.27.2001-15:00:00,11,27,2001,15,183.31
11.27.2001-18:00:00,11,27,2001,18,183.19
11.27.2001-21:00:00,11,27,2001,21,183.06
11.28.2001-00:00:00,11,28,2001,00,182.94
11.28.2001-03:00:00,11,28,2001,03,182.82
11.28.2001-06:00:00,11,28,2001,06,182.75
11.28.2001-09:00:00,11,28,2001,09,184.18
11.28.2001-12:00:00,11,28,2001,12,182.57
11.28.2001-15:00:00,11,28,2001,15,182.32
11.28.2001-18:00:00,11,28,2001,18,182.2
11.28.2001-21:00:00,11,28,2001,21,182.08
11.29.2001-00:00:00,11,29,2001,00,181.97
11.29.2001-03:00:00,11,29,2001,03,181.85
11.29.2001-06:00:00,11,29,2001,06,181.73
11.29.2001-09:00:00,11,29,2001,09,181.62
11.29.2001-12:00:00,11,29,2001,12,181.61
11.29.2001-15:00:00,11,29,2001,15,182.97
11.29.2001-18:00:00,11,29,2001,18,181.38
11.29.2001-21:00:00,11,29,2001,21,181.14
11.30.2001-00:00:00,11,30,2001,00,181.02
11.30.2001-03:00:00,11,30,2001,03,180.91
11.30.2001-06:00:00,11,30,2001,06,180.8
11.30.2001-09:00:00,11,30,2001,09,180.68
11.30.2001-12:00:00,11,30,2001,12,180.57
11.30.2001-15:00:00,11,30,2001,15,180.46
11.30.2001-18:00:00,11,30,2001,18,180.35
11.30.2001-21:00:00,11,30,2001,21,180.35
12.01.2001-00:00:00,12,01,2001,00,181.69
12.01.2001-03:00:00,12,01,2001,03,180.12
12.01.2001-06:00:00,12,01,2001,06,179.88
12.01.2001-09:00:00,12,01,2001,09,179.77
12.01.2001-12:00:00,12,01,2001,12,179.66
12.01.2001-15:00:00,12,01,2001,15,179.55
12.01.2001-18:00:00,12,01,2001,18,179.44
12.01.2001-21:00:00,12,01,2001,21,179.33
12.02.2001-00:00:00,12,02,2001,00,179.22
12.02.2001-03:00:00,12,02,2001,03,179.11
12.02.2001-06:00:00,12,02,2001,06,179
12.02.2001-09:00:00,12,02,2001,09,178.92
12.02.2001-12:00:00,12,02,2001,12,180.33
12.02.2001-15:00:00,12,02,2001,15,178.79
12.02.2001-18:00:00,12,02,2001,18,178.56
12.02.2001-21:00:00,12,02,2001,21,178.45
12.03.2001-00:00:00,12,03,2001,00,178.34
12.03.2001-03:00:00,12,03,2001,03,178.23
12.03.2001-06:00:00,12,03,2001,06,178.13
12.03.2001-09:00:00,12,03,2001,09,178.02
12.03.2001-12:00:00,12,03,2001,12,177.92
12.03.2001-15:00:00,12,03,2001,15,177.81
12.03.2001-18:00:00,12,03,2001,18,177.71
12.03.2001-21:00:00,12,03,2001,21,177.6
12.04.2001-00:00:00,12,04,2001,00,177.5
12.04.2001-03:00:00,12,04,2001,03,177.39
12.04.2001-06:00:00,12,04,2001,06,177.32
12.04.2001-09:00:00,12,04,2001,09,178.7
12.04.2001-12:00:00,12,04,2001,12,177.19
12.04.2001-15:00:00,12,04,2001,15,176.93
12.04.2001-18:00:00,12,04,2001,18,176.82
12.04.2001-21:00:00,12,04,2001,21,176.72
12.05.2001-00:00:00,12,05,2001,00,176.62
12.05.2001-03:00:00,12,05,2001,03,176.52
12.05.2001-06:00:00,12,05,2001,06,176.42
12.05.2001-09:00:00,12,05,2001,09,176.32
12.05.2001-12:00:00,12,05,2001,12,176.22
12.05.2001-15:00:00,12,05,2001,15,176.12
12.05.2001-18:00:00,12,05,2001,18,175.95
12.05.2001-21:00:00,12,05,2001,21,175.92
12.06.2001-00:00:00,12,06,2001,00,175.75
12.06.2001-03:00:00,12,06,2001,03,175.71
12.06.2001-06:00:00,12,06,2001,06,175.55
12.06.2001-09:00:00,12,06,2001,09,175.51
12.06.2001-12:00:00,12,06,2001,12,175.35
12.06.2001-15:00:00,12,06,2001,15,175.31
12.06.2001-18:00:00,12,06,2001,18,175.22
12.06.2001-21:00:00,12,06,2001,21,175.12
12.07.2001-00:00:00,12,07,2001,00,175.02
12.07.2001-03:00:00,12,07,2001,03,174.85
12.07.2001-06:00:00,12,07,2001,06,174.81
12.07.2001-09:00:00,12,07,2001,09,174.65
12.07.2001-12:00:00,12,07,2001,12,174.62
12.07.2001-15:00:00,12,07,2001,15,175.9
12.07.2001-18:00:00,12,07,2001,18,174.52
12.07.2001-21:00:00,12,07,2001,21,174.24
12.08.2001-00:00:00,12,08,2001,00,174.2
12.08.2001-03:00:00,12,08,2001,03,174.11
12.08.2001-06:00:00,12,08,2001,06,174.01
12.08.2001-09:00:00,12,08,2001,09,173.91
12.08.2001-12:00:00,12,08,2001,12,173.75
12.08.2001-15:00:00,12,08,2001,15,173.71
12.08.2001-18:00:00,12,08,2001,18,173.55
12.08.2001-21:00:00,12,08,2001,21,173.52
12.09.2001-00:00:00,12,09,2001,00,173.35
12.09.2001-03:00:00,12,09,2001,03,173.32
12.09.2001-06:00:00,12,09,2001,06,173.16
12.09.2001-09:00:00,12,09,2001,09,173.12
12.09.2001-12:00:00,12,09,2001,12,173.03
12.09.2001-15:00:00,12,09,2001,15,172.94
12.09.2001-18:00:00,12,09,2001,18,172.84
12.09.2001-21:00:00,12,09,2001,21,172.67
12.10.2001-00:00:00,12,10,2001,00,172.64
12.10.2001-03:00:00,12,10,2001,03,172.48
12.10.2001-06:00:00,12,10,2001,06,172.44
12.10.2001-09:00:00,12,10,2001,09,172.28
12.10.2001-12:00:00,12,10,2001,12,172.25
12.10.2001-15:00:00,12,10,2001,15,172.09
12.10.2001-18:00:00,12,10,2001,18,172.06
12.10.2001-21:00:00,12,10,2001,21,171.97
12.11.2001-00:00:00,12,11,2001,00,171.87
12.11.2001-03:00:00,12,11,2001,03,171.7
12.11.2001-06:00:00,12,11,2001,06,171.67
12.11.2001-09:00:00,12,11,2001,09,171.51
12.11.2001-12:00:00,12,11,2001,12,171.48
12.11.2001-15:00:00,12,11,2001,15,171.32
12.11.2001-18:00:00,12,11,2001,18,171.29
12.11.2001-21:00:00,12,11,2001,21,171.12
12.12.2001-00:00:00,12,12,2001,00,171.09
12.12.2001-03:00:00,12,12,2001,03,171
12.12.2001-06:00:00,12,12,2001,06,170.91
12.12.2001-09:00:00,12,12,2001,09,170.74
12.12.2001-12:00:00,12,12,2001,12,170.71
12.12.2001-15:00:00,12,12,2001,15,170.55
12.12.2001-18:00:00,12,12,2001,18,170.52
12.12.2001-21:00:00,12,12,2001,21,170.36
12.13.2001-00:00:00,12,13,2001,00,170.33
12.13.2001-03:00:00,12,13,2001,03,170.16
12.13.2001-06:00:00,12,13,2001,06,170.14
12.13.2001-09:00:00,12,13,2001,09,169.97
12.13.2001-12:00:00,12,13,2001,12,169.94
12.13.2001-15:00:00,12,13,2001,15,169.86
12.13.2001-18:00:00,12,13,2001,18,169.76
12.13.2001-21:00:00,12,13,2001,21,169.59
12.14.2001-00:00:00,12,14,2001,00,169.57
12.14.2001-03:00:00,12,14,2001,03,169.4
12.14.2001-06:00:00,12,14,2001,06,169.37
12.14.2001-09:00:00,12,14,2001,09,169.21
12.14.2001-12:00:00,12,14,2001,12,169.18
12.14.2001-15:00:00,12,14,2001,15,169.02
12.14.2001-18:00:00,12,14,2001,18,168.99
12.14.2001-21:00:00,12,14,2001,21,168.83
12.15.2001-00:00:00,12,15,2001,00,168.46
12.15.2001-03:00:00,12,15,2001,03,168.62
12.15.2001-06:00:00,12,15,2001,06,168.27
12.15.2001-09:00:00,12,15,2001,09,168.43
12.15.2001-12:00:00,12,15,2001,12,168.08
12.15.2001-15:00:00,12,15,2001,15,168.31
12.15.2001-18:00:00,12,15,2001,18,167.9
12.15.2001-21:00:00,12,15,2001,21,168.05
12.16.2001-00:00:00,12,16,2001,00,167.71
12.16.2001-03:00:00,12,16,2001,03,167.86
12.16.2001-06:00:00,12,16,2001,06,167.52
12.16.2001-09:00:00,12,16,2001,09,167.67
12.16.2001-12:00:00,12,16,2001,12,167.33
12.16.2001-15:00:00,12,16,2001,15,167.26
12.16.2001-18:00:00,12,16,2001,18,167.13
12.16.2001-21:00:00,12,16,2001,21,166.73
12.17.2001-00:00:00,12,17,2001,00,167.25
12.17.2001-03:00:00,12,17,2001,03,166.57
12.17.2001-06:00:00,12,17,2001,06,166.73
12.17.2001-09:00:00,12,17,2001,09,166.69
12.17.2001-12:00:00,12,17,2001,12,166.56
12.17.2001-15:00:00,12,17,2001,15,166.21
12.17.2001-18:00:00,12,17,2001,18,166.83
12.17.2001-21:00:00,12,17,2001,21,166.17
12.18.2001-00:00:00,12,18,2001,00,166.32
12.18.2001-03:00:00,12,18,2001,03,165.95
12.18.2001-06:00:00,12,18,2001,06,166.46
12.18.2001-09:00:00,12,18,2001,09,165.78
12.18.2001-12:00:00,12,18,2001,12,165.93
12.18.2001-15:00:00,12,18,2001,15,165.57
12.18.2001-18:00:00,12,18,2001,18,165.52
12.18.2001-21:00:00,12,18,2001,21,165.9
12.19.2001-00:00:00,12,19,2001,00,165.37
12.19.2001-03:00:00,12,19,2001,03,165.17
12.19.2001-06:00:00,12,19,2001,06,165.35
12.19.2001-09:00:00,12,19,2001,09,164.99
12.19.2001-12:00:00,12,19,2001,12,164.95
12.19.2001-15:00:00,12,19,2001,15,165
12.19.2001-18:00:00,12,19,2001,18,164.77
12.19.2001-21:00:00,12,19,2001,21,164.59
12.20.2001-00:00:00,12,20,2001,00,165.1
12.20.2001-03:00:00,12,20,2001,03,164.44
12.20.2001-06:00:00,12,20,2001,06,164.37
12.20.2001-09:00:00,12,20,2001,09,164.2
12.20.2001-12:00:00,12,20,2001,12,164.39
12.20.2001-15:00:00,12,20,2001,15,164.03
12.20.2001-18:00:00,12,20,2001,18,163.98
12.20.2001-21:00:00,12,20,2001,21,163.82
12.21.2001-00:00:00,12,21,2001,00,163.79
12.21.2001-03:00:00,12,21,2001,03,163.83
12.21.2001-06:00:00,12,21,2001,06,163.61
12.21.2001-09:00:00,12,21,2001,09,163.43
12.21.2001-12:00:00,12,21,2001,12,163.4
12.21.2001-15:00:00,12,21,2001,15,163.24
12.21.2001-18:00:00,12,21,2001,18,163.2
12.21.2001-21:00:00,12,21,2001,21,163.05
12.22.2001-00:00:00,12,22,2001,00,163.21
12.22.2001-03:00:00,12,22,2001,03,162.87
12.22.2001-06:00:00,12,22,2001,06,162.81
12.22.2001-09:00:00,12,22,2001,09,162.66
12.22.2001-12:00:00,12,22,2001,12,162.61
12.22.2001-15:00:00,12,22,2001,15,162.47
12.22.2001-18:00:00,12,22,2001,18,162.41
12.22.2001-21:00:00,12,22,2001,21,162.28
12.23.2001-00:00:00,12,23,2001,00,162.21
12.23.2001-03:00:00,12,23,2001,03,162.08
12.23.2001-06:00:00,12,23,2001,06,162.02
12.23.2001-09:00:00,12,23,2001,09,161.89
12.23.2001-12:00:00,12,23,2001,12,161.82
12.23.2001-15:00:00,12,23,2001,15,161.7
12.23.2001-18:00:00,12,23,2001,18,161.62
12.23.2001-21:00:00,12,23,2001,21,161.5
12.24.2001-00:00:00,12,24,2001,00,161.43
12.24.2001-03:00:00,12,24,2001,03,161.31
12.24.2001-06:00:00,12,24,2001,06,161.23
12.24.2001-09:00:00,12,24,2001,09,161.12
12.24.2001-12:00:00,12,24,2001,12,161.03
12.24.2001-15:00:00,12,24,2001,15,160.93
12.24.2001-18:00:00,12,24,2001,18,160.84
12.24.2001-21:00:00,12,24,2001,21,160.73
12.25.2001-00:00:00,12,25,2001,00,160.64
12.25.2001-03:00:00,12,25,2001,03,160.54
12.25.2001-06:00:00,12,25,2001,06,160.44
12.25.2001-09:00:00,12,25,2001,09,160.35
12.25.2001-12:00:00,12,25,2001,12,160.25
12.25.2001-15:00:00,12,25,2001,15,160.15
12.25.2001-18:00:00,12,25,2001,18,160.06
12.25.2001-21:00:00,12,25,2001,21,159.96
12.26.2001-00:00:00,12,26,2001,00,159.86
12.26.2001-03:00:00,12,26,2001,03,159.77
12.26.2001-06:00:00,12,26,2001,06,159.67
12.26.2001-09:00:00,12,26,2001,09,159.57
12.26.2001-12:00:00,12,26,2001,12,159.48
12.26.2001-15:00:00,12,26,2001,15,159.38
12.26.2001-18:00:00,12,26,2001,18,159.28
12.26.2001-21:00:00,12,26,2001,21,159.19
12.27.2001-00:00:00,12,27,2001,00,159.09
12.27.2001-03:00:00,12,27,2001,03,158.99
12.27.2001-06:00:00,12,27,2001,06,158.9
12.27.2001-09:00:00,12,27,2001,09,158.8
12.27.2001-12:00:00,12,27,2001,12,158.7
12.27.2001-15:00:00,12,27,2001,15,158.61
12.27.2001-18:00:00,12,27,2001,18,158.51
12.27.2001-21:00:00,12,27,2001,21,158.41
12.28.2001-00:00:00,12,28,2001,00,158.32
12.28.2001-03:00:00,12,28,2001,03,158.22
12.28.2001-06:00:00,12,28,2001,06,158.12
12.28.2001-09:00:00,12,28,2001,09,158.02
12.28.2001-12:00:00,12,28,2001,12,157.93
12.28.2001-15:00:00,12,28,2001,15,157.83
12.28.2001-18:00:00,12,28,2001,18,157.73
12.28.2001-21:00:00,12,28,2001,21,157.64
12.29.2001-00:00:00,12,29,2001,00,157.54
12.29.2001-03:00:00,12,29,2001,03,157.44
12.29.2001-06:00:00,12,29,2001,06,157.34
12.29.2001-09:00:00,12,29,2001,09,157.25
12.29.2001-12:00:00,12,29,2001,12,157.15
12.29.2001-15:00:00,12,29,2001,15,157.05
12.29.2001-18:00:00,12,29,2001,18,156.95
12.29.2001-21:00:00,12,29,2001,21,156.86
12.30.2001-00:00:00,12,30,2001,00,156.76
12.30.2001-03:00:00,12,30,2001,03,156.66
12.30.2001-06:00:00,12,30,2001,06,156.56
12.30.2001-09:00:00,12,30,2001,09,156.46
12.30.2001-12:00:00,12,30,2001,12,156.37
12.30.2001-15:00:00,12,30,2001,15,156.27
12.30.2001-18:00:00,12,30,2001,18,156.17
12.30.2001-21:00:00,12,30,2001,21,156.07
12.31.2001-00:00:00,12,31,2001,00,155.97
12.31.2001-03:00:00,12,31,2001,03,155.88
12.31.2001-06:00:00,12,31,2001,06,155.78
12.31.2001-09:00:00,12,31,2001,09,155.68
12.31.2001-12:00:00,12,31,2001,12,155.58
12.31.2001-15:00:00,12,31,2001,15,155.48
12.31.2001-18:00:00,12,31,2001,18,155.38
12.31.2001-21:00:00,12,31,2001,21,155.29
01.01.2002-00:00:00,01,01,2002,00,155.19
01.01.2002-03:00:00,01,01,2002,03,155.09
01.01.2002-06:00:00,01,01,2002,06,154.99
01.01.2002-09:00:00,01,01,2002,09,154.9
01.01.2002-12:00:00,01,01,2002,12,154.79
01.01.2002-15:00:00,01,01,2002,15,154.7
01.01.2002-18:00:00,01,01,2002,18,154.6
01.01.2002-21:00:00,01,01,2002,21,154.49
01.02.2002-00:00:00,01,02,2002,00,154.39
01.02.2002-03:00:00,01,02,2002,03,154.29
01.02.2002-06:00:00,01,02,2002,06,154.19
01.02.2002-09:00:00,01,02,2002,09,154.1
01.02.2002-12:00:00,01,02,2002,12,154
01.02.2002-15:00:00,01,02,2002,15,153.89
01.02.2002-18:00:00,01,02,2002,18,153.79
01.02.2002-21:00:00,01,02,2002,21,153.7
01.03.2002-00:00:00,01,03,2002,00,153.59
01.03.2002-03:00:00,01,03,2002,03,153.5
01.03.2002-06:00:00,01,03,2002,06,153.4
01.03.2002-09:00:00,01,03,2002,09,153.3
01.03.2002-12:00:00,01,03,2002,12,153.2
01.03.2002-15:00:00,01,03,2002,15,153.1
01.03.2002-18:00:00,01,03,2002,18,153
01.03.2002-21:00:00,01,03,2002,21,152.9
01.04.2002-00:00:00,01,04,2002,00,152.8
01.04.2002-03:00:00,01,04,2002,03,152.69
01.04.2002-06:00:00,01,04,2002,06,152.6
01.04.2002-09:00:00,01,04,2002,09,152.49
01.04.2002-12:00:00,01,04,2002,12,152.39
01.04.2002-15:00:00,01,04,2002,15,152.29
01.04.2002-18:00:00,01,04,2002,18,152.19
01.04.2002-21:00:00,01,04,2002,21,152.09
01.05.2002-00:00:00,01,05,2002,00,151.99
01.05.2002-03:00:00,01,05,2002,03,151.89
01.05.2002-06:00:00,01,05,2002,06,151.79
01.05.2002-09:00:00,01,05,2002,09,151.69
01.05.2002-12:00:00,01,05,2002,12,151.59
01.05.2002-15:00:00,01,05,2002,15,151.49
01.05.2002-18:00:00,01,05,2002,18,151.39
01.05.2002-21:00:00,01,05,2002,21,151.3
01.06.2002-00:00:00,01,06,2002,00,151.2
01.06.2002-03:00:00,01,06,2002,03,151.1
01.06.2002-06:00:00,01,06,2002,06,151
01.06.2002-09:00:00,01,06,2002,09,150.9
01.06.2002-12:00:00,01,06,2002,12,150.8
01.06.2002-15:00:00,01,06,2002,15,150.7
01.06.2002-18:00:00,01,06,2002,18,150.6
01.06.2002-21:00:00,01,06,2002,21,150.5
01.07.2002-00:00:00,01,07,2002,00,150.41
01.07.2002-03:00:00,01,07,2002,03,150.31
01.07.2002-06:00:00,01,07,2002,06,150.21
01.07.2002-09:00:00,01,07,2002,09,150.11
01.07.2002-12:00:00,01,07,2002,12,150.01
01.07.2002-15:00:00,01,07,2002,15,149.91
01.07.2002-18:00:00,01,07,2002,18,149.81
01.07.2002-21:00:00,01,07,2002,21,149.71
01.08.2002-00:00:00,01,08,2002,00,149.62
01.08.2002-03:00:00,01,08,2002,03,149.52
01.08.2002-06:00:00,01,08,2002,06,149.42
01.08.2002-09:00:00,01,08,2002,09,149.32
01.08.2002-12:00:00,01,08,2002,12,149.22
01.08.2002-15:00:00,01,08,2002,15,149.12
01.08.2002-18:00:00,01,08,2002,18,149.02
01.08.2002-21:00:00,01,08,2002,21,148.92
01.09.2002-00:00:00,01,09,2002,00,148.83
01.09.2002-03:00:00,01,09,2002,03,148.72
01.09.2002-06:00:00,01,09,2002,06,148.63
01.09.2002-09:00:00,01,09,2002,09,148.53
01.09.2002-12:00:00,01,09,2002,12,148.43
01.09.2002-15:00:00,01,09,2002,15,148.34
01.09.2002-18:00:00,01,09,2002,18,148.24
01.09.2002-21:00:00,01,09,2002,21,148.14
01.10.2002-00:00:00,01,10,2002,00,148.05
01.10.2002-03:00:00,01,10,2002,03,147.95
01.10.2002-06:00:00,01,10,2002,06,147.85
01.10.2002-09:00:00,01,10,2002,09,147.76
01.10.2002-12:00:00,01,10,2002,12,147.66
01.10.2002-15:00:00,01,10,2002,15,147.47
01.10.2002-18:00:00,01,10,2002,18,147.46
01.10.2002-21:00:00,01,10,2002,21,147.28
01.11.2002-00:00:00,01,11,2002,00,147.18
01.11.2002-03:00:00,01,11,2002,03,147.08
01.11.2002-06:00:00,01,11,2002,06,146.99
01.11.2002-09:00:00,01,11,2002,09,146.89
01.11.2002-12:00:00,01,11,2002,12,146.79
01.11.2002-15:00:00,01,11,2002,15,146.7
01.11.2002-18:00:00,01,11,2002,18,146.6
01.11.2002-21:00:00,01,11,2002,21,146.51
01.12.2002-00:00:00,01,12,2002,00,146.41
01.12.2002-03:00:00,01,12,2002,03,146.32
01.12.2002-06:00:00,01,12,2002,06,146.22
01.12.2002-09:00:00,01,12,2002,09,146.12
01.12.2002-12:00:00,01,12,2002,12,146.03
01.12.2002-15:00:00,01,12,2002,15,145.93
01.12.2002-18:00:00,01,12,2002,18,145.84
01.12.2002-21:00:00,01,12,2002,21,145.74
01.13.2002-00:00:00,01,13,2002,00,145.64
01.13.2002-03:00:00,01,13,2002,03,145.55
01.13.2002-06:00:00,01,13,2002,06,145.45
01.13.2002-09:00:00,01,13,2002,09,145.36
01.13.2002-12:00:00,01,13,2002,12,145.26
01.13.2002-15:00:00,01,13,2002,15,145.16
01.13.2002-18:00:00,01,13,2002,18,145.07
01.13.2002-21:00:00,01,13,2002,21,144.97
01.14.2002-00:00:00,01,14,2002,00,144.87
01.14.2002-03:00:00,01,14,2002,03,144.78
01.14.2002-06:00:00,01,14,2002,06,144.68
01.14.2002-09:00:00,01,14,2002,09,144.58
01.14.2002-12:00:00,01,14,2002,12,144.48
01.14.2002-15:00:00,01,14,2002,15,144.39
01.14.2002-18:00:00,01,14,2002,18,144.29
01.14.2002-21:00:00,01,14,2002,21,144.19
01.15.2002-00:00:00,01,15,2002,00,144.1
01.15.2002-03:00:00,01,15,2002,03,144
01.15.2002-06:00:00,01,15,2002,06,143.9
01.15.2002-09:00:00,01,15,2002,09,143.8
01.15.2002-12:00:00,01,15,2002,12,143.7
01.15.2002-15:00:00,01,15,2002,15,143.6
01.15.2002-18:00:00,01,15,2002,18,143.51
01.15.2002-21:00:00,01,15,2002,21,143.41
01.16.2002-00:00:00,01,16,2002,00,143.31
01.16.2002-03:00:00,01,16,2002,03,143.21
01.16.2002-06:00:00,01,16,2002,06,143.11
01.16.2002-09:00:00,01,16,2002,09,143.02
01.16.2002-12:00:00,01,16,2002,12,142.92
01.16.2002-15:00:00,01,16,2002,15,142.82
01.16.2002-18:00:00,01,16,2002,18,142.72
01.16.2002-21:00:00,01,16,2002,21,142.62
01.17.2002-00:00:00,01,17,2002,00,142.52
01.17.2002-03:00:00,01,17,2002,03,142.42
01.17.2002-06:00:00,01,17,2002,06,142.33
01.17.2002-09:00:00,01,17,2002,09,142.22
01.17.2002-12:00:00,01,17,2002,12,142.13
01.17.2002-15:00:00,01,17,2002,15,142.03
01.17.2002-18:00:00,01,17,2002,18,141.93
01.17.2002-21:00:00,01,17,2002,21,141.83
01.18.2002-00:00:00,01,18,2002,00,141.73
01.18.2002-03:00:00,01,18,2002,03,141.63
01.18.2002-06:00:00,01,18,2002,06,141.53
01.18.2002-09:00:00,01,18,2002,09,141.43
01.18.2002-12:00:00,01,18,2002,12,141.33
01.18.2002-15:00:00,01,18,2002,15,141.24
01.18.2002-18:00:00,01,18,2002,18,141.14
01.18.2002-21:00:00,01,18,2002,21,141.04
01.19.2002-00:00:00,01,19,2002,00,140.94
01.19.2002-03:00:00,01,19,2002,03,140.84
01.19.2002-06:00:00,01,19,2002,06,140.74
01.19.2002-09:00:00,01,19,2002,09,140.64
01.19.2002-12:00:00,01,19,2002,12,140.55
01.19.2002-15:00:00,01,19,2002,15,140.45
01.19.2002-18:00:00,01,19,2002,18,140.35
01.19.2002-21:00:00,01,19,2002,21,140.25
01.20.2002-00:00:00,01,20,2002,00,140.15
01.20.2002-03:00:00,01,20,2002,03,140.05
01.20.2002-06:00:00,01,20,2002,06,139.95
01.20.2002-09:00:00,01,20,2002,09,139.2
01.20.2002-12:00:00,01,20,2002,12,139.7
01.20.2002-15:00:00,01,20,2002,15,139.01
01.20.2002-18:00:00,01,20,2002,18,139.51
01.20.2002-21:00:00,01,20,2002,21,138.81
01.21.2002-00:00:00,01,21,2002,00,139.31
01.21.2002-03:00:00,01,21,2002,03,138.62
01.21.2002-06:00:00,01,21,2002,06,139.12
01.21.2002-09:00:00,01,21,2002,09,138.42
01.21.2002-12:00:00,01,21,2002,12,138.92
01.21.2002-15:00:00,01,21,2002,15,138.22
01.21.2002-18:00:00,01,21,2002,18,138.72
01.21.2002-21:00:00,01,21,2002,21,138.02
01.22.2002-00:00:00,01,22,2002,00,138.53
01.22.2002-03:00:00,01,22,2002,03,138.48
01.22.2002-06:00:00,01,22,2002,06,137.73
01.22.2002-09:00:00,01,22,2002,09,138.23
01.22.2002-12:00:00,01,22,2002,12,137.53
01.22.2002-15:00:00,01,22,2002,15,138.03
01.22.2002-18:00:00,01,22,2002,18,137.33
01.22.2002-21:00:00,01,22,2002,21,137.84
01.23.2002-00:00:00,01,23,2002,00,137.14
01.23.2002-03:00:00,01,23,2002,03,137.64
01.23.2002-06:00:00,01,23,2002,06,137.59
01.23.2002-09:00:00,01,23,2002,09,136.85
01.23.2002-12:00:00,01,23,2002,12,137.35
01.23.2002-15:00:00,01,23,2002,15,136.65
01.23.2002-18:00:00,01,23,2002,18,137.15
01.23.2002-21:00:00,01,23,2002,21,136.45
01.24.2002-00:00:00,01,24,2002,00,136.95
01.24.2002-03:00:00,01,24,2002,03,136.26
01.24.2002-06:00:00,01,24,2002,06,136.72
01.24.2002-09:00:00,01,24,2002,09,136.02
01.24.2002-12:00:00,01,24,2002,12,136.53
01.24.2002-15:00:00,01,24,2002,15,135.83
01.24.2002-18:00:00,01,24,2002,18,136.33
01.24.2002-21:00:00,01,24,2002,21,136.28
01.25.2002-00:00:00,01,25,2002,00,135.54
01.25.2002-03:00:00,01,25,2002,03,136.04
01.25.2002-06:00:00,01,25,2002,06,135.34
01.25.2002-09:00:00,01,25,2002,09,135.84
01.25.2002-12:00:00,01,25,2002,12,135.14
01.25.2002-15:00:00,01,25,2002,15,135.65
01.25.2002-18:00:00,01,25,2002,18,134.94
01.25.2002-21:00:00,01,25,2002,21,135.45
01.26.2002-00:00:00,01,26,2002,00,134.75
01.26.2002-03:00:00,01,26,2002,03,135.25
01.26.2002-06:00:00,01,26,2002,06,134.55
01.26.2002-09:00:00,01,26,2002,09,135.06
01.26.2002-12:00:00,01,26,2002,12,134.36
01.26.2002-15:00:00,01,26,2002,15,134.26
01.26.2002-18:00:00,01,26,2002,18,134.12
01.26.2002-21:00:00,01,26,2002,21,134.07
01.27.2002-00:00:00,01,27,2002,00,133.93
01.27.2002-03:00:00,01,27,2002,03,133.87
01.27.2002-06:00:00,01,27,2002,06,133.73
01.27.2002-09:00:00,01,27,2002,09,133.68
01.27.2002-12:00:00,01,27,2002,12,133.54
01.27.2002-15:00:00,01,27,2002,15,133.49
01.27.2002-18:00:00,01,27,2002,18,133.35
01.27.2002-21:00:00,01,27,2002,21,133.3
01.28.2002-00:00:00,01,28,2002,00,133.16
01.28.2002-03:00:00,01,28,2002,03,133.11
01.28.2002-06:00:00,01,28,2002,06,132.97
01.28.2002-09:00:00,01,28,2002,09,132.92
01.28.2002-12:00:00,01,28,2002,12,132.78
01.28.2002-15:00:00,01,28,2002,15,132.73
01.28.2002-18:00:00,01,28,2002,18,132.59
01.28.2002-21:00:00,01,28,2002,21,132.54
01.29.2002-00:00:00,01,29,2002,00,132.39
01.29.2002-03:00:00,01,29,2002,03,132.35
01.29.2002-06:00:00,01,29,2002,06,132.2
01.29.2002-09:00:00,01,29,2002,09,132.16
01.29.2002-12:00:00,01,29,2002,12,132.01
01.29.2002-15:00:00,01,29,2002,15,131.97
01.29.2002-18:00:00,01,29,2002,18,131.82
01.29.2002-21:00:00,01,29,2002,21,131.79
01.30.2002-00:00:00,01,30,2002,00,131.63
01.30.2002-03:00:00,01,30,2002,03,131.59
01.30.2002-06:00:00,01,30,2002,06,131.44
01.30.2002-09:00:00,01,30,2002,09,131.41
01.30.2002-12:00:00,01,30,2002,12,131.25
01.30.2002-15:00:00,01,30,2002,15,131.22
01.30.2002-18:00:00,01,30,2002,18,131.06
01.30.2002-21:00:00,01,30,2002,21,131.03
01.31.2002-00:00:00,01,31,2002,00,130.87
01.31.2002-03:00:00,01,31,2002,03,130.84
01.31.2002-06:00:00,01,31,2002,06,130.1
01.31.2002-09:00:00,01,31,2002,09,131.19
01.31.2002-12:00:00,01,31,2002,12,129.95
01.31.2002-15:00:00,01,31,2002,15,130.42
01.31.2002-18:00:00,01,31,2002,18,130.3
01.31.2002-21:00:00,01,31,2002,21,130.27
02.01.2002-00:00:00,02,01,2002,00,129.54
02.01.2002-03:00:00,02,01,2002,03,130.62
02.01.2002-06:00:00,02,01,2002,06,129.39
02.01.2002-09:00:00,02,01,2002,09,129.86
02.01.2002-12:00:00,02,01,2002,12,129.73
02.01.2002-15:00:00,02,01,2002,15,129.71
02.01.2002-18:00:00,02,01,2002,18,128.97
02.01.2002-21:00:00,02,01,2002,21,130.06
02.02.2002-00:00:00,02,02,2002,00,128.82
02.02.2002-03:00:00,02,02,2002,03,129.3
02.02.2002-06:00:00,02,02,2002,06,129.17
02.02.2002-09:00:00,02,02,2002,09,129.15
02.02.2002-12:00:00,02,02,2002,12,128.41
02.02.2002-15:00:00,02,02,2002,15,128.92
02.02.2002-18:00:00,02,02,2002,18,128.79
02.02.2002-21:00:00,02,02,2002,21,128.78
02.03.2002-00:00:00,02,03,2002,00,128.04
02.03.2002-03:00:00,02,03,2002,03,128.55
02.03.2002-06:00:00,02,03,2002,06,128.42
02.03.2002-09:00:00,02,03,2002,09,128.41
02.03.2002-12:00:00,02,03,2002,12,127.67
02.03.2002-15:00:00,02,03,2002,15,128.19
02.03.2002-18:00:00,02,03,2002,18,127.49
02.03.2002-21:00:00,02,03,2002,21,128.57
02.04.2002-00:00:00,02,04,2002,00,127.35
02.04.2002-03:00:00,02,04,2002,03,127.82
02.04.2002-06:00:00,02,04,2002,06,127.12
02.04.2002-09:00:00,02,04,2002,09,127.64
02.04.2002-12:00:00,02,04,2002,12,127.5
02.04.2002-15:00:00,02,04,2002,15,127.49
02.04.2002-18:00:00,02,04,2002,18,126.76
02.04.2002-21:00:00,02,04,2002,21,127.27
02.05.2002-00:00:00,02,05,2002,00,126.57
02.05.2002-03:00:00,02,05,2002,03,127.09
02.05.2002-06:00:00,02,05,2002,06,126.39
02.05.2002-09:00:00,02,05,2002,09,127.47
02.05.2002-12:00:00,02,05,2002,12,126.25
02.05.2002-15:00:00,02,05,2002,15,126.72
02.05.2002-18:00:00,02,05,2002,18,126.03
02.05.2002-21:00:00,02,05,2002,21,126.54
02.06.2002-00:00:00,02,06,2002,00,125.84
02.06.2002-03:00:00,02,06,2002,03,126.36
02.06.2002-06:00:00,02,06,2002,06,125.66
02.06.2002-09:00:00,02,06,2002,09,126.17
02.06.2002-12:00:00,02,06,2002,12,125.48
02.06.2002-15:00:00,02,06,2002,15,126.14
02.06.2002-18:00:00,02,06,2002,18,125.31
02.06.2002-21:00:00,02,06,2002,21,125.4
02.07.2002-00:00:00,02,07,2002,00,125.08
02.07.2002-03:00:00,02,07,2002,03,125.22
02.07.2002-06:00:00,02,07,2002,06,124.9
02.07.2002-09:00:00,02,07,2002,09,125.04
02.07.2002-12:00:00,02,07,2002,12,124.72
02.07.2002-15:00:00,02,07,2002,15,124.86
02.07.2002-18:00:00,02,07,2002,18,124.54
02.07.2002-21:00:00,02,07,2002,21,124.67
02.08.2002-00:00:00,02,08,2002,00,124.35
02.08.2002-03:00:00,02,08,2002,03,124.49
02.08.2002-06:00:00,02,08,2002,06,124.17
02.08.2002-09:00:00,02,08,2002,09,124.31
02.08.2002-12:00:00,02,08,2002,12,123.99
02.08.2002-15:00:00,02,08,2002,15,124.13
02.08.2002-18:00:00,02,08,2002,18,123.8
02.08.2002-21:00:00,02,08,2002,21,123.94
02.09.2002-00:00:00,02,09,2002,00,123.62
02.09.2002-03:00:00,02,09,2002,03,123.76
02.09.2002-06:00:00,02,09,2002,06,123.44
02.09.2002-09:00:00,02,09,2002,09,123.58
02.09.2002-12:00:00,02,09,2002,12,123.26
02.09.2002-15:00:00,02,09,2002,15,123.4
02.09.2002-18:00:00,02,09,2002,18,123.08
02.09.2002-21:00:00,02,09,2002,21,123.22
02.10.2002-00:00:00,02,10,2002,00,122.9
02.10.2002-03:00:00,02,10,2002,03,123.04
02.10.2002-06:00:00,02,10,2002,06,122.72
02.10.2002-09:00:00,02,10,2002,09,122.86
02.10.2002-12:00:00,02,10,2002,12,122.54
02.10.2002-15:00:00,02,10,2002,15,122.68
02.10.2002-18:00:00,02,10,2002,18,122.36
02.10.2002-21:00:00,02,10,2002,21,122.5
02.11.2002-00:00:00,02,11,2002,00,122.18
02.11.2002-03:00:00,02,11,2002,03,122.32
02.11.2002-06:00:00,02,11,2002,06,122
02.11.2002-09:00:00,02,11,2002,09,122.15
02.11.2002-12:00:00,02,11,2002,12,121.83
02.11.2002-15:00:00,02,11,2002,15,121.97
02.11.2002-18:00:00,02,11,2002,18,121.66
02.11.2002-21:00:00,02,11,2002,21,121.8
02.12.2002-00:00:00,02,12,2002,00,121.49
02.12.2002-03:00:00,02,12,2002,03,121.63
02.12.2002-06:00:00,02,12,2002,06,121.32
02.12.2002-09:00:00,02,12,2002,09,121.46
02.12.2002-12:00:00,02,12,2002,12,121.14
02.12.2002-15:00:00,02,12,2002,15,121.29
02.12.2002-18:00:00,02,12,2002,18,120.97
02.12.2002-21:00:00,02,12,2002,21,121.12
02.13.2002-00:00:00,02,13,2002,00,120.42
02.13.2002-03:00:00,02,13,2002,03,121.3
02.13.2002-06:00:00,02,13,2002,06,120.28
02.13.2002-09:00:00,02,13,2002,09,120.75
02.13.2002-12:00:00,02,13,2002,12,120.46
02.13.2002-15:00:00,02,13,2002,15,120.61
02.13.2002-18:00:00,02,13,2002,18,119.91
02.13.2002-21:00:00,02,13,2002,21,120.79
02.14.2002-00:00:00,02,14,2002,00,119.77
02.14.2002-03:00:00,02,14,2002,03,120.24
02.14.2002-06:00:00,02,14,2002,06,119.95
02.14.2002-09:00:00,02,14,2002,09,120.09
02.14.2002-12:00:00,02,14,2002,12,119.4
02.14.2002-15:00:00,02,14,2002,15,120.27
02.14.2002-18:00:00,02,14,2002,18,119.26
02.14.2002-21:00:00,02,14,2002,21,119.72
02.15.2002-00:00:00,02,15,2002,00,119.44
02.15.2002-03:00:00,02,15,2002,03,119.58
02.15.2002-06:00:00,02,15,2002,06,118.89
02.15.2002-09:00:00,02,15,2002,09,119.76
02.15.2002-12:00:00,02,15,2002,12,118.75
02.15.2002-15:00:00,02,15,2002,15,119.21
02.15.2002-18:00:00,02,15,2002,18,118.93
02.15.2002-21:00:00,02,15,2002,21,119.07
02.16.2002-00:00:00,02,16,2002,00,118.38
02.16.2002-03:00:00,02,16,2002,03,118.87
02.16.2002-06:00:00,02,16,2002,06,118.59
02.16.2002-09:00:00,02,16,2002,09,118.73
02.16.2002-12:00:00,02,16,2002,12,118.04
02.16.2002-15:00:00,02,16,2002,15,118.53
02.16.2002-18:00:00,02,16,2002,18,118.25
02.16.2002-21:00:00,02,16,2002,21,118.39
02.17.2002-00:00:00,02,17,2002,00,117.7
02.17.2002-03:00:00,02,17,2002,03,118.19
02.17.2002-06:00:00,02,17,2002,06,117.91
02.17.2002-09:00:00,02,17,2002,09,118.05
02.17.2002-12:00:00,02,17,2002,12,117.37
02.17.2002-15:00:00,02,17,2002,15,117.23
02.17.2002-18:00:00,02,17,2002,18,118.14
02.17.2002-21:00:00,02,17,2002,21,117.14
02.18.2002-00:00:00,02,18,2002,00,116.98
02.18.2002-03:00:00,02,18,2002,03,117.51
02.18.2002-06:00:00,02,18,2002,06,116.86
02.18.2002-09:00:00,02,18,2002,09,117.1
02.18.2002-12:00:00,02,18,2002,12,116.15
02.18.2002-15:00:00,02,18,2002,15,116.13
02.18.2002-18:00:00,02,18,2002,18,116.41
02.18.2002-21:00:00,02,18,2002,21,116.97
02.19.2002-00:00:00,02,19,2002,00,116.32
02.19.2002-03:00:00,02,19,2002,03,116.55
02.19.2002-06:00:00,02,19,2002,06,116.75
02.19.2002-09:00:00,02,19,2002,09,116.07
02.19.2002-12:00:00,02,19,2002,12,115.19
02.19.2002-15:00:00,02,19,2002,15,115.98
02.19.2002-18:00:00,02,19,2002,18,115.76
02.19.2002-21:00:00,02,19,2002,21,115.65
02.20.2002-00:00:00,02,20,2002,00,116.55
02.20.2002-03:00:00,02,20,2002,03,115.57
02.20.2002-06:00:00,02,20,2002,06,115.41
02.20.2002-09:00:00,02,20,2002,09,115.93
02.20.2002-12:00:00,02,20,2002,12,113.78
02.20.2002-15:00:00,02,20,2002,15,114.48
02.20.2002-18:00:00,02,20,2002,18,114.97
02.20.2002-21:00:00,02,20,2002,21,115.54
02.21.2002-00:00:00,02,21,2002,00,114.9
02.21.2002-03:00:00,02,21,2002,03,114.77
02.21.2002-06:00:00,02,21,2002,06,115.29
02.21.2002-09:00:00,02,21,2002,09,115.01
02.21.2002-12:00:00,02,21,2002,12,114.55
02.21.2002-15:00:00,02,21,2002,15,115.04
02.21.2002-18:00:00,02,21,2002,18,114.4
02.21.2002-21:00:00,02,21,2002,21,114.27
02.22.2002-00:00:00,02,22,2002,00,114.79
02.22.2002-03:00:00,02,22,2002,03,114.16
02.22.2002-06:00:00,02,22,2002,06,114.03
02.22.2002-09:00:00,02,22,2002,09,112.21
02.22.2002-12:00:00,02,22,2002,12,112.24
02.22.2002-15:00:00,02,22,2002,15,113.01
02.22.2002-18:00:00,02,22,2002,18,113.52
02.22.2002-21:00:00,02,22,2002,21,113.53
02.23.2002-00:00:00,02,23,2002,00,113.45
02.23.2002-03:00:00,02,23,2002,03,113.37
02.23.2002-06:00:00,02,23,2002,06,113.89
02.23.2002-09:00:00,02,23,2002,09,113.26
02.23.2002-12:00:00,02,23,2002,12,113.13
02.23.2002-15:00:00,02,23,2002,15,113.05
02.23.2002-18:00:00,02,23,2002,18,113.56
02.23.2002-21:00:00,02,23,2002,21,112.93
02.24.2002-00:00:00,02,24,2002,00,112.81
02.24.2002-03:00:00,02,24,2002,03,112.73
02.24.2002-06:00:00,02,24,2002,06,113.24
02.24.2002-09:00:00,02,24,2002,09,112.61
02.24.2002-12:00:00,02,24,2002,12,112.49
02.24.2002-15:00:00,02,24,2002,15,112.41
02.24.2002-18:00:00,02,24,2002,18,112.92
02.24.2002-21:00:00,02,24,2002,21,112.3
02.25.2002-00:00:00,02,25,2002,00,112.17
02.25.2002-03:00:00,02,25,2002,03,112.09
02.25.2002-06:00:00,02,25,2002,06,112.6
02.25.2002-09:00:00,02,25,2002,09,111.98
02.25.2002-12:00:00,02,25,2002,12,111.85
02.25.2002-15:00:00,02,25,2002,15,111.77
02.25.2002-18:00:00,02,25,2002,18,112.28
02.25.2002-21:00:00,02,25,2002,21,111.66
02.26.2002-00:00:00,02,26,2002,00,111.54
02.26.2002-03:00:00,02,26,2002,03,111.46
02.26.2002-06:00:00,02,26,2002,06,111.38
02.26.2002-09:00:00,02,26,2002,09,111.89
02.26.2002-12:00:00,02,26,2002,12,111.27
02.26.2002-15:00:00,02,26,2002,15,111.14
02.26.2002-18:00:00,02,26,2002,18,111.06
02.26.2002-21:00:00,02,26,2002,21,110.98
02.27.2002-00:00:00,02,27,2002,00,111.49
02.27.2002-03:00:00,02,27,2002,03,110.87
02.27.2002-06:00:00,02,27,2002,06,110.75
02.27.2002-09:00:00,02,27,2002,09,110.67
02.27.2002-12:00:00,02,27,2002,12,110.59
02.27.2002-15:00:00,02,27,2002,15,111.09
02.27.2002-18:00:00,02,27,2002,18,110.48
02.27.2002-21:00:00,02,27,2002,21,110.35
02.28.2002-00:00:00,02,28,2002,00,110.27
02.28.2002-03:00:00,02,28,2002,03,110.19
02.28.2002-06:00:00,02,28,2002,06,110.12
02.28.2002-09:00:00,02,28,2002,09,110.62
02.28.2002-12:00:00,02,28,2002,12,110
02.28.2002-15:00:00,02,28,2002,15,109.88
02.28.2002-18:00:00,02,28,2002,18,109.8
02.28.2002-21:00:00,02,28,2002,21,109.72
03.01.2002-00:00:00,03,01,2002,00,109.64
03.01.2002-03:00:00,03,01,2002,03,110.15
03.01.2002-06:00:00,03,01,2002,06,109.53
03.01.2002-09:00:00,03,01,2002,09,109.41
03.01.2002-12:00:00,03,01,2002,12,106.94
03.01.2002-15:00:00,03,01,2002,15,108.17
03.01.2002-18:00:00,03,01,2002,18,109.04
03.01.2002-21:00:00,03,01,2002,21,109.03
03.02.2002-00:00:00,03,02,2002,00,108.95
03.02.2002-03:00:00,03,02,2002,03,108.87
03.02.2002-06:00:00,03,02,2002,06,108.79
03.02.2002-09:00:00,03,02,2002,09,108.71
03.02.2002-12:00:00,03,02,2002,12,106.7
03.02.2002-15:00:00,03,02,2002,15,107.7
03.02.2002-18:00:00,03,02,2002,18,108.39
03.02.2002-21:00:00,03,02,2002,21,108.36
03.03.2002-00:00:00,03,03,2002,00,108.28
03.03.2002-03:00:00,03,03,2002,03,108.78
03.03.2002-06:00:00,03,03,2002,06,108.17
03.03.2002-09:00:00,03,03,2002,09,108.05
03.03.2002-12:00:00,03,03,2002,12,105.71
03.03.2002-15:00:00,03,03,2002,15,106.89
03.03.2002-18:00:00,03,03,2002,18,107.69
03.03.2002-21:00:00,03,03,2002,21,107.68
03.04.2002-00:00:00,03,04,2002,00,107.6
03.04.2002-03:00:00,03,04,2002,03,107.52
03.04.2002-06:00:00,03,04,2002,06,107.45
03.04.2002-09:00:00,03,04,2002,09,104.49
03.04.2002-12:00:00,03,04,2002,12,102.57
03.04.2002-15:00:00,03,04,2002,15,105.55
03.04.2002-18:00:00,03,04,2002,18,106.88
03.04.2002-21:00:00,03,04,2002,21,106.89
03.05.2002-00:00:00,03,05,2002,00,106.81
03.05.2002-03:00:00,03,05,2002,03,106.74
03.05.2002-06:00:00,03,05,2002,06,106.66
03.05.2002-09:00:00,03,05,2002,09,106.56
03.05.2002-12:00:00,03,05,2002,12,103.94
03.05.2002-15:00:00,03,05,2002,15,105.31
03.05.2002-18:00:00,03,05,2002,18,106.2
03.05.2002-21:00:00,03,05,2002,21,106.19
03.06.2002-00:00:00,03,06,2002,00,106.12
03.06.2002-03:00:00,03,06,2002,03,106.04
03.06.2002-06:00:00,03,06,2002,06,105.97
03.06.2002-09:00:00,03,06,2002,09,105.9
03.06.2002-12:00:00,03,06,2002,12,105.82
03.06.2002-15:00:00,03,06,2002,15,105.75
03.06.2002-18:00:00,03,06,2002,18,105.67
03.06.2002-21:00:00,03,06,2002,21,105.6
03.07.2002-00:00:00,03,07,2002,00,105.53
03.07.2002-03:00:00,03,07,2002,03,105.45
03.07.2002-06:00:00,03,07,2002,06,105.38
03.07.2002-09:00:00,03,07,2002,09,105.31
03.07.2002-12:00:00,03,07,2002,12,104.52
03.07.2002-15:00:00,03,07,2002,15,105.1
03.07.2002-18:00:00,03,07,2002,18,105.08
03.07.2002-21:00:00,03,07,2002,21,104.3
03.08.2002-00:00:00,03,08,2002,00,104.89
03.08.2002-03:00:00,03,08,2002,03,104.87
03.08.2002-06:00:00,03,08,2002,06,104.08
03.08.2002-09:00:00,03,08,2002,09,104.67
03.08.2002-12:00:00,03,08,2002,12,104.65
03.08.2002-15:00:00,03,08,2002,15,103.87
03.08.2002-18:00:00,03,08,2002,18,104.45
03.08.2002-21:00:00,03,08,2002,21,103.72
03.09.2002-00:00:00,03,09,2002,00,104.31
03.09.2002-03:00:00,03,09,2002,03,104.29
03.09.2002-06:00:00,03,09,2002,06,104.22
03.09.2002-09:00:00,03,09,2002,09,103.44
03.09.2002-12:00:00,03,09,2002,12,104.02
03.09.2002-15:00:00,03,09,2002,15,103.29
03.09.2002-18:00:00,03,09,2002,18,103.88
03.09.2002-21:00:00,03,09,2002,21,103.15
03.10.2002-00:00:00,03,10,2002,00,103.73
03.10.2002-03:00:00,03,10,2002,03,103.72
03.10.2002-06:00:00,03,10,2002,06,103.65
03.10.2002-09:00:00,03,10,2002,09,102.86
03.10.2002-12:00:00,03,10,2002,12,102.73
03.10.2002-15:00:00,03,10,2002,15,103.37
03.10.2002-18:00:00,03,10,2002,18,103.36
03.10.2002-21:00:00,03,10,2002,21,102.58
03.11.2002-00:00:00,03,11,2002,00,103.16
03.11.2002-03:00:00,03,11,2002,03,103.14
03.11.2002-06:00:00,03,11,2002,06,102.36
03.11.2002-09:00:00,03,11,2002,09,102.94
03.11.2002-12:00:00,03,11,2002,12,102.21
03.11.2002-15:00:00,03,11,2002,15,102.8
03.11.2002-18:00:00,03,11,2002,18,102.78
03.11.2002-21:00:00,03,11,2002,21,102.71
03.12.2002-00:00:00,03,12,2002,00,101.93
03.12.2002-03:00:00,03,12,2002,03,101.8
03.12.2002-06:00:00,03,12,2002,06,102.44
03.12.2002-09:00:00,03,12,2002,09,100.06
03.12.2002-12:00:00,03,12,2002,12,98.045
03.12.2002-15:00:00,03,12,2002,15,100.73
03.12.2002-18:00:00,03,12,2002,18,101.88
03.12.2002-21:00:00,03,12,2002,21,101.17
03.13.2002-00:00:00,03,13,2002,00,101.75
03.13.2002-03:00:00,03,13,2002,03,101.03
03.13.2002-06:00:00,03,13,2002,06,101.61
03.13.2002-09:00:00,03,13,2002,09,100.88
03.13.2002-12:00:00,03,13,2002,12,98.696
03.13.2002-15:00:00,03,13,2002,15,100.22
03.13.2002-18:00:00,03,13,2002,18,100.53
03.13.2002-21:00:00,03,13,2002,21,101.18
03.14.2002-00:00:00,03,14,2002,00,100.46
03.14.2002-03:00:00,03,14,2002,03,101.04
03.14.2002-06:00:00,03,14,2002,06,101.03
03.14.2002-09:00:00,03,14,2002,09,97.4
03.14.2002-12:00:00,03,14,2002,12,96.233
03.14.2002-15:00:00,03,14,2002,15,99.209
03.14.2002-18:00:00,03,14,2002,18,99.792
03.14.2002-21:00:00,03,14,2002,21,99.764
03.15.2002-00:00:00,03,15,2002,00,100.4
03.15.2002-03:00:00,03,15,2002,03,100.39
03.15.2002-06:00:00,03,15,2002,06,99.613
03.15.2002-09:00:00,03,15,2002,09,100.2
03.15.2002-12:00:00,03,15,2002,12,100.18
03.15.2002-15:00:00,03,15,2002,15,99.401
03.15.2002-18:00:00,03,15,2002,18,99.276
03.15.2002-21:00:00,03,15,2002,21,99.918
03.16.2002-00:00:00,03,16,2002,00,99.908
03.16.2002-03:00:00,03,16,2002,03,99.129
03.16.2002-06:00:00,03,16,2002,06,99.712
03.16.2002-09:00:00,03,16,2002,09,98.989
03.16.2002-12:00:00,03,16,2002,12,99.573
03.16.2002-15:00:00,03,16,2002,15,98.853
03.16.2002-18:00:00,03,16,2002,18,99.44
03.16.2002-21:00:00,03,16,2002,21,99.428
03.17.2002-00:00:00,03,17,2002,00,98.649
03.17.2002-03:00:00,03,17,2002,03,99.232
03.17.2002-06:00:00,03,17,2002,06,98.509
03.17.2002-09:00:00,03,17,2002,09,99.094
03.17.2002-12:00:00,03,17,2002,12,98.373
03.17.2002-15:00:00,03,17,2002,15,98.962
03.17.2002-18:00:00,03,17,2002,18,98.237
03.17.2002-21:00:00,03,17,2002,21,98.822
03.18.2002-00:00:00,03,18,2002,00,98.81
03.18.2002-03:00:00,03,18,2002,03,98.033
03.18.2002-06:00:00,03,18,2002,06,98.614
03.18.2002-09:00:00,03,18,2002,09,97.895
03.18.2002-12:00:00,03,18,2002,12,98.477
03.18.2002-15:00:00,03,18,2002,15,97.757
03.18.2002-18:00:00,03,18,2002,18,98.344
03.18.2002-21:00:00,03,18,2002,21,98.332
03.19.2002-00:00:00,03,19,2002,00,97.554
03.19.2002-03:00:00,03,19,2002,03,98.137
03.19.2002-06:00:00,03,19,2002,06,97.415
03.19.2002-09:00:00,03,19,2002,09,97.999
03.19.2002-12:00:00,03,19,2002,12,97.278
03.19.2002-15:00:00,03,19,2002,15,97.151
03.19.2002-18:00:00,03,19,2002,18,97.791
03.19.2002-21:00:00,03,19,2002,21,97.781
03.20.2002-00:00:00,03,20,2002,00,97.711
03.20.2002-03:00:00,03,20,2002,03,96.933
03.20.2002-06:00:00,03,20,2002,06,97.512
03.20.2002-09:00:00,03,20,2002,09,96.795
03.20.2002-12:00:00,03,20,2002,12,96.665
03.20.2002-15:00:00,03,20,2002,15,97.308
03.20.2002-18:00:00,03,20,2002,18,96.583
03.20.2002-21:00:00,03,20,2002,21,97.169
03.21.2002-00:00:00,03,21,2002,00,97.155
03.21.2002-03:00:00,03,21,2002,03,96.38
03.21.2002-06:00:00,03,21,2002,06,96.96
03.21.2002-09:00:00,03,21,2002,09,96.243
03.21.2002-12:00:00,03,21,2002,12,96.826
03.21.2002-15:00:00,03,21,2002,15,96.104
03.21.2002-18:00:00,03,21,2002,18,96.688
03.21.2002-21:00:00,03,21,2002,21,96.676
03.22.2002-00:00:00,03,22,2002,00,95.899
03.22.2002-03:00:00,03,22,2002,03,96.479
03.22.2002-06:00:00,03,22,2002,06,95.76
03.22.2002-09:00:00,03,22,2002,09,92.536
03.22.2002-12:00:00,03,22,2002,12,91.274
03.22.2002-15:00:00,03,22,2002,15,94.183
03.22.2002-18:00:00,03,22,2002,18,95.411
03.22.2002-21:00:00,03,22,2002,21,95.933
03.23.2002-00:00:00,03,23,2002,00,95.192
03.23.2002-03:00:00,03,23,2002,03,95.773
03.23.2002-06:00:00,03,23,2002,06,95.057
03.23.2002-09:00:00,03,23,2002,09,89.995
03.23.2002-12:00:00,03,23,2002,12,87.48
03.23.2002-15:00:00,03,23,2002,15,92.388
03.23.2002-18:00:00,03,23,2002,18,92.917
03.23.2002-21:00:00,03,23,2002,21,94.158
03.24.2002-00:00:00,03,24,2002,00,93.5
03.24.2002-03:00:00,03,24,2002,03,94.766
03.24.2002-06:00:00,03,24,2002,06,94.171
03.24.2002-09:00:00,03,24,2002,09,87.704
03.24.2002-12:00:00,03,24,2002,12,86.881
03.24.2002-15:00:00,03,24,2002,15,91.489
03.24.2002-18:00:00,03,24,2002,18,91.588
03.24.2002-21:00:00,03,24,2002,21,93.301
03.25.2002-00:00:00,03,25,2002,00,93.394
03.25.2002-03:00:00,03,25,2002,03,92.635
03.25.2002-06:00:00,03,25,2002,06,93.046
03.25.2002-09:00:00,03,25,2002,09,86.365
03.25.2002-12:00:00,03,25,2002,12,85.484
03.25.2002-15:00:00,03,25,2002,15,90.574
03.25.2002-18:00:00,03,25,2002,18,90.777
03.25.2002-21:00:00,03,25,2002,21,92.05
03.26.2002-00:00:00,03,26,2002,00,91.831
03.26.2002-03:00:00,03,26,2002,03,92.466
03.26.2002-06:00:00,03,26,2002,06,91.766
03.26.2002-09:00:00,03,26,2002,09,89.326
03.26.2002-12:00:00,03,26,2002,12,87.784
03.26.2002-15:00:00,03,26,2002,15,91.262
03.26.2002-18:00:00,03,26,2002,18,91.34
03.26.2002-21:00:00,03,26,2002,21,92.079
03.27.2002-00:00:00,03,27,2002,00,91.837
03.27.2002-03:00:00,03,27,2002,03,92.464
03.27.2002-06:00:00,03,27,2002,06,91.757
03.27.2002-09:00:00,03,27,2002,09,89.871
03.27.2002-12:00:00,03,27,2002,12,89.564
03.27.2002-15:00:00,03,27,2002,15,90.766
03.27.2002-18:00:00,03,27,2002,18,91.96
03.27.2002-21:00:00,03,27,2002,21,92.08
03.28.2002-00:00:00,03,28,2002,00,91.323
03.28.2002-03:00:00,03,28,2002,03,91.914
03.28.2002-06:00:00,03,28,2002,06,91.206
03.28.2002-09:00:00,03,28,2002,09,86.433
03.28.2002-12:00:00,03,28,2002,12,86.003
03.28.2002-15:00:00,03,28,2002,15,88.311
03.28.2002-18:00:00,03,28,2002,18,90.679
03.28.2002-21:00:00,03,28,2002,21,90.849
03.29.2002-00:00:00,03,29,2002,00,90.098
03.29.2002-03:00:00,03,29,2002,03,90.695
03.29.2002-06:00:00,03,29,2002,06,90.304
03.29.2002-09:00:00,03,29,2002,09,86.055
03.29.2002-12:00:00,03,29,2002,12,85.497
03.29.2002-15:00:00,03,29,2002,15,87.869
03.29.2002-18:00:00,03,29,2002,18,90.097
03.29.2002-21:00:00,03,29,2002,21,89.513
03.30.2002-00:00:00,03,30,2002,00,90.116
03.30.2002-03:00:00,03,30,2002,03,90.123
03.30.2002-06:00:00,03,30,2002,06,89.58
03.30.2002-09:00:00,03,30,2002,09,83.624
03.30.2002-12:00:00,03,30,2002,12,82.566
03.30.2002-15:00:00,03,30,2002,15,87.352
03.30.2002-18:00:00,03,30,2002,18,88.418
03.30.2002-21:00:00,03,30,2002,21,88.481
03.31.2002-00:00:00,03,31,2002,00,88.661
03.31.2002-03:00:00,03,31,2002,03,89.339
03.31.2002-06:00:00,03,31,2002,06,89.348
03.31.2002-09:00:00,03,31,2002,09,83.795
03.31.2002-12:00:00,03,31,2002,12,83.069
03.31.2002-15:00:00,03,31,2002,15,86.825
03.31.2002-18:00:00,03,31,2002,18,87.684
03.31.2002-21:00:00,03,31,2002,21,88.773
04.01.2002-00:00:00,04,01,2002,00,88.107
04.01.2002-03:00:00,04,01,2002,03,88.71
04.01.2002-06:00:00,04,01,2002,06,88.011
04.01.2002-09:00:00,04,01,2002,09,84.984
04.01.2002-12:00:00,04,01,2002,12,83.693
04.01.2002-15:00:00,04,01,2002,15,85.669
04.01.2002-18:00:00,04,01,2002,18,88.152
04.01.2002-21:00:00,04,01,2002,21,87.591
04.02.2002-00:00:00,04,02,2002,00,88.199
04.02.2002-03:00:00,04,02,2002,03,87.499
04.02.2002-06:00:00,04,02,2002,06,88.102
04.02.2002-09:00:00,04,02,2002,09,83.902
04.02.2002-12:00:00,04,02,2002,12,83.684
04.02.2002-15:00:00,04,02,2002,15,85.413
04.02.2002-18:00:00,04,02,2002,18,86.914
04.02.2002-21:00:00,04,02,2002,21,87.691
04.03.2002-00:00:00,04,03,2002,00,86.997
04.03.2002-03:00:00,04,03,2002,03,87.601
04.03.2002-06:00:00,04,03,2002,06,86.903
04.03.2002-09:00:00,04,03,2002,09,81.487
04.03.2002-12:00:00,04,03,2002,12,79.638
04.03.2002-15:00:00,04,03,2002,15,83.969
04.03.2002-18:00:00,04,03,2002,18,85.256
04.03.2002-21:00:00,04,03,2002,21,85.299
04.04.2002-00:00:00,04,04,2002,00,86.687
04.04.2002-03:00:00,04,04,2002,03,86.238
04.04.2002-06:00:00,04,04,2002,06,86.859
04.04.2002-09:00:00,04,04,2002,09,78.32
04.04.2002-12:00:00,04,04,2002,12,78.146
04.04.2002-15:00:00,04,04,2002,15,80.542
04.04.2002-18:00:00,04,04,2002,18,84.958
04.04.2002-21:00:00,04,04,2002,21,84.551
04.05.2002-00:00:00,04,05,2002,00,84.463
04.05.2002-03:00:00,04,05,2002,03,84.419
04.05.2002-06:00:00,04,05,2002,06,85.627
04.05.2002-09:00:00,04,05,2002,09,79.63
04.05.2002-12:00:00,04,05,2002,12,77.807
04.05.2002-15:00:00,04,05,2002,15,82.101
04.05.2002-18:00:00,04,05,2002,18,83.753
04.05.2002-21:00:00,04,05,2002,21,84.532
04.06.2002-00:00:00,04,06,2002,00,83.969
04.06.2002-03:00:00,04,06,2002,03,84.633
04.06.2002-06:00:00,04,06,2002,06,84.65
04.06.2002-09:00:00,04,06,2002,09,79.549
04.06.2002-12:00:00,04,06,2002,12,77.771
04.06.2002-15:00:00,04,06,2002,15,81.698
04.06.2002-18:00:00,04,06,2002,18,83.845
04.06.2002-21:00:00,04,06,2002,21,83.256
04.07.2002-00:00:00,04,07,2002,00,83.566
04.07.2002-03:00:00,04,07,2002,03,84.711
04.07.2002-06:00:00,04,07,2002,06,84.063
04.07.2002-09:00:00,04,07,2002,09,78.971
04.07.2002-12:00:00,04,07,2002,12,78.901
04.07.2002-15:00:00,04,07,2002,15,80.905
04.07.2002-18:00:00,04,07,2002,18,83.254
04.07.2002-21:00:00,04,07,2002,21,83.064
04.08.2002-00:00:00,04,08,2002,00,84.174
04.08.2002-03:00:00,04,08,2002,03,83.523
04.08.2002-06:00:00,04,08,2002,06,84.129
04.08.2002-09:00:00,04,08,2002,09,76.819
04.08.2002-12:00:00,04,08,2002,12,75.667
04.08.2002-15:00:00,04,08,2002,15,79.239
04.08.2002-18:00:00,04,08,2002,18,82.518
04.08.2002-21:00:00,04,08,2002,21,82.021
04.09.2002-00:00:00,04,09,2002,00,82.638
04.09.2002-03:00:00,04,09,2002,03,82.2
04.09.2002-06:00:00,04,09,2002,06,83.402
04.09.2002-09:00:00,04,09,2002,09,79.128
04.09.2002-12:00:00,04,09,2002,12,78.932
04.09.2002-15:00:00,04,09,2002,15,80.162
04.09.2002-18:00:00,04,09,2002,18,81.918
04.09.2002-21:00:00,04,09,2002,21,82.334
04.10.2002-00:00:00,04,10,2002,00,83.03
04.10.2002-03:00:00,04,10,2002,03,82.341
04.10.2002-06:00:00,04,10,2002,06,82.951
04.10.2002-09:00:00,04,10,2002,09,74.998
04.10.2002-12:00:00,04,10,2002,12,74.88
04.10.2002-15:00:00,04,10,2002,15,76.427
04.10.2002-18:00:00,04,10,2002,18,80.917
04.10.2002-21:00:00,04,10,2002,21,80.78
04.11.2002-00:00:00,04,11,2002,00,80.717
04.11.2002-03:00:00,04,11,2002,03,80.68
04.11.2002-06:00:00,04,11,2002,06,79.928
04.11.2002-09:00:00,04,11,2002,09,74.125
04.11.2002-12:00:00,04,11,2002,12,74.483
04.11.2002-15:00:00,04,11,2002,15,76.307
04.11.2002-18:00:00,04,11,2002,18,80.509
04.11.2002-21:00:00,04,11,2002,21,80.095
04.12.2002-00:00:00,04,12,2002,00,80.012
04.12.2002-03:00:00,04,12,2002,03,80.685
04.12.2002-06:00:00,04,12,2002,06,78.628
04.12.2002-09:00:00,04,12,2002,09,73.317
04.12.2002-12:00:00,04,12,2002,12,73.429
04.12.2002-15:00:00,04,12,2002,15,74.617
04.12.2002-18:00:00,04,12,2002,18,78.033
04.12.2002-21:00:00,04,12,2002,21,79.03
04.13.2002-00:00:00,04,13,2002,00,79.761
04.13.2002-03:00:00,04,13,2002,03,79.085
04.13.2002-06:00:00,04,13,2002,06,77.62
04.13.2002-09:00:00,04,13,2002,09,73.805
04.13.2002-12:00:00,04,13,2002,12,72.889
04.13.2002-15:00:00,04,13,2002,15,75.795
04.13.2002-18:00:00,04,13,2002,18,78.645
04.13.2002-21:00:00,04,13,2002,21,78.126
04.14.2002-00:00:00,04,14,2002,00,78.752
04.14.2002-03:00:00,04,14,2002,03,78.078
04.14.2002-06:00:00,04,14,2002,06,76.932
04.14.2002-09:00:00,04,14,2002,09,72.85
04.14.2002-12:00:00,04,14,2002,12,71.67
04.14.2002-15:00:00,04,14,2002,15,74.416
04.14.2002-18:00:00,04,14,2002,18,76.067
04.14.2002-21:00:00,04,14,2002,21,77.413
04.15.2002-00:00:00,04,15,2002,00,77.477
04.15.2002-03:00:00,04,15,2002,03,78.157
04.15.2002-06:00:00,04,15,2002,06,77.483
04.15.2002-09:00:00,04,15,2002,09,75.729
04.15.2002-12:00:00,04,15,2002,12,74.423
04.15.2002-15:00:00,04,15,2002,15,76.729
04.15.2002-18:00:00,04,15,2002,18,77.153
04.15.2002-21:00:00,04,15,2002,21,77.147
04.16.2002-00:00:00,04,16,2002,00,77.121
04.16.2002-03:00:00,04,16,2002,03,77.799
04.16.2002-06:00:00,04,16,2002,06,77.123
04.16.2002-09:00:00,04,16,2002,09,74.631
04.16.2002-12:00:00,04,16,2002,12,74.423
04.16.2002-15:00:00,04,16,2002,15,75.545
04.16.2002-18:00:00,04,16,2002,18,77.373
04.16.2002-21:00:00,04,16,2002,21,76.812
04.17.2002-00:00:00,04,17,2002,00,77.434
04.17.2002-03:00:00,04,17,2002,03,76.759
04.17.2002-06:00:00,04,17,2002,06,77.009
04.17.2002-09:00:00,04,17,2002,09,71.853
04.17.2002-12:00:00,04,17,2002,12,71.967
04.17.2002-15:00:00,04,17,2002,15,73.277
04.17.2002-18:00:00,04,17,2002,18,76.749
04.17.2002-21:00:00,04,17,2002,21,76.286
04.18.2002-00:00:00,04,18,2002,00,76.206
04.18.2002-03:00:00,04,18,2002,03,76.88
04.18.2002-06:00:00,04,18,2002,06,76.207
04.18.2002-09:00:00,04,18,2002,09,71.321
04.18.2002-12:00:00,04,18,2002,12,70.052
04.18.2002-15:00:00,04,18,2002,15,71.15
04.18.2002-18:00:00,04,18,2002,18,73.414
04.18.2002-21:00:00,04,18,2002,21,74.663
04.19.2002-00:00:00,04,19,2002,00,76.218
04.19.2002-03:00:00,04,19,2002,03,75.605
04.19.2002-06:00:00,04,19,2002,06,76.226
04.19.2002-09:00:00,04,19,2002,09,70.092
04.19.2002-12:00:00,04,19,2002,12,70.086
04.19.2002-15:00:00,04,19,2002,15,69.32
04.19.2002-18:00:00,04,19,2002,18,72.21
04.19.2002-21:00:00,04,19,2002,21,73.586
04.20.2002-00:00:00,04,20,2002,00,74.145
04.20.2002-03:00:00,04,20,2002,03,74.804
04.20.2002-06:00:00,04,20,2002,06,72.515
04.20.2002-09:00:00,04,20,2002,09,69.912
04.20.2002-12:00:00,04,20,2002,12,68.809
04.20.2002-15:00:00,04,20,2002,15,68.664
04.20.2002-18:00:00,04,20,2002,18,72.167
04.20.2002-21:00:00,04,20,2002,21,73.033
04.21.2002-00:00:00,04,21,2002,00,73.161
04.21.2002-03:00:00,04,21,2002,03,74.091
04.21.2002-06:00:00,04,21,2002,06,73.41
04.21.2002-09:00:00,04,21,2002,09,70.303
04.21.2002-12:00:00,04,21,2002,12,70.019
04.21.2002-15:00:00,04,21,2002,15,71.613
04.21.2002-18:00:00,04,21,2002,18,74.467
04.21.2002-21:00:00,04,21,2002,21,74.043
04.22.2002-00:00:00,04,22,2002,00,73.984
04.22.2002-03:00:00,04,22,2002,03,74.591
04.22.2002-06:00:00,04,22,2002,06,71.624
04.22.2002-09:00:00,04,22,2002,09,68.553
04.22.2002-12:00:00,04,22,2002,12,68.942
04.22.2002-15:00:00,04,22,2002,15,70.078
04.22.2002-18:00:00,04,22,2002,18,71.706
04.22.2002-21:00:00,04,22,2002,21,73.371
04.23.2002-00:00:00,04,23,2002,00,73.653
04.23.2002-03:00:00,04,23,2002,03,73.64
04.23.2002-06:00:00,04,23,2002,06,73.614
04.23.2002-09:00:00,04,23,2002,09,70.669
04.23.2002-12:00:00,04,23,2002,12,70.232
04.23.2002-15:00:00,04,23,2002,15,71.839
04.23.2002-18:00:00,04,23,2002,18,73.213
04.23.2002-21:00:00,04,23,2002,21,73.986
04.24.2002-00:00:00,04,24,2002,00,73.318
04.24.2002-03:00:00,04,24,2002,03,73.231
04.24.2002-06:00:00,04,24,2002,06,73.204
04.24.2002-09:00:00,04,24,2002,09,68.841
04.24.2002-12:00:00,04,24,2002,12,67.656
04.24.2002-15:00:00,04,24,2002,15,69.674
04.24.2002-18:00:00,04,24,2002,18,70.94
04.24.2002-21:00:00,04,24,2002,21,72.79
04.25.2002-00:00:00,04,25,2002,00,72.749
04.25.2002-03:00:00,04,25,2002,03,72.705
04.25.2002-06:00:00,04,25,2002,06,71.76
04.25.2002-09:00:00,04,25,2002,09,68.279
04.25.2002-12:00:00,04,25,2002,12,67.149
04.25.2002-15:00:00,04,25,2002,15,67.832
04.25.2002-18:00:00,04,25,2002,18,70.278
04.25.2002-21:00:00,04,25,2002,21,70.473
04.26.2002-00:00:00,04,26,2002,00,72.308
04.26.2002-03:00:00,04,26,2002,03,72.137
04.26.2002-06:00:00,04,26,2002,06,70.883
04.26.2002-09:00:00,04,26,2002,09,67.772
04.26.2002-12:00:00,04,26,2002,12,66.69
04.26.2002-15:00:00,04,26,2002,15,68.123
04.26.2002-18:00:00,04,26,2002,18,70.548
04.26.2002-21:00:00,04,26,2002,21,70.069
04.27.2002-00:00:00,04,27,2002,00,71.488
04.27.2002-03:00:00,04,27,2002,03,72.271
04.27.2002-06:00:00,04,27,2002,06,69.042
04.27.2002-09:00:00,04,27,2002,09,66.485
04.27.2002-12:00:00,04,27,2002,12,66.199
04.27.2002-15:00:00,04,27,2002,15,66.865
04.27.2002-18:00:00,04,27,2002,18,69.427
04.27.2002-21:00:00,04,27,2002,21,69.698
04.28.2002-00:00:00,04,28,2002,00,70.44
04.28.2002-03:00:00,04,28,2002,03,71.137
04.28.2002-06:00:00,04,28,2002,06,69.809
04.28.2002-09:00:00,04,28,2002,09,66.353
04.28.2002-12:00:00,04,28,2002,12,66.141
04.28.2002-15:00:00,04,28,2002,15,67.026
04.28.2002-18:00:00,04,28,2002,18,67.511
04.28.2002-21:00:00,04,28,2002,21,69.77
04.29.2002-00:00:00,04,29,2002,00,69.959
04.29.2002-03:00:00,04,29,2002,03,69.961
04.29.2002-06:00:00,04,29,2002,06,68.814
04.29.2002-09:00:00,04,29,2002,09,66.537
04.29.2002-12:00:00,04,29,2002,12,66.697
04.29.2002-15:00:00,04,29,2002,15,67.756
04.29.2002-18:00:00,04,29,2002,18,67.466
04.29.2002-21:00:00,04,29,2002,21,70.302
04.30.2002-00:00:00,04,30,2002,00,71.766
04.30.2002-03:00:00,04,30,2002,03,71.078
04.30.2002-06:00:00,04,30,2002,06,68.129
04.30.2002-09:00:00,04,30,2002,09,71.034
04.30.2002-12:00:00,04,30,2002,12,101.62
04.30.2002-15:00:00,04,30,2002,15,94.83
04.30.2002-18:00:00,04,30,2002,18,87.748
04.30.2002-21:00:00,04,30,2002,21,81.939
05.01.2002-00:00:00,05,01,2002,00,76.116
05.01.2002-03:00:00,05,01,2002,03,74.549
05.01.2002-06:00:00,05,01,2002,06,73.06
05.01.2002-09:00:00,05,01,2002,09,105.65
05.01.2002-12:00:00,05,01,2002,12,191.16
05.01.2002-15:00:00,05,01,2002,15,129.55
05.01.2002-18:00:00,05,01,2002,18,113.39
05.01.2002-21:00:00,05,01,2002,21,89.62
05.02.2002-00:00:00,05,02,2002,00,88.355
05.02.2002-03:00:00,05,02,2002,03,80.793
05.02.2002-06:00:00,05,02,2002,06,135.9
05.02.2002-09:00:00,05,02,2002,09,362.09
05.02.2002-12:00:00,05,02,2002,12,425.45
05.02.2002-15:00:00,05,02,2002,15,195.81
05.02.2002-18:00:00,05,02,2002,18,141.59
05.02.2002-21:00:00,05,02,2002,21,107.57
05.03.2002-00:00:00,05,03,2002,00,96.464
05.03.2002-03:00:00,05,03,2002,03,88.387
05.03.2002-06:00:00,05,03,2002,06,88.567
05.03.2002-09:00:00,05,03,2002,09,86.529
05.03.2002-12:00:00,05,03,2002,12,264.99
05.03.2002-15:00:00,05,03,2002,15,150.14
05.03.2002-18:00:00,05,03,2002,18,96.052
05.03.2002-21:00:00,05,03,2002,21,91.747
05.04.2002-00:00:00,05,04,2002,00,91.157
05.04.2002-03:00:00,05,04,2002,03,90.588
05.04.2002-06:00:00,05,04,2002,06,90.607
05.04.2002-09:00:00,05,04,2002,09,87.268
05.04.2002-12:00:00,05,04,2002,12,86.035
05.04.2002-15:00:00,05,04,2002,15,87.571
05.04.2002-18:00:00,05,04,2002,18,91.61
05.04.2002-21:00:00,05,04,2002,21,89.508
05.05.2002-00:00:00,05,05,2002,00,90.228
05.05.2002-03:00:00,05,05,2002,03,90.967
05.05.2002-06:00:00,05,05,2002,06,90.288
05.05.2002-09:00:00,05,05,2002,09,85.824
05.05.2002-12:00:00,05,05,2002,12,124.13
05.05.2002-15:00:00,05,05,2002,15,107.25
05.05.2002-18:00:00,05,05,2002,18,91.919
05.05.2002-21:00:00,05,05,2002,21,90.182
05.06.2002-00:00:00,05,06,2002,00,90.297
05.06.2002-03:00:00,05,06,2002,03,90.786
05.06.2002-06:00:00,05,06,2002,06,91.651
05.06.2002-09:00:00,05,06,2002,09,87.291
05.06.2002-12:00:00,05,06,2002,12,86.636
05.06.2002-15:00:00,05,06,2002,15,88.708
05.06.2002-18:00:00,05,06,2002,18,89.119
05.06.2002-21:00:00,05,06,2002,21,90.17
05.07.2002-00:00:00,05,07,2002,00,91.279
05.07.2002-03:00:00,05,07,2002,03,90.66
05.07.2002-06:00:00,05,07,2002,06,90.599
05.07.2002-09:00:00,05,07,2002,09,86.497
05.07.2002-12:00:00,05,07,2002,12,97.548
05.07.2002-15:00:00,05,07,2002,15,88.481
05.07.2002-18:00:00,05,07,2002,18,89.565
05.07.2002-21:00:00,05,07,2002,21,89.043
05.08.2002-00:00:00,05,08,2002,00,90.804
05.08.2002-03:00:00,05,08,2002,03,90.367
05.08.2002-06:00:00,05,08,2002,06,90.441
05.08.2002-09:00:00,05,08,2002,09,85.911
05.08.2002-12:00:00,05,08,2002,12,143.11
05.08.2002-15:00:00,05,08,2002,15,93.098
05.08.2002-18:00:00,05,08,2002,18,89.023
05.08.2002-21:00:00,05,08,2002,21,88.98
05.09.2002-00:00:00,05,09,2002,00,89.712
05.09.2002-03:00:00,05,09,2002,03,89.728
05.09.2002-06:00:00,05,09,2002,06,90.297
05.09.2002-09:00:00,05,09,2002,09,85.925
05.09.2002-12:00:00,05,09,2002,12,85.347
05.09.2002-15:00:00,05,09,2002,15,85.958
05.09.2002-18:00:00,05,09,2002,18,87.882
05.09.2002-21:00:00,05,09,2002,21,88.571
05.10.2002-00:00:00,05,10,2002,00,89.391
05.10.2002-03:00:00,05,10,2002,03,88.832
05.10.2002-06:00:00,05,10,2002,06,87.796
05.10.2002-09:00:00,05,10,2002,09,86.153
05.10.2002-12:00:00,05,10,2002,12,85.107
05.10.2002-15:00:00,05,10,2002,15,85.13
05.10.2002-18:00:00,05,10,2002,18,85.324
05.10.2002-21:00:00,05,10,2002,21,88.043
05.11.2002-00:00:00,05,11,2002,00,89.535
05.11.2002-03:00:00,05,11,2002,03,89.08
05.11.2002-06:00:00,05,11,2002,06,86.565
05.11.2002-09:00:00,05,11,2002,09,203.75
05.11.2002-12:00:00,05,11,2002,12,439.96
05.11.2002-15:00:00,05,11,2002,15,224.25
05.11.2002-18:00:00,05,11,2002,18,138.32
05.11.2002-21:00:00,05,11,2002,21,114.21
05.12.2002-00:00:00,05,12,2002,00,105.51
05.12.2002-03:00:00,05,12,2002,03,98.77
05.12.2002-06:00:00,05,12,2002,06,112.46
05.12.2002-09:00:00,05,12,2002,09,492.85
05.12.2002-12:00:00,05,12,2002,12,526.03
05.12.2002-15:00:00,05,12,2002,15,225.99
05.12.2002-18:00:00,05,12,2002,18,152.89
05.12.2002-21:00:00,05,12,2002,21,128.99
05.13.2002-00:00:00,05,13,2002,00,121.23
05.13.2002-03:00:00,05,13,2002,03,115.5
05.13.2002-06:00:00,05,13,2002,06,230.2
05.13.2002-09:00:00,05,13,2002,09,628.62
05.13.2002-12:00:00,05,13,2002,12,657.19
05.13.2002-15:00:00,05,13,2002,15,369.32
05.13.2002-18:00:00,05,13,2002,18,242.13
05.13.2002-21:00:00,05,13,2002,21,198.75
05.14.2002-00:00:00,05,14,2002,00,176.36
05.14.2002-03:00:00,05,14,2002,03,145.15
05.14.2002-06:00:00,05,14,2002,06,141.38
05.14.2002-09:00:00,05,14,2002,09,333.13
05.14.2002-12:00:00,05,14,2002,12,505.93
05.14.2002-15:00:00,05,14,2002,15,328.34
05.14.2002-18:00:00,05,14,2002,18,242.37
05.14.2002-21:00:00,05,14,2002,21,205.7
05.15.2002-00:00:00,05,15,2002,00,184.62
05.15.2002-03:00:00,05,15,2002,03,184.95
05.15.2002-06:00:00,05,15,2002,06,177.78
05.15.2002-09:00:00,05,15,2002,09,208.16
05.15.2002-12:00:00,05,15,2002,12,536.59
05.15.2002-15:00:00,05,15,2002,15,449.13
05.15.2002-18:00:00,05,15,2002,18,291.72
05.15.2002-21:00:00,05,15,2002,21,231.11
05.16.2002-00:00:00,05,16,2002,00,207.64
05.16.2002-03:00:00,05,16,2002,03,207.88
05.16.2002-06:00:00,05,16,2002,06,195.05
05.16.2002-09:00:00,05,16,2002,09,277.93
05.16.2002-12:00:00,05,16,2002,12,834.16
05.16.2002-15:00:00,05,16,2002,15,555.14
05.16.2002-18:00:00,05,16,2002,18,374.37
05.16.2002-21:00:00,05,16,2002,21,296.9
05.17.2002-00:00:00,05,17,2002,00,293.95
05.17.2002-03:00:00,05,17,2002,03,280.99
05.17.2002-06:00:00,05,17,2002,06,542.24
05.17.2002-09:00:00,05,17,2002,09,1062.2
05.17.2002-12:00:00,05,17,2002,12,1173.1
05.17.2002-15:00:00,05,17,2002,15,862.31
05.17.2002-18:00:00,05,17,2002,18,611.83
05.17.2002-21:00:00,05,17,2002,21,480.01
05.18.2002-00:00:00,05,18,2002,00,388.7
05.18.2002-03:00:00,05,18,2002,03,346.25
05.18.2002-06:00:00,05,18,2002,06,542.88
05.18.2002-09:00:00,05,18,2002,09,1130.4
05.18.2002-12:00:00,05,18,2002,12,1458.9
05.18.2002-15:00:00,05,18,2002,15,1203.6
05.18.2002-18:00:00,05,18,2002,18,934.28
05.18.2002-21:00:00,05,18,2002,21,631.6
05.19.2002-00:00:00,05,19,2002,00,554.62
05.19.2002-03:00:00,05,19,2002,03,518.73
05.19.2002-06:00:00,05,19,2002,06,735.58
05.19.2002-09:00:00,05,19,2002,09,1493.2
05.19.2002-12:00:00,05,19,2002,12,1920.4
05.19.2002-15:00:00,05,19,2002,15,1638.2
05.19.2002-18:00:00,05,19,2002,18,1197.5
05.19.2002-21:00:00,05,19,2002,21,918.07
05.20.2002-00:00:00,05,20,2002,00,1120.1
05.20.2002-03:00:00,05,20,2002,03,1349.2
05.20.2002-06:00:00,05,20,2002,06,1768.9
05.20.2002-09:00:00,05,20,2002,09,2618.2
05.20.2002-12:00:00,05,20,2002,12,3313.1
05.20.2002-15:00:00,05,20,2002,15,3225.1
05.20.2002-18:00:00,05,20,2002,18,2856.2
05.20.2002-21:00:00,05,20,2002,21,2617.5
05.21.2002-00:00:00,05,21,2002,00,2357.6
05.21.2002-03:00:00,05,21,2002,03,2184.4
05.21.2002-06:00:00,05,21,2002,06,2230.7
05.21.2002-09:00:00,05,21,2002,09,2555.8
05.21.2002-12:00:00,05,21,2002,12,2933.6
05.21.2002-15:00:00,05,21,2002,15,3051.3
05.21.2002-18:00:00,05,21,2002,18,2997.4
05.21.2002-21:00:00,05,21,2002,21,2905.1
05.22.2002-00:00:00,05,22,2002,00,2496.4
05.22.2002-03:00:00,05,22,2002,03,2363.6
05.22.2002-06:00:00,05,22,2002,06,2408.2
05.22.2002-09:00:00,05,22,2002,09,2636.6
05.22.2002-12:00:00,05,22,2002,12,2926.2
05.22.2002-15:00:00,05,22,2002,15,2939.3
05.22.2002-18:00:00,05,22,2002,18,2850.6
05.22.2002-21:00:00,05,22,2002,21,2728.9
05.23.2002-00:00:00,05,23,2002,00,2468.5
05.23.2002-03:00:00,05,23,2002,03,2244.2
05.23.2002-06:00:00,05,23,2002,06,2656.6
05.23.2002-09:00:00,05,23,2002,09,3792.5
05.23.2002-12:00:00,05,23,2002,12,5030.8
05.23.2002-15:00:00,05,23,2002,15,4968.9
05.23.2002-18:00:00,05,23,2002,18,4560
05.23.2002-21:00:00,05,23,2002,21,3982.3
05.24.2002-00:00:00,05,24,2002,00,3472.8
05.24.2002-03:00:00,05,24,2002,03,3081.9
05.24.2002-06:00:00,05,24,2002,06,2852.1
05.24.2002-09:00:00,05,24,2002,09,3321.3
05.24.2002-12:00:00,05,24,2002,12,4907.9
05.24.2002-15:00:00,05,24,2002,15,5032.6
05.24.2002-18:00:00,05,24,2002,18,4750.9
05.24.2002-21:00:00,05,24,2002,21,3858.5
05.25.2002-00:00:00,05,25,2002,00,3512.4
05.25.2002-03:00:00,05,25,2002,03,3062.8
05.25.2002-06:00:00,05,25,2002,06,3487.5
05.25.2002-09:00:00,05,25,2002,09,4703.6
05.25.2002-12:00:00,05,25,2002,12,6140.5
05.25.2002-15:00:00,05,25,2002,15,6253.7
05.25.2002-18:00:00,05,25,2002,18,5816.9
05.25.2002-21:00:00,05,25,2002,21,5102.6
05.26.2002-00:00:00,05,26,2002,00,4468.4
05.26.2002-03:00:00,05,26,2002,03,3896.4
05.26.2002-06:00:00,05,26,2002,06,3942.3
05.26.2002-09:00:00,05,26,2002,09,5222
05.26.2002-12:00:00,05,26,2002,12,7025.6
05.26.2002-15:00:00,05,26,2002,15,7242
05.26.2002-18:00:00,05,26,2002,18,6788.4
05.26.2002-21:00:00,05,26,2002,21,5976.6
05.27.2002-00:00:00,05,27,2002,00,5357.9
05.27.2002-03:00:00,05,27,2002,03,4831
05.27.2002-06:00:00,05,27,2002,06,5029.8
05.27.2002-09:00:00,05,27,2002,09,6492.6
05.27.2002-12:00:00,05,27,2002,12,8374.6
05.27.2002-15:00:00,05,27,2002,15,8741.2
05.27.2002-18:00:00,05,27,2002,18,8542.7
05.27.2002-21:00:00,05,27,2002,21,7921.2
05.28.2002-00:00:00,05,28,2002,00,7466
05.28.2002-03:00:00,05,28,2002,03,7109.6
05.28.2002-06:00:00,05,28,2002,06,7698
05.28.2002-09:00:00,05,28,2002,09,9285.1
05.28.2002-12:00:00,05,28,2002,12,11000
05.28.2002-15:00:00,05,28,2002,15,11420
05.28.2002-18:00:00,05,28,2002,18,11480
05.28.2002-21:00:00,05,28,2002,21,10922
05.29.2002-00:00:00,05,29,2002,00,10139
05.29.2002-03:00:00,05,29,2002,03,9372.6
05.29.2002-06:00:00,05,29,2002,06,9381.3
05.29.2002-09:00:00,05,29,2002,09,10511
05.29.2002-12:00:00,05,29,2002,12,11916
05.29.2002-15:00:00,05,29,2002,15,12122
05.29.2002-18:00:00,05,29,2002,18,11781
05.29.2002-21:00:00,05,29,2002,21,10858
05.30.2002-00:00:00,05,30,2002,00,10001
05.30.2002-03:00:00,05,30,2002,03,9091.8
05.30.2002-06:00:00,05,30,2002,06,8777.3
05.30.2002-09:00:00,05,30,2002,09,10027
05.30.2002-12:00:00,05,30,2002,12,11777
05.30.2002-15:00:00,05,30,2002,15,12125
05.30.2002-18:00:00,05,30,2002,18,11834
05.30.2002-21:00:00,05,30,2002,21,10946
05.31.2002-00:00:00,05,31,2002,00,10175
05.31.2002-03:00:00,05,31,2002,03,9382.4
05.31.2002-06:00:00,05,31,2002,06,9177.1
05.31.2002-09:00:00,05,31,2002,09,10160
05.31.2002-12:00:00,05,31,2002,12,11517
05.31.2002-15:00:00,05,31,2002,15,11820
05.31.2002-18:00:00,05,31,2002,18,11531
05.31.2002-21:00:00,05,31,2002,21,10905
06.01.2002-00:00:00,06,01,2002,00,10277
06.01.2002-03:00:00,06,01,2002,03,9550.2
06.01.2002-06:00:00,06,01,2002,06,9551.6
06.01.2002-09:00:00,06,01,2002,09,10825
06.01.2002-12:00:00,06,01,2002,12,12696
06.01.2002-15:00:00,06,01,2002,15,13234
06.01.2002-18:00:00,06,01,2002,18,13029
06.01.2002-21:00:00,06,01,2002,21,12357
06.02.2002-00:00:00,06,02,2002,00,11788
06.02.2002-03:00:00,06,02,2002,03,11215
06.02.2002-06:00:00,06,02,2002,06,11499
06.02.2002-09:00:00,06,02,2002,09,12806
06.02.2002-12:00:00,06,02,2002,12,14506
06.02.2002-15:00:00,06,02,2002,15,14934
06.02.2002-18:00:00,06,02,2002,18,14686
06.02.2002-21:00:00,06,02,2002,21,13873
06.03.2002-00:00:00,06,03,2002,00,13312
06.03.2002-03:00:00,06,03,2002,03,12482
06.03.2002-06:00:00,06,03,2002,06,12562
06.03.2002-09:00:00,06,03,2002,09,13609
06.03.2002-12:00:00,06,03,2002,12,15083
06.03.2002-15:00:00,06,03,2002,15,15085
06.03.2002-18:00:00,06,03,2002,18,14811
06.03.2002-21:00:00,06,03,2002,21,14165
06.04.2002-00:00:00,06,04,2002,00,13712
06.04.2002-03:00:00,06,04,2002,03,13194
06.04.2002-06:00:00,06,04,2002,06,13716
06.04.2002-09:00:00,06,04,2002,09,14736
06.04.2002-12:00:00,06,04,2002,12,16075
06.04.2002-15:00:00,06,04,2002,15,16245
06.04.2002-18:00:00,06,04,2002,18,16084
06.04.2002-21:00:00,06,04,2002,21,15702
06.05.2002-00:00:00,06,05,2002,00,15380
06.05.2002-03:00:00,06,05,2002,03,15089
06.05.2002-06:00:00,06,05,2002,06,15591
06.05.2002-09:00:00,06,05,2002,09,16398
06.05.2002-12:00:00,06,05,2002,12,17458
06.05.2002-15:00:00,06,05,2002,15,17183
06.05.2002-18:00:00,06,05,2002,18,16721
06.05.2002-21:00:00,06,05,2002,21,16060
06.06.2002-00:00:00,06,06,2002,00,15891
06.06.2002-03:00:00,06,06,2002,03,15244
06.06.2002-06:00:00,06,06,2002,06,15089
06.06.2002-09:00:00,06,06,2002,09,15123
06.06.2002-12:00:00,06,06,2002,12,15338
06.06.2002-15:00:00,06,06,2002,15,14670
06.06.2002-18:00:00,06,06,2002,18,14098
06.06.2002-21:00:00,06,06,2002,21,13066
06.07.2002-00:00:00,06,07,2002,00,12523
06.07.2002-03:00:00,06,07,2002,03,11721
06.07.2002-06:00:00,06,07,2002,06,11127
06.07.2002-09:00:00,06,07,2002,09,10633
06.07.2002-12:00:00,06,07,2002,12,10987
06.07.2002-15:00:00,06,07,2002,15,10400
06.07.2002-18:00:00,06,07,2002,18,9681.6
06.07.2002-21:00:00,06,07,2002,21,8886.8
06.08.2002-00:00:00,06,08,2002,00,8486.4
06.08.2002-03:00:00,06,08,2002,03,7960
06.08.2002-06:00:00,06,08,2002,06,7628
06.08.2002-09:00:00,06,08,2002,09,7063.2
06.08.2002-12:00:00,06,08,2002,12,6758.8
06.08.2002-15:00:00,06,08,2002,15,6562.3
06.08.2002-18:00:00,06,08,2002,18,6319.2
06.08.2002-21:00:00,06,08,2002,21,5985.1
06.09.2002-00:00:00,06,09,2002,00,5666.1
06.09.2002-03:00:00,06,09,2002,03,5477.1
06.09.2002-06:00:00,06,09,2002,06,5547.4
06.09.2002-09:00:00,06,09,2002,09,6989.3
06.09.2002-12:00:00,06,09,2002,12,8500.1
06.09.2002-15:00:00,06,09,2002,15,8848.1
06.09.2002-18:00:00,06,09,2002,18,8753.7
06.09.2002-21:00:00,06,09,2002,21,8668.7
06.10.2002-00:00:00,06,10,2002,00,8604.5
06.10.2002-03:00:00,06,10,2002,03,8552.4
06.10.2002-06:00:00,06,10,2002,06,8925.2
06.10.2002-09:00:00,06,10,2002,09,10290
06.10.2002-12:00:00,06,10,2002,12,11705
06.10.2002-15:00:00,06,10,2002,15,11929
06.10.2002-18:00:00,06,10,2002,18,11790
06.10.2002-21:00:00,06,10,2002,21,11529
06.11.2002-00:00:00,06,11,2002,00,11464
06.11.2002-03:00:00,06,11,2002,03,11293
06.11.2002-06:00:00,06,11,2002,06,11349
06.11.2002-09:00:00,06,11,2002,09,12370
06.11.2002-12:00:00,06,11,2002,12,13290
06.11.2002-15:00:00,06,11,2002,15,13133
06.11.2002-18:00:00,06,11,2002,18,12676
06.11.2002-21:00:00,06,11,2002,21,12067
06.12.2002-00:00:00,06,12,2002,00,11858
06.12.2002-03:00:00,06,12,2002,03,11484
06.12.2002-06:00:00,06,12,2002,06,11617
06.12.2002-09:00:00,06,12,2002,09,12427
06.12.2002-12:00:00,06,12,2002,12,13439
06.12.2002-15:00:00,06,12,2002,15,13303
06.12.2002-18:00:00,06,12,2002,18,12943
06.12.2002-21:00:00,06,12,2002,21,12494
06.13.2002-00:00:00,06,13,2002,00,12461
06.13.2002-03:00:00,06,13,2002,03,12256
06.13.2002-06:00:00,06,13,2002,06,12515
06.13.2002-09:00:00,06,13,2002,09,13248
06.13.2002-12:00:00,06,13,2002,12,14373
06.13.2002-15:00:00,06,13,2002,15,14122
06.13.2002-18:00:00,06,13,2002,18,13698
06.13.2002-21:00:00,06,13,2002,21,13226
06.14.2002-00:00:00,06,14,2002,00,13003
06.14.2002-03:00:00,06,14,2002,03,12722
06.14.2002-06:00:00,06,14,2002,06,12712
06.14.2002-09:00:00,06,14,2002,09,13137
06.14.2002-12:00:00,06,14,2002,12,13904
06.14.2002-15:00:00,06,14,2002,15,13476
06.14.2002-18:00:00,06,14,2002,18,13530
06.14.2002-21:00:00,06,14,2002,21,12887
06.15.2002-00:00:00,06,15,2002,00,12980
06.15.2002-03:00:00,06,15,2002,03,12865
06.15.2002-06:00:00,06,15,2002,06,12740
06.15.2002-09:00:00,06,15,2002,09,13211
06.15.2002-12:00:00,06,15,2002,12,13756
06.15.2002-15:00:00,06,15,2002,15,13432
06.15.2002-18:00:00,06,15,2002,18,13445
06.15.2002-21:00:00,06,15,2002,21,13047
06.16.2002-00:00:00,06,16,2002,00,12899
06.16.2002-03:00:00,06,16,2002,03,12723
06.16.2002-06:00:00,06,16,2002,06,12338
06.16.2002-09:00:00,06,16,2002,09,12162
06.16.2002-12:00:00,06,16,2002,12,12210
06.16.2002-15:00:00,06,16,2002,15,11763
06.16.2002-18:00:00,06,16,2002,18,11770
06.16.2002-21:00:00,06,16,2002,21,11371
06.17.2002-00:00:00,06,17,2002,00,11282
06.17.2002-03:00:00,06,17,2002,03,10773
06.17.2002-06:00:00,06,17,2002,06,10315
06.17.2002-09:00:00,06,17,2002,09,9746.4
06.17.2002-12:00:00,06,17,2002,12,9358.1
06.17.2002-15:00:00,06,17,2002,15,8948.2
06.17.2002-18:00:00,06,17,2002,18,8797.8
06.17.2002-21:00:00,06,17,2002,21,8624.7
06.18.2002-00:00:00,06,18,2002,00,8527.9
06.18.2002-03:00:00,06,18,2002,03,8272.8
06.18.2002-06:00:00,06,18,2002,06,7842.1
06.18.2002-09:00:00,06,18,2002,09,7277.4
06.18.2002-12:00:00,06,18,2002,12,6780.6
06.18.2002-15:00:00,06,18,2002,15,6519.4
06.18.2002-18:00:00,06,18,2002,18,6425.9
06.18.2002-21:00:00,06,18,2002,21,6398.5
06.19.2002-00:00:00,06,19,2002,00,6475
06.19.2002-03:00:00,06,19,2002,03,6246.7
06.19.2002-06:00:00,06,19,2002,06,5870.3
06.19.2002-09:00:00,06,19,2002,09,5383.6
06.19.2002-12:00:00,06,19,2002,12,5011.3
06.19.2002-15:00:00,06,19,2002,15,4822.1
06.19.2002-18:00:00,06,19,2002,18,4858.5
06.19.2002-21:00:00,06,19,2002,21,5159.5
06.20.2002-00:00:00,06,20,2002,00,5316.1
06.20.2002-03:00:00,06,20,2002,03,5374.8
06.20.2002-06:00:00,06,20,2002,06,4829.7
06.20.2002-09:00:00,06,20,2002,09,4226.5
06.20.2002-12:00:00,06,20,2002,12,3921.7
06.20.2002-15:00:00,06,20,2002,15,3876.4
06.20.2002-18:00:00,06,20,2002,18,4068.5
06.20.2002-21:00:00,06,20,2002,21,4361.4
06.21.2002-00:00:00,06,21,2002,00,4512.4
06.21.2002-03:00:00,06,21,2002,03,4680.1
06.21.2002-06:00:00,06,21,2002,06,4116.8
06.21.2002-09:00:00,06,21,2002,09,3693.8
06.21.2002-12:00:00,06,21,2002,12,3299.2
06.21.2002-15:00:00,06,21,2002,15,3410.6
06.21.2002-18:00:00,06,21,2002,18,3419
06.21.2002-21:00:00,06,21,2002,21,3702.2
06.22.2002-00:00:00,06,22,2002,00,3820
06.22.2002-03:00:00,06,22,2002,03,3914.7
06.22.2002-06:00:00,06,22,2002,06,3596.8
06.22.2002-09:00:00,06,22,2002,09,3254.3
06.22.2002-12:00:00,06,22,2002,12,2954.2
06.22.2002-15:00:00,06,22,2002,15,3000.4
06.22.2002-18:00:00,06,22,2002,18,3021.6
06.22.2002-21:00:00,06,22,2002,21,3191.9
06.23.2002-00:00:00,06,23,2002,00,3329
06.23.2002-03:00:00,06,23,2002,03,3380.7
06.23.2002-06:00:00,06,23,2002,06,3059.1
06.23.2002-09:00:00,06,23,2002,09,2808.1
06.23.2002-12:00:00,06,23,2002,12,2626.7
06.23.2002-15:00:00,06,23,2002,15,2701.2
06.23.2002-18:00:00,06,23,2002,18,2707.9
06.23.2002-21:00:00,06,23,2002,21,2806.7
06.24.2002-00:00:00,06,24,2002,00,2976.4
06.24.2002-03:00:00,06,24,2002,03,2953.2
06.24.2002-06:00:00,06,24,2002,06,2700.8
06.24.2002-09:00:00,06,24,2002,09,2489.2
06.24.2002-12:00:00,06,24,2002,12,2246.6
06.24.2002-15:00:00,06,24,2002,15,2348.9
06.24.2002-18:00:00,06,24,2002,18,2380.5
06.24.2002-21:00:00,06,24,2002,21,2443.1
06.25.2002-00:00:00,06,25,2002,00,2535.4
06.25.2002-03:00:00,06,25,2002,03,2441.6
06.25.2002-06:00:00,06,25,2002,06,2243.8
06.25.2002-09:00:00,06,25,2002,09,1925.9
06.25.2002-12:00:00,06,25,2002,12,1913.6
06.25.2002-15:00:00,06,25,2002,15,1920.2
06.25.2002-18:00:00,06,25,2002,18,2077.2
06.25.2002-21:00:00,06,25,2002,21,2134.1
06.26.2002-00:00:00,06,26,2002,00,2234.5
06.26.2002-03:00:00,06,26,2002,03,2167.4
06.26.2002-06:00:00,06,26,2002,06,1916.9
06.26.2002-09:00:00,06,26,2002,09,1693.6
06.26.2002-12:00:00,06,26,2002,12,1661.7
06.26.2002-15:00:00,06,26,2002,15,1677.2
06.26.2002-18:00:00,06,26,2002,18,1761.1
06.26.2002-21:00:00,06,26,2002,21,1873
06.27.2002-00:00:00,06,27,2002,00,1917.6
06.27.2002-03:00:00,06,27,2002,03,1833.5
06.27.2002-06:00:00,06,27,2002,06,1593.6
06.27.2002-09:00:00,06,27,2002,09,1379.4
06.27.2002-12:00:00,06,27,2002,12,1327.1
06.27.2002-15:00:00,06,27,2002,15,1359.8
06.27.2002-18:00:00,06,27,2002,18,1482.1
06.27.2002-21:00:00,06,27,2002,21,1615.3
06.28.2002-00:00:00,06,28,2002,00,1687.9
06.28.2002-03:00:00,06,28,2002,03,1712.2
06.28.2002-06:00:00,06,28,2002,06,1640.3
06.28.2002-09:00:00,06,28,2002,09,1512.3
06.28.2002-12:00:00,06,28,2002,12,1484.7
06.28.2002-15:00:00,06,28,2002,15,1526.1
06.28.2002-18:00:00,06,28,2002,18,1622.1
06.28.2002-21:00:00,06,28,2002,21,1765.9
06.29.2002-00:00:00,06,29,2002,00,1898.9
06.29.2002-03:00:00,06,29,2002,03,1979.9
06.29.2002-06:00:00,06,29,2002,06,1964.8
06.29.2002-09:00:00,06,29,2002,09,1916.9
06.29.2002-12:00:00,06,29,2002,12,1870.9
06.29.2002-15:00:00,06,29,2002,15,1920.5
06.29.2002-18:00:00,06,29,2002,18,2014.2
06.29.2002-21:00:00,06,29,2002,21,2085
06.30.2002-00:00:00,06,30,2002,00,2070
06.30.2002-03:00:00,06,30,2002,03,2049.3
06.30.2002-06:00:00,06,30,2002,06,1930.4
06.30.2002-09:00:00,06,30,2002,09,1767.3
06.30.2002-12:00:00,06,30,2002,12,1637.1
06.30.2002-15:00:00,06,30,2002,15,1665.2
06.30.2002-18:00:00,06,30,2002,18,1691.2
06.30.2002-21:00:00,06,30,2002,21,1748.2
07.01.2002-00:00:00,07,01,2002,00,1766.7
07.01.2002-03:00:00,07,01,2002,03,1748.2
07.01.2002-06:00:00,07,01,2002,06,1601.6
07.01.2002-09:00:00,07,01,2002,09,1438
07.01.2002-12:00:00,07,01,2002,12,1316.6
07.01.2002-15:00:00,07,01,2002,15,1369.9
07.01.2002-18:00:00,07,01,2002,18,1423.8
07.01.2002-21:00:00,07,01,2002,21,1531.7
07.02.2002-00:00:00,07,02,2002,00,1555.8
07.02.2002-03:00:00,07,02,2002,03,1566.8
07.02.2002-06:00:00,07,02,2002,06,1374.6
07.02.2002-09:00:00,07,02,2002,09,1192.5
07.02.2002-12:00:00,07,02,2002,12,1148.2
07.02.2002-15:00:00,07,02,2002,15,1203.7
07.02.2002-18:00:00,07,02,2002,18,1303.1
07.02.2002-21:00:00,07,02,2002,21,1392.8
07.03.2002-00:00:00,07,03,2002,00,1448
07.03.2002-03:00:00,07,03,2002,03,1392.1
07.03.2002-06:00:00,07,03,2002,06,1239.9
07.03.2002-09:00:00,07,03,2002,09,1080.7
07.03.2002-12:00:00,07,03,2002,12,1022.1
07.03.2002-15:00:00,07,03,2002,15,1100
07.03.2002-18:00:00,07,03,2002,18,1192.5
07.03.2002-21:00:00,07,03,2002,21,1295
07.04.2002-00:00:00,07,04,2002,00,1353.8
07.04.2002-03:00:00,07,04,2002,03,1364
07.04.2002-06:00:00,07,04,2002,06,1217.4
07.04.2002-09:00:00,07,04,2002,09,1068.9
07.04.2002-12:00:00,07,04,2002,12,1014.8
07.04.2002-15:00:00,07,04,2002,15,1092.3
07.04.2002-18:00:00,07,04,2002,18,1187.1
07.04.2002-21:00:00,07,04,2002,21,1288.4
07.05.2002-00:00:00,07,05,2002,00,1325.6
07.05.2002-03:00:00,07,05,2002,03,1351.3
07.05.2002-06:00:00,07,05,2002,06,1181.8
07.05.2002-09:00:00,07,05,2002,09,981.11
07.05.2002-12:00:00,07,05,2002,12,920.28
07.05.2002-15:00:00,07,05,2002,15,1023.1
07.05.2002-18:00:00,07,05,2002,18,1110.2
07.05.2002-21:00:00,07,05,2002,21,1207.4
07.06.2002-00:00:00,07,06,2002,00,1261.5
07.06.2002-03:00:00,07,06,2002,03,1246.2
07.06.2002-06:00:00,07,06,2002,06,1063.4
07.06.2002-09:00:00,07,06,2002,09,875.19
07.06.2002-12:00:00,07,06,2002,12,823.93
07.06.2002-15:00:00,07,06,2002,15,922.12
07.06.2002-18:00:00,07,06,2002,18,1027.7
07.06.2002-21:00:00,07,06,2002,21,1117.2
07.07.2002-00:00:00,07,07,2002,00,1177.7
07.07.2002-03:00:00,07,07,2002,03,1139.5
07.07.2002-06:00:00,07,07,2002,06,965.15
07.07.2002-09:00:00,07,07,2002,09,797.47
07.07.2002-12:00:00,07,07,2002,12,767.36
07.07.2002-15:00:00,07,07,2002,15,874.88
07.07.2002-18:00:00,07,07,2002,18,983.95
07.07.2002-21:00:00,07,07,2002,21,1068.7
07.08.2002-00:00:00,07,08,2002,00,1840.8
07.08.2002-03:00:00,07,08,2002,03,2146
07.08.2002-06:00:00,07,08,2002,06,2210
07.08.2002-09:00:00,07,08,2002,09,2186.6
07.08.2002-12:00:00,07,08,2002,12,2326.4
07.08.2002-15:00:00,07,08,2002,15,2469.5
07.08.2002-18:00:00,07,08,2002,18,2801.9
07.08.2002-21:00:00,07,08,2002,21,3015.3
07.09.2002-00:00:00,07,09,2002,00,2477
07.09.2002-03:00:00,07,09,2002,03,2257.4
07.09.2002-06:00:00,07,09,2002,06,1990.2
07.09.2002-09:00:00,07,09,2002,09,1643.8
07.09.2002-12:00:00,07,09,2002,12,1459.8
07.09.2002-15:00:00,07,09,2002,15,1452.9
07.09.2002-18:00:00,07,09,2002,18,1456.5
07.09.2002-21:00:00,07,09,2002,21,1502.1
07.10.2002-00:00:00,07,10,2002,00,1490.8
07.10.2002-03:00:00,07,10,2002,03,1413.6
07.10.2002-06:00:00,07,10,2002,06,1137.7
07.10.2002-09:00:00,07,10,2002,09,888.3
07.10.2002-12:00:00,07,10,2002,12,894.88
07.10.2002-15:00:00,07,10,2002,15,932.8
07.10.2002-18:00:00,07,10,2002,18,1035.6
07.10.2002-21:00:00,07,10,2002,21,1108.1
07.11.2002-00:00:00,07,11,2002,00,1160.8
07.11.2002-03:00:00,07,11,2002,03,1102.1
07.11.2002-06:00:00,07,11,2002,06,881.85
07.11.2002-09:00:00,07,11,2002,09,791.08
07.11.2002-12:00:00,07,11,2002,12,848.28
07.11.2002-15:00:00,07,11,2002,15,893.1
07.11.2002-18:00:00,07,11,2002,18,971.05
07.11.2002-21:00:00,07,11,2002,21,1045.6
07.12.2002-00:00:00,07,12,2002,00,1087
07.12.2002-03:00:00,07,12,2002,03,1016.5
07.12.2002-06:00:00,07,12,2002,06,815.01
07.12.2002-09:00:00,07,12,2002,09,720.54
07.12.2002-12:00:00,07,12,2002,12,769.61
07.12.2002-15:00:00,07,12,2002,15,825.25
07.12.2002-18:00:00,07,12,2002,18,902.72
07.12.2002-21:00:00,07,12,2002,21,993.44
07.13.2002-00:00:00,07,13,2002,00,1023.8
07.13.2002-03:00:00,07,13,2002,03,958.01
07.13.2002-06:00:00,07,13,2002,06,782.72
07.13.2002-09:00:00,07,13,2002,09,702.29
07.13.2002-12:00:00,07,13,2002,12,718.45
07.13.2002-15:00:00,07,13,2002,15,782.71
07.13.2002-18:00:00,07,13,2002,18,854.21
07.13.2002-21:00:00,07,13,2002,21,942.09
07.14.2002-00:00:00,07,14,2002,00,974.28
07.14.2002-03:00:00,07,14,2002,03,892.45
07.14.2002-06:00:00,07,14,2002,06,718.02
07.14.2002-09:00:00,07,14,2002,09,600.42
07.14.2002-12:00:00,07,14,2002,12,608.76
07.14.2002-15:00:00,07,14,2002,15,707.98
07.14.2002-18:00:00,07,14,2002,18,798.4
07.14.2002-21:00:00,07,14,2002,21,895.7
07.15.2002-00:00:00,07,15,2002,00,930.04
07.15.2002-03:00:00,07,15,2002,03,874.15
07.15.2002-06:00:00,07,15,2002,06,694.6
07.15.2002-09:00:00,07,15,2002,09,569.05
07.15.2002-12:00:00,07,15,2002,12,581.01
07.15.2002-15:00:00,07,15,2002,15,695.19
07.15.2002-18:00:00,07,15,2002,18,786.4
07.15.2002-21:00:00,07,15,2002,21,871.77
07.16.2002-00:00:00,07,16,2002,00,895.91
07.16.2002-03:00:00,07,16,2002,03,839.17
07.16.2002-06:00:00,07,16,2002,06,665.95
07.16.2002-09:00:00,07,16,2002,09,541.3
07.16.2002-12:00:00,07,16,2002,12,564.63
07.16.2002-15:00:00,07,16,2002,15,664.21
07.16.2002-18:00:00,07,16,2002,18,761.42
07.16.2002-21:00:00,07,16,2002,21,837.42
07.17.2002-00:00:00,07,17,2002,00,862.51
07.17.2002-03:00:00,07,17,2002,03,794.84
07.17.2002-06:00:00,07,17,2002,06,632.77
07.17.2002-09:00:00,07,17,2002,09,522.46
07.17.2002-12:00:00,07,17,2002,12,539.85
07.17.2002-15:00:00,07,17,2002,15,632.23
07.17.2002-18:00:00,07,17,2002,18,729.75
07.17.2002-21:00:00,07,17,2002,21,803.53
07.18.2002-00:00:00,07,18,2002,00,833.01
07.18.2002-03:00:00,07,18,2002,03,758.05
07.18.2002-06:00:00,07,18,2002,06,596.87
07.18.2002-09:00:00,07,18,2002,09,490.87
07.18.2002-12:00:00,07,18,2002,12,507.92
07.18.2002-15:00:00,07,18,2002,15,597.09
07.18.2002-18:00:00,07,18,2002,18,695.23
07.18.2002-21:00:00,07,18,2002,21,774.54
07.19.2002-00:00:00,07,19,2002,00,805.57
07.19.2002-03:00:00,07,19,2002,03,746.77
07.19.2002-06:00:00,07,19,2002,06,598.52
07.19.2002-09:00:00,07,19,2002,09,493.62
07.19.2002-12:00:00,07,19,2002,12,493.53
07.19.2002-15:00:00,07,19,2002,15,593.83
07.19.2002-18:00:00,07,19,2002,18,680.36
07.19.2002-21:00:00,07,19,2002,21,757.79
07.20.2002-00:00:00,07,20,2002,00,787.43
07.20.2002-03:00:00,07,20,2002,03,731.73
07.20.2002-06:00:00,07,20,2002,06,570.65
07.20.2002-09:00:00,07,20,2002,09,460.98
07.20.2002-12:00:00,07,20,2002,12,465.76
07.20.2002-15:00:00,07,20,2002,15,570.5
07.20.2002-18:00:00,07,20,2002,18,657.73
07.20.2002-21:00:00,07,20,2002,21,734.8
07.21.2002-00:00:00,07,21,2002,00,762.52
07.21.2002-03:00:00,07,21,2002,03,704.72
07.21.2002-06:00:00,07,21,2002,06,539.4
07.21.2002-09:00:00,07,21,2002,09,435.82
07.21.2002-12:00:00,07,21,2002,12,446.01
07.21.2002-15:00:00,07,21,2002,15,544.56
07.21.2002-18:00:00,07,21,2002,18,636.72
07.21.2002-21:00:00,07,21,2002,21,711
07.22.2002-00:00:00,07,22,2002,00,739.45
07.22.2002-03:00:00,07,22,2002,03,689.57
07.22.2002-06:00:00,07,22,2002,06,520.96
07.22.2002-09:00:00,07,22,2002,09,419.14
07.22.2002-12:00:00,07,22,2002,12,445.91
07.22.2002-15:00:00,07,22,2002,15,524.85
07.22.2002-18:00:00,07,22,2002,18,619.46
07.22.2002-21:00:00,07,22,2002,21,691.74
07.23.2002-00:00:00,07,23,2002,00,718.9
07.23.2002-03:00:00,07,23,2002,03,668.97
07.23.2002-06:00:00,07,23,2002,06,499.07
07.23.2002-09:00:00,07,23,2002,09,411.58
07.23.2002-12:00:00,07,23,2002,12,446.14
07.23.2002-15:00:00,07,23,2002,15,513.73
07.23.2002-18:00:00,07,23,2002,18,601.07
07.23.2002-21:00:00,07,23,2002,21,670.13
07.24.2002-00:00:00,07,24,2002,00,696.16
07.24.2002-03:00:00,07,24,2002,03,634.68
07.24.2002-06:00:00,07,24,2002,06,472.3
07.24.2002-09:00:00,07,24,2002,09,394.12
07.24.2002-12:00:00,07,24,2002,12,424.71
07.24.2002-15:00:00,07,24,2002,15,489.32
07.24.2002-18:00:00,07,24,2002,18,575.36
07.24.2002-21:00:00,07,24,2002,21,644.82
07.25.2002-00:00:00,07,25,2002,00,664.56
07.25.2002-03:00:00,07,25,2002,03,618.4
07.25.2002-06:00:00,07,25,2002,06,497.12
07.25.2002-09:00:00,07,25,2002,09,418.77
07.25.2002-12:00:00,07,25,2002,12,429.41
07.25.2002-15:00:00,07,25,2002,15,489.1
07.25.2002-18:00:00,07,25,2002,18,566.37
07.25.2002-21:00:00,07,25,2002,21,630.42
07.26.2002-00:00:00,07,26,2002,00,649.8
07.26.2002-03:00:00,07,26,2002,03,596.33
07.26.2002-06:00:00,07,26,2002,06,471.81
07.26.2002-09:00:00,07,26,2002,09,385.35
07.26.2002-12:00:00,07,26,2002,12,392.75
07.26.2002-15:00:00,07,26,2002,15,470.03
07.26.2002-18:00:00,07,26,2002,18,546.12
07.26.2002-21:00:00,07,26,2002,21,617.58
07.27.2002-00:00:00,07,27,2002,00,635.41
07.27.2002-03:00:00,07,27,2002,03,599.91
07.27.2002-06:00:00,07,27,2002,06,493.83
07.27.2002-09:00:00,07,27,2002,09,400.92
07.27.2002-12:00:00,07,27,2002,12,402.94
07.27.2002-15:00:00,07,27,2002,15,475.51
07.27.2002-18:00:00,07,27,2002,18,551.5
07.27.2002-21:00:00,07,27,2002,21,610.32
07.28.2002-00:00:00,07,28,2002,00,624.11
07.28.2002-03:00:00,07,28,2002,03,595.82
07.28.2002-06:00:00,07,28,2002,06,538.09
07.28.2002-09:00:00,07,28,2002,09,478.1
07.28.2002-12:00:00,07,28,2002,12,473.4
07.28.2002-15:00:00,07,28,2002,15,518.3
07.28.2002-18:00:00,07,28,2002,18,566.78
07.28.2002-21:00:00,07,28,2002,21,616.86
07.29.2002-00:00:00,07,29,2002,00,632.25
07.29.2002-03:00:00,07,29,2002,03,604.87
07.29.2002-06:00:00,07,29,2002,06,549.21
07.29.2002-09:00:00,07,29,2002,09,503.65
07.29.2002-12:00:00,07,29,2002,12,491.84
07.29.2002-15:00:00,07,29,2002,15,527.9
07.29.2002-18:00:00,07,29,2002,18,576.65
07.29.2002-21:00:00,07,29,2002,21,619.37
07.30.2002-00:00:00,07,30,2002,00,636.32
07.30.2002-03:00:00,07,30,2002,03,593.5
07.30.2002-06:00:00,07,30,2002,06,498.32
07.30.2002-09:00:00,07,30,2002,09,419.1
07.30.2002-12:00:00,07,30,2002,12,408.06
07.30.2002-15:00:00,07,30,2002,15,473.91
07.30.2002-18:00:00,07,30,2002,18,537.38
07.30.2002-21:00:00,07,30,2002,21,592.74
07.31.2002-00:00:00,07,31,2002,00,612.17
07.31.2002-03:00:00,07,31,2002,03,578.21
07.31.2002-06:00:00,07,31,2002,06,468.23
07.31.2002-09:00:00,07,31,2002,09,372.13
07.31.2002-12:00:00,07,31,2002,12,373.24
07.31.2002-15:00:00,07,31,2002,15,455.04
07.31.2002-18:00:00,07,31,2002,18,529.42
07.31.2002-21:00:00,07,31,2002,21,574.77
08.01.2002-00:00:00,08,01,2002,00,595.29
08.01.2002-03:00:00,08,01,2002,03,571.99
08.01.2002-06:00:00,08,01,2002,06,471.64
08.01.2002-09:00:00,08,01,2002,09,360.05
08.01.2002-12:00:00,08,01,2002,12,368.91
08.01.2002-15:00:00,08,01,2002,15,448.74
08.01.2002-18:00:00,08,01,2002,18,517.82
08.01.2002-21:00:00,08,01,2002,21,563.44
08.02.2002-00:00:00,08,02,2002,00,579.87
08.02.2002-03:00:00,08,02,2002,03,537.46
08.02.2002-06:00:00,08,02,2002,06,443.21
08.02.2002-09:00:00,08,02,2002,09,348.68
08.02.2002-12:00:00,08,02,2002,12,358.84
08.02.2002-15:00:00,08,02,2002,15,439.86
08.02.2002-18:00:00,08,02,2002,18,503.68
08.02.2002-21:00:00,08,02,2002,21,551.3
08.03.2002-00:00:00,08,03,2002,00,566.89
08.03.2002-03:00:00,08,03,2002,03,555.38
08.03.2002-06:00:00,08,03,2002,06,468.66
08.03.2002-09:00:00,08,03,2002,09,360.23
08.03.2002-12:00:00,08,03,2002,12,366.24
08.03.2002-15:00:00,08,03,2002,15,440.76
08.03.2002-18:00:00,08,03,2002,18,507.67
08.03.2002-21:00:00,08,03,2002,21,546.17
08.04.2002-00:00:00,08,04,2002,00,559.68
08.04.2002-03:00:00,08,04,2002,03,520.62
08.04.2002-06:00:00,08,04,2002,06,437.28
08.04.2002-09:00:00,08,04,2002,09,351.08
08.04.2002-12:00:00,08,04,2002,12,358.67
08.04.2002-15:00:00,08,04,2002,15,427.48
08.04.2002-18:00:00,08,04,2002,18,493.1
08.04.2002-21:00:00,08,04,2002,21,537.54
08.05.2002-00:00:00,08,05,2002,00,549.62
08.05.2002-03:00:00,08,05,2002,03,550.2
08.05.2002-06:00:00,08,05,2002,06,467.88
08.05.2002-09:00:00,08,05,2002,09,362.42
08.05.2002-12:00:00,08,05,2002,12,366.56
08.05.2002-15:00:00,08,05,2002,15,438.77
08.05.2002-18:00:00,08,05,2002,18,501.99
08.05.2002-21:00:00,08,05,2002,21,535.59
08.06.2002-00:00:00,08,06,2002,00,548.55
08.06.2002-03:00:00,08,06,2002,03,530.89
08.06.2002-06:00:00,08,06,2002,06,463.96
08.06.2002-09:00:00,08,06,2002,09,392.37
08.06.2002-12:00:00,08,06,2002,12,389.25
08.06.2002-15:00:00,08,06,2002,15,454.9
08.06.2002-18:00:00,08,06,2002,18,511.06
08.06.2002-21:00:00,08,06,2002,21,547.06
08.07.2002-00:00:00,08,07,2002,00,553.03
08.07.2002-03:00:00,08,07,2002,03,532.53
08.07.2002-06:00:00,08,07,2002,06,448.27
08.07.2002-09:00:00,08,07,2002,09,350.69
08.07.2002-12:00:00,08,07,2002,12,355.75
08.07.2002-15:00:00,08,07,2002,15,418.22
08.07.2002-18:00:00,08,07,2002,18,483.17
08.07.2002-21:00:00,08,07,2002,21,518.97
08.08.2002-00:00:00,08,08,2002,00,530.49
08.08.2002-03:00:00,08,08,2002,03,490.06
08.08.2002-06:00:00,08,08,2002,06,394.2
08.08.2002-09:00:00,08,08,2002,09,304.47
08.08.2002-12:00:00,08,08,2002,12,315.85
08.08.2002-15:00:00,08,08,2002,15,382.46
08.08.2002-18:00:00,08,08,2002,18,444.5
08.08.2002-21:00:00,08,08,2002,21,501.58
08.09.2002-00:00:00,08,09,2002,00,508.26
08.09.2002-03:00:00,08,09,2002,03,464.3
08.09.2002-06:00:00,08,09,2002,06,372.42
08.09.2002-09:00:00,08,09,2002,09,296.86
08.09.2002-12:00:00,08,09,2002,12,307.62
08.09.2002-15:00:00,08,09,2002,15,368.57
08.09.2002-18:00:00,08,09,2002,18,429.48
08.09.2002-21:00:00,08,09,2002,21,487.83
08.10.2002-00:00:00,08,10,2002,00,495.95
08.10.2002-03:00:00,08,10,2002,03,447.82
08.10.2002-06:00:00,08,10,2002,06,364.07
08.10.2002-09:00:00,08,10,2002,09,293.69
08.10.2002-12:00:00,08,10,2002,12,301.65
08.10.2002-15:00:00,08,10,2002,15,360.98
08.10.2002-18:00:00,08,10,2002,18,422.02
08.10.2002-21:00:00,08,10,2002,21,478.45
08.11.2002-00:00:00,08,11,2002,00,489.13
08.11.2002-03:00:00,08,11,2002,03,444.99
08.11.2002-06:00:00,08,11,2002,06,355.92
08.11.2002-09:00:00,08,11,2002,09,282.3
08.11.2002-12:00:00,08,11,2002,12,290.45
08.11.2002-15:00:00,08,11,2002,15,347.55
08.11.2002-18:00:00,08,11,2002,18,411.52
08.11.2002-21:00:00,08,11,2002,21,465.93
08.12.2002-00:00:00,08,12,2002,00,480.86
08.12.2002-03:00:00,08,12,2002,03,436.12
08.12.2002-06:00:00,08,12,2002,06,339.17
08.12.2002-09:00:00,08,12,2002,09,270.55
08.12.2002-12:00:00,08,12,2002,12,284.22
08.12.2002-15:00:00,08,12,2002,15,334.27
08.12.2002-18:00:00,08,12,2002,18,396.05
08.12.2002-21:00:00,08,12,2002,21,449.27
08.13.2002-00:00:00,08,13,2002,00,467.78
08.13.2002-03:00:00,08,13,2002,03,422.72
08.13.2002-06:00:00,08,13,2002,06,318.63
08.13.2002-09:00:00,08,13,2002,09,269.21
08.13.2002-12:00:00,08,13,2002,12,308.16
08.13.2002-15:00:00,08,13,2002,15,334.23
08.13.2002-18:00:00,08,13,2002,18,388.29
08.13.2002-21:00:00,08,13,2002,21,440.73
08.14.2002-00:00:00,08,14,2002,00,453.32
08.14.2002-03:00:00,08,14,2002,03,410.39
08.14.2002-06:00:00,08,14,2002,06,323.46
08.14.2002-09:00:00,08,14,2002,09,269.26
08.14.2002-12:00:00,08,14,2002,12,276.58
08.14.2002-15:00:00,08,14,2002,15,322.53
08.14.2002-18:00:00,08,14,2002,18,377.19
08.14.2002-21:00:00,08,14,2002,21,433.07
08.15.2002-00:00:00,08,15,2002,00,449.03
08.15.2002-03:00:00,08,15,2002,03,410.7
08.15.2002-06:00:00,08,15,2002,06,319.96
08.15.2002-09:00:00,08,15,2002,09,255.91
08.15.2002-12:00:00,08,15,2002,12,266.46
08.15.2002-15:00:00,08,15,2002,15,311.39
08.15.2002-18:00:00,08,15,2002,18,372.38
08.15.2002-21:00:00,08,15,2002,21,420.97
08.16.2002-00:00:00,08,16,2002,00,437.52
08.16.2002-03:00:00,08,16,2002,03,399.56
08.16.2002-06:00:00,08,16,2002,06,312.31
08.16.2002-09:00:00,08,16,2002,09,250.21
08.16.2002-12:00:00,08,16,2002,12,259.17
08.16.2002-15:00:00,08,16,2002,15,302.35
08.16.2002-18:00:00,08,16,2002,18,363.66
08.16.2002-21:00:00,08,16,2002,21,413.38
08.17.2002-00:00:00,08,17,2002,00,434.36
08.17.2002-03:00:00,08,17,2002,03,418.48
08.17.2002-06:00:00,08,17,2002,06,343.21
08.17.2002-09:00:00,08,17,2002,09,256.04
08.17.2002-12:00:00,08,17,2002,12,263.2
08.17.2002-15:00:00,08,17,2002,15,314.55
08.17.2002-18:00:00,08,17,2002,18,373.7
08.17.2002-21:00:00,08,17,2002,21,417.79
08.18.2002-00:00:00,08,18,2002,00,429.29
08.18.2002-03:00:00,08,18,2002,03,407.56
08.18.2002-06:00:00,08,18,2002,06,326.46
08.18.2002-09:00:00,08,18,2002,09,251.38
08.18.2002-12:00:00,08,18,2002,12,257.85
08.18.2002-15:00:00,08,18,2002,15,305.74
08.18.2002-18:00:00,08,18,2002,18,360.85
08.18.2002-21:00:00,08,18,2002,21,405.92
08.19.2002-00:00:00,08,19,2002,00,420.67
08.19.2002-03:00:00,08,19,2002,03,399.44
08.19.2002-06:00:00,08,19,2002,06,334.71
08.19.2002-09:00:00,08,19,2002,09,266.58
08.19.2002-12:00:00,08,19,2002,12,270.84
08.19.2002-15:00:00,08,19,2002,15,309.45
08.19.2002-18:00:00,08,19,2002,18,366.03
08.19.2002-21:00:00,08,19,2002,21,409.48
08.20.2002-00:00:00,08,20,2002,00,415.56
08.20.2002-03:00:00,08,20,2002,03,391.32
08.20.2002-06:00:00,08,20,2002,06,318.79
08.20.2002-09:00:00,08,20,2002,09,256.6
08.20.2002-12:00:00,08,20,2002,12,260.21
08.20.2002-15:00:00,08,20,2002,15,303.86
08.20.2002-18:00:00,08,20,2002,18,353.27
08.20.2002-21:00:00,08,20,2002,21,398.24
08.21.2002-00:00:00,08,21,2002,00,409.35
08.21.2002-03:00:00,08,21,2002,03,380.86
08.21.2002-06:00:00,08,21,2002,06,306.65
08.21.2002-09:00:00,08,21,2002,09,247.1
08.21.2002-12:00:00,08,21,2002,12,249.62
08.21.2002-15:00:00,08,21,2002,15,295.87
08.21.2002-18:00:00,08,21,2002,18,339.48
08.21.2002-21:00:00,08,21,2002,21,387.91
08.22.2002-00:00:00,08,22,2002,00,402.09
08.22.2002-03:00:00,08,22,2002,03,375.03
08.22.2002-06:00:00,08,22,2002,06,298.53
08.22.2002-09:00:00,08,22,2002,09,239.06
08.22.2002-12:00:00,08,22,2002,12,243.46
08.22.2002-15:00:00,08,22,2002,15,286.8
08.22.2002-18:00:00,08,22,2002,18,328.4
08.22.2002-21:00:00,08,22,2002,21,379.13
08.23.2002-00:00:00,08,23,2002,00,394.17
08.23.2002-03:00:00,08,23,2002,03,369.01
08.23.2002-06:00:00,08,23,2002,06,283.31
08.23.2002-09:00:00,08,23,2002,09,225.39
08.23.2002-12:00:00,08,23,2002,12,236.68
08.23.2002-15:00:00,08,23,2002,15,273.73
08.23.2002-18:00:00,08,23,2002,18,319.75
08.23.2002-21:00:00,08,23,2002,21,363.23
08.24.2002-00:00:00,08,24,2002,00,383.65
08.24.2002-03:00:00,08,24,2002,03,366.64
08.24.2002-06:00:00,08,24,2002,06,284.9
08.24.2002-09:00:00,08,24,2002,09,224.39
08.24.2002-12:00:00,08,24,2002,12,237.51
08.24.2002-15:00:00,08,24,2002,15,273.42
08.24.2002-18:00:00,08,24,2002,18,317.71
08.24.2002-21:00:00,08,24,2002,21,358.59
08.25.2002-00:00:00,08,25,2002,00,440.27
08.25.2002-03:00:00,08,25,2002,03,483.03
08.25.2002-06:00:00,08,25,2002,06,428.58
08.25.2002-09:00:00,08,25,2002,09,359.22
08.25.2002-12:00:00,08,25,2002,12,330.5
08.25.2002-15:00:00,08,25,2002,15,393.96
08.25.2002-18:00:00,08,25,2002,18,471.81
08.25.2002-21:00:00,08,25,2002,21,526.21
08.26.2002-00:00:00,08,26,2002,00,456.68
08.26.2002-03:00:00,08,26,2002,03,436.34
08.26.2002-06:00:00,08,26,2002,06,359.79
08.26.2002-09:00:00,08,26,2002,09,285.15
08.26.2002-12:00:00,08,26,2002,12,275.47
08.26.2002-15:00:00,08,26,2002,15,311.67
08.26.2002-18:00:00,08,26,2002,18,370.99
08.26.2002-21:00:00,08,26,2002,21,418.82
08.27.2002-00:00:00,08,27,2002,00,392.81
08.27.2002-03:00:00,08,27,2002,03,369.08
08.27.2002-06:00:00,08,27,2002,06,278.74
08.27.2002-09:00:00,08,27,2002,09,222.73
08.27.2002-12:00:00,08,27,2002,12,229.45
08.27.2002-15:00:00,08,27,2002,15,269.39
08.27.2002-18:00:00,08,27,2002,18,308.65
08.27.2002-21:00:00,08,27,2002,21,342.05
08.28.2002-00:00:00,08,28,2002,00,361.74
08.28.2002-03:00:00,08,28,2002,03,348.05
08.28.2002-06:00:00,08,28,2002,06,270.68
08.28.2002-09:00:00,08,28,2002,09,216.18
08.28.2002-12:00:00,08,28,2002,12,227.9
08.28.2002-15:00:00,08,28,2002,15,263.93
08.28.2002-18:00:00,08,28,2002,18,305.8
08.28.2002-21:00:00,08,28,2002,21,338.84
08.29.2002-00:00:00,08,29,2002,00,354.14
08.29.2002-03:00:00,08,29,2002,03,343.14
08.29.2002-06:00:00,08,29,2002,06,277.7
08.29.2002-09:00:00,08,29,2002,09,224.81
08.29.2002-12:00:00,08,29,2002,12,229.84
08.29.2002-15:00:00,08,29,2002,15,268.97
08.29.2002-18:00:00,08,29,2002,18,304.31
08.29.2002-21:00:00,08,29,2002,21,338.16
08.30.2002-00:00:00,08,30,2002,00,350.58
08.30.2002-03:00:00,08,30,2002,03,338.77
08.30.2002-06:00:00,08,30,2002,06,266.95
08.30.2002-09:00:00,08,30,2002,09,218.78
08.30.2002-12:00:00,08,30,2002,12,222.4
08.30.2002-15:00:00,08,30,2002,15,265.9
08.30.2002-18:00:00,08,30,2002,18,299.19
08.30.2002-21:00:00,08,30,2002,21,333.81
08.31.2002-00:00:00,08,31,2002,00,345.01
08.31.2002-03:00:00,08,31,2002,03,342.26
08.31.2002-06:00:00,08,31,2002,06,284.05
08.31.2002-09:00:00,08,31,2002,09,228.77
08.31.2002-12:00:00,08,31,2002,12,231.7
08.31.2002-15:00:00,08,31,2002,15,270.62
08.31.2002-18:00:00,08,31,2002,18,305.46
08.31.2002-21:00:00,08,31,2002,21,335.32
09.01.2002-00:00:00,09,01,2002,00,339.14
09.01.2002-03:00:00,09,01,2002,03,330.23
09.01.2002-06:00:00,09,01,2002,06,289.93
09.01.2002-09:00:00,09,01,2002,09,252.41
09.01.2002-12:00:00,09,01,2002,12,250.47
09.01.2002-15:00:00,09,01,2002,15,274.77
09.01.2002-18:00:00,09,01,2002,18,306.45
09.01.2002-21:00:00,09,01,2002,21,333.09
09.02.2002-00:00:00,09,02,2002,00,346.71
09.02.2002-03:00:00,09,02,2002,03,342.31
09.02.2002-06:00:00,09,02,2002,06,271.55
09.02.2002-09:00:00,09,02,2002,09,221.39
09.02.2002-12:00:00,09,02,2002,12,228.19
09.02.2002-15:00:00,09,02,2002,15,265.6
09.02.2002-18:00:00,09,02,2002,18,304.35
09.02.2002-21:00:00,09,02,2002,21,327.66
09.03.2002-00:00:00,09,03,2002,00,336.15
09.03.2002-03:00:00,09,03,2002,03,334.22
09.03.2002-06:00:00,09,03,2002,06,274.47
09.03.2002-09:00:00,09,03,2002,09,228.67
09.03.2002-12:00:00,09,03,2002,12,234.7
09.03.2002-15:00:00,09,03,2002,15,271.15
09.03.2002-18:00:00,09,03,2002,18,308.54
09.03.2002-21:00:00,09,03,2002,21,329.47
09.04.2002-00:00:00,09,04,2002,00,340.09
09.04.2002-03:00:00,09,04,2002,03,341.49
09.04.2002-06:00:00,09,04,2002,06,286.02
09.04.2002-09:00:00,09,04,2002,09,224.8
09.04.2002-12:00:00,09,04,2002,12,231.62
09.04.2002-15:00:00,09,04,2002,15,272.99
09.04.2002-18:00:00,09,04,2002,18,307.91
09.04.2002-21:00:00,09,04,2002,21,328.5
09.05.2002-00:00:00,09,05,2002,00,341.91
09.05.2002-03:00:00,09,05,2002,03,346.28
09.05.2002-06:00:00,09,05,2002,06,312.89
09.05.2002-09:00:00,09,05,2002,09,230.41
09.05.2002-12:00:00,09,05,2002,12,235.37
09.05.2002-15:00:00,09,05,2002,15,276.57
09.05.2002-18:00:00,09,05,2002,18,310.81
09.05.2002-21:00:00,09,05,2002,21,331.89
09.06.2002-00:00:00,09,06,2002,00,337.79
09.06.2002-03:00:00,09,06,2002,03,344.49
09.06.2002-06:00:00,09,06,2002,06,300.77
09.06.2002-09:00:00,09,06,2002,09,225.95
09.06.2002-12:00:00,09,06,2002,12,231.6
09.06.2002-15:00:00,09,06,2002,15,274.92
09.06.2002-18:00:00,09,06,2002,18,306.11
09.06.2002-21:00:00,09,06,2002,21,324.27
09.07.2002-00:00:00,09,07,2002,00,339.05
09.07.2002-03:00:00,09,07,2002,03,346.93
09.07.2002-06:00:00,09,07,2002,06,377.59
09.07.2002-09:00:00,09,07,2002,09,288.87
09.07.2002-12:00:00,09,07,2002,12,261.7
09.07.2002-15:00:00,09,07,2002,15,292.45
09.07.2002-18:00:00,09,07,2002,18,333.61
09.07.2002-21:00:00,09,07,2002,21,359.99
09.08.2002-00:00:00,09,08,2002,00,349.22
09.08.2002-03:00:00,09,08,2002,03,348.68
09.08.2002-06:00:00,09,08,2002,06,346.56
09.08.2002-09:00:00,09,08,2002,09,270.2
09.08.2002-12:00:00,09,08,2002,12,249.59
09.08.2002-15:00:00,09,08,2002,15,281.4
09.08.2002-18:00:00,09,08,2002,18,315.3
09.08.2002-21:00:00,09,08,2002,21,331.92
09.09.2002-00:00:00,09,09,2002,00,336.47
09.09.2002-03:00:00,09,09,2002,03,337.85
09.09.2002-06:00:00,09,09,2002,06,268.19
09.09.2002-09:00:00,09,09,2002,09,211.11
09.09.2002-12:00:00,09,09,2002,12,217.32
09.09.2002-15:00:00,09,09,2002,15,256.65
09.09.2002-18:00:00,09,09,2002,18,295.13
09.09.2002-21:00:00,09,09,2002,21,308.42
09.10.2002-00:00:00,09,10,2002,00,315.22
09.10.2002-03:00:00,09,10,2002,03,322.18
09.10.2002-06:00:00,09,10,2002,06,261.94
09.10.2002-09:00:00,09,10,2002,09,203.08
09.10.2002-12:00:00,09,10,2002,12,209.45
09.10.2002-15:00:00,09,10,2002,15,246.84
09.10.2002-18:00:00,09,10,2002,18,289.14
09.10.2002-21:00:00,09,10,2002,21,302.35
09.11.2002-00:00:00,09,11,2002,00,308.75
09.11.2002-03:00:00,09,11,2002,03,311.2
09.11.2002-06:00:00,09,11,2002,06,246.02
09.11.2002-09:00:00,09,11,2002,09,196.37
09.11.2002-12:00:00,09,11,2002,12,204.62
09.11.2002-15:00:00,09,11,2002,15,238.25
09.11.2002-18:00:00,09,11,2002,18,277.95
09.11.2002-21:00:00,09,11,2002,21,295.89
09.12.2002-00:00:00,09,12,2002,00,303.45
09.12.2002-03:00:00,09,12,2002,03,306.04
09.12.2002-06:00:00,09,12,2002,06,240.77
09.12.2002-09:00:00,09,12,2002,09,193.15
09.12.2002-12:00:00,09,12,2002,12,202.94
09.12.2002-15:00:00,09,12,2002,15,234.99
09.12.2002-18:00:00,09,12,2002,18,273.85
09.12.2002-21:00:00,09,12,2002,21,291.52
09.13.2002-00:00:00,09,13,2002,00,298.51
09.13.2002-03:00:00,09,13,2002,03,299.38
09.13.2002-06:00:00,09,13,2002,06,225.55
09.13.2002-09:00:00,09,13,2002,09,187.79
09.13.2002-12:00:00,09,13,2002,12,198.23
09.13.2002-15:00:00,09,13,2002,15,226.78
09.13.2002-18:00:00,09,13,2002,18,263.07
09.13.2002-21:00:00,09,13,2002,21,286.69
09.14.2002-00:00:00,09,14,2002,00,294.35
09.14.2002-03:00:00,09,14,2002,03,297.36
09.14.2002-06:00:00,09,14,2002,06,239.21
09.14.2002-09:00:00,09,14,2002,09,188.92
09.14.2002-12:00:00,09,14,2002,12,197.85
09.14.2002-15:00:00,09,14,2002,15,230
09.14.2002-18:00:00,09,14,2002,18,267.96
09.14.2002-21:00:00,09,14,2002,21,285.37
09.15.2002-00:00:00,09,15,2002,00,292.61
09.15.2002-03:00:00,09,15,2002,03,293.39
09.15.2002-06:00:00,09,15,2002,06,241.61
09.15.2002-09:00:00,09,15,2002,09,195.82
09.15.2002-12:00:00,09,15,2002,12,200.38
09.15.2002-15:00:00,09,15,2002,15,232.76
09.15.2002-18:00:00,09,15,2002,18,269.31
09.15.2002-21:00:00,09,15,2002,21,286.64
09.16.2002-00:00:00,09,16,2002,00,288.54
09.16.2002-03:00:00,09,16,2002,03,289.21
09.16.2002-06:00:00,09,16,2002,06,237.97
09.16.2002-09:00:00,09,16,2002,09,198.68
09.16.2002-12:00:00,09,16,2002,12,202.23
09.16.2002-15:00:00,09,16,2002,15,232.16
09.16.2002-18:00:00,09,16,2002,18,269.52
09.16.2002-21:00:00,09,16,2002,21,284.13
09.17.2002-00:00:00,09,17,2002,00,286.2
09.17.2002-03:00:00,09,17,2002,03,287.34
09.17.2002-06:00:00,09,17,2002,06,252.57
09.17.2002-09:00:00,09,17,2002,09,214.1
09.17.2002-12:00:00,09,17,2002,12,215.12
09.17.2002-15:00:00,09,17,2002,15,244.02
09.17.2002-18:00:00,09,17,2002,18,276.04
09.17.2002-21:00:00,09,17,2002,21,284.23
09.18.2002-00:00:00,09,18,2002,00,285.92
09.18.2002-03:00:00,09,18,2002,03,288.41
09.18.2002-06:00:00,09,18,2002,06,250.62
09.18.2002-09:00:00,09,18,2002,09,202.63
09.18.2002-12:00:00,09,18,2002,12,207.93
09.18.2002-15:00:00,09,18,2002,15,243.12
09.18.2002-18:00:00,09,18,2002,18,274.48
09.18.2002-21:00:00,09,18,2002,21,283.09
09.19.2002-00:00:00,09,19,2002,00,284.13
09.19.2002-03:00:00,09,19,2002,03,288.84
09.19.2002-06:00:00,09,19,2002,06,249.11
09.19.2002-09:00:00,09,19,2002,09,192.23
09.19.2002-12:00:00,09,19,2002,12,197.05
09.19.2002-15:00:00,09,19,2002,15,235.41
09.19.2002-18:00:00,09,19,2002,18,265.71
09.19.2002-21:00:00,09,19,2002,21,279.64
09.20.2002-00:00:00,09,20,2002,00,281.63
09.20.2002-03:00:00,09,20,2002,03,283.73
09.20.2002-06:00:00,09,20,2002,06,250.43
09.20.2002-09:00:00,09,20,2002,09,194.2
09.20.2002-12:00:00,09,20,2002,12,199.48
09.20.2002-15:00:00,09,20,2002,15,239.05
09.20.2002-18:00:00,09,20,2002,18,266.36
09.20.2002-21:00:00,09,20,2002,21,278.59
09.21.2002-00:00:00,09,21,2002,00,280.26
09.21.2002-03:00:00,09,21,2002,03,283.27
09.21.2002-06:00:00,09,21,2002,06,282.07
09.21.2002-09:00:00,09,21,2002,09,196.72
09.21.2002-12:00:00,09,21,2002,12,199.51
09.21.2002-15:00:00,09,21,2002,15,239.65
09.21.2002-18:00:00,09,21,2002,18,265.29
09.21.2002-21:00:00,09,21,2002,21,278.08
09.22.2002-00:00:00,09,22,2002,00,281.3
09.22.2002-03:00:00,09,22,2002,03,284.22
09.22.2002-06:00:00,09,22,2002,06,277.91
09.22.2002-09:00:00,09,22,2002,09,191.18
09.22.2002-12:00:00,09,22,2002,12,192.98
09.22.2002-15:00:00,09,22,2002,15,227.29
09.22.2002-18:00:00,09,22,2002,18,259.63
09.22.2002-21:00:00,09,22,2002,21,269.57
09.23.2002-00:00:00,09,23,2002,00,277.58
09.23.2002-03:00:00,09,23,2002,03,279.33
09.23.2002-06:00:00,09,23,2002,06,245.15
09.23.2002-09:00:00,09,23,2002,09,184.77
09.23.2002-12:00:00,09,23,2002,12,188.97
09.23.2002-15:00:00,09,23,2002,15,219.81
09.23.2002-18:00:00,09,23,2002,18,252.88
09.23.2002-21:00:00,09,23,2002,21,264.24
09.24.2002-00:00:00,09,24,2002,00,268.69
09.24.2002-03:00:00,09,24,2002,03,273.24
09.24.2002-06:00:00,09,24,2002,06,238.95
09.24.2002-09:00:00,09,24,2002,09,192.44
09.24.2002-12:00:00,09,24,2002,12,195.57
09.24.2002-15:00:00,09,24,2002,15,223.79
09.24.2002-18:00:00,09,24,2002,18,258.48
09.24.2002-21:00:00,09,24,2002,21,264.57
09.25.2002-00:00:00,09,25,2002,00,269.78
09.25.2002-03:00:00,09,25,2002,03,273.31
09.25.2002-06:00:00,09,25,2002,06,229.39
09.25.2002-09:00:00,09,25,2002,09,181.52
09.25.2002-12:00:00,09,25,2002,12,185.85
09.25.2002-15:00:00,09,25,2002,15,216.04
09.25.2002-18:00:00,09,25,2002,18,245.81
09.25.2002-21:00:00,09,25,2002,21,259.49
09.26.2002-00:00:00,09,26,2002,00,263.06
09.26.2002-03:00:00,09,26,2002,03,265.7
09.26.2002-06:00:00,09,26,2002,06,250.72
09.26.2002-09:00:00,09,26,2002,09,207.48
09.26.2002-12:00:00,09,26,2002,12,205.88
09.26.2002-15:00:00,09,26,2002,15,234.99
09.26.2002-18:00:00,09,26,2002,18,259.51
09.26.2002-21:00:00,09,26,2002,21,264.52
09.27.2002-00:00:00,09,27,2002,00,268.67
09.27.2002-03:00:00,09,27,2002,03,270.48
09.27.2002-06:00:00,09,27,2002,06,229.65
09.27.2002-09:00:00,09,27,2002,09,184.7
09.27.2002-12:00:00,09,27,2002,12,190.56
09.27.2002-15:00:00,09,27,2002,15,220.57
09.27.2002-18:00:00,09,27,2002,18,251.3
09.27.2002-21:00:00,09,27,2002,21,258.93
09.28.2002-00:00:00,09,28,2002,00,260.93
09.28.2002-03:00:00,09,28,2002,03,265.07
09.28.2002-06:00:00,09,28,2002,06,262.21
09.28.2002-09:00:00,09,28,2002,09,187.34
09.28.2002-12:00:00,09,28,2002,12,190.65
09.28.2002-15:00:00,09,28,2002,15,221.08
09.28.2002-18:00:00,09,28,2002,18,250.01
09.28.2002-21:00:00,09,28,2002,21,258.19
09.29.2002-00:00:00,09,29,2002,00,260.08
09.29.2002-03:00:00,09,29,2002,03,261.79
09.29.2002-06:00:00,09,29,2002,06,246.01
09.29.2002-09:00:00,09,29,2002,09,209.34
09.29.2002-12:00:00,09,29,2002,12,206.91
09.29.2002-15:00:00,09,29,2002,15,231.64
09.29.2002-18:00:00,09,29,2002,18,255.04
09.29.2002-21:00:00,09,29,2002,21,259.03
09.30.2002-00:00:00,09,30,2002,00,260.81
09.30.2002-03:00:00,09,30,2002,03,263.49
09.30.2002-06:00:00,09,30,2002,06,247.31
09.30.2002-09:00:00,09,30,2002,09,214.42
09.30.2002-12:00:00,09,30,2002,12,212.44
09.30.2002-15:00:00,09,30,2002,15,236.76
09.30.2002-18:00:00,09,30,2002,18,256.65
09.30.2002-21:00:00,09,30,2002,21,260.25
