TIMESTAMP,MONTH,DAY,YEAR,HOUR,C
10.01.2001-00:00:00,10,01,2001,00,6182.2
10.01.2001-03:00:00,10,01,2001,03,6261.8
10.01.2001-06:00:00,10,01,2001,06,6111.6
10.01.2001-09:00:00,10,01,2001,09,5179.8
10.01.2001-12:00:00,10,01,2001,12,4928.8
10.01.2001-15:00:00,10,01,2001,15,5412.7
10.01.2001-18:00:00,10,01,2001,18,5865.6
10.01.2001-21:00:00,10,01,2001,21,6070.8
10.02.2001-00:00:00,10,02,2001,00,6159.4
10.02.2001-03:00:00,10,02,2001,03,6225.7
10.02.2001-06:00:00,10,02,2001,06,6037.6
10.02.2001-09:00:00,10,02,2001,09,5144.9
10.02.2001-12:00:00,10,02,2001,12,4901.4
10.02.2001-15:00:00,10,02,2001,15,5377.3
10.02.2001-18:00:00,10,02,2001,18,5817.4
10.02.2001-21:00:00,10,02,2001,21,6019.3
10.03.2001-00:00:00,10,03,2001,00,6113.7
10.03.2001-03:00:00,10,03,2001,03,6176.6
10.03.2001-06:00:00,10,03,2001,06,6046.2
10.03.2001-09:00:00,10,03,2001,09,5138.7
10.03.2001-12:00:00,10,03,2001,12,4884.7
10.03.2001-15:00:00,10,03,2001,15,5358.2
10.03.2001-18:00:00,10,03,2001,18,5794.5
10.03.2001-21:00:00,10,03,2001,21,5987.8
10.04.2001-00:00:00,10,04,2001,00,6073.2
10.04.2001-03:00:00,10,04,2001,03,6137.8
10.04.2001-06:00:00,10,04,2001,06,6081.1
10.04.2001-09:00:00,10,04,2001,09,5189.7
10.04.2001-12:00:00,10,04,2001,12,4918
10.04.2001-15:00:00,10,04,2001,15,5385.8
10.04.2001-18:00:00,10,04,2001,18,5793.1
10.04.2001-21:00:00,10,04,2001,21,5973.2
10.05.2001-00:00:00,10,05,2001,00,6060.6
10.05.2001-03:00:00,10,05,2001,03,6105.5
10.05.2001-06:00:00,10,05,2001,06,6114.3
10.05.2001-09:00:00,10,05,2001,09,5239
10.05.2001-12:00:00,10,05,2001,12,4963.2
10.05.2001-15:00:00,10,05,2001,15,5429.9
10.05.2001-18:00:00,10,05,2001,18,5808.9
10.05.2001-21:00:00,10,05,2001,21,5973.3
10.06.2001-00:00:00,10,06,2001,00,6040.8
10.06.2001-03:00:00,10,06,2001,03,6076.4
10.06.2001-06:00:00,10,06,2001,06,6082.7
10.06.2001-09:00:00,10,06,2001,09,5293.5
10.06.2001-12:00:00,10,06,2001,12,5031.6
10.06.2001-15:00:00,10,06,2001,15,5471.1
10.06.2001-18:00:00,10,06,2001,18,5815.8
10.06.2001-21:00:00,10,06,2001,21,5953.8
10.07.2001-00:00:00,10,07,2001,00,6019.2
10.07.2001-03:00:00,10,07,2001,03,6048.8
10.07.2001-06:00:00,10,07,2001,06,6038.8
10.07.2001-09:00:00,10,07,2001,09,5390.3
10.07.2001-12:00:00,10,07,2001,12,5167.7
10.07.2001-15:00:00,10,07,2001,15,5538.8
10.07.2001-18:00:00,10,07,2001,18,5840.6
10.07.2001-21:00:00,10,07,2001,21,5967.7
10.08.2001-00:00:00,10,08,2001,00,6004.9
10.08.2001-03:00:00,10,08,2001,03,6030.9
10.08.2001-06:00:00,10,08,2001,06,6027.2
10.08.2001-09:00:00,10,08,2001,09,6225.8
10.08.2001-12:00:00,10,08,2001,12,5501
10.08.2001-15:00:00,10,08,2001,15,5689.4
10.08.2001-18:00:00,10,08,2001,18,5932.6
10.08.2001-21:00:00,10,08,2001,21,6017.2
10.09.2001-00:00:00,10,09,2001,00,6035.3
10.09.2001-03:00:00,10,09,2001,03,6014.1
10.09.2001-06:00:00,10,09,2001,06,5936.6
10.09.2001-09:00:00,10,09,2001,09,5453
10.09.2001-12:00:00,10,09,2001,12,5168.3
10.09.2001-15:00:00,10,09,2001,15,5482.1
10.09.2001-18:00:00,10,09,2001,18,5774.9
10.09.2001-21:00:00,10,09,2001,21,5889.7
10.10.2001-00:00:00,10,10,2001,00,5936.4
10.10.2001-03:00:00,10,10,2001,03,5965.4
10.10.2001-06:00:00,10,10,2001,06,5965.6
10.10.2001-09:00:00,10,10,2001,09,8315.6
10.10.2001-12:00:00,10,10,2001,12,8873.2
10.10.2001-15:00:00,10,10,2001,15,7006.2
10.10.2001-18:00:00,10,10,2001,18,6215.9
10.10.2001-21:00:00,10,10,2001,21,6056.2
10.11.2001-00:00:00,10,11,2001,00,6014.5
10.11.2001-03:00:00,10,11,2001,03,6002.6
10.11.2001-06:00:00,10,11,2001,06,5988.1
10.11.2001-09:00:00,10,11,2001,09,6893.7
10.11.2001-12:00:00,10,11,2001,12,8244.7
10.11.2001-15:00:00,10,11,2001,15,6816.7
10.11.2001-18:00:00,10,11,2001,18,6207.1
10.11.2001-21:00:00,10,11,2001,21,6085.7
10.12.2001-00:00:00,10,12,2001,00,6003.4
10.12.2001-03:00:00,10,12,2001,03,5988.8
10.12.2001-06:00:00,10,12,2001,06,5976.8
10.12.2001-09:00:00,10,12,2001,09,6696
10.12.2001-12:00:00,10,12,2001,12,8655
10.12.2001-15:00:00,10,12,2001,15,7906.3
10.12.2001-18:00:00,10,12,2001,18,6906.9
10.12.2001-21:00:00,10,12,2001,21,6482.2
10.13.2001-00:00:00,10,13,2001,00,6412.3
10.13.2001-03:00:00,10,13,2001,03,6433
10.13.2001-06:00:00,10,13,2001,06,6856.5
10.13.2001-09:00:00,10,13,2001,09,8605.2
10.13.2001-12:00:00,10,13,2001,12,8520
10.13.2001-15:00:00,10,13,2001,15,7358
10.13.2001-18:00:00,10,13,2001,18,6766.2
10.13.2001-21:00:00,10,13,2001,21,6423.1
10.14.2001-00:00:00,10,14,2001,00,6246.8
10.14.2001-03:00:00,10,14,2001,03,6138.6
10.14.2001-06:00:00,10,14,2001,06,6103.2
10.14.2001-09:00:00,10,14,2001,09,5828.3
10.14.2001-12:00:00,10,14,2001,12,5578.1
10.14.2001-15:00:00,10,14,2001,15,5727.5
10.14.2001-18:00:00,10,14,2001,18,5923.2
10.14.2001-21:00:00,10,14,2001,21,5963.9
10.15.2001-00:00:00,10,15,2001,00,5982.1
10.15.2001-03:00:00,10,15,2001,03,5975.1
10.15.2001-06:00:00,10,15,2001,06,5987.5
10.15.2001-09:00:00,10,15,2001,09,5735.1
10.15.2001-12:00:00,10,15,2001,12,5379.4
10.15.2001-15:00:00,10,15,2001,15,5586.8
10.15.2001-18:00:00,10,15,2001,18,5806.7
10.15.2001-21:00:00,10,15,2001,21,5885.3
10.16.2001-00:00:00,10,16,2001,00,5915.3
10.16.2001-03:00:00,10,16,2001,03,5921.7
10.16.2001-06:00:00,10,16,2001,06,5917.8
10.16.2001-09:00:00,10,16,2001,09,5306.8
10.16.2001-12:00:00,10,16,2001,12,5073.7
10.16.2001-15:00:00,10,16,2001,15,5413.2
10.16.2001-18:00:00,10,16,2001,18,5688.5
10.16.2001-21:00:00,10,16,2001,21,5778.7
10.17.2001-00:00:00,10,17,2001,00,5823
10.17.2001-03:00:00,10,17,2001,03,5846
10.17.2001-06:00:00,10,17,2001,06,5854
10.17.2001-09:00:00,10,17,2001,09,5511.4
10.17.2001-12:00:00,10,17,2001,12,5384.4
10.17.2001-15:00:00,10,17,2001,15,5587.7
10.17.2001-18:00:00,10,17,2001,18,5760
10.17.2001-21:00:00,10,17,2001,21,5809.1
10.18.2001-00:00:00,10,18,2001,00,5817.1
10.18.2001-03:00:00,10,18,2001,03,5818.8
10.18.2001-06:00:00,10,18,2001,06,5767.8
10.18.2001-09:00:00,10,18,2001,09,5202.4
10.18.2001-12:00:00,10,18,2001,12,5004.5
10.18.2001-15:00:00,10,18,2001,15,5329.2
10.18.2001-18:00:00,10,18,2001,18,5589.6
10.18.2001-21:00:00,10,18,2001,21,5681.9
10.19.2001-00:00:00,10,19,2001,00,5724.5
10.19.2001-03:00:00,10,19,2001,03,5749
10.19.2001-06:00:00,10,19,2001,06,5795.8
10.19.2001-09:00:00,10,19,2001,09,5551.2
10.19.2001-12:00:00,10,19,2001,12,5092
10.19.2001-15:00:00,10,19,2001,15,5332
10.19.2001-18:00:00,10,19,2001,18,5590.4
10.19.2001-21:00:00,10,19,2001,21,5670.1
10.20.2001-00:00:00,10,20,2001,00,5712.5
10.20.2001-03:00:00,10,20,2001,03,5714.1
10.20.2001-06:00:00,10,20,2001,06,5730.7
10.20.2001-09:00:00,10,20,2001,09,5239.8
10.20.2001-12:00:00,10,20,2001,12,4988.8
10.20.2001-15:00:00,10,20,2001,15,5285.8
10.20.2001-18:00:00,10,20,2001,18,5517.5
10.20.2001-21:00:00,10,20,2001,21,5602
10.21.2001-00:00:00,10,21,2001,00,5632
10.21.2001-03:00:00,10,21,2001,03,5652.4
10.21.2001-06:00:00,10,21,2001,06,5661.4
10.21.2001-09:00:00,10,21,2001,09,6885.8
10.21.2001-12:00:00,10,21,2001,12,5884.3
10.21.2001-15:00:00,10,21,2001,15,5700.8
10.21.2001-18:00:00,10,21,2001,18,5678.3
10.21.2001-21:00:00,10,21,2001,21,5672.2
10.22.2001-00:00:00,10,22,2001,00,5778.5
10.22.2001-03:00:00,10,22,2001,03,5681.5
10.22.2001-06:00:00,10,22,2001,06,5656
10.22.2001-09:00:00,10,22,2001,09,6607.2
10.22.2001-12:00:00,10,22,2001,12,7467.1
10.22.2001-15:00:00,10,22,2001,15,6253.4
10.22.2001-18:00:00,10,22,2001,18,5759
10.22.2001-21:00:00,10,22,2001,21,5676.5
10.23.2001-00:00:00,10,23,2001,00,5649
10.23.2001-03:00:00,10,23,2001,03,5645.8
10.23.2001-06:00:00,10,23,2001,06,5640.7
10.23.2001-09:00:00,10,23,2001,09,6246.3
10.23.2001-12:00:00,10,23,2001,12,9206.8
10.23.2001-15:00:00,10,23,2001,15,7904.8
10.23.2001-18:00:00,10,23,2001,18,6291.8
10.23.2001-21:00:00,10,23,2001,21,5793.7
10.24.2001-00:00:00,10,24,2001,00,5698.5
10.24.2001-03:00:00,10,24,2001,03,5679.6
10.24.2001-06:00:00,10,24,2001,06,5657.7
10.24.2001-09:00:00,10,24,2001,09,5554.5
10.24.2001-12:00:00,10,24,2001,12,5475.8
10.24.2001-15:00:00,10,24,2001,15,5555.9
10.24.2001-18:00:00,10,24,2001,18,5609.1
10.24.2001-21:00:00,10,24,2001,21,5618.8
10.25.2001-00:00:00,10,25,2001,00,5620.5
10.25.2001-03:00:00,10,25,2001,03,5616.8
10.25.2001-06:00:00,10,25,2001,06,5610.7
10.25.2001-09:00:00,10,25,2001,09,5594
10.25.2001-12:00:00,10,25,2001,12,5959.2
10.25.2001-15:00:00,10,25,2001,15,6061.3
10.25.2001-18:00:00,10,25,2001,18,5815.1
10.25.2001-21:00:00,10,25,2001,21,5733.2
10.26.2001-00:00:00,10,26,2001,00,5620.7
10.26.2001-03:00:00,10,26,2001,03,5588.6
10.26.2001-06:00:00,10,26,2001,06,5585.3
10.26.2001-09:00:00,10,26,2001,09,5640.8
10.26.2001-12:00:00,10,26,2001,12,5948.3
10.26.2001-15:00:00,10,26,2001,15,5812.8
10.26.2001-18:00:00,10,26,2001,18,5642
10.26.2001-21:00:00,10,26,2001,21,5575.6
10.27.2001-00:00:00,10,27,2001,00,5553.5
10.27.2001-03:00:00,10,27,2001,03,5545.5
10.27.2001-06:00:00,10,27,2001,06,5535.6
10.27.2001-09:00:00,10,27,2001,09,5389.5
10.27.2001-12:00:00,10,27,2001,12,5490.4
10.27.2001-15:00:00,10,27,2001,15,5451
10.27.2001-18:00:00,10,27,2001,18,5488.3
10.27.2001-21:00:00,10,27,2001,21,5502.8
10.28.2001-00:00:00,10,28,2001,00,5499.5
10.28.2001-03:00:00,10,28,2001,03,5500.2
10.28.2001-06:00:00,10,28,2001,06,5497.7
10.28.2001-09:00:00,10,28,2001,09,5381.3
10.28.2001-12:00:00,10,28,2001,12,5334.2
10.28.2001-15:00:00,10,28,2001,15,5404.5
10.28.2001-18:00:00,10,28,2001,18,5452.6
10.28.2001-21:00:00,10,28,2001,21,5462.9
10.29.2001-00:00:00,10,29,2001,00,5465.1
10.29.2001-03:00:00,10,29,2001,03,5453.9
10.29.2001-06:00:00,10,29,2001,06,5456.2
10.29.2001-09:00:00,10,29,2001,09,5401.4
10.29.2001-12:00:00,10,29,2001,12,5343.5
10.29.2001-15:00:00,10,29,2001,15,5399.7
10.29.2001-18:00:00,10,29,2001,18,5426.7
10.29.2001-21:00:00,10,29,2001,21,5423.4
10.30.2001-00:00:00,10,30,2001,00,5424.2
10.30.2001-03:00:00,10,30,2001,03,5419.8
10.30.2001-06:00:00,10,30,2001,06,5411.6
10.30.2001-09:00:00,10,30,2001,09,5408.3
10.30.2001-12:00:00,10,30,2001,12,5404.5
10.30.2001-15:00:00,10,30,2001,15,5395.3
10.30.2001-18:00:00,10,30,2001,18,5395.5
10.30.2001-21:00:00,10,30,2001,21,5390.5
10.31.2001-00:00:00,10,31,2001,00,5384.6
10.31.2001-03:00:00,10,31,2001,03,5399.9
10.31.2001-06:00:00,10,31,2001,06,5418.7
10.31.2001-09:00:00,10,31,2001,09,5983.7
10.31.2001-12:00:00,10,31,2001,12,8731.6
10.31.2001-15:00:00,10,31,2001,15,8764.3
10.31.2001-18:00:00,10,31,2001,18,7112.2
10.31.2001-21:00:00,10,31,2001,21,5862.3
11.01.2001-00:00:00,11,01,2001,00,5466.8
11.01.2001-03:00:00,11,01,2001,03,5415
11.01.2001-06:00:00,11,01,2001,06,5411
11.01.2001-09:00:00,11,01,2001,09,5338.4
11.01.2001-12:00:00,11,01,2001,12,5273.5
11.01.2001-15:00:00,11,01,2001,15,5336.5
11.01.2001-18:00:00,11,01,2001,18,5376.3
11.01.2001-21:00:00,11,01,2001,21,5376.6
11.02.2001-00:00:00,11,02,2001,00,5378.9
11.02.2001-03:00:00,11,02,2001,03,5372.6
11.02.2001-06:00:00,11,02,2001,06,5366.9
11.02.2001-09:00:00,11,02,2001,09,5254.3
11.02.2001-12:00:00,11,02,2001,12,5224.1
11.02.2001-15:00:00,11,02,2001,15,5278.1
11.02.2001-18:00:00,11,02,2001,18,5323.6
11.02.2001-21:00:00,11,02,2001,21,5332
11.03.2001-00:00:00,11,03,2001,00,5331.8
11.03.2001-03:00:00,11,03,2001,03,5331.8
11.03.2001-06:00:00,11,03,2001,06,5329.4
11.03.2001-09:00:00,11,03,2001,09,5225.7
11.03.2001-12:00:00,11,03,2001,12,5198.8
11.03.2001-15:00:00,11,03,2001,15,5249.1
11.03.2001-18:00:00,11,03,2001,18,5285.3
11.03.2001-21:00:00,11,03,2001,21,5296
11.04.2001-00:00:00,11,04,2001,00,5297.1
11.04.2001-03:00:00,11,04,2001,03,5291.2
11.04.2001-06:00:00,11,04,2001,06,5286.7
11.04.2001-09:00:00,11,04,2001,09,5182.1
11.04.2001-12:00:00,11,04,2001,12,5227.8
11.04.2001-15:00:00,11,04,2001,15,5232
11.04.2001-18:00:00,11,04,2001,18,5255.8
11.04.2001-21:00:00,11,04,2001,21,5257.3
11.05.2001-00:00:00,11,05,2001,00,5264.8
11.05.2001-03:00:00,11,05,2001,03,5260.8
11.05.2001-06:00:00,11,05,2001,06,5256.6
11.05.2001-09:00:00,11,05,2001,09,5166.4
11.05.2001-12:00:00,11,05,2001,12,5142.7
11.05.2001-15:00:00,11,05,2001,15,5181.3
11.05.2001-18:00:00,11,05,2001,18,5221.9
11.05.2001-21:00:00,11,05,2001,21,5229.2
11.06.2001-00:00:00,11,06,2001,00,5228.6
11.06.2001-03:00:00,11,06,2001,03,5224.9
11.06.2001-06:00:00,11,06,2001,06,5224.8
11.06.2001-09:00:00,11,06,2001,09,5172.5
11.06.2001-12:00:00,11,06,2001,12,5160.9
11.06.2001-15:00:00,11,06,2001,15,5177.4
11.06.2001-18:00:00,11,06,2001,18,5194.1
11.06.2001-21:00:00,11,06,2001,21,5198.9
11.07.2001-00:00:00,11,07,2001,00,5198.9
11.07.2001-03:00:00,11,07,2001,03,5189.7
11.07.2001-06:00:00,11,07,2001,06,5190
11.07.2001-09:00:00,11,07,2001,09,5185.1
11.07.2001-12:00:00,11,07,2001,12,5152.1
11.07.2001-15:00:00,11,07,2001,15,5165.4
11.07.2001-18:00:00,11,07,2001,18,5171
11.07.2001-21:00:00,11,07,2001,21,5165.8
11.08.2001-00:00:00,11,08,2001,00,5163.5
11.08.2001-03:00:00,11,08,2001,03,5160.2
11.08.2001-06:00:00,11,08,2001,06,5154.2
11.08.2001-09:00:00,11,08,2001,09,5116.9
11.08.2001-12:00:00,11,08,2001,12,5119.7
11.08.2001-15:00:00,11,08,2001,15,5116.2
11.08.2001-18:00:00,11,08,2001,18,5133.1
11.08.2001-21:00:00,11,08,2001,21,5135.2
11.09.2001-00:00:00,11,09,2001,00,5128.4
11.09.2001-03:00:00,11,09,2001,03,5127.6
11.09.2001-06:00:00,11,09,2001,06,5127.4
11.09.2001-09:00:00,11,09,2001,09,5108.5
11.09.2001-12:00:00,11,09,2001,12,5108.8
11.09.2001-15:00:00,11,09,2001,15,5096.4
11.09.2001-18:00:00,11,09,2001,18,5099.8
11.09.2001-21:00:00,11,09,2001,21,5106.7
11.10.2001-00:00:00,11,10,2001,00,5104.2
11.10.2001-03:00:00,11,10,2001,03,5104.5
11.10.2001-06:00:00,11,10,2001,06,5110.1
11.10.2001-09:00:00,11,10,2001,09,5085.7
11.10.2001-12:00:00,11,10,2001,12,5080.1
11.10.2001-15:00:00,11,10,2001,15,5076.7
11.10.2001-18:00:00,11,10,2001,18,5084.5
11.10.2001-21:00:00,11,10,2001,21,5081.2
11.11.2001-00:00:00,11,11,2001,00,5077.2
11.11.2001-03:00:00,11,11,2001,03,5083.5
11.11.2001-06:00:00,11,11,2001,06,5077.6
11.11.2001-09:00:00,11,11,2001,09,5071.2
11.11.2001-12:00:00,11,11,2001,12,5076
11.11.2001-15:00:00,11,11,2001,15,5060
11.11.2001-18:00:00,11,11,2001,18,5057.8
11.11.2001-21:00:00,11,11,2001,21,5058.4
11.12.2001-00:00:00,11,12,2001,00,5057.7
11.12.2001-03:00:00,11,12,2001,03,5062
11.12.2001-06:00:00,11,12,2001,06,5054.9
11.12.2001-09:00:00,11,12,2001,09,5038.4
11.12.2001-12:00:00,11,12,2001,12,5007.4
11.12.2001-15:00:00,11,12,2001,15,5035.1
11.12.2001-18:00:00,11,12,2001,18,5036.7
11.12.2001-21:00:00,11,12,2001,21,5032.7
11.13.2001-00:00:00,11,13,2001,00,5028.6
11.13.2001-03:00:00,11,13,2001,03,5032.1
11.13.2001-06:00:00,11,13,2001,06,5022.9
11.13.2001-09:00:00,11,13,2001,09,5015.1
11.13.2001-12:00:00,11,13,2001,12,5022
11.13.2001-15:00:00,11,13,2001,15,5028
11.13.2001-18:00:00,11,13,2001,18,5029.8
11.13.2001-21:00:00,11,13,2001,21,5039.7
11.14.2001-00:00:00,11,14,2001,00,6598.3
11.14.2001-03:00:00,11,14,2001,03,7846.5
11.14.2001-06:00:00,11,14,2001,06,8661.5
11.14.2001-09:00:00,11,14,2001,09,11783
11.14.2001-12:00:00,11,14,2001,12,15356
11.14.2001-15:00:00,11,14,2001,15,16410
11.14.2001-18:00:00,11,14,2001,18,16404
11.14.2001-21:00:00,11,14,2001,21,16378
11.15.2001-00:00:00,11,15,2001,00,8916.5
11.15.2001-03:00:00,11,15,2001,03,6552.5
11.15.2001-06:00:00,11,15,2001,06,6049
11.15.2001-09:00:00,11,15,2001,09,6162.6
11.15.2001-12:00:00,11,15,2001,12,6836.9
11.15.2001-15:00:00,11,15,2001,15,6368.3
11.15.2001-18:00:00,11,15,2001,18,6075.6
11.15.2001-21:00:00,11,15,2001,21,5924.9
11.16.2001-00:00:00,11,16,2001,00,5878.3
11.16.2001-03:00:00,11,16,2001,03,5867.7
11.16.2001-06:00:00,11,16,2001,06,5866.4
11.16.2001-09:00:00,11,16,2001,09,5814.2
11.16.2001-12:00:00,11,16,2001,12,5776.6
11.16.2001-15:00:00,11,16,2001,15,5810.9
11.16.2001-18:00:00,11,16,2001,18,5839.5
11.16.2001-21:00:00,11,16,2001,21,5836.2
11.17.2001-00:00:00,11,17,2001,00,5831.4
11.17.2001-03:00:00,11,17,2001,03,5830
11.17.2001-06:00:00,11,17,2001,06,5824.1
11.17.2001-09:00:00,11,17,2001,09,5792.3
11.17.2001-12:00:00,11,17,2001,12,5769.7
11.17.2001-15:00:00,11,17,2001,15,5769.9
11.17.2001-18:00:00,11,17,2001,18,5800.6
11.17.2001-21:00:00,11,17,2001,21,5795.4
11.18.2001-00:00:00,11,18,2001,00,5788.5
11.18.2001-03:00:00,11,18,2001,03,5785.8
11.18.2001-06:00:00,11,18,2001,06,5787.3
11.18.2001-09:00:00,11,18,2001,09,5778.3
11.18.2001-12:00:00,11,18,2001,12,5754.4
11.18.2001-15:00:00,11,18,2001,15,5764.9
11.18.2001-18:00:00,11,18,2001,18,5761.2
11.18.2001-21:00:00,11,18,2001,21,5759.7
11.19.2001-00:00:00,11,19,2001,00,5753.7
11.19.2001-03:00:00,11,19,2001,03,5747.4
11.19.2001-06:00:00,11,19,2001,06,5738.9
11.19.2001-09:00:00,11,19,2001,09,5737.8
11.19.2001-12:00:00,11,19,2001,12,5733.2
11.19.2001-15:00:00,11,19,2001,15,5724.9
11.19.2001-18:00:00,11,19,2001,18,5719.9
11.19.2001-21:00:00,11,19,2001,21,5715.9
11.20.2001-00:00:00,11,20,2001,00,5709.3
11.20.2001-03:00:00,11,20,2001,03,5711.7
11.20.2001-06:00:00,11,20,2001,06,5700.9
11.20.2001-09:00:00,11,20,2001,09,5690.3
11.20.2001-12:00:00,11,20,2001,12,5683.6
11.20.2001-15:00:00,11,20,2001,15,5684.4
11.20.2001-18:00:00,11,20,2001,18,5690.2
11.20.2001-21:00:00,11,20,2001,21,5688.1
11.21.2001-00:00:00,11,21,2001,00,5665.7
11.21.2001-03:00:00,11,21,2001,03,5665.1
11.21.2001-06:00:00,11,21,2001,06,5656.5
11.21.2001-09:00:00,11,21,2001,09,5641
11.21.2001-12:00:00,11,21,2001,12,5634.6
11.21.2001-15:00:00,11,21,2001,15,5636.9
11.21.2001-18:00:00,11,21,2001,18,5632.5
11.21.2001-21:00:00,11,21,2001,21,5626.8
11.22.2001-00:00:00,11,22,2001,00,5633.3
11.22.2001-03:00:00,11,22,2001,03,5640.2
11.22.2001-06:00:00,11,22,2001,06,5625.7
11.22.2001-09:00:00,11,22,2001,09,5672.2
11.22.2001-12:00:00,11,22,2001,12,5703
11.22.2001-15:00:00,11,22,2001,15,5684
11.22.2001-18:00:00,11,22,2001,18,5639.9
11.22.2001-21:00:00,11,22,2001,21,5610.1
11.23.2001-00:00:00,11,23,2001,00,5588.6
11.23.2001-03:00:00,11,23,2001,03,5586.2
11.23.2001-06:00:00,11,23,2001,06,5578.6
11.23.2001-09:00:00,11,23,2001,09,5550.2
11.23.2001-12:00:00,11,23,2001,12,5513.8
11.23.2001-15:00:00,11,23,2001,15,5543.4
11.23.2001-18:00:00,11,23,2001,18,5551.5
11.23.2001-21:00:00,11,23,2001,21,5551
11.24.2001-00:00:00,11,24,2001,00,5542.1
11.24.2001-03:00:00,11,24,2001,03,5539.9
11.24.2001-06:00:00,11,24,2001,06,5532.8
11.24.2001-09:00:00,11,24,2001,09,5523.4
11.24.2001-12:00:00,11,24,2001,12,5522.9
11.24.2001-15:00:00,11,24,2001,15,5528
11.24.2001-18:00:00,11,24,2001,18,5521.7
11.24.2001-21:00:00,11,24,2001,21,5518.5
11.25.2001-00:00:00,11,25,2001,00,5511.7
11.25.2001-03:00:00,11,25,2001,03,5505.1
11.25.2001-06:00:00,11,25,2001,06,5500.2
11.25.2001-09:00:00,11,25,2001,09,5488.8
11.25.2001-12:00:00,11,25,2001,12,5475.3
11.25.2001-15:00:00,11,25,2001,15,5478.8
11.25.2001-18:00:00,11,25,2001,18,5475.9
11.25.2001-21:00:00,11,25,2001,21,5466
11.26.2001-00:00:00,11,26,2001,00,5463.7
11.26.2001-03:00:00,11,26,2001,03,5458.4
11.26.2001-06:00:00,11,26,2001,06,5449.1
11.26.2001-09:00:00,11,26,2001,09,5441.5
11.26.2001-12:00:00,11,26,2001,12,5432.9
11.26.2001-15:00:00,11,26,2001,15,5429.4
11.26.2001-18:00:00,11,26,2001,18,5426.6
11.26.2001-21:00:00,11,26,2001,21,5417.9
11.27.2001-00:00:00,11,27,2001,00,5410.8
11.27.2001-03:00:00,11,27,2001,03,5403.9
11.27.2001-06:00:00,11,27,2001,06,5398
11.27.2001-09:00:00,11,27,2001,09,5400.4
11.27.2001-12:00:00,11,27,2001,12,5388.1
11.27.2001-15:00:00,11,27,2001,15,5379.2
11.27.2001-18:00:00,11,27,2001,18,5373.1
11.27.2001-21:00:00,11,27,2001,21,5365.5
11.28.2001-00:00:00,11,28,2001,00,5364.5
11.28.2001-03:00:00,11,28,2001,03,5356.9
11.28.2001-06:00:00,11,28,2001,06,5347.2
11.28.2001-09:00:00,11,28,2001,09,5342.6
11.28.2001-12:00:00,11,28,2001,12,5334
11.28.2001-15:00:00,11,28,2001,15,5331.9
11.28.2001-18:00:00,11,28,2001,18,5326.4
11.28.2001-21:00:00,11,28,2001,21,5315.6
11.29.2001-00:00:00,11,29,2001,00,5308.6
11.29.2001-03:00:00,11,29,2001,03,5306.5
11.29.2001-06:00:00,11,29,2001,06,5300.4
11.29.2001-09:00:00,11,29,2001,09,5293.1
11.29.2001-12:00:00,11,29,2001,12,5286
11.29.2001-15:00:00,11,29,2001,15,5281.7
11.29.2001-18:00:00,11,29,2001,18,5270.4
11.29.2001-21:00:00,11,29,2001,21,5273.4
11.30.2001-00:00:00,11,30,2001,00,5259.7
11.30.2001-03:00:00,11,30,2001,03,5253.7
11.30.2001-06:00:00,11,30,2001,06,5248.3
11.30.2001-09:00:00,11,30,2001,09,5241.5
11.30.2001-12:00:00,11,30,2001,12,5233.4
11.30.2001-15:00:00,11,30,2001,15,5234.8
11.30.2001-18:00:00,11,30,2001,18,5226.4
11.30.2001-21:00:00,11,30,2001,21,5217.3
12.01.2001-00:00:00,12,01,2001,00,5212.6
12.01.2001-03:00:00,12,01,2001,03,5205.3
12.01.2001-06:00:00,12,01,2001,06,5196.9
12.01.2001-09:00:00,12,01,2001,09,5199.6
12.01.2001-12:00:00,12,01,2001,12,5186.8
12.01.2001-15:00:00,12,01,2001,15,5180.8
12.01.2001-18:00:00,12,01,2001,18,5173.6
12.01.2001-21:00:00,12,01,2001,21,5168.5
12.02.2001-00:00:00,12,02,2001,00,5161.6
12.02.2001-03:00:00,12,02,2001,03,5160.1
12.02.2001-06:00:00,12,02,2001,06,5152.4
12.02.2001-09:00:00,12,02,2001,09,5146
12.02.2001-12:00:00,12,02,2001,12,5139.3
12.02.2001-15:00:00,12,02,2001,15,5129.8
12.02.2001-18:00:00,12,02,2001,18,5124.7
12.02.2001-21:00:00,12,02,2001,21,5120
12.03.2001-00:00:00,12,03,2001,00,5116
12.03.2001-03:00:00,12,03,2001,03,5108
12.03.2001-06:00:00,12,03,2001,06,5101.7
12.03.2001-09:00:00,12,03,2001,09,5094.2
12.03.2001-12:00:00,12,03,2001,12,5087.2
12.03.2001-15:00:00,12,03,2001,15,5085.8
12.03.2001-18:00:00,12,03,2001,18,5076.2
12.03.2001-21:00:00,12,03,2001,21,5074.1
12.04.2001-00:00:00,12,04,2001,00,5066.8
12.04.2001-03:00:00,12,04,2001,03,5059.7
12.04.2001-06:00:00,12,04,2001,06,5050.2
12.04.2001-09:00:00,12,04,2001,09,5050.5
12.04.2001-12:00:00,12,04,2001,12,5038
12.04.2001-15:00:00,12,04,2001,15,5033.2
12.04.2001-18:00:00,12,04,2001,18,5032.2
12.04.2001-21:00:00,12,04,2001,21,5025.6
12.05.2001-00:00:00,12,05,2001,00,5014.8
12.05.2001-03:00:00,12,05,2001,03,5011.9
12.05.2001-06:00:00,12,05,2001,06,5002.3
12.05.2001-09:00:00,12,05,2001,09,4993.6
12.05.2001-12:00:00,12,05,2001,12,4994.2
12.05.2001-15:00:00,12,05,2001,15,4983.2
12.05.2001-18:00:00,12,05,2001,18,4978.7
12.05.2001-21:00:00,12,05,2001,21,4972.6
12.06.2001-00:00:00,12,06,2001,00,4971
12.06.2001-03:00:00,12,06,2001,03,4958.6
12.06.2001-06:00:00,12,06,2001,06,4960
12.06.2001-09:00:00,12,06,2001,09,4949.9
12.06.2001-12:00:00,12,06,2001,12,4942.2
12.06.2001-15:00:00,12,06,2001,15,4934.4
12.06.2001-18:00:00,12,06,2001,18,4933.7
12.06.2001-21:00:00,12,06,2001,21,4923.9
12.07.2001-00:00:00,12,07,2001,00,4918.1
12.07.2001-03:00:00,12,07,2001,03,4911.3
12.07.2001-06:00:00,12,07,2001,06,4915.1
12.07.2001-09:00:00,12,07,2001,09,4902
12.07.2001-12:00:00,12,07,2001,12,4894.8
12.07.2001-15:00:00,12,07,2001,15,4888.1
12.07.2001-18:00:00,12,07,2001,18,4884.8
12.07.2001-21:00:00,12,07,2001,21,4877.7
12.08.2001-00:00:00,12,08,2001,00,4871.5
12.08.2001-03:00:00,12,08,2001,03,4863.1
12.08.2001-06:00:00,12,08,2001,06,4862.8
12.08.2001-09:00:00,12,08,2001,09,4852
12.08.2001-12:00:00,12,08,2001,12,4850.7
12.08.2001-15:00:00,12,08,2001,15,4843.6
12.08.2001-18:00:00,12,08,2001,18,4840.8
12.08.2001-21:00:00,12,08,2001,21,4829.7
12.09.2001-00:00:00,12,09,2001,00,4825.7
12.09.2001-03:00:00,12,09,2001,03,4815.9
12.09.2001-06:00:00,12,09,2001,06,4816
12.09.2001-09:00:00,12,09,2001,09,4807.2
12.09.2001-12:00:00,12,09,2001,12,4802.2
12.09.2001-15:00:00,12,09,2001,15,4794
12.09.2001-18:00:00,12,09,2001,18,4791.2
12.09.2001-21:00:00,12,09,2001,21,4782.1
12.10.2001-00:00:00,12,10,2001,00,4778.9
12.10.2001-03:00:00,12,10,2001,03,4769.5
12.10.2001-06:00:00,12,10,2001,06,4766.2
12.10.2001-09:00:00,12,10,2001,09,4764.1
12.10.2001-12:00:00,12,10,2001,12,4758.2
12.10.2001-15:00:00,12,10,2001,15,4746.4
12.10.2001-18:00:00,12,10,2001,18,4743.9
12.10.2001-21:00:00,12,10,2001,21,4734.1
12.11.2001-00:00:00,12,11,2001,00,4734.2
12.11.2001-03:00:00,12,11,2001,03,4723.3
12.11.2001-06:00:00,12,11,2001,06,4722.2
12.11.2001-09:00:00,12,11,2001,09,4709.7
12.11.2001-12:00:00,12,11,2001,12,4708.1
12.11.2001-15:00:00,12,11,2001,15,4704.2
12.11.2001-18:00:00,12,11,2001,18,4697.5
12.11.2001-21:00:00,12,11,2001,21,4689.5
12.12.2001-00:00:00,12,12,2001,00,4686.9
12.12.2001-03:00:00,12,12,2001,03,4678
12.12.2001-06:00:00,12,12,2001,06,4675
12.12.2001-09:00:00,12,12,2001,09,4670.6
12.12.2001-12:00:00,12,12,2001,12,4664
12.12.2001-15:00:00,12,12,2001,15,4655.7
12.12.2001-18:00:00,12,12,2001,18,4653.6
12.12.2001-21:00:00,12,12,2001,21,4643.2
12.13.2001-00:00:00,12,13,2001,00,4641.9
12.13.2001-03:00:00,12,13,2001,03,4635.3
12.13.2001-06:00:00,12,13,2001,06,4632
12.13.2001-09:00:00,12,13,2001,09,4621.5
12.13.2001-12:00:00,12,13,2001,12,4620.4
12.13.2001-15:00:00,12,13,2001,15,4609.8
12.13.2001-18:00:00,12,13,2001,18,4611.4
12.13.2001-21:00:00,12,13,2001,21,4601.4
12.14.2001-00:00:00,12,14,2001,00,4600.3
12.14.2001-03:00:00,12,14,2001,03,4589.2
12.14.2001-06:00:00,12,14,2001,06,4587.4
12.14.2001-09:00:00,12,14,2001,09,4577.8
12.14.2001-12:00:00,12,14,2001,12,4574.5
12.14.2001-15:00:00,12,14,2001,15,4566.5
12.14.2001-18:00:00,12,14,2001,18,4565.2
12.14.2001-21:00:00,12,14,2001,21,4554.7
12.15.2001-00:00:00,12,15,2001,00,4553.8
12.15.2001-03:00:00,12,15,2001,03,4547
12.15.2001-06:00:00,12,15,2001,06,4544.1
12.15.2001-09:00:00,12,15,2001,09,4532.2
12.15.2001-12:00:00,12,15,2001,12,4528.4
12.15.2001-15:00:00,12,15,2001,15,4523.5
12.15.2001-18:00:00,12,15,2001,18,4519.9
12.15.2001-21:00:00,12,15,2001,21,4508.7
12.16.2001-00:00:00,12,16,2001,00,4510.3
12.16.2001-03:00:00,12,16,2001,03,4497.8
12.16.2001-06:00:00,12,16,2001,06,4496.7
12.16.2001-09:00:00,12,16,2001,09,4491.9
12.16.2001-12:00:00,12,16,2001,12,4484.6
12.16.2001-15:00:00,12,16,2001,15,4477.5
12.16.2001-18:00:00,12,16,2001,18,4478.3
12.16.2001-21:00:00,12,16,2001,21,4469.9
12.17.2001-00:00:00,12,17,2001,00,4462.7
12.17.2001-03:00:00,12,17,2001,03,4458.7
12.17.2001-06:00:00,12,17,2001,06,4451.7
12.17.2001-09:00:00,12,17,2001,09,4445.9
12.17.2001-12:00:00,12,17,2001,12,4444.3
12.17.2001-15:00:00,12,17,2001,15,4434.9
12.17.2001-18:00:00,12,17,2001,18,4431.3
12.17.2001-21:00:00,12,17,2001,21,4424.6
12.18.2001-00:00:00,12,18,2001,00,4422.4
12.18.2001-03:00:00,12,18,2001,03,4413.3
12.18.2001-06:00:00,12,18,2001,06,4410.3
12.18.2001-09:00:00,12,18,2001,09,4402.5
12.18.2001-12:00:00,12,18,2001,12,4401
12.18.2001-15:00:00,12,18,2001,15,4392.9
12.18.2001-18:00:00,12,18,2001,18,4387.6
12.18.2001-21:00:00,12,18,2001,21,4381
12.19.2001-00:00:00,12,19,2001,00,4379.8
12.19.2001-03:00:00,12,19,2001,03,4371.9
12.19.2001-06:00:00,12,19,2001,06,4365.9
12.19.2001-09:00:00,12,19,2001,09,4360.3
12.19.2001-12:00:00,12,19,2001,12,4356.6
12.19.2001-15:00:00,12,19,2001,15,4350.4
12.19.2001-18:00:00,12,19,2001,18,4348.2
12.19.2001-21:00:00,12,19,2001,21,4338.2
12.20.2001-00:00:00,12,20,2001,00,4335.5
12.20.2001-03:00:00,12,20,2001,03,4330
12.20.2001-06:00:00,12,20,2001,06,4327.8
12.20.2001-09:00:00,12,20,2001,09,4318.7
12.20.2001-12:00:00,12,20,2001,12,4315.6
12.20.2001-15:00:00,12,20,2001,15,4308.7
12.20.2001-18:00:00,12,20,2001,18,4304.8
12.20.2001-21:00:00,12,20,2001,21,4298.3
12.21.2001-00:00:00,12,21,2001,00,4295.4
12.21.2001-03:00:00,12,21,2001,03,4288.4
12.21.2001-06:00:00,12,21,2001,06,4283.6
12.21.2001-09:00:00,12,21,2001,09,4278.5
12.21.2001-12:00:00,12,21,2001,12,4272.7
12.21.2001-15:00:00,12,21,2001,15,4264.9
12.21.2001-18:00:00,12,21,2001,18,4263.6
12.21.2001-21:00:00,12,21,2001,21,4255.5
12.22.2001-00:00:00,12,22,2001,00,4252.7
12.22.2001-03:00:00,12,22,2001,03,4245
12.22.2001-06:00:00,12,22,2001,06,4243.5
12.22.2001-09:00:00,12,22,2001,09,4239.6
12.22.2001-12:00:00,12,22,2001,12,4233
12.22.2001-15:00:00,12,22,2001,15,4225
12.22.2001-18:00:00,12,22,2001,18,4222.8
12.22.2001-21:00:00,12,22,2001,21,4215.4
12.23.2001-00:00:00,12,23,2001,00,4213.8
12.23.2001-03:00:00,12,23,2001,03,4203.9
12.23.2001-06:00:00,12,23,2001,06,4203.6
12.23.2001-09:00:00,12,23,2001,09,4195.3
12.23.2001-12:00:00,12,23,2001,12,4193.4
12.23.2001-15:00:00,12,23,2001,15,4185.4
12.23.2001-18:00:00,12,23,2001,18,4183
12.23.2001-21:00:00,12,23,2001,21,4176.8
12.24.2001-00:00:00,12,24,2001,00,4173.8
12.24.2001-03:00:00,12,24,2001,03,4165.3
12.24.2001-06:00:00,12,24,2001,06,4163
12.24.2001-09:00:00,12,24,2001,09,4154.1
12.24.2001-12:00:00,12,24,2001,12,4155.2
12.24.2001-15:00:00,12,24,2001,15,4145.5
12.24.2001-18:00:00,12,24,2001,18,4143.1
12.24.2001-21:00:00,12,24,2001,21,4135.3
12.25.2001-00:00:00,12,25,2001,00,4134.5
12.25.2001-03:00:00,12,25,2001,03,4126.9
12.25.2001-06:00:00,12,25,2001,06,4124.9
12.25.2001-09:00:00,12,25,2001,09,4116.1
12.25.2001-12:00:00,12,25,2001,12,4114.7
12.25.2001-15:00:00,12,25,2001,15,4105.1
12.25.2001-18:00:00,12,25,2001,18,4104.5
12.25.2001-21:00:00,12,25,2001,21,4095.1
12.26.2001-00:00:00,12,26,2001,00,4094.7
12.26.2001-03:00:00,12,26,2001,03,4085.8
12.26.2001-06:00:00,12,26,2001,06,4084.4
12.26.2001-09:00:00,12,26,2001,09,4075.4
12.26.2001-12:00:00,12,26,2001,12,4073.1
12.26.2001-15:00:00,12,26,2001,15,4069.1
12.26.2001-18:00:00,12,26,2001,18,4062.3
12.26.2001-21:00:00,12,26,2001,21,4056
12.27.2001-00:00:00,12,27,2001,00,4054.4
12.27.2001-03:00:00,12,27,2001,03,4046.8
12.27.2001-06:00:00,12,27,2001,06,4044.3
12.27.2001-09:00:00,12,27,2001,09,4037.7
12.27.2001-12:00:00,12,27,2001,12,4034
12.27.2001-15:00:00,12,27,2001,15,4026.1
12.27.2001-18:00:00,12,27,2001,18,4028.4
12.27.2001-21:00:00,12,27,2001,21,4016.5
12.28.2001-00:00:00,12,28,2001,00,4015.4
12.28.2001-03:00:00,12,28,2001,03,4009.8
12.28.2001-06:00:00,12,28,2001,06,4003.7
12.28.2001-09:00:00,12,28,2001,09,3997.1
12.28.2001-12:00:00,12,28,2001,12,3995.1
12.28.2001-15:00:00,12,28,2001,15,3988.9
12.28.2001-18:00:00,12,28,2001,18,3985.3
12.28.2001-21:00:00,12,28,2001,21,3979.5
12.29.2001-00:00:00,12,29,2001,00,3976.4
12.29.2001-03:00:00,12,29,2001,03,3970.5
12.29.2001-06:00:00,12,29,2001,06,3965.7
12.29.2001-09:00:00,12,29,2001,09,3960.3
12.29.2001-12:00:00,12,29,2001,12,3962.4
12.29.2001-15:00:00,12,29,2001,15,3950.6
12.29.2001-18:00:00,12,29,2001,18,3947
12.29.2001-21:00:00,12,29,2001,21,3940.8
12.30.2001-00:00:00,12,30,2001,00,3939
12.30.2001-03:00:00,12,30,2001,03,3934.2
12.30.2001-06:00:00,12,30,2001,06,3927.7
12.30.2001-09:00:00,12,30,2001,09,3921.7
12.30.2001-12:00:00,12,30,2001,12,3918.3
12.30.2001-15:00:00,12,30,2001,15,3914.7
12.30.2001-18:00:00,12,30,2001,18,3911.1
12.30.2001-21:00:00,12,30,2001,21,3902.6
12.31.2001-00:00:00,12,31,2001,00,3904.4
12.31.2001-03:00:00,12,31,2001,03,3892.8
12.31.2001-06:00:00,12,31,2001,06,3892.7
12.31.2001-09:00:00,12,31,2001,09,3884.3
12.31.2001-12:00:00,12,31,2001,12,3883.6
12.31.2001-15:00:00,12,31,2001,15,3873.9
12.31.2001-18:00:00,12,31,2001,18,3873
12.31.2001-21:00:00,12,31,2001,21,3869.8
01.01.2002-00:00:00,01,01,2002,00,3862.4
01.01.2002-03:00:00,01,01,2002,03,3857.4
01.01.2002-06:00:00,01,01,2002,06,3855.2
01.01.2002-09:00:00,01,01,2002,09,3849.4
01.01.2002-12:00:00,01,01,2002,12,3845.6
01.01.2002-15:00:00,01,01,2002,15,3840.6
01.01.2002-18:00:00,01,01,2002,18,3836.4
01.01.2002-21:00:00,01,01,2002,21,3830.8
01.02.2002-00:00:00,01,02,2002,00,3827.3
01.02.2002-03:00:00,01,02,2002,03,3822.8
01.02.2002-06:00:00,01,02,2002,06,3816.5
01.02.2002-09:00:00,01,02,2002,09,3812.5
01.02.2002-12:00:00,01,02,2002,12,3810.2
01.02.2002-15:00:00,01,02,2002,15,3803
01.02.2002-18:00:00,01,02,2002,18,3800.1
01.02.2002-21:00:00,01,02,2002,21,3796.1
01.03.2002-00:00:00,01,03,2002,00,3790.8
01.03.2002-03:00:00,01,03,2002,03,3785.5
01.03.2002-06:00:00,01,03,2002,06,3783
01.03.2002-09:00:00,01,03,2002,09,3777.8
01.03.2002-12:00:00,01,03,2002,12,3773.9
01.03.2002-15:00:00,01,03,2002,15,3767.4
01.03.2002-18:00:00,01,03,2002,18,3763.3
01.03.2002-21:00:00,01,03,2002,21,3760.5
01.04.2002-00:00:00,01,04,2002,00,3753.8
01.04.2002-03:00:00,01,04,2002,03,3749.2
01.04.2002-06:00:00,01,04,2002,06,3745.9
01.04.2002-09:00:00,01,04,2002,09,3740.2
01.04.2002-12:00:00,01,04,2002,12,3735.8
01.04.2002-15:00:00,01,04,2002,15,3732.5
01.04.2002-18:00:00,01,04,2002,18,3729.8
01.04.2002-21:00:00,01,04,2002,21,3721.4
01.05.2002-00:00:00,01,05,2002,00,3718.4
01.05.2002-03:00:00,01,05,2002,03,3712.6
01.05.2002-06:00:00,01,05,2002,06,3711.3
01.05.2002-09:00:00,01,05,2002,09,3705.2
01.05.2002-12:00:00,01,05,2002,12,3701.7
01.05.2002-15:00:00,01,05,2002,15,3696.9
01.05.2002-18:00:00,01,05,2002,18,3692.3
01.05.2002-21:00:00,01,05,2002,21,3687.3
01.06.2002-00:00:00,01,06,2002,00,3682.6
01.06.2002-03:00:00,01,06,2002,03,3678.9
01.06.2002-06:00:00,01,06,2002,06,3675.8
01.06.2002-09:00:00,01,06,2002,09,3671.2
01.06.2002-12:00:00,01,06,2002,12,3665.8
01.06.2002-15:00:00,01,06,2002,15,3663.4
01.06.2002-18:00:00,01,06,2002,18,3658.1
01.06.2002-21:00:00,01,06,2002,21,3654.4
01.07.2002-00:00:00,01,07,2002,00,3649.7
01.07.2002-03:00:00,01,07,2002,03,3645.2
01.07.2002-06:00:00,01,07,2002,06,3640.6
01.07.2002-09:00:00,01,07,2002,09,3637.4
01.07.2002-12:00:00,01,07,2002,12,3632.5
01.07.2002-15:00:00,01,07,2002,15,3628.3
01.07.2002-18:00:00,01,07,2002,18,3623.1
01.07.2002-21:00:00,01,07,2002,21,3621.6
01.08.2002-00:00:00,01,08,2002,00,3614.8
01.08.2002-03:00:00,01,08,2002,03,3611.3
01.08.2002-06:00:00,01,08,2002,06,3606.8
01.08.2002-09:00:00,01,08,2002,09,3604.7
01.08.2002-12:00:00,01,08,2002,12,3596.9
01.08.2002-15:00:00,01,08,2002,15,3594.8
01.08.2002-18:00:00,01,08,2002,18,3590.5
01.08.2002-21:00:00,01,08,2002,21,3588
01.09.2002-00:00:00,01,09,2002,00,3581.6
01.09.2002-03:00:00,01,09,2002,03,3579.7
01.09.2002-06:00:00,01,09,2002,06,3573.3
01.09.2002-09:00:00,01,09,2002,09,3570.3
01.09.2002-12:00:00,01,09,2002,12,3565.1
01.09.2002-15:00:00,01,09,2002,15,3563
01.09.2002-18:00:00,01,09,2002,18,3558.1
01.09.2002-21:00:00,01,09,2002,21,3553.1
01.10.2002-00:00:00,01,10,2002,00,3549.6
01.10.2002-03:00:00,01,10,2002,03,3547
01.10.2002-06:00:00,01,10,2002,06,3541.3
01.10.2002-09:00:00,01,10,2002,09,3536.7
01.10.2002-12:00:00,01,10,2002,12,3533.3
01.10.2002-15:00:00,01,10,2002,15,3526.8
01.10.2002-18:00:00,01,10,2002,18,3527.4
01.10.2002-21:00:00,01,10,2002,21,3520.4
01.11.2002-00:00:00,01,11,2002,00,3517.6
01.11.2002-03:00:00,01,11,2002,03,3512.6
01.11.2002-06:00:00,01,11,2002,06,3510.1
01.11.2002-09:00:00,01,11,2002,09,3502.7
01.11.2002-12:00:00,01,11,2002,12,3503
01.11.2002-15:00:00,01,11,2002,15,3494.3
01.11.2002-18:00:00,01,11,2002,18,3494
01.11.2002-21:00:00,01,11,2002,21,3488.7
01.12.2002-00:00:00,01,12,2002,00,3484.3
01.12.2002-03:00:00,01,12,2002,03,3478.2
01.12.2002-06:00:00,01,12,2002,06,3477.7
01.12.2002-09:00:00,01,12,2002,09,3471.4
01.12.2002-12:00:00,01,12,2002,12,3462.3
01.12.2002-15:00:00,01,12,2002,15,3463.6
01.12.2002-18:00:00,01,12,2002,18,3460.1
01.12.2002-21:00:00,01,12,2002,21,3454
01.13.2002-00:00:00,01,13,2002,00,3454.2
01.13.2002-03:00:00,01,13,2002,03,3448.7
01.13.2002-06:00:00,01,13,2002,06,3443.3
01.13.2002-09:00:00,01,13,2002,09,3443.1
01.13.2002-12:00:00,01,13,2002,12,3431.4
01.13.2002-15:00:00,01,13,2002,15,3434.1
01.13.2002-18:00:00,01,13,2002,18,3427.4
01.13.2002-21:00:00,01,13,2002,21,3425.8
01.14.2002-00:00:00,01,14,2002,00,3417.4
01.14.2002-03:00:00,01,14,2002,03,3415.3
01.14.2002-06:00:00,01,14,2002,06,3415.1
01.14.2002-09:00:00,01,14,2002,09,3406.6
01.14.2002-12:00:00,01,14,2002,12,3404.9
01.14.2002-15:00:00,01,14,2002,15,3398.3
01.14.2002-18:00:00,01,14,2002,18,3401.4
01.14.2002-21:00:00,01,14,2002,21,3391.7
01.15.2002-00:00:00,01,15,2002,00,3388.3
01.15.2002-03:00:00,01,15,2002,03,3385.3
01.15.2002-06:00:00,01,15,2002,06,3381.4
01.15.2002-09:00:00,01,15,2002,09,3380.2
01.15.2002-12:00:00,01,15,2002,12,3371.6
01.15.2002-15:00:00,01,15,2002,15,3370.1
01.15.2002-18:00:00,01,15,2002,18,3367.1
01.15.2002-21:00:00,01,15,2002,21,3363.7
01.16.2002-00:00:00,01,16,2002,00,3359.2
01.16.2002-03:00:00,01,16,2002,03,3354.9
01.16.2002-06:00:00,01,16,2002,06,3350.7
01.16.2002-09:00:00,01,16,2002,09,3347.8
01.16.2002-12:00:00,01,16,2002,12,3345.4
01.16.2002-15:00:00,01,16,2002,15,3341.7
01.16.2002-18:00:00,01,16,2002,18,3334.4
01.16.2002-21:00:00,01,16,2002,21,3331.7
01.17.2002-00:00:00,01,17,2002,00,3330.1
01.17.2002-03:00:00,01,17,2002,03,3322.5
01.17.2002-06:00:00,01,17,2002,06,3323.9
01.17.2002-09:00:00,01,17,2002,09,3318
01.17.2002-12:00:00,01,17,2002,12,3313.1
01.17.2002-15:00:00,01,17,2002,15,3310.3
01.17.2002-18:00:00,01,17,2002,18,3305.4
01.17.2002-21:00:00,01,17,2002,21,3305.5
01.18.2002-00:00:00,01,18,2002,00,3297.5
01.18.2002-03:00:00,01,18,2002,03,3298.2
01.18.2002-06:00:00,01,18,2002,06,3293.3
01.18.2002-09:00:00,01,18,2002,09,3285.6
01.18.2002-12:00:00,01,18,2002,12,3285.8
01.18.2002-15:00:00,01,18,2002,15,3278.5
01.18.2002-18:00:00,01,18,2002,18,3275.6
01.18.2002-21:00:00,01,18,2002,21,3274.4
01.19.2002-00:00:00,01,19,2002,00,3267.3
01.19.2002-03:00:00,01,19,2002,03,3264.6
01.19.2002-06:00:00,01,19,2002,06,3262.4
01.19.2002-09:00:00,01,19,2002,09,3257.4
01.19.2002-12:00:00,01,19,2002,12,3251.8
01.19.2002-15:00:00,01,19,2002,15,3250.5
01.19.2002-18:00:00,01,19,2002,18,3242.7
01.19.2002-21:00:00,01,19,2002,21,3240.6
01.20.2002-00:00:00,01,20,2002,00,3238.9
01.20.2002-03:00:00,01,20,2002,03,3236
01.20.2002-06:00:00,01,20,2002,06,3231.6
01.20.2002-09:00:00,01,20,2002,09,3228.9
01.20.2002-12:00:00,01,20,2002,12,3222.4
01.20.2002-15:00:00,01,20,2002,15,3220.4
01.20.2002-18:00:00,01,20,2002,18,3218.6
01.20.2002-21:00:00,01,20,2002,21,3214.2
01.21.2002-00:00:00,01,21,2002,00,3209.6
01.21.2002-03:00:00,01,21,2002,03,3207.7
01.21.2002-06:00:00,01,21,2002,06,3199.8
01.21.2002-09:00:00,01,21,2002,09,3199.3
01.21.2002-12:00:00,01,21,2002,12,3196.8
01.21.2002-15:00:00,01,21,2002,15,3190.2
01.21.2002-18:00:00,01,21,2002,18,3187.5
01.21.2002-21:00:00,01,21,2002,21,3185.8
01.22.2002-00:00:00,01,22,2002,00,3181.7
01.22.2002-03:00:00,01,22,2002,03,3178
01.22.2002-06:00:00,01,22,2002,06,3176.1
01.22.2002-09:00:00,01,22,2002,09,3169.4
01.22.2002-12:00:00,01,22,2002,12,3167.5
01.22.2002-15:00:00,01,22,2002,15,3163.4
01.22.2002-18:00:00,01,22,2002,18,3160.5
01.22.2002-21:00:00,01,22,2002,21,3155.5
01.23.2002-00:00:00,01,23,2002,00,3154.7
01.23.2002-03:00:00,01,23,2002,03,3150.7
01.23.2002-06:00:00,01,23,2002,06,3145.6
01.23.2002-09:00:00,01,23,2002,09,3143.9
01.23.2002-12:00:00,01,23,2002,12,3139.6
01.23.2002-15:00:00,01,23,2002,15,3135.2
01.23.2002-18:00:00,01,23,2002,18,3133.9
01.23.2002-21:00:00,01,23,2002,21,3130
01.24.2002-00:00:00,01,24,2002,00,3124.3
01.24.2002-03:00:00,01,24,2002,03,3120.4
01.24.2002-06:00:00,01,24,2002,06,3116.9
01.24.2002-09:00:00,01,24,2002,09,3115.1
01.24.2002-12:00:00,01,24,2002,12,3113
01.24.2002-15:00:00,01,24,2002,15,3105.9
01.24.2002-18:00:00,01,24,2002,18,3104.3
01.24.2002-21:00:00,01,24,2002,21,3102.2
01.25.2002-00:00:00,01,25,2002,00,3096.7
01.25.2002-03:00:00,01,25,2002,03,3093.1
01.25.2002-06:00:00,01,25,2002,06,3090.8
01.25.2002-09:00:00,01,25,2002,09,3084.7
01.25.2002-12:00:00,01,25,2002,12,3076.2
01.25.2002-15:00:00,01,25,2002,15,3078.7
01.25.2002-18:00:00,01,25,2002,18,3075.6
01.25.2002-21:00:00,01,25,2002,21,3072.7
01.26.2002-00:00:00,01,26,2002,00,3072.8
01.26.2002-03:00:00,01,26,2002,03,3064.7
01.26.2002-06:00:00,01,26,2002,06,3061.9
01.26.2002-09:00:00,01,26,2002,09,3061.7
01.26.2002-12:00:00,01,26,2002,12,3056.2
01.26.2002-15:00:00,01,26,2002,15,3054.2
01.26.2002-18:00:00,01,26,2002,18,3052.8
01.26.2002-21:00:00,01,26,2002,21,3045.4
01.27.2002-00:00:00,01,27,2002,00,3042.2
01.27.2002-03:00:00,01,27,2002,03,3040.8
01.27.2002-06:00:00,01,27,2002,06,3035.7
01.27.2002-09:00:00,01,27,2002,09,3032.2
01.27.2002-12:00:00,01,27,2002,12,3032.7
01.27.2002-15:00:00,01,27,2002,15,3026.3
01.27.2002-18:00:00,01,27,2002,18,3022.3
01.27.2002-21:00:00,01,27,2002,21,3021.8
01.28.2002-00:00:00,01,28,2002,00,3015.6
01.28.2002-03:00:00,01,28,2002,03,3011.9
01.28.2002-06:00:00,01,28,2002,06,3011.3
01.28.2002-09:00:00,01,28,2002,09,3007.2
01.28.2002-12:00:00,01,28,2002,12,3002.1
01.28.2002-15:00:00,01,28,2002,15,3003.1
01.28.2002-18:00:00,01,28,2002,18,2996.7
01.28.2002-21:00:00,01,28,2002,21,2993.2
01.29.2002-00:00:00,01,29,2002,00,2992.9
01.29.2002-03:00:00,01,29,2002,03,2987.8
01.29.2002-06:00:00,01,29,2002,06,2983.7
01.29.2002-09:00:00,01,29,2002,09,2982.9
01.29.2002-12:00:00,01,29,2002,12,2979.6
01.29.2002-15:00:00,01,29,2002,15,2973.6
01.29.2002-18:00:00,01,29,2002,18,2970.7
01.29.2002-21:00:00,01,29,2002,21,2971.1
01.30.2002-00:00:00,01,30,2002,00,2965.1
01.30.2002-03:00:00,01,30,2002,03,2961.4
01.30.2002-06:00:00,01,30,2002,06,2959
01.30.2002-09:00:00,01,30,2002,09,2957.7
01.30.2002-12:00:00,01,30,2002,12,2952.8
01.30.2002-15:00:00,01,30,2002,15,2948.3
01.30.2002-18:00:00,01,30,2002,18,2946.5
01.30.2002-21:00:00,01,30,2002,21,2944.5
01.31.2002-00:00:00,01,31,2002,00,2939.8
01.31.2002-03:00:00,01,31,2002,03,2935.8
01.31.2002-06:00:00,01,31,2002,06,2934.1
01.31.2002-09:00:00,01,31,2002,09,2933.7
01.31.2002-12:00:00,01,31,2002,12,2928.4
01.31.2002-15:00:00,01,31,2002,15,2923.6
01.31.2002-18:00:00,01,31,2002,18,2920.2
01.31.2002-21:00:00,01,31,2002,21,2920.9
02.01.2002-00:00:00,02,01,2002,00,2914.8
02.01.2002-03:00:00,02,01,2002,03,2910.9
02.01.2002-06:00:00,02,01,2002,06,2908
02.01.2002-09:00:00,02,01,2002,09,2906.5
02.01.2002-12:00:00,02,01,2002,12,2901.5
02.01.2002-15:00:00,02,01,2002,15,2899.9
02.01.2002-18:00:00,02,01,2002,18,2895.7
02.01.2002-21:00:00,02,01,2002,21,2892.8
02.02.2002-00:00:00,02,02,2002,00,2891.1
02.02.2002-03:00:00,02,02,2002,03,2886.1
02.02.2002-06:00:00,02,02,2002,06,2882.4
02.02.2002-09:00:00,02,02,2002,09,2878.2
02.02.2002-12:00:00,02,02,2002,12,2877.7
02.02.2002-15:00:00,02,02,2002,15,2874.7
02.02.2002-18:00:00,02,02,2002,18,2870.8
02.02.2002-21:00:00,02,02,2002,21,2866.5
02.03.2002-00:00:00,02,03,2002,00,2864.1
02.03.2002-03:00:00,02,03,2002,03,2860.1
02.03.2002-06:00:00,02,03,2002,06,2862
02.03.2002-09:00:00,02,03,2002,09,2853.4
02.03.2002-12:00:00,02,03,2002,12,2848.2
02.03.2002-15:00:00,02,03,2002,15,2847.2
02.03.2002-18:00:00,02,03,2002,18,2847
02.03.2002-21:00:00,02,03,2002,21,2842.1
02.04.2002-00:00:00,02,04,2002,00,2842.2
02.04.2002-03:00:00,02,04,2002,03,2836.3
02.04.2002-06:00:00,02,04,2002,06,2834
02.04.2002-09:00:00,02,04,2002,09,2829.9
02.04.2002-12:00:00,02,04,2002,12,2827.9
02.04.2002-15:00:00,02,04,2002,15,2824.5
02.04.2002-18:00:00,02,04,2002,18,2824.3
02.04.2002-21:00:00,02,04,2002,21,2818
02.05.2002-00:00:00,02,05,2002,00,2816.4
02.05.2002-03:00:00,02,05,2002,03,2812.1
02.05.2002-06:00:00,02,05,2002,06,2808.4
02.05.2002-09:00:00,02,05,2002,09,2806.4
02.05.2002-12:00:00,02,05,2002,12,2804.3
02.05.2002-15:00:00,02,05,2002,15,2802.8
02.05.2002-18:00:00,02,05,2002,18,2799.3
02.05.2002-21:00:00,02,05,2002,21,2794.4
02.06.2002-00:00:00,02,06,2002,00,2790.6
02.06.2002-03:00:00,02,06,2002,03,2789.3
02.06.2002-06:00:00,02,06,2002,06,2784.9
02.06.2002-09:00:00,02,06,2002,09,2783.3
02.06.2002-12:00:00,02,06,2002,12,2781.7
02.06.2002-15:00:00,02,06,2002,15,2777.5
02.06.2002-18:00:00,02,06,2002,18,2773.1
02.06.2002-21:00:00,02,06,2002,21,2771.2
02.07.2002-00:00:00,02,07,2002,00,2768.3
02.07.2002-03:00:00,02,07,2002,03,2766.3
02.07.2002-06:00:00,02,07,2002,06,2761.6
02.07.2002-09:00:00,02,07,2002,09,2759.6
02.07.2002-12:00:00,02,07,2002,12,2758.3
02.07.2002-15:00:00,02,07,2002,15,2753.7
02.07.2002-18:00:00,02,07,2002,18,2752.3
02.07.2002-21:00:00,02,07,2002,21,2747.1
02.08.2002-00:00:00,02,08,2002,00,2744.5
02.08.2002-03:00:00,02,08,2002,03,2741.1
02.08.2002-06:00:00,02,08,2002,06,2738.7
02.08.2002-09:00:00,02,08,2002,09,2728.9
02.08.2002-12:00:00,02,08,2002,12,2711.8
02.08.2002-15:00:00,02,08,2002,15,2724.6
02.08.2002-18:00:00,02,08,2002,18,2726.2
02.08.2002-21:00:00,02,08,2002,21,2723.6
02.09.2002-00:00:00,02,09,2002,00,2720.3
02.09.2002-03:00:00,02,09,2002,03,2717.6
02.09.2002-06:00:00,02,09,2002,06,2714.8
02.09.2002-09:00:00,02,09,2002,09,2712.2
02.09.2002-12:00:00,02,09,2002,12,2708.3
02.09.2002-15:00:00,02,09,2002,15,2706.8
02.09.2002-18:00:00,02,09,2002,18,2702.9
02.09.2002-21:00:00,02,09,2002,21,2701
02.10.2002-00:00:00,02,10,2002,00,2697
02.10.2002-03:00:00,02,10,2002,03,2695.1
02.10.2002-06:00:00,02,10,2002,06,2691.7
02.10.2002-09:00:00,02,10,2002,09,2689.2
02.10.2002-12:00:00,02,10,2002,12,2686.3
02.10.2002-15:00:00,02,10,2002,15,2685
02.10.2002-18:00:00,02,10,2002,18,2681.8
02.10.2002-21:00:00,02,10,2002,21,2677.6
02.11.2002-00:00:00,02,11,2002,00,2674.8
02.11.2002-03:00:00,02,11,2002,03,2671.1
02.11.2002-06:00:00,02,11,2002,06,2668.4
02.11.2002-09:00:00,02,11,2002,09,2661.7
02.11.2002-12:00:00,02,11,2002,12,2639.1
02.11.2002-15:00:00,02,11,2002,15,2652
02.11.2002-18:00:00,02,11,2002,18,2654.5
02.11.2002-21:00:00,02,11,2002,21,2652.8
02.12.2002-00:00:00,02,12,2002,00,2651.1
02.12.2002-03:00:00,02,12,2002,03,2647.8
02.12.2002-06:00:00,02,12,2002,06,2645.2
02.12.2002-09:00:00,02,12,2002,09,2643.3
02.12.2002-12:00:00,02,12,2002,12,2639.3
02.12.2002-15:00:00,02,12,2002,15,2637.5
02.12.2002-18:00:00,02,12,2002,18,2635.1
02.12.2002-21:00:00,02,12,2002,21,2631.5
02.13.2002-00:00:00,02,13,2002,00,2629.4
02.13.2002-03:00:00,02,13,2002,03,2626
02.13.2002-06:00:00,02,13,2002,06,2621.5
02.13.2002-09:00:00,02,13,2002,09,2620.5
02.13.2002-12:00:00,02,13,2002,12,2594.9
02.13.2002-15:00:00,02,13,2002,15,2607.6
02.13.2002-18:00:00,02,13,2002,18,2608.9
02.13.2002-21:00:00,02,13,2002,21,2609.4
02.14.2002-00:00:00,02,14,2002,00,2604.6
02.14.2002-03:00:00,02,14,2002,03,2603.1
02.14.2002-06:00:00,02,14,2002,06,2599
02.14.2002-09:00:00,02,14,2002,09,2598.2
02.14.2002-12:00:00,02,14,2002,12,2577.1
02.14.2002-15:00:00,02,14,2002,15,2586.4
02.14.2002-18:00:00,02,14,2002,18,2589.2
02.14.2002-21:00:00,02,14,2002,21,2586.9
02.15.2002-00:00:00,02,15,2002,00,2584
02.15.2002-03:00:00,02,15,2002,03,2581.8
02.15.2002-06:00:00,02,15,2002,06,2577.5
02.15.2002-09:00:00,02,15,2002,09,2576.3
02.15.2002-12:00:00,02,15,2002,12,2564.8
02.15.2002-15:00:00,02,15,2002,15,2568.5
02.15.2002-18:00:00,02,15,2002,18,2567.2
02.15.2002-21:00:00,02,15,2002,21,2565
02.16.2002-00:00:00,02,16,2002,00,2561.2
02.16.2002-03:00:00,02,16,2002,03,2560.2
02.16.2002-06:00:00,02,16,2002,06,2555.9
02.16.2002-09:00:00,02,16,2002,09,2555.1
02.16.2002-12:00:00,02,16,2002,12,2547.9
02.16.2002-15:00:00,02,16,2002,15,2549.8
02.16.2002-18:00:00,02,16,2002,18,2545.2
02.16.2002-21:00:00,02,16,2002,21,2545
02.17.2002-00:00:00,02,17,2002,00,2540.4
02.17.2002-03:00:00,02,17,2002,03,2539.6
02.17.2002-06:00:00,02,17,2002,06,2535.2
02.17.2002-09:00:00,02,17,2002,09,2534.4
02.17.2002-12:00:00,02,17,2002,12,2517.6
02.17.2002-15:00:00,02,17,2002,15,2524.1
02.17.2002-18:00:00,02,17,2002,18,2523.4
02.17.2002-21:00:00,02,17,2002,21,2522.5
02.18.2002-00:00:00,02,18,2002,00,2519.2
02.18.2002-03:00:00,02,18,2002,03,2518.3
02.18.2002-06:00:00,02,18,2002,06,2514.5
02.18.2002-09:00:00,02,18,2002,09,2500.5
02.18.2002-12:00:00,02,18,2002,12,2469.1
02.18.2002-15:00:00,02,18,2002,15,2491
02.18.2002-18:00:00,02,18,2002,18,2498.2
02.18.2002-21:00:00,02,18,2002,21,2499.5
02.19.2002-00:00:00,02,19,2002,00,2496.6
02.19.2002-03:00:00,02,19,2002,03,2495.6
02.19.2002-06:00:00,02,19,2002,06,2491.8
02.19.2002-09:00:00,02,19,2002,09,2472.7
02.19.2002-12:00:00,02,19,2002,12,2453.6
02.19.2002-15:00:00,02,19,2002,15,2472.2
02.19.2002-18:00:00,02,19,2002,18,2477.4
02.19.2002-21:00:00,02,19,2002,21,2477.9
02.20.2002-00:00:00,02,20,2002,00,2474
02.20.2002-03:00:00,02,20,2002,03,2473.6
02.20.2002-06:00:00,02,20,2002,06,2469.3
02.20.2002-09:00:00,02,20,2002,09,2450.6
02.20.2002-12:00:00,02,20,2002,12,2413.2
02.20.2002-15:00:00,02,20,2002,15,2441.5
02.20.2002-18:00:00,02,20,2002,18,2451.5
02.20.2002-21:00:00,02,20,2002,21,2453.1
02.21.2002-00:00:00,02,21,2002,00,2452
02.21.2002-03:00:00,02,21,2002,03,2451.5
02.21.2002-06:00:00,02,21,2002,06,2445.9
02.21.2002-09:00:00,02,21,2002,09,2446
02.21.2002-12:00:00,02,21,2002,12,2441
02.21.2002-15:00:00,02,21,2002,15,2441.4
02.21.2002-18:00:00,02,21,2002,18,2436.6
02.21.2002-21:00:00,02,21,2002,21,2437.1
02.22.2002-00:00:00,02,22,2002,00,2431.9
02.22.2002-03:00:00,02,22,2002,03,2430.9
02.22.2002-06:00:00,02,22,2002,06,2427.9
02.22.2002-09:00:00,02,22,2002,09,2394.5
02.22.2002-12:00:00,02,22,2002,12,2378.8
02.22.2002-15:00:00,02,22,2002,15,2401.8
02.22.2002-18:00:00,02,22,2002,18,2409.3
02.22.2002-21:00:00,02,22,2002,21,2412.6
02.23.2002-00:00:00,02,23,2002,00,2411.1
02.23.2002-03:00:00,02,23,2002,03,2409.1
02.23.2002-06:00:00,02,23,2002,06,2405.3
02.23.2002-09:00:00,02,23,2002,09,2394.7
02.23.2002-12:00:00,02,23,2002,12,2381
02.23.2002-15:00:00,02,23,2002,15,2391.3
02.23.2002-18:00:00,02,23,2002,18,2393.1
02.23.2002-21:00:00,02,23,2002,21,2394.5
02.24.2002-00:00:00,02,24,2002,00,2390.2
02.24.2002-03:00:00,02,24,2002,03,2389.2
02.24.2002-06:00:00,02,24,2002,06,2386.2
02.24.2002-09:00:00,02,24,2002,09,2383.1
02.24.2002-12:00:00,02,24,2002,12,2381.3
02.24.2002-15:00:00,02,24,2002,15,2378.6
02.24.2002-18:00:00,02,24,2002,18,2376.3
02.24.2002-21:00:00,02,24,2002,21,2374.7
02.25.2002-00:00:00,02,25,2002,00,2370.6
02.25.2002-03:00:00,02,25,2002,03,2368.1
02.25.2002-06:00:00,02,25,2002,06,2367.2
02.25.2002-09:00:00,02,25,2002,09,2364.6
02.25.2002-12:00:00,02,25,2002,12,2361.1
02.25.2002-15:00:00,02,25,2002,15,2360
02.25.2002-18:00:00,02,25,2002,18,2356.4
02.25.2002-21:00:00,02,25,2002,21,2355.1
02.26.2002-00:00:00,02,26,2002,00,2352.7
02.26.2002-03:00:00,02,26,2002,03,2349.3
02.26.2002-06:00:00,02,26,2002,06,2346.6
02.26.2002-09:00:00,02,26,2002,09,2345.9
02.26.2002-12:00:00,02,26,2002,12,2341.6
02.26.2002-15:00:00,02,26,2002,15,2339.6
02.26.2002-18:00:00,02,26,2002,18,2338.1
02.26.2002-21:00:00,02,26,2002,21,2335.3
02.27.2002-00:00:00,02,27,2002,00,2331.9
02.27.2002-03:00:00,02,27,2002,03,2331.3
02.27.2002-06:00:00,02,27,2002,06,2327.4
02.27.2002-09:00:00,02,27,2002,09,2327
02.27.2002-12:00:00,02,27,2002,12,2310
02.27.2002-15:00:00,02,27,2002,15,2316.7
02.27.2002-18:00:00,02,27,2002,18,2315.9
02.27.2002-21:00:00,02,27,2002,21,2314.2
02.28.2002-00:00:00,02,28,2002,00,2312.3
02.28.2002-03:00:00,02,28,2002,03,2312.2
02.28.2002-06:00:00,02,28,2002,06,2308.1
02.28.2002-09:00:00,02,28,2002,09,2301
02.28.2002-12:00:00,02,28,2002,12,2284.6
02.28.2002-15:00:00,02,28,2002,15,2294.5
02.28.2002-18:00:00,02,28,2002,18,2295.6
02.28.2002-21:00:00,02,28,2002,21,2294.6
03.01.2002-00:00:00,03,01,2002,00,2292.7
03.01.2002-03:00:00,03,01,2002,03,2290.4
03.01.2002-06:00:00,03,01,2002,06,2290.1
03.01.2002-09:00:00,03,01,2002,09,2270.6
03.01.2002-12:00:00,03,01,2002,12,2235.3
03.01.2002-15:00:00,03,01,2002,15,2258.3
03.01.2002-18:00:00,03,01,2002,18,2269.2
03.01.2002-21:00:00,03,01,2002,21,2271.3
03.02.2002-00:00:00,03,02,2002,00,2271.2
03.02.2002-03:00:00,03,02,2002,03,2267.5
03.02.2002-06:00:00,03,02,2002,06,2265.8
03.02.2002-09:00:00,03,02,2002,09,2253.6
03.02.2002-12:00:00,03,02,2002,12,2222.5
03.02.2002-15:00:00,03,02,2002,15,2241.8
03.02.2002-18:00:00,03,02,2002,18,2250.2
03.02.2002-21:00:00,03,02,2002,21,2252.7
03.03.2002-00:00:00,03,03,2002,00,2250.7
03.03.2002-03:00:00,03,03,2002,03,2247.7
03.03.2002-06:00:00,03,03,2002,06,2246.8
03.03.2002-09:00:00,03,03,2002,09,2229
03.03.2002-12:00:00,03,03,2002,12,2197.9
03.03.2002-15:00:00,03,03,2002,15,2219.2
03.03.2002-18:00:00,03,03,2002,18,2229.6
03.03.2002-21:00:00,03,03,2002,21,2230.7
03.04.2002-00:00:00,03,04,2002,00,2230.1
03.04.2002-03:00:00,03,04,2002,03,2229.1
03.04.2002-06:00:00,03,04,2002,06,2226.1
03.04.2002-09:00:00,03,04,2002,09,2181
03.04.2002-12:00:00,03,04,2002,12,2156.5
03.04.2002-15:00:00,03,04,2002,15,2185.9
03.04.2002-18:00:00,03,04,2002,18,2202.7
03.04.2002-21:00:00,03,04,2002,21,2205.9
03.05.2002-00:00:00,03,05,2002,00,2205.8
03.05.2002-03:00:00,03,05,2002,03,2204.6
03.05.2002-06:00:00,03,05,2002,06,2203.9
03.05.2002-09:00:00,03,05,2002,09,2168.3
03.05.2002-12:00:00,03,05,2002,12,2148
03.05.2002-15:00:00,03,05,2002,15,2172
03.05.2002-18:00:00,03,05,2002,18,2185.6
03.05.2002-21:00:00,03,05,2002,21,2188.1
03.06.2002-00:00:00,03,06,2002,00,2186.5
03.06.2002-03:00:00,03,06,2002,03,2185.3
03.06.2002-06:00:00,03,06,2002,06,2184.8
03.06.2002-09:00:00,03,06,2002,09,2181.7
03.06.2002-12:00:00,03,06,2002,12,2179.7
03.06.2002-15:00:00,03,06,2002,15,2179
03.06.2002-18:00:00,03,06,2002,18,2176.2
03.06.2002-21:00:00,03,06,2002,21,2173.8
03.07.2002-00:00:00,03,07,2002,00,2172
03.07.2002-03:00:00,03,07,2002,03,2170.1
03.07.2002-06:00:00,03,07,2002,06,2168.4
03.07.2002-09:00:00,03,07,2002,09,2166.8
03.07.2002-12:00:00,03,07,2002,12,2163.7
03.07.2002-15:00:00,03,07,2002,15,2161.7
03.07.2002-18:00:00,03,07,2002,18,2160.4
03.07.2002-21:00:00,03,07,2002,21,2157.8
03.08.2002-00:00:00,03,08,2002,00,2155.9
03.08.2002-03:00:00,03,08,2002,03,2153.9
03.08.2002-06:00:00,03,08,2002,06,2150.9
03.08.2002-09:00:00,03,08,2002,09,2149.7
03.08.2002-12:00:00,03,08,2002,12,2147
03.08.2002-15:00:00,03,08,2002,15,2145.5
03.08.2002-18:00:00,03,08,2002,18,2142.5
03.08.2002-21:00:00,03,08,2002,21,2140.8
03.09.2002-00:00:00,03,09,2002,00,2138
03.09.2002-03:00:00,03,09,2002,03,2137.7
03.09.2002-06:00:00,03,09,2002,06,2134.4
03.09.2002-09:00:00,03,09,2002,09,2132.8
03.09.2002-12:00:00,03,09,2002,12,2129.8
03.09.2002-15:00:00,03,09,2002,15,2129
03.09.2002-18:00:00,03,09,2002,18,2125.9
03.09.2002-21:00:00,03,09,2002,21,2124.4
03.10.2002-00:00:00,03,10,2002,00,2121.8
03.10.2002-03:00:00,03,10,2002,03,2120.8
03.10.2002-06:00:00,03,10,2002,06,2118.1
03.10.2002-09:00:00,03,10,2002,09,2117.2
03.10.2002-12:00:00,03,10,2002,12,2113.4
03.10.2002-15:00:00,03,10,2002,15,2112.1
03.10.2002-18:00:00,03,10,2002,18,2109.4
03.10.2002-21:00:00,03,10,2002,21,2108.4
03.11.2002-00:00:00,03,11,2002,00,2105.4
03.11.2002-03:00:00,03,11,2002,03,2104.1
03.11.2002-06:00:00,03,11,2002,06,2101.9
03.11.2002-09:00:00,03,11,2002,09,2099.8
03.11.2002-12:00:00,03,11,2002,12,2096.9
03.11.2002-15:00:00,03,11,2002,15,2096.1
03.11.2002-18:00:00,03,11,2002,18,2093.4
03.11.2002-21:00:00,03,11,2002,21,2091.6
03.12.2002-00:00:00,03,12,2002,00,2089
03.12.2002-03:00:00,03,12,2002,03,2087.5
03.12.2002-06:00:00,03,12,2002,06,2085.1
03.12.2002-09:00:00,03,12,2002,09,2050
03.12.2002-12:00:00,03,12,2002,12,2035.8
03.12.2002-15:00:00,03,12,2002,15,2055.9
03.12.2002-18:00:00,03,12,2002,18,2067.1
03.12.2002-21:00:00,03,12,2002,21,2069.3
03.13.2002-00:00:00,03,13,2002,00,2069.4
03.13.2002-03:00:00,03,13,2002,03,2067.4
03.13.2002-06:00:00,03,13,2002,06,2065.2
03.13.2002-09:00:00,03,13,2002,09,2037.5
03.13.2002-12:00:00,03,13,2002,12,2013
03.13.2002-15:00:00,03,13,2002,15,2036.2
03.13.2002-18:00:00,03,13,2002,18,2046.3
03.13.2002-21:00:00,03,13,2002,21,2048.8
03.14.2002-00:00:00,03,14,2002,00,2048.9
03.14.2002-03:00:00,03,14,2002,03,2048.2
03.14.2002-06:00:00,03,14,2002,06,2046.1
03.14.2002-09:00:00,03,14,2002,09,2006.8
03.14.2002-12:00:00,03,14,2002,12,1985.8
03.14.2002-15:00:00,03,14,2002,15,2012.1
03.14.2002-18:00:00,03,14,2002,18,2023.4
03.14.2002-21:00:00,03,14,2002,21,2025.7
03.15.2002-00:00:00,03,15,2002,00,2028.1
03.15.2002-03:00:00,03,15,2002,03,2027.2
03.15.2002-06:00:00,03,15,2002,06,2025.9
03.15.2002-09:00:00,03,15,2002,09,2019.3
03.15.2002-12:00:00,03,15,2002,12,2006.6
03.15.2002-15:00:00,03,15,2002,15,2014.3
03.15.2002-18:00:00,03,15,2002,18,2016.4
03.15.2002-21:00:00,03,15,2002,21,2015.8
03.16.2002-00:00:00,03,16,2002,00,2013.9
03.16.2002-03:00:00,03,16,2002,03,2013.1
03.16.2002-06:00:00,03,16,2002,06,2010.4
03.16.2002-09:00:00,03,16,2002,09,2008.7
03.16.2002-12:00:00,03,16,2002,12,2006.6
03.16.2002-15:00:00,03,16,2002,15,2004.8
03.16.2002-18:00:00,03,16,2002,18,2002.8
03.16.2002-21:00:00,03,16,2002,21,2002.3
03.17.2002-00:00:00,03,17,2002,00,1999.3
03.17.2002-03:00:00,03,17,2002,03,1997.2
03.17.2002-06:00:00,03,17,2002,06,1995.5
03.17.2002-09:00:00,03,17,2002,09,1993.6
03.17.2002-12:00:00,03,17,2002,12,1984.5
03.17.2002-15:00:00,03,17,2002,15,1986
03.17.2002-18:00:00,03,17,2002,18,1986.1
03.17.2002-21:00:00,03,17,2002,21,1984.8
03.18.2002-00:00:00,03,18,2002,00,1983.1
03.18.2002-03:00:00,03,18,2002,03,1982
03.18.2002-06:00:00,03,18,2002,06,1980.3
03.18.2002-09:00:00,03,18,2002,09,1978
03.18.2002-12:00:00,03,18,2002,12,1975.6
03.18.2002-15:00:00,03,18,2002,15,1973.8
03.18.2002-18:00:00,03,18,2002,18,1971.7
03.18.2002-21:00:00,03,18,2002,21,1969.9
03.19.2002-00:00:00,03,19,2002,00,1967.9
03.19.2002-03:00:00,03,19,2002,03,1966.1
03.19.2002-06:00:00,03,19,2002,06,1964.1
03.19.2002-09:00:00,03,19,2002,09,1962.3
03.19.2002-12:00:00,03,19,2002,12,1960.7
03.19.2002-15:00:00,03,19,2002,15,1958.7
03.19.2002-18:00:00,03,19,2002,18,1956.5
03.19.2002-21:00:00,03,19,2002,21,1954.4
03.20.2002-00:00:00,03,20,2002,00,1952.5
03.20.2002-03:00:00,03,20,2002,03,1950.7
03.20.2002-06:00:00,03,20,2002,06,1948.7
03.20.2002-09:00:00,03,20,2002,09,1946.8
03.20.2002-12:00:00,03,20,2002,12,1945.5
03.20.2002-15:00:00,03,20,2002,15,1943.4
03.20.2002-18:00:00,03,20,2002,18,1941
03.20.2002-21:00:00,03,20,2002,21,1939
03.21.2002-00:00:00,03,21,2002,00,1937.2
03.21.2002-03:00:00,03,21,2002,03,1935.1
03.21.2002-06:00:00,03,21,2002,06,1933.5
03.21.2002-09:00:00,03,21,2002,09,1931.4
03.21.2002-12:00:00,03,21,2002,12,1928.1
03.21.2002-15:00:00,03,21,2002,15,1927.5
03.21.2002-18:00:00,03,21,2002,18,1925.6
03.21.2002-21:00:00,03,21,2002,21,1923.8
03.22.2002-00:00:00,03,22,2002,00,1921.9
03.22.2002-03:00:00,03,22,2002,03,1919.8
03.22.2002-06:00:00,03,22,2002,06,1918
03.22.2002-09:00:00,03,22,2002,09,1878.5
03.22.2002-12:00:00,03,22,2002,12,1858
03.22.2002-15:00:00,03,22,2002,15,1883
03.22.2002-18:00:00,03,22,2002,18,1896.8
03.22.2002-21:00:00,03,22,2002,21,1898.7
03.23.2002-00:00:00,03,23,2002,00,1898
03.23.2002-03:00:00,03,23,2002,03,1896.5
03.23.2002-06:00:00,03,23,2002,06,1895.8
03.23.2002-09:00:00,03,23,2002,09,1842.6
03.23.2002-12:00:00,03,23,2002,12,1821.1
03.23.2002-15:00:00,03,23,2002,15,1844.8
03.23.2002-18:00:00,03,23,2002,18,1863.4
03.23.2002-21:00:00,03,23,2002,21,1871.9
03.24.2002-00:00:00,03,24,2002,00,1874.8
03.24.2002-03:00:00,03,24,2002,03,1874.7
03.24.2002-06:00:00,03,24,2002,06,1871.9
03.24.2002-09:00:00,03,24,2002,09,1818.6
03.24.2002-12:00:00,03,24,2002,12,1797.3
03.24.2002-15:00:00,03,24,2002,15,1819.5
03.24.2002-18:00:00,03,24,2002,18,1841.2
03.24.2002-21:00:00,03,24,2002,21,1847.6
03.25.2002-00:00:00,03,25,2002,00,1851.8
03.25.2002-03:00:00,03,25,2002,03,1853.2
03.25.2002-06:00:00,03,25,2002,06,1852.7
03.25.2002-09:00:00,03,25,2002,09,1797.5
03.25.2002-12:00:00,03,25,2002,12,1775.1
03.25.2002-15:00:00,03,25,2002,15,1796.1
03.25.2002-18:00:00,03,25,2002,18,1819
03.25.2002-21:00:00,03,25,2002,21,1824.8
03.26.2002-00:00:00,03,26,2002,00,1829.1
03.26.2002-03:00:00,03,26,2002,03,1830.6
03.26.2002-06:00:00,03,26,2002,06,1831.2
03.26.2002-09:00:00,03,26,2002,09,1803.9
03.26.2002-12:00:00,03,26,2002,12,1792
03.26.2002-15:00:00,03,26,2002,15,1806.5
03.26.2002-18:00:00,03,26,2002,18,1818.5
03.26.2002-21:00:00,03,26,2002,21,1820.8
03.27.2002-00:00:00,03,27,2002,00,1820.1
03.27.2002-03:00:00,03,27,2002,03,1818.6
03.27.2002-06:00:00,03,27,2002,06,1817.1
03.27.2002-09:00:00,03,27,2002,09,1799.7
03.27.2002-12:00:00,03,27,2002,12,1790.4
03.27.2002-15:00:00,03,27,2002,15,1800.6
03.27.2002-18:00:00,03,27,2002,18,1807.3
03.27.2002-21:00:00,03,27,2002,21,1807.5
03.28.2002-00:00:00,03,28,2002,00,1806.3
03.28.2002-03:00:00,03,28,2002,03,1804.5
03.28.2002-06:00:00,03,28,2002,06,1799.8
03.28.2002-09:00:00,03,28,2002,09,1761.6
03.28.2002-12:00:00,03,28,2002,12,1747.3
03.28.2002-15:00:00,03,28,2002,15,1764
03.28.2002-18:00:00,03,28,2002,18,1779.4
03.28.2002-21:00:00,03,28,2002,21,1784.9
03.29.2002-00:00:00,03,29,2002,00,1786.4
03.29.2002-03:00:00,03,29,2002,03,1786.7
03.29.2002-06:00:00,03,29,2002,06,1785.7
03.29.2002-09:00:00,03,29,2002,09,1748.9
03.29.2002-12:00:00,03,29,2002,12,1733.5
03.29.2002-15:00:00,03,29,2002,15,1750.1
03.29.2002-18:00:00,03,29,2002,18,1764.3
03.29.2002-21:00:00,03,29,2002,21,1769.1
03.30.2002-00:00:00,03,30,2002,00,1770
03.30.2002-03:00:00,03,30,2002,03,1770.3
03.30.2002-06:00:00,03,30,2002,06,1760.9
03.30.2002-09:00:00,03,30,2002,09,1719.3
03.30.2002-12:00:00,03,30,2002,12,1702.6
03.30.2002-15:00:00,03,30,2002,15,1719.9
03.30.2002-18:00:00,03,30,2002,18,1741
03.30.2002-21:00:00,03,30,2002,21,1745.3
03.31.2002-00:00:00,03,31,2002,00,1747.9
03.31.2002-03:00:00,03,31,2002,03,1748.4
03.31.2002-06:00:00,03,31,2002,06,1745.8
03.31.2002-09:00:00,03,31,2002,09,1710.5
03.31.2002-12:00:00,03,31,2002,12,1696.6
03.31.2002-15:00:00,03,31,2002,15,1712
03.31.2002-18:00:00,03,31,2002,18,1727.1
03.31.2002-21:00:00,03,31,2002,21,1732.5
04.01.2002-00:00:00,04,01,2002,00,1733.4
04.01.2002-03:00:00,04,01,2002,03,1734
04.01.2002-06:00:00,04,01,2002,06,1731
04.01.2002-09:00:00,04,01,2002,09,1705.2
04.01.2002-12:00:00,04,01,2002,12,1694
04.01.2002-15:00:00,04,01,2002,15,1703.8
04.01.2002-18:00:00,04,01,2002,18,1717
04.01.2002-21:00:00,04,01,2002,21,1720.2
04.02.2002-00:00:00,04,02,2002,00,1720.9
04.02.2002-03:00:00,04,02,2002,03,1720.2
04.02.2002-06:00:00,04,02,2002,06,1719
04.02.2002-09:00:00,04,02,2002,09,1690.6
04.02.2002-12:00:00,04,02,2002,12,1676.5
04.02.2002-15:00:00,04,02,2002,15,1689.2
04.02.2002-18:00:00,04,02,2002,18,1701.7
04.02.2002-21:00:00,04,02,2002,21,1705
04.03.2002-00:00:00,04,03,2002,00,1705.7
04.03.2002-03:00:00,04,03,2002,03,1705.5
04.03.2002-06:00:00,04,03,2002,06,1704.8
04.03.2002-09:00:00,04,03,2002,09,1661.4
04.03.2002-12:00:00,04,03,2002,12,1641.4
04.03.2002-15:00:00,04,03,2002,15,1656.2
04.03.2002-18:00:00,04,03,2002,18,1675.5
04.03.2002-21:00:00,04,03,2002,21,1682.5
04.04.2002-00:00:00,04,04,2002,00,1683.1
04.04.2002-03:00:00,04,04,2002,03,1684.3
04.04.2002-06:00:00,04,04,2002,06,1684
04.04.2002-09:00:00,04,04,2002,09,1636.5
04.04.2002-12:00:00,04,04,2002,12,1616
04.04.2002-15:00:00,04,04,2002,15,1624.6
04.04.2002-18:00:00,04,04,2002,18,1648
04.04.2002-21:00:00,04,04,2002,21,1656.9
04.05.2002-00:00:00,04,05,2002,00,1662
04.05.2002-03:00:00,04,05,2002,03,1663.1
04.05.2002-06:00:00,04,05,2002,06,1661.3
04.05.2002-09:00:00,04,05,2002,09,1624.7
04.05.2002-12:00:00,04,05,2002,12,1606.7
04.05.2002-15:00:00,04,05,2002,15,1620
04.05.2002-18:00:00,04,05,2002,18,1638.1
04.05.2002-21:00:00,04,05,2002,21,1646
04.06.2002-00:00:00,04,06,2002,00,1648.2
04.06.2002-03:00:00,04,06,2002,03,1647.8
04.06.2002-06:00:00,04,06,2002,06,1644.5
04.06.2002-09:00:00,04,06,2002,09,1610.7
04.06.2002-12:00:00,04,06,2002,12,1594.6
04.06.2002-15:00:00,04,06,2002,15,1607.1
04.06.2002-18:00:00,04,06,2002,18,1624.4
04.06.2002-21:00:00,04,06,2002,21,1631.7
04.07.2002-00:00:00,04,07,2002,00,1632.9
04.07.2002-03:00:00,04,07,2002,03,1632.8
04.07.2002-06:00:00,04,07,2002,06,1630.3
04.07.2002-09:00:00,04,07,2002,09,1600.6
04.07.2002-12:00:00,04,07,2002,12,1586.5
04.07.2002-15:00:00,04,07,2002,15,1598
04.07.2002-18:00:00,04,07,2002,18,1614.3
04.07.2002-21:00:00,04,07,2002,21,1618.9
04.08.2002-00:00:00,04,08,2002,00,1619.1
04.08.2002-03:00:00,04,08,2002,03,1620.9
04.08.2002-06:00:00,04,08,2002,06,1619.8
04.08.2002-09:00:00,04,08,2002,09,1579.5
04.08.2002-12:00:00,04,08,2002,12,1560.6
04.08.2002-15:00:00,04,08,2002,15,1571.4
04.08.2002-18:00:00,04,08,2002,18,1590.4
04.08.2002-21:00:00,04,08,2002,21,1597.9
04.09.2002-00:00:00,04,09,2002,00,1601.7
04.09.2002-03:00:00,04,09,2002,03,1602.3
04.09.2002-06:00:00,04,09,2002,06,1600.4
04.09.2002-09:00:00,04,09,2002,09,1580.5
04.09.2002-12:00:00,04,09,2002,12,1569.9
04.09.2002-15:00:00,04,09,2002,15,1578.9
04.09.2002-18:00:00,04,09,2002,18,1590.1
04.09.2002-21:00:00,04,09,2002,21,1592.6
04.10.2002-00:00:00,04,10,2002,00,1592.8
04.10.2002-03:00:00,04,10,2002,03,1593.3
04.10.2002-06:00:00,04,10,2002,06,1589.6
04.10.2002-09:00:00,04,10,2002,09,1546.6
04.10.2002-12:00:00,04,10,2002,12,1527
04.10.2002-15:00:00,04,10,2002,15,1536.5
04.10.2002-18:00:00,04,10,2002,18,1554
04.10.2002-21:00:00,04,10,2002,21,1564.2
04.11.2002-00:00:00,04,11,2002,00,1568.9
04.11.2002-03:00:00,04,11,2002,03,1571.9
04.11.2002-06:00:00,04,11,2002,06,1560.2
04.11.2002-09:00:00,04,11,2002,09,1528.6
04.11.2002-12:00:00,04,11,2002,12,1515.4
04.11.2002-15:00:00,04,11,2002,15,1524.3
04.11.2002-18:00:00,04,11,2002,18,1543
04.11.2002-21:00:00,04,11,2002,21,1551.6
04.12.2002-00:00:00,04,12,2002,00,1555.2
04.12.2002-03:00:00,04,12,2002,03,1557.3
04.12.2002-06:00:00,04,12,2002,06,1545.4
04.12.2002-09:00:00,04,12,2002,09,1511.1
04.12.2002-12:00:00,04,12,2002,12,1496.2
04.12.2002-15:00:00,04,12,2002,15,1506.7
04.12.2002-18:00:00,04,12,2002,18,1525.6
04.12.2002-21:00:00,04,12,2002,21,1535.5
04.13.2002-00:00:00,04,13,2002,00,1540.7
04.13.2002-03:00:00,04,13,2002,03,1543.3
04.13.2002-06:00:00,04,13,2002,06,1532.2
04.13.2002-09:00:00,04,13,2002,09,1501.6
04.13.2002-12:00:00,04,13,2002,12,1490.3
04.13.2002-15:00:00,04,13,2002,15,1504.6
04.13.2002-18:00:00,04,13,2002,18,1524.9
04.13.2002-21:00:00,04,13,2002,21,1534.5
04.14.2002-00:00:00,04,14,2002,00,1540.6
04.14.2002-03:00:00,04,14,2002,03,1542.8
04.14.2002-06:00:00,04,14,2002,06,1529.3
04.14.2002-09:00:00,04,14,2002,09,1500.1
04.14.2002-12:00:00,04,14,2002,12,1639.6
04.14.2002-15:00:00,04,14,2002,15,1746.2
04.14.2002-18:00:00,04,14,2002,18,1594.1
04.14.2002-21:00:00,04,14,2002,21,1572.9
04.15.2002-00:00:00,04,15,2002,00,1570.7
04.15.2002-03:00:00,04,15,2002,03,1576.2
04.15.2002-06:00:00,04,15,2002,06,1578.1
04.15.2002-09:00:00,04,15,2002,09,1559.6
04.15.2002-12:00:00,04,15,2002,12,1550.8
04.15.2002-15:00:00,04,15,2002,15,1560.4
04.15.2002-18:00:00,04,15,2002,18,1570.9
04.15.2002-21:00:00,04,15,2002,21,1573.3
04.16.2002-00:00:00,04,16,2002,00,1573.4
04.16.2002-03:00:00,04,16,2002,03,1572.8
04.16.2002-06:00:00,04,16,2002,06,1571
04.16.2002-09:00:00,04,16,2002,09,1549.4
04.16.2002-12:00:00,04,16,2002,12,1540.2
04.16.2002-15:00:00,04,16,2002,15,1549.9
04.16.2002-18:00:00,04,16,2002,18,1563
04.16.2002-21:00:00,04,16,2002,21,1566.9
04.17.2002-00:00:00,04,17,2002,00,1567.4
04.17.2002-03:00:00,04,17,2002,03,1567.2
04.17.2002-06:00:00,04,17,2002,06,1564.3
04.17.2002-09:00:00,04,17,2002,09,1530.5
04.17.2002-12:00:00,04,17,2002,12,1517
04.17.2002-15:00:00,04,17,2002,15,1526.9
04.17.2002-18:00:00,04,17,2002,18,1544
04.17.2002-21:00:00,04,17,2002,21,1551
04.18.2002-00:00:00,04,18,2002,00,1554.6
04.18.2002-03:00:00,04,18,2002,03,1556.9
04.18.2002-06:00:00,04,18,2002,06,1554.6
04.18.2002-09:00:00,04,18,2002,09,1514.7
04.18.2002-12:00:00,04,18,2002,12,1497.4
04.18.2002-15:00:00,04,18,2002,15,1508.8
04.18.2002-18:00:00,04,18,2002,18,1525.3
04.18.2002-21:00:00,04,18,2002,21,1535.1
04.19.2002-00:00:00,04,19,2002,00,1539.2
04.19.2002-03:00:00,04,19,2002,03,1542.2
04.19.2002-06:00:00,04,19,2002,06,1541.9
04.19.2002-09:00:00,04,19,2002,09,1502.6
04.19.2002-12:00:00,04,19,2002,12,1485.7
04.19.2002-15:00:00,04,19,2002,15,1505.3
04.19.2002-18:00:00,04,19,2002,18,1515.3
04.19.2002-21:00:00,04,19,2002,21,1523
04.20.2002-00:00:00,04,20,2002,00,1528.6
04.20.2002-03:00:00,04,20,2002,03,1531
04.20.2002-06:00:00,04,20,2002,06,1518.5
04.20.2002-09:00:00,04,20,2002,09,1505.8
04.20.2002-12:00:00,04,20,2002,12,1866.6
04.20.2002-15:00:00,04,20,2002,15,1887.9
04.20.2002-18:00:00,04,20,2002,18,1605.2
04.20.2002-21:00:00,04,20,2002,21,1563.2
04.21.2002-00:00:00,04,21,2002,00,1574.1
04.21.2002-03:00:00,04,21,2002,03,1574.7
04.21.2002-06:00:00,04,21,2002,06,1579.6
04.21.2002-09:00:00,04,21,2002,09,2161.8
04.21.2002-12:00:00,04,21,2002,12,2470.5
04.21.2002-15:00:00,04,21,2002,15,2274.8
04.21.2002-18:00:00,04,21,2002,18,1918
04.21.2002-21:00:00,04,21,2002,21,1751.4
04.22.2002-00:00:00,04,22,2002,00,1657.8
04.22.2002-03:00:00,04,22,2002,03,1647.6
04.22.2002-06:00:00,04,22,2002,06,1661.3
04.22.2002-09:00:00,04,22,2002,09,3092
04.22.2002-12:00:00,04,22,2002,12,3681
04.22.2002-15:00:00,04,22,2002,15,2870.9
04.22.2002-18:00:00,04,22,2002,18,1957.5
04.22.2002-21:00:00,04,22,2002,21,1800.7
04.23.2002-00:00:00,04,23,2002,00,1789.2
04.23.2002-03:00:00,04,23,2002,03,1791.3
04.23.2002-06:00:00,04,23,2002,06,1791.8
04.23.2002-09:00:00,04,23,2002,09,1759.4
04.23.2002-12:00:00,04,23,2002,12,1748.4
04.23.2002-15:00:00,04,23,2002,15,1762.8
04.23.2002-18:00:00,04,23,2002,18,1780.6
04.23.2002-21:00:00,04,23,2002,21,1785.9
04.24.2002-00:00:00,04,24,2002,00,1789.2
04.24.2002-03:00:00,04,24,2002,03,1789.1
04.24.2002-06:00:00,04,24,2002,06,1788.2
04.24.2002-09:00:00,04,24,2002,09,1744
04.24.2002-12:00:00,04,24,2002,12,1727.6
04.24.2002-15:00:00,04,24,2002,15,1738.6
04.24.2002-18:00:00,04,24,2002,18,1755.1
04.24.2002-21:00:00,04,24,2002,21,1767
04.25.2002-00:00:00,04,25,2002,00,1772.4
04.25.2002-03:00:00,04,25,2002,03,1774.6
04.25.2002-06:00:00,04,25,2002,06,1759.4
04.25.2002-09:00:00,04,25,2002,09,1726
04.25.2002-12:00:00,04,25,2002,12,1713.8
04.25.2002-15:00:00,04,25,2002,15,1731.1
04.25.2002-18:00:00,04,25,2002,18,1740
04.25.2002-21:00:00,04,25,2002,21,1751.3
04.26.2002-00:00:00,04,26,2002,00,1758.7
04.26.2002-03:00:00,04,26,2002,03,1760.4
04.26.2002-06:00:00,04,26,2002,06,1749.6
04.26.2002-09:00:00,04,26,2002,09,1717.2
04.26.2002-12:00:00,04,26,2002,12,1739.4
04.26.2002-15:00:00,04,26,2002,15,1765.9
04.26.2002-18:00:00,04,26,2002,18,1742
04.26.2002-21:00:00,04,26,2002,21,1748.4
04.27.2002-00:00:00,04,27,2002,00,1753.1
04.27.2002-03:00:00,04,27,2002,03,1754.9
04.27.2002-06:00:00,04,27,2002,06,1736.6
04.27.2002-09:00:00,04,27,2002,09,2136.1
04.27.2002-12:00:00,04,27,2002,12,4098.2
04.27.2002-15:00:00,04,27,2002,15,3307.7
04.27.2002-18:00:00,04,27,2002,18,2135.1
04.27.2002-21:00:00,04,27,2002,21,1890.5
04.28.2002-00:00:00,04,28,2002,00,1860.7
04.28.2002-03:00:00,04,28,2002,03,1859.2
04.28.2002-06:00:00,04,28,2002,06,1841
04.28.2002-09:00:00,04,28,2002,09,2111.1
04.28.2002-12:00:00,04,28,2002,12,5023.5
04.28.2002-15:00:00,04,28,2002,15,3918.5
04.28.2002-18:00:00,04,28,2002,18,2391.1
04.28.2002-21:00:00,04,28,2002,21,2035
04.29.2002-00:00:00,04,29,2002,00,1991.7
04.29.2002-03:00:00,04,29,2002,03,1991.9
04.29.2002-06:00:00,04,29,2002,06,1968.1
04.29.2002-09:00:00,04,29,2002,09,3057.7
04.29.2002-12:00:00,04,29,2002,12,6231.7
04.29.2002-15:00:00,04,29,2002,15,4889.7
04.29.2002-18:00:00,04,29,2002,18,2820.8
04.29.2002-21:00:00,04,29,2002,21,2300.9
04.30.2002-00:00:00,04,30,2002,00,2238.8
04.30.2002-03:00:00,04,30,2002,03,2230.7
04.30.2002-06:00:00,04,30,2002,06,2792.9
04.30.2002-09:00:00,04,30,2002,09,7455.6
04.30.2002-12:00:00,04,30,2002,12,9580.7
04.30.2002-15:00:00,04,30,2002,15,7882.6
04.30.2002-18:00:00,04,30,2002,18,4562.7
04.30.2002-21:00:00,04,30,2002,21,3289.7
05.01.2002-00:00:00,05,01,2002,00,2908.8
05.01.2002-03:00:00,05,01,2002,03,2832.6
05.01.2002-06:00:00,05,01,2002,06,2797.8
05.01.2002-09:00:00,05,01,2002,09,7981.3
05.01.2002-12:00:00,05,01,2002,12,11316
05.01.2002-15:00:00,05,01,2002,15,9090
05.01.2002-18:00:00,05,01,2002,18,5229.4
05.01.2002-21:00:00,05,01,2002,21,3914.3
05.02.2002-00:00:00,05,02,2002,00,3604.6
05.02.2002-03:00:00,05,02,2002,03,3512.3
05.02.2002-06:00:00,05,02,2002,06,4281.4
05.02.2002-09:00:00,05,02,2002,09,11399
05.02.2002-12:00:00,05,02,2002,12,15094
05.02.2002-15:00:00,05,02,2002,15,12256
05.02.2002-18:00:00,05,02,2002,18,7328.9
05.02.2002-21:00:00,05,02,2002,21,5268.2
05.03.2002-00:00:00,05,03,2002,00,4674.6
05.03.2002-03:00:00,05,03,2002,03,4565
05.03.2002-06:00:00,05,03,2002,06,4512.3
05.03.2002-09:00:00,05,03,2002,09,5912.4
05.03.2002-12:00:00,05,03,2002,12,11893
05.03.2002-15:00:00,05,03,2002,15,9893
05.03.2002-18:00:00,05,03,2002,18,6440
05.03.2002-21:00:00,05,03,2002,21,5369.5
05.04.2002-00:00:00,05,04,2002,00,5165.3
05.04.2002-03:00:00,05,04,2002,03,5160.1
05.04.2002-06:00:00,05,04,2002,06,5153.6
05.04.2002-09:00:00,05,04,2002,09,5034
05.04.2002-12:00:00,05,04,2002,12,5085.7
05.04.2002-15:00:00,05,04,2002,15,5722.4
05.04.2002-18:00:00,05,04,2002,18,5403.3
05.04.2002-21:00:00,05,04,2002,21,5262.3
05.05.2002-00:00:00,05,05,2002,00,5225.9
05.05.2002-03:00:00,05,05,2002,03,5233.7
05.05.2002-06:00:00,05,05,2002,06,5204.3
05.05.2002-09:00:00,05,05,2002,09,5093.3
05.05.2002-12:00:00,05,05,2002,12,8584
05.05.2002-15:00:00,05,05,2002,15,8828.2
05.05.2002-18:00:00,05,05,2002,18,6396.5
05.05.2002-21:00:00,05,05,2002,21,5653.2
05.06.2002-00:00:00,05,06,2002,00,5521.1
05.06.2002-03:00:00,05,06,2002,03,5507.5
05.06.2002-06:00:00,05,06,2002,06,5518.2
05.06.2002-09:00:00,05,06,2002,09,5403.8
05.06.2002-12:00:00,05,06,2002,12,5371.8
05.06.2002-15:00:00,05,06,2002,15,5469.1
05.06.2002-18:00:00,05,06,2002,18,5532.8
05.06.2002-21:00:00,05,06,2002,21,5546.3
05.07.2002-00:00:00,05,07,2002,00,5557.4
05.07.2002-03:00:00,05,07,2002,03,5560
05.07.2002-06:00:00,05,07,2002,06,5522.1
05.07.2002-09:00:00,05,07,2002,09,5380.3
05.07.2002-12:00:00,05,07,2002,12,7120.4
05.07.2002-15:00:00,05,07,2002,15,8066.9
05.07.2002-18:00:00,05,07,2002,18,6365.7
05.07.2002-21:00:00,05,07,2002,21,5772.2
05.08.2002-00:00:00,05,08,2002,00,5682.2
05.08.2002-03:00:00,05,08,2002,03,5676.7
05.08.2002-06:00:00,05,08,2002,06,5658.3
05.08.2002-09:00:00,05,08,2002,09,5458.8
05.08.2002-12:00:00,05,08,2002,12,8908
05.08.2002-15:00:00,05,08,2002,15,9224.9
05.08.2002-18:00:00,05,08,2002,18,6783.6
05.08.2002-21:00:00,05,08,2002,21,6022.2
05.09.2002-00:00:00,05,09,2002,00,5885.4
05.09.2002-03:00:00,05,09,2002,03,5872.3
05.09.2002-06:00:00,05,09,2002,06,5832.3
05.09.2002-09:00:00,05,09,2002,09,5605.1
05.09.2002-12:00:00,05,09,2002,12,5550.8
05.09.2002-15:00:00,05,09,2002,15,5681.3
05.09.2002-18:00:00,05,09,2002,18,5813.8
05.09.2002-21:00:00,05,09,2002,21,5844.2
05.10.2002-00:00:00,05,10,2002,00,5857.7
05.10.2002-03:00:00,05,10,2002,03,5861.9
05.10.2002-06:00:00,05,10,2002,06,5771.5
05.10.2002-09:00:00,05,10,2002,09,5519.7
05.10.2002-12:00:00,05,10,2002,12,5579
05.10.2002-15:00:00,05,10,2002,15,6939
05.10.2002-18:00:00,05,10,2002,18,6246.9
05.10.2002-21:00:00,05,10,2002,21,5904.2
05.11.2002-00:00:00,05,11,2002,00,5850.2
05.11.2002-03:00:00,05,11,2002,03,5840.4
05.11.2002-06:00:00,05,11,2002,06,5699.7
05.11.2002-09:00:00,05,11,2002,09,11625
05.11.2002-12:00:00,05,11,2002,12,21391
05.11.2002-15:00:00,05,11,2002,15,18638
05.11.2002-18:00:00,05,11,2002,18,10780
05.11.2002-21:00:00,05,11,2002,21,7972
05.12.2002-00:00:00,05,12,2002,00,7213.7
05.12.2002-03:00:00,05,12,2002,03,7070.7
05.12.2002-06:00:00,05,12,2002,06,6990.5
05.12.2002-09:00:00,05,12,2002,09,17366
05.12.2002-12:00:00,05,12,2002,12,27459
05.12.2002-15:00:00,05,12,2002,15,22881
05.12.2002-18:00:00,05,12,2002,18,13908
05.12.2002-21:00:00,05,12,2002,21,10147
05.13.2002-00:00:00,05,13,2002,00,9019.8
05.13.2002-03:00:00,05,13,2002,03,8747.5
05.13.2002-06:00:00,05,13,2002,06,9067.7
05.13.2002-09:00:00,05,13,2002,09,23741
05.13.2002-12:00:00,05,13,2002,12,35266
05.13.2002-15:00:00,05,13,2002,15,30019
05.13.2002-18:00:00,05,13,2002,18,18917
05.13.2002-21:00:00,05,13,2002,21,13545
05.14.2002-00:00:00,05,14,2002,00,11765
05.14.2002-03:00:00,05,14,2002,03,11258
05.14.2002-06:00:00,05,14,2002,06,11457
05.14.2002-09:00:00,05,14,2002,09,20578
05.14.2002-12:00:00,05,14,2002,12,29884
05.14.2002-15:00:00,05,14,2002,15,26606
05.14.2002-18:00:00,05,14,2002,18,18506
05.14.2002-21:00:00,05,14,2002,21,14484
05.15.2002-00:00:00,05,15,2002,00,13122
05.15.2002-03:00:00,05,15,2002,03,12737
05.15.2002-06:00:00,05,15,2002,06,12370
05.15.2002-09:00:00,05,15,2002,09,16727
05.15.2002-12:00:00,05,15,2002,12,29583
05.15.2002-15:00:00,05,15,2002,15,29152
05.15.2002-18:00:00,05,15,2002,18,20906
05.15.2002-21:00:00,05,15,2002,21,16214
05.16.2002-00:00:00,05,16,2002,00,14663
05.16.2002-03:00:00,05,16,2002,03,14080
05.16.2002-06:00:00,05,16,2002,06,13638
05.16.2002-09:00:00,05,16,2002,09,17148
05.16.2002-12:00:00,05,16,2002,12,33359
05.16.2002-15:00:00,05,16,2002,15,33755
05.16.2002-18:00:00,05,16,2002,18,24562
05.16.2002-21:00:00,05,16,2002,21,18955
05.17.2002-00:00:00,05,17,2002,00,16880
05.17.2002-03:00:00,05,17,2002,03,15831
05.17.2002-06:00:00,05,17,2002,06,18252
05.17.2002-09:00:00,05,17,2002,09,35586
05.17.2002-12:00:00,05,17,2002,12,47550
05.17.2002-15:00:00,05,17,2002,15,44673
05.17.2002-18:00:00,05,17,2002,18,34137
05.17.2002-21:00:00,05,17,2002,21,26400
05.18.2002-00:00:00,05,18,2002,00,21959
05.18.2002-03:00:00,05,18,2002,03,20093
05.18.2002-06:00:00,05,18,2002,06,20796
05.18.2002-09:00:00,05,18,2002,09,38049
05.18.2002-12:00:00,05,18,2002,12,52983
05.18.2002-15:00:00,05,18,2002,15,49568
05.18.2002-18:00:00,05,18,2002,18,37764
05.18.2002-21:00:00,05,18,2002,21,29728
05.19.2002-00:00:00,05,19,2002,00,25563
05.19.2002-03:00:00,05,19,2002,03,23663
05.19.2002-06:00:00,05,19,2002,06,27159
05.19.2002-09:00:00,05,19,2002,09,47451
05.19.2002-12:00:00,05,19,2002,12,63307
05.19.2002-15:00:00,05,19,2002,15,61777
05.19.2002-18:00:00,05,19,2002,18,50713
05.19.2002-21:00:00,05,19,2002,21,40664
05.20.2002-00:00:00,05,20,2002,00,40675
05.20.2002-03:00:00,05,20,2002,03,43890
05.20.2002-06:00:00,05,20,2002,06,55942
05.20.2002-09:00:00,05,20,2002,09,77390
05.20.2002-12:00:00,05,20,2002,12,94905
05.20.2002-15:00:00,05,20,2002,15,97071
05.20.2002-18:00:00,05,20,2002,18,88795
05.20.2002-21:00:00,05,20,2002,21,79495
05.21.2002-00:00:00,05,21,2002,00,72410
05.21.2002-03:00:00,05,21,2002,03,67358
05.21.2002-06:00:00,05,21,2002,06,68912
05.21.2002-09:00:00,05,21,2002,09,76864
05.21.2002-12:00:00,05,21,2002,12,85107
05.21.2002-15:00:00,05,21,2002,15,87065
05.21.2002-18:00:00,05,21,2002,18,83528
05.21.2002-21:00:00,05,21,2002,21,79247
05.22.2002-00:00:00,05,22,2002,00,72199
05.22.2002-03:00:00,05,22,2002,03,67549
05.22.2002-06:00:00,05,22,2002,06,66876
05.22.2002-09:00:00,05,22,2002,09,70672
05.22.2002-12:00:00,05,22,2002,12,74310
05.22.2002-15:00:00,05,22,2002,15,74820
05.22.2002-18:00:00,05,22,2002,18,72213
05.22.2002-21:00:00,05,22,2002,21,68790
05.23.2002-00:00:00,05,23,2002,00,60823
05.23.2002-03:00:00,05,23,2002,03,55249
05.23.2002-06:00:00,05,23,2002,06,59886
05.23.2002-09:00:00,05,23,2002,09,85739
05.23.2002-12:00:00,05,23,2002,12,1.0719e+05
05.23.2002-15:00:00,05,23,2002,15,1.0752e+05
05.23.2002-18:00:00,05,23,2002,18,93357
05.23.2002-21:00:00,05,23,2002,21,79964
05.24.2002-00:00:00,05,24,2002,00,70222
05.24.2002-03:00:00,05,24,2002,03,63996
05.24.2002-06:00:00,05,24,2002,06,60370
05.24.2002-09:00:00,05,24,2002,09,72741
05.24.2002-12:00:00,05,24,2002,12,1.0174e+05
05.24.2002-15:00:00,05,24,2002,15,1.0546e+05
05.24.2002-18:00:00,05,24,2002,18,92229
05.24.2002-21:00:00,05,24,2002,21,79002
05.25.2002-00:00:00,05,25,2002,00,70576
05.25.2002-03:00:00,05,25,2002,03,65032
05.25.2002-06:00:00,05,25,2002,06,67918
05.25.2002-09:00:00,05,25,2002,09,94898
05.25.2002-12:00:00,05,25,2002,12,1.2033e+05
05.25.2002-15:00:00,05,25,2002,15,1.2364e+05
05.25.2002-18:00:00,05,25,2002,18,1.1101e+05
05.25.2002-21:00:00,05,25,2002,21,97301
05.26.2002-00:00:00,05,26,2002,00,85628
05.26.2002-03:00:00,05,26,2002,03,77779
05.26.2002-06:00:00,05,26,2002,06,77608
05.26.2002-09:00:00,05,26,2002,09,1.0466e+05
05.26.2002-12:00:00,05,26,2002,12,1.3345e+05
05.26.2002-15:00:00,05,26,2002,15,1.3663e+05
05.26.2002-18:00:00,05,26,2002,18,1.229e+05
05.26.2002-21:00:00,05,26,2002,21,1.0869e+05
05.27.2002-00:00:00,05,27,2002,00,96825
05.27.2002-03:00:00,05,27,2002,03,88205
05.27.2002-06:00:00,05,27,2002,06,88301
05.27.2002-09:00:00,05,27,2002,09,1.1775e+05
05.27.2002-12:00:00,05,27,2002,12,1.4776e+05
05.27.2002-15:00:00,05,27,2002,15,1.5453e+05
05.27.2002-18:00:00,05,27,2002,18,1.4366e+05
05.27.2002-21:00:00,05,27,2002,21,1.2902e+05
05.28.2002-00:00:00,05,28,2002,00,1.1692e+05
05.28.2002-03:00:00,05,28,2002,03,1.1025e+05
05.28.2002-06:00:00,05,28,2002,06,1.2015e+05
05.28.2002-09:00:00,05,28,2002,09,1.4846e+05
05.28.2002-12:00:00,05,28,2002,12,1.7682e+05
05.28.2002-15:00:00,05,28,2002,15,1.871e+05
05.28.2002-18:00:00,05,28,2002,18,1.818e+05
05.28.2002-21:00:00,05,28,2002,21,1.6922e+05
05.29.2002-00:00:00,05,29,2002,00,1.5418e+05
05.29.2002-03:00:00,05,29,2002,03,1.3983e+05
05.29.2002-06:00:00,05,29,2002,06,1.4086e+05
05.29.2002-09:00:00,05,29,2002,09,1.6302e+05
05.29.2002-12:00:00,05,29,2002,12,1.8937e+05
05.29.2002-15:00:00,05,29,2002,15,1.9779e+05
05.29.2002-18:00:00,05,29,2002,18,1.8992e+05
05.29.2002-21:00:00,05,29,2002,21,1.7504e+05
05.30.2002-00:00:00,05,30,2002,00,1.5896e+05
05.30.2002-03:00:00,05,30,2002,03,1.4458e+05
05.30.2002-06:00:00,05,30,2002,06,1.3913e+05
05.30.2002-09:00:00,05,30,2002,09,1.6109e+05
05.30.2002-12:00:00,05,30,2002,12,1.9172e+05
05.30.2002-15:00:00,05,30,2002,15,2.0118e+05
05.30.2002-18:00:00,05,30,2002,18,1.9292e+05
05.30.2002-21:00:00,05,30,2002,21,1.783e+05
05.31.2002-00:00:00,05,31,2002,00,1.633e+05
05.31.2002-03:00:00,05,31,2002,03,1.4944e+05
05.31.2002-06:00:00,05,31,2002,06,1.4418e+05
05.31.2002-09:00:00,05,31,2002,09,1.5989e+05
05.31.2002-12:00:00,05,31,2002,12,1.8171e+05
05.31.2002-15:00:00,05,31,2002,15,1.9016e+05
05.31.2002-18:00:00,05,31,2002,18,1.8508e+05
05.31.2002-21:00:00,05,31,2002,21,1.7279e+05
06.01.2002-00:00:00,06,01,2002,00,1.5996e+05
06.01.2002-03:00:00,06,01,2002,03,1.4635e+05
06.01.2002-06:00:00,06,01,2002,06,1.4248e+05
06.01.2002-09:00:00,06,01,2002,09,1.6326e+05
06.01.2002-12:00:00,06,01,2002,12,1.9204e+05
06.01.2002-15:00:00,06,01,2002,15,2.0282e+05
06.01.2002-18:00:00,06,01,2002,18,1.9844e+05
06.01.2002-21:00:00,06,01,2002,21,1.8651e+05
06.02.2002-00:00:00,06,02,2002,00,1.7534e+05
06.02.2002-03:00:00,06,02,2002,03,1.619e+05
06.02.2002-06:00:00,06,02,2002,06,1.6234e+05
06.02.2002-09:00:00,06,02,2002,09,1.8169e+05
06.02.2002-12:00:00,06,02,2002,12,2.0729e+05
06.02.2002-15:00:00,06,02,2002,15,2.1841e+05
06.02.2002-18:00:00,06,02,2002,18,2.1543e+05
06.02.2002-21:00:00,06,02,2002,21,2.0548e+05
06.03.2002-00:00:00,06,03,2002,00,1.923e+05
06.03.2002-03:00:00,06,03,2002,03,1.783e+05
06.03.2002-06:00:00,06,03,2002,06,1.7182e+05
06.03.2002-09:00:00,06,03,2002,09,1.8732e+05
06.03.2002-12:00:00,06,03,2002,12,2.097e+05
06.03.2002-15:00:00,06,03,2002,15,2.1873e+05
06.03.2002-18:00:00,06,03,2002,18,2.1474e+05
06.03.2002-21:00:00,06,03,2002,21,2.0634e+05
06.04.2002-00:00:00,06,04,2002,00,1.962e+05
06.04.2002-03:00:00,06,04,2002,03,1.8727e+05
06.04.2002-06:00:00,06,04,2002,06,1.8729e+05
06.04.2002-09:00:00,06,04,2002,09,2.0226e+05
06.04.2002-12:00:00,06,04,2002,12,2.2251e+05
06.04.2002-15:00:00,06,04,2002,15,2.3187e+05
06.04.2002-18:00:00,06,04,2002,18,2.3173e+05
06.04.2002-21:00:00,06,04,2002,21,2.2619e+05
06.05.2002-00:00:00,06,05,2002,00,2.1785e+05
06.05.2002-03:00:00,06,05,2002,03,2.0795e+05
06.05.2002-06:00:00,06,05,2002,06,2.0574e+05
06.05.2002-09:00:00,06,05,2002,09,2.1659e+05
06.05.2002-12:00:00,06,05,2002,12,2.301e+05
06.05.2002-15:00:00,06,05,2002,15,2.3618e+05
06.05.2002-18:00:00,06,05,2002,18,2.3284e+05
06.05.2002-21:00:00,06,05,2002,21,2.2578e+05
06.06.2002-00:00:00,06,06,2002,00,2.1615e+05
06.06.2002-03:00:00,06,06,2002,03,2.0677e+05
06.06.2002-06:00:00,06,06,2002,06,1.986e+05
06.06.2002-09:00:00,06,06,2002,09,1.9911e+05
06.06.2002-12:00:00,06,06,2002,12,1.9999e+05
06.06.2002-15:00:00,06,06,2002,15,1.9931e+05
06.06.2002-18:00:00,06,06,2002,18,1.9297e+05
06.06.2002-21:00:00,06,06,2002,21,1.8404e+05
06.07.2002-00:00:00,06,07,2002,00,1.7264e+05
06.07.2002-03:00:00,06,07,2002,03,1.628e+05
06.07.2002-06:00:00,06,07,2002,06,1.5234e+05
06.07.2002-09:00:00,06,07,2002,09,1.4691e+05
06.07.2002-12:00:00,06,07,2002,12,1.5048e+05
06.07.2002-15:00:00,06,07,2002,15,1.5044e+05
06.07.2002-18:00:00,06,07,2002,18,1.4399e+05
06.07.2002-21:00:00,06,07,2002,21,1.3692e+05
06.08.2002-00:00:00,06,08,2002,00,1.3022e+05
06.08.2002-03:00:00,06,08,2002,03,1.2438e+05
06.08.2002-06:00:00,06,08,2002,06,1.1981e+05
06.08.2002-09:00:00,06,08,2002,09,1.1416e+05
06.08.2002-12:00:00,06,08,2002,12,1.1162e+05
06.08.2002-15:00:00,06,08,2002,15,1.1206e+05
06.08.2002-18:00:00,06,08,2002,18,1.1052e+05
06.08.2002-21:00:00,06,08,2002,21,1.0723e+05
06.09.2002-00:00:00,06,09,2002,00,1.0407e+05
06.09.2002-03:00:00,06,09,2002,03,1.0088e+05
06.09.2002-06:00:00,06,09,2002,06,98830
06.09.2002-09:00:00,06,09,2002,09,1.1083e+05
06.09.2002-12:00:00,06,09,2002,12,1.2878e+05
06.09.2002-15:00:00,06,09,2002,15,1.3747e+05
06.09.2002-18:00:00,06,09,2002,18,1.3799e+05
06.09.2002-21:00:00,06,09,2002,21,1.3448e+05
06.10.2002-00:00:00,06,10,2002,00,1.2923e+05
06.10.2002-03:00:00,06,10,2002,03,1.2264e+05
06.10.2002-06:00:00,06,10,2002,06,1.2095e+05
06.10.2002-09:00:00,06,10,2002,09,1.3297e+05
06.10.2002-12:00:00,06,10,2002,12,1.4913e+05
06.10.2002-15:00:00,06,10,2002,15,1.5756e+05
06.10.2002-18:00:00,06,10,2002,18,1.5902e+05
06.10.2002-21:00:00,06,10,2002,21,1.5544e+05
06.11.2002-00:00:00,06,11,2002,00,1.4931e+05
06.11.2002-03:00:00,06,11,2002,03,1.4133e+05
06.11.2002-06:00:00,06,11,2002,06,1.3818e+05
06.11.2002-09:00:00,06,11,2002,09,1.4619e+05
06.11.2002-12:00:00,06,11,2002,12,1.5808e+05
06.11.2002-15:00:00,06,11,2002,15,1.6361e+05
06.11.2002-18:00:00,06,11,2002,18,1.6199e+05
06.11.2002-21:00:00,06,11,2002,21,1.5683e+05
06.12.2002-00:00:00,06,12,2002,00,1.493e+05
06.12.2002-03:00:00,06,12,2002,03,1.4232e+05
06.12.2002-06:00:00,06,12,2002,06,1.3797e+05
06.12.2002-09:00:00,06,12,2002,09,1.4499e+05
06.12.2002-12:00:00,06,12,2002,12,1.5595e+05
06.12.2002-15:00:00,06,12,2002,15,1.6145e+05
06.12.2002-18:00:00,06,12,2002,18,1.6085e+05
06.12.2002-21:00:00,06,12,2002,21,1.5765e+05
06.13.2002-00:00:00,06,13,2002,00,1.5232e+05
06.13.2002-03:00:00,06,13,2002,03,1.4714e+05
06.13.2002-06:00:00,06,13,2002,06,1.419e+05
06.13.2002-09:00:00,06,13,2002,09,1.4729e+05
06.13.2002-12:00:00,06,13,2002,12,1.5425e+05
06.13.2002-15:00:00,06,13,2002,15,1.5807e+05
06.13.2002-18:00:00,06,13,2002,18,1.5734e+05
06.13.2002-21:00:00,06,13,2002,21,1.5511e+05
06.14.2002-00:00:00,06,14,2002,00,1.5096e+05
06.14.2002-03:00:00,06,14,2002,03,1.4603e+05
06.14.2002-06:00:00,06,14,2002,06,1.4129e+05
06.14.2002-09:00:00,06,14,2002,09,1.4456e+05
06.14.2002-12:00:00,06,14,2002,12,1.4866e+05
06.14.2002-15:00:00,06,14,2002,15,1.5187e+05
06.14.2002-18:00:00,06,14,2002,18,1.5284e+05
06.14.2002-21:00:00,06,14,2002,21,1.5306e+05
06.15.2002-00:00:00,06,15,2002,00,1.5179e+05
06.15.2002-03:00:00,06,15,2002,03,1.4889e+05
06.15.2002-06:00:00,06,15,2002,06,1.4473e+05
06.15.2002-09:00:00,06,15,2002,09,1.4374e+05
06.15.2002-12:00:00,06,15,2002,12,1.4432e+05
06.15.2002-15:00:00,06,15,2002,15,1.4592e+05
06.15.2002-18:00:00,06,15,2002,18,1.4815e+05
06.15.2002-21:00:00,06,15,2002,21,1.4986e+05
06.16.2002-00:00:00,06,16,2002,00,1.5054e+05
06.16.2002-03:00:00,06,16,2002,03,1.4877e+05
06.16.2002-06:00:00,06,16,2002,06,1.441e+05
06.16.2002-09:00:00,06,16,2002,09,1.3951e+05
06.16.2002-12:00:00,06,16,2002,12,1.3592e+05
06.16.2002-15:00:00,06,16,2002,15,1.355e+05
06.16.2002-18:00:00,06,16,2002,18,1.361e+05
06.16.2002-21:00:00,06,16,2002,21,1.3732e+05
06.17.2002-00:00:00,06,17,2002,00,1.3813e+05
06.17.2002-03:00:00,06,17,2002,03,1.3741e+05
06.17.2002-06:00:00,06,17,2002,06,1.3438e+05
06.17.2002-09:00:00,06,17,2002,09,1.3121e+05
06.17.2002-12:00:00,06,17,2002,12,1.2689e+05
06.17.2002-15:00:00,06,17,2002,15,1.2461e+05
06.17.2002-18:00:00,06,17,2002,18,1.2315e+05
06.17.2002-21:00:00,06,17,2002,21,1.2277e+05
06.18.2002-00:00:00,06,18,2002,00,1.214e+05
06.18.2002-03:00:00,06,18,2002,03,1.2006e+05
06.18.2002-06:00:00,06,18,2002,06,1.1673e+05
06.18.2002-09:00:00,06,18,2002,09,1.1287e+05
06.18.2002-12:00:00,06,18,2002,12,1.083e+05
06.18.2002-15:00:00,06,18,2002,15,1.0606e+05
06.18.2002-18:00:00,06,18,2002,18,1.0453e+05
06.18.2002-21:00:00,06,18,2002,21,1.0446e+05
06.19.2002-00:00:00,06,19,2002,00,1.0378e+05
06.19.2002-03:00:00,06,19,2002,03,1.0262e+05
06.19.2002-06:00:00,06,19,2002,06,98429
06.19.2002-09:00:00,06,19,2002,09,92657
06.19.2002-12:00:00,06,19,2002,12,88194
06.19.2002-15:00:00,06,19,2002,15,86156
06.19.2002-18:00:00,06,19,2002,18,87354
06.19.2002-21:00:00,06,19,2002,21,89135
06.20.2002-00:00:00,06,20,2002,00,90601
06.20.2002-03:00:00,06,20,2002,03,91249
06.20.2002-06:00:00,06,20,2002,06,87955
06.20.2002-09:00:00,06,20,2002,09,82841
06.20.2002-12:00:00,06,20,2002,12,78442
06.20.2002-15:00:00,06,20,2002,15,77126
06.20.2002-18:00:00,06,20,2002,18,78194
06.20.2002-21:00:00,06,20,2002,21,80088
06.21.2002-00:00:00,06,21,2002,00,81585
06.21.2002-03:00:00,06,21,2002,03,82314
06.21.2002-06:00:00,06,21,2002,06,79285
06.21.2002-09:00:00,06,21,2002,09,74047
06.21.2002-12:00:00,06,21,2002,12,69866
06.21.2002-15:00:00,06,21,2002,15,69191
06.21.2002-18:00:00,06,21,2002,18,70752
06.21.2002-21:00:00,06,21,2002,21,72979
06.22.2002-00:00:00,06,22,2002,00,75215
06.22.2002-03:00:00,06,22,2002,03,76450
06.22.2002-06:00:00,06,22,2002,06,74209
06.22.2002-09:00:00,06,22,2002,09,69672
06.22.2002-12:00:00,06,22,2002,12,66367
06.22.2002-15:00:00,06,22,2002,15,65661
06.22.2002-18:00:00,06,22,2002,18,67218
06.22.2002-21:00:00,06,22,2002,21,69233
06.23.2002-00:00:00,06,23,2002,00,71032
06.23.2002-03:00:00,06,23,2002,03,71890
06.23.2002-06:00:00,06,23,2002,06,69175
06.23.2002-09:00:00,06,23,2002,09,64700
06.23.2002-12:00:00,06,23,2002,12,61455
06.23.2002-15:00:00,06,23,2002,15,61108
06.23.2002-18:00:00,06,23,2002,18,62830
06.23.2002-21:00:00,06,23,2002,21,64582
06.24.2002-00:00:00,06,24,2002,00,66110
06.24.2002-03:00:00,06,24,2002,03,66840
06.24.2002-06:00:00,06,24,2002,06,64169
06.24.2002-09:00:00,06,24,2002,09,59445
06.24.2002-12:00:00,06,24,2002,12,55913
06.24.2002-15:00:00,06,24,2002,15,55665
06.24.2002-18:00:00,06,24,2002,18,57509
06.24.2002-21:00:00,06,24,2002,21,59252
06.25.2002-00:00:00,06,25,2002,00,60937
06.25.2002-03:00:00,06,25,2002,03,61143
06.25.2002-06:00:00,06,25,2002,06,57946
06.25.2002-09:00:00,06,25,2002,09,52980
06.25.2002-12:00:00,06,25,2002,12,49879
06.25.2002-15:00:00,06,25,2002,15,49751
06.25.2002-18:00:00,06,25,2002,18,51787
06.25.2002-21:00:00,06,25,2002,21,53734
06.26.2002-00:00:00,06,26,2002,00,55479
06.26.2002-03:00:00,06,26,2002,03,55947
06.26.2002-06:00:00,06,26,2002,06,52819
06.26.2002-09:00:00,06,26,2002,09,48558
06.26.2002-12:00:00,06,26,2002,12,47306
06.26.2002-15:00:00,06,26,2002,15,46786
06.26.2002-18:00:00,06,26,2002,18,48600
06.26.2002-21:00:00,06,26,2002,21,50367
06.27.2002-00:00:00,06,27,2002,00,51675
06.27.2002-03:00:00,06,27,2002,03,51748
06.27.2002-06:00:00,06,27,2002,06,48265
06.27.2002-09:00:00,06,27,2002,09,43537
06.27.2002-12:00:00,06,27,2002,12,41144
06.27.2002-15:00:00,06,27,2002,15,41763
06.27.2002-18:00:00,06,27,2002,18,44300
06.27.2002-21:00:00,06,27,2002,21,46451
06.28.2002-00:00:00,06,28,2002,00,48009
06.28.2002-03:00:00,06,28,2002,03,49088
06.28.2002-06:00:00,06,28,2002,06,48595
06.28.2002-09:00:00,06,28,2002,09,46062
06.28.2002-12:00:00,06,28,2002,12,44137
06.28.2002-15:00:00,06,28,2002,15,44674
06.28.2002-18:00:00,06,28,2002,18,46189
06.28.2002-21:00:00,06,28,2002,21,47721
06.29.2002-00:00:00,06,29,2002,00,50392
06.29.2002-03:00:00,06,29,2002,03,52032
06.29.2002-06:00:00,06,29,2002,06,52243
06.29.2002-09:00:00,06,29,2002,09,50224
06.29.2002-12:00:00,06,29,2002,12,48826
06.29.2002-15:00:00,06,29,2002,15,48930
06.29.2002-18:00:00,06,29,2002,18,50075
06.29.2002-21:00:00,06,29,2002,21,51611
06.30.2002-00:00:00,06,30,2002,00,50723
06.30.2002-03:00:00,06,30,2002,03,49606
06.30.2002-06:00:00,06,30,2002,06,47967
06.30.2002-09:00:00,06,30,2002,09,44472
06.30.2002-12:00:00,06,30,2002,12,42165
06.30.2002-15:00:00,06,30,2002,15,41911
06.30.2002-18:00:00,06,30,2002,18,43006
06.30.2002-21:00:00,06,30,2002,21,44016
07.01.2002-00:00:00,07,01,2002,00,44721
07.01.2002-03:00:00,07,01,2002,03,44629
07.01.2002-06:00:00,07,01,2002,06,42654
07.01.2002-09:00:00,07,01,2002,09,38931
07.01.2002-12:00:00,07,01,2002,12,36875
07.01.2002-15:00:00,07,01,2002,15,37351
07.01.2002-18:00:00,07,01,2002,18,39145
07.01.2002-21:00:00,07,01,2002,21,40643
07.02.2002-00:00:00,07,02,2002,00,41559
07.02.2002-03:00:00,07,02,2002,03,41803
07.02.2002-06:00:00,07,02,2002,06,39530
07.02.2002-09:00:00,07,02,2002,09,35530
07.02.2002-12:00:00,07,02,2002,12,33415
07.02.2002-15:00:00,07,02,2002,15,34342
07.02.2002-18:00:00,07,02,2002,18,36282
07.02.2002-21:00:00,07,02,2002,21,38007
07.03.2002-00:00:00,07,03,2002,00,38964
07.03.2002-03:00:00,07,03,2002,03,39062
07.03.2002-06:00:00,07,03,2002,06,36809
07.03.2002-09:00:00,07,03,2002,09,33359
07.03.2002-12:00:00,07,03,2002,12,31650
07.03.2002-15:00:00,07,03,2002,15,32425
07.03.2002-18:00:00,07,03,2002,18,34542
07.03.2002-21:00:00,07,03,2002,21,36135
07.04.2002-00:00:00,07,04,2002,00,37241
07.04.2002-03:00:00,07,04,2002,03,37534
07.04.2002-06:00:00,07,04,2002,06,35879
07.04.2002-09:00:00,07,04,2002,09,32739
07.04.2002-12:00:00,07,04,2002,12,31126
07.04.2002-15:00:00,07,04,2002,15,31975
07.04.2002-18:00:00,07,04,2002,18,33859
07.04.2002-21:00:00,07,04,2002,21,35392
07.05.2002-00:00:00,07,05,2002,00,36333
07.05.2002-03:00:00,07,05,2002,03,36708
07.05.2002-06:00:00,07,05,2002,06,34521
07.05.2002-09:00:00,07,05,2002,09,30299
07.05.2002-12:00:00,07,05,2002,12,28242
07.05.2002-15:00:00,07,05,2002,15,29550
07.05.2002-18:00:00,07,05,2002,18,31812
07.05.2002-21:00:00,07,05,2002,21,33433
07.06.2002-00:00:00,07,06,2002,00,34379
07.06.2002-03:00:00,07,06,2002,03,34734
07.06.2002-06:00:00,07,06,2002,06,32215
07.06.2002-09:00:00,07,06,2002,09,27974
07.06.2002-12:00:00,07,06,2002,12,26138
07.06.2002-15:00:00,07,06,2002,15,27511
07.06.2002-18:00:00,07,06,2002,18,29990
07.06.2002-21:00:00,07,06,2002,21,31663
07.07.2002-00:00:00,07,07,2002,00,32704
07.07.2002-03:00:00,07,07,2002,03,33021
07.07.2002-06:00:00,07,07,2002,06,30506
07.07.2002-09:00:00,07,07,2002,09,26538
07.07.2002-12:00:00,07,07,2002,12,24963
07.07.2002-15:00:00,07,07,2002,15,26374
07.07.2002-18:00:00,07,07,2002,18,28738
07.07.2002-21:00:00,07,07,2002,21,30495
07.08.2002-00:00:00,07,08,2002,00,41614
07.08.2002-03:00:00,07,08,2002,03,49109
07.08.2002-06:00:00,07,08,2002,06,51484
07.08.2002-09:00:00,07,08,2002,09,50195
07.08.2002-12:00:00,07,08,2002,12,49944
07.08.2002-15:00:00,07,08,2002,15,52953
07.08.2002-18:00:00,07,08,2002,18,56551
07.08.2002-21:00:00,07,08,2002,21,60599
07.09.2002-00:00:00,07,09,2002,00,51612
07.09.2002-03:00:00,07,09,2002,03,45956
07.09.2002-06:00:00,07,09,2002,06,40460
07.09.2002-09:00:00,07,09,2002,09,33855
07.09.2002-12:00:00,07,09,2002,12,30199
07.09.2002-15:00:00,07,09,2002,15,30458
07.09.2002-18:00:00,07,09,2002,18,31862
07.09.2002-21:00:00,07,09,2002,21,33020
07.10.2002-00:00:00,07,10,2002,00,33507
07.10.2002-03:00:00,07,10,2002,03,33427
07.10.2002-06:00:00,07,10,2002,06,30353
07.10.2002-09:00:00,07,10,2002,09,26410
07.10.2002-12:00:00,07,10,2002,12,25394
07.10.2002-15:00:00,07,10,2002,15,26064
07.10.2002-18:00:00,07,10,2002,18,28258
07.10.2002-21:00:00,07,10,2002,21,29786
07.11.2002-00:00:00,07,11,2002,00,30699
07.11.2002-03:00:00,07,11,2002,03,30692
07.11.2002-06:00:00,07,11,2002,06,27497
07.11.2002-09:00:00,07,11,2002,09,24851
07.11.2002-12:00:00,07,11,2002,12,26427
07.11.2002-15:00:00,07,11,2002,15,25800
07.11.2002-18:00:00,07,11,2002,18,27255
07.11.2002-21:00:00,07,11,2002,21,28718
07.12.2002-00:00:00,07,12,2002,00,29526
07.12.2002-03:00:00,07,12,2002,03,29406
07.12.2002-06:00:00,07,12,2002,06,26168
07.12.2002-09:00:00,07,12,2002,09,23356
07.12.2002-12:00:00,07,12,2002,12,24495
07.12.2002-15:00:00,07,12,2002,15,24218
07.12.2002-18:00:00,07,12,2002,18,25962
07.12.2002-21:00:00,07,12,2002,21,27416
07.13.2002-00:00:00,07,13,2002,00,28281
07.13.2002-03:00:00,07,13,2002,03,28190
07.13.2002-06:00:00,07,13,2002,06,25474
07.13.2002-09:00:00,07,13,2002,09,22895
07.13.2002-12:00:00,07,13,2002,12,22547
07.13.2002-15:00:00,07,13,2002,15,23090
07.13.2002-18:00:00,07,13,2002,18,25023
07.13.2002-21:00:00,07,13,2002,21,26497
07.14.2002-00:00:00,07,14,2002,00,27421
07.14.2002-03:00:00,07,14,2002,03,27133
07.14.2002-06:00:00,07,14,2002,06,24303
07.14.2002-09:00:00,07,14,2002,09,20928
07.14.2002-12:00:00,07,14,2002,12,19754
07.14.2002-15:00:00,07,14,2002,15,21119
07.14.2002-18:00:00,07,14,2002,18,23472
07.14.2002-21:00:00,07,14,2002,21,25166
07.15.2002-00:00:00,07,15,2002,00,26143
07.15.2002-03:00:00,07,15,2002,03,26201
07.15.2002-06:00:00,07,15,2002,06,23502
07.15.2002-09:00:00,07,15,2002,09,20125
07.15.2002-12:00:00,07,15,2002,12,18921
07.15.2002-15:00:00,07,15,2002,15,20412
07.15.2002-18:00:00,07,15,2002,18,22851
07.15.2002-21:00:00,07,15,2002,21,24480
07.16.2002-00:00:00,07,16,2002,00,25346
07.16.2002-03:00:00,07,16,2002,03,25361
07.16.2002-06:00:00,07,16,2002,06,22714
07.16.2002-09:00:00,07,16,2002,09,19472
07.16.2002-12:00:00,07,16,2002,12,18417
07.16.2002-15:00:00,07,16,2002,15,19827
07.16.2002-18:00:00,07,16,2002,18,22172
07.16.2002-21:00:00,07,16,2002,21,23758
07.17.2002-00:00:00,07,17,2002,00,24620
07.17.2002-03:00:00,07,17,2002,03,24490
07.17.2002-06:00:00,07,17,2002,06,22010
07.17.2002-09:00:00,07,17,2002,09,18942
07.17.2002-12:00:00,07,17,2002,12,17985
07.17.2002-15:00:00,07,17,2002,15,19347
07.17.2002-18:00:00,07,17,2002,18,21566
07.17.2002-21:00:00,07,17,2002,21,23081
07.18.2002-00:00:00,07,18,2002,00,23967
07.18.2002-03:00:00,07,18,2002,03,23767
07.18.2002-06:00:00,07,18,2002,06,21218
07.18.2002-09:00:00,07,18,2002,09,18128
07.18.2002-12:00:00,07,18,2002,12,17193
07.18.2002-15:00:00,07,18,2002,15,18569
07.18.2002-18:00:00,07,18,2002,18,20844
07.18.2002-21:00:00,07,18,2002,21,22367
07.19.2002-00:00:00,07,19,2002,00,23210
07.19.2002-03:00:00,07,19,2002,03,23213
07.19.2002-06:00:00,07,19,2002,06,20980
07.19.2002-09:00:00,07,19,2002,09,18056
07.19.2002-12:00:00,07,19,2002,12,17084
07.19.2002-15:00:00,07,19,2002,15,18473
07.19.2002-18:00:00,07,19,2002,18,20606
07.19.2002-21:00:00,07,19,2002,21,22043
07.20.2002-00:00:00,07,20,2002,00,22837
07.20.2002-03:00:00,07,20,2002,03,22811
07.20.2002-06:00:00,07,20,2002,06,20376
07.20.2002-09:00:00,07,20,2002,09,17162
07.20.2002-12:00:00,07,20,2002,12,16167
07.20.2002-15:00:00,07,20,2002,15,17645
07.20.2002-18:00:00,07,20,2002,18,19934
07.20.2002-21:00:00,07,20,2002,21,21361
07.21.2002-00:00:00,07,21,2002,00,22157
07.21.2002-03:00:00,07,21,2002,03,22122
07.21.2002-06:00:00,07,21,2002,06,19648
07.21.2002-09:00:00,07,21,2002,09,16499
07.21.2002-12:00:00,07,21,2002,12,15589
07.21.2002-15:00:00,07,21,2002,15,17038
07.21.2002-18:00:00,07,21,2002,18,19342
07.21.2002-21:00:00,07,21,2002,21,20781
07.22.2002-00:00:00,07,22,2002,00,21542
07.22.2002-03:00:00,07,22,2002,03,21566
07.22.2002-06:00:00,07,22,2002,06,19097
07.22.2002-09:00:00,07,22,2002,09,16090
07.22.2002-12:00:00,07,22,2002,12,15329
07.22.2002-15:00:00,07,22,2002,15,16704
07.22.2002-18:00:00,07,22,2002,18,18922
07.22.2002-21:00:00,07,22,2002,21,20307
07.23.2002-00:00:00,07,23,2002,00,21051
07.23.2002-03:00:00,07,23,2002,03,21070
07.23.2002-06:00:00,07,23,2002,06,18527
07.23.2002-09:00:00,07,23,2002,09,15820
07.23.2002-12:00:00,07,23,2002,12,15462
07.23.2002-15:00:00,07,23,2002,15,16519
07.23.2002-18:00:00,07,23,2002,18,18554
07.23.2002-21:00:00,07,23,2002,21,19895
07.24.2002-00:00:00,07,24,2002,00,20589
07.24.2002-03:00:00,07,24,2002,03,20454
07.24.2002-06:00:00,07,24,2002,06,17938
07.24.2002-09:00:00,07,24,2002,09,15289
07.24.2002-12:00:00,07,24,2002,12,14811
07.24.2002-15:00:00,07,24,2002,15,15957
07.24.2002-18:00:00,07,24,2002,18,18033
07.24.2002-21:00:00,07,24,2002,21,19367
07.25.2002-00:00:00,07,25,2002,00,20025
07.25.2002-03:00:00,07,25,2002,03,19906
07.25.2002-06:00:00,07,25,2002,06,18099
07.25.2002-09:00:00,07,25,2002,09,16068
07.25.2002-12:00:00,07,25,2002,12,15564
07.25.2002-15:00:00,07,25,2002,15,16448
07.25.2002-18:00:00,07,25,2002,18,18072
07.25.2002-21:00:00,07,25,2002,21,19313
07.26.2002-00:00:00,07,26,2002,00,19937
07.26.2002-03:00:00,07,26,2002,03,19723
07.26.2002-06:00:00,07,26,2002,06,17627
07.26.2002-09:00:00,07,26,2002,09,15108
07.26.2002-12:00:00,07,26,2002,12,14354
07.26.2002-15:00:00,07,26,2002,15,15567
07.26.2002-18:00:00,07,26,2002,18,17489
07.26.2002-21:00:00,07,26,2002,21,18772
07.27.2002-00:00:00,07,27,2002,00,19435
07.27.2002-03:00:00,07,27,2002,03,19428
07.27.2002-06:00:00,07,27,2002,06,17712
07.27.2002-09:00:00,07,27,2002,09,15395
07.27.2002-12:00:00,07,27,2002,12,14654
07.27.2002-15:00:00,07,27,2002,15,15796
07.27.2002-18:00:00,07,27,2002,18,17514
07.27.2002-21:00:00,07,27,2002,21,18699
07.28.2002-00:00:00,07,28,2002,00,19230
07.28.2002-03:00:00,07,28,2002,03,19184
07.28.2002-06:00:00,07,28,2002,06,18342
07.28.2002-09:00:00,07,28,2002,09,17251
07.28.2002-12:00:00,07,28,2002,12,16857
07.28.2002-15:00:00,07,28,2002,15,17312
07.28.2002-18:00:00,07,28,2002,18,18203
07.28.2002-21:00:00,07,28,2002,21,19015
07.29.2002-00:00:00,07,29,2002,00,19365
07.29.2002-03:00:00,07,29,2002,03,19200
07.29.2002-06:00:00,07,29,2002,06,18446
07.29.2002-09:00:00,07,29,2002,09,17560
07.29.2002-12:00:00,07,29,2002,12,17185
07.29.2002-15:00:00,07,29,2002,15,17526
07.29.2002-18:00:00,07,29,2002,18,18261
07.29.2002-21:00:00,07,29,2002,21,18969
07.30.2002-00:00:00,07,30,2002,00,19303
07.30.2002-03:00:00,07,30,2002,03,19073
07.30.2002-06:00:00,07,30,2002,06,17535
07.30.2002-09:00:00,07,30,2002,09,15511
07.30.2002-12:00:00,07,30,2002,12,14751
07.30.2002-15:00:00,07,30,2002,15,15665
07.30.2002-18:00:00,07,30,2002,18,17138
07.30.2002-21:00:00,07,30,2002,21,18193
07.31.2002-00:00:00,07,31,2002,00,18704
07.31.2002-03:00:00,07,31,2002,03,18670
07.31.2002-06:00:00,07,31,2002,06,16835
07.31.2002-09:00:00,07,31,2002,09,14215
07.31.2002-12:00:00,07,31,2002,12,13337
07.31.2002-15:00:00,07,31,2002,15,14660
07.31.2002-18:00:00,07,31,2002,18,16492
07.31.2002-21:00:00,07,31,2002,21,17606
08.01.2002-00:00:00,08,01,2002,00,18150
08.01.2002-03:00:00,08,01,2002,03,18037
08.01.2002-06:00:00,08,01,2002,06,16622
08.01.2002-09:00:00,08,01,2002,09,13804
08.01.2002-12:00:00,08,01,2002,12,12974
08.01.2002-15:00:00,08,01,2002,15,14536
08.01.2002-18:00:00,08,01,2002,18,16278
08.01.2002-21:00:00,08,01,2002,21,17275
08.02.2002-00:00:00,08,02,2002,00,17765
08.02.2002-03:00:00,08,02,2002,03,17445
08.02.2002-06:00:00,08,02,2002,06,15986
08.02.2002-09:00:00,08,02,2002,09,13434
08.02.2002-12:00:00,08,02,2002,12,12665
08.02.2002-15:00:00,08,02,2002,15,14190
08.02.2002-18:00:00,08,02,2002,18,15906
08.02.2002-21:00:00,08,02,2002,21,16924
08.03.2002-00:00:00,08,03,2002,00,17426
08.03.2002-03:00:00,08,03,2002,03,17395
08.03.2002-06:00:00,08,03,2002,06,16177
08.03.2002-09:00:00,08,03,2002,09,13575
08.03.2002-12:00:00,08,03,2002,12,12810
08.03.2002-15:00:00,08,03,2002,15,14231
08.03.2002-18:00:00,08,03,2002,18,15873
08.03.2002-21:00:00,08,03,2002,21,16777
08.04.2002-00:00:00,08,04,2002,00,17216
08.04.2002-03:00:00,08,04,2002,03,16875
08.04.2002-06:00:00,08,04,2002,06,15561
08.04.2002-09:00:00,08,04,2002,09,13258
08.04.2002-12:00:00,08,04,2002,12,12572
08.04.2002-15:00:00,08,04,2002,15,13913
08.04.2002-18:00:00,08,04,2002,18,15513
08.04.2002-21:00:00,08,04,2002,21,16474
08.05.2002-00:00:00,08,05,2002,00,16937
08.05.2002-03:00:00,08,05,2002,03,16920
08.05.2002-06:00:00,08,05,2002,06,15846
08.05.2002-09:00:00,08,05,2002,09,13425
08.05.2002-12:00:00,08,05,2002,12,12667
08.05.2002-15:00:00,08,05,2002,15,13977
08.05.2002-18:00:00,08,05,2002,18,15510
08.05.2002-21:00:00,08,05,2002,21,16347
08.06.2002-00:00:00,08,06,2002,00,16780
08.06.2002-03:00:00,08,06,2002,03,16745
08.06.2002-06:00:00,08,06,2002,06,16041
08.06.2002-09:00:00,08,06,2002,09,14061
08.06.2002-12:00:00,08,06,2002,12,13415
08.06.2002-15:00:00,08,06,2002,15,14583
08.06.2002-18:00:00,08,06,2002,18,15857
08.06.2002-21:00:00,08,06,2002,21,16652
08.07.2002-00:00:00,08,07,2002,00,16859
08.07.2002-03:00:00,08,07,2002,03,16722
08.07.2002-06:00:00,08,07,2002,06,15610
08.07.2002-09:00:00,08,07,2002,09,13081
08.07.2002-12:00:00,08,07,2002,12,12199
08.07.2002-15:00:00,08,07,2002,15,13452
08.07.2002-18:00:00,08,07,2002,18,14970
08.07.2002-21:00:00,08,07,2002,21,15812
08.08.2002-00:00:00,08,08,2002,00,16224
08.08.2002-03:00:00,08,08,2002,03,15908
08.08.2002-06:00:00,08,08,2002,06,14418
08.08.2002-09:00:00,08,08,2002,09,11826
08.08.2002-12:00:00,08,08,2002,12,11182
08.08.2002-15:00:00,08,08,2002,15,12550
08.08.2002-18:00:00,08,08,2002,18,14216
08.08.2002-21:00:00,08,08,2002,21,15176
08.09.2002-00:00:00,08,09,2002,00,15664
08.09.2002-03:00:00,08,09,2002,03,15317
08.09.2002-06:00:00,08,09,2002,06,13898
08.09.2002-09:00:00,08,09,2002,09,11559
08.09.2002-12:00:00,08,09,2002,12,11004
08.09.2002-15:00:00,08,09,2002,15,12283
08.09.2002-18:00:00,08,09,2002,18,13878
08.09.2002-21:00:00,08,09,2002,21,14857
08.10.2002-00:00:00,08,10,2002,00,15329
08.10.2002-03:00:00,08,10,2002,03,14988
08.10.2002-06:00:00,08,10,2002,06,13627
08.10.2002-09:00:00,08,10,2002,09,11452
08.10.2002-12:00:00,08,10,2002,12,10884
08.10.2002-15:00:00,08,10,2002,15,12105
08.10.2002-18:00:00,08,10,2002,18,13658
08.10.2002-21:00:00,08,10,2002,21,14630
08.11.2002-00:00:00,08,11,2002,00,15110
08.11.2002-03:00:00,08,11,2002,03,14802
08.11.2002-06:00:00,08,11,2002,06,13411
08.11.2002-09:00:00,08,11,2002,09,11031
08.11.2002-12:00:00,08,11,2002,12,10440
08.11.2002-15:00:00,08,11,2002,15,11742
08.11.2002-18:00:00,08,11,2002,18,13351
08.11.2002-21:00:00,08,11,2002,21,14321
08.12.2002-00:00:00,08,12,2002,00,14792
08.12.2002-03:00:00,08,12,2002,03,14480
08.12.2002-06:00:00,08,12,2002,06,12993
08.12.2002-09:00:00,08,12,2002,09,10615
08.12.2002-12:00:00,08,12,2002,12,10144
08.12.2002-15:00:00,08,12,2002,15,11392
08.12.2002-18:00:00,08,12,2002,18,13013
08.12.2002-21:00:00,08,12,2002,21,13998
08.13.2002-00:00:00,08,13,2002,00,14457
08.13.2002-03:00:00,08,13,2002,03,14136
08.13.2002-06:00:00,08,13,2002,06,12555
08.13.2002-09:00:00,08,13,2002,09,10551
08.13.2002-12:00:00,08,13,2002,12,11096
08.13.2002-15:00:00,08,13,2002,15,11596
08.13.2002-18:00:00,08,13,2002,18,12971
08.13.2002-21:00:00,08,13,2002,21,13827
08.14.2002-00:00:00,08,14,2002,00,14220
08.14.2002-03:00:00,08,14,2002,03,13895
08.14.2002-06:00:00,08,14,2002,06,12536
08.14.2002-09:00:00,08,14,2002,09,10647
08.14.2002-12:00:00,08,14,2002,12,10263
08.14.2002-15:00:00,08,14,2002,15,11277
08.14.2002-18:00:00,08,14,2002,18,12689
08.14.2002-21:00:00,08,14,2002,21,13639
08.15.2002-00:00:00,08,15,2002,00,14107
08.15.2002-03:00:00,08,15,2002,03,13815
08.15.2002-06:00:00,08,15,2002,06,12424
08.15.2002-09:00:00,08,15,2002,09,10105
08.15.2002-12:00:00,08,15,2002,12,9606.8
08.15.2002-15:00:00,08,15,2002,15,10820
08.15.2002-18:00:00,08,15,2002,18,12375
08.15.2002-21:00:00,08,15,2002,21,13326
08.16.2002-00:00:00,08,16,2002,00,13778
08.16.2002-03:00:00,08,16,2002,03,13508
08.16.2002-06:00:00,08,16,2002,06,12156
08.16.2002-09:00:00,08,16,2002,09,9838.8
08.16.2002-12:00:00,08,16,2002,12,9301.5
08.16.2002-15:00:00,08,16,2002,15,10564
08.16.2002-18:00:00,08,16,2002,18,12141
08.16.2002-21:00:00,08,16,2002,21,13120
08.17.2002-00:00:00,08,17,2002,00,13598
08.17.2002-03:00:00,08,17,2002,03,13596
08.17.2002-06:00:00,08,17,2002,06,12487
08.17.2002-09:00:00,08,17,2002,09,10023
08.17.2002-12:00:00,08,17,2002,12,9411.7
08.17.2002-15:00:00,08,17,2002,15,10692
08.17.2002-18:00:00,08,17,2002,18,12206
08.17.2002-21:00:00,08,17,2002,21,13085
08.18.2002-00:00:00,08,18,2002,00,13499
08.18.2002-03:00:00,08,18,2002,03,13385
08.18.2002-06:00:00,08,18,2002,06,12178
08.18.2002-09:00:00,08,18,2002,09,9836.5
08.18.2002-12:00:00,08,18,2002,12,9272
08.18.2002-15:00:00,08,18,2002,15,10495
08.18.2002-18:00:00,08,18,2002,18,11975
08.18.2002-21:00:00,08,18,2002,21,12856
08.19.2002-00:00:00,08,19,2002,00,13258
08.19.2002-03:00:00,08,19,2002,03,13189
08.19.2002-06:00:00,08,19,2002,06,12182
08.19.2002-09:00:00,08,19,2002,09,10413
08.19.2002-12:00:00,08,19,2002,12,9949.7
08.19.2002-15:00:00,08,19,2002,15,10869
08.19.2002-18:00:00,08,19,2002,18,12125
08.19.2002-21:00:00,08,19,2002,21,12915
08.20.2002-00:00:00,08,20,2002,00,13248
08.20.2002-03:00:00,08,20,2002,03,13048
08.20.2002-06:00:00,08,20,2002,06,11936
08.20.2002-09:00:00,08,20,2002,09,10062
08.20.2002-12:00:00,08,20,2002,12,9483.6
08.20.2002-15:00:00,08,20,2002,15,10519
08.20.2002-18:00:00,08,20,2002,18,11848
08.20.2002-21:00:00,08,20,2002,21,12657
08.21.2002-00:00:00,08,21,2002,00,13039
08.21.2002-03:00:00,08,21,2002,03,12837
08.21.2002-06:00:00,08,21,2002,06,11673
08.21.2002-09:00:00,08,21,2002,09,9700.9
08.21.2002-12:00:00,08,21,2002,12,9158.9
08.21.2002-15:00:00,08,21,2002,15,10222
08.21.2002-18:00:00,08,21,2002,18,11578
08.21.2002-21:00:00,08,21,2002,21,12402
08.22.2002-00:00:00,08,22,2002,00,12806
08.22.2002-03:00:00,08,22,2002,03,12630
08.22.2002-06:00:00,08,22,2002,06,11447
08.22.2002-09:00:00,08,22,2002,09,9383.8
08.22.2002-12:00:00,08,22,2002,12,8842.4
08.22.2002-15:00:00,08,22,2002,15,9964.7
08.22.2002-18:00:00,08,22,2002,18,11332
08.22.2002-21:00:00,08,22,2002,21,12179
08.23.2002-00:00:00,08,23,2002,00,12581
08.23.2002-03:00:00,08,23,2002,03,12422
08.23.2002-06:00:00,08,23,2002,06,11146
08.23.2002-09:00:00,08,23,2002,09,8951.3
08.23.2002-12:00:00,08,23,2002,12,8461.4
08.23.2002-15:00:00,08,23,2002,15,9625.5
08.23.2002-18:00:00,08,23,2002,18,11012
08.23.2002-21:00:00,08,23,2002,21,11895
08.24.2002-00:00:00,08,24,2002,00,12317
08.24.2002-03:00:00,08,24,2002,03,12258
08.24.2002-06:00:00,08,24,2002,06,11057
08.24.2002-09:00:00,08,24,2002,09,8913
08.24.2002-12:00:00,08,24,2002,12,8522.9
08.24.2002-15:00:00,08,24,2002,15,9600.6
08.24.2002-18:00:00,08,24,2002,18,10932
08.24.2002-21:00:00,08,24,2002,21,11770
08.25.2002-00:00:00,08,25,2002,00,13143
08.25.2002-03:00:00,08,25,2002,03,14600
08.25.2002-06:00:00,08,25,2002,06,14397
08.25.2002-09:00:00,08,25,2002,09,12542
08.25.2002-12:00:00,08,25,2002,12,11766
08.25.2002-15:00:00,08,25,2002,15,12903
08.25.2002-18:00:00,08,25,2002,18,14204
08.25.2002-21:00:00,08,25,2002,21,15298
08.26.2002-00:00:00,08,26,2002,00,14398
08.26.2002-03:00:00,08,26,2002,03,13942
08.26.2002-06:00:00,08,26,2002,06,12982
08.26.2002-09:00:00,08,26,2002,09,10696
08.26.2002-12:00:00,08,26,2002,12,9814.7
08.26.2002-15:00:00,08,26,2002,15,10773
08.26.2002-18:00:00,08,26,2002,18,11980
08.26.2002-21:00:00,08,26,2002,21,12876
08.27.2002-00:00:00,08,27,2002,00,12642
08.27.2002-03:00:00,08,27,2002,03,12347
08.27.2002-06:00:00,08,27,2002,06,11180
08.27.2002-09:00:00,08,27,2002,09,8927.1
08.27.2002-12:00:00,08,27,2002,12,8250.5
08.27.2002-15:00:00,08,27,2002,15,9273.9
08.27.2002-18:00:00,08,27,2002,18,10579
08.27.2002-21:00:00,08,27,2002,21,11404
08.28.2002-00:00:00,08,28,2002,00,11816
08.28.2002-03:00:00,08,28,2002,03,11775
08.28.2002-06:00:00,08,28,2002,06,10599
08.28.2002-09:00:00,08,28,2002,09,8533.6
08.28.2002-12:00:00,08,28,2002,12,8132
08.28.2002-15:00:00,08,28,2002,15,9166.3
08.28.2002-18:00:00,08,28,2002,18,10442
08.28.2002-21:00:00,08,28,2002,21,11241
08.29.2002-00:00:00,08,29,2002,00,11627
08.29.2002-03:00:00,08,29,2002,03,11604
08.29.2002-06:00:00,08,29,2002,06,10610
08.29.2002-09:00:00,08,29,2002,09,8873.6
08.29.2002-12:00:00,08,29,2002,12,8476.7
08.29.2002-15:00:00,08,29,2002,15,9338.7
08.29.2002-18:00:00,08,29,2002,18,10528
08.29.2002-21:00:00,08,29,2002,21,11249
08.30.2002-00:00:00,08,30,2002,00,11614
08.30.2002-03:00:00,08,30,2002,03,11546
08.30.2002-06:00:00,08,30,2002,06,10531
08.30.2002-09:00:00,08,30,2002,09,8649.8
08.30.2002-12:00:00,08,30,2002,12,8107.1
08.30.2002-15:00:00,08,30,2002,15,9102.9
08.30.2002-18:00:00,08,30,2002,18,10335
08.30.2002-21:00:00,08,30,2002,21,11096
08.31.2002-00:00:00,08,31,2002,00,11497
08.31.2002-03:00:00,08,31,2002,03,11542
08.31.2002-06:00:00,08,31,2002,06,10828
08.31.2002-09:00:00,08,31,2002,09,8992.2
08.31.2002-12:00:00,08,31,2002,12,8408.9
08.31.2002-15:00:00,08,31,2002,15,9324.9
08.31.2002-18:00:00,08,31,2002,18,10465
08.31.2002-21:00:00,08,31,2002,21,11152
09.01.2002-00:00:00,09,01,2002,00,11352
09.01.2002-03:00:00,09,01,2002,03,11251
09.01.2002-06:00:00,09,01,2002,06,10700
09.01.2002-09:00:00,09,01,2002,09,9607.6
09.01.2002-12:00:00,09,01,2002,12,9260.8
09.01.2002-15:00:00,09,01,2002,15,9723.1
09.01.2002-18:00:00,09,01,2002,18,10542
09.01.2002-21:00:00,09,01,2002,21,11125
09.02.2002-00:00:00,09,02,2002,00,11397
09.02.2002-03:00:00,09,02,2002,03,11345
09.02.2002-06:00:00,09,02,2002,06,10466
09.02.2002-09:00:00,09,02,2002,09,8685.6
09.02.2002-12:00:00,09,02,2002,12,8210.5
09.02.2002-15:00:00,09,02,2002,15,9212
09.02.2002-18:00:00,09,02,2002,18,10294
09.02.2002-21:00:00,09,02,2002,21,10905
09.03.2002-00:00:00,09,03,2002,00,11186
09.03.2002-03:00:00,09,03,2002,03,11181
09.03.2002-06:00:00,09,03,2002,06,10426
09.03.2002-09:00:00,09,03,2002,09,8872.5
09.03.2002-12:00:00,09,03,2002,12,8431.1
09.03.2002-15:00:00,09,03,2002,15,9336.5
09.03.2002-18:00:00,09,03,2002,18,10348
09.03.2002-21:00:00,09,03,2002,21,10916
09.04.2002-00:00:00,09,04,2002,00,11175
09.04.2002-03:00:00,09,04,2002,03,11217
09.04.2002-06:00:00,09,04,2002,06,10527
09.04.2002-09:00:00,09,04,2002,09,8699.2
09.04.2002-12:00:00,09,04,2002,12,8189.4
09.04.2002-15:00:00,09,04,2002,15,9228.1
09.04.2002-18:00:00,09,04,2002,18,10260
09.04.2002-21:00:00,09,04,2002,21,10799
09.05.2002-00:00:00,09,05,2002,00,11121
09.05.2002-03:00:00,09,05,2002,03,11211
09.05.2002-06:00:00,09,05,2002,06,10771
09.05.2002-09:00:00,09,05,2002,09,8888.7
09.05.2002-12:00:00,09,05,2002,12,8253.8
09.05.2002-15:00:00,09,05,2002,15,9315.7
09.05.2002-18:00:00,09,05,2002,18,10338
09.05.2002-21:00:00,09,05,2002,21,10872
09.06.2002-00:00:00,09,06,2002,00,11049
09.06.2002-03:00:00,09,06,2002,03,11122
09.06.2002-06:00:00,09,06,2002,06,10624
09.06.2002-09:00:00,09,06,2002,09,8720.9
09.06.2002-12:00:00,09,06,2002,12,8098.1
09.06.2002-15:00:00,09,06,2002,15,9135.7
09.06.2002-18:00:00,09,06,2002,18,10129
09.06.2002-21:00:00,09,06,2002,21,10633
09.07.2002-00:00:00,09,07,2002,00,11068
09.07.2002-03:00:00,09,07,2002,03,11169
09.07.2002-06:00:00,09,07,2002,06,11646
09.07.2002-09:00:00,09,07,2002,09,9855.3
09.07.2002-12:00:00,09,07,2002,12,8975.2
09.07.2002-15:00:00,09,07,2002,15,9872.5
09.07.2002-18:00:00,09,07,2002,18,10789
09.07.2002-21:00:00,09,07,2002,21,11364
09.08.2002-00:00:00,09,08,2002,00,11177
09.08.2002-03:00:00,09,08,2002,03,11106
09.08.2002-06:00:00,09,08,2002,06,11028
09.08.2002-09:00:00,09,08,2002,09,9599
09.08.2002-12:00:00,09,08,2002,12,8748.9
09.08.2002-15:00:00,09,08,2002,15,9465.1
09.08.2002-18:00:00,09,08,2002,18,10285
09.08.2002-21:00:00,09,08,2002,21,10693
09.09.2002-00:00:00,09,09,2002,00,10833
09.09.2002-03:00:00,09,09,2002,03,10827
09.09.2002-06:00:00,09,09,2002,06,10050
09.09.2002-09:00:00,09,09,2002,09,8156.6
09.09.2002-12:00:00,09,09,2002,12,7599
09.09.2002-15:00:00,09,09,2002,15,8636.3
09.09.2002-18:00:00,09,09,2002,18,9677.7
09.09.2002-21:00:00,09,09,2002,21,10206
09.10.2002-00:00:00,09,10,2002,00,10465
09.10.2002-03:00:00,09,10,2002,03,10576
09.10.2002-06:00:00,09,10,2002,06,9853.8
09.10.2002-09:00:00,09,10,2002,09,7867.2
09.10.2002-12:00:00,09,10,2002,12,7371.5
09.10.2002-15:00:00,09,10,2002,15,8429
09.10.2002-18:00:00,09,10,2002,18,9492.2
09.10.2002-21:00:00,09,10,2002,21,10014
09.11.2002-00:00:00,09,11,2002,00,10272
09.11.2002-03:00:00,09,11,2002,03,10391
09.11.2002-06:00:00,09,11,2002,06,9568.1
09.11.2002-09:00:00,09,11,2002,09,7624.7
09.11.2002-12:00:00,09,11,2002,12,7193.6
09.11.2002-15:00:00,09,11,2002,15,8218.4
09.11.2002-18:00:00,09,11,2002,18,9296.5
09.11.2002-21:00:00,09,11,2002,21,9835.6
09.12.2002-00:00:00,09,12,2002,00,10097
09.12.2002-03:00:00,09,12,2002,03,10232
09.12.2002-06:00:00,09,12,2002,06,9448.9
09.12.2002-09:00:00,09,12,2002,09,7534.4
09.12.2002-12:00:00,09,12,2002,12,7175.2
09.12.2002-15:00:00,09,12,2002,15,8150.9
09.12.2002-18:00:00,09,12,2002,18,9191.4
09.12.2002-21:00:00,09,12,2002,21,9713.8
09.13.2002-00:00:00,09,13,2002,00,9953.6
09.13.2002-03:00:00,09,13,2002,03,10064
09.13.2002-06:00:00,09,13,2002,06,9174
09.13.2002-09:00:00,09,13,2002,09,7322.5
09.13.2002-12:00:00,09,13,2002,12,6948.5
09.13.2002-15:00:00,09,13,2002,15,7918.7
09.13.2002-18:00:00,09,13,2002,18,8997.1
09.13.2002-21:00:00,09,13,2002,21,9546.1
09.14.2002-00:00:00,09,14,2002,00,9815.8
09.14.2002-03:00:00,09,14,2002,03,9963.3
09.14.2002-06:00:00,09,14,2002,06,9289.2
09.14.2002-09:00:00,09,14,2002,09,7386.8
09.14.2002-12:00:00,09,14,2002,12,6984
09.14.2002-15:00:00,09,14,2002,15,7974.6
09.14.2002-18:00:00,09,14,2002,18,9006.2
09.14.2002-21:00:00,09,14,2002,21,9505.1
09.15.2002-00:00:00,09,15,2002,00,9743.4
09.15.2002-03:00:00,09,15,2002,03,9865.3
09.15.2002-06:00:00,09,15,2002,06,9241.6
09.15.2002-09:00:00,09,15,2002,09,7655.5
09.15.2002-12:00:00,09,15,2002,12,7246.9
09.15.2002-15:00:00,09,15,2002,15,8086
09.15.2002-18:00:00,09,15,2002,18,9015.8
09.15.2002-21:00:00,09,15,2002,21,9491.6
09.16.2002-00:00:00,09,16,2002,00,9676.6
09.16.2002-03:00:00,09,16,2002,03,9792.2
09.16.2002-06:00:00,09,16,2002,06,9123.6
09.16.2002-09:00:00,09,16,2002,09,7742.7
09.16.2002-12:00:00,09,16,2002,12,7308.7
09.16.2002-15:00:00,09,16,2002,15,8081.8
09.16.2002-18:00:00,09,16,2002,18,8983.3
09.16.2002-21:00:00,09,16,2002,21,9430.5
09.17.2002-00:00:00,09,17,2002,00,9628.8
09.17.2002-03:00:00,09,17,2002,03,9739.1
09.17.2002-06:00:00,09,17,2002,06,9244.3
09.17.2002-09:00:00,09,17,2002,09,8082.1
09.17.2002-12:00:00,09,17,2002,12,7706.8
09.17.2002-15:00:00,09,17,2002,15,8346.6
09.17.2002-18:00:00,09,17,2002,18,9108.1
09.17.2002-21:00:00,09,17,2002,21,9506.9
09.18.2002-00:00:00,09,18,2002,00,9664.8
09.18.2002-03:00:00,09,18,2002,03,9749.9
09.18.2002-06:00:00,09,18,2002,06,9233.1
09.18.2002-09:00:00,09,18,2002,09,7785.7
09.18.2002-12:00:00,09,18,2002,12,7321.2
09.18.2002-15:00:00,09,18,2002,15,8162.5
09.18.2002-18:00:00,09,18,2002,18,9006.8
09.18.2002-21:00:00,09,18,2002,21,9394.6
09.19.2002-00:00:00,09,19,2002,00,9568.8
09.19.2002-03:00:00,09,19,2002,03,9670.5
09.19.2002-06:00:00,09,19,2002,06,9173.7
09.19.2002-09:00:00,09,19,2002,09,7462.2
09.19.2002-12:00:00,09,19,2002,12,6948.2
09.19.2002-15:00:00,09,19,2002,15,7892
09.19.2002-18:00:00,09,19,2002,18,8799.4
09.19.2002-21:00:00,09,19,2002,21,9230.6
09.20.2002-00:00:00,09,20,2002,00,9411.9
09.20.2002-03:00:00,09,20,2002,03,9531.5
09.20.2002-06:00:00,09,20,2002,06,9103.2
09.20.2002-09:00:00,09,20,2002,09,7493.3
09.20.2002-12:00:00,09,20,2002,12,6986.4
09.20.2002-15:00:00,09,20,2002,15,7923.4
09.20.2002-18:00:00,09,20,2002,18,8780.5
09.20.2002-21:00:00,09,20,2002,21,9196.2
09.21.2002-00:00:00,09,21,2002,00,9361.1
09.21.2002-03:00:00,09,21,2002,03,9480
09.21.2002-06:00:00,09,21,2002,06,9226.5
09.21.2002-09:00:00,09,21,2002,09,7522.9
09.21.2002-12:00:00,09,21,2002,12,6953.2
09.21.2002-15:00:00,09,21,2002,15,7885.8
09.21.2002-18:00:00,09,21,2002,18,8741.8
09.21.2002-21:00:00,09,21,2002,21,9137
09.22.2002-00:00:00,09,22,2002,00,9294
09.22.2002-03:00:00,09,22,2002,03,9397.4
09.22.2002-06:00:00,09,22,2002,06,9085
09.22.2002-09:00:00,09,22,2002,09,7287.8
09.22.2002-12:00:00,09,22,2002,12,6744.3
09.22.2002-15:00:00,09,22,2002,15,7673.6
09.22.2002-18:00:00,09,22,2002,18,8561.4
09.22.2002-21:00:00,09,22,2002,21,8975
09.23.2002-00:00:00,09,23,2002,00,9158.4
09.23.2002-03:00:00,09,23,2002,03,9261.8
09.23.2002-06:00:00,09,23,2002,06,8865.4
09.23.2002-09:00:00,09,23,2002,09,7105.6
09.23.2002-12:00:00,09,23,2002,12,6591.1
09.23.2002-15:00:00,09,23,2002,15,7520.6
09.23.2002-18:00:00,09,23,2002,18,8409.3
09.23.2002-21:00:00,09,23,2002,21,8831
09.24.2002-00:00:00,09,24,2002,00,9014.2
09.24.2002-03:00:00,09,24,2002,03,9116.2
09.24.2002-06:00:00,09,24,2002,06,8712.1
09.24.2002-09:00:00,09,24,2002,09,7412.4
09.24.2002-12:00:00,09,24,2002,12,6993
09.24.2002-15:00:00,09,24,2002,15,7691.1
09.24.2002-18:00:00,09,24,2002,18,8510.5
09.24.2002-21:00:00,09,24,2002,21,8871
09.25.2002-00:00:00,09,25,2002,00,9013.8
09.25.2002-03:00:00,09,25,2002,03,9108.1
09.25.2002-06:00:00,09,25,2002,06,8592.5
09.25.2002-09:00:00,09,25,2002,09,6960.1
09.25.2002-12:00:00,09,25,2002,12,6482.5
09.25.2002-15:00:00,09,25,2002,15,7364.4
09.25.2002-18:00:00,09,25,2002,18,8239.6
09.25.2002-21:00:00,09,25,2002,21,8655.5
09.26.2002-00:00:00,09,26,2002,00,8843.8
09.26.2002-03:00:00,09,26,2002,03,8944.5
09.26.2002-06:00:00,09,26,2002,06,8743.3
09.26.2002-09:00:00,09,26,2002,09,7742.9
09.26.2002-12:00:00,09,26,2002,12,7361.7
09.26.2002-15:00:00,09,26,2002,15,7937
09.26.2002-18:00:00,09,26,2002,18,8574.4
09.26.2002-21:00:00,09,26,2002,21,8830.4
09.27.2002-00:00:00,09,27,2002,00,8935.8
09.27.2002-03:00:00,09,27,2002,03,8981.6
09.27.2002-06:00:00,09,27,2002,06,8511.5
09.27.2002-09:00:00,09,27,2002,09,7097.4
09.27.2002-12:00:00,09,27,2002,12,6639.2
09.27.2002-15:00:00,09,27,2002,15,7458.3
09.27.2002-18:00:00,09,27,2002,18,8257.4
09.27.2002-21:00:00,09,27,2002,21,8616.6
09.28.2002-00:00:00,09,28,2002,00,8767.8
09.28.2002-03:00:00,09,28,2002,03,8861.1
09.28.2002-06:00:00,09,28,2002,06,8615.2
09.28.2002-09:00:00,09,28,2002,09,7110.9
09.28.2002-12:00:00,09,28,2002,12,6611.4
09.28.2002-15:00:00,09,28,2002,15,7437.2
09.28.2002-18:00:00,09,28,2002,18,8208.1
09.28.2002-21:00:00,09,28,2002,21,8545.8
09.29.2002-00:00:00,09,29,2002,00,8682.9
09.29.2002-03:00:00,09,29,2002,03,8755.5
09.29.2002-06:00:00,09,29,2002,06,8548.8
09.29.2002-09:00:00,09,29,2002,09,7704.5
09.29.2002-12:00:00,09,29,2002,12,7386.3
09.29.2002-15:00:00,09,29,2002,15,7831.2
09.29.2002-18:00:00,09,29,2002,18,8412.4
09.29.2002-21:00:00,09,29,2002,21,8638.6
09.30.2002-00:00:00,09,30,2002,00,8726.1
09.30.2002-03:00:00,09,30,2002,03,8761.9
09.30.2002-06:00:00,09,30,2002,06,8536.9
09.30.2002-09:00:00,09,30,2002,09,7711.1
09.30.2002-12:00:00,09,30,2002,12,7379.5
09.30.2002-15:00:00,09,30,2002,15,7887.7
09.30.2002-18:00:00,09,30,2002,18,8412.1
09.30.2002-21:00:00,09,30,2002,21,8631.8
