TIMESTAMP,MONTH,DAY,YEAR,HOUR,C
10.01.2001-00:00:00,10,01,2001,00,244.18
10.01.2001-03:00:00,10,01,2001,03,244.78
10.01.2001-06:00:00,10,01,2001,06,243.56
10.01.2001-09:00:00,10,01,2001,09,220.17
10.01.2001-12:00:00,10,01,2001,12,208.07
10.01.2001-15:00:00,10,01,2001,15,218.99
10.01.2001-18:00:00,10,01,2001,18,236.04
10.01.2001-21:00:00,10,01,2001,21,238.37
10.02.2001-00:00:00,10,02,2001,00,241.16
10.02.2001-03:00:00,10,02,2001,03,242.7
10.02.2001-06:00:00,10,02,2001,06,241.22
10.02.2001-09:00:00,10,02,2001,09,218.91
10.02.2001-12:00:00,10,02,2001,12,207.08
10.02.2001-15:00:00,10,02,2001,15,217.36
10.02.2001-18:00:00,10,02,2001,18,234.29
10.02.2001-21:00:00,10,02,2001,21,236.92
10.03.2001-00:00:00,10,03,2001,00,240.03
10.03.2001-03:00:00,10,03,2001,03,241.43
10.03.2001-06:00:00,10,03,2001,06,240.76
10.03.2001-09:00:00,10,03,2001,09,218.06
10.03.2001-12:00:00,10,03,2001,12,206.47
10.03.2001-15:00:00,10,03,2001,15,217.05
10.03.2001-18:00:00,10,03,2001,18,233.41
10.03.2001-21:00:00,10,03,2001,21,235.83
10.04.2001-00:00:00,10,04,2001,00,239.37
10.04.2001-03:00:00,10,04,2001,03,240.21
10.04.2001-06:00:00,10,04,2001,06,241.63
10.04.2001-09:00:00,10,04,2001,09,218.81
10.04.2001-12:00:00,10,04,2001,12,207.09
10.04.2001-15:00:00,10,04,2001,15,217.54
10.04.2001-18:00:00,10,04,2001,18,232.48
10.04.2001-21:00:00,10,04,2001,21,235.38
10.05.2001-00:00:00,10,05,2001,00,238.66
10.05.2001-03:00:00,10,05,2001,03,240.06
10.05.2001-06:00:00,10,05,2001,06,240.89
10.05.2001-09:00:00,10,05,2001,09,219.55
10.05.2001-12:00:00,10,05,2001,12,208.14
10.05.2001-15:00:00,10,05,2001,15,219.16
10.05.2001-18:00:00,10,05,2001,18,231.93
10.05.2001-21:00:00,10,05,2001,21,235.71
10.06.2001-00:00:00,10,06,2001,00,238.9
10.06.2001-03:00:00,10,06,2001,03,239.87
10.06.2001-06:00:00,10,06,2001,06,239.83
10.06.2001-09:00:00,10,06,2001,09,219.68
10.06.2001-12:00:00,10,06,2001,12,209.3
10.06.2001-15:00:00,10,06,2001,15,220.1
10.06.2001-18:00:00,10,06,2001,18,231.57
10.06.2001-21:00:00,10,06,2001,21,237.06
10.07.2001-00:00:00,10,07,2001,00,238.69
10.07.2001-03:00:00,10,07,2001,03,238.68
10.07.2001-06:00:00,10,07,2001,06,238.58
10.07.2001-09:00:00,10,07,2001,09,221.5
10.07.2001-12:00:00,10,07,2001,12,211.61
10.07.2001-15:00:00,10,07,2001,15,221.43
10.07.2001-18:00:00,10,07,2001,18,233.19
10.07.2001-21:00:00,10,07,2001,21,237.47
10.08.2001-00:00:00,10,08,2001,00,237.68
10.08.2001-03:00:00,10,08,2001,03,237.76
10.08.2001-06:00:00,10,08,2001,06,237.69
10.08.2001-09:00:00,10,08,2001,09,251.7
10.08.2001-12:00:00,10,08,2001,12,219.51
10.08.2001-15:00:00,10,08,2001,15,223.5
10.08.2001-18:00:00,10,08,2001,18,233.89
10.08.2001-21:00:00,10,08,2001,21,236.84
10.09.2001-00:00:00,10,09,2001,00,236.93
10.09.2001-03:00:00,10,09,2001,03,237.25
10.09.2001-06:00:00,10,09,2001,06,239.34
10.09.2001-09:00:00,10,09,2001,09,244.27
10.09.2001-12:00:00,10,09,2001,12,213.01
10.09.2001-15:00:00,10,09,2001,15,218.01
10.09.2001-18:00:00,10,09,2001,18,229.75
10.09.2001-21:00:00,10,09,2001,21,234.5
10.10.2001-00:00:00,10,10,2001,00,235.67
10.10.2001-03:00:00,10,10,2001,03,235.64
10.10.2001-06:00:00,10,10,2001,06,236.44
10.10.2001-09:00:00,10,10,2001,09,296.59
10.10.2001-12:00:00,10,10,2001,12,322.75
10.10.2001-15:00:00,10,10,2001,15,251.74
10.10.2001-18:00:00,10,10,2001,18,239.41
10.10.2001-21:00:00,10,10,2001,21,239.05
10.11.2001-00:00:00,10,11,2001,00,239.17
10.11.2001-03:00:00,10,11,2001,03,239.16
10.11.2001-06:00:00,10,11,2001,06,239.05
10.11.2001-09:00:00,10,11,2001,09,247.81
10.11.2001-12:00:00,10,11,2001,12,306.35
10.11.2001-15:00:00,10,11,2001,15,270.9
10.11.2001-18:00:00,10,11,2001,18,241.58
10.11.2001-21:00:00,10,11,2001,21,240.07
10.12.2001-00:00:00,10,12,2001,00,240.19
10.12.2001-03:00:00,10,12,2001,03,240.2
10.12.2001-06:00:00,10,12,2001,06,240.1
10.12.2001-09:00:00,10,12,2001,09,253.49
10.12.2001-12:00:00,10,12,2001,12,311
10.12.2001-15:00:00,10,12,2001,15,283.66
10.12.2001-18:00:00,10,12,2001,18,251.81
10.12.2001-21:00:00,10,12,2001,21,245.32
10.13.2001-00:00:00,10,13,2001,00,245.8
10.13.2001-03:00:00,10,13,2001,03,246.85
10.13.2001-06:00:00,10,13,2001,06,251.66
10.13.2001-09:00:00,10,13,2001,09,347.53
10.13.2001-12:00:00,10,13,2001,12,379.73
10.13.2001-15:00:00,10,13,2001,15,321.38
10.13.2001-18:00:00,10,13,2001,18,277.75
10.13.2001-21:00:00,10,13,2001,21,249.52
10.14.2001-00:00:00,10,14,2001,00,246.55
10.14.2001-03:00:00,10,14,2001,03,246.47
10.14.2001-06:00:00,10,14,2001,06,246.44
10.14.2001-09:00:00,10,14,2001,09,265.64
10.14.2001-12:00:00,10,14,2001,12,247.36
10.14.2001-15:00:00,10,14,2001,15,233.98
10.14.2001-18:00:00,10,14,2001,18,237.78
10.14.2001-21:00:00,10,14,2001,21,241.28
10.15.2001-00:00:00,10,15,2001,00,243.02
10.15.2001-03:00:00,10,15,2001,03,245.31
10.15.2001-06:00:00,10,15,2001,06,245.37
10.15.2001-09:00:00,10,15,2001,09,253.37
10.15.2001-12:00:00,10,15,2001,12,234.05
10.15.2001-15:00:00,10,15,2001,15,227.88
10.15.2001-18:00:00,10,15,2001,18,237.18
10.15.2001-21:00:00,10,15,2001,21,240.74
10.16.2001-00:00:00,10,16,2001,00,241.13
10.16.2001-03:00:00,10,16,2001,03,244.68
10.16.2001-06:00:00,10,16,2001,06,244.81
10.16.2001-09:00:00,10,16,2001,09,229.93
10.16.2001-12:00:00,10,16,2001,12,221.36
10.16.2001-15:00:00,10,16,2001,15,224.94
10.16.2001-18:00:00,10,16,2001,18,234.88
10.16.2001-21:00:00,10,16,2001,21,239.91
10.17.2001-00:00:00,10,17,2001,00,242.21
10.17.2001-03:00:00,10,17,2001,03,244.1
10.17.2001-06:00:00,10,17,2001,06,244.74
10.17.2001-09:00:00,10,17,2001,09,235.33
10.17.2001-12:00:00,10,17,2001,12,230.35
10.17.2001-15:00:00,10,17,2001,15,234.52
10.17.2001-18:00:00,10,17,2001,18,242.95
10.17.2001-21:00:00,10,17,2001,21,243.86
10.18.2001-00:00:00,10,18,2001,00,243.84
10.18.2001-03:00:00,10,18,2001,03,243.76
10.18.2001-06:00:00,10,18,2001,06,243.69
10.18.2001-09:00:00,10,18,2001,09,224.77
10.18.2001-12:00:00,10,18,2001,12,222.02
10.18.2001-15:00:00,10,18,2001,15,223.86
10.18.2001-18:00:00,10,18,2001,18,234.8
10.18.2001-21:00:00,10,18,2001,21,239.26
10.19.2001-00:00:00,10,19,2001,00,243.08
10.19.2001-03:00:00,10,19,2001,03,243.18
10.19.2001-06:00:00,10,19,2001,06,243.06
10.19.2001-09:00:00,10,19,2001,09,247.97
10.19.2001-12:00:00,10,19,2001,12,220.65
10.19.2001-15:00:00,10,19,2001,15,223.11
10.19.2001-18:00:00,10,19,2001,18,233.02
10.19.2001-21:00:00,10,19,2001,21,237.08
10.20.2001-00:00:00,10,20,2001,00,239.57
10.20.2001-03:00:00,10,20,2001,03,242.03
10.20.2001-06:00:00,10,20,2001,06,242.2
10.20.2001-09:00:00,10,20,2001,09,243.51
10.20.2001-12:00:00,10,20,2001,12,216.88
10.20.2001-15:00:00,10,20,2001,15,222.56
10.20.2001-18:00:00,10,20,2001,18,233.96
10.20.2001-21:00:00,10,20,2001,21,237.04
10.21.2001-00:00:00,10,21,2001,00,239.99
10.21.2001-03:00:00,10,21,2001,03,241.19
10.21.2001-06:00:00,10,21,2001,06,241.12
10.21.2001-09:00:00,10,21,2001,09,293.4
10.21.2001-12:00:00,10,21,2001,12,240.3
10.21.2001-15:00:00,10,21,2001,15,237.35
10.21.2001-18:00:00,10,21,2001,18,240.96
10.21.2001-21:00:00,10,21,2001,21,241.23
10.22.2001-00:00:00,10,22,2001,00,242.1
10.22.2001-03:00:00,10,22,2001,03,241.27
10.22.2001-06:00:00,10,22,2001,06,241.11
10.22.2001-09:00:00,10,22,2001,09,241.05
10.22.2001-12:00:00,10,22,2001,12,241.17
10.22.2001-15:00:00,10,22,2001,15,240.89
10.22.2001-18:00:00,10,22,2001,18,240.8
10.22.2001-21:00:00,10,22,2001,21,240.71
10.23.2001-00:00:00,10,23,2001,00,240.61
10.23.2001-03:00:00,10,23,2001,03,240.51
10.23.2001-06:00:00,10,23,2001,06,240.57
10.23.2001-09:00:00,10,23,2001,09,238.4
10.23.2001-12:00:00,10,23,2001,12,289.3
10.23.2001-15:00:00,10,23,2001,15,248.61
10.23.2001-18:00:00,10,23,2001,18,241.3
10.23.2001-21:00:00,10,23,2001,21,240.98
10.24.2001-00:00:00,10,24,2001,00,240.98
10.24.2001-03:00:00,10,24,2001,03,240.96
10.24.2001-06:00:00,10,24,2001,06,240.88
10.24.2001-09:00:00,10,24,2001,09,238.37
10.24.2001-12:00:00,10,24,2001,12,234.92
10.24.2001-15:00:00,10,24,2001,15,239.95
10.24.2001-18:00:00,10,24,2001,18,240.34
10.24.2001-21:00:00,10,24,2001,21,240.27
10.25.2001-00:00:00,10,25,2001,00,240.19
10.25.2001-03:00:00,10,25,2001,03,240.1
10.25.2001-06:00:00,10,25,2001,06,240.01
10.25.2001-09:00:00,10,25,2001,09,239.39
10.25.2001-12:00:00,10,25,2001,12,238.92
10.25.2001-15:00:00,10,25,2001,15,239.68
10.25.2001-18:00:00,10,25,2001,18,239.67
10.25.2001-21:00:00,10,25,2001,21,239.58
10.26.2001-00:00:00,10,26,2001,00,239.48
10.26.2001-03:00:00,10,26,2001,03,239.39
10.26.2001-06:00:00,10,26,2001,06,239.29
10.26.2001-09:00:00,10,26,2001,09,238.5
10.26.2001-12:00:00,10,26,2001,12,238.1
10.26.2001-15:00:00,10,26,2001,15,238.72
10.26.2001-18:00:00,10,26,2001,18,238.89
10.26.2001-21:00:00,10,26,2001,21,238.81
10.27.2001-00:00:00,10,27,2001,00,238.7
10.27.2001-03:00:00,10,27,2001,03,238.6
10.27.2001-06:00:00,10,27,2001,06,238.49
10.27.2001-09:00:00,10,27,2001,09,235.34
10.27.2001-12:00:00,10,27,2001,12,230.83
10.27.2001-15:00:00,10,27,2001,15,235.16
10.27.2001-18:00:00,10,27,2001,18,237.7
10.27.2001-21:00:00,10,27,2001,21,237.8
10.28.2001-00:00:00,10,28,2001,00,237.69
10.28.2001-03:00:00,10,28,2001,03,237.57
10.28.2001-06:00:00,10,28,2001,06,237.46
10.28.2001-09:00:00,10,28,2001,09,236.21
10.28.2001-12:00:00,10,28,2001,12,231.71
10.28.2001-15:00:00,10,28,2001,15,236.54
10.28.2001-18:00:00,10,28,2001,18,236.91
10.28.2001-21:00:00,10,28,2001,21,236.8
10.29.2001-00:00:00,10,29,2001,00,236.68
10.29.2001-03:00:00,10,29,2001,03,236.56
10.29.2001-06:00:00,10,29,2001,06,236.44
10.29.2001-09:00:00,10,29,2001,09,236.3
10.29.2001-12:00:00,10,29,2001,12,233.5
10.29.2001-15:00:00,10,29,2001,15,235.77
10.29.2001-18:00:00,10,29,2001,18,235.89
10.29.2001-21:00:00,10,29,2001,21,235.77
10.30.2001-00:00:00,10,30,2001,00,235.65
10.30.2001-03:00:00,10,30,2001,03,235.53
10.30.2001-06:00:00,10,30,2001,06,235.41
10.30.2001-09:00:00,10,30,2001,09,235.28
10.30.2001-12:00:00,10,30,2001,12,235.16
10.30.2001-15:00:00,10,30,2001,15,235.03
10.30.2001-18:00:00,10,30,2001,18,234.91
10.30.2001-21:00:00,10,30,2001,21,234.78
10.31.2001-00:00:00,10,31,2001,00,234.65
10.31.2001-03:00:00,10,31,2001,03,234.52
10.31.2001-06:00:00,10,31,2001,06,234.39
10.31.2001-09:00:00,10,31,2001,09,234.25
10.31.2001-12:00:00,10,31,2001,12,233.33
10.31.2001-15:00:00,10,31,2001,15,234.4
10.31.2001-18:00:00,10,31,2001,18,234.57
10.31.2001-21:00:00,10,31,2001,21,234.59
11.01.2001-00:00:00,11,01,2001,00,234.58
11.01.2001-03:00:00,11,01,2001,03,234.56
11.01.2001-06:00:00,11,01,2001,06,234.51
11.01.2001-09:00:00,11,01,2001,09,233.41
11.01.2001-12:00:00,11,01,2001,12,231.91
11.01.2001-15:00:00,11,01,2001,15,233.87
11.01.2001-18:00:00,11,01,2001,18,233.96
11.01.2001-21:00:00,11,01,2001,21,233.83
11.02.2001-00:00:00,11,02,2001,00,233.72
11.02.2001-03:00:00,11,02,2001,03,233.57
11.02.2001-06:00:00,11,02,2001,06,233.46
11.02.2001-09:00:00,11,02,2001,09,231.95
11.02.2001-12:00:00,11,02,2001,12,230.99
11.02.2001-15:00:00,11,02,2001,15,232.17
11.02.2001-18:00:00,11,02,2001,18,232.8
11.02.2001-21:00:00,11,02,2001,21,232.71
11.03.2001-00:00:00,11,03,2001,00,232.59
11.03.2001-03:00:00,11,03,2001,03,232.44
11.03.2001-06:00:00,11,03,2001,06,232.32
11.03.2001-09:00:00,11,03,2001,09,230.96
11.03.2001-12:00:00,11,03,2001,12,229.74
11.03.2001-15:00:00,11,03,2001,15,231.62
11.03.2001-18:00:00,11,03,2001,18,231.69
11.03.2001-21:00:00,11,03,2001,21,231.54
11.04.2001-00:00:00,11,04,2001,00,231.09
11.04.2001-03:00:00,11,04,2001,03,231.22
11.04.2001-06:00:00,11,04,2001,06,230.8
11.04.2001-09:00:00,11,04,2001,09,229.29
11.04.2001-12:00:00,11,04,2001,12,227.82
11.04.2001-15:00:00,11,04,2001,15,229.57
11.04.2001-18:00:00,11,04,2001,18,230.11
11.04.2001-21:00:00,11,04,2001,21,229.99
11.05.2001-00:00:00,11,05,2001,00,230.18
11.05.2001-03:00:00,11,05,2001,03,230.34
11.05.2001-06:00:00,11,05,2001,06,230.52
11.05.2001-09:00:00,11,05,2001,09,229.13
11.05.2001-12:00:00,11,05,2001,12,228.21
11.05.2001-15:00:00,11,05,2001,15,229.5
11.05.2001-18:00:00,11,05,2001,18,229.83
11.05.2001-21:00:00,11,05,2001,21,229.69
11.06.2001-00:00:00,11,06,2001,00,229.52
11.06.2001-03:00:00,11,06,2001,03,229.37
11.06.2001-06:00:00,11,06,2001,06,229.2
11.06.2001-09:00:00,11,06,2001,09,229.02
11.06.2001-12:00:00,11,06,2001,12,227.69
11.06.2001-15:00:00,11,06,2001,15,228.57
11.06.2001-18:00:00,11,06,2001,18,228.5
11.06.2001-21:00:00,11,06,2001,21,228.36
11.07.2001-00:00:00,11,07,2001,00,228.18
11.07.2001-03:00:00,11,07,2001,03,228.01
11.07.2001-06:00:00,11,07,2001,06,227.86
11.07.2001-09:00:00,11,07,2001,09,227.68
11.07.2001-12:00:00,11,07,2001,12,227.5
11.07.2001-15:00:00,11,07,2001,15,227.35
11.07.2001-18:00:00,11,07,2001,18,227.17
11.07.2001-21:00:00,11,07,2001,21,226.99
11.08.2001-00:00:00,11,08,2001,00,226.84
11.08.2001-03:00:00,11,08,2001,03,226.66
11.08.2001-06:00:00,11,08,2001,06,226.48
11.08.2001-09:00:00,11,08,2001,09,226.29
11.08.2001-12:00:00,11,08,2001,12,224.9
11.08.2001-15:00:00,11,08,2001,15,225.82
11.08.2001-18:00:00,11,08,2001,18,225.75
11.08.2001-21:00:00,11,08,2001,21,225.56
11.09.2001-00:00:00,11,09,2001,00,225.41
11.09.2001-03:00:00,11,09,2001,03,225.23
11.09.2001-06:00:00,11,09,2001,06,225.04
11.09.2001-09:00:00,11,09,2001,09,224.85
11.09.2001-12:00:00,11,09,2001,12,223.42
11.09.2001-15:00:00,11,09,2001,15,224.37
11.09.2001-18:00:00,11,09,2001,18,224.3
11.09.2001-21:00:00,11,09,2001,21,224.11
11.10.2001-00:00:00,11,10,2001,00,223.92
11.10.2001-03:00:00,11,10,2001,03,223.74
11.10.2001-06:00:00,11,10,2001,06,223.55
11.10.2001-09:00:00,11,10,2001,09,223.38
11.10.2001-12:00:00,11,10,2001,12,222.13
11.10.2001-15:00:00,11,10,2001,15,222.89
11.10.2001-18:00:00,11,10,2001,18,222.81
11.10.2001-21:00:00,11,10,2001,21,222.62
11.11.2001-00:00:00,11,11,2001,00,222.44
11.11.2001-03:00:00,11,11,2001,03,222.25
11.11.2001-06:00:00,11,11,2001,06,222.07
11.11.2001-09:00:00,11,11,2001,09,221.92
11.11.2001-12:00:00,11,11,2001,12,220.37
11.11.2001-15:00:00,11,11,2001,15,221.4
11.11.2001-18:00:00,11,11,2001,18,221.34
11.11.2001-21:00:00,11,11,2001,21,221.16
11.12.2001-00:00:00,11,12,2001,00,220.98
11.12.2001-03:00:00,11,12,2001,03,220.8
11.12.2001-06:00:00,11,12,2001,06,220.62
11.12.2001-09:00:00,11,12,2001,09,220.44
11.12.2001-12:00:00,11,12,2001,12,220.15
11.12.2001-15:00:00,11,12,2001,15,220.06
11.12.2001-18:00:00,11,12,2001,18,219.89
11.12.2001-21:00:00,11,12,2001,21,219.71
11.13.2001-00:00:00,11,13,2001,00,219.52
11.13.2001-03:00:00,11,13,2001,03,219.35
11.13.2001-06:00:00,11,13,2001,06,219.17
11.13.2001-09:00:00,11,13,2001,09,218.86
11.13.2001-12:00:00,11,13,2001,12,218.44
11.13.2001-15:00:00,11,13,2001,15,218.58
11.13.2001-18:00:00,11,13,2001,18,218.44
11.13.2001-21:00:00,11,13,2001,21,218.26
11.14.2001-00:00:00,11,14,2001,00,218.19
11.14.2001-03:00:00,11,14,2001,03,218.3
11.14.2001-06:00:00,11,14,2001,06,218.61
11.14.2001-09:00:00,11,14,2001,09,230.44
11.14.2001-12:00:00,11,14,2001,12,316.1
11.14.2001-15:00:00,11,14,2001,15,342.1
11.14.2001-18:00:00,11,14,2001,18,332.58
11.14.2001-21:00:00,11,14,2001,21,330.43
11.15.2001-00:00:00,11,15,2001,00,240.7
11.15.2001-03:00:00,11,15,2001,03,232.61
11.15.2001-06:00:00,11,15,2001,06,232.85
11.15.2001-09:00:00,11,15,2001,09,232.87
11.15.2001-12:00:00,11,15,2001,12,233.37
11.15.2001-15:00:00,11,15,2001,15,239.05
11.15.2001-18:00:00,11,15,2001,18,235.55
11.15.2001-21:00:00,11,15,2001,21,235.53
11.16.2001-00:00:00,11,16,2001,00,236.04
11.16.2001-03:00:00,11,16,2001,03,236.57
11.16.2001-06:00:00,11,16,2001,06,237.09
11.16.2001-09:00:00,11,16,2001,09,236.74
11.16.2001-12:00:00,11,16,2001,12,236.02
11.16.2001-15:00:00,11,16,2001,15,238.3
11.16.2001-18:00:00,11,16,2001,18,239
11.16.2001-21:00:00,11,16,2001,21,239.48
11.17.2001-00:00:00,11,17,2001,00,239.95
11.17.2001-03:00:00,11,17,2001,03,240.41
11.17.2001-06:00:00,11,17,2001,06,240.87
11.17.2001-09:00:00,11,17,2001,09,240.75
11.17.2001-12:00:00,11,17,2001,12,240.38
11.17.2001-15:00:00,11,17,2001,15,241.91
11.17.2001-18:00:00,11,17,2001,18,242.47
11.17.2001-21:00:00,11,17,2001,21,242.93
11.18.2001-00:00:00,11,18,2001,00,243.32
11.18.2001-03:00:00,11,18,2001,03,243.7
11.18.2001-06:00:00,11,18,2001,06,244.06
11.18.2001-09:00:00,11,18,2001,09,244.4
11.18.2001-12:00:00,11,18,2001,12,244.73
11.18.2001-15:00:00,11,18,2001,15,245.04
11.18.2001-18:00:00,11,18,2001,18,245.33
11.18.2001-21:00:00,11,18,2001,21,245.61
11.19.2001-00:00:00,11,19,2001,00,245.88
11.19.2001-03:00:00,11,19,2001,03,246.13
11.19.2001-06:00:00,11,19,2001,06,248.47
11.19.2001-09:00:00,11,19,2001,09,249.78
11.19.2001-12:00:00,11,19,2001,12,249.66
11.19.2001-15:00:00,11,19,2001,15,249.51
11.19.2001-18:00:00,11,19,2001,18,249.36
11.19.2001-21:00:00,11,19,2001,21,249.21
11.20.2001-00:00:00,11,20,2001,00,249.05
11.20.2001-03:00:00,11,20,2001,03,248.89
11.20.2001-06:00:00,11,20,2001,06,248.72
11.20.2001-09:00:00,11,20,2001,09,248.55
11.20.2001-12:00:00,11,20,2001,12,248.39
11.20.2001-15:00:00,11,20,2001,15,248.29
11.20.2001-18:00:00,11,20,2001,18,248.23
11.20.2001-21:00:00,11,20,2001,21,248.21
11.21.2001-00:00:00,11,21,2001,00,248.21
11.21.2001-03:00:00,11,21,2001,03,248.21
11.21.2001-06:00:00,11,21,2001,06,248.18
11.21.2001-09:00:00,11,21,2001,09,248.11
11.21.2001-12:00:00,11,21,2001,12,247.47
11.21.2001-15:00:00,11,21,2001,15,247.82
11.21.2001-18:00:00,11,21,2001,18,247.84
11.21.2001-21:00:00,11,21,2001,21,247.79
11.22.2001-00:00:00,11,22,2001,00,247.74
11.22.2001-03:00:00,11,22,2001,03,247.68
11.22.2001-06:00:00,11,22,2001,06,247.63
11.22.2001-09:00:00,11,22,2001,09,247.56
11.22.2001-12:00:00,11,22,2001,12,247.5
11.22.2001-15:00:00,11,22,2001,15,247.46
11.22.2001-18:00:00,11,22,2001,18,247.42
11.22.2001-21:00:00,11,22,2001,21,247.39
11.23.2001-00:00:00,11,23,2001,00,247.36
11.23.2001-03:00:00,11,23,2001,03,247.31
11.23.2001-06:00:00,11,23,2001,06,247.24
11.23.2001-09:00:00,11,23,2001,09,247.14
11.23.2001-12:00:00,11,23,2001,12,247
11.23.2001-15:00:00,11,23,2001,15,246.85
11.23.2001-18:00:00,11,23,2001,18,246.7
11.23.2001-21:00:00,11,23,2001,21,246.53
11.24.2001-00:00:00,11,24,2001,00,246.36
11.24.2001-03:00:00,11,24,2001,03,246.17
11.24.2001-06:00:00,11,24,2001,06,245.97
11.24.2001-09:00:00,11,24,2001,09,245.76
11.24.2001-12:00:00,11,24,2001,12,245.55
11.24.2001-15:00:00,11,24,2001,15,245.32
11.24.2001-18:00:00,11,24,2001,18,245.08
11.24.2001-21:00:00,11,24,2001,21,244.84
11.25.2001-00:00:00,11,25,2001,00,244.59
11.25.2001-03:00:00,11,25,2001,03,244.33
11.25.2001-06:00:00,11,25,2001,06,244.06
11.25.2001-09:00:00,11,25,2001,09,243.78
11.25.2001-12:00:00,11,25,2001,12,243.5
11.25.2001-15:00:00,11,25,2001,15,243.21
11.25.2001-18:00:00,11,25,2001,18,242.91
11.25.2001-21:00:00,11,25,2001,21,242.61
11.26.2001-00:00:00,11,26,2001,00,242.3
11.26.2001-03:00:00,11,26,2001,03,241.99
11.26.2001-06:00:00,11,26,2001,06,241.67
11.26.2001-09:00:00,11,26,2001,09,241.35
11.26.2001-12:00:00,11,26,2001,12,241.02
11.26.2001-15:00:00,11,26,2001,15,240.69
11.26.2001-18:00:00,11,26,2001,18,240.35
11.26.2001-21:00:00,11,26,2001,21,240.01
11.27.2001-00:00:00,11,27,2001,00,239.66
11.27.2001-03:00:00,11,27,2001,03,239.31
11.27.2001-06:00:00,11,27,2001,06,238.96
11.27.2001-09:00:00,11,27,2001,09,238.6
11.27.2001-12:00:00,11,27,2001,12,238.24
11.27.2001-15:00:00,11,27,2001,15,237.88
11.27.2001-18:00:00,11,27,2001,18,237.51
11.27.2001-21:00:00,11,27,2001,21,237.14
11.28.2001-00:00:00,11,28,2001,00,236.77
11.28.2001-03:00:00,11,28,2001,03,236.39
11.28.2001-06:00:00,11,28,2001,06,236.02
11.28.2001-09:00:00,11,28,2001,09,235.64
11.28.2001-12:00:00,11,28,2001,12,235.26
11.28.2001-15:00:00,11,28,2001,15,234.87
11.28.2001-18:00:00,11,28,2001,18,234.49
11.28.2001-21:00:00,11,28,2001,21,234.1
11.29.2001-00:00:00,11,29,2001,00,233.71
11.29.2001-03:00:00,11,29,2001,03,233.32
11.29.2001-06:00:00,11,29,2001,06,232.93
11.29.2001-09:00:00,11,29,2001,09,232.53
11.29.2001-12:00:00,11,29,2001,12,232.14
11.29.2001-15:00:00,11,29,2001,15,231.74
11.29.2001-18:00:00,11,29,2001,18,231.34
11.29.2001-21:00:00,11,29,2001,21,230.95
11.30.2001-00:00:00,11,30,2001,00,230.55
11.30.2001-03:00:00,11,30,2001,03,230.15
11.30.2001-06:00:00,11,30,2001,06,229.75
11.30.2001-09:00:00,11,30,2001,09,229.35
11.30.2001-12:00:00,11,30,2001,12,228.94
11.30.2001-15:00:00,11,30,2001,15,228.54
11.30.2001-18:00:00,11,30,2001,18,228.14
11.30.2001-21:00:00,11,30,2001,21,227.73
12.01.2001-00:00:00,12,01,2001,00,227.33
12.01.2001-03:00:00,12,01,2001,03,226.34
12.01.2001-06:00:00,12,01,2001,06,226.47
12.01.2001-09:00:00,12,01,2001,09,225.53
12.01.2001-12:00:00,12,01,2001,12,225.66
12.01.2001-15:00:00,12,01,2001,15,224.73
12.01.2001-18:00:00,12,01,2001,18,224.85
12.01.2001-21:00:00,12,01,2001,21,223.92
12.02.2001-00:00:00,12,02,2001,00,224.05
12.02.2001-03:00:00,12,02,2001,03,223.12
12.02.2001-06:00:00,12,02,2001,06,223.25
12.02.2001-09:00:00,12,02,2001,09,222.35
12.02.2001-12:00:00,12,02,2001,12,222.5
12.02.2001-15:00:00,12,02,2001,15,221.6
12.02.2001-18:00:00,12,02,2001,18,221.75
12.02.2001-21:00:00,12,02,2001,21,220.85
12.03.2001-00:00:00,12,03,2001,00,221
12.03.2001-03:00:00,12,03,2001,03,220.11
12.03.2001-06:00:00,12,03,2001,06,220.26
12.03.2001-09:00:00,12,03,2001,09,219.36
12.03.2001-12:00:00,12,03,2001,12,219.51
12.03.2001-15:00:00,12,03,2001,15,218.61
12.03.2001-18:00:00,12,03,2001,18,218.76
12.03.2001-21:00:00,12,03,2001,21,217.87
12.04.2001-00:00:00,12,04,2001,00,218.01
12.04.2001-03:00:00,12,04,2001,03,217.12
12.04.2001-06:00:00,12,04,2001,06,217.26
12.04.2001-09:00:00,12,04,2001,09,216.38
12.04.2001-12:00:00,12,04,2001,12,216.51
12.04.2001-15:00:00,12,04,2001,15,215.63
12.04.2001-18:00:00,12,04,2001,18,215.76
12.04.2001-21:00:00,12,04,2001,21,214.89
12.05.2001-00:00:00,12,05,2001,00,215.02
12.05.2001-03:00:00,12,05,2001,03,214.14
12.05.2001-06:00:00,12,05,2001,06,213.72
12.05.2001-09:00:00,12,05,2001,09,213.9
12.05.2001-12:00:00,12,05,2001,12,213.03
12.05.2001-15:00:00,12,05,2001,15,212.61
12.05.2001-18:00:00,12,05,2001,18,212.79
12.05.2001-21:00:00,12,05,2001,21,211.92
12.06.2001-00:00:00,12,06,2001,00,211.5
12.06.2001-03:00:00,12,06,2001,03,211.68
12.06.2001-06:00:00,12,06,2001,06,210.81
12.06.2001-09:00:00,12,06,2001,09,210.4
12.06.2001-12:00:00,12,06,2001,12,210.57
12.06.2001-15:00:00,12,06,2001,15,209.71
12.06.2001-18:00:00,12,06,2001,18,209.29
12.06.2001-21:00:00,12,06,2001,21,209.47
12.07.2001-00:00:00,12,07,2001,00,208.61
12.07.2001-03:00:00,12,07,2001,03,208.2
12.07.2001-06:00:00,12,07,2001,06,207.83
12.07.2001-09:00:00,12,07,2001,09,208.01
12.07.2001-12:00:00,12,07,2001,12,207.15
12.07.2001-15:00:00,12,07,2001,15,206.74
12.07.2001-18:00:00,12,07,2001,18,206.38
12.07.2001-21:00:00,12,07,2001,21,206.55
12.08.2001-00:00:00,12,08,2001,00,205.7
12.08.2001-03:00:00,12,08,2001,03,205.29
12.08.2001-06:00:00,12,08,2001,06,204.93
12.08.2001-09:00:00,12,08,2001,09,204.58
12.08.2001-12:00:00,12,08,2001,12,204.76
12.08.2001-15:00:00,12,08,2001,15,203.93
12.08.2001-18:00:00,12,08,2001,18,203.53
12.08.2001-21:00:00,12,08,2001,21,203.18
12.09.2001-00:00:00,12,09,2001,00,202.84
12.09.2001-03:00:00,12,09,2001,03,202.49
12.09.2001-06:00:00,12,09,2001,06,202.67
12.09.2001-09:00:00,12,09,2001,09,201.85
12.09.2001-12:00:00,12,09,2001,12,201.45
12.09.2001-15:00:00,12,09,2001,15,201.11
12.09.2001-18:00:00,12,09,2001,18,200.76
12.09.2001-21:00:00,12,09,2001,21,200.42
12.10.2001-00:00:00,12,10,2001,00,200.08
12.10.2001-03:00:00,12,10,2001,03,199.74
12.10.2001-06:00:00,12,10,2001,06,199.92
12.10.2001-09:00:00,12,10,2001,09,199.1
12.10.2001-12:00:00,12,10,2001,12,198.71
12.10.2001-15:00:00,12,10,2001,15,198.37
12.10.2001-18:00:00,12,10,2001,18,198.03
12.10.2001-21:00:00,12,10,2001,21,197.7
12.11.2001-00:00:00,12,11,2001,00,197.36
12.11.2001-03:00:00,12,11,2001,03,197.02
12.11.2001-06:00:00,12,11,2001,06,196.69
12.11.2001-09:00:00,12,11,2001,09,196.35
12.11.2001-12:00:00,12,11,2001,12,196.01
12.11.2001-15:00:00,12,11,2001,15,195.68
12.11.2001-18:00:00,12,11,2001,18,195.34
12.11.2001-21:00:00,12,11,2001,21,195.01
12.12.2001-00:00:00,12,12,2001,00,194.68
12.12.2001-03:00:00,12,12,2001,03,194.34
12.12.2001-06:00:00,12,12,2001,06,194.01
12.12.2001-09:00:00,12,12,2001,09,193.68
12.12.2001-12:00:00,12,12,2001,12,193.35
12.12.2001-15:00:00,12,12,2001,15,193.02
12.12.2001-18:00:00,12,12,2001,18,192.69
12.12.2001-21:00:00,12,12,2001,21,192.36
12.13.2001-00:00:00,12,13,2001,00,192.03
12.13.2001-03:00:00,12,13,2001,03,191.71
12.13.2001-06:00:00,12,13,2001,06,191.38
12.13.2001-09:00:00,12,13,2001,09,191.05
12.13.2001-12:00:00,12,13,2001,12,190.73
12.13.2001-15:00:00,12,13,2001,15,190.4
12.13.2001-18:00:00,12,13,2001,18,190.08
12.13.2001-21:00:00,12,13,2001,21,189.75
12.14.2001-00:00:00,12,14,2001,00,189.43
12.14.2001-03:00:00,12,14,2001,03,189.11
12.14.2001-06:00:00,12,14,2001,06,188.78
12.14.2001-09:00:00,12,14,2001,09,188.46
12.14.2001-12:00:00,12,14,2001,12,188.14
12.14.2001-15:00:00,12,14,2001,15,187.82
12.14.2001-18:00:00,12,14,2001,18,187.5
12.14.2001-21:00:00,12,14,2001,21,187.18
12.15.2001-00:00:00,12,15,2001,00,186.86
12.15.2001-03:00:00,12,15,2001,03,186.55
12.15.2001-06:00:00,12,15,2001,06,186.23
12.15.2001-09:00:00,12,15,2001,09,185.91
12.15.2001-12:00:00,12,15,2001,12,185.6
12.15.2001-15:00:00,12,15,2001,15,185.28
12.15.2001-18:00:00,12,15,2001,18,184.96
12.15.2001-21:00:00,12,15,2001,21,184.65
12.16.2001-00:00:00,12,16,2001,00,184.34
12.16.2001-03:00:00,12,16,2001,03,184.02
12.16.2001-06:00:00,12,16,2001,06,183.71
12.16.2001-09:00:00,12,16,2001,09,183.4
12.16.2001-12:00:00,12,16,2001,12,183.09
12.16.2001-15:00:00,12,16,2001,15,182.78
12.16.2001-18:00:00,12,16,2001,18,182.47
12.16.2001-21:00:00,12,16,2001,21,182.16
12.17.2001-00:00:00,12,17,2001,00,181.85
12.17.2001-03:00:00,12,17,2001,03,181.55
12.17.2001-06:00:00,12,17,2001,06,181.24
12.17.2001-09:00:00,12,17,2001,09,180.94
12.17.2001-12:00:00,12,17,2001,12,180.63
12.17.2001-15:00:00,12,17,2001,15,180.33
12.17.2001-18:00:00,12,17,2001,18,180.03
12.17.2001-21:00:00,12,17,2001,21,179.73
12.18.2001-00:00:00,12,18,2001,00,179.42
12.18.2001-03:00:00,12,18,2001,03,179.13
12.18.2001-06:00:00,12,18,2001,06,178.83
12.18.2001-09:00:00,12,18,2001,09,178.53
12.18.2001-12:00:00,12,18,2001,12,178.23
12.18.2001-15:00:00,12,18,2001,15,177.94
12.18.2001-18:00:00,12,18,2001,18,177.64
12.18.2001-21:00:00,12,18,2001,21,177.35
12.19.2001-00:00:00,12,19,2001,00,177.05
12.19.2001-03:00:00,12,19,2001,03,176.76
12.19.2001-06:00:00,12,19,2001,06,176.47
12.19.2001-09:00:00,12,19,2001,09,176.18
12.19.2001-12:00:00,12,19,2001,12,175.88
12.19.2001-15:00:00,12,19,2001,15,175.59
12.19.2001-18:00:00,12,19,2001,18,175.3
12.19.2001-21:00:00,12,19,2001,21,175.02
12.20.2001-00:00:00,12,20,2001,00,174.73
12.20.2001-03:00:00,12,20,2001,03,174.44
12.20.2001-06:00:00,12,20,2001,06,174.15
12.20.2001-09:00:00,12,20,2001,09,173.87
12.20.2001-12:00:00,12,20,2001,12,173.58
12.20.2001-15:00:00,12,20,2001,15,173.3
12.20.2001-18:00:00,12,20,2001,18,173.02
12.20.2001-21:00:00,12,20,2001,21,172.73
12.21.2001-00:00:00,12,21,2001,00,172.45
12.21.2001-03:00:00,12,21,2001,03,172.17
12.21.2001-06:00:00,12,21,2001,06,171.89
12.21.2001-09:00:00,12,21,2001,09,171.61
12.21.2001-12:00:00,12,21,2001,12,171.33
12.21.2001-15:00:00,12,21,2001,15,171.05
12.21.2001-18:00:00,12,21,2001,18,170.77
12.21.2001-21:00:00,12,21,2001,21,170.49
12.22.2001-00:00:00,12,22,2001,00,170.21
12.22.2001-03:00:00,12,22,2001,03,169.94
12.22.2001-06:00:00,12,22,2001,06,169.66
12.22.2001-09:00:00,12,22,2001,09,169.39
12.22.2001-12:00:00,12,22,2001,12,169.11
12.22.2001-15:00:00,12,22,2001,15,168.84
12.22.2001-18:00:00,12,22,2001,18,168.57
12.22.2001-21:00:00,12,22,2001,21,168.29
12.23.2001-00:00:00,12,23,2001,00,168.02
12.23.2001-03:00:00,12,23,2001,03,167.75
12.23.2001-06:00:00,12,23,2001,06,167.48
12.23.2001-09:00:00,12,23,2001,09,167.21
12.23.2001-12:00:00,12,23,2001,12,166.95
12.23.2001-15:00:00,12,23,2001,15,166.68
12.23.2001-18:00:00,12,23,2001,18,166.41
12.23.2001-21:00:00,12,23,2001,21,166.15
12.24.2001-00:00:00,12,24,2001,00,165.88
12.24.2001-03:00:00,12,24,2001,03,165.62
12.24.2001-06:00:00,12,24,2001,06,165.35
12.24.2001-09:00:00,12,24,2001,09,165.09
12.24.2001-12:00:00,12,24,2001,12,164.83
12.24.2001-15:00:00,12,24,2001,15,164.57
12.24.2001-18:00:00,12,24,2001,18,164.3
12.24.2001-21:00:00,12,24,2001,21,164.04
12.25.2001-00:00:00,12,25,2001,00,163.78
12.25.2001-03:00:00,12,25,2001,03,163.53
12.25.2001-06:00:00,12,25,2001,06,163.27
12.25.2001-09:00:00,12,25,2001,09,163.01
12.25.2001-12:00:00,12,25,2001,12,162.75
12.25.2001-15:00:00,12,25,2001,15,162.5
12.25.2001-18:00:00,12,25,2001,18,162.24
12.25.2001-21:00:00,12,25,2001,21,161.99
12.26.2001-00:00:00,12,26,2001,00,161.73
12.26.2001-03:00:00,12,26,2001,03,161.48
12.26.2001-06:00:00,12,26,2001,06,161.23
12.26.2001-09:00:00,12,26,2001,09,160.97
12.26.2001-12:00:00,12,26,2001,12,160.72
12.26.2001-15:00:00,12,26,2001,15,160.47
12.26.2001-18:00:00,12,26,2001,18,160.22
12.26.2001-21:00:00,12,26,2001,21,159.97
12.27.2001-00:00:00,12,27,2001,00,159.72
12.27.2001-03:00:00,12,27,2001,03,159.47
12.27.2001-06:00:00,12,27,2001,06,159.22
12.27.2001-09:00:00,12,27,2001,09,158.98
12.27.2001-12:00:00,12,27,2001,12,158.73
12.27.2001-15:00:00,12,27,2001,15,158.48
12.27.2001-18:00:00,12,27,2001,18,158.24
12.27.2001-21:00:00,12,27,2001,21,157.99
12.28.2001-00:00:00,12,28,2001,00,157.75
12.28.2001-03:00:00,12,28,2001,03,157.51
12.28.2001-06:00:00,12,28,2001,06,157.26
12.28.2001-09:00:00,12,28,2001,09,157.02
12.28.2001-12:00:00,12,28,2001,12,156.78
12.28.2001-15:00:00,12,28,2001,15,156.54
12.28.2001-18:00:00,12,28,2001,18,156.3
12.28.2001-21:00:00,12,28,2001,21,156.06
12.29.2001-00:00:00,12,29,2001,00,155.82
12.29.2001-03:00:00,12,29,2001,03,155.58
12.29.2001-06:00:00,12,29,2001,06,155.34
12.29.2001-09:00:00,12,29,2001,09,155.1
12.29.2001-12:00:00,12,29,2001,12,154.87
12.29.2001-15:00:00,12,29,2001,15,154.63
12.29.2001-18:00:00,12,29,2001,18,154.39
12.29.2001-21:00:00,12,29,2001,21,154.16
12.30.2001-00:00:00,12,30,2001,00,153.92
12.30.2001-03:00:00,12,30,2001,03,153.69
12.30.2001-06:00:00,12,30,2001,06,153.46
12.30.2001-09:00:00,12,30,2001,09,153.22
12.30.2001-12:00:00,12,30,2001,12,152.99
12.30.2001-15:00:00,12,30,2001,15,152.76
12.30.2001-18:00:00,12,30,2001,18,152.53
12.30.2001-21:00:00,12,30,2001,21,152.29
12.31.2001-00:00:00,12,31,2001,00,152.06
12.31.2001-03:00:00,12,31,2001,03,151.83
12.31.2001-06:00:00,12,31,2001,06,151.6
12.31.2001-09:00:00,12,31,2001,09,151.38
12.31.2001-12:00:00,12,31,2001,12,151.15
12.31.2001-15:00:00,12,31,2001,15,150.92
12.31.2001-18:00:00,12,31,2001,18,150.69
12.31.2001-21:00:00,12,31,2001,21,150.47
01.01.2002-00:00:00,01,01,2002,00,150.24
01.01.2002-03:00:00,01,01,2002,03,150.02
01.01.2002-06:00:00,01,01,2002,06,149.79
01.01.2002-09:00:00,01,01,2002,09,149.57
01.01.2002-12:00:00,01,01,2002,12,149.34
01.01.2002-15:00:00,01,01,2002,15,149.12
01.01.2002-18:00:00,01,01,2002,18,148.9
01.01.2002-21:00:00,01,01,2002,21,148.67
01.02.2002-00:00:00,01,02,2002,00,148.45
01.02.2002-03:00:00,01,02,2002,03,148.23
01.02.2002-06:00:00,01,02,2002,06,148.01
01.02.2002-09:00:00,01,02,2002,09,147.79
01.02.2002-12:00:00,01,02,2002,12,147.57
01.02.2002-15:00:00,01,02,2002,15,147.35
01.02.2002-18:00:00,01,02,2002,18,147.13
01.02.2002-21:00:00,01,02,2002,21,146.91
01.03.2002-00:00:00,01,03,2002,00,146.7
01.03.2002-03:00:00,01,03,2002,03,146.48
01.03.2002-06:00:00,01,03,2002,06,146.26
01.03.2002-09:00:00,01,03,2002,09,146.05
01.03.2002-12:00:00,01,03,2002,12,145.83
01.03.2002-15:00:00,01,03,2002,15,145.62
01.03.2002-18:00:00,01,03,2002,18,145.4
01.03.2002-21:00:00,01,03,2002,21,145.19
01.04.2002-00:00:00,01,04,2002,00,144.97
01.04.2002-03:00:00,01,04,2002,03,144.76
01.04.2002-06:00:00,01,04,2002,06,144.55
01.04.2002-09:00:00,01,04,2002,09,144.33
01.04.2002-12:00:00,01,04,2002,12,144.12
01.04.2002-15:00:00,01,04,2002,15,143.91
01.04.2002-18:00:00,01,04,2002,18,143.7
01.04.2002-21:00:00,01,04,2002,21,143.49
01.05.2002-00:00:00,01,05,2002,00,143.28
01.05.2002-03:00:00,01,05,2002,03,143.07
01.05.2002-06:00:00,01,05,2002,06,142.86
01.05.2002-09:00:00,01,05,2002,09,142.65
01.05.2002-12:00:00,01,05,2002,12,142.44
01.05.2002-15:00:00,01,05,2002,15,142.23
01.05.2002-18:00:00,01,05,2002,18,142.03
01.05.2002-21:00:00,01,05,2002,21,141.82
01.06.2002-00:00:00,01,06,2002,00,141.6
01.06.2002-03:00:00,01,06,2002,03,141.4
01.06.2002-06:00:00,01,06,2002,06,141.18
01.06.2002-09:00:00,01,06,2002,09,140.98
01.06.2002-12:00:00,01,06,2002,12,140.76
01.06.2002-15:00:00,01,06,2002,15,140.56
01.06.2002-18:00:00,01,06,2002,18,140.34
01.06.2002-21:00:00,01,06,2002,21,140.14
01.07.2002-00:00:00,01,07,2002,00,139.93
01.07.2002-03:00:00,01,07,2002,03,139.73
01.07.2002-06:00:00,01,07,2002,06,139.52
01.07.2002-09:00:00,01,07,2002,09,139.31
01.07.2002-12:00:00,01,07,2002,12,139.11
01.07.2002-15:00:00,01,07,2002,15,138.9
01.07.2002-18:00:00,01,07,2002,18,138.69
01.07.2002-21:00:00,01,07,2002,21,138.49
01.08.2002-00:00:00,01,08,2002,00,138.29
01.08.2002-03:00:00,01,08,2002,03,138.08
01.08.2002-06:00:00,01,08,2002,06,137.87
01.08.2002-09:00:00,01,08,2002,09,137.68
01.08.2002-12:00:00,01,08,2002,12,137.48
01.08.2002-15:00:00,01,08,2002,15,137.27
01.08.2002-18:00:00,01,08,2002,18,137.07
01.08.2002-21:00:00,01,08,2002,21,136.87
01.09.2002-00:00:00,01,09,2002,00,136.67
01.09.2002-03:00:00,01,09,2002,03,136.47
01.09.2002-06:00:00,01,09,2002,06,136.28
01.09.2002-09:00:00,01,09,2002,09,136.08
01.09.2002-12:00:00,01,09,2002,12,135.88
01.09.2002-15:00:00,01,09,2002,15,135.68
01.09.2002-18:00:00,01,09,2002,18,135.48
01.09.2002-21:00:00,01,09,2002,21,135.29
01.10.2002-00:00:00,01,10,2002,00,135.09
01.10.2002-03:00:00,01,10,2002,03,134.89
01.10.2002-06:00:00,01,10,2002,06,134.7
01.10.2002-09:00:00,01,10,2002,09,134.5
01.10.2002-12:00:00,01,10,2002,12,134.31
01.10.2002-15:00:00,01,10,2002,15,134.12
01.10.2002-18:00:00,01,10,2002,18,133.92
01.10.2002-21:00:00,01,10,2002,21,133.73
01.11.2002-00:00:00,01,11,2002,00,133.54
01.11.2002-03:00:00,01,11,2002,03,133.35
01.11.2002-06:00:00,01,11,2002,06,133.16
01.11.2002-09:00:00,01,11,2002,09,132.97
01.11.2002-12:00:00,01,11,2002,12,132.78
01.11.2002-15:00:00,01,11,2002,15,132.59
01.11.2002-18:00:00,01,11,2002,18,132.4
01.11.2002-21:00:00,01,11,2002,21,132.21
01.12.2002-00:00:00,01,12,2002,00,132.03
01.12.2002-03:00:00,01,12,2002,03,131.84
01.12.2002-06:00:00,01,12,2002,06,131.65
01.12.2002-09:00:00,01,12,2002,09,131.47
01.12.2002-12:00:00,01,12,2002,12,131.28
01.12.2002-15:00:00,01,12,2002,15,131.1
01.12.2002-18:00:00,01,12,2002,18,130.91
01.12.2002-21:00:00,01,12,2002,21,130.73
01.13.2002-00:00:00,01,13,2002,00,130.54
01.13.2002-03:00:00,01,13,2002,03,130.36
01.13.2002-06:00:00,01,13,2002,06,130.18
01.13.2002-09:00:00,01,13,2002,09,130
01.13.2002-12:00:00,01,13,2002,12,129.81
01.13.2002-15:00:00,01,13,2002,15,129.64
01.13.2002-18:00:00,01,13,2002,18,129.47
01.13.2002-21:00:00,01,13,2002,21,129.3
01.14.2002-00:00:00,01,14,2002,00,129.13
01.14.2002-03:00:00,01,14,2002,03,128.96
01.14.2002-06:00:00,01,14,2002,06,128.79
01.14.2002-09:00:00,01,14,2002,09,128.62
01.14.2002-12:00:00,01,14,2002,12,128.45
01.14.2002-15:00:00,01,14,2002,15,128.28
01.14.2002-18:00:00,01,14,2002,18,128.11
01.14.2002-21:00:00,01,14,2002,21,127.94
01.15.2002-00:00:00,01,15,2002,00,127.77
01.15.2002-03:00:00,01,15,2002,03,127.6
01.15.2002-06:00:00,01,15,2002,06,127.43
01.15.2002-09:00:00,01,15,2002,09,127.27
01.15.2002-12:00:00,01,15,2002,12,127.1
01.15.2002-15:00:00,01,15,2002,15,126.93
01.15.2002-18:00:00,01,15,2002,18,126.77
01.15.2002-21:00:00,01,15,2002,21,126.61
01.16.2002-00:00:00,01,16,2002,00,126.45
01.16.2002-03:00:00,01,16,2002,03,126.29
01.16.2002-06:00:00,01,16,2002,06,126.13
01.16.2002-09:00:00,01,16,2002,09,125.98
01.16.2002-12:00:00,01,16,2002,12,125.82
01.16.2002-15:00:00,01,16,2002,15,125.66
01.16.2002-18:00:00,01,16,2002,18,125.5
01.16.2002-21:00:00,01,16,2002,21,125.35
01.17.2002-00:00:00,01,17,2002,00,125.19
01.17.2002-03:00:00,01,17,2002,03,125.04
01.17.2002-06:00:00,01,17,2002,06,124.88
01.17.2002-09:00:00,01,17,2002,09,124.72
01.17.2002-12:00:00,01,17,2002,12,124.57
01.17.2002-15:00:00,01,17,2002,15,124.41
01.17.2002-18:00:00,01,17,2002,18,124.26
01.17.2002-21:00:00,01,17,2002,21,124.11
01.18.2002-00:00:00,01,18,2002,00,123.95
01.18.2002-03:00:00,01,18,2002,03,123.8
01.18.2002-06:00:00,01,18,2002,06,123.64
01.18.2002-09:00:00,01,18,2002,09,123.49
01.18.2002-12:00:00,01,18,2002,12,123.27
01.18.2002-15:00:00,01,18,2002,15,123.12
01.18.2002-18:00:00,01,18,2002,18,122.96
01.18.2002-21:00:00,01,18,2002,21,122.81
01.19.2002-00:00:00,01,19,2002,00,122.66
01.19.2002-03:00:00,01,19,2002,03,122.51
01.19.2002-06:00:00,01,19,2002,06,122.36
01.19.2002-09:00:00,01,19,2002,09,122.21
01.19.2002-12:00:00,01,19,2002,12,122.06
01.19.2002-15:00:00,01,19,2002,15,121.91
01.19.2002-18:00:00,01,19,2002,18,121.76
01.19.2002-21:00:00,01,19,2002,21,121.61
01.20.2002-00:00:00,01,20,2002,00,121.46
01.20.2002-03:00:00,01,20,2002,03,121.31
01.20.2002-06:00:00,01,20,2002,06,121.16
01.20.2002-09:00:00,01,20,2002,09,121.01
01.20.2002-12:00:00,01,20,2002,12,120.86
01.20.2002-15:00:00,01,20,2002,15,120.71
01.20.2002-18:00:00,01,20,2002,18,120.56
01.20.2002-21:00:00,01,20,2002,21,120.41
01.21.2002-00:00:00,01,21,2002,00,120.27
01.21.2002-03:00:00,01,21,2002,03,120.12
01.21.2002-06:00:00,01,21,2002,06,119.97
01.21.2002-09:00:00,01,21,2002,09,119.82
01.21.2002-12:00:00,01,21,2002,12,119.67
01.21.2002-15:00:00,01,21,2002,15,119.53
01.21.2002-18:00:00,01,21,2002,18,119.38
01.21.2002-21:00:00,01,21,2002,21,119.23
01.22.2002-00:00:00,01,22,2002,00,119.09
01.22.2002-03:00:00,01,22,2002,03,118.94
01.22.2002-06:00:00,01,22,2002,06,118.79
01.22.2002-09:00:00,01,22,2002,09,118.65
01.22.2002-12:00:00,01,22,2002,12,118.5
01.22.2002-15:00:00,01,22,2002,15,118.35
01.22.2002-18:00:00,01,22,2002,18,118.21
01.22.2002-21:00:00,01,22,2002,21,118.06
01.23.2002-00:00:00,01,23,2002,00,117.92
01.23.2002-03:00:00,01,23,2002,03,117.77
01.23.2002-06:00:00,01,23,2002,06,117.63
01.23.2002-09:00:00,01,23,2002,09,117.48
01.23.2002-12:00:00,01,23,2002,12,117.34
01.23.2002-15:00:00,01,23,2002,15,117.19
01.23.2002-18:00:00,01,23,2002,18,117.05
01.23.2002-21:00:00,01,23,2002,21,116.91
01.24.2002-00:00:00,01,24,2002,00,116.76
01.24.2002-03:00:00,01,24,2002,03,116.62
01.24.2002-06:00:00,01,24,2002,06,116.47
01.24.2002-09:00:00,01,24,2002,09,116.16
01.24.2002-12:00:00,01,24,2002,12,116.01
01.24.2002-15:00:00,01,24,2002,15,115.87
01.24.2002-18:00:00,01,24,2002,18,115.73
01.24.2002-21:00:00,01,24,2002,21,115.59
01.25.2002-00:00:00,01,25,2002,00,115.45
01.25.2002-03:00:00,01,25,2002,03,115.31
01.25.2002-06:00:00,01,25,2002,06,115.17
01.25.2002-09:00:00,01,25,2002,09,115.03
01.25.2002-12:00:00,01,25,2002,12,114.9
01.25.2002-15:00:00,01,25,2002,15,114.76
01.25.2002-18:00:00,01,25,2002,18,114.62
01.25.2002-21:00:00,01,25,2002,21,114.48
01.26.2002-00:00:00,01,26,2002,00,114.34
01.26.2002-03:00:00,01,26,2002,03,114.2
01.26.2002-06:00:00,01,26,2002,06,114.07
01.26.2002-09:00:00,01,26,2002,09,113.93
01.26.2002-12:00:00,01,26,2002,12,113.79
01.26.2002-15:00:00,01,26,2002,15,113.65
01.26.2002-18:00:00,01,26,2002,18,113.52
01.26.2002-21:00:00,01,26,2002,21,113.38
01.27.2002-00:00:00,01,27,2002,00,113.24
01.27.2002-03:00:00,01,27,2002,03,113.11
01.27.2002-06:00:00,01,27,2002,06,112.97
01.27.2002-09:00:00,01,27,2002,09,112.83
01.27.2002-12:00:00,01,27,2002,12,112.7
01.27.2002-15:00:00,01,27,2002,15,112.56
01.27.2002-18:00:00,01,27,2002,18,112.42
01.27.2002-21:00:00,01,27,2002,21,112.29
01.28.2002-00:00:00,01,28,2002,00,112.15
01.28.2002-03:00:00,01,28,2002,03,112.02
01.28.2002-06:00:00,01,28,2002,06,111.88
01.28.2002-09:00:00,01,28,2002,09,111.75
01.28.2002-12:00:00,01,28,2002,12,111.61
01.28.2002-15:00:00,01,28,2002,15,111.48
01.28.2002-18:00:00,01,28,2002,18,111.34
01.28.2002-21:00:00,01,28,2002,21,111.21
01.29.2002-00:00:00,01,29,2002,00,111.07
01.29.2002-03:00:00,01,29,2002,03,110.94
01.29.2002-06:00:00,01,29,2002,06,110.81
01.29.2002-09:00:00,01,29,2002,09,110.67
01.29.2002-12:00:00,01,29,2002,12,110.54
01.29.2002-15:00:00,01,29,2002,15,110.41
01.29.2002-18:00:00,01,29,2002,18,110.27
01.29.2002-21:00:00,01,29,2002,21,110.14
01.30.2002-00:00:00,01,30,2002,00,110.01
01.30.2002-03:00:00,01,30,2002,03,109.87
01.30.2002-06:00:00,01,30,2002,06,109.74
01.30.2002-09:00:00,01,30,2002,09,109.61
01.30.2002-12:00:00,01,30,2002,12,109.48
01.30.2002-15:00:00,01,30,2002,15,109.34
01.30.2002-18:00:00,01,30,2002,18,109.21
01.30.2002-21:00:00,01,30,2002,21,109.08
01.31.2002-00:00:00,01,31,2002,00,108.95
01.31.2002-03:00:00,01,31,2002,03,108.82
01.31.2002-06:00:00,01,31,2002,06,108.69
01.31.2002-09:00:00,01,31,2002,09,108.56
01.31.2002-12:00:00,01,31,2002,12,108.43
01.31.2002-15:00:00,01,31,2002,15,108.3
01.31.2002-18:00:00,01,31,2002,18,108.17
01.31.2002-21:00:00,01,31,2002,21,108.04
02.01.2002-00:00:00,02,01,2002,00,107.91
02.01.2002-03:00:00,02,01,2002,03,107.78
02.01.2002-06:00:00,02,01,2002,06,107.65
02.01.2002-09:00:00,02,01,2002,09,107.52
02.01.2002-12:00:00,02,01,2002,12,107.39
02.01.2002-15:00:00,02,01,2002,15,107.26
02.01.2002-18:00:00,02,01,2002,18,107.14
02.01.2002-21:00:00,02,01,2002,21,107.01
02.02.2002-00:00:00,02,02,2002,00,106.88
02.02.2002-03:00:00,02,02,2002,03,106.75
02.02.2002-06:00:00,02,02,2002,06,106.62
02.02.2002-09:00:00,02,02,2002,09,106.5
02.02.2002-12:00:00,02,02,2002,12,106.37
02.02.2002-15:00:00,02,02,2002,15,106.24
02.02.2002-18:00:00,02,02,2002,18,106.12
02.02.2002-21:00:00,02,02,2002,21,105.99
02.03.2002-00:00:00,02,03,2002,00,105.86
02.03.2002-03:00:00,02,03,2002,03,105.74
02.03.2002-06:00:00,02,03,2002,06,105.61
02.03.2002-09:00:00,02,03,2002,09,105.49
02.03.2002-12:00:00,02,03,2002,12,105.36
02.03.2002-15:00:00,02,03,2002,15,105.24
02.03.2002-18:00:00,02,03,2002,18,105.11
02.03.2002-21:00:00,02,03,2002,21,104.99
02.04.2002-00:00:00,02,04,2002,00,104.86
02.04.2002-03:00:00,02,04,2002,03,104.74
02.04.2002-06:00:00,02,04,2002,06,104.61
02.04.2002-09:00:00,02,04,2002,09,104.49
02.04.2002-12:00:00,02,04,2002,12,104.36
02.04.2002-15:00:00,02,04,2002,15,104.24
02.04.2002-18:00:00,02,04,2002,18,104.11
02.04.2002-21:00:00,02,04,2002,21,103.99
02.05.2002-00:00:00,02,05,2002,00,103.86
02.05.2002-03:00:00,02,05,2002,03,103.74
02.05.2002-06:00:00,02,05,2002,06,103.62
02.05.2002-09:00:00,02,05,2002,09,103.49
02.05.2002-12:00:00,02,05,2002,12,103.37
02.05.2002-15:00:00,02,05,2002,15,103.24
02.05.2002-18:00:00,02,05,2002,18,103.12
02.05.2002-21:00:00,02,05,2002,21,103
02.06.2002-00:00:00,02,06,2002,00,102.87
02.06.2002-03:00:00,02,06,2002,03,102.75
02.06.2002-06:00:00,02,06,2002,06,102.63
02.06.2002-09:00:00,02,06,2002,09,102.5
02.06.2002-12:00:00,02,06,2002,12,102.38
02.06.2002-15:00:00,02,06,2002,15,102.26
02.06.2002-18:00:00,02,06,2002,18,102.13
02.06.2002-21:00:00,02,06,2002,21,102.01
02.07.2002-00:00:00,02,07,2002,00,101.89
02.07.2002-03:00:00,02,07,2002,03,101.77
02.07.2002-06:00:00,02,07,2002,06,101.65
02.07.2002-09:00:00,02,07,2002,09,101.53
02.07.2002-12:00:00,02,07,2002,12,101.41
02.07.2002-15:00:00,02,07,2002,15,101.28
02.07.2002-18:00:00,02,07,2002,18,101.16
02.07.2002-21:00:00,02,07,2002,21,101.04
02.08.2002-00:00:00,02,08,2002,00,100.93
02.08.2002-03:00:00,02,08,2002,03,100.81
02.08.2002-06:00:00,02,08,2002,06,100.69
02.08.2002-09:00:00,02,08,2002,09,100.57
02.08.2002-12:00:00,02,08,2002,12,100.45
02.08.2002-15:00:00,02,08,2002,15,100.33
02.08.2002-18:00:00,02,08,2002,18,100.21
02.08.2002-21:00:00,02,08,2002,21,100.09
02.09.2002-00:00:00,02,09,2002,00,99.973
02.09.2002-03:00:00,02,09,2002,03,99.854
02.09.2002-06:00:00,02,09,2002,06,99.736
02.09.2002-09:00:00,02,09,2002,09,99.617
02.09.2002-12:00:00,02,09,2002,12,99.5
02.09.2002-15:00:00,02,09,2002,15,99.383
02.09.2002-18:00:00,02,09,2002,18,99.265
02.09.2002-21:00:00,02,09,2002,21,99.147
02.10.2002-00:00:00,02,10,2002,00,99.032
02.10.2002-03:00:00,02,10,2002,03,98.915
02.10.2002-06:00:00,02,10,2002,06,98.798
02.10.2002-09:00:00,02,10,2002,09,98.682
02.10.2002-12:00:00,02,10,2002,12,98.566
02.10.2002-15:00:00,02,10,2002,15,98.45
02.10.2002-18:00:00,02,10,2002,18,98.335
02.10.2002-21:00:00,02,10,2002,21,98.218
02.11.2002-00:00:00,02,11,2002,00,98.103
02.11.2002-03:00:00,02,11,2002,03,97.988
02.11.2002-06:00:00,02,11,2002,06,97.873
02.11.2002-09:00:00,02,11,2002,09,97.759
02.11.2002-12:00:00,02,11,2002,12,97.644
02.11.2002-15:00:00,02,11,2002,15,97.529
02.11.2002-18:00:00,02,11,2002,18,97.415
02.11.2002-21:00:00,02,11,2002,21,97.301
02.12.2002-00:00:00,02,12,2002,00,97.188
02.12.2002-03:00:00,02,12,2002,03,97.074
02.12.2002-06:00:00,02,12,2002,06,96.962
02.12.2002-09:00:00,02,12,2002,09,96.848
02.12.2002-12:00:00,02,12,2002,12,96.736
02.12.2002-15:00:00,02,12,2002,15,96.623
02.12.2002-18:00:00,02,12,2002,18,96.511
02.12.2002-21:00:00,02,12,2002,21,96.398
02.13.2002-00:00:00,02,13,2002,00,96.285
02.13.2002-03:00:00,02,13,2002,03,96.174
02.13.2002-06:00:00,02,13,2002,06,96.061
02.13.2002-09:00:00,02,13,2002,09,95.949
02.13.2002-12:00:00,02,13,2002,12,95.837
02.13.2002-15:00:00,02,13,2002,15,95.724
02.13.2002-18:00:00,02,13,2002,18,95.613
02.13.2002-21:00:00,02,13,2002,21,95.503
02.14.2002-00:00:00,02,14,2002,00,95.392
02.14.2002-03:00:00,02,14,2002,03,95.28
02.14.2002-06:00:00,02,14,2002,06,95.169
02.14.2002-09:00:00,02,14,2002,09,95.059
02.14.2002-12:00:00,02,14,2002,12,94.949
02.14.2002-15:00:00,02,14,2002,15,94.838
02.14.2002-18:00:00,02,14,2002,18,94.729
02.14.2002-21:00:00,02,14,2002,21,94.619
02.15.2002-00:00:00,02,15,2002,00,94.509
02.15.2002-03:00:00,02,15,2002,03,94.398
02.15.2002-06:00:00,02,15,2002,06,94.29
02.15.2002-09:00:00,02,15,2002,09,94.18
02.15.2002-12:00:00,02,15,2002,12,94.07
02.15.2002-15:00:00,02,15,2002,15,93.962
02.15.2002-18:00:00,02,15,2002,18,93.852
02.15.2002-21:00:00,02,15,2002,21,93.745
02.16.2002-00:00:00,02,16,2002,00,93.635
02.16.2002-03:00:00,02,16,2002,03,93.526
02.16.2002-06:00:00,02,16,2002,06,93.419
02.16.2002-09:00:00,02,16,2002,09,93.311
02.16.2002-12:00:00,02,16,2002,12,93.202
02.16.2002-15:00:00,02,16,2002,15,93.096
02.16.2002-18:00:00,02,16,2002,18,92.987
02.16.2002-21:00:00,02,16,2002,21,92.881
02.17.2002-00:00:00,02,17,2002,00,92.773
02.17.2002-03:00:00,02,17,2002,03,92.666
02.17.2002-06:00:00,02,17,2002,06,92.56
02.17.2002-09:00:00,02,17,2002,09,92.453
02.17.2002-12:00:00,02,17,2002,12,92.346
02.17.2002-15:00:00,02,17,2002,15,92.24
02.17.2002-18:00:00,02,17,2002,18,92.132
02.17.2002-21:00:00,02,17,2002,21,92.027
02.18.2002-00:00:00,02,18,2002,00,91.921
02.18.2002-03:00:00,02,18,2002,03,91.814
02.18.2002-06:00:00,02,18,2002,06,91.709
02.18.2002-09:00:00,02,18,2002,09,91.603
02.18.2002-12:00:00,02,18,2002,12,90.597
02.18.2002-15:00:00,02,18,2002,15,91.298
02.18.2002-18:00:00,02,18,2002,18,91.278
02.18.2002-21:00:00,02,18,2002,21,91.178
02.19.2002-00:00:00,02,19,2002,00,91.078
02.19.2002-03:00:00,02,19,2002,03,90.976
02.19.2002-06:00:00,02,19,2002,06,90.875
02.19.2002-09:00:00,02,19,2002,09,90.775
02.19.2002-12:00:00,02,19,2002,12,90.59
02.19.2002-15:00:00,02,19,2002,15,90.56
02.19.2002-18:00:00,02,19,2002,18,90.466
02.19.2002-21:00:00,02,19,2002,21,90.365
02.20.2002-00:00:00,02,20,2002,00,90.265
02.20.2002-03:00:00,02,20,2002,03,90.166
02.20.2002-06:00:00,02,20,2002,06,90.065
02.20.2002-09:00:00,02,20,2002,09,89.967
02.20.2002-12:00:00,02,20,2002,12,88.702
02.20.2002-15:00:00,02,20,2002,15,89.636
02.20.2002-18:00:00,02,20,2002,18,89.647
02.20.2002-21:00:00,02,20,2002,21,89.551
02.21.2002-00:00:00,02,21,2002,00,89.452
02.21.2002-03:00:00,02,21,2002,03,89.354
02.21.2002-06:00:00,02,21,2002,06,89.254
02.21.2002-09:00:00,02,21,2002,09,89.155
02.21.2002-12:00:00,02,21,2002,12,89.057
02.21.2002-15:00:00,02,21,2002,15,88.958
02.21.2002-18:00:00,02,21,2002,18,88.86
02.21.2002-21:00:00,02,21,2002,21,88.762
02.22.2002-00:00:00,02,22,2002,00,88.664
02.22.2002-03:00:00,02,22,2002,03,88.566
02.22.2002-06:00:00,02,22,2002,06,88.468
02.22.2002-09:00:00,02,22,2002,09,87.522
02.22.2002-12:00:00,02,22,2002,12,87.022
02.22.2002-15:00:00,02,22,2002,15,87.638
02.22.2002-18:00:00,02,22,2002,18,87.902
02.22.2002-21:00:00,02,22,2002,21,87.846
02.23.2002-00:00:00,02,23,2002,00,87.762
02.23.2002-03:00:00,02,23,2002,03,87.717
02.23.2002-06:00:00,02,23,2002,06,87.649
02.23.2002-09:00:00,02,23,2002,09,87.555
02.23.2002-12:00:00,02,23,2002,12,87.458
02.23.2002-15:00:00,02,23,2002,15,87.361
02.23.2002-18:00:00,02,23,2002,18,87.265
02.23.2002-21:00:00,02,23,2002,21,87.17
02.24.2002-00:00:00,02,24,2002,00,87.074
02.24.2002-03:00:00,02,24,2002,03,86.985
02.24.2002-06:00:00,02,24,2002,06,86.898
02.24.2002-09:00:00,02,24,2002,09,86.812
02.24.2002-12:00:00,02,24,2002,12,86.727
02.24.2002-15:00:00,02,24,2002,15,86.64
02.24.2002-18:00:00,02,24,2002,18,86.553
02.24.2002-21:00:00,02,24,2002,21,86.468
02.25.2002-00:00:00,02,25,2002,00,86.382
02.25.2002-03:00:00,02,25,2002,03,86.296
02.25.2002-06:00:00,02,25,2002,06,86.209
02.25.2002-09:00:00,02,25,2002,09,86.122
02.25.2002-12:00:00,02,25,2002,12,86.036
02.25.2002-15:00:00,02,25,2002,15,85.951
02.25.2002-18:00:00,02,25,2002,18,85.864
02.25.2002-21:00:00,02,25,2002,21,85.779
02.26.2002-00:00:00,02,26,2002,00,85.693
02.26.2002-03:00:00,02,26,2002,03,85.607
02.26.2002-06:00:00,02,26,2002,06,85.52
02.26.2002-09:00:00,02,26,2002,09,85.434
02.26.2002-12:00:00,02,26,2002,12,85.349
02.26.2002-15:00:00,02,26,2002,15,85.263
02.26.2002-18:00:00,02,26,2002,18,85.177
02.26.2002-21:00:00,02,26,2002,21,85.09
02.27.2002-00:00:00,02,27,2002,00,85.006
02.27.2002-03:00:00,02,27,2002,03,84.92
02.27.2002-06:00:00,02,27,2002,06,84.834
02.27.2002-09:00:00,02,27,2002,09,84.748
02.27.2002-12:00:00,02,27,2002,12,84.661
02.27.2002-15:00:00,02,27,2002,15,84.576
02.27.2002-18:00:00,02,27,2002,18,84.49
02.27.2002-21:00:00,02,27,2002,21,84.404
02.28.2002-00:00:00,02,28,2002,00,84.319
02.28.2002-03:00:00,02,28,2002,03,84.232
02.28.2002-06:00:00,02,28,2002,06,84.147
02.28.2002-09:00:00,02,28,2002,09,84.062
02.28.2002-12:00:00,02,28,2002,12,83.976
02.28.2002-15:00:00,02,28,2002,15,83.891
02.28.2002-18:00:00,02,28,2002,18,83.805
02.28.2002-21:00:00,02,28,2002,21,83.72
03.01.2002-00:00:00,03,01,2002,00,83.635
03.01.2002-03:00:00,03,01,2002,03,83.55
03.01.2002-06:00:00,03,01,2002,06,83.464
03.01.2002-09:00:00,03,01,2002,09,83.379
03.01.2002-12:00:00,03,01,2002,12,81.631
03.01.2002-15:00:00,03,01,2002,15,82.84
03.01.2002-18:00:00,03,01,2002,18,83.067
03.01.2002-21:00:00,03,01,2002,21,83.008
03.02.2002-00:00:00,03,02,2002,00,82.924
03.02.2002-03:00:00,03,02,2002,03,82.84
03.02.2002-06:00:00,03,02,2002,06,82.756
03.02.2002-09:00:00,03,02,2002,09,82.671
03.02.2002-12:00:00,03,02,2002,12,82.586
03.02.2002-15:00:00,03,02,2002,15,82.502
03.02.2002-18:00:00,03,02,2002,18,82.418
03.02.2002-21:00:00,03,02,2002,21,82.334
03.03.2002-00:00:00,03,03,2002,00,82.249
03.03.2002-03:00:00,03,03,2002,03,82.165
03.03.2002-06:00:00,03,03,2002,06,82.083
03.03.2002-09:00:00,03,03,2002,09,81.998
03.03.2002-12:00:00,03,03,2002,12,80.409
03.03.2002-15:00:00,03,03,2002,15,81.538
03.03.2002-18:00:00,03,03,2002,18,81.702
03.03.2002-21:00:00,03,03,2002,21,81.637
03.04.2002-00:00:00,03,04,2002,00,81.554
03.04.2002-03:00:00,03,04,2002,03,81.47
03.04.2002-06:00:00,03,04,2002,06,81.387
03.04.2002-09:00:00,03,04,2002,09,80.091
03.04.2002-12:00:00,03,04,2002,12,79.011
03.04.2002-15:00:00,03,04,2002,15,80.167
03.04.2002-18:00:00,03,04,2002,18,80.774
03.04.2002-21:00:00,03,04,2002,21,80.877
03.05.2002-00:00:00,03,05,2002,00,80.812
03.05.2002-03:00:00,03,05,2002,03,80.731
03.05.2002-06:00:00,03,05,2002,06,80.651
03.05.2002-09:00:00,03,05,2002,09,80.57
03.05.2002-12:00:00,03,05,2002,12,78.895
03.05.2002-15:00:00,03,05,2002,15,79.881
03.05.2002-18:00:00,03,05,2002,18,80.253
03.05.2002-21:00:00,03,05,2002,21,80.218
03.06.2002-00:00:00,03,06,2002,00,80.139
03.06.2002-03:00:00,03,06,2002,03,80.061
03.06.2002-06:00:00,03,06,2002,06,79.98
03.06.2002-09:00:00,03,06,2002,09,79.9
03.06.2002-12:00:00,03,06,2002,12,79.82
03.06.2002-15:00:00,03,06,2002,15,79.742
03.06.2002-18:00:00,03,06,2002,18,79.664
03.06.2002-21:00:00,03,06,2002,21,79.584
03.07.2002-00:00:00,03,07,2002,00,79.504
03.07.2002-03:00:00,03,07,2002,03,79.424
03.07.2002-06:00:00,03,07,2002,06,79.345
03.07.2002-09:00:00,03,07,2002,09,79.266
03.07.2002-12:00:00,03,07,2002,12,79.187
03.07.2002-15:00:00,03,07,2002,15,79.107
03.07.2002-18:00:00,03,07,2002,18,79.028
03.07.2002-21:00:00,03,07,2002,21,78.949
03.08.2002-00:00:00,03,08,2002,00,78.871
03.08.2002-03:00:00,03,08,2002,03,78.792
03.08.2002-06:00:00,03,08,2002,06,78.713
03.08.2002-09:00:00,03,08,2002,09,78.634
03.08.2002-12:00:00,03,08,2002,12,78.556
03.08.2002-15:00:00,03,08,2002,15,78.478
03.08.2002-18:00:00,03,08,2002,18,78.399
03.08.2002-21:00:00,03,08,2002,21,78.321
03.09.2002-00:00:00,03,09,2002,00,78.242
03.09.2002-03:00:00,03,09,2002,03,78.164
03.09.2002-06:00:00,03,09,2002,06,78.086
03.09.2002-09:00:00,03,09,2002,09,78.009
03.09.2002-12:00:00,03,09,2002,12,77.931
03.09.2002-15:00:00,03,09,2002,15,77.853
03.09.2002-18:00:00,03,09,2002,18,77.775
03.09.2002-21:00:00,03,09,2002,21,77.697
03.10.2002-00:00:00,03,10,2002,00,77.62
03.10.2002-03:00:00,03,10,2002,03,77.543
03.10.2002-06:00:00,03,10,2002,06,77.465
03.10.2002-09:00:00,03,10,2002,09,77.387
03.10.2002-12:00:00,03,10,2002,12,77.309
03.10.2002-15:00:00,03,10,2002,15,77.232
03.10.2002-18:00:00,03,10,2002,18,77.155
03.10.2002-21:00:00,03,10,2002,21,77.078
03.11.2002-00:00:00,03,11,2002,00,77
03.11.2002-03:00:00,03,11,2002,03,76.923
03.11.2002-06:00:00,03,11,2002,06,76.846
03.11.2002-09:00:00,03,11,2002,09,76.77
03.11.2002-12:00:00,03,11,2002,12,76.692
03.11.2002-15:00:00,03,11,2002,15,76.615
03.11.2002-18:00:00,03,11,2002,18,76.539
03.11.2002-21:00:00,03,11,2002,21,76.462
03.12.2002-00:00:00,03,12,2002,00,76.386
03.12.2002-03:00:00,03,12,2002,03,76.309
03.12.2002-06:00:00,03,12,2002,06,76.233
03.12.2002-09:00:00,03,12,2002,09,75.081
03.12.2002-12:00:00,03,12,2002,12,74.321
03.12.2002-15:00:00,03,12,2002,15,75.287
03.12.2002-18:00:00,03,12,2002,18,75.481
03.12.2002-21:00:00,03,12,2002,21,75.751
03.13.2002-00:00:00,03,13,2002,00,75.716
03.13.2002-03:00:00,03,13,2002,03,75.641
03.13.2002-06:00:00,03,13,2002,06,75.565
03.13.2002-09:00:00,03,13,2002,09,75.491
03.13.2002-12:00:00,03,13,2002,12,73.897
03.13.2002-15:00:00,03,13,2002,15,74.69
03.13.2002-18:00:00,03,13,2002,18,75.015
03.13.2002-21:00:00,03,13,2002,21,75.139
03.14.2002-00:00:00,03,14,2002,00,75.084
03.14.2002-03:00:00,03,14,2002,03,75.01
03.14.2002-06:00:00,03,14,2002,06,74.936
03.14.2002-09:00:00,03,14,2002,09,74.365
03.14.2002-12:00:00,03,14,2002,12,72.936
03.14.2002-15:00:00,03,14,2002,15,74.028
03.14.2002-18:00:00,03,14,2002,18,74.05
03.14.2002-21:00:00,03,14,2002,21,74.164
03.15.2002-00:00:00,03,15,2002,00,74.388
03.15.2002-03:00:00,03,15,2002,03,74.348
03.15.2002-06:00:00,03,15,2002,06,74.276
03.15.2002-09:00:00,03,15,2002,09,74.203
03.15.2002-12:00:00,03,15,2002,12,74.13
03.15.2002-15:00:00,03,15,2002,15,74.058
03.15.2002-18:00:00,03,15,2002,18,73.986
03.15.2002-21:00:00,03,15,2002,21,73.913
03.16.2002-00:00:00,03,16,2002,00,73.84
03.16.2002-03:00:00,03,16,2002,03,73.767
03.16.2002-06:00:00,03,16,2002,06,73.695
03.16.2002-09:00:00,03,16,2002,09,73.623
03.16.2002-12:00:00,03,16,2002,12,73.551
03.16.2002-15:00:00,03,16,2002,15,73.479
03.16.2002-18:00:00,03,16,2002,18,73.406
03.16.2002-21:00:00,03,16,2002,21,73.334
03.17.2002-00:00:00,03,17,2002,00,73.262
03.17.2002-03:00:00,03,17,2002,03,73.19
03.17.2002-06:00:00,03,17,2002,06,73.119
03.17.2002-09:00:00,03,17,2002,09,73.047
03.17.2002-12:00:00,03,17,2002,12,72.975
03.17.2002-15:00:00,03,17,2002,15,72.903
03.17.2002-18:00:00,03,17,2002,18,72.832
03.17.2002-21:00:00,03,17,2002,21,72.76
03.18.2002-00:00:00,03,18,2002,00,72.688
03.18.2002-03:00:00,03,18,2002,03,72.617
03.18.2002-06:00:00,03,18,2002,06,72.545
03.18.2002-09:00:00,03,18,2002,09,72.473
03.18.2002-12:00:00,03,18,2002,12,72.402
03.18.2002-15:00:00,03,18,2002,15,72.331
03.18.2002-18:00:00,03,18,2002,18,72.259
03.18.2002-21:00:00,03,18,2002,21,72.188
03.19.2002-00:00:00,03,19,2002,00,72.118
03.19.2002-03:00:00,03,19,2002,03,72.046
03.19.2002-06:00:00,03,19,2002,06,71.976
03.19.2002-09:00:00,03,19,2002,09,71.904
03.19.2002-12:00:00,03,19,2002,12,71.834
03.19.2002-15:00:00,03,19,2002,15,71.763
03.19.2002-18:00:00,03,19,2002,18,71.693
03.19.2002-21:00:00,03,19,2002,21,71.607
03.20.2002-00:00:00,03,20,2002,00,71.535
03.20.2002-03:00:00,03,20,2002,03,71.465
03.20.2002-06:00:00,03,20,2002,06,71.396
03.20.2002-09:00:00,03,20,2002,09,71.326
03.20.2002-12:00:00,03,20,2002,12,71.257
03.20.2002-15:00:00,03,20,2002,15,71.188
03.20.2002-18:00:00,03,20,2002,18,71.119
03.20.2002-21:00:00,03,20,2002,21,71.051
03.21.2002-00:00:00,03,21,2002,00,70.981
03.21.2002-03:00:00,03,21,2002,03,70.912
03.21.2002-06:00:00,03,21,2002,06,70.843
03.21.2002-09:00:00,03,21,2002,09,70.775
03.21.2002-12:00:00,03,21,2002,12,70.706
03.21.2002-15:00:00,03,21,2002,15,70.637
03.21.2002-18:00:00,03,21,2002,18,70.568
03.21.2002-21:00:00,03,21,2002,21,70.5
03.22.2002-00:00:00,03,22,2002,00,70.431
03.22.2002-03:00:00,03,22,2002,03,70.363
03.22.2002-06:00:00,03,22,2002,06,70.294
03.22.2002-09:00:00,03,22,2002,09,69.91
03.22.2002-12:00:00,03,22,2002,12,68.296
03.22.2002-15:00:00,03,22,2002,15,69.59
03.22.2002-18:00:00,03,22,2002,18,69.633
03.22.2002-21:00:00,03,22,2002,21,69.572
03.23.2002-00:00:00,03,23,2002,00,69.509
03.23.2002-03:00:00,03,23,2002,03,69.445
03.23.2002-06:00:00,03,23,2002,06,69.381
03.23.2002-09:00:00,03,23,2002,09,68.085
03.23.2002-12:00:00,03,23,2002,12,66.675
03.23.2002-15:00:00,03,23,2002,15,67.827
03.23.2002-18:00:00,03,23,2002,18,68.888
03.23.2002-21:00:00,03,23,2002,21,68.906
03.24.2002-00:00:00,03,24,2002,00,68.846
03.24.2002-03:00:00,03,24,2002,03,68.784
03.24.2002-06:00:00,03,24,2002,06,68.722
03.24.2002-09:00:00,03,24,2002,09,67.256
03.24.2002-12:00:00,03,24,2002,12,65.859
03.24.2002-15:00:00,03,24,2002,15,66.793
03.24.2002-18:00:00,03,24,2002,18,68.188
03.24.2002-21:00:00,03,24,2002,21,68.233
03.25.2002-00:00:00,03,25,2002,00,68.175
03.25.2002-03:00:00,03,25,2002,03,68.114
03.25.2002-06:00:00,03,25,2002,06,68.054
03.25.2002-09:00:00,03,25,2002,09,66.523
03.25.2002-12:00:00,03,25,2002,12,64.99
03.25.2002-15:00:00,03,25,2002,15,66.06
03.25.2002-18:00:00,03,25,2002,18,67.514
03.25.2002-21:00:00,03,25,2002,21,67.564
03.26.2002-00:00:00,03,26,2002,00,67.509
03.26.2002-03:00:00,03,26,2002,03,67.45
03.26.2002-06:00:00,03,26,2002,06,67.39
03.26.2002-09:00:00,03,26,2002,09,66.587
03.26.2002-12:00:00,03,26,2002,12,66.069
03.26.2002-15:00:00,03,26,2002,15,66.695
03.26.2002-18:00:00,03,26,2002,18,67.057
03.26.2002-21:00:00,03,26,2002,21,67.027
03.27.2002-00:00:00,03,27,2002,00,66.97
03.27.2002-03:00:00,03,27,2002,03,66.911
03.27.2002-06:00:00,03,27,2002,06,66.853
03.27.2002-09:00:00,03,27,2002,09,66.402
03.27.2002-12:00:00,03,27,2002,12,66.076
03.27.2002-15:00:00,03,27,2002,15,66.6
03.27.2002-18:00:00,03,27,2002,18,66.586
03.27.2002-21:00:00,03,27,2002,21,66.53
03.28.2002-00:00:00,03,28,2002,00,66.472
03.28.2002-03:00:00,03,28,2002,03,66.414
03.28.2002-06:00:00,03,28,2002,06,66.356
03.28.2002-09:00:00,03,28,2002,09,65.21
03.28.2002-12:00:00,03,28,2002,12,64.403
03.28.2002-15:00:00,03,28,2002,15,65.008
03.28.2002-18:00:00,03,28,2002,18,65.937
03.28.2002-21:00:00,03,28,2002,21,65.952
03.29.2002-00:00:00,03,29,2002,00,65.897
03.29.2002-03:00:00,03,29,2002,03,65.84
03.29.2002-06:00:00,03,29,2002,06,65.782
03.29.2002-09:00:00,03,29,2002,09,64.758
03.29.2002-12:00:00,03,29,2002,12,63.948
03.29.2002-15:00:00,03,29,2002,15,64.663
03.29.2002-18:00:00,03,29,2002,18,65.403
03.29.2002-21:00:00,03,29,2002,21,65.404
03.30.2002-00:00:00,03,30,2002,00,65.349
03.30.2002-03:00:00,03,30,2002,03,65.293
03.30.2002-06:00:00,03,30,2002,06,65.237
03.30.2002-09:00:00,03,30,2002,09,63.813
03.30.2002-12:00:00,03,30,2002,12,62.728
03.30.2002-15:00:00,03,30,2002,15,63.344
03.30.2002-18:00:00,03,30,2002,18,64.765
03.30.2002-21:00:00,03,30,2002,21,64.818
03.31.2002-00:00:00,03,31,2002,00,64.766
03.31.2002-03:00:00,03,31,2002,03,64.711
03.31.2002-06:00:00,03,31,2002,06,64.656
03.31.2002-09:00:00,03,31,2002,09,63.46
03.31.2002-12:00:00,03,31,2002,12,62.674
03.31.2002-15:00:00,03,31,2002,15,63.269
03.31.2002-18:00:00,03,31,2002,18,64.253
03.31.2002-21:00:00,03,31,2002,21,64.274
04.01.2002-00:00:00,04,01,2002,00,64.222
04.01.2002-03:00:00,04,01,2002,03,64.168
04.01.2002-06:00:00,04,01,2002,06,64.114
04.01.2002-09:00:00,04,01,2002,09,63.003
04.01.2002-12:00:00,04,01,2002,12,62.665
04.01.2002-15:00:00,04,01,2002,15,63.244
04.01.2002-18:00:00,04,01,2002,18,63.783
04.01.2002-21:00:00,04,01,2002,21,63.772
04.02.2002-00:00:00,04,02,2002,00,63.72
04.02.2002-03:00:00,04,02,2002,03,63.668
04.02.2002-06:00:00,04,02,2002,06,63.617
04.02.2002-09:00:00,04,02,2002,09,62.572
04.02.2002-12:00:00,04,02,2002,12,62.089
04.02.2002-15:00:00,04,02,2002,15,62.843
04.02.2002-18:00:00,04,02,2002,18,63.304
04.02.2002-21:00:00,04,02,2002,21,63.288
04.03.2002-00:00:00,04,03,2002,00,63.239
04.03.2002-03:00:00,04,03,2002,03,63.188
04.03.2002-06:00:00,04,03,2002,06,63.137
04.03.2002-09:00:00,04,03,2002,09,61.2
04.03.2002-12:00:00,04,03,2002,12,60.416
04.03.2002-15:00:00,04,03,2002,15,61.526
04.03.2002-18:00:00,04,03,2002,18,62.707
04.03.2002-21:00:00,04,03,2002,21,62.745
04.04.2002-00:00:00,04,04,2002,00,62.698
04.04.2002-03:00:00,04,04,2002,03,62.649
04.04.2002-06:00:00,04,04,2002,06,62.599
04.04.2002-09:00:00,04,04,2002,09,59.923
04.04.2002-12:00:00,04,04,2002,12,58.975
04.04.2002-15:00:00,04,04,2002,15,60.132
04.04.2002-18:00:00,04,04,2002,18,62.007
04.04.2002-21:00:00,04,04,2002,21,62.164
04.05.2002-00:00:00,04,05,2002,00,62.09
04.05.2002-03:00:00,04,05,2002,03,62.043
04.05.2002-06:00:00,04,05,2002,06,62
04.05.2002-09:00:00,04,05,2002,09,59.961
04.05.2002-12:00:00,04,05,2002,12,59.287
04.05.2002-15:00:00,04,05,2002,15,60.212
04.05.2002-18:00:00,04,05,2002,18,61.545
04.05.2002-21:00:00,04,05,2002,21,61.656
04.06.2002-00:00:00,04,06,2002,00,61.625
04.06.2002-03:00:00,04,06,2002,03,61.589
04.06.2002-06:00:00,04,06,2002,06,61.554
04.06.2002-09:00:00,04,06,2002,09,59.73
04.06.2002-12:00:00,04,06,2002,12,59.171
04.06.2002-15:00:00,04,06,2002,15,59.944
04.06.2002-18:00:00,04,06,2002,18,61.148
04.06.2002-21:00:00,04,06,2002,21,61.266
04.07.2002-00:00:00,04,07,2002,00,61.244
04.07.2002-03:00:00,04,07,2002,03,61.217
04.07.2002-06:00:00,04,07,2002,06,61.191
04.07.2002-09:00:00,04,07,2002,09,59.586
04.07.2002-12:00:00,04,07,2002,12,59.138
04.07.2002-15:00:00,04,07,2002,15,59.764
04.07.2002-18:00:00,04,07,2002,18,60.735
04.07.2002-21:00:00,04,07,2002,21,60.954
04.08.2002-00:00:00,04,08,2002,00,60.954
04.08.2002-03:00:00,04,08,2002,03,60.935
04.08.2002-06:00:00,04,08,2002,06,60.916
04.08.2002-09:00:00,04,08,2002,09,58.716
04.08.2002-12:00:00,04,08,2002,12,57.963
04.08.2002-15:00:00,04,08,2002,15,58.846
04.08.2002-18:00:00,04,08,2002,18,60.374
04.08.2002-21:00:00,04,08,2002,21,60.541
04.09.2002-00:00:00,04,09,2002,00,60.532
04.09.2002-03:00:00,04,09,2002,03,60.516
04.09.2002-06:00:00,04,09,2002,06,60.5
04.09.2002-09:00:00,04,09,2002,09,59.502
04.09.2002-12:00:00,04,09,2002,12,59.213
04.09.2002-15:00:00,04,09,2002,15,59.698
04.09.2002-18:00:00,04,09,2002,18,60.349
04.09.2002-21:00:00,04,09,2002,21,60.391
04.10.2002-00:00:00,04,10,2002,00,60.387
04.10.2002-03:00:00,04,10,2002,03,60.382
04.10.2002-06:00:00,04,10,2002,06,60.378
04.10.2002-09:00:00,04,10,2002,09,57.209
04.10.2002-12:00:00,04,10,2002,12,56.234
04.10.2002-15:00:00,04,10,2002,15,57.889
04.10.2002-18:00:00,04,10,2002,18,59.883
04.10.2002-21:00:00,04,10,2002,21,60.142
04.11.2002-00:00:00,04,11,2002,00,60.15
04.11.2002-03:00:00,04,11,2002,03,60.147
04.11.2002-06:00:00,04,11,2002,06,59.993
04.11.2002-09:00:00,04,11,2002,09,57.27
04.11.2002-12:00:00,04,11,2002,12,56.508
04.11.2002-15:00:00,04,11,2002,15,57.903
04.11.2002-18:00:00,04,11,2002,18,59.731
04.11.2002-21:00:00,04,11,2002,21,60.024
04.12.2002-00:00:00,04,12,2002,00,60.062
04.12.2002-03:00:00,04,12,2002,03,60.085
04.12.2002-06:00:00,04,12,2002,06,60.111
04.12.2002-09:00:00,04,12,2002,09,56.942
04.12.2002-12:00:00,04,12,2002,12,56.037
04.12.2002-15:00:00,04,12,2002,15,57.559
04.12.2002-18:00:00,04,12,2002,18,59.756
04.12.2002-21:00:00,04,12,2002,21,60.169
04.13.2002-00:00:00,04,13,2002,00,60.263
04.13.2002-03:00:00,04,13,2002,03,60.334
04.13.2002-06:00:00,04,13,2002,06,60.29
04.13.2002-09:00:00,04,13,2002,09,57.487
04.13.2002-12:00:00,04,13,2002,12,56.726
04.13.2002-15:00:00,04,13,2002,15,58.57
04.13.2002-18:00:00,04,13,2002,18,60.616
04.13.2002-21:00:00,04,13,2002,21,60.93
04.14.2002-00:00:00,04,14,2002,00,61.106
04.14.2002-03:00:00,04,14,2002,03,61.256
04.14.2002-06:00:00,04,14,2002,06,61.39
04.14.2002-09:00:00,04,14,2002,09,58.147
04.14.2002-12:00:00,04,14,2002,12,57.35
04.14.2002-15:00:00,04,14,2002,15,59.526
04.14.2002-18:00:00,04,14,2002,18,62.105
04.14.2002-21:00:00,04,14,2002,21,62.624
04.15.2002-00:00:00,04,15,2002,00,62.923
04.15.2002-03:00:00,04,15,2002,03,63.157
04.15.2002-06:00:00,04,15,2002,06,63.336
04.15.2002-09:00:00,04,15,2002,09,62.33
04.15.2002-12:00:00,04,15,2002,12,62.122
04.15.2002-15:00:00,04,15,2002,15,63.148
04.15.2002-18:00:00,04,15,2002,18,63.943
04.15.2002-21:00:00,04,15,2002,21,64.175
04.16.2002-00:00:00,04,16,2002,00,64.365
04.16.2002-03:00:00,04,16,2002,03,64.539
04.16.2002-06:00:00,04,16,2002,06,64.709
04.16.2002-09:00:00,04,16,2002,09,63.512
04.16.2002-12:00:00,04,16,2002,12,63.307
04.16.2002-15:00:00,04,16,2002,15,64.262
04.16.2002-18:00:00,04,16,2002,18,65.245
04.16.2002-21:00:00,04,16,2002,21,65.488
04.17.2002-00:00:00,04,17,2002,00,65.67
04.17.2002-03:00:00,04,17,2002,03,65.83
04.17.2002-06:00:00,04,17,2002,06,65.987
04.17.2002-09:00:00,04,17,2002,09,63.679
04.17.2002-12:00:00,04,17,2002,12,63.16
04.17.2002-15:00:00,04,17,2002,15,64.557
04.17.2002-18:00:00,04,17,2002,18,66.218
04.17.2002-21:00:00,04,17,2002,21,66.582
04.18.2002-00:00:00,04,18,2002,00,66.729
04.18.2002-03:00:00,04,18,2002,03,66.864
04.18.2002-06:00:00,04,18,2002,06,66.996
04.18.2002-09:00:00,04,18,2002,09,63.796
04.18.2002-12:00:00,04,18,2002,12,62.959
04.18.2002-15:00:00,04,18,2002,15,64.661
04.18.2002-18:00:00,04,18,2002,18,66.933
04.18.2002-21:00:00,04,18,2002,21,67.358
04.19.2002-00:00:00,04,19,2002,00,67.479
04.19.2002-03:00:00,04,19,2002,03,67.582
04.19.2002-06:00:00,04,19,2002,06,67.679
04.19.2002-09:00:00,04,19,2002,09,64.076
04.19.2002-12:00:00,04,19,2002,12,63.051
04.19.2002-15:00:00,04,19,2002,15,64.903
04.19.2002-18:00:00,04,19,2002,18,67.631
04.19.2002-21:00:00,04,19,2002,21,68.249
04.20.2002-00:00:00,04,20,2002,00,68.404
04.20.2002-03:00:00,04,20,2002,03,68.52
04.20.2002-06:00:00,04,20,2002,06,68.475
04.20.2002-09:00:00,04,20,2002,09,65.055
04.20.2002-12:00:00,04,20,2002,12,64.536
04.20.2002-15:00:00,04,20,2002,15,66.888
04.20.2002-18:00:00,04,20,2002,18,69.613
04.20.2002-21:00:00,04,20,2002,21,70.465
04.21.2002-00:00:00,04,21,2002,00,70.84
04.21.2002-03:00:00,04,21,2002,03,71.141
04.21.2002-06:00:00,04,21,2002,06,71.121
04.21.2002-09:00:00,04,21,2002,09,70.424
04.21.2002-12:00:00,04,21,2002,12,70.865
04.21.2002-15:00:00,04,21,2002,15,72.232
04.21.2002-18:00:00,04,21,2002,18,78.111
04.21.2002-21:00:00,04,21,2002,21,87.318
04.22.2002-00:00:00,04,22,2002,00,83.822
04.22.2002-03:00:00,04,22,2002,03,81.807
04.22.2002-06:00:00,04,22,2002,06,81.015
04.22.2002-09:00:00,04,22,2002,09,89.213
04.22.2002-12:00:00,04,22,2002,12,98.192
04.22.2002-15:00:00,04,22,2002,15,91.503
04.22.2002-18:00:00,04,22,2002,18,90.67
04.22.2002-21:00:00,04,22,2002,21,87.65
04.23.2002-00:00:00,04,23,2002,00,81.984
04.23.2002-03:00:00,04,23,2002,03,82.302
04.23.2002-06:00:00,04,23,2002,06,85.219
04.23.2002-09:00:00,04,23,2002,09,83.542
04.23.2002-12:00:00,04,23,2002,12,83.737
04.23.2002-15:00:00,04,23,2002,15,86.928
04.23.2002-18:00:00,04,23,2002,18,88.595
04.23.2002-21:00:00,04,23,2002,21,88.951
04.24.2002-00:00:00,04,24,2002,00,89.144
04.24.2002-03:00:00,04,24,2002,03,89.247
04.24.2002-06:00:00,04,24,2002,06,89.351
04.24.2002-09:00:00,04,24,2002,09,82.409
04.24.2002-12:00:00,04,24,2002,12,83.543
04.24.2002-15:00:00,04,24,2002,15,85.417
04.24.2002-18:00:00,04,24,2002,18,88.127
04.24.2002-21:00:00,04,24,2002,21,89.44
04.25.2002-00:00:00,04,25,2002,00,89.465
04.25.2002-03:00:00,04,25,2002,03,89.464
04.25.2002-06:00:00,04,25,2002,06,89.201
04.25.2002-09:00:00,04,25,2002,09,82.51
04.25.2002-12:00:00,04,25,2002,12,84.044
04.25.2002-15:00:00,04,25,2002,15,85.619
04.25.2002-18:00:00,04,25,2002,18,87.798
04.25.2002-21:00:00,04,25,2002,21,88.305
04.26.2002-00:00:00,04,26,2002,00,88.397
04.26.2002-03:00:00,04,26,2002,03,88.481
04.26.2002-06:00:00,04,26,2002,06,88.343
04.26.2002-09:00:00,04,26,2002,09,83.382
04.26.2002-12:00:00,04,26,2002,12,85.971
04.26.2002-15:00:00,04,26,2002,15,101.31
04.26.2002-18:00:00,04,26,2002,18,106.35
04.26.2002-21:00:00,04,26,2002,21,98.437
04.27.2002-00:00:00,04,27,2002,00,95.191
04.27.2002-03:00:00,04,27,2002,03,92.375
04.27.2002-06:00:00,04,27,2002,06,92.594
04.27.2002-09:00:00,04,27,2002,09,116.21
04.27.2002-12:00:00,04,27,2002,12,123.23
04.27.2002-15:00:00,04,27,2002,15,122.42
04.27.2002-18:00:00,04,27,2002,18,116.91
04.27.2002-21:00:00,04,27,2002,21,109.54
04.28.2002-00:00:00,04,28,2002,00,101.43
04.28.2002-03:00:00,04,28,2002,03,98.961
04.28.2002-06:00:00,04,28,2002,06,99
04.28.2002-09:00:00,04,28,2002,09,107.91
04.28.2002-12:00:00,04,28,2002,12,137.85
04.28.2002-15:00:00,04,28,2002,15,134.98
04.28.2002-18:00:00,04,28,2002,18,125.52
04.28.2002-21:00:00,04,28,2002,21,114.9
04.29.2002-00:00:00,04,29,2002,00,109.17
04.29.2002-03:00:00,04,29,2002,03,106
04.29.2002-06:00:00,04,29,2002,06,106.23
04.29.2002-09:00:00,04,29,2002,09,127.14
04.29.2002-12:00:00,04,29,2002,12,157.96
04.29.2002-15:00:00,04,29,2002,15,157.83
04.29.2002-18:00:00,04,29,2002,18,153.4
04.29.2002-21:00:00,04,29,2002,21,156.28
04.30.2002-00:00:00,04,30,2002,00,159.68
04.30.2002-03:00:00,04,30,2002,03,159.08
04.30.2002-06:00:00,04,30,2002,06,161.55
04.30.2002-09:00:00,04,30,2002,09,188.55
04.30.2002-12:00:00,04,30,2002,12,229.28
04.30.2002-15:00:00,04,30,2002,15,238.72
04.30.2002-18:00:00,04,30,2002,18,236.51
04.30.2002-21:00:00,04,30,2002,21,225.36
05.01.2002-00:00:00,05,01,2002,00,210.55
05.01.2002-03:00:00,05,01,2002,03,196.52
05.01.2002-06:00:00,05,01,2002,06,190.07
05.01.2002-09:00:00,05,01,2002,09,241.07
05.01.2002-12:00:00,05,01,2002,12,278.43
05.01.2002-15:00:00,05,01,2002,15,276.64
05.01.2002-18:00:00,05,01,2002,18,284.99
05.01.2002-21:00:00,05,01,2002,21,289.18
05.02.2002-00:00:00,05,02,2002,00,286.63
05.02.2002-03:00:00,05,02,2002,03,282.19
05.02.2002-06:00:00,05,02,2002,06,281.51
05.02.2002-09:00:00,05,02,2002,09,355.25
05.02.2002-12:00:00,05,02,2002,12,443.67
05.02.2002-15:00:00,05,02,2002,15,446.68
05.02.2002-18:00:00,05,02,2002,18,411.38
05.02.2002-21:00:00,05,02,2002,21,356.51
05.03.2002-00:00:00,05,03,2002,00,351.75
05.03.2002-03:00:00,05,03,2002,03,337.1
05.03.2002-06:00:00,05,03,2002,06,347.42
05.03.2002-09:00:00,05,03,2002,09,376.66
05.03.2002-12:00:00,05,03,2002,12,453.03
05.03.2002-15:00:00,05,03,2002,15,514.17
05.03.2002-18:00:00,05,03,2002,18,445.32
05.03.2002-21:00:00,05,03,2002,21,408.14
05.04.2002-00:00:00,05,04,2002,00,389.53
05.04.2002-03:00:00,05,04,2002,03,388.62
05.04.2002-06:00:00,05,04,2002,06,387.88
05.04.2002-09:00:00,05,04,2002,09,365.45
05.04.2002-12:00:00,05,04,2002,12,405.5
05.04.2002-15:00:00,05,04,2002,15,462.79
05.04.2002-18:00:00,05,04,2002,18,436.61
05.04.2002-21:00:00,05,04,2002,21,407.61
05.05.2002-00:00:00,05,05,2002,00,402.21
05.05.2002-03:00:00,05,05,2002,03,400.31
05.05.2002-06:00:00,05,05,2002,06,394.61
05.05.2002-09:00:00,05,05,2002,09,392.07
05.05.2002-12:00:00,05,05,2002,12,533.97
05.05.2002-15:00:00,05,05,2002,15,532.68
05.05.2002-18:00:00,05,05,2002,18,472.38
05.05.2002-21:00:00,05,05,2002,21,435.4
05.06.2002-00:00:00,05,06,2002,00,437.45
05.06.2002-03:00:00,05,06,2002,03,436.39
05.06.2002-06:00:00,05,06,2002,06,434.84
05.06.2002-09:00:00,05,06,2002,09,408.3
05.06.2002-12:00:00,05,06,2002,12,402
05.06.2002-15:00:00,05,06,2002,15,443.55
05.06.2002-18:00:00,05,06,2002,18,439.78
05.06.2002-21:00:00,05,06,2002,21,421.98
05.07.2002-00:00:00,05,07,2002,00,430.17
05.07.2002-03:00:00,05,07,2002,03,427.89
05.07.2002-06:00:00,05,07,2002,06,423.1
05.07.2002-09:00:00,05,07,2002,09,391.22
05.07.2002-12:00:00,05,07,2002,12,439.2
05.07.2002-15:00:00,05,07,2002,15,499.83
05.07.2002-18:00:00,05,07,2002,18,469.48
05.07.2002-21:00:00,05,07,2002,21,419.19
05.08.2002-00:00:00,05,08,2002,00,413.88
05.08.2002-03:00:00,05,08,2002,03,412.31
05.08.2002-06:00:00,05,08,2002,06,411.9
05.08.2002-09:00:00,05,08,2002,09,383.88
05.08.2002-12:00:00,05,08,2002,12,401.83
05.08.2002-15:00:00,05,08,2002,15,541.27
05.08.2002-18:00:00,05,08,2002,18,486.09
05.08.2002-21:00:00,05,08,2002,21,426.57
05.09.2002-00:00:00,05,09,2002,00,421.49
05.09.2002-03:00:00,05,09,2002,03,419.89
05.09.2002-06:00:00,05,09,2002,06,417.13
05.09.2002-09:00:00,05,09,2002,09,370.97
05.09.2002-12:00:00,05,09,2002,12,365.99
05.09.2002-15:00:00,05,09,2002,15,403.03
05.09.2002-18:00:00,05,09,2002,18,432.05
05.09.2002-21:00:00,05,09,2002,21,412.68
05.10.2002-00:00:00,05,10,2002,00,410.85
05.10.2002-03:00:00,05,10,2002,03,409.18
05.10.2002-06:00:00,05,10,2002,06,403.22
05.10.2002-09:00:00,05,10,2002,09,351.26
05.10.2002-12:00:00,05,10,2002,12,411.52
05.10.2002-15:00:00,05,10,2002,15,519.38
05.10.2002-18:00:00,05,10,2002,18,521.44
05.10.2002-21:00:00,05,10,2002,21,456.83
05.11.2002-00:00:00,05,11,2002,00,432.73
05.11.2002-03:00:00,05,11,2002,03,416.17
05.11.2002-06:00:00,05,11,2002,06,414.49
05.11.2002-09:00:00,05,11,2002,09,596.46
05.11.2002-12:00:00,05,11,2002,12,949.99
05.11.2002-15:00:00,05,11,2002,15,960.38
05.11.2002-18:00:00,05,11,2002,18,778.09
05.11.2002-21:00:00,05,11,2002,21,638.4
05.12.2002-00:00:00,05,12,2002,00,569.14
05.12.2002-03:00:00,05,12,2002,03,515.98
05.12.2002-06:00:00,05,12,2002,06,503.18
05.12.2002-09:00:00,05,12,2002,09,716.79
05.12.2002-12:00:00,05,12,2002,12,1159.3
05.12.2002-15:00:00,05,12,2002,15,1144.1
05.12.2002-18:00:00,05,12,2002,18,926.01
05.12.2002-21:00:00,05,12,2002,21,769.7
05.13.2002-00:00:00,05,13,2002,00,712.88
05.13.2002-03:00:00,05,13,2002,03,668.98
05.13.2002-06:00:00,05,13,2002,06,660.73
05.13.2002-09:00:00,05,13,2002,09,1014.4
05.13.2002-12:00:00,05,13,2002,12,1626.3
05.13.2002-15:00:00,05,13,2002,15,1444.3
05.13.2002-18:00:00,05,13,2002,18,1196.7
05.13.2002-21:00:00,05,13,2002,21,1014.8
05.14.2002-00:00:00,05,14,2002,00,967.17
05.14.2002-03:00:00,05,14,2002,03,868.85
05.14.2002-06:00:00,05,14,2002,06,860
05.14.2002-09:00:00,05,14,2002,09,1040.9
05.14.2002-12:00:00,05,14,2002,12,1471.8
05.14.2002-15:00:00,05,14,2002,15,1388.7
05.14.2002-18:00:00,05,14,2002,18,1162.6
05.14.2002-21:00:00,05,14,2002,21,1056.4
05.15.2002-00:00:00,05,15,2002,00,969.07
05.15.2002-03:00:00,05,15,2002,03,956.3
05.15.2002-06:00:00,05,15,2002,06,981.65
05.15.2002-09:00:00,05,15,2002,09,1048.3
05.15.2002-12:00:00,05,15,2002,12,1538.3
05.15.2002-15:00:00,05,15,2002,15,1540.4
05.15.2002-18:00:00,05,15,2002,18,1282.8
05.15.2002-21:00:00,05,15,2002,21,1152.1
05.16.2002-00:00:00,05,16,2002,00,1091
05.16.2002-03:00:00,05,16,2002,03,1078.4
05.16.2002-06:00:00,05,16,2002,06,1057.7
05.16.2002-09:00:00,05,16,2002,09,1184.5
05.16.2002-12:00:00,05,16,2002,12,1771.1
05.16.2002-15:00:00,05,16,2002,15,1836.4
05.16.2002-18:00:00,05,16,2002,18,1472.9
05.16.2002-21:00:00,05,16,2002,21,1327.6
05.17.2002-00:00:00,05,17,2002,00,1320.9
05.17.2002-03:00:00,05,17,2002,03,1302.7
05.17.2002-06:00:00,05,17,2002,06,1354.4
05.17.2002-09:00:00,05,17,2002,09,1988.3
05.17.2002-12:00:00,05,17,2002,12,2495.2
05.17.2002-15:00:00,05,17,2002,15,2190.7
05.17.2002-18:00:00,05,17,2002,18,1863.7
05.17.2002-21:00:00,05,17,2002,21,1693
05.18.2002-00:00:00,05,18,2002,00,1590.9
05.18.2002-03:00:00,05,18,2002,03,1509.1
05.18.2002-06:00:00,05,18,2002,06,1498.4
05.18.2002-09:00:00,05,18,2002,09,2097.4
05.18.2002-12:00:00,05,18,2002,12,2973.8
05.18.2002-15:00:00,05,18,2002,15,2558
05.18.2002-18:00:00,05,18,2002,18,2111.3
05.18.2002-21:00:00,05,18,2002,21,1885.1
05.19.2002-00:00:00,05,19,2002,00,1840.2
05.19.2002-03:00:00,05,19,2002,03,1788.8
05.19.2002-06:00:00,05,19,2002,06,1841.9
05.19.2002-09:00:00,05,19,2002,09,2799.6
05.19.2002-12:00:00,05,19,2002,12,3542.6
05.19.2002-15:00:00,05,19,2002,15,3213
05.19.2002-18:00:00,05,19,2002,18,2729.4
05.19.2002-21:00:00,05,19,2002,21,2381.9
05.20.2002-00:00:00,05,20,2002,00,2852
05.20.2002-03:00:00,05,20,2002,03,3015.2
05.20.2002-06:00:00,05,20,2002,06,3450.3
05.20.2002-09:00:00,05,20,2002,09,4521.6
05.20.2002-12:00:00,05,20,2002,12,5271.6
05.20.2002-15:00:00,05,20,2002,15,5021.2
05.20.2002-18:00:00,05,20,2002,18,4547.6
05.20.2002-21:00:00,05,20,2002,21,4374.3
05.21.2002-00:00:00,05,21,2002,00,4204.9
05.21.2002-03:00:00,05,21,2002,03,4009.6
05.21.2002-06:00:00,05,21,2002,06,4292.9
05.21.2002-09:00:00,05,21,2002,09,4874.6
05.21.2002-12:00:00,05,21,2002,12,5317.7
05.21.2002-15:00:00,05,21,2002,15,5225.4
05.21.2002-18:00:00,05,21,2002,18,5057.7
05.21.2002-21:00:00,05,21,2002,21,4985.9
05.22.2002-00:00:00,05,22,2002,00,4636.1
05.22.2002-03:00:00,05,22,2002,03,4573
05.22.2002-06:00:00,05,22,2002,06,4827.5
05.22.2002-09:00:00,05,22,2002,09,5163.3
05.22.2002-12:00:00,05,22,2002,12,5467.1
05.22.2002-15:00:00,05,22,2002,15,5432.6
05.22.2002-18:00:00,05,22,2002,18,5413.9
05.22.2002-21:00:00,05,22,2002,21,5287.7
05.23.2002-00:00:00,05,23,2002,00,4975.7
05.23.2002-03:00:00,05,23,2002,03,4847.2
05.23.2002-06:00:00,05,23,2002,06,4989.8
05.23.2002-09:00:00,05,23,2002,09,6878.7
05.23.2002-12:00:00,05,23,2002,12,8209.1
05.23.2002-15:00:00,05,23,2002,15,7579.4
05.23.2002-18:00:00,05,23,2002,18,6719.5
05.23.2002-21:00:00,05,23,2002,21,6267.6
05.24.2002-00:00:00,05,24,2002,00,6033.3
05.24.2002-03:00:00,05,24,2002,03,5875.5
05.24.2002-06:00:00,05,24,2002,06,5827.8
05.24.2002-09:00:00,05,24,2002,09,6105.4
05.24.2002-12:00:00,05,24,2002,12,8785.1
05.24.2002-15:00:00,05,24,2002,15,8494.3
05.24.2002-18:00:00,05,24,2002,18,7510.6
05.24.2002-21:00:00,05,24,2002,21,6911.2
05.25.2002-00:00:00,05,25,2002,00,6830.6
05.25.2002-03:00:00,05,25,2002,03,6700.8
05.25.2002-06:00:00,05,25,2002,06,6778.8
05.25.2002-09:00:00,05,25,2002,09,9067.5
05.25.2002-12:00:00,05,25,2002,12,10943
05.25.2002-15:00:00,05,25,2002,15,10485
05.25.2002-18:00:00,05,25,2002,18,9563.3
05.25.2002-21:00:00,05,25,2002,21,8819.4
05.26.2002-00:00:00,05,26,2002,00,8427.8
05.26.2002-03:00:00,05,26,2002,03,8061.4
05.26.2002-06:00:00,05,26,2002,06,7831.1
05.26.2002-09:00:00,05,26,2002,09,9887.5
05.26.2002-12:00:00,05,26,2002,12,12588
05.26.2002-15:00:00,05,26,2002,15,12282
05.26.2002-18:00:00,05,26,2002,18,11000
05.26.2002-21:00:00,05,26,2002,21,10201
05.27.2002-00:00:00,05,27,2002,00,9697.2
05.27.2002-03:00:00,05,27,2002,03,9368.6
05.27.2002-06:00:00,05,27,2002,06,9142.3
05.27.2002-09:00:00,05,27,2002,09,11963
05.27.2002-12:00:00,05,27,2002,12,14711
05.27.2002-15:00:00,05,27,2002,15,14714
05.27.2002-18:00:00,05,27,2002,18,13689
05.27.2002-21:00:00,05,27,2002,21,12702
05.28.2002-00:00:00,05,28,2002,00,12269
05.28.2002-03:00:00,05,28,2002,03,11857
05.28.2002-06:00:00,05,28,2002,06,12675
05.28.2002-09:00:00,05,28,2002,09,15645
05.28.2002-12:00:00,05,28,2002,12,18069
05.28.2002-15:00:00,05,28,2002,15,18537
05.28.2002-18:00:00,05,28,2002,18,17875
05.28.2002-21:00:00,05,28,2002,21,16910
05.29.2002-00:00:00,05,29,2002,00,15913
05.29.2002-03:00:00,05,29,2002,03,14857
05.29.2002-06:00:00,05,29,2002,06,14469
05.29.2002-09:00:00,05,29,2002,09,17235
05.29.2002-12:00:00,05,29,2002,12,19628
05.29.2002-15:00:00,05,29,2002,15,20165
05.29.2002-18:00:00,05,29,2002,18,19294
05.29.2002-21:00:00,05,29,2002,21,18064
05.30.2002-00:00:00,05,30,2002,00,17036
05.30.2002-03:00:00,05,30,2002,03,16118
05.30.2002-06:00:00,05,30,2002,06,14813
05.30.2002-09:00:00,05,30,2002,09,17532
05.30.2002-12:00:00,05,30,2002,12,20438
05.30.2002-15:00:00,05,30,2002,15,21573
05.30.2002-18:00:00,05,30,2002,18,20536
05.30.2002-21:00:00,05,30,2002,21,19248
05.31.2002-00:00:00,05,31,2002,00,18235
05.31.2002-03:00:00,05,31,2002,03,17106
05.31.2002-06:00:00,05,31,2002,06,15980
05.31.2002-09:00:00,05,31,2002,09,18275
05.31.2002-12:00:00,05,31,2002,12,20286
05.31.2002-15:00:00,05,31,2002,15,21510
05.31.2002-18:00:00,05,31,2002,18,20629
05.31.2002-21:00:00,05,31,2002,21,19707
06.01.2002-00:00:00,06,01,2002,00,18236
06.01.2002-03:00:00,06,01,2002,03,17132
06.01.2002-06:00:00,06,01,2002,06,16093
06.01.2002-09:00:00,06,01,2002,09,19339
06.01.2002-12:00:00,06,01,2002,12,22170
06.01.2002-15:00:00,06,01,2002,15,23590
06.01.2002-18:00:00,06,01,2002,18,22803
06.01.2002-21:00:00,06,01,2002,21,21592
06.02.2002-00:00:00,06,02,2002,00,20234
06.02.2002-03:00:00,06,02,2002,03,18818
06.02.2002-06:00:00,06,02,2002,06,18314
06.02.2002-09:00:00,06,02,2002,09,21197
06.02.2002-12:00:00,06,02,2002,12,24026
06.02.2002-15:00:00,06,02,2002,15,25368
06.02.2002-18:00:00,06,02,2002,18,24681
06.02.2002-21:00:00,06,02,2002,21,23643
06.03.2002-00:00:00,06,03,2002,00,21633
06.03.2002-03:00:00,06,03,2002,03,20251
06.03.2002-06:00:00,06,03,2002,06,18755
06.03.2002-09:00:00,06,03,2002,09,21379
06.03.2002-12:00:00,06,03,2002,12,24420
06.03.2002-15:00:00,06,03,2002,15,25743
06.03.2002-18:00:00,06,03,2002,18,25063
06.03.2002-21:00:00,06,03,2002,21,24069
06.04.2002-00:00:00,06,04,2002,00,22254
06.04.2002-03:00:00,06,04,2002,03,21211
06.04.2002-06:00:00,06,04,2002,06,21002
06.04.2002-09:00:00,06,04,2002,09,23592
06.04.2002-12:00:00,06,04,2002,12,26367
06.04.2002-15:00:00,06,04,2002,15,27716
06.04.2002-18:00:00,06,04,2002,18,27396
06.04.2002-21:00:00,06,04,2002,21,26621
06.05.2002-00:00:00,06,05,2002,00,24912
06.05.2002-03:00:00,06,05,2002,03,23387
06.05.2002-06:00:00,06,05,2002,06,22746
06.05.2002-09:00:00,06,05,2002,09,24847
06.05.2002-12:00:00,06,05,2002,12,27221
06.05.2002-15:00:00,06,05,2002,15,28487
06.05.2002-18:00:00,06,05,2002,18,28151
06.05.2002-21:00:00,06,05,2002,21,27090
06.06.2002-00:00:00,06,06,2002,00,25261
06.06.2002-03:00:00,06,06,2002,03,23793
06.06.2002-06:00:00,06,06,2002,06,22481
06.06.2002-09:00:00,06,06,2002,09,22964
06.06.2002-12:00:00,06,06,2002,12,23824
06.06.2002-15:00:00,06,06,2002,15,24283
06.06.2002-18:00:00,06,06,2002,18,23637
06.06.2002-21:00:00,06,06,2002,21,22753
06.07.2002-00:00:00,06,07,2002,00,21093
06.07.2002-03:00:00,06,07,2002,03,19988
06.07.2002-06:00:00,06,07,2002,06,18558
06.07.2002-09:00:00,06,07,2002,09,17897
06.07.2002-12:00:00,06,07,2002,12,19405
06.07.2002-15:00:00,06,07,2002,15,19708
06.07.2002-18:00:00,06,07,2002,18,18907
06.07.2002-21:00:00,06,07,2002,21,18079
06.08.2002-00:00:00,06,08,2002,00,17073
06.08.2002-03:00:00,06,08,2002,03,16353
06.08.2002-06:00:00,06,08,2002,06,15478
06.08.2002-09:00:00,06,08,2002,09,14921
06.08.2002-12:00:00,06,08,2002,12,14280
06.08.2002-15:00:00,06,08,2002,15,14503
06.08.2002-18:00:00,06,08,2002,18,14463
06.08.2002-21:00:00,06,08,2002,21,14001
06.09.2002-00:00:00,06,09,2002,00,13581
06.09.2002-03:00:00,06,09,2002,03,13275
06.09.2002-06:00:00,06,09,2002,06,12769
06.09.2002-09:00:00,06,09,2002,09,15127
06.09.2002-12:00:00,06,09,2002,12,18180
06.09.2002-15:00:00,06,09,2002,15,19598
06.09.2002-18:00:00,06,09,2002,18,18877
06.09.2002-21:00:00,06,09,2002,21,17989
06.10.2002-00:00:00,06,10,2002,00,16652
06.10.2002-03:00:00,06,10,2002,03,15705
06.10.2002-06:00:00,06,10,2002,06,15258
06.10.2002-09:00:00,06,10,2002,09,18180
06.10.2002-12:00:00,06,10,2002,12,21386
06.10.2002-15:00:00,06,10,2002,15,22497
06.10.2002-18:00:00,06,10,2002,18,22056
06.10.2002-21:00:00,06,10,2002,21,21119
06.11.2002-00:00:00,06,11,2002,00,19603
06.11.2002-03:00:00,06,11,2002,03,18386
06.11.2002-06:00:00,06,11,2002,06,17271
06.11.2002-09:00:00,06,11,2002,09,19425
06.11.2002-12:00:00,06,11,2002,12,21744
06.11.2002-15:00:00,06,11,2002,15,22642
06.11.2002-18:00:00,06,11,2002,18,21861
06.11.2002-21:00:00,06,11,2002,21,21049
06.12.2002-00:00:00,06,12,2002,00,19405
06.12.2002-03:00:00,06,12,2002,03,18385
06.12.2002-06:00:00,06,12,2002,06,17672
06.12.2002-09:00:00,06,12,2002,09,20580
06.12.2002-12:00:00,06,12,2002,12,23598
06.12.2002-15:00:00,06,12,2002,15,24949
06.12.2002-18:00:00,06,12,2002,18,24306
06.12.2002-21:00:00,06,12,2002,21,23339
06.13.2002-00:00:00,06,13,2002,00,21626
06.13.2002-03:00:00,06,13,2002,03,20316
06.13.2002-06:00:00,06,13,2002,06,19222
06.13.2002-09:00:00,06,13,2002,09,21910
06.13.2002-12:00:00,06,13,2002,12,24776
06.13.2002-15:00:00,06,13,2002,15,26068
06.13.2002-18:00:00,06,13,2002,18,25324
06.13.2002-21:00:00,06,13,2002,21,24098
06.14.2002-00:00:00,06,14,2002,00,22207
06.14.2002-03:00:00,06,14,2002,03,21182
06.14.2002-06:00:00,06,14,2002,06,20605
06.14.2002-09:00:00,06,14,2002,09,23490
06.14.2002-12:00:00,06,14,2002,12,26317
06.14.2002-15:00:00,06,14,2002,15,27723
06.14.2002-18:00:00,06,14,2002,18,27243
06.14.2002-21:00:00,06,14,2002,21,25781
06.15.2002-00:00:00,06,15,2002,00,24199
06.15.2002-03:00:00,06,15,2002,03,22950
06.15.2002-06:00:00,06,15,2002,06,22662
06.15.2002-09:00:00,06,15,2002,09,25427
06.15.2002-12:00:00,06,15,2002,12,28200
06.15.2002-15:00:00,06,15,2002,15,29361
06.15.2002-18:00:00,06,15,2002,18,28477
06.15.2002-21:00:00,06,15,2002,21,27115
06.16.2002-00:00:00,06,16,2002,00,25625
06.16.2002-03:00:00,06,16,2002,03,24165
06.16.2002-06:00:00,06,16,2002,06,23912
06.16.2002-09:00:00,06,16,2002,09,25846
06.16.2002-12:00:00,06,16,2002,12,27377
06.16.2002-15:00:00,06,16,2002,15,27877
06.16.2002-18:00:00,06,16,2002,18,26559
06.16.2002-21:00:00,06,16,2002,21,25670
06.17.2002-00:00:00,06,17,2002,00,24641
06.17.2002-03:00:00,06,17,2002,03,23706
06.17.2002-06:00:00,06,17,2002,06,23073
06.17.2002-09:00:00,06,17,2002,09,23261
06.17.2002-12:00:00,06,17,2002,12,23437
06.17.2002-15:00:00,06,17,2002,15,23413
06.17.2002-18:00:00,06,17,2002,18,22542
06.17.2002-21:00:00,06,17,2002,21,22019
06.18.2002-00:00:00,06,18,2002,00,20911
06.18.2002-03:00:00,06,18,2002,03,20148
06.18.2002-06:00:00,06,18,2002,06,19524
06.18.2002-09:00:00,06,18,2002,09,19985
06.18.2002-12:00:00,06,18,2002,12,20353
06.18.2002-15:00:00,06,18,2002,15,19925
06.18.2002-18:00:00,06,18,2002,18,19054
06.18.2002-21:00:00,06,18,2002,21,18405
06.19.2002-00:00:00,06,19,2002,00,17638
06.19.2002-03:00:00,06,19,2002,03,16854
06.19.2002-06:00:00,06,19,2002,06,16340
06.19.2002-09:00:00,06,19,2002,09,17617
06.19.2002-12:00:00,06,19,2002,12,18443
06.19.2002-15:00:00,06,19,2002,15,18130
06.19.2002-18:00:00,06,19,2002,18,17273
06.19.2002-21:00:00,06,19,2002,21,16583
06.20.2002-00:00:00,06,20,2002,00,15841
06.20.2002-03:00:00,06,20,2002,03,15466
06.20.2002-06:00:00,06,20,2002,06,14931
06.20.2002-09:00:00,06,20,2002,09,15921
06.20.2002-12:00:00,06,20,2002,12,16821
06.20.2002-15:00:00,06,20,2002,15,16379
06.20.2002-18:00:00,06,20,2002,18,15726
06.20.2002-21:00:00,06,20,2002,21,15034
06.21.2002-00:00:00,06,21,2002,00,14605
06.21.2002-03:00:00,06,21,2002,03,14210
06.21.2002-06:00:00,06,21,2002,06,13959
06.21.2002-09:00:00,06,21,2002,09,15014
06.21.2002-12:00:00,06,21,2002,12,15459
06.21.2002-15:00:00,06,21,2002,15,15172
06.21.2002-18:00:00,06,21,2002,18,14595
06.21.2002-21:00:00,06,21,2002,21,14342
06.22.2002-00:00:00,06,22,2002,00,14224
06.22.2002-03:00:00,06,22,2002,03,13872
06.22.2002-06:00:00,06,22,2002,06,13834
06.22.2002-09:00:00,06,22,2002,09,14182
06.22.2002-12:00:00,06,22,2002,12,14344
06.22.2002-15:00:00,06,22,2002,15,14012
06.22.2002-18:00:00,06,22,2002,18,13704
06.22.2002-21:00:00,06,22,2002,21,13549
06.23.2002-00:00:00,06,23,2002,00,13683
06.23.2002-03:00:00,06,23,2002,03,13551
06.23.2002-06:00:00,06,23,2002,06,13138
06.23.2002-09:00:00,06,23,2002,09,12926
06.23.2002-12:00:00,06,23,2002,12,12287
06.23.2002-15:00:00,06,23,2002,15,12031
06.23.2002-18:00:00,06,23,2002,18,12069
06.23.2002-21:00:00,06,23,2002,21,12338
06.24.2002-00:00:00,06,24,2002,00,12702
06.24.2002-03:00:00,06,24,2002,03,12388
06.24.2002-06:00:00,06,24,2002,06,12018
06.24.2002-09:00:00,06,24,2002,09,11219
06.24.2002-12:00:00,06,24,2002,12,10671
06.24.2002-15:00:00,06,24,2002,15,10676
06.24.2002-18:00:00,06,24,2002,18,10610
06.24.2002-21:00:00,06,24,2002,21,10938
06.25.2002-00:00:00,06,25,2002,00,11089
06.25.2002-03:00:00,06,25,2002,03,11412
06.25.2002-06:00:00,06,25,2002,06,10673
06.25.2002-09:00:00,06,25,2002,09,9979.7
06.25.2002-12:00:00,06,25,2002,12,9492.8
06.25.2002-15:00:00,06,25,2002,15,9317.2
06.25.2002-18:00:00,06,25,2002,18,9474.6
06.25.2002-21:00:00,06,25,2002,21,9805.5
06.26.2002-00:00:00,06,26,2002,00,9867.4
06.26.2002-03:00:00,06,26,2002,03,10193
06.26.2002-06:00:00,06,26,2002,06,9701.9
06.26.2002-09:00:00,06,26,2002,09,9016.6
06.26.2002-12:00:00,06,26,2002,12,8658.8
06.26.2002-15:00:00,06,26,2002,15,8475.9
06.26.2002-18:00:00,06,26,2002,18,8496.2
06.26.2002-21:00:00,06,26,2002,21,8714.5
06.27.2002-00:00:00,06,27,2002,00,9076.7
06.27.2002-03:00:00,06,27,2002,03,8844.8
06.27.2002-06:00:00,06,27,2002,06,8587.2
06.27.2002-09:00:00,06,27,2002,09,7860
06.27.2002-12:00:00,06,27,2002,12,7670
06.27.2002-15:00:00,06,27,2002,15,7511.3
06.27.2002-18:00:00,06,27,2002,18,7622.3
06.27.2002-21:00:00,06,27,2002,21,7808.2
06.28.2002-00:00:00,06,28,2002,00,8123.5
06.28.2002-03:00:00,06,28,2002,03,8085.3
06.28.2002-06:00:00,06,28,2002,06,8167.7
06.28.2002-09:00:00,06,28,2002,09,7734.2
06.28.2002-12:00:00,06,28,2002,12,7389.7
06.28.2002-15:00:00,06,28,2002,15,7401.7
06.28.2002-18:00:00,06,28,2002,18,7392.5
06.28.2002-21:00:00,06,28,2002,21,7392.5
06.29.2002-00:00:00,06,29,2002,00,7738.3
06.29.2002-03:00:00,06,29,2002,03,7779.4
06.29.2002-06:00:00,06,29,2002,06,7697.4
06.29.2002-09:00:00,06,29,2002,09,7551.8
06.29.2002-12:00:00,06,29,2002,12,7376.9
06.29.2002-15:00:00,06,29,2002,15,7302
06.29.2002-18:00:00,06,29,2002,18,7450.5
06.29.2002-21:00:00,06,29,2002,21,7599.7
06.30.2002-00:00:00,06,30,2002,00,7271.7
06.30.2002-03:00:00,06,30,2002,03,7142.7
06.30.2002-06:00:00,06,30,2002,06,6911
06.30.2002-09:00:00,06,30,2002,09,6523
06.30.2002-12:00:00,06,30,2002,12,6223.4
06.30.2002-15:00:00,06,30,2002,15,6268.9
06.30.2002-18:00:00,06,30,2002,18,6218
06.30.2002-21:00:00,06,30,2002,21,6324.6
07.01.2002-00:00:00,07,01,2002,00,6362.5
07.01.2002-03:00:00,07,01,2002,03,6338.6
07.01.2002-06:00:00,07,01,2002,06,6051.7
07.01.2002-09:00:00,07,01,2002,09,5546.6
07.01.2002-12:00:00,07,01,2002,12,5373.4
07.01.2002-15:00:00,07,01,2002,15,5400.3
07.01.2002-18:00:00,07,01,2002,18,5538.1
07.01.2002-21:00:00,07,01,2002,21,5679.9
07.02.2002-00:00:00,07,02,2002,00,5758.2
07.02.2002-03:00:00,07,02,2002,03,5766.3
07.02.2002-06:00:00,07,02,2002,06,5449.9
07.02.2002-09:00:00,07,02,2002,09,4931.9
07.02.2002-12:00:00,07,02,2002,12,4733.8
07.02.2002-15:00:00,07,02,2002,15,4837.3
07.02.2002-18:00:00,07,02,2002,18,4959.6
07.02.2002-21:00:00,07,02,2002,21,5179.1
07.03.2002-00:00:00,07,03,2002,00,5259.4
07.03.2002-03:00:00,07,03,2002,03,5198.8
07.03.2002-06:00:00,07,03,2002,06,4920.4
07.03.2002-09:00:00,07,03,2002,09,4476.5
07.03.2002-12:00:00,07,03,2002,12,4297.3
07.03.2002-15:00:00,07,03,2002,15,4454.8
07.03.2002-18:00:00,07,03,2002,18,4550.3
07.03.2002-21:00:00,07,03,2002,21,4790.2
07.04.2002-00:00:00,07,04,2002,00,4872.3
07.04.2002-03:00:00,07,04,2002,03,4843.8
07.04.2002-06:00:00,07,04,2002,06,4657.5
07.04.2002-09:00:00,07,04,2002,09,4254.6
07.04.2002-12:00:00,07,04,2002,12,4104.2
07.04.2002-15:00:00,07,04,2002,15,4213.8
07.04.2002-18:00:00,07,04,2002,18,4354.9
07.04.2002-21:00:00,07,04,2002,21,4538.6
07.05.2002-00:00:00,07,05,2002,00,4614
07.05.2002-03:00:00,07,05,2002,03,4613.5
07.05.2002-06:00:00,07,05,2002,06,4368.8
07.05.2002-09:00:00,07,05,2002,09,3795.4
07.05.2002-12:00:00,07,05,2002,12,3589
07.05.2002-15:00:00,07,05,2002,15,3793.3
07.05.2002-18:00:00,07,05,2002,18,3960.6
07.05.2002-21:00:00,07,05,2002,21,4186.1
07.06.2002-00:00:00,07,06,2002,00,4235.1
07.06.2002-03:00:00,07,06,2002,03,4247.2
07.06.2002-06:00:00,07,06,2002,06,3950.9
07.06.2002-09:00:00,07,06,2002,09,3385.6
07.06.2002-12:00:00,07,06,2002,12,3203.5
07.06.2002-15:00:00,07,06,2002,15,3419.9
07.06.2002-18:00:00,07,06,2002,18,3599
07.06.2002-21:00:00,07,06,2002,21,3845.9
07.07.2002-00:00:00,07,07,2002,00,3904.8
07.07.2002-03:00:00,07,07,2002,03,3921.5
07.07.2002-06:00:00,07,07,2002,06,3625.8
07.07.2002-09:00:00,07,07,2002,09,3131.2
07.07.2002-12:00:00,07,07,2002,12,2962
07.07.2002-15:00:00,07,07,2002,15,3170.9
07.07.2002-18:00:00,07,07,2002,18,3337.6
07.07.2002-21:00:00,07,07,2002,21,3595.7
07.08.2002-00:00:00,07,08,2002,00,5230.3
07.08.2002-03:00:00,07,08,2002,03,5836.9
07.08.2002-06:00:00,07,08,2002,06,5924.7
07.08.2002-09:00:00,07,08,2002,09,5798.6
07.08.2002-12:00:00,07,08,2002,12,5765.1
07.08.2002-15:00:00,07,08,2002,15,6070.8
07.08.2002-18:00:00,07,08,2002,18,6394.7
07.08.2002-21:00:00,07,08,2002,21,6831.2
07.09.2002-00:00:00,07,09,2002,00,5239.6
07.09.2002-03:00:00,07,09,2002,03,4888.1
07.09.2002-06:00:00,07,09,2002,06,4397.4
07.09.2002-09:00:00,07,09,2002,09,3721.6
07.09.2002-12:00:00,07,09,2002,12,3394.4
07.09.2002-15:00:00,07,09,2002,15,3438.5
07.09.2002-18:00:00,07,09,2002,18,3548.9
07.09.2002-21:00:00,07,09,2002,21,3685.9
07.10.2002-00:00:00,07,10,2002,00,3768.5
07.10.2002-03:00:00,07,10,2002,03,3711.8
07.10.2002-06:00:00,07,10,2002,06,3362.2
07.10.2002-09:00:00,07,10,2002,09,2848.7
07.10.2002-12:00:00,07,10,2002,12,2748.4
07.10.2002-15:00:00,07,10,2002,15,2880.6
07.10.2002-18:00:00,07,10,2002,18,3005
07.10.2002-21:00:00,07,10,2002,21,3277.9
07.11.2002-00:00:00,07,11,2002,00,3335.8
07.11.2002-03:00:00,07,11,2002,03,3321.9
07.11.2002-06:00:00,07,11,2002,06,2959.1
07.11.2002-09:00:00,07,11,2002,09,2596.6
07.11.2002-12:00:00,07,11,2002,12,2748
07.11.2002-15:00:00,07,11,2002,15,2669.9
07.11.2002-18:00:00,07,11,2002,18,2769.5
07.11.2002-21:00:00,07,11,2002,21,3005.8
07.12.2002-00:00:00,07,12,2002,00,3093.8
07.12.2002-03:00:00,07,12,2002,03,3062
07.12.2002-06:00:00,07,12,2002,06,2716.5
07.12.2002-09:00:00,07,12,2002,09,2356.4
07.12.2002-12:00:00,07,12,2002,12,2438.8
07.12.2002-15:00:00,07,12,2002,15,2445.5
07.12.2002-18:00:00,07,12,2002,18,2553.6
07.12.2002-21:00:00,07,12,2002,21,2797.4
07.13.2002-00:00:00,07,13,2002,00,2861.2
07.13.2002-03:00:00,07,13,2002,03,2827.5
07.13.2002-06:00:00,07,13,2002,06,2523.7
07.13.2002-09:00:00,07,13,2002,09,2273.4
07.13.2002-12:00:00,07,13,2002,12,2197.3
07.13.2002-15:00:00,07,13,2002,15,2315.5
07.13.2002-18:00:00,07,13,2002,18,2403.4
07.13.2002-21:00:00,07,13,2002,21,2668.6
07.14.2002-00:00:00,07,14,2002,00,2695.5
07.14.2002-03:00:00,07,14,2002,03,2656.9
07.14.2002-06:00:00,07,14,2002,06,2387.9
07.14.2002-09:00:00,07,14,2002,09,1977.8
07.14.2002-12:00:00,07,14,2002,12,1936.7
07.14.2002-15:00:00,07,14,2002,15,2055.9
07.14.2002-18:00:00,07,14,2002,18,2230.3
07.14.2002-21:00:00,07,14,2002,21,2445.2
07.15.2002-00:00:00,07,15,2002,00,2545
07.15.2002-03:00:00,07,15,2002,03,2521.6
07.15.2002-06:00:00,07,15,2002,06,2236.1
07.15.2002-09:00:00,07,15,2002,09,1881.5
07.15.2002-12:00:00,07,15,2002,12,1800.7
07.15.2002-15:00:00,07,15,2002,15,1961.5
07.15.2002-18:00:00,07,15,2002,18,2093.1
07.15.2002-21:00:00,07,15,2002,21,2323.5
07.16.2002-00:00:00,07,16,2002,00,2395.6
07.16.2002-03:00:00,07,16,2002,03,2376.1
07.16.2002-06:00:00,07,16,2002,06,2100.7
07.16.2002-09:00:00,07,16,2002,09,1783.7
07.16.2002-12:00:00,07,16,2002,12,1682.1
07.16.2002-15:00:00,07,16,2002,15,1868.8
07.16.2002-18:00:00,07,16,2002,18,1975.7
07.16.2002-21:00:00,07,16,2002,21,2170.2
07.17.2002-00:00:00,07,17,2002,00,2263.5
07.17.2002-03:00:00,07,17,2002,03,2226.9
07.17.2002-06:00:00,07,17,2002,06,1968.6
07.17.2002-09:00:00,07,17,2002,09,1680.7
07.17.2002-12:00:00,07,17,2002,12,1593.2
07.17.2002-15:00:00,07,17,2002,15,1762.2
07.17.2002-18:00:00,07,17,2002,18,1882.5
07.17.2002-21:00:00,07,17,2002,21,2046.6
07.18.2002-00:00:00,07,18,2002,00,2136.3
07.18.2002-03:00:00,07,18,2002,03,2102
07.18.2002-06:00:00,07,18,2002,06,1858.5
07.18.2002-09:00:00,07,18,2002,09,1577.8
07.18.2002-12:00:00,07,18,2002,12,1486
07.18.2002-15:00:00,07,18,2002,15,1650.7
07.18.2002-18:00:00,07,18,2002,18,1765.7
07.18.2002-21:00:00,07,18,2002,21,1930.8
07.19.2002-00:00:00,07,19,2002,00,2012.7
07.19.2002-03:00:00,07,19,2002,03,2002.7
07.19.2002-06:00:00,07,19,2002,06,1798.8
07.19.2002-09:00:00,07,19,2002,09,1505.5
07.19.2002-12:00:00,07,19,2002,12,1476.5
07.19.2002-15:00:00,07,19,2002,15,1581.1
07.19.2002-18:00:00,07,19,2002,18,1721.7
07.19.2002-21:00:00,07,19,2002,21,1873
07.20.2002-00:00:00,07,20,2002,00,1932.5
07.20.2002-03:00:00,07,20,2002,03,1933.1
07.20.2002-06:00:00,07,20,2002,06,1713.4
07.20.2002-09:00:00,07,20,2002,09,1409
07.20.2002-12:00:00,07,20,2002,12,1351.1
07.20.2002-15:00:00,07,20,2002,15,1472.9
07.20.2002-18:00:00,07,20,2002,18,1614.9
07.20.2002-21:00:00,07,20,2002,21,1776.2
07.21.2002-00:00:00,07,21,2002,00,1817.8
07.21.2002-03:00:00,07,21,2002,03,1823
07.21.2002-06:00:00,07,21,2002,06,1597.8
07.21.2002-09:00:00,07,21,2002,09,1328.1
07.21.2002-12:00:00,07,21,2002,12,1248
07.21.2002-15:00:00,07,21,2002,15,1384.5
07.21.2002-18:00:00,07,21,2002,18,1535.6
07.21.2002-21:00:00,07,21,2002,21,1673
07.22.2002-00:00:00,07,22,2002,00,1728.2
07.22.2002-03:00:00,07,22,2002,03,1734.4
07.22.2002-06:00:00,07,22,2002,06,1526.7
07.22.2002-09:00:00,07,22,2002,09,1240.8
07.22.2002-12:00:00,07,22,2002,12,1202.6
07.22.2002-15:00:00,07,22,2002,15,1311.4
07.22.2002-18:00:00,07,22,2002,18,1448
07.22.2002-21:00:00,07,22,2002,21,1607.6
07.23.2002-00:00:00,07,23,2002,00,1641.8
07.23.2002-03:00:00,07,23,2002,03,1650.1
07.23.2002-06:00:00,07,23,2002,06,1448.3
07.23.2002-09:00:00,07,23,2002,09,1187
07.23.2002-12:00:00,07,23,2002,12,1166
07.23.2002-15:00:00,07,23,2002,15,1254.5
07.23.2002-18:00:00,07,23,2002,18,1382.3
07.23.2002-21:00:00,07,23,2002,21,1522
07.24.2002-00:00:00,07,24,2002,00,1560.9
07.24.2002-03:00:00,07,24,2002,03,1544.2
07.24.2002-06:00:00,07,24,2002,06,1360
07.24.2002-09:00:00,07,24,2002,09,1143.4
07.24.2002-12:00:00,07,24,2002,12,1107
07.24.2002-15:00:00,07,24,2002,15,1187.9
07.24.2002-18:00:00,07,24,2002,18,1305.4
07.24.2002-21:00:00,07,24,2002,21,1437.6
07.25.2002-00:00:00,07,25,2002,00,1470.2
07.25.2002-03:00:00,07,25,2002,03,1443.6
07.25.2002-06:00:00,07,25,2002,06,1320.3
07.25.2002-09:00:00,07,25,2002,09,1168
07.25.2002-12:00:00,07,25,2002,12,1138.3
07.25.2002-15:00:00,07,25,2002,15,1205
07.25.2002-18:00:00,07,25,2002,18,1286.7
07.25.2002-21:00:00,07,25,2002,21,1394.2
07.26.2002-00:00:00,07,26,2002,00,1443.8
07.26.2002-03:00:00,07,26,2002,03,1420.5
07.26.2002-06:00:00,07,26,2002,06,1279.6
07.26.2002-09:00:00,07,26,2002,09,1096.1
07.26.2002-12:00:00,07,26,2002,12,1033.7
07.26.2002-15:00:00,07,26,2002,15,1129.5
07.26.2002-18:00:00,07,26,2002,18,1232.5
07.26.2002-21:00:00,07,26,2002,21,1332.5
07.27.2002-00:00:00,07,27,2002,00,1372.9
07.27.2002-03:00:00,07,27,2002,03,1367.8
07.27.2002-06:00:00,07,27,2002,06,1255.3
07.27.2002-09:00:00,07,27,2002,09,1079.6
07.27.2002-12:00:00,07,27,2002,12,1029.1
07.27.2002-15:00:00,07,27,2002,15,1131.5
07.27.2002-18:00:00,07,27,2002,18,1206
07.27.2002-21:00:00,07,27,2002,21,1299.3
07.28.2002-00:00:00,07,28,2002,00,1335.7
07.28.2002-03:00:00,07,28,2002,03,1319.5
07.28.2002-06:00:00,07,28,2002,06,1261
07.28.2002-09:00:00,07,28,2002,09,1187.2
07.28.2002-12:00:00,07,28,2002,12,1171.2
07.28.2002-15:00:00,07,28,2002,15,1214.2
07.28.2002-18:00:00,07,28,2002,18,1240.3
07.28.2002-21:00:00,07,28,2002,21,1309.1
07.29.2002-00:00:00,07,29,2002,00,1336.9
07.29.2002-03:00:00,07,29,2002,03,1307.8
07.29.2002-06:00:00,07,29,2002,06,1267.1
07.29.2002-09:00:00,07,29,2002,09,1194
07.29.2002-12:00:00,07,29,2002,12,1174.8
07.29.2002-15:00:00,07,29,2002,15,1207.1
07.29.2002-18:00:00,07,29,2002,18,1226.3
07.29.2002-21:00:00,07,29,2002,21,1289.8
07.30.2002-00:00:00,07,30,2002,00,1315.2
07.30.2002-03:00:00,07,30,2002,03,1281
07.30.2002-06:00:00,07,30,2002,06,1195.2
07.30.2002-09:00:00,07,30,2002,09,1037.7
07.30.2002-12:00:00,07,30,2002,12,984.96
07.30.2002-15:00:00,07,30,2002,15,1058.7
07.30.2002-18:00:00,07,30,2002,18,1118.3
07.30.2002-21:00:00,07,30,2002,21,1212.2
07.31.2002-00:00:00,07,31,2002,00,1242.8
07.31.2002-03:00:00,07,31,2002,03,1237.5
07.31.2002-06:00:00,07,31,2002,06,1124.5
07.31.2002-09:00:00,07,31,2002,09,945.13
07.31.2002-12:00:00,07,31,2002,12,891.26
07.31.2002-15:00:00,07,31,2002,15,968.55
07.31.2002-18:00:00,07,31,2002,18,1045.9
07.31.2002-21:00:00,07,31,2002,21,1136.6
08.01.2002-00:00:00,08,01,2002,00,1173.4
08.01.2002-03:00:00,08,01,2002,03,1195.1
08.01.2002-06:00:00,08,01,2002,06,1115.3
08.01.2002-09:00:00,08,01,2002,09,921.85
08.01.2002-12:00:00,08,01,2002,12,866.1
08.01.2002-15:00:00,08,01,2002,15,936.69
08.01.2002-18:00:00,08,01,2002,18,977.42
08.01.2002-21:00:00,08,01,2002,21,1091
08.02.2002-00:00:00,08,02,2002,00,1119.3
08.02.2002-03:00:00,08,02,2002,03,1127.2
08.02.2002-06:00:00,08,02,2002,06,1054
08.02.2002-09:00:00,08,02,2002,09,887.42
08.02.2002-12:00:00,08,02,2002,12,836.32
08.02.2002-15:00:00,08,02,2002,15,902.44
08.02.2002-18:00:00,08,02,2002,18,934.34
08.02.2002-21:00:00,08,02,2002,21,1048.5
08.03.2002-00:00:00,08,03,2002,00,1078.4
08.03.2002-03:00:00,08,03,2002,03,1103.5
08.03.2002-06:00:00,08,03,2002,06,1040.8
08.03.2002-09:00:00,08,03,2002,09,872.56
08.03.2002-12:00:00,08,03,2002,12,826.66
08.03.2002-15:00:00,08,03,2002,15,888.78
08.03.2002-18:00:00,08,03,2002,18,925.58
08.03.2002-21:00:00,08,03,2002,21,1018.2
08.04.2002-00:00:00,08,04,2002,00,1046.8
08.04.2002-03:00:00,08,04,2002,03,1055
08.04.2002-06:00:00,08,04,2002,06,987.42
08.04.2002-09:00:00,08,04,2002,09,843.88
08.04.2002-12:00:00,08,04,2002,12,798.32
08.04.2002-15:00:00,08,04,2002,15,856.52
08.04.2002-18:00:00,08,04,2002,18,891.1
08.04.2002-21:00:00,08,04,2002,21,982.05
08.05.2002-00:00:00,08,05,2002,00,1010.1
08.05.2002-03:00:00,08,05,2002,03,1040
08.05.2002-06:00:00,08,05,2002,06,984.74
08.05.2002-09:00:00,08,05,2002,09,834.36
08.05.2002-12:00:00,08,05,2002,12,789.66
08.05.2002-15:00:00,08,05,2002,15,845.12
08.05.2002-18:00:00,08,05,2002,18,884.61
08.05.2002-21:00:00,08,05,2002,21,959.55
08.06.2002-00:00:00,08,06,2002,00,992.47
08.06.2002-03:00:00,08,06,2002,03,1009
08.06.2002-06:00:00,08,06,2002,06,970.22
08.06.2002-09:00:00,08,06,2002,09,891.98
08.06.2002-12:00:00,08,06,2002,12,821.56
08.06.2002-15:00:00,08,06,2002,15,859.73
08.06.2002-18:00:00,08,06,2002,18,900.97
08.06.2002-21:00:00,08,06,2002,21,988.6
08.07.2002-00:00:00,08,07,2002,00,1001.6
08.07.2002-03:00:00,08,07,2002,03,1003
08.07.2002-06:00:00,08,07,2002,06,933.73
08.07.2002-09:00:00,08,07,2002,09,814.65
08.07.2002-12:00:00,08,07,2002,12,752.33
08.07.2002-15:00:00,08,07,2002,15,793.63
08.07.2002-18:00:00,08,07,2002,18,827.35
08.07.2002-21:00:00,08,07,2002,21,903.69
08.08.2002-00:00:00,08,08,2002,00,931.44
08.08.2002-03:00:00,08,08,2002,03,942.13
08.08.2002-06:00:00,08,08,2002,06,871.39
08.08.2002-09:00:00,08,08,2002,09,739.75
08.08.2002-12:00:00,08,08,2002,12,692.55
08.08.2002-15:00:00,08,08,2002,15,733.77
08.08.2002-18:00:00,08,08,2002,18,759.64
08.08.2002-21:00:00,08,08,2002,21,843.01
08.09.2002-00:00:00,08,09,2002,00,869.29
08.09.2002-03:00:00,08,09,2002,03,871.02
08.09.2002-06:00:00,08,09,2002,06,813.7
08.09.2002-09:00:00,08,09,2002,09,709.37
08.09.2002-12:00:00,08,09,2002,12,668.48
08.09.2002-15:00:00,08,09,2002,15,709.45
08.09.2002-18:00:00,08,09,2002,18,735.94
08.09.2002-21:00:00,08,09,2002,21,806.69
08.10.2002-00:00:00,08,10,2002,00,837.56
08.10.2002-03:00:00,08,10,2002,03,833.62
08.10.2002-06:00:00,08,10,2002,06,785.2
08.10.2002-09:00:00,08,10,2002,09,691.09
08.10.2002-12:00:00,08,10,2002,12,652.48
08.10.2002-15:00:00,08,10,2002,15,692.87
08.10.2002-18:00:00,08,10,2002,18,717.91
08.10.2002-21:00:00,08,10,2002,21,782.04
08.11.2002-00:00:00,08,11,2002,00,812.28
08.11.2002-03:00:00,08,11,2002,03,813.77
08.11.2002-06:00:00,08,11,2002,06,765.46
08.11.2002-09:00:00,08,11,2002,09,663.46
08.11.2002-12:00:00,08,11,2002,12,622.03
08.11.2002-15:00:00,08,11,2002,15,663.14
08.11.2002-18:00:00,08,11,2002,18,689.21
08.11.2002-21:00:00,08,11,2002,21,753.67
08.12.2002-00:00:00,08,12,2002,00,780.01
08.12.2002-03:00:00,08,12,2002,03,788.12
08.12.2002-06:00:00,08,12,2002,06,731.56
08.12.2002-09:00:00,08,12,2002,09,629.37
08.12.2002-12:00:00,08,12,2002,12,593.51
08.12.2002-15:00:00,08,12,2002,15,635.79
08.12.2002-18:00:00,08,12,2002,18,659.44
08.12.2002-21:00:00,08,12,2002,21,724.29
08.13.2002-00:00:00,08,13,2002,00,748.13
08.13.2002-03:00:00,08,13,2002,03,755.4
08.13.2002-06:00:00,08,13,2002,06,699.47
08.13.2002-09:00:00,08,13,2002,09,603.87
08.13.2002-12:00:00,08,13,2002,12,582.02
08.13.2002-15:00:00,08,13,2002,15,618.79
08.13.2002-18:00:00,08,13,2002,18,632.72
08.13.2002-21:00:00,08,13,2002,21,700.64
08.14.2002-00:00:00,08,14,2002,00,724.12
08.14.2002-03:00:00,08,14,2002,03,720.47
08.14.2002-06:00:00,08,14,2002,06,674.9
08.14.2002-09:00:00,08,14,2002,09,599.89
08.14.2002-12:00:00,08,14,2002,12,577
08.14.2002-15:00:00,08,14,2002,15,616.04
08.14.2002-18:00:00,08,14,2002,18,639.1
08.14.2002-21:00:00,08,14,2002,21,691.83
08.15.2002-00:00:00,08,15,2002,00,711.49
08.15.2002-03:00:00,08,15,2002,03,716.48
08.15.2002-06:00:00,08,15,2002,06,670.32
08.15.2002-09:00:00,08,15,2002,09,577.68
08.15.2002-12:00:00,08,15,2002,12,543.72
08.15.2002-15:00:00,08,15,2002,15,584.67
08.15.2002-18:00:00,08,15,2002,18,608.51
08.15.2002-21:00:00,08,15,2002,21,665.68
08.16.2002-00:00:00,08,16,2002,00,684.63
08.16.2002-03:00:00,08,16,2002,03,690.29
08.16.2002-06:00:00,08,16,2002,06,649.44
08.16.2002-09:00:00,08,16,2002,09,557.46
08.16.2002-12:00:00,08,16,2002,12,522.59
08.16.2002-15:00:00,08,16,2002,15,567.16
08.16.2002-18:00:00,08,16,2002,18,593.32
08.16.2002-21:00:00,08,16,2002,21,649
08.17.2002-00:00:00,08,17,2002,00,666.99
08.17.2002-03:00:00,08,17,2002,03,678.98
08.17.2002-06:00:00,08,17,2002,06,648.87
08.17.2002-09:00:00,08,17,2002,09,551.83
08.17.2002-12:00:00,08,17,2002,12,517.66
08.17.2002-15:00:00,08,17,2002,15,560.93
08.17.2002-18:00:00,08,17,2002,18,590.29
08.17.2002-21:00:00,08,17,2002,21,637.44
08.18.2002-00:00:00,08,18,2002,00,654.31
08.18.2002-03:00:00,08,18,2002,03,662.62
08.18.2002-06:00:00,08,18,2002,06,627.09
08.18.2002-09:00:00,08,18,2002,09,536.39
08.18.2002-12:00:00,08,18,2002,12,505.02
08.18.2002-15:00:00,08,18,2002,15,544.17
08.18.2002-18:00:00,08,18,2002,18,573.78
08.18.2002-21:00:00,08,18,2002,21,621.16
08.19.2002-00:00:00,08,19,2002,00,633.03
08.19.2002-03:00:00,08,19,2002,03,636.51
08.19.2002-06:00:00,08,19,2002,06,607.23
08.19.2002-09:00:00,08,19,2002,09,541.71
08.19.2002-12:00:00,08,19,2002,12,521.03
08.19.2002-15:00:00,08,19,2002,15,554.2
08.19.2002-18:00:00,08,19,2002,18,581.46
08.19.2002-21:00:00,08,19,2002,21,617.04
08.20.2002-00:00:00,08,20,2002,00,630.96
08.20.2002-03:00:00,08,20,2002,03,633.54
08.20.2002-06:00:00,08,20,2002,06,598.21
08.20.2002-09:00:00,08,20,2002,09,526.71
08.20.2002-12:00:00,08,20,2002,12,500.05
08.20.2002-15:00:00,08,20,2002,15,531.54
08.20.2002-18:00:00,08,20,2002,18,561.28
08.20.2002-21:00:00,08,20,2002,21,599.91
08.21.2002-00:00:00,08,21,2002,00,609.22
08.21.2002-03:00:00,08,21,2002,03,612.31
08.21.2002-06:00:00,08,21,2002,06,580.74
08.21.2002-09:00:00,08,21,2002,09,509.66
08.21.2002-12:00:00,08,21,2002,12,482.38
08.21.2002-15:00:00,08,21,2002,15,512.69
08.21.2002-18:00:00,08,21,2002,18,541.7
08.21.2002-21:00:00,08,21,2002,21,584.53
08.22.2002-00:00:00,08,22,2002,00,593.99
08.22.2002-03:00:00,08,22,2002,03,594.01
08.22.2002-06:00:00,08,22,2002,06,563.58
08.22.2002-09:00:00,08,22,2002,09,493.86
08.22.2002-12:00:00,08,22,2002,12,465.35
08.22.2002-15:00:00,08,22,2002,15,495.21
08.22.2002-18:00:00,08,22,2002,18,523.31
08.22.2002-21:00:00,08,22,2002,21,567.74
08.23.2002-00:00:00,08,23,2002,00,580.05
08.23.2002-03:00:00,08,23,2002,03,579.49
08.23.2002-06:00:00,08,23,2002,06,547.79
08.23.2002-09:00:00,08,23,2002,09,470.65
08.23.2002-12:00:00,08,23,2002,12,442.34
08.23.2002-15:00:00,08,23,2002,15,474.53
08.23.2002-18:00:00,08,23,2002,18,499.78
08.23.2002-21:00:00,08,23,2002,21,549.74
08.24.2002-00:00:00,08,24,2002,00,562.06
08.24.2002-03:00:00,08,24,2002,03,564.15
08.24.2002-06:00:00,08,24,2002,06,533.65
08.24.2002-09:00:00,08,24,2002,09,458.6
08.24.2002-12:00:00,08,24,2002,12,433.97
08.24.2002-15:00:00,08,24,2002,15,464.99
08.24.2002-18:00:00,08,24,2002,18,488.77
08.24.2002-21:00:00,08,24,2002,21,535.98
08.25.2002-00:00:00,08,25,2002,00,601.63
08.25.2002-03:00:00,08,25,2002,03,654.92
08.25.2002-06:00:00,08,25,2002,06,644.28
08.25.2002-09:00:00,08,25,2002,09,605.33
08.25.2002-12:00:00,08,25,2002,12,553.39
08.25.2002-15:00:00,08,25,2002,15,584.84
08.25.2002-18:00:00,08,25,2002,18,628.76
08.25.2002-21:00:00,08,25,2002,21,684.28
08.26.2002-00:00:00,08,26,2002,00,635.4
08.26.2002-03:00:00,08,26,2002,03,632.89
08.26.2002-06:00:00,08,26,2002,06,593.43
08.26.2002-09:00:00,08,26,2002,09,530.2
08.26.2002-12:00:00,08,26,2002,12,476.73
08.26.2002-15:00:00,08,26,2002,15,498.44
08.26.2002-18:00:00,08,26,2002,18,529.73
08.26.2002-21:00:00,08,26,2002,21,577.47
08.27.2002-00:00:00,08,27,2002,00,566.29
08.27.2002-03:00:00,08,27,2002,03,561.21
08.27.2002-06:00:00,08,27,2002,06,521.33
08.27.2002-09:00:00,08,27,2002,09,452.8
08.27.2002-12:00:00,08,27,2002,12,420.72
08.27.2002-15:00:00,08,27,2002,15,446.99
08.27.2002-18:00:00,08,27,2002,18,468.76
08.27.2002-21:00:00,08,27,2002,21,513.01
08.28.2002-00:00:00,08,28,2002,00,528.06
08.28.2002-03:00:00,08,28,2002,03,529.41
08.28.2002-06:00:00,08,28,2002,06,501.87
08.28.2002-09:00:00,08,28,2002,09,431.19
08.28.2002-12:00:00,08,28,2002,12,405.9
08.28.2002-15:00:00,08,28,2002,15,434.46
08.28.2002-18:00:00,08,28,2002,18,458.4
08.28.2002-21:00:00,08,28,2002,21,500.43
08.29.2002-00:00:00,08,29,2002,00,511.02
08.29.2002-03:00:00,08,29,2002,03,510.58
08.29.2002-06:00:00,08,29,2002,06,486.19
08.29.2002-09:00:00,08,29,2002,09,431.32
08.29.2002-12:00:00,08,29,2002,12,412.64
08.29.2002-15:00:00,08,29,2002,15,437.08
08.29.2002-18:00:00,08,29,2002,18,462.64
08.29.2002-21:00:00,08,29,2002,21,495.29
08.30.2002-00:00:00,08,30,2002,00,504.18
08.30.2002-03:00:00,08,30,2002,03,509.14
08.30.2002-06:00:00,08,30,2002,06,480.21
08.30.2002-09:00:00,08,30,2002,09,421.46
08.30.2002-12:00:00,08,30,2002,12,397.35
08.30.2002-15:00:00,08,30,2002,15,423.74
08.30.2002-18:00:00,08,30,2002,18,447.49
08.30.2002-21:00:00,08,30,2002,21,484.69
08.31.2002-00:00:00,08,31,2002,00,496.84
08.31.2002-03:00:00,08,31,2002,03,500.37
08.31.2002-06:00:00,08,31,2002,06,477.63
08.31.2002-09:00:00,08,31,2002,09,427.02
08.31.2002-12:00:00,08,31,2002,12,402.39
08.31.2002-15:00:00,08,31,2002,15,423.61
08.31.2002-18:00:00,08,31,2002,18,450.45
08.31.2002-21:00:00,08,31,2002,21,482.09
09.01.2002-00:00:00,09,01,2002,00,486.93
09.01.2002-03:00:00,09,01,2002,03,484.15
09.01.2002-06:00:00,09,01,2002,06,463.59
09.01.2002-09:00:00,09,01,2002,09,434.05
09.01.2002-12:00:00,09,01,2002,12,421.36
09.01.2002-15:00:00,09,01,2002,15,435.05
09.01.2002-18:00:00,09,01,2002,18,461.13
09.01.2002-21:00:00,09,01,2002,21,482.24
09.02.2002-00:00:00,09,02,2002,00,491.5
09.02.2002-03:00:00,09,02,2002,03,492.02
09.02.2002-06:00:00,09,02,2002,06,473.39
09.02.2002-09:00:00,09,02,2002,09,416.6
09.02.2002-12:00:00,09,02,2002,12,389.74
09.02.2002-15:00:00,09,02,2002,15,408.82
09.02.2002-18:00:00,09,02,2002,18,446.01
09.02.2002-21:00:00,09,02,2002,21,466.72
09.03.2002-00:00:00,09,03,2002,00,475.05
09.03.2002-03:00:00,09,03,2002,03,477.49
09.03.2002-06:00:00,09,03,2002,06,463.61
09.03.2002-09:00:00,09,03,2002,09,414.88
09.03.2002-12:00:00,09,03,2002,12,390.79
09.03.2002-15:00:00,09,03,2002,15,410.83
09.03.2002-18:00:00,09,03,2002,18,443.18
09.03.2002-21:00:00,09,03,2002,21,464.86
09.04.2002-00:00:00,09,04,2002,00,472.38
09.04.2002-03:00:00,09,04,2002,03,475.42
09.04.2002-06:00:00,09,04,2002,06,465.47
09.04.2002-09:00:00,09,04,2002,09,407.33
09.04.2002-12:00:00,09,04,2002,12,379.04
09.04.2002-15:00:00,09,04,2002,15,401.13
09.04.2002-18:00:00,09,04,2002,18,436.86
09.04.2002-21:00:00,09,04,2002,21,455.34
09.05.2002-00:00:00,09,05,2002,00,467.55
09.05.2002-03:00:00,09,05,2002,03,468.81
09.05.2002-06:00:00,09,05,2002,06,479.8
09.05.2002-09:00:00,09,05,2002,09,413.05
09.05.2002-12:00:00,09,05,2002,12,380.73
09.05.2002-15:00:00,09,05,2002,15,397.36
09.05.2002-18:00:00,09,05,2002,18,434.17
09.05.2002-21:00:00,09,05,2002,21,455.97
09.06.2002-00:00:00,09,06,2002,00,459.75
09.06.2002-03:00:00,09,06,2002,03,462.27
09.06.2002-06:00:00,09,06,2002,06,456.13
09.06.2002-09:00:00,09,06,2002,09,398.82
09.06.2002-12:00:00,09,06,2002,12,370.5
09.06.2002-15:00:00,09,06,2002,15,389.7
09.06.2002-18:00:00,09,06,2002,18,425.58
09.06.2002-21:00:00,09,06,2002,21,442.6
09.07.2002-00:00:00,09,07,2002,00,449.79
09.07.2002-03:00:00,09,07,2002,03,454.3
09.07.2002-06:00:00,09,07,2002,06,457.55
09.07.2002-09:00:00,09,07,2002,09,501.92
09.07.2002-12:00:00,09,07,2002,12,414.81
09.07.2002-15:00:00,09,07,2002,15,412.83
09.07.2002-18:00:00,09,07,2002,18,450.4
09.07.2002-21:00:00,09,07,2002,21,470.79
09.08.2002-00:00:00,09,08,2002,00,457.4
09.08.2002-03:00:00,09,08,2002,03,455.63
09.08.2002-06:00:00,09,08,2002,06,451.42
09.08.2002-09:00:00,09,08,2002,09,426.17
09.08.2002-12:00:00,09,08,2002,12,386.9
09.08.2002-15:00:00,09,08,2002,15,396.21
09.08.2002-18:00:00,09,08,2002,18,425.21
09.08.2002-21:00:00,09,08,2002,21,439.9
09.09.2002-00:00:00,09,09,2002,00,442.97
09.09.2002-03:00:00,09,09,2002,03,443.75
09.09.2002-06:00:00,09,09,2002,06,433.02
09.09.2002-09:00:00,09,09,2002,09,375.49
09.09.2002-12:00:00,09,09,2002,12,350.32
09.09.2002-15:00:00,09,09,2002,15,364.34
09.09.2002-18:00:00,09,09,2002,18,396.64
09.09.2002-21:00:00,09,09,2002,21,420.7
09.10.2002-00:00:00,09,10,2002,00,426.89
09.10.2002-03:00:00,09,10,2002,03,430.58
09.10.2002-06:00:00,09,10,2002,06,421.05
09.10.2002-09:00:00,09,10,2002,09,362.07
09.10.2002-12:00:00,09,10,2002,12,337.7
09.10.2002-15:00:00,09,10,2002,15,352.37
09.10.2002-18:00:00,09,10,2002,18,383.63
09.10.2002-21:00:00,09,10,2002,21,409.33
09.11.2002-00:00:00,09,11,2002,00,416.36
09.11.2002-03:00:00,09,11,2002,03,420.45
09.11.2002-06:00:00,09,11,2002,06,409.09
09.11.2002-09:00:00,09,11,2002,09,350.9
09.11.2002-12:00:00,09,11,2002,12,328.47
09.11.2002-15:00:00,09,11,2002,15,341.4
09.11.2002-18:00:00,09,11,2002,18,370.95
09.11.2002-21:00:00,09,11,2002,21,395.25
09.12.2002-00:00:00,09,12,2002,00,406.18
09.12.2002-03:00:00,09,12,2002,03,409.32
09.12.2002-06:00:00,09,12,2002,06,399.79
09.12.2002-09:00:00,09,12,2002,09,343.54
09.12.2002-12:00:00,09,12,2002,12,322.36
09.12.2002-15:00:00,09,12,2002,15,334.87
09.12.2002-18:00:00,09,12,2002,18,362.67
09.12.2002-21:00:00,09,12,2002,21,384.67
09.13.2002-00:00:00,09,13,2002,00,396.79
09.13.2002-03:00:00,09,13,2002,03,400.05
09.13.2002-06:00:00,09,13,2002,06,388.01
09.13.2002-09:00:00,09,13,2002,09,334.37
09.13.2002-12:00:00,09,13,2002,12,313.93
09.13.2002-15:00:00,09,13,2002,15,326.85
09.13.2002-18:00:00,09,13,2002,18,352.32
09.13.2002-21:00:00,09,13,2002,21,372.22
09.14.2002-00:00:00,09,14,2002,00,385.86
09.14.2002-03:00:00,09,14,2002,03,392.13
09.14.2002-06:00:00,09,14,2002,06,385.33
09.14.2002-09:00:00,09,14,2002,09,329.91
09.14.2002-12:00:00,09,14,2002,12,310.95
09.14.2002-15:00:00,09,14,2002,15,324.18
09.14.2002-18:00:00,09,14,2002,18,348.8
09.14.2002-21:00:00,09,14,2002,21,366.76
09.15.2002-00:00:00,09,15,2002,00,381.14
09.15.2002-03:00:00,09,15,2002,03,385.82
09.15.2002-06:00:00,09,15,2002,06,373.73
09.15.2002-09:00:00,09,15,2002,09,328.11
09.15.2002-12:00:00,09,15,2002,12,312.76
09.15.2002-15:00:00,09,15,2002,15,324.76
09.15.2002-18:00:00,09,15,2002,18,351.01
09.15.2002-21:00:00,09,15,2002,21,366.39
09.16.2002-00:00:00,09,16,2002,00,376.79
09.16.2002-03:00:00,09,16,2002,03,381.15
09.16.2002-06:00:00,09,16,2002,06,364.01
09.16.2002-09:00:00,09,16,2002,09,326.51
09.16.2002-12:00:00,09,16,2002,12,311.75
09.16.2002-15:00:00,09,16,2002,15,322.82
09.16.2002-18:00:00,09,16,2002,18,348.82
09.16.2002-21:00:00,09,16,2002,21,364.61
09.17.2002-00:00:00,09,17,2002,00,370.45
09.17.2002-03:00:00,09,17,2002,03,375.11
09.17.2002-06:00:00,09,17,2002,06,361.81
09.17.2002-09:00:00,09,17,2002,09,327.42
09.17.2002-12:00:00,09,17,2002,12,314.68
09.17.2002-15:00:00,09,17,2002,15,328.27
09.17.2002-18:00:00,09,17,2002,18,353.76
09.17.2002-21:00:00,09,17,2002,21,365.67
09.18.2002-00:00:00,09,18,2002,00,369.71
09.18.2002-03:00:00,09,18,2002,03,372.42
09.18.2002-06:00:00,09,18,2002,06,365.02
09.18.2002-09:00:00,09,18,2002,09,323.4
09.18.2002-12:00:00,09,18,2002,12,306.4
09.18.2002-15:00:00,09,18,2002,15,318.56
09.18.2002-18:00:00,09,18,2002,18,342.16
09.18.2002-21:00:00,09,18,2002,21,357.65
09.19.2002-00:00:00,09,19,2002,00,363.48
09.19.2002-03:00:00,09,19,2002,03,365.76
09.19.2002-06:00:00,09,19,2002,06,360.58
09.19.2002-09:00:00,09,19,2002,09,315
09.19.2002-12:00:00,09,19,2002,12,297.41
09.19.2002-15:00:00,09,19,2002,15,310.61
09.19.2002-18:00:00,09,19,2002,18,331.14
09.19.2002-21:00:00,09,19,2002,21,345.7
09.20.2002-00:00:00,09,20,2002,00,353.94
09.20.2002-03:00:00,09,20,2002,03,357.99
09.20.2002-06:00:00,09,20,2002,06,353.29
09.20.2002-09:00:00,09,20,2002,09,310.44
09.20.2002-12:00:00,09,20,2002,12,294.85
09.20.2002-15:00:00,09,20,2002,15,308.58
09.20.2002-18:00:00,09,20,2002,18,328.59
09.20.2002-21:00:00,09,20,2002,21,343.12
09.21.2002-00:00:00,09,21,2002,00,350.41
09.21.2002-03:00:00,09,21,2002,03,353.22
09.21.2002-06:00:00,09,21,2002,06,353.83
09.21.2002-09:00:00,09,21,2002,09,307.31
09.21.2002-12:00:00,09,21,2002,12,291.24
09.21.2002-15:00:00,09,21,2002,15,305.52
09.21.2002-18:00:00,09,21,2002,18,325.56
09.21.2002-21:00:00,09,21,2002,21,338.42
09.22.2002-00:00:00,09,22,2002,00,345.38
09.22.2002-03:00:00,09,22,2002,03,348.01
09.22.2002-06:00:00,09,22,2002,06,349.28
09.22.2002-09:00:00,09,22,2002,09,300.46
09.22.2002-12:00:00,09,22,2002,12,284.72
09.22.2002-15:00:00,09,22,2002,15,299.27
09.22.2002-18:00:00,09,22,2002,18,320.71
09.22.2002-21:00:00,09,22,2002,21,329.15
09.23.2002-00:00:00,09,23,2002,00,339
09.23.2002-03:00:00,09,23,2002,03,341.22
09.23.2002-06:00:00,09,23,2002,06,338.08
09.23.2002-09:00:00,09,23,2002,09,293.52
09.23.2002-12:00:00,09,23,2002,12,279.17
09.23.2002-15:00:00,09,23,2002,15,293.5
09.23.2002-18:00:00,09,23,2002,18,315.53
09.23.2002-21:00:00,09,23,2002,21,322.09
09.24.2002-00:00:00,09,24,2002,00,331.37
09.24.2002-03:00:00,09,24,2002,03,335.68
09.24.2002-06:00:00,09,24,2002,06,328.71
09.24.2002-09:00:00,09,24,2002,09,294.4
09.24.2002-12:00:00,09,24,2002,12,284.14
09.24.2002-15:00:00,09,24,2002,15,296.65
09.24.2002-18:00:00,09,24,2002,18,318.47
09.24.2002-21:00:00,09,24,2002,21,329.79
09.25.2002-00:00:00,09,25,2002,00,331.81
09.25.2002-03:00:00,09,25,2002,03,332.01
09.25.2002-06:00:00,09,25,2002,06,327.74
09.25.2002-09:00:00,09,25,2002,09,286.48
09.25.2002-12:00:00,09,25,2002,12,271.94
09.25.2002-15:00:00,09,25,2002,15,285.72
09.25.2002-18:00:00,09,25,2002,18,307.76
09.25.2002-21:00:00,09,25,2002,21,314.14
09.26.2002-00:00:00,09,26,2002,00,321.17
09.26.2002-03:00:00,09,26,2002,03,327.07
09.26.2002-06:00:00,09,26,2002,06,322.17
09.26.2002-09:00:00,09,26,2002,09,294.72
09.26.2002-12:00:00,09,26,2002,12,285.53
09.26.2002-15:00:00,09,26,2002,15,300.44
09.26.2002-18:00:00,09,26,2002,18,320.76
09.26.2002-21:00:00,09,26,2002,21,323.76
09.27.2002-00:00:00,09,27,2002,00,323.99
09.27.2002-03:00:00,09,27,2002,03,324.71
09.27.2002-06:00:00,09,27,2002,06,320.55
09.27.2002-09:00:00,09,27,2002,09,283.87
09.27.2002-12:00:00,09,27,2002,12,270.98
09.27.2002-15:00:00,09,27,2002,15,283.77
09.27.2002-18:00:00,09,27,2002,18,304.27
09.27.2002-21:00:00,09,27,2002,21,311.14
09.28.2002-00:00:00,09,28,2002,00,319.75
09.28.2002-03:00:00,09,28,2002,03,320.52
09.28.2002-06:00:00,09,28,2002,06,319.98
09.28.2002-09:00:00,09,28,2002,09,280.81
09.28.2002-12:00:00,09,28,2002,12,267.56
09.28.2002-15:00:00,09,28,2002,15,281.33
09.28.2002-18:00:00,09,28,2002,18,301.29
09.28.2002-21:00:00,09,28,2002,21,307.65
09.29.2002-00:00:00,09,29,2002,00,314.3
09.29.2002-03:00:00,09,29,2002,03,315.93
09.29.2002-06:00:00,09,29,2002,06,310.4
09.29.2002-09:00:00,09,29,2002,09,287.94
09.29.2002-12:00:00,09,29,2002,12,279.99
09.29.2002-15:00:00,09,29,2002,15,293.59
09.29.2002-18:00:00,09,29,2002,18,310.68
09.29.2002-21:00:00,09,29,2002,21,312.91
09.30.2002-00:00:00,09,30,2002,00,313.37
09.30.2002-03:00:00,09,30,2002,03,313.84
09.30.2002-06:00:00,09,30,2002,06,309.63
09.30.2002-09:00:00,09,30,2002,09,285.79
09.30.2002-12:00:00,09,30,2002,12,276.34
09.30.2002-15:00:00,09,30,2002,15,289.94
09.30.2002-18:00:00,09,30,2002,18,308.12
09.30.2002-21:00:00,09,30,2002,21,310.75
