TIMESTAMP,MONTH,DAY,YEAR,HOUR,C
10.01.2001-00:00:00,10,01,2001,00,71.477
10.01.2001-03:00:00,10,01,2001,03,71.838
10.01.2001-06:00:00,10,01,2001,06,71.051
10.01.2001-09:00:00,10,01,2001,09,65.99
10.01.2001-12:00:00,10,01,2001,12,64.366
10.01.2001-15:00:00,10,01,2001,15,66.617
10.01.2001-18:00:00,10,01,2001,18,68.584
10.01.2001-21:00:00,10,01,2001,21,69.123
10.02.2001-00:00:00,10,02,2001,00,70.785
10.02.2001-03:00:00,10,02,2001,03,71.044
10.02.2001-06:00:00,10,02,2001,06,70.118
10.02.2001-09:00:00,10,02,2001,09,65.366
10.02.2001-12:00:00,10,02,2001,12,63.81
10.02.2001-15:00:00,10,02,2001,15,66.023
10.02.2001-18:00:00,10,02,2001,18,67.989
10.02.2001-21:00:00,10,02,2001,21,68.549
10.03.2001-00:00:00,10,03,2001,00,69.625
10.03.2001-03:00:00,10,03,2001,03,70.43
10.03.2001-06:00:00,10,03,2001,06,69.844
10.03.2001-09:00:00,10,03,2001,09,65.1
10.03.2001-12:00:00,10,03,2001,12,63.529
10.03.2001-15:00:00,10,03,2001,15,65.675
10.03.2001-18:00:00,10,03,2001,18,67.544
10.03.2001-21:00:00,10,03,2001,21,68.069
10.04.2001-00:00:00,10,04,2001,00,68.924
10.04.2001-03:00:00,10,04,2001,03,69.817
10.04.2001-06:00:00,10,04,2001,06,69.897
10.04.2001-09:00:00,10,04,2001,09,65.05
10.04.2001-12:00:00,10,04,2001,12,63.371
10.04.2001-15:00:00,10,04,2001,15,65.429
10.04.2001-18:00:00,10,04,2001,18,67.206
10.04.2001-21:00:00,10,04,2001,21,67.71
10.05.2001-00:00:00,10,05,2001,00,68.463
10.05.2001-03:00:00,10,05,2001,03,69.29
10.05.2001-06:00:00,10,05,2001,06,69.343
10.05.2001-09:00:00,10,05,2001,09,64.981
10.05.2001-12:00:00,10,05,2001,12,63.444
10.05.2001-15:00:00,10,05,2001,15,65.422
10.05.2001-18:00:00,10,05,2001,18,67.024
10.05.2001-21:00:00,10,05,2001,21,67.468
10.06.2001-00:00:00,10,06,2001,00,68.309
10.06.2001-03:00:00,10,06,2001,03,68.848
10.06.2001-06:00:00,10,06,2001,06,68.892
10.06.2001-09:00:00,10,06,2001,09,65.024
10.06.2001-12:00:00,10,06,2001,12,63.594
10.06.2001-15:00:00,10,06,2001,15,65.295
10.06.2001-18:00:00,10,06,2001,18,66.788
10.06.2001-21:00:00,10,06,2001,21,67.198
10.07.2001-00:00:00,10,07,2001,00,68.132
10.07.2001-03:00:00,10,07,2001,03,68.49
10.07.2001-06:00:00,10,07,2001,06,68.53
10.07.2001-09:00:00,10,07,2001,09,65.055
10.07.2001-12:00:00,10,07,2001,12,63.761
10.07.2001-15:00:00,10,07,2001,15,65.32
10.07.2001-18:00:00,10,07,2001,18,66.706
10.07.2001-21:00:00,10,07,2001,21,67.11
10.08.2001-00:00:00,10,08,2001,00,68.071
10.08.2001-03:00:00,10,08,2001,03,68.248
10.08.2001-06:00:00,10,08,2001,06,68.281
10.08.2001-09:00:00,10,08,2001,09,68.595
10.08.2001-12:00:00,10,08,2001,12,64.924
10.08.2001-15:00:00,10,08,2001,15,65.451
10.08.2001-18:00:00,10,08,2001,18,66.667
10.08.2001-21:00:00,10,08,2001,21,67.065
10.09.2001-00:00:00,10,09,2001,00,68.079
10.09.2001-03:00:00,10,09,2001,03,68.163
10.09.2001-06:00:00,10,09,2001,06,67.526
10.09.2001-09:00:00,10,09,2001,09,65.135
10.09.2001-12:00:00,10,09,2001,12,63.856
10.09.2001-15:00:00,10,09,2001,15,64.998
10.09.2001-18:00:00,10,09,2001,18,66.334
10.09.2001-21:00:00,10,09,2001,21,66.771
10.10.2001-00:00:00,10,10,2001,00,66.914
10.10.2001-03:00:00,10,10,2001,03,67.247
10.10.2001-06:00:00,10,10,2001,06,67.743
10.10.2001-09:00:00,10,10,2001,09,83.753
10.10.2001-12:00:00,10,10,2001,12,85.855
10.10.2001-15:00:00,10,10,2001,15,71.258
10.10.2001-18:00:00,10,10,2001,18,68.231
10.10.2001-21:00:00,10,10,2001,21,68.052
10.11.2001-00:00:00,10,11,2001,00,68.063
10.11.2001-03:00:00,10,11,2001,03,68.084
10.11.2001-06:00:00,10,11,2001,06,68.105
10.11.2001-09:00:00,10,11,2001,09,69.85
10.11.2001-12:00:00,10,11,2001,12,81.112
10.11.2001-15:00:00,10,11,2001,15,82.464
10.11.2001-18:00:00,10,11,2001,18,70.368
10.11.2001-21:00:00,10,11,2001,21,69.864
10.12.2001-00:00:00,10,12,2001,00,69.858
10.12.2001-03:00:00,10,12,2001,03,69.864
10.12.2001-06:00:00,10,12,2001,06,69.783
10.12.2001-09:00:00,10,12,2001,09,75.495
10.12.2001-12:00:00,10,12,2001,12,86.683
10.12.2001-15:00:00,10,12,2001,15,77.234
10.12.2001-18:00:00,10,12,2001,18,70.99
10.12.2001-21:00:00,10,12,2001,21,70.39
10.13.2001-00:00:00,10,13,2001,00,70.492
10.13.2001-03:00:00,10,13,2001,03,70.553
10.13.2001-06:00:00,10,13,2001,06,69.836
10.13.2001-09:00:00,10,13,2001,09,93.452
10.13.2001-12:00:00,10,13,2001,12,106.09
10.13.2001-15:00:00,10,13,2001,15,84.804
10.13.2001-18:00:00,10,13,2001,18,74.463
10.13.2001-21:00:00,10,13,2001,21,70.316
10.14.2001-00:00:00,10,14,2001,00,69.39
10.14.2001-03:00:00,10,14,2001,03,69.427
10.14.2001-06:00:00,10,14,2001,06,70.335
10.14.2001-09:00:00,10,14,2001,09,75.774
10.14.2001-12:00:00,10,14,2001,12,71.474
10.14.2001-15:00:00,10,14,2001,15,68.871
10.14.2001-18:00:00,10,14,2001,18,68.619
10.14.2001-21:00:00,10,14,2001,21,68.869
10.15.2001-00:00:00,10,15,2001,00,68.933
10.15.2001-03:00:00,10,15,2001,03,68.962
10.15.2001-06:00:00,10,15,2001,06,68.988
10.15.2001-09:00:00,10,15,2001,09,67.317
10.15.2001-12:00:00,10,15,2001,12,65.968
10.15.2001-15:00:00,10,15,2001,15,67.126
10.15.2001-18:00:00,10,15,2001,18,68.229
10.15.2001-21:00:00,10,15,2001,21,68.501
10.16.2001-00:00:00,10,16,2001,00,68.554
10.16.2001-03:00:00,10,16,2001,03,68.581
10.16.2001-06:00:00,10,16,2001,06,68.606
10.16.2001-09:00:00,10,16,2001,09,66.468
10.16.2001-12:00:00,10,16,2001,12,65.28
10.16.2001-15:00:00,10,16,2001,15,66.553
10.16.2001-18:00:00,10,16,2001,18,67.706
10.16.2001-21:00:00,10,16,2001,21,68.041
10.17.2001-00:00:00,10,17,2001,00,68.113
10.17.2001-03:00:00,10,17,2001,03,68.142
10.17.2001-06:00:00,10,17,2001,06,68.166
10.17.2001-09:00:00,10,17,2001,09,66.983
10.17.2001-12:00:00,10,17,2001,12,66.222
10.17.2001-15:00:00,10,17,2001,15,66.846
10.17.2001-18:00:00,10,17,2001,18,67.62
10.17.2001-21:00:00,10,17,2001,21,67.889
10.18.2001-00:00:00,10,18,2001,00,67.962
10.18.2001-03:00:00,10,18,2001,03,67.995
10.18.2001-06:00:00,10,18,2001,06,68.016
10.18.2001-09:00:00,10,18,2001,09,65.851
10.18.2001-12:00:00,10,18,2001,12,64.689
10.18.2001-15:00:00,10,18,2001,15,65.806
10.18.2001-18:00:00,10,18,2001,18,67.004
10.18.2001-21:00:00,10,18,2001,21,67.363
10.19.2001-00:00:00,10,19,2001,00,67.482
10.19.2001-03:00:00,10,19,2001,03,67.535
10.19.2001-06:00:00,10,19,2001,06,67.557
10.19.2001-09:00:00,10,19,2001,09,66.006
10.19.2001-12:00:00,10,19,2001,12,64.386
10.19.2001-15:00:00,10,19,2001,15,65.403
10.19.2001-18:00:00,10,19,2001,18,66.767
10.19.2001-21:00:00,10,19,2001,21,67.06
10.20.2001-00:00:00,10,20,2001,00,67.066
10.20.2001-03:00:00,10,20,2001,03,67.083
10.20.2001-06:00:00,10,20,2001,06,67.1
10.20.2001-09:00:00,10,20,2001,09,64.539
10.20.2001-12:00:00,10,20,2001,12,63.456
10.20.2001-15:00:00,10,20,2001,15,65.037
10.20.2001-18:00:00,10,20,2001,18,66.235
10.20.2001-21:00:00,10,20,2001,21,66.546
10.21.2001-00:00:00,10,21,2001,00,66.606
10.21.2001-03:00:00,10,21,2001,03,66.627
10.21.2001-06:00:00,10,21,2001,06,66.644
10.21.2001-09:00:00,10,21,2001,09,72.358
10.21.2001-12:00:00,10,21,2001,12,69.331
10.21.2001-15:00:00,10,21,2001,15,66.689
10.21.2001-18:00:00,10,21,2001,18,66.58
10.21.2001-21:00:00,10,21,2001,21,66.616
10.22.2001-00:00:00,10,22,2001,00,66.63
10.22.2001-03:00:00,10,22,2001,03,66.643
10.22.2001-06:00:00,10,22,2001,06,66.654
10.22.2001-09:00:00,10,22,2001,09,66.68
10.22.2001-12:00:00,10,22,2001,12,74.745
10.22.2001-15:00:00,10,22,2001,15,70.372
10.22.2001-18:00:00,10,22,2001,18,68.406
10.22.2001-21:00:00,10,22,2001,21,68.232
10.23.2001-00:00:00,10,23,2001,00,68.21
10.23.2001-03:00:00,10,23,2001,03,68.198
10.23.2001-06:00:00,10,23,2001,06,68.186
10.23.2001-09:00:00,10,23,2001,09,70.018
10.23.2001-12:00:00,10,23,2001,12,97.127
10.23.2001-15:00:00,10,23,2001,15,79.981
10.23.2001-18:00:00,10,23,2001,18,69.39
10.23.2001-21:00:00,10,23,2001,21,68.82
10.24.2001-00:00:00,10,24,2001,00,68.793
10.24.2001-03:00:00,10,24,2001,03,68.776
10.24.2001-06:00:00,10,24,2001,06,68.758
10.24.2001-09:00:00,10,24,2001,09,67.477
10.24.2001-12:00:00,10,24,2001,12,66.511
10.24.2001-15:00:00,10,24,2001,15,67.613
10.24.2001-18:00:00,10,24,2001,18,68.392
10.24.2001-21:00:00,10,24,2001,21,68.501
10.25.2001-00:00:00,10,25,2001,00,68.49
10.25.2001-03:00:00,10,25,2001,03,68.471
10.25.2001-06:00:00,10,25,2001,06,68.45
10.25.2001-09:00:00,10,25,2001,09,68.137
10.25.2001-12:00:00,10,25,2001,12,68.036
10.25.2001-15:00:00,10,25,2001,15,68.194
10.25.2001-18:00:00,10,25,2001,18,68.326
10.25.2001-21:00:00,10,25,2001,21,68.351
10.26.2001-00:00:00,10,26,2001,00,68.333
10.26.2001-03:00:00,10,26,2001,03,68.309
10.26.2001-06:00:00,10,26,2001,06,68.267
10.26.2001-09:00:00,10,26,2001,09,67.959
10.26.2001-12:00:00,10,26,2001,12,67.748
10.26.2001-15:00:00,10,26,2001,15,67.92
10.26.2001-18:00:00,10,26,2001,18,68.096
10.26.2001-21:00:00,10,26,2001,21,68.124
10.27.2001-00:00:00,10,27,2001,00,68.102
10.27.2001-03:00:00,10,27,2001,03,68.075
10.27.2001-06:00:00,10,27,2001,06,68.047
10.27.2001-09:00:00,10,27,2001,09,66.237
10.27.2001-12:00:00,10,27,2001,12,65.177
10.27.2001-15:00:00,10,27,2001,15,81.183
10.27.2001-18:00:00,10,27,2001,18,68.027
10.27.2001-21:00:00,10,27,2001,21,67.688
10.28.2001-00:00:00,10,28,2001,00,67.668
10.28.2001-03:00:00,10,28,2001,03,67.642
10.28.2001-06:00:00,10,28,2001,06,67.614
10.28.2001-09:00:00,10,28,2001,09,66.459
10.28.2001-12:00:00,10,28,2001,12,65.464
10.28.2001-15:00:00,10,28,2001,15,66.629
10.28.2001-18:00:00,10,28,2001,18,67.3
10.28.2001-21:00:00,10,28,2001,21,67.332
10.29.2001-00:00:00,10,29,2001,00,67.307
10.29.2001-03:00:00,10,29,2001,03,67.278
10.29.2001-06:00:00,10,29,2001,06,67.249
10.29.2001-09:00:00,10,29,2001,09,66.686
10.29.2001-12:00:00,10,29,2001,12,66.04
10.29.2001-15:00:00,10,29,2001,15,66.653
10.29.2001-18:00:00,10,29,2001,18,67.027
10.29.2001-21:00:00,10,29,2001,21,67.031
10.30.2001-00:00:00,10,30,2001,00,67.002
10.30.2001-03:00:00,10,30,2001,03,66.971
10.30.2001-06:00:00,10,30,2001,06,66.94
10.30.2001-09:00:00,10,30,2001,09,66.908
10.30.2001-12:00:00,10,30,2001,12,66.876
10.30.2001-15:00:00,10,30,2001,15,66.843
10.30.2001-18:00:00,10,30,2001,18,66.81
10.30.2001-21:00:00,10,30,2001,21,66.777
10.31.2001-00:00:00,10,31,2001,00,66.744
10.31.2001-03:00:00,10,31,2001,03,66.71
10.31.2001-06:00:00,10,31,2001,06,66.676
10.31.2001-09:00:00,10,31,2001,09,66.242
10.31.2001-12:00:00,10,31,2001,12,67.367
10.31.2001-15:00:00,10,31,2001,15,69.627
10.31.2001-18:00:00,10,31,2001,18,68.222
10.31.2001-21:00:00,10,31,2001,21,67.16
11.01.2001-00:00:00,11,01,2001,00,67.057
11.01.2001-03:00:00,11,01,2001,03,67.03
11.01.2001-06:00:00,11,01,2001,06,66.992
11.01.2001-09:00:00,11,01,2001,09,66.128
11.01.2001-12:00:00,11,01,2001,12,65.593
11.01.2001-15:00:00,11,01,2001,15,66.268
11.01.2001-18:00:00,11,01,2001,18,66.663
11.01.2001-21:00:00,11,01,2001,21,66.677
11.02.2001-00:00:00,11,02,2001,00,66.64
11.02.2001-03:00:00,11,02,2001,03,66.598
11.02.2001-06:00:00,11,02,2001,06,66.556
11.02.2001-09:00:00,11,02,2001,09,65.294
11.02.2001-12:00:00,11,02,2001,12,64.865
11.02.2001-15:00:00,11,02,2001,15,65.718
11.02.2001-18:00:00,11,02,2001,18,66.158
11.02.2001-21:00:00,11,02,2001,21,66.181
11.03.2001-00:00:00,11,03,2001,00,66.144
11.03.2001-03:00:00,11,03,2001,03,66.103
11.03.2001-06:00:00,11,03,2001,06,66.061
11.03.2001-09:00:00,11,03,2001,09,64.996
11.03.2001-12:00:00,11,03,2001,12,64.525
11.03.2001-15:00:00,11,03,2001,15,65.283
11.03.2001-18:00:00,11,03,2001,18,65.694
11.03.2001-21:00:00,11,03,2001,21,65.712
11.04.2001-00:00:00,11,04,2001,00,65.675
11.04.2001-03:00:00,11,04,2001,03,65.633
11.04.2001-06:00:00,11,04,2001,06,65.592
11.04.2001-09:00:00,11,04,2001,09,64.361
11.04.2001-12:00:00,11,04,2001,12,63.895
11.04.2001-15:00:00,11,04,2001,15,64.726
11.04.2001-18:00:00,11,04,2001,18,65.192
11.04.2001-21:00:00,11,04,2001,21,65.228
11.05.2001-00:00:00,11,05,2001,00,65.193
11.05.2001-03:00:00,11,05,2001,03,65.152
11.05.2001-06:00:00,11,05,2001,06,65.111
11.05.2001-09:00:00,11,05,2001,09,64.068
11.05.2001-12:00:00,11,05,2001,12,63.639
11.05.2001-15:00:00,11,05,2001,15,64.361
11.05.2001-18:00:00,11,05,2001,18,64.757
11.05.2001-21:00:00,11,05,2001,21,64.778
11.06.2001-00:00:00,11,06,2001,00,64.741
11.06.2001-03:00:00,11,06,2001,03,64.701
11.06.2001-06:00:00,11,06,2001,06,64.66
11.06.2001-09:00:00,11,06,2001,09,64.286
11.06.2001-12:00:00,11,06,2001,12,63.832
11.06.2001-15:00:00,11,06,2001,15,64.189
11.06.2001-18:00:00,11,06,2001,18,64.401
11.06.2001-21:00:00,11,06,2001,21,64.382
11.07.2001-00:00:00,11,07,2001,00,64.342
11.07.2001-03:00:00,11,07,2001,03,64.301
11.07.2001-06:00:00,11,07,2001,06,64.26
11.07.2001-09:00:00,11,07,2001,09,64.218
11.07.2001-12:00:00,11,07,2001,12,64.171
11.07.2001-15:00:00,11,07,2001,15,64.13
11.07.2001-18:00:00,11,07,2001,18,64.088
11.07.2001-21:00:00,11,07,2001,21,64.046
11.08.2001-00:00:00,11,08,2001,00,64.004
11.08.2001-03:00:00,11,08,2001,03,63.963
11.08.2001-06:00:00,11,08,2001,06,63.921
11.08.2001-09:00:00,11,08,2001,09,63.579
11.08.2001-12:00:00,11,08,2001,12,63.157
11.08.2001-15:00:00,11,08,2001,15,63.481
11.08.2001-18:00:00,11,08,2001,18,63.673
11.08.2001-21:00:00,11,08,2001,21,63.651
11.09.2001-00:00:00,11,09,2001,00,63.611
11.09.2001-03:00:00,11,09,2001,03,63.569
11.09.2001-06:00:00,11,09,2001,06,63.527
11.09.2001-09:00:00,11,09,2001,09,63.177
11.09.2001-12:00:00,11,09,2001,12,62.727
11.09.2001-15:00:00,11,09,2001,15,63.064
11.09.2001-18:00:00,11,09,2001,18,63.267
11.09.2001-21:00:00,11,09,2001,21,63.247
11.10.2001-00:00:00,11,10,2001,00,63.206
11.10.2001-03:00:00,11,10,2001,03,63.165
11.10.2001-06:00:00,11,10,2001,06,63.123
11.10.2001-09:00:00,11,10,2001,09,63.081
11.10.2001-12:00:00,11,10,2001,12,62.568
11.10.2001-15:00:00,11,10,2001,15,62.735
11.10.2001-18:00:00,11,10,2001,18,62.892
11.10.2001-21:00:00,11,10,2001,21,62.868
11.11.2001-00:00:00,11,11,2001,00,62.828
11.11.2001-03:00:00,11,11,2001,03,62.786
11.11.2001-06:00:00,11,11,2001,06,62.744
11.11.2001-09:00:00,11,11,2001,09,62.388
11.11.2001-12:00:00,11,11,2001,12,61.953
11.11.2001-15:00:00,11,11,2001,15,62.287
11.11.2001-18:00:00,11,11,2001,18,62.486
11.11.2001-21:00:00,11,11,2001,21,62.465
11.12.2001-00:00:00,11,12,2001,00,62.425
11.12.2001-03:00:00,11,12,2001,03,62.384
11.12.2001-06:00:00,11,12,2001,06,62.343
11.12.2001-09:00:00,11,12,2001,09,62.301
11.12.2001-12:00:00,11,12,2001,12,61.851
11.12.2001-15:00:00,11,12,2001,15,62.004
11.12.2001-18:00:00,11,12,2001,18,62.146
11.12.2001-21:00:00,11,12,2001,21,62.12
11.13.2001-00:00:00,11,13,2001,00,62.08
11.13.2001-03:00:00,11,13,2001,03,62.038
11.13.2001-06:00:00,11,13,2001,06,61.997
11.13.2001-09:00:00,11,13,2001,09,61.843
11.13.2001-12:00:00,11,13,2001,12,61.687
11.13.2001-15:00:00,11,13,2001,15,61.752
11.13.2001-18:00:00,11,13,2001,18,61.803
11.13.2001-21:00:00,11,13,2001,21,61.781
11.14.2001-00:00:00,11,14,2001,00,61.741
11.14.2001-03:00:00,11,14,2001,03,61.71
11.14.2001-06:00:00,11,14,2001,06,61.723
11.14.2001-09:00:00,11,14,2001,09,69.458
11.14.2001-12:00:00,11,14,2001,12,125.84
11.14.2001-15:00:00,11,14,2001,15,131.93
11.14.2001-18:00:00,11,14,2001,18,121.81
11.14.2001-21:00:00,11,14,2001,21,116.21
11.15.2001-00:00:00,11,15,2001,00,81.686
11.15.2001-03:00:00,11,15,2001,03,70.632
11.15.2001-06:00:00,11,15,2001,06,69.621
11.15.2001-09:00:00,11,15,2001,09,68.855
11.15.2001-12:00:00,11,15,2001,12,68.492
11.15.2001-15:00:00,11,15,2001,15,69.011
11.15.2001-18:00:00,11,15,2001,18,69.317
11.15.2001-21:00:00,11,15,2001,21,69.326
11.16.2001-00:00:00,11,16,2001,00,69.252
11.16.2001-03:00:00,11,16,2001,03,69.171
11.16.2001-06:00:00,11,16,2001,06,69.089
11.16.2001-09:00:00,11,16,2001,09,68.335
11.16.2001-12:00:00,11,16,2001,12,67.857
11.16.2001-15:00:00,11,16,2001,15,68.339
11.16.2001-18:00:00,11,16,2001,18,68.622
11.16.2001-21:00:00,11,16,2001,21,68.596
11.17.2001-00:00:00,11,17,2001,00,68.519
11.17.2001-03:00:00,11,17,2001,03,68.437
11.17.2001-06:00:00,11,17,2001,06,68.356
11.17.2001-09:00:00,11,17,2001,09,67.551
11.17.2001-12:00:00,11,17,2001,12,67.156
11.17.2001-15:00:00,11,17,2001,15,67.675
11.17.2001-18:00:00,11,17,2001,18,67.897
11.17.2001-21:00:00,11,17,2001,21,67.844
11.18.2001-00:00:00,11,18,2001,00,67.765
11.18.2001-03:00:00,11,18,2001,03,67.685
11.18.2001-06:00:00,11,18,2001,06,67.604
11.18.2001-09:00:00,11,18,2001,09,67.523
11.18.2001-12:00:00,11,18,2001,12,67.443
11.18.2001-15:00:00,11,18,2001,15,67.362
11.18.2001-18:00:00,11,18,2001,18,67.281
11.18.2001-21:00:00,11,18,2001,21,67.201
11.19.2001-00:00:00,11,19,2001,00,67.121
11.19.2001-03:00:00,11,19,2001,03,67.041
11.19.2001-06:00:00,11,19,2001,06,66.961
11.19.2001-09:00:00,11,19,2001,09,66.881
11.19.2001-12:00:00,11,19,2001,12,66.802
11.19.2001-15:00:00,11,19,2001,15,66.73
11.19.2001-18:00:00,11,19,2001,18,66.658
11.19.2001-21:00:00,11,19,2001,21,66.586
11.20.2001-00:00:00,11,20,2001,00,66.515
11.20.2001-03:00:00,11,20,2001,03,66.443
11.20.2001-06:00:00,11,20,2001,06,66.371
11.20.2001-09:00:00,11,20,2001,09,66.299
11.20.2001-12:00:00,11,20,2001,12,66.177
11.20.2001-15:00:00,11,20,2001,15,66.129
11.20.2001-18:00:00,11,20,2001,18,66.079
11.20.2001-21:00:00,11,20,2001,21,66.01
11.21.2001-00:00:00,11,21,2001,00,65.938
11.21.2001-03:00:00,11,21,2001,03,65.867
11.21.2001-06:00:00,11,21,2001,06,65.796
11.21.2001-09:00:00,11,21,2001,09,65.579
11.21.2001-12:00:00,11,21,2001,12,65.365
11.21.2001-15:00:00,11,21,2001,15,65.446
11.21.2001-18:00:00,11,21,2001,18,65.484
11.21.2001-21:00:00,11,21,2001,21,65.429
11.22.2001-00:00:00,11,22,2001,00,65.36
11.22.2001-03:00:00,11,22,2001,03,65.29
11.22.2001-06:00:00,11,22,2001,06,65.22
11.22.2001-09:00:00,11,22,2001,09,65.15
11.22.2001-12:00:00,11,22,2001,12,65.035
11.22.2001-15:00:00,11,22,2001,15,64.986
11.22.2001-18:00:00,11,22,2001,18,64.937
11.22.2001-21:00:00,11,22,2001,21,64.869
11.23.2001-00:00:00,11,23,2001,00,64.8
11.23.2001-03:00:00,11,23,2001,03,64.731
11.23.2001-06:00:00,11,23,2001,06,64.662
11.23.2001-09:00:00,11,23,2001,09,64.588
11.23.2001-12:00:00,11,23,2001,12,64.071
11.23.2001-15:00:00,11,23,2001,15,64.21
11.23.2001-18:00:00,11,23,2001,18,64.339
11.23.2001-21:00:00,11,23,2001,21,64.289
11.24.2001-00:00:00,11,24,2001,00,64.222
11.24.2001-03:00:00,11,24,2001,03,64.155
11.24.2001-06:00:00,11,24,2001,06,64.088
11.24.2001-09:00:00,11,24,2001,09,64.021
11.24.2001-12:00:00,11,24,2001,12,63.954
11.24.2001-15:00:00,11,24,2001,15,63.887
11.24.2001-18:00:00,11,24,2001,18,63.821
11.24.2001-21:00:00,11,24,2001,21,63.755
11.25.2001-00:00:00,11,25,2001,00,63.689
11.25.2001-03:00:00,11,25,2001,03,63.623
11.25.2001-06:00:00,11,25,2001,06,63.557
11.25.2001-09:00:00,11,25,2001,09,63.492
11.25.2001-12:00:00,11,25,2001,12,63.427
11.25.2001-15:00:00,11,25,2001,15,63.361
11.25.2001-18:00:00,11,25,2001,18,63.297
11.25.2001-21:00:00,11,25,2001,21,63.232
11.26.2001-00:00:00,11,26,2001,00,63.167
11.26.2001-03:00:00,11,26,2001,03,63.103
11.26.2001-06:00:00,11,26,2001,06,63.039
11.26.2001-09:00:00,11,26,2001,09,62.975
11.26.2001-12:00:00,11,26,2001,12,62.911
11.26.2001-15:00:00,11,26,2001,15,62.847
11.26.2001-18:00:00,11,26,2001,18,62.784
11.26.2001-21:00:00,11,26,2001,21,62.721
11.27.2001-00:00:00,11,27,2001,00,62.658
11.27.2001-03:00:00,11,27,2001,03,62.595
11.27.2001-06:00:00,11,27,2001,06,62.532
11.27.2001-09:00:00,11,27,2001,09,62.47
11.27.2001-12:00:00,11,27,2001,12,62.408
11.27.2001-15:00:00,11,27,2001,15,62.346
11.27.2001-18:00:00,11,27,2001,18,62.284
11.27.2001-21:00:00,11,27,2001,21,62.222
11.28.2001-00:00:00,11,28,2001,00,62.161
11.28.2001-03:00:00,11,28,2001,03,62.099
11.28.2001-06:00:00,11,28,2001,06,62.039
11.28.2001-09:00:00,11,28,2001,09,61.978
11.28.2001-12:00:00,11,28,2001,12,61.917
11.28.2001-15:00:00,11,28,2001,15,61.856
11.28.2001-18:00:00,11,28,2001,18,61.796
11.28.2001-21:00:00,11,28,2001,21,61.736
11.29.2001-00:00:00,11,29,2001,00,61.676
11.29.2001-03:00:00,11,29,2001,03,61.616
11.29.2001-06:00:00,11,29,2001,06,61.557
11.29.2001-09:00:00,11,29,2001,09,61.497
11.29.2001-12:00:00,11,29,2001,12,61.438
11.29.2001-15:00:00,11,29,2001,15,61.379
11.29.2001-18:00:00,11,29,2001,18,61.32
11.29.2001-21:00:00,11,29,2001,21,61.262
11.30.2001-00:00:00,11,30,2001,00,61.203
11.30.2001-03:00:00,11,30,2001,03,61.145
11.30.2001-06:00:00,11,30,2001,06,61.087
11.30.2001-09:00:00,11,30,2001,09,61.029
11.30.2001-12:00:00,11,30,2001,12,60.971
11.30.2001-15:00:00,11,30,2001,15,60.914
11.30.2001-18:00:00,11,30,2001,18,60.856
11.30.2001-21:00:00,11,30,2001,21,60.799
12.01.2001-00:00:00,12,01,2001,00,60.742
12.01.2001-03:00:00,12,01,2001,03,60.685
12.01.2001-06:00:00,12,01,2001,06,60.628
12.01.2001-09:00:00,12,01,2001,09,60.572
12.01.2001-12:00:00,12,01,2001,12,60.516
12.01.2001-15:00:00,12,01,2001,15,60.459
12.01.2001-18:00:00,12,01,2001,18,60.403
12.01.2001-21:00:00,12,01,2001,21,60.347
12.02.2001-00:00:00,12,02,2001,00,60.292
12.02.2001-03:00:00,12,02,2001,03,60.236
12.02.2001-06:00:00,12,02,2001,06,60.181
12.02.2001-09:00:00,12,02,2001,09,60.126
12.02.2001-12:00:00,12,02,2001,12,60.071
12.02.2001-15:00:00,12,02,2001,15,60.016
12.02.2001-18:00:00,12,02,2001,18,59.962
12.02.2001-21:00:00,12,02,2001,21,59.907
12.03.2001-00:00:00,12,03,2001,00,59.853
12.03.2001-03:00:00,12,03,2001,03,59.798
12.03.2001-06:00:00,12,03,2001,06,59.744
12.03.2001-09:00:00,12,03,2001,09,59.69
12.03.2001-12:00:00,12,03,2001,12,59.637
12.03.2001-15:00:00,12,03,2001,15,59.583
12.03.2001-18:00:00,12,03,2001,18,59.53
12.03.2001-21:00:00,12,03,2001,21,59.476
12.04.2001-00:00:00,12,04,2001,00,59.423
12.04.2001-03:00:00,12,04,2001,03,59.37
12.04.2001-06:00:00,12,04,2001,06,59.318
12.04.2001-09:00:00,12,04,2001,09,59.265
12.04.2001-12:00:00,12,04,2001,12,59.212
12.04.2001-15:00:00,12,04,2001,15,59.16
12.04.2001-18:00:00,12,04,2001,18,59.108
12.04.2001-21:00:00,12,04,2001,21,59.055
12.05.2001-00:00:00,12,05,2001,00,59.004
12.05.2001-03:00:00,12,05,2001,03,58.952
12.05.2001-06:00:00,12,05,2001,06,58.9
12.05.2001-09:00:00,12,05,2001,09,58.849
12.05.2001-12:00:00,12,05,2001,12,58.797
12.05.2001-15:00:00,12,05,2001,15,58.746
12.05.2001-18:00:00,12,05,2001,18,58.695
12.05.2001-21:00:00,12,05,2001,21,58.644
12.06.2001-00:00:00,12,06,2001,00,58.593
12.06.2001-03:00:00,12,06,2001,03,58.542
12.06.2001-06:00:00,12,06,2001,06,58.492
12.06.2001-09:00:00,12,06,2001,09,58.441
12.06.2001-12:00:00,12,06,2001,12,58.391
12.06.2001-15:00:00,12,06,2001,15,58.34
12.06.2001-18:00:00,12,06,2001,18,58.29
12.06.2001-21:00:00,12,06,2001,21,58.241
12.07.2001-00:00:00,12,07,2001,00,58.191
12.07.2001-03:00:00,12,07,2001,03,58.141
12.07.2001-06:00:00,12,07,2001,06,58.092
12.07.2001-09:00:00,12,07,2001,09,58.042
12.07.2001-12:00:00,12,07,2001,12,57.993
12.07.2001-15:00:00,12,07,2001,15,57.943
12.07.2001-18:00:00,12,07,2001,18,57.894
12.07.2001-21:00:00,12,07,2001,21,57.845
12.08.2001-00:00:00,12,08,2001,00,57.796
12.08.2001-03:00:00,12,08,2001,03,57.748
12.08.2001-06:00:00,12,08,2001,06,57.699
12.08.2001-09:00:00,12,08,2001,09,57.651
12.08.2001-12:00:00,12,08,2001,12,57.602
12.08.2001-15:00:00,12,08,2001,15,57.554
12.08.2001-18:00:00,12,08,2001,18,57.505
12.08.2001-21:00:00,12,08,2001,21,57.458
12.09.2001-00:00:00,12,09,2001,00,57.41
12.09.2001-03:00:00,12,09,2001,03,57.362
12.09.2001-06:00:00,12,09,2001,06,57.314
12.09.2001-09:00:00,12,09,2001,09,57.266
12.09.2001-12:00:00,12,09,2001,12,57.218
12.09.2001-15:00:00,12,09,2001,15,57.171
12.09.2001-18:00:00,12,09,2001,18,57.124
12.09.2001-21:00:00,12,09,2001,21,57.077
12.10.2001-00:00:00,12,10,2001,00,57.029
12.10.2001-03:00:00,12,10,2001,03,56.982
12.10.2001-06:00:00,12,10,2001,06,56.935
12.10.2001-09:00:00,12,10,2001,09,56.888
12.10.2001-12:00:00,12,10,2001,12,56.842
12.10.2001-15:00:00,12,10,2001,15,56.795
12.10.2001-18:00:00,12,10,2001,18,56.748
12.10.2001-21:00:00,12,10,2001,21,56.702
12.11.2001-00:00:00,12,11,2001,00,56.656
12.11.2001-03:00:00,12,11,2001,03,56.609
12.11.2001-06:00:00,12,11,2001,06,56.563
12.11.2001-09:00:00,12,11,2001,09,56.517
12.11.2001-12:00:00,12,11,2001,12,56.471
12.11.2001-15:00:00,12,11,2001,15,56.425
12.11.2001-18:00:00,12,11,2001,18,56.379
12.11.2001-21:00:00,12,11,2001,21,56.334
12.12.2001-00:00:00,12,12,2001,00,56.288
12.12.2001-03:00:00,12,12,2001,03,56.243
12.12.2001-06:00:00,12,12,2001,06,56.197
12.12.2001-09:00:00,12,12,2001,09,56.152
12.12.2001-12:00:00,12,12,2001,12,56.106
12.12.2001-15:00:00,12,12,2001,15,56.061
12.12.2001-18:00:00,12,12,2001,18,56.016
12.12.2001-21:00:00,12,12,2001,21,55.971
12.13.2001-00:00:00,12,13,2001,00,55.926
12.13.2001-03:00:00,12,13,2001,03,55.881
12.13.2001-06:00:00,12,13,2001,06,55.836
12.13.2001-09:00:00,12,13,2001,09,55.792
12.13.2001-12:00:00,12,13,2001,12,55.747
12.13.2001-15:00:00,12,13,2001,15,55.703
12.13.2001-18:00:00,12,13,2001,18,55.658
12.13.2001-21:00:00,12,13,2001,21,55.614
12.14.2001-00:00:00,12,14,2001,00,55.569
12.14.2001-03:00:00,12,14,2001,03,55.525
12.14.2001-06:00:00,12,14,2001,06,55.481
12.14.2001-09:00:00,12,14,2001,09,55.437
12.14.2001-12:00:00,12,14,2001,12,55.394
12.14.2001-15:00:00,12,14,2001,15,55.351
12.14.2001-18:00:00,12,14,2001,18,55.308
12.14.2001-21:00:00,12,14,2001,21,55.265
12.15.2001-00:00:00,12,15,2001,00,55.222
12.15.2001-03:00:00,12,15,2001,03,55.179
12.15.2001-06:00:00,12,15,2001,06,55.136
12.15.2001-09:00:00,12,15,2001,09,55.094
12.15.2001-12:00:00,12,15,2001,12,55.051
12.15.2001-15:00:00,12,15,2001,15,55.009
12.15.2001-18:00:00,12,15,2001,18,54.966
12.15.2001-21:00:00,12,15,2001,21,54.924
12.16.2001-00:00:00,12,16,2001,00,54.881
12.16.2001-03:00:00,12,16,2001,03,54.839
12.16.2001-06:00:00,12,16,2001,06,54.797
12.16.2001-09:00:00,12,16,2001,09,54.754
12.16.2001-12:00:00,12,16,2001,12,54.712
12.16.2001-15:00:00,12,16,2001,15,54.67
12.16.2001-18:00:00,12,16,2001,18,54.628
12.16.2001-21:00:00,12,16,2001,21,54.586
12.17.2001-00:00:00,12,17,2001,00,54.544
12.17.2001-03:00:00,12,17,2001,03,54.502
12.17.2001-06:00:00,12,17,2001,06,54.461
12.17.2001-09:00:00,12,17,2001,09,54.419
12.17.2001-12:00:00,12,17,2001,12,54.377
12.17.2001-15:00:00,12,17,2001,15,54.335
12.17.2001-18:00:00,12,17,2001,18,54.294
12.17.2001-21:00:00,12,17,2001,21,54.252
12.18.2001-00:00:00,12,18,2001,00,54.211
12.18.2001-03:00:00,12,18,2001,03,54.169
12.18.2001-06:00:00,12,18,2001,06,54.127
12.18.2001-09:00:00,12,18,2001,09,54.086
12.18.2001-12:00:00,12,18,2001,12,54.045
12.18.2001-15:00:00,12,18,2001,15,54.003
12.18.2001-18:00:00,12,18,2001,18,53.962
12.18.2001-21:00:00,12,18,2001,21,53.921
12.19.2001-00:00:00,12,19,2001,00,53.88
12.19.2001-03:00:00,12,19,2001,03,53.839
12.19.2001-06:00:00,12,19,2001,06,53.798
12.19.2001-09:00:00,12,19,2001,09,53.757
12.19.2001-12:00:00,12,19,2001,12,53.716
12.19.2001-15:00:00,12,19,2001,15,53.675
12.19.2001-18:00:00,12,19,2001,18,53.634
12.19.2001-21:00:00,12,19,2001,21,53.593
12.20.2001-00:00:00,12,20,2001,00,53.552
12.20.2001-03:00:00,12,20,2001,03,53.511
12.20.2001-06:00:00,12,20,2001,06,53.47
12.20.2001-09:00:00,12,20,2001,09,53.43
12.20.2001-12:00:00,12,20,2001,12,53.389
12.20.2001-15:00:00,12,20,2001,15,53.349
12.20.2001-18:00:00,12,20,2001,18,53.308
12.20.2001-21:00:00,12,20,2001,21,53.267
12.21.2001-00:00:00,12,21,2001,00,53.227
12.21.2001-03:00:00,12,21,2001,03,53.186
12.21.2001-06:00:00,12,21,2001,06,53.145
12.21.2001-09:00:00,12,21,2001,09,53.105
12.21.2001-12:00:00,12,21,2001,12,53.065
12.21.2001-15:00:00,12,21,2001,15,53.025
12.21.2001-18:00:00,12,21,2001,18,52.984
12.21.2001-21:00:00,12,21,2001,21,52.944
12.22.2001-00:00:00,12,22,2001,00,52.904
12.22.2001-03:00:00,12,22,2001,03,52.863
12.22.2001-06:00:00,12,22,2001,06,52.823
12.22.2001-09:00:00,12,22,2001,09,52.783
12.22.2001-12:00:00,12,22,2001,12,52.743
12.22.2001-15:00:00,12,22,2001,15,52.703
12.22.2001-18:00:00,12,22,2001,18,52.663
12.22.2001-21:00:00,12,22,2001,21,52.623
12.23.2001-00:00:00,12,23,2001,00,52.583
12.23.2001-03:00:00,12,23,2001,03,52.543
12.23.2001-06:00:00,12,23,2001,06,52.504
12.23.2001-09:00:00,12,23,2001,09,52.464
12.23.2001-12:00:00,12,23,2001,12,52.424
12.23.2001-15:00:00,12,23,2001,15,52.384
12.23.2001-18:00:00,12,23,2001,18,52.344
12.23.2001-21:00:00,12,23,2001,21,52.304
12.24.2001-00:00:00,12,24,2001,00,52.265
12.24.2001-03:00:00,12,24,2001,03,52.225
12.24.2001-06:00:00,12,24,2001,06,52.185
12.24.2001-09:00:00,12,24,2001,09,52.146
12.24.2001-12:00:00,12,24,2001,12,52.106
12.24.2001-15:00:00,12,24,2001,15,52.067
12.24.2001-18:00:00,12,24,2001,18,52.027
12.24.2001-21:00:00,12,24,2001,21,51.987
12.25.2001-00:00:00,12,25,2001,00,51.948
12.25.2001-03:00:00,12,25,2001,03,51.909
12.25.2001-06:00:00,12,25,2001,06,51.869
12.25.2001-09:00:00,12,25,2001,09,51.83
12.25.2001-12:00:00,12,25,2001,12,51.791
12.25.2001-15:00:00,12,25,2001,15,51.751
12.25.2001-18:00:00,12,25,2001,18,51.712
12.25.2001-21:00:00,12,25,2001,21,51.672
12.26.2001-00:00:00,12,26,2001,00,51.633
12.26.2001-03:00:00,12,26,2001,03,51.594
12.26.2001-06:00:00,12,26,2001,06,51.555
12.26.2001-09:00:00,12,26,2001,09,51.515
12.26.2001-12:00:00,12,26,2001,12,51.476
12.26.2001-15:00:00,12,26,2001,15,51.437
12.26.2001-18:00:00,12,26,2001,18,51.398
12.26.2001-21:00:00,12,26,2001,21,51.359
12.27.2001-00:00:00,12,27,2001,00,51.32
12.27.2001-03:00:00,12,27,2001,03,51.281
12.27.2001-06:00:00,12,27,2001,06,51.242
12.27.2001-09:00:00,12,27,2001,09,51.203
12.27.2001-12:00:00,12,27,2001,12,51.164
12.27.2001-15:00:00,12,27,2001,15,51.125
12.27.2001-18:00:00,12,27,2001,18,51.086
12.27.2001-21:00:00,12,27,2001,21,51.047
12.28.2001-00:00:00,12,28,2001,00,51.008
12.28.2001-03:00:00,12,28,2001,03,50.969
12.28.2001-06:00:00,12,28,2001,06,50.93
12.28.2001-09:00:00,12,28,2001,09,50.892
12.28.2001-12:00:00,12,28,2001,12,50.853
12.28.2001-15:00:00,12,28,2001,15,50.814
12.28.2001-18:00:00,12,28,2001,18,50.775
12.28.2001-21:00:00,12,28,2001,21,50.737
12.29.2001-00:00:00,12,29,2001,00,50.698
12.29.2001-03:00:00,12,29,2001,03,50.659
12.29.2001-06:00:00,12,29,2001,06,50.621
12.29.2001-09:00:00,12,29,2001,09,50.582
12.29.2001-12:00:00,12,29,2001,12,50.543
12.29.2001-15:00:00,12,29,2001,15,50.505
12.29.2001-18:00:00,12,29,2001,18,50.466
12.29.2001-21:00:00,12,29,2001,21,50.427
12.30.2001-00:00:00,12,30,2001,00,50.389
12.30.2001-03:00:00,12,30,2001,03,50.35
12.30.2001-06:00:00,12,30,2001,06,50.312
12.30.2001-09:00:00,12,30,2001,09,50.273
12.30.2001-12:00:00,12,30,2001,12,50.235
12.30.2001-15:00:00,12,30,2001,15,50.196
12.30.2001-18:00:00,12,30,2001,18,50.158
12.30.2001-21:00:00,12,30,2001,21,50.119
12.31.2001-00:00:00,12,31,2001,00,50.081
12.31.2001-03:00:00,12,31,2001,03,50.042
12.31.2001-06:00:00,12,31,2001,06,50.004
12.31.2001-09:00:00,12,31,2001,09,49.966
12.31.2001-12:00:00,12,31,2001,12,49.927
12.31.2001-15:00:00,12,31,2001,15,49.889
12.31.2001-18:00:00,12,31,2001,18,49.851
12.31.2001-21:00:00,12,31,2001,21,49.812
01.01.2002-00:00:00,01,01,2002,00,49.774
01.01.2002-03:00:00,01,01,2002,03,49.736
01.01.2002-06:00:00,01,01,2002,06,49.698
01.01.2002-09:00:00,01,01,2002,09,49.659
01.01.2002-12:00:00,01,01,2002,12,49.621
01.01.2002-15:00:00,01,01,2002,15,49.583
01.01.2002-18:00:00,01,01,2002,18,49.545
01.01.2002-21:00:00,01,01,2002,21,49.506
01.02.2002-00:00:00,01,02,2002,00,49.468
01.02.2002-03:00:00,01,02,2002,03,49.43
01.02.2002-06:00:00,01,02,2002,06,49.392
01.02.2002-09:00:00,01,02,2002,09,49.354
01.02.2002-12:00:00,01,02,2002,12,49.316
01.02.2002-15:00:00,01,02,2002,15,49.278
01.02.2002-18:00:00,01,02,2002,18,49.24
01.02.2002-21:00:00,01,02,2002,21,49.202
01.03.2002-00:00:00,01,03,2002,00,49.164
01.03.2002-03:00:00,01,03,2002,03,49.126
01.03.2002-06:00:00,01,03,2002,06,49.087
01.03.2002-09:00:00,01,03,2002,09,49.05
01.03.2002-12:00:00,01,03,2002,12,49.012
01.03.2002-15:00:00,01,03,2002,15,48.973
01.03.2002-18:00:00,01,03,2002,18,48.935
01.03.2002-21:00:00,01,03,2002,21,48.898
01.04.2002-00:00:00,01,04,2002,00,48.86
01.04.2002-03:00:00,01,04,2002,03,48.822
01.04.2002-06:00:00,01,04,2002,06,48.784
01.04.2002-09:00:00,01,04,2002,09,48.746
01.04.2002-12:00:00,01,04,2002,12,48.708
01.04.2002-15:00:00,01,04,2002,15,48.67
01.04.2002-18:00:00,01,04,2002,18,48.633
01.04.2002-21:00:00,01,04,2002,21,48.595
01.05.2002-00:00:00,01,05,2002,00,48.557
01.05.2002-03:00:00,01,05,2002,03,48.519
01.05.2002-06:00:00,01,05,2002,06,48.481
01.05.2002-09:00:00,01,05,2002,09,48.443
01.05.2002-12:00:00,01,05,2002,12,48.406
01.05.2002-15:00:00,01,05,2002,15,48.368
01.05.2002-18:00:00,01,05,2002,18,48.33
01.05.2002-21:00:00,01,05,2002,21,48.293
01.06.2002-00:00:00,01,06,2002,00,48.255
01.06.2002-03:00:00,01,06,2002,03,48.217
01.06.2002-06:00:00,01,06,2002,06,48.18
01.06.2002-09:00:00,01,06,2002,09,48.142
01.06.2002-12:00:00,01,06,2002,12,48.104
01.06.2002-15:00:00,01,06,2002,15,48.066
01.06.2002-18:00:00,01,06,2002,18,48.029
01.06.2002-21:00:00,01,06,2002,21,47.992
01.07.2002-00:00:00,01,07,2002,00,47.954
01.07.2002-03:00:00,01,07,2002,03,47.916
01.07.2002-06:00:00,01,07,2002,06,47.879
01.07.2002-09:00:00,01,07,2002,09,47.841
01.07.2002-12:00:00,01,07,2002,12,47.804
01.07.2002-15:00:00,01,07,2002,15,47.766
01.07.2002-18:00:00,01,07,2002,18,47.728
01.07.2002-21:00:00,01,07,2002,21,47.691
01.08.2002-00:00:00,01,08,2002,00,47.653
01.08.2002-03:00:00,01,08,2002,03,47.616
01.08.2002-06:00:00,01,08,2002,06,47.578
01.08.2002-09:00:00,01,08,2002,09,47.541
01.08.2002-12:00:00,01,08,2002,12,47.504
01.08.2002-15:00:00,01,08,2002,15,47.466
01.08.2002-18:00:00,01,08,2002,18,47.429
01.08.2002-21:00:00,01,08,2002,21,47.391
01.09.2002-00:00:00,01,09,2002,00,47.354
01.09.2002-03:00:00,01,09,2002,03,47.316
01.09.2002-06:00:00,01,09,2002,06,47.279
01.09.2002-09:00:00,01,09,2002,09,47.242
01.09.2002-12:00:00,01,09,2002,12,47.204
01.09.2002-15:00:00,01,09,2002,15,47.167
01.09.2002-18:00:00,01,09,2002,18,47.129
01.09.2002-21:00:00,01,09,2002,21,47.092
01.10.2002-00:00:00,01,10,2002,00,47.055
01.10.2002-03:00:00,01,10,2002,03,47.018
01.10.2002-06:00:00,01,10,2002,06,46.98
01.10.2002-09:00:00,01,10,2002,09,46.943
01.10.2002-12:00:00,01,10,2002,12,46.906
01.10.2002-15:00:00,01,10,2002,15,46.868
01.10.2002-18:00:00,01,10,2002,18,46.831
01.10.2002-21:00:00,01,10,2002,21,46.794
01.11.2002-00:00:00,01,11,2002,00,46.757
01.11.2002-03:00:00,01,11,2002,03,46.72
01.11.2002-06:00:00,01,11,2002,06,46.683
01.11.2002-09:00:00,01,11,2002,09,46.645
01.11.2002-12:00:00,01,11,2002,12,46.608
01.11.2002-15:00:00,01,11,2002,15,46.571
01.11.2002-18:00:00,01,11,2002,18,46.534
01.11.2002-21:00:00,01,11,2002,21,46.497
01.12.2002-00:00:00,01,12,2002,00,46.459
01.12.2002-03:00:00,01,12,2002,03,46.422
01.12.2002-06:00:00,01,12,2002,06,46.386
01.12.2002-09:00:00,01,12,2002,09,46.349
01.12.2002-12:00:00,01,12,2002,12,46.311
01.12.2002-15:00:00,01,12,2002,15,46.274
01.12.2002-18:00:00,01,12,2002,18,46.237
01.12.2002-21:00:00,01,12,2002,21,46.2
01.13.2002-00:00:00,01,13,2002,00,46.163
01.13.2002-03:00:00,01,13,2002,03,46.126
01.13.2002-06:00:00,01,13,2002,06,46.089
01.13.2002-09:00:00,01,13,2002,09,46.052
01.13.2002-12:00:00,01,13,2002,12,46.015
01.13.2002-15:00:00,01,13,2002,15,45.979
01.13.2002-18:00:00,01,13,2002,18,45.941
01.13.2002-21:00:00,01,13,2002,21,45.905
01.14.2002-00:00:00,01,14,2002,00,45.868
01.14.2002-03:00:00,01,14,2002,03,45.831
01.14.2002-06:00:00,01,14,2002,06,45.794
01.14.2002-09:00:00,01,14,2002,09,45.757
01.14.2002-12:00:00,01,14,2002,12,45.72
01.14.2002-15:00:00,01,14,2002,15,45.683
01.14.2002-18:00:00,01,14,2002,18,45.646
01.14.2002-21:00:00,01,14,2002,21,45.61
01.15.2002-00:00:00,01,15,2002,00,45.573
01.15.2002-03:00:00,01,15,2002,03,45.536
01.15.2002-06:00:00,01,15,2002,06,45.499
01.15.2002-09:00:00,01,15,2002,09,45.463
01.15.2002-12:00:00,01,15,2002,12,45.426
01.15.2002-15:00:00,01,15,2002,15,45.389
01.15.2002-18:00:00,01,15,2002,18,45.352
01.15.2002-21:00:00,01,15,2002,21,45.316
01.16.2002-00:00:00,01,16,2002,00,45.279
01.16.2002-03:00:00,01,16,2002,03,45.242
01.16.2002-06:00:00,01,16,2002,06,45.205
01.16.2002-09:00:00,01,16,2002,09,45.169
01.16.2002-12:00:00,01,16,2002,12,45.132
01.16.2002-15:00:00,01,16,2002,15,45.096
01.16.2002-18:00:00,01,16,2002,18,45.059
01.16.2002-21:00:00,01,16,2002,21,45.022
01.17.2002-00:00:00,01,17,2002,00,44.986
01.17.2002-03:00:00,01,17,2002,03,44.949
01.17.2002-06:00:00,01,17,2002,06,44.912
01.17.2002-09:00:00,01,17,2002,09,44.876
01.17.2002-12:00:00,01,17,2002,12,44.839
01.17.2002-15:00:00,01,17,2002,15,44.803
01.17.2002-18:00:00,01,17,2002,18,44.766
01.17.2002-21:00:00,01,17,2002,21,44.73
01.18.2002-00:00:00,01,18,2002,00,44.694
01.18.2002-03:00:00,01,18,2002,03,44.657
01.18.2002-06:00:00,01,18,2002,06,44.621
01.18.2002-09:00:00,01,18,2002,09,44.584
01.18.2002-12:00:00,01,18,2002,12,44.548
01.18.2002-15:00:00,01,18,2002,15,44.511
01.18.2002-18:00:00,01,18,2002,18,44.475
01.18.2002-21:00:00,01,18,2002,21,44.439
01.19.2002-00:00:00,01,19,2002,00,44.402
01.19.2002-03:00:00,01,19,2002,03,44.366
01.19.2002-06:00:00,01,19,2002,06,44.33
01.19.2002-09:00:00,01,19,2002,09,44.293
01.19.2002-12:00:00,01,19,2002,12,44.257
01.19.2002-15:00:00,01,19,2002,15,44.223
01.19.2002-18:00:00,01,19,2002,18,44.188
01.19.2002-21:00:00,01,19,2002,21,44.153
01.20.2002-00:00:00,01,20,2002,00,44.119
01.20.2002-03:00:00,01,20,2002,03,44.084
01.20.2002-06:00:00,01,20,2002,06,44.05
01.20.2002-09:00:00,01,20,2002,09,44.015
01.20.2002-12:00:00,01,20,2002,12,43.981
01.20.2002-15:00:00,01,20,2002,15,43.946
01.20.2002-18:00:00,01,20,2002,18,43.911
01.20.2002-21:00:00,01,20,2002,21,43.877
01.21.2002-00:00:00,01,21,2002,00,43.842
01.21.2002-03:00:00,01,21,2002,03,43.808
01.21.2002-06:00:00,01,21,2002,06,43.773
01.21.2002-09:00:00,01,21,2002,09,43.739
01.21.2002-12:00:00,01,21,2002,12,43.704
01.21.2002-15:00:00,01,21,2002,15,43.67
01.21.2002-18:00:00,01,21,2002,18,43.635
01.21.2002-21:00:00,01,21,2002,21,43.601
01.22.2002-00:00:00,01,22,2002,00,43.566
01.22.2002-03:00:00,01,22,2002,03,43.532
01.22.2002-06:00:00,01,22,2002,06,43.497
01.22.2002-09:00:00,01,22,2002,09,43.462
01.22.2002-12:00:00,01,22,2002,12,43.428
01.22.2002-15:00:00,01,22,2002,15,43.393
01.22.2002-18:00:00,01,22,2002,18,43.359
01.22.2002-21:00:00,01,22,2002,21,43.324
01.23.2002-00:00:00,01,23,2002,00,43.29
01.23.2002-03:00:00,01,23,2002,03,43.255
01.23.2002-06:00:00,01,23,2002,06,43.221
01.23.2002-09:00:00,01,23,2002,09,43.186
01.23.2002-12:00:00,01,23,2002,12,43.152
01.23.2002-15:00:00,01,23,2002,15,43.12
01.23.2002-18:00:00,01,23,2002,18,43.089
01.23.2002-21:00:00,01,23,2002,21,43.058
01.24.2002-00:00:00,01,24,2002,00,43.027
01.24.2002-03:00:00,01,24,2002,03,42.996
01.24.2002-06:00:00,01,24,2002,06,42.966
01.24.2002-09:00:00,01,24,2002,09,42.935
01.24.2002-12:00:00,01,24,2002,12,42.904
01.24.2002-15:00:00,01,24,2002,15,42.873
01.24.2002-18:00:00,01,24,2002,18,42.842
01.24.2002-21:00:00,01,24,2002,21,42.811
01.25.2002-00:00:00,01,25,2002,00,42.78
01.25.2002-03:00:00,01,25,2002,03,42.749
01.25.2002-06:00:00,01,25,2002,06,42.718
01.25.2002-09:00:00,01,25,2002,09,42.687
01.25.2002-12:00:00,01,25,2002,12,42.656
01.25.2002-15:00:00,01,25,2002,15,42.625
01.25.2002-18:00:00,01,25,2002,18,42.594
01.25.2002-21:00:00,01,25,2002,21,42.562
01.26.2002-00:00:00,01,26,2002,00,42.531
01.26.2002-03:00:00,01,26,2002,03,42.5
01.26.2002-06:00:00,01,26,2002,06,42.469
01.26.2002-09:00:00,01,26,2002,09,42.437
01.26.2002-12:00:00,01,26,2002,12,42.406
01.26.2002-15:00:00,01,26,2002,15,42.375
01.26.2002-18:00:00,01,26,2002,18,42.343
01.26.2002-21:00:00,01,26,2002,21,42.312
01.27.2002-00:00:00,01,27,2002,00,42.28
01.27.2002-03:00:00,01,27,2002,03,42.249
01.27.2002-06:00:00,01,27,2002,06,42.217
01.27.2002-09:00:00,01,27,2002,09,42.186
01.27.2002-12:00:00,01,27,2002,12,42.154
01.27.2002-15:00:00,01,27,2002,15,42.123
01.27.2002-18:00:00,01,27,2002,18,42.091
01.27.2002-21:00:00,01,27,2002,21,42.06
01.28.2002-00:00:00,01,28,2002,00,42.028
01.28.2002-03:00:00,01,28,2002,03,41.996
01.28.2002-06:00:00,01,28,2002,06,41.965
01.28.2002-09:00:00,01,28,2002,09,41.933
01.28.2002-12:00:00,01,28,2002,12,41.901
01.28.2002-15:00:00,01,28,2002,15,41.87
01.28.2002-18:00:00,01,28,2002,18,41.838
01.28.2002-21:00:00,01,28,2002,21,41.806
01.29.2002-00:00:00,01,29,2002,00,41.774
01.29.2002-03:00:00,01,29,2002,03,41.743
01.29.2002-06:00:00,01,29,2002,06,41.711
01.29.2002-09:00:00,01,29,2002,09,41.679
01.29.2002-12:00:00,01,29,2002,12,41.647
01.29.2002-15:00:00,01,29,2002,15,41.616
01.29.2002-18:00:00,01,29,2002,18,41.584
01.29.2002-21:00:00,01,29,2002,21,41.552
01.30.2002-00:00:00,01,30,2002,00,41.52
01.30.2002-03:00:00,01,30,2002,03,41.488
01.30.2002-06:00:00,01,30,2002,06,41.456
01.30.2002-09:00:00,01,30,2002,09,41.424
01.30.2002-12:00:00,01,30,2002,12,41.392
01.30.2002-15:00:00,01,30,2002,15,41.36
01.30.2002-18:00:00,01,30,2002,18,41.329
01.30.2002-21:00:00,01,30,2002,21,41.296
01.31.2002-00:00:00,01,31,2002,00,41.265
01.31.2002-03:00:00,01,31,2002,03,41.232
01.31.2002-06:00:00,01,31,2002,06,41.201
01.31.2002-09:00:00,01,31,2002,09,41.169
01.31.2002-12:00:00,01,31,2002,12,41.136
01.31.2002-15:00:00,01,31,2002,15,41.104
01.31.2002-18:00:00,01,31,2002,18,41.073
01.31.2002-21:00:00,01,31,2002,21,41.041
02.01.2002-00:00:00,02,01,2002,00,41.008
02.01.2002-03:00:00,02,01,2002,03,40.976
02.01.2002-06:00:00,02,01,2002,06,40.944
02.01.2002-09:00:00,02,01,2002,09,40.912
02.01.2002-12:00:00,02,01,2002,12,40.88
02.01.2002-15:00:00,02,01,2002,15,40.848
02.01.2002-18:00:00,02,01,2002,18,40.816
02.01.2002-21:00:00,02,01,2002,21,40.784
02.02.2002-00:00:00,02,02,2002,00,40.752
02.02.2002-03:00:00,02,02,2002,03,40.72
02.02.2002-06:00:00,02,02,2002,06,40.688
02.02.2002-09:00:00,02,02,2002,09,40.656
02.02.2002-12:00:00,02,02,2002,12,40.624
02.02.2002-15:00:00,02,02,2002,15,40.592
02.02.2002-18:00:00,02,02,2002,18,40.56
02.02.2002-21:00:00,02,02,2002,21,40.528
02.03.2002-00:00:00,02,03,2002,00,40.496
02.03.2002-03:00:00,02,03,2002,03,40.465
02.03.2002-06:00:00,02,03,2002,06,40.433
02.03.2002-09:00:00,02,03,2002,09,40.401
02.03.2002-12:00:00,02,03,2002,12,40.369
02.03.2002-15:00:00,02,03,2002,15,40.337
02.03.2002-18:00:00,02,03,2002,18,40.305
02.03.2002-21:00:00,02,03,2002,21,40.273
02.04.2002-00:00:00,02,04,2002,00,40.241
02.04.2002-03:00:00,02,04,2002,03,40.209
02.04.2002-06:00:00,02,04,2002,06,40.177
02.04.2002-09:00:00,02,04,2002,09,40.145
02.04.2002-12:00:00,02,04,2002,12,40.113
02.04.2002-15:00:00,02,04,2002,15,40.081
02.04.2002-18:00:00,02,04,2002,18,40.049
02.04.2002-21:00:00,02,04,2002,21,40.017
02.05.2002-00:00:00,02,05,2002,00,39.985
02.05.2002-03:00:00,02,05,2002,03,39.953
02.05.2002-06:00:00,02,05,2002,06,39.921
02.05.2002-09:00:00,02,05,2002,09,39.889
02.05.2002-12:00:00,02,05,2002,12,39.857
02.05.2002-15:00:00,02,05,2002,15,39.825
02.05.2002-18:00:00,02,05,2002,18,39.793
02.05.2002-21:00:00,02,05,2002,21,39.762
02.06.2002-00:00:00,02,06,2002,00,39.729
02.06.2002-03:00:00,02,06,2002,03,39.698
02.06.2002-06:00:00,02,06,2002,06,39.666
02.06.2002-09:00:00,02,06,2002,09,39.634
02.06.2002-12:00:00,02,06,2002,12,39.602
02.06.2002-15:00:00,02,06,2002,15,39.57
02.06.2002-18:00:00,02,06,2002,18,39.538
02.06.2002-21:00:00,02,06,2002,21,39.506
02.07.2002-00:00:00,02,07,2002,00,39.474
02.07.2002-03:00:00,02,07,2002,03,39.442
02.07.2002-06:00:00,02,07,2002,06,39.411
02.07.2002-09:00:00,02,07,2002,09,39.379
02.07.2002-12:00:00,02,07,2002,12,39.347
02.07.2002-15:00:00,02,07,2002,15,39.316
02.07.2002-18:00:00,02,07,2002,18,39.284
02.07.2002-21:00:00,02,07,2002,21,39.252
02.08.2002-00:00:00,02,08,2002,00,39.22
02.08.2002-03:00:00,02,08,2002,03,39.189
02.08.2002-06:00:00,02,08,2002,06,39.157
02.08.2002-09:00:00,02,08,2002,09,39.126
02.08.2002-12:00:00,02,08,2002,12,38.798
02.08.2002-15:00:00,02,08,2002,15,38.908
02.08.2002-18:00:00,02,08,2002,18,39.01
02.08.2002-21:00:00,02,08,2002,21,38.991
02.09.2002-00:00:00,02,09,2002,00,38.96
02.09.2002-03:00:00,02,09,2002,03,38.929
02.09.2002-06:00:00,02,09,2002,06,38.897
02.09.2002-09:00:00,02,09,2002,09,38.866
02.09.2002-12:00:00,02,09,2002,12,38.834
02.09.2002-15:00:00,02,09,2002,15,38.802
02.09.2002-18:00:00,02,09,2002,18,38.771
02.09.2002-21:00:00,02,09,2002,21,38.74
02.10.2002-00:00:00,02,10,2002,00,38.708
02.10.2002-03:00:00,02,10,2002,03,38.677
02.10.2002-06:00:00,02,10,2002,06,38.645
02.10.2002-09:00:00,02,10,2002,09,38.614
02.10.2002-12:00:00,02,10,2002,12,38.582
02.10.2002-15:00:00,02,10,2002,15,38.551
02.10.2002-18:00:00,02,10,2002,18,38.52
02.10.2002-21:00:00,02,10,2002,21,38.488
02.11.2002-00:00:00,02,11,2002,00,38.457
02.11.2002-03:00:00,02,11,2002,03,38.425
02.11.2002-06:00:00,02,11,2002,06,38.394
02.11.2002-09:00:00,02,11,2002,09,38.363
02.11.2002-12:00:00,02,11,2002,12,38.326
02.11.2002-15:00:00,02,11,2002,15,38.293
02.11.2002-18:00:00,02,11,2002,18,38.262
02.11.2002-21:00:00,02,11,2002,21,38.23
02.12.2002-00:00:00,02,12,2002,00,38.199
02.12.2002-03:00:00,02,12,2002,03,38.168
02.12.2002-06:00:00,02,12,2002,06,38.137
02.12.2002-09:00:00,02,12,2002,09,38.106
02.12.2002-12:00:00,02,12,2002,12,38.075
02.12.2002-15:00:00,02,12,2002,15,38.043
02.12.2002-18:00:00,02,12,2002,18,38.012
02.12.2002-21:00:00,02,12,2002,21,37.981
02.13.2002-00:00:00,02,13,2002,00,37.95
02.13.2002-03:00:00,02,13,2002,03,37.919
02.13.2002-06:00:00,02,13,2002,06,37.888
02.13.2002-09:00:00,02,13,2002,09,37.857
02.13.2002-12:00:00,02,13,2002,12,37.826
02.13.2002-15:00:00,02,13,2002,15,37.795
02.13.2002-18:00:00,02,13,2002,18,37.764
02.13.2002-21:00:00,02,13,2002,21,37.733
02.14.2002-00:00:00,02,14,2002,00,37.702
02.14.2002-03:00:00,02,14,2002,03,37.671
02.14.2002-06:00:00,02,14,2002,06,37.64
02.14.2002-09:00:00,02,14,2002,09,37.609
02.14.2002-12:00:00,02,14,2002,12,37.578
02.14.2002-15:00:00,02,14,2002,15,37.547
02.14.2002-18:00:00,02,14,2002,18,37.516
02.14.2002-21:00:00,02,14,2002,21,37.485
02.15.2002-00:00:00,02,15,2002,00,37.454
02.15.2002-03:00:00,02,15,2002,03,37.423
02.15.2002-06:00:00,02,15,2002,06,37.393
02.15.2002-09:00:00,02,15,2002,09,37.362
02.15.2002-12:00:00,02,15,2002,12,37.331
02.15.2002-15:00:00,02,15,2002,15,37.3
02.15.2002-18:00:00,02,15,2002,18,37.269
02.15.2002-21:00:00,02,15,2002,21,37.239
02.16.2002-00:00:00,02,16,2002,00,37.208
02.16.2002-03:00:00,02,16,2002,03,37.177
02.16.2002-06:00:00,02,16,2002,06,37.146
02.16.2002-09:00:00,02,16,2002,09,37.116
02.16.2002-12:00:00,02,16,2002,12,37.085
02.16.2002-15:00:00,02,16,2002,15,37.055
02.16.2002-18:00:00,02,16,2002,18,37.024
02.16.2002-21:00:00,02,16,2002,21,36.993
02.17.2002-00:00:00,02,17,2002,00,36.963
02.17.2002-03:00:00,02,17,2002,03,36.932
02.17.2002-06:00:00,02,17,2002,06,36.902
02.17.2002-09:00:00,02,17,2002,09,36.871
02.17.2002-12:00:00,02,17,2002,12,36.841
02.17.2002-15:00:00,02,17,2002,15,36.81
02.17.2002-18:00:00,02,17,2002,18,36.78
02.17.2002-21:00:00,02,17,2002,21,36.75
02.18.2002-00:00:00,02,18,2002,00,36.72
02.18.2002-03:00:00,02,18,2002,03,36.689
02.18.2002-06:00:00,02,18,2002,06,36.659
02.18.2002-09:00:00,02,18,2002,09,36.629
02.18.2002-12:00:00,02,18,2002,12,36.186
02.18.2002-15:00:00,02,18,2002,15,36.349
02.18.2002-18:00:00,02,18,2002,18,36.504
02.18.2002-21:00:00,02,18,2002,21,36.49
02.19.2002-00:00:00,02,19,2002,00,36.461
02.19.2002-03:00:00,02,19,2002,03,36.431
02.19.2002-06:00:00,02,19,2002,06,36.401
02.19.2002-09:00:00,02,19,2002,09,35.891
02.19.2002-12:00:00,02,19,2002,12,35.622
02.19.2002-15:00:00,02,19,2002,15,36.034
02.19.2002-18:00:00,02,19,2002,18,36.235
02.19.2002-21:00:00,02,19,2002,21,36.226
02.20.2002-00:00:00,02,20,2002,00,36.198
02.20.2002-03:00:00,02,20,2002,03,36.168
02.20.2002-06:00:00,02,20,2002,06,36.138
02.20.2002-09:00:00,02,20,2002,09,36.106
02.20.2002-12:00:00,02,20,2002,12,35.503
02.20.2002-15:00:00,02,20,2002,15,35.741
02.20.2002-18:00:00,02,20,2002,18,35.968
02.20.2002-21:00:00,02,20,2002,21,35.961
02.21.2002-00:00:00,02,21,2002,00,35.933
02.21.2002-03:00:00,02,21,2002,03,35.904
02.21.2002-06:00:00,02,21,2002,06,35.875
02.21.2002-09:00:00,02,21,2002,09,35.846
02.21.2002-12:00:00,02,21,2002,12,35.817
02.21.2002-15:00:00,02,21,2002,15,35.787
02.21.2002-18:00:00,02,21,2002,18,35.758
02.21.2002-21:00:00,02,21,2002,21,35.729
02.22.2002-00:00:00,02,22,2002,00,35.7
02.22.2002-03:00:00,02,22,2002,03,35.671
02.22.2002-06:00:00,02,22,2002,06,35.642
02.22.2002-09:00:00,02,22,2002,09,34.983
02.22.2002-12:00:00,02,22,2002,12,34.749
02.22.2002-15:00:00,02,22,2002,15,35.186
02.22.2002-18:00:00,02,22,2002,18,35.436
02.22.2002-21:00:00,02,22,2002,21,35.454
02.23.2002-00:00:00,02,23,2002,00,35.429
02.23.2002-03:00:00,02,23,2002,03,35.401
02.23.2002-06:00:00,02,23,2002,06,35.372
02.23.2002-09:00:00,02,23,2002,09,35.344
02.23.2002-12:00:00,02,23,2002,12,35.001
02.23.2002-15:00:00,02,23,2002,15,35.123
02.23.2002-18:00:00,02,23,2002,18,35.238
02.23.2002-21:00:00,02,23,2002,21,35.222
02.24.2002-00:00:00,02,24,2002,00,35.194
02.24.2002-03:00:00,02,24,2002,03,35.166
02.24.2002-06:00:00,02,24,2002,06,35.137
02.24.2002-09:00:00,02,24,2002,09,35.109
02.24.2002-12:00:00,02,24,2002,12,35.08
02.24.2002-15:00:00,02,24,2002,15,35.052
02.24.2002-18:00:00,02,24,2002,18,35.024
02.24.2002-21:00:00,02,24,2002,21,34.996
02.25.2002-00:00:00,02,25,2002,00,34.967
02.25.2002-03:00:00,02,25,2002,03,34.939
02.25.2002-06:00:00,02,25,2002,06,34.911
02.25.2002-09:00:00,02,25,2002,09,34.883
02.25.2002-12:00:00,02,25,2002,12,34.855
02.25.2002-15:00:00,02,25,2002,15,34.827
02.25.2002-18:00:00,02,25,2002,18,34.798
02.25.2002-21:00:00,02,25,2002,21,34.77
02.26.2002-00:00:00,02,26,2002,00,34.742
02.26.2002-03:00:00,02,26,2002,03,34.714
02.26.2002-06:00:00,02,26,2002,06,34.686
02.26.2002-09:00:00,02,26,2002,09,34.658
02.26.2002-12:00:00,02,26,2002,12,34.63
02.26.2002-15:00:00,02,26,2002,15,34.602
02.26.2002-18:00:00,02,26,2002,18,34.574
02.26.2002-21:00:00,02,26,2002,21,34.546
02.27.2002-00:00:00,02,27,2002,00,34.518
02.27.2002-03:00:00,02,27,2002,03,34.49
02.27.2002-06:00:00,02,27,2002,06,34.462
02.27.2002-09:00:00,02,27,2002,09,34.434
02.27.2002-12:00:00,02,27,2002,12,34.406
02.27.2002-15:00:00,02,27,2002,15,34.378
02.27.2002-18:00:00,02,27,2002,18,34.35
02.27.2002-21:00:00,02,27,2002,21,34.323
02.28.2002-00:00:00,02,28,2002,00,34.295
02.28.2002-03:00:00,02,28,2002,03,34.267
02.28.2002-06:00:00,02,28,2002,06,34.239
02.28.2002-09:00:00,02,28,2002,09,34.211
02.28.2002-12:00:00,02,28,2002,12,34.18
02.28.2002-15:00:00,02,28,2002,15,34.151
02.28.2002-18:00:00,02,28,2002,18,34.123
02.28.2002-21:00:00,02,28,2002,21,34.095
03.01.2002-00:00:00,03,01,2002,00,34.068
03.01.2002-03:00:00,03,01,2002,03,34.04
03.01.2002-06:00:00,03,01,2002,06,34.012
03.01.2002-09:00:00,03,01,2002,09,33.985
03.01.2002-12:00:00,03,01,2002,12,33.014
03.01.2002-15:00:00,03,01,2002,15,33.433
03.01.2002-18:00:00,03,01,2002,18,33.831
03.01.2002-21:00:00,03,01,2002,21,33.842
03.02.2002-00:00:00,03,02,2002,00,33.817
03.02.2002-03:00:00,03,02,2002,03,33.79
03.02.2002-06:00:00,03,02,2002,06,33.763
03.02.2002-09:00:00,03,02,2002,09,33.735
03.02.2002-12:00:00,03,02,2002,12,32.91
03.02.2002-15:00:00,03,02,2002,15,33.26
03.02.2002-18:00:00,03,02,2002,18,33.594
03.02.2002-21:00:00,03,02,2002,21,33.599
03.03.2002-00:00:00,03,03,2002,00,33.574
03.03.2002-03:00:00,03,03,2002,03,33.547
03.03.2002-06:00:00,03,03,2002,06,33.52
03.03.2002-09:00:00,03,03,2002,09,33.494
03.03.2002-12:00:00,03,03,2002,12,32.595
03.03.2002-15:00:00,03,03,2002,15,32.981
03.03.2002-18:00:00,03,03,2002,18,33.348
03.03.2002-21:00:00,03,03,2002,21,33.356
03.04.2002-00:00:00,03,04,2002,00,33.332
03.04.2002-03:00:00,03,04,2002,03,33.305
03.04.2002-06:00:00,03,04,2002,06,33.279
03.04.2002-09:00:00,03,04,2002,09,32.341
03.04.2002-12:00:00,03,04,2002,12,31.549
03.04.2002-15:00:00,03,04,2002,15,32.501
03.04.2002-18:00:00,03,04,2002,18,33.053
03.04.2002-21:00:00,03,04,2002,21,33.077
03.05.2002-00:00:00,03,05,2002,00,33.055
03.05.2002-03:00:00,03,05,2002,03,33.029
03.05.2002-06:00:00,03,05,2002,06,33.003
03.05.2002-09:00:00,03,05,2002,09,32.244
03.05.2002-12:00:00,03,05,2002,12,31.642
03.05.2002-15:00:00,03,05,2002,15,32.386
03.05.2002-18:00:00,03,05,2002,18,32.807
03.05.2002-21:00:00,03,05,2002,21,32.821
03.06.2002-00:00:00,03,06,2002,00,32.798
03.06.2002-03:00:00,03,06,2002,03,32.773
03.06.2002-06:00:00,03,06,2002,06,32.747
03.06.2002-09:00:00,03,06,2002,09,32.722
03.06.2002-12:00:00,03,06,2002,12,32.696
03.06.2002-15:00:00,03,06,2002,15,32.671
03.06.2002-18:00:00,03,06,2002,18,32.645
03.06.2002-21:00:00,03,06,2002,21,32.62
03.07.2002-00:00:00,03,07,2002,00,32.595
03.07.2002-03:00:00,03,07,2002,03,32.569
03.07.2002-06:00:00,03,07,2002,06,32.544
03.07.2002-09:00:00,03,07,2002,09,32.519
03.07.2002-12:00:00,03,07,2002,12,32.493
03.07.2002-15:00:00,03,07,2002,15,32.468
03.07.2002-18:00:00,03,07,2002,18,32.442
03.07.2002-21:00:00,03,07,2002,21,32.417
03.08.2002-00:00:00,03,08,2002,00,32.392
03.08.2002-03:00:00,03,08,2002,03,32.366
03.08.2002-06:00:00,03,08,2002,06,32.341
03.08.2002-09:00:00,03,08,2002,09,32.316
03.08.2002-12:00:00,03,08,2002,12,32.291
03.08.2002-15:00:00,03,08,2002,15,32.266
03.08.2002-18:00:00,03,08,2002,18,32.24
03.08.2002-21:00:00,03,08,2002,21,32.215
03.09.2002-00:00:00,03,09,2002,00,32.19
03.09.2002-03:00:00,03,09,2002,03,32.165
03.09.2002-06:00:00,03,09,2002,06,32.14
03.09.2002-09:00:00,03,09,2002,09,32.115
03.09.2002-12:00:00,03,09,2002,12,32.09
03.09.2002-15:00:00,03,09,2002,15,32.064
03.09.2002-18:00:00,03,09,2002,18,32.039
03.09.2002-21:00:00,03,09,2002,21,32.014
03.10.2002-00:00:00,03,10,2002,00,31.989
03.10.2002-03:00:00,03,10,2002,03,31.964
03.10.2002-06:00:00,03,10,2002,06,31.94
03.10.2002-09:00:00,03,10,2002,09,31.915
03.10.2002-12:00:00,03,10,2002,12,31.89
03.10.2002-15:00:00,03,10,2002,15,31.865
03.10.2002-18:00:00,03,10,2002,18,31.84
03.10.2002-21:00:00,03,10,2002,21,31.815
03.11.2002-00:00:00,03,11,2002,00,31.79
03.11.2002-03:00:00,03,11,2002,03,31.765
03.11.2002-06:00:00,03,11,2002,06,31.741
03.11.2002-09:00:00,03,11,2002,09,31.716
03.11.2002-12:00:00,03,11,2002,12,31.691
03.11.2002-15:00:00,03,11,2002,15,31.666
03.11.2002-18:00:00,03,11,2002,18,31.641
03.11.2002-21:00:00,03,11,2002,21,31.617
03.12.2002-00:00:00,03,12,2002,00,31.592
03.12.2002-03:00:00,03,12,2002,03,31.567
03.12.2002-06:00:00,03,12,2002,06,31.542
03.12.2002-09:00:00,03,12,2002,09,30.602
03.12.2002-12:00:00,03,12,2002,12,29.962
03.12.2002-15:00:00,03,12,2002,15,30.763
03.12.2002-18:00:00,03,12,2002,18,31.3
03.12.2002-21:00:00,03,12,2002,21,31.364
03.13.2002-00:00:00,03,13,2002,00,31.346
03.13.2002-03:00:00,03,13,2002,03,31.322
03.13.2002-06:00:00,03,13,2002,06,31.298
03.13.2002-09:00:00,03,13,2002,09,30.512
03.13.2002-12:00:00,03,13,2002,12,29.798
03.13.2002-15:00:00,03,13,2002,15,30.628
03.13.2002-18:00:00,03,13,2002,18,31.116
03.13.2002-21:00:00,03,13,2002,21,31.137
03.14.2002-00:00:00,03,14,2002,00,31.116
03.14.2002-03:00:00,03,14,2002,03,31.092
03.14.2002-06:00:00,03,14,2002,06,31.068
03.14.2002-09:00:00,03,14,2002,09,30.082
03.14.2002-12:00:00,03,14,2002,12,29.426
03.14.2002-15:00:00,03,14,2002,15,30.223
03.14.2002-18:00:00,03,14,2002,18,30.799
03.14.2002-21:00:00,03,14,2002,21,30.885
03.15.2002-00:00:00,03,15,2002,00,30.87
03.15.2002-03:00:00,03,15,2002,03,30.847
03.15.2002-06:00:00,03,15,2002,06,30.824
03.15.2002-09:00:00,03,15,2002,09,30.8
03.15.2002-12:00:00,03,15,2002,12,30.32
03.15.2002-15:00:00,03,15,2002,15,30.515
03.15.2002-18:00:00,03,15,2002,18,30.699
03.15.2002-21:00:00,03,15,2002,21,30.694
03.16.2002-00:00:00,03,16,2002,00,30.672
03.16.2002-03:00:00,03,16,2002,03,30.649
03.16.2002-06:00:00,03,16,2002,06,30.625
03.16.2002-09:00:00,03,16,2002,09,30.602
03.16.2002-12:00:00,03,16,2002,12,30.579
03.16.2002-15:00:00,03,16,2002,15,30.555
03.16.2002-18:00:00,03,16,2002,18,30.532
03.16.2002-21:00:00,03,16,2002,21,30.509
03.17.2002-00:00:00,03,17,2002,00,30.486
03.17.2002-03:00:00,03,17,2002,03,30.462
03.17.2002-06:00:00,03,17,2002,06,30.439
03.17.2002-09:00:00,03,17,2002,09,30.416
03.17.2002-12:00:00,03,17,2002,12,30.393
03.17.2002-15:00:00,03,17,2002,15,30.37
03.17.2002-18:00:00,03,17,2002,18,30.346
03.17.2002-21:00:00,03,17,2002,21,30.323
03.18.2002-00:00:00,03,18,2002,00,30.3
03.18.2002-03:00:00,03,18,2002,03,30.277
03.18.2002-06:00:00,03,18,2002,06,30.254
03.18.2002-09:00:00,03,18,2002,09,30.231
03.18.2002-12:00:00,03,18,2002,12,30.208
03.18.2002-15:00:00,03,18,2002,15,30.185
03.18.2002-18:00:00,03,18,2002,18,30.162
03.18.2002-21:00:00,03,18,2002,21,30.139
03.19.2002-00:00:00,03,19,2002,00,30.116
03.19.2002-03:00:00,03,19,2002,03,30.093
03.19.2002-06:00:00,03,19,2002,06,30.07
03.19.2002-09:00:00,03,19,2002,09,30.047
03.19.2002-12:00:00,03,19,2002,12,30.024
03.19.2002-15:00:00,03,19,2002,15,30.001
03.19.2002-18:00:00,03,19,2002,18,29.979
03.19.2002-21:00:00,03,19,2002,21,29.956
03.20.2002-00:00:00,03,20,2002,00,29.933
03.20.2002-03:00:00,03,20,2002,03,29.91
03.20.2002-06:00:00,03,20,2002,06,29.887
03.20.2002-09:00:00,03,20,2002,09,29.865
03.20.2002-12:00:00,03,20,2002,12,29.842
03.20.2002-15:00:00,03,20,2002,15,29.819
03.20.2002-18:00:00,03,20,2002,18,29.797
03.20.2002-21:00:00,03,20,2002,21,29.774
03.21.2002-00:00:00,03,21,2002,00,29.751
03.21.2002-03:00:00,03,21,2002,03,29.728
03.21.2002-06:00:00,03,21,2002,06,29.706
03.21.2002-09:00:00,03,21,2002,09,29.683
03.21.2002-12:00:00,03,21,2002,12,29.661
03.21.2002-15:00:00,03,21,2002,15,29.638
03.21.2002-18:00:00,03,21,2002,18,29.616
03.21.2002-21:00:00,03,21,2002,21,29.593
03.22.2002-00:00:00,03,22,2002,00,29.57
03.22.2002-03:00:00,03,22,2002,03,29.548
03.22.2002-06:00:00,03,22,2002,06,29.526
03.22.2002-09:00:00,03,22,2002,09,28.657
03.22.2002-12:00:00,03,22,2002,12,28.179
03.22.2002-15:00:00,03,22,2002,15,28.185
03.22.2002-18:00:00,03,22,2002,18,28.955
03.22.2002-21:00:00,03,22,2002,21,29.32
03.23.2002-00:00:00,03,23,2002,00,29.331
03.23.2002-03:00:00,03,23,2002,03,29.311
03.23.2002-06:00:00,03,23,2002,06,29.289
03.23.2002-09:00:00,03,23,2002,09,28.425
03.23.2002-12:00:00,03,23,2002,12,27.93
03.23.2002-15:00:00,03,23,2002,15,27.851
03.23.2002-18:00:00,03,23,2002,18,27.842
03.23.2002-21:00:00,03,23,2002,21,27.864
03.24.2002-00:00:00,03,24,2002,00,28.624
03.24.2002-03:00:00,03,24,2002,03,28.991
03.24.2002-06:00:00,03,24,2002,06,29.004
03.24.2002-09:00:00,03,24,2002,09,28.164
03.24.2002-12:00:00,03,24,2002,12,27.679
03.24.2002-15:00:00,03,24,2002,15,27.596
03.24.2002-18:00:00,03,24,2002,18,27.586
03.24.2002-21:00:00,03,24,2002,21,27.586
03.25.2002-00:00:00,03,25,2002,00,27.92
03.25.2002-03:00:00,03,25,2002,03,28.493
03.25.2002-06:00:00,03,25,2002,06,28.699
03.25.2002-09:00:00,03,25,2002,09,27.902
03.25.2002-12:00:00,03,25,2002,12,27.426
03.25.2002-15:00:00,03,25,2002,15,27.343
03.25.2002-18:00:00,03,25,2002,18,27.333
03.25.2002-21:00:00,03,25,2002,21,27.333
03.26.2002-00:00:00,03,26,2002,00,27.334
03.26.2002-03:00:00,03,26,2002,03,28.011
03.26.2002-06:00:00,03,26,2002,06,28.381
03.26.2002-09:00:00,03,26,2002,09,27.675
03.26.2002-12:00:00,03,26,2002,12,27.267
03.26.2002-15:00:00,03,26,2002,15,27.212
03.26.2002-18:00:00,03,26,2002,18,27.821
03.26.2002-21:00:00,03,26,2002,21,28.204
03.27.2002-00:00:00,03,27,2002,00,28.256
03.27.2002-03:00:00,03,27,2002,03,28.242
03.27.2002-06:00:00,03,27,2002,06,28.224
03.27.2002-09:00:00,03,27,2002,09,27.628
03.27.2002-12:00:00,03,27,2002,12,27.215
03.27.2002-15:00:00,03,27,2002,15,27.655
03.27.2002-18:00:00,03,27,2002,18,28.023
03.27.2002-21:00:00,03,27,2002,21,28.088
03.28.2002-00:00:00,03,28,2002,00,28.076
03.28.2002-03:00:00,03,28,2002,03,28.058
03.28.2002-06:00:00,03,28,2002,06,28.039
03.28.2002-09:00:00,03,28,2002,09,27.324
03.28.2002-12:00:00,03,28,2002,12,26.921
03.28.2002-15:00:00,03,28,2002,15,26.856
03.28.2002-18:00:00,03,28,2002,18,26.847
03.28.2002-21:00:00,03,28,2002,21,27.045
03.29.2002-00:00:00,03,29,2002,00,27.584
03.29.2002-03:00:00,03,29,2002,03,27.804
03.29.2002-06:00:00,03,29,2002,06,27.806
03.29.2002-09:00:00,03,29,2002,09,27.122
03.29.2002-12:00:00,03,29,2002,12,26.736
03.29.2002-15:00:00,03,29,2002,15,26.675
03.29.2002-18:00:00,03,29,2002,18,26.667
03.29.2002-21:00:00,03,29,2002,21,26.942
03.30.2002-00:00:00,03,30,2002,00,27.416
03.30.2002-03:00:00,03,30,2002,03,27.586
03.30.2002-06:00:00,03,30,2002,06,27.584
03.30.2002-09:00:00,03,30,2002,09,26.91
03.30.2002-12:00:00,03,30,2002,12,26.517
03.30.2002-15:00:00,03,30,2002,15,26.443
03.30.2002-18:00:00,03,30,2002,18,26.433
03.30.2002-21:00:00,03,30,2002,21,26.433
03.31.2002-00:00:00,03,31,2002,00,26.433
03.31.2002-03:00:00,03,31,2002,03,26.783
03.31.2002-06:00:00,03,31,2002,06,27.188
03.31.2002-09:00:00,03,31,2002,09,26.688
03.31.2002-12:00:00,03,31,2002,12,26.336
03.31.2002-15:00:00,03,31,2002,15,26.274
03.31.2002-18:00:00,03,31,2002,18,26.265
03.31.2002-21:00:00,03,31,2002,21,26.265
04.01.2002-00:00:00,04,01,2002,00,26.618
04.01.2002-03:00:00,04,01,2002,03,26.998
04.01.2002-06:00:00,04,01,2002,06,27.105
04.01.2002-09:00:00,04,01,2002,09,26.516
04.01.2002-12:00:00,04,01,2002,12,26.182
04.01.2002-15:00:00,04,01,2002,15,26.128
04.01.2002-18:00:00,04,01,2002,18,26.119
04.01.2002-21:00:00,04,01,2002,21,26.408
04.02.2002-00:00:00,04,02,2002,00,26.798
04.02.2002-03:00:00,04,02,2002,03,26.924
04.02.2002-06:00:00,04,02,2002,06,26.919
04.02.2002-09:00:00,04,02,2002,09,26.346
04.02.2002-12:00:00,04,02,2002,12,26.023
04.02.2002-15:00:00,04,02,2002,15,25.97
04.02.2002-18:00:00,04,02,2002,18,25.962
04.02.2002-21:00:00,04,02,2002,21,26.112
04.03.2002-00:00:00,04,03,2002,00,26.547
04.03.2002-03:00:00,04,03,2002,03,26.725
04.03.2002-06:00:00,04,03,2002,06,26.725
04.03.2002-09:00:00,04,03,2002,09,26.156
04.03.2002-12:00:00,04,03,2002,12,25.812
04.03.2002-15:00:00,04,03,2002,15,25.738
04.03.2002-18:00:00,04,03,2002,18,25.724
04.03.2002-21:00:00,04,03,2002,21,25.723
04.04.2002-00:00:00,04,04,2002,00,25.723
04.04.2002-03:00:00,04,04,2002,03,25.722
04.04.2002-06:00:00,04,04,2002,06,25.722
04.04.2002-09:00:00,04,04,2002,09,25.653
04.04.2002-12:00:00,04,04,2002,12,25.545
04.04.2002-15:00:00,04,04,2002,15,25.477
04.04.2002-18:00:00,04,04,2002,18,25.461
04.04.2002-21:00:00,04,04,2002,21,25.46
04.05.2002-00:00:00,04,05,2002,00,25.461
04.05.2002-03:00:00,04,05,2002,03,25.461
04.05.2002-06:00:00,04,05,2002,06,25.461
04.05.2002-09:00:00,04,05,2002,09,25.408
04.05.2002-12:00:00,04,05,2002,12,25.324
04.05.2002-15:00:00,04,05,2002,15,25.271
04.05.2002-18:00:00,04,05,2002,18,25.259
04.05.2002-21:00:00,04,05,2002,21,25.258
04.06.2002-00:00:00,04,06,2002,00,25.258
04.06.2002-03:00:00,04,06,2002,03,25.258
04.06.2002-06:00:00,04,06,2002,06,25.257
04.06.2002-09:00:00,04,06,2002,09,25.209
04.06.2002-12:00:00,04,06,2002,12,25.129
04.06.2002-15:00:00,04,06,2002,15,25.078
04.06.2002-18:00:00,04,06,2002,18,25.066
04.06.2002-21:00:00,04,06,2002,21,25.066
04.07.2002-00:00:00,04,07,2002,00,25.066
04.07.2002-03:00:00,04,07,2002,03,25.066
04.07.2002-06:00:00,04,07,2002,06,25.066
04.07.2002-09:00:00,04,07,2002,09,25.027
04.07.2002-12:00:00,04,07,2002,12,24.96
04.07.2002-15:00:00,04,07,2002,15,24.918
04.07.2002-18:00:00,04,07,2002,18,24.907
04.07.2002-21:00:00,04,07,2002,21,24.907
04.08.2002-00:00:00,04,08,2002,00,24.907
04.08.2002-03:00:00,04,08,2002,03,24.907
04.08.2002-06:00:00,04,08,2002,06,24.906
04.08.2002-09:00:00,04,08,2002,09,24.853
04.08.2002-12:00:00,04,08,2002,12,24.76
04.08.2002-15:00:00,04,08,2002,15,24.701
04.08.2002-18:00:00,04,08,2002,18,24.688
04.08.2002-21:00:00,04,08,2002,21,24.687
04.09.2002-00:00:00,04,09,2002,00,24.688
04.09.2002-03:00:00,04,09,2002,03,24.688
04.09.2002-06:00:00,04,09,2002,06,24.688
04.09.2002-09:00:00,04,09,2002,09,24.66
04.09.2002-12:00:00,04,09,2002,12,24.611
04.09.2002-15:00:00,04,09,2002,15,24.579
04.09.2002-18:00:00,04,09,2002,18,24.571
04.09.2002-21:00:00,04,09,2002,21,24.57
04.10.2002-00:00:00,04,10,2002,00,24.57
04.10.2002-03:00:00,04,10,2002,03,24.57
04.10.2002-06:00:00,04,10,2002,06,24.569
04.10.2002-09:00:00,04,10,2002,09,24.493
04.10.2002-12:00:00,04,10,2002,12,24.374
04.10.2002-15:00:00,04,10,2002,15,24.304
04.10.2002-18:00:00,04,10,2002,18,24.287
04.10.2002-21:00:00,04,10,2002,21,24.287
04.11.2002-00:00:00,04,11,2002,00,24.287
04.11.2002-03:00:00,04,11,2002,03,24.288
04.11.2002-06:00:00,04,11,2002,06,24.274
04.11.2002-09:00:00,04,11,2002,09,24.2
04.11.2002-12:00:00,04,11,2002,12,24.097
04.11.2002-15:00:00,04,11,2002,15,24.033
04.11.2002-18:00:00,04,11,2002,18,24.019
04.11.2002-21:00:00,04,11,2002,21,24.019
04.12.2002-00:00:00,04,12,2002,00,24.02
04.12.2002-03:00:00,04,12,2002,03,24.021
04.12.2002-06:00:00,04,12,2002,06,24.009
04.12.2002-09:00:00,04,12,2002,09,23.93
04.12.2002-12:00:00,04,12,2002,12,23.816
04.12.2002-15:00:00,04,12,2002,15,23.747
04.12.2002-18:00:00,04,12,2002,18,23.733
04.12.2002-21:00:00,04,12,2002,21,23.734
04.13.2002-00:00:00,04,13,2002,00,23.736
04.13.2002-03:00:00,04,13,2002,03,23.738
04.13.2002-06:00:00,04,13,2002,06,23.725
04.13.2002-09:00:00,04,13,2002,09,23.651
04.13.2002-12:00:00,04,13,2002,12,23.547
04.13.2002-15:00:00,04,13,2002,15,23.49
04.13.2002-18:00:00,04,13,2002,18,23.48
04.13.2002-21:00:00,04,13,2002,21,23.482
04.14.2002-00:00:00,04,14,2002,00,23.485
04.14.2002-03:00:00,04,14,2002,03,23.488
04.14.2002-06:00:00,04,14,2002,06,23.476
04.14.2002-09:00:00,04,14,2002,09,23.393
04.14.2002-12:00:00,04,14,2002,12,23.281
04.14.2002-15:00:00,04,14,2002,15,23.22
04.14.2002-18:00:00,04,14,2002,18,23.209
04.14.2002-21:00:00,04,14,2002,21,23.212
04.15.2002-00:00:00,04,15,2002,00,23.215
04.15.2002-03:00:00,04,15,2002,03,23.219
04.15.2002-06:00:00,04,15,2002,06,23.222
04.15.2002-09:00:00,04,15,2002,09,23.2
04.15.2002-12:00:00,04,15,2002,12,23.162
04.15.2002-15:00:00,04,15,2002,15,23.14
04.15.2002-18:00:00,04,15,2002,18,23.137
04.15.2002-21:00:00,04,15,2002,21,23.14
04.16.2002-00:00:00,04,16,2002,00,23.143
04.16.2002-03:00:00,04,16,2002,03,23.145
04.16.2002-06:00:00,04,16,2002,06,23.148
04.16.2002-09:00:00,04,16,2002,09,23.119
04.16.2002-12:00:00,04,16,2002,12,23.073
04.16.2002-15:00:00,04,16,2002,15,23.045
04.16.2002-18:00:00,04,16,2002,18,23.039
04.16.2002-21:00:00,04,16,2002,21,23.04
04.17.2002-00:00:00,04,17,2002,00,23.043
04.17.2002-03:00:00,04,17,2002,03,23.045
04.17.2002-06:00:00,04,17,2002,06,23.046
04.17.2002-09:00:00,04,17,2002,09,22.994
04.17.2002-12:00:00,04,17,2002,12,22.914
04.17.2002-15:00:00,04,17,2002,15,22.866
04.17.2002-18:00:00,04,17,2002,18,22.855
04.17.2002-21:00:00,04,17,2002,21,22.857
04.18.2002-00:00:00,04,18,2002,00,22.859
04.18.2002-03:00:00,04,18,2002,03,22.861
04.18.2002-06:00:00,04,18,2002,06,22.863
04.18.2002-09:00:00,04,18,2002,09,22.797
04.18.2002-12:00:00,04,18,2002,12,22.692
04.18.2002-15:00:00,04,18,2002,15,22.629
04.18.2002-18:00:00,04,18,2002,18,22.615
04.18.2002-21:00:00,04,18,2002,21,22.616
04.19.2002-00:00:00,04,19,2002,00,22.619
04.19.2002-03:00:00,04,19,2002,03,22.622
04.19.2002-06:00:00,04,19,2002,06,22.624
04.19.2002-09:00:00,04,19,2002,09,22.551
04.19.2002-12:00:00,04,19,2002,12,22.435
04.19.2002-15:00:00,04,19,2002,15,22.365
04.19.2002-18:00:00,04,19,2002,18,22.35
04.19.2002-21:00:00,04,19,2002,21,22.352
04.20.2002-00:00:00,04,20,2002,00,22.356
04.20.2002-03:00:00,04,20,2002,03,22.36
04.20.2002-06:00:00,04,20,2002,06,22.347
04.20.2002-09:00:00,04,20,2002,09,22.269
04.20.2002-12:00:00,04,20,2002,12,22.158
04.20.2002-15:00:00,04,20,2002,15,22.091
04.20.2002-18:00:00,04,20,2002,18,22.077
04.20.2002-21:00:00,04,20,2002,21,22.08
04.21.2002-00:00:00,04,21,2002,00,22.085
04.21.2002-03:00:00,04,21,2002,03,22.089
04.21.2002-06:00:00,04,21,2002,06,22.082
04.21.2002-09:00:00,04,21,2002,09,22.048
04.21.2002-12:00:00,04,21,2002,12,22.007
04.21.2002-15:00:00,04,21,2002,15,21.996
04.21.2002-18:00:00,04,21,2002,18,22.025
04.21.2002-21:00:00,04,21,2002,21,22.071
04.22.2002-00:00:00,04,22,2002,00,22.118
04.22.2002-03:00:00,04,22,2002,03,22.162
04.22.2002-06:00:00,04,22,2002,06,22.188
04.22.2002-09:00:00,04,22,2002,09,22.163
04.22.2002-12:00:00,04,22,2002,12,22.146
04.22.2002-15:00:00,04,22,2002,15,22.192
04.22.2002-18:00:00,04,22,2002,18,22.284
04.22.2002-21:00:00,04,22,2002,21,22.374
04.23.2002-00:00:00,04,23,2002,00,22.444
04.23.2002-03:00:00,04,23,2002,03,22.495
04.23.2002-06:00:00,04,23,2002,06,22.519
04.23.2002-09:00:00,04,23,2002,09,22.49
04.23.2002-12:00:00,04,23,2002,12,22.436
04.23.2002-15:00:00,04,23,2002,15,22.407
04.23.2002-18:00:00,04,23,2002,18,22.404
04.23.2002-21:00:00,04,23,2002,21,22.41
04.24.2002-00:00:00,04,24,2002,00,22.416
04.24.2002-03:00:00,04,24,2002,03,22.423
04.24.2002-06:00:00,04,24,2002,06,22.429
04.24.2002-09:00:00,04,24,2002,09,22.385
04.24.2002-12:00:00,04,24,2002,12,22.311
04.24.2002-15:00:00,04,24,2002,15,22.269
04.24.2002-18:00:00,04,24,2002,18,22.264
04.24.2002-21:00:00,04,24,2002,21,22.271
04.25.2002-00:00:00,04,25,2002,00,22.28
04.25.2002-03:00:00,04,25,2002,03,22.288
04.25.2002-06:00:00,04,25,2002,06,22.285
04.25.2002-09:00:00,04,25,2002,09,22.232
04.25.2002-12:00:00,04,25,2002,12,22.153
04.25.2002-15:00:00,04,25,2002,15,22.106
04.25.2002-18:00:00,04,25,2002,18,22.1
04.25.2002-21:00:00,04,25,2002,21,22.108
04.26.2002-00:00:00,04,26,2002,00,22.118
04.26.2002-03:00:00,04,26,2002,03,22.128
04.26.2002-06:00:00,04,26,2002,06,22.128
04.26.2002-09:00:00,04,26,2002,09,22.082
04.26.2002-12:00:00,04,26,2002,12,22.011
04.26.2002-15:00:00,04,26,2002,15,21.968
04.26.2002-18:00:00,04,26,2002,18,21.963
04.26.2002-21:00:00,04,26,2002,21,21.971
04.27.2002-00:00:00,04,27,2002,00,21.98
04.27.2002-03:00:00,04,27,2002,03,21.989
04.27.2002-06:00:00,04,27,2002,06,21.982
04.27.2002-09:00:00,04,27,2002,09,21.924
04.27.2002-12:00:00,04,27,2002,12,21.841
04.27.2002-15:00:00,04,27,2002,15,21.807
04.27.2002-18:00:00,04,27,2002,18,21.848
04.27.2002-21:00:00,04,27,2002,21,21.911
04.28.2002-00:00:00,04,28,2002,00,21.971
04.28.2002-03:00:00,04,28,2002,03,22.025
04.28.2002-06:00:00,04,28,2002,06,22.06
04.28.2002-09:00:00,04,28,2002,09,22.009
04.28.2002-12:00:00,04,28,2002,12,21.958
04.28.2002-15:00:00,04,28,2002,15,22.016
04.28.2002-18:00:00,04,28,2002,18,22.165
04.28.2002-21:00:00,04,28,2002,21,22.326
04.29.2002-00:00:00,04,29,2002,00,22.46
04.29.2002-03:00:00,04,29,2002,03,22.563
04.29.2002-06:00:00,04,29,2002,06,22.601
04.29.2002-09:00:00,04,29,2002,09,22.541
04.29.2002-12:00:00,04,29,2002,12,22.534
04.29.2002-15:00:00,04,29,2002,15,22.897
04.29.2002-18:00:00,04,29,2002,18,23.342
04.29.2002-21:00:00,04,29,2002,21,23.703
04.30.2002-00:00:00,04,30,2002,00,23.915
04.30.2002-03:00:00,04,30,2002,03,24.052
04.30.2002-06:00:00,04,30,2002,06,24.13
04.30.2002-09:00:00,04,30,2002,09,24.176
04.30.2002-12:00:00,04,30,2002,12,25.229
04.30.2002-15:00:00,04,30,2002,15,26.599
04.30.2002-18:00:00,04,30,2002,18,27.42
04.30.2002-21:00:00,04,30,2002,21,27.881
05.01.2002-00:00:00,05,01,2002,00,28.192
05.01.2002-03:00:00,05,01,2002,03,28.319
05.01.2002-06:00:00,05,01,2002,06,28.341
05.01.2002-09:00:00,05,01,2002,09,28.353
05.01.2002-12:00:00,05,01,2002,12,29.378
05.01.2002-15:00:00,05,01,2002,15,30.757
05.01.2002-18:00:00,05,01,2002,18,31.723
05.01.2002-21:00:00,05,01,2002,21,32.272
05.02.2002-00:00:00,05,02,2002,00,32.648
05.02.2002-03:00:00,05,02,2002,03,32.88
05.02.2002-06:00:00,05,02,2002,06,32.976
05.02.2002-09:00:00,05,02,2002,09,33.333
05.02.2002-12:00:00,05,02,2002,12,90.379
05.02.2002-15:00:00,05,02,2002,15,86.691
05.02.2002-18:00:00,05,02,2002,18,56.488
05.02.2002-21:00:00,05,02,2002,21,37.429
05.03.2002-00:00:00,05,03,2002,00,37.299
05.03.2002-03:00:00,05,03,2002,03,37.482
05.03.2002-06:00:00,05,03,2002,06,37.554
05.03.2002-09:00:00,05,03,2002,09,37.617
05.03.2002-12:00:00,05,03,2002,12,40.47
05.03.2002-15:00:00,05,03,2002,15,72.814
05.03.2002-18:00:00,05,03,2002,18,47.433
05.03.2002-21:00:00,05,03,2002,21,40.147
05.04.2002-00:00:00,05,04,2002,00,40.311
05.04.2002-03:00:00,05,04,2002,03,40.643
05.04.2002-06:00:00,05,04,2002,06,40.92
05.04.2002-09:00:00,05,04,2002,09,41.053
05.04.2002-12:00:00,05,04,2002,12,41.154
05.04.2002-15:00:00,05,04,2002,15,41.343
05.04.2002-18:00:00,05,04,2002,18,41.584
05.04.2002-21:00:00,05,04,2002,21,41.834
05.05.2002-00:00:00,05,05,2002,00,42.049
05.05.2002-03:00:00,05,05,2002,03,42.249
05.05.2002-06:00:00,05,05,2002,06,42.4
05.05.2002-09:00:00,05,05,2002,09,42.462
05.05.2002-12:00:00,05,05,2002,12,42.635
05.05.2002-15:00:00,05,05,2002,15,56.801
05.05.2002-18:00:00,05,05,2002,18,48.647
05.05.2002-21:00:00,05,05,2002,21,43.803
05.06.2002-00:00:00,05,06,2002,00,43.884
05.06.2002-03:00:00,05,06,2002,03,44.102
05.06.2002-06:00:00,05,06,2002,06,44.309
05.06.2002-09:00:00,05,06,2002,09,44.406
05.06.2002-12:00:00,05,06,2002,12,44.478
05.06.2002-15:00:00,05,06,2002,15,44.602
05.06.2002-18:00:00,05,06,2002,18,44.8
05.06.2002-21:00:00,05,06,2002,21,45.015
05.07.2002-00:00:00,05,07,2002,00,45.234
05.07.2002-03:00:00,05,07,2002,03,45.453
05.07.2002-06:00:00,05,07,2002,06,45.673
05.07.2002-09:00:00,05,07,2002,09,45.789
05.07.2002-12:00:00,05,07,2002,12,45.857
05.07.2002-15:00:00,05,07,2002,15,55.506
05.07.2002-18:00:00,05,07,2002,18,49.796
05.07.2002-21:00:00,05,07,2002,21,46.65
05.08.2002-00:00:00,05,08,2002,00,46.784
05.08.2002-03:00:00,05,08,2002,03,47.019
05.08.2002-06:00:00,05,08,2002,06,47.259
05.08.2002-09:00:00,05,08,2002,09,47.376
05.08.2002-12:00:00,05,08,2002,12,47.431
05.08.2002-15:00:00,05,08,2002,15,68.668
05.08.2002-18:00:00,05,08,2002,18,53.478
05.08.2002-21:00:00,05,08,2002,21,48.433
05.09.2002-00:00:00,05,09,2002,00,48.547
05.09.2002-03:00:00,05,09,2002,03,48.76
05.09.2002-06:00:00,05,09,2002,06,48.977
05.09.2002-09:00:00,05,09,2002,09,49.05
05.09.2002-12:00:00,05,09,2002,12,49.06
05.09.2002-15:00:00,05,09,2002,15,49.145
05.09.2002-18:00:00,05,09,2002,18,49.33
05.09.2002-21:00:00,05,09,2002,21,49.549
05.10.2002-00:00:00,05,10,2002,00,49.772
05.10.2002-03:00:00,05,10,2002,03,49.994
05.10.2002-06:00:00,05,10,2002,06,50.18
05.10.2002-09:00:00,05,10,2002,09,50.211
05.10.2002-12:00:00,05,10,2002,12,50.18
05.10.2002-15:00:00,05,10,2002,15,50.287
05.10.2002-18:00:00,05,10,2002,18,55.712
05.10.2002-21:00:00,05,10,2002,21,51.112
05.11.2002-00:00:00,05,11,2002,00,51.307
05.11.2002-03:00:00,05,11,2002,03,51.591
05.11.2002-06:00:00,05,11,2002,06,51.796
05.11.2002-09:00:00,05,11,2002,09,52.196
05.11.2002-12:00:00,05,11,2002,12,113.23
05.11.2002-15:00:00,05,11,2002,15,111.43
05.11.2002-18:00:00,05,11,2002,18,81.194
05.11.2002-21:00:00,05,11,2002,21,57.342
05.12.2002-00:00:00,05,12,2002,00,57.293
05.12.2002-03:00:00,05,12,2002,03,57.759
05.12.2002-06:00:00,05,12,2002,06,58.071
05.12.2002-09:00:00,05,12,2002,09,67.578
05.12.2002-12:00:00,05,12,2002,12,152.9
05.12.2002-15:00:00,05,12,2002,15,171.73
05.12.2002-18:00:00,05,12,2002,18,120.53
05.12.2002-21:00:00,05,12,2002,21,82.749
05.13.2002-00:00:00,05,13,2002,00,77.373
05.13.2002-03:00:00,05,13,2002,03,73.989
05.13.2002-06:00:00,05,13,2002,06,72.271
05.13.2002-09:00:00,05,13,2002,09,111.81
05.13.2002-12:00:00,05,13,2002,12,228.26
05.13.2002-15:00:00,05,13,2002,15,235.29
05.13.2002-18:00:00,05,13,2002,18,156.33
05.13.2002-21:00:00,05,13,2002,21,121.17
05.14.2002-00:00:00,05,14,2002,00,110.25
05.14.2002-03:00:00,05,14,2002,03,100.49
05.14.2002-06:00:00,05,14,2002,06,96.169
05.14.2002-09:00:00,05,14,2002,09,102.12
05.14.2002-12:00:00,05,14,2002,12,247.75
05.14.2002-15:00:00,05,14,2002,15,239.82
05.14.2002-18:00:00,05,14,2002,18,157.67
05.14.2002-21:00:00,05,14,2002,21,135.46
05.15.2002-00:00:00,05,15,2002,00,121.23
05.15.2002-03:00:00,05,15,2002,03,120.91
05.15.2002-06:00:00,05,15,2002,06,116.74
05.15.2002-09:00:00,05,15,2002,09,122.09
05.15.2002-12:00:00,05,15,2002,12,267.07
05.15.2002-15:00:00,05,15,2002,15,280.98
05.15.2002-18:00:00,05,15,2002,18,186.71
05.15.2002-21:00:00,05,15,2002,21,144.78
05.16.2002-00:00:00,05,16,2002,00,135.06
05.16.2002-03:00:00,05,16,2002,03,132.74
05.16.2002-06:00:00,05,16,2002,06,129.4
05.16.2002-09:00:00,05,16,2002,09,147.95
05.16.2002-12:00:00,05,16,2002,12,314.84
05.16.2002-15:00:00,05,16,2002,15,340.33
05.16.2002-18:00:00,05,16,2002,18,220.37
05.16.2002-21:00:00,05,16,2002,21,175.9
05.17.2002-00:00:00,05,17,2002,00,173.84
05.17.2002-03:00:00,05,17,2002,03,171.01
05.17.2002-06:00:00,05,17,2002,06,181.62
05.17.2002-09:00:00,05,17,2002,09,338.37
05.17.2002-12:00:00,05,17,2002,12,466.26
05.17.2002-15:00:00,05,17,2002,15,401.4
05.17.2002-18:00:00,05,17,2002,18,294.36
05.17.2002-21:00:00,05,17,2002,21,240.11
05.18.2002-00:00:00,05,18,2002,00,219.84
05.18.2002-03:00:00,05,18,2002,03,203.72
05.18.2002-06:00:00,05,18,2002,06,203.47
05.18.2002-09:00:00,05,18,2002,09,361.47
05.18.2002-12:00:00,05,18,2002,12,600.65
05.18.2002-15:00:00,05,18,2002,15,508.04
05.18.2002-18:00:00,05,18,2002,18,373.78
05.18.2002-21:00:00,05,18,2002,21,311.41
05.19.2002-00:00:00,05,19,2002,00,319.22
05.19.2002-03:00:00,05,19,2002,03,285.84
05.19.2002-06:00:00,05,19,2002,06,308.01
05.19.2002-09:00:00,05,19,2002,09,542.02
05.19.2002-12:00:00,05,19,2002,12,757.75
05.19.2002-15:00:00,05,19,2002,15,636.73
05.19.2002-18:00:00,05,19,2002,18,503.62
05.19.2002-21:00:00,05,19,2002,21,411.4
05.20.2002-00:00:00,05,20,2002,00,544.98
05.20.2002-03:00:00,05,20,2002,03,610.26
05.20.2002-06:00:00,05,20,2002,06,804.12
05.20.2002-09:00:00,05,20,2002,09,1072.7
05.20.2002-12:00:00,05,20,2002,12,1308
05.20.2002-15:00:00,05,20,2002,15,1289.8
05.20.2002-18:00:00,05,20,2002,18,1166.2
05.20.2002-21:00:00,05,20,2002,21,1098.7
05.21.2002-00:00:00,05,21,2002,00,1062.3
05.21.2002-03:00:00,05,21,2002,03,1010.6
05.21.2002-06:00:00,05,21,2002,06,1043.1
05.21.2002-09:00:00,05,21,2002,09,1140.5
05.21.2002-12:00:00,05,21,2002,12,1232.2
05.21.2002-15:00:00,05,21,2002,15,1212.9
05.21.2002-18:00:00,05,21,2002,18,1158.2
05.21.2002-21:00:00,05,21,2002,21,1144.1
05.22.2002-00:00:00,05,22,2002,00,1088.2
05.22.2002-03:00:00,05,22,2002,03,1064.1
05.22.2002-06:00:00,05,22,2002,06,1180.6
05.22.2002-09:00:00,05,22,2002,09,1274.3
05.22.2002-12:00:00,05,22,2002,12,1345.2
05.22.2002-15:00:00,05,22,2002,15,1373.3
05.22.2002-18:00:00,05,22,2002,18,1326
05.22.2002-21:00:00,05,22,2002,21,1328.2
05.23.2002-00:00:00,05,23,2002,00,1185.5
05.23.2002-03:00:00,05,23,2002,03,1132.3
05.23.2002-06:00:00,05,23,2002,06,1084.6
05.23.2002-09:00:00,05,23,2002,09,1434.2
05.23.2002-12:00:00,05,23,2002,12,1781.5
05.23.2002-15:00:00,05,23,2002,15,1845.3
05.23.2002-18:00:00,05,23,2002,18,1656.7
05.23.2002-21:00:00,05,23,2002,21,1489
05.24.2002-00:00:00,05,24,2002,00,1400.5
05.24.2002-03:00:00,05,24,2002,03,1356.2
05.24.2002-06:00:00,05,24,2002,06,1275.3
05.24.2002-09:00:00,05,24,2002,09,1357.4
05.24.2002-12:00:00,05,24,2002,12,1806.3
05.24.2002-15:00:00,05,24,2002,15,2064
05.24.2002-18:00:00,05,24,2002,18,1841.3
05.24.2002-21:00:00,05,24,2002,21,1712.2
05.25.2002-00:00:00,05,25,2002,00,1602.4
05.25.2002-03:00:00,05,25,2002,03,1498.3
05.25.2002-06:00:00,05,25,2002,06,1438.9
05.25.2002-09:00:00,05,25,2002,09,1754.5
05.25.2002-12:00:00,05,25,2002,12,2229.9
05.25.2002-15:00:00,05,25,2002,15,2358
05.25.2002-18:00:00,05,25,2002,18,2233.1
05.25.2002-21:00:00,05,25,2002,21,2091.1
05.26.2002-00:00:00,05,26,2002,00,1951.6
05.26.2002-03:00:00,05,26,2002,03,1876
05.26.2002-06:00:00,05,26,2002,06,1663.6
05.26.2002-09:00:00,05,26,2002,09,2052.1
05.26.2002-12:00:00,05,26,2002,12,2465
05.26.2002-15:00:00,05,26,2002,15,2734.7
05.26.2002-18:00:00,05,26,2002,18,2601.8
05.26.2002-21:00:00,05,26,2002,21,2530
05.27.2002-00:00:00,05,27,2002,00,2286.9
05.27.2002-03:00:00,05,27,2002,03,2152.6
05.27.2002-06:00:00,05,27,2002,06,1993.3
05.27.2002-09:00:00,05,27,2002,09,2335.2
05.27.2002-12:00:00,05,27,2002,12,2857.2
05.27.2002-15:00:00,05,27,2002,15,3200.5
05.27.2002-18:00:00,05,27,2002,18,3050.1
05.27.2002-21:00:00,05,27,2002,21,2985.3
05.28.2002-00:00:00,05,28,2002,00,2758.4
05.28.2002-03:00:00,05,28,2002,03,2701.7
05.28.2002-06:00:00,05,28,2002,06,2722.4
05.28.2002-09:00:00,05,28,2002,09,3187
05.28.2002-12:00:00,05,28,2002,12,3669.9
05.28.2002-15:00:00,05,28,2002,15,4078.9
05.28.2002-18:00:00,05,28,2002,18,3908.7
05.28.2002-21:00:00,05,28,2002,21,3834.5
05.29.2002-00:00:00,05,29,2002,00,3532.3
05.29.2002-03:00:00,05,29,2002,03,3376.5
05.29.2002-06:00:00,05,29,2002,06,3226.3
05.29.2002-09:00:00,05,29,2002,09,3626.3
05.29.2002-12:00:00,05,29,2002,12,4029.6
05.29.2002-15:00:00,05,29,2002,15,4372.8
05.29.2002-18:00:00,05,29,2002,18,4056.9
05.29.2002-21:00:00,05,29,2002,21,3927.1
05.30.2002-00:00:00,05,30,2002,00,3650
05.30.2002-03:00:00,05,30,2002,03,3478.3
05.30.2002-06:00:00,05,30,2002,06,3279.2
05.30.2002-09:00:00,05,30,2002,09,3608.5
05.30.2002-12:00:00,05,30,2002,12,4235.3
05.30.2002-15:00:00,05,30,2002,15,4649.1
05.30.2002-18:00:00,05,30,2002,18,4370.7
05.30.2002-21:00:00,05,30,2002,21,4229.9
05.31.2002-00:00:00,05,31,2002,00,3838.6
05.31.2002-03:00:00,05,31,2002,03,3788.5
05.31.2002-06:00:00,05,31,2002,06,3476.9
05.31.2002-09:00:00,05,31,2002,09,3926
05.31.2002-12:00:00,05,31,2002,12,4259
05.31.2002-15:00:00,05,31,2002,15,4625.4
05.31.2002-18:00:00,05,31,2002,18,4327.1
05.31.2002-21:00:00,05,31,2002,21,4211.6
06.01.2002-00:00:00,06,01,2002,00,3874.1
06.01.2002-03:00:00,06,01,2002,03,3737.5
06.01.2002-06:00:00,06,01,2002,06,3450.1
06.01.2002-09:00:00,06,01,2002,09,3887
06.01.2002-12:00:00,06,01,2002,12,4459
06.01.2002-15:00:00,06,01,2002,15,4849.4
06.01.2002-18:00:00,06,01,2002,18,4570.2
06.01.2002-21:00:00,06,01,2002,21,4468.3
06.02.2002-00:00:00,06,02,2002,00,4044.8
06.02.2002-03:00:00,06,02,2002,03,4021.1
06.02.2002-06:00:00,06,02,2002,06,3832.3
06.02.2002-09:00:00,06,02,2002,09,4349.9
06.02.2002-12:00:00,06,02,2002,12,4764.2
06.02.2002-15:00:00,06,02,2002,15,5095.4
06.02.2002-18:00:00,06,02,2002,18,4681.7
06.02.2002-21:00:00,06,02,2002,21,4579.8
06.03.2002-00:00:00,06,03,2002,00,4252.3
06.03.2002-03:00:00,06,03,2002,03,4137.8
06.03.2002-06:00:00,06,03,2002,06,3937.6
06.03.2002-09:00:00,06,03,2002,09,4232.4
06.03.2002-12:00:00,06,03,2002,12,4535.2
06.03.2002-15:00:00,06,03,2002,15,4795.5
06.03.2002-18:00:00,06,03,2002,18,4514.5
06.03.2002-21:00:00,06,03,2002,21,4281.1
06.04.2002-00:00:00,06,04,2002,00,4069.2
06.04.2002-03:00:00,06,04,2002,03,4145.1
06.04.2002-06:00:00,06,04,2002,06,3990.6
06.04.2002-09:00:00,06,04,2002,09,4388.2
06.04.2002-12:00:00,06,04,2002,12,4646.9
06.04.2002-15:00:00,06,04,2002,15,4848.4
06.04.2002-18:00:00,06,04,2002,18,4689.4
06.04.2002-21:00:00,06,04,2002,21,4540.2
06.05.2002-00:00:00,06,05,2002,00,4340.9
06.05.2002-03:00:00,06,05,2002,03,4288.8
06.05.2002-06:00:00,06,05,2002,06,4149.5
06.05.2002-09:00:00,06,05,2002,09,4496.4
06.05.2002-12:00:00,06,05,2002,12,4786.9
06.05.2002-15:00:00,06,05,2002,15,5051.8
06.05.2002-18:00:00,06,05,2002,18,4770.7
06.05.2002-21:00:00,06,05,2002,21,4612.5
06.06.2002-00:00:00,06,06,2002,00,4393.6
06.06.2002-03:00:00,06,06,2002,03,4258.9
06.06.2002-06:00:00,06,06,2002,06,4017.5
06.06.2002-09:00:00,06,06,2002,09,4061.5
06.06.2002-12:00:00,06,06,2002,12,4181.3
06.06.2002-15:00:00,06,06,2002,15,4294.7
06.06.2002-18:00:00,06,06,2002,18,4065.9
06.06.2002-21:00:00,06,06,2002,21,3927
06.07.2002-00:00:00,06,07,2002,00,3687.9
06.07.2002-03:00:00,06,07,2002,03,3586.4
06.07.2002-06:00:00,06,07,2002,06,3278.6
06.07.2002-09:00:00,06,07,2002,09,3120.7
06.07.2002-12:00:00,06,07,2002,12,3140
06.07.2002-15:00:00,06,07,2002,15,3290
06.07.2002-18:00:00,06,07,2002,18,3111.2
06.07.2002-21:00:00,06,07,2002,21,3022.3
06.08.2002-00:00:00,06,08,2002,00,2773.8
06.08.2002-03:00:00,06,08,2002,03,2794.2
06.08.2002-06:00:00,06,08,2002,06,2547.6
06.08.2002-09:00:00,06,08,2002,09,2472.2
06.08.2002-12:00:00,06,08,2002,12,2299.8
06.08.2002-15:00:00,06,08,2002,15,2396.8
06.08.2002-18:00:00,06,08,2002,18,2271.1
06.08.2002-21:00:00,06,08,2002,21,2278.7
06.09.2002-00:00:00,06,09,2002,00,2148
06.09.2002-03:00:00,06,09,2002,03,2159.4
06.09.2002-06:00:00,06,09,2002,06,2019.1
06.09.2002-09:00:00,06,09,2002,09,2331.5
06.09.2002-12:00:00,06,09,2002,12,2758.8
06.09.2002-15:00:00,06,09,2002,15,3160.1
06.09.2002-18:00:00,06,09,2002,18,3036.2
06.09.2002-21:00:00,06,09,2002,21,2770.1
06.10.2002-00:00:00,06,10,2002,00,2674
06.10.2002-03:00:00,06,10,2002,03,2546.7
06.10.2002-06:00:00,06,10,2002,06,2447.3
06.10.2002-09:00:00,06,10,2002,09,2815.1
06.10.2002-12:00:00,06,10,2002,12,3230.8
06.10.2002-15:00:00,06,10,2002,15,3589.6
06.10.2002-18:00:00,06,10,2002,18,3340.7
06.10.2002-21:00:00,06,10,2002,21,3282.4
06.11.2002-00:00:00,06,11,2002,00,2975.9
06.11.2002-03:00:00,06,11,2002,03,2957.2
06.11.2002-06:00:00,06,11,2002,06,2789.6
06.11.2002-09:00:00,06,11,2002,09,3082.7
06.11.2002-12:00:00,06,11,2002,12,3493.9
06.11.2002-15:00:00,06,11,2002,15,3733.2
06.11.2002-18:00:00,06,11,2002,18,3613.2
06.11.2002-21:00:00,06,11,2002,21,3403
06.12.2002-00:00:00,06,12,2002,00,3130.1
06.12.2002-03:00:00,06,12,2002,03,3055.5
06.12.2002-06:00:00,06,12,2002,06,2889.9
06.12.2002-09:00:00,06,12,2002,09,3197.4
06.12.2002-12:00:00,06,12,2002,12,3663.1
06.12.2002-15:00:00,06,12,2002,15,3876
06.12.2002-18:00:00,06,12,2002,18,3601.4
06.12.2002-21:00:00,06,12,2002,21,3495.2
06.13.2002-00:00:00,06,13,2002,00,3122.8
06.13.2002-03:00:00,06,13,2002,03,3038.3
06.13.2002-06:00:00,06,13,2002,06,2794.4
06.13.2002-09:00:00,06,13,2002,09,3214
06.13.2002-12:00:00,06,13,2002,12,3619.8
06.13.2002-15:00:00,06,13,2002,15,3744.7
06.13.2002-18:00:00,06,13,2002,18,3527.3
06.13.2002-21:00:00,06,13,2002,21,3386.4
06.14.2002-00:00:00,06,14,2002,00,3070.9
06.14.2002-03:00:00,06,14,2002,03,2874
06.14.2002-06:00:00,06,14,2002,06,2745.2
06.14.2002-09:00:00,06,14,2002,09,2997.5
06.14.2002-12:00:00,06,14,2002,12,3243.2
06.14.2002-15:00:00,06,14,2002,15,3392.5
06.14.2002-18:00:00,06,14,2002,18,3201.5
06.14.2002-21:00:00,06,14,2002,21,3205.1
06.15.2002-00:00:00,06,15,2002,00,3037.1
06.15.2002-03:00:00,06,15,2002,03,2792.1
06.15.2002-06:00:00,06,15,2002,06,2828.6
06.15.2002-09:00:00,06,15,2002,09,2914.9
06.15.2002-12:00:00,06,15,2002,12,3021.4
06.15.2002-15:00:00,06,15,2002,15,3138.4
06.15.2002-18:00:00,06,15,2002,18,3060.9
06.15.2002-21:00:00,06,15,2002,21,3050.4
06.16.2002-00:00:00,06,16,2002,00,2953.3
06.16.2002-03:00:00,06,16,2002,03,2849.5
06.16.2002-06:00:00,06,16,2002,06,2867.6
06.16.2002-09:00:00,06,16,2002,09,2852.8
06.16.2002-12:00:00,06,16,2002,12,2882.8
06.16.2002-15:00:00,06,16,2002,15,2808.6
06.16.2002-18:00:00,06,16,2002,18,2845.3
06.16.2002-21:00:00,06,16,2002,21,2712.1
06.17.2002-00:00:00,06,17,2002,00,2717.8
06.17.2002-03:00:00,06,17,2002,03,2607.7
06.17.2002-06:00:00,06,17,2002,06,2543.5
06.17.2002-09:00:00,06,17,2002,09,2589.2
06.17.2002-12:00:00,06,17,2002,12,2562.1
06.17.2002-15:00:00,06,17,2002,15,2551.6
06.17.2002-18:00:00,06,17,2002,18,2581.5
06.17.2002-21:00:00,06,17,2002,21,2490.9
06.18.2002-00:00:00,06,18,2002,00,2415.3
06.18.2002-03:00:00,06,18,2002,03,2366.1
06.18.2002-06:00:00,06,18,2002,06,2295.2
06.18.2002-09:00:00,06,18,2002,09,2241.7
06.18.2002-12:00:00,06,18,2002,12,2245
06.18.2002-15:00:00,06,18,2002,15,2204.5
06.18.2002-18:00:00,06,18,2002,18,2202
06.18.2002-21:00:00,06,18,2002,21,2168.6
06.19.2002-00:00:00,06,19,2002,00,2124.1
06.19.2002-03:00:00,06,19,2002,03,2072.1
06.19.2002-06:00:00,06,19,2002,06,1958.8
06.19.2002-09:00:00,06,19,2002,09,1897.9
06.19.2002-12:00:00,06,19,2002,12,1798.2
06.19.2002-15:00:00,06,19,2002,15,1748.9
06.19.2002-18:00:00,06,19,2002,18,1717.2
06.19.2002-21:00:00,06,19,2002,21,1722.5
06.20.2002-00:00:00,06,20,2002,00,1717.9
06.20.2002-03:00:00,06,20,2002,03,1683
06.20.2002-06:00:00,06,20,2002,06,1597.9
06.20.2002-09:00:00,06,20,2002,09,1522.3
06.20.2002-12:00:00,06,20,2002,12,1434.2
06.20.2002-15:00:00,06,20,2002,15,1471.4
06.20.2002-18:00:00,06,20,2002,18,1491.5
06.20.2002-21:00:00,06,20,2002,21,1485.2
06.21.2002-00:00:00,06,21,2002,00,1524.2
06.21.2002-03:00:00,06,21,2002,03,1442.8
06.21.2002-06:00:00,06,21,2002,06,1380.4
06.21.2002-09:00:00,06,21,2002,09,1263.1
06.21.2002-12:00:00,06,21,2002,12,1239
06.21.2002-15:00:00,06,21,2002,15,1240
06.21.2002-18:00:00,06,21,2002,18,1260.5
06.21.2002-21:00:00,06,21,2002,21,1328.4
06.22.2002-00:00:00,06,22,2002,00,1320
06.22.2002-03:00:00,06,22,2002,03,1326.9
06.22.2002-06:00:00,06,22,2002,06,1210.2
06.22.2002-09:00:00,06,22,2002,09,1166.9
06.22.2002-12:00:00,06,22,2002,12,1078.5
06.22.2002-15:00:00,06,22,2002,15,1167.8
06.22.2002-18:00:00,06,22,2002,18,1174.2
06.22.2002-21:00:00,06,22,2002,21,1227
06.23.2002-00:00:00,06,23,2002,00,1244.7
06.23.2002-03:00:00,06,23,2002,03,1246.4
06.23.2002-06:00:00,06,23,2002,06,1180.4
06.23.2002-09:00:00,06,23,2002,09,1070.6
06.23.2002-12:00:00,06,23,2002,12,1030.6
06.23.2002-15:00:00,06,23,2002,15,1047.2
06.23.2002-18:00:00,06,23,2002,18,1101
06.23.2002-21:00:00,06,23,2002,21,1183.3
06.24.2002-00:00:00,06,24,2002,00,1143.7
06.24.2002-03:00:00,06,24,2002,03,1158.6
06.24.2002-06:00:00,06,24,2002,06,1086.1
06.24.2002-09:00:00,06,24,2002,09,1005.2
06.24.2002-12:00:00,06,24,2002,12,959.01
06.24.2002-15:00:00,06,24,2002,15,954.24
06.24.2002-18:00:00,06,24,2002,18,1014.8
06.24.2002-21:00:00,06,24,2002,21,1063.1
06.25.2002-00:00:00,06,25,2002,00,1071.3
06.25.2002-03:00:00,06,25,2002,03,1043.5
06.25.2002-06:00:00,06,25,2002,06,984.19
06.25.2002-09:00:00,06,25,2002,09,902.7
06.25.2002-12:00:00,06,25,2002,12,849.23
06.25.2002-15:00:00,06,25,2002,15,858.75
06.25.2002-18:00:00,06,25,2002,18,881.68
06.25.2002-21:00:00,06,25,2002,21,933.49
06.26.2002-00:00:00,06,26,2002,00,967.55
06.26.2002-03:00:00,06,26,2002,03,965.3
06.26.2002-06:00:00,06,26,2002,06,897.36
06.26.2002-09:00:00,06,26,2002,09,801.85
06.26.2002-12:00:00,06,26,2002,12,795.8
06.26.2002-15:00:00,06,26,2002,15,796.92
06.26.2002-18:00:00,06,26,2002,18,803.9
06.26.2002-21:00:00,06,26,2002,21,850.3
06.27.2002-00:00:00,06,27,2002,00,863.28
06.27.2002-03:00:00,06,27,2002,03,880.04
06.27.2002-06:00:00,06,27,2002,06,798.96
06.27.2002-09:00:00,06,27,2002,09,727.02
06.27.2002-12:00:00,06,27,2002,12,664.38
06.27.2002-15:00:00,06,27,2002,15,685.72
06.27.2002-18:00:00,06,27,2002,18,723.84
06.27.2002-21:00:00,06,27,2002,21,772.72
06.28.2002-00:00:00,06,28,2002,00,773.84
06.28.2002-03:00:00,06,28,2002,03,823.89
06.28.2002-06:00:00,06,28,2002,06,771.03
06.28.2002-09:00:00,06,28,2002,09,738.59
06.28.2002-12:00:00,06,28,2002,12,715.57
06.28.2002-15:00:00,06,28,2002,15,733.16
06.28.2002-18:00:00,06,28,2002,18,761.6
06.28.2002-21:00:00,06,28,2002,21,788.19
06.29.2002-00:00:00,06,29,2002,00,819.09
06.29.2002-03:00:00,06,29,2002,03,885.5
06.29.2002-06:00:00,06,29,2002,06,850.19
06.29.2002-09:00:00,06,29,2002,09,841.21
06.29.2002-12:00:00,06,29,2002,12,782.46
06.29.2002-15:00:00,06,29,2002,15,833.6
06.29.2002-18:00:00,06,29,2002,18,810.81
06.29.2002-21:00:00,06,29,2002,21,849.98
06.30.2002-00:00:00,06,30,2002,00,857.62
06.30.2002-03:00:00,06,30,2002,03,822.29
06.30.2002-06:00:00,06,30,2002,06,787.92
06.30.2002-09:00:00,06,30,2002,09,754.15
06.30.2002-12:00:00,06,30,2002,12,704.18
06.30.2002-15:00:00,06,30,2002,15,694.41
06.30.2002-18:00:00,06,30,2002,18,702.78
06.30.2002-21:00:00,06,30,2002,21,752.42
07.01.2002-00:00:00,07,01,2002,00,727.06
07.01.2002-03:00:00,07,01,2002,03,749.21
07.01.2002-06:00:00,07,01,2002,06,722.86
07.01.2002-09:00:00,07,01,2002,09,629.68
07.01.2002-12:00:00,07,01,2002,12,597.35
07.01.2002-15:00:00,07,01,2002,15,651.84
07.01.2002-18:00:00,07,01,2002,18,643.31
07.01.2002-21:00:00,07,01,2002,21,679.31
07.02.2002-00:00:00,07,02,2002,00,690.83
07.02.2002-03:00:00,07,02,2002,03,713.05
07.02.2002-06:00:00,07,02,2002,06,649.83
07.02.2002-09:00:00,07,02,2002,09,595.48
07.02.2002-12:00:00,07,02,2002,12,545.47
07.02.2002-15:00:00,07,02,2002,15,561.62
07.02.2002-18:00:00,07,02,2002,18,594.69
07.02.2002-21:00:00,07,02,2002,21,633.65
07.03.2002-00:00:00,07,03,2002,00,672.67
07.03.2002-03:00:00,07,03,2002,03,665.5
07.03.2002-06:00:00,07,03,2002,06,609.72
07.03.2002-09:00:00,07,03,2002,09,537.09
07.03.2002-12:00:00,07,03,2002,12,542.3
07.03.2002-15:00:00,07,03,2002,15,520.96
07.03.2002-18:00:00,07,03,2002,18,567.99
07.03.2002-21:00:00,07,03,2002,21,599.37
07.04.2002-00:00:00,07,04,2002,00,619.28
07.04.2002-03:00:00,07,04,2002,03,619.26
07.04.2002-06:00:00,07,04,2002,06,605.69
07.04.2002-09:00:00,07,04,2002,09,527.91
07.04.2002-12:00:00,07,04,2002,12,516.53
07.04.2002-15:00:00,07,04,2002,15,517.14
07.04.2002-18:00:00,07,04,2002,18,560.08
07.04.2002-21:00:00,07,04,2002,21,586.65
07.05.2002-00:00:00,07,05,2002,00,608.44
07.05.2002-03:00:00,07,05,2002,03,619.52
07.05.2002-06:00:00,07,05,2002,06,576.4
07.05.2002-09:00:00,07,05,2002,09,495.64
07.05.2002-12:00:00,07,05,2002,12,477.8
07.05.2002-15:00:00,07,05,2002,15,472.56
07.05.2002-18:00:00,07,05,2002,18,534.57
07.05.2002-21:00:00,07,05,2002,21,563.82
07.06.2002-00:00:00,07,06,2002,00,578.6
07.06.2002-03:00:00,07,06,2002,03,574.94
07.06.2002-06:00:00,07,06,2002,06,544.76
07.06.2002-09:00:00,07,06,2002,09,449.13
07.06.2002-12:00:00,07,06,2002,12,449.09
07.06.2002-15:00:00,07,06,2002,15,425.08
07.06.2002-18:00:00,07,06,2002,18,493.91
07.06.2002-21:00:00,07,06,2002,21,523.54
07.07.2002-00:00:00,07,07,2002,00,546.98
07.07.2002-03:00:00,07,07,2002,03,537.77
07.07.2002-06:00:00,07,07,2002,06,511.75
07.07.2002-09:00:00,07,07,2002,09,422.55
07.07.2002-12:00:00,07,07,2002,12,412.21
07.07.2002-15:00:00,07,07,2002,15,406.14
07.07.2002-18:00:00,07,07,2002,18,458.66
07.07.2002-21:00:00,07,07,2002,21,499.95
07.08.2002-00:00:00,07,08,2002,00,708.76
07.08.2002-03:00:00,07,08,2002,03,815.94
07.08.2002-06:00:00,07,08,2002,06,865.96
07.08.2002-09:00:00,07,08,2002,09,832.73
07.08.2002-12:00:00,07,08,2002,12,815.33
07.08.2002-15:00:00,07,08,2002,15,867.3
07.08.2002-18:00:00,07,08,2002,18,922.32
07.08.2002-21:00:00,07,08,2002,21,1027.8
07.09.2002-00:00:00,07,09,2002,00,887.21
07.09.2002-03:00:00,07,09,2002,03,797.69
07.09.2002-06:00:00,07,09,2002,06,711.3
07.09.2002-09:00:00,07,09,2002,09,598.35
07.09.2002-12:00:00,07,09,2002,12,547.74
07.09.2002-15:00:00,07,09,2002,15,485.4
07.09.2002-18:00:00,07,09,2002,18,544.59
07.09.2002-21:00:00,07,09,2002,21,541.31
07.10.2002-00:00:00,07,10,2002,00,547.16
07.10.2002-03:00:00,07,10,2002,03,530.65
07.10.2002-06:00:00,07,10,2002,06,493.62
07.10.2002-09:00:00,07,10,2002,09,393.32
07.10.2002-12:00:00,07,10,2002,12,393.02
07.10.2002-15:00:00,07,10,2002,15,383.91
07.10.2002-18:00:00,07,10,2002,18,426.86
07.10.2002-21:00:00,07,10,2002,21,481.17
07.11.2002-00:00:00,07,11,2002,00,492.23
07.11.2002-03:00:00,07,11,2002,03,496.62
07.11.2002-06:00:00,07,11,2002,06,457.79
07.11.2002-09:00:00,07,11,2002,09,371.22
07.11.2002-12:00:00,07,11,2002,12,393.74
07.11.2002-15:00:00,07,11,2002,15,376.16
07.11.2002-18:00:00,07,11,2002,18,414.71
07.11.2002-21:00:00,07,11,2002,21,462.86
07.12.2002-00:00:00,07,12,2002,00,468.29
07.12.2002-03:00:00,07,12,2002,03,474.01
07.12.2002-06:00:00,07,12,2002,06,437.81
07.12.2002-09:00:00,07,12,2002,09,351.59
07.12.2002-12:00:00,07,12,2002,12,350.48
07.12.2002-15:00:00,07,12,2002,15,357.83
07.12.2002-18:00:00,07,12,2002,18,391.13
07.12.2002-21:00:00,07,12,2002,21,435.9
07.13.2002-00:00:00,07,13,2002,00,456.57
07.13.2002-03:00:00,07,13,2002,03,442.64
07.13.2002-06:00:00,07,13,2002,06,417.56
07.13.2002-09:00:00,07,13,2002,09,342.31
07.13.2002-12:00:00,07,13,2002,12,334.24
07.13.2002-15:00:00,07,13,2002,15,348.52
07.13.2002-18:00:00,07,13,2002,18,382.7
07.13.2002-21:00:00,07,13,2002,21,417.58
07.14.2002-00:00:00,07,14,2002,00,432.73
07.14.2002-03:00:00,07,14,2002,03,431.7
07.14.2002-06:00:00,07,14,2002,06,390.26
07.14.2002-09:00:00,07,14,2002,09,313.48
07.14.2002-12:00:00,07,14,2002,12,304.27
07.14.2002-15:00:00,07,14,2002,15,309.34
07.14.2002-18:00:00,07,14,2002,18,355.08
07.14.2002-21:00:00,07,14,2002,21,391.96
07.15.2002-00:00:00,07,15,2002,00,409.26
07.15.2002-03:00:00,07,15,2002,03,408.1
07.15.2002-06:00:00,07,15,2002,06,383.86
07.15.2002-09:00:00,07,15,2002,09,300.58
07.15.2002-12:00:00,07,15,2002,12,288.58
07.15.2002-15:00:00,07,15,2002,15,295.49
07.15.2002-18:00:00,07,15,2002,18,338.03
07.15.2002-21:00:00,07,15,2002,21,391
07.16.2002-00:00:00,07,16,2002,00,396.12
07.16.2002-03:00:00,07,16,2002,03,405.08
07.16.2002-06:00:00,07,16,2002,06,363.61
07.16.2002-09:00:00,07,16,2002,09,299.6
07.16.2002-12:00:00,07,16,2002,12,272.44
07.16.2002-15:00:00,07,16,2002,15,297.33
07.16.2002-18:00:00,07,16,2002,18,326.12
07.16.2002-21:00:00,07,16,2002,21,377.61
07.17.2002-00:00:00,07,17,2002,00,383.92
07.17.2002-03:00:00,07,17,2002,03,385.43
07.17.2002-06:00:00,07,17,2002,06,339.89
07.17.2002-09:00:00,07,17,2002,09,286.9
07.17.2002-12:00:00,07,17,2002,12,263.16
07.17.2002-15:00:00,07,17,2002,15,290.69
07.17.2002-18:00:00,07,17,2002,18,316.35
07.17.2002-21:00:00,07,17,2002,21,367.14
07.18.2002-00:00:00,07,18,2002,00,371.08
07.18.2002-03:00:00,07,18,2002,03,371.39
07.18.2002-06:00:00,07,18,2002,06,327.39
07.18.2002-09:00:00,07,18,2002,09,277.77
07.18.2002-12:00:00,07,18,2002,12,249.66
07.18.2002-15:00:00,07,18,2002,15,280.62
07.18.2002-18:00:00,07,18,2002,18,306.18
07.18.2002-21:00:00,07,18,2002,21,341.21
07.19.2002-00:00:00,07,19,2002,00,368.48
07.19.2002-03:00:00,07,19,2002,03,359.42
07.19.2002-06:00:00,07,19,2002,06,328.63
07.19.2002-09:00:00,07,19,2002,09,264.99
07.19.2002-12:00:00,07,19,2002,12,256.66
07.19.2002-15:00:00,07,19,2002,15,270.39
07.19.2002-18:00:00,07,19,2002,18,300.19
07.19.2002-21:00:00,07,19,2002,21,345.71
07.20.2002-00:00:00,07,20,2002,00,352.06
07.20.2002-03:00:00,07,20,2002,03,357.79
07.20.2002-06:00:00,07,20,2002,06,314.12
07.20.2002-09:00:00,07,20,2002,09,258.76
07.20.2002-12:00:00,07,20,2002,12,232.74
07.20.2002-15:00:00,07,20,2002,15,263.32
07.20.2002-18:00:00,07,20,2002,18,293.33
07.20.2002-21:00:00,07,20,2002,21,322.09
07.21.2002-00:00:00,07,21,2002,00,346
07.21.2002-03:00:00,07,21,2002,03,343.29
07.21.2002-06:00:00,07,21,2002,06,310.14
07.21.2002-09:00:00,07,21,2002,09,241.38
07.21.2002-12:00:00,07,21,2002,12,232.46
07.21.2002-15:00:00,07,21,2002,15,245.43
07.21.2002-18:00:00,07,21,2002,18,278.3
07.21.2002-21:00:00,07,21,2002,21,316.89
07.22.2002-00:00:00,07,22,2002,00,336.2
07.22.2002-03:00:00,07,22,2002,03,335
07.22.2002-06:00:00,07,22,2002,06,301.98
07.22.2002-09:00:00,07,22,2002,09,234.31
07.22.2002-12:00:00,07,22,2002,12,226.49
07.22.2002-15:00:00,07,22,2002,15,238.11
07.22.2002-18:00:00,07,22,2002,18,270.34
07.22.2002-21:00:00,07,22,2002,21,306.06
07.23.2002-00:00:00,07,23,2002,00,325.52
07.23.2002-03:00:00,07,23,2002,03,325.98
07.23.2002-06:00:00,07,23,2002,06,292.65
07.23.2002-09:00:00,07,23,2002,09,228.54
07.23.2002-12:00:00,07,23,2002,12,224.08
07.23.2002-15:00:00,07,23,2002,15,233.03
07.23.2002-18:00:00,07,23,2002,18,262.52
07.23.2002-21:00:00,07,23,2002,21,298.07
07.24.2002-00:00:00,07,24,2002,00,310.53
07.24.2002-03:00:00,07,24,2002,03,320.23
07.24.2002-06:00:00,07,24,2002,06,271.37
07.24.2002-09:00:00,07,24,2002,09,226.87
07.24.2002-12:00:00,07,24,2002,12,209.27
07.24.2002-15:00:00,07,24,2002,15,220.67
07.24.2002-18:00:00,07,24,2002,18,253.38
07.24.2002-21:00:00,07,24,2002,21,291.65
07.25.2002-00:00:00,07,25,2002,00,308.29
07.25.2002-03:00:00,07,25,2002,03,298.4
07.25.2002-06:00:00,07,25,2002,06,272.51
07.25.2002-09:00:00,07,25,2002,09,226.7
07.25.2002-12:00:00,07,25,2002,12,214.99
07.25.2002-15:00:00,07,25,2002,15,242.38
07.25.2002-18:00:00,07,25,2002,18,261.36
07.25.2002-21:00:00,07,25,2002,21,284.71
07.26.2002-00:00:00,07,26,2002,00,295.3
07.26.2002-03:00:00,07,26,2002,03,299.33
07.26.2002-06:00:00,07,26,2002,06,258.76
07.26.2002-09:00:00,07,26,2002,09,219.34
07.26.2002-12:00:00,07,26,2002,12,200.54
07.26.2002-15:00:00,07,26,2002,15,216.21
07.26.2002-18:00:00,07,26,2002,18,247.45
07.26.2002-21:00:00,07,26,2002,21,277.9
07.27.2002-00:00:00,07,27,2002,00,287.31
07.27.2002-03:00:00,07,27,2002,03,292.98
07.27.2002-06:00:00,07,27,2002,06,262.9
07.27.2002-09:00:00,07,27,2002,09,222.21
07.27.2002-12:00:00,07,27,2002,12,204.73
07.27.2002-15:00:00,07,27,2002,15,221.15
07.27.2002-18:00:00,07,27,2002,18,248.82
07.27.2002-21:00:00,07,27,2002,21,273.93
07.28.2002-00:00:00,07,28,2002,00,283
07.28.2002-03:00:00,07,28,2002,03,286.49
07.28.2002-06:00:00,07,28,2002,06,265.5
07.28.2002-09:00:00,07,28,2002,09,238.91
07.28.2002-12:00:00,07,28,2002,12,240.12
07.28.2002-15:00:00,07,28,2002,15,246.76
07.28.2002-18:00:00,07,28,2002,18,256.11
07.28.2002-21:00:00,07,28,2002,21,273.24
07.29.2002-00:00:00,07,29,2002,00,290.15
07.29.2002-03:00:00,07,29,2002,03,277.11
07.29.2002-06:00:00,07,29,2002,06,260.71
07.29.2002-09:00:00,07,29,2002,09,253.01
07.29.2002-12:00:00,07,29,2002,12,238.85
07.29.2002-15:00:00,07,29,2002,15,244.5
07.29.2002-18:00:00,07,29,2002,18,256.68
07.29.2002-21:00:00,07,29,2002,21,281.99
07.30.2002-00:00:00,07,30,2002,00,283.06
07.30.2002-03:00:00,07,30,2002,03,272.26
07.30.2002-06:00:00,07,30,2002,06,255.84
07.30.2002-09:00:00,07,30,2002,09,216.32
07.30.2002-12:00:00,07,30,2002,12,199.23
07.30.2002-15:00:00,07,30,2002,15,218.5
07.30.2002-18:00:00,07,30,2002,18,241.6
07.30.2002-21:00:00,07,30,2002,21,263.61
07.31.2002-00:00:00,07,31,2002,00,280.1
07.31.2002-03:00:00,07,31,2002,03,274.33
07.31.2002-06:00:00,07,31,2002,06,246.94
07.31.2002-09:00:00,07,31,2002,09,204.2
07.31.2002-12:00:00,07,31,2002,12,183.47
07.31.2002-15:00:00,07,31,2002,15,201.27
07.31.2002-18:00:00,07,31,2002,18,229.58
07.31.2002-21:00:00,07,31,2002,21,257.92
08.01.2002-00:00:00,08,01,2002,00,262.83
08.01.2002-03:00:00,08,01,2002,03,265.66
08.01.2002-06:00:00,08,01,2002,06,246.44
08.01.2002-09:00:00,08,01,2002,09,198.84
08.01.2002-12:00:00,08,01,2002,12,175.98
08.01.2002-15:00:00,08,01,2002,15,193.2
08.01.2002-18:00:00,08,01,2002,18,213.96
08.01.2002-21:00:00,08,01,2002,21,246.75
08.02.2002-00:00:00,08,02,2002,00,256.85
08.02.2002-03:00:00,08,02,2002,03,254.2
08.02.2002-06:00:00,08,02,2002,06,232.93
08.02.2002-09:00:00,08,02,2002,09,184.7
08.02.2002-12:00:00,08,02,2002,12,175.17
08.02.2002-15:00:00,08,02,2002,15,191.25
08.02.2002-18:00:00,08,02,2002,18,207.86
08.02.2002-21:00:00,08,02,2002,21,241.05
08.03.2002-00:00:00,08,03,2002,00,251.07
08.03.2002-03:00:00,08,03,2002,03,251.21
08.03.2002-06:00:00,08,03,2002,06,234.96
08.03.2002-09:00:00,08,03,2002,09,184.95
08.03.2002-12:00:00,08,03,2002,12,169.28
08.03.2002-15:00:00,08,03,2002,15,190.19
08.03.2002-18:00:00,08,03,2002,18,210.35
08.03.2002-21:00:00,08,03,2002,21,239.05
08.04.2002-00:00:00,08,04,2002,00,247.16
08.04.2002-03:00:00,08,04,2002,03,245.04
08.04.2002-06:00:00,08,04,2002,06,224.72
08.04.2002-09:00:00,08,04,2002,09,180.36
08.04.2002-12:00:00,08,04,2002,12,166.24
08.04.2002-15:00:00,08,04,2002,15,185.71
08.04.2002-18:00:00,08,04,2002,18,204.26
08.04.2002-21:00:00,08,04,2002,21,233.38
08.05.2002-00:00:00,08,05,2002,00,242.89
08.05.2002-03:00:00,08,05,2002,03,243.74
08.05.2002-06:00:00,08,05,2002,06,228.56
08.05.2002-09:00:00,08,05,2002,09,181.64
08.05.2002-12:00:00,08,05,2002,12,166.81
08.05.2002-15:00:00,08,05,2002,15,186.96
08.05.2002-18:00:00,08,05,2002,18,206.32
08.05.2002-21:00:00,08,05,2002,21,231.37
08.06.2002-00:00:00,08,06,2002,00,239.82
08.06.2002-03:00:00,08,06,2002,03,239.82
08.06.2002-06:00:00,08,06,2002,06,223.53
08.06.2002-09:00:00,08,06,2002,09,197.82
08.06.2002-12:00:00,08,06,2002,12,176.89
08.06.2002-15:00:00,08,06,2002,15,191.77
08.06.2002-18:00:00,08,06,2002,18,208.33
08.06.2002-21:00:00,08,06,2002,21,233.38
08.07.2002-00:00:00,08,07,2002,00,238.64
08.07.2002-03:00:00,08,07,2002,03,237.75
08.07.2002-06:00:00,08,07,2002,06,219.49
08.07.2002-09:00:00,08,07,2002,09,179.26
08.07.2002-12:00:00,08,07,2002,12,157.93
08.07.2002-15:00:00,08,07,2002,15,176
08.07.2002-18:00:00,08,07,2002,18,195.89
08.07.2002-21:00:00,08,07,2002,21,222.4
08.08.2002-00:00:00,08,08,2002,00,228.53
08.08.2002-03:00:00,08,08,2002,03,226.8
08.08.2002-06:00:00,08,08,2002,06,206.18
08.08.2002-09:00:00,08,08,2002,09,158.3
08.08.2002-12:00:00,08,08,2002,12,142.9
08.08.2002-15:00:00,08,08,2002,15,159.79
08.08.2002-18:00:00,08,08,2002,18,174.81
08.08.2002-21:00:00,08,08,2002,21,212.79
08.09.2002-00:00:00,08,09,2002,00,218.96
08.09.2002-03:00:00,08,09,2002,03,213.65
08.09.2002-06:00:00,08,09,2002,06,191.36
08.09.2002-09:00:00,08,09,2002,09,153.9
08.09.2002-12:00:00,08,09,2002,12,140.7
08.09.2002-15:00:00,08,09,2002,15,157.29
08.09.2002-18:00:00,08,09,2002,18,169.55
08.09.2002-21:00:00,08,09,2002,21,203.27
08.10.2002-00:00:00,08,10,2002,00,212.27
08.10.2002-03:00:00,08,10,2002,03,206.54
08.10.2002-06:00:00,08,10,2002,06,185.32
08.10.2002-09:00:00,08,10,2002,09,151.16
08.10.2002-12:00:00,08,10,2002,12,139.13
08.10.2002-15:00:00,08,10,2002,15,155.56
08.10.2002-18:00:00,08,10,2002,18,166.78
08.10.2002-21:00:00,08,10,2002,21,196.74
08.11.2002-00:00:00,08,11,2002,00,207.78
08.11.2002-03:00:00,08,11,2002,03,204.21
08.11.2002-06:00:00,08,11,2002,06,182.46
08.11.2002-09:00:00,08,11,2002,09,145.35
08.11.2002-12:00:00,08,11,2002,12,131.63
08.11.2002-15:00:00,08,11,2002,15,147.75
08.11.2002-18:00:00,08,11,2002,18,159.84
08.11.2002-21:00:00,08,11,2002,21,188.88
08.12.2002-00:00:00,08,12,2002,00,202.87
08.12.2002-03:00:00,08,12,2002,03,200.1
08.12.2002-06:00:00,08,12,2002,06,176.88
08.12.2002-09:00:00,08,12,2002,09,139.15
08.12.2002-12:00:00,08,12,2002,12,126.34
08.12.2002-15:00:00,08,12,2002,15,140.54
08.12.2002-18:00:00,08,12,2002,18,151.85
08.12.2002-21:00:00,08,12,2002,21,182.13
08.13.2002-00:00:00,08,13,2002,00,194.21
08.13.2002-03:00:00,08,13,2002,03,194.55
08.13.2002-06:00:00,08,13,2002,06,170.33
08.13.2002-09:00:00,08,13,2002,09,135.31
08.13.2002-12:00:00,08,13,2002,12,127.69
08.13.2002-15:00:00,08,13,2002,15,138.26
08.13.2002-18:00:00,08,13,2002,18,147.38
08.13.2002-21:00:00,08,13,2002,21,179.17
08.14.2002-00:00:00,08,14,2002,00,191.27
08.14.2002-03:00:00,08,14,2002,03,186.19
08.14.2002-06:00:00,08,14,2002,06,165.1
08.14.2002-09:00:00,08,14,2002,09,136.84
08.14.2002-12:00:00,08,14,2002,12,126.54
08.14.2002-15:00:00,08,14,2002,15,141.26
08.14.2002-18:00:00,08,14,2002,18,151.94
08.14.2002-21:00:00,08,14,2002,21,173.47
08.15.2002-00:00:00,08,15,2002,00,180.35
08.15.2002-03:00:00,08,15,2002,03,185.11
08.15.2002-06:00:00,08,15,2002,06,164.97
08.15.2002-09:00:00,08,15,2002,09,130.48
08.15.2002-12:00:00,08,15,2002,12,120.45
08.15.2002-15:00:00,08,15,2002,15,131.78
08.15.2002-18:00:00,08,15,2002,18,140.32
08.15.2002-21:00:00,08,15,2002,21,168.59
08.16.2002-00:00:00,08,16,2002,00,175.72
08.16.2002-03:00:00,08,16,2002,03,177.31
08.16.2002-06:00:00,08,16,2002,06,160.62
08.16.2002-09:00:00,08,16,2002,09,126.88
08.16.2002-12:00:00,08,16,2002,12,117.92
08.16.2002-15:00:00,08,16,2002,15,128.33
08.16.2002-18:00:00,08,16,2002,18,135.76
08.16.2002-21:00:00,08,16,2002,21,163.6
08.17.2002-00:00:00,08,17,2002,00,171.82
08.17.2002-03:00:00,08,17,2002,03,175.19
08.17.2002-06:00:00,08,17,2002,06,164.43
08.17.2002-09:00:00,08,17,2002,09,127.79
08.17.2002-12:00:00,08,17,2002,12,117.91
08.17.2002-15:00:00,08,17,2002,15,127.99
08.17.2002-18:00:00,08,17,2002,18,137.7
08.17.2002-21:00:00,08,17,2002,21,164.26
08.18.2002-00:00:00,08,18,2002,00,170.83
08.18.2002-03:00:00,08,18,2002,03,174.37
08.18.2002-06:00:00,08,18,2002,06,159.17
08.18.2002-09:00:00,08,18,2002,09,124.94
08.18.2002-12:00:00,08,18,2002,12,116.6
08.18.2002-15:00:00,08,18,2002,15,125.85
08.18.2002-18:00:00,08,18,2002,18,133.44
08.18.2002-21:00:00,08,18,2002,21,159.51
08.19.2002-00:00:00,08,19,2002,00,166.09
08.19.2002-03:00:00,08,19,2002,03,165.42
08.19.2002-06:00:00,08,19,2002,06,153.81
08.19.2002-09:00:00,08,19,2002,09,129.76
08.19.2002-12:00:00,08,19,2002,12,120.98
08.19.2002-15:00:00,08,19,2002,15,134.02
08.19.2002-18:00:00,08,19,2002,18,144.98
08.19.2002-21:00:00,08,19,2002,21,159.47
08.20.2002-00:00:00,08,20,2002,00,164.24
08.20.2002-03:00:00,08,20,2002,03,163.19
08.20.2002-06:00:00,08,20,2002,06,150.5
08.20.2002-09:00:00,08,20,2002,09,125.11
08.20.2002-12:00:00,08,20,2002,12,117.75
08.20.2002-15:00:00,08,20,2002,15,126.22
08.20.2002-18:00:00,08,20,2002,18,138.64
08.20.2002-21:00:00,08,20,2002,21,155.88
08.21.2002-00:00:00,08,21,2002,00,160.28
08.21.2002-03:00:00,08,21,2002,03,158.98
08.21.2002-06:00:00,08,21,2002,06,147.17
08.21.2002-09:00:00,08,21,2002,09,121.01
08.21.2002-12:00:00,08,21,2002,12,114.95
08.21.2002-15:00:00,08,21,2002,15,122.57
08.21.2002-18:00:00,08,21,2002,18,130.04
08.21.2002-21:00:00,08,21,2002,21,151.72
08.22.2002-00:00:00,08,22,2002,00,155.71
08.22.2002-03:00:00,08,22,2002,03,155.61
08.22.2002-06:00:00,08,22,2002,06,144.44
08.22.2002-09:00:00,08,22,2002,09,117.86
08.22.2002-12:00:00,08,22,2002,12,112.27
08.22.2002-15:00:00,08,22,2002,15,120.41
08.22.2002-18:00:00,08,22,2002,18,124.72
08.22.2002-21:00:00,08,22,2002,21,144.32
08.23.2002-00:00:00,08,23,2002,00,151.89
08.23.2002-03:00:00,08,23,2002,03,151.99
08.23.2002-06:00:00,08,23,2002,06,140.57
08.23.2002-09:00:00,08,23,2002,09,114.55
08.23.2002-12:00:00,08,23,2002,12,108.87
08.23.2002-15:00:00,08,23,2002,15,116.8
08.23.2002-18:00:00,08,23,2002,18,121.73
08.23.2002-21:00:00,08,23,2002,21,129.78
08.24.2002-00:00:00,08,24,2002,00,145.71
08.24.2002-03:00:00,08,24,2002,03,147.89
08.24.2002-06:00:00,08,24,2002,06,137.96
08.24.2002-09:00:00,08,24,2002,09,113.28
08.24.2002-12:00:00,08,24,2002,12,107.77
08.24.2002-15:00:00,08,24,2002,15,115.56
08.24.2002-18:00:00,08,24,2002,18,120.4
08.24.2002-21:00:00,08,24,2002,21,127.99
08.25.2002-00:00:00,08,25,2002,00,151.09
08.25.2002-03:00:00,08,25,2002,03,174.77
08.25.2002-06:00:00,08,25,2002,06,172.96
08.25.2002-09:00:00,08,25,2002,09,160.52
08.25.2002-12:00:00,08,25,2002,12,135.9
08.25.2002-15:00:00,08,25,2002,15,140.56
08.25.2002-18:00:00,08,25,2002,18,161.38
08.25.2002-21:00:00,08,25,2002,21,178.35
08.26.2002-00:00:00,08,26,2002,00,169.22
08.26.2002-03:00:00,08,26,2002,03,164.03
08.26.2002-06:00:00,08,26,2002,06,154.08
08.26.2002-09:00:00,08,26,2002,09,140.87
08.26.2002-12:00:00,08,26,2002,12,120.09
08.26.2002-15:00:00,08,26,2002,15,120.88
08.26.2002-18:00:00,08,26,2002,18,134.58
08.26.2002-21:00:00,08,26,2002,21,154.58
08.27.2002-00:00:00,08,27,2002,00,150.73
08.27.2002-03:00:00,08,27,2002,03,147.17
08.27.2002-06:00:00,08,27,2002,06,134.71
08.27.2002-09:00:00,08,27,2002,09,117.02
08.27.2002-12:00:00,08,27,2002,12,108.49
08.27.2002-15:00:00,08,27,2002,15,114.84
08.27.2002-18:00:00,08,27,2002,18,119.51
08.27.2002-21:00:00,08,27,2002,21,125.4
08.28.2002-00:00:00,08,28,2002,00,133.77
08.28.2002-03:00:00,08,28,2002,03,139.38
08.28.2002-06:00:00,08,28,2002,06,130.93
08.28.2002-09:00:00,08,28,2002,09,110.24
08.28.2002-12:00:00,08,28,2002,12,105.19
08.28.2002-15:00:00,08,28,2002,15,112.19
08.28.2002-18:00:00,08,28,2002,18,117.36
08.28.2002-21:00:00,08,28,2002,21,123.37
08.29.2002-00:00:00,08,29,2002,00,127.12
08.29.2002-03:00:00,08,29,2002,03,133.36
08.29.2002-06:00:00,08,29,2002,06,126.33
08.29.2002-09:00:00,08,29,2002,09,111.07
08.29.2002-12:00:00,08,29,2002,12,106.78
08.29.2002-15:00:00,08,29,2002,15,113.21
08.29.2002-18:00:00,08,29,2002,18,117.39
08.29.2002-21:00:00,08,29,2002,21,123.55
08.30.2002-00:00:00,08,30,2002,00,132.6
08.30.2002-03:00:00,08,30,2002,03,132.8
08.30.2002-06:00:00,08,30,2002,06,124.81
08.30.2002-09:00:00,08,30,2002,09,109.9
08.30.2002-12:00:00,08,30,2002,12,104.43
08.30.2002-15:00:00,08,30,2002,15,110.69
08.30.2002-18:00:00,08,30,2002,18,115.1
08.30.2002-21:00:00,08,30,2002,21,120.08
08.31.2002-00:00:00,08,31,2002,00,127.05
08.31.2002-03:00:00,08,31,2002,03,130.67
08.31.2002-06:00:00,08,31,2002,06,124.14
08.31.2002-09:00:00,08,31,2002,09,113.04
08.31.2002-12:00:00,08,31,2002,12,106.55
08.31.2002-15:00:00,08,31,2002,15,110.88
08.31.2002-18:00:00,08,31,2002,18,114.76
08.31.2002-21:00:00,08,31,2002,21,121.38
09.01.2002-00:00:00,09,01,2002,00,128.22
09.01.2002-03:00:00,09,01,2002,03,128.25
09.01.2002-06:00:00,09,01,2002,06,122.45
09.01.2002-09:00:00,09,01,2002,09,114.46
09.01.2002-12:00:00,09,01,2002,12,111.25
09.01.2002-15:00:00,09,01,2002,15,115.08
09.01.2002-18:00:00,09,01,2002,18,121.67
09.01.2002-21:00:00,09,01,2002,21,127.39
09.02.2002-00:00:00,09,02,2002,00,130.3
09.02.2002-03:00:00,09,02,2002,03,130.58
09.02.2002-06:00:00,09,02,2002,06,123.99
09.02.2002-09:00:00,09,02,2002,09,107.93
09.02.2002-12:00:00,09,02,2002,12,103.46
09.02.2002-15:00:00,09,02,2002,15,109.89
09.02.2002-18:00:00,09,02,2002,18,114.89
09.02.2002-21:00:00,09,02,2002,21,117.19
09.03.2002-00:00:00,09,03,2002,00,123.79
09.03.2002-03:00:00,09,03,2002,03,126.63
09.03.2002-06:00:00,09,03,2002,06,121.84
09.03.2002-09:00:00,09,03,2002,09,107.47
09.03.2002-12:00:00,09,03,2002,12,103.71
09.03.2002-15:00:00,09,03,2002,15,109.63
09.03.2002-18:00:00,09,03,2002,18,114.29
09.03.2002-21:00:00,09,03,2002,21,118.02
09.04.2002-00:00:00,09,04,2002,00,125.78
09.04.2002-03:00:00,09,04,2002,03,127.06
09.04.2002-06:00:00,09,04,2002,06,123.24
09.04.2002-09:00:00,09,04,2002,09,106.66
09.04.2002-12:00:00,09,04,2002,12,102.07
09.04.2002-15:00:00,09,04,2002,15,108.95
09.04.2002-18:00:00,09,04,2002,18,114.02
09.04.2002-21:00:00,09,04,2002,21,115.96
09.05.2002-00:00:00,09,05,2002,00,121.05
09.05.2002-03:00:00,09,05,2002,03,126.04
09.05.2002-06:00:00,09,05,2002,06,127.1
09.05.2002-09:00:00,09,05,2002,09,108.64
09.05.2002-12:00:00,09,05,2002,12,102.53
09.05.2002-15:00:00,09,05,2002,15,108.62
09.05.2002-18:00:00,09,05,2002,18,113.65
09.05.2002-21:00:00,09,05,2002,21,115.53
09.06.2002-00:00:00,09,06,2002,00,120.27
09.06.2002-03:00:00,09,06,2002,03,125.32
09.06.2002-06:00:00,09,06,2002,06,122.9
09.06.2002-09:00:00,09,06,2002,09,108.52
09.06.2002-12:00:00,09,06,2002,12,101.81
09.06.2002-15:00:00,09,06,2002,15,108.15
09.06.2002-18:00:00,09,06,2002,18,113.18
09.06.2002-21:00:00,09,06,2002,21,114.91
09.07.2002-00:00:00,09,07,2002,00,118.3
09.07.2002-03:00:00,09,07,2002,03,124.21
09.07.2002-06:00:00,09,07,2002,06,133.97
09.07.2002-09:00:00,09,07,2002,09,115.65
09.07.2002-12:00:00,09,07,2002,12,107.38
09.07.2002-15:00:00,09,07,2002,15,109.83
09.07.2002-18:00:00,09,07,2002,18,113.75
09.07.2002-21:00:00,09,07,2002,21,122.98
09.08.2002-00:00:00,09,08,2002,00,125.41
09.08.2002-03:00:00,09,08,2002,03,124.8
09.08.2002-06:00:00,09,08,2002,06,123.1
09.08.2002-09:00:00,09,08,2002,09,114.04
09.08.2002-12:00:00,09,08,2002,12,107.44
09.08.2002-15:00:00,09,08,2002,15,110.14
09.08.2002-18:00:00,09,08,2002,18,113.15
09.08.2002-21:00:00,09,08,2002,21,118.75
09.09.2002-00:00:00,09,09,2002,00,122.81
09.09.2002-03:00:00,09,09,2002,03,123
09.09.2002-06:00:00,09,09,2002,06,118.26
09.09.2002-09:00:00,09,09,2002,09,104.82
09.09.2002-12:00:00,09,09,2002,12,99.345
09.09.2002-15:00:00,09,09,2002,15,105.74
09.09.2002-18:00:00,09,09,2002,18,111.14
09.09.2002-21:00:00,09,09,2002,21,113.05
09.10.2002-00:00:00,09,10,2002,00,113.57
09.10.2002-03:00:00,09,10,2002,03,113.57
09.10.2002-06:00:00,09,10,2002,06,114.96
09.10.2002-09:00:00,09,10,2002,09,101.17
09.10.2002-12:00:00,09,10,2002,12,96.664
09.10.2002-15:00:00,09,10,2002,15,104.06
09.10.2002-18:00:00,09,10,2002,18,109.82
09.10.2002-21:00:00,09,10,2002,21,111.7
09.11.2002-00:00:00,09,11,2002,00,112.16
09.11.2002-03:00:00,09,11,2002,03,112.06
09.11.2002-06:00:00,09,11,2002,06,109.09
09.11.2002-09:00:00,09,11,2002,09,98.94
09.11.2002-12:00:00,09,11,2002,12,94.591
09.11.2002-15:00:00,09,11,2002,15,102.11
09.11.2002-18:00:00,09,11,2002,18,108.14
09.11.2002-21:00:00,09,11,2002,21,110.13
09.12.2002-00:00:00,09,12,2002,00,110.63
09.12.2002-03:00:00,09,12,2002,03,110.64
09.12.2002-06:00:00,09,12,2002,06,107.5
09.12.2002-09:00:00,09,12,2002,09,97.678
09.12.2002-12:00:00,09,12,2002,12,93.404
09.12.2002-15:00:00,09,12,2002,15,100.74
09.12.2002-18:00:00,09,12,2002,18,106.71
09.12.2002-21:00:00,09,12,2002,21,108.6
09.13.2002-00:00:00,09,13,2002,00,109
09.13.2002-03:00:00,09,13,2002,03,108.88
09.13.2002-06:00:00,09,13,2002,06,105.12
09.13.2002-09:00:00,09,13,2002,09,95.359
09.13.2002-12:00:00,09,13,2002,12,91.195
09.13.2002-15:00:00,09,13,2002,15,98.641
09.13.2002-18:00:00,09,13,2002,18,104.87
09.13.2002-21:00:00,09,13,2002,21,106.95
09.14.2002-00:00:00,09,14,2002,00,107.49
09.14.2002-03:00:00,09,14,2002,03,107.67
09.14.2002-06:00:00,09,14,2002,06,104.81
09.14.2002-09:00:00,09,14,2002,09,95.223
09.14.2002-12:00:00,09,14,2002,12,90.947
09.14.2002-15:00:00,09,14,2002,15,98.042
09.14.2002-18:00:00,09,14,2002,18,103.93
09.14.2002-21:00:00,09,14,2002,21,105.71
09.15.2002-00:00:00,09,15,2002,00,106.09
09.15.2002-03:00:00,09,15,2002,03,106.22
09.15.2002-06:00:00,09,15,2002,06,103.26
09.15.2002-09:00:00,09,15,2002,09,96.183
09.15.2002-12:00:00,09,15,2002,12,92.839
09.15.2002-15:00:00,09,15,2002,15,97.861
09.15.2002-18:00:00,09,15,2002,18,102.67
09.15.2002-21:00:00,09,15,2002,21,104.41
09.16.2002-00:00:00,09,16,2002,00,104.78
09.16.2002-03:00:00,09,16,2002,03,104.97
09.16.2002-06:00:00,09,16,2002,06,101.76
09.16.2002-09:00:00,09,16,2002,09,95.46
09.16.2002-12:00:00,09,16,2002,12,92.633
09.16.2002-15:00:00,09,16,2002,15,97.061
09.16.2002-18:00:00,09,16,2002,18,101.57
09.16.2002-21:00:00,09,16,2002,21,103.37
09.17.2002-00:00:00,09,17,2002,00,103.84
09.17.2002-03:00:00,09,17,2002,03,104.12
09.17.2002-06:00:00,09,17,2002,06,101.67
09.17.2002-09:00:00,09,17,2002,09,96.625
09.17.2002-12:00:00,09,17,2002,12,94.332
09.17.2002-15:00:00,09,17,2002,15,97.809
09.17.2002-18:00:00,09,17,2002,18,101.54
09.17.2002-21:00:00,09,17,2002,21,103.08
09.18.2002-00:00:00,09,18,2002,00,106.15
09.18.2002-03:00:00,09,18,2002,03,106.97
09.18.2002-06:00:00,09,18,2002,06,104.68
09.18.2002-09:00:00,09,18,2002,09,94.902
09.18.2002-12:00:00,09,18,2002,12,91.719
09.18.2002-15:00:00,09,18,2002,15,96.644
09.18.2002-18:00:00,09,18,2002,18,101.09
09.18.2002-21:00:00,09,18,2002,21,102.49
09.19.2002-00:00:00,09,19,2002,00,102.87
09.19.2002-03:00:00,09,19,2002,03,105.09
09.19.2002-06:00:00,09,19,2002,06,104.2
09.19.2002-09:00:00,09,19,2002,09,92.97
09.19.2002-12:00:00,09,19,2002,12,89.007
09.19.2002-15:00:00,09,19,2002,15,95.016
09.19.2002-18:00:00,09,19,2002,18,100.14
09.19.2002-21:00:00,09,19,2002,21,101.51
09.20.2002-00:00:00,09,20,2002,00,101.85
09.20.2002-03:00:00,09,20,2002,03,102.08
09.20.2002-06:00:00,09,20,2002,06,100.39
09.20.2002-09:00:00,09,20,2002,09,92.529
09.20.2002-12:00:00,09,20,2002,12,88.818
09.20.2002-15:00:00,09,20,2002,15,94.613
09.20.2002-18:00:00,09,20,2002,18,99.516
09.20.2002-21:00:00,09,20,2002,21,100.8
09.21.2002-00:00:00,09,21,2002,00,101.13
09.21.2002-03:00:00,09,21,2002,03,101.36
09.21.2002-06:00:00,09,21,2002,06,101.54
09.21.2002-09:00:00,09,21,2002,09,92.506
09.21.2002-12:00:00,09,21,2002,12,88.345
09.21.2002-15:00:00,09,21,2002,15,94.149
09.21.2002-18:00:00,09,21,2002,18,98.949
09.21.2002-21:00:00,09,21,2002,21,100.1
09.22.2002-00:00:00,09,22,2002,00,100.41
09.22.2002-03:00:00,09,22,2002,03,100.6
09.22.2002-06:00:00,09,22,2002,06,99.862
09.22.2002-09:00:00,09,22,2002,09,91.001
09.22.2002-12:00:00,09,22,2002,12,86.732
09.22.2002-15:00:00,09,22,2002,15,92.696
09.22.2002-18:00:00,09,22,2002,18,97.853
09.22.2002-21:00:00,09,22,2002,21,99.05
09.23.2002-00:00:00,09,23,2002,00,99.342
09.23.2002-03:00:00,09,23,2002,03,99.587
09.23.2002-06:00:00,09,23,2002,06,97.984
09.23.2002-09:00:00,09,23,2002,09,89.755
09.23.2002-12:00:00,09,23,2002,12,85.55
09.23.2002-15:00:00,09,23,2002,15,91.382
09.23.2002-18:00:00,09,23,2002,18,96.673
09.23.2002-21:00:00,09,23,2002,21,97.855
09.24.2002-00:00:00,09,24,2002,00,98.087
09.24.2002-03:00:00,09,24,2002,03,98.272
09.24.2002-06:00:00,09,24,2002,06,96.153
09.24.2002-09:00:00,09,24,2002,09,90.688
09.24.2002-12:00:00,09,24,2002,12,87.782
09.24.2002-15:00:00,09,24,2002,15,91.495
09.24.2002-18:00:00,09,24,2002,18,95.808
09.24.2002-21:00:00,09,24,2002,21,96.993
09.25.2002-00:00:00,09,25,2002,00,97.312
09.25.2002-03:00:00,09,25,2002,03,97.528
09.25.2002-06:00:00,09,25,2002,06,95.376
09.25.2002-09:00:00,09,25,2002,09,87.844
09.25.2002-12:00:00,09,25,2002,12,84.037
09.25.2002-15:00:00,09,25,2002,15,89.542
09.25.2002-18:00:00,09,25,2002,18,94.883
09.25.2002-21:00:00,09,25,2002,21,96.051
09.26.2002-00:00:00,09,26,2002,00,96.31
09.26.2002-03:00:00,09,26,2002,03,96.513
09.26.2002-06:00:00,09,26,2002,06,95.285
09.26.2002-09:00:00,09,26,2002,09,91.322
09.26.2002-12:00:00,09,26,2002,12,89.089
09.26.2002-15:00:00,09,26,2002,15,91.629
09.26.2002-18:00:00,09,26,2002,18,94.88
09.26.2002-21:00:00,09,26,2002,21,95.704
09.27.2002-00:00:00,09,27,2002,00,95.922
09.27.2002-03:00:00,09,27,2002,03,96.746
09.27.2002-06:00:00,09,27,2002,06,96.483
09.27.2002-09:00:00,09,27,2002,09,87.659
09.27.2002-12:00:00,09,27,2002,12,84.352
09.27.2002-15:00:00,09,27,2002,15,89.057
09.27.2002-18:00:00,09,27,2002,18,93.88
09.27.2002-21:00:00,09,27,2002,21,94.878
09.28.2002-00:00:00,09,28,2002,00,95.14
09.28.2002-03:00:00,09,28,2002,03,95.357
09.28.2002-06:00:00,09,28,2002,06,94.334
09.28.2002-09:00:00,09,28,2002,09,87.63
09.28.2002-12:00:00,09,28,2002,12,84.028
09.28.2002-15:00:00,09,28,2002,15,88.733
09.28.2002-18:00:00,09,28,2002,18,93.263
09.28.2002-21:00:00,09,28,2002,21,94.108
09.29.2002-00:00:00,09,29,2002,00,94.251
09.29.2002-03:00:00,09,29,2002,03,94.376
09.29.2002-06:00:00,09,29,2002,06,93.075
09.29.2002-09:00:00,09,29,2002,09,89.961
09.29.2002-12:00:00,09,29,2002,12,88.139
09.29.2002-15:00:00,09,29,2002,15,90.04
09.29.2002-18:00:00,09,29,2002,18,92.931
09.29.2002-21:00:00,09,29,2002,21,93.913
09.30.2002-00:00:00,09,30,2002,00,96.165
09.30.2002-03:00:00,09,30,2002,03,96.335
09.30.2002-06:00:00,09,30,2002,06,95.02
09.30.2002-09:00:00,09,30,2002,09,89.274
09.30.2002-12:00:00,09,30,2002,12,87.317
09.30.2002-15:00:00,09,30,2002,15,89.909
09.30.2002-18:00:00,09,30,2002,18,92.797
09.30.2002-21:00:00,09,30,2002,21,95.14
