TIMESTAMP,MONTH,DAY,YEAR,HOUR,C
10.01.2001-00:00:00,10,01,2001,00,175.46
10.01.2001-03:00:00,10,01,2001,03,176.15
10.01.2001-06:00:00,10,01,2001,06,172.37
10.01.2001-09:00:00,10,01,2001,09,151.12
10.01.2001-12:00:00,10,01,2001,12,143.89
10.01.2001-15:00:00,10,01,2001,15,148.69
10.01.2001-18:00:00,10,01,2001,18,163.88
10.01.2001-21:00:00,10,01,2001,21,170.2
10.02.2001-00:00:00,10,02,2001,00,170.69
10.02.2001-03:00:00,10,02,2001,03,171.68
10.02.2001-06:00:00,10,02,2001,06,166.74
10.02.2001-09:00:00,10,02,2001,09,146.13
10.02.2001-12:00:00,10,02,2001,12,139.02
10.02.2001-15:00:00,10,02,2001,15,145.51
10.02.2001-18:00:00,10,02,2001,18,159.55
10.02.2001-21:00:00,10,02,2001,21,164.73
10.03.2001-00:00:00,10,03,2001,00,167.68
10.03.2001-03:00:00,10,03,2001,03,168.48
10.03.2001-06:00:00,10,03,2001,06,164.99
10.03.2001-09:00:00,10,03,2001,09,146.55
10.03.2001-12:00:00,10,03,2001,12,139.52
10.03.2001-15:00:00,10,03,2001,15,144.46
10.03.2001-18:00:00,10,03,2001,18,159
10.03.2001-21:00:00,10,03,2001,21,163.49
10.04.2001-00:00:00,10,04,2001,00,165.45
10.04.2001-03:00:00,10,04,2001,03,166.52
10.04.2001-06:00:00,10,04,2001,06,163.31
10.04.2001-09:00:00,10,04,2001,09,145.84
10.04.2001-12:00:00,10,04,2001,12,138.85
10.04.2001-15:00:00,10,04,2001,15,143.14
10.04.2001-18:00:00,10,04,2001,18,157.77
10.04.2001-21:00:00,10,04,2001,21,161.66
10.05.2001-00:00:00,10,05,2001,00,163.52
10.05.2001-03:00:00,10,05,2001,03,164.46
10.05.2001-06:00:00,10,05,2001,06,162.54
10.05.2001-09:00:00,10,05,2001,09,146.26
10.05.2001-12:00:00,10,05,2001,12,138.89
10.05.2001-15:00:00,10,05,2001,15,142.62
10.05.2001-18:00:00,10,05,2001,18,156.5
10.05.2001-21:00:00,10,05,2001,21,160.31
10.06.2001-00:00:00,10,06,2001,00,161.89
10.06.2001-03:00:00,10,06,2001,03,162.89
10.06.2001-06:00:00,10,06,2001,06,161.96
10.06.2001-09:00:00,10,06,2001,09,144.67
10.06.2001-12:00:00,10,06,2001,12,137.71
10.06.2001-15:00:00,10,06,2001,15,141.82
10.06.2001-18:00:00,10,06,2001,18,154.8
10.06.2001-21:00:00,10,06,2001,21,158.23
10.07.2001-00:00:00,10,07,2001,00,160.03
10.07.2001-03:00:00,10,07,2001,03,161.05
10.07.2001-06:00:00,10,07,2001,06,159.8
10.07.2001-09:00:00,10,07,2001,09,143.55
10.07.2001-12:00:00,10,07,2001,12,136.86
10.07.2001-15:00:00,10,07,2001,15,140.68
10.07.2001-18:00:00,10,07,2001,18,153.09
10.07.2001-21:00:00,10,07,2001,21,156.01
10.08.2001-00:00:00,10,08,2001,00,158.15
10.08.2001-03:00:00,10,08,2001,03,159.09
10.08.2001-06:00:00,10,08,2001,06,159.49
10.08.2001-09:00:00,10,08,2001,09,147.3
10.08.2001-12:00:00,10,08,2001,12,142.11
10.08.2001-15:00:00,10,08,2001,15,145.1
10.08.2001-18:00:00,10,08,2001,18,154.5
10.08.2001-21:00:00,10,08,2001,21,155.88
10.09.2001-00:00:00,10,09,2001,00,158.06
10.09.2001-03:00:00,10,09,2001,03,158.3
10.09.2001-06:00:00,10,09,2001,06,155.98
10.09.2001-09:00:00,10,09,2001,09,145.97
10.09.2001-12:00:00,10,09,2001,12,140.61
10.09.2001-15:00:00,10,09,2001,15,143.12
10.09.2001-18:00:00,10,09,2001,18,152.24
10.09.2001-21:00:00,10,09,2001,21,154.07
10.10.2001-00:00:00,10,10,2001,00,187.01
10.10.2001-03:00:00,10,10,2001,03,182.88
10.10.2001-06:00:00,10,10,2001,06,190.77
10.10.2001-09:00:00,10,10,2001,09,261.97
10.10.2001-12:00:00,10,10,2001,12,344.32
10.10.2001-15:00:00,10,10,2001,15,269.33
10.10.2001-18:00:00,10,10,2001,18,242.4
10.10.2001-21:00:00,10,10,2001,21,237.14
10.11.2001-00:00:00,10,11,2001,00,168.75
10.11.2001-03:00:00,10,11,2001,03,162.88
10.11.2001-06:00:00,10,11,2001,06,162.65
10.11.2001-09:00:00,10,11,2001,09,159.33
10.11.2001-12:00:00,10,11,2001,12,157.39
10.11.2001-15:00:00,10,11,2001,15,160.2
10.11.2001-18:00:00,10,11,2001,18,161.62
10.11.2001-21:00:00,10,11,2001,21,161.89
10.12.2001-00:00:00,10,12,2001,00,161.61
10.12.2001-03:00:00,10,12,2001,03,161.6
10.12.2001-06:00:00,10,12,2001,06,160.85
10.12.2001-09:00:00,10,12,2001,09,165.74
10.12.2001-12:00:00,10,12,2001,12,217.56
10.12.2001-15:00:00,10,12,2001,15,156.13
10.12.2001-18:00:00,10,12,2001,18,156.57
10.12.2001-21:00:00,10,12,2001,21,159.2
10.13.2001-00:00:00,10,13,2001,00,159.48
10.13.2001-03:00:00,10,13,2001,03,160.67
10.13.2001-06:00:00,10,13,2001,06,159.78
10.13.2001-09:00:00,10,13,2001,09,160.77
10.13.2001-12:00:00,10,13,2001,12,200.74
10.13.2001-15:00:00,10,13,2001,15,147.75
10.13.2001-18:00:00,10,13,2001,18,153.08
10.13.2001-21:00:00,10,13,2001,21,155.26
10.14.2001-00:00:00,10,14,2001,00,155.88
10.14.2001-03:00:00,10,14,2001,03,157.42
10.14.2001-06:00:00,10,14,2001,06,156.5
10.14.2001-09:00:00,10,14,2001,09,149.57
10.14.2001-12:00:00,10,14,2001,12,140.33
10.14.2001-15:00:00,10,14,2001,15,138.69
10.14.2001-18:00:00,10,14,2001,18,148.29
10.14.2001-21:00:00,10,14,2001,21,151.74
10.15.2001-00:00:00,10,15,2001,00,151.97
10.15.2001-03:00:00,10,15,2001,03,152.67
10.15.2001-06:00:00,10,15,2001,06,151.07
10.15.2001-09:00:00,10,15,2001,09,138.07
10.15.2001-12:00:00,10,15,2001,12,132.23
10.15.2001-15:00:00,10,15,2001,15,135.54
10.15.2001-18:00:00,10,15,2001,18,146.07
10.15.2001-21:00:00,10,15,2001,21,148.58
10.16.2001-00:00:00,10,16,2001,00,150.11
10.16.2001-03:00:00,10,16,2001,03,150.16
10.16.2001-06:00:00,10,16,2001,06,149.96
10.16.2001-09:00:00,10,16,2001,09,138.85
10.16.2001-12:00:00,10,16,2001,12,133.21
10.16.2001-15:00:00,10,16,2001,15,136.67
10.16.2001-18:00:00,10,16,2001,18,144.77
10.16.2001-21:00:00,10,16,2001,21,147.43
10.17.2001-00:00:00,10,17,2001,00,148.47
10.17.2001-03:00:00,10,17,2001,03,148.68
10.17.2001-06:00:00,10,17,2001,06,149.57
10.17.2001-09:00:00,10,17,2001,09,134.41
10.17.2001-12:00:00,10,17,2001,12,127.9
10.17.2001-15:00:00,10,17,2001,15,132.14
10.17.2001-18:00:00,10,17,2001,18,142.64
10.17.2001-21:00:00,10,17,2001,21,144.17
10.18.2001-00:00:00,10,18,2001,00,145.84
10.18.2001-03:00:00,10,18,2001,03,146.13
10.18.2001-06:00:00,10,18,2001,06,146.2
10.18.2001-09:00:00,10,18,2001,09,138.82
10.18.2001-12:00:00,10,18,2001,12,134.7
10.18.2001-15:00:00,10,18,2001,15,137.42
10.18.2001-18:00:00,10,18,2001,18,143.01
10.18.2001-21:00:00,10,18,2001,21,144.36
10.19.2001-00:00:00,10,19,2001,00,145.1
10.19.2001-03:00:00,10,19,2001,03,145.5
10.19.2001-06:00:00,10,19,2001,06,145.87
10.19.2001-09:00:00,10,19,2001,09,134.49
10.19.2001-12:00:00,10,19,2001,12,128.92
10.19.2001-15:00:00,10,19,2001,15,132.47
10.19.2001-18:00:00,10,19,2001,18,139.91
10.19.2001-21:00:00,10,19,2001,21,141.8
10.20.2001-00:00:00,10,20,2001,00,142.99
10.20.2001-03:00:00,10,20,2001,03,143.28
10.20.2001-06:00:00,10,20,2001,06,143.3
10.20.2001-09:00:00,10,20,2001,09,130.92
10.20.2001-12:00:00,10,20,2001,12,124.97
10.20.2001-15:00:00,10,20,2001,15,128.93
10.20.2001-18:00:00,10,20,2001,18,138
10.20.2001-21:00:00,10,20,2001,21,139.33
10.21.2001-00:00:00,10,21,2001,00,140.94
10.21.2001-03:00:00,10,21,2001,03,141.36
10.21.2001-06:00:00,10,21,2001,06,141.26
10.21.2001-09:00:00,10,21,2001,09,131.57
10.21.2001-12:00:00,10,21,2001,12,126.46
10.21.2001-15:00:00,10,21,2001,15,130.08
10.21.2001-18:00:00,10,21,2001,18,136.93
10.21.2001-21:00:00,10,21,2001,21,138.25
10.22.2001-00:00:00,10,22,2001,00,312.89
10.22.2001-03:00:00,10,22,2001,03,389.19
10.22.2001-06:00:00,10,22,2001,06,414.37
10.22.2001-09:00:00,10,22,2001,09,543.18
10.22.2001-12:00:00,10,22,2001,12,682.76
10.22.2001-15:00:00,10,22,2001,15,731.48
10.22.2001-18:00:00,10,22,2001,18,753.67
10.22.2001-21:00:00,10,22,2001,21,783.4
10.23.2001-00:00:00,10,23,2001,00,759.72
10.23.2001-03:00:00,10,23,2001,03,776.96
10.23.2001-06:00:00,10,23,2001,06,772.55
10.23.2001-09:00:00,10,23,2001,09,788.81
10.23.2001-12:00:00,10,23,2001,12,867.99
10.23.2001-15:00:00,10,23,2001,15,883.11
10.23.2001-18:00:00,10,23,2001,18,839.7
10.23.2001-21:00:00,10,23,2001,21,829.79
10.24.2001-00:00:00,10,24,2001,00,586.77
10.24.2001-03:00:00,10,24,2001,03,385.87
10.24.2001-06:00:00,10,24,2001,06,248.55
10.24.2001-09:00:00,10,24,2001,09,221.34
10.24.2001-12:00:00,10,24,2001,12,213.06
10.24.2001-15:00:00,10,24,2001,15,211.63
10.24.2001-18:00:00,10,24,2001,18,209.89
10.24.2001-21:00:00,10,24,2001,21,210.5
10.25.2001-00:00:00,10,25,2001,00,218.22
10.25.2001-03:00:00,10,25,2001,03,211.67
10.25.2001-06:00:00,10,25,2001,06,210.76
10.25.2001-09:00:00,10,25,2001,09,271.22
10.25.2001-12:00:00,10,25,2001,12,353.24
10.25.2001-15:00:00,10,25,2001,15,343.11
10.25.2001-18:00:00,10,25,2001,18,286.17
10.25.2001-21:00:00,10,25,2001,21,241.41
10.26.2001-00:00:00,10,26,2001,00,223.33
10.26.2001-03:00:00,10,26,2001,03,212.73
10.26.2001-06:00:00,10,26,2001,06,210.82
10.26.2001-09:00:00,10,26,2001,09,211.22
10.26.2001-12:00:00,10,26,2001,12,213.17
10.26.2001-15:00:00,10,26,2001,15,213.58
10.26.2001-18:00:00,10,26,2001,18,211.44
10.26.2001-21:00:00,10,26,2001,21,208.46
10.27.2001-00:00:00,10,27,2001,00,207.74
10.27.2001-03:00:00,10,27,2001,03,206.97
10.27.2001-06:00:00,10,27,2001,06,206.3
10.27.2001-09:00:00,10,27,2001,09,260.34
10.27.2001-12:00:00,10,27,2001,12,358.3
10.27.2001-15:00:00,10,27,2001,15,305.12
10.27.2001-18:00:00,10,27,2001,18,270.7
10.27.2001-21:00:00,10,27,2001,21,224.96
10.28.2001-00:00:00,10,28,2001,00,207.59
10.28.2001-03:00:00,10,28,2001,03,206.99
10.28.2001-06:00:00,10,28,2001,06,206.99
10.28.2001-09:00:00,10,28,2001,09,200.41
10.28.2001-12:00:00,10,28,2001,12,195.41
10.28.2001-15:00:00,10,28,2001,15,272.52
10.28.2001-18:00:00,10,28,2001,18,205.54
10.28.2001-21:00:00,10,28,2001,21,204.24
10.29.2001-00:00:00,10,29,2001,00,205
10.29.2001-03:00:00,10,29,2001,03,205.36
10.29.2001-06:00:00,10,29,2001,06,206.77
10.29.2001-09:00:00,10,29,2001,09,199.51
10.29.2001-12:00:00,10,29,2001,12,190.12
10.29.2001-15:00:00,10,29,2001,15,193.29
10.29.2001-18:00:00,10,29,2001,18,196.31
10.29.2001-21:00:00,10,29,2001,21,201.03
10.30.2001-00:00:00,10,30,2001,00,207.3
10.30.2001-03:00:00,10,30,2001,03,207.3
10.30.2001-06:00:00,10,30,2001,06,205.87
10.30.2001-09:00:00,10,30,2001,09,263.57
10.30.2001-12:00:00,10,30,2001,12,372.08
10.30.2001-15:00:00,10,30,2001,15,365.86
10.30.2001-18:00:00,10,30,2001,18,309.02
10.30.2001-21:00:00,10,30,2001,21,262.71
10.31.2001-00:00:00,10,31,2001,00,236.82
10.31.2001-03:00:00,10,31,2001,03,227.17
10.31.2001-06:00:00,10,31,2001,06,222.6
10.31.2001-09:00:00,10,31,2001,09,224.1
10.31.2001-12:00:00,10,31,2001,12,230.96
10.31.2001-15:00:00,10,31,2001,15,235.55
10.31.2001-18:00:00,10,31,2001,18,232.8
10.31.2001-21:00:00,10,31,2001,21,228.87
11.01.2001-00:00:00,11,01,2001,00,219.28
11.01.2001-03:00:00,11,01,2001,03,210.66
11.01.2001-06:00:00,11,01,2001,06,208.68
11.01.2001-09:00:00,11,01,2001,09,208.79
11.01.2001-12:00:00,11,01,2001,12,231.38
11.01.2001-15:00:00,11,01,2001,15,251.88
11.01.2001-18:00:00,11,01,2001,18,228.74
11.01.2001-21:00:00,11,01,2001,21,210.94
11.02.2001-00:00:00,11,02,2001,00,208.48
11.02.2001-03:00:00,11,02,2001,03,208.62
11.02.2001-06:00:00,11,02,2001,06,207.26
11.02.2001-09:00:00,11,02,2001,09,208.61
11.02.2001-12:00:00,11,02,2001,12,380.88
11.02.2001-15:00:00,11,02,2001,15,523.49
11.02.2001-18:00:00,11,02,2001,18,362.91
11.02.2001-21:00:00,11,02,2001,21,243.81
11.03.2001-00:00:00,11,03,2001,00,222.67
11.03.2001-03:00:00,11,03,2001,03,215.47
11.03.2001-06:00:00,11,03,2001,06,218.85
11.03.2001-09:00:00,11,03,2001,09,293.73
11.03.2001-12:00:00,11,03,2001,12,543.5
11.03.2001-15:00:00,11,03,2001,15,439.02
11.03.2001-18:00:00,11,03,2001,18,303.89
11.03.2001-21:00:00,11,03,2001,21,245.11
11.04.2001-00:00:00,11,04,2001,00,231.48
11.04.2001-03:00:00,11,04,2001,03,216.38
11.04.2001-06:00:00,11,04,2001,06,212.01
11.04.2001-09:00:00,11,04,2001,09,208.68
11.04.2001-12:00:00,11,04,2001,12,250.85
11.04.2001-15:00:00,11,04,2001,15,247.21
11.04.2001-18:00:00,11,04,2001,18,241.97
11.04.2001-21:00:00,11,04,2001,21,215.31
11.05.2001-00:00:00,11,05,2001,00,216.54
11.05.2001-03:00:00,11,05,2001,03,210.22
11.05.2001-06:00:00,11,05,2001,06,209.48
11.05.2001-09:00:00,11,05,2001,09,209.97
11.05.2001-12:00:00,11,05,2001,12,232.36
11.05.2001-15:00:00,11,05,2001,15,243.77
11.05.2001-18:00:00,11,05,2001,18,213.72
11.05.2001-21:00:00,11,05,2001,21,199.3
11.06.2001-00:00:00,11,06,2001,00,202.34
11.06.2001-03:00:00,11,06,2001,03,204.84
11.06.2001-06:00:00,11,06,2001,06,207.56
11.06.2001-09:00:00,11,06,2001,09,202.5
11.06.2001-12:00:00,11,06,2001,12,218.29
11.06.2001-15:00:00,11,06,2001,15,209.24
11.06.2001-18:00:00,11,06,2001,18,195.69
11.06.2001-21:00:00,11,06,2001,21,200.91
11.07.2001-00:00:00,11,07,2001,00,205.91
11.07.2001-03:00:00,11,07,2001,03,208.84
11.07.2001-06:00:00,11,07,2001,06,208.54
11.07.2001-09:00:00,11,07,2001,09,204.93
11.07.2001-12:00:00,11,07,2001,12,202.66
11.07.2001-15:00:00,11,07,2001,15,194.65
11.07.2001-18:00:00,11,07,2001,18,197.5
11.07.2001-21:00:00,11,07,2001,21,202.85
11.08.2001-00:00:00,11,08,2001,00,207.55
11.08.2001-03:00:00,11,08,2001,03,209.34
11.08.2001-06:00:00,11,08,2001,06,208.57
11.08.2001-09:00:00,11,08,2001,09,205.81
11.08.2001-12:00:00,11,08,2001,12,196.92
11.08.2001-15:00:00,11,08,2001,15,196.96
11.08.2001-18:00:00,11,08,2001,18,202.23
11.08.2001-21:00:00,11,08,2001,21,207.72
11.09.2001-00:00:00,11,09,2001,00,208.22
11.09.2001-03:00:00,11,09,2001,03,208.63
11.09.2001-06:00:00,11,09,2001,06,206.47
11.09.2001-09:00:00,11,09,2001,09,202.43
11.09.2001-12:00:00,11,09,2001,12,190.05
11.09.2001-15:00:00,11,09,2001,15,191.42
11.09.2001-18:00:00,11,09,2001,18,196.1
11.09.2001-21:00:00,11,09,2001,21,200.6
11.10.2001-00:00:00,11,10,2001,00,205.84
11.10.2001-03:00:00,11,10,2001,03,206.05
11.10.2001-06:00:00,11,10,2001,06,206.38
11.10.2001-09:00:00,11,10,2001,09,200.88
11.10.2001-12:00:00,11,10,2001,12,194.54
11.10.2001-15:00:00,11,10,2001,15,192.36
11.10.2001-18:00:00,11,10,2001,18,198.79
11.10.2001-21:00:00,11,10,2001,21,203.9
11.11.2001-00:00:00,11,11,2001,00,205.69
11.11.2001-03:00:00,11,11,2001,03,204.96
11.11.2001-06:00:00,11,11,2001,06,204.45
11.11.2001-09:00:00,11,11,2001,09,198.01
11.11.2001-12:00:00,11,11,2001,12,187.27
11.11.2001-15:00:00,11,11,2001,15,189.7
11.11.2001-18:00:00,11,11,2001,18,194.82
11.11.2001-21:00:00,11,11,2001,21,198.39
11.12.2001-00:00:00,11,12,2001,00,203.02
11.12.2001-03:00:00,11,12,2001,03,203.01
11.12.2001-06:00:00,11,12,2001,06,202.45
11.12.2001-09:00:00,11,12,2001,09,195.03
11.12.2001-12:00:00,11,12,2001,12,184.35
11.12.2001-15:00:00,11,12,2001,15,199.59
11.12.2001-18:00:00,11,12,2001,18,189.59
11.12.2001-21:00:00,11,12,2001,21,195.86
11.13.2001-00:00:00,11,13,2001,00,347.5
11.13.2001-03:00:00,11,13,2001,03,591.52
11.13.2001-06:00:00,11,13,2001,06,748.06
11.13.2001-09:00:00,11,13,2001,09,851.27
11.13.2001-12:00:00,11,13,2001,12,991.85
11.13.2001-15:00:00,11,13,2001,15,1006.9
11.13.2001-18:00:00,11,13,2001,18,1004.9
11.13.2001-21:00:00,11,13,2001,21,1052.1
11.14.2001-00:00:00,11,14,2001,00,1146.3
11.14.2001-03:00:00,11,14,2001,03,1219.8
11.14.2001-06:00:00,11,14,2001,06,1232.9
11.14.2001-09:00:00,11,14,2001,09,1386.9
11.14.2001-12:00:00,11,14,2001,12,1514
11.14.2001-15:00:00,11,14,2001,15,1500.4
11.14.2001-18:00:00,11,14,2001,18,1471.1
11.14.2001-21:00:00,11,14,2001,21,1547.3
11.15.2001-00:00:00,11,15,2001,00,1061.9
11.15.2001-03:00:00,11,15,2001,03,730.42
11.15.2001-06:00:00,11,15,2001,06,525.93
11.15.2001-09:00:00,11,15,2001,09,458.49
11.15.2001-12:00:00,11,15,2001,12,434.62
11.15.2001-15:00:00,11,15,2001,15,446.14
11.15.2001-18:00:00,11,15,2001,18,436.77
11.15.2001-21:00:00,11,15,2001,21,438.81
11.16.2001-00:00:00,11,16,2001,00,439.47
11.16.2001-03:00:00,11,16,2001,03,437.96
11.16.2001-06:00:00,11,16,2001,06,436.62
11.16.2001-09:00:00,11,16,2001,09,426.77
11.16.2001-12:00:00,11,16,2001,12,421.26
11.16.2001-15:00:00,11,16,2001,15,432.26
11.16.2001-18:00:00,11,16,2001,18,423.2
11.16.2001-21:00:00,11,16,2001,21,427.24
11.17.2001-00:00:00,11,17,2001,00,429.75
11.17.2001-03:00:00,11,17,2001,03,430.06
11.17.2001-06:00:00,11,17,2001,06,427.77
11.17.2001-09:00:00,11,17,2001,09,418.44
11.17.2001-12:00:00,11,17,2001,12,422.03
11.17.2001-15:00:00,11,17,2001,15,424.84
11.17.2001-18:00:00,11,17,2001,18,413.63
11.17.2001-21:00:00,11,17,2001,21,420.11
11.18.2001-00:00:00,11,18,2001,00,423.96
11.18.2001-03:00:00,11,18,2001,03,424.33
11.18.2001-06:00:00,11,18,2001,06,422.55
11.18.2001-09:00:00,11,18,2001,09,416.98
11.18.2001-12:00:00,11,18,2001,12,411.26
11.18.2001-15:00:00,11,18,2001,15,407.4
11.18.2001-18:00:00,11,18,2001,18,412.66
11.18.2001-21:00:00,11,18,2001,21,419.33
11.19.2001-00:00:00,11,19,2001,00,427.71
11.19.2001-03:00:00,11,19,2001,03,431.28
11.19.2001-06:00:00,11,19,2001,06,426.7
11.19.2001-09:00:00,11,19,2001,09,496.45
11.19.2001-12:00:00,11,19,2001,12,613.02
11.19.2001-15:00:00,11,19,2001,15,630.05
11.19.2001-18:00:00,11,19,2001,18,572.11
11.19.2001-21:00:00,11,19,2001,21,512.36
11.20.2001-00:00:00,11,20,2001,00,492.56
11.20.2001-03:00:00,11,20,2001,03,485.78
11.20.2001-06:00:00,11,20,2001,06,487.5
11.20.2001-09:00:00,11,20,2001,09,495.1
11.20.2001-12:00:00,11,20,2001,12,509.55
11.20.2001-15:00:00,11,20,2001,15,513.6
11.20.2001-18:00:00,11,20,2001,18,519.02
11.20.2001-21:00:00,11,20,2001,21,531.64
11.21.2001-00:00:00,11,21,2001,00,494.13
11.21.2001-03:00:00,11,21,2001,03,466.06
11.21.2001-06:00:00,11,21,2001,06,448.83
11.21.2001-09:00:00,11,21,2001,09,447.61
11.21.2001-12:00:00,11,21,2001,12,449.28
11.21.2001-15:00:00,11,21,2001,15,451.66
11.21.2001-18:00:00,11,21,2001,18,449.61
11.21.2001-21:00:00,11,21,2001,21,444.97
11.22.2001-00:00:00,11,22,2001,00,461.31
11.22.2001-03:00:00,11,22,2001,03,491.12
11.22.2001-06:00:00,11,22,2001,06,495.32
11.22.2001-09:00:00,11,22,2001,09,581.19
11.22.2001-12:00:00,11,22,2001,12,750.75
11.22.2001-15:00:00,11,22,2001,15,808.34
11.22.2001-18:00:00,11,22,2001,18,782.38
11.22.2001-21:00:00,11,22,2001,21,736.19
11.23.2001-00:00:00,11,23,2001,00,582.67
11.23.2001-03:00:00,11,23,2001,03,508.6
11.23.2001-06:00:00,11,23,2001,06,467.85
11.23.2001-09:00:00,11,23,2001,09,458.19
11.23.2001-12:00:00,11,23,2001,12,450.69
11.23.2001-15:00:00,11,23,2001,15,450.74
11.23.2001-18:00:00,11,23,2001,18,449.11
11.23.2001-21:00:00,11,23,2001,21,447.66
11.24.2001-00:00:00,11,24,2001,00,447.11
11.24.2001-03:00:00,11,24,2001,03,445.52
11.24.2001-06:00:00,11,24,2001,06,445.01
11.24.2001-09:00:00,11,24,2001,09,441.95
11.24.2001-12:00:00,11,24,2001,12,433.21
11.24.2001-15:00:00,11,24,2001,15,439.11
11.24.2001-18:00:00,11,24,2001,18,439.62
11.24.2001-21:00:00,11,24,2001,21,438.82
11.25.2001-00:00:00,11,25,2001,00,438.35
11.25.2001-03:00:00,11,25,2001,03,437.37
11.25.2001-06:00:00,11,25,2001,06,436.17
11.25.2001-09:00:00,11,25,2001,09,434.66
11.25.2001-12:00:00,11,25,2001,12,428.74
11.25.2001-15:00:00,11,25,2001,15,431.81
11.25.2001-18:00:00,11,25,2001,18,430.87
11.25.2001-21:00:00,11,25,2001,21,431.32
11.26.2001-00:00:00,11,26,2001,00,429.48
11.26.2001-03:00:00,11,26,2001,03,429.47
11.26.2001-06:00:00,11,26,2001,06,427.35
11.26.2001-09:00:00,11,26,2001,09,426.48
11.26.2001-12:00:00,11,26,2001,12,421.85
11.26.2001-15:00:00,11,26,2001,15,422.38
11.26.2001-18:00:00,11,26,2001,18,424.36
11.26.2001-21:00:00,11,26,2001,21,421.26
11.27.2001-00:00:00,11,27,2001,00,423
11.27.2001-03:00:00,11,27,2001,03,419.42
11.27.2001-06:00:00,11,27,2001,06,419.84
11.27.2001-09:00:00,11,27,2001,09,418.84
11.27.2001-12:00:00,11,27,2001,12,413.32
11.27.2001-15:00:00,11,27,2001,15,414.28
11.27.2001-18:00:00,11,27,2001,18,414.35
11.27.2001-21:00:00,11,27,2001,21,415.34
11.28.2001-00:00:00,11,28,2001,00,412.96
11.28.2001-03:00:00,11,28,2001,03,411.71
11.28.2001-06:00:00,11,28,2001,06,413.14
11.28.2001-09:00:00,11,28,2001,09,422.41
11.28.2001-12:00:00,11,28,2001,12,458.69
11.28.2001-15:00:00,11,28,2001,15,452.54
11.28.2001-18:00:00,11,28,2001,18,420.95
11.28.2001-21:00:00,11,28,2001,21,411.72
11.29.2001-00:00:00,11,29,2001,00,408.11
11.29.2001-03:00:00,11,29,2001,03,407.62
11.29.2001-06:00:00,11,29,2001,06,404.88
11.29.2001-09:00:00,11,29,2001,09,403.35
11.29.2001-12:00:00,11,29,2001,12,404.8
11.29.2001-15:00:00,11,29,2001,15,401.21
11.29.2001-18:00:00,11,29,2001,18,400.62
11.29.2001-21:00:00,11,29,2001,21,399.38
11.30.2001-00:00:00,11,30,2001,00,400.63
11.30.2001-03:00:00,11,30,2001,03,397.11
11.30.2001-06:00:00,11,30,2001,06,396.56
11.30.2001-09:00:00,11,30,2001,09,394.46
11.30.2001-12:00:00,11,30,2001,12,389.06
11.30.2001-15:00:00,11,30,2001,15,391.45
11.30.2001-18:00:00,11,30,2001,18,392.84
11.30.2001-21:00:00,11,30,2001,21,390.71
12.01.2001-00:00:00,12,01,2001,00,390.45
12.01.2001-03:00:00,12,01,2001,03,388.93
12.01.2001-06:00:00,12,01,2001,06,388.46
12.01.2001-09:00:00,12,01,2001,09,386.89
12.01.2001-12:00:00,12,01,2001,12,385.99
12.01.2001-15:00:00,12,01,2001,15,385.09
12.01.2001-18:00:00,12,01,2001,18,384.15
12.01.2001-21:00:00,12,01,2001,21,383
12.02.2001-00:00:00,12,02,2001,00,382.26
12.02.2001-03:00:00,12,02,2001,03,381.07
12.02.2001-06:00:00,12,02,2001,06,380.17
12.02.2001-09:00:00,12,02,2001,09,378.74
12.02.2001-12:00:00,12,02,2001,12,374.72
12.02.2001-15:00:00,12,02,2001,15,375.87
12.02.2001-18:00:00,12,02,2001,18,373.95
12.02.2001-21:00:00,12,02,2001,21,374.58
12.03.2001-00:00:00,12,03,2001,00,373.84
12.03.2001-03:00:00,12,03,2001,03,373.16
12.03.2001-06:00:00,12,03,2001,06,371.73
12.03.2001-09:00:00,12,03,2001,09,371.15
12.03.2001-12:00:00,12,03,2001,12,367.27
12.03.2001-15:00:00,12,03,2001,15,368.17
12.03.2001-18:00:00,12,03,2001,18,368.05
12.03.2001-21:00:00,12,03,2001,21,365.83
12.04.2001-00:00:00,12,04,2001,00,366.76
12.04.2001-03:00:00,12,04,2001,03,363.87
12.04.2001-06:00:00,12,04,2001,06,364.85
12.04.2001-09:00:00,12,04,2001,09,361.73
12.04.2001-12:00:00,12,04,2001,12,362.41
12.04.2001-15:00:00,12,04,2001,15,359.29
12.04.2001-18:00:00,12,04,2001,18,358.86
12.04.2001-21:00:00,12,04,2001,21,359.34
12.05.2001-00:00:00,12,05,2001,00,357.1
12.05.2001-03:00:00,12,05,2001,03,357.47
12.05.2001-06:00:00,12,05,2001,06,355.14
12.05.2001-09:00:00,12,05,2001,09,355.6
12.05.2001-12:00:00,12,05,2001,12,352.74
12.05.2001-15:00:00,12,05,2001,15,351.71
12.05.2001-18:00:00,12,05,2001,18,351.52
12.05.2001-21:00:00,12,05,2001,21,351.82
12.06.2001-00:00:00,12,06,2001,00,349.36
12.06.2001-03:00:00,12,06,2001,03,348.41
12.06.2001-06:00:00,12,06,2001,06,349.59
12.06.2001-09:00:00,12,06,2001,09,346.27
12.06.2001-12:00:00,12,06,2001,12,345.44
12.06.2001-15:00:00,12,06,2001,15,344.41
12.06.2001-18:00:00,12,06,2001,18,345.56
12.06.2001-21:00:00,12,06,2001,21,342.52
12.07.2001-00:00:00,12,07,2001,00,341.86
12.07.2001-03:00:00,12,07,2001,03,340.6
12.07.2001-06:00:00,12,07,2001,06,342.05
12.07.2001-09:00:00,12,07,2001,09,338.79
12.07.2001-12:00:00,12,07,2001,12,338.09
12.07.2001-15:00:00,12,07,2001,15,336.88
12.07.2001-18:00:00,12,07,2001,18,336.22
12.07.2001-21:00:00,12,07,2001,21,334.96
12.08.2001-00:00:00,12,08,2001,00,334.73
12.08.2001-03:00:00,12,08,2001,03,334.91
12.08.2001-06:00:00,12,08,2001,06,332.59
12.08.2001-09:00:00,12,08,2001,09,331.14
12.08.2001-12:00:00,12,08,2001,12,329.26
12.08.2001-15:00:00,12,08,2001,15,329.04
12.08.2001-18:00:00,12,08,2001,18,328.55
12.08.2001-21:00:00,12,08,2001,21,327.61
12.09.2001-00:00:00,12,09,2001,00,327.13
12.09.2001-03:00:00,12,09,2001,03,325.93
12.09.2001-06:00:00,12,09,2001,06,325.37
12.09.2001-09:00:00,12,09,2001,09,324.06
12.09.2001-12:00:00,12,09,2001,12,322.65
12.09.2001-15:00:00,12,09,2001,15,322
12.09.2001-18:00:00,12,09,2001,18,321.52
12.09.2001-21:00:00,12,09,2001,21,320.71
12.10.2001-00:00:00,12,10,2001,00,320.21
12.10.2001-03:00:00,12,10,2001,03,319.05
12.10.2001-06:00:00,12,10,2001,06,318.46
12.10.2001-09:00:00,12,10,2001,09,317.33
12.10.2001-12:00:00,12,10,2001,12,316.43
12.10.2001-15:00:00,12,10,2001,15,315.41
12.10.2001-18:00:00,12,10,2001,18,314.72
12.10.2001-21:00:00,12,10,2001,21,313.87
12.11.2001-00:00:00,12,11,2001,00,313.36
12.11.2001-03:00:00,12,11,2001,03,312.2
12.11.2001-06:00:00,12,11,2001,06,311.68
12.11.2001-09:00:00,12,11,2001,09,310.51
12.11.2001-12:00:00,12,11,2001,12,309.65
12.11.2001-15:00:00,12,11,2001,15,308.52
12.11.2001-18:00:00,12,11,2001,18,307.85
12.11.2001-21:00:00,12,11,2001,21,307.11
12.12.2001-00:00:00,12,12,2001,00,306.6
12.12.2001-03:00:00,12,12,2001,03,305.44
12.12.2001-06:00:00,12,12,2001,06,304.91
12.12.2001-09:00:00,12,12,2001,09,303.75
12.12.2001-12:00:00,12,12,2001,12,303.22
12.12.2001-15:00:00,12,12,2001,15,302.06
12.12.2001-18:00:00,12,12,2001,18,301.53
12.12.2001-21:00:00,12,12,2001,21,300.37
12.13.2001-00:00:00,12,13,2001,00,299.85
12.13.2001-03:00:00,12,13,2001,03,298.69
12.13.2001-06:00:00,12,13,2001,06,298.16
12.13.2001-09:00:00,12,13,2001,09,297
12.13.2001-12:00:00,12,13,2001,12,296.48
12.13.2001-15:00:00,12,13,2001,15,295.32
12.13.2001-18:00:00,12,13,2001,18,294.79
12.13.2001-21:00:00,12,13,2001,21,293.63
12.14.2001-00:00:00,12,14,2001,00,293.11
12.14.2001-03:00:00,12,14,2001,03,291.95
12.14.2001-06:00:00,12,14,2001,06,291.43
12.14.2001-09:00:00,12,14,2001,09,289.94
12.14.2001-12:00:00,12,14,2001,12,285.46
12.14.2001-15:00:00,12,14,2001,15,286.21
12.14.2001-18:00:00,12,14,2001,18,285.65
12.14.2001-21:00:00,12,14,2001,21,285.78
12.15.2001-00:00:00,12,15,2001,00,285.96
12.15.2001-03:00:00,12,15,2001,03,284.83
12.15.2001-06:00:00,12,15,2001,06,284.54
12.15.2001-09:00:00,12,15,2001,09,283.38
12.15.2001-12:00:00,12,15,2001,12,280.65
12.15.2001-15:00:00,12,15,2001,15,281.2
12.15.2001-18:00:00,12,15,2001,18,280.17
12.15.2001-21:00:00,12,15,2001,21,280
12.16.2001-00:00:00,12,16,2001,00,279.55
12.16.2001-03:00:00,12,16,2001,03,278.41
12.16.2001-06:00:00,12,16,2001,06,277.91
12.16.2001-09:00:00,12,16,2001,09,276.81
12.16.2001-12:00:00,12,16,2001,12,276.3
12.16.2001-15:00:00,12,16,2001,15,275.24
12.16.2001-18:00:00,12,16,2001,18,274.78
12.16.2001-21:00:00,12,16,2001,21,273.68
12.17.2001-00:00:00,12,17,2001,00,273.22
12.17.2001-03:00:00,12,17,2001,03,272.13
12.17.2001-06:00:00,12,17,2001,06,271.68
12.17.2001-09:00:00,12,17,2001,09,270.32
12.17.2001-12:00:00,12,17,2001,12,267.29
12.17.2001-15:00:00,12,17,2001,15,267.36
12.17.2001-18:00:00,12,17,2001,18,266.78
12.17.2001-21:00:00,12,17,2001,21,266.68
12.18.2001-00:00:00,12,18,2001,00,266.83
12.18.2001-03:00:00,12,18,2001,03,265.95
12.18.2001-06:00:00,12,18,2001,06,265.6
12.18.2001-09:00:00,12,18,2001,09,264.51
12.18.2001-12:00:00,12,18,2001,12,261.64
12.18.2001-15:00:00,12,18,2001,15,262.56
12.18.2001-18:00:00,12,18,2001,18,261.47
12.18.2001-21:00:00,12,18,2001,21,261.45
12.19.2001-00:00:00,12,19,2001,00,261.11
12.19.2001-03:00:00,12,19,2001,03,260.04
12.19.2001-06:00:00,12,19,2001,06,259.63
12.19.2001-09:00:00,12,19,2001,09,258.56
12.19.2001-12:00:00,12,19,2001,12,258.02
12.19.2001-15:00:00,12,19,2001,15,257.08
12.19.2001-18:00:00,12,19,2001,18,256.68
12.19.2001-21:00:00,12,19,2001,21,255.62
12.20.2001-00:00:00,12,20,2001,00,255.21
12.20.2001-03:00:00,12,20,2001,03,254.15
12.20.2001-06:00:00,12,20,2001,06,253.75
12.20.2001-09:00:00,12,20,2001,09,252.69
12.20.2001-12:00:00,12,20,2001,12,252.24
12.20.2001-15:00:00,12,20,2001,15,251.22
12.20.2001-18:00:00,12,20,2001,18,250.83
12.20.2001-21:00:00,12,20,2001,21,249.77
12.21.2001-00:00:00,12,21,2001,00,249.38
12.21.2001-03:00:00,12,21,2001,03,248.31
12.21.2001-06:00:00,12,21,2001,06,247.96
12.21.2001-09:00:00,12,21,2001,09,246.91
12.21.2001-12:00:00,12,21,2001,12,246.47
12.21.2001-15:00:00,12,21,2001,15,245.54
12.21.2001-18:00:00,12,21,2001,18,245.14
12.21.2001-21:00:00,12,21,2001,21,244.2
12.22.2001-00:00:00,12,22,2001,00,243.86
12.22.2001-03:00:00,12,22,2001,03,242.84
12.22.2001-06:00:00,12,22,2001,06,242.51
12.22.2001-09:00:00,12,22,2001,09,241.44
12.22.2001-12:00:00,12,22,2001,12,241.07
12.22.2001-15:00:00,12,22,2001,15,240.08
12.22.2001-18:00:00,12,22,2001,18,239.71
12.22.2001-21:00:00,12,22,2001,21,238.76
12.23.2001-00:00:00,12,23,2001,00,238.44
12.23.2001-03:00:00,12,23,2001,03,237.42
12.23.2001-06:00:00,12,23,2001,06,237.1
12.23.2001-09:00:00,12,23,2001,09,236.01
12.23.2001-12:00:00,12,23,2001,12,235.58
12.23.2001-15:00:00,12,23,2001,15,234.66
12.23.2001-18:00:00,12,23,2001,18,234.29
12.23.2001-21:00:00,12,23,2001,21,233.38
12.24.2001-00:00:00,12,24,2001,00,233.07
12.24.2001-03:00:00,12,24,2001,03,232.05
12.24.2001-06:00:00,12,24,2001,06,231.74
12.24.2001-09:00:00,12,24,2001,09,230.61
12.24.2001-12:00:00,12,24,2001,12,229.8
12.24.2001-15:00:00,12,24,2001,15,228.97
12.24.2001-18:00:00,12,24,2001,18,228.73
12.24.2001-21:00:00,12,24,2001,21,228.03
12.25.2001-00:00:00,12,25,2001,00,227.76
12.25.2001-03:00:00,12,25,2001,03,226.73
12.25.2001-06:00:00,12,25,2001,06,226.48
12.25.2001-09:00:00,12,25,2001,09,225.44
12.25.2001-12:00:00,12,25,2001,12,224.97
12.25.2001-15:00:00,12,25,2001,15,224.05
12.25.2001-18:00:00,12,25,2001,18,223.54
12.25.2001-21:00:00,12,25,2001,21,222.96
12.26.2001-00:00:00,12,26,2001,00,222.79
12.26.2001-03:00:00,12,26,2001,03,221.77
12.26.2001-06:00:00,12,26,2001,06,221.58
12.26.2001-09:00:00,12,26,2001,09,220.55
12.26.2001-12:00:00,12,26,2001,12,220.32
12.26.2001-15:00:00,12,26,2001,15,219.34
12.26.2001-18:00:00,12,26,2001,18,219.11
12.26.2001-21:00:00,12,26,2001,21,218.13
12.27.2001-00:00:00,12,27,2001,00,217.9
12.27.2001-03:00:00,12,27,2001,03,216.93
12.27.2001-06:00:00,12,27,2001,06,216.7
12.27.2001-09:00:00,12,27,2001,09,215.73
12.27.2001-12:00:00,12,27,2001,12,215.43
12.27.2001-15:00:00,12,27,2001,15,214.62
12.27.2001-18:00:00,12,27,2001,18,214.25
12.27.2001-21:00:00,12,27,2001,21,213.33
12.28.2001-00:00:00,12,28,2001,00,213.13
12.28.2001-03:00:00,12,28,2001,03,212.17
12.28.2001-06:00:00,12,28,2001,06,211.83
12.28.2001-09:00:00,12,28,2001,09,211.03
12.28.2001-12:00:00,12,28,2001,12,210.73
12.28.2001-15:00:00,12,28,2001,15,209.76
12.28.2001-18:00:00,12,28,2001,18,209.5
12.28.2001-21:00:00,12,28,2001,21,208.61
12.29.2001-00:00:00,12,29,2001,00,208.43
12.29.2001-03:00:00,12,29,2001,03,207.49
12.29.2001-06:00:00,12,29,2001,06,207.19
12.29.2001-09:00:00,12,29,2001,09,206.3
12.29.2001-12:00:00,12,29,2001,12,206.01
12.29.2001-15:00:00,12,29,2001,15,205.15
12.29.2001-18:00:00,12,29,2001,18,204.9
12.29.2001-21:00:00,12,29,2001,21,204.01
12.30.2001-00:00:00,12,30,2001,00,203.76
12.30.2001-03:00:00,12,30,2001,03,202.87
12.30.2001-06:00:00,12,30,2001,06,202.63
12.30.2001-09:00:00,12,30,2001,09,201.74
12.30.2001-12:00:00,12,30,2001,12,201.5
12.30.2001-15:00:00,12,30,2001,15,200.62
12.30.2001-18:00:00,12,30,2001,18,200.37
12.30.2001-21:00:00,12,30,2001,21,199.5
12.31.2001-00:00:00,12,31,2001,00,199.26
12.31.2001-03:00:00,12,31,2001,03,198.39
12.31.2001-06:00:00,12,31,2001,06,198.15
12.31.2001-09:00:00,12,31,2001,09,197.23
12.31.2001-12:00:00,12,31,2001,12,196.89
12.31.2001-15:00:00,12,31,2001,15,196.12
12.31.2001-18:00:00,12,31,2001,18,195.9
12.31.2001-21:00:00,12,31,2001,21,195.08
01.01.2002-00:00:00,01,01,2002,00,194.86
01.01.2002-03:00:00,01,01,2002,03,193.99
01.01.2002-06:00:00,01,01,2002,06,193.78
01.01.2002-09:00:00,01,01,2002,09,192.82
01.01.2002-12:00:00,01,01,2002,12,192.45
01.01.2002-15:00:00,01,01,2002,15,191.75
01.01.2002-18:00:00,01,01,2002,18,191.54
01.01.2002-21:00:00,01,01,2002,21,190.74
01.02.2002-00:00:00,01,02,2002,00,190.55
01.02.2002-03:00:00,01,02,2002,03,189.69
01.02.2002-06:00:00,01,02,2002,06,189.49
01.02.2002-09:00:00,01,02,2002,09,188.63
01.02.2002-12:00:00,01,02,2002,12,188.44
01.02.2002-15:00:00,01,02,2002,15,187.59
01.02.2002-18:00:00,01,02,2002,18,187.4
01.02.2002-21:00:00,01,02,2002,21,186.55
01.03.2002-00:00:00,01,03,2002,00,186.36
01.03.2002-03:00:00,01,03,2002,03,185.52
01.03.2002-06:00:00,01,03,2002,06,185.33
01.03.2002-09:00:00,01,03,2002,09,184.38
01.03.2002-12:00:00,01,03,2002,12,183.89
01.03.2002-15:00:00,01,03,2002,15,183.31
01.03.2002-18:00:00,01,03,2002,18,183.14
01.03.2002-21:00:00,01,03,2002,21,182.41
01.04.2002-00:00:00,01,04,2002,00,182.27
01.04.2002-03:00:00,01,04,2002,03,181.43
01.04.2002-06:00:00,01,04,2002,06,181.27
01.04.2002-09:00:00,01,04,2002,09,179.95
01.04.2002-12:00:00,01,04,2002,12,178.65
01.04.2002-15:00:00,01,04,2002,15,178.37
01.04.2002-18:00:00,01,04,2002,18,178.32
01.04.2002-21:00:00,01,04,2002,21,178.21
01.05.2002-00:00:00,01,05,2002,00,178.1
01.05.2002-03:00:00,01,05,2002,03,177.64
01.05.2002-06:00:00,01,05,2002,06,177.47
01.05.2002-09:00:00,01,05,2002,09,176.67
01.05.2002-12:00:00,01,05,2002,12,176.43
01.05.2002-15:00:00,01,05,2002,15,175.91
01.05.2002-18:00:00,01,05,2002,18,175.54
01.05.2002-21:00:00,01,05,2002,21,174.94
01.06.2002-00:00:00,01,06,2002,00,174.79
01.06.2002-03:00:00,01,06,2002,03,174.02
01.06.2002-06:00:00,01,06,2002,06,173.82
01.06.2002-09:00:00,01,06,2002,09,173.27
01.06.2002-12:00:00,01,06,2002,12,172.87
01.06.2002-15:00:00,01,06,2002,15,172.29
01.06.2002-18:00:00,01,06,2002,18,172.16
01.06.2002-21:00:00,01,06,2002,21,171.4
01.07.2002-00:00:00,01,07,2002,00,171.19
01.07.2002-03:00:00,01,07,2002,03,170.66
01.07.2002-06:00:00,01,07,2002,06,170.31
01.07.2002-09:00:00,01,07,2002,09,169.66
01.07.2002-12:00:00,01,07,2002,12,171.35
01.07.2002-15:00:00,01,07,2002,15,174.93
01.07.2002-18:00:00,01,07,2002,18,179.99
01.07.2002-21:00:00,01,07,2002,21,183.43
01.08.2002-00:00:00,01,08,2002,00,175.47
01.08.2002-03:00:00,01,08,2002,03,170.28
01.08.2002-06:00:00,01,08,2002,06,171.57
01.08.2002-09:00:00,01,08,2002,09,173.65
01.08.2002-12:00:00,01,08,2002,12,175.31
01.08.2002-15:00:00,01,08,2002,15,175.05
01.08.2002-18:00:00,01,08,2002,18,174.07
01.08.2002-21:00:00,01,08,2002,21,172.79
01.09.2002-00:00:00,01,09,2002,00,168.02
01.09.2002-03:00:00,01,09,2002,03,166.7
01.09.2002-06:00:00,01,09,2002,06,166.37
01.09.2002-09:00:00,01,09,2002,09,165.3
01.09.2002-12:00:00,01,09,2002,12,164.93
01.09.2002-15:00:00,01,09,2002,15,164.75
01.09.2002-18:00:00,01,09,2002,18,165
01.09.2002-21:00:00,01,09,2002,21,164.41
01.10.2002-00:00:00,01,10,2002,00,164.22
01.10.2002-03:00:00,01,10,2002,03,163.45
01.10.2002-06:00:00,01,10,2002,06,163.12
01.10.2002-09:00:00,01,10,2002,09,161.64
01.10.2002-12:00:00,01,10,2002,12,160.62
01.10.2002-15:00:00,01,10,2002,15,160.79
01.10.2002-18:00:00,01,10,2002,18,161.27
01.10.2002-21:00:00,01,10,2002,21,160.75
01.11.2002-00:00:00,01,11,2002,00,160.9
01.11.2002-03:00:00,01,11,2002,03,160.17
01.11.2002-06:00:00,01,11,2002,06,159.83
01.11.2002-09:00:00,01,11,2002,09,158.86
01.11.2002-12:00:00,01,11,2002,12,158.16
01.11.2002-15:00:00,01,11,2002,15,158.26
01.11.2002-18:00:00,01,11,2002,18,158.47
01.11.2002-21:00:00,01,11,2002,21,157.85
01.12.2002-00:00:00,01,12,2002,00,157.72
01.12.2002-03:00:00,01,12,2002,03,157.13
01.12.2002-06:00:00,01,12,2002,06,156.9
01.12.2002-09:00:00,01,12,2002,09,156.21
01.12.2002-12:00:00,01,12,2002,12,156.03
01.12.2002-15:00:00,01,12,2002,15,155.87
01.12.2002-18:00:00,01,12,2002,18,155.95
01.12.2002-21:00:00,01,12,2002,21,155.24
01.13.2002-00:00:00,01,13,2002,00,155.02
01.13.2002-03:00:00,01,13,2002,03,154.4
01.13.2002-06:00:00,01,13,2002,06,154.21
01.13.2002-09:00:00,01,13,2002,09,152.93
01.13.2002-12:00:00,01,13,2002,12,152.2
01.13.2002-15:00:00,01,13,2002,15,151.99
01.13.2002-18:00:00,01,13,2002,18,152.41
01.13.2002-21:00:00,01,13,2002,21,152.03
01.14.2002-00:00:00,01,14,2002,00,151.97
01.14.2002-03:00:00,01,14,2002,03,151.09
01.14.2002-06:00:00,01,14,2002,06,150.91
01.14.2002-09:00:00,01,14,2002,09,150.27
01.14.2002-12:00:00,01,14,2002,12,149.72
01.14.2002-15:00:00,01,14,2002,15,148.72
01.14.2002-18:00:00,01,14,2002,18,148.45
01.14.2002-21:00:00,01,14,2002,21,148.66
01.15.2002-00:00:00,01,15,2002,00,148.65
01.15.2002-03:00:00,01,15,2002,03,148.1
01.15.2002-06:00:00,01,15,2002,06,147.94
01.15.2002-09:00:00,01,15,2002,09,147.38
01.15.2002-12:00:00,01,15,2002,12,147.14
01.15.2002-15:00:00,01,15,2002,15,146.66
01.15.2002-18:00:00,01,15,2002,18,146.14
01.15.2002-21:00:00,01,15,2002,21,145.9
01.16.2002-00:00:00,01,16,2002,00,145.77
01.16.2002-03:00:00,01,16,2002,03,145.23
01.16.2002-06:00:00,01,16,2002,06,145.14
01.16.2002-09:00:00,01,16,2002,09,144.59
01.16.2002-12:00:00,01,16,2002,12,144.29
01.16.2002-15:00:00,01,16,2002,15,143.85
01.16.2002-18:00:00,01,16,2002,18,143.27
01.16.2002-21:00:00,01,16,2002,21,143.18
01.17.2002-00:00:00,01,17,2002,00,143.17
01.17.2002-03:00:00,01,17,2002,03,142.64
01.17.2002-06:00:00,01,17,2002,06,142.51
01.17.2002-09:00:00,01,17,2002,09,141.8
01.17.2002-12:00:00,01,17,2002,12,140.71
01.17.2002-15:00:00,01,17,2002,15,140.61
01.17.2002-18:00:00,01,17,2002,18,140.13
01.17.2002-21:00:00,01,17,2002,21,140.47
01.18.2002-00:00:00,01,18,2002,00,140.24
01.18.2002-03:00:00,01,18,2002,03,139.87
01.18.2002-06:00:00,01,18,2002,06,139.62
01.18.2002-09:00:00,01,18,2002,09,139.25
01.18.2002-12:00:00,01,18,2002,12,138.99
01.18.2002-15:00:00,01,18,2002,15,138.62
01.18.2002-18:00:00,01,18,2002,18,138.37
01.18.2002-21:00:00,01,18,2002,21,138
01.19.2002-00:00:00,01,19,2002,00,137.76
01.19.2002-03:00:00,01,19,2002,03,137.39
01.19.2002-06:00:00,01,19,2002,06,137.26
01.19.2002-09:00:00,01,19,2002,09,136.9
01.19.2002-12:00:00,01,19,2002,12,136.42
01.19.2002-15:00:00,01,19,2002,15,136.16
01.19.2002-18:00:00,01,19,2002,18,135.64
01.19.2002-21:00:00,01,19,2002,21,135.58
01.20.2002-00:00:00,01,20,2002,00,135.44
01.20.2002-03:00:00,01,20,2002,03,135.09
01.20.2002-06:00:00,01,20,2002,06,134.85
01.20.2002-09:00:00,01,20,2002,09,134.25
01.20.2002-12:00:00,01,20,2002,12,133.26
01.20.2002-15:00:00,01,20,2002,15,133.08
01.20.2002-18:00:00,01,20,2002,18,132.95
01.20.2002-21:00:00,01,20,2002,21,132.96
01.21.2002-00:00:00,01,21,2002,00,132.9
01.21.2002-03:00:00,01,21,2002,03,132.56
01.21.2002-06:00:00,01,21,2002,06,132.32
01.21.2002-09:00:00,01,21,2002,09,131.87
01.21.2002-12:00:00,01,21,2002,12,131.32
01.21.2002-15:00:00,01,21,2002,15,130.69
01.21.2002-18:00:00,01,21,2002,18,130.54
01.21.2002-21:00:00,01,21,2002,21,130.48
01.22.2002-00:00:00,01,22,2002,00,130.45
01.22.2002-03:00:00,01,22,2002,03,130.11
01.22.2002-06:00:00,01,22,2002,06,129.89
01.22.2002-09:00:00,01,22,2002,09,129.54
01.22.2002-12:00:00,01,22,2002,12,128.96
01.22.2002-15:00:00,01,22,2002,15,128.95
01.22.2002-18:00:00,01,22,2002,18,128.24
01.22.2002-21:00:00,01,22,2002,21,128.35
01.23.2002-00:00:00,01,23,2002,00,128.13
01.23.2002-03:00:00,01,23,2002,03,127.85
01.23.2002-06:00:00,01,23,2002,06,127.58
01.23.2002-09:00:00,01,23,2002,09,127.25
01.23.2002-12:00:00,01,23,2002,12,126.94
01.23.2002-15:00:00,01,23,2002,15,126.65
01.23.2002-18:00:00,01,23,2002,18,126.13
01.23.2002-21:00:00,01,23,2002,21,126.08
01.24.2002-00:00:00,01,24,2002,00,125.86
01.24.2002-03:00:00,01,24,2002,03,125.56
01.24.2002-06:00:00,01,24,2002,06,125.33
01.24.2002-09:00:00,01,24,2002,09,124.89
01.24.2002-12:00:00,01,24,2002,12,124.22
01.24.2002-15:00:00,01,24,2002,15,124.1
01.24.2002-18:00:00,01,24,2002,18,123.86
01.24.2002-21:00:00,01,24,2002,21,123.88
01.25.2002-00:00:00,01,25,2002,00,123.77
01.25.2002-03:00:00,01,25,2002,03,123.46
01.25.2002-06:00:00,01,25,2002,06,123.25
01.25.2002-09:00:00,01,25,2002,09,122.74
01.25.2002-12:00:00,01,25,2002,12,122.48
01.25.2002-15:00:00,01,25,2002,15,122.21
01.25.2002-18:00:00,01,25,2002,18,122.1
01.25.2002-21:00:00,01,25,2002,21,121.92
01.26.2002-00:00:00,01,26,2002,00,121.73
01.26.2002-03:00:00,01,26,2002,03,121.42
01.26.2002-06:00:00,01,26,2002,06,121.23
01.26.2002-09:00:00,01,26,2002,09,120.83
01.26.2002-12:00:00,01,26,2002,12,120.17
01.26.2002-15:00:00,01,26,2002,15,119.75
01.26.2002-18:00:00,01,26,2002,18,119.81
01.26.2002-21:00:00,01,26,2002,21,119.58
01.27.2002-00:00:00,01,27,2002,00,119.34
01.27.2002-03:00:00,01,27,2002,03,119.11
01.27.2002-06:00:00,01,27,2002,06,118.87
01.27.2002-09:00:00,01,27,2002,09,118.79
01.27.2002-12:00:00,01,27,2002,12,118.63
01.27.2002-15:00:00,01,27,2002,15,118.34
01.27.2002-18:00:00,01,27,2002,18,118.16
01.27.2002-21:00:00,01,27,2002,21,117.92
01.28.2002-00:00:00,01,28,2002,00,117.79
01.28.2002-03:00:00,01,28,2002,03,117.49
01.28.2002-06:00:00,01,28,2002,06,117.32
01.28.2002-09:00:00,01,28,2002,09,117.02
01.28.2002-12:00:00,01,28,2002,12,116.81
01.28.2002-15:00:00,01,28,2002,15,116.51
01.28.2002-18:00:00,01,28,2002,18,116.34
01.28.2002-21:00:00,01,28,2002,21,116.05
01.29.2002-00:00:00,01,29,2002,00,115.87
01.29.2002-03:00:00,01,29,2002,03,115.59
01.29.2002-06:00:00,01,29,2002,06,115.41
01.29.2002-09:00:00,01,29,2002,09,115.12
01.29.2002-12:00:00,01,29,2002,12,114.95
01.29.2002-15:00:00,01,29,2002,15,114.67
01.29.2002-18:00:00,01,29,2002,18,114.49
01.29.2002-21:00:00,01,29,2002,21,114.21
01.30.2002-00:00:00,01,30,2002,00,114.04
01.30.2002-03:00:00,01,30,2002,03,113.75
01.30.2002-06:00:00,01,30,2002,06,113.59
01.30.2002-09:00:00,01,30,2002,09,113.3
01.30.2002-12:00:00,01,30,2002,12,113.14
01.30.2002-15:00:00,01,30,2002,15,112.85
01.30.2002-18:00:00,01,30,2002,18,112.69
01.30.2002-21:00:00,01,30,2002,21,112.42
01.31.2002-00:00:00,01,31,2002,00,112.2
01.31.2002-03:00:00,01,31,2002,03,111.94
01.31.2002-06:00:00,01,31,2002,06,111.77
01.31.2002-09:00:00,01,31,2002,09,111.45
01.31.2002-12:00:00,01,31,2002,12,110.83
01.31.2002-15:00:00,01,31,2002,15,110.92
01.31.2002-18:00:00,01,31,2002,18,110.72
01.31.2002-21:00:00,01,31,2002,21,110.51
02.01.2002-00:00:00,02,01,2002,00,110.3
02.01.2002-03:00:00,02,01,2002,03,110.09
02.01.2002-06:00:00,02,01,2002,06,109.88
02.01.2002-09:00:00,02,01,2002,09,109.5
02.01.2002-12:00:00,02,01,2002,12,109.23
02.01.2002-15:00:00,02,01,2002,15,109.32
02.01.2002-18:00:00,02,01,2002,18,109.15
02.01.2002-21:00:00,02,01,2002,21,108.95
02.02.2002-00:00:00,02,02,2002,00,108.74
02.02.2002-03:00:00,02,02,2002,03,108.54
02.02.2002-06:00:00,02,02,2002,06,108.34
02.02.2002-09:00:00,02,02,2002,09,107.56
02.02.2002-12:00:00,02,02,2002,12,106.54
02.02.2002-15:00:00,02,02,2002,15,107.52
02.02.2002-18:00:00,02,02,2002,18,107.41
02.02.2002-21:00:00,02,02,2002,21,107.21
02.03.2002-00:00:00,02,03,2002,00,107.01
02.03.2002-03:00:00,02,03,2002,03,106.81
02.03.2002-06:00:00,02,03,2002,06,106.58
02.03.2002-09:00:00,02,03,2002,09,105.85
02.03.2002-12:00:00,02,03,2002,12,105.37
02.03.2002-15:00:00,02,03,2002,15,105.93
02.03.2002-18:00:00,02,03,2002,18,105.81
02.03.2002-21:00:00,02,03,2002,21,105.63
02.04.2002-00:00:00,02,04,2002,00,105.44
02.04.2002-03:00:00,02,04,2002,03,105.26
02.04.2002-06:00:00,02,04,2002,06,105.07
02.04.2002-09:00:00,02,04,2002,09,104.4
02.04.2002-12:00:00,02,04,2002,12,103.89
02.04.2002-15:00:00,02,04,2002,15,104.45
02.04.2002-18:00:00,02,04,2002,18,104.32
02.04.2002-21:00:00,02,04,2002,21,104.14
02.05.2002-00:00:00,02,05,2002,00,103.96
02.05.2002-03:00:00,02,05,2002,03,103.67
02.05.2002-06:00:00,02,05,2002,06,103.59
02.05.2002-09:00:00,02,05,2002,09,103.28
02.05.2002-12:00:00,02,05,2002,12,102.99
02.05.2002-15:00:00,02,05,2002,15,102.95
02.05.2002-18:00:00,02,05,2002,18,102.86
02.05.2002-21:00:00,02,05,2002,21,102.68
02.06.2002-00:00:00,02,06,2002,00,102.51
02.06.2002-03:00:00,02,06,2002,03,102.33
02.06.2002-06:00:00,02,06,2002,06,102.15
02.06.2002-09:00:00,02,06,2002,09,101.81
02.06.2002-12:00:00,02,06,2002,12,101.48
02.06.2002-15:00:00,02,06,2002,15,101.61
02.06.2002-18:00:00,02,06,2002,18,101.45
02.06.2002-21:00:00,02,06,2002,21,101.28
02.07.2002-00:00:00,02,07,2002,00,101.11
02.07.2002-03:00:00,02,07,2002,03,100.94
02.07.2002-06:00:00,02,07,2002,06,100.77
02.07.2002-09:00:00,02,07,2002,09,100.59
02.07.2002-12:00:00,02,07,2002,12,100.41
02.07.2002-15:00:00,02,07,2002,15,100.26
02.07.2002-18:00:00,02,07,2002,18,100.09
02.07.2002-21:00:00,02,07,2002,21,99.92
02.08.2002-00:00:00,02,08,2002,00,99.752
02.08.2002-03:00:00,02,08,2002,03,99.584
02.08.2002-06:00:00,02,08,2002,06,99.417
02.08.2002-09:00:00,02,08,2002,09,98.617
02.08.2002-12:00:00,02,08,2002,12,97.755
02.08.2002-15:00:00,02,08,2002,15,98.659
02.08.2002-18:00:00,02,08,2002,18,98.645
02.08.2002-21:00:00,02,08,2002,21,98.485
02.09.2002-00:00:00,02,09,2002,00,98.29
02.09.2002-03:00:00,02,09,2002,03,98.156
02.09.2002-06:00:00,02,09,2002,06,97.964
02.09.2002-09:00:00,02,09,2002,09,97.224
02.09.2002-12:00:00,02,09,2002,12,95.91
02.09.2002-15:00:00,02,09,2002,15,97.287
02.09.2002-18:00:00,02,09,2002,18,97.288
02.09.2002-21:00:00,02,09,2002,21,97.13
02.10.2002-00:00:00,02,10,2002,00,96.969
02.10.2002-03:00:00,02,10,2002,03,96.807
02.10.2002-06:00:00,02,10,2002,06,96.647
02.10.2002-09:00:00,02,10,2002,09,96.011
02.10.2002-12:00:00,02,10,2002,12,95.318
02.10.2002-15:00:00,02,10,2002,15,96.017
02.10.2002-18:00:00,02,10,2002,18,95.936
02.10.2002-21:00:00,02,10,2002,21,95.78
02.11.2002-00:00:00,02,11,2002,00,95.622
02.11.2002-03:00:00,02,11,2002,03,95.465
02.11.2002-06:00:00,02,11,2002,06,95.308
02.11.2002-09:00:00,02,11,2002,09,94.477
02.11.2002-12:00:00,02,11,2002,12,94.025
02.11.2002-15:00:00,02,11,2002,15,94.743
02.11.2002-18:00:00,02,11,2002,18,94.674
02.11.2002-21:00:00,02,11,2002,21,94.521
02.12.2002-00:00:00,02,12,2002,00,94.366
02.12.2002-03:00:00,02,12,2002,03,94.213
02.12.2002-06:00:00,02,12,2002,06,94.06
02.12.2002-09:00:00,02,12,2002,09,93.126
02.12.2002-12:00:00,02,12,2002,12,92.403
02.12.2002-15:00:00,02,12,2002,15,93.543
02.12.2002-18:00:00,02,12,2002,18,93.445
02.12.2002-21:00:00,02,12,2002,21,93.295
02.13.2002-00:00:00,02,13,2002,00,93.144
02.13.2002-03:00:00,02,13,2002,03,92.993
02.13.2002-06:00:00,02,13,2002,06,92.842
02.13.2002-09:00:00,02,13,2002,09,92.209
02.13.2002-12:00:00,02,13,2002,12,91.483
02.13.2002-15:00:00,02,13,2002,15,92.346
02.13.2002-18:00:00,02,13,2002,18,92.239
02.13.2002-21:00:00,02,13,2002,21,92.091
02.14.2002-00:00:00,02,14,2002,00,91.943
02.14.2002-03:00:00,02,14,2002,03,91.794
02.14.2002-06:00:00,02,14,2002,06,91.647
02.14.2002-09:00:00,02,14,2002,09,89.81
02.14.2002-12:00:00,02,14,2002,12,88.311
02.14.2002-15:00:00,02,14,2002,15,90.609
02.14.2002-18:00:00,02,14,2002,18,91.021
02.14.2002-21:00:00,02,14,2002,21,90.893
02.15.2002-00:00:00,02,15,2002,00,90.746
02.15.2002-03:00:00,02,15,2002,03,90.6
02.15.2002-06:00:00,02,15,2002,06,90.456
02.15.2002-09:00:00,02,15,2002,09,88.632
02.15.2002-12:00:00,02,15,2002,12,87.433
02.15.2002-15:00:00,02,15,2002,15,89.533
02.15.2002-18:00:00,02,15,2002,18,89.85
02.15.2002-21:00:00,02,15,2002,21,89.722
02.16.2002-00:00:00,02,16,2002,00,89.58
02.16.2002-03:00:00,02,16,2002,03,89.439
02.16.2002-06:00:00,02,16,2002,06,89.298
02.16.2002-09:00:00,02,16,2002,09,87.725
02.16.2002-12:00:00,02,16,2002,12,86.301
02.16.2002-15:00:00,02,16,2002,15,88.395
02.16.2002-18:00:00,02,16,2002,18,88.672
02.16.2002-21:00:00,02,16,2002,21,88.546
02.17.2002-00:00:00,02,17,2002,00,88.408
02.17.2002-03:00:00,02,17,2002,03,88.27
02.17.2002-06:00:00,02,17,2002,06,88.132
02.17.2002-09:00:00,02,17,2002,09,86.327
02.17.2002-12:00:00,02,17,2002,12,84.853
02.17.2002-15:00:00,02,17,2002,15,87.148
02.17.2002-18:00:00,02,17,2002,18,87.548
02.17.2002-21:00:00,02,17,2002,21,87.429
02.18.2002-00:00:00,02,18,2002,00,87.293
02.18.2002-03:00:00,02,18,2002,03,87.157
02.18.2002-06:00:00,02,18,2002,06,86.947
02.18.2002-09:00:00,02,18,2002,09,85.063
02.18.2002-12:00:00,02,18,2002,12,84.011
02.18.2002-15:00:00,02,18,2002,15,86.013
02.18.2002-18:00:00,02,18,2002,18,86.444
02.18.2002-21:00:00,02,18,2002,21,86.331
02.19.2002-00:00:00,02,19,2002,00,86.197
02.19.2002-03:00:00,02,19,2002,03,86.063
02.19.2002-06:00:00,02,19,2002,06,85.783
02.19.2002-09:00:00,02,19,2002,09,83.144
02.19.2002-12:00:00,02,19,2002,12,81.933
02.19.2002-15:00:00,02,19,2002,15,84.578
02.19.2002-18:00:00,02,19,2002,18,85.203
02.19.2002-21:00:00,02,19,2002,21,85.237
02.20.2002-00:00:00,02,20,2002,00,85.111
02.20.2002-03:00:00,02,20,2002,03,84.979
02.20.2002-06:00:00,02,20,2002,06,85.166
02.20.2002-09:00:00,02,20,2002,09,82.315
02.20.2002-12:00:00,02,20,2002,12,82.179
02.20.2002-15:00:00,02,20,2002,15,84.842
02.20.2002-18:00:00,02,20,2002,18,85.541
02.20.2002-21:00:00,02,20,2002,21,85.194
02.21.2002-00:00:00,02,21,2002,00,84.638
02.21.2002-03:00:00,02,21,2002,03,84.165
02.21.2002-06:00:00,02,21,2002,06,83.841
02.21.2002-09:00:00,02,21,2002,09,81.795
02.21.2002-12:00:00,02,21,2002,12,83.535
02.21.2002-15:00:00,02,21,2002,15,95.544
02.21.2002-18:00:00,02,21,2002,18,98.552
02.21.2002-21:00:00,02,21,2002,21,104.45
02.22.2002-00:00:00,02,22,2002,00,89.56
02.22.2002-03:00:00,02,22,2002,03,84.453
02.22.2002-06:00:00,02,22,2002,06,84.063
02.22.2002-09:00:00,02,22,2002,09,81.597
02.22.2002-12:00:00,02,22,2002,12,83.17
02.22.2002-15:00:00,02,22,2002,15,86.246
02.22.2002-18:00:00,02,22,2002,18,85.922
02.22.2002-21:00:00,02,22,2002,21,85.239
02.23.2002-00:00:00,02,23,2002,00,85.003
02.23.2002-03:00:00,02,23,2002,03,84.837
02.23.2002-06:00:00,02,23,2002,06,84.376
02.23.2002-09:00:00,02,23,2002,09,83.277
02.23.2002-12:00:00,02,23,2002,12,97.835
02.23.2002-15:00:00,02,23,2002,15,88.072
02.23.2002-18:00:00,02,23,2002,18,87.686
02.23.2002-21:00:00,02,23,2002,21,84.944
02.24.2002-00:00:00,02,24,2002,00,84.44
02.24.2002-03:00:00,02,24,2002,03,83.628
02.24.2002-06:00:00,02,24,2002,06,82.589
02.24.2002-09:00:00,02,24,2002,09,81.514
02.24.2002-12:00:00,02,24,2002,12,80.168
02.24.2002-15:00:00,02,24,2002,15,81.591
02.24.2002-18:00:00,02,24,2002,18,83.339
02.24.2002-21:00:00,02,24,2002,21,81.943
02.25.2002-00:00:00,02,25,2002,00,81.763
02.25.2002-03:00:00,02,25,2002,03,81.639
02.25.2002-06:00:00,02,25,2002,06,81.516
02.25.2002-09:00:00,02,25,2002,09,81.391
02.25.2002-12:00:00,02,25,2002,12,81.224
02.25.2002-15:00:00,02,25,2002,15,81.139
02.25.2002-18:00:00,02,25,2002,18,81.018
02.25.2002-21:00:00,02,25,2002,21,80.894
02.26.2002-00:00:00,02,26,2002,00,80.771
02.26.2002-03:00:00,02,26,2002,03,80.649
02.26.2002-06:00:00,02,26,2002,06,80.527
02.26.2002-09:00:00,02,26,2002,09,80.406
02.26.2002-12:00:00,02,26,2002,12,80.285
02.26.2002-15:00:00,02,26,2002,15,80.165
02.26.2002-18:00:00,02,26,2002,18,80.045
02.26.2002-21:00:00,02,26,2002,21,79.925
02.27.2002-00:00:00,02,27,2002,00,79.805
02.27.2002-03:00:00,02,27,2002,03,79.655
02.27.2002-06:00:00,02,27,2002,06,79.54
02.27.2002-09:00:00,02,27,2002,09,79.427
02.27.2002-12:00:00,02,27,2002,12,78.954
02.27.2002-15:00:00,02,27,2002,15,79.166
02.27.2002-18:00:00,02,27,2002,18,79.087
02.27.2002-21:00:00,02,27,2002,21,78.976
02.28.2002-00:00:00,02,28,2002,00,78.863
02.28.2002-03:00:00,02,28,2002,03,78.751
02.28.2002-06:00:00,02,28,2002,06,78.639
02.28.2002-09:00:00,02,28,2002,09,76.02
02.28.2002-12:00:00,02,28,2002,12,75.197
02.28.2002-15:00:00,02,28,2002,15,77.398
02.28.2002-18:00:00,02,28,2002,18,77.922
02.28.2002-21:00:00,02,28,2002,21,77.835
03.01.2002-00:00:00,03,01,2002,00,77.7
03.01.2002-03:00:00,03,01,2002,03,77.743
03.01.2002-06:00:00,03,01,2002,06,77.693
03.01.2002-09:00:00,03,01,2002,09,75.276
03.01.2002-12:00:00,03,01,2002,12,73.668
03.01.2002-15:00:00,03,01,2002,15,76.505
03.01.2002-18:00:00,03,01,2002,18,77.015
03.01.2002-21:00:00,03,01,2002,21,76.928
03.02.2002-00:00:00,03,02,2002,00,76.82
03.02.2002-03:00:00,03,02,2002,03,76.713
03.02.2002-06:00:00,03,02,2002,06,76.792
03.02.2002-09:00:00,03,02,2002,09,74.618
03.02.2002-12:00:00,03,02,2002,12,72.895
03.02.2002-15:00:00,03,02,2002,15,75.686
03.02.2002-18:00:00,03,02,2002,18,76.149
03.02.2002-21:00:00,03,02,2002,21,76.062
03.03.2002-00:00:00,03,03,2002,00,75.956
03.03.2002-03:00:00,03,03,2002,03,75.897
03.03.2002-06:00:00,03,03,2002,06,75.938
03.03.2002-09:00:00,03,03,2002,09,74.045
03.03.2002-12:00:00,03,03,2002,12,72.969
03.03.2002-15:00:00,03,03,2002,15,74.972
03.03.2002-18:00:00,03,03,2002,18,75.301
03.03.2002-21:00:00,03,03,2002,21,75.211
03.04.2002-00:00:00,03,04,2002,00,75.107
03.04.2002-03:00:00,03,04,2002,03,75.003
03.04.2002-06:00:00,03,04,2002,06,75.035
03.04.2002-09:00:00,03,04,2002,09,72.328
03.04.2002-12:00:00,03,04,2002,12,71.03
03.04.2002-15:00:00,03,04,2002,15,73.459
03.04.2002-18:00:00,03,04,2002,18,74.428
03.04.2002-21:00:00,03,04,2002,21,74.371
03.05.2002-00:00:00,03,05,2002,00,74.27
03.05.2002-03:00:00,03,05,2002,03,74.168
03.05.2002-06:00:00,03,05,2002,06,74.002
03.05.2002-09:00:00,03,05,2002,09,69.967
03.05.2002-12:00:00,03,05,2002,12,69.229
03.05.2002-15:00:00,03,05,2002,15,72.702
03.05.2002-18:00:00,03,05,2002,18,75.137
03.05.2002-21:00:00,03,05,2002,21,75.437
03.06.2002-00:00:00,03,06,2002,00,74.94
03.06.2002-03:00:00,03,06,2002,03,74.138
03.06.2002-06:00:00,03,06,2002,06,73.681
03.06.2002-09:00:00,03,06,2002,09,70.519
03.06.2002-12:00:00,03,06,2002,12,71.991
03.06.2002-15:00:00,03,06,2002,15,74.554
03.06.2002-18:00:00,03,06,2002,18,74.791
03.06.2002-21:00:00,03,06,2002,21,73.902
03.07.2002-00:00:00,03,07,2002,00,73.301
03.07.2002-03:00:00,03,07,2002,03,72.867
03.07.2002-06:00:00,03,07,2002,06,72.735
03.07.2002-09:00:00,03,07,2002,09,72.641
03.07.2002-12:00:00,03,07,2002,12,72.547
03.07.2002-15:00:00,03,07,2002,15,72.451
03.07.2002-18:00:00,03,07,2002,18,72.353
03.07.2002-21:00:00,03,07,2002,21,72.257
03.08.2002-00:00:00,03,08,2002,00,72.16
03.08.2002-03:00:00,03,08,2002,03,72.064
03.08.2002-06:00:00,03,08,2002,06,71.967
03.08.2002-09:00:00,03,08,2002,09,71.871
03.08.2002-12:00:00,03,08,2002,12,71.775
03.08.2002-15:00:00,03,08,2002,15,71.679
03.08.2002-18:00:00,03,08,2002,18,71.584
03.08.2002-21:00:00,03,08,2002,21,71.489
03.09.2002-00:00:00,03,09,2002,00,71.394
03.09.2002-03:00:00,03,09,2002,03,71.299
03.09.2002-06:00:00,03,09,2002,06,71.293
03.09.2002-09:00:00,03,09,2002,09,71.263
03.09.2002-12:00:00,03,09,2002,12,70.729
03.09.2002-15:00:00,03,09,2002,15,71.044
03.09.2002-18:00:00,03,09,2002,18,70.98
03.09.2002-21:00:00,03,09,2002,21,70.926
03.10.2002-00:00:00,03,10,2002,00,70.793
03.10.2002-03:00:00,03,10,2002,03,70.698
03.10.2002-06:00:00,03,10,2002,06,70.604
03.10.2002-09:00:00,03,10,2002,09,70.348
03.10.2002-12:00:00,03,10,2002,12,69.983
03.10.2002-15:00:00,03,10,2002,15,70.295
03.10.2002-18:00:00,03,10,2002,18,70.229
03.10.2002-21:00:00,03,10,2002,21,70.137
03.11.2002-00:00:00,03,11,2002,00,70.044
03.11.2002-03:00:00,03,11,2002,03,69.952
03.11.2002-06:00:00,03,11,2002,06,69.859
03.11.2002-09:00:00,03,11,2002,09,69.74
03.11.2002-12:00:00,03,11,2002,12,69.614
03.11.2002-15:00:00,03,11,2002,15,69.58
03.11.2002-18:00:00,03,11,2002,18,69.491
03.11.2002-21:00:00,03,11,2002,21,69.4
03.12.2002-00:00:00,03,12,2002,00,69.309
03.12.2002-03:00:00,03,12,2002,03,69.218
03.12.2002-06:00:00,03,12,2002,06,69.087
03.12.2002-09:00:00,03,12,2002,09,68.828
03.12.2002-12:00:00,03,12,2002,12,68.663
03.12.2002-15:00:00,03,12,2002,15,68.806
03.12.2002-18:00:00,03,12,2002,18,68.759
03.12.2002-21:00:00,03,12,2002,21,68.675
03.13.2002-00:00:00,03,13,2002,00,68.605
03.13.2002-03:00:00,03,13,2002,03,68.524
03.13.2002-06:00:00,03,13,2002,06,68.385
03.13.2002-09:00:00,03,13,2002,09,66.325
03.13.2002-12:00:00,03,13,2002,12,65.434
03.13.2002-15:00:00,03,13,2002,15,67.372
03.13.2002-18:00:00,03,13,2002,18,68.032
03.13.2002-21:00:00,03,13,2002,21,67.977
03.14.2002-00:00:00,03,14,2002,00,67.907
03.14.2002-03:00:00,03,14,2002,03,67.827
03.14.2002-06:00:00,03,14,2002,06,67.743
03.14.2002-09:00:00,03,14,2002,09,65.417
03.14.2002-12:00:00,03,14,2002,12,64.628
03.14.2002-15:00:00,03,14,2002,15,66.292
03.14.2002-18:00:00,03,14,2002,18,67.3
03.14.2002-21:00:00,03,14,2002,21,67.326
03.15.2002-00:00:00,03,15,2002,00,67.26
03.15.2002-03:00:00,03,15,2002,03,67.177
03.15.2002-06:00:00,03,15,2002,06,67.093
03.15.2002-09:00:00,03,15,2002,09,64.645
03.15.2002-12:00:00,03,15,2002,12,64.038
03.15.2002-15:00:00,03,15,2002,15,65.69
03.15.2002-18:00:00,03,15,2002,18,66.685
03.15.2002-21:00:00,03,15,2002,21,67.96
03.16.2002-00:00:00,03,16,2002,00,66.678
03.16.2002-03:00:00,03,16,2002,03,66.544
03.16.2002-06:00:00,03,16,2002,06,66.386
03.16.2002-09:00:00,03,16,2002,09,63.969
03.16.2002-12:00:00,03,16,2002,12,63.33
03.16.2002-15:00:00,03,16,2002,15,66.222
03.16.2002-18:00:00,03,16,2002,18,67.177
03.16.2002-21:00:00,03,16,2002,21,66.77
03.17.2002-00:00:00,03,17,2002,00,66.287
03.17.2002-03:00:00,03,17,2002,03,65.921
03.17.2002-06:00:00,03,17,2002,06,65.83
03.17.2002-09:00:00,03,17,2002,09,64.958
03.17.2002-12:00:00,03,17,2002,12,64.244
03.17.2002-15:00:00,03,17,2002,15,65.423
03.17.2002-18:00:00,03,17,2002,18,65.493
03.17.2002-21:00:00,03,17,2002,21,65.413
03.18.2002-00:00:00,03,18,2002,00,65.33
03.18.2002-03:00:00,03,18,2002,03,65.247
03.18.2002-06:00:00,03,18,2002,06,65.164
03.18.2002-09:00:00,03,18,2002,09,64.837
03.18.2002-12:00:00,03,18,2002,12,64.118
03.18.2002-15:00:00,03,18,2002,15,64.88
03.18.2002-18:00:00,03,18,2002,18,64.833
03.18.2002-21:00:00,03,18,2002,21,64.751
03.19.2002-00:00:00,03,19,2002,00,64.669
03.19.2002-03:00:00,03,19,2002,03,64.587
03.19.2002-06:00:00,03,19,2002,06,64.506
03.19.2002-09:00:00,03,19,2002,09,64.424
03.19.2002-12:00:00,03,19,2002,12,64.343
03.19.2002-15:00:00,03,19,2002,15,64.262
03.19.2002-18:00:00,03,19,2002,18,64.181
03.19.2002-21:00:00,03,19,2002,21,64.1
03.20.2002-00:00:00,03,20,2002,00,64.019
03.20.2002-03:00:00,03,20,2002,03,63.938
03.20.2002-06:00:00,03,20,2002,06,63.858
03.20.2002-09:00:00,03,20,2002,09,62.993
03.20.2002-12:00:00,03,20,2002,12,62.654
03.20.2002-15:00:00,03,20,2002,15,63.416
03.20.2002-18:00:00,03,20,2002,18,63.529
03.20.2002-21:00:00,03,20,2002,21,63.456
03.21.2002-00:00:00,03,21,2002,00,63.377
03.21.2002-03:00:00,03,21,2002,03,63.298
03.21.2002-06:00:00,03,21,2002,06,63.219
03.21.2002-09:00:00,03,21,2002,09,63.14
03.21.2002-12:00:00,03,21,2002,12,63.001
03.21.2002-15:00:00,03,21,2002,15,62.965
03.21.2002-18:00:00,03,21,2002,18,62.904
03.21.2002-21:00:00,03,21,2002,21,62.827
03.22.2002-00:00:00,03,22,2002,00,62.75
03.22.2002-03:00:00,03,22,2002,03,62.673
03.22.2002-06:00:00,03,22,2002,06,62.596
03.22.2002-09:00:00,03,22,2002,09,62.276
03.22.2002-12:00:00,03,22,2002,12,61.935
03.22.2002-15:00:00,03,22,2002,15,62.316
03.22.2002-18:00:00,03,22,2002,18,62.294
03.22.2002-21:00:00,03,22,2002,21,62.245
03.23.2002-00:00:00,03,23,2002,00,62.221
03.23.2002-03:00:00,03,23,2002,03,62.095
03.23.2002-06:00:00,03,23,2002,06,62.017
03.23.2002-09:00:00,03,23,2002,09,59.391
03.23.2002-12:00:00,03,23,2002,12,57.642
03.23.2002-15:00:00,03,23,2002,15,60.301
03.23.2002-18:00:00,03,23,2002,18,60.898
03.23.2002-21:00:00,03,23,2002,21,61.466
03.24.2002-00:00:00,03,24,2002,00,61.472
03.24.2002-03:00:00,03,24,2002,03,61.401
03.24.2002-06:00:00,03,24,2002,06,60.979
03.24.2002-09:00:00,03,24,2002,09,57.043
03.24.2002-12:00:00,03,24,2002,12,55.396
03.24.2002-15:00:00,03,24,2002,15,58.636
03.24.2002-18:00:00,03,24,2002,18,60.16
03.24.2002-21:00:00,03,24,2002,21,60.167
03.25.2002-00:00:00,03,25,2002,00,60.537
03.25.2002-03:00:00,03,25,2002,03,61.258
03.25.2002-06:00:00,03,25,2002,06,60.586
03.25.2002-09:00:00,03,25,2002,09,55.296
03.25.2002-12:00:00,03,25,2002,12,57.002
03.25.2002-15:00:00,03,25,2002,15,60.693
03.25.2002-18:00:00,03,25,2002,18,62.446
03.25.2002-21:00:00,03,25,2002,21,62.062
03.26.2002-00:00:00,03,26,2002,00,62.371
03.26.2002-03:00:00,03,26,2002,03,61.061
03.26.2002-06:00:00,03,26,2002,06,59.796
03.26.2002-09:00:00,03,26,2002,09,56.539
03.26.2002-12:00:00,03,26,2002,12,61.972
03.26.2002-15:00:00,03,26,2002,15,65.997
03.26.2002-18:00:00,03,26,2002,18,66.062
03.26.2002-21:00:00,03,26,2002,21,64.508
03.27.2002-00:00:00,03,27,2002,00,63.377
03.27.2002-03:00:00,03,27,2002,03,62.654
03.27.2002-06:00:00,03,27,2002,06,62.823
03.27.2002-09:00:00,03,27,2002,09,62.909
03.27.2002-12:00:00,03,27,2002,12,65.092
03.27.2002-15:00:00,03,27,2002,15,65.114
03.27.2002-18:00:00,03,27,2002,18,64.952
03.27.2002-21:00:00,03,27,2002,21,63.868
03.28.2002-00:00:00,03,28,2002,00,61.867
03.28.2002-03:00:00,03,28,2002,03,60.883
03.28.2002-06:00:00,03,28,2002,06,60.562
03.28.2002-09:00:00,03,28,2002,09,59.537
03.28.2002-12:00:00,03,28,2002,12,64.592
03.28.2002-15:00:00,03,28,2002,15,69.9
03.28.2002-18:00:00,03,28,2002,18,62.191
03.28.2002-21:00:00,03,28,2002,21,61.238
03.29.2002-00:00:00,03,29,2002,00,60.893
03.29.2002-03:00:00,03,29,2002,03,60.703
03.29.2002-06:00:00,03,29,2002,06,60.154
03.29.2002-09:00:00,03,29,2002,09,59.874
03.29.2002-12:00:00,03,29,2002,12,76.526
03.29.2002-15:00:00,03,29,2002,15,76.297
03.29.2002-18:00:00,03,29,2002,18,63.276
03.29.2002-21:00:00,03,29,2002,21,61.495
03.30.2002-00:00:00,03,30,2002,00,60.52
03.30.2002-03:00:00,03,30,2002,03,60.547
03.30.2002-06:00:00,03,30,2002,06,60.069
03.30.2002-09:00:00,03,30,2002,09,59.544
03.30.2002-12:00:00,03,30,2002,12,78.307
03.30.2002-15:00:00,03,30,2002,15,77.212
03.30.2002-18:00:00,03,30,2002,18,63.31
03.30.2002-21:00:00,03,30,2002,21,61.445
03.31.2002-00:00:00,03,31,2002,00,60.918
03.31.2002-03:00:00,03,31,2002,03,60.76
03.31.2002-06:00:00,03,31,2002,06,60.324
03.31.2002-09:00:00,03,31,2002,09,60.358
03.31.2002-12:00:00,03,31,2002,12,96.862
03.31.2002-15:00:00,03,31,2002,15,94.626
03.31.2002-18:00:00,03,31,2002,18,71.736
03.31.2002-21:00:00,03,31,2002,21,63.484
04.01.2002-00:00:00,04,01,2002,00,63.422
04.01.2002-03:00:00,04,01,2002,03,62.138
04.01.2002-06:00:00,04,01,2002,06,62.697
04.01.2002-09:00:00,04,01,2002,09,81.062
04.01.2002-12:00:00,04,01,2002,12,101.67
04.01.2002-15:00:00,04,01,2002,15,92.435
04.01.2002-18:00:00,04,01,2002,18,74.296
04.01.2002-21:00:00,04,01,2002,21,70.176
04.02.2002-00:00:00,04,02,2002,00,65.242
04.02.2002-03:00:00,04,02,2002,03,63.539
04.02.2002-06:00:00,04,02,2002,06,63.156
04.02.2002-09:00:00,04,02,2002,09,63.226
04.02.2002-12:00:00,04,02,2002,12,90.759
04.02.2002-15:00:00,04,02,2002,15,108.22
04.02.2002-18:00:00,04,02,2002,18,71.226
04.02.2002-21:00:00,04,02,2002,21,65.298
04.03.2002-00:00:00,04,03,2002,00,64.073
04.03.2002-03:00:00,04,03,2002,03,63.725
04.03.2002-06:00:00,04,03,2002,06,63.22
04.03.2002-09:00:00,04,03,2002,09,62.483
04.03.2002-12:00:00,04,03,2002,12,72.808
04.03.2002-15:00:00,04,03,2002,15,74.088
04.03.2002-18:00:00,04,03,2002,18,67.37
04.03.2002-21:00:00,04,03,2002,21,64.152
04.04.2002-00:00:00,04,04,2002,00,63.573
04.04.2002-03:00:00,04,04,2002,03,63.258
04.04.2002-06:00:00,04,04,2002,06,62.511
04.04.2002-09:00:00,04,04,2002,09,60.343
04.04.2002-12:00:00,04,04,2002,12,76.15
04.04.2002-15:00:00,04,04,2002,15,86.46
04.04.2002-18:00:00,04,04,2002,18,71.175
04.04.2002-21:00:00,04,04,2002,21,65.391
04.05.2002-00:00:00,04,05,2002,00,64.403
04.05.2002-03:00:00,04,05,2002,03,63.884
04.05.2002-06:00:00,04,05,2002,06,63.353
04.05.2002-09:00:00,04,05,2002,09,66.641
04.05.2002-12:00:00,04,05,2002,12,119.46
04.05.2002-15:00:00,04,05,2002,15,170.85
04.05.2002-18:00:00,04,05,2002,18,90.773
04.05.2002-21:00:00,04,05,2002,21,74.183
04.06.2002-00:00:00,04,06,2002,00,74.161
04.06.2002-03:00:00,04,06,2002,03,75.436
04.06.2002-06:00:00,04,06,2002,06,76.364
04.06.2002-09:00:00,04,06,2002,09,103.96
04.06.2002-12:00:00,04,06,2002,12,253.86
04.06.2002-15:00:00,04,06,2002,15,331.79
04.06.2002-18:00:00,04,06,2002,18,203.26
04.06.2002-21:00:00,04,06,2002,21,122.42
04.07.2002-00:00:00,04,07,2002,00,90.614
04.07.2002-03:00:00,04,07,2002,03,74.885
04.07.2002-06:00:00,04,07,2002,06,73.581
04.07.2002-09:00:00,04,07,2002,09,89.682
04.07.2002-12:00:00,04,07,2002,12,291
04.07.2002-15:00:00,04,07,2002,15,345.62
04.07.2002-18:00:00,04,07,2002,18,174.33
04.07.2002-21:00:00,04,07,2002,21,107.55
04.08.2002-00:00:00,04,08,2002,00,87.7
04.08.2002-03:00:00,04,08,2002,03,80.157
04.08.2002-06:00:00,04,08,2002,06,75.579
04.08.2002-09:00:00,04,08,2002,09,75.078
04.08.2002-12:00:00,04,08,2002,12,124.92
04.08.2002-15:00:00,04,08,2002,15,266.17
04.08.2002-18:00:00,04,08,2002,18,167.59
04.08.2002-21:00:00,04,08,2002,21,108.53
04.09.2002-00:00:00,04,09,2002,00,92.084
04.09.2002-03:00:00,04,09,2002,03,82.872
04.09.2002-06:00:00,04,09,2002,06,76.47
04.09.2002-09:00:00,04,09,2002,09,73.908
04.09.2002-12:00:00,04,09,2002,12,124.77
04.09.2002-15:00:00,04,09,2002,15,274.18
04.09.2002-18:00:00,04,09,2002,18,182.48
04.09.2002-21:00:00,04,09,2002,21,110.31
04.10.2002-00:00:00,04,10,2002,00,97.077
04.10.2002-03:00:00,04,10,2002,03,87.625
04.10.2002-06:00:00,04,10,2002,06,85.997
04.10.2002-09:00:00,04,10,2002,09,97.767
04.10.2002-12:00:00,04,10,2002,12,143.91
04.10.2002-15:00:00,04,10,2002,15,172.55
04.10.2002-18:00:00,04,10,2002,18,142.97
04.10.2002-21:00:00,04,10,2002,21,109.19
04.11.2002-00:00:00,04,11,2002,00,96.358
04.11.2002-03:00:00,04,11,2002,03,88.651
04.11.2002-06:00:00,04,11,2002,06,86.931
04.11.2002-09:00:00,04,11,2002,09,119.21
04.11.2002-12:00:00,04,11,2002,12,357.15
04.11.2002-15:00:00,04,11,2002,15,454.55
04.11.2002-18:00:00,04,11,2002,18,270.02
04.11.2002-21:00:00,04,11,2002,21,161.25
04.12.2002-00:00:00,04,12,2002,00,127.76
04.12.2002-03:00:00,04,12,2002,03,109.89
04.12.2002-06:00:00,04,12,2002,06,100.85
04.12.2002-09:00:00,04,12,2002,09,140.8
04.12.2002-12:00:00,04,12,2002,12,346.6
04.12.2002-15:00:00,04,12,2002,15,429.85
04.12.2002-18:00:00,04,12,2002,18,264.49
04.12.2002-21:00:00,04,12,2002,21,182.47
04.13.2002-00:00:00,04,13,2002,00,148.05
04.13.2002-03:00:00,04,13,2002,03,153.2
04.13.2002-06:00:00,04,13,2002,06,150.2
04.13.2002-09:00:00,04,13,2002,09,326.68
04.13.2002-12:00:00,04,13,2002,12,643.59
04.13.2002-15:00:00,04,13,2002,15,755.91
04.13.2002-18:00:00,04,13,2002,18,561.9
04.13.2002-21:00:00,04,13,2002,21,352.52
04.14.2002-00:00:00,04,14,2002,00,245.12
04.14.2002-03:00:00,04,14,2002,03,223.61
04.14.2002-06:00:00,04,14,2002,06,194.05
04.14.2002-09:00:00,04,14,2002,09,507.67
04.14.2002-12:00:00,04,14,2002,12,1164.6
04.14.2002-15:00:00,04,14,2002,15,1358.4
04.14.2002-18:00:00,04,14,2002,18,964.03
04.14.2002-21:00:00,04,14,2002,21,562.66
04.15.2002-00:00:00,04,15,2002,00,362.94
04.15.2002-03:00:00,04,15,2002,03,289.61
04.15.2002-06:00:00,04,15,2002,06,236.6
04.15.2002-09:00:00,04,15,2002,09,226.63
04.15.2002-12:00:00,04,15,2002,12,216.12
04.15.2002-15:00:00,04,15,2002,15,219.66
04.15.2002-18:00:00,04,15,2002,18,210.86
04.15.2002-21:00:00,04,15,2002,21,203.29
04.16.2002-00:00:00,04,16,2002,00,202
04.16.2002-03:00:00,04,16,2002,03,197.54
04.16.2002-06:00:00,04,16,2002,06,197.03
04.16.2002-09:00:00,04,16,2002,09,184.93
04.16.2002-12:00:00,04,16,2002,12,184.58
04.16.2002-15:00:00,04,16,2002,15,203.85
04.16.2002-18:00:00,04,16,2002,18,203.07
04.16.2002-21:00:00,04,16,2002,21,196.77
04.17.2002-00:00:00,04,17,2002,00,196.19
04.17.2002-03:00:00,04,17,2002,03,194.9
04.17.2002-06:00:00,04,17,2002,06,193.58
04.17.2002-09:00:00,04,17,2002,09,191.43
04.17.2002-12:00:00,04,17,2002,12,216.74
04.17.2002-15:00:00,04,17,2002,15,205.52
04.17.2002-18:00:00,04,17,2002,18,205.4
04.17.2002-21:00:00,04,17,2002,21,196.25
04.18.2002-00:00:00,04,18,2002,00,191.79
04.18.2002-03:00:00,04,18,2002,03,189.42
04.18.2002-06:00:00,04,18,2002,06,188.44
04.18.2002-09:00:00,04,18,2002,09,184.51
04.18.2002-12:00:00,04,18,2002,12,197.28
04.18.2002-15:00:00,04,18,2002,15,212.36
04.18.2002-18:00:00,04,18,2002,18,198.81
04.18.2002-21:00:00,04,18,2002,21,191.43
04.19.2002-00:00:00,04,19,2002,00,188.87
04.19.2002-03:00:00,04,19,2002,03,186.48
04.19.2002-06:00:00,04,19,2002,06,184.27
04.19.2002-09:00:00,04,19,2002,09,176.7
04.19.2002-12:00:00,04,19,2002,12,229.72
04.19.2002-15:00:00,04,19,2002,15,298.37
04.19.2002-18:00:00,04,19,2002,18,263.66
04.19.2002-21:00:00,04,19,2002,21,212.58
04.20.2002-00:00:00,04,20,2002,00,200.65
04.20.2002-03:00:00,04,20,2002,03,192.28
04.20.2002-06:00:00,04,20,2002,06,189.74
04.20.2002-09:00:00,04,20,2002,09,187
04.20.2002-12:00:00,04,20,2002,12,365.37
04.20.2002-15:00:00,04,20,2002,15,655.76
04.20.2002-18:00:00,04,20,2002,18,520.58
04.20.2002-21:00:00,04,20,2002,21,332.37
04.21.2002-00:00:00,04,21,2002,00,240.67
04.21.2002-03:00:00,04,21,2002,03,217.68
04.21.2002-06:00:00,04,21,2002,06,205.56
04.21.2002-09:00:00,04,21,2002,09,234.98
04.21.2002-12:00:00,04,21,2002,12,603.8
04.21.2002-15:00:00,04,21,2002,15,1078.4
04.21.2002-18:00:00,04,21,2002,18,856.02
04.21.2002-21:00:00,04,21,2002,21,477.44
04.22.2002-00:00:00,04,22,2002,00,333.36
04.22.2002-03:00:00,04,22,2002,03,272.27
04.22.2002-06:00:00,04,22,2002,06,264.76
04.22.2002-09:00:00,04,22,2002,09,355.79
04.22.2002-12:00:00,04,22,2002,12,1093.5
04.22.2002-15:00:00,04,22,2002,15,1433
04.22.2002-18:00:00,04,22,2002,18,1045.9
04.22.2002-21:00:00,04,22,2002,21,583.66
04.23.2002-00:00:00,04,23,2002,00,397.09
04.23.2002-03:00:00,04,23,2002,03,321.85
04.23.2002-06:00:00,04,23,2002,06,301.97
04.23.2002-09:00:00,04,23,2002,09,343.44
04.23.2002-12:00:00,04,23,2002,12,566.68
04.23.2002-15:00:00,04,23,2002,15,711.21
04.23.2002-18:00:00,04,23,2002,18,635.49
04.23.2002-21:00:00,04,23,2002,21,451.97
04.24.2002-00:00:00,04,24,2002,00,344.86
04.24.2002-03:00:00,04,24,2002,03,297.56
04.24.2002-06:00:00,04,24,2002,06,286.45
04.24.2002-09:00:00,04,24,2002,09,271.19
04.24.2002-12:00:00,04,24,2002,12,335.2
04.24.2002-15:00:00,04,24,2002,15,376.69
04.24.2002-18:00:00,04,24,2002,18,304.45
04.24.2002-21:00:00,04,24,2002,21,298.56
04.25.2002-00:00:00,04,25,2002,00,280.8
04.25.2002-03:00:00,04,25,2002,03,269.87
04.25.2002-06:00:00,04,25,2002,06,265.75
04.25.2002-09:00:00,04,25,2002,09,246.99
04.25.2002-12:00:00,04,25,2002,12,272.29
04.25.2002-15:00:00,04,25,2002,15,439.76
04.25.2002-18:00:00,04,25,2002,18,364.1
04.25.2002-21:00:00,04,25,2002,21,300.38
04.26.2002-00:00:00,04,26,2002,00,278.91
04.26.2002-03:00:00,04,26,2002,03,269.61
04.26.2002-06:00:00,04,26,2002,06,267
04.26.2002-09:00:00,04,26,2002,09,293.82
04.26.2002-12:00:00,04,26,2002,12,499.39
04.26.2002-15:00:00,04,26,2002,15,574.12
04.26.2002-18:00:00,04,26,2002,18,463.37
04.26.2002-21:00:00,04,26,2002,21,378.08
04.27.2002-00:00:00,04,27,2002,00,315.9
04.27.2002-03:00:00,04,27,2002,03,295.98
04.27.2002-06:00:00,04,27,2002,06,275.87
04.27.2002-09:00:00,04,27,2002,09,305.15
04.27.2002-12:00:00,04,27,2002,12,518.16
04.27.2002-15:00:00,04,27,2002,15,641.54
04.27.2002-18:00:00,04,27,2002,18,558.61
04.27.2002-21:00:00,04,27,2002,21,432.37
04.28.2002-00:00:00,04,28,2002,00,325.71
04.28.2002-03:00:00,04,28,2002,03,311.14
04.28.2002-06:00:00,04,28,2002,06,288.62
04.28.2002-09:00:00,04,28,2002,09,323.83
04.28.2002-12:00:00,04,28,2002,12,547.07
04.28.2002-15:00:00,04,28,2002,15,689.53
04.28.2002-18:00:00,04,28,2002,18,639.87
04.28.2002-21:00:00,04,28,2002,21,478.44
04.29.2002-00:00:00,04,29,2002,00,344.15
04.29.2002-03:00:00,04,29,2002,03,328.17
04.29.2002-06:00:00,04,29,2002,06,303.28
04.29.2002-09:00:00,04,29,2002,09,360.16
04.29.2002-12:00:00,04,29,2002,12,878.79
04.29.2002-15:00:00,04,29,2002,15,1379.2
04.29.2002-18:00:00,04,29,2002,18,1134.5
04.29.2002-21:00:00,04,29,2002,21,652.19
04.30.2002-00:00:00,04,30,2002,00,486.04
04.30.2002-03:00:00,04,30,2002,03,403.67
04.30.2002-06:00:00,04,30,2002,06,394.32
04.30.2002-09:00:00,04,30,2002,09,470.58
04.30.2002-12:00:00,04,30,2002,12,1212.7
04.30.2002-15:00:00,04,30,2002,15,1711.4
04.30.2002-18:00:00,04,30,2002,18,1298.2
04.30.2002-21:00:00,04,30,2002,21,779.5
05.01.2002-00:00:00,05,01,2002,00,606.4
05.01.2002-03:00:00,05,01,2002,03,514.11
05.01.2002-06:00:00,05,01,2002,06,462.81
05.01.2002-09:00:00,05,01,2002,09,838.44
05.01.2002-12:00:00,05,01,2002,12,2004.9
05.01.2002-15:00:00,05,01,2002,15,2377
05.01.2002-18:00:00,05,01,2002,18,1609.1
05.01.2002-21:00:00,05,01,2002,21,1080.4
05.02.2002-00:00:00,05,02,2002,00,741.73
05.02.2002-03:00:00,05,02,2002,03,651.14
05.02.2002-06:00:00,05,02,2002,06,537.51
05.02.2002-09:00:00,05,02,2002,09,1075.4
05.02.2002-12:00:00,05,02,2002,12,2286.1
05.02.2002-15:00:00,05,02,2002,15,2536.7
05.02.2002-18:00:00,05,02,2002,18,1696.6
05.02.2002-21:00:00,05,02,2002,21,1174
05.03.2002-00:00:00,05,03,2002,00,827.83
05.03.2002-03:00:00,05,03,2002,03,743.03
05.03.2002-06:00:00,05,03,2002,06,625.82
05.03.2002-09:00:00,05,03,2002,09,1006.3
05.03.2002-12:00:00,05,03,2002,12,2148.1
05.03.2002-15:00:00,05,03,2002,15,2467.2
05.03.2002-18:00:00,05,03,2002,18,1655.2
05.03.2002-21:00:00,05,03,2002,21,1165.2
05.04.2002-00:00:00,05,04,2002,00,849.87
05.04.2002-03:00:00,05,04,2002,03,782.53
05.04.2002-06:00:00,05,04,2002,06,675.95
05.04.2002-09:00:00,05,04,2002,09,753.12
05.04.2002-12:00:00,05,04,2002,12,1143.5
05.04.2002-15:00:00,05,04,2002,15,1490.3
05.04.2002-18:00:00,05,04,2002,18,1217.2
05.04.2002-21:00:00,05,04,2002,21,886.68
05.05.2002-00:00:00,05,05,2002,00,767.29
05.05.2002-03:00:00,05,05,2002,03,704.49
05.05.2002-06:00:00,05,05,2002,06,687.73
05.05.2002-09:00:00,05,05,2002,09,699.74
05.05.2002-12:00:00,05,05,2002,12,1133.9
05.05.2002-15:00:00,05,05,2002,15,1567.6
05.05.2002-18:00:00,05,05,2002,18,1256.4
05.05.2002-21:00:00,05,05,2002,21,948.51
05.06.2002-00:00:00,05,06,2002,00,815.31
05.06.2002-03:00:00,05,06,2002,03,760.99
05.06.2002-06:00:00,05,06,2002,06,742.93
05.06.2002-09:00:00,05,06,2002,09,724.36
05.06.2002-12:00:00,05,06,2002,12,930.29
05.06.2002-15:00:00,05,06,2002,15,1154.4
05.06.2002-18:00:00,05,06,2002,18,980.54
05.06.2002-21:00:00,05,06,2002,21,847.87
05.07.2002-00:00:00,05,07,2002,00,770.54
05.07.2002-03:00:00,05,07,2002,03,747.16
05.07.2002-06:00:00,05,07,2002,06,736.68
05.07.2002-09:00:00,05,07,2002,09,699.49
05.07.2002-12:00:00,05,07,2002,12,781.77
05.07.2002-15:00:00,05,07,2002,15,839.05
05.07.2002-18:00:00,05,07,2002,18,777.85
05.07.2002-21:00:00,05,07,2002,21,732.64
05.08.2002-00:00:00,05,08,2002,00,722.81
05.08.2002-03:00:00,05,08,2002,03,715.82
05.08.2002-06:00:00,05,08,2002,06,705.51
05.08.2002-09:00:00,05,08,2002,09,670.53
05.08.2002-12:00:00,05,08,2002,12,867.93
05.08.2002-15:00:00,05,08,2002,15,1117.6
05.08.2002-18:00:00,05,08,2002,18,994.88
05.08.2002-21:00:00,05,08,2002,21,848.41
05.09.2002-00:00:00,05,09,2002,00,772.19
05.09.2002-03:00:00,05,09,2002,03,752.72
05.09.2002-06:00:00,05,09,2002,06,721.37
05.09.2002-09:00:00,05,09,2002,09,703.75
05.09.2002-12:00:00,05,09,2002,12,871.12
05.09.2002-15:00:00,05,09,2002,15,1062.1
05.09.2002-18:00:00,05,09,2002,18,966.4
05.09.2002-21:00:00,05,09,2002,21,857.57
05.10.2002-00:00:00,05,10,2002,00,777.19
05.10.2002-03:00:00,05,10,2002,03,754.09
05.10.2002-06:00:00,05,10,2002,06,737.94
05.10.2002-09:00:00,05,10,2002,09,755.29
05.10.2002-12:00:00,05,10,2002,12,984.13
05.10.2002-15:00:00,05,10,2002,15,1197.7
05.10.2002-18:00:00,05,10,2002,18,1072
05.10.2002-21:00:00,05,10,2002,21,909.88
05.11.2002-00:00:00,05,11,2002,00,805.35
05.11.2002-03:00:00,05,11,2002,03,778.2
05.11.2002-06:00:00,05,11,2002,06,740.79
05.11.2002-09:00:00,05,11,2002,09,801.05
05.11.2002-12:00:00,05,11,2002,12,1796
05.11.2002-15:00:00,05,11,2002,15,2333.8
05.11.2002-18:00:00,05,11,2002,18,1666.4
05.11.2002-21:00:00,05,11,2002,21,1198.1
05.12.2002-00:00:00,05,12,2002,00,1010.3
05.12.2002-03:00:00,05,12,2002,03,925.03
05.12.2002-06:00:00,05,12,2002,06,861.56
05.12.2002-09:00:00,05,12,2002,09,1102.1
05.12.2002-12:00:00,05,12,2002,12,2602.4
05.12.2002-15:00:00,05,12,2002,15,2963.6
05.12.2002-18:00:00,05,12,2002,18,2050
05.12.2002-21:00:00,05,12,2002,21,1465
05.13.2002-00:00:00,05,13,2002,00,1207.2
05.13.2002-03:00:00,05,13,2002,03,1073.2
05.13.2002-06:00:00,05,13,2002,06,1055
05.13.2002-09:00:00,05,13,2002,09,1932
05.13.2002-12:00:00,05,13,2002,12,3747.7
05.13.2002-15:00:00,05,13,2002,15,3632.2
05.13.2002-18:00:00,05,13,2002,18,2426
05.13.2002-21:00:00,05,13,2002,21,1801.9
05.14.2002-00:00:00,05,14,2002,00,1407.5
05.14.2002-03:00:00,05,14,2002,03,1299.5
05.14.2002-06:00:00,05,14,2002,06,1187.2
05.14.2002-09:00:00,05,14,2002,09,2274.3
05.14.2002-12:00:00,05,14,2002,12,4124.9
05.14.2002-15:00:00,05,14,2002,15,3818
05.14.2002-18:00:00,05,14,2002,18,2625.2
05.14.2002-21:00:00,05,14,2002,21,1975
05.15.2002-00:00:00,05,15,2002,00,1613.3
05.15.2002-03:00:00,05,15,2002,03,1479.6
05.15.2002-06:00:00,05,15,2002,06,1356.8
05.15.2002-09:00:00,05,15,2002,09,1757.4
05.15.2002-12:00:00,05,15,2002,12,3443.1
05.15.2002-15:00:00,05,15,2002,15,3411.9
05.15.2002-18:00:00,05,15,2002,18,2423.6
05.15.2002-21:00:00,05,15,2002,21,1882.4
05.16.2002-00:00:00,05,16,2002,00,1644.5
05.16.2002-03:00:00,05,16,2002,03,1577.3
05.16.2002-06:00:00,05,16,2002,06,1454.8
05.16.2002-09:00:00,05,16,2002,09,1652.7
05.16.2002-12:00:00,05,16,2002,12,3443.2
05.16.2002-15:00:00,05,16,2002,15,3784.7
05.16.2002-18:00:00,05,16,2002,18,2635.1
05.16.2002-21:00:00,05,16,2002,21,2012.9
05.17.2002-00:00:00,05,17,2002,00,1791.6
05.17.2002-03:00:00,05,17,2002,03,1695
05.17.2002-06:00:00,05,17,2002,06,1592.5
05.17.2002-09:00:00,05,17,2002,09,2023.3
05.17.2002-12:00:00,05,17,2002,12,4081
05.17.2002-15:00:00,05,17,2002,15,4287.7
05.17.2002-18:00:00,05,17,2002,18,2886.6
05.17.2002-21:00:00,05,17,2002,21,2329
05.18.2002-00:00:00,05,18,2002,00,1991.8
05.18.2002-03:00:00,05,18,2002,03,1937
05.18.2002-06:00:00,05,18,2002,06,1983.6
05.18.2002-09:00:00,05,18,2002,09,3303.3
05.18.2002-12:00:00,05,18,2002,12,4973.7
05.18.2002-15:00:00,05,18,2002,15,4583.5
05.18.2002-18:00:00,05,18,2002,18,3413.5
05.18.2002-21:00:00,05,18,2002,21,2725.2
05.19.2002-00:00:00,05,19,2002,00,2395.2
05.19.2002-03:00:00,05,19,2002,03,2220.8
05.19.2002-06:00:00,05,19,2002,06,2403
05.19.2002-09:00:00,05,19,2002,09,3674.5
05.19.2002-12:00:00,05,19,2002,12,4594.2
05.19.2002-15:00:00,05,19,2002,15,4260.6
05.19.2002-18:00:00,05,19,2002,18,3416.1
05.19.2002-21:00:00,05,19,2002,21,2816.2
05.20.2002-00:00:00,05,20,2002,00,2559.8
05.20.2002-03:00:00,05,20,2002,03,2391.3
05.20.2002-06:00:00,05,20,2002,06,2623.9
05.20.2002-09:00:00,05,20,2002,09,4617.6
05.20.2002-12:00:00,05,20,2002,12,6073.7
05.20.2002-15:00:00,05,20,2002,15,5593.1
05.20.2002-18:00:00,05,20,2002,18,4283.7
05.20.2002-21:00:00,05,20,2002,21,3487.4
05.21.2002-00:00:00,05,21,2002,00,3037.5
05.21.2002-03:00:00,05,21,2002,03,2719
05.21.2002-06:00:00,05,21,2002,06,2680.9
05.21.2002-09:00:00,05,21,2002,09,3764.2
05.21.2002-12:00:00,05,21,2002,12,4834
05.21.2002-15:00:00,05,21,2002,15,4533.7
05.21.2002-18:00:00,05,21,2002,18,3609.1
05.21.2002-21:00:00,05,21,2002,21,3147.8
05.22.2002-00:00:00,05,22,2002,00,2851.2
05.22.2002-03:00:00,05,22,2002,03,2720.7
05.22.2002-06:00:00,05,22,2002,06,2642.3
05.22.2002-09:00:00,05,22,2002,09,3591.5
05.22.2002-12:00:00,05,22,2002,12,4904.5
05.22.2002-15:00:00,05,22,2002,15,4599.1
05.22.2002-18:00:00,05,22,2002,18,3672.8
05.22.2002-21:00:00,05,22,2002,21,3234.8
05.23.2002-00:00:00,05,23,2002,00,2928.3
05.23.2002-03:00:00,05,23,2002,03,2819.4
05.23.2002-06:00:00,05,23,2002,06,2698.7
05.23.2002-09:00:00,05,23,2002,09,3450.4
05.23.2002-12:00:00,05,23,2002,12,5062.3
05.23.2002-15:00:00,05,23,2002,15,4759.9
05.23.2002-18:00:00,05,23,2002,18,3771.8
05.23.2002-21:00:00,05,23,2002,21,3292.3
05.24.2002-00:00:00,05,24,2002,00,2985
05.24.2002-03:00:00,05,24,2002,03,2879.2
05.24.2002-06:00:00,05,24,2002,06,2751
05.24.2002-09:00:00,05,24,2002,09,3529.5
05.24.2002-12:00:00,05,24,2002,12,5971.6
05.24.2002-15:00:00,05,24,2002,15,5740.6
05.24.2002-18:00:00,05,24,2002,18,4361.7
05.24.2002-21:00:00,05,24,2002,21,3564.3
05.25.2002-00:00:00,05,25,2002,00,3208.3
05.25.2002-03:00:00,05,25,2002,03,3081.8
05.25.2002-06:00:00,05,25,2002,06,2980.8
05.25.2002-09:00:00,05,25,2002,09,3643.7
05.25.2002-12:00:00,05,25,2002,12,6063.8
05.25.2002-15:00:00,05,25,2002,15,6064.4
05.25.2002-18:00:00,05,25,2002,18,4792.7
05.25.2002-21:00:00,05,25,2002,21,3926.5
05.26.2002-00:00:00,05,26,2002,00,3527.4
05.26.2002-03:00:00,05,26,2002,03,3354
05.26.2002-06:00:00,05,26,2002,06,3260.8
05.26.2002-09:00:00,05,26,2002,09,4326.9
05.26.2002-12:00:00,05,26,2002,12,6146
05.26.2002-15:00:00,05,26,2002,15,6097.4
05.26.2002-18:00:00,05,26,2002,18,4901.6
05.26.2002-21:00:00,05,26,2002,21,4078.8
05.27.2002-00:00:00,05,27,2002,00,3748.9
05.27.2002-03:00:00,05,27,2002,03,3526.6
05.27.2002-06:00:00,05,27,2002,06,3543.7
05.27.2002-09:00:00,05,27,2002,09,5274.7
05.27.2002-12:00:00,05,27,2002,12,7430.4
05.27.2002-15:00:00,05,27,2002,15,7237.7
05.27.2002-18:00:00,05,27,2002,18,5847.3
05.27.2002-21:00:00,05,27,2002,21,4832.7
05.28.2002-00:00:00,05,28,2002,00,4269.7
05.28.2002-03:00:00,05,28,2002,03,3967.5
05.28.2002-06:00:00,05,28,2002,06,3992
05.28.2002-09:00:00,05,28,2002,09,6004.6
05.28.2002-12:00:00,05,28,2002,12,8324
05.28.2002-15:00:00,05,28,2002,15,8291.5
05.28.2002-18:00:00,05,28,2002,18,6696.4
05.28.2002-21:00:00,05,28,2002,21,5620.7
05.29.2002-00:00:00,05,29,2002,00,5078.5
05.29.2002-03:00:00,05,29,2002,03,4626.4
05.29.2002-06:00:00,05,29,2002,06,4864.5
05.29.2002-09:00:00,05,29,2002,09,6337.2
05.29.2002-12:00:00,05,29,2002,12,7548.4
05.29.2002-15:00:00,05,29,2002,15,7543.8
05.29.2002-18:00:00,05,29,2002,18,6697.9
05.29.2002-21:00:00,05,29,2002,21,5981.3
05.30.2002-00:00:00,05,30,2002,00,5397.2
05.30.2002-03:00:00,05,30,2002,03,4955.1
05.30.2002-06:00:00,05,30,2002,06,4760.2
05.30.2002-09:00:00,05,30,2002,09,6666.4
05.30.2002-12:00:00,05,30,2002,12,8807.5
05.30.2002-15:00:00,05,30,2002,15,8839.3
05.30.2002-18:00:00,05,30,2002,18,7455.7
05.30.2002-21:00:00,05,30,2002,21,6600.3
05.31.2002-00:00:00,05,31,2002,00,5855.4
05.31.2002-03:00:00,05,31,2002,03,5344.4
05.31.2002-06:00:00,05,31,2002,06,5084.3
05.31.2002-09:00:00,05,31,2002,09,6507.8
05.31.2002-12:00:00,05,31,2002,12,9028.2
05.31.2002-15:00:00,05,31,2002,15,9345.4
05.31.2002-18:00:00,05,31,2002,18,7653.3
05.31.2002-21:00:00,05,31,2002,21,6876.6
06.01.2002-00:00:00,06,01,2002,00,6119
06.01.2002-03:00:00,06,01,2002,03,5853.6
06.01.2002-06:00:00,06,01,2002,06,5553.6
06.01.2002-09:00:00,06,01,2002,09,6993.8
06.01.2002-12:00:00,06,01,2002,12,8871.3
06.01.2002-15:00:00,06,01,2002,15,8939.5
06.01.2002-18:00:00,06,01,2002,18,7790.5
06.01.2002-21:00:00,06,01,2002,21,6894
06.02.2002-00:00:00,06,02,2002,00,6359.8
06.02.2002-03:00:00,06,02,2002,03,6039.5
06.02.2002-06:00:00,06,02,2002,06,5856.1
06.02.2002-09:00:00,06,02,2002,09,7779.7
06.02.2002-12:00:00,06,02,2002,12,9810.5
06.02.2002-15:00:00,06,02,2002,15,9972.3
06.02.2002-18:00:00,06,02,2002,18,8737.1
06.02.2002-21:00:00,06,02,2002,21,7775.6
06.03.2002-00:00:00,06,03,2002,00,7142.9
06.03.2002-03:00:00,06,03,2002,03,6730.7
06.03.2002-06:00:00,06,03,2002,06,6449.1
06.03.2002-09:00:00,06,03,2002,09,8519.1
06.03.2002-12:00:00,06,03,2002,12,10279
06.03.2002-15:00:00,06,03,2002,15,10616
06.03.2002-18:00:00,06,03,2002,18,9310.3
06.03.2002-21:00:00,06,03,2002,21,8641.6
06.04.2002-00:00:00,06,04,2002,00,7770.5
06.04.2002-03:00:00,06,04,2002,03,7403.3
06.04.2002-06:00:00,06,04,2002,06,6851
06.04.2002-09:00:00,06,04,2002,09,8682.2
06.04.2002-12:00:00,06,04,2002,12,10129
06.04.2002-15:00:00,06,04,2002,15,10466
06.04.2002-18:00:00,06,04,2002,18,9395.1
06.04.2002-21:00:00,06,04,2002,21,8489
06.05.2002-00:00:00,06,05,2002,00,7965
06.05.2002-03:00:00,06,05,2002,03,7474.5
06.05.2002-06:00:00,06,05,2002,06,7212.7
06.05.2002-09:00:00,06,05,2002,09,9084.1
06.05.2002-12:00:00,06,05,2002,12,10420
06.05.2002-15:00:00,06,05,2002,15,10604
06.05.2002-18:00:00,06,05,2002,18,9728.8
06.05.2002-21:00:00,06,05,2002,21,8732.9
06.06.2002-00:00:00,06,06,2002,00,8277.3
06.06.2002-03:00:00,06,06,2002,03,7745.8
06.06.2002-06:00:00,06,06,2002,06,7603.6
06.06.2002-09:00:00,06,06,2002,09,9236.5
06.06.2002-12:00:00,06,06,2002,12,10484
06.06.2002-15:00:00,06,06,2002,15,10578
06.06.2002-18:00:00,06,06,2002,18,9493.5
06.06.2002-21:00:00,06,06,2002,21,8718
06.07.2002-00:00:00,06,07,2002,00,8104
06.07.2002-03:00:00,06,07,2002,03,7494
06.07.2002-06:00:00,06,07,2002,06,7112.8
06.07.2002-09:00:00,06,07,2002,09,7731.2
06.07.2002-12:00:00,06,07,2002,12,9147.5
06.07.2002-15:00:00,06,07,2002,15,8874.8
06.07.2002-18:00:00,06,07,2002,18,8229
06.07.2002-21:00:00,06,07,2002,21,7530.3
06.08.2002-00:00:00,06,08,2002,00,6955.6
06.08.2002-03:00:00,06,08,2002,03,6724.8
06.08.2002-06:00:00,06,08,2002,06,6373.9
06.08.2002-09:00:00,06,08,2002,09,6144.4
06.08.2002-12:00:00,06,08,2002,12,6010
06.08.2002-15:00:00,06,08,2002,15,6175.3
06.08.2002-18:00:00,06,08,2002,18,5832.2
06.08.2002-21:00:00,06,08,2002,21,5680.5
06.09.2002-00:00:00,06,09,2002,00,5497.7
06.09.2002-03:00:00,06,09,2002,03,5340.3
06.09.2002-06:00:00,06,09,2002,06,5182.8
06.09.2002-09:00:00,06,09,2002,09,5078.3
06.09.2002-12:00:00,06,09,2002,12,4995.3
06.09.2002-15:00:00,06,09,2002,15,5073.3
06.09.2002-18:00:00,06,09,2002,18,4937.7
06.09.2002-21:00:00,06,09,2002,21,4792.6
06.10.2002-00:00:00,06,10,2002,00,4649.3
06.10.2002-03:00:00,06,10,2002,03,4532.1
06.10.2002-06:00:00,06,10,2002,06,4457.5
06.10.2002-09:00:00,06,10,2002,09,5160.4
06.10.2002-12:00:00,06,10,2002,12,6260.9
06.10.2002-15:00:00,06,10,2002,15,6139.2
06.10.2002-18:00:00,06,10,2002,18,5539.8
06.10.2002-21:00:00,06,10,2002,21,5078.7
06.11.2002-00:00:00,06,11,2002,00,4843.5
06.11.2002-03:00:00,06,11,2002,03,4628.9
06.11.2002-06:00:00,06,11,2002,06,4639
06.11.2002-09:00:00,06,11,2002,09,6305.5
06.11.2002-12:00:00,06,11,2002,12,7814.4
06.11.2002-15:00:00,06,11,2002,15,7926.4
06.11.2002-18:00:00,06,11,2002,18,6968.3
06.11.2002-21:00:00,06,11,2002,21,6347.7
06.12.2002-00:00:00,06,12,2002,00,5847
06.12.2002-03:00:00,06,12,2002,03,5475.7
06.12.2002-06:00:00,06,12,2002,06,5301.5
06.12.2002-09:00:00,06,12,2002,09,6995.6
06.12.2002-12:00:00,06,12,2002,12,8165.2
06.12.2002-15:00:00,06,12,2002,15,8223.3
06.12.2002-18:00:00,06,12,2002,18,7470.3
06.12.2002-21:00:00,06,12,2002,21,6943.5
06.13.2002-00:00:00,06,13,2002,00,6339
06.13.2002-03:00:00,06,13,2002,03,6020.1
06.13.2002-06:00:00,06,13,2002,06,6123.1
06.13.2002-09:00:00,06,13,2002,09,7394.5
06.13.2002-12:00:00,06,13,2002,12,8792.9
06.13.2002-15:00:00,06,13,2002,15,8716.5
06.13.2002-18:00:00,06,13,2002,18,8148.9
06.13.2002-21:00:00,06,13,2002,21,7527.4
06.14.2002-00:00:00,06,14,2002,00,7000.6
06.14.2002-03:00:00,06,14,2002,03,6670.6
06.14.2002-06:00:00,06,14,2002,06,6702.7
06.14.2002-09:00:00,06,14,2002,09,7821.6
06.14.2002-12:00:00,06,14,2002,12,8922.6
06.14.2002-15:00:00,06,14,2002,15,9221.5
06.14.2002-18:00:00,06,14,2002,18,8585
06.14.2002-21:00:00,06,14,2002,21,8225.8
06.15.2002-00:00:00,06,15,2002,00,7571.1
06.15.2002-03:00:00,06,15,2002,03,7193
06.15.2002-06:00:00,06,15,2002,06,7423.8
06.15.2002-09:00:00,06,15,2002,09,8102.2
06.15.2002-12:00:00,06,15,2002,12,9390.7
06.15.2002-15:00:00,06,15,2002,15,9537.3
06.15.2002-18:00:00,06,15,2002,18,9360.2
06.15.2002-21:00:00,06,15,2002,21,8786.9
06.16.2002-00:00:00,06,16,2002,00,8337.7
06.16.2002-03:00:00,06,16,2002,03,7889.7
06.16.2002-06:00:00,06,16,2002,06,7803.7
06.16.2002-09:00:00,06,16,2002,09,8363.6
06.16.2002-12:00:00,06,16,2002,12,9325.3
06.16.2002-15:00:00,06,16,2002,15,9843.4
06.16.2002-18:00:00,06,16,2002,18,9679.6
06.16.2002-21:00:00,06,16,2002,21,9111.8
06.17.2002-00:00:00,06,17,2002,00,8652
06.17.2002-03:00:00,06,17,2002,03,8196.1
06.17.2002-06:00:00,06,17,2002,06,7915.6
06.17.2002-09:00:00,06,17,2002,09,8131
06.17.2002-12:00:00,06,17,2002,12,8559.1
06.17.2002-15:00:00,06,17,2002,15,8875.2
06.17.2002-18:00:00,06,17,2002,18,8700.6
06.17.2002-21:00:00,06,17,2002,21,8386.8
06.18.2002-00:00:00,06,18,2002,00,7941.2
06.18.2002-03:00:00,06,18,2002,03,7534
06.18.2002-06:00:00,06,18,2002,06,7351.7
06.18.2002-09:00:00,06,18,2002,09,7223.6
06.18.2002-12:00:00,06,18,2002,12,7372
06.18.2002-15:00:00,06,18,2002,15,7315.6
06.18.2002-18:00:00,06,18,2002,18,7125.1
06.18.2002-21:00:00,06,18,2002,21,6796.8
06.19.2002-00:00:00,06,19,2002,00,6556.8
06.19.2002-03:00:00,06,19,2002,03,6232
06.19.2002-06:00:00,06,19,2002,06,5989.4
06.19.2002-09:00:00,06,19,2002,09,5954.1
06.19.2002-12:00:00,06,19,2002,12,6023.1
06.19.2002-15:00:00,06,19,2002,15,5934.5
06.19.2002-18:00:00,06,19,2002,18,5719.4
06.19.2002-21:00:00,06,19,2002,21,5521.9
06.20.2002-00:00:00,06,20,2002,00,5381.7
06.20.2002-03:00:00,06,20,2002,03,5139.3
06.20.2002-06:00:00,06,20,2002,06,4891.4
06.20.2002-09:00:00,06,20,2002,09,4791.1
06.20.2002-12:00:00,06,20,2002,12,5007.7
06.20.2002-15:00:00,06,20,2002,15,5085.1
06.20.2002-18:00:00,06,20,2002,18,4920.7
06.20.2002-21:00:00,06,20,2002,21,4818
06.21.2002-00:00:00,06,21,2002,00,4735.8
06.21.2002-03:00:00,06,21,2002,03,4617.5
06.21.2002-06:00:00,06,21,2002,06,4362.6
06.21.2002-09:00:00,06,21,2002,09,4338
06.21.2002-12:00:00,06,21,2002,12,4542
06.21.2002-15:00:00,06,21,2002,15,4709.3
06.21.2002-18:00:00,06,21,2002,18,4721.9
06.21.2002-21:00:00,06,21,2002,21,4670.1
06.22.2002-00:00:00,06,22,2002,00,4584
06.22.2002-03:00:00,06,22,2002,03,4356.5
06.22.2002-06:00:00,06,22,2002,06,4132.5
06.22.2002-09:00:00,06,22,2002,09,4141.3
06.22.2002-12:00:00,06,22,2002,12,4373.8
06.22.2002-15:00:00,06,22,2002,15,4514
06.22.2002-18:00:00,06,22,2002,18,4623.5
06.22.2002-21:00:00,06,22,2002,21,4610.1
06.23.2002-00:00:00,06,23,2002,00,4608.3
06.23.2002-03:00:00,06,23,2002,03,4211.1
06.23.2002-06:00:00,06,23,2002,06,4106.7
06.23.2002-09:00:00,06,23,2002,09,3999
06.23.2002-12:00:00,06,23,2002,12,4033.6
06.23.2002-15:00:00,06,23,2002,15,4148.6
06.23.2002-18:00:00,06,23,2002,18,4479.9
06.23.2002-21:00:00,06,23,2002,21,4376.8
06.24.2002-00:00:00,06,24,2002,00,4226.4
06.24.2002-03:00:00,06,24,2002,03,3873.1
06.24.2002-06:00:00,06,24,2002,06,3744.6
06.24.2002-09:00:00,06,24,2002,09,3321.3
06.24.2002-12:00:00,06,24,2002,12,3426.9
06.24.2002-15:00:00,06,24,2002,15,3657.6
06.24.2002-18:00:00,06,24,2002,18,3989.2
06.24.2002-21:00:00,06,24,2002,21,3887.7
06.25.2002-00:00:00,06,25,2002,00,3758.2
06.25.2002-03:00:00,06,25,2002,03,3591
06.25.2002-06:00:00,06,25,2002,06,3438.1
06.25.2002-09:00:00,06,25,2002,09,3110.6
06.25.2002-12:00:00,06,25,2002,12,2956.9
06.25.2002-15:00:00,06,25,2002,15,3033.6
06.25.2002-18:00:00,06,25,2002,18,3185.8
06.25.2002-21:00:00,06,25,2002,21,3258.3
06.26.2002-00:00:00,06,26,2002,00,3302.3
06.26.2002-03:00:00,06,26,2002,03,3163
06.26.2002-06:00:00,06,26,2002,06,3028
06.26.2002-09:00:00,06,26,2002,09,2666.4
06.26.2002-12:00:00,06,26,2002,12,2551.6
06.26.2002-15:00:00,06,26,2002,15,2616.7
06.26.2002-18:00:00,06,26,2002,18,2883.6
06.26.2002-21:00:00,06,26,2002,21,2968.4
06.27.2002-00:00:00,06,27,2002,00,2961.6
06.27.2002-03:00:00,06,27,2002,03,2967.4
06.27.2002-06:00:00,06,27,2002,06,2734.1
06.27.2002-09:00:00,06,27,2002,09,2421.5
06.27.2002-12:00:00,06,27,2002,12,2303.7
06.27.2002-15:00:00,06,27,2002,15,2348.6
06.27.2002-18:00:00,06,27,2002,18,2600
06.27.2002-21:00:00,06,27,2002,21,2696.2
06.28.2002-00:00:00,06,28,2002,00,3038.7
06.28.2002-03:00:00,06,28,2002,03,3249.8
06.28.2002-06:00:00,06,28,2002,06,3333.5
06.28.2002-09:00:00,06,28,2002,09,3159.7
06.28.2002-12:00:00,06,28,2002,12,3002
06.28.2002-15:00:00,06,28,2002,15,2972.9
06.28.2002-18:00:00,06,28,2002,18,3238.6
06.28.2002-21:00:00,06,28,2002,21,3381.9
06.29.2002-00:00:00,06,29,2002,00,3092.1
06.29.2002-03:00:00,06,29,2002,03,2877.1
06.29.2002-06:00:00,06,29,2002,06,2848.6
06.29.2002-09:00:00,06,29,2002,09,2690.1
06.29.2002-12:00:00,06,29,2002,12,2633.8
06.29.2002-15:00:00,06,29,2002,15,2582.5
06.29.2002-18:00:00,06,29,2002,18,2673.1
06.29.2002-21:00:00,06,29,2002,21,2626.7
06.30.2002-00:00:00,06,30,2002,00,2656.1
06.30.2002-03:00:00,06,30,2002,03,2603.4
06.30.2002-06:00:00,06,30,2002,06,2532.1
06.30.2002-09:00:00,06,30,2002,09,2328
06.30.2002-12:00:00,06,30,2002,12,2227.5
06.30.2002-15:00:00,06,30,2002,15,2238.4
06.30.2002-18:00:00,06,30,2002,18,2373.2
06.30.2002-21:00:00,06,30,2002,21,2369.9
07.01.2002-00:00:00,07,01,2002,00,2432.7
07.01.2002-03:00:00,07,01,2002,03,2365.6
07.01.2002-06:00:00,07,01,2002,06,2304.8
07.01.2002-09:00:00,07,01,2002,09,2103.6
07.01.2002-12:00:00,07,01,2002,12,2040.8
07.01.2002-15:00:00,07,01,2002,15,2061.7
07.01.2002-18:00:00,07,01,2002,18,2195.1
07.01.2002-21:00:00,07,01,2002,21,2214.5
07.02.2002-00:00:00,07,02,2002,00,2278.4
07.02.2002-03:00:00,07,02,2002,03,2226.3
07.02.2002-06:00:00,07,02,2002,06,2156
07.02.2002-09:00:00,07,02,2002,09,1886.9
07.02.2002-12:00:00,07,02,2002,12,1804.8
07.02.2002-15:00:00,07,02,2002,15,1853.1
07.02.2002-18:00:00,07,02,2002,18,2029.4
07.02.2002-21:00:00,07,02,2002,21,2079.5
07.03.2002-00:00:00,07,03,2002,00,2135.2
07.03.2002-03:00:00,07,03,2002,03,2093.5
07.03.2002-06:00:00,07,03,2002,06,2023.3
07.03.2002-09:00:00,07,03,2002,09,1704.5
07.03.2002-12:00:00,07,03,2002,12,1621.2
07.03.2002-15:00:00,07,03,2002,15,1694.9
07.03.2002-18:00:00,07,03,2002,18,1893.7
07.03.2002-21:00:00,07,03,2002,21,1944.8
07.04.2002-00:00:00,07,04,2002,00,2012.1
07.04.2002-03:00:00,07,04,2002,03,1962.5
07.04.2002-06:00:00,07,04,2002,06,1893.4
07.04.2002-09:00:00,07,04,2002,09,1616.1
07.04.2002-12:00:00,07,04,2002,12,1540.1
07.04.2002-15:00:00,07,04,2002,15,1602
07.04.2002-18:00:00,07,04,2002,18,1778
07.04.2002-21:00:00,07,04,2002,21,1895.7
07.05.2002-00:00:00,07,05,2002,00,1894.3
07.05.2002-03:00:00,07,05,2002,03,1909.2
07.05.2002-06:00:00,07,05,2002,06,1803.5
07.05.2002-09:00:00,07,05,2002,09,1621.3
07.05.2002-12:00:00,07,05,2002,12,1477
07.05.2002-15:00:00,07,05,2002,15,1609.9
07.05.2002-18:00:00,07,05,2002,18,1720.2
07.05.2002-21:00:00,07,05,2002,21,1813.2
07.06.2002-00:00:00,07,06,2002,00,1866.2
07.06.2002-03:00:00,07,06,2002,03,1821.3
07.06.2002-06:00:00,07,06,2002,06,1766
07.06.2002-09:00:00,07,06,2002,09,1485.2
07.06.2002-12:00:00,07,06,2002,12,1408.5
07.06.2002-15:00:00,07,06,2002,15,1475
07.06.2002-18:00:00,07,06,2002,18,1642.4
07.06.2002-21:00:00,07,06,2002,21,1758.2
07.07.2002-00:00:00,07,07,2002,00,2073.2
07.07.2002-03:00:00,07,07,2002,03,2323.4
07.07.2002-06:00:00,07,07,2002,06,2326.3
07.07.2002-09:00:00,07,07,2002,09,2175.7
07.07.2002-12:00:00,07,07,2002,12,2014
07.07.2002-15:00:00,07,07,2002,15,2097.6
07.07.2002-18:00:00,07,07,2002,18,2263.3
07.07.2002-21:00:00,07,07,2002,21,2430.1
07.08.2002-00:00:00,07,08,2002,00,2053.6
07.08.2002-03:00:00,07,08,2002,03,1914.3
07.08.2002-06:00:00,07,08,2002,06,1721.9
07.08.2002-09:00:00,07,08,2002,09,1513.4
07.08.2002-12:00:00,07,08,2002,12,1342.7
07.08.2002-15:00:00,07,08,2002,15,1431.9
07.08.2002-18:00:00,07,08,2002,18,1551.4
07.08.2002-21:00:00,07,08,2002,21,1686.6
07.09.2002-00:00:00,07,09,2002,00,1697.6
07.09.2002-03:00:00,07,09,2002,03,1704.5
07.09.2002-06:00:00,07,09,2002,06,1594.8
07.09.2002-09:00:00,07,09,2002,09,1431.7
07.09.2002-12:00:00,07,09,2002,12,1318.5
07.09.2002-15:00:00,07,09,2002,15,1395.8
07.09.2002-18:00:00,07,09,2002,18,1555.2
07.09.2002-21:00:00,07,09,2002,21,1597.9
07.10.2002-00:00:00,07,10,2002,00,1634.2
07.10.2002-03:00:00,07,10,2002,03,1639.5
07.10.2002-06:00:00,07,10,2002,06,1508.5
07.10.2002-09:00:00,07,10,2002,09,1296.9
07.10.2002-12:00:00,07,10,2002,12,1174.8
07.10.2002-15:00:00,07,10,2002,15,1275.1
07.10.2002-18:00:00,07,10,2002,18,1422.8
07.10.2002-21:00:00,07,10,2002,21,1535.7
07.11.2002-00:00:00,07,11,2002,00,1557.6
07.11.2002-03:00:00,07,11,2002,03,1537.8
07.11.2002-06:00:00,07,11,2002,06,1429.7
07.11.2002-09:00:00,07,11,2002,09,1187.3
07.11.2002-12:00:00,07,11,2002,12,1118.7
07.11.2002-15:00:00,07,11,2002,15,1200.2
07.11.2002-18:00:00,07,11,2002,18,1376.2
07.11.2002-21:00:00,07,11,2002,21,1436.4
07.12.2002-00:00:00,07,12,2002,00,1482.7
07.12.2002-03:00:00,07,12,2002,03,1463.8
07.12.2002-06:00:00,07,12,2002,06,1325
07.12.2002-09:00:00,07,12,2002,09,1173.1
07.12.2002-12:00:00,07,12,2002,12,1128.4
07.12.2002-15:00:00,07,12,2002,15,1169.9
07.12.2002-18:00:00,07,12,2002,18,1326.7
07.12.2002-21:00:00,07,12,2002,21,1402.2
07.13.2002-00:00:00,07,13,2002,00,1433.8
07.13.2002-03:00:00,07,13,2002,03,1423.9
07.13.2002-06:00:00,07,13,2002,06,1277.7
07.13.2002-09:00:00,07,13,2002,09,1155.3
07.13.2002-12:00:00,07,13,2002,12,1086.4
07.13.2002-15:00:00,07,13,2002,15,1157.6
07.13.2002-18:00:00,07,13,2002,18,1276.7
07.13.2002-21:00:00,07,13,2002,21,1369.5
07.14.2002-00:00:00,07,14,2002,00,1387.2
07.14.2002-03:00:00,07,14,2002,03,1369.6
07.14.2002-06:00:00,07,14,2002,06,1228.8
07.14.2002-09:00:00,07,14,2002,09,1030.7
07.14.2002-12:00:00,07,14,2002,12,957.69
07.14.2002-15:00:00,07,14,2002,15,1044.6
07.14.2002-18:00:00,07,14,2002,18,1193.5
07.14.2002-21:00:00,07,14,2002,21,1306
07.15.2002-00:00:00,07,15,2002,00,1331
07.15.2002-03:00:00,07,15,2002,03,1341.7
07.15.2002-06:00:00,07,15,2002,06,1226.7
07.15.2002-09:00:00,07,15,2002,09,1030.3
07.15.2002-12:00:00,07,15,2002,12,950.99
07.15.2002-15:00:00,07,15,2002,15,1039.9
07.15.2002-18:00:00,07,15,2002,18,1187.4
07.15.2002-21:00:00,07,15,2002,21,1279.8
07.16.2002-00:00:00,07,16,2002,00,1302.4
07.16.2002-03:00:00,07,16,2002,03,1312.1
07.16.2002-06:00:00,07,16,2002,06,1189.4
07.16.2002-09:00:00,07,16,2002,09,990.64
07.16.2002-12:00:00,07,16,2002,12,927.79
07.16.2002-15:00:00,07,16,2002,15,1010.1
07.16.2002-18:00:00,07,16,2002,18,1151.1
07.16.2002-21:00:00,07,16,2002,21,1242.4
07.17.2002-00:00:00,07,17,2002,00,1266
07.17.2002-03:00:00,07,17,2002,03,1272.8
07.17.2002-06:00:00,07,17,2002,06,1147.5
07.17.2002-09:00:00,07,17,2002,09,955.33
07.17.2002-12:00:00,07,17,2002,12,898.52
07.17.2002-15:00:00,07,17,2002,15,977.13
07.17.2002-18:00:00,07,17,2002,18,1110.8
07.17.2002-21:00:00,07,17,2002,21,1207.7
07.18.2002-00:00:00,07,18,2002,00,1232.1
07.18.2002-03:00:00,07,18,2002,03,1236.3
07.18.2002-06:00:00,07,18,2002,06,1121.2
07.18.2002-09:00:00,07,18,2002,09,929.07
07.18.2002-12:00:00,07,18,2002,12,874.93
07.18.2002-15:00:00,07,18,2002,15,951.66
07.18.2002-18:00:00,07,18,2002,18,1081.3
07.18.2002-21:00:00,07,18,2002,21,1171.4
07.19.2002-00:00:00,07,19,2002,00,1207.2
07.19.2002-03:00:00,07,19,2002,03,1198.8
07.19.2002-06:00:00,07,19,2002,06,1091.9
07.19.2002-09:00:00,07,19,2002,09,901.66
07.19.2002-12:00:00,07,19,2002,12,831.03
07.19.2002-15:00:00,07,19,2002,15,927.18
07.19.2002-18:00:00,07,19,2002,18,1052.7
07.19.2002-21:00:00,07,19,2002,21,1142.1
07.20.2002-00:00:00,07,20,2002,00,1170.2
07.20.2002-03:00:00,07,20,2002,03,1173.1
07.20.2002-06:00:00,07,20,2002,06,1076.6
07.20.2002-09:00:00,07,20,2002,09,879.94
07.20.2002-12:00:00,07,20,2002,12,827.96
07.20.2002-15:00:00,07,20,2002,15,904.29
07.20.2002-18:00:00,07,20,2002,18,1031
07.20.2002-21:00:00,07,20,2002,21,1117.4
07.21.2002-00:00:00,07,21,2002,00,1145.6
07.21.2002-03:00:00,07,21,2002,03,1146.6
07.21.2002-06:00:00,07,21,2002,06,1047.2
07.21.2002-09:00:00,07,21,2002,09,860.29
07.21.2002-12:00:00,07,21,2002,12,792.09
07.21.2002-15:00:00,07,21,2002,15,886.88
07.21.2002-18:00:00,07,21,2002,18,1009.6
07.21.2002-21:00:00,07,21,2002,21,1087.6
07.22.2002-00:00:00,07,22,2002,00,1113
07.22.2002-03:00:00,07,22,2002,03,1113.7
07.22.2002-06:00:00,07,22,2002,06,1018.4
07.22.2002-09:00:00,07,22,2002,09,837.54
07.22.2002-12:00:00,07,22,2002,12,787.07
07.22.2002-15:00:00,07,22,2002,15,872.42
07.22.2002-18:00:00,07,22,2002,18,979.18
07.22.2002-21:00:00,07,22,2002,21,1061.8
07.23.2002-00:00:00,07,23,2002,00,1081.5
07.23.2002-03:00:00,07,23,2002,03,1082.5
07.23.2002-06:00:00,07,23,2002,06,982.3
07.23.2002-09:00:00,07,23,2002,09,809.55
07.23.2002-12:00:00,07,23,2002,12,759.95
07.23.2002-15:00:00,07,23,2002,15,845.8
07.23.2002-18:00:00,07,23,2002,18,949.3
07.23.2002-21:00:00,07,23,2002,21,1029.3
07.24.2002-00:00:00,07,24,2002,00,1051.1
07.24.2002-03:00:00,07,24,2002,03,1052.1
07.24.2002-06:00:00,07,24,2002,06,935.32
07.24.2002-09:00:00,07,24,2002,09,779.17
07.24.2002-12:00:00,07,24,2002,12,722.66
07.24.2002-15:00:00,07,24,2002,15,798.86
07.24.2002-18:00:00,07,24,2002,18,919.68
07.24.2002-21:00:00,07,24,2002,21,987.98
07.25.2002-00:00:00,07,25,2002,00,1023.8
07.25.2002-03:00:00,07,25,2002,03,1022.8
07.25.2002-06:00:00,07,25,2002,06,916.28
07.25.2002-09:00:00,07,25,2002,09,748.72
07.25.2002-12:00:00,07,25,2002,12,704.61
07.25.2002-15:00:00,07,25,2002,15,770.91
07.25.2002-18:00:00,07,25,2002,18,897.36
07.25.2002-21:00:00,07,25,2002,21,961.83
07.26.2002-00:00:00,07,26,2002,00,995.43
07.26.2002-03:00:00,07,26,2002,03,996.26
07.26.2002-06:00:00,07,26,2002,06,889.73
07.26.2002-09:00:00,07,26,2002,09,730.47
07.26.2002-12:00:00,07,26,2002,12,672.83
07.26.2002-15:00:00,07,26,2002,15,746.13
07.26.2002-18:00:00,07,26,2002,18,869.16
07.26.2002-21:00:00,07,26,2002,21,934.66
07.27.2002-00:00:00,07,27,2002,00,965.57
07.27.2002-03:00:00,07,27,2002,03,969.73
07.27.2002-06:00:00,07,27,2002,06,877.9
07.27.2002-09:00:00,07,27,2002,09,718.84
07.27.2002-12:00:00,07,27,2002,12,663.09
07.27.2002-15:00:00,07,27,2002,15,748.38
07.27.2002-18:00:00,07,27,2002,18,857.57
07.27.2002-21:00:00,07,27,2002,21,922.44
07.28.2002-00:00:00,07,28,2002,00,947.19
07.28.2002-03:00:00,07,28,2002,03,952.06
07.28.2002-06:00:00,07,28,2002,06,857.26
07.28.2002-09:00:00,07,28,2002,09,701.24
07.28.2002-12:00:00,07,28,2002,12,644.87
07.28.2002-15:00:00,07,28,2002,15,722.94
07.28.2002-18:00:00,07,28,2002,18,839.92
07.28.2002-21:00:00,07,28,2002,21,894.9
07.29.2002-00:00:00,07,29,2002,00,922.43
07.29.2002-03:00:00,07,29,2002,03,916.12
07.29.2002-06:00:00,07,29,2002,06,848.34
07.29.2002-09:00:00,07,29,2002,09,743.58
07.29.2002-12:00:00,07,29,2002,12,703.83
07.29.2002-15:00:00,07,29,2002,15,761.73
07.29.2002-18:00:00,07,29,2002,18,840.29
07.29.2002-21:00:00,07,29,2002,21,901.19
07.30.2002-00:00:00,07,30,2002,00,920.95
07.30.2002-03:00:00,07,30,2002,03,909.86
07.30.2002-06:00:00,07,30,2002,06,849.87
07.30.2002-09:00:00,07,30,2002,09,771.92
07.30.2002-12:00:00,07,30,2002,12,733.64
07.30.2002-15:00:00,07,30,2002,15,780.14
07.30.2002-18:00:00,07,30,2002,18,830.65
07.30.2002-21:00:00,07,30,2002,21,893.32
07.31.2002-00:00:00,07,31,2002,00,914.16
07.31.2002-03:00:00,07,31,2002,03,903.05
07.31.2002-06:00:00,07,31,2002,06,814.93
07.31.2002-09:00:00,07,31,2002,09,676.38
07.31.2002-12:00:00,07,31,2002,12,625.19
07.31.2002-15:00:00,07,31,2002,15,693.6
07.31.2002-18:00:00,07,31,2002,18,793.89
07.31.2002-21:00:00,07,31,2002,21,844.64
08.01.2002-00:00:00,08,01,2002,00,869.06
08.01.2002-03:00:00,08,01,2002,03,874.15
08.01.2002-06:00:00,08,01,2002,06,815.76
08.01.2002-09:00:00,08,01,2002,09,661.57
08.01.2002-12:00:00,08,01,2002,12,596.41
08.01.2002-15:00:00,08,01,2002,15,667.43
08.01.2002-18:00:00,08,01,2002,18,770.28
08.01.2002-21:00:00,08,01,2002,21,825.79
08.02.2002-00:00:00,08,02,2002,00,835.91
08.02.2002-03:00:00,08,02,2002,03,840.96
08.02.2002-06:00:00,08,02,2002,06,782.24
08.02.2002-09:00:00,08,02,2002,09,638.01
08.02.2002-12:00:00,08,02,2002,12,576.43
08.02.2002-15:00:00,08,02,2002,15,643.18
08.02.2002-18:00:00,08,02,2002,18,747.18
08.02.2002-21:00:00,08,02,2002,21,802.39
08.03.2002-00:00:00,08,03,2002,00,813.62
08.03.2002-03:00:00,08,03,2002,03,812.96
08.03.2002-06:00:00,08,03,2002,06,767.77
08.03.2002-09:00:00,08,03,2002,09,647.21
08.03.2002-12:00:00,08,03,2002,12,596.26
08.03.2002-15:00:00,08,03,2002,15,659.48
08.03.2002-18:00:00,08,03,2002,18,745.86
08.03.2002-21:00:00,08,03,2002,21,792.95
08.04.2002-00:00:00,08,04,2002,00,813.72
08.04.2002-03:00:00,08,04,2002,03,867.51
08.04.2002-06:00:00,08,04,2002,06,851.08
08.04.2002-09:00:00,08,04,2002,09,744.51
08.04.2002-12:00:00,08,04,2002,12,642.3
08.04.2002-15:00:00,08,04,2002,15,696.43
08.04.2002-18:00:00,08,04,2002,18,801.58
08.04.2002-21:00:00,08,04,2002,21,857.88
08.05.2002-00:00:00,08,05,2002,00,818.73
08.05.2002-03:00:00,08,05,2002,03,807.48
08.05.2002-06:00:00,08,05,2002,06,758.84
08.05.2002-09:00:00,08,05,2002,09,665.34
08.05.2002-12:00:00,08,05,2002,12,594.38
08.05.2002-15:00:00,08,05,2002,15,642.77
08.05.2002-18:00:00,08,05,2002,18,725.39
08.05.2002-21:00:00,08,05,2002,21,765.56
08.06.2002-00:00:00,08,06,2002,00,776.02
08.06.2002-03:00:00,08,06,2002,03,783.36
08.06.2002-06:00:00,08,06,2002,06,741.17
08.06.2002-09:00:00,08,06,2002,09,617.84
08.06.2002-12:00:00,08,06,2002,12,565.05
08.06.2002-15:00:00,08,06,2002,15,623.44
08.06.2002-18:00:00,08,06,2002,18,704.37
08.06.2002-21:00:00,08,06,2002,21,749.13
08.07.2002-00:00:00,08,07,2002,00,754.26
08.07.2002-03:00:00,08,07,2002,03,755.59
08.07.2002-06:00:00,08,07,2002,06,723.85
08.07.2002-09:00:00,08,07,2002,09,632.22
08.07.2002-12:00:00,08,07,2002,12,594.35
08.07.2002-15:00:00,08,07,2002,15,645.49
08.07.2002-18:00:00,08,07,2002,18,706.47
08.07.2002-21:00:00,08,07,2002,21,738.85
08.08.2002-00:00:00,08,08,2002,00,754.34
08.08.2002-03:00:00,08,08,2002,03,752.02
08.08.2002-06:00:00,08,08,2002,06,699.86
08.08.2002-09:00:00,08,08,2002,09,581.12
08.08.2002-12:00:00,08,08,2002,12,530.45
08.08.2002-15:00:00,08,08,2002,15,581.66
08.08.2002-18:00:00,08,08,2002,18,656.69
08.08.2002-21:00:00,08,08,2002,21,708.9
08.09.2002-00:00:00,08,09,2002,00,716.95
08.09.2002-03:00:00,08,09,2002,03,712.03
08.09.2002-06:00:00,08,09,2002,06,652.51
08.09.2002-09:00:00,08,09,2002,09,530.09
08.09.2002-12:00:00,08,09,2002,12,489.86
08.09.2002-15:00:00,08,09,2002,15,531.67
08.09.2002-18:00:00,08,09,2002,18,611.38
08.09.2002-21:00:00,08,09,2002,21,663.28
08.10.2002-00:00:00,08,10,2002,00,681.85
08.10.2002-03:00:00,08,10,2002,03,680.67
08.10.2002-06:00:00,08,10,2002,06,614.89
08.10.2002-09:00:00,08,10,2002,09,499.73
08.10.2002-12:00:00,08,10,2002,12,468.03
08.10.2002-15:00:00,08,10,2002,15,504.72
08.10.2002-18:00:00,08,10,2002,18,580.23
08.10.2002-21:00:00,08,10,2002,21,635.15
08.11.2002-00:00:00,08,11,2002,00,656.27
08.11.2002-03:00:00,08,11,2002,03,654.56
08.11.2002-06:00:00,08,11,2002,06,602.24
08.11.2002-09:00:00,08,11,2002,09,491.44
08.11.2002-12:00:00,08,11,2002,12,459.26
08.11.2002-15:00:00,08,11,2002,15,497.79
08.11.2002-18:00:00,08,11,2002,18,569.97
08.11.2002-21:00:00,08,11,2002,21,619.2
08.12.2002-00:00:00,08,12,2002,00,642.11
08.12.2002-03:00:00,08,12,2002,03,640.38
08.12.2002-06:00:00,08,12,2002,06,591.06
08.12.2002-09:00:00,08,12,2002,09,482.63
08.12.2002-12:00:00,08,12,2002,12,451.23
08.12.2002-15:00:00,08,12,2002,15,489.16
08.12.2002-18:00:00,08,12,2002,18,557.54
08.12.2002-21:00:00,08,12,2002,21,603.57
08.13.2002-00:00:00,08,13,2002,00,625.17
08.13.2002-03:00:00,08,13,2002,03,621.28
08.13.2002-06:00:00,08,13,2002,06,567.59
08.13.2002-09:00:00,08,13,2002,09,464.53
08.13.2002-12:00:00,08,13,2002,12,436.52
08.13.2002-15:00:00,08,13,2002,15,468.7
08.13.2002-18:00:00,08,13,2002,18,536.42
08.13.2002-21:00:00,08,13,2002,21,578.17
08.14.2002-00:00:00,08,14,2002,00,602.09
08.14.2002-03:00:00,08,14,2002,03,600.94
08.14.2002-06:00:00,08,14,2002,06,542.8
08.14.2002-09:00:00,08,14,2002,09,453.8
08.14.2002-12:00:00,08,14,2002,12,449.89
08.14.2002-15:00:00,08,14,2002,15,465.28
08.14.2002-18:00:00,08,14,2002,18,523.17
08.14.2002-21:00:00,08,14,2002,21,568.47
08.15.2002-00:00:00,08,15,2002,00,590.87
08.15.2002-03:00:00,08,15,2002,03,584.05
08.15.2002-06:00:00,08,15,2002,06,530.35
08.15.2002-09:00:00,08,15,2002,09,436.84
08.15.2002-12:00:00,08,15,2002,12,413.83
08.15.2002-15:00:00,08,15,2002,15,439.41
08.15.2002-18:00:00,08,15,2002,18,503.23
08.15.2002-21:00:00,08,15,2002,21,542.3
08.16.2002-00:00:00,08,16,2002,00,562.3
08.16.2002-03:00:00,08,16,2002,03,567.11
08.16.2002-06:00:00,08,16,2002,06,526.05
08.16.2002-09:00:00,08,16,2002,09,433.72
08.16.2002-12:00:00,08,16,2002,12,409.18
08.16.2002-15:00:00,08,16,2002,15,436.82
08.16.2002-18:00:00,08,16,2002,18,495.89
08.16.2002-21:00:00,08,16,2002,21,530.42
08.17.2002-00:00:00,08,17,2002,00,549.71
08.17.2002-03:00:00,08,17,2002,03,552.76
08.17.2002-06:00:00,08,17,2002,06,517.97
08.17.2002-09:00:00,08,17,2002,09,430.29
08.17.2002-12:00:00,08,17,2002,12,405.84
08.17.2002-15:00:00,08,17,2002,15,434.11
08.17.2002-18:00:00,08,17,2002,18,489.44
08.17.2002-21:00:00,08,17,2002,21,520.52
08.18.2002-00:00:00,08,18,2002,00,539.42
08.18.2002-03:00:00,08,18,2002,03,543.8
08.18.2002-06:00:00,08,18,2002,06,510.44
08.18.2002-09:00:00,08,18,2002,09,419.84
08.18.2002-12:00:00,08,18,2002,12,396.5
08.18.2002-15:00:00,08,18,2002,15,421.26
08.18.2002-18:00:00,08,18,2002,18,480.15
08.18.2002-21:00:00,08,18,2002,21,507.83
08.19.2002-00:00:00,08,19,2002,00,523.78
08.19.2002-03:00:00,08,19,2002,03,528.87
08.19.2002-06:00:00,08,19,2002,06,499.27
08.19.2002-09:00:00,08,19,2002,09,414.52
08.19.2002-12:00:00,08,19,2002,12,392.12
08.19.2002-15:00:00,08,19,2002,15,415.74
08.19.2002-18:00:00,08,19,2002,18,472.47
08.19.2002-21:00:00,08,19,2002,21,497.42
08.20.2002-00:00:00,08,20,2002,00,511.69
08.20.2002-03:00:00,08,20,2002,03,516.2
08.20.2002-06:00:00,08,20,2002,06,486.89
08.20.2002-09:00:00,08,20,2002,09,406.23
08.20.2002-12:00:00,08,20,2002,12,385.82
08.20.2002-15:00:00,08,20,2002,15,406.44
08.20.2002-18:00:00,08,20,2002,18,462.47
08.20.2002-21:00:00,08,20,2002,21,486.27
08.21.2002-00:00:00,08,21,2002,00,498.6
08.21.2002-03:00:00,08,21,2002,03,501.23
08.21.2002-06:00:00,08,21,2002,06,479.57
08.21.2002-09:00:00,08,21,2002,09,415.28
08.21.2002-12:00:00,08,21,2002,12,396.04
08.21.2002-15:00:00,08,21,2002,15,420.64
08.21.2002-18:00:00,08,21,2002,18,464.39
08.21.2002-21:00:00,08,21,2002,21,483.24
08.22.2002-00:00:00,08,22,2002,00,497.9
08.22.2002-03:00:00,08,22,2002,03,500.87
08.22.2002-06:00:00,08,22,2002,06,473.13
08.22.2002-09:00:00,08,22,2002,09,408.68
08.22.2002-12:00:00,08,22,2002,12,390.55
08.22.2002-15:00:00,08,22,2002,15,413.2
08.22.2002-18:00:00,08,22,2002,18,455.43
08.22.2002-21:00:00,08,22,2002,21,473.93
08.23.2002-00:00:00,08,23,2002,00,485.07
08.23.2002-03:00:00,08,23,2002,03,486.26
08.23.2002-06:00:00,08,23,2002,06,456.34
08.23.2002-09:00:00,08,23,2002,09,389.93
08.23.2002-12:00:00,08,23,2002,12,374.04
08.23.2002-15:00:00,08,23,2002,15,388.45
08.23.2002-18:00:00,08,23,2002,18,436.28
08.23.2002-21:00:00,08,23,2002,21,457.28
08.24.2002-00:00:00,08,24,2002,00,470.08
08.24.2002-03:00:00,08,24,2002,03,465.58
08.24.2002-06:00:00,08,24,2002,06,438.49
08.24.2002-09:00:00,08,24,2002,09,378.25
08.24.2002-12:00:00,08,24,2002,12,362.8
08.24.2002-15:00:00,08,24,2002,15,378.27
08.24.2002-18:00:00,08,24,2002,18,417.64
08.24.2002-21:00:00,08,24,2002,21,443.54
08.25.2002-00:00:00,08,25,2002,00,497.63
08.25.2002-03:00:00,08,25,2002,03,553.87
08.25.2002-06:00:00,08,25,2002,06,554.44
08.25.2002-09:00:00,08,25,2002,09,503.48
08.25.2002-12:00:00,08,25,2002,12,444.75
08.25.2002-15:00:00,08,25,2002,15,448.38
08.25.2002-18:00:00,08,25,2002,18,537.31
08.25.2002-21:00:00,08,25,2002,21,580.72
08.26.2002-00:00:00,08,26,2002,00,551.57
08.26.2002-03:00:00,08,26,2002,03,539.67
08.26.2002-06:00:00,08,26,2002,06,506.03
08.26.2002-09:00:00,08,26,2002,09,447.45
08.26.2002-12:00:00,08,26,2002,12,391.44
08.26.2002-15:00:00,08,26,2002,15,404.52
08.26.2002-18:00:00,08,26,2002,18,467.79
08.26.2002-21:00:00,08,26,2002,21,492.37
08.27.2002-00:00:00,08,27,2002,00,469.69
08.27.2002-03:00:00,08,27,2002,03,460.76
08.27.2002-06:00:00,08,27,2002,06,432.04
08.27.2002-09:00:00,08,27,2002,09,384.78
08.27.2002-12:00:00,08,27,2002,12,362.29
08.27.2002-15:00:00,08,27,2002,15,369.14
08.27.2002-18:00:00,08,27,2002,18,408.24
08.27.2002-21:00:00,08,27,2002,21,426.49
08.28.2002-00:00:00,08,28,2002,00,440.53
08.28.2002-03:00:00,08,28,2002,03,439.28
08.28.2002-06:00:00,08,28,2002,06,413.71
08.28.2002-09:00:00,08,28,2002,09,360.84
08.28.2002-12:00:00,08,28,2002,12,347.43
08.28.2002-15:00:00,08,28,2002,15,360.67
08.28.2002-18:00:00,08,28,2002,18,389.34
08.28.2002-21:00:00,08,28,2002,21,412.16
08.29.2002-00:00:00,08,29,2002,00,423.67
08.29.2002-03:00:00,08,29,2002,03,423.26
08.29.2002-06:00:00,08,29,2002,06,397.39
08.29.2002-09:00:00,08,29,2002,09,352.21
08.29.2002-12:00:00,08,29,2002,12,336.68
08.29.2002-15:00:00,08,29,2002,15,355.99
08.29.2002-18:00:00,08,29,2002,18,374.59
08.29.2002-21:00:00,08,29,2002,21,402.52
08.30.2002-00:00:00,08,30,2002,00,452.4
08.30.2002-03:00:00,08,30,2002,03,500.79
08.30.2002-06:00:00,08,30,2002,06,496.2
08.30.2002-09:00:00,08,30,2002,09,461.79
08.30.2002-12:00:00,08,30,2002,12,411.18
08.30.2002-15:00:00,08,30,2002,15,419.2
08.30.2002-18:00:00,08,30,2002,18,492.64
08.30.2002-21:00:00,08,30,2002,21,519.75
08.31.2002-00:00:00,08,31,2002,00,453.31
08.31.2002-03:00:00,08,31,2002,03,430.79
08.31.2002-06:00:00,08,31,2002,06,403.18
08.31.2002-09:00:00,08,31,2002,09,365.55
08.31.2002-12:00:00,08,31,2002,12,340.97
08.31.2002-15:00:00,08,31,2002,15,355.57
08.31.2002-18:00:00,08,31,2002,18,374.46
08.31.2002-21:00:00,08,31,2002,21,399.33
09.01.2002-00:00:00,09,01,2002,00,402.34
09.01.2002-03:00:00,09,01,2002,03,409.7
09.01.2002-06:00:00,09,01,2002,06,393.44
09.01.2002-09:00:00,09,01,2002,09,345.79
09.01.2002-12:00:00,09,01,2002,12,322.83
09.01.2002-15:00:00,09,01,2002,15,343.92
09.01.2002-18:00:00,09,01,2002,18,361.27
09.01.2002-21:00:00,09,01,2002,21,380.75
09.02.2002-00:00:00,09,02,2002,00,403.51
09.02.2002-03:00:00,09,02,2002,03,434.02
09.02.2002-06:00:00,09,02,2002,06,431.73
09.02.2002-09:00:00,09,02,2002,09,404.41
09.02.2002-12:00:00,09,02,2002,12,380.48
09.02.2002-15:00:00,09,02,2002,15,385.12
09.02.2002-18:00:00,09,02,2002,18,431.57
09.02.2002-21:00:00,09,02,2002,21,442.74
09.03.2002-00:00:00,09,03,2002,00,415.39
09.03.2002-03:00:00,09,03,2002,03,407.76
09.03.2002-06:00:00,09,03,2002,06,391.58
09.03.2002-09:00:00,09,03,2002,09,351.13
09.03.2002-12:00:00,09,03,2002,12,326.77
09.03.2002-15:00:00,09,03,2002,15,340.08
09.03.2002-18:00:00,09,03,2002,18,362.64
09.03.2002-21:00:00,09,03,2002,21,376.52
09.04.2002-00:00:00,09,04,2002,00,388.69
09.04.2002-03:00:00,09,04,2002,03,393.72
09.04.2002-06:00:00,09,04,2002,06,385.88
09.04.2002-09:00:00,09,04,2002,09,344.5
09.04.2002-12:00:00,09,04,2002,12,327.17
09.04.2002-15:00:00,09,04,2002,15,338.29
09.04.2002-18:00:00,09,04,2002,18,365.94
09.04.2002-21:00:00,09,04,2002,21,375.27
09.05.2002-00:00:00,09,05,2002,00,387.19
09.05.2002-03:00:00,09,05,2002,03,388.84
09.05.2002-06:00:00,09,05,2002,06,381.15
09.05.2002-09:00:00,09,05,2002,09,342.9
09.05.2002-12:00:00,09,05,2002,12,325.67
09.05.2002-15:00:00,09,05,2002,15,335.48
09.05.2002-18:00:00,09,05,2002,18,363.08
09.05.2002-21:00:00,09,05,2002,21,370.56
09.06.2002-00:00:00,09,06,2002,00,381.69
09.06.2002-03:00:00,09,06,2002,03,382.2
09.06.2002-06:00:00,09,06,2002,06,372.41
09.06.2002-09:00:00,09,06,2002,09,334.02
09.06.2002-12:00:00,09,06,2002,12,315.22
09.06.2002-15:00:00,09,06,2002,15,331.77
09.06.2002-18:00:00,09,06,2002,18,350.05
09.06.2002-21:00:00,09,06,2002,21,361.3
09.07.2002-00:00:00,09,07,2002,00,370.68
09.07.2002-03:00:00,09,07,2002,03,375.77
09.07.2002-06:00:00,09,07,2002,06,367.37
09.07.2002-09:00:00,09,07,2002,09,327.89
09.07.2002-12:00:00,09,07,2002,12,308.03
09.07.2002-15:00:00,09,07,2002,15,325.04
09.07.2002-18:00:00,09,07,2002,18,343.71
09.07.2002-21:00:00,09,07,2002,21,352.04
09.08.2002-00:00:00,09,08,2002,00,362.5
09.08.2002-03:00:00,09,08,2002,03,367.15
09.08.2002-06:00:00,09,08,2002,06,361.3
09.08.2002-09:00:00,09,08,2002,09,324.23
09.08.2002-12:00:00,09,08,2002,12,305.08
09.08.2002-15:00:00,09,08,2002,15,321.98
09.08.2002-18:00:00,09,08,2002,18,339.42
09.08.2002-21:00:00,09,08,2002,21,346.76
09.09.2002-00:00:00,09,09,2002,00,356.77
09.09.2002-03:00:00,09,09,2002,03,360.66
09.09.2002-06:00:00,09,09,2002,06,355.45
09.09.2002-09:00:00,09,09,2002,09,322.75
09.09.2002-12:00:00,09,09,2002,12,305.1
09.09.2002-15:00:00,09,09,2002,15,320.1
09.09.2002-18:00:00,09,09,2002,18,335.77
09.09.2002-21:00:00,09,09,2002,21,342.75
09.10.2002-00:00:00,09,10,2002,00,352.16
09.10.2002-03:00:00,09,10,2002,03,352.85
09.10.2002-06:00:00,09,10,2002,06,341.98
09.10.2002-09:00:00,09,10,2002,09,309.67
09.10.2002-12:00:00,09,10,2002,12,291.78
09.10.2002-15:00:00,09,10,2002,15,305.6
09.10.2002-18:00:00,09,10,2002,18,325.05
09.10.2002-21:00:00,09,10,2002,21,332.02
09.11.2002-00:00:00,09,11,2002,00,335.18
09.11.2002-03:00:00,09,11,2002,03,340.4
09.11.2002-06:00:00,09,11,2002,06,332.69
09.11.2002-09:00:00,09,11,2002,09,297.96
09.11.2002-12:00:00,09,11,2002,12,286.35
09.11.2002-15:00:00,09,11,2002,15,291.68
09.11.2002-18:00:00,09,11,2002,18,312.36
09.11.2002-21:00:00,09,11,2002,21,325.16
09.12.2002-00:00:00,09,12,2002,00,326.82
09.12.2002-03:00:00,09,12,2002,03,328
09.12.2002-06:00:00,09,12,2002,06,317.99
09.12.2002-09:00:00,09,12,2002,09,290.79
09.12.2002-12:00:00,09,12,2002,12,274.1
09.12.2002-15:00:00,09,12,2002,15,283.5
09.12.2002-18:00:00,09,12,2002,18,303.77
09.12.2002-21:00:00,09,12,2002,21,316.05
09.13.2002-00:00:00,09,13,2002,00,320.1
09.13.2002-03:00:00,09,13,2002,03,320.45
09.13.2002-06:00:00,09,13,2002,06,308.07
09.13.2002-09:00:00,09,13,2002,09,279.15
09.13.2002-12:00:00,09,13,2002,12,267.35
09.13.2002-15:00:00,09,13,2002,15,276.4
09.13.2002-18:00:00,09,13,2002,18,297.35
09.13.2002-21:00:00,09,13,2002,21,307.12
09.14.2002-00:00:00,09,14,2002,00,313.36
09.14.2002-03:00:00,09,14,2002,03,314.72
09.14.2002-06:00:00,09,14,2002,06,303.67
09.14.2002-09:00:00,09,14,2002,09,274.88
09.14.2002-12:00:00,09,14,2002,12,263.54
09.14.2002-15:00:00,09,14,2002,15,272.99
09.14.2002-18:00:00,09,14,2002,18,292.71
09.14.2002-21:00:00,09,14,2002,21,302.45
09.15.2002-00:00:00,09,15,2002,00,306.92
09.15.2002-03:00:00,09,15,2002,03,308.58
09.15.2002-06:00:00,09,15,2002,06,297.11
09.15.2002-09:00:00,09,15,2002,09,270.96
09.15.2002-12:00:00,09,15,2002,12,260.72
09.15.2002-15:00:00,09,15,2002,15,269.89
09.15.2002-18:00:00,09,15,2002,18,287.94
09.15.2002-21:00:00,09,15,2002,21,297.3
09.16.2002-00:00:00,09,16,2002,00,300.93
09.16.2002-03:00:00,09,16,2002,03,303.14
09.16.2002-06:00:00,09,16,2002,06,292.12
09.16.2002-09:00:00,09,16,2002,09,267.45
09.16.2002-12:00:00,09,16,2002,12,257.69
09.16.2002-15:00:00,09,16,2002,15,266.76
09.16.2002-18:00:00,09,16,2002,18,284.01
09.16.2002-21:00:00,09,16,2002,21,293.19
09.17.2002-00:00:00,09,17,2002,00,295.7
09.17.2002-03:00:00,09,17,2002,03,298.31
09.17.2002-06:00:00,09,17,2002,06,289.51
09.17.2002-09:00:00,09,17,2002,09,267.52
09.17.2002-12:00:00,09,17,2002,12,258.26
09.17.2002-15:00:00,09,17,2002,15,267.05
09.17.2002-18:00:00,09,17,2002,18,284.53
09.17.2002-21:00:00,09,17,2002,21,291.24
09.18.2002-00:00:00,09,18,2002,00,293.24
09.18.2002-03:00:00,09,18,2002,03,294.88
09.18.2002-06:00:00,09,18,2002,06,288.99
09.18.2002-09:00:00,09,18,2002,09,264.41
09.18.2002-12:00:00,09,18,2002,12,253.7
09.18.2002-15:00:00,09,18,2002,15,263.35
09.18.2002-18:00:00,09,18,2002,18,281.78
09.18.2002-21:00:00,09,18,2002,21,287.89
09.19.2002-00:00:00,09,19,2002,00,288.92
09.19.2002-03:00:00,09,19,2002,03,290.53
09.19.2002-06:00:00,09,19,2002,06,285.14
09.19.2002-09:00:00,09,19,2002,09,258.98
09.19.2002-12:00:00,09,19,2002,12,248.16
09.19.2002-15:00:00,09,19,2002,15,258.13
09.19.2002-18:00:00,09,19,2002,18,275.38
09.19.2002-21:00:00,09,19,2002,21,283.61
09.20.2002-00:00:00,09,20,2002,00,284.72
09.20.2002-03:00:00,09,20,2002,03,285.28
09.20.2002-06:00:00,09,20,2002,06,278.71
09.20.2002-09:00:00,09,20,2002,09,253.52
09.20.2002-12:00:00,09,20,2002,12,242.74
09.20.2002-15:00:00,09,20,2002,15,252.86
09.20.2002-18:00:00,09,20,2002,18,269.92
09.20.2002-21:00:00,09,20,2002,21,277.84
09.21.2002-00:00:00,09,21,2002,00,280.59
09.21.2002-03:00:00,09,21,2002,03,281.4
09.21.2002-06:00:00,09,21,2002,06,277.21
09.21.2002-09:00:00,09,21,2002,09,253.02
09.21.2002-12:00:00,09,21,2002,12,242.31
09.21.2002-15:00:00,09,21,2002,15,252.33
09.21.2002-18:00:00,09,21,2002,18,269.24
09.21.2002-21:00:00,09,21,2002,21,276.21
09.22.2002-00:00:00,09,22,2002,00,277.18
09.22.2002-03:00:00,09,22,2002,03,277.77
09.22.2002-06:00:00,09,22,2002,06,273.71
09.22.2002-09:00:00,09,22,2002,09,253.54
09.22.2002-12:00:00,09,22,2002,12,244.93
09.22.2002-15:00:00,09,22,2002,15,254.16
09.22.2002-18:00:00,09,22,2002,18,270.34
09.22.2002-21:00:00,09,22,2002,21,273.3
09.23.2002-00:00:00,09,23,2002,00,273.92
09.23.2002-03:00:00,09,23,2002,03,274.54
09.23.2002-06:00:00,09,23,2002,06,268.65
09.23.2002-09:00:00,09,23,2002,09,246.05
09.23.2002-12:00:00,09,23,2002,12,237.1
09.23.2002-15:00:00,09,23,2002,15,246.21
09.23.2002-18:00:00,09,23,2002,18,261.88
09.23.2002-21:00:00,09,23,2002,21,267.8
09.24.2002-00:00:00,09,24,2002,00,269.78
09.24.2002-03:00:00,09,24,2002,03,270.48
09.24.2002-06:00:00,09,24,2002,06,263
09.24.2002-09:00:00,09,24,2002,09,237.04
09.24.2002-12:00:00,09,24,2002,12,227.81
09.24.2002-15:00:00,09,24,2002,15,238.31
09.24.2002-18:00:00,09,24,2002,18,254.96
09.24.2002-21:00:00,09,24,2002,21,260.07
09.25.2002-00:00:00,09,25,2002,00,262.76
09.25.2002-03:00:00,09,25,2002,03,265.76
09.25.2002-06:00:00,09,25,2002,06,259.12
09.25.2002-09:00:00,09,25,2002,09,236.09
09.25.2002-12:00:00,09,25,2002,12,227.22
09.25.2002-15:00:00,09,25,2002,15,236.9
09.25.2002-18:00:00,09,25,2002,18,251.99
09.25.2002-21:00:00,09,25,2002,21,257.49
09.26.2002-00:00:00,09,26,2002,00,260.24
09.26.2002-03:00:00,09,26,2002,03,261.93
09.26.2002-06:00:00,09,26,2002,06,256.4
09.26.2002-09:00:00,09,26,2002,09,234.58
09.26.2002-12:00:00,09,26,2002,12,225.89
09.26.2002-15:00:00,09,26,2002,15,235.38
09.26.2002-18:00:00,09,26,2002,18,249.93
09.26.2002-21:00:00,09,26,2002,21,254.75
09.27.2002-00:00:00,09,27,2002,00,257.54
09.27.2002-03:00:00,09,27,2002,03,258.38
09.27.2002-06:00:00,09,27,2002,06,253.54
09.27.2002-09:00:00,09,27,2002,09,236.55
09.27.2002-12:00:00,09,27,2002,12,229.85
09.27.2002-15:00:00,09,27,2002,15,237.58
09.27.2002-18:00:00,09,27,2002,18,251.5
09.27.2002-21:00:00,09,27,2002,21,254.24
09.28.2002-00:00:00,09,28,2002,00,254.69
09.28.2002-03:00:00,09,28,2002,03,255.56
09.28.2002-06:00:00,09,28,2002,06,251.52
09.28.2002-09:00:00,09,28,2002,09,231.7
09.28.2002-12:00:00,09,28,2002,12,224.02
09.28.2002-15:00:00,09,28,2002,15,232.4
09.28.2002-18:00:00,09,28,2002,18,246.64
09.28.2002-21:00:00,09,28,2002,21,249.92
09.29.2002-00:00:00,09,29,2002,00,251.39
09.29.2002-03:00:00,09,29,2002,03,252.6
09.29.2002-06:00:00,09,29,2002,06,247.32
09.29.2002-09:00:00,09,29,2002,09,223.55
09.29.2002-12:00:00,09,29,2002,12,214.58
09.29.2002-15:00:00,09,29,2002,15,225.13
09.29.2002-18:00:00,09,29,2002,18,239.24
09.29.2002-21:00:00,09,29,2002,21,244.37
09.30.2002-00:00:00,09,30,2002,00,245.65
09.30.2002-03:00:00,09,30,2002,03,248.14
09.30.2002-06:00:00,09,30,2002,06,245.81
09.30.2002-09:00:00,09,30,2002,09,230.99
09.30.2002-12:00:00,09,30,2002,12,223.03
09.30.2002-15:00:00,09,30,2002,15,230.26
09.30.2002-18:00:00,09,30,2002,18,243.1
09.30.2002-21:00:00,09,30,2002,21,245.14
