TIMESTAMP,MONTH,DAY,YEAR,HOUR,C
10.01.2001-00:00:00,10,01,2001,00,27106
10.01.2001-03:00:00,10,01,2001,03,27858
10.01.2001-06:00:00,10,01,2001,06,28175
10.01.2001-09:00:00,10,01,2001,09,27416
10.01.2001-12:00:00,10,01,2001,12,26183
10.01.2001-15:00:00,10,01,2001,15,25423
10.01.2001-18:00:00,10,01,2001,18,25535
10.01.2001-21:00:00,10,01,2001,21,26203
10.02.2001-00:00:00,10,02,2001,00,27011
10.02.2001-03:00:00,10,02,2001,03,27708
10.02.2001-06:00:00,10,02,2001,06,27960
10.02.2001-09:00:00,10,02,2001,09,27191
10.02.2001-12:00:00,10,02,2001,12,25980
10.02.2001-15:00:00,10,02,2001,15,25237
10.02.2001-18:00:00,10,02,2001,18,25354
10.02.2001-21:00:00,10,02,2001,21,26016
10.03.2001-00:00:00,10,03,2001,00,26816
10.03.2001-03:00:00,10,03,2001,03,27511
10.03.2001-06:00:00,10,03,2001,06,27845
10.03.2001-09:00:00,10,03,2001,09,27123
10.03.2001-12:00:00,10,03,2001,12,25923
10.03.2001-15:00:00,10,03,2001,15,25184
10.03.2001-18:00:00,10,03,2001,18,25292
10.03.2001-21:00:00,10,03,2001,21,25932
10.04.2001-00:00:00,10,04,2001,00,26710
10.04.2001-03:00:00,10,04,2001,03,27385
10.04.2001-06:00:00,10,04,2001,06,27784
10.04.2001-09:00:00,10,04,2001,09,27134
10.04.2001-12:00:00,10,04,2001,12,25978
10.04.2001-15:00:00,10,04,2001,15,25273
10.04.2001-18:00:00,10,04,2001,18,25386
10.04.2001-21:00:00,10,04,2001,21,26001
10.05.2001-00:00:00,10,05,2001,00,26752
10.05.2001-03:00:00,10,05,2001,03,27389
10.05.2001-06:00:00,10,05,2001,06,27818
10.05.2001-09:00:00,10,05,2001,09,27207
10.05.2001-12:00:00,10,05,2001,12,26081
10.05.2001-15:00:00,10,05,2001,15,25423
10.05.2001-18:00:00,10,05,2001,18,25547
10.05.2001-21:00:00,10,05,2001,21,26141
10.06.2001-00:00:00,10,06,2001,00,26838
10.06.2001-03:00:00,10,06,2001,03,27420
10.06.2001-06:00:00,10,06,2001,06,27794
10.06.2001-09:00:00,10,06,2001,09,27214
10.06.2001-12:00:00,10,06,2001,12,26160
10.06.2001-15:00:00,10,06,2001,15,25568
10.06.2001-18:00:00,10,06,2001,18,25709
10.06.2001-21:00:00,10,06,2001,21,26268
10.07.2001-00:00:00,10,07,2001,00,26910
10.07.2001-03:00:00,10,07,2001,03,27425
10.07.2001-06:00:00,10,07,2001,06,27731
10.07.2001-09:00:00,10,07,2001,09,27245
10.07.2001-12:00:00,10,07,2001,12,26364
10.07.2001-15:00:00,10,07,2001,15,25882
10.07.2001-18:00:00,10,07,2001,18,26040
10.07.2001-21:00:00,10,07,2001,21,26550
10.08.2001-00:00:00,10,08,2001,00,27117
10.08.2001-03:00:00,10,08,2001,03,27542
10.08.2001-06:00:00,10,08,2001,06,27823
10.08.2001-09:00:00,10,08,2001,09,28055
10.08.2001-12:00:00,10,08,2001,12,27564
10.08.2001-15:00:00,10,08,2001,15,27084
10.08.2001-18:00:00,10,08,2001,18,27035
10.08.2001-21:00:00,10,08,2001,21,27282
10.09.2001-00:00:00,10,09,2001,00,27587
10.09.2001-03:00:00,10,09,2001,03,27830
10.09.2001-06:00:00,10,09,2001,06,27858
10.09.2001-09:00:00,10,09,2001,09,27396
10.09.2001-12:00:00,10,09,2001,12,26513
10.09.2001-15:00:00,10,09,2001,15,25950
10.09.2001-18:00:00,10,09,2001,18,26000
10.09.2001-21:00:00,10,09,2001,21,26414
10.10.2001-00:00:00,10,10,2001,00,27023
10.10.2001-03:00:00,10,10,2001,03,27379
10.10.2001-06:00:00,10,10,2001,06,27631
10.10.2001-09:00:00,10,10,2001,09,29865
10.10.2001-12:00:00,10,10,2001,12,33213
10.10.2001-15:00:00,10,10,2001,15,34405
10.10.2001-18:00:00,10,10,2001,18,33659
10.10.2001-21:00:00,10,10,2001,21,32033
10.11.2001-00:00:00,10,11,2001,00,30361
10.11.2001-03:00:00,10,11,2001,03,29307
10.11.2001-06:00:00,10,11,2001,06,28786
10.11.2001-09:00:00,10,11,2001,09,29352
10.11.2001-12:00:00,10,11,2001,12,31496
10.11.2001-15:00:00,10,11,2001,15,33088
10.11.2001-18:00:00,10,11,2001,18,33132
10.11.2001-21:00:00,10,11,2001,21,32091
10.12.2001-00:00:00,10,12,2001,00,30755
10.12.2001-03:00:00,10,12,2001,03,29729
10.12.2001-06:00:00,10,12,2001,06,29104
10.12.2001-09:00:00,10,12,2001,09,29223
10.12.2001-12:00:00,10,12,2001,12,31398
10.12.2001-15:00:00,10,12,2001,15,33423
10.12.2001-18:00:00,10,12,2001,18,33984
10.12.2001-21:00:00,10,12,2001,21,33349
10.13.2001-00:00:00,10,13,2001,00,32322
10.13.2001-03:00:00,10,13,2001,03,31435
10.13.2001-06:00:00,10,13,2001,06,30979
10.13.2001-09:00:00,10,13,2001,09,31989
10.13.2001-12:00:00,10,13,2001,12,33527
10.13.2001-15:00:00,10,13,2001,15,34042
10.13.2001-18:00:00,10,13,2001,18,33478
10.13.2001-21:00:00,10,13,2001,21,32416
10.14.2001-00:00:00,10,14,2001,00,31390
10.14.2001-03:00:00,10,14,2001,03,30612
10.14.2001-06:00:00,10,14,2001,06,30028
10.14.2001-09:00:00,10,14,2001,09,29511
10.14.2001-12:00:00,10,14,2001,12,28759
10.14.2001-15:00:00,10,14,2001,15,28100
10.14.2001-18:00:00,10,14,2001,18,27865
10.14.2001-21:00:00,10,14,2001,21,27928
10.15.2001-00:00:00,10,15,2001,00,28093
10.15.2001-03:00:00,10,15,2001,03,28231
10.15.2001-06:00:00,10,15,2001,06,28304
10.15.2001-09:00:00,10,15,2001,09,27932
10.15.2001-12:00:00,10,15,2001,12,27158
10.15.2001-15:00:00,10,15,2001,15,26651
10.15.2001-18:00:00,10,15,2001,18,26630
10.15.2001-21:00:00,10,15,2001,21,26917
10.16.2001-00:00:00,10,16,2001,00,27295
10.16.2001-03:00:00,10,16,2001,03,27609
10.16.2001-06:00:00,10,16,2001,06,27794
10.16.2001-09:00:00,10,16,2001,09,27241
10.16.2001-12:00:00,10,16,2001,12,26328
10.16.2001-15:00:00,10,16,2001,15,25794
10.16.2001-18:00:00,10,16,2001,18,25848
10.16.2001-21:00:00,10,16,2001,21,26247
10.17.2001-00:00:00,10,17,2001,00,26731
10.17.2001-03:00:00,10,17,2001,03,27125
10.17.2001-06:00:00,10,17,2001,06,27375
10.17.2001-09:00:00,10,17,2001,09,27134
10.17.2001-12:00:00,10,17,2001,12,26675
10.17.2001-15:00:00,10,17,2001,15,26437
10.17.2001-18:00:00,10,17,2001,18,26550
10.17.2001-21:00:00,10,17,2001,21,26847
10.18.2001-00:00:00,10,18,2001,00,27149
10.18.2001-03:00:00,10,18,2001,03,27365
10.18.2001-06:00:00,10,18,2001,06,27418
10.18.2001-09:00:00,10,18,2001,09,26836
10.18.2001-12:00:00,10,18,2001,12,25973
10.18.2001-15:00:00,10,18,2001,15,25454
10.18.2001-18:00:00,10,18,2001,18,25495
10.18.2001-21:00:00,10,18,2001,21,25881
10.19.2001-00:00:00,10,19,2001,00,26352
10.19.2001-03:00:00,10,19,2001,03,26742
10.19.2001-06:00:00,10,19,2001,06,26994
10.19.2001-09:00:00,10,19,2001,09,26955
10.19.2001-12:00:00,10,19,2001,12,26334
10.19.2001-15:00:00,10,19,2001,15,25789
10.19.2001-18:00:00,10,19,2001,18,25720
10.19.2001-21:00:00,10,19,2001,21,25998
10.20.2001-00:00:00,10,20,2001,00,26393
10.20.2001-03:00:00,10,20,2001,03,26724
10.20.2001-06:00:00,10,20,2001,06,26941
10.20.2001-09:00:00,10,20,2001,09,26580
10.20.2001-12:00:00,10,20,2001,12,25802
10.20.2001-15:00:00,10,20,2001,15,25322
10.20.2001-18:00:00,10,20,2001,18,25352
10.20.2001-21:00:00,10,20,2001,21,25695
10.21.2001-00:00:00,10,21,2001,00,26119
10.21.2001-03:00:00,10,21,2001,03,26465
10.21.2001-06:00:00,10,21,2001,06,26691
10.21.2001-09:00:00,10,21,2001,09,28082
10.21.2001-12:00:00,10,21,2001,12,28472
10.21.2001-15:00:00,10,21,2001,15,28288
10.21.2001-18:00:00,10,21,2001,18,27929
10.21.2001-21:00:00,10,21,2001,21,27577
10.22.2001-00:00:00,10,22,2001,00,27572
10.22.2001-03:00:00,10,22,2001,03,27506
10.22.2001-06:00:00,10,22,2001,06,27393
10.22.2001-09:00:00,10,22,2001,09,28261
10.22.2001-12:00:00,10,22,2001,12,30237
10.22.2001-15:00:00,10,22,2001,15,30972
10.22.2001-18:00:00,10,22,2001,18,30431
10.22.2001-21:00:00,10,22,2001,21,29472
10.23.2001-00:00:00,10,23,2001,00,28568
10.23.2001-03:00:00,10,23,2001,03,27992
10.23.2001-06:00:00,10,23,2001,06,27842
10.23.2001-09:00:00,10,23,2001,09,28867
10.23.2001-12:00:00,10,23,2001,12,32498
10.23.2001-15:00:00,10,23,2001,15,34983
10.23.2001-18:00:00,10,23,2001,18,34934
10.23.2001-21:00:00,10,23,2001,21,33173
10.24.2001-00:00:00,10,24,2001,00,30960
10.24.2001-03:00:00,10,24,2001,03,29307
10.24.2001-06:00:00,10,24,2001,06,28360
10.24.2001-09:00:00,10,24,2001,09,27793
10.24.2001-12:00:00,10,24,2001,12,27530
10.24.2001-15:00:00,10,24,2001,15,27422
10.24.2001-18:00:00,10,24,2001,18,27328
10.24.2001-21:00:00,10,24,2001,21,27288
10.25.2001-00:00:00,10,25,2001,00,27267
10.25.2001-03:00:00,10,25,2001,03,27253
10.25.2001-06:00:00,10,25,2001,06,27224
10.25.2001-09:00:00,10,25,2001,09,27290
10.25.2001-12:00:00,10,25,2001,12,28044
10.25.2001-15:00:00,10,25,2001,15,28854
10.25.2001-18:00:00,10,25,2001,18,29156
10.25.2001-21:00:00,10,25,2001,21,29179
10.26.2001-00:00:00,10,26,2001,00,28706
10.26.2001-03:00:00,10,26,2001,03,28205
10.26.2001-06:00:00,10,26,2001,06,27817
10.26.2001-09:00:00,10,26,2001,09,27798
10.26.2001-12:00:00,10,26,2001,12,28157
10.26.2001-15:00:00,10,26,2001,15,28406
10.26.2001-18:00:00,10,26,2001,18,28361
10.26.2001-21:00:00,10,26,2001,21,28144
10.27.2001-00:00:00,10,27,2001,00,27765
10.27.2001-03:00:00,10,27,2001,03,27455
10.27.2001-06:00:00,10,27,2001,06,27232
10.27.2001-09:00:00,10,27,2001,09,27110
10.27.2001-12:00:00,10,27,2001,12,27455
10.27.2001-15:00:00,10,27,2001,15,27285
10.27.2001-18:00:00,10,27,2001,18,27094
10.27.2001-21:00:00,10,27,2001,21,27022
10.28.2001-00:00:00,10,28,2001,00,26963
10.28.2001-03:00:00,10,28,2001,03,26925
10.28.2001-06:00:00,10,28,2001,06,26885
10.28.2001-09:00:00,10,28,2001,09,26711
10.28.2001-12:00:00,10,28,2001,12,26663
10.28.2001-15:00:00,10,28,2001,15,26558
10.28.2001-18:00:00,10,28,2001,18,26547
10.28.2001-21:00:00,10,28,2001,21,26613
10.29.2001-00:00:00,10,29,2001,00,26648
10.29.2001-03:00:00,10,29,2001,03,26676
10.29.2001-06:00:00,10,29,2001,06,26675
10.29.2001-09:00:00,10,29,2001,09,26591
10.29.2001-12:00:00,10,29,2001,12,26463
10.29.2001-15:00:00,10,29,2001,15,26435
10.29.2001-18:00:00,10,29,2001,18,26461
10.29.2001-21:00:00,10,29,2001,21,26508
10.30.2001-00:00:00,10,30,2001,00,26520
10.30.2001-03:00:00,10,30,2001,03,26538
10.30.2001-06:00:00,10,30,2001,06,26526
10.30.2001-09:00:00,10,30,2001,09,26558
10.30.2001-12:00:00,10,30,2001,12,26635
10.30.2001-15:00:00,10,30,2001,15,26686
10.30.2001-18:00:00,10,30,2001,18,26650
10.30.2001-21:00:00,10,30,2001,21,26613
10.31.2001-00:00:00,10,31,2001,00,27058
10.31.2001-03:00:00,10,31,2001,03,27651
10.31.2001-06:00:00,10,31,2001,06,28298
10.31.2001-09:00:00,10,31,2001,09,30153
10.31.2001-12:00:00,10,31,2001,12,34127
10.31.2001-15:00:00,10,31,2001,15,37926
10.31.2001-18:00:00,10,31,2001,18,39084
10.31.2001-21:00:00,10,31,2001,21,37654
11.01.2001-00:00:00,11,01,2001,00,34108
11.01.2001-03:00:00,11,01,2001,03,31087
11.01.2001-06:00:00,11,01,2001,06,29157
11.01.2001-09:00:00,11,01,2001,09,28084
11.01.2001-12:00:00,11,01,2001,12,27492
11.01.2001-15:00:00,11,01,2001,15,27272
11.01.2001-18:00:00,11,01,2001,18,27183
11.01.2001-21:00:00,11,01,2001,21,27146
11.02.2001-00:00:00,11,02,2001,00,27079
11.02.2001-03:00:00,11,02,2001,03,27021
11.02.2001-06:00:00,11,02,2001,06,26959
11.02.2001-09:00:00,11,02,2001,09,26774
11.02.2001-12:00:00,11,02,2001,12,26688
11.02.2001-15:00:00,11,02,2001,15,26717
11.02.2001-18:00:00,11,02,2001,18,26687
11.02.2001-21:00:00,11,02,2001,21,26676
11.03.2001-00:00:00,11,03,2001,00,26664
11.03.2001-03:00:00,11,03,2001,03,26678
11.03.2001-06:00:00,11,03,2001,06,26678
11.03.2001-09:00:00,11,03,2001,09,26532
11.03.2001-12:00:00,11,03,2001,12,26468
11.03.2001-15:00:00,11,03,2001,15,26445
11.03.2001-18:00:00,11,03,2001,18,26459
11.03.2001-21:00:00,11,03,2001,21,26510
11.04.2001-00:00:00,11,04,2001,00,26522
11.04.2001-03:00:00,11,04,2001,03,26530
11.04.2001-06:00:00,11,04,2001,06,26500
11.04.2001-09:00:00,11,04,2001,09,26354
11.04.2001-12:00:00,11,04,2001,12,26683
11.04.2001-15:00:00,11,04,2001,15,26709
11.04.2001-18:00:00,11,04,2001,18,26635
11.04.2001-21:00:00,11,04,2001,21,26622
11.05.2001-00:00:00,11,05,2001,00,26534
11.05.2001-03:00:00,11,05,2001,03,26464
11.05.2001-06:00:00,11,05,2001,06,26416
11.05.2001-09:00:00,11,05,2001,09,26256
11.05.2001-12:00:00,11,05,2001,12,26120
11.05.2001-15:00:00,11,05,2001,15,26070
11.05.2001-18:00:00,11,05,2001,18,26078
11.05.2001-21:00:00,11,05,2001,21,26127
11.06.2001-00:00:00,11,06,2001,00,26145
11.06.2001-03:00:00,11,06,2001,03,26170
11.06.2001-06:00:00,11,06,2001,06,26172
11.06.2001-09:00:00,11,06,2001,09,26094
11.06.2001-12:00:00,11,06,2001,12,25975
11.06.2001-15:00:00,11,06,2001,15,25920
11.06.2001-18:00:00,11,06,2001,18,25921
11.06.2001-21:00:00,11,06,2001,21,25965
11.07.2001-00:00:00,11,07,2001,00,25986
11.07.2001-03:00:00,11,07,2001,03,26007
11.07.2001-06:00:00,11,07,2001,06,26006
11.07.2001-09:00:00,11,07,2001,09,25985
11.07.2001-12:00:00,11,07,2001,12,25885
11.07.2001-15:00:00,11,07,2001,15,25863
11.07.2001-18:00:00,11,07,2001,18,25862
11.07.2001-21:00:00,11,07,2001,21,25877
11.08.2001-00:00:00,11,08,2001,00,25872
11.08.2001-03:00:00,11,08,2001,03,25874
11.08.2001-06:00:00,11,08,2001,06,25860
11.08.2001-09:00:00,11,08,2001,09,25781
11.08.2001-12:00:00,11,08,2001,12,25701
11.08.2001-15:00:00,11,08,2001,15,25624
11.08.2001-18:00:00,11,08,2001,18,25620
11.08.2001-21:00:00,11,08,2001,21,25663
11.09.2001-00:00:00,11,09,2001,00,25666
11.09.2001-03:00:00,11,09,2001,03,25681
11.09.2001-06:00:00,11,09,2001,06,25674
11.09.2001-09:00:00,11,09,2001,09,25628
11.09.2001-12:00:00,11,09,2001,12,25562
11.09.2001-15:00:00,11,09,2001,15,25511
11.09.2001-18:00:00,11,09,2001,18,25493
11.09.2001-21:00:00,11,09,2001,21,25510
11.10.2001-00:00:00,11,10,2001,00,25507
11.10.2001-03:00:00,11,10,2001,03,25524
11.10.2001-06:00:00,11,10,2001,06,25522
11.10.2001-09:00:00,11,10,2001,09,25491
11.10.2001-12:00:00,11,10,2001,12,25421
11.10.2001-15:00:00,11,10,2001,15,25385
11.10.2001-18:00:00,11,10,2001,18,25365
11.10.2001-21:00:00,11,10,2001,21,25384
11.11.2001-00:00:00,11,11,2001,00,25372
11.11.2001-03:00:00,11,11,2001,03,25382
11.11.2001-06:00:00,11,11,2001,06,25375
11.11.2001-09:00:00,11,11,2001,09,25340
11.11.2001-12:00:00,11,11,2001,12,25306
11.11.2001-15:00:00,11,11,2001,15,25277
11.11.2001-18:00:00,11,11,2001,18,25244
11.11.2001-21:00:00,11,11,2001,21,25249
11.12.2001-00:00:00,11,12,2001,00,25230
11.12.2001-03:00:00,11,12,2001,03,25238
11.12.2001-06:00:00,11,12,2001,06,25232
11.12.2001-09:00:00,11,12,2001,09,25242
11.12.2001-12:00:00,11,12,2001,12,25156
11.12.2001-15:00:00,11,12,2001,15,25128
11.12.2001-18:00:00,11,12,2001,18,25116
11.12.2001-21:00:00,11,12,2001,21,25126
11.13.2001-00:00:00,11,13,2001,00,25181
11.13.2001-03:00:00,11,13,2001,03,25236
11.13.2001-06:00:00,11,13,2001,06,25271
11.13.2001-09:00:00,11,13,2001,09,25383
11.13.2001-12:00:00,11,13,2001,12,25702
11.13.2001-15:00:00,11,13,2001,15,25974
11.13.2001-18:00:00,11,13,2001,18,26106
11.13.2001-21:00:00,11,13,2001,21,26191
11.14.2001-00:00:00,11,14,2001,00,29521
11.14.2001-03:00:00,11,14,2001,03,33671
11.14.2001-06:00:00,11,14,2001,06,38226
11.14.2001-09:00:00,11,14,2001,09,45153
11.14.2001-12:00:00,11,14,2001,12,55063
11.14.2001-15:00:00,11,14,2001,15,65008
11.14.2001-18:00:00,11,14,2001,18,72494
11.14.2001-21:00:00,11,14,2001,21,77762
11.15.2001-00:00:00,11,15,2001,00,70663
11.15.2001-03:00:00,11,15,2001,03,59538
11.15.2001-06:00:00,11,15,2001,06,49359
11.15.2001-09:00:00,11,15,2001,09,42941
11.15.2001-12:00:00,11,15,2001,12,40598
11.15.2001-15:00:00,11,15,2001,15,39406
11.15.2001-18:00:00,11,15,2001,18,38079
11.15.2001-21:00:00,11,15,2001,21,36555
11.16.2001-00:00:00,11,16,2001,00,34867
11.16.2001-03:00:00,11,16,2001,03,33504
11.16.2001-06:00:00,11,16,2001,06,32647
11.16.2001-09:00:00,11,16,2001,09,32072
11.16.2001-12:00:00,11,16,2001,12,31674
11.16.2001-15:00:00,11,16,2001,15,31492
11.16.2001-18:00:00,11,16,2001,18,31433
11.16.2001-21:00:00,11,16,2001,21,31425
11.17.2001-00:00:00,11,17,2001,00,31437
11.17.2001-03:00:00,11,17,2001,03,31454
11.17.2001-06:00:00,11,17,2001,06,31467
11.17.2001-09:00:00,11,17,2001,09,31386
11.17.2001-12:00:00,11,17,2001,12,31308
11.17.2001-15:00:00,11,17,2001,15,31321
11.17.2001-18:00:00,11,17,2001,18,31347
11.17.2001-21:00:00,11,17,2001,21,31407
11.18.2001-00:00:00,11,18,2001,00,31452
11.18.2001-03:00:00,11,18,2001,03,31515
11.18.2001-06:00:00,11,18,2001,06,31543
11.18.2001-09:00:00,11,18,2001,09,31560
11.18.2001-12:00:00,11,18,2001,12,31508
11.18.2001-15:00:00,11,18,2001,15,31546
11.18.2001-18:00:00,11,18,2001,18,31568
11.18.2001-21:00:00,11,18,2001,21,31616
11.19.2001-00:00:00,11,19,2001,00,31649
11.19.2001-03:00:00,11,19,2001,03,31706
11.19.2001-06:00:00,11,19,2001,06,31738
11.19.2001-09:00:00,11,19,2001,09,31791
11.19.2001-12:00:00,11,19,2001,12,31809
11.19.2001-15:00:00,11,19,2001,15,31830
11.19.2001-18:00:00,11,19,2001,18,31832
11.19.2001-21:00:00,11,19,2001,21,31840
11.20.2001-00:00:00,11,20,2001,00,31852
11.20.2001-03:00:00,11,20,2001,03,31879
11.20.2001-06:00:00,11,20,2001,06,31890
11.20.2001-09:00:00,11,20,2001,09,32187
11.20.2001-12:00:00,11,20,2001,12,32954
11.20.2001-15:00:00,11,20,2001,15,33440
11.20.2001-18:00:00,11,20,2001,18,33694
11.20.2001-21:00:00,11,20,2001,21,34009
11.21.2001-00:00:00,11,21,2001,00,33538
11.21.2001-03:00:00,11,21,2001,03,33176
11.21.2001-06:00:00,11,21,2001,06,32873
11.21.2001-09:00:00,11,21,2001,09,32687
11.21.2001-12:00:00,11,21,2001,12,32730
11.21.2001-15:00:00,11,21,2001,15,32910
11.21.2001-18:00:00,11,21,2001,18,32924
11.21.2001-21:00:00,11,21,2001,21,32817
11.22.2001-00:00:00,11,22,2001,00,33359
11.22.2001-03:00:00,11,22,2001,03,33798
11.22.2001-06:00:00,11,22,2001,06,33955
11.22.2001-09:00:00,11,22,2001,09,35120
11.22.2001-12:00:00,11,22,2001,12,36814
11.22.2001-15:00:00,11,22,2001,15,37867
11.22.2001-18:00:00,11,22,2001,18,38097
11.22.2001-21:00:00,11,22,2001,21,37654
11.23.2001-00:00:00,11,23,2001,00,36423
11.23.2001-03:00:00,11,23,2001,03,35402
11.23.2001-06:00:00,11,23,2001,06,34685
11.23.2001-09:00:00,11,23,2001,09,34174
11.23.2001-12:00:00,11,23,2001,12,33725
11.23.2001-15:00:00,11,23,2001,15,33526
11.23.2001-18:00:00,11,23,2001,18,33413
11.23.2001-21:00:00,11,23,2001,21,33375
11.24.2001-00:00:00,11,24,2001,00,33364
11.24.2001-03:00:00,11,24,2001,03,33353
11.24.2001-06:00:00,11,24,2001,06,33340
11.24.2001-09:00:00,11,24,2001,09,33318
11.24.2001-12:00:00,11,24,2001,12,33287
11.24.2001-15:00:00,11,24,2001,15,33286
11.24.2001-18:00:00,11,24,2001,18,33269
11.24.2001-21:00:00,11,24,2001,21,33252
11.25.2001-00:00:00,11,25,2001,00,33241
11.25.2001-03:00:00,11,25,2001,03,33233
11.25.2001-06:00:00,11,25,2001,06,33209
11.25.2001-09:00:00,11,25,2001,09,33185
11.25.2001-12:00:00,11,25,2001,12,33121
11.25.2001-15:00:00,11,25,2001,15,33119
11.25.2001-18:00:00,11,25,2001,18,33101
11.25.2001-21:00:00,11,25,2001,21,33110
11.26.2001-00:00:00,11,26,2001,00,33085
11.26.2001-03:00:00,11,26,2001,03,33073
11.26.2001-06:00:00,11,26,2001,06,33059
11.26.2001-09:00:00,11,26,2001,09,33040
11.26.2001-12:00:00,11,26,2001,12,33009
11.26.2001-15:00:00,11,26,2001,15,32992
11.26.2001-18:00:00,11,26,2001,18,32966
11.26.2001-21:00:00,11,26,2001,21,32956
11.27.2001-00:00:00,11,27,2001,00,32941
11.27.2001-03:00:00,11,27,2001,03,32920
11.27.2001-06:00:00,11,27,2001,06,32884
11.27.2001-09:00:00,11,27,2001,09,32871
11.27.2001-12:00:00,11,27,2001,12,32833
11.27.2001-15:00:00,11,27,2001,15,32819
11.27.2001-18:00:00,11,27,2001,18,32798
11.27.2001-21:00:00,11,27,2001,21,32771
11.28.2001-00:00:00,11,28,2001,00,32734
11.28.2001-03:00:00,11,28,2001,03,32724
11.28.2001-06:00:00,11,28,2001,06,32694
11.28.2001-09:00:00,11,28,2001,09,32667
11.28.2001-12:00:00,11,28,2001,12,32638
11.28.2001-15:00:00,11,28,2001,15,32610
11.28.2001-18:00:00,11,28,2001,18,32571
11.28.2001-21:00:00,11,28,2001,21,32551
11.29.2001-00:00:00,11,29,2001,00,32508
11.29.2001-03:00:00,11,29,2001,03,32481
11.29.2001-06:00:00,11,29,2001,06,32448
11.29.2001-09:00:00,11,29,2001,09,32420
11.29.2001-12:00:00,11,29,2001,12,32383
11.29.2001-15:00:00,11,29,2001,15,32351
11.29.2001-18:00:00,11,29,2001,18,32314
11.29.2001-21:00:00,11,29,2001,21,32287
11.30.2001-00:00:00,11,30,2001,00,32248
11.30.2001-03:00:00,11,30,2001,03,32214
11.30.2001-06:00:00,11,30,2001,06,32177
11.30.2001-09:00:00,11,30,2001,09,32150
11.30.2001-12:00:00,11,30,2001,12,32104
11.30.2001-15:00:00,11,30,2001,15,32076
11.30.2001-18:00:00,11,30,2001,18,32039
11.30.2001-21:00:00,11,30,2001,21,32001
12.01.2001-00:00:00,12,01,2001,00,31964
12.01.2001-03:00:00,12,01,2001,03,31924
12.01.2001-06:00:00,12,01,2001,06,31884
12.01.2001-09:00:00,12,01,2001,09,31855
12.01.2001-12:00:00,12,01,2001,12,31806
12.01.2001-15:00:00,12,01,2001,15,31776
12.01.2001-18:00:00,12,01,2001,18,31736
12.01.2001-21:00:00,12,01,2001,21,31699
12.02.2001-00:00:00,12,02,2001,00,31654
12.02.2001-03:00:00,12,02,2001,03,31629
12.02.2001-06:00:00,12,02,2001,06,31589
12.02.2001-09:00:00,12,02,2001,09,31545
12.02.2001-12:00:00,12,02,2001,12,31503
12.02.2001-15:00:00,12,02,2001,15,31469
12.02.2001-18:00:00,12,02,2001,18,31426
12.02.2001-21:00:00,12,02,2001,21,31399
12.03.2001-00:00:00,12,03,2001,00,31342
12.03.2001-03:00:00,12,03,2001,03,31325
12.03.2001-06:00:00,12,03,2001,06,31281
12.03.2001-09:00:00,12,03,2001,09,31245
12.03.2001-12:00:00,12,03,2001,12,31199
12.03.2001-15:00:00,12,03,2001,15,31164
12.03.2001-18:00:00,12,03,2001,18,31120
12.03.2001-21:00:00,12,03,2001,21,31089
12.04.2001-00:00:00,12,04,2001,00,31039
12.04.2001-03:00:00,12,04,2001,03,31008
12.04.2001-06:00:00,12,04,2001,06,30964
12.04.2001-09:00:00,12,04,2001,09,30925
12.04.2001-12:00:00,12,04,2001,12,30872
12.04.2001-15:00:00,12,04,2001,15,30850
12.04.2001-18:00:00,12,04,2001,18,30803
12.04.2001-21:00:00,12,04,2001,21,30765
12.05.2001-00:00:00,12,05,2001,00,30718
12.05.2001-03:00:00,12,05,2001,03,30681
12.05.2001-06:00:00,12,05,2001,06,30635
12.05.2001-09:00:00,12,05,2001,09,30604
12.05.2001-12:00:00,12,05,2001,12,30547
12.05.2001-15:00:00,12,05,2001,15,30514
12.05.2001-18:00:00,12,05,2001,18,30470
12.05.2001-21:00:00,12,05,2001,21,30434
12.06.2001-00:00:00,12,06,2001,00,30384
12.06.2001-03:00:00,12,06,2001,03,30357
12.06.2001-06:00:00,12,06,2001,06,30307
12.06.2001-09:00:00,12,06,2001,09,30277
12.06.2001-12:00:00,12,06,2001,12,30228
12.06.2001-15:00:00,12,06,2001,15,30192
12.06.2001-18:00:00,12,06,2001,18,30141
12.06.2001-21:00:00,12,06,2001,21,30113
12.07.2001-00:00:00,12,07,2001,00,30061
12.07.2001-03:00:00,12,07,2001,03,30030
12.07.2001-06:00:00,12,07,2001,06,29986
12.07.2001-09:00:00,12,07,2001,09,29949
12.07.2001-12:00:00,12,07,2001,12,29895
12.07.2001-15:00:00,12,07,2001,15,29871
12.07.2001-18:00:00,12,07,2001,18,29815
12.07.2001-21:00:00,12,07,2001,21,29775
12.08.2001-00:00:00,12,08,2001,00,29728
12.08.2001-03:00:00,12,08,2001,03,29698
12.08.2001-06:00:00,12,08,2001,06,29651
12.08.2001-09:00:00,12,08,2001,09,29618
12.08.2001-12:00:00,12,08,2001,12,29561
12.08.2001-15:00:00,12,08,2001,15,29529
12.08.2001-18:00:00,12,08,2001,18,29489
12.08.2001-21:00:00,12,08,2001,21,29451
12.09.2001-00:00:00,12,09,2001,00,29398
12.09.2001-03:00:00,12,09,2001,03,29371
12.09.2001-06:00:00,12,09,2001,06,29316
12.09.2001-09:00:00,12,09,2001,09,29281
12.09.2001-12:00:00,12,09,2001,12,29238
12.09.2001-15:00:00,12,09,2001,15,29201
12.09.2001-18:00:00,12,09,2001,18,29150
12.09.2001-21:00:00,12,09,2001,21,29123
12.10.2001-00:00:00,12,10,2001,00,29067
12.10.2001-03:00:00,12,10,2001,03,29035
12.10.2001-06:00:00,12,10,2001,06,28992
12.10.2001-09:00:00,12,10,2001,09,28950
12.10.2001-12:00:00,12,10,2001,12,28899
12.10.2001-15:00:00,12,10,2001,15,28877
12.10.2001-18:00:00,12,10,2001,18,28824
12.10.2001-21:00:00,12,10,2001,21,28788
12.11.2001-00:00:00,12,11,2001,00,28743
12.11.2001-03:00:00,12,11,2001,03,28711
12.11.2001-06:00:00,12,11,2001,06,28664
12.11.2001-09:00:00,12,11,2001,09,28635
12.11.2001-12:00:00,12,11,2001,12,28572
12.11.2001-15:00:00,12,11,2001,15,28546
12.11.2001-18:00:00,12,11,2001,18,28503
12.11.2001-21:00:00,12,11,2001,21,28465
12.12.2001-00:00:00,12,12,2001,00,28415
12.12.2001-03:00:00,12,12,2001,03,28392
12.12.2001-06:00:00,12,12,2001,06,28334
12.12.2001-09:00:00,12,12,2001,09,28304
12.12.2001-12:00:00,12,12,2001,12,28258
12.12.2001-15:00:00,12,12,2001,15,28230
12.12.2001-18:00:00,12,12,2001,18,28183
12.12.2001-21:00:00,12,12,2001,21,28153
12.13.2001-00:00:00,12,13,2001,00,28097
12.13.2001-03:00:00,12,13,2001,03,28067
12.13.2001-06:00:00,12,13,2001,06,28020
12.13.2001-09:00:00,12,13,2001,09,27989
12.13.2001-12:00:00,12,13,2001,12,27943
12.13.2001-15:00:00,12,13,2001,15,27917
12.13.2001-18:00:00,12,13,2001,18,27862
12.13.2001-21:00:00,12,13,2001,21,27830
12.14.2001-00:00:00,12,14,2001,00,27785
12.14.2001-03:00:00,12,14,2001,03,27754
12.14.2001-06:00:00,12,14,2001,06,27707
12.14.2001-09:00:00,12,14,2001,09,27684
12.14.2001-12:00:00,12,14,2001,12,27632
12.14.2001-15:00:00,12,14,2001,15,27601
12.14.2001-18:00:00,12,14,2001,18,27553
12.14.2001-21:00:00,12,14,2001,21,27520
12.15.2001-00:00:00,12,15,2001,00,27477
12.15.2001-03:00:00,12,15,2001,03,27454
12.15.2001-06:00:00,12,15,2001,06,27400
12.15.2001-09:00:00,12,15,2001,09,27368
12.15.2001-12:00:00,12,15,2001,12,27322
12.15.2001-15:00:00,12,15,2001,15,27296
12.15.2001-18:00:00,12,15,2001,18,27249
12.15.2001-21:00:00,12,15,2001,21,27222
12.16.2001-00:00:00,12,16,2001,00,27169
12.16.2001-03:00:00,12,16,2001,03,27141
12.16.2001-06:00:00,12,16,2001,06,27099
12.16.2001-09:00:00,12,16,2001,09,27063
12.16.2001-12:00:00,12,16,2001,12,27014
12.16.2001-15:00:00,12,16,2001,15,26996
12.16.2001-18:00:00,12,16,2001,18,26943
12.16.2001-21:00:00,12,16,2001,21,26915
12.17.2001-00:00:00,12,17,2001,00,26873
12.17.2001-03:00:00,12,17,2001,03,26840
12.17.2001-06:00:00,12,17,2001,06,26793
12.17.2001-09:00:00,12,17,2001,09,26772
12.17.2001-12:00:00,12,17,2001,12,26716
12.17.2001-15:00:00,12,17,2001,15,26693
12.17.2001-18:00:00,12,17,2001,18,26652
12.17.2001-21:00:00,12,17,2001,21,26616
12.18.2001-00:00:00,12,18,2001,00,26567
12.18.2001-03:00:00,12,18,2001,03,26555
12.18.2001-06:00:00,12,18,2001,06,26504
12.18.2001-09:00:00,12,18,2001,09,26483
12.18.2001-12:00:00,12,18,2001,12,26436
12.18.2001-15:00:00,12,18,2001,15,26407
12.18.2001-18:00:00,12,18,2001,18,26354
12.18.2001-21:00:00,12,18,2001,21,26334
12.19.2001-00:00:00,12,19,2001,00,26278
12.19.2001-03:00:00,12,19,2001,03,26262
12.19.2001-06:00:00,12,19,2001,06,26217
12.19.2001-09:00:00,12,19,2001,09,26188
12.19.2001-12:00:00,12,19,2001,12,26134
12.19.2001-15:00:00,12,19,2001,15,26117
12.19.2001-18:00:00,12,19,2001,18,26061
12.19.2001-21:00:00,12,19,2001,21,26041
12.20.2001-00:00:00,12,20,2001,00,25994
12.20.2001-03:00:00,12,20,2001,03,25973
12.20.2001-06:00:00,12,20,2001,06,25922
12.20.2001-09:00:00,12,20,2001,09,25907
12.20.2001-12:00:00,12,20,2001,12,25848
12.20.2001-15:00:00,12,20,2001,15,25828
12.20.2001-18:00:00,12,20,2001,18,25783
12.20.2001-21:00:00,12,20,2001,21,25760
12.21.2001-00:00:00,12,21,2001,00,25702
12.21.2001-03:00:00,12,21,2001,03,25691
12.21.2001-06:00:00,12,21,2001,06,25642
12.21.2001-09:00:00,12,21,2001,09,25617
12.21.2001-12:00:00,12,21,2001,12,25560
12.21.2001-15:00:00,12,21,2001,15,25546
12.21.2001-18:00:00,12,21,2001,18,25501
12.21.2001-21:00:00,12,21,2001,21,25475
12.22.2001-00:00:00,12,22,2001,00,25414
12.22.2001-03:00:00,12,22,2001,03,25405
12.22.2001-06:00:00,12,22,2001,06,25358
12.22.2001-09:00:00,12,22,2001,09,25335
12.22.2001-12:00:00,12,22,2001,12,25278
12.22.2001-15:00:00,12,22,2001,15,25263
12.22.2001-18:00:00,12,22,2001,18,25214
12.22.2001-21:00:00,12,22,2001,21,25194
12.23.2001-00:00:00,12,23,2001,00,25142
12.23.2001-03:00:00,12,23,2001,03,25130
12.23.2001-06:00:00,12,23,2001,06,25082
12.23.2001-09:00:00,12,23,2001,09,25059
12.23.2001-12:00:00,12,23,2001,12,25002
12.23.2001-15:00:00,12,23,2001,15,24989
12.23.2001-18:00:00,12,23,2001,18,24942
12.23.2001-21:00:00,12,23,2001,21,24914
12.24.2001-00:00:00,12,24,2001,00,24864
12.24.2001-03:00:00,12,24,2001,03,24850
12.24.2001-06:00:00,12,24,2001,06,24806
12.24.2001-09:00:00,12,24,2001,09,24781
12.24.2001-12:00:00,12,24,2001,12,24729
12.24.2001-15:00:00,12,24,2001,15,24711
12.24.2001-18:00:00,12,24,2001,18,24670
12.24.2001-21:00:00,12,24,2001,21,24641
12.25.2001-00:00:00,12,25,2001,00,24591
12.25.2001-03:00:00,12,25,2001,03,24573
12.25.2001-06:00:00,12,25,2001,06,24534
12.25.2001-09:00:00,12,25,2001,09,24514
12.25.2001-12:00:00,12,25,2001,12,24459
12.25.2001-15:00:00,12,25,2001,15,24451
12.25.2001-18:00:00,12,25,2001,18,24407
12.25.2001-21:00:00,12,25,2001,21,24375
12.26.2001-00:00:00,12,26,2001,00,24326
12.26.2001-03:00:00,12,26,2001,03,24313
12.26.2001-06:00:00,12,26,2001,06,24265
12.26.2001-09:00:00,12,26,2001,09,24243
12.26.2001-12:00:00,12,26,2001,12,24192
12.26.2001-15:00:00,12,26,2001,15,24174
12.26.2001-18:00:00,12,26,2001,18,24134
12.26.2001-21:00:00,12,26,2001,21,24110
12.27.2001-00:00:00,12,27,2001,00,24057
12.27.2001-03:00:00,12,27,2001,03,24046
12.27.2001-06:00:00,12,27,2001,06,24004
12.27.2001-09:00:00,12,27,2001,09,23976
12.27.2001-12:00:00,12,27,2001,12,23929
12.27.2001-15:00:00,12,27,2001,15,23915
12.27.2001-18:00:00,12,27,2001,18,23869
12.27.2001-21:00:00,12,27,2001,21,23847
12.28.2001-00:00:00,12,28,2001,00,23796
12.28.2001-03:00:00,12,28,2001,03,23781
12.28.2001-06:00:00,12,28,2001,06,23740
12.28.2001-09:00:00,12,28,2001,09,23718
12.28.2001-12:00:00,12,28,2001,12,23667
12.28.2001-15:00:00,12,28,2001,15,23656
12.28.2001-18:00:00,12,28,2001,18,23614
12.28.2001-21:00:00,12,28,2001,21,23589
12.29.2001-00:00:00,12,29,2001,00,23539
12.29.2001-03:00:00,12,29,2001,03,23526
12.29.2001-06:00:00,12,29,2001,06,23481
12.29.2001-09:00:00,12,29,2001,09,23459
12.29.2001-12:00:00,12,29,2001,12,23409
12.29.2001-15:00:00,12,29,2001,15,23395
12.29.2001-18:00:00,12,29,2001,18,23354
12.29.2001-21:00:00,12,29,2001,21,23336
12.30.2001-00:00:00,12,30,2001,00,23283
12.30.2001-03:00:00,12,30,2001,03,23270
12.30.2001-06:00:00,12,30,2001,06,23228
12.30.2001-09:00:00,12,30,2001,09,23210
12.30.2001-12:00:00,12,30,2001,12,23165
12.30.2001-15:00:00,12,30,2001,15,23143
12.30.2001-18:00:00,12,30,2001,18,23098
12.30.2001-21:00:00,12,30,2001,21,23080
12.31.2001-00:00:00,12,31,2001,00,23032
12.31.2001-03:00:00,12,31,2001,03,23020
12.31.2001-06:00:00,12,31,2001,06,22976
12.31.2001-09:00:00,12,31,2001,09,22956
12.31.2001-12:00:00,12,31,2001,12,22905
12.31.2001-15:00:00,12,31,2001,15,22894
12.31.2001-18:00:00,12,31,2001,18,22852
12.31.2001-21:00:00,12,31,2001,21,22832
01.01.2002-00:00:00,01,01,2002,00,22788
01.01.2002-03:00:00,01,01,2002,03,22773
01.01.2002-06:00:00,01,01,2002,06,22731
01.01.2002-09:00:00,01,01,2002,09,22716
01.01.2002-12:00:00,01,01,2002,12,22667
01.01.2002-15:00:00,01,01,2002,15,22652
01.01.2002-18:00:00,01,01,2002,18,22608
01.01.2002-21:00:00,01,01,2002,21,22590
01.02.2002-00:00:00,01,02,2002,00,22549
01.02.2002-03:00:00,01,02,2002,03,22537
01.02.2002-06:00:00,01,02,2002,06,22492
01.02.2002-09:00:00,01,02,2002,09,22471
01.02.2002-12:00:00,01,02,2002,12,22423
01.02.2002-15:00:00,01,02,2002,15,22414
01.02.2002-18:00:00,01,02,2002,18,22368
01.02.2002-21:00:00,01,02,2002,21,22352
01.03.2002-00:00:00,01,03,2002,00,22306
01.03.2002-03:00:00,01,03,2002,03,22299
01.03.2002-06:00:00,01,03,2002,06,22262
01.03.2002-09:00:00,01,03,2002,09,22241
01.03.2002-12:00:00,01,03,2002,12,22196
01.03.2002-15:00:00,01,03,2002,15,22185
01.03.2002-18:00:00,01,03,2002,18,22136
01.03.2002-21:00:00,01,03,2002,21,22126
01.04.2002-00:00:00,01,04,2002,00,22082
01.04.2002-03:00:00,01,04,2002,03,22064
01.04.2002-06:00:00,01,04,2002,06,22021
01.04.2002-09:00:00,01,04,2002,09,22007
01.04.2002-12:00:00,01,04,2002,12,21959
01.04.2002-15:00:00,01,04,2002,15,21955
01.04.2002-18:00:00,01,04,2002,18,21911
01.04.2002-21:00:00,01,04,2002,21,21890
01.05.2002-00:00:00,01,05,2002,00,21846
01.05.2002-03:00:00,01,05,2002,03,21836
01.05.2002-06:00:00,01,05,2002,06,21790
01.05.2002-09:00:00,01,05,2002,09,21780
01.05.2002-12:00:00,01,05,2002,12,21737
01.05.2002-15:00:00,01,05,2002,15,21722
01.05.2002-18:00:00,01,05,2002,18,21679
01.05.2002-21:00:00,01,05,2002,21,21664
01.06.2002-00:00:00,01,06,2002,00,21618
01.06.2002-03:00:00,01,06,2002,03,21614
01.06.2002-06:00:00,01,06,2002,06,21569
01.06.2002-09:00:00,01,06,2002,09,21549
01.06.2002-12:00:00,01,06,2002,12,21507
01.06.2002-15:00:00,01,06,2002,15,21498
01.06.2002-18:00:00,01,06,2002,18,21458
01.06.2002-21:00:00,01,06,2002,21,21447
01.07.2002-00:00:00,01,07,2002,00,21402
01.07.2002-03:00:00,01,07,2002,03,21385
01.07.2002-06:00:00,01,07,2002,06,21344
01.07.2002-09:00:00,01,07,2002,09,21332
01.07.2002-12:00:00,01,07,2002,12,21282
01.07.2002-15:00:00,01,07,2002,15,21275
01.07.2002-18:00:00,01,07,2002,18,21240
01.07.2002-21:00:00,01,07,2002,21,21219
01.08.2002-00:00:00,01,08,2002,00,21179
01.08.2002-03:00:00,01,08,2002,03,21167
01.08.2002-06:00:00,01,08,2002,06,21121
01.08.2002-09:00:00,01,08,2002,09,21104
01.08.2002-12:00:00,01,08,2002,12,21059
01.08.2002-15:00:00,01,08,2002,15,21053
01.08.2002-18:00:00,01,08,2002,18,21016
01.08.2002-21:00:00,01,08,2002,21,21003
01.09.2002-00:00:00,01,09,2002,00,20956
01.09.2002-03:00:00,01,09,2002,03,20948
01.09.2002-06:00:00,01,09,2002,06,20910
01.09.2002-09:00:00,01,09,2002,09,20890
01.09.2002-12:00:00,01,09,2002,12,20847
01.09.2002-15:00:00,01,09,2002,15,20842
01.09.2002-18:00:00,01,09,2002,18,20798
01.09.2002-21:00:00,01,09,2002,21,20787
01.10.2002-00:00:00,01,10,2002,00,20748
01.10.2002-03:00:00,01,10,2002,03,20735
01.10.2002-06:00:00,01,10,2002,06,20695
01.10.2002-09:00:00,01,10,2002,09,20685
01.10.2002-12:00:00,01,10,2002,12,20638
01.10.2002-15:00:00,01,10,2002,15,20629
01.10.2002-18:00:00,01,10,2002,18,20591
01.10.2002-21:00:00,01,10,2002,21,20574
01.11.2002-00:00:00,01,11,2002,00,20534
01.11.2002-03:00:00,01,11,2002,03,20529
01.11.2002-06:00:00,01,11,2002,06,20486
01.11.2002-09:00:00,01,11,2002,09,20475
01.11.2002-12:00:00,01,11,2002,12,20439
01.11.2002-15:00:00,01,11,2002,15,20424
01.11.2002-18:00:00,01,11,2002,18,20384
01.11.2002-21:00:00,01,11,2002,21,20374
01.12.2002-00:00:00,01,12,2002,00,20330
01.12.2002-03:00:00,01,12,2002,03,20321
01.12.2002-06:00:00,01,12,2002,06,20282
01.12.2002-09:00:00,01,12,2002,09,20253
01.12.2002-12:00:00,01,12,2002,12,20206
01.12.2002-15:00:00,01,12,2002,15,20204
01.12.2002-18:00:00,01,12,2002,18,20167
01.12.2002-21:00:00,01,12,2002,21,20158
01.13.2002-00:00:00,01,13,2002,00,20121
01.13.2002-03:00:00,01,13,2002,03,20109
01.13.2002-06:00:00,01,13,2002,06,20077
01.13.2002-09:00:00,01,13,2002,09,20060
01.13.2002-12:00:00,01,13,2002,12,19993
01.13.2002-15:00:00,01,13,2002,15,19994
01.13.2002-18:00:00,01,13,2002,18,19960
01.13.2002-21:00:00,01,13,2002,21,19948
01.14.2002-00:00:00,01,14,2002,00,19917
01.14.2002-03:00:00,01,14,2002,03,19910
01.14.2002-06:00:00,01,14,2002,06,19869
01.14.2002-09:00:00,01,14,2002,09,19861
01.14.2002-12:00:00,01,14,2002,12,19803
01.14.2002-15:00:00,01,14,2002,15,19796
01.14.2002-18:00:00,01,14,2002,18,19767
01.14.2002-21:00:00,01,14,2002,21,19760
01.15.2002-00:00:00,01,15,2002,00,19718
01.15.2002-03:00:00,01,15,2002,03,19712
01.15.2002-06:00:00,01,15,2002,06,19677
01.15.2002-09:00:00,01,15,2002,09,19662
01.15.2002-12:00:00,01,15,2002,12,19626
01.15.2002-15:00:00,01,15,2002,15,19622
01.15.2002-18:00:00,01,15,2002,18,19581
01.15.2002-21:00:00,01,15,2002,21,19571
01.16.2002-00:00:00,01,16,2002,00,19532
01.16.2002-03:00:00,01,16,2002,03,19522
01.16.2002-06:00:00,01,16,2002,06,19486
01.16.2002-09:00:00,01,16,2002,09,19476
01.16.2002-12:00:00,01,16,2002,12,19424
01.16.2002-15:00:00,01,16,2002,15,19420
01.16.2002-18:00:00,01,16,2002,18,19386
01.16.2002-21:00:00,01,16,2002,21,19373
01.17.2002-00:00:00,01,17,2002,00,19337
01.17.2002-03:00:00,01,17,2002,03,19329
01.17.2002-06:00:00,01,17,2002,06,19294
01.17.2002-09:00:00,01,17,2002,09,19286
01.17.2002-12:00:00,01,17,2002,12,19250
01.17.2002-15:00:00,01,17,2002,15,19235
01.17.2002-18:00:00,01,17,2002,18,19203
01.17.2002-21:00:00,01,17,2002,21,19198
01.18.2002-00:00:00,01,18,2002,00,19156
01.18.2002-03:00:00,01,18,2002,03,19146
01.18.2002-06:00:00,01,18,2002,06,19112
01.18.2002-09:00:00,01,18,2002,09,19099
01.18.2002-12:00:00,01,18,2002,12,19064
01.18.2002-15:00:00,01,18,2002,15,19053
01.18.2002-18:00:00,01,18,2002,18,19016
01.18.2002-21:00:00,01,18,2002,21,19009
01.19.2002-00:00:00,01,19,2002,00,18972
01.19.2002-03:00:00,01,19,2002,03,18958
01.19.2002-06:00:00,01,19,2002,06,18925
01.19.2002-09:00:00,01,19,2002,09,18917
01.19.2002-12:00:00,01,19,2002,12,18838
01.19.2002-15:00:00,01,19,2002,15,18834
01.19.2002-18:00:00,01,19,2002,18,18806
01.19.2002-21:00:00,01,19,2002,21,18802
01.20.2002-00:00:00,01,20,2002,00,18771
01.20.2002-03:00:00,01,20,2002,03,18767
01.20.2002-06:00:00,01,20,2002,06,18731
01.20.2002-09:00:00,01,20,2002,09,18726
01.20.2002-12:00:00,01,20,2002,12,18690
01.20.2002-15:00:00,01,20,2002,15,18681
01.20.2002-18:00:00,01,20,2002,18,18647
01.20.2002-21:00:00,01,20,2002,21,18640
01.21.2002-00:00:00,01,21,2002,00,18602
01.21.2002-03:00:00,01,21,2002,03,18597
01.21.2002-06:00:00,01,21,2002,06,18561
01.21.2002-09:00:00,01,21,2002,09,18549
01.21.2002-12:00:00,01,21,2002,12,18516
01.21.2002-15:00:00,01,21,2002,15,18510
01.21.2002-18:00:00,01,21,2002,18,18469
01.21.2002-21:00:00,01,21,2002,21,18462
01.22.2002-00:00:00,01,22,2002,00,18430
01.22.2002-03:00:00,01,22,2002,03,18418
01.22.2002-06:00:00,01,22,2002,06,18390
01.22.2002-09:00:00,01,22,2002,09,18375
01.22.2002-12:00:00,01,22,2002,12,18340
01.22.2002-15:00:00,01,22,2002,15,18334
01.22.2002-18:00:00,01,22,2002,18,18296
01.22.2002-21:00:00,01,22,2002,21,18284
01.23.2002-00:00:00,01,23,2002,00,18261
01.23.2002-03:00:00,01,23,2002,03,18244
01.23.2002-06:00:00,01,23,2002,06,18208
01.23.2002-09:00:00,01,23,2002,09,18203
01.23.2002-12:00:00,01,23,2002,12,18170
01.23.2002-15:00:00,01,23,2002,15,18158
01.23.2002-18:00:00,01,23,2002,18,18129
01.23.2002-21:00:00,01,23,2002,21,18113
01.24.2002-00:00:00,01,24,2002,00,18084
01.24.2002-03:00:00,01,24,2002,03,18077
01.24.2002-06:00:00,01,24,2002,06,18038
01.24.2002-09:00:00,01,24,2002,09,18025
01.24.2002-12:00:00,01,24,2002,12,17996
01.24.2002-15:00:00,01,24,2002,15,17986
01.24.2002-18:00:00,01,24,2002,18,17950
01.24.2002-21:00:00,01,24,2002,21,17943
01.25.2002-00:00:00,01,25,2002,00,17909
01.25.2002-03:00:00,01,25,2002,03,17900
01.25.2002-06:00:00,01,25,2002,06,17879
01.25.2002-09:00:00,01,25,2002,09,17847
01.25.2002-12:00:00,01,25,2002,12,17801
01.25.2002-15:00:00,01,25,2002,15,17797
01.25.2002-18:00:00,01,25,2002,18,17770
01.25.2002-21:00:00,01,25,2002,21,17764
01.26.2002-00:00:00,01,26,2002,00,17744
01.26.2002-03:00:00,01,26,2002,03,17730
01.26.2002-06:00:00,01,26,2002,06,17697
01.26.2002-09:00:00,01,26,2002,09,17693
01.26.2002-12:00:00,01,26,2002,12,17658
01.26.2002-15:00:00,01,26,2002,15,17647
01.26.2002-18:00:00,01,26,2002,18,17625
01.26.2002-21:00:00,01,26,2002,21,17610
01.27.2002-00:00:00,01,27,2002,00,17577
01.27.2002-03:00:00,01,27,2002,03,17571
01.27.2002-06:00:00,01,27,2002,06,17536
01.27.2002-09:00:00,01,27,2002,09,17525
01.27.2002-12:00:00,01,27,2002,12,17503
01.27.2002-15:00:00,01,27,2002,15,17490
01.27.2002-18:00:00,01,27,2002,18,17454
01.27.2002-21:00:00,01,27,2002,21,17449
01.28.2002-00:00:00,01,28,2002,00,17418
01.28.2002-03:00:00,01,28,2002,03,17403
01.28.2002-06:00:00,01,28,2002,06,17378
01.28.2002-09:00:00,01,28,2002,09,17368
01.28.2002-12:00:00,01,28,2002,12,17333
01.28.2002-15:00:00,01,28,2002,15,17329
01.28.2002-18:00:00,01,28,2002,18,17295
01.28.2002-21:00:00,01,28,2002,21,17283
01.29.2002-00:00:00,01,29,2002,00,17261
01.29.2002-03:00:00,01,29,2002,03,17249
01.29.2002-06:00:00,01,29,2002,06,17213
01.29.2002-09:00:00,01,29,2002,09,17206
01.29.2002-12:00:00,01,29,2002,12,17183
01.29.2002-15:00:00,01,29,2002,15,17169
01.29.2002-18:00:00,01,29,2002,18,17136
01.29.2002-21:00:00,01,29,2002,21,17132
01.30.2002-00:00:00,01,30,2002,00,17098
01.30.2002-03:00:00,01,30,2002,03,17089
01.30.2002-06:00:00,01,30,2002,06,17065
01.30.2002-09:00:00,01,30,2002,09,17053
01.30.2002-12:00:00,01,30,2002,12,17019
01.30.2002-15:00:00,01,30,2002,15,17014
01.30.2002-18:00:00,01,30,2002,18,16982
01.30.2002-21:00:00,01,30,2002,21,16976
01.31.2002-00:00:00,01,31,2002,00,16947
01.31.2002-03:00:00,01,31,2002,03,16936
01.31.2002-06:00:00,01,31,2002,06,16902
01.31.2002-09:00:00,01,31,2002,09,16900
01.31.2002-12:00:00,01,31,2002,12,16871
01.31.2002-15:00:00,01,31,2002,15,16861
01.31.2002-18:00:00,01,31,2002,18,16826
01.31.2002-21:00:00,01,31,2002,21,16820
02.01.2002-00:00:00,02,01,2002,00,16793
02.01.2002-03:00:00,02,01,2002,03,16785
02.01.2002-06:00:00,02,01,2002,06,16751
02.01.2002-09:00:00,02,01,2002,09,16744
02.01.2002-12:00:00,02,01,2002,12,16716
02.01.2002-15:00:00,02,01,2002,15,16709
02.01.2002-18:00:00,02,01,2002,18,16675
02.01.2002-21:00:00,02,01,2002,21,16669
02.02.2002-00:00:00,02,02,2002,00,16639
02.02.2002-03:00:00,02,02,2002,03,16631
02.02.2002-06:00:00,02,02,2002,06,16601
02.02.2002-09:00:00,02,02,2002,09,16596
02.02.2002-12:00:00,02,02,2002,12,16559
02.02.2002-15:00:00,02,02,2002,15,16554
02.02.2002-18:00:00,02,02,2002,18,16521
02.02.2002-21:00:00,02,02,2002,21,16518
02.03.2002-00:00:00,02,03,2002,00,16489
02.03.2002-03:00:00,02,03,2002,03,16480
02.03.2002-06:00:00,02,03,2002,06,16447
02.03.2002-09:00:00,02,03,2002,09,16429
02.03.2002-12:00:00,02,03,2002,12,16387
02.03.2002-15:00:00,02,03,2002,15,16389
02.03.2002-18:00:00,02,03,2002,18,16363
02.03.2002-21:00:00,02,03,2002,21,16358
02.04.2002-00:00:00,02,04,2002,00,16329
02.04.2002-03:00:00,02,04,2002,03,16326
02.04.2002-06:00:00,02,04,2002,06,16296
02.04.2002-09:00:00,02,04,2002,09,16292
02.04.2002-12:00:00,02,04,2002,12,16266
02.04.2002-15:00:00,02,04,2002,15,16259
02.04.2002-18:00:00,02,04,2002,18,16224
02.04.2002-21:00:00,02,04,2002,21,16218
02.05.2002-00:00:00,02,05,2002,00,16193
02.05.2002-03:00:00,02,05,2002,03,16186
02.05.2002-06:00:00,02,05,2002,06,16152
02.05.2002-09:00:00,02,05,2002,09,16145
02.05.2002-12:00:00,02,05,2002,12,16116
02.05.2002-15:00:00,02,05,2002,15,16114
02.05.2002-18:00:00,02,05,2002,18,16086
02.05.2002-21:00:00,02,05,2002,21,16074
02.06.2002-00:00:00,02,06,2002,00,16044
02.06.2002-03:00:00,02,06,2002,03,16043
02.06.2002-06:00:00,02,06,2002,06,16012
02.06.2002-09:00:00,02,06,2002,09,16003
02.06.2002-12:00:00,02,06,2002,12,15975
02.06.2002-15:00:00,02,06,2002,15,15965
02.06.2002-18:00:00,02,06,2002,18,15939
02.06.2002-21:00:00,02,06,2002,21,15936
02.07.2002-00:00:00,02,07,2002,00,15905
02.07.2002-03:00:00,02,07,2002,03,15898
02.07.2002-06:00:00,02,07,2002,06,15871
02.07.2002-09:00:00,02,07,2002,09,15861
02.07.2002-12:00:00,02,07,2002,12,15828
02.07.2002-15:00:00,02,07,2002,15,15826
02.07.2002-18:00:00,02,07,2002,18,15795
02.07.2002-21:00:00,02,07,2002,21,15790
02.08.2002-00:00:00,02,08,2002,00,15767
02.08.2002-03:00:00,02,08,2002,03,15754
02.08.2002-06:00:00,02,08,2002,06,15725
02.08.2002-09:00:00,02,08,2002,09,15691
02.08.2002-12:00:00,02,08,2002,12,15632
02.08.2002-15:00:00,02,08,2002,15,15634
02.08.2002-18:00:00,02,08,2002,18,15618
02.08.2002-21:00:00,02,08,2002,21,15621
02.09.2002-00:00:00,02,09,2002,00,15603
02.09.2002-03:00:00,02,09,2002,03,15604
02.09.2002-06:00:00,02,09,2002,06,15575
02.09.2002-09:00:00,02,09,2002,09,15574
02.09.2002-12:00:00,02,09,2002,12,15534
02.09.2002-15:00:00,02,09,2002,15,15531
02.09.2002-18:00:00,02,09,2002,18,15505
02.09.2002-21:00:00,02,09,2002,21,15503
02.10.2002-00:00:00,02,10,2002,00,15474
02.10.2002-03:00:00,02,10,2002,03,15472
02.10.2002-06:00:00,02,10,2002,06,15445
02.10.2002-09:00:00,02,10,2002,09,15432
02.10.2002-12:00:00,02,10,2002,12,15399
02.10.2002-15:00:00,02,10,2002,15,15398
02.10.2002-18:00:00,02,10,2002,18,15374
02.10.2002-21:00:00,02,10,2002,21,15373
02.11.2002-00:00:00,02,11,2002,00,15344
02.11.2002-03:00:00,02,11,2002,03,15338
02.11.2002-06:00:00,02,11,2002,06,15305
02.11.2002-09:00:00,02,11,2002,09,15257
02.11.2002-12:00:00,02,11,2002,12,15175
02.11.2002-15:00:00,02,11,2002,15,15168
02.11.2002-18:00:00,02,11,2002,18,15164
02.11.2002-21:00:00,02,11,2002,21,15180
02.12.2002-00:00:00,02,12,2002,00,15166
02.12.2002-03:00:00,02,12,2002,03,15173
02.12.2002-06:00:00,02,12,2002,06,15154
02.12.2002-09:00:00,02,12,2002,09,15147
02.12.2002-12:00:00,02,12,2002,12,15123
02.12.2002-15:00:00,02,12,2002,15,15120
02.12.2002-18:00:00,02,12,2002,18,15095
02.12.2002-21:00:00,02,12,2002,21,15093
02.13.2002-00:00:00,02,13,2002,00,15067
02.13.2002-03:00:00,02,13,2002,03,15062
02.13.2002-06:00:00,02,13,2002,06,15034
02.13.2002-09:00:00,02,13,2002,09,15008
02.13.2002-12:00:00,02,13,2002,12,14910
02.13.2002-15:00:00,02,13,2002,15,14891
02.13.2002-18:00:00,02,13,2002,18,14880
02.13.2002-21:00:00,02,13,2002,21,14906
02.14.2002-00:00:00,02,14,2002,00,14891
02.14.2002-03:00:00,02,14,2002,03,14899
02.14.2002-06:00:00,02,14,2002,06,14881
02.14.2002-09:00:00,02,14,2002,09,14861
02.14.2002-12:00:00,02,14,2002,12,14786
02.14.2002-15:00:00,02,14,2002,15,14777
02.14.2002-18:00:00,02,14,2002,18,14768
02.14.2002-21:00:00,02,14,2002,21,14780
02.15.2002-00:00:00,02,15,2002,00,14764
02.15.2002-03:00:00,02,15,2002,03,14771
02.15.2002-06:00:00,02,15,2002,06,14752
02.15.2002-09:00:00,02,15,2002,09,14739
02.15.2002-12:00:00,02,15,2002,12,14664
02.15.2002-15:00:00,02,15,2002,15,14663
02.15.2002-18:00:00,02,15,2002,18,14650
02.15.2002-21:00:00,02,15,2002,21,14656
02.16.2002-00:00:00,02,16,2002,00,14640
02.16.2002-03:00:00,02,16,2002,03,14640
02.16.2002-06:00:00,02,16,2002,06,14618
02.16.2002-09:00:00,02,16,2002,09,14615
02.16.2002-12:00:00,02,16,2002,12,14560
02.16.2002-15:00:00,02,16,2002,15,14561
02.16.2002-18:00:00,02,16,2002,18,14544
02.16.2002-21:00:00,02,16,2002,21,14545
02.17.2002-00:00:00,02,17,2002,00,14524
02.17.2002-03:00:00,02,17,2002,03,14517
02.17.2002-06:00:00,02,17,2002,06,14494
02.17.2002-09:00:00,02,17,2002,09,14468
02.17.2002-12:00:00,02,17,2002,12,14398
02.17.2002-15:00:00,02,17,2002,15,14394
02.17.2002-18:00:00,02,17,2002,18,14383
02.17.2002-21:00:00,02,17,2002,21,14395
02.18.2002-00:00:00,02,18,2002,00,14378
02.18.2002-03:00:00,02,18,2002,03,14383
02.18.2002-06:00:00,02,18,2002,06,14362
02.18.2002-09:00:00,02,18,2002,09,14300
02.18.2002-12:00:00,02,18,2002,12,14198
02.18.2002-15:00:00,02,18,2002,15,14179
02.18.2002-18:00:00,02,18,2002,18,14180
02.18.2002-21:00:00,02,18,2002,21,14209
02.19.2002-00:00:00,02,19,2002,00,14211
02.19.2002-03:00:00,02,19,2002,03,14228
02.19.2002-06:00:00,02,19,2002,06,14218
02.19.2002-09:00:00,02,19,2002,09,14183
02.19.2002-12:00:00,02,19,2002,12,14123
02.19.2002-15:00:00,02,19,2002,15,14115
02.19.2002-18:00:00,02,19,2002,18,14104
02.19.2002-21:00:00,02,19,2002,21,14119
02.20.2002-00:00:00,02,20,2002,00,14112
02.20.2002-03:00:00,02,20,2002,03,14118
02.20.2002-06:00:00,02,20,2002,06,14100
02.20.2002-09:00:00,02,20,2002,09,14033
02.20.2002-12:00:00,02,20,2002,12,13915
02.20.2002-15:00:00,02,20,2002,15,13886
02.20.2002-18:00:00,02,20,2002,18,13883
02.20.2002-21:00:00,02,20,2002,21,13923
02.21.2002-00:00:00,02,21,2002,00,13931
02.21.2002-03:00:00,02,21,2002,03,13951
02.21.2002-06:00:00,02,21,2002,06,13948
02.21.2002-09:00:00,02,21,2002,09,13952
02.21.2002-12:00:00,02,21,2002,12,13931
02.21.2002-15:00:00,02,21,2002,15,13928
02.21.2002-18:00:00,02,21,2002,18,13906
02.21.2002-21:00:00,02,21,2002,21,13905
02.22.2002-00:00:00,02,22,2002,00,13882
02.22.2002-03:00:00,02,22,2002,03,13878
02.22.2002-06:00:00,02,22,2002,06,13850
02.22.2002-09:00:00,02,22,2002,09,13778
02.22.2002-12:00:00,02,22,2002,12,13692
02.22.2002-15:00:00,02,22,2002,15,13679
02.22.2002-18:00:00,02,22,2002,18,13692
02.22.2002-21:00:00,02,22,2002,21,13784
02.23.2002-00:00:00,02,23,2002,00,13771
02.23.2002-03:00:00,02,23,2002,03,13761
02.23.2002-06:00:00,02,23,2002,06,13749
02.23.2002-09:00:00,02,23,2002,09,13728
02.23.2002-12:00:00,02,23,2002,12,13690
02.23.2002-15:00:00,02,23,2002,15,13685
02.23.2002-18:00:00,02,23,2002,18,13670
02.23.2002-21:00:00,02,23,2002,21,13685
02.24.2002-00:00:00,02,24,2002,00,13670
02.24.2002-03:00:00,02,24,2002,03,13668
02.24.2002-06:00:00,02,24,2002,06,13644
02.24.2002-09:00:00,02,24,2002,09,13635
02.24.2002-12:00:00,02,24,2002,12,13604
02.24.2002-15:00:00,02,24,2002,15,13602
02.24.2002-18:00:00,02,24,2002,18,13579
02.24.2002-21:00:00,02,24,2002,21,13574
02.25.2002-00:00:00,02,25,2002,00,13551
02.25.2002-03:00:00,02,25,2002,03,13542
02.25.2002-06:00:00,02,25,2002,06,13520
02.25.2002-09:00:00,02,25,2002,09,13518
02.25.2002-12:00:00,02,25,2002,12,13495
02.25.2002-15:00:00,02,25,2002,15,13491
02.25.2002-18:00:00,02,25,2002,18,13466
02.25.2002-21:00:00,02,25,2002,21,13461
02.26.2002-00:00:00,02,26,2002,00,13439
02.26.2002-03:00:00,02,26,2002,03,13432
02.26.2002-06:00:00,02,26,2002,06,13408
02.26.2002-09:00:00,02,26,2002,09,13405
02.26.2002-12:00:00,02,26,2002,12,13371
02.26.2002-15:00:00,02,26,2002,15,13368
02.26.2002-18:00:00,02,26,2002,18,13349
02.26.2002-21:00:00,02,26,2002,21,13347
02.27.2002-00:00:00,02,27,2002,00,13321
02.27.2002-03:00:00,02,27,2002,03,13316
02.27.2002-06:00:00,02,27,2002,06,13298
02.27.2002-09:00:00,02,27,2002,09,13281
02.27.2002-12:00:00,02,27,2002,12,13204
02.27.2002-15:00:00,02,27,2002,15,13196
02.27.2002-18:00:00,02,27,2002,18,13185
02.27.2002-21:00:00,02,27,2002,21,13199
02.28.2002-00:00:00,02,28,2002,00,13184
02.28.2002-03:00:00,02,28,2002,03,13189
02.28.2002-06:00:00,02,28,2002,06,13174
02.28.2002-09:00:00,02,28,2002,09,13136
02.28.2002-12:00:00,02,28,2002,12,13067
02.28.2002-15:00:00,02,28,2002,15,13061
02.28.2002-18:00:00,02,28,2002,18,13053
02.28.2002-21:00:00,02,28,2002,21,13071
03.01.2002-00:00:00,03,01,2002,00,13061
03.01.2002-03:00:00,03,01,2002,03,13068
03.01.2002-06:00:00,03,01,2002,06,13057
03.01.2002-09:00:00,03,01,2002,09,12993
03.01.2002-12:00:00,03,01,2002,12,12870
03.01.2002-15:00:00,03,01,2002,15,12836
03.01.2002-18:00:00,03,01,2002,18,12834
03.01.2002-21:00:00,03,01,2002,21,12875
03.02.2002-00:00:00,03,02,2002,00,12886
03.02.2002-03:00:00,03,02,2002,03,12909
03.02.2002-06:00:00,03,02,2002,06,12906
03.02.2002-09:00:00,03,02,2002,09,12860
03.02.2002-12:00:00,03,02,2002,12,12762
03.02.2002-15:00:00,03,02,2002,15,12739
03.02.2002-18:00:00,03,02,2002,18,12737
03.02.2002-21:00:00,03,02,2002,21,12775
03.03.2002-00:00:00,03,03,2002,00,12781
03.03.2002-03:00:00,03,03,2002,03,12800
03.03.2002-06:00:00,03,03,2002,06,12794
03.03.2002-09:00:00,03,03,2002,09,12737
03.03.2002-12:00:00,03,03,2002,12,12626
03.03.2002-15:00:00,03,03,2002,15,12596
03.03.2002-18:00:00,03,03,2002,18,12596
03.03.2002-21:00:00,03,03,2002,21,12636
03.04.2002-00:00:00,03,04,2002,00,12648
03.04.2002-03:00:00,03,04,2002,03,12671
03.04.2002-06:00:00,03,04,2002,06,12671
03.04.2002-09:00:00,03,04,2002,09,12575
03.04.2002-12:00:00,03,04,2002,12,12429
03.04.2002-15:00:00,03,04,2002,15,12377
03.04.2002-18:00:00,03,04,2002,18,12375
03.04.2002-21:00:00,03,04,2002,21,12435
03.05.2002-00:00:00,03,05,2002,00,12467
03.05.2002-03:00:00,03,05,2002,03,12499
03.05.2002-06:00:00,03,05,2002,06,12510
03.05.2002-09:00:00,03,05,2002,09,12446
03.05.2002-12:00:00,03,05,2002,12,12330
03.05.2002-15:00:00,03,05,2002,15,12301
03.05.2002-18:00:00,03,05,2002,18,12307
03.05.2002-21:00:00,03,05,2002,21,12349
03.06.2002-00:00:00,03,06,2002,00,12377
03.06.2002-03:00:00,03,06,2002,03,12405
03.06.2002-06:00:00,03,06,2002,06,12407
03.06.2002-09:00:00,03,06,2002,09,12411
03.06.2002-12:00:00,03,06,2002,12,12413
03.06.2002-15:00:00,03,06,2002,15,12396
03.06.2002-18:00:00,03,06,2002,18,12390
03.06.2002-21:00:00,03,06,2002,21,12387
03.07.2002-00:00:00,03,07,2002,00,12370
03.07.2002-03:00:00,03,07,2002,03,12362
03.07.2002-06:00:00,03,07,2002,06,12359
03.07.2002-09:00:00,03,07,2002,09,12340
03.07.2002-12:00:00,03,07,2002,12,12329
03.07.2002-15:00:00,03,07,2002,15,12324
03.07.2002-18:00:00,03,07,2002,18,12304
03.07.2002-21:00:00,03,07,2002,21,12293
03.08.2002-00:00:00,03,08,2002,00,12292
03.08.2002-03:00:00,03,08,2002,03,12273
03.08.2002-06:00:00,03,08,2002,06,12262
03.08.2002-09:00:00,03,08,2002,09,12255
03.08.2002-12:00:00,03,08,2002,12,12236
03.08.2002-15:00:00,03,08,2002,15,12227
03.08.2002-18:00:00,03,08,2002,18,12223
03.08.2002-21:00:00,03,08,2002,21,12201
03.09.2002-00:00:00,03,09,2002,00,12189
03.09.2002-03:00:00,03,09,2002,03,12185
03.09.2002-06:00:00,03,09,2002,06,12167
03.09.2002-09:00:00,03,09,2002,09,12157
03.09.2002-12:00:00,03,09,2002,12,12146
03.09.2002-15:00:00,03,09,2002,15,12128
03.09.2002-18:00:00,03,09,2002,18,12118
03.09.2002-21:00:00,03,09,2002,21,12115
03.10.2002-00:00:00,03,10,2002,00,12096
03.10.2002-03:00:00,03,10,2002,03,12084
03.10.2002-06:00:00,03,10,2002,06,12081
03.10.2002-09:00:00,03,10,2002,09,12060
03.10.2002-12:00:00,03,10,2002,12,12048
03.10.2002-15:00:00,03,10,2002,15,12044
03.10.2002-18:00:00,03,10,2002,18,12025
03.10.2002-21:00:00,03,10,2002,21,12014
03.11.2002-00:00:00,03,11,2002,00,12010
03.11.2002-03:00:00,03,11,2002,03,11992
03.11.2002-06:00:00,03,11,2002,06,11982
03.11.2002-09:00:00,03,11,2002,09,11976
03.11.2002-12:00:00,03,11,2002,12,11956
03.11.2002-15:00:00,03,11,2002,15,11945
03.11.2002-18:00:00,03,11,2002,18,11951
03.11.2002-21:00:00,03,11,2002,21,11950
03.12.2002-00:00:00,03,12,2002,00,11938
03.12.2002-03:00:00,03,12,2002,03,11927
03.12.2002-06:00:00,03,12,2002,06,11900
03.12.2002-09:00:00,03,12,2002,09,11827
03.12.2002-12:00:00,03,12,2002,12,11770
03.12.2002-15:00:00,03,12,2002,15,11775
03.12.2002-18:00:00,03,12,2002,18,11773
03.12.2002-21:00:00,03,12,2002,21,11794
03.13.2002-00:00:00,03,13,2002,00,11787
03.13.2002-03:00:00,03,13,2002,03,11797
03.13.2002-06:00:00,03,13,2002,06,11801
03.13.2002-09:00:00,03,13,2002,09,11713
03.13.2002-12:00:00,03,13,2002,12,11605
03.13.2002-15:00:00,03,13,2002,15,11567
03.13.2002-18:00:00,03,13,2002,18,11567
03.13.2002-21:00:00,03,13,2002,21,11597
03.14.2002-00:00:00,03,14,2002,00,11631
03.14.2002-03:00:00,03,14,2002,03,11645
03.14.2002-06:00:00,03,14,2002,06,11650
03.14.2002-09:00:00,03,14,2002,09,11579
03.14.2002-12:00:00,03,14,2002,12,11452
03.14.2002-15:00:00,03,14,2002,15,11402
03.14.2002-18:00:00,03,14,2002,18,11418
03.14.2002-21:00:00,03,14,2002,21,11451
03.15.2002-00:00:00,03,15,2002,00,11481
03.15.2002-03:00:00,03,15,2002,03,11514
03.15.2002-06:00:00,03,15,2002,06,11519
03.15.2002-09:00:00,03,15,2002,09,11498
03.15.2002-12:00:00,03,15,2002,12,11469
03.15.2002-15:00:00,03,15,2002,15,11453
03.15.2002-18:00:00,03,15,2002,18,11459
03.15.2002-21:00:00,03,15,2002,21,11478
03.16.2002-00:00:00,03,16,2002,00,11472
03.16.2002-03:00:00,03,16,2002,03,11474
03.16.2002-06:00:00,03,16,2002,06,11475
03.16.2002-09:00:00,03,16,2002,09,11460
03.16.2002-12:00:00,03,16,2002,12,11440
03.16.2002-15:00:00,03,16,2002,15,11446
03.16.2002-18:00:00,03,16,2002,18,11428
03.16.2002-21:00:00,03,16,2002,21,11419
03.17.2002-00:00:00,03,17,2002,00,11415
03.17.2002-03:00:00,03,17,2002,03,11400
03.17.2002-06:00:00,03,17,2002,06,11388
03.17.2002-09:00:00,03,17,2002,09,11365
03.17.2002-12:00:00,03,17,2002,12,11308
03.17.2002-15:00:00,03,17,2002,15,11299
03.17.2002-18:00:00,03,17,2002,18,11302
03.17.2002-21:00:00,03,17,2002,21,11305
03.18.2002-00:00:00,03,18,2002,00,11300
03.18.2002-03:00:00,03,18,2002,03,11303
03.18.2002-06:00:00,03,18,2002,06,11292
03.18.2002-09:00:00,03,18,2002,09,11288
03.18.2002-12:00:00,03,18,2002,12,11285
03.18.2002-15:00:00,03,18,2002,15,11270
03.18.2002-18:00:00,03,18,2002,18,11257
03.18.2002-21:00:00,03,18,2002,21,11255
03.19.2002-00:00:00,03,19,2002,00,11239
03.19.2002-03:00:00,03,19,2002,03,11228
03.19.2002-06:00:00,03,19,2002,06,11222
03.19.2002-09:00:00,03,19,2002,09,11208
03.19.2002-12:00:00,03,19,2002,12,11197
03.19.2002-15:00:00,03,19,2002,15,11193
03.19.2002-18:00:00,03,19,2002,18,11175
03.19.2002-21:00:00,03,19,2002,21,11166
03.20.2002-00:00:00,03,20,2002,00,11162
03.20.2002-03:00:00,03,20,2002,03,11147
03.20.2002-06:00:00,03,20,2002,06,11133
03.20.2002-09:00:00,03,20,2002,09,11130
03.20.2002-12:00:00,03,20,2002,12,11114
03.20.2002-15:00:00,03,20,2002,15,11104
03.20.2002-18:00:00,03,20,2002,18,11099
03.20.2002-21:00:00,03,20,2002,21,11084
03.21.2002-00:00:00,03,21,2002,00,11071
03.21.2002-03:00:00,03,21,2002,03,11067
03.21.2002-06:00:00,03,21,2002,06,11050
03.21.2002-09:00:00,03,21,2002,09,11032
03.21.2002-12:00:00,03,21,2002,12,11007
03.21.2002-15:00:00,03,21,2002,15,10999
03.21.2002-18:00:00,03,21,2002,18,10991
03.21.2002-21:00:00,03,21,2002,21,10994
03.22.2002-00:00:00,03,22,2002,00,10977
03.22.2002-03:00:00,03,22,2002,03,10971
03.22.2002-06:00:00,03,22,2002,06,10970
03.22.2002-09:00:00,03,22,2002,09,10876
03.22.2002-12:00:00,03,22,2002,12,10751
03.22.2002-15:00:00,03,22,2002,15,10696
03.22.2002-18:00:00,03,22,2002,18,10695
03.22.2002-21:00:00,03,22,2002,21,10729
03.23.2002-00:00:00,03,23,2002,00,10768
03.23.2002-03:00:00,03,23,2002,03,10785
03.23.2002-06:00:00,03,23,2002,06,10794
03.23.2002-09:00:00,03,23,2002,09,10702
03.23.2002-12:00:00,03,23,2002,12,10564
03.23.2002-15:00:00,03,23,2002,15,10481
03.23.2002-18:00:00,03,23,2002,18,10478
03.23.2002-21:00:00,03,23,2002,21,10513
03.24.2002-00:00:00,03,24,2002,00,10558
03.24.2002-03:00:00,03,24,2002,03,10603
03.24.2002-06:00:00,03,24,2002,06,10606
03.24.2002-09:00:00,03,24,2002,09,10523
03.24.2002-12:00:00,03,24,2002,12,10411
03.24.2002-15:00:00,03,24,2002,15,10327
03.24.2002-18:00:00,03,24,2002,18,10324
03.24.2002-21:00:00,03,24,2002,21,10395
03.25.2002-00:00:00,03,25,2002,00,10440
03.25.2002-03:00:00,03,25,2002,03,10473
03.25.2002-06:00:00,03,25,2002,06,10501
03.25.2002-09:00:00,03,25,2002,09,10413
03.25.2002-12:00:00,03,25,2002,12,10317
03.25.2002-15:00:00,03,25,2002,15,10288
03.25.2002-18:00:00,03,25,2002,18,10308
03.25.2002-21:00:00,03,25,2002,21,10341
03.26.2002-00:00:00,03,26,2002,00,10386
03.26.2002-03:00:00,03,26,2002,03,10401
03.26.2002-06:00:00,03,26,2002,06,10420
03.26.2002-09:00:00,03,26,2002,09,10377
03.26.2002-12:00:00,03,26,2002,12,10338
03.26.2002-15:00:00,03,26,2002,15,10354
03.26.2002-18:00:00,03,26,2002,18,10397
03.26.2002-21:00:00,03,26,2002,21,10420
03.27.2002-00:00:00,03,27,2002,00,10416
03.27.2002-03:00:00,03,27,2002,03,10416
03.27.2002-06:00:00,03,27,2002,06,10411
03.27.2002-09:00:00,03,27,2002,09,10382
03.27.2002-12:00:00,03,27,2002,12,10361
03.27.2002-15:00:00,03,27,2002,15,10374
03.27.2002-18:00:00,03,27,2002,18,10419
03.27.2002-21:00:00,03,27,2002,21,10443
03.28.2002-00:00:00,03,28,2002,00,10440
03.28.2002-03:00:00,03,28,2002,03,10433
03.28.2002-06:00:00,03,28,2002,06,10403
03.28.2002-09:00:00,03,28,2002,09,10389
03.28.2002-12:00:00,03,28,2002,12,10405
03.28.2002-15:00:00,03,28,2002,15,10398
03.28.2002-18:00:00,03,28,2002,18,10446
03.28.2002-21:00:00,03,28,2002,21,10466
03.29.2002-00:00:00,03,29,2002,00,10459
03.29.2002-03:00:00,03,29,2002,03,10435
03.29.2002-06:00:00,03,29,2002,06,10393
03.29.2002-09:00:00,03,29,2002,09,10293
03.29.2002-12:00:00,03,29,2002,12,10291
03.29.2002-15:00:00,03,29,2002,15,10339
03.29.2002-18:00:00,03,29,2002,18,10421
03.29.2002-21:00:00,03,29,2002,21,10442
03.30.2002-00:00:00,03,30,2002,00,10442
03.30.2002-03:00:00,03,30,2002,03,10437
03.30.2002-06:00:00,03,30,2002,06,10394
03.30.2002-09:00:00,03,30,2002,09,10443
03.30.2002-12:00:00,03,30,2002,12,10599
03.30.2002-15:00:00,03,30,2002,15,10696
03.30.2002-18:00:00,03,30,2002,18,10798
03.30.2002-21:00:00,03,30,2002,21,10810
03.31.2002-00:00:00,03,31,2002,00,10791
03.31.2002-03:00:00,03,31,2002,03,10698
03.31.2002-06:00:00,03,31,2002,06,10584
03.31.2002-09:00:00,03,31,2002,09,10576
03.31.2002-12:00:00,03,31,2002,12,10761
03.31.2002-15:00:00,03,31,2002,15,10863
03.31.2002-18:00:00,03,31,2002,18,10951
03.31.2002-21:00:00,03,31,2002,21,10920
04.01.2002-00:00:00,04,01,2002,00,10890
04.01.2002-03:00:00,04,01,2002,03,10803
04.01.2002-06:00:00,04,01,2002,06,10713
04.01.2002-09:00:00,04,01,2002,09,10788
04.01.2002-12:00:00,04,01,2002,12,11020
04.01.2002-15:00:00,04,01,2002,15,11121
04.01.2002-18:00:00,04,01,2002,18,11169
04.01.2002-21:00:00,04,01,2002,21,11096
04.02.2002-00:00:00,04,02,2002,00,10919
04.02.2002-03:00:00,04,02,2002,03,10758
04.02.2002-06:00:00,04,02,2002,06,10631
04.02.2002-09:00:00,04,02,2002,09,10472
04.02.2002-12:00:00,04,02,2002,12,10561
04.02.2002-15:00:00,04,02,2002,15,10666
04.02.2002-18:00:00,04,02,2002,18,10715
04.02.2002-21:00:00,04,02,2002,21,10665
04.03.2002-00:00:00,04,03,2002,00,10586
04.03.2002-03:00:00,04,03,2002,03,10531
04.03.2002-06:00:00,04,03,2002,06,10481
04.03.2002-09:00:00,04,03,2002,09,10330
04.03.2002-12:00:00,04,03,2002,12,10372
04.03.2002-15:00:00,04,03,2002,15,10645
04.03.2002-18:00:00,04,03,2002,18,10795
04.03.2002-21:00:00,04,03,2002,21,10764
04.04.2002-00:00:00,04,04,2002,00,10642
04.04.2002-03:00:00,04,04,2002,03,10554
04.04.2002-06:00:00,04,04,2002,06,10467
04.04.2002-09:00:00,04,04,2002,09,10337
04.04.2002-12:00:00,04,04,2002,12,10844
04.04.2002-15:00:00,04,04,2002,15,11439
04.04.2002-18:00:00,04,04,2002,18,11697
04.04.2002-21:00:00,04,04,2002,21,11650
04.05.2002-00:00:00,04,05,2002,00,11440
04.05.2002-03:00:00,04,05,2002,03,11158
04.05.2002-06:00:00,04,05,2002,06,10894
04.05.2002-09:00:00,04,05,2002,09,10753
04.05.2002-12:00:00,04,05,2002,12,11420
04.05.2002-15:00:00,04,05,2002,15,11945
04.05.2002-18:00:00,04,05,2002,18,12195
04.05.2002-21:00:00,04,05,2002,21,12121
04.06.2002-00:00:00,04,06,2002,00,11849
04.06.2002-03:00:00,04,06,2002,03,11539
04.06.2002-06:00:00,04,06,2002,06,11215
04.06.2002-09:00:00,04,06,2002,09,11361
04.06.2002-12:00:00,04,06,2002,12,12161
04.06.2002-15:00:00,04,06,2002,15,12469
04.06.2002-18:00:00,04,06,2002,18,12652
04.06.2002-21:00:00,04,06,2002,21,12475
04.07.2002-00:00:00,04,07,2002,00,12279
04.07.2002-03:00:00,04,07,2002,03,11935
04.07.2002-06:00:00,04,07,2002,06,11669
04.07.2002-09:00:00,04,07,2002,09,11927
04.07.2002-12:00:00,04,07,2002,12,12680
04.07.2002-15:00:00,04,07,2002,15,12909
04.07.2002-18:00:00,04,07,2002,18,13018
04.07.2002-21:00:00,04,07,2002,21,12820
04.08.2002-00:00:00,04,08,2002,00,12411
04.08.2002-03:00:00,04,08,2002,03,12016
04.08.2002-06:00:00,04,08,2002,06,11658
04.08.2002-09:00:00,04,08,2002,09,11477
04.08.2002-12:00:00,04,08,2002,12,12492
04.08.2002-15:00:00,04,08,2002,15,13232
04.08.2002-18:00:00,04,08,2002,18,13402
04.08.2002-21:00:00,04,08,2002,21,13202
04.09.2002-00:00:00,04,09,2002,00,12858
04.09.2002-03:00:00,04,09,2002,03,12450
04.09.2002-06:00:00,04,09,2002,06,12071
04.09.2002-09:00:00,04,09,2002,09,12163
04.09.2002-12:00:00,04,09,2002,12,13030
04.09.2002-15:00:00,04,09,2002,15,13597
04.09.2002-18:00:00,04,09,2002,18,13858
04.09.2002-21:00:00,04,09,2002,21,13600
04.10.2002-00:00:00,04,10,2002,00,13075
04.10.2002-03:00:00,04,10,2002,03,12614
04.10.2002-06:00:00,04,10,2002,06,12232
04.10.2002-09:00:00,04,10,2002,09,11800
04.10.2002-12:00:00,04,10,2002,12,12269
04.10.2002-15:00:00,04,10,2002,15,13405
04.10.2002-18:00:00,04,10,2002,18,14150
04.10.2002-21:00:00,04,10,2002,21,14228
04.11.2002-00:00:00,04,11,2002,00,14106
04.11.2002-03:00:00,04,11,2002,03,13686
04.11.2002-06:00:00,04,11,2002,06,13335
04.11.2002-09:00:00,04,11,2002,09,14165
04.11.2002-12:00:00,04,11,2002,12,16314
04.11.2002-15:00:00,04,11,2002,15,17315
04.11.2002-18:00:00,04,11,2002,18,17561
04.11.2002-21:00:00,04,11,2002,21,17043
04.12.2002-00:00:00,04,12,2002,00,16345
04.12.2002-03:00:00,04,12,2002,03,15389
04.12.2002-06:00:00,04,12,2002,06,14530
04.12.2002-09:00:00,04,12,2002,09,15389
04.12.2002-12:00:00,04,12,2002,12,18945
04.12.2002-15:00:00,04,12,2002,15,20519
04.12.2002-18:00:00,04,12,2002,18,20659
04.12.2002-21:00:00,04,12,2002,21,19695
04.13.2002-00:00:00,04,13,2002,00,19049
04.13.2002-03:00:00,04,13,2002,03,17659
04.13.2002-06:00:00,04,13,2002,06,16863
04.13.2002-09:00:00,04,13,2002,09,19140
04.13.2002-12:00:00,04,13,2002,12,24073
04.13.2002-15:00:00,04,13,2002,15,26407
04.13.2002-18:00:00,04,13,2002,18,26117
04.13.2002-21:00:00,04,13,2002,21,25107
04.14.2002-00:00:00,04,14,2002,00,24219
04.14.2002-03:00:00,04,14,2002,03,21782
04.14.2002-06:00:00,04,14,2002,06,20609
04.14.2002-09:00:00,04,14,2002,09,24430
04.14.2002-12:00:00,04,14,2002,12,32366
04.14.2002-15:00:00,04,14,2002,15,37501
04.14.2002-18:00:00,04,14,2002,18,37885
04.14.2002-21:00:00,04,14,2002,21,36438
04.15.2002-00:00:00,04,15,2002,00,32143
04.15.2002-03:00:00,04,15,2002,03,27968
04.15.2002-06:00:00,04,15,2002,06,24770
04.15.2002-09:00:00,04,15,2002,09,22444
04.15.2002-12:00:00,04,15,2002,12,22414
04.15.2002-15:00:00,04,15,2002,15,23307
04.15.2002-18:00:00,04,15,2002,18,23334
04.15.2002-21:00:00,04,15,2002,21,22421
04.16.2002-00:00:00,04,16,2002,00,21288
04.16.2002-03:00:00,04,16,2002,03,20458
04.16.2002-06:00:00,04,16,2002,06,19751
04.16.2002-09:00:00,04,16,2002,09,19049
04.16.2002-12:00:00,04,16,2002,12,19818
04.16.2002-15:00:00,04,16,2002,15,21551
04.16.2002-18:00:00,04,16,2002,18,22402
04.16.2002-21:00:00,04,16,2002,21,22197
04.17.2002-00:00:00,04,17,2002,00,21370
04.17.2002-03:00:00,04,17,2002,03,20732
04.17.2002-06:00:00,04,17,2002,06,20090
04.17.2002-09:00:00,04,17,2002,09,19184
04.17.2002-12:00:00,04,17,2002,12,20277
04.17.2002-15:00:00,04,17,2002,15,22459
04.17.2002-18:00:00,04,17,2002,18,23717
04.17.2002-21:00:00,04,17,2002,21,23490
04.18.2002-00:00:00,04,18,2002,00,22456
04.18.2002-03:00:00,04,18,2002,03,21668
04.18.2002-06:00:00,04,18,2002,06,20869
04.18.2002-09:00:00,04,18,2002,09,19609
04.18.2002-12:00:00,04,18,2002,12,19653
04.18.2002-15:00:00,04,18,2002,15,22347
04.18.2002-18:00:00,04,18,2002,18,24289
04.18.2002-21:00:00,04,18,2002,21,24361
04.19.2002-00:00:00,04,19,2002,00,23558
04.19.2002-03:00:00,04,19,2002,03,22570
04.19.2002-06:00:00,04,19,2002,06,21581
04.19.2002-09:00:00,04,19,2002,09,22075
04.19.2002-12:00:00,04,19,2002,12,28402
04.19.2002-15:00:00,04,19,2002,15,33659
04.19.2002-18:00:00,04,19,2002,18,34847
04.19.2002-21:00:00,04,19,2002,21,33182
04.20.2002-00:00:00,04,20,2002,00,30975
04.20.2002-03:00:00,04,20,2002,03,28786
04.20.2002-06:00:00,04,20,2002,06,26918
04.20.2002-09:00:00,04,20,2002,09,30904
04.20.2002-12:00:00,04,20,2002,12,42971
04.20.2002-15:00:00,04,20,2002,15,49823
04.20.2002-18:00:00,04,20,2002,18,49624
04.20.2002-21:00:00,04,20,2002,21,46679
04.21.2002-00:00:00,04,21,2002,00,44332
04.21.2002-03:00:00,04,21,2002,03,42079
04.21.2002-06:00:00,04,21,2002,06,41361
04.21.2002-09:00:00,04,21,2002,09,46062
04.21.2002-12:00:00,04,21,2002,12,54199
04.21.2002-15:00:00,04,21,2002,15,58861
04.21.2002-18:00:00,04,21,2002,18,59735
04.21.2002-21:00:00,04,21,2002,21,57886
04.22.2002-00:00:00,04,22,2002,00,53969
04.22.2002-03:00:00,04,22,2002,03,49495
04.22.2002-06:00:00,04,22,2002,06,46397
04.22.2002-09:00:00,04,22,2002,09,54511
04.22.2002-12:00:00,04,22,2002,12,68422
04.22.2002-15:00:00,04,22,2002,15,72854
04.22.2002-18:00:00,04,22,2002,18,70610
04.22.2002-21:00:00,04,22,2002,21,64542
04.23.2002-00:00:00,04,23,2002,00,56679
04.23.2002-03:00:00,04,23,2002,03,50082
04.23.2002-06:00:00,04,23,2002,06,45273
04.23.2002-09:00:00,04,23,2002,09,40878
04.23.2002-12:00:00,04,23,2002,12,38021
04.23.2002-15:00:00,04,23,2002,15,38284
04.23.2002-18:00:00,04,23,2002,18,38107
04.23.2002-21:00:00,04,23,2002,21,37102
04.24.2002-00:00:00,04,24,2002,00,36272
04.24.2002-03:00:00,04,24,2002,03,35693
04.24.2002-06:00:00,04,24,2002,06,35181
04.24.2002-09:00:00,04,24,2002,09,33350
04.24.2002-12:00:00,04,24,2002,12,31828
04.24.2002-15:00:00,04,24,2002,15,32088
04.24.2002-18:00:00,04,24,2002,18,33047
04.24.2002-21:00:00,04,24,2002,21,33696
04.25.2002-00:00:00,04,25,2002,00,34037
04.25.2002-03:00:00,04,25,2002,03,34281
04.25.2002-06:00:00,04,25,2002,06,34030
04.25.2002-09:00:00,04,25,2002,09,34509
04.25.2002-12:00:00,04,25,2002,12,38405
04.25.2002-15:00:00,04,25,2002,15,43136
04.25.2002-18:00:00,04,25,2002,18,45636
04.25.2002-21:00:00,04,25,2002,21,45503
04.26.2002-00:00:00,04,26,2002,00,43437
04.26.2002-03:00:00,04,26,2002,03,41236
04.26.2002-06:00:00,04,26,2002,06,39087
04.26.2002-09:00:00,04,26,2002,09,37381
04.26.2002-12:00:00,04,26,2002,12,44320
04.26.2002-15:00:00,04,26,2002,15,51481
04.26.2002-18:00:00,04,26,2002,18,53363
04.26.2002-21:00:00,04,26,2002,21,52009
04.27.2002-00:00:00,04,27,2002,00,49763
04.27.2002-03:00:00,04,27,2002,03,47378
04.27.2002-06:00:00,04,27,2002,06,45376
04.27.2002-09:00:00,04,27,2002,09,53276
04.27.2002-12:00:00,04,27,2002,12,70390
04.27.2002-15:00:00,04,27,2002,15,79308
04.27.2002-18:00:00,04,27,2002,18,78384
04.27.2002-21:00:00,04,27,2002,21,73155
04.28.2002-00:00:00,04,28,2002,00,66482
04.28.2002-03:00:00,04,28,2002,03,59585
04.28.2002-06:00:00,04,28,2002,06,53662
04.28.2002-09:00:00,04,28,2002,09,58094
04.28.2002-12:00:00,04,28,2002,12,80399
04.28.2002-15:00:00,04,28,2002,15,92584
04.28.2002-18:00:00,04,28,2002,18,91987
04.28.2002-21:00:00,04,28,2002,21,84657
04.29.2002-00:00:00,04,29,2002,00,76187
04.29.2002-03:00:00,04,29,2002,03,67783
04.29.2002-06:00:00,04,29,2002,06,60866
04.29.2002-09:00:00,04,29,2002,09,69021
04.29.2002-12:00:00,04,29,2002,12,97231
04.29.2002-15:00:00,04,29,2002,15,1.1439e+05
04.29.2002-18:00:00,04,29,2002,18,1.1509e+05
04.29.2002-21:00:00,04,29,2002,21,1.0652e+05
04.30.2002-00:00:00,04,30,2002,00,98199
04.30.2002-03:00:00,04,30,2002,03,90120
04.30.2002-06:00:00,04,30,2002,06,87009
04.30.2002-09:00:00,04,30,2002,09,1.084e+05
04.30.2002-12:00:00,04,30,2002,12,1.4282e+05
04.30.2002-15:00:00,04,30,2002,15,1.6136e+05
04.30.2002-18:00:00,04,30,2002,18,1.6211e+05
04.30.2002-21:00:00,04,30,2002,21,1.5157e+05
05.01.2002-00:00:00,05,01,2002,00,1.3596e+05
05.01.2002-03:00:00,05,01,2002,03,1.194e+05
05.01.2002-06:00:00,05,01,2002,06,1.0548e+05
05.01.2002-09:00:00,05,01,2002,09,1.1804e+05
05.01.2002-12:00:00,05,01,2002,12,1.5162e+05
05.01.2002-15:00:00,05,01,2002,15,1.7096e+05
05.01.2002-18:00:00,05,01,2002,18,1.7044e+05
05.01.2002-21:00:00,05,01,2002,21,1.5858e+05
05.02.2002-00:00:00,05,02,2002,00,1.4516e+05
05.02.2002-03:00:00,05,02,2002,03,1.3221e+05
05.02.2002-06:00:00,05,02,2002,06,1.2571e+05
05.02.2002-09:00:00,05,02,2002,09,1.4591e+05
05.02.2002-12:00:00,05,02,2002,12,1.8138e+05
05.02.2002-15:00:00,05,02,2002,15,2.0116e+05
05.02.2002-18:00:00,05,02,2002,18,2.0137e+05
05.02.2002-21:00:00,05,02,2002,21,1.8907e+05
05.03.2002-00:00:00,05,03,2002,00,1.7047e+05
05.03.2002-03:00:00,05,03,2002,03,1.5144e+05
05.03.2002-06:00:00,05,03,2002,06,1.3529e+05
05.03.2002-09:00:00,05,03,2002,09,1.3354e+05
05.03.2002-12:00:00,05,03,2002,12,1.5418e+05
05.03.2002-15:00:00,05,03,2002,15,1.6509e+05
05.03.2002-18:00:00,05,03,2002,18,1.6239e+05
05.03.2002-21:00:00,05,03,2002,21,1.5212e+05
05.04.2002-00:00:00,05,04,2002,00,1.3991e+05
05.04.2002-03:00:00,05,04,2002,03,1.2911e+05
05.04.2002-06:00:00,05,04,2002,06,1.2108e+05
05.04.2002-09:00:00,05,04,2002,09,1.1356e+05
05.04.2002-12:00:00,05,04,2002,12,1.1658e+05
05.04.2002-15:00:00,05,04,2002,15,1.2259e+05
05.04.2002-18:00:00,05,04,2002,18,1.2287e+05
05.04.2002-21:00:00,05,04,2002,21,1.1995e+05
05.05.2002-00:00:00,05,05,2002,00,1.1631e+05
05.05.2002-03:00:00,05,05,2002,03,1.132e+05
05.05.2002-06:00:00,05,05,2002,06,1.0958e+05
05.05.2002-09:00:00,05,05,2002,09,1.0942e+05
05.05.2002-12:00:00,05,05,2002,12,1.2678e+05
05.05.2002-15:00:00,05,05,2002,15,1.3992e+05
05.05.2002-18:00:00,05,05,2002,18,1.4145e+05
05.05.2002-21:00:00,05,05,2002,21,1.369e+05
05.06.2002-00:00:00,05,06,2002,00,1.2987e+05
05.06.2002-03:00:00,05,06,2002,03,1.2371e+05
05.06.2002-06:00:00,05,06,2002,06,1.1852e+05
05.06.2002-09:00:00,05,06,2002,09,1.1307e+05
05.06.2002-12:00:00,05,06,2002,12,1.1147e+05
05.06.2002-15:00:00,05,06,2002,15,1.1516e+05
05.06.2002-18:00:00,05,06,2002,18,1.1549e+05
05.06.2002-21:00:00,05,06,2002,21,1.1385e+05
05.07.2002-00:00:00,05,07,2002,00,1.1208e+05
05.07.2002-03:00:00,05,07,2002,03,1.107e+05
05.07.2002-06:00:00,05,07,2002,06,1.0868e+05
05.07.2002-09:00:00,05,07,2002,09,1.0586e+05
05.07.2002-12:00:00,05,07,2002,12,1.1627e+05
05.07.2002-15:00:00,05,07,2002,15,1.2656e+05
05.07.2002-18:00:00,05,07,2002,18,1.282e+05
05.07.2002-21:00:00,05,07,2002,21,1.2509e+05
05.08.2002-00:00:00,05,08,2002,00,1.2087e+05
05.08.2002-03:00:00,05,08,2002,03,1.1691e+05
05.08.2002-06:00:00,05,08,2002,06,1.1332e+05
05.08.2002-09:00:00,05,08,2002,09,1.0786e+05
05.08.2002-12:00:00,05,08,2002,12,1.1783e+05
05.08.2002-15:00:00,05,08,2002,15,1.3085e+05
05.08.2002-18:00:00,05,08,2002,18,1.3266e+05
05.08.2002-21:00:00,05,08,2002,21,1.2885e+05
05.09.2002-00:00:00,05,09,2002,00,1.2381e+05
05.09.2002-03:00:00,05,09,2002,03,1.1912e+05
05.09.2002-06:00:00,05,09,2002,06,1.1472e+05
05.09.2002-09:00:00,05,09,2002,09,1.0839e+05
05.09.2002-12:00:00,05,09,2002,12,1.0383e+05
05.09.2002-15:00:00,05,09,2002,15,1.0575e+05
05.09.2002-18:00:00,05,09,2002,18,1.0853e+05
05.09.2002-21:00:00,05,09,2002,21,1.0834e+05
05.10.2002-00:00:00,05,10,2002,00,1.0788e+05
05.10.2002-03:00:00,05,10,2002,03,1.0729e+05
05.10.2002-06:00:00,05,10,2002,06,1.053e+05
05.10.2002-09:00:00,05,10,2002,09,1.0119e+05
05.10.2002-12:00:00,05,10,2002,12,1.1314e+05
05.10.2002-15:00:00,05,10,2002,15,1.2846e+05
05.10.2002-18:00:00,05,10,2002,18,1.3327e+05
05.10.2002-21:00:00,05,10,2002,21,1.3125e+05
05.11.2002-00:00:00,05,11,2002,00,1.2732e+05
05.11.2002-03:00:00,05,11,2002,03,1.2217e+05
05.11.2002-06:00:00,05,11,2002,06,1.178e+05
05.11.2002-09:00:00,05,11,2002,09,1.3849e+05
05.11.2002-12:00:00,05,11,2002,12,1.8697e+05
05.11.2002-15:00:00,05,11,2002,15,2.1978e+05
05.11.2002-18:00:00,05,11,2002,18,2.2586e+05
05.11.2002-21:00:00,05,11,2002,21,2.1527e+05
05.12.2002-00:00:00,05,12,2002,00,1.9663e+05
05.12.2002-03:00:00,05,12,2002,03,1.7663e+05
05.12.2002-06:00:00,05,12,2002,06,1.605e+05
05.12.2002-09:00:00,05,12,2002,09,1.7889e+05
05.12.2002-12:00:00,05,12,2002,12,2.3008e+05
05.12.2002-15:00:00,05,12,2002,15,2.6261e+05
05.12.2002-18:00:00,05,12,2002,18,2.6631e+05
05.12.2002-21:00:00,05,12,2002,21,2.5165e+05
05.13.2002-00:00:00,05,13,2002,00,2.2895e+05
05.13.2002-03:00:00,05,13,2002,03,2.0592e+05
05.13.2002-06:00:00,05,13,2002,06,1.885e+05
05.13.2002-09:00:00,05,13,2002,09,2.128e+05
05.13.2002-12:00:00,05,13,2002,12,2.6978e+05
05.13.2002-15:00:00,05,13,2002,15,3.0766e+05
05.13.2002-18:00:00,05,13,2002,18,3.145e+05
05.13.2002-21:00:00,05,13,2002,21,2.9843e+05
05.14.2002-00:00:00,05,14,2002,00,2.7438e+05
05.14.2002-03:00:00,05,14,2002,03,2.4795e+05
05.14.2002-06:00:00,05,14,2002,06,2.2913e+05
05.14.2002-09:00:00,05,14,2002,09,2.3936e+05
05.14.2002-12:00:00,05,14,2002,12,2.7092e+05
05.14.2002-15:00:00,05,14,2002,15,2.9156e+05
05.14.2002-18:00:00,05,14,2002,18,2.9195e+05
05.14.2002-21:00:00,05,14,2002,21,2.7888e+05
05.15.2002-00:00:00,05,15,2002,00,2.575e+05
05.15.2002-03:00:00,05,15,2002,03,2.3654e+05
05.15.2002-06:00:00,05,15,2002,06,2.1888e+05
05.15.2002-09:00:00,05,15,2002,09,2.2197e+05
05.15.2002-12:00:00,05,15,2002,12,2.6219e+05
05.15.2002-15:00:00,05,15,2002,15,2.9007e+05
05.15.2002-18:00:00,05,15,2002,18,2.9469e+05
05.15.2002-21:00:00,05,15,2002,21,2.8335e+05
05.16.2002-00:00:00,05,16,2002,00,2.6494e+05
05.16.2002-03:00:00,05,16,2002,03,2.4597e+05
05.16.2002-06:00:00,05,16,2002,06,2.2815e+05
05.16.2002-09:00:00,05,16,2002,09,2.3252e+05
05.16.2002-12:00:00,05,16,2002,12,2.772e+05
05.16.2002-15:00:00,05,16,2002,15,3.1233e+05
05.16.2002-18:00:00,05,16,2002,18,3.2218e+05
05.16.2002-21:00:00,05,16,2002,21,3.1366e+05
05.17.2002-00:00:00,05,17,2002,00,2.9761e+05
05.17.2002-03:00:00,05,17,2002,03,2.7911e+05
05.17.2002-06:00:00,05,17,2002,06,2.7006e+05
05.17.2002-09:00:00,05,17,2002,09,2.9901e+05
05.17.2002-12:00:00,05,17,2002,12,3.5156e+05
05.17.2002-15:00:00,05,17,2002,15,3.8966e+05
05.17.2002-18:00:00,05,17,2002,18,4.0097e+05
05.17.2002-21:00:00,05,17,2002,21,3.9003e+05
05.18.2002-00:00:00,05,18,2002,00,3.6548e+05
05.18.2002-03:00:00,05,18,2002,03,3.3757e+05
05.18.2002-06:00:00,05,18,2002,06,3.1543e+05
05.18.2002-09:00:00,05,18,2002,09,3.3438e+05
05.18.2002-12:00:00,05,18,2002,12,3.8457e+05
05.18.2002-15:00:00,05,18,2002,15,4.2175e+05
05.18.2002-18:00:00,05,18,2002,18,4.3048e+05
05.18.2002-21:00:00,05,18,2002,21,4.1726e+05
05.19.2002-00:00:00,05,19,2002,00,3.9349e+05
05.19.2002-03:00:00,05,19,2002,03,3.676e+05
05.19.2002-06:00:00,05,19,2002,06,3.5224e+05
05.19.2002-09:00:00,05,19,2002,09,3.8069e+05
05.19.2002-12:00:00,05,19,2002,12,4.3922e+05
05.19.2002-15:00:00,05,19,2002,15,4.8675e+05
05.19.2002-18:00:00,05,19,2002,18,5.0445e+05
05.19.2002-21:00:00,05,19,2002,21,4.9754e+05
05.20.2002-00:00:00,05,20,2002,00,4.9371e+05
05.20.2002-03:00:00,05,20,2002,03,4.9477e+05
05.20.2002-06:00:00,05,20,2002,06,5.1682e+05
05.20.2002-09:00:00,05,20,2002,09,5.756e+05
05.20.2002-12:00:00,05,20,2002,12,6.5871e+05
05.20.2002-15:00:00,05,20,2002,15,7.2996e+05
05.20.2002-18:00:00,05,20,2002,18,7.7295e+05
05.20.2002-21:00:00,05,20,2002,21,7.8873e+05
05.21.2002-00:00:00,05,21,2002,00,7.8253e+05
05.21.2002-03:00:00,05,21,2002,03,7.6431e+05
05.21.2002-06:00:00,05,21,2002,06,7.4984e+05
05.21.2002-09:00:00,05,21,2002,09,7.531e+05
05.21.2002-12:00:00,05,21,2002,12,7.7222e+05
05.21.2002-15:00:00,05,21,2002,15,7.935e+05
05.21.2002-18:00:00,05,21,2002,18,8.0797e+05
05.21.2002-21:00:00,05,21,2002,21,8.1163e+05
05.22.2002-00:00:00,05,22,2002,00,7.9799e+05
05.22.2002-03:00:00,05,22,2002,03,7.7501e+05
05.22.2002-06:00:00,05,22,2002,06,7.5259e+05
05.22.2002-09:00:00,05,22,2002,09,7.4028e+05
05.22.2002-12:00:00,05,22,2002,12,7.3917e+05
05.22.2002-15:00:00,05,22,2002,15,7.4113e+05
05.22.2002-18:00:00,05,22,2002,18,7.413e+05
05.22.2002-21:00:00,05,22,2002,21,7.3551e+05
05.23.2002-00:00:00,05,23,2002,00,7.1814e+05
05.23.2002-03:00:00,05,23,2002,03,6.9232e+05
05.23.2002-06:00:00,05,23,2002,06,6.7371e+05
05.23.2002-09:00:00,05,23,2002,09,6.9663e+05
05.23.2002-12:00:00,05,23,2002,12,7.5577e+05
05.23.2002-15:00:00,05,23,2002,15,8.1111e+05
05.23.2002-18:00:00,05,23,2002,18,8.4154e+05
05.23.2002-21:00:00,05,23,2002,21,8.4284e+05
05.24.2002-00:00:00,05,24,2002,00,8.2028e+05
05.24.2002-03:00:00,05,24,2002,03,7.8651e+05
05.24.2002-06:00:00,05,24,2002,06,7.4973e+05
05.24.2002-09:00:00,05,24,2002,09,7.3774e+05
05.24.2002-12:00:00,05,24,2002,12,7.7773e+05
05.24.2002-15:00:00,05,24,2002,15,8.2429e+05
05.24.2002-18:00:00,05,24,2002,18,8.5062e+05
05.24.2002-21:00:00,05,24,2002,21,8.4974e+05
05.25.2002-00:00:00,05,25,2002,00,8.3014e+05
05.25.2002-03:00:00,05,25,2002,03,7.9896e+05
05.25.2002-06:00:00,05,25,2002,06,7.7441e+05
05.25.2002-09:00:00,05,25,2002,09,7.9203e+05
05.25.2002-12:00:00,05,25,2002,12,8.5045e+05
05.25.2002-15:00:00,05,25,2002,15,9.129e+05
05.25.2002-18:00:00,05,25,2002,18,9.5326e+05
05.25.2002-21:00:00,05,25,2002,21,9.6368e+05
05.26.2002-00:00:00,05,26,2002,00,9.4727e+05
05.26.2002-03:00:00,05,26,2002,03,9.1508e+05
05.26.2002-06:00:00,05,26,2002,06,8.8085e+05
05.26.2002-09:00:00,05,26,2002,09,8.9011e+05
05.26.2002-12:00:00,05,26,2002,12,9.4824e+05
05.26.2002-15:00:00,05,26,2002,15,1.0135e+06
05.26.2002-18:00:00,05,26,2002,18,1.0547e+06
05.26.2002-21:00:00,05,26,2002,21,1.0631e+06
05.27.2002-00:00:00,05,27,2002,00,1.0444e+06
05.27.2002-03:00:00,05,27,2002,03,1.0093e+06
05.27.2002-06:00:00,05,27,2002,06,9.7581e+05
05.27.2002-09:00:00,05,27,2002,09,9.8939e+05
05.27.2002-12:00:00,05,27,2002,12,1.0526e+06
05.27.2002-15:00:00,05,27,2002,15,1.1269e+06
05.27.2002-18:00:00,05,27,2002,18,1.1786e+06
05.27.2002-21:00:00,05,27,2002,21,1.1972e+06
05.28.2002-00:00:00,05,28,2002,00,1.189e+06
05.28.2002-03:00:00,05,28,2002,03,1.166e+06
05.28.2002-06:00:00,05,28,2002,06,1.1548e+06
05.28.2002-09:00:00,05,28,2002,09,1.1876e+06
05.28.2002-12:00:00,05,28,2002,12,1.2644e+06
05.28.2002-15:00:00,05,28,2002,15,1.3515e+06
05.28.2002-18:00:00,05,28,2002,18,1.4164e+06
05.28.2002-21:00:00,05,28,2002,21,1.4503e+06
05.29.2002-00:00:00,05,29,2002,00,1.448e+06
05.29.2002-03:00:00,05,29,2002,03,1.4208e+06
05.29.2002-06:00:00,05,29,2002,06,1.3924e+06
05.29.2002-09:00:00,05,29,2002,09,1.3998e+06
05.29.2002-12:00:00,05,29,2002,12,1.4488e+06
05.29.2002-15:00:00,05,29,2002,15,1.5084e+06
05.29.2002-18:00:00,05,29,2002,18,1.5484e+06
05.29.2002-21:00:00,05,29,2002,21,1.5585e+06
05.30.2002-00:00:00,05,30,2002,00,1.5355e+06
05.30.2002-03:00:00,05,30,2002,03,1.4899e+06
05.30.2002-06:00:00,05,30,2002,06,1.4374e+06
05.30.2002-09:00:00,05,30,2002,09,1.4238e+06
05.30.2002-12:00:00,05,30,2002,12,1.4599e+06
05.30.2002-15:00:00,05,30,2002,15,1.5138e+06
05.30.2002-18:00:00,05,30,2002,18,1.5512e+06
05.30.2002-21:00:00,05,30,2002,21,1.5591e+06
05.31.2002-00:00:00,05,31,2002,00,1.5378e+06
05.31.2002-03:00:00,05,31,2002,03,1.4954e+06
05.31.2002-06:00:00,05,31,2002,06,1.4467e+06
05.31.2002-09:00:00,05,31,2002,09,1.4274e+06
05.31.2002-12:00:00,05,31,2002,12,1.4459e+06
05.31.2002-15:00:00,05,31,2002,15,1.4807e+06
05.31.2002-18:00:00,05,31,2002,18,1.5057e+06
05.31.2002-21:00:00,05,31,2002,21,1.5094e+06
06.01.2002-00:00:00,06,01,2002,00,1.4881e+06
06.01.2002-03:00:00,06,01,2002,03,1.4477e+06
06.01.2002-06:00:00,06,01,2002,06,1.4036e+06
06.01.2002-09:00:00,06,01,2002,09,1.3936e+06
06.01.2002-12:00:00,06,01,2002,12,1.4299e+06
06.01.2002-15:00:00,06,01,2002,15,1.4846e+06
06.01.2002-18:00:00,06,01,2002,18,1.5271e+06
06.01.2002-21:00:00,06,01,2002,21,1.5426e+06
06.02.2002-00:00:00,06,02,2002,00,1.5317e+06
06.02.2002-03:00:00,06,02,2002,03,1.502e+06
06.02.2002-06:00:00,06,02,2002,06,1.4724e+06
06.02.2002-09:00:00,06,02,2002,09,1.4731e+06
06.02.2002-12:00:00,06,02,2002,12,1.5142e+06
06.02.2002-15:00:00,06,02,2002,15,1.5695e+06
06.02.2002-18:00:00,06,02,2002,18,1.6132e+06
06.02.2002-21:00:00,06,02,2002,21,1.6317e+06
06.03.2002-00:00:00,06,03,2002,00,1.6226e+06
06.03.2002-03:00:00,06,03,2002,03,1.5919e+06
06.03.2002-06:00:00,06,03,2002,06,1.5529e+06
06.03.2002-09:00:00,06,03,2002,09,1.5394e+06
06.03.2002-12:00:00,06,03,2002,12,1.5632e+06
06.03.2002-15:00:00,06,03,2002,15,1.6033e+06
06.03.2002-18:00:00,06,03,2002,18,1.6327e+06
06.03.2002-21:00:00,06,03,2002,21,1.6403e+06
06.04.2002-00:00:00,06,04,2002,00,1.6262e+06
06.04.2002-03:00:00,06,04,2002,03,1.5978e+06
06.04.2002-06:00:00,06,04,2002,06,1.5714e+06
06.04.2002-09:00:00,06,04,2002,09,1.57e+06
06.04.2002-12:00:00,06,04,2002,12,1.6007e+06
06.04.2002-15:00:00,06,04,2002,15,1.6453e+06
06.04.2002-18:00:00,06,04,2002,18,1.6835e+06
06.04.2002-21:00:00,06,04,2002,21,1.7039e+06
06.05.2002-00:00:00,06,05,2002,00,1.7035e+06
06.05.2002-03:00:00,06,05,2002,03,1.6859e+06
06.05.2002-06:00:00,06,05,2002,06,1.6646e+06
06.05.2002-09:00:00,06,05,2002,09,1.6612e+06
06.05.2002-12:00:00,06,05,2002,12,1.6837e+06
06.05.2002-15:00:00,06,05,2002,15,1.7157e+06
06.05.2002-18:00:00,06,05,2002,18,1.7403e+06
06.05.2002-21:00:00,06,05,2002,21,1.7464e+06
06.06.2002-00:00:00,06,06,2002,00,1.7335e+06
06.06.2002-03:00:00,06,06,2002,03,1.7048e+06
06.06.2002-06:00:00,06,06,2002,06,1.6684e+06
06.06.2002-09:00:00,06,06,2002,09,1.6374e+06
06.06.2002-12:00:00,06,06,2002,12,1.6186e+06
06.06.2002-15:00:00,06,06,2002,15,1.6036e+06
06.06.2002-18:00:00,06,06,2002,18,1.5839e+06
06.06.2002-21:00:00,06,06,2002,21,1.5538e+06
06.07.2002-00:00:00,06,07,2002,00,1.5116e+06
06.07.2002-03:00:00,06,07,2002,03,1.4591e+06
06.07.2002-06:00:00,06,07,2002,06,1.4008e+06
06.07.2002-09:00:00,06,07,2002,09,1.3437e+06
06.07.2002-12:00:00,06,07,2002,12,1.3037e+06
06.07.2002-15:00:00,06,07,2002,15,1.2731e+06
06.07.2002-18:00:00,06,07,2002,18,1.2432e+06
06.07.2002-21:00:00,06,07,2002,21,1.2095e+06
06.08.2002-00:00:00,06,08,2002,00,1.1721e+06
06.08.2002-03:00:00,06,08,2002,03,1.1328e+06
06.08.2002-06:00:00,06,08,2002,06,1.0946e+06
06.08.2002-09:00:00,06,08,2002,09,1.0529e+06
06.08.2002-12:00:00,06,08,2002,12,1.0161e+06
06.08.2002-15:00:00,06,08,2002,15,9.8711e+05
06.08.2002-18:00:00,06,08,2002,18,9.6282e+05
06.08.2002-21:00:00,06,08,2002,21,9.4003e+05
06.09.2002-00:00:00,06,09,2002,00,9.1756e+05
06.09.2002-03:00:00,06,09,2002,03,8.947e+05
06.09.2002-06:00:00,06,09,2002,06,8.6881e+05
06.09.2002-09:00:00,06,09,2002,09,8.6085e+05
06.09.2002-12:00:00,06,09,2002,12,8.8e+05
06.09.2002-15:00:00,06,09,2002,15,9.1236e+05
06.09.2002-18:00:00,06,09,2002,18,9.4303e+05
06.09.2002-21:00:00,06,09,2002,21,9.6358e+05
06.10.2002-00:00:00,06,10,2002,00,9.718e+05
06.10.2002-03:00:00,06,10,2002,03,9.7007e+05
06.10.2002-06:00:00,06,10,2002,06,9.6384e+05
06.10.2002-09:00:00,06,10,2002,09,9.7308e+05
06.10.2002-12:00:00,06,10,2002,12,1.006e+06
06.10.2002-15:00:00,06,10,2002,15,1.0487e+06
06.10.2002-18:00:00,06,10,2002,18,1.0853e+06
06.10.2002-21:00:00,06,10,2002,21,1.1076e+06
06.11.2002-00:00:00,06,11,2002,00,1.1148e+06
06.11.2002-03:00:00,06,11,2002,03,1.1113e+06
06.11.2002-06:00:00,06,11,2002,06,1.0994e+06
06.11.2002-09:00:00,06,11,2002,09,1.0968e+06
06.11.2002-12:00:00,06,11,2002,12,1.1116e+06
06.11.2002-15:00:00,06,11,2002,15,1.1353e+06
06.11.2002-18:00:00,06,11,2002,18,1.1528e+06
06.11.2002-21:00:00,06,11,2002,21,1.1576e+06
06.12.2002-00:00:00,06,12,2002,00,1.148e+06
06.12.2002-03:00:00,06,12,2002,03,1.1283e+06
06.12.2002-06:00:00,06,12,2002,06,1.103e+06
06.12.2002-09:00:00,06,12,2002,09,1.0895e+06
06.12.2002-12:00:00,06,12,2002,12,1.0975e+06
06.12.2002-15:00:00,06,12,2002,15,1.1174e+06
06.12.2002-18:00:00,06,12,2002,18,1.1373e+06
06.12.2002-21:00:00,06,12,2002,21,1.147e+06
06.13.2002-00:00:00,06,13,2002,00,1.1451e+06
06.13.2002-03:00:00,06,13,2002,03,1.1346e+06
06.13.2002-06:00:00,06,13,2002,06,1.1163e+06
06.13.2002-09:00:00,06,13,2002,09,1.1063e+06
06.13.2002-12:00:00,06,13,2002,12,1.1126e+06
06.13.2002-15:00:00,06,13,2002,15,1.1278e+06
06.13.2002-18:00:00,06,13,2002,18,1.1424e+06
06.13.2002-21:00:00,06,13,2002,21,1.1476e+06
06.14.2002-00:00:00,06,14,2002,00,1.1432e+06
06.14.2002-03:00:00,06,14,2002,03,1.1304e+06
06.14.2002-06:00:00,06,14,2002,06,1.1095e+06
06.14.2002-09:00:00,06,14,2002,09,1.0953e+06
06.14.2002-12:00:00,06,14,2002,12,1.0968e+06
06.14.2002-15:00:00,06,14,2002,15,1.1069e+06
06.14.2002-18:00:00,06,14,2002,18,1.1184e+06
06.14.2002-21:00:00,06,14,2002,21,1.1247e+06
06.15.2002-00:00:00,06,15,2002,00,1.1255e+06
06.15.2002-03:00:00,06,15,2002,03,1.1188e+06
06.15.2002-06:00:00,06,15,2002,06,1.104e+06
06.15.2002-09:00:00,06,15,2002,09,1.0913e+06
06.15.2002-12:00:00,06,15,2002,12,1.0892e+06
06.15.2002-15:00:00,06,15,2002,15,1.0941e+06
06.15.2002-18:00:00,06,15,2002,18,1.1015e+06
06.15.2002-21:00:00,06,15,2002,21,1.1076e+06
06.16.2002-00:00:00,06,16,2002,00,1.1099e+06
06.16.2002-03:00:00,06,16,2002,03,1.1048e+06
06.16.2002-06:00:00,06,16,2002,06,1.0906e+06
06.16.2002-09:00:00,06,16,2002,09,1.072e+06
06.16.2002-12:00:00,06,16,2002,12,1.0581e+06
06.16.2002-15:00:00,06,16,2002,15,1.0487e+06
06.16.2002-18:00:00,06,16,2002,18,1.0435e+06
06.16.2002-21:00:00,06,16,2002,21,1.0379e+06
06.17.2002-00:00:00,06,17,2002,00,1.031e+06
06.17.2002-03:00:00,06,17,2002,03,1.0202e+06
06.17.2002-06:00:00,06,17,2002,06,1.0058e+06
06.17.2002-09:00:00,06,17,2002,09,9.8812e+05
06.17.2002-12:00:00,06,17,2002,12,9.7095e+05
06.17.2002-15:00:00,06,17,2002,15,9.5537e+05
06.17.2002-18:00:00,06,17,2002,18,9.4267e+05
06.17.2002-21:00:00,06,17,2002,21,9.3156e+05
06.18.2002-00:00:00,06,18,2002,00,9.2022e+05
06.18.2002-03:00:00,06,18,2002,03,9.0468e+05
06.18.2002-06:00:00,06,18,2002,06,8.8476e+05
06.18.2002-09:00:00,06,18,2002,09,8.6115e+05
06.18.2002-12:00:00,06,18,2002,12,8.3886e+05
06.18.2002-15:00:00,06,18,2002,15,8.1917e+05
06.18.2002-18:00:00,06,18,2002,18,8.0393e+05
06.18.2002-21:00:00,06,18,2002,21,7.9237e+05
06.19.2002-00:00:00,06,19,2002,00,7.822e+05
06.19.2002-03:00:00,06,19,2002,03,7.7027e+05
06.19.2002-06:00:00,06,19,2002,06,7.5153e+05
06.19.2002-09:00:00,06,19,2002,09,7.2703e+05
06.19.2002-12:00:00,06,19,2002,12,7.0361e+05
06.19.2002-15:00:00,06,19,2002,15,6.8458e+05
06.19.2002-18:00:00,06,19,2002,18,6.7345e+05
06.19.2002-21:00:00,06,19,2002,21,6.6758e+05
06.20.2002-00:00:00,06,20,2002,00,6.6486e+05
06.20.2002-03:00:00,06,20,2002,03,6.6146e+05
06.20.2002-06:00:00,06,20,2002,06,6.5065e+05
06.20.2002-09:00:00,06,20,2002,09,6.3255e+05
06.20.2002-12:00:00,06,20,2002,12,6.1406e+05
06.20.2002-15:00:00,06,20,2002,15,5.9979e+05
06.20.2002-18:00:00,06,20,2002,18,5.9301e+05
06.20.2002-21:00:00,06,20,2002,21,5.916e+05
06.21.2002-00:00:00,06,21,2002,00,5.9254e+05
06.21.2002-03:00:00,06,21,2002,03,5.9221e+05
06.21.2002-06:00:00,06,21,2002,06,5.8301e+05
06.21.2002-09:00:00,06,21,2002,09,5.6683e+05
06.21.2002-12:00:00,06,21,2002,12,5.4973e+05
06.21.2002-15:00:00,06,21,2002,15,5.3633e+05
06.21.2002-18:00:00,06,21,2002,18,5.311e+05
06.21.2002-21:00:00,06,21,2002,21,5.3226e+05
06.22.2002-00:00:00,06,22,2002,00,5.3634e+05
06.22.2002-03:00:00,06,22,2002,03,5.3961e+05
06.22.2002-06:00:00,06,22,2002,06,5.3466e+05
06.22.2002-09:00:00,06,22,2002,09,5.2266e+05
06.22.2002-12:00:00,06,22,2002,12,5.0845e+05
06.22.2002-15:00:00,06,22,2002,15,4.977e+05
06.22.2002-18:00:00,06,22,2002,18,4.9406e+05
06.22.2002-21:00:00,06,22,2002,21,4.965e+05
06.23.2002-00:00:00,06,23,2002,00,5.0194e+05
06.23.2002-03:00:00,06,23,2002,03,5.0593e+05
06.23.2002-06:00:00,06,23,2002,06,5.0166e+05
06.23.2002-09:00:00,06,23,2002,09,4.8934e+05
06.23.2002-12:00:00,06,23,2002,12,4.741e+05
06.23.2002-15:00:00,06,23,2002,15,4.6196e+05
06.23.2002-18:00:00,06,23,2002,18,4.575e+05
06.23.2002-21:00:00,06,23,2002,21,4.5955e+05
06.24.2002-00:00:00,06,24,2002,00,4.6487e+05
06.24.2002-03:00:00,06,24,2002,03,4.6899e+05
06.24.2002-06:00:00,06,24,2002,06,4.6451e+05
06.24.2002-09:00:00,06,24,2002,09,4.5101e+05
06.24.2002-12:00:00,06,24,2002,12,4.3459e+05
06.24.2002-15:00:00,06,24,2002,15,4.2151e+05
06.24.2002-18:00:00,06,24,2002,18,4.1663e+05
06.24.2002-21:00:00,06,24,2002,21,4.1848e+05
06.25.2002-00:00:00,06,25,2002,00,4.2333e+05
06.25.2002-03:00:00,06,25,2002,03,4.2734e+05
06.25.2002-06:00:00,06,25,2002,06,4.2203e+05
06.25.2002-09:00:00,06,25,2002,09,4.086e+05
06.25.2002-12:00:00,06,25,2002,12,3.9307e+05
06.25.2002-15:00:00,06,25,2002,15,3.8028e+05
06.25.2002-18:00:00,06,25,2002,18,3.76e+05
06.25.2002-21:00:00,06,25,2002,21,3.7852e+05
06.26.2002-00:00:00,06,26,2002,00,3.8441e+05
06.26.2002-03:00:00,06,26,2002,03,3.8916e+05
06.26.2002-06:00:00,06,26,2002,06,3.8436e+05
06.26.2002-09:00:00,06,26,2002,09,3.7379e+05
06.26.2002-12:00:00,06,26,2002,12,3.6437e+05
06.26.2002-15:00:00,06,26,2002,15,3.5403e+05
06.26.2002-18:00:00,06,26,2002,18,3.512e+05
06.26.2002-21:00:00,06,26,2002,21,3.5397e+05
06.27.2002-00:00:00,06,27,2002,00,3.5897e+05
06.27.2002-03:00:00,06,27,2002,03,3.6158e+05
06.27.2002-06:00:00,06,27,2002,06,3.5517e+05
06.27.2002-09:00:00,06,27,2002,09,3.4186e+05
06.27.2002-12:00:00,06,27,2002,12,3.2704e+05
06.27.2002-15:00:00,06,27,2002,15,3.1604e+05
06.27.2002-18:00:00,06,27,2002,18,3.1358e+05
06.27.2002-21:00:00,06,27,2002,21,3.181e+05
06.28.2002-00:00:00,06,28,2002,00,3.26e+05
06.28.2002-03:00:00,06,28,2002,03,3.3332e+05
06.28.2002-06:00:00,06,28,2002,06,3.3512e+05
06.28.2002-09:00:00,06,28,2002,09,3.3116e+05
06.28.2002-12:00:00,06,28,2002,12,3.2461e+05
06.28.2002-15:00:00,06,28,2002,15,3.1992e+05
06.28.2002-18:00:00,06,28,2002,18,3.2053e+05
06.28.2002-21:00:00,06,28,2002,21,3.2568e+05
06.29.2002-00:00:00,06,29,2002,00,3.3493e+05
06.29.2002-03:00:00,06,29,2002,03,3.4419e+05
06.29.2002-06:00:00,06,29,2002,06,3.4966e+05
06.29.2002-09:00:00,06,29,2002,09,3.5011e+05
06.29.2002-12:00:00,06,29,2002,12,3.477e+05
06.29.2002-15:00:00,06,29,2002,15,3.4535e+05
06.29.2002-18:00:00,06,29,2002,18,3.4651e+05
06.29.2002-21:00:00,06,29,2002,21,3.51e+05
06.30.2002-00:00:00,06,30,2002,00,3.5294e+05
06.30.2002-03:00:00,06,30,2002,03,3.5243e+05
06.30.2002-06:00:00,06,30,2002,06,3.4701e+05
06.30.2002-09:00:00,06,30,2002,09,3.3655e+05
06.30.2002-12:00:00,06,30,2002,12,3.2461e+05
06.30.2002-15:00:00,06,30,2002,15,3.1506e+05
06.30.2002-18:00:00,06,30,2002,18,3.1079e+05
06.30.2002-21:00:00,06,30,2002,21,3.1119e+05
07.01.2002-00:00:00,07,01,2002,00,3.136e+05
07.01.2002-03:00:00,07,01,2002,03,3.1492e+05
07.01.2002-06:00:00,07,01,2002,06,3.1082e+05
07.01.2002-09:00:00,07,01,2002,09,3.0045e+05
07.01.2002-12:00:00,07,01,2002,12,2.8844e+05
07.01.2002-15:00:00,07,01,2002,15,2.7964e+05
07.01.2002-18:00:00,07,01,2002,18,2.7723e+05
07.01.2002-21:00:00,07,01,2002,21,2.7999e+05
07.02.2002-00:00:00,07,02,2002,00,2.8485e+05
07.02.2002-03:00:00,07,02,2002,03,2.8868e+05
07.02.2002-06:00:00,07,02,2002,06,2.8571e+05
07.02.2002-09:00:00,07,02,2002,09,2.7545e+05
07.02.2002-12:00:00,07,02,2002,12,2.6349e+05
07.02.2002-15:00:00,07,02,2002,15,2.5528e+05
07.02.2002-18:00:00,07,02,2002,18,2.5398e+05
07.02.2002-21:00:00,07,02,2002,21,2.5791e+05
07.03.2002-00:00:00,07,03,2002,00,2.6372e+05
07.03.2002-03:00:00,07,03,2002,03,2.6744e+05
07.03.2002-06:00:00,07,03,2002,06,2.6471e+05
07.03.2002-09:00:00,07,03,2002,09,2.557e+05
07.03.2002-12:00:00,07,03,2002,12,2.4522e+05
07.03.2002-15:00:00,07,03,2002,15,2.3815e+05
07.03.2002-18:00:00,07,03,2002,18,2.3752e+05
07.03.2002-21:00:00,07,03,2002,21,2.4223e+05
07.04.2002-00:00:00,07,04,2002,00,2.4885e+05
07.04.2002-03:00:00,07,04,2002,03,2.5396e+05
07.04.2002-06:00:00,07,04,2002,06,2.5326e+05
07.04.2002-09:00:00,07,04,2002,09,2.4643e+05
07.04.2002-12:00:00,07,04,2002,12,2.3784e+05
07.04.2002-15:00:00,07,04,2002,15,2.3227e+05
07.04.2002-18:00:00,07,04,2002,18,2.3234e+05
07.04.2002-21:00:00,07,04,2002,21,2.3695e+05
07.05.2002-00:00:00,07,05,2002,00,2.4313e+05
07.05.2002-03:00:00,07,05,2002,03,2.4827e+05
07.05.2002-06:00:00,07,05,2002,06,2.4642e+05
07.05.2002-09:00:00,07,05,2002,09,2.3657e+05
07.05.2002-12:00:00,07,05,2002,12,2.2494e+05
07.05.2002-15:00:00,07,05,2002,15,2.1752e+05
07.05.2002-18:00:00,07,05,2002,18,2.1732e+05
07.05.2002-21:00:00,07,05,2002,21,2.22e+05
07.06.2002-00:00:00,07,06,2002,00,2.2854e+05
07.06.2002-03:00:00,07,06,2002,03,2.3364e+05
07.06.2002-06:00:00,07,06,2002,06,2.3084e+05
07.06.2002-09:00:00,07,06,2002,09,2.2046e+05
07.06.2002-12:00:00,07,06,2002,12,2.0889e+05
07.06.2002-15:00:00,07,06,2002,15,2.0155e+05
07.06.2002-18:00:00,07,06,2002,18,2.0174e+05
07.06.2002-21:00:00,07,06,2002,21,2.0691e+05
07.07.2002-00:00:00,07,07,2002,00,2.1404e+05
07.07.2002-03:00:00,07,07,2002,03,2.1931e+05
07.07.2002-06:00:00,07,07,2002,06,2.1672e+05
07.07.2002-09:00:00,07,07,2002,09,2.0721e+05
07.07.2002-12:00:00,07,07,2002,12,1.9676e+05
07.07.2002-15:00:00,07,07,2002,15,1.9029e+05
07.07.2002-18:00:00,07,07,2002,18,1.9106e+05
07.07.2002-21:00:00,07,07,2002,21,1.9659e+05
07.08.2002-00:00:00,07,08,2002,00,2.2498e+05
07.08.2002-03:00:00,07,08,2002,03,2.5883e+05
07.08.2002-06:00:00,07,08,2002,06,2.8777e+05
07.08.2002-09:00:00,07,08,2002,09,3.0669e+05
07.08.2002-12:00:00,07,08,2002,12,3.1933e+05
07.08.2002-15:00:00,07,08,2002,15,3.3029e+05
07.08.2002-18:00:00,07,08,2002,18,3.4652e+05
07.08.2002-21:00:00,07,08,2002,21,3.6656e+05
07.09.2002-00:00:00,07,09,2002,00,3.629e+05
07.09.2002-03:00:00,07,09,2002,03,3.502e+05
07.09.2002-06:00:00,07,09,2002,06,3.2712e+05
07.09.2002-09:00:00,07,09,2002,09,2.9742e+05
07.09.2002-12:00:00,07,09,2002,12,2.7006e+05
07.09.2002-15:00:00,07,09,2002,15,2.4973e+05
07.09.2002-18:00:00,07,09,2002,18,2.3952e+05
07.09.2002-21:00:00,07,09,2002,21,2.3577e+05
07.10.2002-00:00:00,07,10,2002,00,2.351e+05
07.10.2002-03:00:00,07,10,2002,03,2.3395e+05
07.10.2002-06:00:00,07,10,2002,06,2.2556e+05
07.10.2002-09:00:00,07,10,2002,09,2.1247e+05
07.10.2002-12:00:00,07,10,2002,12,2.015e+05
07.10.2002-15:00:00,07,10,2002,15,1.9251e+05
07.10.2002-18:00:00,07,10,2002,18,1.909e+05
07.10.2002-21:00:00,07,10,2002,21,1.941e+05
07.11.2002-00:00:00,07,11,2002,00,1.9917e+05
07.11.2002-03:00:00,07,11,2002,03,2.0233e+05
07.11.2002-06:00:00,07,11,2002,06,1.9716e+05
07.11.2002-09:00:00,07,11,2002,09,1.9014e+05
07.11.2002-12:00:00,07,11,2002,12,1.875e+05
07.11.2002-15:00:00,07,11,2002,15,1.8249e+05
07.11.2002-18:00:00,07,11,2002,18,1.8239e+05
07.11.2002-21:00:00,07,11,2002,21,1.8589e+05
07.12.2002-00:00:00,07,12,2002,00,1.9047e+05
07.12.2002-03:00:00,07,12,2002,03,1.9299e+05
07.12.2002-06:00:00,07,12,2002,06,1.8757e+05
07.12.2002-09:00:00,07,12,2002,09,1.7995e+05
07.12.2002-12:00:00,07,12,2002,12,1.7611e+05
07.12.2002-15:00:00,07,12,2002,15,1.7091e+05
07.12.2002-18:00:00,07,12,2002,18,1.7101e+05
07.12.2002-21:00:00,07,12,2002,21,1.7499e+05
07.13.2002-00:00:00,07,13,2002,00,1.801e+05
07.13.2002-03:00:00,07,13,2002,03,1.8288e+05
07.13.2002-06:00:00,07,13,2002,06,1.7871e+05
07.13.2002-09:00:00,07,13,2002,09,1.7146e+05
07.13.2002-12:00:00,07,13,2002,12,1.6596e+05
07.13.2002-15:00:00,07,13,2002,15,1.6123e+05
07.13.2002-18:00:00,07,13,2002,18,1.6166e+05
07.13.2002-21:00:00,07,13,2002,21,1.662e+05
07.14.2002-00:00:00,07,14,2002,00,1.7168e+05
07.14.2002-03:00:00,07,14,2002,03,1.7447e+05
07.14.2002-06:00:00,07,14,2002,06,1.7022e+05
07.14.2002-09:00:00,07,14,2002,09,1.6105e+05
07.14.2002-12:00:00,07,14,2002,12,1.5172e+05
07.14.2002-15:00:00,07,14,2002,15,1.4609e+05
07.14.2002-18:00:00,07,14,2002,18,1.4695e+05
07.14.2002-21:00:00,07,14,2002,21,1.526e+05
07.15.2002-00:00:00,07,15,2002,00,1.5957e+05
07.15.2002-03:00:00,07,15,2002,03,1.6436e+05
07.15.2002-06:00:00,07,15,2002,06,1.6162e+05
07.15.2002-09:00:00,07,15,2002,09,1.5345e+05
07.15.2002-12:00:00,07,15,2002,12,1.4506e+05
07.15.2002-15:00:00,07,15,2002,15,1.4015e+05
07.15.2002-18:00:00,07,15,2002,18,1.4151e+05
07.15.2002-21:00:00,07,15,2002,21,1.4726e+05
07.16.2002-00:00:00,07,16,2002,00,1.5409e+05
07.16.2002-03:00:00,07,16,2002,03,1.5862e+05
07.16.2002-06:00:00,07,16,2002,06,1.5573e+05
07.16.2002-09:00:00,07,16,2002,09,1.4776e+05
07.16.2002-12:00:00,07,16,2002,12,1.3973e+05
07.16.2002-15:00:00,07,16,2002,15,1.3498e+05
07.16.2002-18:00:00,07,16,2002,18,1.3637e+05
07.16.2002-21:00:00,07,16,2002,21,1.4188e+05
07.17.2002-00:00:00,07,17,2002,00,1.4836e+05
07.17.2002-03:00:00,07,17,2002,03,1.5234e+05
07.17.2002-06:00:00,07,17,2002,06,1.4947e+05
07.17.2002-09:00:00,07,17,2002,09,1.4182e+05
07.17.2002-12:00:00,07,17,2002,12,1.34e+05
07.17.2002-15:00:00,07,17,2002,15,1.295e+05
07.17.2002-18:00:00,07,17,2002,18,1.308e+05
07.17.2002-21:00:00,07,17,2002,21,1.3621e+05
07.18.2002-00:00:00,07,18,2002,00,1.426e+05
07.18.2002-03:00:00,07,18,2002,03,1.4639e+05
07.18.2002-06:00:00,07,18,2002,06,1.4341e+05
07.18.2002-09:00:00,07,18,2002,09,1.3575e+05
07.18.2002-12:00:00,07,18,2002,12,1.2789e+05
07.18.2002-15:00:00,07,18,2002,15,1.234e+05
07.18.2002-18:00:00,07,18,2002,18,1.2472e+05
07.18.2002-21:00:00,07,18,2002,21,1.302e+05
07.19.2002-00:00:00,07,19,2002,00,1.3669e+05
07.19.2002-03:00:00,07,19,2002,03,1.4097e+05
07.19.2002-06:00:00,07,19,2002,06,1.3911e+05
07.19.2002-09:00:00,07,19,2002,09,1.3233e+05
07.19.2002-12:00:00,07,19,2002,12,1.2495e+05
07.19.2002-15:00:00,07,19,2002,15,1.2094e+05
07.19.2002-18:00:00,07,19,2002,18,1.2237e+05
07.19.2002-21:00:00,07,19,2002,21,1.2772e+05
07.20.2002-00:00:00,07,20,2002,00,1.3398e+05
07.20.2002-03:00:00,07,20,2002,03,1.3815e+05
07.20.2002-06:00:00,07,20,2002,06,1.3568e+05
07.20.2002-09:00:00,07,20,2002,09,1.2817e+05
07.20.2002-12:00:00,07,20,2002,12,1.2046e+05
07.20.2002-15:00:00,07,20,2002,15,1.1609e+05
07.20.2002-18:00:00,07,20,2002,18,1.1747e+05
07.20.2002-21:00:00,07,20,2002,21,1.2275e+05
07.21.2002-00:00:00,07,21,2002,00,1.2894e+05
07.21.2002-03:00:00,07,21,2002,03,1.3306e+05
07.21.2002-06:00:00,07,21,2002,06,1.3054e+05
07.21.2002-09:00:00,07,21,2002,09,1.232e+05
07.21.2002-12:00:00,07,21,2002,12,1.1582e+05
07.21.2002-15:00:00,07,21,2002,15,1.1165e+05
07.21.2002-18:00:00,07,21,2002,18,1.1303e+05
07.21.2002-21:00:00,07,21,2002,21,1.183e+05
07.22.2002-00:00:00,07,22,2002,00,1.2445e+05
07.22.2002-03:00:00,07,22,2002,03,1.287e+05
07.22.2002-06:00:00,07,22,2002,06,1.2624e+05
07.22.2002-09:00:00,07,22,2002,09,1.1933e+05
07.22.2002-12:00:00,07,22,2002,12,1.1269e+05
07.22.2002-15:00:00,07,22,2002,15,1.0877e+05
07.22.2002-18:00:00,07,22,2002,18,1.102e+05
07.22.2002-21:00:00,07,22,2002,21,1.1527e+05
07.23.2002-00:00:00,07,23,2002,00,1.2113e+05
07.23.2002-03:00:00,07,23,2002,03,1.251e+05
07.23.2002-06:00:00,07,23,2002,06,1.2243e+05
07.23.2002-09:00:00,07,23,2002,09,1.16e+05
07.23.2002-12:00:00,07,23,2002,12,1.1083e+05
07.23.2002-15:00:00,07,23,2002,15,1.0714e+05
07.23.2002-18:00:00,07,23,2002,18,1.0843e+05
07.23.2002-21:00:00,07,23,2002,21,1.1305e+05
07.24.2002-00:00:00,07,24,2002,00,1.1833e+05
07.24.2002-03:00:00,07,24,2002,03,1.2148e+05
07.24.2002-06:00:00,07,24,2002,06,1.184e+05
07.24.2002-09:00:00,07,24,2002,09,1.1186e+05
07.24.2002-12:00:00,07,24,2002,12,1.0611e+05
07.24.2002-15:00:00,07,24,2002,15,1.025e+05
07.24.2002-18:00:00,07,24,2002,18,1.0369e+05
07.24.2002-21:00:00,07,24,2002,21,1.0833e+05
07.25.2002-00:00:00,07,25,2002,00,1.1357e+05
07.25.2002-03:00:00,07,25,2002,03,1.1663e+05
07.25.2002-06:00:00,07,25,2002,06,1.1485e+05
07.25.2002-09:00:00,07,25,2002,09,1.0987e+05
07.25.2002-12:00:00,07,25,2002,12,1.0487e+05
07.25.2002-15:00:00,07,25,2002,15,1.0201e+05
07.25.2002-18:00:00,07,25,2002,18,1.0301e+05
07.25.2002-21:00:00,07,25,2002,21,1.0732e+05
07.26.2002-00:00:00,07,26,2002,00,1.1231e+05
07.26.2002-03:00:00,07,26,2002,03,1.1509e+05
07.26.2002-06:00:00,07,26,2002,06,1.1277e+05
07.26.2002-09:00:00,07,26,2002,09,1.0674e+05
07.26.2002-12:00:00,07,26,2002,12,1.0043e+05
07.26.2002-15:00:00,07,26,2002,15,96913
07.26.2002-18:00:00,07,26,2002,18,97902
07.26.2002-21:00:00,07,26,2002,21,1.0245e+05
07.27.2002-00:00:00,07,27,2002,00,1.0786e+05
07.27.2002-03:00:00,07,27,2002,03,1.1148e+05
07.27.2002-06:00:00,07,27,2002,06,1.104e+05
07.27.2002-09:00:00,07,27,2002,09,1.0538e+05
07.27.2002-12:00:00,07,27,2002,12,99910
07.27.2002-15:00:00,07,27,2002,15,96894
07.27.2002-18:00:00,07,27,2002,18,98069
07.27.2002-21:00:00,07,27,2002,21,1.0236e+05
07.28.2002-00:00:00,07,28,2002,00,1.0715e+05
07.28.2002-03:00:00,07,28,2002,03,1.1021e+05
07.28.2002-06:00:00,07,28,2002,06,1.1036e+05
07.28.2002-09:00:00,07,28,2002,09,1.0806e+05
07.28.2002-12:00:00,07,28,2002,12,1.0531e+05
07.28.2002-15:00:00,07,28,2002,15,1.038e+05
07.28.2002-18:00:00,07,28,2002,18,1.0448e+05
07.28.2002-21:00:00,07,28,2002,21,1.073e+05
07.29.2002-00:00:00,07,29,2002,00,1.1042e+05
07.29.2002-03:00:00,07,29,2002,03,1.1204e+05
07.29.2002-06:00:00,07,29,2002,06,1.1152e+05
07.29.2002-09:00:00,07,29,2002,09,1.0928e+05
07.29.2002-12:00:00,07,29,2002,12,1.0675e+05
07.29.2002-15:00:00,07,29,2002,15,1.0523e+05
07.29.2002-18:00:00,07,29,2002,18,1.0562e+05
07.29.2002-21:00:00,07,29,2002,21,1.0795e+05
07.30.2002-00:00:00,07,30,2002,00,1.1074e+05
07.30.2002-03:00:00,07,30,2002,03,1.1195e+05
07.30.2002-06:00:00,07,30,2002,06,1.0968e+05
07.30.2002-09:00:00,07,30,2002,09,1.0455e+05
07.30.2002-12:00:00,07,30,2002,12,99093
07.30.2002-15:00:00,07,30,2002,15,95924
07.30.2002-18:00:00,07,30,2002,18,96412
07.30.2002-21:00:00,07,30,2002,21,99814
07.31.2002-00:00:00,07,31,2002,00,1.0393e+05
07.31.2002-03:00:00,07,31,2002,03,1.0668e+05
07.31.2002-06:00:00,07,31,2002,06,1.0505e+05
07.31.2002-09:00:00,07,31,2002,09,99430
07.31.2002-12:00:00,07,31,2002,12,93205
07.31.2002-15:00:00,07,31,2002,15,89743
07.31.2002-18:00:00,07,31,2002,18,90623
07.31.2002-21:00:00,07,31,2002,21,94556
08.01.2002-00:00:00,08,01,2002,00,99265
08.01.2002-03:00:00,08,01,2002,03,1.0254e+05
08.01.2002-06:00:00,08,01,2002,06,1.0178e+05
08.01.2002-09:00:00,08,01,2002,09,96404
08.01.2002-12:00:00,08,01,2002,12,90420
08.01.2002-15:00:00,08,01,2002,15,87313
08.01.2002-18:00:00,08,01,2002,18,88332
08.01.2002-21:00:00,08,01,2002,21,92216
08.02.2002-00:00:00,08,02,2002,00,96705
08.02.2002-03:00:00,08,02,2002,03,99268
08.02.2002-06:00:00,08,02,2002,06,98003
08.02.2002-09:00:00,08,02,2002,09,92818
08.02.2002-12:00:00,08,02,2002,12,87148
08.02.2002-15:00:00,08,02,2002,15,84253
08.02.2002-18:00:00,08,02,2002,18,85326
08.02.2002-21:00:00,08,02,2002,21,89294
08.03.2002-00:00:00,08,03,2002,00,93889
08.03.2002-03:00:00,08,03,2002,03,97223
08.03.2002-06:00:00,08,03,2002,06,96911
08.03.2002-09:00:00,08,03,2002,09,92240
08.03.2002-12:00:00,08,03,2002,12,86891
08.03.2002-15:00:00,08,03,2002,15,84166
08.03.2002-18:00:00,08,03,2002,18,85240
08.03.2002-21:00:00,08,03,2002,21,88921
08.04.2002-00:00:00,08,04,2002,00,93088
08.04.2002-03:00:00,08,04,2002,03,95362
08.04.2002-06:00:00,08,04,2002,06,94176
08.04.2002-09:00:00,08,04,2002,09,89494
08.04.2002-12:00:00,08,04,2002,12,84348
08.04.2002-15:00:00,08,04,2002,15,81697
08.04.2002-18:00:00,08,04,2002,18,82691
08.04.2002-21:00:00,08,04,2002,21,86394
08.05.2002-00:00:00,08,05,2002,00,90680
08.05.2002-03:00:00,08,05,2002,03,93844
08.05.2002-06:00:00,08,05,2002,06,93759
08.05.2002-09:00:00,08,05,2002,09,89531
08.05.2002-12:00:00,08,05,2002,12,84564
08.05.2002-15:00:00,08,05,2002,15,82001
08.05.2002-18:00:00,08,05,2002,18,83003
08.05.2002-21:00:00,08,05,2002,21,86415
08.06.2002-00:00:00,08,06,2002,00,90387
08.06.2002-03:00:00,08,06,2002,03,93020
08.06.2002-06:00:00,08,06,2002,06,92841
08.06.2002-09:00:00,08,06,2002,09,89570
08.06.2002-12:00:00,08,06,2002,12,85614
08.06.2002-15:00:00,08,06,2002,15,83720
08.06.2002-18:00:00,08,06,2002,18,84932
08.06.2002-21:00:00,08,06,2002,21,88361
08.07.2002-00:00:00,08,07,2002,00,91723
08.07.2002-03:00:00,08,07,2002,03,93707
08.07.2002-06:00:00,08,07,2002,06,92577
08.07.2002-09:00:00,08,07,2002,09,87796
08.07.2002-12:00:00,08,07,2002,12,82392
08.07.2002-15:00:00,08,07,2002,15,79356
08.07.2002-18:00:00,08,07,2002,18,79852
08.07.2002-21:00:00,08,07,2002,21,82878
08.08.2002-00:00:00,08,08,2002,00,86482
08.08.2002-03:00:00,08,08,2002,03,88530
08.08.2002-06:00:00,08,08,2002,06,86910
08.08.2002-09:00:00,08,08,2002,09,81727
08.08.2002-12:00:00,08,08,2002,12,76234
08.08.2002-15:00:00,08,08,2002,15,73198
08.08.2002-18:00:00,08,08,2002,18,73800
08.08.2002-21:00:00,08,08,2002,21,77139
08.09.2002-00:00:00,08,09,2002,00,81061
08.09.2002-03:00:00,08,09,2002,03,83322
08.09.2002-06:00:00,08,09,2002,06,82081
08.09.2002-09:00:00,08,09,2002,09,77604
08.09.2002-12:00:00,08,09,2002,12,72773
08.09.2002-15:00:00,08,09,2002,15,70203
08.09.2002-18:00:00,08,09,2002,18,70974
08.09.2002-21:00:00,08,09,2002,21,74335
08.10.2002-00:00:00,08,10,2002,00,78267
08.10.2002-03:00:00,08,10,2002,03,80501
08.10.2002-06:00:00,08,10,2002,06,79446
08.10.2002-09:00:00,08,10,2002,09,75359
08.10.2002-12:00:00,08,10,2002,12,70849
08.10.2002-15:00:00,08,10,2002,15,68443
08.10.2002-18:00:00,08,10,2002,18,69228
08.10.2002-21:00:00,08,10,2002,21,72563
08.11.2002-00:00:00,08,11,2002,00,76537
08.11.2002-03:00:00,08,11,2002,03,78978
08.11.2002-06:00:00,08,11,2002,06,77987
08.11.2002-09:00:00,08,11,2002,09,73682
08.11.2002-12:00:00,08,11,2002,12,68965
08.11.2002-15:00:00,08,11,2002,15,66438
08.11.2002-18:00:00,08,11,2002,18,67225
08.11.2002-21:00:00,08,11,2002,21,70496
08.12.2002-00:00:00,08,12,2002,00,74410
08.12.2002-03:00:00,08,12,2002,03,76811
08.12.2002-06:00:00,08,12,2002,06,75663
08.12.2002-09:00:00,08,12,2002,09,71329
08.12.2002-12:00:00,08,12,2002,12,66765
08.12.2002-15:00:00,08,12,2002,15,64249
08.12.2002-18:00:00,08,12,2002,18,65044
08.12.2002-21:00:00,08,12,2002,21,68237
08.13.2002-00:00:00,08,13,2002,00,72056
08.13.2002-03:00:00,08,13,2002,03,74409
08.13.2002-06:00:00,08,13,2002,06,73134
08.13.2002-09:00:00,08,13,2002,09,69327
08.13.2002-12:00:00,08,13,2002,12,66669
08.13.2002-15:00:00,08,13,2002,15,64653
08.13.2002-18:00:00,08,13,2002,18,65466
08.13.2002-21:00:00,08,13,2002,21,68306
08.14.2002-00:00:00,08,14,2002,00,71464
08.14.2002-03:00:00,08,14,2002,03,73147
08.14.2002-06:00:00,08,14,2002,06,71889
08.14.2002-09:00:00,08,14,2002,09,68175
08.14.2002-12:00:00,08,14,2002,12,64277
08.14.2002-15:00:00,08,14,2002,15,62159
08.14.2002-18:00:00,08,14,2002,18,62859
08.14.2002-21:00:00,08,14,2002,21,65805
08.15.2002-00:00:00,08,15,2002,00,69375
08.15.2002-03:00:00,08,15,2002,03,71629
08.15.2002-06:00:00,08,15,2002,06,70707
08.15.2002-09:00:00,08,15,2002,09,66709
08.15.2002-12:00:00,08,15,2002,12,62351
08.15.2002-15:00:00,08,15,2002,15,59952
08.15.2002-18:00:00,08,15,2002,18,60688
08.15.2002-21:00:00,08,15,2002,21,63704
08.16.2002-00:00:00,08,16,2002,00,67282
08.16.2002-03:00:00,08,16,2002,03,69568
08.16.2002-06:00:00,08,16,2002,06,68805
08.16.2002-09:00:00,08,16,2002,09,64947
08.16.2002-12:00:00,08,16,2002,12,60607
08.16.2002-15:00:00,08,16,2002,15,58247
08.16.2002-18:00:00,08,16,2002,18,59004
08.16.2002-21:00:00,08,16,2002,21,62103
08.17.2002-00:00:00,08,17,2002,00,65793
08.17.2002-03:00:00,08,17,2002,03,68671
08.17.2002-06:00:00,08,17,2002,06,68768
08.17.2002-09:00:00,08,17,2002,09,65242
08.17.2002-12:00:00,08,17,2002,12,61011
08.17.2002-15:00:00,08,17,2002,15,58701
08.17.2002-18:00:00,08,17,2002,18,59473
08.17.2002-21:00:00,08,17,2002,21,62400
08.18.2002-00:00:00,08,18,2002,00,65840
08.18.2002-03:00:00,08,18,2002,03,68277
08.18.2002-06:00:00,08,18,2002,06,67826
08.18.2002-09:00:00,08,18,2002,09,64122
08.18.2002-12:00:00,08,18,2002,12,59869
08.18.2002-15:00:00,08,18,2002,15,57521
08.18.2002-18:00:00,08,18,2002,18,58176
08.18.2002-21:00:00,08,18,2002,21,60970
08.19.2002-00:00:00,08,19,2002,00,64229
08.19.2002-03:00:00,08,19,2002,03,66489
08.19.2002-06:00:00,08,19,2002,06,66290
08.19.2002-09:00:00,08,19,2002,09,63456
08.19.2002-12:00:00,08,19,2002,12,60136
08.19.2002-15:00:00,08,19,2002,15,58321
08.19.2002-18:00:00,08,19,2002,18,58978
08.19.2002-21:00:00,08,19,2002,21,61539
08.20.2002-00:00:00,08,20,2002,00,64533
08.20.2002-03:00:00,08,20,2002,03,66411
08.20.2002-06:00:00,08,20,2002,06,65770
08.20.2002-09:00:00,08,20,2002,09,62513
08.20.2002-12:00:00,08,20,2002,12,58788
08.20.2002-15:00:00,08,20,2002,15,56720
08.20.2002-18:00:00,08,20,2002,18,57294
08.20.2002-21:00:00,08,20,2002,21,59815
08.21.2002-00:00:00,08,21,2002,00,62823
08.21.2002-03:00:00,08,21,2002,03,64718
08.21.2002-06:00:00,08,21,2002,06,64080
08.21.2002-09:00:00,08,21,2002,09,60797
08.21.2002-12:00:00,08,21,2002,12,57049
08.21.2002-15:00:00,08,21,2002,15,54959
08.21.2002-18:00:00,08,21,2002,18,55511
08.21.2002-21:00:00,08,21,2002,21,58037
08.22.2002-00:00:00,08,22,2002,00,61060
08.22.2002-03:00:00,08,22,2002,03,63032
08.22.2002-06:00:00,08,22,2002,06,62455
08.22.2002-09:00:00,08,22,2002,09,59196
08.22.2002-12:00:00,08,22,2002,12,55437
08.22.2002-15:00:00,08,22,2002,15,53344
08.22.2002-18:00:00,08,22,2002,18,53900
08.22.2002-21:00:00,08,22,2002,21,56445
08.23.2002-00:00:00,08,23,2002,00,59492
08.23.2002-03:00:00,08,23,2002,03,61547
08.23.2002-06:00:00,08,23,2002,06,60903
08.23.2002-09:00:00,08,23,2002,09,57515
08.23.2002-12:00:00,08,23,2002,12,53713
08.23.2002-15:00:00,08,23,2002,15,51560
08.23.2002-18:00:00,08,23,2002,18,52078
08.23.2002-21:00:00,08,23,2002,21,54619
08.24.2002-00:00:00,08,24,2002,00,57698
08.24.2002-03:00:00,08,24,2002,03,59916
08.24.2002-06:00:00,08,24,2002,06,59544
08.24.2002-09:00:00,08,24,2002,09,56432
08.24.2002-12:00:00,08,24,2002,12,52987
08.24.2002-15:00:00,08,24,2002,15,51016
08.24.2002-18:00:00,08,24,2002,18,51590
08.24.2002-21:00:00,08,24,2002,21,54021
08.25.2002-00:00:00,08,25,2002,00,58267
08.25.2002-03:00:00,08,25,2002,03,63251
08.25.2002-06:00:00,08,25,2002,06,66444
08.25.2002-09:00:00,08,25,2002,09,66628
08.25.2002-12:00:00,08,25,2002,12,64907
08.25.2002-15:00:00,08,25,2002,15,64230
08.25.2002-18:00:00,08,25,2002,18,66013
08.25.2002-21:00:00,08,25,2002,21,69514
08.26.2002-00:00:00,08,26,2002,00,71501
08.26.2002-03:00:00,08,26,2002,03,71998
08.26.2002-06:00:00,08,26,2002,06,70237
08.26.2002-09:00:00,08,26,2002,09,66039
08.26.2002-12:00:00,08,26,2002,12,61342
08.26.2002-15:00:00,08,26,2002,15,58421
08.26.2002-18:00:00,08,26,2002,18,58281
08.26.2002-21:00:00,08,26,2002,21,60279
08.27.2002-00:00:00,08,27,2002,00,62209
08.27.2002-03:00:00,08,27,2002,03,63041
08.27.2002-06:00:00,08,27,2002,06,61423
08.27.2002-09:00:00,08,27,2002,09,57488
08.27.2002-12:00:00,08,27,2002,12,53251
08.27.2002-15:00:00,08,27,2002,15,50635
08.27.2002-18:00:00,08,27,2002,18,50602
08.27.2002-21:00:00,08,27,2002,21,52532
08.28.2002-00:00:00,08,28,2002,00,55088
08.28.2002-03:00:00,08,28,2002,03,56976
08.28.2002-06:00:00,08,28,2002,06,56528
08.28.2002-09:00:00,08,28,2002,09,53547
08.28.2002-12:00:00,08,28,2002,12,50199
08.28.2002-15:00:00,08,28,2002,15,48259
08.28.2002-18:00:00,08,28,2002,18,48705
08.28.2002-21:00:00,08,28,2002,21,50912
08.29.2002-00:00:00,08,29,2002,00,53575
08.29.2002-03:00:00,08,29,2002,03,55505
08.29.2002-06:00:00,08,29,2002,06,55318
08.29.2002-09:00:00,08,29,2002,09,52875
08.29.2002-12:00:00,08,29,2002,12,50012
08.29.2002-15:00:00,08,29,2002,15,48380
08.29.2002-18:00:00,08,29,2002,18,48868
08.29.2002-21:00:00,08,29,2002,21,50950
08.30.2002-00:00:00,08,30,2002,00,53526
08.30.2002-03:00:00,08,30,2002,03,55293
08.30.2002-06:00:00,08,30,2002,06,54912
08.30.2002-09:00:00,08,30,2002,09,52272
08.30.2002-12:00:00,08,30,2002,12,49083
08.30.2002-15:00:00,08,30,2002,15,47265
08.30.2002-18:00:00,08,30,2002,18,47694
08.30.2002-21:00:00,08,30,2002,21,49804
08.31.2002-00:00:00,08,31,2002,00,52452
08.31.2002-03:00:00,08,31,2002,03,54488
08.31.2002-06:00:00,08,31,2002,06,54592
08.31.2002-09:00:00,08,31,2002,09,52401
08.31.2002-12:00:00,08,31,2002,12,49537
08.31.2002-15:00:00,08,31,2002,15,47872
08.31.2002-18:00:00,08,31,2002,18,48322
08.31.2002-21:00:00,08,31,2002,21,50297
09.01.2002-00:00:00,09,01,2002,00,52485
09.01.2002-03:00:00,09,01,2002,03,53884
09.01.2002-06:00:00,09,01,2002,06,53776
09.01.2002-09:00:00,09,01,2002,09,52204
09.01.2002-12:00:00,09,01,2002,12,50251
09.01.2002-15:00:00,09,01,2002,15,49113
09.01.2002-18:00:00,09,01,2002,18,49475
09.01.2002-21:00:00,09,01,2002,21,51087
09.02.2002-00:00:00,09,02,2002,00,53063
09.02.2002-03:00:00,09,02,2002,03,54485
09.02.2002-06:00:00,09,02,2002,06,54135
09.02.2002-09:00:00,09,02,2002,09,51594
09.02.2002-12:00:00,09,02,2002,12,48529
09.02.2002-15:00:00,09,02,2002,15,46852
09.02.2002-18:00:00,09,02,2002,18,47288
09.02.2002-21:00:00,09,02,2002,21,49147
09.03.2002-00:00:00,09,03,2002,00,51384
09.03.2002-03:00:00,09,03,2002,03,53046
09.03.2002-06:00:00,09,03,2002,06,53041
09.03.2002-09:00:00,09,03,2002,09,50981
09.03.2002-12:00:00,09,03,2002,12,48359
09.03.2002-15:00:00,09,03,2002,15,46956
09.03.2002-18:00:00,09,03,2002,18,47513
09.03.2002-21:00:00,09,03,2002,21,49384
09.04.2002-00:00:00,09,04,2002,00,51565
09.04.2002-03:00:00,09,04,2002,03,53231
09.04.2002-06:00:00,09,04,2002,06,53324
09.04.2002-09:00:00,09,04,2002,09,51034
09.04.2002-12:00:00,09,04,2002,12,48093
09.04.2002-15:00:00,09,04,2002,15,46509
09.04.2002-18:00:00,09,04,2002,18,47002
09.04.2002-21:00:00,09,04,2002,21,48834
09.05.2002-00:00:00,09,05,2002,00,51082
09.05.2002-03:00:00,09,05,2002,03,52888
09.05.2002-06:00:00,09,05,2002,06,53322
09.05.2002-09:00:00,09,05,2002,09,51311
09.05.2002-12:00:00,09,05,2002,12,48440
09.05.2002-15:00:00,09,05,2002,15,46852
09.05.2002-18:00:00,09,05,2002,18,47328
09.05.2002-21:00:00,09,05,2002,21,49153
09.06.2002-00:00:00,09,06,2002,00,51181
09.06.2002-03:00:00,09,06,2002,03,52791
09.06.2002-06:00:00,09,06,2002,06,53058
09.06.2002-09:00:00,09,06,2002,09,50831
09.06.2002-12:00:00,09,06,2002,12,47841
09.06.2002-15:00:00,09,06,2002,15,46176
09.06.2002-18:00:00,09,06,2002,18,46535
09.06.2002-21:00:00,09,06,2002,21,48211
09.07.2002-00:00:00,09,07,2002,00,50472
09.07.2002-03:00:00,09,07,2002,03,52373
09.07.2002-06:00:00,09,07,2002,06,53775
09.07.2002-09:00:00,09,07,2002,09,53032
09.07.2002-12:00:00,09,07,2002,12,50871
09.07.2002-15:00:00,09,07,2002,15,49530
09.07.2002-18:00:00,09,07,2002,18,49996
09.07.2002-21:00:00,09,07,2002,21,51668
09.08.2002-00:00:00,09,08,2002,00,53126
09.08.2002-03:00:00,09,08,2002,03,54111
09.08.2002-06:00:00,09,08,2002,06,54289
09.08.2002-09:00:00,09,08,2002,09,52522
09.08.2002-12:00:00,09,08,2002,12,49918
09.08.2002-15:00:00,09,08,2002,15,48283
09.08.2002-18:00:00,09,08,2002,18,48357
09.08.2002-21:00:00,09,08,2002,21,49551
09.09.2002-00:00:00,09,09,2002,00,51018
09.09.2002-03:00:00,09,09,2002,03,52114
09.09.2002-06:00:00,09,09,2002,06,51679
09.09.2002-09:00:00,09,09,2002,09,49013
09.09.2002-12:00:00,09,09,2002,12,45775
09.09.2002-15:00:00,09,09,2002,15,43933
09.09.2002-18:00:00,09,09,2002,18,44151
09.09.2002-21:00:00,09,09,2002,21,45690
09.10.2002-00:00:00,09,10,2002,00,47640
09.10.2002-03:00:00,09,10,2002,03,49258
09.10.2002-06:00:00,09,10,2002,06,49360
09.10.2002-09:00:00,09,10,2002,09,47042
09.10.2002-12:00:00,09,10,2002,12,44035
09.10.2002-15:00:00,09,10,2002,15,42336
09.10.2002-18:00:00,09,10,2002,18,42680
09.10.2002-21:00:00,09,10,2002,21,44298
09.11.2002-00:00:00,09,11,2002,00,46293
09.11.2002-03:00:00,09,11,2002,03,47936
09.11.2002-06:00:00,09,11,2002,06,47954
09.11.2002-09:00:00,09,11,2002,09,45656
09.11.2002-12:00:00,09,11,2002,12,42764
09.11.2002-15:00:00,09,11,2002,15,41121
09.11.2002-18:00:00,09,11,2002,18,41485
09.11.2002-21:00:00,09,11,2002,21,43106
09.12.2002-00:00:00,09,12,2002,00,45091
09.12.2002-03:00:00,09,12,2002,03,46799
09.12.2002-06:00:00,09,12,2002,06,46920
09.12.2002-09:00:00,09,12,2002,09,44757
09.12.2002-12:00:00,09,12,2002,12,42038
09.12.2002-15:00:00,09,12,2002,15,40493
09.12.2002-18:00:00,09,12,2002,18,40882
09.12.2002-21:00:00,09,12,2002,21,42464
09.13.2002-00:00:00,09,13,2002,00,44364
09.13.2002-03:00:00,09,13,2002,03,45939
09.13.2002-06:00:00,09,13,2002,06,45845
09.13.2002-09:00:00,09,13,2002,09,43632
09.13.2002-12:00:00,09,13,2002,12,40901
09.13.2002-15:00:00,09,13,2002,15,39338
09.13.2002-18:00:00,09,13,2002,18,39718
09.13.2002-21:00:00,09,13,2002,21,41320
09.14.2002-00:00:00,09,14,2002,00,43277
09.14.2002-03:00:00,09,14,2002,03,45003
09.14.2002-06:00:00,09,14,2002,06,45317
09.14.2002-09:00:00,09,14,2002,09,43343
09.14.2002-12:00:00,09,14,2002,12,40742
09.14.2002-15:00:00,09,14,2002,15,39270
09.14.2002-18:00:00,09,14,2002,18,39670
09.14.2002-21:00:00,09,14,2002,21,41224
09.15.2002-00:00:00,09,15,2002,00,43083
09.15.2002-03:00:00,09,15,2002,03,44690
09.15.2002-06:00:00,09,15,2002,06,44920
09.15.2002-09:00:00,09,15,2002,09,43163
09.15.2002-12:00:00,09,15,2002,12,40828
09.15.2002-15:00:00,09,15,2002,15,39502
09.15.2002-18:00:00,09,15,2002,18,39853
09.15.2002-21:00:00,09,15,2002,21,41298
09.16.2002-00:00:00,09,16,2002,00,42997
09.16.2002-03:00:00,09,16,2002,03,44447
09.16.2002-06:00:00,09,16,2002,06,44505
09.16.2002-09:00:00,09,16,2002,09,42851
09.16.2002-12:00:00,09,16,2002,12,40646
09.16.2002-15:00:00,09,16,2002,15,39382
09.16.2002-18:00:00,09,16,2002,18,39720
09.16.2002-21:00:00,09,16,2002,21,41121
09.17.2002-00:00:00,09,17,2002,00,42777
09.17.2002-03:00:00,09,17,2002,03,44199
09.17.2002-06:00:00,09,17,2002,06,44459
09.17.2002-09:00:00,09,17,2002,09,43130
09.17.2002-12:00:00,09,17,2002,12,41288
09.17.2002-15:00:00,09,17,2002,15,40251
09.17.2002-18:00:00,09,17,2002,18,40658
09.17.2002-21:00:00,09,17,2002,21,41962
09.18.2002-00:00:00,09,18,2002,00,43452
09.18.2002-03:00:00,09,18,2002,03,44670
09.18.2002-06:00:00,09,18,2002,06,44751
09.18.2002-09:00:00,09,18,2002,09,43077
09.18.2002-12:00:00,09,18,2002,12,40797
09.18.2002-15:00:00,09,18,2002,15,39538
09.18.2002-18:00:00,09,18,2002,18,39892
09.18.2002-21:00:00,09,18,2002,21,41244
09.19.2002-00:00:00,09,19,2002,00,42819
09.19.2002-03:00:00,09,19,2002,03,44128
09.19.2002-06:00:00,09,19,2002,06,44319
09.19.2002-09:00:00,09,19,2002,09,42475
09.19.2002-12:00:00,09,19,2002,12,39923
09.19.2002-15:00:00,09,19,2002,15,38488
09.19.2002-18:00:00,09,19,2002,18,38786
09.19.2002-21:00:00,09,19,2002,21,40131
09.20.2002-00:00:00,09,20,2002,00,41750
09.20.2002-03:00:00,09,20,2002,03,43148
09.20.2002-06:00:00,09,20,2002,06,43506
09.20.2002-09:00:00,09,20,2002,09,41893
09.20.2002-12:00:00,09,20,2002,12,39555
09.20.2002-15:00:00,09,20,2002,15,38260
09.20.2002-18:00:00,09,20,2002,18,38620
09.20.2002-21:00:00,09,20,2002,21,39971
09.21.2002-00:00:00,09,21,2002,00,41569
09.21.2002-03:00:00,09,21,2002,03,42927
09.21.2002-06:00:00,09,21,2002,06,43506
09.21.2002-09:00:00,09,21,2002,09,41980
09.21.2002-12:00:00,09,21,2002,12,39608
09.21.2002-15:00:00,09,21,2002,15,38256
09.21.2002-18:00:00,09,21,2002,18,38544
09.21.2002-21:00:00,09,21,2002,21,39812
09.22.2002-00:00:00,09,22,2002,00,41337
09.22.2002-03:00:00,09,22,2002,03,42637
09.22.2002-06:00:00,09,22,2002,06,43135
09.22.2002-09:00:00,09,22,2002,09,41426
09.22.2002-12:00:00,09,22,2002,12,38903
09.22.2002-15:00:00,09,22,2002,15,37430
09.22.2002-18:00:00,09,22,2002,18,37647
09.22.2002-21:00:00,09,22,2002,21,38884
09.23.2002-00:00:00,09,23,2002,00,40410
09.23.2002-03:00:00,09,23,2002,03,41743
09.23.2002-06:00:00,09,23,2002,06,42114
09.23.2002-09:00:00,09,23,2002,09,40393
09.23.2002-12:00:00,09,23,2002,12,37928
09.23.2002-15:00:00,09,23,2002,15,36504
09.23.2002-18:00:00,09,23,2002,18,36751
09.23.2002-21:00:00,09,23,2002,21,37987
09.24.2002-00:00:00,09,24,2002,00,39489
09.24.2002-03:00:00,09,24,2002,03,40806
09.24.2002-06:00:00,09,24,2002,06,41140
09.24.2002-09:00:00,09,24,2002,09,39817
09.24.2002-12:00:00,09,24,2002,12,37917
09.24.2002-15:00:00,09,24,2002,15,36841
09.24.2002-18:00:00,09,24,2002,18,37204
09.24.2002-21:00:00,09,24,2002,21,38407
09.25.2002-00:00:00,09,25,2002,00,39812
09.25.2002-03:00:00,09,25,2002,03,40990
09.25.2002-06:00:00,09,25,2002,06,41102
09.25.2002-09:00:00,09,25,2002,09,39333
09.25.2002-12:00:00,09,25,2002,12,36942
09.25.2002-15:00:00,09,25,2002,15,35575
09.25.2002-18:00:00,09,25,2002,18,35833
09.25.2002-21:00:00,09,25,2002,21,37063
09.26.2002-00:00:00,09,26,2002,00,38524
09.26.2002-03:00:00,09,26,2002,03,39817
09.26.2002-06:00:00,09,26,2002,06,40419
09.26.2002-09:00:00,09,26,2002,09,39594
09.26.2002-12:00:00,09,26,2002,12,38186
09.26.2002-15:00:00,09,26,2002,15,37429
09.26.2002-18:00:00,09,26,2002,18,37840
09.26.2002-21:00:00,09,26,2002,21,38871
09.27.2002-00:00:00,09,27,2002,00,39972
09.27.2002-03:00:00,09,27,2002,03,40845
09.27.2002-06:00:00,09,27,2002,06,40773
09.27.2002-09:00:00,09,27,2002,09,39121
09.27.2002-12:00:00,09,27,2002,12,36927
09.27.2002-15:00:00,09,27,2002,15,35702
09.27.2002-18:00:00,09,27,2002,18,36003
09.27.2002-21:00:00,09,27,2002,21,37162
09.28.2002-00:00:00,09,28,2002,00,38515
09.28.2002-03:00:00,09,28,2002,03,39672
09.28.2002-06:00:00,09,28,2002,06,40179
09.28.2002-09:00:00,09,28,2002,09,38822
09.28.2002-12:00:00,09,28,2002,12,36722
09.28.2002-15:00:00,09,28,2002,15,35532
09.28.2002-18:00:00,09,28,2002,18,35808
09.28.2002-21:00:00,09,28,2002,21,36910
09.29.2002-00:00:00,09,29,2002,00,38185
09.29.2002-03:00:00,09,29,2002,03,39254
09.29.2002-06:00:00,09,29,2002,06,39660
09.29.2002-09:00:00,09,29,2002,09,38867
09.29.2002-12:00:00,09,29,2002,12,37590
09.29.2002-15:00:00,09,29,2002,15,36895
09.29.2002-18:00:00,09,29,2002,18,37247
09.29.2002-21:00:00,09,29,2002,21,38141
09.30.2002-00:00:00,09,30,2002,00,39087
09.30.2002-03:00:00,09,30,2002,03,39835
09.30.2002-06:00:00,09,30,2002,06,39996
09.30.2002-09:00:00,09,30,2002,09,39089
09.30.2002-12:00:00,09,30,2002,12,37770
09.30.2002-15:00:00,09,30,2002,15,37075
09.30.2002-18:00:00,09,30,2002,18,37427
09.30.2002-21:00:00,09,30,2002,21,38300
