TIMESTAMP,MONTH,DAY,YEAR,HOUR,C
10.01.2001-00:00:00,10,01,2001,00,45.427
10.01.2001-03:00:00,10,01,2001,03,44.374
10.01.2001-06:00:00,10,01,2001,06,45.432
10.01.2001-09:00:00,10,01,2001,09,44.459
10.01.2001-12:00:00,10,01,2001,12,45.85
10.01.2001-15:00:00,10,01,2001,15,48.929
10.01.2001-18:00:00,10,01,2001,18,43.844
10.01.2001-21:00:00,10,01,2001,21,43.491
10.02.2001-00:00:00,10,02,2001,00,42.929
10.02.2001-03:00:00,10,02,2001,03,42.484
10.02.2001-06:00:00,10,02,2001,06,42.242
10.02.2001-09:00:00,10,02,2001,09,41.979
10.02.2001-12:00:00,10,02,2001,12,46.151
10.02.2001-15:00:00,10,02,2001,15,50.05
10.02.2001-18:00:00,10,02,2001,18,45.683
10.02.2001-21:00:00,10,02,2001,21,42.848
10.03.2001-00:00:00,10,03,2001,00,41.002
10.03.2001-03:00:00,10,03,2001,03,41.213
10.03.2001-06:00:00,10,03,2001,06,40.972
10.03.2001-09:00:00,10,03,2001,09,40.501
10.03.2001-12:00:00,10,03,2001,12,39.141
10.03.2001-15:00:00,10,03,2001,15,40.246
10.03.2001-18:00:00,10,03,2001,18,43.851
10.03.2001-21:00:00,10,03,2001,21,40.09
10.04.2001-00:00:00,10,04,2001,00,39.634
10.04.2001-03:00:00,10,04,2001,03,39.584
10.04.2001-06:00:00,10,04,2001,06,39.371
10.04.2001-09:00:00,10,04,2001,09,39.063
10.04.2001-12:00:00,10,04,2001,12,37.883
10.04.2001-15:00:00,10,04,2001,15,38.916
10.04.2001-18:00:00,10,04,2001,18,40.821
10.04.2001-21:00:00,10,04,2001,21,37.654
10.05.2001-00:00:00,10,05,2001,00,37.328
10.05.2001-03:00:00,10,05,2001,03,37.369
10.05.2001-06:00:00,10,05,2001,06,37.218
10.05.2001-09:00:00,10,05,2001,09,37.056
10.05.2001-12:00:00,10,05,2001,12,36.09
10.05.2001-15:00:00,10,05,2001,15,36.534
10.05.2001-18:00:00,10,05,2001,18,36.928
10.05.2001-21:00:00,10,05,2001,21,36.876
10.06.2001-00:00:00,10,06,2001,00,36.683
10.06.2001-03:00:00,10,06,2001,03,36.666
10.06.2001-06:00:00,10,06,2001,06,36.571
10.06.2001-09:00:00,10,06,2001,09,36.386
10.06.2001-12:00:00,10,06,2001,12,35.494
10.06.2001-15:00:00,10,06,2001,15,35.935
10.06.2001-18:00:00,10,06,2001,18,36.25
10.06.2001-21:00:00,10,06,2001,21,36.17
10.07.2001-00:00:00,10,07,2001,00,35.98
10.07.2001-03:00:00,10,07,2001,03,35.949
10.07.2001-06:00:00,10,07,2001,06,35.898
10.07.2001-09:00:00,10,07,2001,09,35.694
10.07.2001-12:00:00,10,07,2001,12,34.855
10.07.2001-15:00:00,10,07,2001,15,35.249
10.07.2001-18:00:00,10,07,2001,18,35.56
10.07.2001-21:00:00,10,07,2001,21,35.476
10.08.2001-00:00:00,10,08,2001,00,35.309
10.08.2001-03:00:00,10,08,2001,03,35.282
10.08.2001-06:00:00,10,08,2001,06,35.238
10.08.2001-09:00:00,10,08,2001,09,34.882
10.08.2001-12:00:00,10,08,2001,12,34.184
10.08.2001-15:00:00,10,08,2001,15,34.428
10.08.2001-18:00:00,10,08,2001,18,34.406
10.08.2001-21:00:00,10,08,2001,21,34.515
10.09.2001-00:00:00,10,09,2001,00,34.449
10.09.2001-03:00:00,10,09,2001,03,34.56
10.09.2001-06:00:00,10,09,2001,06,34.507
10.09.2001-09:00:00,10,09,2001,09,34.182
10.09.2001-12:00:00,10,09,2001,12,33.704
10.09.2001-15:00:00,10,09,2001,15,33.894
10.09.2001-18:00:00,10,09,2001,18,33.835
10.09.2001-21:00:00,10,09,2001,21,33.977
10.10.2001-00:00:00,10,10,2001,00,33.905
10.10.2001-03:00:00,10,10,2001,03,34.023
10.10.2001-06:00:00,10,10,2001,06,33.975
10.10.2001-09:00:00,10,10,2001,09,40.451
10.10.2001-12:00:00,10,10,2001,12,47.638
10.10.2001-15:00:00,10,10,2001,15,38.482
10.10.2001-18:00:00,10,10,2001,18,36.689
10.10.2001-21:00:00,10,10,2001,21,37.435
10.11.2001-00:00:00,10,11,2001,00,38.355
10.11.2001-03:00:00,10,11,2001,03,38.767
10.11.2001-06:00:00,10,11,2001,06,40.59
10.11.2001-09:00:00,10,11,2001,09,42.12
10.11.2001-12:00:00,10,11,2001,12,41.268
10.11.2001-15:00:00,10,11,2001,15,41.001
10.11.2001-18:00:00,10,11,2001,18,39.528
10.11.2001-21:00:00,10,11,2001,21,39.228
10.12.2001-00:00:00,10,12,2001,00,38.703
10.12.2001-03:00:00,10,12,2001,03,38.574
10.12.2001-06:00:00,10,12,2001,06,38.422
10.12.2001-09:00:00,10,12,2001,09,38.365
10.12.2001-12:00:00,10,12,2001,12,38.348
10.12.2001-15:00:00,10,12,2001,15,38.642
10.12.2001-18:00:00,10,12,2001,18,45.013
10.12.2001-21:00:00,10,12,2001,21,39.135
10.13.2001-00:00:00,10,13,2001,00,39.44
10.13.2001-03:00:00,10,13,2001,03,40.996
10.13.2001-06:00:00,10,13,2001,06,42.673
10.13.2001-09:00:00,10,13,2001,09,44.388
10.13.2001-12:00:00,10,13,2001,12,45.6
10.13.2001-15:00:00,10,13,2001,15,51.496
10.13.2001-18:00:00,10,13,2001,18,60.18
10.13.2001-21:00:00,10,13,2001,21,66.026
10.14.2001-00:00:00,10,14,2001,00,46.307
10.14.2001-03:00:00,10,14,2001,03,43.535
10.14.2001-06:00:00,10,14,2001,06,42.736
10.14.2001-09:00:00,10,14,2001,09,43.253
10.14.2001-12:00:00,10,14,2001,12,42.712
10.14.2001-15:00:00,10,14,2001,15,54.423
10.14.2001-18:00:00,10,14,2001,18,63.178
10.14.2001-21:00:00,10,14,2001,21,44.488
10.15.2001-00:00:00,10,15,2001,00,43.151
10.15.2001-03:00:00,10,15,2001,03,42.053
10.15.2001-06:00:00,10,15,2001,06,42.982
10.15.2001-09:00:00,10,15,2001,09,49.871
10.15.2001-12:00:00,10,15,2001,12,63.193
10.15.2001-15:00:00,10,15,2001,15,45.236
10.15.2001-18:00:00,10,15,2001,18,44.386
10.15.2001-21:00:00,10,15,2001,21,57.571
10.16.2001-00:00:00,10,16,2001,00,43.822
10.16.2001-03:00:00,10,16,2001,03,42.67
10.16.2001-06:00:00,10,16,2001,06,43.321
10.16.2001-09:00:00,10,16,2001,09,42.308
10.16.2001-12:00:00,10,16,2001,12,43.191
10.16.2001-15:00:00,10,16,2001,15,56.566
10.16.2001-18:00:00,10,16,2001,18,42.775
10.16.2001-21:00:00,10,16,2001,21,41.876
10.17.2001-00:00:00,10,17,2001,00,41.866
10.17.2001-03:00:00,10,17,2001,03,41.068
10.17.2001-06:00:00,10,17,2001,06,40.657
10.17.2001-09:00:00,10,17,2001,09,40.394
10.17.2001-12:00:00,10,17,2001,12,40.043
10.17.2001-15:00:00,10,17,2001,15,39.815
10.17.2001-18:00:00,10,17,2001,18,39.61
10.17.2001-21:00:00,10,17,2001,21,39.547
10.18.2001-00:00:00,10,18,2001,00,39.327
10.18.2001-03:00:00,10,18,2001,03,39.385
10.18.2001-06:00:00,10,18,2001,06,38.9
10.18.2001-09:00:00,10,18,2001,09,38.38
10.18.2001-12:00:00,10,18,2001,12,38.065
10.18.2001-15:00:00,10,18,2001,15,37.958
10.18.2001-18:00:00,10,18,2001,18,37.807
10.18.2001-21:00:00,10,18,2001,21,37.687
10.19.2001-00:00:00,10,19,2001,00,37.601
10.19.2001-03:00:00,10,19,2001,03,37.481
10.19.2001-06:00:00,10,19,2001,06,37.364
10.19.2001-09:00:00,10,19,2001,09,37.257
10.19.2001-12:00:00,10,19,2001,12,37.143
10.19.2001-15:00:00,10,19,2001,15,36.986
10.19.2001-18:00:00,10,19,2001,18,36.956
10.19.2001-21:00:00,10,19,2001,21,36.792
10.20.2001-00:00:00,10,20,2001,00,36.775
10.20.2001-03:00:00,10,20,2001,03,36.619
10.20.2001-06:00:00,10,20,2001,06,36.595
10.20.2001-09:00:00,10,20,2001,09,36.55
10.20.2001-12:00:00,10,20,2001,12,36.379
10.20.2001-15:00:00,10,20,2001,15,36.236
10.20.2001-18:00:00,10,20,2001,18,36.136
10.20.2001-21:00:00,10,20,2001,21,35.993
10.21.2001-00:00:00,10,21,2001,00,35.86
10.21.2001-03:00:00,10,21,2001,03,35.925
10.21.2001-06:00:00,10,21,2001,06,35.585
10.21.2001-09:00:00,10,21,2001,09,35.708
10.21.2001-12:00:00,10,21,2001,12,35.499
10.21.2001-15:00:00,10,21,2001,15,35.428
10.21.2001-18:00:00,10,21,2001,18,35.326
10.21.2001-21:00:00,10,21,2001,21,35.238
10.22.2001-00:00:00,10,22,2001,00,35.214
10.22.2001-03:00:00,10,22,2001,03,35.071
10.22.2001-06:00:00,10,22,2001,06,35.074
10.22.2001-09:00:00,10,22,2001,09,35.033
10.22.2001-12:00:00,10,22,2001,12,34.976
10.22.2001-15:00:00,10,22,2001,15,34.922
10.22.2001-18:00:00,10,22,2001,18,34.893
10.22.2001-21:00:00,10,22,2001,21,34.907
10.23.2001-00:00:00,10,23,2001,00,34.876
10.23.2001-03:00:00,10,23,2001,03,34.905
10.23.2001-06:00:00,10,23,2001,06,34.897
10.23.2001-09:00:00,10,23,2001,09,34.906
10.23.2001-12:00:00,10,23,2001,12,34.921
10.23.2001-15:00:00,10,23,2001,15,34.925
10.23.2001-18:00:00,10,23,2001,18,34.917
10.23.2001-21:00:00,10,23,2001,21,34.894
10.24.2001-00:00:00,10,24,2001,00,34.861
10.24.2001-03:00:00,10,24,2001,03,34.833
10.24.2001-06:00:00,10,24,2001,06,34.807
10.24.2001-09:00:00,10,24,2001,09,34.782
10.24.2001-12:00:00,10,24,2001,12,34.757
10.24.2001-15:00:00,10,24,2001,15,34.731
10.24.2001-18:00:00,10,24,2001,18,34.706
10.24.2001-21:00:00,10,24,2001,21,34.68
10.25.2001-00:00:00,10,25,2001,00,34.655
10.25.2001-03:00:00,10,25,2001,03,34.629
10.25.2001-06:00:00,10,25,2001,06,34.603
10.25.2001-09:00:00,10,25,2001,09,34.581
10.25.2001-12:00:00,10,25,2001,12,34.555
10.25.2001-15:00:00,10,25,2001,15,34.532
10.25.2001-18:00:00,10,25,2001,18,34.506
10.25.2001-21:00:00,10,25,2001,21,34.481
10.26.2001-00:00:00,10,26,2001,00,34.458
10.26.2001-03:00:00,10,26,2001,03,34.432
10.26.2001-06:00:00,10,26,2001,06,34.407
10.26.2001-09:00:00,10,26,2001,09,34.382
10.26.2001-12:00:00,10,26,2001,12,34.357
10.26.2001-15:00:00,10,26,2001,15,34.331
10.26.2001-18:00:00,10,26,2001,18,34.307
10.26.2001-21:00:00,10,26,2001,21,34.281
10.27.2001-00:00:00,10,27,2001,00,34.256
10.27.2001-03:00:00,10,27,2001,03,34.231
10.27.2001-06:00:00,10,27,2001,06,34.206
10.27.2001-09:00:00,10,27,2001,09,34.179
10.27.2001-12:00:00,10,27,2001,12,34.153
10.27.2001-15:00:00,10,27,2001,15,34.127
10.27.2001-18:00:00,10,27,2001,18,34.103
10.27.2001-21:00:00,10,27,2001,21,34.071
10.28.2001-00:00:00,10,28,2001,00,34.037
10.28.2001-03:00:00,10,28,2001,03,34.028
10.28.2001-06:00:00,10,28,2001,06,34.004
10.28.2001-09:00:00,10,28,2001,09,33.98
10.28.2001-12:00:00,10,28,2001,12,33.954
10.28.2001-15:00:00,10,28,2001,15,33.93
10.28.2001-18:00:00,10,28,2001,18,33.903
10.28.2001-21:00:00,10,28,2001,21,33.877
10.29.2001-00:00:00,10,29,2001,00,33.828
10.29.2001-03:00:00,10,29,2001,03,33.825
10.29.2001-06:00:00,10,29,2001,06,33.797
10.29.2001-09:00:00,10,29,2001,09,33.773
10.29.2001-12:00:00,10,29,2001,12,33.747
10.29.2001-15:00:00,10,29,2001,15,33.722
10.29.2001-18:00:00,10,29,2001,18,33.698
10.29.2001-21:00:00,10,29,2001,21,33.672
10.30.2001-00:00:00,10,30,2001,00,33.649
10.30.2001-03:00:00,10,30,2001,03,33.62
10.30.2001-06:00:00,10,30,2001,06,33.597
10.30.2001-09:00:00,10,30,2001,09,33.569
10.30.2001-12:00:00,10,30,2001,12,33.554
10.30.2001-15:00:00,10,30,2001,15,33.537
10.30.2001-18:00:00,10,30,2001,18,33.526
10.30.2001-21:00:00,10,30,2001,21,33.513
10.31.2001-00:00:00,10,31,2001,00,33.5
10.31.2001-03:00:00,10,31,2001,03,33.475
10.31.2001-06:00:00,10,31,2001,06,33.463
10.31.2001-09:00:00,10,31,2001,09,33.433
10.31.2001-12:00:00,10,31,2001,12,33.422
10.31.2001-15:00:00,10,31,2001,15,33.389
10.31.2001-18:00:00,10,31,2001,18,33.376
10.31.2001-21:00:00,10,31,2001,21,33.344
11.01.2001-00:00:00,11,01,2001,00,33.403
11.01.2001-03:00:00,11,01,2001,03,33.39
11.01.2001-06:00:00,11,01,2001,06,33.382
11.01.2001-09:00:00,11,01,2001,09,33.346
11.01.2001-12:00:00,11,01,2001,12,33.334
11.01.2001-15:00:00,11,01,2001,15,33.297
11.01.2001-18:00:00,11,01,2001,18,33.289
11.01.2001-21:00:00,11,01,2001,21,33.247
11.02.2001-00:00:00,11,02,2001,00,33.239
11.02.2001-03:00:00,11,02,2001,03,33.195
11.02.2001-06:00:00,11,02,2001,06,33.19
11.02.2001-09:00:00,11,02,2001,09,31.82
11.02.2001-12:00:00,11,02,2001,12,33.088
11.02.2001-15:00:00,11,02,2001,15,33.111
11.02.2001-18:00:00,11,02,2001,18,33.103
11.02.2001-21:00:00,11,02,2001,21,33.055
11.03.2001-00:00:00,11,03,2001,00,31.721
11.03.2001-03:00:00,11,03,2001,03,32.952
11.03.2001-06:00:00,11,03,2001,06,31.683
11.03.2001-09:00:00,11,03,2001,09,32.912
11.03.2001-12:00:00,11,03,2001,12,32.978
11.03.2001-15:00:00,11,03,2001,15,32.921
11.03.2001-18:00:00,11,03,2001,18,32.923
11.03.2001-21:00:00,11,03,2001,21,31.535
11.04.2001-00:00:00,11,04,2001,00,32.816
11.04.2001-03:00:00,11,04,2001,03,31.494
11.04.2001-06:00:00,11,04,2001,06,32.78
11.04.2001-09:00:00,11,04,2001,09,32.787
11.04.2001-12:00:00,11,04,2001,12,32.781
11.04.2001-15:00:00,11,04,2001,15,31.403
11.04.2001-18:00:00,11,04,2001,18,32.678
11.04.2001-21:00:00,11,04,2001,21,31.351
11.05.2001-00:00:00,11,05,2001,00,32.632
11.05.2001-03:00:00,11,05,2001,03,31.311
11.05.2001-06:00:00,11,05,2001,06,32.598
11.05.2001-09:00:00,11,05,2001,09,31.265
11.05.2001-12:00:00,11,05,2001,12,32.553
11.05.2001-15:00:00,11,05,2001,15,31.218
11.05.2001-18:00:00,11,05,2001,18,32.506
11.05.2001-21:00:00,11,05,2001,21,31.169
11.06.2001-00:00:00,11,06,2001,00,32.458
11.06.2001-03:00:00,11,06,2001,03,31.128
11.06.2001-06:00:00,11,06,2001,06,32.417
11.06.2001-09:00:00,11,06,2001,09,31.082
11.06.2001-12:00:00,11,06,2001,12,32.373
11.06.2001-15:00:00,11,06,2001,15,31.038
11.06.2001-18:00:00,11,06,2001,18,32.326
11.06.2001-21:00:00,11,06,2001,21,30.993
11.07.2001-00:00:00,11,07,2001,00,32.282
11.07.2001-03:00:00,11,07,2001,03,30.949
11.07.2001-06:00:00,11,07,2001,06,32.235
11.07.2001-09:00:00,11,07,2001,09,30.902
11.07.2001-12:00:00,11,07,2001,12,32.188
11.07.2001-15:00:00,11,07,2001,15,30.859
11.07.2001-18:00:00,11,07,2001,18,32.14
11.07.2001-21:00:00,11,07,2001,21,30.811
11.08.2001-00:00:00,11,08,2001,00,32.094
11.08.2001-03:00:00,11,08,2001,03,30.768
11.08.2001-06:00:00,11,08,2001,06,32.046
11.08.2001-09:00:00,11,08,2001,09,30.723
11.08.2001-12:00:00,11,08,2001,12,31.998
11.08.2001-15:00:00,11,08,2001,15,30.678
11.08.2001-18:00:00,11,08,2001,18,31.946
11.08.2001-21:00:00,11,08,2001,21,30.631
11.09.2001-00:00:00,11,09,2001,00,30.596
11.09.2001-03:00:00,11,09,2001,03,31.838
11.09.2001-06:00:00,11,09,2001,06,30.611
11.09.2001-09:00:00,11,09,2001,09,30.485
11.09.2001-12:00:00,11,09,2001,12,31.813
11.09.2001-15:00:00,11,09,2001,15,30.499
11.09.2001-18:00:00,11,09,2001,18,30.465
11.09.2001-21:00:00,11,09,2001,21,31.699
11.10.2001-00:00:00,11,10,2001,00,30.48
11.10.2001-03:00:00,11,10,2001,03,30.352
11.10.2001-06:00:00,11,10,2001,06,30.383
11.10.2001-09:00:00,11,10,2001,09,31.611
11.10.2001-12:00:00,11,10,2001,12,30.396
11.10.2001-15:00:00,11,10,2001,15,30.263
11.10.2001-18:00:00,11,10,2001,18,30.296
11.10.2001-21:00:00,11,10,2001,21,30.227
11.11.2001-00:00:00,11,11,2001,00,31.556
11.11.2001-03:00:00,11,11,2001,03,30.236
11.11.2001-06:00:00,11,11,2001,06,30.207
11.11.2001-09:00:00,11,11,2001,09,30.135
11.11.2001-12:00:00,11,11,2001,12,30.169
11.11.2001-15:00:00,11,11,2001,15,31.389
11.11.2001-18:00:00,11,11,2001,18,30.181
11.11.2001-21:00:00,11,11,2001,21,30.043
11.12.2001-00:00:00,11,12,2001,00,30.08
11.12.2001-03:00:00,11,12,2001,03,30.006
11.12.2001-06:00:00,11,12,2001,06,30.043
11.12.2001-09:00:00,11,12,2001,09,29.964
11.12.2001-12:00:00,11,12,2001,12,30.003
11.12.2001-15:00:00,11,12,2001,15,31.213
11.12.2001-18:00:00,11,12,2001,18,30.012
11.12.2001-21:00:00,11,12,2001,21,29.866
11.13.2001-00:00:00,11,13,2001,00,29.903
11.13.2001-03:00:00,11,13,2001,03,29.827
11.13.2001-06:00:00,11,13,2001,06,29.869
11.13.2001-09:00:00,11,13,2001,09,29.789
11.13.2001-12:00:00,11,13,2001,12,29.846
11.13.2001-15:00:00,11,13,2001,15,29.794
11.13.2001-18:00:00,11,13,2001,18,29.866
11.13.2001-21:00:00,11,13,2001,21,29.796
11.14.2001-00:00:00,11,14,2001,00,29.846
11.14.2001-03:00:00,11,14,2001,03,29.76
11.14.2001-06:00:00,11,14,2001,06,29.804
11.14.2001-09:00:00,11,14,2001,09,31.269
11.14.2001-12:00:00,11,14,2001,12,38.725
11.14.2001-15:00:00,11,14,2001,15,38.792
11.14.2001-18:00:00,11,14,2001,18,37.198
11.14.2001-21:00:00,11,14,2001,21,35.458
11.15.2001-00:00:00,11,15,2001,00,30.242
11.15.2001-03:00:00,11,15,2001,03,29.896
11.15.2001-06:00:00,11,15,2001,06,29.941
11.15.2001-09:00:00,11,15,2001,09,29.698
11.15.2001-12:00:00,11,15,2001,12,29.739
11.15.2001-15:00:00,11,15,2001,15,29.646
11.15.2001-18:00:00,11,15,2001,18,29.76
11.15.2001-21:00:00,11,15,2001,21,29.743
11.16.2001-00:00:00,11,16,2001,00,29.794
11.16.2001-03:00:00,11,16,2001,03,29.703
11.16.2001-06:00:00,11,16,2001,06,29.751
11.16.2001-09:00:00,11,16,2001,09,29.511
11.16.2001-12:00:00,11,16,2001,12,29.553
11.16.2001-15:00:00,11,16,2001,15,29.457
11.16.2001-18:00:00,11,16,2001,18,29.511
11.16.2001-21:00:00,11,16,2001,21,29.538
11.17.2001-00:00:00,11,17,2001,00,29.603
11.17.2001-03:00:00,11,17,2001,03,29.509
11.17.2001-06:00:00,11,17,2001,06,29.563
11.17.2001-09:00:00,11,17,2001,09,29.322
11.17.2001-12:00:00,11,17,2001,12,29.367
11.17.2001-15:00:00,11,17,2001,15,29.265
11.17.2001-18:00:00,11,17,2001,18,29.32
11.17.2001-21:00:00,11,17,2001,21,29.216
11.18.2001-00:00:00,11,18,2001,00,29.392
11.18.2001-03:00:00,11,18,2001,03,29.309
11.18.2001-06:00:00,11,18,2001,06,29.361
11.18.2001-09:00:00,11,18,2001,09,29.134
11.18.2001-12:00:00,11,18,2001,12,29.167
11.18.2001-15:00:00,11,18,2001,15,29.082
11.18.2001-18:00:00,11,18,2001,18,29.124
11.18.2001-21:00:00,11,18,2001,21,29.126
11.19.2001-00:00:00,11,19,2001,00,29.209
11.19.2001-03:00:00,11,19,2001,03,29.118
11.19.2001-06:00:00,11,19,2001,06,29.155
11.19.2001-09:00:00,11,19,2001,09,29.065
11.19.2001-12:00:00,11,19,2001,12,29.074
11.19.2001-15:00:00,11,19,2001,15,29.01
11.19.2001-18:00:00,11,19,2001,18,29.06
11.19.2001-21:00:00,11,19,2001,21,28.965
11.20.2001-00:00:00,11,20,2001,00,29.003
11.20.2001-03:00:00,11,20,2001,03,28.912
11.20.2001-06:00:00,11,20,2001,06,28.96
11.20.2001-09:00:00,11,20,2001,09,28.858
11.20.2001-12:00:00,11,20,2001,12,28.907
11.20.2001-15:00:00,11,20,2001,15,28.814
11.20.2001-18:00:00,11,20,2001,18,28.853
11.20.2001-21:00:00,11,20,2001,21,28.759
11.21.2001-00:00:00,11,21,2001,00,28.809
11.21.2001-03:00:00,11,21,2001,03,28.704
11.21.2001-06:00:00,11,21,2001,06,28.755
11.21.2001-09:00:00,11,21,2001,09,28.643
11.21.2001-12:00:00,11,21,2001,12,28.689
11.21.2001-15:00:00,11,21,2001,15,28.601
11.21.2001-18:00:00,11,21,2001,18,28.653
11.21.2001-21:00:00,11,21,2001,21,28.549
11.22.2001-00:00:00,11,22,2001,00,28.605
11.22.2001-03:00:00,11,22,2001,03,28.495
11.22.2001-06:00:00,11,22,2001,06,28.55
11.22.2001-09:00:00,11,22,2001,09,28.409
11.22.2001-12:00:00,11,22,2001,12,28.444
11.22.2001-15:00:00,11,22,2001,15,28.379
11.22.2001-18:00:00,11,22,2001,18,28.442
11.22.2001-21:00:00,11,22,2001,21,28.336
11.23.2001-00:00:00,11,23,2001,00,28.39
11.23.2001-03:00:00,11,23,2001,03,28.283
11.23.2001-06:00:00,11,23,2001,06,28.34
11.23.2001-09:00:00,11,23,2001,09,28.23
11.23.2001-12:00:00,11,23,2001,12,28.246
11.23.2001-15:00:00,11,23,2001,15,28.176
11.23.2001-18:00:00,11,23,2001,18,28.238
11.23.2001-21:00:00,11,23,2001,21,28.123
11.24.2001-00:00:00,11,24,2001,00,28.184
11.24.2001-03:00:00,11,24,2001,03,28.069
11.24.2001-06:00:00,11,24,2001,06,28.131
11.24.2001-09:00:00,11,24,2001,09,28.017
11.24.2001-12:00:00,11,24,2001,12,27.975
11.24.2001-15:00:00,11,24,2001,15,27.893
11.24.2001-18:00:00,11,24,2001,18,28.028
11.24.2001-21:00:00,11,24,2001,21,27.911
11.25.2001-00:00:00,11,25,2001,00,27.979
11.25.2001-03:00:00,11,25,2001,03,27.858
11.25.2001-06:00:00,11,25,2001,06,27.93
11.25.2001-09:00:00,11,25,2001,09,27.807
11.25.2001-12:00:00,11,25,2001,12,27.876
11.25.2001-15:00:00,11,25,2001,15,27.753
11.25.2001-18:00:00,11,25,2001,18,27.827
11.25.2001-21:00:00,11,25,2001,21,27.702
11.26.2001-00:00:00,11,26,2001,00,27.774
11.26.2001-03:00:00,11,26,2001,03,27.647
11.26.2001-06:00:00,11,26,2001,06,27.722
11.26.2001-09:00:00,11,26,2001,09,27.597
11.26.2001-12:00:00,11,26,2001,12,27.674
11.26.2001-15:00:00,11,26,2001,15,27.544
11.26.2001-18:00:00,11,26,2001,18,27.623
11.26.2001-21:00:00,11,26,2001,21,27.493
11.27.2001-00:00:00,11,27,2001,00,27.571
11.27.2001-03:00:00,11,27,2001,03,27.44
11.27.2001-06:00:00,11,27,2001,06,27.52
11.27.2001-09:00:00,11,27,2001,09,27.389
11.27.2001-12:00:00,11,27,2001,12,27.471
11.27.2001-15:00:00,11,27,2001,15,27.337
11.27.2001-18:00:00,11,27,2001,18,27.419
11.27.2001-21:00:00,11,27,2001,21,27.284
11.28.2001-00:00:00,11,28,2001,00,27.37
11.28.2001-03:00:00,11,28,2001,03,27.236
11.28.2001-06:00:00,11,28,2001,06,27.32
11.28.2001-09:00:00,11,28,2001,09,27.184
11.28.2001-12:00:00,11,28,2001,12,27.271
11.28.2001-15:00:00,11,28,2001,15,27.131
11.28.2001-18:00:00,11,28,2001,18,27.221
11.28.2001-21:00:00,11,28,2001,21,27.08
11.29.2001-00:00:00,11,29,2001,00,27.172
11.29.2001-03:00:00,11,29,2001,03,27.03
11.29.2001-06:00:00,11,29,2001,06,27.121
11.29.2001-09:00:00,11,29,2001,09,26.981
11.29.2001-12:00:00,11,29,2001,12,27.073
11.29.2001-15:00:00,11,29,2001,15,26.928
11.29.2001-18:00:00,11,29,2001,18,27.024
11.29.2001-21:00:00,11,29,2001,21,26.878
11.30.2001-00:00:00,11,30,2001,00,26.974
11.30.2001-03:00:00,11,30,2001,03,26.828
11.30.2001-06:00:00,11,30,2001,06,26.925
11.30.2001-09:00:00,11,30,2001,09,26.776
11.30.2001-12:00:00,11,30,2001,12,26.875
11.30.2001-15:00:00,11,30,2001,15,26.728
11.30.2001-18:00:00,11,30,2001,18,26.827
11.30.2001-21:00:00,11,30,2001,21,26.678
12.01.2001-00:00:00,12,01,2001,00,26.776
12.01.2001-03:00:00,12,01,2001,03,26.627
12.01.2001-06:00:00,12,01,2001,06,26.729
12.01.2001-09:00:00,12,01,2001,09,26.576
12.01.2001-12:00:00,12,01,2001,12,26.681
12.01.2001-15:00:00,12,01,2001,15,26.528
12.01.2001-18:00:00,12,01,2001,18,26.632
12.01.2001-21:00:00,12,01,2001,21,26.477
12.02.2001-00:00:00,12,02,2001,00,26.584
12.02.2001-03:00:00,12,02,2001,03,26.428
12.02.2001-06:00:00,12,02,2001,06,26.534
12.02.2001-09:00:00,12,02,2001,09,26.38
12.02.2001-12:00:00,12,02,2001,12,26.487
12.02.2001-15:00:00,12,02,2001,15,26.33
12.02.2001-18:00:00,12,02,2001,18,26.439
12.02.2001-21:00:00,12,02,2001,21,26.28
12.03.2001-00:00:00,12,03,2001,00,26.391
12.03.2001-03:00:00,12,03,2001,03,26.231
12.03.2001-06:00:00,12,03,2001,06,26.343
12.03.2001-09:00:00,12,03,2001,09,26.181
12.03.2001-12:00:00,12,03,2001,12,26.296
12.03.2001-15:00:00,12,03,2001,15,26.134
12.03.2001-18:00:00,12,03,2001,18,26.248
12.03.2001-21:00:00,12,03,2001,21,26.084
12.04.2001-00:00:00,12,04,2001,00,26.199
12.04.2001-03:00:00,12,04,2001,03,26.035
12.04.2001-06:00:00,12,04,2001,06,26.152
12.04.2001-09:00:00,12,04,2001,09,25.989
12.04.2001-12:00:00,12,04,2001,12,26.106
12.04.2001-15:00:00,12,04,2001,15,25.938
12.04.2001-18:00:00,12,04,2001,18,26.06
12.04.2001-21:00:00,12,04,2001,21,25.891
12.05.2001-00:00:00,12,05,2001,00,26.011
12.05.2001-03:00:00,12,05,2001,03,25.844
12.05.2001-06:00:00,12,05,2001,06,25.964
12.05.2001-09:00:00,12,05,2001,09,25.795
12.05.2001-12:00:00,12,05,2001,12,25.918
12.05.2001-15:00:00,12,05,2001,15,25.745
12.05.2001-18:00:00,12,05,2001,18,25.871
12.05.2001-21:00:00,12,05,2001,21,25.7
12.06.2001-00:00:00,12,06,2001,00,25.826
12.06.2001-03:00:00,12,06,2001,03,25.653
12.06.2001-06:00:00,12,06,2001,06,25.78
12.06.2001-09:00:00,12,06,2001,09,25.605
12.06.2001-12:00:00,12,06,2001,12,25.732
12.06.2001-15:00:00,12,06,2001,15,25.556
12.06.2001-18:00:00,12,06,2001,18,25.686
12.06.2001-21:00:00,12,06,2001,21,25.51
12.07.2001-00:00:00,12,07,2001,00,25.639
12.07.2001-03:00:00,12,07,2001,03,25.461
12.07.2001-06:00:00,12,07,2001,06,25.593
12.07.2001-09:00:00,12,07,2001,09,25.414
12.07.2001-12:00:00,12,07,2001,12,25.548
12.07.2001-15:00:00,12,07,2001,15,25.368
12.07.2001-18:00:00,12,07,2001,18,25.501
12.07.2001-21:00:00,12,07,2001,21,25.323
12.08.2001-00:00:00,12,08,2001,00,25.457
12.08.2001-03:00:00,12,08,2001,03,25.276
12.08.2001-06:00:00,12,08,2001,06,25.411
12.08.2001-09:00:00,12,08,2001,09,25.228
12.08.2001-12:00:00,12,08,2001,12,25.366
12.08.2001-15:00:00,12,08,2001,15,25.182
12.08.2001-18:00:00,12,08,2001,18,25.321
12.08.2001-21:00:00,12,08,2001,21,25.136
12.09.2001-00:00:00,12,09,2001,00,25.277
12.09.2001-03:00:00,12,09,2001,03,25.092
12.09.2001-06:00:00,12,09,2001,06,25.233
12.09.2001-09:00:00,12,09,2001,09,25.046
12.09.2001-12:00:00,12,09,2001,12,25.189
12.09.2001-15:00:00,12,09,2001,15,25.001
12.09.2001-18:00:00,12,09,2001,18,25.144
12.09.2001-21:00:00,12,09,2001,21,24.956
12.10.2001-00:00:00,12,10,2001,00,25.099
12.10.2001-03:00:00,12,10,2001,03,24.91
12.10.2001-06:00:00,12,10,2001,06,25.055
12.10.2001-09:00:00,12,10,2001,09,24.865
12.10.2001-12:00:00,12,10,2001,12,25.01
12.10.2001-15:00:00,12,10,2001,15,24.82
12.10.2001-18:00:00,12,10,2001,18,24.966
12.10.2001-21:00:00,12,10,2001,21,24.775
12.11.2001-00:00:00,12,11,2001,00,24.923
12.11.2001-03:00:00,12,11,2001,03,24.73
12.11.2001-06:00:00,12,11,2001,06,24.88
12.11.2001-09:00:00,12,11,2001,09,24.686
12.11.2001-12:00:00,12,11,2001,12,24.836
12.11.2001-15:00:00,12,11,2001,15,24.642
12.11.2001-18:00:00,12,11,2001,18,24.794
12.11.2001-21:00:00,12,11,2001,21,24.599
12.12.2001-00:00:00,12,12,2001,00,24.751
12.12.2001-03:00:00,12,12,2001,03,24.555
12.12.2001-06:00:00,12,12,2001,06,24.709
12.12.2001-09:00:00,12,12,2001,09,24.511
12.12.2001-12:00:00,12,12,2001,12,24.666
12.12.2001-15:00:00,12,12,2001,15,24.466
12.12.2001-18:00:00,12,12,2001,18,24.622
12.12.2001-21:00:00,12,12,2001,21,24.425
12.13.2001-00:00:00,12,13,2001,00,24.58
12.13.2001-03:00:00,12,13,2001,03,24.38
12.13.2001-06:00:00,12,13,2001,06,24.538
12.13.2001-09:00:00,12,13,2001,09,24.336
12.13.2001-12:00:00,12,13,2001,12,24.495
12.13.2001-15:00:00,12,13,2001,15,24.295
12.13.2001-18:00:00,12,13,2001,18,24.455
12.13.2001-21:00:00,12,13,2001,21,24.253
12.14.2001-00:00:00,12,14,2001,00,24.413
12.14.2001-03:00:00,12,14,2001,03,24.209
12.14.2001-06:00:00,12,14,2001,06,24.369
12.14.2001-09:00:00,12,14,2001,09,24.165
12.14.2001-12:00:00,12,14,2001,12,24.288
12.14.2001-15:00:00,12,14,2001,15,24.082
12.14.2001-18:00:00,12,14,2001,18,24.248
12.14.2001-21:00:00,12,14,2001,21,24.041
12.15.2001-00:00:00,12,15,2001,00,24.207
12.15.2001-03:00:00,12,15,2001,03,24.035
12.15.2001-06:00:00,12,15,2001,06,24.205
12.15.2001-09:00:00,12,15,2001,09,23.996
12.15.2001-12:00:00,12,15,2001,12,24.163
12.15.2001-15:00:00,12,15,2001,15,23.954
12.15.2001-18:00:00,12,15,2001,18,24.123
12.15.2001-21:00:00,12,15,2001,21,23.913
12.16.2001-00:00:00,12,16,2001,00,24.081
12.16.2001-03:00:00,12,16,2001,03,23.871
12.16.2001-06:00:00,12,16,2001,06,24.04
12.16.2001-09:00:00,12,16,2001,09,23.829
12.16.2001-12:00:00,12,16,2001,12,24.001
12.16.2001-15:00:00,12,16,2001,15,23.789
12.16.2001-18:00:00,12,16,2001,18,23.96
12.16.2001-21:00:00,12,16,2001,21,23.747
12.17.2001-00:00:00,12,17,2001,00,23.917
12.17.2001-03:00:00,12,17,2001,03,23.701
12.17.2001-06:00:00,12,17,2001,06,23.875
12.17.2001-09:00:00,12,17,2001,09,23.658
12.17.2001-12:00:00,12,17,2001,12,23.833
12.17.2001-15:00:00,12,17,2001,15,23.616
12.17.2001-18:00:00,12,17,2001,18,23.792
12.17.2001-21:00:00,12,17,2001,21,23.577
12.18.2001-00:00:00,12,18,2001,00,23.752
12.18.2001-03:00:00,12,18,2001,03,23.534
12.18.2001-06:00:00,12,18,2001,06,23.711
12.18.2001-09:00:00,12,18,2001,09,23.494
12.18.2001-12:00:00,12,18,2001,12,23.669
12.18.2001-15:00:00,12,18,2001,15,23.451
12.18.2001-18:00:00,12,18,2001,18,23.628
12.18.2001-21:00:00,12,18,2001,21,23.41
12.19.2001-00:00:00,12,19,2001,00,23.589
12.19.2001-03:00:00,12,19,2001,03,23.369
12.19.2001-06:00:00,12,19,2001,06,23.546
12.19.2001-09:00:00,12,19,2001,09,23.329
12.19.2001-12:00:00,12,19,2001,12,23.507
12.19.2001-15:00:00,12,19,2001,15,23.287
12.19.2001-18:00:00,12,19,2001,18,23.468
12.19.2001-21:00:00,12,19,2001,21,23.248
12.20.2001-00:00:00,12,20,2001,00,23.429
12.20.2001-03:00:00,12,20,2001,03,23.207
12.20.2001-06:00:00,12,20,2001,06,23.388
12.20.2001-09:00:00,12,20,2001,09,23.167
12.20.2001-12:00:00,12,20,2001,12,23.349
12.20.2001-15:00:00,12,20,2001,15,23.127
12.20.2001-18:00:00,12,20,2001,18,23.31
12.20.2001-21:00:00,12,20,2001,21,23.088
12.21.2001-00:00:00,12,21,2001,00,23.271
12.21.2001-03:00:00,12,21,2001,03,23.048
12.21.2001-06:00:00,12,21,2001,06,23.232
12.21.2001-09:00:00,12,21,2001,09,23.008
12.21.2001-12:00:00,12,21,2001,12,23.193
12.21.2001-15:00:00,12,21,2001,15,22.969
12.21.2001-18:00:00,12,21,2001,18,23.154
12.21.2001-21:00:00,12,21,2001,21,22.93
12.22.2001-00:00:00,12,22,2001,00,23.116
12.22.2001-03:00:00,12,22,2001,03,22.89
12.22.2001-06:00:00,12,22,2001,06,23.078
12.22.2001-09:00:00,12,22,2001,09,22.852
12.22.2001-12:00:00,12,22,2001,12,23.039
12.22.2001-15:00:00,12,22,2001,15,22.813
12.22.2001-18:00:00,12,22,2001,18,23.001
12.22.2001-21:00:00,12,22,2001,21,22.774
12.23.2001-00:00:00,12,23,2001,00,22.962
12.23.2001-03:00:00,12,23,2001,03,22.736
12.23.2001-06:00:00,12,23,2001,06,22.925
12.23.2001-09:00:00,12,23,2001,09,22.699
12.23.2001-12:00:00,12,23,2001,12,22.888
12.23.2001-15:00:00,12,23,2001,15,22.661
12.23.2001-18:00:00,12,23,2001,18,22.849
12.23.2001-21:00:00,12,23,2001,21,22.623
12.24.2001-00:00:00,12,24,2001,00,22.812
12.24.2001-03:00:00,12,24,2001,03,22.583
12.24.2001-06:00:00,12,24,2001,06,22.773
12.24.2001-09:00:00,12,24,2001,09,22.544
12.24.2001-12:00:00,12,24,2001,12,22.735
12.24.2001-15:00:00,12,24,2001,15,22.508
12.24.2001-18:00:00,12,24,2001,18,22.7
12.24.2001-21:00:00,12,24,2001,21,22.47
12.25.2001-00:00:00,12,25,2001,00,22.662
12.25.2001-03:00:00,12,25,2001,03,22.433
12.25.2001-06:00:00,12,25,2001,06,22.626
12.25.2001-09:00:00,12,25,2001,09,22.395
12.25.2001-12:00:00,12,25,2001,12,22.588
12.25.2001-15:00:00,12,25,2001,15,22.357
12.25.2001-18:00:00,12,25,2001,18,22.552
12.25.2001-21:00:00,12,25,2001,21,22.32
12.26.2001-00:00:00,12,26,2001,00,22.514
12.26.2001-03:00:00,12,26,2001,03,22.283
12.26.2001-06:00:00,12,26,2001,06,22.477
12.26.2001-09:00:00,12,26,2001,09,22.245
12.26.2001-12:00:00,12,26,2001,12,22.44
12.26.2001-15:00:00,12,26,2001,15,22.208
12.26.2001-18:00:00,12,26,2001,18,22.405
12.26.2001-21:00:00,12,26,2001,21,22.172
12.27.2001-00:00:00,12,27,2001,00,22.368
12.27.2001-03:00:00,12,27,2001,03,22.134
12.27.2001-06:00:00,12,27,2001,06,22.332
12.27.2001-09:00:00,12,27,2001,09,22.1
12.27.2001-12:00:00,12,27,2001,12,22.297
12.27.2001-15:00:00,12,27,2001,15,22.062
12.27.2001-18:00:00,12,27,2001,18,22.26
12.27.2001-21:00:00,12,27,2001,21,22.025
12.28.2001-00:00:00,12,28,2001,00,22.224
12.28.2001-03:00:00,12,28,2001,03,21.989
12.28.2001-06:00:00,12,28,2001,06,22.187
12.28.2001-09:00:00,12,28,2001,09,21.951
12.28.2001-12:00:00,12,28,2001,12,22.153
12.28.2001-15:00:00,12,28,2001,15,21.916
12.28.2001-18:00:00,12,28,2001,18,22.115
12.28.2001-21:00:00,12,28,2001,21,21.88
12.29.2001-00:00:00,12,29,2001,00,22.081
12.29.2001-03:00:00,12,29,2001,03,21.845
12.29.2001-06:00:00,12,29,2001,06,22.045
12.29.2001-09:00:00,12,29,2001,09,21.808
12.29.2001-12:00:00,12,29,2001,12,22.01
12.29.2001-15:00:00,12,29,2001,15,21.772
12.29.2001-18:00:00,12,29,2001,18,21.975
12.29.2001-21:00:00,12,29,2001,21,21.737
12.30.2001-00:00:00,12,30,2001,00,21.939
12.30.2001-03:00:00,12,30,2001,03,21.702
12.30.2001-06:00:00,12,30,2001,06,21.906
12.30.2001-09:00:00,12,30,2001,09,21.668
12.30.2001-12:00:00,12,30,2001,12,21.871
12.30.2001-15:00:00,12,30,2001,15,21.632
12.30.2001-18:00:00,12,30,2001,18,21.836
12.30.2001-21:00:00,12,30,2001,21,21.596
12.31.2001-00:00:00,12,31,2001,00,21.801
12.31.2001-03:00:00,12,31,2001,03,21.562
12.31.2001-06:00:00,12,31,2001,06,21.766
12.31.2001-09:00:00,12,31,2001,09,21.527
12.31.2001-12:00:00,12,31,2001,12,21.734
12.31.2001-15:00:00,12,31,2001,15,21.493
12.31.2001-18:00:00,12,31,2001,18,21.7
12.31.2001-21:00:00,12,31,2001,21,21.458
01.01.2002-00:00:00,01,01,2002,00,21.666
01.01.2002-03:00:00,01,01,2002,03,21.424
01.01.2002-06:00:00,01,01,2002,06,21.632
01.01.2002-09:00:00,01,01,2002,09,21.389
01.01.2002-12:00:00,01,01,2002,12,21.598
01.01.2002-15:00:00,01,01,2002,15,21.356
01.01.2002-18:00:00,01,01,2002,18,21.566
01.01.2002-21:00:00,01,01,2002,21,21.322
01.02.2002-00:00:00,01,02,2002,00,21.531
01.02.2002-03:00:00,01,02,2002,03,21.287
01.02.2002-06:00:00,01,02,2002,06,21.496
01.02.2002-09:00:00,01,02,2002,09,21.253
01.02.2002-12:00:00,01,02,2002,12,21.462
01.02.2002-15:00:00,01,02,2002,15,21.22
01.02.2002-18:00:00,01,02,2002,18,21.429
01.02.2002-21:00:00,01,02,2002,21,21.185
01.03.2002-00:00:00,01,03,2002,00,21.395
01.03.2002-03:00:00,01,03,2002,03,21.151
01.03.2002-06:00:00,01,03,2002,06,21.362
01.03.2002-09:00:00,01,03,2002,09,21.118
01.03.2002-12:00:00,01,03,2002,12,21.329
01.03.2002-15:00:00,01,03,2002,15,21.083
01.03.2002-18:00:00,01,03,2002,18,21.296
01.03.2002-21:00:00,01,03,2002,21,21.05
01.04.2002-00:00:00,01,04,2002,00,21.263
01.04.2002-03:00:00,01,04,2002,03,21.017
01.04.2002-06:00:00,01,04,2002,06,21.23
01.04.2002-09:00:00,01,04,2002,09,20.983
01.04.2002-12:00:00,01,04,2002,12,21.197
01.04.2002-15:00:00,01,04,2002,15,20.95
01.04.2002-18:00:00,01,04,2002,18,21.163
01.04.2002-21:00:00,01,04,2002,21,20.916
01.05.2002-00:00:00,01,05,2002,00,21.131
01.05.2002-03:00:00,01,05,2002,03,20.882
01.05.2002-06:00:00,01,05,2002,06,21.096
01.05.2002-09:00:00,01,05,2002,09,20.849
01.05.2002-12:00:00,01,05,2002,12,21.064
01.05.2002-15:00:00,01,05,2002,15,20.815
01.05.2002-18:00:00,01,05,2002,18,21.032
01.05.2002-21:00:00,01,05,2002,21,20.783
01.06.2002-00:00:00,01,06,2002,00,20.999
01.06.2002-03:00:00,01,06,2002,03,20.749
01.06.2002-06:00:00,01,06,2002,06,20.967
01.06.2002-09:00:00,01,06,2002,09,20.717
01.06.2002-12:00:00,01,06,2002,12,20.935
01.06.2002-15:00:00,01,06,2002,15,20.683
01.06.2002-18:00:00,01,06,2002,18,20.902
01.06.2002-21:00:00,01,06,2002,21,20.65
01.07.2002-00:00:00,01,07,2002,00,20.87
01.07.2002-03:00:00,01,07,2002,03,20.619
01.07.2002-06:00:00,01,07,2002,06,20.838
01.07.2002-09:00:00,01,07,2002,09,20.586
01.07.2002-12:00:00,01,07,2002,12,20.806
01.07.2002-15:00:00,01,07,2002,15,20.554
01.07.2002-18:00:00,01,07,2002,18,20.775
01.07.2002-21:00:00,01,07,2002,21,20.523
01.08.2002-00:00:00,01,08,2002,00,20.743
01.08.2002-03:00:00,01,08,2002,03,20.489
01.08.2002-06:00:00,01,08,2002,06,20.71
01.08.2002-09:00:00,01,08,2002,09,20.456
01.08.2002-12:00:00,01,08,2002,12,20.678
01.08.2002-15:00:00,01,08,2002,15,20.425
01.08.2002-18:00:00,01,08,2002,18,20.647
01.08.2002-21:00:00,01,08,2002,21,20.392
01.09.2002-00:00:00,01,09,2002,00,20.616
01.09.2002-03:00:00,01,09,2002,03,20.36
01.09.2002-06:00:00,01,09,2002,06,20.584
01.09.2002-09:00:00,01,09,2002,09,20.328
01.09.2002-12:00:00,01,09,2002,12,20.55
01.09.2002-15:00:00,01,09,2002,15,20.295
01.09.2002-18:00:00,01,09,2002,18,20.519
01.09.2002-21:00:00,01,09,2002,21,20.262
01.10.2002-00:00:00,01,10,2002,00,20.487
01.10.2002-03:00:00,01,10,2002,03,20.231
01.10.2002-06:00:00,01,10,2002,06,20.456
01.10.2002-09:00:00,01,10,2002,09,20.197
01.10.2002-12:00:00,01,10,2002,12,20.422
01.10.2002-15:00:00,01,10,2002,15,20.164
01.10.2002-18:00:00,01,10,2002,18,20.391
01.10.2002-21:00:00,01,10,2002,21,20.135
01.11.2002-00:00:00,01,11,2002,00,20.362
01.11.2002-03:00:00,01,11,2002,03,20.102
01.11.2002-06:00:00,01,11,2002,06,20.329
01.11.2002-09:00:00,01,11,2002,09,20.071
01.11.2002-12:00:00,01,11,2002,12,20.299
01.11.2002-15:00:00,01,11,2002,15,20.039
01.11.2002-18:00:00,01,11,2002,18,20.267
01.11.2002-21:00:00,01,11,2002,21,20.007
01.12.2002-00:00:00,01,12,2002,00,20.236
01.12.2002-03:00:00,01,12,2002,03,19.975
01.12.2002-06:00:00,01,12,2002,06,20.205
01.12.2002-09:00:00,01,12,2002,09,19.945
01.12.2002-12:00:00,01,12,2002,12,20.175
01.12.2002-15:00:00,01,12,2002,15,19.914
01.12.2002-18:00:00,01,12,2002,18,20.145
01.12.2002-21:00:00,01,12,2002,21,19.884
01.13.2002-00:00:00,01,13,2002,00,20.113
01.13.2002-03:00:00,01,13,2002,03,19.852
01.13.2002-06:00:00,01,13,2002,06,20.083
01.13.2002-09:00:00,01,13,2002,09,19.82
01.13.2002-12:00:00,01,13,2002,12,20.051
01.13.2002-15:00:00,01,13,2002,15,19.788
01.13.2002-18:00:00,01,13,2002,18,20.022
01.13.2002-21:00:00,01,13,2002,21,19.758
01.14.2002-00:00:00,01,14,2002,00,19.991
01.14.2002-03:00:00,01,14,2002,03,19.727
01.14.2002-06:00:00,01,14,2002,06,19.961
01.14.2002-09:00:00,01,14,2002,09,19.696
01.14.2002-12:00:00,01,14,2002,12,19.931
01.14.2002-15:00:00,01,14,2002,15,19.666
01.14.2002-18:00:00,01,14,2002,18,19.9
01.14.2002-21:00:00,01,14,2002,21,19.634
01.15.2002-00:00:00,01,15,2002,00,19.869
01.15.2002-03:00:00,01,15,2002,03,19.604
01.15.2002-06:00:00,01,15,2002,06,19.84
01.15.2002-09:00:00,01,15,2002,09,19.574
01.15.2002-12:00:00,01,15,2002,12,19.81
01.15.2002-15:00:00,01,15,2002,15,19.543
01.15.2002-18:00:00,01,15,2002,18,19.779
01.15.2002-21:00:00,01,15,2002,21,19.513
01.16.2002-00:00:00,01,16,2002,00,19.75
01.16.2002-03:00:00,01,16,2002,03,19.484
01.16.2002-06:00:00,01,16,2002,06,19.72
01.16.2002-09:00:00,01,16,2002,09,19.453
01.16.2002-12:00:00,01,16,2002,12,19.692
01.16.2002-15:00:00,01,16,2002,15,19.424
01.16.2002-18:00:00,01,16,2002,18,19.661
01.16.2002-21:00:00,01,16,2002,21,19.394
01.17.2002-00:00:00,01,17,2002,00,19.633
01.17.2002-03:00:00,01,17,2002,03,19.363
01.17.2002-06:00:00,01,17,2002,06,19.603
01.17.2002-09:00:00,01,17,2002,09,19.333
01.17.2002-12:00:00,01,17,2002,12,19.573
01.17.2002-15:00:00,01,17,2002,15,19.304
01.17.2002-18:00:00,01,17,2002,18,19.545
01.17.2002-21:00:00,01,17,2002,21,19.275
01.18.2002-00:00:00,01,18,2002,00,19.515
01.18.2002-03:00:00,01,18,2002,03,19.245
01.18.2002-06:00:00,01,18,2002,06,19.486
01.18.2002-09:00:00,01,18,2002,09,19.215
01.18.2002-12:00:00,01,18,2002,12,19.457
01.18.2002-15:00:00,01,18,2002,15,19.185
01.18.2002-18:00:00,01,18,2002,18,19.427
01.18.2002-21:00:00,01,18,2002,21,19.156
01.19.2002-00:00:00,01,19,2002,00,19.399
01.19.2002-03:00:00,01,19,2002,03,19.127
01.19.2002-06:00:00,01,19,2002,06,19.371
01.19.2002-09:00:00,01,19,2002,09,19.099
01.19.2002-12:00:00,01,19,2002,12,19.342
01.19.2002-15:00:00,01,19,2002,15,19.07
01.19.2002-18:00:00,01,19,2002,18,19.314
01.19.2002-21:00:00,01,19,2002,21,19.04
01.20.2002-00:00:00,01,20,2002,00,19.284
01.20.2002-03:00:00,01,20,2002,03,19.01
01.20.2002-06:00:00,01,20,2002,06,19.256
01.20.2002-09:00:00,01,20,2002,09,18.981
01.20.2002-12:00:00,01,20,2002,12,19.226
01.20.2002-15:00:00,01,20,2002,15,18.952
01.20.2002-18:00:00,01,20,2002,18,19.197
01.20.2002-21:00:00,01,20,2002,21,18.922
01.21.2002-00:00:00,01,21,2002,00,19.169
01.21.2002-03:00:00,01,21,2002,03,18.889
01.21.2002-06:00:00,01,21,2002,06,19.142
01.21.2002-09:00:00,01,21,2002,09,18.859
01.21.2002-12:00:00,01,21,2002,12,19.113
01.21.2002-15:00:00,01,21,2002,15,18.827
01.21.2002-18:00:00,01,21,2002,18,19.084
01.21.2002-21:00:00,01,21,2002,21,18.8
01.22.2002-00:00:00,01,22,2002,00,19.057
01.22.2002-03:00:00,01,22,2002,03,18.771
01.22.2002-06:00:00,01,22,2002,06,19.022
01.22.2002-09:00:00,01,22,2002,09,18.745
01.22.2002-12:00:00,01,22,2002,12,18.991
01.22.2002-15:00:00,01,22,2002,15,18.713
01.22.2002-18:00:00,01,22,2002,18,18.961
01.22.2002-21:00:00,01,22,2002,21,18.683
01.23.2002-00:00:00,01,23,2002,00,18.938
01.23.2002-03:00:00,01,23,2002,03,18.655
01.23.2002-06:00:00,01,23,2002,06,18.907
01.23.2002-09:00:00,01,23,2002,09,18.625
01.23.2002-12:00:00,01,23,2002,12,18.876
01.23.2002-15:00:00,01,23,2002,15,18.597
01.23.2002-18:00:00,01,23,2002,18,18.848
01.23.2002-21:00:00,01,23,2002,21,18.568
01.24.2002-00:00:00,01,24,2002,00,18.818
01.24.2002-03:00:00,01,24,2002,03,18.538
01.24.2002-06:00:00,01,24,2002,06,18.791
01.24.2002-09:00:00,01,24,2002,09,18.51
01.24.2002-12:00:00,01,24,2002,12,18.76
01.24.2002-15:00:00,01,24,2002,15,18.48
01.24.2002-18:00:00,01,24,2002,18,18.734
01.24.2002-21:00:00,01,24,2002,21,18.453
01.25.2002-00:00:00,01,25,2002,00,18.705
01.25.2002-03:00:00,01,25,2002,03,18.424
01.25.2002-06:00:00,01,25,2002,06,18.676
01.25.2002-09:00:00,01,25,2002,09,18.394
01.25.2002-12:00:00,01,25,2002,12,18.648
01.25.2002-15:00:00,01,25,2002,15,18.366
01.25.2002-18:00:00,01,25,2002,18,18.619
01.25.2002-21:00:00,01,25,2002,21,18.338
01.26.2002-00:00:00,01,26,2002,00,18.592
01.26.2002-03:00:00,01,26,2002,03,18.31
01.26.2002-06:00:00,01,26,2002,06,18.564
01.26.2002-09:00:00,01,26,2002,09,18.282
01.26.2002-12:00:00,01,26,2002,12,18.536
01.26.2002-15:00:00,01,26,2002,15,18.253
01.26.2002-18:00:00,01,26,2002,18,18.509
01.26.2002-21:00:00,01,26,2002,21,18.225
01.27.2002-00:00:00,01,27,2002,00,18.481
01.27.2002-03:00:00,01,27,2002,03,18.198
01.27.2002-06:00:00,01,27,2002,06,18.454
01.27.2002-09:00:00,01,27,2002,09,18.16
01.27.2002-12:00:00,01,27,2002,12,18.425
01.27.2002-15:00:00,01,27,2002,15,18.131
01.27.2002-18:00:00,01,27,2002,18,18.387
01.27.2002-21:00:00,01,27,2002,21,18.103
01.28.2002-00:00:00,01,28,2002,00,18.36
01.28.2002-03:00:00,01,28,2002,03,18.077
01.28.2002-06:00:00,01,28,2002,06,18.335
01.28.2002-09:00:00,01,28,2002,09,18.049
01.28.2002-12:00:00,01,28,2002,12,18.307
01.28.2002-15:00:00,01,28,2002,15,18.022
01.28.2002-18:00:00,01,28,2002,18,18.281
01.28.2002-21:00:00,01,28,2002,21,17.996
01.29.2002-00:00:00,01,29,2002,00,18.255
01.29.2002-03:00:00,01,29,2002,03,17.968
01.29.2002-06:00:00,01,29,2002,06,18.227
01.29.2002-09:00:00,01,29,2002,09,17.941
01.29.2002-12:00:00,01,29,2002,12,18.201
01.29.2002-15:00:00,01,29,2002,15,17.915
01.29.2002-18:00:00,01,29,2002,18,18.174
01.29.2002-21:00:00,01,29,2002,21,17.887
01.30.2002-00:00:00,01,30,2002,00,18.147
01.30.2002-03:00:00,01,30,2002,03,17.861
01.30.2002-06:00:00,01,30,2002,06,18.121
01.30.2002-09:00:00,01,30,2002,09,17.834
01.30.2002-12:00:00,01,30,2002,12,18.094
01.30.2002-15:00:00,01,30,2002,15,17.807
01.30.2002-18:00:00,01,30,2002,18,18.069
01.30.2002-21:00:00,01,30,2002,21,17.781
01.31.2002-00:00:00,01,31,2002,00,18.043
01.31.2002-03:00:00,01,31,2002,03,17.755
01.31.2002-06:00:00,01,31,2002,06,18.017
01.31.2002-09:00:00,01,31,2002,09,17.729
01.31.2002-12:00:00,01,31,2002,12,17.99
01.31.2002-15:00:00,01,31,2002,15,17.703
01.31.2002-18:00:00,01,31,2002,18,17.965
01.31.2002-21:00:00,01,31,2002,21,17.675
02.01.2002-00:00:00,02,01,2002,00,17.938
02.01.2002-03:00:00,02,01,2002,03,17.65
02.01.2002-06:00:00,02,01,2002,06,17.913
02.01.2002-09:00:00,02,01,2002,09,17.625
02.01.2002-12:00:00,02,01,2002,12,17.888
02.01.2002-15:00:00,02,01,2002,15,17.598
02.01.2002-18:00:00,02,01,2002,18,17.861
02.01.2002-21:00:00,02,01,2002,21,17.57
02.02.2002-00:00:00,02,02,2002,00,17.835
02.02.2002-03:00:00,02,02,2002,03,17.545
02.02.2002-06:00:00,02,02,2002,06,17.81
02.02.2002-09:00:00,02,02,2002,09,17.519
02.02.2002-12:00:00,02,02,2002,12,17.785
02.02.2002-15:00:00,02,02,2002,15,17.494
02.02.2002-18:00:00,02,02,2002,18,17.758
02.02.2002-21:00:00,02,02,2002,21,17.468
02.03.2002-00:00:00,02,03,2002,00,17.732
02.03.2002-03:00:00,02,03,2002,03,17.44
02.03.2002-06:00:00,02,03,2002,06,17.707
02.03.2002-09:00:00,02,03,2002,09,17.415
02.03.2002-12:00:00,02,03,2002,12,17.682
02.03.2002-15:00:00,02,03,2002,15,17.39
02.03.2002-18:00:00,02,03,2002,18,17.656
02.03.2002-21:00:00,02,03,2002,21,17.364
02.04.2002-00:00:00,02,04,2002,00,17.631
02.04.2002-03:00:00,02,04,2002,03,17.338
02.04.2002-06:00:00,02,04,2002,06,17.605
02.04.2002-09:00:00,02,04,2002,09,17.313
02.04.2002-12:00:00,02,04,2002,12,17.581
02.04.2002-15:00:00,02,04,2002,15,17.287
02.04.2002-18:00:00,02,04,2002,18,17.555
02.04.2002-21:00:00,02,04,2002,21,17.261
02.05.2002-00:00:00,02,05,2002,00,17.529
02.05.2002-03:00:00,02,05,2002,03,17.235
02.05.2002-06:00:00,02,05,2002,06,17.505
02.05.2002-09:00:00,02,05,2002,09,17.211
02.05.2002-12:00:00,02,05,2002,12,17.48
02.05.2002-15:00:00,02,05,2002,15,17.186
02.05.2002-18:00:00,02,05,2002,18,17.455
02.05.2002-21:00:00,02,05,2002,21,17.161
02.06.2002-00:00:00,02,06,2002,00,17.43
02.06.2002-03:00:00,02,06,2002,03,17.135
02.06.2002-06:00:00,02,06,2002,06,17.405
02.06.2002-09:00:00,02,06,2002,09,17.11
02.06.2002-12:00:00,02,06,2002,12,17.38
02.06.2002-15:00:00,02,06,2002,15,17.085
02.06.2002-18:00:00,02,06,2002,18,17.355
02.06.2002-21:00:00,02,06,2002,21,17.06
02.07.2002-00:00:00,02,07,2002,00,17.33
02.07.2002-03:00:00,02,07,2002,03,17.034
02.07.2002-06:00:00,02,07,2002,06,17.305
02.07.2002-09:00:00,02,07,2002,09,17.009
02.07.2002-12:00:00,02,07,2002,12,17.281
02.07.2002-15:00:00,02,07,2002,15,16.985
02.07.2002-18:00:00,02,07,2002,18,17.257
02.07.2002-21:00:00,02,07,2002,21,16.96
02.08.2002-00:00:00,02,08,2002,00,17.232
02.08.2002-03:00:00,02,08,2002,03,16.935
02.08.2002-06:00:00,02,08,2002,06,17.208
02.08.2002-09:00:00,02,08,2002,09,16.91
02.08.2002-12:00:00,02,08,2002,12,17.182
02.08.2002-15:00:00,02,08,2002,15,16.885
02.08.2002-18:00:00,02,08,2002,18,17.159
02.08.2002-21:00:00,02,08,2002,21,16.861
02.09.2002-00:00:00,02,09,2002,00,17.134
02.09.2002-03:00:00,02,09,2002,03,16.837
02.09.2002-06:00:00,02,09,2002,06,17.11
02.09.2002-09:00:00,02,09,2002,09,16.811
02.09.2002-12:00:00,02,09,2002,12,17.085
02.09.2002-15:00:00,02,09,2002,15,16.786
02.09.2002-18:00:00,02,09,2002,18,17.061
02.09.2002-21:00:00,02,09,2002,21,16.762
02.10.2002-00:00:00,02,10,2002,00,17.037
02.10.2002-03:00:00,02,10,2002,03,16.737
02.10.2002-06:00:00,02,10,2002,06,17.013
02.10.2002-09:00:00,02,10,2002,09,16.713
02.10.2002-12:00:00,02,10,2002,12,16.989
02.10.2002-15:00:00,02,10,2002,15,16.689
02.10.2002-18:00:00,02,10,2002,18,16.965
02.10.2002-21:00:00,02,10,2002,21,16.665
02.11.2002-00:00:00,02,11,2002,00,16.941
02.11.2002-03:00:00,02,11,2002,03,16.641
02.11.2002-06:00:00,02,11,2002,06,16.917
02.11.2002-09:00:00,02,11,2002,09,16.617
02.11.2002-12:00:00,02,11,2002,12,16.895
02.11.2002-15:00:00,02,11,2002,15,16.593
02.11.2002-18:00:00,02,11,2002,18,16.87
02.11.2002-21:00:00,02,11,2002,21,16.569
02.12.2002-00:00:00,02,12,2002,00,16.846
02.12.2002-03:00:00,02,12,2002,03,16.545
02.12.2002-06:00:00,02,12,2002,06,16.823
02.12.2002-09:00:00,02,12,2002,09,16.521
02.12.2002-12:00:00,02,12,2002,12,16.798
02.12.2002-15:00:00,02,12,2002,15,16.497
02.12.2002-18:00:00,02,12,2002,18,16.775
02.12.2002-21:00:00,02,12,2002,21,16.473
02.13.2002-00:00:00,02,13,2002,00,16.752
02.13.2002-03:00:00,02,13,2002,03,16.449
02.13.2002-06:00:00,02,13,2002,06,16.728
02.13.2002-09:00:00,02,13,2002,09,16.426
02.13.2002-12:00:00,02,13,2002,12,16.705
02.13.2002-15:00:00,02,13,2002,15,16.402
02.13.2002-18:00:00,02,13,2002,18,16.681
02.13.2002-21:00:00,02,13,2002,21,16.378
02.14.2002-00:00:00,02,14,2002,00,16.659
02.14.2002-03:00:00,02,14,2002,03,16.356
02.14.2002-06:00:00,02,14,2002,06,16.636
02.14.2002-09:00:00,02,14,2002,09,16.331
02.14.2002-12:00:00,02,14,2002,12,16.61
02.14.2002-15:00:00,02,14,2002,15,16.306
02.14.2002-18:00:00,02,14,2002,18,16.587
02.14.2002-21:00:00,02,14,2002,21,16.283
02.15.2002-00:00:00,02,15,2002,00,16.565
02.15.2002-03:00:00,02,15,2002,03,16.26
02.15.2002-06:00:00,02,15,2002,06,16.541
02.15.2002-09:00:00,02,15,2002,09,16.236
02.15.2002-12:00:00,02,15,2002,12,16.516
02.15.2002-15:00:00,02,15,2002,15,16.211
02.15.2002-18:00:00,02,15,2002,18,16.493
02.15.2002-21:00:00,02,15,2002,21,16.188
02.16.2002-00:00:00,02,16,2002,00,16.47
02.16.2002-03:00:00,02,16,2002,03,16.164
02.16.2002-06:00:00,02,16,2002,06,16.448
02.16.2002-09:00:00,02,16,2002,09,16.142
02.16.2002-12:00:00,02,16,2002,12,16.424
02.16.2002-15:00:00,02,16,2002,15,16.118
02.16.2002-18:00:00,02,16,2002,18,16.402
02.16.2002-21:00:00,02,16,2002,21,16.096
02.17.2002-00:00:00,02,17,2002,00,16.379
02.17.2002-03:00:00,02,17,2002,03,16.072
02.17.2002-06:00:00,02,17,2002,06,16.356
02.17.2002-09:00:00,02,17,2002,09,16.048
02.17.2002-12:00:00,02,17,2002,12,16.331
02.17.2002-15:00:00,02,17,2002,15,16.025
02.17.2002-18:00:00,02,17,2002,18,16.31
02.17.2002-21:00:00,02,17,2002,21,16.002
02.18.2002-00:00:00,02,18,2002,00,16.287
02.18.2002-03:00:00,02,18,2002,03,15.979
02.18.2002-06:00:00,02,18,2002,06,16.264
02.18.2002-09:00:00,02,18,2002,09,15.955
02.18.2002-12:00:00,02,18,2002,12,16.241
02.18.2002-15:00:00,02,18,2002,15,15.932
02.18.2002-18:00:00,02,18,2002,18,16.218
02.18.2002-21:00:00,02,18,2002,21,15.909
02.19.2002-00:00:00,02,19,2002,00,16.195
02.19.2002-03:00:00,02,19,2002,03,15.887
02.19.2002-06:00:00,02,19,2002,06,16.174
02.19.2002-09:00:00,02,19,2002,09,15.864
02.19.2002-12:00:00,02,19,2002,12,16.149
02.19.2002-15:00:00,02,19,2002,15,15.839
02.19.2002-18:00:00,02,19,2002,18,16.048
02.19.2002-21:00:00,02,19,2002,21,15.968
02.20.2002-00:00:00,02,20,2002,00,15.939
02.20.2002-03:00:00,02,20,2002,03,15.952
02.20.2002-06:00:00,02,20,2002,06,15.921
02.20.2002-09:00:00,02,20,2002,09,15.929
02.20.2002-12:00:00,02,20,2002,12,15.896
02.20.2002-15:00:00,02,20,2002,15,15.905
02.20.2002-18:00:00,02,20,2002,18,15.874
02.20.2002-21:00:00,02,20,2002,21,15.884
02.21.2002-00:00:00,02,21,2002,00,15.851
02.21.2002-03:00:00,02,21,2002,03,15.862
02.21.2002-06:00:00,02,21,2002,06,15.829
02.21.2002-09:00:00,02,21,2002,09,15.839
02.21.2002-12:00:00,02,21,2002,12,15.804
02.21.2002-15:00:00,02,21,2002,15,15.815
02.21.2002-18:00:00,02,21,2002,18,15.782
02.21.2002-21:00:00,02,21,2002,21,15.794
02.22.2002-00:00:00,02,22,2002,00,15.761
02.22.2002-03:00:00,02,22,2002,03,15.773
02.22.2002-06:00:00,02,22,2002,06,15.739
02.22.2002-09:00:00,02,22,2002,09,15.749
02.22.2002-12:00:00,02,22,2002,12,15.713
02.22.2002-15:00:00,02,22,2002,15,15.725
02.22.2002-18:00:00,02,22,2002,18,15.692
02.22.2002-21:00:00,02,22,2002,21,15.703
02.23.2002-00:00:00,02,23,2002,00,15.656
02.23.2002-03:00:00,02,23,2002,03,15.68
02.23.2002-06:00:00,02,23,2002,06,15.646
02.23.2002-09:00:00,02,23,2002,09,15.656
02.23.2002-12:00:00,02,23,2002,12,15.621
02.23.2002-15:00:00,02,23,2002,15,15.633
02.23.2002-18:00:00,02,23,2002,18,15.599
02.23.2002-21:00:00,02,23,2002,21,15.604
02.24.2002-00:00:00,02,24,2002,00,15.56
02.24.2002-03:00:00,02,24,2002,03,15.589
02.24.2002-06:00:00,02,24,2002,06,15.552
02.24.2002-09:00:00,02,24,2002,09,15.567
02.24.2002-12:00:00,02,24,2002,12,15.53
02.24.2002-15:00:00,02,24,2002,15,15.546
02.24.2002-18:00:00,02,24,2002,18,15.509
02.24.2002-21:00:00,02,24,2002,21,15.523
02.25.2002-00:00:00,02,25,2002,00,15.487
02.25.2002-03:00:00,02,25,2002,03,15.501
02.25.2002-06:00:00,02,25,2002,06,15.464
02.25.2002-09:00:00,02,25,2002,09,15.479
02.25.2002-12:00:00,02,25,2002,12,15.443
02.25.2002-15:00:00,02,25,2002,15,15.458
02.25.2002-18:00:00,02,25,2002,18,15.422
02.25.2002-21:00:00,02,25,2002,21,15.437
02.26.2002-00:00:00,02,26,2002,00,15.4
02.26.2002-03:00:00,02,26,2002,03,15.416
02.26.2002-06:00:00,02,26,2002,06,15.378
02.26.2002-09:00:00,02,26,2002,09,15.394
02.26.2002-12:00:00,02,26,2002,12,15.357
02.26.2002-15:00:00,02,26,2002,15,15.373
02.26.2002-18:00:00,02,26,2002,18,15.335
02.26.2002-21:00:00,02,26,2002,21,15.353
02.27.2002-00:00:00,02,27,2002,00,15.249
02.27.2002-03:00:00,02,27,2002,03,15.459
02.27.2002-06:00:00,02,27,2002,06,15.178
02.27.2002-09:00:00,02,27,2002,09,15.295
02.27.2002-12:00:00,02,27,2002,12,15.405
02.27.2002-15:00:00,02,27,2002,15,15.146
02.27.2002-18:00:00,02,27,2002,18,15.266
02.27.2002-21:00:00,02,27,2002,21,15.39
02.28.2002-00:00:00,02,28,2002,00,15.115
02.28.2002-03:00:00,02,28,2002,03,15.236
02.28.2002-06:00:00,02,28,2002,06,15.343
02.28.2002-09:00:00,02,28,2002,09,15.084
02.28.2002-12:00:00,02,28,2002,12,15.198
02.28.2002-15:00:00,02,28,2002,15,15.326
02.28.2002-18:00:00,02,28,2002,18,15.052
02.28.2002-21:00:00,02,28,2002,21,15.168
03.01.2002-00:00:00,03,01,2002,00,15.278
03.01.2002-03:00:00,03,01,2002,03,15.022
03.01.2002-06:00:00,03,01,2002,06,15.134
03.01.2002-09:00:00,03,01,2002,09,15.264
03.01.2002-12:00:00,03,01,2002,12,14.99
03.01.2002-15:00:00,03,01,2002,15,15.103
03.01.2002-18:00:00,03,01,2002,18,15.215
03.01.2002-21:00:00,03,01,2002,21,14.96
03.02.2002-00:00:00,03,02,2002,00,15.068
03.02.2002-03:00:00,03,02,2002,03,15.202
03.02.2002-06:00:00,03,02,2002,06,14.931
03.02.2002-09:00:00,03,02,2002,09,15.037
03.02.2002-12:00:00,03,02,2002,12,15.152
03.02.2002-15:00:00,03,02,2002,15,14.898
03.02.2002-18:00:00,03,02,2002,18,15.002
03.02.2002-21:00:00,03,02,2002,21,15.139
03.03.2002-00:00:00,03,03,2002,00,14.868
03.03.2002-03:00:00,03,03,2002,03,14.972
03.03.2002-06:00:00,03,03,2002,06,15.091
03.03.2002-09:00:00,03,03,2002,09,14.837
03.03.2002-12:00:00,03,03,2002,12,14.936
03.03.2002-15:00:00,03,03,2002,15,15.077
03.03.2002-18:00:00,03,03,2002,18,14.807
03.03.2002-21:00:00,03,03,2002,21,14.907
03.04.2002-00:00:00,03,04,2002,00,15.029
03.04.2002-03:00:00,03,04,2002,03,14.778
03.04.2002-06:00:00,03,04,2002,06,14.873
03.04.2002-09:00:00,03,04,2002,09,15.016
03.04.2002-12:00:00,03,04,2002,12,14.746
03.04.2002-15:00:00,03,04,2002,15,14.842
03.04.2002-18:00:00,03,04,2002,18,14.966
03.04.2002-21:00:00,03,04,2002,21,14.716
03.05.2002-00:00:00,03,05,2002,00,14.808
03.05.2002-03:00:00,03,05,2002,03,14.956
03.05.2002-06:00:00,03,05,2002,06,14.688
03.05.2002-09:00:00,03,05,2002,09,14.777
03.05.2002-12:00:00,03,05,2002,12,14.902
03.05.2002-15:00:00,03,05,2002,15,14.652
03.05.2002-18:00:00,03,05,2002,18,14.739
03.05.2002-21:00:00,03,05,2002,21,14.868
03.06.2002-00:00:00,03,06,2002,00,14.622
03.06.2002-03:00:00,03,06,2002,03,14.632
03.06.2002-06:00:00,03,06,2002,06,14.836
03.06.2002-09:00:00,03,06,2002,09,14.591
03.06.2002-12:00:00,03,06,2002,12,14.662
03.06.2002-15:00:00,03,06,2002,15,14.822
03.06.2002-18:00:00,03,06,2002,18,14.558
03.06.2002-21:00:00,03,06,2002,21,14.638
03.07.2002-00:00:00,03,07,2002,00,14.773
03.07.2002-03:00:00,03,07,2002,03,14.526
03.07.2002-06:00:00,03,07,2002,06,14.603
03.07.2002-09:00:00,03,07,2002,09,14.761
03.07.2002-12:00:00,03,07,2002,12,14.497
03.07.2002-15:00:00,03,07,2002,15,14.575
03.07.2002-18:00:00,03,07,2002,18,14.711
03.07.2002-21:00:00,03,07,2002,21,14.467
03.08.2002-00:00:00,03,08,2002,00,14.54
03.08.2002-03:00:00,03,08,2002,03,14.701
03.08.2002-06:00:00,03,08,2002,06,14.439
03.08.2002-09:00:00,03,08,2002,09,14.513
03.08.2002-12:00:00,03,08,2002,12,14.652
03.08.2002-15:00:00,03,08,2002,15,14.408
03.08.2002-18:00:00,03,08,2002,18,14.478
03.08.2002-21:00:00,03,08,2002,21,14.643
03.09.2002-00:00:00,03,09,2002,00,14.381
03.09.2002-03:00:00,03,09,2002,03,14.451
03.09.2002-06:00:00,03,09,2002,06,14.594
03.09.2002-09:00:00,03,09,2002,09,14.352
03.09.2002-12:00:00,03,09,2002,12,14.419
03.09.2002-15:00:00,03,09,2002,15,14.586
03.09.2002-18:00:00,03,09,2002,18,14.325
03.09.2002-21:00:00,03,09,2002,21,14.392
03.10.2002-00:00:00,03,10,2002,00,14.538
03.10.2002-03:00:00,03,10,2002,03,14.296
03.10.2002-06:00:00,03,10,2002,06,14.359
03.10.2002-09:00:00,03,10,2002,09,14.529
03.10.2002-12:00:00,03,10,2002,12,14.269
03.10.2002-15:00:00,03,10,2002,15,14.332
03.10.2002-18:00:00,03,10,2002,18,14.481
03.10.2002-21:00:00,03,10,2002,21,14.24
03.11.2002-00:00:00,03,11,2002,00,14.299
03.11.2002-03:00:00,03,11,2002,03,14.473
03.11.2002-06:00:00,03,11,2002,06,14.214
03.11.2002-09:00:00,03,11,2002,09,14.273
03.11.2002-12:00:00,03,11,2002,12,14.424
03.11.2002-15:00:00,03,11,2002,15,14.186
03.11.2002-18:00:00,03,11,2002,18,14.24
03.11.2002-21:00:00,03,11,2002,21,14.417
03.12.2002-00:00:00,03,12,2002,00,14.159
03.12.2002-03:00:00,03,12,2002,03,14.215
03.12.2002-06:00:00,03,12,2002,06,14.369
03.12.2002-09:00:00,03,12,2002,09,14.131
03.12.2002-12:00:00,03,12,2002,12,14.182
03.12.2002-15:00:00,03,12,2002,15,14.362
03.12.2002-18:00:00,03,12,2002,18,14.104
03.12.2002-21:00:00,03,12,2002,21,14.156
03.13.2002-00:00:00,03,13,2002,00,14.313
03.13.2002-03:00:00,03,13,2002,03,14.076
03.13.2002-06:00:00,03,13,2002,06,14.123
03.13.2002-09:00:00,03,13,2002,09,14.306
03.13.2002-12:00:00,03,13,2002,12,14.049
03.13.2002-15:00:00,03,13,2002,15,14.096
03.13.2002-18:00:00,03,13,2002,18,14.255
03.13.2002-21:00:00,03,13,2002,21,14.02
03.14.2002-00:00:00,03,14,2002,00,14.063
03.14.2002-03:00:00,03,14,2002,03,14.249
03.14.2002-06:00:00,03,14,2002,06,13.994
03.14.2002-09:00:00,03,14,2002,09,14.037
03.14.2002-12:00:00,03,14,2002,12,14.199
03.14.2002-15:00:00,03,14,2002,15,13.964
03.14.2002-18:00:00,03,14,2002,18,14.004
03.14.2002-21:00:00,03,14,2002,21,14.193
03.15.2002-00:00:00,03,15,2002,00,13.938
03.15.2002-03:00:00,03,15,2002,03,13.979
03.15.2002-06:00:00,03,15,2002,06,14.144
03.15.2002-09:00:00,03,15,2002,09,13.909
03.15.2002-12:00:00,03,15,2002,12,13.944
03.15.2002-15:00:00,03,15,2002,15,14.136
03.15.2002-18:00:00,03,15,2002,18,13.883
03.15.2002-21:00:00,03,15,2002,21,13.919
03.16.2002-00:00:00,03,16,2002,00,14.087
03.16.2002-03:00:00,03,16,2002,03,13.856
03.16.2002-06:00:00,03,16,2002,06,13.887
03.16.2002-09:00:00,03,16,2002,09,14.082
03.16.2002-12:00:00,03,16,2002,12,13.828
03.16.2002-15:00:00,03,16,2002,15,13.86
03.16.2002-18:00:00,03,16,2002,18,14.031
03.16.2002-21:00:00,03,16,2002,21,13.8
03.17.2002-00:00:00,03,17,2002,00,13.828
03.17.2002-03:00:00,03,17,2002,03,14.027
03.17.2002-06:00:00,03,17,2002,06,13.775
03.17.2002-09:00:00,03,17,2002,09,13.804
03.17.2002-12:00:00,03,17,2002,12,13.978
03.17.2002-15:00:00,03,17,2002,15,13.748
03.17.2002-18:00:00,03,17,2002,18,13.772
03.17.2002-21:00:00,03,17,2002,21,13.974
03.18.2002-00:00:00,03,18,2002,00,13.723
03.18.2002-03:00:00,03,18,2002,03,13.748
03.18.2002-06:00:00,03,18,2002,06,13.925
03.18.2002-09:00:00,03,18,2002,09,13.696
03.18.2002-12:00:00,03,18,2002,12,13.717
03.18.2002-15:00:00,03,18,2002,15,13.922
03.18.2002-18:00:00,03,18,2002,18,13.672
03.18.2002-21:00:00,03,18,2002,21,13.693
03.19.2002-00:00:00,03,19,2002,00,13.872
03.19.2002-03:00:00,03,19,2002,03,13.645
03.19.2002-06:00:00,03,19,2002,06,13.661
03.19.2002-09:00:00,03,19,2002,09,13.869
03.19.2002-12:00:00,03,19,2002,12,13.62
03.19.2002-15:00:00,03,19,2002,15,13.637
03.19.2002-18:00:00,03,19,2002,18,13.819
03.19.2002-21:00:00,03,19,2002,21,13.593
03.20.2002-00:00:00,03,20,2002,00,13.606
03.20.2002-03:00:00,03,20,2002,03,13.817
03.20.2002-06:00:00,03,20,2002,06,13.569
03.20.2002-09:00:00,03,20,2002,09,13.582
03.20.2002-12:00:00,03,20,2002,12,13.767
03.20.2002-15:00:00,03,20,2002,15,13.542
03.20.2002-18:00:00,03,20,2002,18,13.551
03.20.2002-21:00:00,03,20,2002,21,13.766
03.21.2002-00:00:00,03,21,2002,00,13.518
03.21.2002-03:00:00,03,21,2002,03,13.528
03.21.2002-06:00:00,03,21,2002,06,13.716
03.21.2002-09:00:00,03,21,2002,09,13.492
03.21.2002-12:00:00,03,21,2002,12,13.497
03.21.2002-15:00:00,03,21,2002,15,13.714
03.21.2002-18:00:00,03,21,2002,18,13.468
03.21.2002-21:00:00,03,21,2002,21,13.473
03.22.2002-00:00:00,03,22,2002,00,13.664
03.22.2002-03:00:00,03,22,2002,03,13.442
03.22.2002-06:00:00,03,22,2002,06,13.443
03.22.2002-09:00:00,03,22,2002,09,13.663
03.22.2002-12:00:00,03,22,2002,12,13.418
03.22.2002-15:00:00,03,22,2002,15,13.419
03.22.2002-18:00:00,03,22,2002,18,13.613
03.22.2002-21:00:00,03,22,2002,21,13.392
03.23.2002-00:00:00,03,23,2002,00,13.389
03.23.2002-03:00:00,03,23,2002,03,13.612
03.23.2002-06:00:00,03,23,2002,06,13.368
03.23.2002-09:00:00,03,23,2002,09,13.364
03.23.2002-12:00:00,03,23,2002,12,13.558
03.23.2002-15:00:00,03,23,2002,15,13.338
03.23.2002-18:00:00,03,23,2002,18,13.332
03.23.2002-21:00:00,03,23,2002,21,13.558
03.24.2002-00:00:00,03,24,2002,00,13.314
03.24.2002-03:00:00,03,24,2002,03,13.309
03.24.2002-06:00:00,03,24,2002,06,13.507
03.24.2002-09:00:00,03,24,2002,09,13.286
03.24.2002-12:00:00,03,24,2002,12,13.273
03.24.2002-15:00:00,03,24,2002,15,13.501
03.24.2002-18:00:00,03,24,2002,18,13.258
03.24.2002-21:00:00,03,24,2002,21,13.238
03.25.2002-00:00:00,03,25,2002,00,13.277
03.25.2002-03:00:00,03,25,2002,03,13.33
03.25.2002-06:00:00,03,25,2002,06,13.217
03.25.2002-09:00:00,03,25,2002,09,13.3
03.25.2002-12:00:00,03,25,2002,12,13.31
03.25.2002-15:00:00,03,25,2002,15,13.183
03.25.2002-18:00:00,03,25,2002,18,13.271
03.25.2002-21:00:00,03,25,2002,21,13.27
03.26.2002-00:00:00,03,26,2002,00,13.154
03.26.2002-03:00:00,03,26,2002,03,13.139
03.26.2002-06:00:00,03,26,2002,06,13.13
03.26.2002-09:00:00,03,26,2002,09,13.151
03.26.2002-12:00:00,03,26,2002,12,13.241
03.26.2002-15:00:00,03,26,2002,15,13.157
03.26.2002-18:00:00,03,26,2002,18,13.214
03.26.2002-21:00:00,03,26,2002,21,13.081
03.27.2002-00:00:00,03,27,2002,00,13.065
03.27.2002-03:00:00,03,27,2002,03,13.056
03.27.2002-06:00:00,03,27,2002,06,13.155
03.27.2002-09:00:00,03,27,2002,09,13.038
03.27.2002-12:00:00,03,27,2002,12,13.124
03.27.2002-15:00:00,03,27,2002,15,13.148
03.27.2002-18:00:00,03,27,2002,18,13.007
03.27.2002-21:00:00,03,27,2002,21,13.074
03.28.2002-00:00:00,03,28,2002,00,13.075
03.28.2002-03:00:00,03,28,2002,03,12.974
03.28.2002-06:00:00,03,28,2002,06,12.961
03.28.2002-09:00:00,03,28,2002,09,13.087
03.28.2002-12:00:00,03,28,2002,12,13.062
03.28.2002-15:00:00,03,28,2002,15,12.933
03.28.2002-18:00:00,03,28,2002,18,12.934
03.28.2002-21:00:00,03,28,2002,21,13.15
03.29.2002-00:00:00,03,29,2002,00,12.911
03.29.2002-03:00:00,03,29,2002,03,12.89
03.29.2002-06:00:00,03,29,2002,06,12.917
03.29.2002-09:00:00,03,29,2002,09,13.112
03.29.2002-12:00:00,03,29,2002,12,12.87
03.29.2002-15:00:00,03,29,2002,15,12.85
03.29.2002-18:00:00,03,29,2002,18,12.876
03.29.2002-21:00:00,03,29,2002,21,13.054
03.30.2002-00:00:00,03,30,2002,00,12.834
03.30.2002-03:00:00,03,30,2002,03,12.815
03.30.2002-06:00:00,03,30,2002,06,12.806
03.30.2002-09:00:00,03,30,2002,09,12.925
03.30.2002-12:00:00,03,30,2002,12,12.906
03.30.2002-15:00:00,03,30,2002,15,12.781
03.30.2002-18:00:00,03,30,2002,18,12.772
03.30.2002-21:00:00,03,30,2002,21,12.977
03.31.2002-00:00:00,03,31,2002,00,12.76
03.31.2002-03:00:00,03,31,2002,03,12.741
03.31.2002-06:00:00,03,31,2002,06,12.733
03.31.2002-09:00:00,03,31,2002,09,12.837
03.31.2002-12:00:00,03,31,2002,12,12.829
03.31.2002-15:00:00,03,31,2002,15,12.705
03.31.2002-18:00:00,03,31,2002,18,12.691
03.31.2002-21:00:00,03,31,2002,21,12.795
04.01.2002-00:00:00,04,01,2002,00,12.725
04.01.2002-03:00:00,04,01,2002,03,12.666
04.01.2002-06:00:00,04,01,2002,06,12.655
04.01.2002-09:00:00,04,01,2002,09,12.677
04.01.2002-12:00:00,04,01,2002,12,12.744
04.01.2002-15:00:00,04,01,2002,15,12.626
04.01.2002-18:00:00,04,01,2002,18,12.612
04.01.2002-21:00:00,04,01,2002,21,12.704
04.02.2002-00:00:00,04,02,2002,00,12.644
04.02.2002-03:00:00,04,02,2002,03,12.586
04.02.2002-06:00:00,04,02,2002,06,12.574
04.02.2002-09:00:00,04,02,2002,09,12.615
04.02.2002-12:00:00,04,02,2002,12,12.678
04.02.2002-15:00:00,04,02,2002,15,12.545
04.02.2002-18:00:00,04,02,2002,18,12.531
04.02.2002-21:00:00,04,02,2002,21,12.613
04.03.2002-00:00:00,04,03,2002,00,12.577
04.03.2002-03:00:00,04,03,2002,03,12.505
04.03.2002-06:00:00,04,03,2002,06,12.493
04.03.2002-09:00:00,04,03,2002,09,12.566
04.03.2002-12:00:00,04,03,2002,12,12.596
04.03.2002-15:00:00,04,03,2002,15,12.468
04.03.2002-18:00:00,04,03,2002,18,12.435
04.03.2002-21:00:00,04,03,2002,21,12.548
04.04.2002-00:00:00,04,04,2002,00,12.545
04.04.2002-03:00:00,04,04,2002,03,12.431
04.04.2002-06:00:00,04,04,2002,06,12.4
04.04.2002-09:00:00,04,04,2002,09,12.526
04.04.2002-12:00:00,04,04,2002,12,12.498
04.04.2002-15:00:00,04,04,2002,15,12.391
04.04.2002-18:00:00,04,04,2002,18,12.36
04.04.2002-21:00:00,04,04,2002,21,12.429
04.05.2002-00:00:00,04,05,2002,00,12.421
04.05.2002-03:00:00,04,05,2002,03,12.339
04.05.2002-06:00:00,04,05,2002,06,12.327
04.05.2002-09:00:00,04,05,2002,09,12.403
04.05.2002-12:00:00,04,05,2002,12,12.423
04.05.2002-15:00:00,04,05,2002,15,12.3
04.05.2002-18:00:00,04,05,2002,18,12.286
04.05.2002-21:00:00,04,05,2002,21,12.35
04.06.2002-00:00:00,04,06,2002,00,12.319
04.06.2002-03:00:00,04,06,2002,03,12.262
04.06.2002-06:00:00,04,06,2002,06,12.251
04.06.2002-09:00:00,04,06,2002,09,12.241
04.06.2002-12:00:00,04,06,2002,12,12.23
04.06.2002-15:00:00,04,06,2002,15,12.237
04.06.2002-18:00:00,04,06,2002,18,12.347
04.06.2002-21:00:00,04,06,2002,21,12.209
04.07.2002-00:00:00,04,07,2002,00,12.194
04.07.2002-03:00:00,04,07,2002,03,12.185
04.07.2002-06:00:00,04,07,2002,06,12.176
04.07.2002-09:00:00,04,07,2002,09,12.165
04.07.2002-12:00:00,04,07,2002,12,12.211
04.07.2002-15:00:00,04,07,2002,15,12.258
04.07.2002-18:00:00,04,07,2002,18,12.139
04.07.2002-21:00:00,04,07,2002,21,12.125
04.08.2002-00:00:00,04,08,2002,00,12.116
04.08.2002-03:00:00,04,08,2002,03,12.107
04.08.2002-06:00:00,04,08,2002,06,12.098
04.08.2002-09:00:00,04,08,2002,09,12.087
04.08.2002-12:00:00,04,08,2002,12,12.192
04.08.2002-15:00:00,04,08,2002,15,12.191
04.08.2002-18:00:00,04,08,2002,18,12.062
04.08.2002-21:00:00,04,08,2002,21,12.048
04.09.2002-00:00:00,04,09,2002,00,12.04
04.09.2002-03:00:00,04,09,2002,03,12.031
04.09.2002-06:00:00,04,09,2002,06,12.042
04.09.2002-09:00:00,04,09,2002,09,12.133
04.09.2002-12:00:00,04,09,2002,12,12.011
04.09.2002-15:00:00,04,09,2002,15,12.117
04.09.2002-18:00:00,04,09,2002,18,11.987
04.09.2002-21:00:00,04,09,2002,21,11.973
04.10.2002-00:00:00,04,10,2002,00,11.965
04.10.2002-03:00:00,04,10,2002,03,11.956
04.10.2002-06:00:00,04,10,2002,06,11.948
04.10.2002-09:00:00,04,10,2002,09,11.939
04.10.2002-12:00:00,04,10,2002,12,11.93
04.10.2002-15:00:00,04,10,2002,15,12.015
04.10.2002-18:00:00,04,10,2002,18,12.038
04.10.2002-21:00:00,04,10,2002,21,11.911
04.11.2002-00:00:00,04,11,2002,00,11.897
04.11.2002-03:00:00,04,11,2002,03,11.889
04.11.2002-06:00:00,04,11,2002,06,11.959
04.11.2002-09:00:00,04,11,2002,09,11.99
04.11.2002-12:00:00,04,11,2002,12,11.866
04.11.2002-15:00:00,04,11,2002,15,11.852
04.11.2002-18:00:00,04,11,2002,18,11.845
04.11.2002-21:00:00,04,11,2002,21,11.912
04.12.2002-00:00:00,04,12,2002,00,11.879
04.12.2002-03:00:00,04,12,2002,03,11.824
04.12.2002-06:00:00,04,12,2002,06,11.814
04.12.2002-09:00:00,04,12,2002,09,11.805
04.12.2002-12:00:00,04,12,2002,12,11.828
04.12.2002-15:00:00,04,12,2002,15,11.908
04.12.2002-18:00:00,04,12,2002,18,11.786
04.12.2002-21:00:00,04,12,2002,21,11.773
04.13.2002-00:00:00,04,13,2002,00,11.765
04.13.2002-03:00:00,04,13,2002,03,11.758
04.13.2002-06:00:00,04,13,2002,06,11.75
04.13.2002-09:00:00,04,13,2002,09,11.751
04.13.2002-12:00:00,04,13,2002,12,11.851
04.13.2002-15:00:00,04,13,2002,15,11.731
04.13.2002-18:00:00,04,13,2002,18,11.755
04.13.2002-21:00:00,04,13,2002,21,11.809
04.14.2002-00:00:00,04,14,2002,00,11.707
04.14.2002-03:00:00,04,14,2002,03,11.694
04.14.2002-06:00:00,04,14,2002,06,11.686
04.14.2002-09:00:00,04,14,2002,09,11.678
04.14.2002-12:00:00,04,14,2002,12,11.669
04.14.2002-15:00:00,04,14,2002,15,11.661
04.14.2002-18:00:00,04,14,2002,18,11.654
04.14.2002-21:00:00,04,14,2002,21,11.647
04.15.2002-00:00:00,04,15,2002,00,11.669
04.15.2002-03:00:00,04,15,2002,03,11.679
04.15.2002-06:00:00,04,15,2002,06,11.625
04.15.2002-09:00:00,04,15,2002,09,11.615
04.15.2002-12:00:00,04,15,2002,12,11.607
04.15.2002-15:00:00,04,15,2002,15,11.599
04.15.2002-18:00:00,04,15,2002,18,11.649
04.15.2002-21:00:00,04,15,2002,21,11.7
04.16.2002-00:00:00,04,16,2002,00,11.582
04.16.2002-03:00:00,04,16,2002,03,11.569
04.16.2002-06:00:00,04,16,2002,06,11.561
04.16.2002-09:00:00,04,16,2002,09,11.619
04.16.2002-12:00:00,04,16,2002,12,11.666
04.16.2002-15:00:00,04,16,2002,15,11.544
04.16.2002-18:00:00,04,16,2002,18,11.531
04.16.2002-21:00:00,04,16,2002,21,11.524
04.17.2002-00:00:00,04,17,2002,00,11.537
04.17.2002-03:00:00,04,17,2002,03,11.618
04.17.2002-06:00:00,04,17,2002,06,11.509
04.17.2002-09:00:00,04,17,2002,09,11.497
04.17.2002-12:00:00,04,17,2002,12,11.489
04.17.2002-15:00:00,04,17,2002,15,11.546
04.17.2002-18:00:00,04,17,2002,18,11.589
04.17.2002-21:00:00,04,17,2002,21,11.475
04.18.2002-00:00:00,04,18,2002,00,11.463
04.18.2002-03:00:00,04,18,2002,03,11.457
04.18.2002-06:00:00,04,18,2002,06,11.45
04.18.2002-09:00:00,04,18,2002,09,11.504
04.18.2002-12:00:00,04,18,2002,12,11.551
04.18.2002-15:00:00,04,18,2002,15,11.436
04.18.2002-18:00:00,04,18,2002,18,11.424
04.18.2002-21:00:00,04,18,2002,21,11.418
04.19.2002-00:00:00,04,19,2002,00,11.411
04.19.2002-03:00:00,04,19,2002,03,11.464
04.19.2002-06:00:00,04,19,2002,06,11.513
04.19.2002-09:00:00,04,19,2002,09,11.397
04.19.2002-12:00:00,04,19,2002,12,11.384
04.19.2002-15:00:00,04,19,2002,15,11.377
04.19.2002-18:00:00,04,19,2002,18,11.371
04.19.2002-21:00:00,04,19,2002,21,11.416
04.20.2002-00:00:00,04,20,2002,00,11.407
04.20.2002-03:00:00,04,20,2002,03,11.354
04.20.2002-06:00:00,04,20,2002,06,11.346
04.20.2002-09:00:00,04,20,2002,09,11.338
04.20.2002-12:00:00,04,20,2002,12,11.33
04.20.2002-15:00:00,04,20,2002,15,11.322
04.20.2002-18:00:00,04,20,2002,18,11.316
04.20.2002-21:00:00,04,20,2002,21,11.309
04.21.2002-00:00:00,04,21,2002,00,11.302
04.21.2002-03:00:00,04,21,2002,03,11.295
04.21.2002-06:00:00,04,21,2002,06,11.287
04.21.2002-09:00:00,04,21,2002,09,11.278
04.21.2002-12:00:00,04,21,2002,12,11.27
04.21.2002-15:00:00,04,21,2002,15,11.262
04.21.2002-18:00:00,04,21,2002,18,11.255
04.21.2002-21:00:00,04,21,2002,21,11.248
04.22.2002-00:00:00,04,22,2002,00,11.24
04.22.2002-03:00:00,04,22,2002,03,11.232
04.22.2002-06:00:00,04,22,2002,06,11.224
04.22.2002-09:00:00,04,22,2002,09,11.215
04.22.2002-12:00:00,04,22,2002,12,11.206
04.22.2002-15:00:00,04,22,2002,15,11.198
04.22.2002-18:00:00,04,22,2002,18,11.19
04.22.2002-21:00:00,04,22,2002,21,11.182
04.23.2002-00:00:00,04,23,2002,00,11.174
04.23.2002-03:00:00,04,23,2002,03,11.166
04.23.2002-06:00:00,04,23,2002,06,11.157
04.23.2002-09:00:00,04,23,2002,09,11.148
04.23.2002-12:00:00,04,23,2002,12,11.139
04.23.2002-15:00:00,04,23,2002,15,11.131
04.23.2002-18:00:00,04,23,2002,18,11.123
04.23.2002-21:00:00,04,23,2002,21,11.114
04.24.2002-00:00:00,04,24,2002,00,11.106
04.24.2002-03:00:00,04,24,2002,03,11.097
04.24.2002-06:00:00,04,24,2002,06,11.089
04.24.2002-09:00:00,04,24,2002,09,11.081
04.24.2002-12:00:00,04,24,2002,12,11.072
04.24.2002-15:00:00,04,24,2002,15,11.064
04.24.2002-18:00:00,04,24,2002,18,11.056
04.24.2002-21:00:00,04,24,2002,21,11.049
04.25.2002-00:00:00,04,25,2002,00,11.041
04.25.2002-03:00:00,04,25,2002,03,11.033
04.25.2002-06:00:00,04,25,2002,06,11.026
04.25.2002-09:00:00,04,25,2002,09,11.018
04.25.2002-12:00:00,04,25,2002,12,11.01
04.25.2002-15:00:00,04,25,2002,15,11.002
04.25.2002-18:00:00,04,25,2002,18,10.995
04.25.2002-21:00:00,04,25,2002,21,10.988
04.26.2002-00:00:00,04,26,2002,00,10.981
04.26.2002-03:00:00,04,26,2002,03,10.974
04.26.2002-06:00:00,04,26,2002,06,10.967
04.26.2002-09:00:00,04,26,2002,09,10.959
04.26.2002-12:00:00,04,26,2002,12,10.951
04.26.2002-15:00:00,04,26,2002,15,10.943
04.26.2002-18:00:00,04,26,2002,18,10.937
04.26.2002-21:00:00,04,26,2002,21,10.93
04.27.2002-00:00:00,04,27,2002,00,10.923
04.27.2002-03:00:00,04,27,2002,03,10.916
04.27.2002-06:00:00,04,27,2002,06,10.909
04.27.2002-09:00:00,04,27,2002,09,10.901
04.27.2002-12:00:00,04,27,2002,12,10.893
04.27.2002-15:00:00,04,27,2002,15,10.885
04.27.2002-18:00:00,04,27,2002,18,10.878
04.27.2002-21:00:00,04,27,2002,21,10.872
04.28.2002-00:00:00,04,28,2002,00,10.865
04.28.2002-03:00:00,04,28,2002,03,10.858
04.28.2002-06:00:00,04,28,2002,06,10.85
04.28.2002-09:00:00,04,28,2002,09,10.843
04.28.2002-12:00:00,04,28,2002,12,10.835
04.28.2002-15:00:00,04,28,2002,15,10.827
04.28.2002-18:00:00,04,28,2002,18,10.82
04.28.2002-21:00:00,04,28,2002,21,10.813
04.29.2002-00:00:00,04,29,2002,00,10.806
04.29.2002-03:00:00,04,29,2002,03,10.799
04.29.2002-06:00:00,04,29,2002,06,10.792
04.29.2002-09:00:00,04,29,2002,09,10.784
04.29.2002-12:00:00,04,29,2002,12,10.776
04.29.2002-15:00:00,04,29,2002,15,10.768
04.29.2002-18:00:00,04,29,2002,18,10.761
04.29.2002-21:00:00,04,29,2002,21,10.755
04.30.2002-00:00:00,04,30,2002,00,10.748
04.30.2002-03:00:00,04,30,2002,03,10.742
04.30.2002-06:00:00,04,30,2002,06,10.735
04.30.2002-09:00:00,04,30,2002,09,10.727
04.30.2002-12:00:00,04,30,2002,12,10.718
04.30.2002-15:00:00,04,30,2002,15,10.711
04.30.2002-18:00:00,04,30,2002,18,10.704
04.30.2002-21:00:00,04,30,2002,21,10.697
05.01.2002-00:00:00,05,01,2002,00,10.69
05.01.2002-03:00:00,05,01,2002,03,10.683
05.01.2002-06:00:00,05,01,2002,06,10.676
05.01.2002-09:00:00,05,01,2002,09,10.668
05.01.2002-12:00:00,05,01,2002,12,10.685
05.01.2002-15:00:00,05,01,2002,15,10.701
05.01.2002-18:00:00,05,01,2002,18,10.716
05.01.2002-21:00:00,05,01,2002,21,10.725
05.02.2002-00:00:00,05,02,2002,00,10.726
05.02.2002-03:00:00,05,02,2002,03,10.72
05.02.2002-06:00:00,05,02,2002,06,10.714
05.02.2002-09:00:00,05,02,2002,09,10.745
05.02.2002-12:00:00,05,02,2002,12,10.807
05.02.2002-15:00:00,05,02,2002,15,10.849
05.02.2002-18:00:00,05,02,2002,18,10.875
05.02.2002-21:00:00,05,02,2002,21,10.884
05.03.2002-00:00:00,05,03,2002,00,10.885
05.03.2002-03:00:00,05,03,2002,03,10.878
05.03.2002-06:00:00,05,03,2002,06,10.869
05.03.2002-09:00:00,05,03,2002,09,10.919
05.03.2002-12:00:00,05,03,2002,12,11.056
05.03.2002-15:00:00,05,03,2002,15,11.151
05.03.2002-18:00:00,05,03,2002,18,11.185
05.03.2002-21:00:00,05,03,2002,21,11.193
05.04.2002-00:00:00,05,04,2002,00,11.186
05.04.2002-03:00:00,05,04,2002,03,11.178
05.04.2002-06:00:00,05,04,2002,06,11.169
05.04.2002-09:00:00,05,04,2002,09,11.164
05.04.2002-12:00:00,05,04,2002,12,11.237
05.04.2002-15:00:00,05,04,2002,15,11.304
05.04.2002-18:00:00,05,04,2002,18,11.305
05.04.2002-21:00:00,05,04,2002,21,11.297
05.05.2002-00:00:00,05,05,2002,00,11.288
05.05.2002-03:00:00,05,05,2002,03,11.28
05.05.2002-06:00:00,05,05,2002,06,11.272
05.05.2002-09:00:00,05,05,2002,09,11.26
05.05.2002-12:00:00,05,05,2002,12,11.321
05.05.2002-15:00:00,05,05,2002,15,11.414
05.05.2002-18:00:00,05,05,2002,18,11.42
05.05.2002-21:00:00,05,05,2002,21,11.413
05.06.2002-00:00:00,05,06,2002,00,11.405
05.06.2002-03:00:00,05,06,2002,03,11.398
05.06.2002-06:00:00,05,06,2002,06,11.39
05.06.2002-09:00:00,05,06,2002,09,11.377
05.06.2002-12:00:00,05,06,2002,12,11.384
05.06.2002-15:00:00,05,06,2002,15,11.418
05.06.2002-18:00:00,05,06,2002,18,11.412
05.06.2002-21:00:00,05,06,2002,21,11.406
05.07.2002-00:00:00,05,07,2002,00,11.399
05.07.2002-03:00:00,05,07,2002,03,11.392
05.07.2002-06:00:00,05,07,2002,06,11.385
05.07.2002-09:00:00,05,07,2002,09,11.374
05.07.2002-12:00:00,05,07,2002,12,11.362
05.07.2002-15:00:00,05,07,2002,15,11.353
05.07.2002-18:00:00,05,07,2002,18,11.346
05.07.2002-21:00:00,05,07,2002,21,11.34
05.08.2002-00:00:00,05,08,2002,00,11.334
05.08.2002-03:00:00,05,08,2002,03,11.329
05.08.2002-06:00:00,05,08,2002,06,11.323
05.08.2002-09:00:00,05,08,2002,09,11.31
05.08.2002-12:00:00,05,08,2002,12,11.297
05.08.2002-15:00:00,05,08,2002,15,11.286
05.08.2002-18:00:00,05,08,2002,18,11.281
05.08.2002-21:00:00,05,08,2002,21,11.276
05.09.2002-00:00:00,05,09,2002,00,11.27
05.09.2002-03:00:00,05,09,2002,03,11.265
05.09.2002-06:00:00,05,09,2002,06,11.26
05.09.2002-09:00:00,05,09,2002,09,11.249
05.09.2002-12:00:00,05,09,2002,12,11.236
05.09.2002-15:00:00,05,09,2002,15,11.245
05.09.2002-18:00:00,05,09,2002,18,11.241
05.09.2002-21:00:00,05,09,2002,21,11.236
05.10.2002-00:00:00,05,10,2002,00,11.231
05.10.2002-03:00:00,05,10,2002,03,11.226
05.10.2002-06:00:00,05,10,2002,06,11.22
05.10.2002-09:00:00,05,10,2002,09,11.209
05.10.2002-12:00:00,05,10,2002,12,11.236
05.10.2002-15:00:00,05,10,2002,15,11.282
05.10.2002-18:00:00,05,10,2002,18,11.284
05.10.2002-21:00:00,05,10,2002,21,11.28
05.11.2002-00:00:00,05,11,2002,00,11.275
05.11.2002-03:00:00,05,11,2002,03,11.27
05.11.2002-06:00:00,05,11,2002,06,11.263
05.11.2002-09:00:00,05,11,2002,09,11.247
05.11.2002-12:00:00,05,11,2002,12,11.431
05.11.2002-15:00:00,05,11,2002,15,11.639
05.11.2002-18:00:00,05,11,2002,18,11.697
05.11.2002-21:00:00,05,11,2002,21,11.703
05.12.2002-00:00:00,05,12,2002,00,11.699
05.12.2002-03:00:00,05,12,2002,03,11.694
05.12.2002-06:00:00,05,12,2002,06,11.685
05.12.2002-09:00:00,05,12,2002,09,11.752
05.12.2002-12:00:00,05,12,2002,12,12.114
05.12.2002-15:00:00,05,12,2002,15,18.146
05.12.2002-18:00:00,05,12,2002,18,16.345
05.12.2002-21:00:00,05,12,2002,21,17.156
05.13.2002-00:00:00,05,13,2002,00,14.647
05.13.2002-03:00:00,05,13,2002,03,14.595
05.13.2002-06:00:00,05,13,2002,06,12.807
05.13.2002-09:00:00,05,13,2002,09,27.251
05.13.2002-12:00:00,05,13,2002,12,40.497
05.13.2002-15:00:00,05,13,2002,15,32.945
05.13.2002-18:00:00,05,13,2002,18,24.682
05.13.2002-21:00:00,05,13,2002,21,19.092
05.14.2002-00:00:00,05,14,2002,00,18.111
05.14.2002-03:00:00,05,14,2002,03,16.72
05.14.2002-06:00:00,05,14,2002,06,15.043
05.14.2002-09:00:00,05,14,2002,09,30.217
05.14.2002-12:00:00,05,14,2002,12,76.873
05.14.2002-15:00:00,05,14,2002,15,157.91
05.14.2002-18:00:00,05,14,2002,18,82.77
05.14.2002-21:00:00,05,14,2002,21,59.066
05.15.2002-00:00:00,05,15,2002,00,36.268
05.15.2002-03:00:00,05,15,2002,03,30.061
05.15.2002-06:00:00,05,15,2002,06,30.045
05.15.2002-09:00:00,05,15,2002,09,47.638
05.15.2002-12:00:00,05,15,2002,12,140.62
05.15.2002-15:00:00,05,15,2002,15,118.39
05.15.2002-18:00:00,05,15,2002,18,90.991
05.15.2002-21:00:00,05,15,2002,21,53.805
05.16.2002-00:00:00,05,16,2002,00,40.451
05.16.2002-03:00:00,05,16,2002,03,35.328
05.16.2002-06:00:00,05,16,2002,06,36.065
05.16.2002-09:00:00,05,16,2002,09,38.962
05.16.2002-12:00:00,05,16,2002,12,119.47
05.16.2002-15:00:00,05,16,2002,15,181.62
05.16.2002-18:00:00,05,16,2002,18,173.23
05.16.2002-21:00:00,05,16,2002,21,75.355
05.17.2002-00:00:00,05,17,2002,00,100.02
05.17.2002-03:00:00,05,17,2002,03,74.712
05.17.2002-06:00:00,05,17,2002,06,111.63
05.17.2002-09:00:00,05,17,2002,09,127.24
05.17.2002-12:00:00,05,17,2002,12,348.57
05.17.2002-15:00:00,05,17,2002,15,339.25
05.17.2002-18:00:00,05,17,2002,18,268.38
05.17.2002-21:00:00,05,17,2002,21,131.23
05.18.2002-00:00:00,05,18,2002,00,158.08
05.18.2002-03:00:00,05,18,2002,03,125.05
05.18.2002-06:00:00,05,18,2002,06,168.42
05.18.2002-09:00:00,05,18,2002,09,271.8
05.18.2002-12:00:00,05,18,2002,12,424.51
05.18.2002-15:00:00,05,18,2002,15,364.04
05.18.2002-18:00:00,05,18,2002,18,276.04
05.18.2002-21:00:00,05,18,2002,21,172.87
05.19.2002-00:00:00,05,19,2002,00,190.62
05.19.2002-03:00:00,05,19,2002,03,151.62
05.19.2002-06:00:00,05,19,2002,06,178.87
05.19.2002-09:00:00,05,19,2002,09,303.34
05.19.2002-12:00:00,05,19,2002,12,429.09
05.19.2002-15:00:00,05,19,2002,15,346.12
05.19.2002-18:00:00,05,19,2002,18,253.82
05.19.2002-21:00:00,05,19,2002,21,170.84
05.20.2002-00:00:00,05,20,2002,00,189.86
05.20.2002-03:00:00,05,20,2002,03,151.36
05.20.2002-06:00:00,05,20,2002,06,193.39
05.20.2002-09:00:00,05,20,2002,09,380.74
05.20.2002-12:00:00,05,20,2002,12,552.24
05.20.2002-15:00:00,05,20,2002,15,485
05.20.2002-18:00:00,05,20,2002,18,375.42
05.20.2002-21:00:00,05,20,2002,21,303.95
05.21.2002-00:00:00,05,21,2002,00,297.58
05.21.2002-03:00:00,05,21,2002,03,285.79
05.21.2002-06:00:00,05,21,2002,06,315.02
05.21.2002-09:00:00,05,21,2002,09,422.27
05.21.2002-12:00:00,05,21,2002,12,608.4
05.21.2002-15:00:00,05,21,2002,15,553.92
05.21.2002-18:00:00,05,21,2002,18,416.33
05.21.2002-21:00:00,05,21,2002,21,329.75
05.22.2002-00:00:00,05,22,2002,00,308.48
05.22.2002-03:00:00,05,22,2002,03,246.99
05.22.2002-06:00:00,05,22,2002,06,254.17
05.22.2002-09:00:00,05,22,2002,09,327.29
05.22.2002-12:00:00,05,22,2002,12,528.73
05.22.2002-15:00:00,05,22,2002,15,496.02
05.22.2002-18:00:00,05,22,2002,18,400.75
05.22.2002-21:00:00,05,22,2002,21,333.25
05.23.2002-00:00:00,05,23,2002,00,304.49
05.23.2002-03:00:00,05,23,2002,03,252.46
05.23.2002-06:00:00,05,23,2002,06,242.48
05.23.2002-09:00:00,05,23,2002,09,309.22
05.23.2002-12:00:00,05,23,2002,12,445.35
05.23.2002-15:00:00,05,23,2002,15,431.04
05.23.2002-18:00:00,05,23,2002,18,379.46
05.23.2002-21:00:00,05,23,2002,21,281.66
05.24.2002-00:00:00,05,24,2002,00,264.05
05.24.2002-03:00:00,05,24,2002,03,238.25
05.24.2002-06:00:00,05,24,2002,06,227.57
05.24.2002-09:00:00,05,24,2002,09,301.12
05.24.2002-12:00:00,05,24,2002,12,657.43
05.24.2002-15:00:00,05,24,2002,15,674.43
05.24.2002-18:00:00,05,24,2002,18,566.75
05.24.2002-21:00:00,05,24,2002,21,450.31
05.25.2002-00:00:00,05,25,2002,00,434.88
05.25.2002-03:00:00,05,25,2002,03,401.89
05.25.2002-06:00:00,05,25,2002,06,383.12
05.25.2002-09:00:00,05,25,2002,09,490.93
05.25.2002-12:00:00,05,25,2002,12,876.77
05.25.2002-15:00:00,05,25,2002,15,983.9
05.25.2002-18:00:00,05,25,2002,18,825.27
05.25.2002-21:00:00,05,25,2002,21,698.63
05.26.2002-00:00:00,05,26,2002,00,643.14
05.26.2002-03:00:00,05,26,2002,03,584.7
05.26.2002-06:00:00,05,26,2002,06,588.28
05.26.2002-09:00:00,05,26,2002,09,773.44
05.26.2002-12:00:00,05,26,2002,12,1177
05.26.2002-15:00:00,05,26,2002,15,1187.4
05.26.2002-18:00:00,05,26,2002,18,1026.9
05.26.2002-21:00:00,05,26,2002,21,915.67
05.27.2002-00:00:00,05,27,2002,00,858.44
05.27.2002-03:00:00,05,27,2002,03,810.64
05.27.2002-06:00:00,05,27,2002,06,775.63
05.27.2002-09:00:00,05,27,2002,09,931.29
05.27.2002-12:00:00,05,27,2002,12,1318.4
05.27.2002-15:00:00,05,27,2002,15,1312.7
05.27.2002-18:00:00,05,27,2002,18,1075
05.27.2002-21:00:00,05,27,2002,21,900.06
05.28.2002-00:00:00,05,28,2002,00,805.16
05.28.2002-03:00:00,05,28,2002,03,742.98
05.28.2002-06:00:00,05,28,2002,06,703.99
05.28.2002-09:00:00,05,28,2002,09,980.06
05.28.2002-12:00:00,05,28,2002,12,1381.5
05.28.2002-15:00:00,05,28,2002,15,1498.6
05.28.2002-18:00:00,05,28,2002,18,1260.3
05.28.2002-21:00:00,05,28,2002,21,1108.4
05.29.2002-00:00:00,05,29,2002,00,1035
05.29.2002-03:00:00,05,29,2002,03,995.57
05.29.2002-06:00:00,05,29,2002,06,1046.7
05.29.2002-09:00:00,05,29,2002,09,1537.6
05.29.2002-12:00:00,05,29,2002,12,1806.9
05.29.2002-15:00:00,05,29,2002,15,1818.4
05.29.2002-18:00:00,05,29,2002,18,1637.7
05.29.2002-21:00:00,05,29,2002,21,1376.9
05.30.2002-00:00:00,05,30,2002,00,1426
05.30.2002-03:00:00,05,30,2002,03,1286.7
05.30.2002-06:00:00,05,30,2002,06,1356.9
05.30.2002-09:00:00,05,30,2002,09,1877.4
05.30.2002-12:00:00,05,30,2002,12,2572.1
05.30.2002-15:00:00,05,30,2002,15,2481
05.30.2002-18:00:00,05,30,2002,18,2122
05.30.2002-21:00:00,05,30,2002,21,1855.9
05.31.2002-00:00:00,05,31,2002,00,1817.5
05.31.2002-03:00:00,05,31,2002,03,1790.6
05.31.2002-06:00:00,05,31,2002,06,1699.1
05.31.2002-09:00:00,05,31,2002,09,2033.8
05.31.2002-12:00:00,05,31,2002,12,3117.4
05.31.2002-15:00:00,05,31,2002,15,2987.3
05.31.2002-18:00:00,05,31,2002,18,2640.5
05.31.2002-21:00:00,05,31,2002,21,2378.1
06.01.2002-00:00:00,06,01,2002,00,2090.8
06.01.2002-03:00:00,06,01,2002,03,2044.2
06.01.2002-06:00:00,06,01,2002,06,1954.1
06.01.2002-09:00:00,06,01,2002,09,2553
06.01.2002-12:00:00,06,01,2002,12,3345.9
06.01.2002-15:00:00,06,01,2002,15,3251
06.01.2002-18:00:00,06,01,2002,18,2773.5
06.01.2002-21:00:00,06,01,2002,21,2509.1
06.02.2002-00:00:00,06,02,2002,00,2347.4
06.02.2002-03:00:00,06,02,2002,03,2329.1
06.02.2002-06:00:00,06,02,2002,06,2097.7
06.02.2002-09:00:00,06,02,2002,09,3222.6
06.02.2002-12:00:00,06,02,2002,12,3988.4
06.02.2002-15:00:00,06,02,2002,15,3927.3
06.02.2002-18:00:00,06,02,2002,18,3388.3
06.02.2002-21:00:00,06,02,2002,21,3045.7
06.03.2002-00:00:00,06,03,2002,00,2863.3
06.03.2002-03:00:00,06,03,2002,03,2868.9
06.03.2002-06:00:00,06,03,2002,06,2665.1
06.03.2002-09:00:00,06,03,2002,09,3945.5
06.03.2002-12:00:00,06,03,2002,12,4548.9
06.03.2002-15:00:00,06,03,2002,15,4809.3
06.03.2002-18:00:00,06,03,2002,18,4154.9
06.03.2002-21:00:00,06,03,2002,21,3697.9
06.04.2002-00:00:00,06,04,2002,00,3404.7
06.04.2002-03:00:00,06,04,2002,03,3199
06.04.2002-06:00:00,06,04,2002,06,3092.2
06.04.2002-09:00:00,06,04,2002,09,4073.8
06.04.2002-12:00:00,06,04,2002,12,5005.7
06.04.2002-15:00:00,06,04,2002,15,4995.9
06.04.2002-18:00:00,06,04,2002,18,4391.6
06.04.2002-21:00:00,06,04,2002,21,3881.3
06.05.2002-00:00:00,06,05,2002,00,3506.2
06.05.2002-03:00:00,06,05,2002,03,3345.6
06.05.2002-06:00:00,06,05,2002,06,3144.7
06.05.2002-09:00:00,06,05,2002,09,4388.9
06.05.2002-12:00:00,06,05,2002,12,5001.7
06.05.2002-15:00:00,06,05,2002,15,5302.8
06.05.2002-18:00:00,06,05,2002,18,4566.3
06.05.2002-21:00:00,06,05,2002,21,4176.2
06.06.2002-00:00:00,06,06,2002,00,3805.8
06.06.2002-03:00:00,06,06,2002,03,3458.5
06.06.2002-06:00:00,06,06,2002,06,3560.5
06.06.2002-09:00:00,06,06,2002,09,4401.9
06.06.2002-12:00:00,06,06,2002,12,5299
06.06.2002-15:00:00,06,06,2002,15,5348.1
06.06.2002-18:00:00,06,06,2002,18,4742.8
06.06.2002-21:00:00,06,06,2002,21,4249.9
06.07.2002-00:00:00,06,07,2002,00,3885.4
06.07.2002-03:00:00,06,07,2002,03,3513.7
06.07.2002-06:00:00,06,07,2002,06,3353.1
06.07.2002-09:00:00,06,07,2002,09,3277.2
06.07.2002-12:00:00,06,07,2002,12,4345.7
06.07.2002-15:00:00,06,07,2002,15,4152.4
06.07.2002-18:00:00,06,07,2002,18,3562.3
06.07.2002-21:00:00,06,07,2002,21,3136.7
06.08.2002-00:00:00,06,08,2002,00,2692.4
06.08.2002-03:00:00,06,08,2002,03,2521.5
06.08.2002-06:00:00,06,08,2002,06,2358.9
06.08.2002-09:00:00,06,08,2002,09,2140.8
06.08.2002-12:00:00,06,08,2002,12,2076.5
06.08.2002-15:00:00,06,08,2002,15,2038.2
06.08.2002-18:00:00,06,08,2002,18,1979.8
06.08.2002-21:00:00,06,08,2002,21,1827.1
06.09.2002-00:00:00,06,09,2002,00,1759.7
06.09.2002-03:00:00,06,09,2002,03,1664.4
06.09.2002-06:00:00,06,09,2002,06,1633
06.09.2002-09:00:00,06,09,2002,09,1545.5
06.09.2002-12:00:00,06,09,2002,12,1521.8
06.09.2002-15:00:00,06,09,2002,15,1543.7
06.09.2002-18:00:00,06,09,2002,18,1497
06.09.2002-21:00:00,06,09,2002,21,1480.2
06.10.2002-00:00:00,06,10,2002,00,1451
06.10.2002-03:00:00,06,10,2002,03,1432.6
06.10.2002-06:00:00,06,10,2002,06,1410.7
06.10.2002-09:00:00,06,10,2002,09,1489.7
06.10.2002-12:00:00,06,10,2002,12,1651.7
06.10.2002-15:00:00,06,10,2002,15,1936.2
06.10.2002-18:00:00,06,10,2002,18,1605.6
06.10.2002-21:00:00,06,10,2002,21,1468.5
06.11.2002-00:00:00,06,11,2002,00,1420.5
06.11.2002-03:00:00,06,11,2002,03,1365.8
06.11.2002-06:00:00,06,11,2002,06,1361.6
06.11.2002-09:00:00,06,11,2002,09,2448.2
06.11.2002-12:00:00,06,11,2002,12,3332.8
06.11.2002-15:00:00,06,11,2002,15,3311.2
06.11.2002-18:00:00,06,11,2002,18,2741.2
06.11.2002-21:00:00,06,11,2002,21,2482.4
06.12.2002-00:00:00,06,12,2002,00,2453.3
06.12.2002-03:00:00,06,12,2002,03,2337.8
06.12.2002-06:00:00,06,12,2002,06,2397.8
06.12.2002-09:00:00,06,12,2002,09,3621.7
06.12.2002-12:00:00,06,12,2002,12,4450.1
06.12.2002-15:00:00,06,12,2002,15,4567.1
06.12.2002-18:00:00,06,12,2002,18,4017.2
06.12.2002-21:00:00,06,12,2002,21,3520
06.13.2002-00:00:00,06,13,2002,00,3216.9
06.13.2002-03:00:00,06,13,2002,03,2985.3
06.13.2002-06:00:00,06,13,2002,06,3117.7
06.13.2002-09:00:00,06,13,2002,09,4299
06.13.2002-12:00:00,06,13,2002,12,5416.1
06.13.2002-15:00:00,06,13,2002,15,5636.3
06.13.2002-18:00:00,06,13,2002,18,5003.9
06.13.2002-21:00:00,06,13,2002,21,4611.1
06.14.2002-00:00:00,06,14,2002,00,3977.1
06.14.2002-03:00:00,06,14,2002,03,3912.5
06.14.2002-06:00:00,06,14,2002,06,3954.5
06.14.2002-09:00:00,06,14,2002,09,5252.1
06.14.2002-12:00:00,06,14,2002,12,6170.8
06.14.2002-15:00:00,06,14,2002,15,6393.6
06.14.2002-18:00:00,06,14,2002,18,5808
06.14.2002-21:00:00,06,14,2002,21,5335.9
06.15.2002-00:00:00,06,15,2002,00,4839.9
06.15.2002-03:00:00,06,15,2002,03,4428.1
06.15.2002-06:00:00,06,15,2002,06,4623.6
06.15.2002-09:00:00,06,15,2002,09,5947.6
06.15.2002-12:00:00,06,15,2002,12,6675.9
06.15.2002-15:00:00,06,15,2002,15,7152
06.15.2002-18:00:00,06,15,2002,18,6492.5
06.15.2002-21:00:00,06,15,2002,21,6043
06.16.2002-00:00:00,06,16,2002,00,5345.6
06.16.2002-03:00:00,06,16,2002,03,5073.6
06.16.2002-06:00:00,06,16,2002,06,5256.6
06.16.2002-09:00:00,06,16,2002,09,6575.2
06.16.2002-12:00:00,06,16,2002,12,7273.6
06.16.2002-15:00:00,06,16,2002,15,7898
06.16.2002-18:00:00,06,16,2002,18,7208.6
06.16.2002-21:00:00,06,16,2002,21,6638.4
06.17.2002-00:00:00,06,17,2002,00,5811.3
06.17.2002-03:00:00,06,17,2002,03,5531.9
06.17.2002-06:00:00,06,17,2002,06,5453.8
06.17.2002-09:00:00,06,17,2002,09,6597.7
06.17.2002-12:00:00,06,17,2002,12,7101.9
06.17.2002-15:00:00,06,17,2002,15,7351.2
06.17.2002-18:00:00,06,17,2002,18,6512.8
06.17.2002-21:00:00,06,17,2002,21,5897.7
06.18.2002-00:00:00,06,18,2002,00,5315.1
06.18.2002-03:00:00,06,18,2002,03,5067
06.18.2002-06:00:00,06,18,2002,06,4807.6
06.18.2002-09:00:00,06,18,2002,09,5639.3
06.18.2002-12:00:00,06,18,2002,12,5670.2
06.18.2002-15:00:00,06,18,2002,15,5779
06.18.2002-18:00:00,06,18,2002,18,5151.1
06.18.2002-21:00:00,06,18,2002,21,4653.1
06.19.2002-00:00:00,06,19,2002,00,4243.4
06.19.2002-03:00:00,06,19,2002,03,3972.2
06.19.2002-06:00:00,06,19,2002,06,3607.7
06.19.2002-09:00:00,06,19,2002,09,4155.5
06.19.2002-12:00:00,06,19,2002,12,4302.7
06.19.2002-15:00:00,06,19,2002,15,4137.1
06.19.2002-18:00:00,06,19,2002,18,3562.4
06.19.2002-21:00:00,06,19,2002,21,3375.8
06.20.2002-00:00:00,06,20,2002,00,3187.8
06.20.2002-03:00:00,06,20,2002,03,2932.3
06.20.2002-06:00:00,06,20,2002,06,2767.7
06.20.2002-09:00:00,06,20,2002,09,3050
06.20.2002-12:00:00,06,20,2002,12,3637.3
06.20.2002-15:00:00,06,20,2002,15,3611.8
06.20.2002-18:00:00,06,20,2002,18,3113.3
06.20.2002-21:00:00,06,20,2002,21,3017.6
06.21.2002-00:00:00,06,21,2002,00,2880.8
06.21.2002-03:00:00,06,21,2002,03,2795.7
06.21.2002-06:00:00,06,21,2002,06,2523.9
06.21.2002-09:00:00,06,21,2002,09,3088.6
06.21.2002-12:00:00,06,21,2002,12,3455
06.21.2002-15:00:00,06,21,2002,15,3452
06.21.2002-18:00:00,06,21,2002,18,3238
06.21.2002-21:00:00,06,21,2002,21,2996.3
06.22.2002-00:00:00,06,22,2002,00,2888
06.22.2002-03:00:00,06,22,2002,03,2576.1
06.22.2002-06:00:00,06,22,2002,06,2628.5
06.22.2002-09:00:00,06,22,2002,09,3292.3
06.22.2002-12:00:00,06,22,2002,12,3533.8
06.22.2002-15:00:00,06,22,2002,15,3578
06.22.2002-18:00:00,06,22,2002,18,3432.1
06.22.2002-21:00:00,06,22,2002,21,3100.3
06.23.2002-00:00:00,06,23,2002,00,2963.2
06.23.2002-03:00:00,06,23,2002,03,2772.9
06.23.2002-06:00:00,06,23,2002,06,2851.7
06.23.2002-09:00:00,06,23,2002,09,3151.1
06.23.2002-12:00:00,06,23,2002,12,3545.7
06.23.2002-15:00:00,06,23,2002,15,3564.7
06.23.2002-18:00:00,06,23,2002,18,3356.2
06.23.2002-21:00:00,06,23,2002,21,3202.5
06.24.2002-00:00:00,06,24,2002,00,2830.3
06.24.2002-03:00:00,06,24,2002,03,2593.3
06.24.2002-06:00:00,06,24,2002,06,2639.8
06.24.2002-09:00:00,06,24,2002,09,2814.4
06.24.2002-12:00:00,06,24,2002,12,3234.6
06.24.2002-15:00:00,06,24,2002,15,3362.2
06.24.2002-18:00:00,06,24,2002,18,3018.7
06.24.2002-21:00:00,06,24,2002,21,2828.6
06.25.2002-00:00:00,06,25,2002,00,2572.4
06.25.2002-03:00:00,06,25,2002,03,2307.1
06.25.2002-06:00:00,06,25,2002,06,2109.4
06.25.2002-09:00:00,06,25,2002,09,2395.6
06.25.2002-12:00:00,06,25,2002,12,2723.1
06.25.2002-15:00:00,06,25,2002,15,2902.8
06.25.2002-18:00:00,06,25,2002,18,2816.4
06.25.2002-21:00:00,06,25,2002,21,2447.3
06.26.2002-00:00:00,06,26,2002,00,2224.9
06.26.2002-03:00:00,06,26,2002,03,2018.6
06.26.2002-06:00:00,06,26,2002,06,1982.2
06.26.2002-09:00:00,06,26,2002,09,2319.3
06.26.2002-12:00:00,06,26,2002,12,2679.7
06.26.2002-15:00:00,06,26,2002,15,2857
06.26.2002-18:00:00,06,26,2002,18,2575.1
06.26.2002-21:00:00,06,26,2002,21,2375
06.27.2002-00:00:00,06,27,2002,00,2091.6
06.27.2002-03:00:00,06,27,2002,03,1869.1
06.27.2002-06:00:00,06,27,2002,06,1913.7
06.27.2002-09:00:00,06,27,2002,09,2238.7
06.27.2002-12:00:00,06,27,2002,12,2630.3
06.27.2002-15:00:00,06,27,2002,15,2723.4
06.27.2002-18:00:00,06,27,2002,18,2494
06.27.2002-21:00:00,06,27,2002,21,2300.6
06.28.2002-00:00:00,06,28,2002,00,2238.7
06.28.2002-03:00:00,06,28,2002,03,2054.6
06.28.2002-06:00:00,06,28,2002,06,2133.5
06.28.2002-09:00:00,06,28,2002,09,2387.6
06.28.2002-12:00:00,06,28,2002,12,2677.8
06.28.2002-15:00:00,06,28,2002,15,2677.9
06.28.2002-18:00:00,06,28,2002,18,2566.6
06.28.2002-21:00:00,06,28,2002,21,2363.4
06.29.2002-00:00:00,06,29,2002,00,2080.9
06.29.2002-03:00:00,06,29,2002,03,1878.1
06.29.2002-06:00:00,06,29,2002,06,1804.9
06.29.2002-09:00:00,06,29,2002,09,1825.7
06.29.2002-12:00:00,06,29,2002,12,1794.3
06.29.2002-15:00:00,06,29,2002,15,1774.9
06.29.2002-18:00:00,06,29,2002,18,1691.9
06.29.2002-21:00:00,06,29,2002,21,1602.2
06.30.2002-00:00:00,06,30,2002,00,1468.3
06.30.2002-03:00:00,06,30,2002,03,1372.8
06.30.2002-06:00:00,06,30,2002,06,1259.2
06.30.2002-09:00:00,06,30,2002,09,1329.1
06.30.2002-12:00:00,06,30,2002,12,1424.3
06.30.2002-15:00:00,06,30,2002,15,1387.2
06.30.2002-18:00:00,06,30,2002,18,1347.2
06.30.2002-21:00:00,06,30,2002,21,1315.1
07.01.2002-00:00:00,07,01,2002,00,1246.6
07.01.2002-03:00:00,07,01,2002,03,1168.9
07.01.2002-06:00:00,07,01,2002,06,1100.5
07.01.2002-09:00:00,07,01,2002,09,1149.7
07.01.2002-12:00:00,07,01,2002,12,1231.5
07.01.2002-15:00:00,07,01,2002,15,1187.3
07.01.2002-18:00:00,07,01,2002,18,1157
07.01.2002-21:00:00,07,01,2002,21,1179.5
07.02.2002-00:00:00,07,02,2002,00,1137.1
07.02.2002-03:00:00,07,02,2002,03,1049.9
07.02.2002-06:00:00,07,02,2002,06,994.39
07.02.2002-09:00:00,07,02,2002,09,964.04
07.02.2002-12:00:00,07,02,2002,12,1058.2
07.02.2002-15:00:00,07,02,2002,15,992.58
07.02.2002-18:00:00,07,02,2002,18,994.45
07.02.2002-21:00:00,07,02,2002,21,1072.5
07.03.2002-00:00:00,07,03,2002,00,1054
07.03.2002-03:00:00,07,03,2002,03,985.2
07.03.2002-06:00:00,07,03,2002,06,901.12
07.03.2002-09:00:00,07,03,2002,09,831.63
07.03.2002-12:00:00,07,03,2002,12,911.76
07.03.2002-15:00:00,07,03,2002,15,933.78
07.03.2002-18:00:00,07,03,2002,18,895.08
07.03.2002-21:00:00,07,03,2002,21,1009.9
07.04.2002-00:00:00,07,04,2002,00,982.38
07.04.2002-03:00:00,07,04,2002,03,919.29
07.04.2002-06:00:00,07,04,2002,06,834.76
07.04.2002-09:00:00,07,04,2002,09,814.7
07.04.2002-12:00:00,07,04,2002,12,874.73
07.04.2002-15:00:00,07,04,2002,15,895.78
07.04.2002-18:00:00,07,04,2002,18,940.85
07.04.2002-21:00:00,07,04,2002,21,962.57
07.05.2002-00:00:00,07,05,2002,00,906.75
07.05.2002-03:00:00,07,05,2002,03,836.48
07.05.2002-06:00:00,07,05,2002,06,755.04
07.05.2002-09:00:00,07,05,2002,09,724.43
07.05.2002-12:00:00,07,05,2002,12,763.18
07.05.2002-15:00:00,07,05,2002,15,797.32
07.05.2002-18:00:00,07,05,2002,18,829.45
07.05.2002-21:00:00,07,05,2002,21,856.42
07.06.2002-00:00:00,07,06,2002,00,822.24
07.06.2002-03:00:00,07,06,2002,03,755.78
07.06.2002-06:00:00,07,06,2002,06,704.66
07.06.2002-09:00:00,07,06,2002,09,606.51
07.06.2002-12:00:00,07,06,2002,12,669.05
07.06.2002-15:00:00,07,06,2002,15,682.99
07.06.2002-18:00:00,07,06,2002,18,651.65
07.06.2002-21:00:00,07,06,2002,21,749.14
07.07.2002-00:00:00,07,07,2002,00,832.55
07.07.2002-03:00:00,07,07,2002,03,874.18
07.07.2002-06:00:00,07,07,2002,06,897.53
07.07.2002-09:00:00,07,07,2002,09,945.22
07.07.2002-12:00:00,07,07,2002,12,960.22
07.07.2002-15:00:00,07,07,2002,15,1038.3
07.07.2002-18:00:00,07,07,2002,18,1085.1
07.07.2002-21:00:00,07,07,2002,21,1103.9
07.08.2002-00:00:00,07,08,2002,00,953.16
07.08.2002-03:00:00,07,08,2002,03,882.31
07.08.2002-06:00:00,07,08,2002,06,815.35
07.08.2002-09:00:00,07,08,2002,09,837.63
07.08.2002-12:00:00,07,08,2002,12,882.47
07.08.2002-15:00:00,07,08,2002,15,890.01
07.08.2002-18:00:00,07,08,2002,18,924.13
07.08.2002-21:00:00,07,08,2002,21,828.83
07.09.2002-00:00:00,07,09,2002,00,764.36
07.09.2002-03:00:00,07,09,2002,03,696.9
07.09.2002-06:00:00,07,09,2002,06,630.26
07.09.2002-09:00:00,07,09,2002,09,629.11
07.09.2002-12:00:00,07,09,2002,12,618.63
07.09.2002-15:00:00,07,09,2002,15,660.45
07.09.2002-18:00:00,07,09,2002,18,717.77
07.09.2002-21:00:00,07,09,2002,21,692.62
07.10.2002-00:00:00,07,10,2002,00,651.37
07.10.2002-03:00:00,07,10,2002,03,607.43
07.10.2002-06:00:00,07,10,2002,06,557.05
07.10.2002-09:00:00,07,10,2002,09,499.97
07.10.2002-12:00:00,07,10,2002,12,471.58
07.10.2002-15:00:00,07,10,2002,15,542.09
07.10.2002-18:00:00,07,10,2002,18,637.61
07.10.2002-21:00:00,07,10,2002,21,656.61
07.11.2002-00:00:00,07,11,2002,00,623.97
07.11.2002-03:00:00,07,11,2002,03,578.37
07.11.2002-06:00:00,07,11,2002,06,509.99
07.11.2002-09:00:00,07,11,2002,09,422.32
07.11.2002-12:00:00,07,11,2002,12,455.63
07.11.2002-15:00:00,07,11,2002,15,570.87
07.11.2002-18:00:00,07,11,2002,18,591.11
07.11.2002-21:00:00,07,11,2002,21,617.12
07.12.2002-00:00:00,07,12,2002,00,593.82
07.12.2002-03:00:00,07,12,2002,03,552.36
07.12.2002-06:00:00,07,12,2002,06,492.07
07.12.2002-09:00:00,07,12,2002,09,453.97
07.12.2002-12:00:00,07,12,2002,12,496.52
07.12.2002-15:00:00,07,12,2002,15,577.26
07.12.2002-18:00:00,07,12,2002,18,619.06
07.12.2002-21:00:00,07,12,2002,21,621.31
07.13.2002-00:00:00,07,13,2002,00,600.49
07.13.2002-03:00:00,07,13,2002,03,548.2
07.13.2002-06:00:00,07,13,2002,06,507.38
07.13.2002-09:00:00,07,13,2002,09,456.9
07.13.2002-12:00:00,07,13,2002,12,478.4
07.13.2002-15:00:00,07,13,2002,15,549.9
07.13.2002-18:00:00,07,13,2002,18,589.14
07.13.2002-21:00:00,07,13,2002,21,571.82
07.14.2002-00:00:00,07,14,2002,00,550.99
07.14.2002-03:00:00,07,14,2002,03,514.01
07.14.2002-06:00:00,07,14,2002,06,450.02
07.14.2002-09:00:00,07,14,2002,09,365.03
07.14.2002-12:00:00,07,14,2002,12,338
07.14.2002-15:00:00,07,14,2002,15,359.69
07.14.2002-18:00:00,07,14,2002,18,421.71
07.14.2002-21:00:00,07,14,2002,21,470.88
07.15.2002-00:00:00,07,15,2002,00,482.22
07.15.2002-03:00:00,07,15,2002,03,475.99
07.15.2002-06:00:00,07,15,2002,06,420.19
07.15.2002-09:00:00,07,15,2002,09,337.5
07.15.2002-12:00:00,07,15,2002,12,316.2
07.15.2002-15:00:00,07,15,2002,15,332.79
07.15.2002-18:00:00,07,15,2002,18,398.93
07.15.2002-21:00:00,07,15,2002,21,431.98
07.16.2002-00:00:00,07,16,2002,00,442.47
07.16.2002-03:00:00,07,16,2002,03,421.27
07.16.2002-06:00:00,07,16,2002,06,380.68
07.16.2002-09:00:00,07,16,2002,09,320.27
07.16.2002-12:00:00,07,16,2002,12,300.15
07.16.2002-15:00:00,07,16,2002,15,312.71
07.16.2002-18:00:00,07,16,2002,18,334.44
07.16.2002-21:00:00,07,16,2002,21,374.13
07.17.2002-00:00:00,07,17,2002,00,386.97
07.17.2002-03:00:00,07,17,2002,03,385.58
07.17.2002-06:00:00,07,17,2002,06,356.31
07.17.2002-09:00:00,07,17,2002,09,304.29
07.17.2002-12:00:00,07,17,2002,12,286.96
07.17.2002-15:00:00,07,17,2002,15,296.82
07.17.2002-18:00:00,07,17,2002,18,313.11
07.17.2002-21:00:00,07,17,2002,21,348.27
07.18.2002-00:00:00,07,18,2002,00,359.14
07.18.2002-03:00:00,07,18,2002,03,366.39
07.18.2002-06:00:00,07,18,2002,06,337.11
07.18.2002-09:00:00,07,18,2002,09,291.94
07.18.2002-12:00:00,07,18,2002,12,276.02
07.18.2002-15:00:00,07,18,2002,15,284.71
07.18.2002-18:00:00,07,18,2002,18,297.11
07.18.2002-21:00:00,07,18,2002,21,329.03
07.19.2002-00:00:00,07,19,2002,00,336.66
07.19.2002-03:00:00,07,19,2002,03,343.36
07.19.2002-06:00:00,07,19,2002,06,318.48
07.19.2002-09:00:00,07,19,2002,09,278.21
07.19.2002-12:00:00,07,19,2002,12,262.84
07.19.2002-15:00:00,07,19,2002,15,270.17
07.19.2002-18:00:00,07,19,2002,18,276.02
07.19.2002-21:00:00,07,19,2002,21,301.38
07.20.2002-00:00:00,07,20,2002,00,317.08
07.20.2002-03:00:00,07,20,2002,03,318.39
07.20.2002-06:00:00,07,20,2002,06,297.68
07.20.2002-09:00:00,07,20,2002,09,264.2
07.20.2002-12:00:00,07,20,2002,12,253.06
07.20.2002-15:00:00,07,20,2002,15,260.58
07.20.2002-18:00:00,07,20,2002,18,266.87
07.20.2002-21:00:00,07,20,2002,21,288.45
07.21.2002-00:00:00,07,21,2002,00,295.2
07.21.2002-03:00:00,07,21,2002,03,302.92
07.21.2002-06:00:00,07,21,2002,06,282.47
07.21.2002-09:00:00,07,21,2002,09,251.8
07.21.2002-12:00:00,07,21,2002,12,239
07.21.2002-15:00:00,07,21,2002,15,246.43
07.21.2002-18:00:00,07,21,2002,18,253.25
07.21.2002-21:00:00,07,21,2002,21,270.29
07.22.2002-00:00:00,07,22,2002,00,278.82
07.22.2002-03:00:00,07,22,2002,03,278.88
07.22.2002-06:00:00,07,22,2002,06,263.61
07.22.2002-09:00:00,07,22,2002,09,242.5
07.22.2002-12:00:00,07,22,2002,12,231.84
07.22.2002-15:00:00,07,22,2002,15,237.76
07.22.2002-18:00:00,07,22,2002,18,243.64
07.22.2002-21:00:00,07,22,2002,21,258.15
07.23.2002-00:00:00,07,23,2002,00,261.49
07.23.2002-03:00:00,07,23,2002,03,265.44
07.23.2002-06:00:00,07,23,2002,06,248.54
07.23.2002-09:00:00,07,23,2002,09,228.52
07.23.2002-12:00:00,07,23,2002,12,223.15
07.23.2002-15:00:00,07,23,2002,15,226.41
07.23.2002-18:00:00,07,23,2002,18,230.07
07.23.2002-21:00:00,07,23,2002,21,242.48
07.24.2002-00:00:00,07,24,2002,00,245.79
07.24.2002-03:00:00,07,24,2002,03,244.46
07.24.2002-06:00:00,07,24,2002,06,236.32
07.24.2002-09:00:00,07,24,2002,09,219.56
07.24.2002-12:00:00,07,24,2002,12,215.2
07.24.2002-15:00:00,07,24,2002,15,216.44
07.24.2002-18:00:00,07,24,2002,18,216.97
07.24.2002-21:00:00,07,24,2002,21,226.66
07.25.2002-00:00:00,07,25,2002,00,229.68
07.25.2002-03:00:00,07,25,2002,03,230.81
07.25.2002-06:00:00,07,25,2002,06,223.21
07.25.2002-09:00:00,07,25,2002,09,211.22
07.25.2002-12:00:00,07,25,2002,12,206.45
07.25.2002-15:00:00,07,25,2002,15,207.72
07.25.2002-18:00:00,07,25,2002,18,207.94
07.25.2002-21:00:00,07,25,2002,21,213.3
07.26.2002-00:00:00,07,26,2002,00,217.14
07.26.2002-03:00:00,07,26,2002,03,216.66
07.26.2002-06:00:00,07,26,2002,06,212.29
07.26.2002-09:00:00,07,26,2002,09,203.36
07.26.2002-12:00:00,07,26,2002,12,199.45
07.26.2002-15:00:00,07,26,2002,15,200.72
07.26.2002-18:00:00,07,26,2002,18,200.84
07.26.2002-21:00:00,07,26,2002,21,205.02
07.27.2002-00:00:00,07,27,2002,00,205.78
07.27.2002-03:00:00,07,27,2002,03,207.85
07.27.2002-06:00:00,07,27,2002,06,204.85
07.27.2002-09:00:00,07,27,2002,09,197.06
07.27.2002-12:00:00,07,27,2002,12,193.51
07.27.2002-15:00:00,07,27,2002,15,194.78
07.27.2002-18:00:00,07,27,2002,18,194.92
07.27.2002-21:00:00,07,27,2002,21,198.29
07.28.2002-00:00:00,07,28,2002,00,198.24
07.28.2002-03:00:00,07,28,2002,03,198.41
07.28.2002-06:00:00,07,28,2002,06,196.98
07.28.2002-09:00:00,07,28,2002,09,189.99
07.28.2002-12:00:00,07,28,2002,12,186.33
07.28.2002-15:00:00,07,28,2002,15,187.57
07.28.2002-18:00:00,07,28,2002,18,187.7
07.28.2002-21:00:00,07,28,2002,21,190.95
07.29.2002-00:00:00,07,29,2002,00,190.75
07.29.2002-03:00:00,07,29,2002,03,189.85
07.29.2002-06:00:00,07,29,2002,06,188.26
07.29.2002-09:00:00,07,29,2002,09,183.71
07.29.2002-12:00:00,07,29,2002,12,181.59
07.29.2002-15:00:00,07,29,2002,15,182.88
07.29.2002-18:00:00,07,29,2002,18,182.2
07.29.2002-21:00:00,07,29,2002,21,183.82
07.30.2002-00:00:00,07,30,2002,00,184.43
07.30.2002-03:00:00,07,30,2002,03,182.04
07.30.2002-06:00:00,07,30,2002,06,180.17
07.30.2002-09:00:00,07,30,2002,09,176.53
07.30.2002-12:00:00,07,30,2002,12,175.08
07.30.2002-15:00:00,07,30,2002,15,176.19
07.30.2002-18:00:00,07,30,2002,18,175.11
07.30.2002-21:00:00,07,30,2002,21,176.99
07.31.2002-00:00:00,07,31,2002,00,175.81
07.31.2002-03:00:00,07,31,2002,03,174.98
07.31.2002-06:00:00,07,31,2002,06,173.38
07.31.2002-09:00:00,07,31,2002,09,170.17
07.31.2002-12:00:00,07,31,2002,12,168.89
07.31.2002-15:00:00,07,31,2002,15,168.07
07.31.2002-18:00:00,07,31,2002,18,167.54
07.31.2002-21:00:00,07,31,2002,21,167.31
08.01.2002-00:00:00,08,01,2002,00,167.08
08.01.2002-03:00:00,08,01,2002,03,168.66
08.01.2002-06:00:00,08,01,2002,06,166.89
08.01.2002-09:00:00,08,01,2002,09,165.32
08.01.2002-12:00:00,08,01,2002,12,162.67
08.01.2002-15:00:00,08,01,2002,15,161.81
08.01.2002-18:00:00,08,01,2002,18,161.57
08.01.2002-21:00:00,08,01,2002,21,160.34
08.02.2002-00:00:00,08,02,2002,00,160.06
08.02.2002-03:00:00,08,02,2002,03,159.79
08.02.2002-06:00:00,08,02,2002,06,159.36
08.02.2002-09:00:00,08,02,2002,09,157.95
08.02.2002-12:00:00,08,02,2002,12,156.89
08.02.2002-15:00:00,08,02,2002,15,156.08
08.02.2002-18:00:00,08,02,2002,18,155.33
08.02.2002-21:00:00,08,02,2002,21,155.02
08.03.2002-00:00:00,08,03,2002,00,154.72
08.03.2002-03:00:00,08,03,2002,03,153.42
08.03.2002-06:00:00,08,03,2002,06,153.92
08.03.2002-09:00:00,08,03,2002,09,152.27
08.03.2002-12:00:00,08,03,2002,12,150.74
08.03.2002-15:00:00,08,03,2002,15,150.1
08.03.2002-18:00:00,08,03,2002,18,149.55
08.03.2002-21:00:00,08,03,2002,21,149.25
08.04.2002-00:00:00,08,04,2002,00,148.95
08.04.2002-03:00:00,08,04,2002,03,148.71
08.04.2002-06:00:00,08,04,2002,06,148.47
08.04.2002-09:00:00,08,04,2002,09,147.99
08.04.2002-12:00:00,08,04,2002,12,147.11
08.04.2002-15:00:00,08,04,2002,15,146.5
08.04.2002-18:00:00,08,04,2002,18,145.98
08.04.2002-21:00:00,08,04,2002,21,145.72
08.05.2002-00:00:00,08,05,2002,00,145.26
08.05.2002-03:00:00,08,05,2002,03,144.88
08.05.2002-06:00:00,08,05,2002,06,144.46
08.05.2002-09:00:00,08,05,2002,09,143.75
08.05.2002-12:00:00,08,05,2002,12,142.92
08.05.2002-15:00:00,08,05,2002,15,141.22
08.05.2002-18:00:00,08,05,2002,18,140.61
08.05.2002-21:00:00,08,05,2002,21,140.26
08.06.2002-00:00:00,08,06,2002,00,139.9
08.06.2002-03:00:00,08,06,2002,03,139.53
08.06.2002-06:00:00,08,06,2002,06,139.08
08.06.2002-09:00:00,08,06,2002,09,136.72
08.06.2002-12:00:00,08,06,2002,12,136.03
08.06.2002-15:00:00,08,06,2002,15,135.51
08.06.2002-18:00:00,08,06,2002,18,135.02
08.06.2002-21:00:00,08,06,2002,21,134.68
08.07.2002-00:00:00,08,07,2002,00,134.33
08.07.2002-03:00:00,08,07,2002,03,133.98
08.07.2002-06:00:00,08,07,2002,06,133.56
08.07.2002-09:00:00,08,07,2002,09,132.99
08.07.2002-12:00:00,08,07,2002,12,132.38
08.07.2002-15:00:00,08,07,2002,15,131.87
08.07.2002-18:00:00,08,07,2002,18,131.39
08.07.2002-21:00:00,08,07,2002,21,131.01
08.08.2002-00:00:00,08,08,2002,00,130.63
08.08.2002-03:00:00,08,08,2002,03,130.24
08.08.2002-06:00:00,08,08,2002,06,130.21
08.08.2002-09:00:00,08,08,2002,09,129.14
08.08.2002-12:00:00,08,08,2002,12,128.4
08.08.2002-15:00:00,08,08,2002,15,127.78
08.08.2002-18:00:00,08,08,2002,18,127.21
08.08.2002-21:00:00,08,08,2002,21,126.8
08.09.2002-00:00:00,08,09,2002,00,126.4
08.09.2002-03:00:00,08,09,2002,03,126
08.09.2002-06:00:00,08,09,2002,06,125.5
08.09.2002-09:00:00,08,09,2002,09,124.77
08.09.2002-12:00:00,08,09,2002,12,123.99
08.09.2002-15:00:00,08,09,2002,15,123.32
08.09.2002-18:00:00,08,09,2002,18,122.68
08.09.2002-21:00:00,08,09,2002,21,122.27
08.10.2002-00:00:00,08,10,2002,00,121.87
08.10.2002-03:00:00,08,10,2002,03,121.46
08.10.2002-06:00:00,08,10,2002,06,120.95
08.10.2002-09:00:00,08,10,2002,09,120.22
08.10.2002-12:00:00,08,10,2002,12,119.43
08.10.2002-15:00:00,08,10,2002,15,118.07
08.10.2002-18:00:00,08,10,2002,18,118.08
08.10.2002-21:00:00,08,10,2002,21,117.07
08.11.2002-00:00:00,08,11,2002,00,117.3
08.11.2002-03:00:00,08,11,2002,03,116.3
08.11.2002-06:00:00,08,11,2002,06,115.81
08.11.2002-09:00:00,08,11,2002,09,115.2
08.11.2002-12:00:00,08,11,2002,12,114.54
08.11.2002-15:00:00,08,11,2002,15,113.96
08.11.2002-18:00:00,08,11,2002,18,111.18
08.11.2002-21:00:00,08,11,2002,21,112.93
08.12.2002-00:00:00,08,12,2002,00,111.61
08.12.2002-03:00:00,08,12,2002,03,112.25
08.12.2002-06:00:00,08,12,2002,06,109.91
08.12.2002-09:00:00,08,12,2002,09,109.36
08.12.2002-12:00:00,08,12,2002,12,108.88
08.12.2002-15:00:00,08,12,2002,15,108.44
08.12.2002-18:00:00,08,12,2002,18,108
08.12.2002-21:00:00,08,12,2002,21,107.68
08.13.2002-00:00:00,08,13,2002,00,107.36
08.13.2002-03:00:00,08,13,2002,03,107.03
08.13.2002-06:00:00,08,13,2002,06,106.64
08.13.2002-09:00:00,08,13,2002,09,106.15
08.13.2002-12:00:00,08,13,2002,12,105.65
08.13.2002-15:00:00,08,13,2002,15,105.18
08.13.2002-18:00:00,08,13,2002,18,104.71
08.13.2002-21:00:00,08,13,2002,21,104.37
08.14.2002-00:00:00,08,14,2002,00,104.03
08.14.2002-03:00:00,08,14,2002,03,103.69
08.14.2002-06:00:00,08,14,2002,06,103.3
08.14.2002-09:00:00,08,14,2002,09,102.8
08.14.2002-12:00:00,08,14,2002,12,102.31
08.14.2002-15:00:00,08,14,2002,15,101.84
08.14.2002-18:00:00,08,14,2002,18,101.36
08.14.2002-21:00:00,08,14,2002,21,101.03
08.15.2002-00:00:00,08,15,2002,00,100.7
08.15.2002-03:00:00,08,15,2002,03,100.36
08.15.2002-06:00:00,08,15,2002,06,99.989
08.15.2002-09:00:00,08,15,2002,09,99.501
08.15.2002-12:00:00,08,15,2002,12,99.008
08.15.2002-15:00:00,08,15,2002,15,98.536
08.15.2002-18:00:00,08,15,2002,18,98.079
08.15.2002-21:00:00,08,15,2002,21,97.753
08.16.2002-00:00:00,08,16,2002,00,97.437
08.16.2002-03:00:00,08,16,2002,03,97.111
08.16.2002-06:00:00,08,16,2002,06,96.747
08.16.2002-09:00:00,08,16,2002,09,96.288
08.16.2002-12:00:00,08,16,2002,12,95.816
08.16.2002-15:00:00,08,16,2002,15,95.377
08.16.2002-18:00:00,08,16,2002,18,94.968
08.16.2002-21:00:00,08,16,2002,21,94.655
08.17.2002-00:00:00,08,17,2002,00,94.348
08.17.2002-03:00:00,08,17,2002,03,94.039
08.17.2002-06:00:00,08,17,2002,06,93.687
08.17.2002-09:00:00,08,17,2002,09,93.267
08.17.2002-12:00:00,08,17,2002,12,92.823
08.17.2002-15:00:00,08,17,2002,15,92.423
08.17.2002-18:00:00,08,17,2002,18,92.035
08.17.2002-21:00:00,08,17,2002,21,91.727
08.18.2002-00:00:00,08,18,2002,00,91.428
08.18.2002-03:00:00,08,18,2002,03,91.138
08.18.2002-06:00:00,08,18,2002,06,90.801
08.18.2002-09:00:00,08,18,2002,09,90.389
08.18.2002-12:00:00,08,18,2002,12,89.967
08.18.2002-15:00:00,08,18,2002,15,89.58
08.18.2002-18:00:00,08,18,2002,18,89.208
08.18.2002-21:00:00,08,18,2002,21,88.916
08.19.2002-00:00:00,08,19,2002,00,88.634
08.19.2002-03:00:00,08,19,2002,03,88.361
08.19.2002-06:00:00,08,19,2002,06,88.047
08.19.2002-09:00:00,08,19,2002,09,87.662
08.19.2002-12:00:00,08,19,2002,12,87.256
08.19.2002-15:00:00,08,19,2002,15,86.895
08.19.2002-18:00:00,08,19,2002,18,86.546
08.19.2002-21:00:00,08,19,2002,21,86.27
08.20.2002-00:00:00,08,20,2002,00,86.001
08.20.2002-03:00:00,08,20,2002,03,85.727
08.20.2002-06:00:00,08,20,2002,06,85.423
08.20.2002-09:00:00,08,20,2002,09,85.05
08.20.2002-12:00:00,08,20,2002,12,84.67
08.20.2002-15:00:00,08,20,2002,15,84.319
08.20.2002-18:00:00,08,20,2002,18,83.99
08.20.2002-21:00:00,08,20,2002,21,83.723
08.21.2002-00:00:00,08,21,2002,00,83.471
08.21.2002-03:00:00,08,21,2002,03,83.208
08.21.2002-06:00:00,08,21,2002,06,82.921
08.21.2002-09:00:00,08,21,2002,09,82.577
08.21.2002-12:00:00,08,21,2002,12,82.241
08.21.2002-15:00:00,08,21,2002,15,81.929
08.21.2002-18:00:00,08,21,2002,18,81.643
08.21.2002-21:00:00,08,21,2002,21,81.384
08.22.2002-00:00:00,08,22,2002,00,81.138
08.22.2002-03:00:00,08,22,2002,03,80.891
08.22.2002-06:00:00,08,22,2002,06,80.624
08.22.2002-09:00:00,08,22,2002,09,80.295
08.22.2002-12:00:00,08,22,2002,12,79.967
08.22.2002-15:00:00,08,22,2002,15,79.66
08.22.2002-18:00:00,08,22,2002,18,79.381
08.22.2002-21:00:00,08,22,2002,21,79.142
08.23.2002-00:00:00,08,23,2002,00,78.905
08.23.2002-03:00:00,08,23,2002,03,78.656
08.23.2002-06:00:00,08,23,2002,06,78.393
08.23.2002-09:00:00,08,23,2002,09,78.064
08.23.2002-12:00:00,08,23,2002,12,77.733
08.23.2002-15:00:00,08,23,2002,15,77.421
08.23.2002-18:00:00,08,23,2002,18,77.149
08.23.2002-21:00:00,08,23,2002,21,76.915
08.24.2002-00:00:00,08,24,2002,00,76.691
08.24.2002-03:00:00,08,24,2002,03,76.457
08.24.2002-06:00:00,08,24,2002,06,76.193
08.24.2002-09:00:00,08,24,2002,09,75.879
08.24.2002-12:00:00,08,24,2002,12,75.563
08.24.2002-15:00:00,08,24,2002,15,75.274
08.24.2002-18:00:00,08,24,2002,18,75.007
08.24.2002-21:00:00,08,24,2002,21,74.776
08.25.2002-00:00:00,08,25,2002,00,74.73
08.25.2002-03:00:00,08,25,2002,03,74.771
08.25.2002-06:00:00,08,25,2002,06,74.557
08.25.2002-09:00:00,08,25,2002,09,74.204
08.25.2002-12:00:00,08,25,2002,12,73.831
08.25.2002-15:00:00,08,25,2002,15,73.559
08.25.2002-18:00:00,08,25,2002,18,73.378
08.25.2002-21:00:00,08,25,2002,21,73.207
08.26.2002-00:00:00,08,26,2002,00,72.898
08.26.2002-03:00:00,08,26,2002,03,74.741
08.26.2002-06:00:00,08,26,2002,06,76.562
08.26.2002-09:00:00,08,26,2002,09,72.465
08.26.2002-12:00:00,08,26,2002,12,71.81
08.26.2002-15:00:00,08,26,2002,15,71.545
08.26.2002-18:00:00,08,26,2002,18,71.369
08.26.2002-21:00:00,08,26,2002,21,71.223
08.27.2002-00:00:00,08,27,2002,00,70.93
08.27.2002-03:00:00,08,27,2002,03,71.453
08.27.2002-06:00:00,08,27,2002,06,72.075
08.27.2002-09:00:00,08,27,2002,09,70.385
08.27.2002-12:00:00,08,27,2002,12,70.091
08.27.2002-15:00:00,08,27,2002,15,69.867
08.27.2002-18:00:00,08,27,2002,18,69.652
08.27.2002-21:00:00,08,27,2002,21,69.468
08.28.2002-00:00:00,08,28,2002,00,69.281
08.28.2002-03:00:00,08,28,2002,03,69.095
08.28.2002-06:00:00,08,28,2002,06,68.904
08.28.2002-09:00:00,08,28,2002,09,68.699
08.28.2002-12:00:00,08,28,2002,12,68.488
08.28.2002-15:00:00,08,28,2002,15,68.276
08.28.2002-18:00:00,08,28,2002,18,68.065
08.28.2002-21:00:00,08,28,2002,21,67.882
08.29.2002-00:00:00,08,29,2002,00,67.713
08.29.2002-03:00:00,08,29,2002,03,67.532
08.29.2002-06:00:00,08,29,2002,06,67.347
08.29.2002-09:00:00,08,29,2002,09,67.149
08.29.2002-12:00:00,08,29,2002,12,66.931
08.29.2002-15:00:00,08,29,2002,15,66.721
08.29.2002-18:00:00,08,29,2002,18,66.518
08.29.2002-21:00:00,08,29,2002,21,66.351
08.30.2002-00:00:00,08,30,2002,00,66.373
08.30.2002-03:00:00,08,30,2002,03,66.467
08.30.2002-06:00:00,08,30,2002,06,67.618
08.30.2002-09:00:00,08,30,2002,09,71.03
08.30.2002-12:00:00,08,30,2002,12,66.178
08.30.2002-15:00:00,08,30,2002,15,67.866
08.30.2002-18:00:00,08,30,2002,18,70.892
08.30.2002-21:00:00,08,30,2002,21,74.063
08.31.2002-00:00:00,08,31,2002,00,71.52
08.31.2002-03:00:00,08,31,2002,03,67.862
08.31.2002-06:00:00,08,31,2002,06,67.798
08.31.2002-09:00:00,08,31,2002,09,65.369
08.31.2002-12:00:00,08,31,2002,12,64.086
08.31.2002-15:00:00,08,31,2002,15,63.856
08.31.2002-18:00:00,08,31,2002,18,63.681
08.31.2002-21:00:00,08,31,2002,21,63.521
09.01.2002-00:00:00,09,01,2002,00,63.367
09.01.2002-03:00:00,09,01,2002,03,63.207
09.01.2002-06:00:00,09,01,2002,06,63.052
09.01.2002-09:00:00,09,01,2002,09,62.879
09.01.2002-12:00:00,09,01,2002,12,62.702
09.01.2002-15:00:00,09,01,2002,15,62.527
09.01.2002-18:00:00,09,01,2002,18,62.36
09.01.2002-21:00:00,09,01,2002,21,62.204
09.02.2002-00:00:00,09,02,2002,00,62.057
09.02.2002-03:00:00,09,02,2002,03,65.226
09.02.2002-06:00:00,09,02,2002,06,66.146
09.02.2002-09:00:00,09,02,2002,09,65.056
09.02.2002-12:00:00,09,02,2002,12,63.018
09.02.2002-15:00:00,09,02,2002,15,62.539
09.02.2002-18:00:00,09,02,2002,18,63.636
09.02.2002-21:00:00,09,02,2002,21,67.23
09.03.2002-00:00:00,09,03,2002,00,65.992
09.03.2002-03:00:00,09,03,2002,03,63.769
09.03.2002-06:00:00,09,03,2002,06,63.297
09.03.2002-09:00:00,09,03,2002,09,62.495
09.03.2002-12:00:00,09,03,2002,12,61.108
09.03.2002-15:00:00,09,03,2002,15,60.095
09.03.2002-18:00:00,09,03,2002,18,59.913
09.03.2002-21:00:00,09,03,2002,21,59.923
09.04.2002-00:00:00,09,04,2002,00,61.222
09.04.2002-03:00:00,09,04,2002,03,61.158
09.04.2002-06:00:00,09,04,2002,06,61.02
09.04.2002-09:00:00,09,04,2002,09,59.459
09.04.2002-12:00:00,09,04,2002,12,59.148
09.04.2002-15:00:00,09,04,2002,15,58.921
09.04.2002-18:00:00,09,04,2002,18,58.776
09.04.2002-21:00:00,09,04,2002,21,59.864
09.05.2002-00:00:00,09,05,2002,00,60.129
09.05.2002-03:00:00,09,05,2002,03,60.01
09.05.2002-06:00:00,09,05,2002,06,59.874
09.05.2002-09:00:00,09,05,2002,09,58.486
09.05.2002-12:00:00,09,05,2002,12,57.968
09.05.2002-15:00:00,09,05,2002,15,57.791
09.05.2002-18:00:00,09,05,2002,18,57.807
09.05.2002-21:00:00,09,05,2002,21,59.09
09.06.2002-00:00:00,09,06,2002,00,59.034
09.06.2002-03:00:00,09,06,2002,03,58.903
09.06.2002-06:00:00,09,06,2002,06,58.769
09.06.2002-09:00:00,09,06,2002,09,57.499
09.06.2002-12:00:00,09,06,2002,12,56.907
09.06.2002-15:00:00,09,06,2002,15,56.715
09.06.2002-18:00:00,09,06,2002,18,56.588
09.06.2002-21:00:00,09,06,2002,21,57.681
09.07.2002-00:00:00,09,07,2002,00,57.943
09.07.2002-03:00:00,09,07,2002,03,57.833
09.07.2002-06:00:00,09,07,2002,06,57.711
09.07.2002-09:00:00,09,07,2002,09,56.23
09.07.2002-12:00:00,09,07,2002,12,55.922
09.07.2002-15:00:00,09,07,2002,15,55.696
09.07.2002-18:00:00,09,07,2002,18,55.57
09.07.2002-21:00:00,09,07,2002,21,56.441
09.08.2002-00:00:00,09,08,2002,00,56.906
09.08.2002-03:00:00,09,08,2002,03,56.815
09.08.2002-06:00:00,09,08,2002,06,56.7
09.08.2002-09:00:00,09,08,2002,09,55.266
09.08.2002-12:00:00,09,08,2002,12,54.848
09.08.2002-15:00:00,09,08,2002,15,54.707
09.08.2002-18:00:00,09,08,2002,18,54.581
09.08.2002-21:00:00,09,08,2002,21,55.784
09.09.2002-00:00:00,09,09,2002,00,55.935
09.09.2002-03:00:00,09,09,2002,03,55.835
09.09.2002-06:00:00,09,09,2002,06,55.722
09.09.2002-09:00:00,09,09,2002,09,54.179
09.09.2002-12:00:00,09,09,2002,12,53.882
09.09.2002-15:00:00,09,09,2002,15,53.753
09.09.2002-18:00:00,09,09,2002,18,53.901
09.09.2002-21:00:00,09,09,2002,21,55.052
09.10.2002-00:00:00,09,10,2002,00,55.001
09.10.2002-03:00:00,09,10,2002,03,54.884
09.10.2002-06:00:00,09,10,2002,06,54.769
09.10.2002-09:00:00,09,10,2002,09,53.155
09.10.2002-12:00:00,09,10,2002,12,52.942
09.10.2002-15:00:00,09,10,2002,15,52.821
09.10.2002-18:00:00,09,10,2002,18,52.704
09.10.2002-21:00:00,09,10,2002,21,52.738
09.11.2002-00:00:00,09,11,2002,00,53.999
09.11.2002-03:00:00,09,11,2002,03,53.961
09.11.2002-06:00:00,09,11,2002,06,53.855
09.11.2002-09:00:00,09,11,2002,09,52.233
09.11.2002-12:00:00,09,11,2002,12,52.046
09.11.2002-15:00:00,09,11,2002,15,51.937
09.11.2002-18:00:00,09,11,2002,18,51.831
09.11.2002-21:00:00,09,11,2002,21,51.725
09.12.2002-00:00:00,09,12,2002,00,52.122
09.12.2002-03:00:00,09,12,2002,03,53.039
09.12.2002-06:00:00,09,12,2002,06,52.984
09.12.2002-09:00:00,09,12,2002,09,51.388
09.12.2002-12:00:00,09,12,2002,12,51.202
09.12.2002-15:00:00,09,12,2002,15,51.092
09.12.2002-18:00:00,09,12,2002,18,50.986
09.12.2002-21:00:00,09,12,2002,21,50.888
09.13.2002-00:00:00,09,13,2002,00,50.792
09.13.2002-03:00:00,09,13,2002,03,51.936
09.13.2002-06:00:00,09,13,2002,06,52.124
09.13.2002-09:00:00,09,13,2002,09,50.556
09.13.2002-12:00:00,09,13,2002,12,50.374
09.13.2002-15:00:00,09,13,2002,15,50.268
09.13.2002-18:00:00,09,13,2002,18,50.165
09.13.2002-21:00:00,09,13,2002,21,50.069
09.14.2002-00:00:00,09,14,2002,00,49.975
09.14.2002-03:00:00,09,14,2002,03,50.635
09.14.2002-06:00:00,09,14,2002,06,51.271
09.14.2002-09:00:00,09,14,2002,09,49.749
09.14.2002-12:00:00,09,14,2002,12,49.569
09.14.2002-15:00:00,09,14,2002,15,49.462
09.14.2002-18:00:00,09,14,2002,18,49.364
09.14.2002-21:00:00,09,14,2002,21,49.269
09.15.2002-00:00:00,09,15,2002,00,49.177
09.15.2002-03:00:00,09,15,2002,03,50.279
09.15.2002-06:00:00,09,15,2002,06,50.486
09.15.2002-09:00:00,09,15,2002,09,48.953
09.15.2002-12:00:00,09,15,2002,12,48.778
09.15.2002-15:00:00,09,15,2002,15,48.676
09.15.2002-18:00:00,09,15,2002,18,48.581
09.15.2002-21:00:00,09,15,2002,21,48.487
09.16.2002-00:00:00,09,16,2002,00,48.428
09.16.2002-03:00:00,09,16,2002,03,49.726
09.16.2002-06:00:00,09,16,2002,06,49.701
09.16.2002-09:00:00,09,16,2002,09,48.175
09.16.2002-12:00:00,09,16,2002,12,47.999
09.16.2002-15:00:00,09,16,2002,15,47.901
09.16.2002-18:00:00,09,16,2002,18,47.806
09.16.2002-21:00:00,09,16,2002,21,47.717
09.17.2002-00:00:00,09,17,2002,00,48.039
09.17.2002-03:00:00,09,17,2002,03,48.968
09.17.2002-06:00:00,09,17,2002,06,48.924
09.17.2002-09:00:00,09,17,2002,09,47.419
09.17.2002-12:00:00,09,17,2002,12,47.257
09.17.2002-15:00:00,09,17,2002,15,47.163
09.17.2002-18:00:00,09,17,2002,18,47.068
09.17.2002-21:00:00,09,17,2002,21,47.435
09.18.2002-00:00:00,09,18,2002,00,48.319
09.18.2002-03:00:00,09,18,2002,03,48.277
09.18.2002-06:00:00,09,18,2002,06,48.188
09.18.2002-09:00:00,09,18,2002,09,46.788
09.18.2002-12:00:00,09,18,2002,12,46.531
09.18.2002-15:00:00,09,18,2002,15,46.437
09.18.2002-18:00:00,09,18,2002,18,46.35
09.18.2002-21:00:00,09,18,2002,21,47.045
09.19.2002-00:00:00,09,19,2002,00,47.605
09.19.2002-03:00:00,09,19,2002,03,47.547
09.19.2002-06:00:00,09,19,2002,06,47.459
09.19.2002-09:00:00,09,19,2002,09,46.018
09.19.2002-12:00:00,09,19,2002,12,45.816
09.19.2002-15:00:00,09,19,2002,15,45.73
09.19.2002-18:00:00,09,19,2002,18,45.644
09.19.2002-21:00:00,09,19,2002,21,45.85
09.20.2002-00:00:00,09,20,2002,00,46.87
09.20.2002-03:00:00,09,20,2002,03,46.835
09.20.2002-06:00:00,09,20,2002,06,46.75
09.20.2002-09:00:00,09,20,2002,09,45.279
09.20.2002-12:00:00,09,20,2002,12,45.122
09.20.2002-15:00:00,09,20,2002,15,45.037
09.20.2002-18:00:00,09,20,2002,18,44.952
09.20.2002-21:00:00,09,20,2002,21,44.869
09.21.2002-00:00:00,09,21,2002,00,46.013
09.21.2002-03:00:00,09,21,2002,03,46.133
09.21.2002-06:00:00,09,21,2002,06,46.056
09.21.2002-09:00:00,09,21,2002,09,44.799
09.21.2002-12:00:00,09,21,2002,12,44.453
09.21.2002-15:00:00,09,21,2002,15,44.357
09.21.2002-18:00:00,09,21,2002,18,44.275
09.21.2002-21:00:00,09,21,2002,21,44.93
09.22.2002-00:00:00,09,22,2002,00,45.507
09.22.2002-03:00:00,09,22,2002,03,45.456
09.22.2002-06:00:00,09,22,2002,06,45.374
09.22.2002-09:00:00,09,22,2002,09,44.111
09.22.2002-12:00:00,09,22,2002,12,43.784
09.22.2002-15:00:00,09,22,2002,15,43.692
09.22.2002-18:00:00,09,22,2002,18,44.01
09.22.2002-21:00:00,09,22,2002,21,44.906
09.23.2002-00:00:00,09,23,2002,00,44.872
09.23.2002-03:00:00,09,23,2002,03,44.791
09.23.2002-06:00:00,09,23,2002,06,44.707
09.23.2002-09:00:00,09,23,2002,09,43.269
09.23.2002-12:00:00,09,23,2002,12,43.119
09.23.2002-15:00:00,09,23,2002,15,43.038
09.23.2002-18:00:00,09,23,2002,18,42.956
09.23.2002-21:00:00,09,23,2002,21,43.489
09.24.2002-00:00:00,09,24,2002,00,44.173
09.24.2002-03:00:00,09,24,2002,03,44.131
09.24.2002-06:00:00,09,24,2002,06,44.049
09.24.2002-09:00:00,09,24,2002,09,42.62
09.24.2002-12:00:00,09,24,2002,12,42.472
09.24.2002-15:00:00,09,24,2002,15,42.392
09.24.2002-18:00:00,09,24,2002,18,42.316
09.24.2002-21:00:00,09,24,2002,21,42.237
09.25.2002-00:00:00,09,25,2002,00,42.634
09.25.2002-03:00:00,09,25,2002,03,43.439
09.25.2002-06:00:00,09,25,2002,06,43.403
09.25.2002-09:00:00,09,25,2002,09,41.99
09.25.2002-12:00:00,09,25,2002,12,41.842
09.25.2002-15:00:00,09,25,2002,15,41.764
09.25.2002-18:00:00,09,25,2002,18,41.688
09.25.2002-21:00:00,09,25,2002,21,41.687
09.26.2002-00:00:00,09,26,2002,00,42.845
09.26.2002-03:00:00,09,26,2002,03,42.846
09.26.2002-06:00:00,09,26,2002,06,42.773
09.26.2002-09:00:00,09,26,2002,09,41.409
09.26.2002-12:00:00,09,26,2002,12,41.228
09.26.2002-15:00:00,09,26,2002,15,41.15
09.26.2002-18:00:00,09,26,2002,18,41.075
09.26.2002-21:00:00,09,26,2002,21,41.709
09.27.2002-00:00:00,09,27,2002,00,42.261
09.27.2002-03:00:00,09,27,2002,03,42.235
09.27.2002-06:00:00,09,27,2002,06,42.153
09.27.2002-09:00:00,09,27,2002,09,40.874
09.27.2002-12:00:00,09,27,2002,12,40.638
09.27.2002-15:00:00,09,27,2002,15,40.56
09.27.2002-18:00:00,09,27,2002,18,41.232
09.27.2002-21:00:00,09,27,2002,21,41.761
09.28.2002-00:00:00,09,28,2002,00,41.717
09.28.2002-03:00:00,09,28,2002,03,41.644
09.28.2002-06:00:00,09,28,2002,06,41.57
09.28.2002-09:00:00,09,28,2002,09,40.333
09.28.2002-12:00:00,09,28,2002,12,40.059
09.28.2002-15:00:00,09,28,2002,15,39.98
09.28.2002-18:00:00,09,28,2002,18,40.149
09.28.2002-21:00:00,09,28,2002,21,41.131
09.29.2002-00:00:00,09,29,2002,00,41.131
09.29.2002-03:00:00,09,29,2002,03,41.063
09.29.2002-06:00:00,09,29,2002,06,40.992
09.29.2002-09:00:00,09,29,2002,09,39.719
09.29.2002-12:00:00,09,29,2002,12,39.486
09.29.2002-15:00:00,09,29,2002,15,39.411
09.29.2002-18:00:00,09,29,2002,18,39.342
09.29.2002-21:00:00,09,29,2002,21,39.56
09.30.2002-00:00:00,09,30,2002,00,40.506
09.30.2002-03:00:00,09,30,2002,03,40.486
09.30.2002-06:00:00,09,30,2002,06,40.414
09.30.2002-09:00:00,09,30,2002,09,39.528
09.30.2002-12:00:00,09,30,2002,12,38.943
09.30.2002-15:00:00,09,30,2002,15,38.992
09.30.2002-18:00:00,09,30,2002,18,40.056
09.30.2002-21:00:00,09,30,2002,21,40.066
