TIMESTAMP,MONTH,DAY,YEAR,HOUR,C
10.01.2011-00:00:00,10,01,2011,00,5.3515
10.01.2011-03:00:00,10,01,2011,03,5.352
10.01.2011-06:00:00,10,01,2011,06,5.3717
10.01.2011-09:00:00,10,01,2011,09,5.3955
10.01.2011-12:00:00,10,01,2011,12,5.3593
10.01.2011-15:00:00,10,01,2011,15,5.3538
10.01.2011-18:00:00,10,01,2011,18,5.3539
10.01.2011-21:00:00,10,01,2011,21,5.3722
10.02.2011-00:00:00,10,02,2011,00,5.3937
10.02.2011-03:00:00,10,02,2011,03,5.3948
10.02.2011-06:00:00,10,02,2011,06,5.3951
10.02.2011-09:00:00,10,02,2011,09,5.3954
10.02.2011-12:00:00,10,02,2011,12,5.3615
10.02.2011-15:00:00,10,02,2011,15,5.3566
10.02.2011-18:00:00,10,02,2011,18,5.3568
10.02.2011-21:00:00,10,02,2011,21,5.3676
10.03.2011-00:00:00,10,03,2011,00,5.4747
10.03.2011-03:00:00,10,03,2011,03,5.4788
10.03.2011-06:00:00,10,03,2011,06,5.4791
10.03.2011-09:00:00,10,03,2011,09,5.4794
10.03.2011-12:00:00,10,03,2011,12,5.431
10.03.2011-15:00:00,10,03,2011,15,5.3953
10.03.2011-18:00:00,10,03,2011,18,5.4771
10.03.2011-21:00:00,10,03,2011,21,5.4808
10.04.2011-00:00:00,10,04,2011,00,5.457
10.04.2011-03:00:00,10,04,2011,03,5.4565
10.04.2011-06:00:00,10,04,2011,06,5.4569
10.04.2011-09:00:00,10,04,2011,09,5.4575
10.04.2011-12:00:00,10,04,2011,12,5.4373
10.04.2011-15:00:00,10,04,2011,15,5.4217
10.04.2011-18:00:00,10,04,2011,18,5.458
10.04.2011-21:00:00,10,04,2011,21,5.4599
10.05.2011-00:00:00,10,05,2011,00,5.4107
10.05.2011-03:00:00,10,05,2011,03,5.4105
10.05.2011-06:00:00,10,05,2011,06,5.4121
10.05.2011-09:00:00,10,05,2011,09,5.4141
10.05.2011-12:00:00,10,05,2011,12,5.3907
10.05.2011-15:00:00,10,05,2011,15,5.3787
10.05.2011-18:00:00,10,05,2011,18,5.4145
10.05.2011-21:00:00,10,05,2011,21,5.421
10.06.2011-00:00:00,10,06,2011,00,5.7062
10.06.2011-03:00:00,10,06,2011,03,5.7187
10.06.2011-06:00:00,10,06,2011,06,5.7247
10.06.2011-09:00:00,10,06,2011,09,5.7342
10.06.2011-12:00:00,10,06,2011,12,5.7468
10.06.2011-15:00:00,10,06,2011,15,5.7622
10.06.2011-18:00:00,10,06,2011,18,5.7806
10.06.2011-21:00:00,10,06,2011,21,5.8019
10.07.2011-00:00:00,10,07,2011,00,5.4995
10.07.2011-03:00:00,10,07,2011,03,5.537
10.07.2011-06:00:00,10,07,2011,06,5.6172
10.07.2011-09:00:00,10,07,2011,09,5.6677
10.07.2011-12:00:00,10,07,2011,12,5.6838
10.07.2011-15:00:00,10,07,2011,15,5.6988
10.07.2011-18:00:00,10,07,2011,18,5.7181
10.07.2011-21:00:00,10,07,2011,21,5.7372
10.08.2011-00:00:00,10,08,2011,00,5.7559
10.08.2011-03:00:00,10,08,2011,03,5.7742
10.08.2011-06:00:00,10,08,2011,06,5.7926
10.08.2011-09:00:00,10,08,2011,09,5.8102
10.08.2011-12:00:00,10,08,2011,12,5.8274
10.08.2011-15:00:00,10,08,2011,15,5.8443
10.08.2011-18:00:00,10,08,2011,18,5.861
10.08.2011-21:00:00,10,08,2011,21,5.8774
10.09.2011-00:00:00,10,09,2011,00,5.8935
10.09.2011-03:00:00,10,09,2011,03,5.9095
10.09.2011-06:00:00,10,09,2011,06,5.9257
10.09.2011-09:00:00,10,09,2011,09,5.9413
10.09.2011-12:00:00,10,09,2011,12,5.9566
10.09.2011-15:00:00,10,09,2011,15,5.9718
10.09.2011-18:00:00,10,09,2011,18,5.9868
10.09.2011-21:00:00,10,09,2011,21,6.0016
10.10.2011-00:00:00,10,10,2011,00,6.0163
10.10.2011-03:00:00,10,10,2011,03,6.0313
10.10.2011-06:00:00,10,10,2011,06,6.0463
10.10.2011-09:00:00,10,10,2011,09,6.0827
10.10.2011-12:00:00,10,10,2011,12,6.0848
10.10.2011-15:00:00,10,10,2011,15,6.0885
10.10.2011-18:00:00,10,10,2011,18,6.1088
10.10.2011-21:00:00,10,10,2011,21,6.1331
10.11.2011-00:00:00,10,11,2011,00,6.5852
10.11.2011-03:00:00,10,11,2011,03,6.6186
10.11.2011-06:00:00,10,11,2011,06,6.7351
10.11.2011-09:00:00,10,11,2011,09,6.9872
10.11.2011-12:00:00,10,11,2011,12,7.3156
10.11.2011-15:00:00,10,11,2011,15,7.6599
10.11.2011-18:00:00,10,11,2011,18,8.0029
10.11.2011-21:00:00,10,11,2011,21,8.3397
10.12.2011-00:00:00,10,12,2011,00,8.4878
10.12.2011-03:00:00,10,12,2011,03,8.8451
10.12.2011-06:00:00,10,12,2011,06,9.1623
10.12.2011-09:00:00,10,12,2011,09,9.4307
10.12.2011-12:00:00,10,12,2011,12,9.6717
10.12.2011-15:00:00,10,12,2011,15,9.9
10.12.2011-18:00:00,10,12,2011,18,10.213
10.12.2011-21:00:00,10,12,2011,21,10.523
10.13.2011-00:00:00,10,13,2011,00,10.573
10.13.2011-03:00:00,10,13,2011,03,10.827
10.13.2011-06:00:00,10,13,2011,06,11.028
10.13.2011-09:00:00,10,13,2011,09,11.167
10.13.2011-12:00:00,10,13,2011,12,11.215
10.13.2011-15:00:00,10,13,2011,15,11.228
10.13.2011-18:00:00,10,13,2011,18,11.249
10.13.2011-21:00:00,10,13,2011,21,11.27
10.14.2011-00:00:00,10,14,2011,00,11.29
10.14.2011-03:00:00,10,14,2011,03,11.309
10.14.2011-06:00:00,10,14,2011,06,11.331
10.14.2011-09:00:00,10,14,2011,09,11.34
10.14.2011-12:00:00,10,14,2011,12,11.358
10.14.2011-15:00:00,10,14,2011,15,11.367
10.14.2011-18:00:00,10,14,2011,18,11.384
10.14.2011-21:00:00,10,14,2011,21,11.408
10.15.2011-00:00:00,10,15,2011,00,11.455
10.15.2011-03:00:00,10,15,2011,03,11.525
10.15.2011-06:00:00,10,15,2011,06,11.586
10.15.2011-09:00:00,10,15,2011,09,11.632
10.15.2011-12:00:00,10,15,2011,12,11.652
10.15.2011-15:00:00,10,15,2011,15,11.655
10.15.2011-18:00:00,10,15,2011,18,11.734
10.15.2011-21:00:00,10,15,2011,21,11.799
10.16.2011-00:00:00,10,16,2011,00,11.807
10.16.2011-03:00:00,10,16,2011,03,11.818
10.16.2011-06:00:00,10,16,2011,06,11.826
10.16.2011-09:00:00,10,16,2011,09,11.834
10.16.2011-12:00:00,10,16,2011,12,11.841
10.16.2011-15:00:00,10,16,2011,15,11.848
10.16.2011-18:00:00,10,16,2011,18,11.855
10.16.2011-21:00:00,10,16,2011,21,11.862
10.17.2011-00:00:00,10,17,2011,00,11.868
10.17.2011-03:00:00,10,17,2011,03,11.873
10.17.2011-06:00:00,10,17,2011,06,11.879
10.17.2011-09:00:00,10,17,2011,09,11.884
10.17.2011-12:00:00,10,17,2011,12,11.888
10.17.2011-15:00:00,10,17,2011,15,11.894
10.17.2011-18:00:00,10,17,2011,18,11.897
10.17.2011-21:00:00,10,17,2011,21,11.901
10.18.2011-00:00:00,10,18,2011,00,11.904
10.18.2011-03:00:00,10,18,2011,03,11.909
10.18.2011-06:00:00,10,18,2011,06,11.911
10.18.2011-09:00:00,10,18,2011,09,11.914
10.18.2011-12:00:00,10,18,2011,12,11.917
10.18.2011-15:00:00,10,18,2011,15,11.919
10.18.2011-18:00:00,10,18,2011,18,11.921
10.18.2011-21:00:00,10,18,2011,21,11.922
10.19.2011-00:00:00,10,19,2011,00,11.925
10.19.2011-03:00:00,10,19,2011,03,11.926
10.19.2011-06:00:00,10,19,2011,06,11.926
10.19.2011-09:00:00,10,19,2011,09,11.928
10.19.2011-12:00:00,10,19,2011,12,11.929
10.19.2011-15:00:00,10,19,2011,15,11.929
10.19.2011-18:00:00,10,19,2011,18,11.93
10.19.2011-21:00:00,10,19,2011,21,11.93
10.20.2011-00:00:00,10,20,2011,00,11.928
10.20.2011-03:00:00,10,20,2011,03,11.927
10.20.2011-06:00:00,10,20,2011,06,11.927
10.20.2011-09:00:00,10,20,2011,09,11.925
10.20.2011-12:00:00,10,20,2011,12,11.923
10.20.2011-15:00:00,10,20,2011,15,11.922
10.20.2011-18:00:00,10,20,2011,18,11.92
10.20.2011-21:00:00,10,20,2011,21,11.917
10.21.2011-00:00:00,10,21,2011,00,11.916
10.21.2011-03:00:00,10,21,2011,03,11.913
10.21.2011-06:00:00,10,21,2011,06,11.91
10.21.2011-09:00:00,10,21,2011,09,11.907
10.21.2011-12:00:00,10,21,2011,12,11.903
10.21.2011-15:00:00,10,21,2011,15,11.899
10.21.2011-18:00:00,10,21,2011,18,11.896
10.21.2011-21:00:00,10,21,2011,21,11.891
10.22.2011-00:00:00,10,22,2011,00,12.055
10.22.2011-03:00:00,10,22,2011,03,12.134
10.22.2011-06:00:00,10,22,2011,06,12.134
10.22.2011-09:00:00,10,22,2011,09,12.128
10.22.2011-12:00:00,10,22,2011,12,12.146
10.22.2011-15:00:00,10,22,2011,15,12.254
10.22.2011-18:00:00,10,22,2011,18,12.511
10.22.2011-21:00:00,10,22,2011,21,12.807
10.23.2011-00:00:00,10,23,2011,00,13.128
10.23.2011-03:00:00,10,23,2011,03,13.46
10.23.2011-06:00:00,10,23,2011,06,13.847
10.23.2011-09:00:00,10,23,2011,09,14.223
10.23.2011-12:00:00,10,23,2011,12,14.588
10.23.2011-15:00:00,10,23,2011,15,14.943
10.23.2011-18:00:00,10,23,2011,18,15.326
10.23.2011-21:00:00,10,23,2011,21,15.709
10.24.2011-00:00:00,10,24,2011,00,15.834
10.24.2011-03:00:00,10,24,2011,03,16.128
10.24.2011-06:00:00,10,24,2011,06,16.359
10.24.2011-09:00:00,10,24,2011,09,16.5
10.24.2011-12:00:00,10,24,2011,12,16.494
10.24.2011-15:00:00,10,24,2011,15,16.44
10.24.2011-18:00:00,10,24,2011,18,16.405
10.24.2011-21:00:00,10,24,2011,21,16.369
10.25.2011-00:00:00,10,25,2011,00,16.333
10.25.2011-03:00:00,10,25,2011,03,16.297
10.25.2011-06:00:00,10,25,2011,06,16.26
10.25.2011-09:00:00,10,25,2011,09,16.212
10.25.2011-12:00:00,10,25,2011,12,16.175
10.25.2011-15:00:00,10,25,2011,15,16.136
10.25.2011-18:00:00,10,25,2011,18,16.097
10.25.2011-21:00:00,10,25,2011,21,16.059
10.26.2011-00:00:00,10,26,2011,00,16.02
10.26.2011-03:00:00,10,26,2011,03,15.98
10.26.2011-06:00:00,10,26,2011,06,15.94
10.26.2011-09:00:00,10,26,2011,09,15.9
10.26.2011-12:00:00,10,26,2011,12,15.859
10.26.2011-15:00:00,10,26,2011,15,15.819
10.26.2011-18:00:00,10,26,2011,18,15.777
10.26.2011-21:00:00,10,26,2011,21,15.735
10.27.2011-00:00:00,10,27,2011,00,15.694
10.27.2011-03:00:00,10,27,2011,03,15.653
10.27.2011-06:00:00,10,27,2011,06,15.61
10.27.2011-09:00:00,10,27,2011,09,15.568
10.27.2011-12:00:00,10,27,2011,12,15.525
10.27.2011-15:00:00,10,27,2011,15,15.482
10.27.2011-18:00:00,10,27,2011,18,15.439
10.27.2011-21:00:00,10,27,2011,21,15.395
10.28.2011-00:00:00,10,28,2011,00,15.352
10.28.2011-03:00:00,10,28,2011,03,15.308
10.28.2011-06:00:00,10,28,2011,06,15.263
10.28.2011-09:00:00,10,28,2011,09,15.22
10.28.2011-12:00:00,10,28,2011,12,15.175
10.28.2011-15:00:00,10,28,2011,15,15.13
10.28.2011-18:00:00,10,28,2011,18,15.086
10.28.2011-21:00:00,10,28,2011,21,15.04
10.29.2011-00:00:00,10,29,2011,00,14.995
10.29.2011-03:00:00,10,29,2011,03,14.95
10.29.2011-06:00:00,10,29,2011,06,14.905
10.29.2011-09:00:00,10,29,2011,09,14.86
10.29.2011-12:00:00,10,29,2011,12,14.815
10.29.2011-15:00:00,10,29,2011,15,14.9
10.29.2011-18:00:00,10,29,2011,18,15.196
10.29.2011-21:00:00,10,29,2011,21,15.485
10.30.2011-00:00:00,10,30,2011,00,15.705
10.30.2011-03:00:00,10,30,2011,03,15.862
10.30.2011-06:00:00,10,30,2011,06,15.969
10.30.2011-09:00:00,10,30,2011,09,15.907
10.30.2011-12:00:00,10,30,2011,12,15.826
10.30.2011-15:00:00,10,30,2011,15,15.783
10.30.2011-18:00:00,10,30,2011,18,15.767
10.30.2011-21:00:00,10,30,2011,21,15.765
10.31.2011-00:00:00,10,31,2011,00,15.766
10.31.2011-03:00:00,10,31,2011,03,15.741
10.31.2011-06:00:00,10,31,2011,06,15.705
10.31.2011-09:00:00,10,31,2011,09,15.649
10.31.2011-12:00:00,10,31,2011,12,15.596
10.31.2011-15:00:00,10,31,2011,15,15.566
10.31.2011-18:00:00,10,31,2011,18,15.567
10.31.2011-21:00:00,10,31,2011,21,15.582
11.01.2011-00:00:00,11,01,2011,00,15.601
11.01.2011-03:00:00,11,01,2011,03,15.616
11.01.2011-06:00:00,11,01,2011,06,15.608
11.01.2011-09:00:00,11,01,2011,09,15.573
11.01.2011-12:00:00,11,01,2011,12,15.525
11.01.2011-15:00:00,11,01,2011,15,15.48
11.01.2011-18:00:00,11,01,2011,18,15.435
11.01.2011-21:00:00,11,01,2011,21,15.39
11.02.2011-00:00:00,11,02,2011,00,15.344
11.02.2011-03:00:00,11,02,2011,03,15.3
11.02.2011-06:00:00,11,02,2011,06,15.254
11.02.2011-09:00:00,11,02,2011,09,15.208
11.02.2011-12:00:00,11,02,2011,12,15.164
11.02.2011-15:00:00,11,02,2011,15,15.124
11.02.2011-18:00:00,11,02,2011,18,15.096
11.02.2011-21:00:00,11,02,2011,21,15.073
11.03.2011-00:00:00,11,03,2011,00,15.05
11.03.2011-03:00:00,11,03,2011,03,15.016
11.03.2011-06:00:00,11,03,2011,06,14.971
11.03.2011-09:00:00,11,03,2011,09,14.927
11.03.2011-12:00:00,11,03,2011,12,14.884
11.03.2011-15:00:00,11,03,2011,15,14.857
11.03.2011-18:00:00,11,03,2011,18,14.851
11.03.2011-21:00:00,11,03,2011,21,14.862
11.04.2011-00:00:00,11,04,2011,00,14.856
11.04.2011-03:00:00,11,04,2011,03,14.842
11.04.2011-06:00:00,11,04,2011,06,14.826
11.04.2011-09:00:00,11,04,2011,09,14.784
11.04.2011-12:00:00,11,04,2011,12,14.747
11.04.2011-15:00:00,11,04,2011,15,14.724
11.04.2011-18:00:00,11,04,2011,18,14.706
11.04.2011-21:00:00,11,04,2011,21,14.69
11.05.2011-00:00:00,11,05,2011,00,14.674
11.05.2011-03:00:00,11,05,2011,03,14.639
11.05.2011-06:00:00,11,05,2011,06,14.601
11.05.2011-09:00:00,11,05,2011,09,14.563
11.05.2011-12:00:00,11,05,2011,12,14.526
11.05.2011-15:00:00,11,05,2011,15,14.498
11.05.2011-18:00:00,11,05,2011,18,14.481
11.05.2011-21:00:00,11,05,2011,21,14.447
11.06.2011-00:00:00,11,06,2011,00,14.411
11.06.2011-03:00:00,11,06,2011,03,14.374
11.06.2011-06:00:00,11,06,2011,06,14.338
11.06.2011-09:00:00,11,06,2011,09,14.301
11.06.2011-12:00:00,11,06,2011,12,14.264
11.06.2011-15:00:00,11,06,2011,15,14.227
11.06.2011-18:00:00,11,06,2011,18,14.19
11.06.2011-21:00:00,11,06,2011,21,14.152
11.07.2011-00:00:00,11,07,2011,00,14.115
11.07.2011-03:00:00,11,07,2011,03,14.076
11.07.2011-06:00:00,11,07,2011,06,14.038
11.07.2011-09:00:00,11,07,2011,09,14
11.07.2011-12:00:00,11,07,2011,12,13.961
11.07.2011-15:00:00,11,07,2011,15,13.922
11.07.2011-18:00:00,11,07,2011,18,13.883
11.07.2011-21:00:00,11,07,2011,21,13.845
11.08.2011-00:00:00,11,08,2011,00,13.806
11.08.2011-03:00:00,11,08,2011,03,13.767
11.08.2011-06:00:00,11,08,2011,06,13.728
11.08.2011-09:00:00,11,08,2011,09,13.688
11.08.2011-12:00:00,11,08,2011,12,13.648
11.08.2011-15:00:00,11,08,2011,15,13.614
11.08.2011-18:00:00,11,08,2011,18,13.584
11.08.2011-21:00:00,11,08,2011,21,13.544
11.09.2011-00:00:00,11,09,2011,00,13.503
11.09.2011-03:00:00,11,09,2011,03,13.463
11.09.2011-06:00:00,11,09,2011,06,13.422
11.09.2011-09:00:00,11,09,2011,09,13.381
11.09.2011-12:00:00,11,09,2011,12,13.341
11.09.2011-15:00:00,11,09,2011,15,13.322
11.09.2011-18:00:00,11,09,2011,18,13.331
11.09.2011-21:00:00,11,09,2011,21,13.374
11.10.2011-00:00:00,11,10,2011,00,13.416
11.10.2011-03:00:00,11,10,2011,03,13.448
11.10.2011-06:00:00,11,10,2011,06,13.453
11.10.2011-09:00:00,11,10,2011,09,13.448
11.10.2011-12:00:00,11,10,2011,12,13.419
11.10.2011-15:00:00,11,10,2011,15,13.39
11.10.2011-18:00:00,11,10,2011,18,13.356
11.10.2011-21:00:00,11,10,2011,21,13.319
11.11.2011-00:00:00,11,11,2011,00,13.282
11.11.2011-03:00:00,11,11,2011,03,13.243
11.11.2011-06:00:00,11,11,2011,06,13.204
11.11.2011-09:00:00,11,11,2011,09,13.165
11.11.2011-12:00:00,11,11,2011,12,13.125
11.11.2011-15:00:00,11,11,2011,15,13.085
11.11.2011-18:00:00,11,11,2011,18,13.045
11.11.2011-21:00:00,11,11,2011,21,13.005
11.12.2011-00:00:00,11,12,2011,00,12.964
11.12.2011-03:00:00,11,12,2011,03,12.923
11.12.2011-06:00:00,11,12,2011,06,12.882
11.12.2011-09:00:00,11,12,2011,09,12.841
11.12.2011-12:00:00,11,12,2011,12,12.807
11.12.2011-15:00:00,11,12,2011,15,12.792
11.12.2011-18:00:00,11,12,2011,18,12.789
11.12.2011-21:00:00,11,12,2011,21,12.777
11.13.2011-00:00:00,11,13,2011,00,12.754
11.13.2011-03:00:00,11,13,2011,03,12.715
11.13.2011-06:00:00,11,13,2011,06,12.673
11.13.2011-09:00:00,11,13,2011,09,12.63
11.13.2011-12:00:00,11,13,2011,12,12.587
11.13.2011-15:00:00,11,13,2011,15,12.543
11.13.2011-18:00:00,11,13,2011,18,12.501
11.13.2011-21:00:00,11,13,2011,21,12.459
11.14.2011-00:00:00,11,14,2011,00,12.415
11.14.2011-03:00:00,11,14,2011,03,12.372
11.14.2011-06:00:00,11,14,2011,06,12.329
11.14.2011-09:00:00,11,14,2011,09,12.286
11.14.2011-12:00:00,11,14,2011,12,12.242
11.14.2011-15:00:00,11,14,2011,15,12.222
11.14.2011-18:00:00,11,14,2011,18,12.223
11.14.2011-21:00:00,11,14,2011,21,12.237
11.15.2011-00:00:00,11,15,2011,00,12.249
11.15.2011-03:00:00,11,15,2011,03,12.259
11.15.2011-06:00:00,11,15,2011,06,12.252
11.15.2011-09:00:00,11,15,2011,09,12.211
11.15.2011-12:00:00,11,15,2011,12,12.171
11.15.2011-15:00:00,11,15,2011,15,12.131
11.15.2011-18:00:00,11,15,2011,18,12.093
11.15.2011-21:00:00,11,15,2011,21,12.054
11.16.2011-00:00:00,11,16,2011,00,12.014
11.16.2011-03:00:00,11,16,2011,03,11.975
11.16.2011-06:00:00,11,16,2011,06,11.936
11.16.2011-09:00:00,11,16,2011,09,11.897
11.16.2011-12:00:00,11,16,2011,12,11.857
11.16.2011-15:00:00,11,16,2011,15,11.818
11.16.2011-18:00:00,11,16,2011,18,11.78
11.16.2011-21:00:00,11,16,2011,21,11.74
11.17.2011-00:00:00,11,17,2011,00,11.701
11.17.2011-03:00:00,11,17,2011,03,11.662
11.17.2011-06:00:00,11,17,2011,06,11.623
11.17.2011-09:00:00,11,17,2011,09,11.584
11.17.2011-12:00:00,11,17,2011,12,11.546
11.17.2011-15:00:00,11,17,2011,15,11.508
11.17.2011-18:00:00,11,17,2011,18,11.469
11.17.2011-21:00:00,11,17,2011,21,11.432
11.18.2011-00:00:00,11,18,2011,00,11.393
11.18.2011-03:00:00,11,18,2011,03,11.355
11.18.2011-06:00:00,11,18,2011,06,11.317
11.18.2011-09:00:00,11,18,2011,09,11.279
11.18.2011-12:00:00,11,18,2011,12,11.241
11.18.2011-15:00:00,11,18,2011,15,11.204
11.18.2011-18:00:00,11,18,2011,18,11.166
11.18.2011-21:00:00,11,18,2011,21,11.128
11.19.2011-00:00:00,11,19,2011,00,11.092
11.19.2011-03:00:00,11,19,2011,03,11.055
11.19.2011-06:00:00,11,19,2011,06,11.018
11.19.2011-09:00:00,11,19,2011,09,10.981
11.19.2011-12:00:00,11,19,2011,12,10.944
11.19.2011-15:00:00,11,19,2011,15,10.908
11.19.2011-18:00:00,11,19,2011,18,10.871
11.19.2011-21:00:00,11,19,2011,21,10.835
11.20.2011-00:00:00,11,20,2011,00,10.799
11.20.2011-03:00:00,11,20,2011,03,10.763
11.20.2011-06:00:00,11,20,2011,06,10.727
11.20.2011-09:00:00,11,20,2011,09,10.691
11.20.2011-12:00:00,11,20,2011,12,10.655
11.20.2011-15:00:00,11,20,2011,15,10.619
11.20.2011-18:00:00,11,20,2011,18,10.584
11.20.2011-21:00:00,11,20,2011,21,10.548
11.21.2011-00:00:00,11,21,2011,00,10.512
11.21.2011-03:00:00,11,21,2011,03,10.477
11.21.2011-06:00:00,11,21,2011,06,10.441
11.21.2011-09:00:00,11,21,2011,09,10.406
11.21.2011-12:00:00,11,21,2011,12,10.371
11.21.2011-15:00:00,11,21,2011,15,10.336
11.21.2011-18:00:00,11,21,2011,18,10.3
11.21.2011-21:00:00,11,21,2011,21,10.264
11.22.2011-00:00:00,11,22,2011,00,10.23
11.22.2011-03:00:00,11,22,2011,03,10.194
11.22.2011-06:00:00,11,22,2011,06,10.158
11.22.2011-09:00:00,11,22,2011,09,10.123
11.22.2011-12:00:00,11,22,2011,12,10.087
11.22.2011-15:00:00,11,22,2011,15,10.052
11.22.2011-18:00:00,11,22,2011,18,10.017
11.22.2011-21:00:00,11,22,2011,21,9.9812
11.23.2011-00:00:00,11,23,2011,00,9.9456
11.23.2011-03:00:00,11,23,2011,03,9.91
11.23.2011-06:00:00,11,23,2011,06,9.8751
11.23.2011-09:00:00,11,23,2011,09,9.8395
11.23.2011-12:00:00,11,23,2011,12,9.8038
11.23.2011-15:00:00,11,23,2011,15,9.7681
11.23.2011-18:00:00,11,23,2011,18,9.7322
11.23.2011-21:00:00,11,23,2011,21,9.6963
11.24.2011-00:00:00,11,24,2011,00,9.6611
11.24.2011-03:00:00,11,24,2011,03,9.625
11.24.2011-06:00:00,11,24,2011,06,9.5888
11.24.2011-09:00:00,11,24,2011,09,9.5525
11.24.2011-12:00:00,11,24,2011,12,9.5161
11.24.2011-15:00:00,11,24,2011,15,9.4804
11.24.2011-18:00:00,11,24,2011,18,9.4442
11.24.2011-21:00:00,11,24,2011,21,9.4075
11.25.2011-00:00:00,11,25,2011,00,9.3707
11.25.2011-03:00:00,11,25,2011,03,9.3339
11.25.2011-06:00:00,11,25,2011,06,9.297
11.25.2011-09:00:00,11,25,2011,09,9.2608
11.25.2011-12:00:00,11,25,2011,12,9.2245
11.25.2011-15:00:00,11,25,2011,15,9.1874
11.25.2011-18:00:00,11,25,2011,18,9.1503
11.25.2011-21:00:00,11,25,2011,21,9.1125
11.26.2011-00:00:00,11,26,2011,00,9.0747
11.26.2011-03:00:00,11,26,2011,03,9.0376
11.26.2011-06:00:00,11,26,2011,06,8.9998
11.26.2011-09:00:00,11,26,2011,09,8.962
11.26.2011-12:00:00,11,26,2011,12,8.9239
11.26.2011-15:00:00,11,26,2011,15,8.8858
11.26.2011-18:00:00,11,26,2011,18,8.8477
11.26.2011-21:00:00,11,26,2011,21,8.8093
11.27.2011-00:00:00,11,27,2011,00,8.7715
11.27.2011-03:00:00,11,27,2011,03,8.733
11.27.2011-06:00:00,11,27,2011,06,8.6947
11.27.2011-09:00:00,11,27,2011,09,8.6559
11.27.2011-12:00:00,11,27,2011,12,8.6172
11.27.2011-15:00:00,11,27,2011,15,8.5786
11.27.2011-18:00:00,11,27,2011,18,8.5402
11.27.2011-21:00:00,11,27,2011,21,8.5025
11.28.2011-00:00:00,11,28,2011,00,8.4644
11.28.2011-03:00:00,11,28,2011,03,8.4263
11.28.2011-06:00:00,11,28,2011,06,8.3875
11.28.2011-09:00:00,11,28,2011,09,8.3489
11.28.2011-12:00:00,11,28,2011,12,8.3105
11.28.2011-15:00:00,11,28,2011,15,8.2723
11.28.2011-18:00:00,11,28,2011,18,8.2351
11.28.2011-21:00:00,11,28,2011,21,8.1974
11.29.2011-00:00:00,11,29,2011,00,8.1599
11.29.2011-03:00:00,11,29,2011,03,8.1227
11.29.2011-06:00:00,11,29,2011,06,8.0862
11.29.2011-09:00:00,11,29,2011,09,8.0498
11.29.2011-12:00:00,11,29,2011,12,8.013
11.29.2011-15:00:00,11,29,2011,15,7.9767
11.29.2011-18:00:00,11,29,2011,18,7.94
11.29.2011-21:00:00,11,29,2011,21,7.9036
11.30.2011-00:00:00,11,30,2011,00,7.8676
11.30.2011-03:00:00,11,30,2011,03,7.8318
11.30.2011-06:00:00,11,30,2011,06,7.7962
11.30.2011-09:00:00,11,30,2011,09,7.7608
11.30.2011-12:00:00,11,30,2011,12,7.7257
11.30.2011-15:00:00,11,30,2011,15,7.6915
11.30.2011-18:00:00,11,30,2011,18,7.6569
11.30.2011-21:00:00,11,30,2011,21,7.6225
12.01.2011-00:00:00,12,01,2011,00,7.5883
12.01.2011-03:00:00,12,01,2011,03,7.5544
12.01.2011-06:00:00,12,01,2011,06,7.5207
12.01.2011-09:00:00,12,01,2011,09,7.4872
12.01.2011-12:00:00,12,01,2011,12,7.454
12.01.2011-15:00:00,12,01,2011,15,7.4216
12.01.2011-18:00:00,12,01,2011,18,7.3895
12.01.2011-21:00:00,12,01,2011,21,7.357
12.02.2011-00:00:00,12,02,2011,00,7.3246
12.02.2011-03:00:00,12,02,2011,03,7.2925
12.02.2011-06:00:00,12,02,2011,06,7.2606
12.02.2011-09:00:00,12,02,2011,09,7.2289
12.02.2011-12:00:00,12,02,2011,12,7.1975
12.02.2011-15:00:00,12,02,2011,15,7.1662
12.02.2011-18:00:00,12,02,2011,18,7.1358
12.02.2011-21:00:00,12,02,2011,21,7.1049
12.03.2011-00:00:00,12,03,2011,00,7.0743
12.03.2011-03:00:00,12,03,2011,03,7.0438
12.03.2011-06:00:00,12,03,2011,06,7.0136
12.03.2011-09:00:00,12,03,2011,09,6.9835
12.03.2011-12:00:00,12,03,2011,12,6.9537
12.03.2011-15:00:00,12,03,2011,15,6.924
12.03.2011-18:00:00,12,03,2011,18,6.8945
12.03.2011-21:00:00,12,03,2011,21,6.8659
12.04.2011-00:00:00,12,04,2011,00,6.8368
12.04.2011-03:00:00,12,04,2011,03,6.8079
12.04.2011-06:00:00,12,04,2011,06,6.7792
12.04.2011-09:00:00,12,04,2011,09,6.7506
12.04.2011-12:00:00,12,04,2011,12,6.7223
12.04.2011-15:00:00,12,04,2011,15,6.6941
12.04.2011-18:00:00,12,04,2011,18,6.6661
12.04.2011-21:00:00,12,04,2011,21,6.6383
12.05.2011-00:00:00,12,05,2011,00,6.6107
12.05.2011-03:00:00,12,05,2011,03,6.5838
12.05.2011-06:00:00,12,05,2011,06,6.5568
12.05.2011-09:00:00,12,05,2011,09,6.5297
12.05.2011-12:00:00,12,05,2011,12,6.5027
12.05.2011-15:00:00,12,05,2011,15,6.4759
12.05.2011-18:00:00,12,05,2011,18,6.4493
12.05.2011-21:00:00,12,05,2011,21,6.4228
12.06.2011-00:00:00,12,06,2011,00,6.3965
12.06.2011-03:00:00,12,06,2011,03,6.3704
12.06.2011-06:00:00,12,06,2011,06,6.3444
12.06.2011-09:00:00,12,06,2011,09,6.3186
12.06.2011-12:00:00,12,06,2011,12,6.2929
12.06.2011-15:00:00,12,06,2011,15,6.2679
12.06.2011-18:00:00,12,06,2011,18,6.2426
12.06.2011-21:00:00,12,06,2011,21,6.2173
12.07.2011-00:00:00,12,07,2011,00,6.1922
12.07.2011-03:00:00,12,07,2011,03,6.1672
12.07.2011-06:00:00,12,07,2011,06,6.1424
12.07.2011-09:00:00,12,07,2011,09,6.1178
12.07.2011-12:00:00,12,07,2011,12,6.0932
12.07.2011-15:00:00,12,07,2011,15,6.0688
12.07.2011-18:00:00,12,07,2011,18,6.0446
12.07.2011-21:00:00,12,07,2011,21,6.0205
12.08.2011-00:00:00,12,08,2011,00,5.9966
12.08.2011-03:00:00,12,08,2011,03,5.9733
12.08.2011-06:00:00,12,08,2011,06,5.9497
12.08.2011-09:00:00,12,08,2011,09,5.9261
12.08.2011-12:00:00,12,08,2011,12,5.9028
12.08.2011-15:00:00,12,08,2011,15,5.8795
12.08.2011-18:00:00,12,08,2011,18,5.8564
12.08.2011-21:00:00,12,08,2011,21,5.8335
12.09.2011-00:00:00,12,09,2011,00,5.8106
12.09.2011-03:00:00,12,09,2011,03,5.7879
12.09.2011-06:00:00,12,09,2011,06,5.7654
12.09.2011-09:00:00,12,09,2011,09,5.7429
12.09.2011-12:00:00,12,09,2011,12,5.7206
12.09.2011-15:00:00,12,09,2011,15,5.6983
12.09.2011-18:00:00,12,09,2011,18,5.6762
12.09.2011-21:00:00,12,09,2011,21,5.6548
12.10.2011-00:00:00,12,10,2011,00,5.633
12.10.2011-03:00:00,12,10,2011,03,5.6112
12.10.2011-06:00:00,12,10,2011,06,5.589
12.10.2011-09:00:00,12,10,2011,09,5.5675
12.10.2011-12:00:00,12,10,2011,12,5.5461
12.10.2011-15:00:00,12,10,2011,15,5.5242
12.10.2011-18:00:00,12,10,2011,18,5.503
12.10.2011-21:00:00,12,10,2011,21,5.4814
12.11.2011-00:00:00,12,11,2011,00,5.4605
12.11.2011-03:00:00,12,11,2011,03,5.4397
12.11.2011-06:00:00,12,11,2011,06,5.4184
12.11.2011-09:00:00,12,11,2011,09,5.3979
12.11.2011-12:00:00,12,11,2011,12,5.3768
12.11.2011-15:00:00,12,11,2011,15,5.3565
12.11.2011-18:00:00,12,11,2011,18,5.3356
12.11.2011-21:00:00,12,11,2011,21,5.3149
12.12.2011-00:00:00,12,12,2011,00,5.2942
12.12.2011-03:00:00,12,12,2011,03,5.2742
12.12.2011-06:00:00,12,12,2011,06,5.2542
12.12.2011-09:00:00,12,12,2011,09,5.2339
12.12.2011-12:00:00,12,12,2011,12,5.2136
12.12.2011-15:00:00,12,12,2011,15,5.1929
12.12.2011-18:00:00,12,12,2011,18,5.1724
12.12.2011-21:00:00,12,12,2011,21,5.1519
12.13.2011-00:00:00,12,13,2011,00,5.1316
12.13.2011-03:00:00,12,13,2011,03,5.1114
12.13.2011-06:00:00,12,13,2011,06,5.0914
12.13.2011-09:00:00,12,13,2011,09,5.0715
12.13.2011-12:00:00,12,13,2011,12,5.0517
12.13.2011-15:00:00,12,13,2011,15,5.032
12.13.2011-18:00:00,12,13,2011,18,5.0125
12.13.2011-21:00:00,12,13,2011,21,4.9931
12.14.2011-00:00:00,12,14,2011,00,4.9737
12.14.2011-03:00:00,12,14,2011,03,4.9546
12.14.2011-06:00:00,12,14,2011,06,4.9355
12.14.2011-09:00:00,12,14,2011,09,4.9165
12.14.2011-12:00:00,12,14,2011,12,4.8977
12.14.2011-15:00:00,12,14,2011,15,4.8789
12.14.2011-18:00:00,12,14,2011,18,4.8603
12.14.2011-21:00:00,12,14,2011,21,4.8418
12.15.2011-00:00:00,12,15,2011,00,4.8234
12.15.2011-03:00:00,12,15,2011,03,4.8052
12.15.2011-06:00:00,12,15,2011,06,4.787
12.15.2011-09:00:00,12,15,2011,09,4.769
12.15.2011-12:00:00,12,15,2011,12,4.751
12.15.2011-15:00:00,12,15,2011,15,4.7332
12.15.2011-18:00:00,12,15,2011,18,4.7155
12.15.2011-21:00:00,12,15,2011,21,4.6979
12.16.2011-00:00:00,12,16,2011,00,4.6804
12.16.2011-03:00:00,12,16,2011,03,4.6629
12.16.2011-06:00:00,12,16,2011,06,4.6456
12.16.2011-09:00:00,12,16,2011,09,4.6284
12.16.2011-12:00:00,12,16,2011,12,4.6113
12.16.2011-15:00:00,12,16,2011,15,4.5943
12.16.2011-18:00:00,12,16,2011,18,4.5775
12.16.2011-21:00:00,12,16,2011,21,4.5607
12.17.2011-00:00:00,12,17,2011,00,4.544
12.17.2011-03:00:00,12,17,2011,03,4.5274
12.17.2011-06:00:00,12,17,2011,06,4.5109
12.17.2011-09:00:00,12,17,2011,09,4.4945
12.17.2011-12:00:00,12,17,2011,12,4.4782
12.17.2011-15:00:00,12,17,2011,15,4.462
12.17.2011-18:00:00,12,17,2011,18,4.4459
12.17.2011-21:00:00,12,17,2011,21,4.4299
12.18.2011-00:00:00,12,18,2011,00,4.4139
12.18.2011-03:00:00,12,18,2011,03,4.3981
12.18.2011-06:00:00,12,18,2011,06,4.3823
12.18.2011-09:00:00,12,18,2011,09,4.3667
12.18.2011-12:00:00,12,18,2011,12,4.3511
12.18.2011-15:00:00,12,18,2011,15,4.3356
12.18.2011-18:00:00,12,18,2011,18,4.3202
12.18.2011-21:00:00,12,18,2011,21,4.3049
12.19.2011-00:00:00,12,19,2011,00,4.2897
12.19.2011-03:00:00,12,19,2011,03,4.2746
12.19.2011-06:00:00,12,19,2011,06,4.2596
12.19.2011-09:00:00,12,19,2011,09,4.2446
12.19.2011-12:00:00,12,19,2011,12,4.2297
12.19.2011-15:00:00,12,19,2011,15,4.2149
12.19.2011-18:00:00,12,19,2011,18,4.2002
12.19.2011-21:00:00,12,19,2011,21,4.1856
12.20.2011-00:00:00,12,20,2011,00,4.1711
12.20.2011-03:00:00,12,20,2011,03,4.1566
12.20.2011-06:00:00,12,20,2011,06,4.1422
12.20.2011-09:00:00,12,20,2011,09,4.1279
12.20.2011-12:00:00,12,20,2011,12,4.1137
12.20.2011-15:00:00,12,20,2011,15,4.0995
12.20.2011-18:00:00,12,20,2011,18,4.0855
12.20.2011-21:00:00,12,20,2011,21,4.0715
12.21.2011-00:00:00,12,21,2011,00,4.0576
12.21.2011-03:00:00,12,21,2011,03,4.0437
12.21.2011-06:00:00,12,21,2011,06,4.0299
12.21.2011-09:00:00,12,21,2011,09,4.0163
12.21.2011-12:00:00,12,21,2011,12,4.0026
12.21.2011-15:00:00,12,21,2011,15,3.9891
12.21.2011-18:00:00,12,21,2011,18,3.9756
12.21.2011-21:00:00,12,21,2011,21,3.9622
12.22.2011-00:00:00,12,22,2011,00,3.9489
12.22.2011-03:00:00,12,22,2011,03,3.9356
12.22.2011-06:00:00,12,22,2011,06,3.9225
12.22.2011-09:00:00,12,22,2011,09,3.9093
12.22.2011-12:00:00,12,22,2011,12,3.8963
12.22.2011-15:00:00,12,22,2011,15,3.8833
12.22.2011-18:00:00,12,22,2011,18,3.8704
12.22.2011-21:00:00,12,22,2011,21,3.8576
12.23.2011-00:00:00,12,23,2011,00,3.8448
12.23.2011-03:00:00,12,23,2011,03,3.8321
12.23.2011-06:00:00,12,23,2011,06,3.8195
12.23.2011-09:00:00,12,23,2011,09,3.8069
12.23.2011-12:00:00,12,23,2011,12,3.7944
12.23.2011-15:00:00,12,23,2011,15,3.7819
12.23.2011-18:00:00,12,23,2011,18,3.7696
12.23.2011-21:00:00,12,23,2011,21,3.7572
12.24.2011-00:00:00,12,24,2011,00,3.745
12.24.2011-03:00:00,12,24,2011,03,3.7328
12.24.2011-06:00:00,12,24,2011,06,3.7207
12.24.2011-09:00:00,12,24,2011,09,3.7086
12.24.2011-12:00:00,12,24,2011,12,3.6966
12.24.2011-15:00:00,12,24,2011,15,3.6847
12.24.2011-18:00:00,12,24,2011,18,3.6728
12.24.2011-21:00:00,12,24,2011,21,3.661
12.25.2011-00:00:00,12,25,2011,00,3.6492
12.25.2011-03:00:00,12,25,2011,03,3.6375
12.25.2011-06:00:00,12,25,2011,06,3.6259
12.25.2011-09:00:00,12,25,2011,09,3.6143
12.25.2011-12:00:00,12,25,2011,12,3.6028
12.25.2011-15:00:00,12,25,2011,15,3.5913
12.25.2011-18:00:00,12,25,2011,18,3.5799
12.25.2011-21:00:00,12,25,2011,21,3.5686
12.26.2011-00:00:00,12,26,2011,00,3.5573
12.26.2011-03:00:00,12,26,2011,03,3.5461
12.26.2011-06:00:00,12,26,2011,06,3.5349
12.26.2011-09:00:00,12,26,2011,09,3.5238
12.26.2011-12:00:00,12,26,2011,12,3.5127
12.26.2011-15:00:00,12,26,2011,15,3.5017
12.26.2011-18:00:00,12,26,2011,18,3.4907
12.26.2011-21:00:00,12,26,2011,21,3.4798
12.27.2011-00:00:00,12,27,2011,00,3.4689
12.27.2011-03:00:00,12,27,2011,03,3.4581
12.27.2011-06:00:00,12,27,2011,06,3.4473
12.27.2011-09:00:00,12,27,2011,09,3.4366
12.27.2011-12:00:00,12,27,2011,12,3.4259
12.27.2011-15:00:00,12,27,2011,15,3.4153
12.27.2011-18:00:00,12,27,2011,18,3.4047
12.27.2011-21:00:00,12,27,2011,21,3.3942
12.28.2011-00:00:00,12,28,2011,00,3.3837
12.28.2011-03:00:00,12,28,2011,03,3.3733
12.28.2011-06:00:00,12,28,2011,06,3.3629
12.28.2011-09:00:00,12,28,2011,09,3.3526
12.28.2011-12:00:00,12,28,2011,12,3.3423
12.28.2011-15:00:00,12,28,2011,15,3.3322
12.28.2011-18:00:00,12,28,2011,18,3.322
12.28.2011-21:00:00,12,28,2011,21,3.3119
12.29.2011-00:00:00,12,29,2011,00,3.3018
12.29.2011-03:00:00,12,29,2011,03,3.2918
12.29.2011-06:00:00,12,29,2011,06,3.2818
12.29.2011-09:00:00,12,29,2011,09,3.2719
12.29.2011-12:00:00,12,29,2011,12,3.262
12.29.2011-15:00:00,12,29,2011,15,3.2522
12.29.2011-18:00:00,12,29,2011,18,3.2424
12.29.2011-21:00:00,12,29,2011,21,3.2326
12.30.2011-00:00:00,12,30,2011,00,3.2229
12.30.2011-03:00:00,12,30,2011,03,3.2132
12.30.2011-06:00:00,12,30,2011,06,3.2036
12.30.2011-09:00:00,12,30,2011,09,3.1943
12.30.2011-12:00:00,12,30,2011,12,3.1856
12.30.2011-15:00:00,12,30,2011,15,3.1765
12.30.2011-18:00:00,12,30,2011,18,3.1683
12.30.2011-21:00:00,12,30,2011,21,3.1613
12.31.2011-00:00:00,12,31,2011,00,3.1548
12.31.2011-03:00:00,12,31,2011,03,3.1484
12.31.2011-06:00:00,12,31,2011,06,3.1421
12.31.2011-09:00:00,12,31,2011,09,3.1365
12.31.2011-12:00:00,12,31,2011,12,3.1312
12.31.2011-15:00:00,12,31,2011,15,3.1266
12.31.2011-18:00:00,12,31,2011,18,3.1222
12.31.2011-21:00:00,12,31,2011,21,3.1184
01.01.2012-00:00:00,01,01,2012,00,3.1151
01.01.2012-03:00:00,01,01,2012,03,3.1127
01.01.2012-06:00:00,01,01,2012,06,3.1106
01.01.2012-09:00:00,01,01,2012,09,3.1096
01.01.2012-12:00:00,01,01,2012,12,3.1091
01.01.2012-15:00:00,01,01,2012,15,3.1093
01.01.2012-18:00:00,01,01,2012,18,3.1102
01.01.2012-21:00:00,01,01,2012,21,3.1119
01.02.2012-00:00:00,01,02,2012,00,3.1142
01.02.2012-03:00:00,01,02,2012,03,3.1175
01.02.2012-06:00:00,01,02,2012,06,3.121
01.02.2012-09:00:00,01,02,2012,09,3.1254
01.02.2012-12:00:00,01,02,2012,12,3.1306
01.02.2012-15:00:00,01,02,2012,15,3.1364
01.02.2012-18:00:00,01,02,2012,18,3.1427
01.02.2012-21:00:00,01,02,2012,21,3.1496
01.03.2012-00:00:00,01,03,2012,00,3.1575
01.03.2012-03:00:00,01,03,2012,03,3.1656
01.03.2012-06:00:00,01,03,2012,06,3.1742
01.03.2012-09:00:00,01,03,2012,09,3.1836
01.03.2012-12:00:00,01,03,2012,12,3.1932
01.03.2012-15:00:00,01,03,2012,15,3.2032
01.03.2012-18:00:00,01,03,2012,18,3.214
01.03.2012-21:00:00,01,03,2012,21,3.2248
01.04.2012-00:00:00,01,04,2012,00,3.2359
01.04.2012-03:00:00,01,04,2012,03,3.2478
01.04.2012-06:00:00,01,04,2012,06,3.2601
01.04.2012-09:00:00,01,04,2012,09,3.2721
01.04.2012-12:00:00,01,04,2012,12,3.2846
01.04.2012-15:00:00,01,04,2012,15,3.2975
01.04.2012-18:00:00,01,04,2012,18,3.3104
01.04.2012-21:00:00,01,04,2012,21,3.3229
01.05.2012-00:00:00,01,05,2012,00,3.3356
01.05.2012-03:00:00,01,05,2012,03,3.3487
01.05.2012-06:00:00,01,05,2012,06,3.3613
01.05.2012-09:00:00,01,05,2012,09,3.3744
01.05.2012-12:00:00,01,05,2012,12,3.387
01.05.2012-15:00:00,01,05,2012,15,3.3998
01.05.2012-18:00:00,01,05,2012,18,3.4124
01.05.2012-21:00:00,01,05,2012,21,3.4246
01.06.2012-00:00:00,01,06,2012,00,3.4369
01.06.2012-03:00:00,01,06,2012,03,3.4492
01.06.2012-06:00:00,01,06,2012,06,3.4613
01.06.2012-09:00:00,01,06,2012,09,3.4732
01.06.2012-12:00:00,01,06,2012,12,3.4846
01.06.2012-15:00:00,01,06,2012,15,3.4954
01.06.2012-18:00:00,01,06,2012,18,3.5064
01.06.2012-21:00:00,01,06,2012,21,3.517
01.07.2012-00:00:00,01,07,2012,00,3.5268
01.07.2012-03:00:00,01,07,2012,03,3.537
01.07.2012-06:00:00,01,07,2012,06,3.5463
01.07.2012-09:00:00,01,07,2012,09,3.5554
01.07.2012-12:00:00,01,07,2012,12,3.5645
01.07.2012-15:00:00,01,07,2012,15,3.5728
01.07.2012-18:00:00,01,07,2012,18,3.5805
01.07.2012-21:00:00,01,07,2012,21,3.5885
01.08.2012-00:00:00,01,08,2012,00,3.5952
01.08.2012-03:00:00,01,08,2012,03,3.6014
01.08.2012-06:00:00,01,08,2012,06,3.6077
01.08.2012-09:00:00,01,08,2012,09,3.6137
01.08.2012-12:00:00,01,08,2012,12,3.6189
01.08.2012-15:00:00,01,08,2012,15,3.6238
01.08.2012-18:00:00,01,08,2012,18,3.6284
01.08.2012-21:00:00,01,08,2012,21,3.6321
01.09.2012-00:00:00,01,09,2012,00,3.6353
01.09.2012-03:00:00,01,09,2012,03,3.6386
01.09.2012-06:00:00,01,09,2012,06,3.641
01.09.2012-09:00:00,01,09,2012,09,3.6429
01.09.2012-12:00:00,01,09,2012,12,3.6449
01.09.2012-15:00:00,01,09,2012,15,3.6461
01.09.2012-18:00:00,01,09,2012,18,3.6469
01.09.2012-21:00:00,01,09,2012,21,3.6472
01.10.2012-00:00:00,01,10,2012,00,3.6472
01.10.2012-03:00:00,01,10,2012,03,3.6473
01.10.2012-06:00:00,01,10,2012,06,3.6465
01.10.2012-09:00:00,01,10,2012,09,3.6454
01.10.2012-12:00:00,01,10,2012,12,3.6439
01.10.2012-15:00:00,01,10,2012,15,3.6425
01.10.2012-18:00:00,01,10,2012,18,3.6403
01.10.2012-21:00:00,01,10,2012,21,3.6378
01.11.2012-00:00:00,01,11,2012,00,3.6349
01.11.2012-03:00:00,01,11,2012,03,3.6318
01.11.2012-06:00:00,01,11,2012,06,3.6288
01.11.2012-09:00:00,01,11,2012,09,3.625
01.11.2012-12:00:00,01,11,2012,12,3.621
01.11.2012-15:00:00,01,11,2012,15,3.6167
01.11.2012-18:00:00,01,11,2012,18,3.612
01.11.2012-21:00:00,01,11,2012,21,3.6071
01.12.2012-00:00:00,01,12,2012,00,3.6024
01.12.2012-03:00:00,01,12,2012,03,3.5973
01.12.2012-06:00:00,01,12,2012,06,3.5917
01.12.2012-09:00:00,01,12,2012,09,3.5857
01.12.2012-12:00:00,01,12,2012,12,3.5795
01.12.2012-15:00:00,01,12,2012,15,3.5731
01.12.2012-18:00:00,01,12,2012,18,3.5666
01.12.2012-21:00:00,01,12,2012,21,3.5599
01.13.2012-00:00:00,01,13,2012,00,3.5527
01.13.2012-03:00:00,01,13,2012,03,3.5453
01.13.2012-06:00:00,01,13,2012,06,3.5377
01.13.2012-09:00:00,01,13,2012,09,3.53
01.13.2012-12:00:00,01,13,2012,12,3.5221
01.13.2012-15:00:00,01,13,2012,15,3.5141
01.13.2012-18:00:00,01,13,2012,18,3.5054
01.13.2012-21:00:00,01,13,2012,21,3.4966
01.14.2012-00:00:00,01,14,2012,00,3.4881
01.14.2012-03:00:00,01,14,2012,03,3.4792
01.14.2012-06:00:00,01,14,2012,06,3.4702
01.14.2012-09:00:00,01,14,2012,09,3.4612
01.14.2012-12:00:00,01,14,2012,12,3.452
01.14.2012-15:00:00,01,14,2012,15,3.4428
01.14.2012-18:00:00,01,14,2012,18,3.4335
01.14.2012-21:00:00,01,14,2012,21,3.4242
01.15.2012-00:00:00,01,15,2012,00,3.4148
01.15.2012-03:00:00,01,15,2012,03,3.405
01.15.2012-06:00:00,01,15,2012,06,3.3946
01.15.2012-09:00:00,01,15,2012,09,3.3842
01.15.2012-12:00:00,01,15,2012,12,3.3738
01.15.2012-15:00:00,01,15,2012,15,3.3638
01.15.2012-18:00:00,01,15,2012,18,3.3535
01.15.2012-21:00:00,01,15,2012,21,3.3432
01.16.2012-00:00:00,01,16,2012,00,3.3329
01.16.2012-03:00:00,01,16,2012,03,3.3227
01.16.2012-06:00:00,01,16,2012,06,3.3124
01.16.2012-09:00:00,01,16,2012,09,3.3022
01.16.2012-12:00:00,01,16,2012,12,3.2921
01.16.2012-15:00:00,01,16,2012,15,3.2819
01.16.2012-18:00:00,01,16,2012,18,3.2713
01.16.2012-21:00:00,01,16,2012,21,3.2608
01.17.2012-00:00:00,01,17,2012,00,3.2503
01.17.2012-03:00:00,01,17,2012,03,3.2399
01.17.2012-06:00:00,01,17,2012,06,3.2296
01.17.2012-09:00:00,01,17,2012,09,3.2193
01.17.2012-12:00:00,01,17,2012,12,3.209
01.17.2012-15:00:00,01,17,2012,15,3.1989
01.17.2012-18:00:00,01,17,2012,18,3.1887
01.17.2012-21:00:00,01,17,2012,21,3.1787
01.18.2012-00:00:00,01,18,2012,00,3.1686
01.18.2012-03:00:00,01,18,2012,03,3.1587
01.18.2012-06:00:00,01,18,2012,06,3.1488
01.18.2012-09:00:00,01,18,2012,09,3.1389
01.18.2012-12:00:00,01,18,2012,12,3.1291
01.18.2012-15:00:00,01,18,2012,15,3.1194
01.18.2012-18:00:00,01,18,2012,18,3.1097
01.18.2012-21:00:00,01,18,2012,21,3.1001
01.19.2012-00:00:00,01,19,2012,00,3.0905
01.19.2012-03:00:00,01,19,2012,03,3.081
01.19.2012-06:00:00,01,19,2012,06,3.0715
01.19.2012-09:00:00,01,19,2012,09,3.062
01.19.2012-12:00:00,01,19,2012,12,3.0527
01.19.2012-15:00:00,01,19,2012,15,3.0433
01.19.2012-18:00:00,01,19,2012,18,3.034
01.19.2012-21:00:00,01,19,2012,21,3.0248
01.20.2012-00:00:00,01,20,2012,00,3.0156
01.20.2012-03:00:00,01,20,2012,03,3.0065
01.20.2012-06:00:00,01,20,2012,06,2.9974
01.20.2012-09:00:00,01,20,2012,09,2.9884
01.20.2012-12:00:00,01,20,2012,12,2.9794
01.20.2012-15:00:00,01,20,2012,15,2.9704
01.20.2012-18:00:00,01,20,2012,18,2.9615
01.20.2012-21:00:00,01,20,2012,21,2.9526
01.21.2012-00:00:00,01,21,2012,00,2.9438
01.21.2012-03:00:00,01,21,2012,03,2.9351
01.21.2012-06:00:00,01,21,2012,06,2.9263
01.21.2012-09:00:00,01,21,2012,09,2.9177
01.21.2012-12:00:00,01,21,2012,12,2.909
01.21.2012-15:00:00,01,21,2012,15,2.9004
01.21.2012-18:00:00,01,21,2012,18,2.8919
01.21.2012-21:00:00,01,21,2012,21,2.8834
01.22.2012-00:00:00,01,22,2012,00,2.8749
01.22.2012-03:00:00,01,22,2012,03,2.8665
01.22.2012-06:00:00,01,22,2012,06,2.8581
01.22.2012-09:00:00,01,22,2012,09,2.8498
01.22.2012-12:00:00,01,22,2012,12,2.8415
01.22.2012-15:00:00,01,22,2012,15,2.8332
01.22.2012-18:00:00,01,22,2012,18,2.825
01.22.2012-21:00:00,01,22,2012,21,2.8168
01.23.2012-00:00:00,01,23,2012,00,2.8087
01.23.2012-03:00:00,01,23,2012,03,2.8006
01.23.2012-06:00:00,01,23,2012,06,2.7925
01.23.2012-09:00:00,01,23,2012,09,2.7845
01.23.2012-12:00:00,01,23,2012,12,2.7766
01.23.2012-15:00:00,01,23,2012,15,2.7686
01.23.2012-18:00:00,01,23,2012,18,2.7607
01.23.2012-21:00:00,01,23,2012,21,2.7528
01.24.2012-00:00:00,01,24,2012,00,2.745
01.24.2012-03:00:00,01,24,2012,03,2.7372
01.24.2012-06:00:00,01,24,2012,06,2.7295
01.24.2012-09:00:00,01,24,2012,09,2.7218
01.24.2012-12:00:00,01,24,2012,12,2.7141
01.24.2012-15:00:00,01,24,2012,15,2.7064
01.24.2012-18:00:00,01,24,2012,18,2.6988
01.24.2012-21:00:00,01,24,2012,21,2.6913
01.25.2012-00:00:00,01,25,2012,00,2.6837
01.25.2012-03:00:00,01,25,2012,03,2.6762
01.25.2012-06:00:00,01,25,2012,06,2.6688
01.25.2012-09:00:00,01,25,2012,09,2.6613
01.25.2012-12:00:00,01,25,2012,12,2.6539
01.25.2012-15:00:00,01,25,2012,15,2.6466
01.25.2012-18:00:00,01,25,2012,18,2.6392
01.25.2012-21:00:00,01,25,2012,21,2.6319
01.26.2012-00:00:00,01,26,2012,00,2.6247
01.26.2012-03:00:00,01,26,2012,03,2.6174
01.26.2012-06:00:00,01,26,2012,06,2.6102
01.26.2012-09:00:00,01,26,2012,09,2.6031
01.26.2012-12:00:00,01,26,2012,12,2.5959
01.26.2012-15:00:00,01,26,2012,15,2.5888
01.26.2012-18:00:00,01,26,2012,18,2.5818
01.26.2012-21:00:00,01,26,2012,21,2.5747
01.27.2012-00:00:00,01,27,2012,00,2.5677
01.27.2012-03:00:00,01,27,2012,03,2.5607
01.27.2012-06:00:00,01,27,2012,06,2.5538
01.27.2012-09:00:00,01,27,2012,09,2.5469
01.27.2012-12:00:00,01,27,2012,12,2.54
01.27.2012-15:00:00,01,27,2012,15,2.5331
01.27.2012-18:00:00,01,27,2012,18,2.5263
01.27.2012-21:00:00,01,27,2012,21,2.5195
01.28.2012-00:00:00,01,28,2012,00,2.5128
01.28.2012-03:00:00,01,28,2012,03,2.506
01.28.2012-06:00:00,01,28,2012,06,2.4993
01.28.2012-09:00:00,01,28,2012,09,2.4926
01.28.2012-12:00:00,01,28,2012,12,2.486
01.28.2012-15:00:00,01,28,2012,15,2.4794
01.28.2012-18:00:00,01,28,2012,18,2.4728
01.28.2012-21:00:00,01,28,2012,21,2.4662
01.29.2012-00:00:00,01,29,2012,00,2.4597
01.29.2012-03:00:00,01,29,2012,03,2.4532
01.29.2012-06:00:00,01,29,2012,06,2.4467
01.29.2012-09:00:00,01,29,2012,09,2.4402
01.29.2012-12:00:00,01,29,2012,12,2.4338
01.29.2012-15:00:00,01,29,2012,15,2.4274
01.29.2012-18:00:00,01,29,2012,18,2.421
01.29.2012-21:00:00,01,29,2012,21,2.4147
01.30.2012-00:00:00,01,30,2012,00,2.4084
01.30.2012-03:00:00,01,30,2012,03,2.4021
01.30.2012-06:00:00,01,30,2012,06,2.3958
01.30.2012-09:00:00,01,30,2012,09,2.3896
01.30.2012-12:00:00,01,30,2012,12,2.3833
01.30.2012-15:00:00,01,30,2012,15,2.3772
01.30.2012-18:00:00,01,30,2012,18,2.371
01.30.2012-21:00:00,01,30,2012,21,2.3649
01.31.2012-00:00:00,01,31,2012,00,2.3587
01.31.2012-03:00:00,01,31,2012,03,2.3526
01.31.2012-06:00:00,01,31,2012,06,2.3466
01.31.2012-09:00:00,01,31,2012,09,2.3405
01.31.2012-12:00:00,01,31,2012,12,2.3345
01.31.2012-15:00:00,01,31,2012,15,2.3285
01.31.2012-18:00:00,01,31,2012,18,2.3226
01.31.2012-21:00:00,01,31,2012,21,2.3166
02.01.2012-00:00:00,02,01,2012,00,2.3107
02.01.2012-03:00:00,02,01,2012,03,2.3048
02.01.2012-06:00:00,02,01,2012,06,2.2989
02.01.2012-09:00:00,02,01,2012,09,2.293
02.01.2012-12:00:00,02,01,2012,12,2.2871
02.01.2012-15:00:00,02,01,2012,15,2.2813
02.01.2012-18:00:00,02,01,2012,18,2.2755
02.01.2012-21:00:00,02,01,2012,21,2.2697
02.02.2012-00:00:00,02,02,2012,00,2.264
02.02.2012-03:00:00,02,02,2012,03,2.2582
02.02.2012-06:00:00,02,02,2012,06,2.2525
02.02.2012-09:00:00,02,02,2012,09,2.2468
02.02.2012-12:00:00,02,02,2012,12,2.2412
02.02.2012-15:00:00,02,02,2012,15,2.2355
02.02.2012-18:00:00,02,02,2012,18,2.2299
02.02.2012-21:00:00,02,02,2012,21,2.2243
02.03.2012-00:00:00,02,03,2012,00,2.2188
02.03.2012-03:00:00,02,03,2012,03,2.2132
02.03.2012-06:00:00,02,03,2012,06,2.2077
02.03.2012-09:00:00,02,03,2012,09,2.2022
02.03.2012-12:00:00,02,03,2012,12,2.1967
02.03.2012-15:00:00,02,03,2012,15,2.1912
02.03.2012-18:00:00,02,03,2012,18,2.1858
02.03.2012-21:00:00,02,03,2012,21,2.1804
02.04.2012-00:00:00,02,04,2012,00,2.175
02.04.2012-03:00:00,02,04,2012,03,2.1696
02.04.2012-06:00:00,02,04,2012,06,2.1642
02.04.2012-09:00:00,02,04,2012,09,2.1589
02.04.2012-12:00:00,02,04,2012,12,2.1536
02.04.2012-15:00:00,02,04,2012,15,2.1483
02.04.2012-18:00:00,02,04,2012,18,2.143
02.04.2012-21:00:00,02,04,2012,21,2.1378
02.05.2012-00:00:00,02,05,2012,00,2.1325
02.05.2012-03:00:00,02,05,2012,03,2.1273
02.05.2012-06:00:00,02,05,2012,06,2.1221
02.05.2012-09:00:00,02,05,2012,09,2.117
02.05.2012-12:00:00,02,05,2012,12,2.1118
02.05.2012-15:00:00,02,05,2012,15,2.1067
02.05.2012-18:00:00,02,05,2012,18,2.1016
02.05.2012-21:00:00,02,05,2012,21,2.0965
02.06.2012-00:00:00,02,06,2012,00,2.0914
02.06.2012-03:00:00,02,06,2012,03,2.0864
02.06.2012-06:00:00,02,06,2012,06,2.0813
02.06.2012-09:00:00,02,06,2012,09,2.0763
02.06.2012-12:00:00,02,06,2012,12,2.0713
02.06.2012-15:00:00,02,06,2012,15,2.0664
02.06.2012-18:00:00,02,06,2012,18,2.0614
02.06.2012-21:00:00,02,06,2012,21,2.0565
02.07.2012-00:00:00,02,07,2012,00,2.0516
02.07.2012-03:00:00,02,07,2012,03,2.0467
02.07.2012-06:00:00,02,07,2012,06,2.0418
02.07.2012-09:00:00,02,07,2012,09,2.0369
02.07.2012-12:00:00,02,07,2012,12,2.0321
02.07.2012-15:00:00,02,07,2012,15,2.0272
02.07.2012-18:00:00,02,07,2012,18,2.0224
02.07.2012-21:00:00,02,07,2012,21,2.0176
02.08.2012-00:00:00,02,08,2012,00,2.0129
02.08.2012-03:00:00,02,08,2012,03,2.0081
02.08.2012-06:00:00,02,08,2012,06,2.0034
02.08.2012-09:00:00,02,08,2012,09,1.9986
02.08.2012-12:00:00,02,08,2012,12,1.9939
02.08.2012-15:00:00,02,08,2012,15,1.9893
02.08.2012-18:00:00,02,08,2012,18,1.9846
02.08.2012-21:00:00,02,08,2012,21,1.9799
02.09.2012-00:00:00,02,09,2012,00,1.9753
02.09.2012-03:00:00,02,09,2012,03,1.9707
02.09.2012-06:00:00,02,09,2012,06,1.9661
02.09.2012-09:00:00,02,09,2012,09,1.9615
02.09.2012-12:00:00,02,09,2012,12,1.9569
02.09.2012-15:00:00,02,09,2012,15,1.9524
02.09.2012-18:00:00,02,09,2012,18,1.9478
02.09.2012-21:00:00,02,09,2012,21,1.9433
02.10.2012-00:00:00,02,10,2012,00,1.9388
02.10.2012-03:00:00,02,10,2012,03,1.9343
02.10.2012-06:00:00,02,10,2012,06,1.9299
02.10.2012-09:00:00,02,10,2012,09,1.9254
02.10.2012-12:00:00,02,10,2012,12,1.921
02.10.2012-15:00:00,02,10,2012,15,1.9166
02.10.2012-18:00:00,02,10,2012,18,1.9121
02.10.2012-21:00:00,02,10,2012,21,1.9078
02.11.2012-00:00:00,02,11,2012,00,1.9034
02.11.2012-03:00:00,02,11,2012,03,1.899
02.11.2012-06:00:00,02,11,2012,06,1.8947
02.11.2012-09:00:00,02,11,2012,09,1.8904
02.11.2012-12:00:00,02,11,2012,12,1.886
02.11.2012-15:00:00,02,11,2012,15,1.8817
02.11.2012-18:00:00,02,11,2012,18,1.8775
02.11.2012-21:00:00,02,11,2012,21,1.8732
02.12.2012-00:00:00,02,12,2012,00,1.8689
02.12.2012-03:00:00,02,12,2012,03,1.8647
02.12.2012-06:00:00,02,12,2012,06,1.8605
02.12.2012-09:00:00,02,12,2012,09,1.8563
02.12.2012-12:00:00,02,12,2012,12,1.8521
02.12.2012-15:00:00,02,12,2012,15,1.8479
02.12.2012-18:00:00,02,12,2012,18,1.8437
02.12.2012-21:00:00,02,12,2012,21,1.8396
02.13.2012-00:00:00,02,13,2012,00,1.8355
02.13.2012-03:00:00,02,13,2012,03,1.8313
02.13.2012-06:00:00,02,13,2012,06,1.8272
02.13.2012-09:00:00,02,13,2012,09,1.8231
02.13.2012-12:00:00,02,13,2012,12,1.8191
02.13.2012-15:00:00,02,13,2012,15,1.815
02.13.2012-18:00:00,02,13,2012,18,1.811
02.13.2012-21:00:00,02,13,2012,21,1.8069
02.14.2012-00:00:00,02,14,2012,00,1.8029
02.14.2012-03:00:00,02,14,2012,03,1.7989
02.14.2012-06:00:00,02,14,2012,06,1.7949
02.14.2012-09:00:00,02,14,2012,09,1.7909
02.14.2012-12:00:00,02,14,2012,12,1.787
02.14.2012-15:00:00,02,14,2012,15,1.783
02.14.2012-18:00:00,02,14,2012,18,1.7791
02.14.2012-21:00:00,02,14,2012,21,1.7751
02.15.2012-00:00:00,02,15,2012,00,1.7712
02.15.2012-03:00:00,02,15,2012,03,1.7673
02.15.2012-06:00:00,02,15,2012,06,1.7634
02.15.2012-09:00:00,02,15,2012,09,1.7596
02.15.2012-12:00:00,02,15,2012,12,1.7557
02.15.2012-15:00:00,02,15,2012,15,1.7519
02.15.2012-18:00:00,02,15,2012,18,1.748
02.15.2012-21:00:00,02,15,2012,21,1.7442
02.16.2012-00:00:00,02,16,2012,00,1.7404
02.16.2012-03:00:00,02,16,2012,03,1.7366
02.16.2012-06:00:00,02,16,2012,06,1.7328
02.16.2012-09:00:00,02,16,2012,09,1.729
02.16.2012-12:00:00,02,16,2012,12,1.7253
02.16.2012-15:00:00,02,16,2012,15,1.7215
02.16.2012-18:00:00,02,16,2012,18,1.7178
02.16.2012-21:00:00,02,16,2012,21,1.7141
02.17.2012-00:00:00,02,17,2012,00,1.7104
02.17.2012-03:00:00,02,17,2012,03,1.7067
02.17.2012-06:00:00,02,17,2012,06,1.703
02.17.2012-09:00:00,02,17,2012,09,1.6993
02.17.2012-12:00:00,02,17,2012,12,1.6957
02.17.2012-15:00:00,02,17,2012,15,1.692
02.17.2012-18:00:00,02,17,2012,18,1.6884
02.17.2012-21:00:00,02,17,2012,21,1.6847
02.18.2012-00:00:00,02,18,2012,00,1.6811
02.18.2012-03:00:00,02,18,2012,03,1.6775
02.18.2012-06:00:00,02,18,2012,06,1.6739
02.18.2012-09:00:00,02,18,2012,09,1.6704
02.18.2012-12:00:00,02,18,2012,12,1.6668
02.18.2012-15:00:00,02,18,2012,15,1.6632
02.18.2012-18:00:00,02,18,2012,18,1.6597
02.18.2012-21:00:00,02,18,2012,21,1.6562
02.19.2012-00:00:00,02,19,2012,00,1.6526
02.19.2012-03:00:00,02,19,2012,03,1.6491
02.19.2012-06:00:00,02,19,2012,06,1.6456
02.19.2012-09:00:00,02,19,2012,09,1.642
02.19.2012-12:00:00,02,19,2012,12,1.6385
02.19.2012-15:00:00,02,19,2012,15,1.635
02.19.2012-18:00:00,02,19,2012,18,1.6316
02.19.2012-21:00:00,02,19,2012,21,1.6281
02.20.2012-00:00:00,02,20,2012,00,1.6246
02.20.2012-03:00:00,02,20,2012,03,1.6212
02.20.2012-06:00:00,02,20,2012,06,1.6178
02.20.2012-09:00:00,02,20,2012,09,1.6143
02.20.2012-12:00:00,02,20,2012,12,1.6109
02.20.2012-15:00:00,02,20,2012,15,1.6075
02.20.2012-18:00:00,02,20,2012,18,1.6041
02.20.2012-21:00:00,02,20,2012,21,1.6008
02.21.2012-00:00:00,02,21,2012,00,1.5974
02.21.2012-03:00:00,02,21,2012,03,1.5941
02.21.2012-06:00:00,02,21,2012,06,1.5907
02.21.2012-09:00:00,02,21,2012,09,1.5874
02.21.2012-12:00:00,02,21,2012,12,1.5841
02.21.2012-15:00:00,02,21,2012,15,1.5807
02.21.2012-18:00:00,02,21,2012,18,1.5774
02.21.2012-21:00:00,02,21,2012,21,1.5742
02.22.2012-00:00:00,02,22,2012,00,1.5709
02.22.2012-03:00:00,02,22,2012,03,1.5676
02.22.2012-06:00:00,02,22,2012,06,1.5644
02.22.2012-09:00:00,02,22,2012,09,1.5611
02.22.2012-12:00:00,02,22,2012,12,1.5579
02.22.2012-15:00:00,02,22,2012,15,1.5547
02.22.2012-18:00:00,02,22,2012,18,1.5514
02.22.2012-21:00:00,02,22,2012,21,1.5482
02.23.2012-00:00:00,02,23,2012,00,1.545
02.23.2012-03:00:00,02,23,2012,03,1.5425
02.23.2012-06:00:00,02,23,2012,06,1.54
02.23.2012-09:00:00,02,23,2012,09,1.5379
02.23.2012-12:00:00,02,23,2012,12,1.5362
02.23.2012-15:00:00,02,23,2012,15,1.5347
02.23.2012-18:00:00,02,23,2012,18,1.5337
02.23.2012-21:00:00,02,23,2012,21,1.5325
02.24.2012-00:00:00,02,24,2012,00,1.5318
02.24.2012-03:00:00,02,24,2012,03,1.5311
02.24.2012-06:00:00,02,24,2012,06,1.5306
02.24.2012-09:00:00,02,24,2012,09,1.5304
02.24.2012-12:00:00,02,24,2012,12,1.5303
02.24.2012-15:00:00,02,24,2012,15,1.5307
02.24.2012-18:00:00,02,24,2012,18,1.531
02.24.2012-21:00:00,02,24,2012,21,1.5316
02.25.2012-00:00:00,02,25,2012,00,1.5324
02.25.2012-03:00:00,02,25,2012,03,1.5336
02.25.2012-06:00:00,02,25,2012,06,1.5348
02.25.2012-09:00:00,02,25,2012,09,1.5363
02.25.2012-12:00:00,02,25,2012,12,1.538
02.25.2012-15:00:00,02,25,2012,15,1.5402
02.25.2012-18:00:00,02,25,2012,18,1.5423
02.25.2012-21:00:00,02,25,2012,21,1.5448
02.26.2012-00:00:00,02,26,2012,00,1.5475
02.26.2012-03:00:00,02,26,2012,03,1.5501
02.26.2012-06:00:00,02,26,2012,06,1.5531
02.26.2012-09:00:00,02,26,2012,09,1.5566
02.26.2012-12:00:00,02,26,2012,12,1.5599
02.26.2012-15:00:00,02,26,2012,15,1.5634
02.26.2012-18:00:00,02,26,2012,18,1.5672
02.26.2012-21:00:00,02,26,2012,21,1.5708
02.27.2012-00:00:00,02,27,2012,00,1.5747
02.27.2012-03:00:00,02,27,2012,03,1.579
02.27.2012-06:00:00,02,27,2012,06,1.5833
02.27.2012-09:00:00,02,27,2012,09,1.5876
02.27.2012-12:00:00,02,27,2012,12,1.592
02.27.2012-15:00:00,02,27,2012,15,1.5967
02.27.2012-18:00:00,02,27,2012,18,1.601
02.27.2012-21:00:00,02,27,2012,21,1.6053
02.28.2012-00:00:00,02,28,2012,00,1.6098
02.28.2012-03:00:00,02,28,2012,03,1.6146
02.28.2012-06:00:00,02,28,2012,06,1.6191
02.28.2012-09:00:00,02,28,2012,09,1.6236
02.28.2012-12:00:00,02,28,2012,12,1.6282
02.28.2012-15:00:00,02,28,2012,15,1.633
02.28.2012-18:00:00,02,28,2012,18,1.6375
02.28.2012-21:00:00,02,28,2012,21,1.6419
02.29.2012-00:00:00,02,29,2012,00,1.6461
02.29.2012-03:00:00,02,29,2012,03,1.6506
02.29.2012-06:00:00,02,29,2012,06,1.655
02.29.2012-09:00:00,02,29,2012,09,1.6592
02.29.2012-12:00:00,02,29,2012,12,1.6633
02.29.2012-15:00:00,02,29,2012,15,1.6672
02.29.2012-18:00:00,02,29,2012,18,1.6715
02.29.2012-21:00:00,02,29,2012,21,1.6753
03.01.2012-00:00:00,03,01,2012,00,1.6789
03.01.2012-03:00:00,03,01,2012,03,1.6824
03.01.2012-06:00:00,03,01,2012,06,1.6861
03.01.2012-09:00:00,03,01,2012,09,1.6895
03.01.2012-12:00:00,03,01,2012,12,1.6926
03.01.2012-15:00:00,03,01,2012,15,1.6957
03.01.2012-18:00:00,03,01,2012,18,1.6986
03.01.2012-21:00:00,03,01,2012,21,1.7016
03.02.2012-00:00:00,03,02,2012,00,1.7046
03.02.2012-03:00:00,03,02,2012,03,1.7071
03.02.2012-06:00:00,03,02,2012,06,1.7095
03.02.2012-09:00:00,03,02,2012,09,1.7117
03.02.2012-12:00:00,03,02,2012,12,1.714
03.02.2012-15:00:00,03,02,2012,15,1.716
03.02.2012-18:00:00,03,02,2012,18,1.7178
03.02.2012-21:00:00,03,02,2012,21,1.7194
03.03.2012-00:00:00,03,03,2012,00,1.7209
03.03.2012-03:00:00,03,03,2012,03,1.7222
03.03.2012-06:00:00,03,03,2012,06,1.7237
03.03.2012-09:00:00,03,03,2012,09,1.725
03.03.2012-12:00:00,03,03,2012,12,1.7259
03.03.2012-15:00:00,03,03,2012,15,1.7267
03.03.2012-18:00:00,03,03,2012,18,1.7273
03.03.2012-21:00:00,03,03,2012,21,1.7279
03.04.2012-00:00:00,03,04,2012,00,1.7285
03.04.2012-03:00:00,03,04,2012,03,1.7287
03.04.2012-06:00:00,03,04,2012,06,1.7287
03.04.2012-09:00:00,03,04,2012,09,1.7286
03.04.2012-12:00:00,03,04,2012,12,1.7284
03.04.2012-15:00:00,03,04,2012,15,1.7278
03.04.2012-18:00:00,03,04,2012,18,1.7272
03.04.2012-21:00:00,03,04,2012,21,1.7266
03.05.2012-00:00:00,03,05,2012,00,1.7258
03.05.2012-03:00:00,03,05,2012,03,1.7248
03.05.2012-06:00:00,03,05,2012,06,1.7232
03.05.2012-09:00:00,03,05,2012,09,1.7216
03.05.2012-12:00:00,03,05,2012,12,1.7199
03.05.2012-15:00:00,03,05,2012,15,1.7182
03.05.2012-18:00:00,03,05,2012,18,1.7164
03.05.2012-21:00:00,03,05,2012,21,1.7145
03.06.2012-00:00:00,03,06,2012,00,1.7128
03.06.2012-03:00:00,03,06,2012,03,1.7106
03.06.2012-06:00:00,03,06,2012,06,1.7083
03.06.2012-09:00:00,03,06,2012,09,1.7059
03.06.2012-12:00:00,03,06,2012,12,1.7035
03.06.2012-15:00:00,03,06,2012,15,1.7011
03.06.2012-18:00:00,03,06,2012,18,1.6986
03.06.2012-21:00:00,03,06,2012,21,1.6962
03.07.2012-00:00:00,03,07,2012,00,1.6937
03.07.2012-03:00:00,03,07,2012,03,1.6911
03.07.2012-06:00:00,03,07,2012,06,1.6885
03.07.2012-09:00:00,03,07,2012,09,1.6858
03.07.2012-12:00:00,03,07,2012,12,1.6833
03.07.2012-15:00:00,03,07,2012,15,1.6801
03.07.2012-18:00:00,03,07,2012,18,1.6769
03.07.2012-21:00:00,03,07,2012,21,1.6737
03.08.2012-00:00:00,03,08,2012,00,1.6704
03.08.2012-03:00:00,03,08,2012,03,1.6672
03.08.2012-06:00:00,03,08,2012,06,1.6639
03.08.2012-09:00:00,03,08,2012,09,1.6606
03.08.2012-12:00:00,03,08,2012,12,1.6574
03.08.2012-15:00:00,03,08,2012,15,1.6541
03.08.2012-18:00:00,03,08,2012,18,1.6508
03.08.2012-21:00:00,03,08,2012,21,1.6475
03.09.2012-00:00:00,03,09,2012,00,1.6438
03.09.2012-03:00:00,03,09,2012,03,1.6402
03.09.2012-06:00:00,03,09,2012,06,1.6365
03.09.2012-09:00:00,03,09,2012,09,1.6329
03.09.2012-12:00:00,03,09,2012,12,1.6293
03.09.2012-15:00:00,03,09,2012,15,1.6257
03.09.2012-18:00:00,03,09,2012,18,1.6221
03.09.2012-21:00:00,03,09,2012,21,1.6185
03.10.2012-00:00:00,03,10,2012,00,1.615
03.10.2012-03:00:00,03,10,2012,03,1.6114
03.10.2012-06:00:00,03,10,2012,06,1.6079
03.10.2012-09:00:00,03,10,2012,09,1.6044
03.10.2012-12:00:00,03,10,2012,12,1.6009
03.10.2012-15:00:00,03,10,2012,15,1.5974
03.10.2012-18:00:00,03,10,2012,18,1.594
03.10.2012-21:00:00,03,10,2012,21,1.5905
03.11.2012-00:00:00,03,11,2012,00,1.5871
03.11.2012-03:00:00,03,11,2012,03,1.5836
03.11.2012-06:00:00,03,11,2012,06,1.5802
03.11.2012-09:00:00,03,11,2012,09,1.5768
03.11.2012-12:00:00,03,11,2012,12,1.5734
03.11.2012-15:00:00,03,11,2012,15,1.5701
03.11.2012-18:00:00,03,11,2012,18,1.5667
03.11.2012-21:00:00,03,11,2012,21,1.5633
03.12.2012-00:00:00,03,12,2012,00,1.56
03.12.2012-03:00:00,03,12,2012,03,1.5567
03.12.2012-06:00:00,03,12,2012,06,1.5534
03.12.2012-09:00:00,03,12,2012,09,1.5501
03.12.2012-12:00:00,03,12,2012,12,1.5468
03.12.2012-15:00:00,03,12,2012,15,1.5435
03.12.2012-18:00:00,03,12,2012,18,1.5402
03.12.2012-21:00:00,03,12,2012,21,1.537
03.13.2012-00:00:00,03,13,2012,00,1.5337
03.13.2012-03:00:00,03,13,2012,03,1.5305
03.13.2012-06:00:00,03,13,2012,06,1.5273
03.13.2012-09:00:00,03,13,2012,09,1.5241
03.13.2012-12:00:00,03,13,2012,12,1.5209
03.13.2012-15:00:00,03,13,2012,15,1.5177
03.13.2012-18:00:00,03,13,2012,18,1.5146
03.13.2012-21:00:00,03,13,2012,21,1.5114
03.14.2012-00:00:00,03,14,2012,00,1.5083
03.14.2012-03:00:00,03,14,2012,03,1.5051
03.14.2012-06:00:00,03,14,2012,06,1.502
03.14.2012-09:00:00,03,14,2012,09,1.4989
03.14.2012-12:00:00,03,14,2012,12,1.4958
03.14.2012-15:00:00,03,14,2012,15,1.4927
03.14.2012-18:00:00,03,14,2012,18,1.4896
03.14.2012-21:00:00,03,14,2012,21,1.4866
03.15.2012-00:00:00,03,15,2012,00,1.4835
03.15.2012-03:00:00,03,15,2012,03,1.4804
03.15.2012-06:00:00,03,15,2012,06,1.4774
03.15.2012-09:00:00,03,15,2012,09,1.4744
03.15.2012-12:00:00,03,15,2012,12,1.4714
03.15.2012-15:00:00,03,15,2012,15,1.4684
03.15.2012-18:00:00,03,15,2012,18,1.4654
03.15.2012-21:00:00,03,15,2012,21,1.4624
03.16.2012-00:00:00,03,16,2012,00,1.4594
03.16.2012-03:00:00,03,16,2012,03,1.4565
03.16.2012-06:00:00,03,16,2012,06,1.4535
03.16.2012-09:00:00,03,16,2012,09,1.4506
03.16.2012-12:00:00,03,16,2012,12,1.4476
03.16.2012-15:00:00,03,16,2012,15,1.4447
03.16.2012-18:00:00,03,16,2012,18,1.4418
03.16.2012-21:00:00,03,16,2012,21,1.4389
03.17.2012-00:00:00,03,17,2012,00,1.436
03.17.2012-03:00:00,03,17,2012,03,1.4331
03.17.2012-06:00:00,03,17,2012,06,1.4302
03.17.2012-09:00:00,03,17,2012,09,1.4274
03.17.2012-12:00:00,03,17,2012,12,1.4245
03.17.2012-15:00:00,03,17,2012,15,1.4217
03.17.2012-18:00:00,03,17,2012,18,1.4188
03.17.2012-21:00:00,03,17,2012,21,1.416
03.18.2012-00:00:00,03,18,2012,00,1.4132
03.18.2012-03:00:00,03,18,2012,03,1.4104
03.18.2012-06:00:00,03,18,2012,06,1.4076
03.18.2012-09:00:00,03,18,2012,09,1.4048
03.18.2012-12:00:00,03,18,2012,12,1.402
03.18.2012-15:00:00,03,18,2012,15,1.3992
03.18.2012-18:00:00,03,18,2012,18,1.3964
03.18.2012-21:00:00,03,18,2012,21,1.3937
03.19.2012-00:00:00,03,19,2012,00,1.3909
03.19.2012-03:00:00,03,19,2012,03,1.3882
03.19.2012-06:00:00,03,19,2012,06,1.3855
03.19.2012-09:00:00,03,19,2012,09,1.3828
03.19.2012-12:00:00,03,19,2012,12,1.38
03.19.2012-15:00:00,03,19,2012,15,1.3773
03.19.2012-18:00:00,03,19,2012,18,1.3746
03.19.2012-21:00:00,03,19,2012,21,1.372
03.20.2012-00:00:00,03,20,2012,00,1.3693
03.20.2012-03:00:00,03,20,2012,03,1.3666
03.20.2012-06:00:00,03,20,2012,06,1.364
03.20.2012-09:00:00,03,20,2012,09,1.3613
03.20.2012-12:00:00,03,20,2012,12,1.3586
03.20.2012-15:00:00,03,20,2012,15,1.356
03.20.2012-18:00:00,03,20,2012,18,1.3534
03.20.2012-21:00:00,03,20,2012,21,1.3508
03.21.2012-00:00:00,03,21,2012,00,1.3481
03.21.2012-03:00:00,03,21,2012,03,1.3455
03.21.2012-06:00:00,03,21,2012,06,1.3429
03.21.2012-09:00:00,03,21,2012,09,1.3403
03.21.2012-12:00:00,03,21,2012,12,1.3378
03.21.2012-15:00:00,03,21,2012,15,1.3352
03.21.2012-18:00:00,03,21,2012,18,1.3326
03.21.2012-21:00:00,03,21,2012,21,1.3301
03.22.2012-00:00:00,03,22,2012,00,1.3275
03.22.2012-03:00:00,03,22,2012,03,1.325
03.22.2012-06:00:00,03,22,2012,06,1.3224
03.22.2012-09:00:00,03,22,2012,09,1.3199
03.22.2012-12:00:00,03,22,2012,12,1.3173
03.22.2012-15:00:00,03,22,2012,15,1.3148
03.22.2012-18:00:00,03,22,2012,18,1.3123
03.22.2012-21:00:00,03,22,2012,21,1.3097
03.23.2012-00:00:00,03,23,2012,00,1.3072
03.23.2012-03:00:00,03,23,2012,03,1.3047
03.23.2012-06:00:00,03,23,2012,06,1.3022
03.23.2012-09:00:00,03,23,2012,09,1.2997
03.23.2012-12:00:00,03,23,2012,12,1.2973
03.23.2012-15:00:00,03,23,2012,15,1.2948
03.23.2012-18:00:00,03,23,2012,18,1.2923
03.23.2012-21:00:00,03,23,2012,21,1.2898
03.24.2012-00:00:00,03,24,2012,00,1.2874
03.24.2012-03:00:00,03,24,2012,03,1.2849
03.24.2012-06:00:00,03,24,2012,06,1.2825
03.24.2012-09:00:00,03,24,2012,09,1.2801
03.24.2012-12:00:00,03,24,2012,12,1.2777
03.24.2012-15:00:00,03,24,2012,15,1.2752
03.24.2012-18:00:00,03,24,2012,18,1.2728
03.24.2012-21:00:00,03,24,2012,21,1.2704
03.25.2012-00:00:00,03,25,2012,00,1.268
03.25.2012-03:00:00,03,25,2012,03,1.2657
03.25.2012-06:00:00,03,25,2012,06,1.2633
03.25.2012-09:00:00,03,25,2012,09,1.2609
03.25.2012-12:00:00,03,25,2012,12,1.2585
03.25.2012-15:00:00,03,25,2012,15,1.2562
03.25.2012-18:00:00,03,25,2012,18,1.2538
03.25.2012-21:00:00,03,25,2012,21,1.2515
03.26.2012-00:00:00,03,26,2012,00,1.2492
03.26.2012-03:00:00,03,26,2012,03,1.2468
03.26.2012-06:00:00,03,26,2012,06,1.2445
03.26.2012-09:00:00,03,26,2012,09,1.2422
03.26.2012-12:00:00,03,26,2012,12,1.2399
03.26.2012-15:00:00,03,26,2012,15,1.2376
03.26.2012-18:00:00,03,26,2012,18,1.2353
03.26.2012-21:00:00,03,26,2012,21,1.233
03.27.2012-00:00:00,03,27,2012,00,1.2307
03.27.2012-03:00:00,03,27,2012,03,1.2285
03.27.2012-06:00:00,03,27,2012,06,1.2262
03.27.2012-09:00:00,03,27,2012,09,1.2239
03.27.2012-12:00:00,03,27,2012,12,1.2217
03.27.2012-15:00:00,03,27,2012,15,1.2194
03.27.2012-18:00:00,03,27,2012,18,1.2172
03.27.2012-21:00:00,03,27,2012,21,1.215
03.28.2012-00:00:00,03,28,2012,00,1.2127
03.28.2012-03:00:00,03,28,2012,03,1.2105
03.28.2012-06:00:00,03,28,2012,06,1.2083
03.28.2012-09:00:00,03,28,2012,09,1.2061
03.28.2012-12:00:00,03,28,2012,12,1.2039
03.28.2012-15:00:00,03,28,2012,15,1.2017
03.28.2012-18:00:00,03,28,2012,18,1.1995
03.28.2012-21:00:00,03,28,2012,21,1.1973
03.29.2012-00:00:00,03,29,2012,00,1.1951
03.29.2012-03:00:00,03,29,2012,03,1.193
03.29.2012-06:00:00,03,29,2012,06,1.1908
03.29.2012-09:00:00,03,29,2012,09,1.1887
03.29.2012-12:00:00,03,29,2012,12,1.1865
03.29.2012-15:00:00,03,29,2012,15,1.1844
03.29.2012-18:00:00,03,29,2012,18,1.1822
03.29.2012-21:00:00,03,29,2012,21,1.1801
03.30.2012-00:00:00,03,30,2012,00,1.178
03.30.2012-03:00:00,03,30,2012,03,1.1758
03.30.2012-06:00:00,03,30,2012,06,1.1737
03.30.2012-09:00:00,03,30,2012,09,1.1716
03.30.2012-12:00:00,03,30,2012,12,1.1695
03.30.2012-15:00:00,03,30,2012,15,1.1674
03.30.2012-18:00:00,03,30,2012,18,1.1653
03.30.2012-21:00:00,03,30,2012,21,1.1633
03.31.2012-00:00:00,03,31,2012,00,1.1619
03.31.2012-03:00:00,03,31,2012,03,1.161
03.31.2012-06:00:00,03,31,2012,06,1.1602
03.31.2012-09:00:00,03,31,2012,09,1.1594
03.31.2012-12:00:00,03,31,2012,12,1.159
03.31.2012-15:00:00,03,31,2012,15,1.1587
03.31.2012-18:00:00,03,31,2012,18,1.1586
03.31.2012-21:00:00,03,31,2012,21,1.1584
04.01.2012-00:00:00,04,01,2012,00,1.1583
04.01.2012-03:00:00,04,01,2012,03,1.1585
04.01.2012-06:00:00,04,01,2012,06,1.1593
04.01.2012-09:00:00,04,01,2012,09,1.1602
04.01.2012-12:00:00,04,01,2012,12,1.1608
04.01.2012-15:00:00,04,01,2012,15,1.1618
04.01.2012-18:00:00,04,01,2012,18,1.1631
04.01.2012-21:00:00,04,01,2012,21,1.1646
04.02.2012-00:00:00,04,02,2012,00,1.1666
04.02.2012-03:00:00,04,02,2012,03,1.1687
04.02.2012-06:00:00,04,02,2012,06,1.1711
04.02.2012-09:00:00,04,02,2012,09,1.1738
04.02.2012-12:00:00,04,02,2012,12,1.1771
04.02.2012-15:00:00,04,02,2012,15,1.1806
04.02.2012-18:00:00,04,02,2012,18,1.1844
04.02.2012-21:00:00,04,02,2012,21,1.1886
04.03.2012-00:00:00,04,03,2012,00,1.193
04.03.2012-03:00:00,04,03,2012,03,1.1981
04.03.2012-06:00:00,04,03,2012,06,1.203
04.03.2012-09:00:00,04,03,2012,09,1.2084
04.03.2012-12:00:00,04,03,2012,12,1.2143
04.03.2012-15:00:00,04,03,2012,15,1.2204
04.03.2012-18:00:00,04,03,2012,18,1.2271
04.03.2012-21:00:00,04,03,2012,21,1.2339
04.04.2012-00:00:00,04,04,2012,00,1.2407
04.04.2012-03:00:00,04,04,2012,03,1.2481
04.04.2012-06:00:00,04,04,2012,06,1.2557
04.04.2012-09:00:00,04,04,2012,09,1.2634
04.04.2012-12:00:00,04,04,2012,12,1.2715
04.04.2012-15:00:00,04,04,2012,15,1.2801
04.04.2012-18:00:00,04,04,2012,18,1.2885
04.04.2012-21:00:00,04,04,2012,21,1.2971
04.05.2012-00:00:00,04,05,2012,00,1.3062
04.05.2012-03:00:00,04,05,2012,03,1.3154
04.05.2012-06:00:00,04,05,2012,06,1.3247
04.05.2012-09:00:00,04,05,2012,09,1.3342
04.05.2012-12:00:00,04,05,2012,12,1.3436
04.05.2012-15:00:00,04,05,2012,15,1.3533
04.05.2012-18:00:00,04,05,2012,18,1.3632
04.05.2012-21:00:00,04,05,2012,21,1.3732
04.06.2012-00:00:00,04,06,2012,00,1.3834
04.06.2012-03:00:00,04,06,2012,03,1.3936
04.06.2012-06:00:00,04,06,2012,06,1.404
04.06.2012-09:00:00,04,06,2012,09,1.4148
04.06.2012-12:00:00,04,06,2012,12,1.4253
04.06.2012-15:00:00,04,06,2012,15,1.436
04.06.2012-18:00:00,04,06,2012,18,1.4471
04.06.2012-21:00:00,04,06,2012,21,1.4582
04.07.2012-00:00:00,04,07,2012,00,1.4696
04.07.2012-03:00:00,04,07,2012,03,1.481
04.07.2012-06:00:00,04,07,2012,06,1.4923
04.07.2012-09:00:00,04,07,2012,09,1.5041
04.07.2012-12:00:00,04,07,2012,12,1.5161
04.07.2012-15:00:00,04,07,2012,15,1.5283
04.07.2012-18:00:00,04,07,2012,18,1.5404
04.07.2012-21:00:00,04,07,2012,21,1.5525
04.08.2012-00:00:00,04,08,2012,00,1.5649
04.08.2012-03:00:00,04,08,2012,03,1.5772
04.08.2012-06:00:00,04,08,2012,06,1.5901
04.08.2012-09:00:00,04,08,2012,09,1.6027
04.08.2012-12:00:00,04,08,2012,12,1.6158
04.08.2012-15:00:00,04,08,2012,15,1.6287
04.08.2012-18:00:00,04,08,2012,18,1.6414
04.08.2012-21:00:00,04,08,2012,21,1.6547
04.09.2012-00:00:00,04,09,2012,00,1.668
04.09.2012-03:00:00,04,09,2012,03,1.6815
04.09.2012-06:00:00,04,09,2012,06,1.695
04.09.2012-09:00:00,04,09,2012,09,1.7085
04.09.2012-12:00:00,04,09,2012,12,1.7216
04.09.2012-15:00:00,04,09,2012,15,1.7349
04.09.2012-18:00:00,04,09,2012,18,1.7485
04.09.2012-21:00:00,04,09,2012,21,1.7617
04.10.2012-00:00:00,04,10,2012,00,1.7753
04.10.2012-03:00:00,04,10,2012,03,1.7883
04.10.2012-06:00:00,04,10,2012,06,1.8016
04.10.2012-09:00:00,04,10,2012,09,1.8147
04.10.2012-12:00:00,04,10,2012,12,1.8279
04.10.2012-15:00:00,04,10,2012,15,1.8408
04.10.2012-18:00:00,04,10,2012,18,1.8535
04.10.2012-21:00:00,04,10,2012,21,1.8665
04.11.2012-00:00:00,04,11,2012,00,1.8791
04.11.2012-03:00:00,04,11,2012,03,1.8919
04.11.2012-06:00:00,04,11,2012,06,1.9045
04.11.2012-09:00:00,04,11,2012,09,1.9169
04.11.2012-12:00:00,04,11,2012,12,1.9298
04.11.2012-15:00:00,04,11,2012,15,1.9423
04.11.2012-18:00:00,04,11,2012,18,1.9553
04.11.2012-21:00:00,04,11,2012,21,1.9682
04.12.2012-00:00:00,04,12,2012,00,1.9814
04.12.2012-03:00:00,04,12,2012,03,1.9949
04.12.2012-06:00:00,04,12,2012,06,2.0084
04.12.2012-09:00:00,04,12,2012,09,2.0226
04.12.2012-12:00:00,04,12,2012,12,2.0366
04.12.2012-15:00:00,04,12,2012,15,2.0515
04.12.2012-18:00:00,04,12,2012,18,2.0667
04.12.2012-21:00:00,04,12,2012,21,2.0828
04.13.2012-00:00:00,04,13,2012,00,2.0993
04.13.2012-03:00:00,04,13,2012,03,2.1164
04.13.2012-06:00:00,04,13,2012,06,2.1337
04.13.2012-09:00:00,04,13,2012,09,2.1521
04.13.2012-12:00:00,04,13,2012,12,2.1707
04.13.2012-15:00:00,04,13,2012,15,2.1904
04.13.2012-18:00:00,04,13,2012,18,2.2105
04.13.2012-21:00:00,04,13,2012,21,2.2318
04.14.2012-00:00:00,04,14,2012,00,2.2539
04.14.2012-03:00:00,04,14,2012,03,2.2762
04.14.2012-06:00:00,04,14,2012,06,2.2997
04.14.2012-09:00:00,04,14,2012,09,2.3241
04.14.2012-12:00:00,04,14,2012,12,2.3492
04.14.2012-15:00:00,04,14,2012,15,2.3751
04.14.2012-18:00:00,04,14,2012,18,2.4017
04.14.2012-21:00:00,04,14,2012,21,2.4292
04.15.2012-00:00:00,04,15,2012,00,2.4575
04.15.2012-03:00:00,04,15,2012,03,2.4866
04.15.2012-06:00:00,04,15,2012,06,2.5161
04.15.2012-09:00:00,04,15,2012,09,2.5469
04.15.2012-12:00:00,04,15,2012,12,2.5785
04.15.2012-15:00:00,04,15,2012,15,2.6109
04.15.2012-18:00:00,04,15,2012,18,2.6441
04.15.2012-21:00:00,04,15,2012,21,2.6781
04.16.2012-00:00:00,04,16,2012,00,2.7132
04.16.2012-03:00:00,04,16,2012,03,2.749
04.16.2012-06:00:00,04,16,2012,06,2.7856
04.16.2012-09:00:00,04,16,2012,09,2.8228
04.16.2012-12:00:00,04,16,2012,12,2.8614
04.16.2012-15:00:00,04,16,2012,15,2.9012
04.16.2012-18:00:00,04,16,2012,18,2.9443
04.16.2012-21:00:00,04,16,2012,21,2.9883
04.17.2012-00:00:00,04,17,2012,00,3.0333
04.17.2012-03:00:00,04,17,2012,03,3.0792
04.17.2012-06:00:00,04,17,2012,06,3.1262
04.17.2012-09:00:00,04,17,2012,09,3.1742
04.17.2012-12:00:00,04,17,2012,12,3.2233
04.17.2012-15:00:00,04,17,2012,15,3.2735
04.17.2012-18:00:00,04,17,2012,18,3.3248
04.17.2012-21:00:00,04,17,2012,21,3.3773
04.18.2012-00:00:00,04,18,2012,00,3.4309
04.18.2012-03:00:00,04,18,2012,03,3.4857
04.18.2012-06:00:00,04,18,2012,06,3.5418
04.18.2012-09:00:00,04,18,2012,09,3.5989
04.18.2012-12:00:00,04,18,2012,12,3.6571
04.18.2012-15:00:00,04,18,2012,15,3.7165
04.18.2012-18:00:00,04,18,2012,18,3.7774
04.18.2012-21:00:00,04,18,2012,21,3.8394
04.19.2012-00:00:00,04,19,2012,00,3.9024
04.19.2012-03:00:00,04,19,2012,03,3.9664
04.19.2012-06:00:00,04,19,2012,06,4.0315
04.19.2012-09:00:00,04,19,2012,09,4.0974
04.19.2012-12:00:00,04,19,2012,12,4.1643
04.19.2012-15:00:00,04,19,2012,15,4.2322
04.19.2012-18:00:00,04,19,2012,18,4.301
04.19.2012-21:00:00,04,19,2012,21,4.3706
04.20.2012-00:00:00,04,20,2012,00,4.4409
04.20.2012-03:00:00,04,20,2012,03,4.5119
04.20.2012-06:00:00,04,20,2012,06,4.5835
04.20.2012-09:00:00,04,20,2012,09,4.6557
04.20.2012-12:00:00,04,20,2012,12,4.7285
04.20.2012-15:00:00,04,20,2012,15,4.8029
04.20.2012-18:00:00,04,20,2012,18,4.881
04.20.2012-21:00:00,04,20,2012,21,4.9602
04.21.2012-00:00:00,04,21,2012,00,5.0396
04.21.2012-03:00:00,04,21,2012,03,5.1194
04.21.2012-06:00:00,04,21,2012,06,5.1993
04.21.2012-09:00:00,04,21,2012,09,5.2793
04.21.2012-12:00:00,04,21,2012,12,5.3597
04.21.2012-15:00:00,04,21,2012,15,5.4405
04.21.2012-18:00:00,04,21,2012,18,5.5232
04.21.2012-21:00:00,04,21,2012,21,5.6064
04.22.2012-00:00:00,04,22,2012,00,5.6898
04.22.2012-03:00:00,04,22,2012,03,5.7734
04.22.2012-06:00:00,04,22,2012,06,5.8573
04.22.2012-09:00:00,04,22,2012,09,5.9415
04.22.2012-12:00:00,04,22,2012,12,6.0261
04.22.2012-15:00:00,04,22,2012,15,6.1175
04.22.2012-18:00:00,04,22,2012,18,6.2258
04.22.2012-21:00:00,04,22,2012,21,6.3345
04.23.2012-00:00:00,04,23,2012,00,6.4427
04.23.2012-03:00:00,04,23,2012,03,6.5506
04.23.2012-06:00:00,04,23,2012,06,6.6582
04.23.2012-09:00:00,04,23,2012,09,6.7658
04.23.2012-12:00:00,04,23,2012,12,6.8896
04.23.2012-15:00:00,04,23,2012,15,7.0517
04.23.2012-18:00:00,04,23,2012,18,7.2402
04.23.2012-21:00:00,04,23,2012,21,7.4308
04.24.2012-00:00:00,04,24,2012,00,7.6199
04.24.2012-03:00:00,04,24,2012,03,7.8076
04.24.2012-06:00:00,04,24,2012,06,7.9943
04.24.2012-09:00:00,04,24,2012,09,8.1804
04.24.2012-12:00:00,04,24,2012,12,8.7985
04.24.2012-15:00:00,04,24,2012,15,10.83
04.24.2012-18:00:00,04,24,2012,18,12.73
04.24.2012-21:00:00,04,24,2012,21,13.432
04.25.2012-00:00:00,04,25,2012,00,13.796
04.25.2012-03:00:00,04,25,2012,03,14.143
04.25.2012-06:00:00,04,25,2012,06,14.486
04.25.2012-09:00:00,04,25,2012,09,14.88
04.25.2012-12:00:00,04,25,2012,12,18.307
04.25.2012-15:00:00,04,25,2012,15,22.913
04.25.2012-18:00:00,04,25,2012,18,25.815
04.25.2012-21:00:00,04,25,2012,21,26.554
04.26.2012-00:00:00,04,26,2012,00,27.105
04.26.2012-03:00:00,04,26,2012,03,27.678
04.26.2012-06:00:00,04,26,2012,06,28.584
04.26.2012-09:00:00,04,26,2012,09,36.717
04.26.2012-12:00:00,04,26,2012,12,50.925
04.26.2012-15:00:00,04,26,2012,15,66.293
04.26.2012-18:00:00,04,26,2012,18,79.353
04.26.2012-21:00:00,04,26,2012,21,85.667
04.27.2012-00:00:00,04,27,2012,00,87.7
04.27.2012-03:00:00,04,27,2012,03,88.231
04.27.2012-06:00:00,04,27,2012,06,88.753
04.27.2012-09:00:00,04,27,2012,09,89.777
04.27.2012-12:00:00,04,27,2012,12,101.71
04.27.2012-15:00:00,04,27,2012,15,114.09
04.27.2012-18:00:00,04,27,2012,18,121.08
04.27.2012-21:00:00,04,27,2012,21,122.99
04.28.2012-00:00:00,04,28,2012,00,123.79
04.28.2012-03:00:00,04,28,2012,03,124.38
04.28.2012-06:00:00,04,28,2012,06,124.89
04.28.2012-09:00:00,04,28,2012,09,125.82
04.28.2012-12:00:00,04,28,2012,12,136.17
04.28.2012-15:00:00,04,28,2012,15,159.47
04.28.2012-18:00:00,04,28,2012,18,173.04
04.28.2012-21:00:00,04,28,2012,21,174.65
04.29.2012-00:00:00,04,29,2012,00,175.26
04.29.2012-03:00:00,04,29,2012,03,175.75
04.29.2012-06:00:00,04,29,2012,06,176.22
04.29.2012-09:00:00,04,29,2012,09,179.12
04.29.2012-12:00:00,04,29,2012,12,217.56
04.29.2012-15:00:00,04,29,2012,15,380.21
04.29.2012-18:00:00,04,29,2012,18,324.53
04.29.2012-21:00:00,04,29,2012,21,261.55
04.30.2012-00:00:00,04,30,2012,00,253.89
04.30.2012-03:00:00,04,30,2012,03,254.54
04.30.2012-06:00:00,04,30,2012,06,255.24
04.30.2012-09:00:00,04,30,2012,09,275.83
04.30.2012-12:00:00,04,30,2012,12,394.89
04.30.2012-15:00:00,04,30,2012,15,514.92
04.30.2012-18:00:00,04,30,2012,18,461.32
04.30.2012-21:00:00,04,30,2012,21,374.37
05.01.2012-00:00:00,05,01,2012,00,364.33
05.01.2012-03:00:00,05,01,2012,03,364.03
05.01.2012-06:00:00,05,01,2012,06,361.69
05.01.2012-09:00:00,05,01,2012,09,443.94
05.01.2012-12:00:00,05,01,2012,12,606.76
05.01.2012-15:00:00,05,01,2012,15,606.73
05.01.2012-18:00:00,05,01,2012,18,522.66
05.01.2012-21:00:00,05,01,2012,21,466.79
05.02.2012-00:00:00,05,02,2012,00,442.06
05.02.2012-03:00:00,05,02,2012,03,441.55
05.02.2012-06:00:00,05,02,2012,06,440.43
05.02.2012-09:00:00,05,02,2012,09,479.96
05.02.2012-12:00:00,05,02,2012,12,611.69
05.02.2012-15:00:00,05,02,2012,15,621.16
05.02.2012-18:00:00,05,02,2012,18,548.05
05.02.2012-21:00:00,05,02,2012,21,499.76
05.03.2012-00:00:00,05,03,2012,00,500.58
05.03.2012-03:00:00,05,03,2012,03,503.2
05.03.2012-06:00:00,05,03,2012,06,502.49
05.03.2012-09:00:00,05,03,2012,09,610.85
05.03.2012-12:00:00,05,03,2012,12,812.89
05.03.2012-15:00:00,05,03,2012,15,865.52
05.03.2012-18:00:00,05,03,2012,18,766.15
05.03.2012-21:00:00,05,03,2012,21,635.89
05.04.2012-00:00:00,05,04,2012,00,610.53
05.04.2012-03:00:00,05,04,2012,03,610.05
05.04.2012-06:00:00,05,04,2012,06,611.93
05.04.2012-09:00:00,05,04,2012,09,680.36
05.04.2012-12:00:00,05,04,2012,12,750.99
05.04.2012-15:00:00,05,04,2012,15,739.59
05.04.2012-18:00:00,05,04,2012,18,694.45
05.04.2012-21:00:00,05,04,2012,21,666.8
05.05.2012-00:00:00,05,05,2012,00,661.03
05.05.2012-03:00:00,05,05,2012,03,662.91
05.05.2012-06:00:00,05,05,2012,06,661.66
05.05.2012-09:00:00,05,05,2012,09,750.54
05.05.2012-12:00:00,05,05,2012,12,929.59
05.05.2012-15:00:00,05,05,2012,15,977.54
05.05.2012-18:00:00,05,05,2012,18,907.02
05.05.2012-21:00:00,05,05,2012,21,787.03
05.06.2012-00:00:00,05,06,2012,00,775.19
05.06.2012-03:00:00,05,06,2012,03,775.79
05.06.2012-06:00:00,05,06,2012,06,772.26
05.06.2012-09:00:00,05,06,2012,09,843.04
05.06.2012-12:00:00,05,06,2012,12,1068.8
05.06.2012-15:00:00,05,06,2012,15,1270
05.06.2012-18:00:00,05,06,2012,18,1158.7
05.06.2012-21:00:00,05,06,2012,21,972.57
05.07.2012-00:00:00,05,07,2012,00,934.76
05.07.2012-03:00:00,05,07,2012,03,931.71
05.07.2012-06:00:00,05,07,2012,06,925.38
05.07.2012-09:00:00,05,07,2012,09,994.66
05.07.2012-12:00:00,05,07,2012,12,1257.4
05.07.2012-15:00:00,05,07,2012,15,1499.2
05.07.2012-18:00:00,05,07,2012,18,1334.8
05.07.2012-21:00:00,05,07,2012,21,1144
05.08.2012-00:00:00,05,08,2012,00,1099.6
05.08.2012-03:00:00,05,08,2012,03,1092.6
05.08.2012-06:00:00,05,08,2012,06,1081.7
05.08.2012-09:00:00,05,08,2012,09,1165.2
05.08.2012-12:00:00,05,08,2012,12,1494.3
05.08.2012-15:00:00,05,08,2012,15,1797.7
05.08.2012-18:00:00,05,08,2012,18,1533.7
05.08.2012-21:00:00,05,08,2012,21,1320.9
05.09.2012-00:00:00,05,09,2012,00,1253.6
05.09.2012-03:00:00,05,09,2012,03,1243
05.09.2012-06:00:00,05,09,2012,06,1225.2
05.09.2012-09:00:00,05,09,2012,09,1603.1
05.09.2012-12:00:00,05,09,2012,12,2345.4
05.09.2012-15:00:00,05,09,2012,15,2263.4
05.09.2012-18:00:00,05,09,2012,18,1867.1
05.09.2012-21:00:00,05,09,2012,21,1657.4
05.10.2012-00:00:00,05,10,2012,00,1519.8
05.10.2012-03:00:00,05,10,2012,03,1482.3
05.10.2012-06:00:00,05,10,2012,06,1490.3
05.10.2012-09:00:00,05,10,2012,09,1751.6
05.10.2012-12:00:00,05,10,2012,12,2275.9
05.10.2012-15:00:00,05,10,2012,15,2233
05.10.2012-18:00:00,05,10,2012,18,1925
05.10.2012-21:00:00,05,10,2012,21,1768.2
05.11.2012-00:00:00,05,11,2012,00,1604.8
05.11.2012-03:00:00,05,11,2012,03,1657.5
05.11.2012-06:00:00,05,11,2012,06,1578.9
05.11.2012-09:00:00,05,11,2012,09,1651.5
05.11.2012-12:00:00,05,11,2012,12,2034.9
05.11.2012-15:00:00,05,11,2012,15,2263
05.11.2012-18:00:00,05,11,2012,18,1924.3
05.11.2012-21:00:00,05,11,2012,21,1791.8
05.12.2012-00:00:00,05,12,2012,00,1683.1
05.12.2012-03:00:00,05,12,2012,03,1713.5
05.12.2012-06:00:00,05,12,2012,06,1644.2
05.12.2012-09:00:00,05,12,2012,09,1747.7
05.12.2012-12:00:00,05,12,2012,12,2299.4
05.12.2012-15:00:00,05,12,2012,15,2644.1
05.12.2012-18:00:00,05,12,2012,18,2214.3
05.12.2012-21:00:00,05,12,2012,21,1952.9
05.13.2012-00:00:00,05,13,2012,00,1827.5
05.13.2012-03:00:00,05,13,2012,03,1822.9
05.13.2012-06:00:00,05,13,2012,06,1762.6
05.13.2012-09:00:00,05,13,2012,09,2193.6
05.13.2012-12:00:00,05,13,2012,12,2879.8
05.13.2012-15:00:00,05,13,2012,15,3017.6
05.13.2012-18:00:00,05,13,2012,18,2588
05.13.2012-21:00:00,05,13,2012,21,2242.8
05.14.2012-00:00:00,05,14,2012,00,2096.4
05.14.2012-03:00:00,05,14,2012,03,2059.5
05.14.2012-06:00:00,05,14,2012,06,2010.1
05.14.2012-09:00:00,05,14,2012,09,2522.6
05.14.2012-12:00:00,05,14,2012,12,3280.3
05.14.2012-15:00:00,05,14,2012,15,3502.1
05.14.2012-18:00:00,05,14,2012,18,2954.4
05.14.2012-21:00:00,05,14,2012,21,2548.5
05.15.2012-00:00:00,05,15,2012,00,2369.7
05.15.2012-03:00:00,05,15,2012,03,2340.1
05.15.2012-06:00:00,05,15,2012,06,2414.3
05.15.2012-09:00:00,05,15,2012,09,3127.9
05.15.2012-12:00:00,05,15,2012,12,4062.3
05.15.2012-15:00:00,05,15,2012,15,4128.9
05.15.2012-18:00:00,05,15,2012,18,3482
05.15.2012-21:00:00,05,15,2012,21,3185.6
05.16.2012-00:00:00,05,16,2012,00,2842.4
05.16.2012-03:00:00,05,16,2012,03,2878.1
05.16.2012-06:00:00,05,16,2012,06,3129.3
05.16.2012-09:00:00,05,16,2012,09,4073.1
05.16.2012-12:00:00,05,16,2012,12,4769.4
05.16.2012-15:00:00,05,16,2012,15,4741.5
05.16.2012-18:00:00,05,16,2012,18,4214.8
05.16.2012-21:00:00,05,16,2012,21,3829.1
05.17.2012-00:00:00,05,17,2012,00,3399.9
05.17.2012-03:00:00,05,17,2012,03,3387.5
05.17.2012-06:00:00,05,17,2012,06,3366.9
05.17.2012-09:00:00,05,17,2012,09,4104.9
05.17.2012-12:00:00,05,17,2012,12,4752.2
05.17.2012-15:00:00,05,17,2012,15,4549.1
05.17.2012-18:00:00,05,17,2012,18,3856.9
05.17.2012-21:00:00,05,17,2012,21,3675.9
05.18.2012-00:00:00,05,18,2012,00,3359.6
05.18.2012-03:00:00,05,18,2012,03,3390.4
05.18.2012-06:00:00,05,18,2012,06,3279.7
05.18.2012-09:00:00,05,18,2012,09,3776
05.18.2012-12:00:00,05,18,2012,12,4238.2
05.18.2012-15:00:00,05,18,2012,15,3982.9
05.18.2012-18:00:00,05,18,2012,18,3576.9
05.18.2012-21:00:00,05,18,2012,21,3415.3
05.19.2012-00:00:00,05,19,2012,00,3200.5
05.19.2012-03:00:00,05,19,2012,03,3223.9
05.19.2012-06:00:00,05,19,2012,06,3117.1
05.19.2012-09:00:00,05,19,2012,09,3498.3
05.19.2012-12:00:00,05,19,2012,12,3942.5
05.19.2012-15:00:00,05,19,2012,15,3731.1
05.19.2012-18:00:00,05,19,2012,18,3354.8
05.19.2012-21:00:00,05,19,2012,21,3203.6
05.20.2012-00:00:00,05,20,2012,00,3138.5
05.20.2012-03:00:00,05,20,2012,03,3019
05.20.2012-06:00:00,05,20,2012,06,3092.6
05.20.2012-09:00:00,05,20,2012,09,3574.9
05.20.2012-12:00:00,05,20,2012,12,4123.3
05.20.2012-15:00:00,05,20,2012,15,3761
05.20.2012-18:00:00,05,20,2012,18,3501.1
05.20.2012-21:00:00,05,20,2012,21,3286.4
05.21.2012-00:00:00,05,21,2012,00,3194.9
05.21.2012-03:00:00,05,21,2012,03,3143.3
05.21.2012-06:00:00,05,21,2012,06,3287.9
05.21.2012-09:00:00,05,21,2012,09,3869.8
05.21.2012-12:00:00,05,21,2012,12,4162.8
05.21.2012-15:00:00,05,21,2012,15,3939.2
05.21.2012-18:00:00,05,21,2012,18,3576.8
05.21.2012-21:00:00,05,21,2012,21,3451
05.22.2012-00:00:00,05,22,2012,00,3323
05.22.2012-03:00:00,05,22,2012,03,3328.9
05.22.2012-06:00:00,05,22,2012,06,3414
05.22.2012-09:00:00,05,22,2012,09,3853.8
05.22.2012-12:00:00,05,22,2012,12,3874.7
05.22.2012-15:00:00,05,22,2012,15,3783.8
05.22.2012-18:00:00,05,22,2012,18,3431.3
05.22.2012-21:00:00,05,22,2012,21,3388.3
05.23.2012-00:00:00,05,23,2012,00,3156.1
05.23.2012-03:00:00,05,23,2012,03,3185.1
05.23.2012-06:00:00,05,23,2012,06,3189.1
05.23.2012-09:00:00,05,23,2012,09,3483.5
05.23.2012-12:00:00,05,23,2012,12,3586.1
05.23.2012-15:00:00,05,23,2012,15,3430.6
05.23.2012-18:00:00,05,23,2012,18,3133.7
05.23.2012-21:00:00,05,23,2012,21,2986
05.24.2012-00:00:00,05,24,2012,00,3000
05.24.2012-03:00:00,05,24,2012,03,2827.1
05.24.2012-06:00:00,05,24,2012,06,2979
05.24.2012-09:00:00,05,24,2012,09,3270.4
05.24.2012-12:00:00,05,24,2012,12,3606.3
05.24.2012-15:00:00,05,24,2012,15,3420.5
05.24.2012-18:00:00,05,24,2012,18,3075.9
05.24.2012-21:00:00,05,24,2012,21,2906.2
05.25.2012-00:00:00,05,25,2012,00,2946.3
05.25.2012-03:00:00,05,25,2012,03,2768.9
05.25.2012-06:00:00,05,25,2012,06,2890.9
05.25.2012-09:00:00,05,25,2012,09,3326.8
05.25.2012-12:00:00,05,25,2012,12,3528.9
05.25.2012-15:00:00,05,25,2012,15,3389.5
05.25.2012-18:00:00,05,25,2012,18,2975.4
05.25.2012-21:00:00,05,25,2012,21,2876.9
05.26.2012-00:00:00,05,26,2012,00,2926.9
05.26.2012-03:00:00,05,26,2012,03,2756.1
05.26.2012-06:00:00,05,26,2012,06,2861.3
05.26.2012-09:00:00,05,26,2012,09,3211.1
05.26.2012-12:00:00,05,26,2012,12,3437.4
05.26.2012-15:00:00,05,26,2012,15,3311.8
05.26.2012-18:00:00,05,26,2012,18,3025.5
05.26.2012-21:00:00,05,26,2012,21,2861.4
05.27.2012-00:00:00,05,27,2012,00,2950.1
05.27.2012-03:00:00,05,27,2012,03,2827.9
05.27.2012-06:00:00,05,27,2012,06,2885.2
05.27.2012-09:00:00,05,27,2012,09,3221
05.27.2012-12:00:00,05,27,2012,12,3516.9
05.27.2012-15:00:00,05,27,2012,15,3273.9
05.27.2012-18:00:00,05,27,2012,18,2993.8
05.27.2012-21:00:00,05,27,2012,21,2888.7
05.28.2012-00:00:00,05,28,2012,00,2939.8
05.28.2012-03:00:00,05,28,2012,03,2836.2
05.28.2012-06:00:00,05,28,2012,06,2966.1
05.28.2012-09:00:00,05,28,2012,09,3020.8
05.28.2012-12:00:00,05,28,2012,12,3107.5
05.28.2012-15:00:00,05,28,2012,15,2830.9
05.28.2012-18:00:00,05,28,2012,18,2792.6
05.28.2012-21:00:00,05,28,2012,21,2725.7
05.29.2012-00:00:00,05,29,2012,00,2815.6
05.29.2012-03:00:00,05,29,2012,03,2599.9
05.29.2012-06:00:00,05,29,2012,06,2521.5
05.29.2012-09:00:00,05,29,2012,09,2433.1
05.29.2012-12:00:00,05,29,2012,12,2387.2
05.29.2012-15:00:00,05,29,2012,15,2335.3
05.29.2012-18:00:00,05,29,2012,18,2313.9
05.29.2012-21:00:00,05,29,2012,21,2257.8
05.30.2012-00:00:00,05,30,2012,00,2229.2
05.30.2012-03:00:00,05,30,2012,03,2224.4
05.30.2012-06:00:00,05,30,2012,06,2153.1
05.30.2012-09:00:00,05,30,2012,09,2104.3
05.30.2012-12:00:00,05,30,2012,12,2074.6
05.30.2012-15:00:00,05,30,2012,15,2055.2
05.30.2012-18:00:00,05,30,2012,18,2037.6
05.30.2012-21:00:00,05,30,2012,21,2015.1
05.31.2012-00:00:00,05,31,2012,00,1992.6
05.31.2012-03:00:00,05,31,2012,03,1962.9
05.31.2012-06:00:00,05,31,2012,06,1922.2
05.31.2012-09:00:00,05,31,2012,09,1865.9
05.31.2012-12:00:00,05,31,2012,12,1814
05.31.2012-15:00:00,05,31,2012,15,1822.6
05.31.2012-18:00:00,05,31,2012,18,1792.8
05.31.2012-21:00:00,05,31,2012,21,1800.5
06.01.2012-00:00:00,06,01,2012,00,1768.5
06.01.2012-03:00:00,06,01,2012,03,1764.5
06.01.2012-06:00:00,06,01,2012,06,1718.2
06.01.2012-09:00:00,06,01,2012,09,1705.4
06.01.2012-12:00:00,06,01,2012,12,1649.2
06.01.2012-15:00:00,06,01,2012,15,1665.7
06.01.2012-18:00:00,06,01,2012,18,1627.7
06.01.2012-21:00:00,06,01,2012,21,1647.1
06.02.2012-00:00:00,06,02,2012,00,1608.8
06.02.2012-03:00:00,06,02,2012,03,1622.8
06.02.2012-06:00:00,06,02,2012,06,1575.9
06.02.2012-09:00:00,06,02,2012,09,1576
06.02.2012-12:00:00,06,02,2012,12,1510.1
06.02.2012-15:00:00,06,02,2012,15,1532.8
06.02.2012-18:00:00,06,02,2012,18,1489.7
06.02.2012-21:00:00,06,02,2012,21,1515.2
06.03.2012-00:00:00,06,03,2012,00,1476.1
06.03.2012-03:00:00,06,03,2012,03,1492.6
06.03.2012-06:00:00,06,03,2012,06,1441.9
06.03.2012-09:00:00,06,03,2012,09,1436.4
06.03.2012-12:00:00,06,03,2012,12,1375.1
06.03.2012-15:00:00,06,03,2012,15,1388.7
06.03.2012-18:00:00,06,03,2012,18,1356.9
06.03.2012-21:00:00,06,03,2012,21,1361.4
06.04.2012-00:00:00,06,04,2012,00,1395.2
06.04.2012-03:00:00,06,04,2012,03,1332.4
06.04.2012-06:00:00,06,04,2012,06,1385.7
06.04.2012-09:00:00,06,04,2012,09,1300.9
06.04.2012-12:00:00,06,04,2012,12,1350.1
06.04.2012-15:00:00,06,04,2012,15,1266.6
06.04.2012-18:00:00,06,04,2012,18,1299
06.04.2012-21:00:00,06,04,2012,21,1299.3
06.05.2012-00:00:00,06,05,2012,00,1297.8
06.05.2012-03:00:00,06,05,2012,03,1287.7
06.05.2012-06:00:00,06,05,2012,06,1351.9
06.05.2012-09:00:00,06,05,2012,09,1271.9
06.05.2012-12:00:00,06,05,2012,12,1313.9
06.05.2012-15:00:00,06,05,2012,15,1308.9
06.05.2012-18:00:00,06,05,2012,18,1287.3
06.05.2012-21:00:00,06,05,2012,21,1263.7
06.06.2012-00:00:00,06,06,2012,00,1309.2
06.06.2012-03:00:00,06,06,2012,03,1202.7
06.06.2012-06:00:00,06,06,2012,06,1195.2
06.06.2012-09:00:00,06,06,2012,09,1208.2
06.06.2012-12:00:00,06,06,2012,12,1191.6
06.06.2012-15:00:00,06,06,2012,15,1149.6
06.06.2012-18:00:00,06,06,2012,18,1145.7
06.06.2012-21:00:00,06,06,2012,21,1142.3
06.07.2012-00:00:00,06,07,2012,00,1136.5
06.07.2012-03:00:00,06,07,2012,03,1135.6
06.07.2012-06:00:00,06,07,2012,06,1133.5
06.07.2012-09:00:00,06,07,2012,09,1126.7
06.07.2012-12:00:00,06,07,2012,12,1102.7
06.07.2012-15:00:00,06,07,2012,15,1097.4
06.07.2012-18:00:00,06,07,2012,18,1092.4
06.07.2012-21:00:00,06,07,2012,21,1089.7
06.08.2012-00:00:00,06,08,2012,00,1102.7
06.08.2012-03:00:00,06,08,2012,03,1116.3
06.08.2012-06:00:00,06,08,2012,06,1115.4
06.08.2012-09:00:00,06,08,2012,09,1119
06.08.2012-12:00:00,06,08,2012,12,1115.2
06.08.2012-15:00:00,06,08,2012,15,1110.9
06.08.2012-18:00:00,06,08,2012,18,1114.1
06.08.2012-21:00:00,06,08,2012,21,1114.8
06.09.2012-00:00:00,06,09,2012,00,1088.5
06.09.2012-03:00:00,06,09,2012,03,1058.5
06.09.2012-06:00:00,06,09,2012,06,1043.9
06.09.2012-09:00:00,06,09,2012,09,1027.4
06.09.2012-12:00:00,06,09,2012,12,1006.5
06.09.2012-15:00:00,06,09,2012,15,998.27
06.09.2012-18:00:00,06,09,2012,18,988.31
06.09.2012-21:00:00,06,09,2012,21,979.63
06.10.2012-00:00:00,06,10,2012,00,969.17
06.10.2012-03:00:00,06,10,2012,03,957.48
06.10.2012-06:00:00,06,10,2012,06,942.73
06.10.2012-09:00:00,06,10,2012,09,922.07
06.10.2012-12:00:00,06,10,2012,12,902.84
06.10.2012-15:00:00,06,10,2012,15,901.12
06.10.2012-18:00:00,06,10,2012,18,896.18
06.10.2012-21:00:00,06,10,2012,21,892.21
06.11.2012-00:00:00,06,11,2012,00,884.63
06.11.2012-03:00:00,06,11,2012,03,875.76
06.11.2012-06:00:00,06,11,2012,06,862.31
06.11.2012-09:00:00,06,11,2012,09,841.27
06.11.2012-12:00:00,06,11,2012,12,828.32
06.11.2012-15:00:00,06,11,2012,15,829.33
06.11.2012-18:00:00,06,11,2012,18,827.83
06.11.2012-21:00:00,06,11,2012,21,824.75
06.12.2012-00:00:00,06,12,2012,00,818.18
06.12.2012-03:00:00,06,12,2012,03,810.32
06.12.2012-06:00:00,06,12,2012,06,794.38
06.12.2012-09:00:00,06,12,2012,09,770.14
06.12.2012-12:00:00,06,12,2012,12,757.48
06.12.2012-15:00:00,06,12,2012,15,761.22
06.12.2012-18:00:00,06,12,2012,18,762.33
06.12.2012-21:00:00,06,12,2012,21,762.1
06.13.2012-00:00:00,06,13,2012,00,756.33
06.13.2012-03:00:00,06,13,2012,03,750.29
06.13.2012-06:00:00,06,13,2012,06,737.01
06.13.2012-09:00:00,06,13,2012,09,715.91
06.13.2012-12:00:00,06,13,2012,12,704.94
06.13.2012-15:00:00,06,13,2012,15,710.69
06.13.2012-18:00:00,06,13,2012,18,711.41
06.13.2012-21:00:00,06,13,2012,21,710.82
06.14.2012-00:00:00,06,14,2012,00,705.29
06.14.2012-03:00:00,06,14,2012,03,698.83
06.14.2012-06:00:00,06,14,2012,06,686.88
06.14.2012-09:00:00,06,14,2012,09,667.91
06.14.2012-12:00:00,06,14,2012,12,656.46
06.14.2012-15:00:00,06,14,2012,15,662.24
06.14.2012-18:00:00,06,14,2012,18,663.45
06.14.2012-21:00:00,06,14,2012,21,663.19
06.15.2012-00:00:00,06,15,2012,00,658.22
06.15.2012-03:00:00,06,15,2012,03,651.96
06.15.2012-06:00:00,06,15,2012,06,640.16
06.15.2012-09:00:00,06,15,2012,09,619.65
06.15.2012-12:00:00,06,15,2012,12,610.44
06.15.2012-15:00:00,06,15,2012,15,616.67
06.15.2012-18:00:00,06,15,2012,18,619.75
06.15.2012-21:00:00,06,15,2012,21,619.53
06.16.2012-00:00:00,06,16,2012,00,615.08
06.16.2012-03:00:00,06,16,2012,03,609.66
06.16.2012-06:00:00,06,16,2012,06,597.23
06.16.2012-09:00:00,06,16,2012,09,577.74
06.16.2012-12:00:00,06,16,2012,12,569.88
06.16.2012-15:00:00,06,16,2012,15,576.99
06.16.2012-18:00:00,06,16,2012,18,579.84
06.16.2012-21:00:00,06,16,2012,21,580.46
06.17.2012-00:00:00,06,17,2012,00,576.24
06.17.2012-03:00:00,06,17,2012,03,571.45
06.17.2012-06:00:00,06,17,2012,06,560.02
06.17.2012-09:00:00,06,17,2012,09,542.08
06.17.2012-12:00:00,06,17,2012,12,533.11
06.17.2012-15:00:00,06,17,2012,15,540.59
06.17.2012-18:00:00,06,17,2012,18,542.56
06.17.2012-21:00:00,06,17,2012,21,543.92
06.18.2012-00:00:00,06,18,2012,00,539.96
06.18.2012-03:00:00,06,18,2012,03,534.59
06.18.2012-06:00:00,06,18,2012,06,525.25
06.18.2012-09:00:00,06,18,2012,09,511.38
06.18.2012-12:00:00,06,18,2012,12,502.34
06.18.2012-15:00:00,06,18,2012,15,507.09
06.18.2012-18:00:00,06,18,2012,18,508.37
06.18.2012-21:00:00,06,18,2012,21,508.83
06.19.2012-00:00:00,06,19,2012,00,504.9
06.19.2012-03:00:00,06,19,2012,03,498.74
06.19.2012-06:00:00,06,19,2012,06,490.24
06.19.2012-09:00:00,06,19,2012,09,479.6
06.19.2012-12:00:00,06,19,2012,12,473.91
06.19.2012-15:00:00,06,19,2012,15,475.72
06.19.2012-18:00:00,06,19,2012,18,475.18
06.19.2012-21:00:00,06,19,2012,21,474.13
06.20.2012-00:00:00,06,20,2012,00,470.78
06.20.2012-03:00:00,06,20,2012,03,466.89
06.20.2012-06:00:00,06,20,2012,06,457.77
06.20.2012-09:00:00,06,20,2012,09,444.63
06.20.2012-12:00:00,06,20,2012,12,439.86
06.20.2012-15:00:00,06,20,2012,15,440.64
06.20.2012-18:00:00,06,20,2012,18,440.53
06.20.2012-21:00:00,06,20,2012,21,441.77
06.21.2012-00:00:00,06,21,2012,00,438.76
06.21.2012-03:00:00,06,21,2012,03,434.69
06.21.2012-06:00:00,06,21,2012,06,427.68
06.21.2012-09:00:00,06,21,2012,09,418.15
06.21.2012-12:00:00,06,21,2012,12,412.83
06.21.2012-15:00:00,06,21,2012,15,413.3
06.21.2012-18:00:00,06,21,2012,18,412.97
06.21.2012-21:00:00,06,21,2012,21,412.37
06.22.2012-00:00:00,06,22,2012,00,410
06.22.2012-03:00:00,06,22,2012,03,406.99
06.22.2012-06:00:00,06,22,2012,06,400.31
06.22.2012-09:00:00,06,22,2012,09,390.86
06.22.2012-12:00:00,06,22,2012,12,386.05
06.22.2012-15:00:00,06,22,2012,15,387.11
06.22.2012-18:00:00,06,22,2012,18,386.91
06.22.2012-21:00:00,06,22,2012,21,386.43
06.23.2012-00:00:00,06,23,2012,00,384.01
06.23.2012-03:00:00,06,23,2012,03,382.06
06.23.2012-06:00:00,06,23,2012,06,378.66
06.23.2012-09:00:00,06,23,2012,09,371.32
06.23.2012-12:00:00,06,23,2012,12,365.71
06.23.2012-15:00:00,06,23,2012,15,366.1
06.23.2012-18:00:00,06,23,2012,18,364.75
06.23.2012-21:00:00,06,23,2012,21,364.13
06.24.2012-00:00:00,06,24,2012,00,361.79
06.24.2012-03:00:00,06,24,2012,03,358.45
06.24.2012-06:00:00,06,24,2012,06,353.32
06.24.2012-09:00:00,06,24,2012,09,345.07
06.24.2012-12:00:00,06,24,2012,12,339.48
06.24.2012-15:00:00,06,24,2012,15,340.33
06.24.2012-18:00:00,06,24,2012,18,339.3
06.24.2012-21:00:00,06,24,2012,21,338.21
06.25.2012-00:00:00,06,25,2012,00,335.5
06.25.2012-03:00:00,06,25,2012,03,332.06
06.25.2012-06:00:00,06,25,2012,06,326.58
06.25.2012-09:00:00,06,25,2012,09,318.09
06.25.2012-12:00:00,06,25,2012,12,313.41
06.25.2012-15:00:00,06,25,2012,15,314.4
06.25.2012-18:00:00,06,25,2012,18,314.11
06.25.2012-21:00:00,06,25,2012,21,313.23
06.26.2012-00:00:00,06,26,2012,00,311.26
06.26.2012-03:00:00,06,26,2012,03,312.75
06.26.2012-06:00:00,06,26,2012,06,307.98
06.26.2012-09:00:00,06,26,2012,09,301.42
06.26.2012-12:00:00,06,26,2012,12,297.11
06.26.2012-15:00:00,06,26,2012,15,297.95
06.26.2012-18:00:00,06,26,2012,18,297.94
06.26.2012-21:00:00,06,26,2012,21,298.83
06.27.2012-00:00:00,06,27,2012,00,295.25
06.27.2012-03:00:00,06,27,2012,03,291.88
06.27.2012-06:00:00,06,27,2012,06,287.9
06.27.2012-09:00:00,06,27,2012,09,285.13
06.27.2012-12:00:00,06,27,2012,12,281.37
06.27.2012-15:00:00,06,27,2012,15,279.86
06.27.2012-18:00:00,06,27,2012,18,278.21
06.27.2012-21:00:00,06,27,2012,21,277.6
06.28.2012-00:00:00,06,28,2012,00,274.38
06.28.2012-03:00:00,06,28,2012,03,270.88
06.28.2012-06:00:00,06,28,2012,06,266.29
06.28.2012-09:00:00,06,28,2012,09,259.11
06.28.2012-12:00:00,06,28,2012,12,254.94
06.28.2012-15:00:00,06,28,2012,15,256.75
06.28.2012-18:00:00,06,28,2012,18,256.98
06.28.2012-21:00:00,06,28,2012,21,256.47
06.29.2012-00:00:00,06,29,2012,00,254.36
06.29.2012-03:00:00,06,29,2012,03,251.91
06.29.2012-06:00:00,06,29,2012,06,246.57
06.29.2012-09:00:00,06,29,2012,09,239.31
06.29.2012-12:00:00,06,29,2012,12,236.54
06.29.2012-15:00:00,06,29,2012,15,238.64
06.29.2012-18:00:00,06,29,2012,18,239.05
06.29.2012-21:00:00,06,29,2012,21,238.75
06.30.2012-00:00:00,06,30,2012,00,236.82
06.30.2012-03:00:00,06,30,2012,03,234.69
06.30.2012-06:00:00,06,30,2012,06,230.4
06.30.2012-09:00:00,06,30,2012,09,224.19
06.30.2012-12:00:00,06,30,2012,12,221.23
06.30.2012-15:00:00,06,30,2012,15,223.11
06.30.2012-18:00:00,06,30,2012,18,223.01
06.30.2012-21:00:00,06,30,2012,21,222.67
07.01.2012-00:00:00,07,01,2012,00,220.83
07.01.2012-03:00:00,07,01,2012,03,218.22
07.01.2012-06:00:00,07,01,2012,06,214.02
07.01.2012-09:00:00,07,01,2012,09,207.85
07.01.2012-12:00:00,07,01,2012,12,205.21
07.01.2012-15:00:00,07,01,2012,15,207.23
07.01.2012-18:00:00,07,01,2012,18,207.27
07.01.2012-21:00:00,07,01,2012,21,207.42
07.02.2012-00:00:00,07,02,2012,00,205.85
07.02.2012-03:00:00,07,02,2012,03,203.82
07.02.2012-06:00:00,07,02,2012,06,199.44
07.02.2012-09:00:00,07,02,2012,09,193.17
07.02.2012-12:00:00,07,02,2012,12,191.02
07.02.2012-15:00:00,07,02,2012,15,193.37
07.02.2012-18:00:00,07,02,2012,18,193.77
07.02.2012-21:00:00,07,02,2012,21,194.02
07.03.2012-00:00:00,07,03,2012,00,192.59
07.03.2012-03:00:00,07,03,2012,03,190.69
07.03.2012-06:00:00,07,03,2012,06,186.67
07.03.2012-09:00:00,07,03,2012,09,180.86
07.03.2012-12:00:00,07,03,2012,12,179.02
07.03.2012-15:00:00,07,03,2012,15,181.47
07.03.2012-18:00:00,07,03,2012,18,181.97
07.03.2012-21:00:00,07,03,2012,21,182.34
07.04.2012-00:00:00,07,04,2012,00,181.07
07.04.2012-03:00:00,07,04,2012,03,179.58
07.04.2012-06:00:00,07,04,2012,06,177.33
07.04.2012-09:00:00,07,04,2012,09,174.51
07.04.2012-12:00:00,07,04,2012,12,172.25
07.04.2012-15:00:00,07,04,2012,15,172.86
07.04.2012-18:00:00,07,04,2012,18,172.34
07.04.2012-21:00:00,07,04,2012,21,171.87
07.05.2012-00:00:00,07,05,2012,00,170.64
07.05.2012-03:00:00,07,05,2012,03,168.96
07.05.2012-06:00:00,07,05,2012,06,165.12
07.05.2012-09:00:00,07,05,2012,09,158.8
07.05.2012-12:00:00,07,05,2012,12,156.69
07.05.2012-15:00:00,07,05,2012,15,159.83
07.05.2012-18:00:00,07,05,2012,18,160.98
07.05.2012-21:00:00,07,05,2012,21,161.69
07.06.2012-00:00:00,07,06,2012,00,160.64
07.06.2012-03:00:00,07,06,2012,03,159.18
07.06.2012-06:00:00,07,06,2012,06,155.18
07.06.2012-09:00:00,07,06,2012,09,149.21
07.06.2012-12:00:00,07,06,2012,12,147.7
07.06.2012-15:00:00,07,06,2012,15,150.99
07.06.2012-18:00:00,07,06,2012,18,152.12
07.06.2012-21:00:00,07,06,2012,21,153.03
07.07.2012-00:00:00,07,07,2012,00,152.1
07.07.2012-03:00:00,07,07,2012,03,150.74
07.07.2012-06:00:00,07,07,2012,06,146.47
07.07.2012-09:00:00,07,07,2012,09,142.09
07.07.2012-12:00:00,07,07,2012,12,141.07
07.07.2012-15:00:00,07,07,2012,15,140.68
07.07.2012-18:00:00,07,07,2012,18,141.25
07.07.2012-21:00:00,07,07,2012,21,144.67
07.08.2012-00:00:00,07,08,2012,00,143.86
07.08.2012-03:00:00,07,08,2012,03,142.51
07.08.2012-06:00:00,07,08,2012,06,138.24
07.08.2012-09:00:00,07,08,2012,09,136.88
07.08.2012-12:00:00,07,08,2012,12,135.7
07.08.2012-15:00:00,07,08,2012,15,135.03
07.08.2012-18:00:00,07,08,2012,18,134.59
07.08.2012-21:00:00,07,08,2012,21,134.34
07.09.2012-00:00:00,07,09,2012,00,134.02
07.09.2012-03:00:00,07,09,2012,03,133.59
07.09.2012-06:00:00,07,09,2012,06,132.75
07.09.2012-09:00:00,07,09,2012,09,131.39
07.09.2012-12:00:00,07,09,2012,12,130.18
07.09.2012-15:00:00,07,09,2012,15,129.32
07.09.2012-18:00:00,07,09,2012,18,128.68
07.09.2012-21:00:00,07,09,2012,21,128.26
07.10.2012-00:00:00,07,10,2012,00,127.79
07.10.2012-03:00:00,07,10,2012,03,127.2
07.10.2012-06:00:00,07,10,2012,06,126.21
07.10.2012-09:00:00,07,10,2012,09,124.66
07.10.2012-12:00:00,07,10,2012,12,123.2
07.10.2012-15:00:00,07,10,2012,15,122.25
07.10.2012-18:00:00,07,10,2012,18,121.56
07.10.2012-21:00:00,07,10,2012,21,121.11
07.11.2012-00:00:00,07,11,2012,00,120.64
07.11.2012-03:00:00,07,11,2012,03,120.1
07.11.2012-06:00:00,07,11,2012,06,119.18
07.11.2012-09:00:00,07,11,2012,09,117.71
07.11.2012-12:00:00,07,11,2012,12,116.28
07.11.2012-15:00:00,07,11,2012,15,115.39
07.11.2012-18:00:00,07,11,2012,18,114.75
07.11.2012-21:00:00,07,11,2012,21,114.3
07.12.2012-00:00:00,07,12,2012,00,113.83
07.12.2012-03:00:00,07,12,2012,03,113.3
07.12.2012-06:00:00,07,12,2012,06,112.42
07.12.2012-09:00:00,07,12,2012,09,111.04
07.12.2012-12:00:00,07,12,2012,12,109.76
07.12.2012-15:00:00,07,12,2012,15,109
07.12.2012-18:00:00,07,12,2012,18,108.4
07.12.2012-21:00:00,07,12,2012,21,107.93
07.13.2012-00:00:00,07,13,2012,00,107.43
07.13.2012-03:00:00,07,13,2012,03,106.87
07.13.2012-06:00:00,07,13,2012,06,106.06
07.13.2012-09:00:00,07,13,2012,09,104.99
07.13.2012-12:00:00,07,13,2012,12,103.93
07.13.2012-15:00:00,07,13,2012,15,103.14
07.13.2012-18:00:00,07,13,2012,18,102.47
07.13.2012-21:00:00,07,13,2012,21,101.97
07.14.2012-00:00:00,07,14,2012,00,101.45
07.14.2012-03:00:00,07,14,2012,03,100.87
07.14.2012-06:00:00,07,14,2012,06,100.1
07.14.2012-09:00:00,07,14,2012,09,99.068
07.14.2012-12:00:00,07,14,2012,12,98.032
07.14.2012-15:00:00,07,14,2012,15,97.261
07.14.2012-18:00:00,07,14,2012,18,96.617
07.14.2012-21:00:00,07,14,2012,21,96.108
07.15.2012-00:00:00,07,15,2012,00,95.592
07.15.2012-03:00:00,07,15,2012,03,95.039
07.15.2012-06:00:00,07,15,2012,06,94.351
07.15.2012-09:00:00,07,15,2012,09,93.379
07.15.2012-12:00:00,07,15,2012,12,92.413
07.15.2012-15:00:00,07,15,2012,15,91.685
07.15.2012-18:00:00,07,15,2012,18,91.049
07.15.2012-21:00:00,07,15,2012,21,90.551
07.16.2012-00:00:00,07,16,2012,00,90.055
07.16.2012-03:00:00,07,16,2012,03,89.495
07.16.2012-06:00:00,07,16,2012,06,88.836
07.16.2012-09:00:00,07,16,2012,09,88.08
07.16.2012-12:00:00,07,16,2012,12,87.268
07.16.2012-15:00:00,07,16,2012,15,86.601
07.16.2012-18:00:00,07,16,2012,18,85.992
07.16.2012-21:00:00,07,16,2012,21,85.462
07.17.2012-00:00:00,07,17,2012,00,85.071
07.17.2012-03:00:00,07,17,2012,03,84.636
07.17.2012-06:00:00,07,17,2012,06,84.144
07.17.2012-09:00:00,07,17,2012,09,83.578
07.17.2012-12:00:00,07,17,2012,12,83.059
07.17.2012-15:00:00,07,17,2012,15,82.695
07.17.2012-18:00:00,07,17,2012,18,82.403
07.17.2012-21:00:00,07,17,2012,21,82.341
07.18.2012-00:00:00,07,18,2012,00,81.914
07.18.2012-03:00:00,07,18,2012,03,81.329
07.18.2012-06:00:00,07,18,2012,06,80.481
07.18.2012-09:00:00,07,18,2012,09,79.533
07.18.2012-12:00:00,07,18,2012,12,78.522
07.18.2012-15:00:00,07,18,2012,15,77.726
07.18.2012-18:00:00,07,18,2012,18,77.031
07.18.2012-21:00:00,07,18,2012,21,76.449
07.19.2012-00:00:00,07,19,2012,00,75.878
07.19.2012-03:00:00,07,19,2012,03,75.281
07.19.2012-06:00:00,07,19,2012,06,74.556
07.19.2012-09:00:00,07,19,2012,09,73.651
07.19.2012-12:00:00,07,19,2012,12,72.767
07.19.2012-15:00:00,07,19,2012,15,72.189
07.19.2012-18:00:00,07,19,2012,18,71.65
07.19.2012-21:00:00,07,19,2012,21,71.158
07.20.2012-00:00:00,07,20,2012,00,70.666
07.20.2012-03:00:00,07,20,2012,03,70.16
07.20.2012-06:00:00,07,20,2012,06,69.579
07.20.2012-09:00:00,07,20,2012,09,69
07.20.2012-12:00:00,07,20,2012,12,68.443
07.20.2012-15:00:00,07,20,2012,15,67.882
07.20.2012-18:00:00,07,20,2012,18,67.346
07.20.2012-21:00:00,07,20,2012,21,66.871
07.21.2012-00:00:00,07,21,2012,00,66.512
07.21.2012-03:00:00,07,21,2012,03,66.151
07.21.2012-06:00:00,07,21,2012,06,65.646
07.21.2012-09:00:00,07,21,2012,09,65.072
07.21.2012-12:00:00,07,21,2012,12,64.493
07.21.2012-15:00:00,07,21,2012,15,63.983
07.21.2012-18:00:00,07,21,2012,18,63.534
07.21.2012-21:00:00,07,21,2012,21,63.15
07.22.2012-00:00:00,07,22,2012,00,62.567
07.22.2012-03:00:00,07,22,2012,03,62.224
07.22.2012-06:00:00,07,22,2012,06,61.844
07.22.2012-09:00:00,07,22,2012,09,61.297
07.22.2012-12:00:00,07,22,2012,12,60.758
07.22.2012-15:00:00,07,22,2012,15,60.23
07.22.2012-18:00:00,07,22,2012,18,59.734
07.22.2012-21:00:00,07,22,2012,21,59.282
07.23.2012-00:00:00,07,23,2012,00,58.835
07.23.2012-03:00:00,07,23,2012,03,58.381
07.23.2012-06:00:00,07,23,2012,06,57.884
07.23.2012-09:00:00,07,23,2012,09,57.373
07.23.2012-12:00:00,07,23,2012,12,56.874
07.23.2012-15:00:00,07,23,2012,15,56.387
07.23.2012-18:00:00,07,23,2012,18,55.928
07.23.2012-21:00:00,07,23,2012,21,55.51
07.24.2012-00:00:00,07,24,2012,00,55.097
07.24.2012-03:00:00,07,24,2012,03,54.677
07.24.2012-06:00:00,07,24,2012,06,54.242
07.24.2012-09:00:00,07,24,2012,09,53.799
07.24.2012-12:00:00,07,24,2012,12,53.36
07.24.2012-15:00:00,07,24,2012,15,52.93
07.24.2012-18:00:00,07,24,2012,18,52.518
07.24.2012-21:00:00,07,24,2012,21,52.124
07.25.2012-00:00:00,07,25,2012,00,51.733
07.25.2012-03:00:00,07,25,2012,03,51.335
07.25.2012-06:00:00,07,25,2012,06,50.906
07.25.2012-09:00:00,07,25,2012,09,50.467
07.25.2012-12:00:00,07,25,2012,12,50.036
07.25.2012-15:00:00,07,25,2012,15,49.616
07.25.2012-18:00:00,07,25,2012,18,49.218
07.25.2012-21:00:00,07,25,2012,21,48.85
07.26.2012-00:00:00,07,26,2012,00,48.486
07.26.2012-03:00:00,07,26,2012,03,48.117
07.26.2012-06:00:00,07,26,2012,06,47.706
07.26.2012-09:00:00,07,26,2012,09,47.288
07.26.2012-12:00:00,07,26,2012,12,46.884
07.26.2012-15:00:00,07,26,2012,15,46.487
07.26.2012-18:00:00,07,26,2012,18,46.111
07.26.2012-21:00:00,07,26,2012,21,45.772
07.27.2012-00:00:00,07,27,2012,00,45.437
07.27.2012-03:00:00,07,27,2012,03,45.137
07.27.2012-06:00:00,07,27,2012,06,44.796
07.27.2012-09:00:00,07,27,2012,09,44.348
07.27.2012-12:00:00,07,27,2012,12,43.978
07.27.2012-15:00:00,07,27,2012,15,43.613
07.27.2012-18:00:00,07,27,2012,18,43.265
07.27.2012-21:00:00,07,27,2012,21,42.988
07.28.2012-00:00:00,07,28,2012,00,42.637
07.28.2012-03:00:00,07,28,2012,03,42.317
07.28.2012-06:00:00,07,28,2012,06,41.968
07.28.2012-09:00:00,07,28,2012,09,41.614
07.28.2012-12:00:00,07,28,2012,12,41.267
07.28.2012-15:00:00,07,28,2012,15,40.927
07.28.2012-18:00:00,07,28,2012,18,40.605
07.28.2012-21:00:00,07,28,2012,21,40.311
07.29.2012-00:00:00,07,29,2012,00,40.021
07.29.2012-03:00:00,07,29,2012,03,39.734
07.29.2012-06:00:00,07,29,2012,06,39.448
07.29.2012-09:00:00,07,29,2012,09,39.163
07.29.2012-12:00:00,07,29,2012,12,38.881
07.29.2012-15:00:00,07,29,2012,15,38.599
07.29.2012-18:00:00,07,29,2012,18,38.32
07.29.2012-21:00:00,07,29,2012,21,38.041
07.30.2012-00:00:00,07,30,2012,00,37.764
07.30.2012-03:00:00,07,30,2012,03,37.489
07.30.2012-06:00:00,07,30,2012,06,37.217
07.30.2012-09:00:00,07,30,2012,09,36.947
07.30.2012-12:00:00,07,30,2012,12,36.678
07.30.2012-15:00:00,07,30,2012,15,36.41
07.30.2012-18:00:00,07,30,2012,18,36.145
07.30.2012-21:00:00,07,30,2012,21,35.88
07.31.2012-00:00:00,07,31,2012,00,35.618
07.31.2012-03:00:00,07,31,2012,03,35.357
07.31.2012-06:00:00,07,31,2012,06,35.098
07.31.2012-09:00:00,07,31,2012,09,34.841
07.31.2012-12:00:00,07,31,2012,12,34.586
07.31.2012-15:00:00,07,31,2012,15,34.333
07.31.2012-18:00:00,07,31,2012,18,34.082
07.31.2012-21:00:00,07,31,2012,21,33.832
08.01.2012-00:00:00,08,01,2012,00,33.585
08.01.2012-03:00:00,08,01,2012,03,33.34
08.01.2012-06:00:00,08,01,2012,06,33.097
08.01.2012-09:00:00,08,01,2012,09,32.855
08.01.2012-12:00:00,08,01,2012,12,32.616
08.01.2012-15:00:00,08,01,2012,15,32.378
08.01.2012-18:00:00,08,01,2012,18,32.143
08.01.2012-21:00:00,08,01,2012,21,31.909
08.02.2012-00:00:00,08,02,2012,00,31.677
08.02.2012-03:00:00,08,02,2012,03,31.446
08.02.2012-06:00:00,08,02,2012,06,31.218
08.02.2012-09:00:00,08,02,2012,09,30.992
08.02.2012-12:00:00,08,02,2012,12,30.767
08.02.2012-15:00:00,08,02,2012,15,30.545
08.02.2012-18:00:00,08,02,2012,18,30.362
08.02.2012-21:00:00,08,02,2012,21,30.184
08.03.2012-00:00:00,08,03,2012,00,30.006
08.03.2012-03:00:00,08,03,2012,03,29.83
08.03.2012-06:00:00,08,03,2012,06,29.653
08.03.2012-09:00:00,08,03,2012,09,29.476
08.03.2012-12:00:00,08,03,2012,12,29.3
08.03.2012-15:00:00,08,03,2012,15,29.125
08.03.2012-18:00:00,08,03,2012,18,28.95
08.03.2012-21:00:00,08,03,2012,21,28.776
08.04.2012-00:00:00,08,04,2012,00,28.602
08.04.2012-03:00:00,08,04,2012,03,28.429
08.04.2012-06:00:00,08,04,2012,06,28.256
08.04.2012-09:00:00,08,04,2012,09,28.084
08.04.2012-12:00:00,08,04,2012,12,27.912
08.04.2012-15:00:00,08,04,2012,15,27.741
08.04.2012-18:00:00,08,04,2012,18,27.571
08.04.2012-21:00:00,08,04,2012,21,27.401
08.05.2012-00:00:00,08,05,2012,00,27.232
08.05.2012-03:00:00,08,05,2012,03,27.064
08.05.2012-06:00:00,08,05,2012,06,26.897
08.05.2012-09:00:00,08,05,2012,09,26.73
08.05.2012-12:00:00,08,05,2012,12,26.564
08.05.2012-15:00:00,08,05,2012,15,26.398
08.05.2012-18:00:00,08,05,2012,18,26.234
08.05.2012-21:00:00,08,05,2012,21,26.071
08.06.2012-00:00:00,08,06,2012,00,25.908
08.06.2012-03:00:00,08,06,2012,03,25.746
08.06.2012-06:00:00,08,06,2012,06,25.586
08.06.2012-09:00:00,08,06,2012,09,25.425
08.06.2012-12:00:00,08,06,2012,12,25.266
08.06.2012-15:00:00,08,06,2012,15,25.107
08.06.2012-18:00:00,08,06,2012,18,24.95
08.06.2012-21:00:00,08,06,2012,21,24.793
08.07.2012-00:00:00,08,07,2012,00,24.637
08.07.2012-03:00:00,08,07,2012,03,24.482
08.07.2012-06:00:00,08,07,2012,06,24.328
08.07.2012-09:00:00,08,07,2012,09,24.175
08.07.2012-12:00:00,08,07,2012,12,24.022
08.07.2012-15:00:00,08,07,2012,15,23.872
08.07.2012-18:00:00,08,07,2012,18,23.721
08.07.2012-21:00:00,08,07,2012,21,23.572
08.08.2012-00:00:00,08,08,2012,00,23.423
08.08.2012-03:00:00,08,08,2012,03,23.275
08.08.2012-06:00:00,08,08,2012,06,23.129
08.08.2012-09:00:00,08,08,2012,09,22.984
08.08.2012-12:00:00,08,08,2012,12,22.839
08.08.2012-15:00:00,08,08,2012,15,22.695
08.08.2012-18:00:00,08,08,2012,18,22.552
08.08.2012-21:00:00,08,08,2012,21,22.41
08.09.2012-00:00:00,08,09,2012,00,22.269
08.09.2012-03:00:00,08,09,2012,03,22.129
08.09.2012-06:00:00,08,09,2012,06,21.99
08.09.2012-09:00:00,08,09,2012,09,21.852
08.09.2012-12:00:00,08,09,2012,12,21.714
08.09.2012-15:00:00,08,09,2012,15,21.577
08.09.2012-18:00:00,08,09,2012,18,21.442
08.09.2012-21:00:00,08,09,2012,21,21.307
08.10.2012-00:00:00,08,10,2012,00,21.174
08.10.2012-03:00:00,08,10,2012,03,21.042
08.10.2012-06:00:00,08,10,2012,06,20.91
08.10.2012-09:00:00,08,10,2012,09,20.779
08.10.2012-12:00:00,08,10,2012,12,20.649
08.10.2012-15:00:00,08,10,2012,15,20.519
08.10.2012-18:00:00,08,10,2012,18,20.391
08.10.2012-21:00:00,08,10,2012,21,20.264
08.11.2012-00:00:00,08,11,2012,00,20.138
08.11.2012-03:00:00,08,11,2012,03,20.012
08.11.2012-06:00:00,08,11,2012,06,19.888
08.11.2012-09:00:00,08,11,2012,09,19.764
08.11.2012-12:00:00,08,11,2012,12,19.641
08.11.2012-15:00:00,08,11,2012,15,19.519
08.11.2012-18:00:00,08,11,2012,18,19.398
08.11.2012-21:00:00,08,11,2012,21,19.277
08.12.2012-00:00:00,08,12,2012,00,19.158
08.12.2012-03:00:00,08,12,2012,03,19.039
08.12.2012-06:00:00,08,12,2012,06,18.922
08.12.2012-09:00:00,08,12,2012,09,18.806
08.12.2012-12:00:00,08,12,2012,12,18.69
08.12.2012-15:00:00,08,12,2012,15,18.575
08.12.2012-18:00:00,08,12,2012,18,18.461
08.12.2012-21:00:00,08,12,2012,21,18.347
08.13.2012-00:00:00,08,13,2012,00,18.235
08.13.2012-03:00:00,08,13,2012,03,18.123
08.13.2012-06:00:00,08,13,2012,06,18.012
08.13.2012-09:00:00,08,13,2012,09,17.902
08.13.2012-12:00:00,08,13,2012,12,17.793
08.13.2012-15:00:00,08,13,2012,15,17.685
08.13.2012-18:00:00,08,13,2012,18,17.577
08.13.2012-21:00:00,08,13,2012,21,17.47
08.14.2012-00:00:00,08,14,2012,00,17.364
08.14.2012-03:00:00,08,14,2012,03,17.259
08.14.2012-06:00:00,08,14,2012,06,17.155
08.14.2012-09:00:00,08,14,2012,09,17.051
08.14.2012-12:00:00,08,14,2012,12,16.948
08.14.2012-15:00:00,08,14,2012,15,16.846
08.14.2012-18:00:00,08,14,2012,18,16.744
08.14.2012-21:00:00,08,14,2012,21,16.644
08.15.2012-00:00:00,08,15,2012,00,16.544
08.15.2012-03:00:00,08,15,2012,03,16.444
08.15.2012-06:00:00,08,15,2012,06,16.346
08.15.2012-09:00:00,08,15,2012,09,16.249
08.15.2012-12:00:00,08,15,2012,12,16.152
08.15.2012-15:00:00,08,15,2012,15,16.056
08.15.2012-18:00:00,08,15,2012,18,15.96
08.15.2012-21:00:00,08,15,2012,21,15.866
08.16.2012-00:00:00,08,16,2012,00,15.772
08.16.2012-03:00:00,08,16,2012,03,15.68
08.16.2012-06:00:00,08,16,2012,06,15.587
08.16.2012-09:00:00,08,16,2012,09,15.495
08.16.2012-12:00:00,08,16,2012,12,15.404
08.16.2012-15:00:00,08,16,2012,15,15.314
08.16.2012-18:00:00,08,16,2012,18,15.224
08.16.2012-21:00:00,08,16,2012,21,15.136
08.17.2012-00:00:00,08,17,2012,00,15.117
08.17.2012-03:00:00,08,17,2012,03,15.138
08.17.2012-06:00:00,08,17,2012,06,15.055
08.17.2012-09:00:00,08,17,2012,09,14.937
08.17.2012-12:00:00,08,17,2012,12,14.775
08.17.2012-15:00:00,08,17,2012,15,14.688
08.17.2012-18:00:00,08,17,2012,18,14.631
08.17.2012-21:00:00,08,17,2012,21,14.627
08.18.2012-00:00:00,08,18,2012,00,14.371
08.18.2012-03:00:00,08,18,2012,03,14.282
08.18.2012-06:00:00,08,18,2012,06,14.2
08.18.2012-09:00:00,08,18,2012,09,14.119
08.18.2012-12:00:00,08,18,2012,12,14.039
08.18.2012-15:00:00,08,18,2012,15,13.959
08.18.2012-18:00:00,08,18,2012,18,13.88
08.18.2012-21:00:00,08,18,2012,21,13.801
08.19.2012-00:00:00,08,19,2012,00,13.723
08.19.2012-03:00:00,08,19,2012,03,13.646
08.19.2012-06:00:00,08,19,2012,06,13.569
08.19.2012-09:00:00,08,19,2012,09,13.493
08.19.2012-12:00:00,08,19,2012,12,13.417
08.19.2012-15:00:00,08,19,2012,15,13.342
08.19.2012-18:00:00,08,19,2012,18,13.268
08.19.2012-21:00:00,08,19,2012,21,13.193
08.20.2012-00:00:00,08,20,2012,00,13.12
08.20.2012-03:00:00,08,20,2012,03,13.047
08.20.2012-06:00:00,08,20,2012,06,12.975
08.20.2012-09:00:00,08,20,2012,09,12.903
08.20.2012-12:00:00,08,20,2012,12,12.832
08.20.2012-15:00:00,08,20,2012,15,12.761
08.20.2012-18:00:00,08,20,2012,18,12.691
08.20.2012-21:00:00,08,20,2012,21,12.621
08.21.2012-00:00:00,08,21,2012,00,12.553
08.21.2012-03:00:00,08,21,2012,03,12.484
08.21.2012-06:00:00,08,21,2012,06,12.416
08.21.2012-09:00:00,08,21,2012,09,12.348
08.21.2012-12:00:00,08,21,2012,12,12.281
08.21.2012-15:00:00,08,21,2012,15,12.215
08.21.2012-18:00:00,08,21,2012,18,12.149
08.21.2012-21:00:00,08,21,2012,21,12.084
08.22.2012-00:00:00,08,22,2012,00,12.019
08.22.2012-03:00:00,08,22,2012,03,11.954
08.22.2012-06:00:00,08,22,2012,06,11.89
08.22.2012-09:00:00,08,22,2012,09,11.826
08.22.2012-12:00:00,08,22,2012,12,11.763
08.22.2012-15:00:00,08,22,2012,15,11.7
08.22.2012-18:00:00,08,22,2012,18,11.639
08.22.2012-21:00:00,08,22,2012,21,11.577
08.23.2012-00:00:00,08,23,2012,00,11.516
08.23.2012-03:00:00,08,23,2012,03,11.455
08.23.2012-06:00:00,08,23,2012,06,11.395
08.23.2012-09:00:00,08,23,2012,09,11.335
08.23.2012-12:00:00,08,23,2012,12,11.275
08.23.2012-15:00:00,08,23,2012,15,11.216
08.23.2012-18:00:00,08,23,2012,18,11.158
08.23.2012-21:00:00,08,23,2012,21,11.1
08.24.2012-00:00:00,08,24,2012,00,11.044
08.24.2012-03:00:00,08,24,2012,03,10.986
08.24.2012-06:00:00,08,24,2012,06,10.929
08.24.2012-09:00:00,08,24,2012,09,10.873
08.24.2012-12:00:00,08,24,2012,12,10.817
08.24.2012-15:00:00,08,24,2012,15,10.761
08.24.2012-18:00:00,08,24,2012,18,10.706
08.24.2012-21:00:00,08,24,2012,21,10.651
08.25.2012-00:00:00,08,25,2012,00,10.597
08.25.2012-03:00:00,08,25,2012,03,10.542
08.25.2012-06:00:00,08,25,2012,06,10.487
08.25.2012-09:00:00,08,25,2012,09,10.434
08.25.2012-12:00:00,08,25,2012,12,10.38
08.25.2012-15:00:00,08,25,2012,15,10.326
08.25.2012-18:00:00,08,25,2012,18,10.273
08.25.2012-21:00:00,08,25,2012,21,10.221
08.26.2012-00:00:00,08,26,2012,00,10.169
08.26.2012-03:00:00,08,26,2012,03,10.117
08.26.2012-06:00:00,08,26,2012,06,10.066
08.26.2012-09:00:00,08,26,2012,09,10.015
08.26.2012-12:00:00,08,26,2012,12,9.9645
08.26.2012-15:00:00,08,26,2012,15,9.9144
08.26.2012-18:00:00,08,26,2012,18,9.8648
08.26.2012-21:00:00,08,26,2012,21,9.8147
08.27.2012-00:00:00,08,27,2012,00,9.7651
08.27.2012-03:00:00,08,27,2012,03,9.7158
08.27.2012-06:00:00,08,27,2012,06,9.6671
08.27.2012-09:00:00,08,27,2012,09,9.6187
08.27.2012-12:00:00,08,27,2012,12,9.5708
08.27.2012-15:00:00,08,27,2012,15,9.5232
08.27.2012-18:00:00,08,27,2012,18,9.4761
08.27.2012-21:00:00,08,27,2012,21,9.4294
08.28.2012-00:00:00,08,28,2012,00,9.3831
08.28.2012-03:00:00,08,28,2012,03,9.3372
08.28.2012-06:00:00,08,28,2012,06,9.2917
08.28.2012-09:00:00,08,28,2012,09,9.2465
08.28.2012-12:00:00,08,28,2012,12,9.2018
08.28.2012-15:00:00,08,28,2012,15,9.1574
08.28.2012-18:00:00,08,28,2012,18,9.1134
08.28.2012-21:00:00,08,28,2012,21,9.0697
08.29.2012-00:00:00,08,29,2012,00,9.0265
08.29.2012-03:00:00,08,29,2012,03,8.9835
08.29.2012-06:00:00,08,29,2012,06,8.9409
08.29.2012-09:00:00,08,29,2012,09,8.8987
08.29.2012-12:00:00,08,29,2012,12,8.8568
08.29.2012-15:00:00,08,29,2012,15,8.8153
08.29.2012-18:00:00,08,29,2012,18,8.774
08.29.2012-21:00:00,08,29,2012,21,8.7331
08.30.2012-00:00:00,08,30,2012,00,8.6926
08.30.2012-03:00:00,08,30,2012,03,8.6523
08.30.2012-06:00:00,08,30,2012,06,8.6124
08.30.2012-09:00:00,08,30,2012,09,8.5728
08.30.2012-12:00:00,08,30,2012,12,8.5335
08.30.2012-15:00:00,08,30,2012,15,8.4945
08.30.2012-18:00:00,08,30,2012,18,8.4558
08.30.2012-21:00:00,08,30,2012,21,8.4174
08.31.2012-00:00:00,08,31,2012,00,8.3793
08.31.2012-03:00:00,08,31,2012,03,8.3415
08.31.2012-06:00:00,08,31,2012,06,8.304
08.31.2012-09:00:00,08,31,2012,09,8.2667
08.31.2012-12:00:00,08,31,2012,12,8.2298
08.31.2012-15:00:00,08,31,2012,15,8.1931
08.31.2012-18:00:00,08,31,2012,18,8.1567
08.31.2012-21:00:00,08,31,2012,21,8.1206
09.01.2012-00:00:00,09,01,2012,00,8.0847
09.01.2012-03:00:00,09,01,2012,03,8.0492
09.01.2012-06:00:00,09,01,2012,06,8.0138
09.01.2012-09:00:00,09,01,2012,09,7.9788
09.01.2012-12:00:00,09,01,2012,12,7.944
09.01.2012-15:00:00,09,01,2012,15,7.9094
09.01.2012-18:00:00,09,01,2012,18,7.8751
09.01.2012-21:00:00,09,01,2012,21,7.841
09.02.2012-00:00:00,09,02,2012,00,7.8072
09.02.2012-03:00:00,09,02,2012,03,7.7737
09.02.2012-06:00:00,09,02,2012,06,7.7404
09.02.2012-09:00:00,09,02,2012,09,7.7073
09.02.2012-12:00:00,09,02,2012,12,7.6744
09.02.2012-15:00:00,09,02,2012,15,7.6418
09.02.2012-18:00:00,09,02,2012,18,7.6094
09.02.2012-21:00:00,09,02,2012,21,7.5773
09.03.2012-00:00:00,09,03,2012,00,7.5453
09.03.2012-03:00:00,09,03,2012,03,7.5135
09.03.2012-06:00:00,09,03,2012,06,7.482
09.03.2012-09:00:00,09,03,2012,09,7.4507
09.03.2012-12:00:00,09,03,2012,12,7.4196
09.03.2012-15:00:00,09,03,2012,15,7.3887
09.03.2012-18:00:00,09,03,2012,18,7.3581
09.03.2012-21:00:00,09,03,2012,21,7.3276
09.04.2012-00:00:00,09,04,2012,00,7.2973
09.04.2012-03:00:00,09,04,2012,03,7.2673
09.04.2012-06:00:00,09,04,2012,06,7.2375
09.04.2012-09:00:00,09,04,2012,09,7.2078
09.04.2012-12:00:00,09,04,2012,12,7.1784
09.04.2012-15:00:00,09,04,2012,15,7.1492
09.04.2012-18:00:00,09,04,2012,18,7.1201
09.04.2012-21:00:00,09,04,2012,21,7.0913
09.05.2012-00:00:00,09,05,2012,00,7.0626
09.05.2012-03:00:00,09,05,2012,03,7.0342
09.05.2012-06:00:00,09,05,2012,06,7.0059
09.05.2012-09:00:00,09,05,2012,09,6.9778
09.05.2012-12:00:00,09,05,2012,12,6.9499
09.05.2012-15:00:00,09,05,2012,15,6.9222
09.05.2012-18:00:00,09,05,2012,18,6.8946
09.05.2012-21:00:00,09,05,2012,21,6.8673
09.06.2012-00:00:00,09,06,2012,00,6.8401
09.06.2012-03:00:00,09,06,2012,03,6.8131
09.06.2012-06:00:00,09,06,2012,06,6.7863
09.06.2012-09:00:00,09,06,2012,09,6.7596
09.06.2012-12:00:00,09,06,2012,12,6.7331
09.06.2012-15:00:00,09,06,2012,15,6.7068
09.06.2012-18:00:00,09,06,2012,18,6.6806
09.06.2012-21:00:00,09,06,2012,21,6.6547
09.07.2012-00:00:00,09,07,2012,00,6.6288
09.07.2012-03:00:00,09,07,2012,03,6.6032
09.07.2012-06:00:00,09,07,2012,06,6.5777
09.07.2012-09:00:00,09,07,2012,09,6.5523
09.07.2012-12:00:00,09,07,2012,12,6.5272
09.07.2012-15:00:00,09,07,2012,15,6.5021
09.07.2012-18:00:00,09,07,2012,18,6.4773
09.07.2012-21:00:00,09,07,2012,21,6.4526
09.08.2012-00:00:00,09,08,2012,00,6.428
09.08.2012-03:00:00,09,08,2012,03,6.4036
09.08.2012-06:00:00,09,08,2012,06,6.3794
09.08.2012-09:00:00,09,08,2012,09,6.3553
09.08.2012-12:00:00,09,08,2012,12,6.3313
09.08.2012-15:00:00,09,08,2012,15,6.3075
09.08.2012-18:00:00,09,08,2012,18,6.2838
09.08.2012-21:00:00,09,08,2012,21,6.2603
09.09.2012-00:00:00,09,09,2012,00,6.2369
09.09.2012-03:00:00,09,09,2012,03,6.2137
09.09.2012-06:00:00,09,09,2012,06,6.1906
09.09.2012-09:00:00,09,09,2012,09,6.1676
09.09.2012-12:00:00,09,09,2012,12,6.1448
09.09.2012-15:00:00,09,09,2012,15,6.1221
09.09.2012-18:00:00,09,09,2012,18,6.0995
09.09.2012-21:00:00,09,09,2012,21,6.0771
09.10.2012-00:00:00,09,10,2012,00,6.0548
09.10.2012-03:00:00,09,10,2012,03,6.0326
09.10.2012-06:00:00,09,10,2012,06,6.0105
09.10.2012-09:00:00,09,10,2012,09,5.9886
09.10.2012-12:00:00,09,10,2012,12,5.9667
09.10.2012-15:00:00,09,10,2012,15,5.945
09.10.2012-18:00:00,09,10,2012,18,5.9234
09.10.2012-21:00:00,09,10,2012,21,5.902
09.11.2012-00:00:00,09,11,2012,00,5.8806
09.11.2012-03:00:00,09,11,2012,03,5.8594
09.11.2012-06:00:00,09,11,2012,06,5.8383
09.11.2012-09:00:00,09,11,2012,09,5.8174
09.11.2012-12:00:00,09,11,2012,12,5.7965
09.11.2012-15:00:00,09,11,2012,15,5.7758
09.11.2012-18:00:00,09,11,2012,18,5.7552
09.11.2012-21:00:00,09,11,2012,21,5.7347
09.12.2012-00:00:00,09,12,2012,00,5.7143
09.12.2012-03:00:00,09,12,2012,03,5.694
09.12.2012-06:00:00,09,12,2012,06,5.6739
09.12.2012-09:00:00,09,12,2012,09,5.6539
09.12.2012-12:00:00,09,12,2012,12,5.6339
09.12.2012-15:00:00,09,12,2012,15,5.6141
09.12.2012-18:00:00,09,12,2012,18,5.5944
09.12.2012-21:00:00,09,12,2012,21,5.5749
09.13.2012-00:00:00,09,13,2012,00,5.5554
09.13.2012-03:00:00,09,13,2012,03,5.536
09.13.2012-06:00:00,09,13,2012,06,5.5168
09.13.2012-09:00:00,09,13,2012,09,5.4976
09.13.2012-12:00:00,09,13,2012,12,5.4786
09.13.2012-15:00:00,09,13,2012,15,5.4596
09.13.2012-18:00:00,09,13,2012,18,5.4408
09.13.2012-21:00:00,09,13,2012,21,5.4221
09.14.2012-00:00:00,09,14,2012,00,5.4034
09.14.2012-03:00:00,09,14,2012,03,5.3849
09.14.2012-06:00:00,09,14,2012,06,5.3665
09.14.2012-09:00:00,09,14,2012,09,5.3481
09.14.2012-12:00:00,09,14,2012,12,5.3299
09.14.2012-15:00:00,09,14,2012,15,5.3118
09.14.2012-18:00:00,09,14,2012,18,5.2937
09.14.2012-21:00:00,09,14,2012,21,5.2758
09.15.2012-00:00:00,09,15,2012,00,5.258
09.15.2012-03:00:00,09,15,2012,03,5.2402
09.15.2012-06:00:00,09,15,2012,06,5.2226
09.15.2012-09:00:00,09,15,2012,09,5.205
09.15.2012-12:00:00,09,15,2012,12,5.1875
09.15.2012-15:00:00,09,15,2012,15,5.1702
09.15.2012-18:00:00,09,15,2012,18,5.1529
09.15.2012-21:00:00,09,15,2012,21,5.1357
09.16.2012-00:00:00,09,16,2012,00,5.1186
09.16.2012-03:00:00,09,16,2012,03,5.1016
09.16.2012-06:00:00,09,16,2012,06,5.0847
09.16.2012-09:00:00,09,16,2012,09,5.0679
09.16.2012-12:00:00,09,16,2012,12,5.0511
09.16.2012-15:00:00,09,16,2012,15,5.0345
09.16.2012-18:00:00,09,16,2012,18,5.0179
09.16.2012-21:00:00,09,16,2012,21,5.0014
09.17.2012-00:00:00,09,17,2012,00,4.985
09.17.2012-03:00:00,09,17,2012,03,4.9687
09.17.2012-06:00:00,09,17,2012,06,4.9525
09.17.2012-09:00:00,09,17,2012,09,4.9363
09.17.2012-12:00:00,09,17,2012,12,4.9202
09.17.2012-15:00:00,09,17,2012,15,4.9043
09.17.2012-18:00:00,09,17,2012,18,4.8884
09.17.2012-21:00:00,09,17,2012,21,4.8725
09.18.2012-00:00:00,09,18,2012,00,4.8568
09.18.2012-03:00:00,09,18,2012,03,4.8411
09.18.2012-06:00:00,09,18,2012,06,4.8256
09.18.2012-09:00:00,09,18,2012,09,4.8101
09.18.2012-12:00:00,09,18,2012,12,4.7946
09.18.2012-15:00:00,09,18,2012,15,4.7793
09.18.2012-18:00:00,09,18,2012,18,4.764
09.18.2012-21:00:00,09,18,2012,21,4.7488
09.19.2012-00:00:00,09,19,2012,00,4.7337
09.19.2012-03:00:00,09,19,2012,03,4.7186
09.19.2012-06:00:00,09,19,2012,06,4.7037
09.19.2012-09:00:00,09,19,2012,09,4.6888
09.19.2012-12:00:00,09,19,2012,12,4.674
09.19.2012-15:00:00,09,19,2012,15,4.6592
09.19.2012-18:00:00,09,19,2012,18,4.6444
09.19.2012-21:00:00,09,19,2012,21,4.6298
09.20.2012-00:00:00,09,20,2012,00,4.6152
09.20.2012-03:00:00,09,20,2012,03,4.6007
09.20.2012-06:00:00,09,20,2012,06,4.5863
09.20.2012-09:00:00,09,20,2012,09,4.5719
09.20.2012-12:00:00,09,20,2012,12,4.5576
09.20.2012-15:00:00,09,20,2012,15,4.5434
09.20.2012-18:00:00,09,20,2012,18,4.5293
09.20.2012-21:00:00,09,20,2012,21,4.5152
09.21.2012-00:00:00,09,21,2012,00,4.5012
09.21.2012-03:00:00,09,21,2012,03,4.4872
09.21.2012-06:00:00,09,21,2012,06,4.4733
09.21.2012-09:00:00,09,21,2012,09,4.4595
09.21.2012-12:00:00,09,21,2012,12,4.4457
09.21.2012-15:00:00,09,21,2012,15,4.4321
09.21.2012-18:00:00,09,21,2012,18,4.4184
09.21.2012-21:00:00,09,21,2012,21,4.4049
09.22.2012-00:00:00,09,22,2012,00,4.3914
09.22.2012-03:00:00,09,22,2012,03,4.378
09.22.2012-06:00:00,09,22,2012,06,4.3646
09.22.2012-09:00:00,09,22,2012,09,4.3513
09.22.2012-12:00:00,09,22,2012,12,4.3381
09.22.2012-15:00:00,09,22,2012,15,4.3249
09.22.2012-18:00:00,09,22,2012,18,4.3118
09.22.2012-21:00:00,09,22,2012,21,4.2988
09.23.2012-00:00:00,09,23,2012,00,4.2858
09.23.2012-03:00:00,09,23,2012,03,4.2728
09.23.2012-06:00:00,09,23,2012,06,4.26
09.23.2012-09:00:00,09,23,2012,09,4.2472
09.23.2012-12:00:00,09,23,2012,12,4.2345
09.23.2012-15:00:00,09,23,2012,15,4.2218
09.23.2012-18:00:00,09,23,2012,18,4.2091
09.23.2012-21:00:00,09,23,2012,21,4.1966
09.24.2012-00:00:00,09,24,2012,00,4.184
09.24.2012-03:00:00,09,24,2012,03,4.1716
09.24.2012-06:00:00,09,24,2012,06,4.1592
09.24.2012-09:00:00,09,24,2012,09,4.1468
09.24.2012-12:00:00,09,24,2012,12,4.1346
09.24.2012-15:00:00,09,24,2012,15,4.1223
09.24.2012-18:00:00,09,24,2012,18,4.1102
09.24.2012-21:00:00,09,24,2012,21,4.098
09.25.2012-00:00:00,09,25,2012,00,4.086
09.25.2012-03:00:00,09,25,2012,03,4.074
09.25.2012-06:00:00,09,25,2012,06,4.062
09.25.2012-09:00:00,09,25,2012,09,4.0501
09.25.2012-12:00:00,09,25,2012,12,4.0383
09.25.2012-15:00:00,09,25,2012,15,4.0265
09.25.2012-18:00:00,09,25,2012,18,4.0148
09.25.2012-21:00:00,09,25,2012,21,4.0031
09.26.2012-00:00:00,09,26,2012,00,3.9914
09.26.2012-03:00:00,09,26,2012,03,3.9798
09.26.2012-06:00:00,09,26,2012,06,3.9683
09.26.2012-09:00:00,09,26,2012,09,3.9568
09.26.2012-12:00:00,09,26,2012,12,3.9454
09.26.2012-15:00:00,09,26,2012,15,3.9341
09.26.2012-18:00:00,09,26,2012,18,3.9227
09.26.2012-21:00:00,09,26,2012,21,3.9115
09.27.2012-00:00:00,09,27,2012,00,3.9002
09.27.2012-03:00:00,09,27,2012,03,3.889
09.27.2012-06:00:00,09,27,2012,06,3.8779
09.27.2012-09:00:00,09,27,2012,09,3.8668
09.27.2012-12:00:00,09,27,2012,12,3.8558
09.27.2012-15:00:00,09,27,2012,15,3.8448
09.27.2012-18:00:00,09,27,2012,18,3.8339
09.27.2012-21:00:00,09,27,2012,21,3.823
09.28.2012-00:00:00,09,28,2012,00,3.8121
09.28.2012-03:00:00,09,28,2012,03,3.8013
09.28.2012-06:00:00,09,28,2012,06,3.7906
09.28.2012-09:00:00,09,28,2012,09,3.7799
09.28.2012-12:00:00,09,28,2012,12,3.7692
09.28.2012-15:00:00,09,28,2012,15,3.7586
09.28.2012-18:00:00,09,28,2012,18,3.748
09.28.2012-21:00:00,09,28,2012,21,3.7375
09.29.2012-00:00:00,09,29,2012,00,3.727
09.29.2012-03:00:00,09,29,2012,03,3.7166
09.29.2012-06:00:00,09,29,2012,06,3.7063
09.29.2012-09:00:00,09,29,2012,09,3.6959
09.29.2012-12:00:00,09,29,2012,12,3.6856
09.29.2012-15:00:00,09,29,2012,15,3.6754
09.29.2012-18:00:00,09,29,2012,18,3.6651
09.29.2012-21:00:00,09,29,2012,21,3.6549
09.30.2012-00:00:00,09,30,2012,00,3.6447
09.30.2012-03:00:00,09,30,2012,03,3.6346
09.30.2012-06:00:00,09,30,2012,06,3.6245
09.30.2012-09:00:00,09,30,2012,09,3.6144
09.30.2012-12:00:00,09,30,2012,12,3.6044
09.30.2012-15:00:00,09,30,2012,15,3.5945
09.30.2012-18:00:00,09,30,2012,18,3.5846
09.30.2012-21:00:00,09,30,2012,21,3.5747
