TIMESTAMP,MONTH,DAY,YEAR,HOUR,C
10.01.2001-00:00:00,10,01,2001,00,369.3
10.01.2001-03:00:00,10,01,2001,03,368.94
10.01.2001-06:00:00,10,01,2001,06,362.33
10.01.2001-09:00:00,10,01,2001,09,330.03
10.01.2001-12:00:00,10,01,2001,12,316.07
10.01.2001-15:00:00,10,01,2001,15,337.97
10.01.2001-18:00:00,10,01,2001,18,356.44
10.01.2001-21:00:00,10,01,2001,21,358.28
10.02.2001-00:00:00,10,02,2001,00,360.59
10.02.2001-03:00:00,10,02,2001,03,361.9
10.02.2001-06:00:00,10,02,2001,06,354.27
10.02.2001-09:00:00,10,02,2001,09,320.48
10.02.2001-12:00:00,10,02,2001,12,308.6
10.02.2001-15:00:00,10,02,2001,15,325.52
10.02.2001-18:00:00,10,02,2001,18,348.16
10.02.2001-21:00:00,10,02,2001,21,351.39
10.03.2001-00:00:00,10,03,2001,00,351.35
10.03.2001-03:00:00,10,03,2001,03,353.93
10.03.2001-06:00:00,10,03,2001,06,348.75
10.03.2001-09:00:00,10,03,2001,09,317.39
10.03.2001-12:00:00,10,03,2001,12,305.72
10.03.2001-15:00:00,10,03,2001,15,324.21
10.03.2001-18:00:00,10,03,2001,18,343.15
10.03.2001-21:00:00,10,03,2001,21,345.61
10.04.2001-00:00:00,10,04,2001,00,345.55
10.04.2001-03:00:00,10,04,2001,03,348.62
10.04.2001-06:00:00,10,04,2001,06,343.63
10.04.2001-09:00:00,10,04,2001,09,313.56
10.04.2001-12:00:00,10,04,2001,12,302.16
10.04.2001-15:00:00,10,04,2001,15,320.45
10.04.2001-18:00:00,10,04,2001,18,337.87
10.04.2001-21:00:00,10,04,2001,21,340.1
10.05.2001-00:00:00,10,05,2001,00,340.07
10.05.2001-03:00:00,10,05,2001,03,342.9
10.05.2001-06:00:00,10,05,2001,06,339.53
10.05.2001-09:00:00,10,05,2001,09,310.56
10.05.2001-12:00:00,10,05,2001,12,299.27
10.05.2001-15:00:00,10,05,2001,15,317.93
10.05.2001-18:00:00,10,05,2001,18,333.23
10.05.2001-21:00:00,10,05,2001,21,335.06
10.06.2001-00:00:00,10,06,2001,00,335.21
10.06.2001-03:00:00,10,06,2001,03,337.91
10.06.2001-06:00:00,10,06,2001,06,337.67
10.06.2001-09:00:00,10,06,2001,09,307.17
10.06.2001-12:00:00,10,06,2001,12,296.01
10.06.2001-15:00:00,10,06,2001,15,313.92
10.06.2001-18:00:00,10,06,2001,18,328.55
10.06.2001-21:00:00,10,06,2001,21,330.26
10.07.2001-00:00:00,10,07,2001,00,330.32
10.07.2001-03:00:00,10,07,2001,03,332.89
10.07.2001-06:00:00,10,07,2001,06,332.33
10.07.2001-09:00:00,10,07,2001,09,303.48
10.07.2001-12:00:00,10,07,2001,12,292.97
10.07.2001-15:00:00,10,07,2001,15,309.92
10.07.2001-18:00:00,10,07,2001,18,323.78
10.07.2001-21:00:00,10,07,2001,21,325.53
10.08.2001-00:00:00,10,08,2001,00,325.59
10.08.2001-03:00:00,10,08,2001,03,327.65
10.08.2001-06:00:00,10,08,2001,06,327.7
10.08.2001-09:00:00,10,08,2001,09,307.31
10.08.2001-12:00:00,10,08,2001,12,299.27
10.08.2001-15:00:00,10,08,2001,15,313.39
10.08.2001-18:00:00,10,08,2001,18,321.36
10.08.2001-21:00:00,10,08,2001,21,323.6
10.09.2001-00:00:00,10,09,2001,00,323.97
10.09.2001-03:00:00,10,09,2001,03,323.75
10.09.2001-06:00:00,10,09,2001,06,322.15
10.09.2001-09:00:00,10,09,2001,09,302.83
10.09.2001-12:00:00,10,09,2001,12,295.27
10.09.2001-15:00:00,10,09,2001,15,308.67
10.09.2001-18:00:00,10,09,2001,18,317.05
10.09.2001-21:00:00,10,09,2001,21,318.36
10.10.2001-00:00:00,10,10,2001,00,319.62
10.10.2001-03:00:00,10,10,2001,03,319.38
10.10.2001-06:00:00,10,10,2001,06,318.96
10.10.2001-09:00:00,10,10,2001,09,450.26
10.10.2001-12:00:00,10,10,2001,12,523.46
10.10.2001-15:00:00,10,10,2001,15,382.65
10.10.2001-18:00:00,10,10,2001,18,326.14
10.10.2001-21:00:00,10,10,2001,21,321.11
10.11.2001-00:00:00,10,11,2001,00,320.33
10.11.2001-03:00:00,10,11,2001,03,319.74
10.11.2001-06:00:00,10,11,2001,06,319.24
10.11.2001-09:00:00,10,11,2001,09,315.71
10.11.2001-12:00:00,10,11,2001,12,315.15
10.11.2001-15:00:00,10,11,2001,15,317
10.11.2001-18:00:00,10,11,2001,18,317.1
10.11.2001-21:00:00,10,11,2001,21,316.65
10.12.2001-00:00:00,10,12,2001,00,316.16
10.12.2001-03:00:00,10,12,2001,03,315.68
10.12.2001-06:00:00,10,12,2001,06,315.19
10.12.2001-09:00:00,10,12,2001,09,334.34
10.12.2001-12:00:00,10,12,2001,12,422.49
10.12.2001-15:00:00,10,12,2001,15,318.73
10.12.2001-18:00:00,10,12,2001,18,315.37
10.12.2001-21:00:00,10,12,2001,21,314.76
10.13.2001-00:00:00,10,13,2001,00,314.23
10.13.2001-03:00:00,10,13,2001,03,313.73
10.13.2001-06:00:00,10,13,2001,06,314.63
10.13.2001-09:00:00,10,13,2001,09,338.02
10.13.2001-12:00:00,10,13,2001,12,390.85
10.13.2001-15:00:00,10,13,2001,15,309.56
10.13.2001-18:00:00,10,13,2001,18,311.89
10.13.2001-21:00:00,10,13,2001,21,312.08
10.14.2001-00:00:00,10,14,2001,00,312.04
10.14.2001-03:00:00,10,14,2001,03,311.63
10.14.2001-06:00:00,10,14,2001,06,309.52
10.14.2001-09:00:00,10,14,2001,09,315.18
10.14.2001-12:00:00,10,14,2001,12,306.59
10.14.2001-15:00:00,10,14,2001,15,295.08
10.14.2001-18:00:00,10,14,2001,18,305.1
10.14.2001-21:00:00,10,14,2001,21,306.15
10.15.2001-00:00:00,10,15,2001,00,307.02
10.15.2001-03:00:00,10,15,2001,03,306.64
10.15.2001-06:00:00,10,15,2001,06,303.34
10.15.2001-09:00:00,10,15,2001,09,291.27
10.15.2001-12:00:00,10,15,2001,12,278.69
10.15.2001-15:00:00,10,15,2001,15,285.79
10.15.2001-18:00:00,10,15,2001,18,299.01
10.15.2001-21:00:00,10,15,2001,21,300.05
10.16.2001-00:00:00,10,16,2001,00,300.06
10.16.2001-03:00:00,10,16,2001,03,300.89
10.16.2001-06:00:00,10,16,2001,06,301.07
10.16.2001-09:00:00,10,16,2001,09,283.14
10.16.2001-12:00:00,10,16,2001,12,275.86
10.16.2001-15:00:00,10,16,2001,15,285.32
10.16.2001-18:00:00,10,16,2001,18,295.06
10.16.2001-21:00:00,10,16,2001,21,295.39
10.17.2001-00:00:00,10,17,2001,00,296.1
10.17.2001-03:00:00,10,17,2001,03,296.32
10.17.2001-06:00:00,10,17,2001,06,296.08
10.17.2001-09:00:00,10,17,2001,09,275.96
10.17.2001-12:00:00,10,17,2001,12,269.71
10.17.2001-15:00:00,10,17,2001,15,275.34
10.17.2001-18:00:00,10,17,2001,18,287.24
10.17.2001-21:00:00,10,17,2001,21,290.17
10.18.2001-00:00:00,10,18,2001,00,290.1
10.18.2001-03:00:00,10,18,2001,03,290.15
10.18.2001-06:00:00,10,18,2001,06,290.34
10.18.2001-09:00:00,10,18,2001,09,278.68
10.18.2001-12:00:00,10,18,2001,12,272.66
10.18.2001-15:00:00,10,18,2001,15,282.7
10.18.2001-18:00:00,10,18,2001,18,286.76
10.18.2001-21:00:00,10,18,2001,21,287.44
10.19.2001-00:00:00,10,19,2001,00,287.06
10.19.2001-03:00:00,10,19,2001,03,286.62
10.19.2001-06:00:00,10,19,2001,06,286.17
10.19.2001-09:00:00,10,19,2001,09,270.99
10.19.2001-12:00:00,10,19,2001,12,265.3
10.19.2001-15:00:00,10,19,2001,15,271.61
10.19.2001-18:00:00,10,19,2001,18,281.08
10.19.2001-21:00:00,10,19,2001,21,282.03
10.20.2001-00:00:00,10,20,2001,00,281.86
10.20.2001-03:00:00,10,20,2001,03,282.2
10.20.2001-06:00:00,10,20,2001,06,281.82
10.20.2001-09:00:00,10,20,2001,09,265.49
10.20.2001-12:00:00,10,20,2001,12,260.42
10.20.2001-15:00:00,10,20,2001,15,265.07
10.20.2001-18:00:00,10,20,2001,18,273.66
10.20.2001-21:00:00,10,20,2001,21,276.93
10.21.2001-00:00:00,10,21,2001,00,277.3
10.21.2001-03:00:00,10,21,2001,03,276.95
10.21.2001-06:00:00,10,21,2001,06,277.04
10.21.2001-09:00:00,10,21,2001,09,263.79
10.21.2001-12:00:00,10,21,2001,12,259.04
10.21.2001-15:00:00,10,21,2001,15,264.32
10.21.2001-18:00:00,10,21,2001,18,271.98
10.21.2001-21:00:00,10,21,2001,21,273.57
10.22.2001-00:00:00,10,22,2001,00,273.34
10.22.2001-03:00:00,10,22,2001,03,273.38
10.22.2001-06:00:00,10,22,2001,06,273.3
10.22.2001-09:00:00,10,22,2001,09,416.04
10.22.2001-12:00:00,10,22,2001,12,545.12
10.22.2001-15:00:00,10,22,2001,15,390.2
10.22.2001-18:00:00,10,22,2001,18,287.24
10.22.2001-21:00:00,10,22,2001,21,280.69
10.23.2001-00:00:00,10,23,2001,00,280.44
10.23.2001-03:00:00,10,23,2001,03,280.19
10.23.2001-06:00:00,10,23,2001,06,279.75
10.23.2001-09:00:00,10,23,2001,09,276.22
10.23.2001-12:00:00,10,23,2001,12,440.36
10.23.2001-15:00:00,10,23,2001,15,329.4
10.23.2001-18:00:00,10,23,2001,18,284.75
10.23.2001-21:00:00,10,23,2001,21,282.45
10.24.2001-00:00:00,10,24,2001,00,282.29
10.24.2001-03:00:00,10,24,2001,03,282.07
10.24.2001-06:00:00,10,24,2001,06,281.71
10.24.2001-09:00:00,10,24,2001,09,281.23
10.24.2001-12:00:00,10,24,2001,12,280.25
10.24.2001-15:00:00,10,24,2001,15,280.13
10.24.2001-18:00:00,10,24,2001,18,279.63
10.24.2001-21:00:00,10,24,2001,21,279.1
10.25.2001-00:00:00,10,25,2001,00,278.56
10.25.2001-03:00:00,10,25,2001,03,278.03
10.25.2001-06:00:00,10,25,2001,06,277.49
10.25.2001-09:00:00,10,25,2001,09,273.52
10.25.2001-12:00:00,10,25,2001,12,272.33
10.25.2001-15:00:00,10,25,2001,15,274.92
10.25.2001-18:00:00,10,25,2001,18,275.06
10.25.2001-21:00:00,10,25,2001,21,274.56
10.26.2001-00:00:00,10,26,2001,00,274.02
10.26.2001-03:00:00,10,26,2001,03,273.49
10.26.2001-06:00:00,10,26,2001,06,272.96
10.26.2001-09:00:00,10,26,2001,09,272.37
10.26.2001-12:00:00,10,26,2001,12,271.71
10.26.2001-15:00:00,10,26,2001,15,271.34
10.26.2001-18:00:00,10,26,2001,18,270.82
10.26.2001-21:00:00,10,26,2001,21,270.29
10.27.2001-00:00:00,10,27,2001,00,269.76
10.27.2001-03:00:00,10,27,2001,03,269.23
10.27.2001-06:00:00,10,27,2001,06,268.7
10.27.2001-09:00:00,10,27,2001,09,262.92
10.27.2001-12:00:00,10,27,2001,12,261.7
10.27.2001-15:00:00,10,27,2001,15,263.71
10.27.2001-18:00:00,10,27,2001,18,264.74
10.27.2001-21:00:00,10,27,2001,21,264.65
10.28.2001-00:00:00,10,28,2001,00,264.67
10.28.2001-03:00:00,10,28,2001,03,264.22
10.28.2001-06:00:00,10,28,2001,06,264.06
10.28.2001-09:00:00,10,28,2001,09,258.11
10.28.2001-12:00:00,10,28,2001,12,256.66
10.28.2001-15:00:00,10,28,2001,15,259.33
10.28.2001-18:00:00,10,28,2001,18,259.57
10.28.2001-21:00:00,10,28,2001,21,260.01
10.29.2001-00:00:00,10,29,2001,00,259.63
10.29.2001-03:00:00,10,29,2001,03,259.29
10.29.2001-06:00:00,10,29,2001,06,259.32
10.29.2001-09:00:00,10,29,2001,09,258.88
10.29.2001-12:00:00,10,29,2001,12,255.35
10.29.2001-15:00:00,10,29,2001,15,257.1
10.29.2001-18:00:00,10,29,2001,18,257.32
10.29.2001-21:00:00,10,29,2001,21,256.89
10.30.2001-00:00:00,10,30,2001,00,256.43
10.30.2001-03:00:00,10,30,2001,03,255.96
10.30.2001-06:00:00,10,30,2001,06,255.5
10.30.2001-09:00:00,10,30,2001,09,254.18
10.30.2001-12:00:00,10,30,2001,12,252.6
10.30.2001-15:00:00,10,30,2001,15,253.7
10.30.2001-18:00:00,10,30,2001,18,253.53
10.30.2001-21:00:00,10,30,2001,21,253.09
10.31.2001-00:00:00,10,31,2001,00,252.63
10.31.2001-03:00:00,10,31,2001,03,252.18
10.31.2001-06:00:00,10,31,2001,06,251.72
10.31.2001-09:00:00,10,31,2001,09,251.2
10.31.2001-12:00:00,10,31,2001,12,250.6
10.31.2001-15:00:00,10,31,2001,15,250.34
10.31.2001-18:00:00,10,31,2001,18,249.89
10.31.2001-21:00:00,10,31,2001,21,249.44
11.01.2001-00:00:00,11,01,2001,00,248.99
11.01.2001-03:00:00,11,01,2001,03,248.54
11.01.2001-06:00:00,11,01,2001,06,248.09
11.01.2001-09:00:00,11,01,2001,09,245.86
11.01.2001-12:00:00,11,01,2001,12,244.95
11.01.2001-15:00:00,11,01,2001,15,245.66
11.01.2001-18:00:00,11,01,2001,18,245.79
11.01.2001-21:00:00,11,01,2001,21,245.44
11.02.2001-00:00:00,11,02,2001,00,245.12
11.02.2001-03:00:00,11,02,2001,03,244.8
11.02.2001-06:00:00,11,02,2001,06,244.36
11.02.2001-09:00:00,11,02,2001,09,241
11.02.2001-12:00:00,11,02,2001,12,240.09
11.02.2001-15:00:00,11,02,2001,15,241.66
11.02.2001-18:00:00,11,02,2001,18,241.83
11.02.2001-21:00:00,11,02,2001,21,241.46
11.03.2001-00:00:00,11,03,2001,00,241.07
11.03.2001-03:00:00,11,03,2001,03,240.67
11.03.2001-06:00:00,11,03,2001,06,240.27
11.03.2001-09:00:00,11,03,2001,09,235.74
11.03.2001-12:00:00,11,03,2001,12,234.52
11.03.2001-15:00:00,11,03,2001,15,237.41
11.03.2001-18:00:00,11,03,2001,18,238.17
11.03.2001-21:00:00,11,03,2001,21,237.84
11.04.2001-00:00:00,11,04,2001,00,237.45
11.04.2001-03:00:00,11,04,2001,03,237.06
11.04.2001-06:00:00,11,04,2001,06,236.67
11.04.2001-09:00:00,11,04,2001,09,232.25
11.04.2001-12:00:00,11,04,2001,12,231.14
11.04.2001-15:00:00,11,04,2001,15,237.16
11.04.2001-18:00:00,11,04,2001,18,234.98
11.04.2001-21:00:00,11,04,2001,21,234.41
11.05.2001-00:00:00,11,05,2001,00,234.04
11.05.2001-03:00:00,11,05,2001,03,233.68
11.05.2001-06:00:00,11,05,2001,06,233.31
11.05.2001-09:00:00,11,05,2001,09,228.99
11.05.2001-12:00:00,11,05,2001,12,228.01
11.05.2001-15:00:00,11,05,2001,15,241.37
11.05.2001-18:00:00,11,05,2001,18,232.52
11.05.2001-21:00:00,11,05,2001,21,231.42
11.06.2001-00:00:00,11,06,2001,00,231.1
11.06.2001-03:00:00,11,06,2001,03,230.8
11.06.2001-06:00:00,11,06,2001,06,230.47
11.06.2001-09:00:00,11,06,2001,09,227.69
11.06.2001-12:00:00,11,06,2001,12,226.79
11.06.2001-15:00:00,11,06,2001,15,229.17
11.06.2001-18:00:00,11,06,2001,18,229.06
11.06.2001-21:00:00,11,06,2001,21,228.79
11.07.2001-00:00:00,11,07,2001,00,228.5
11.07.2001-03:00:00,11,07,2001,03,228.19
11.07.2001-06:00:00,11,07,2001,06,227.88
11.07.2001-09:00:00,11,07,2001,09,227.53
11.07.2001-12:00:00,11,07,2001,12,225.35
11.07.2001-15:00:00,11,07,2001,15,226.62
11.07.2001-18:00:00,11,07,2001,18,226.41
11.07.2001-21:00:00,11,07,2001,21,226.08
11.08.2001-00:00:00,11,08,2001,00,225.74
11.08.2001-03:00:00,11,08,2001,03,225.4
11.08.2001-06:00:00,11,08,2001,06,225.07
11.08.2001-09:00:00,11,08,2001,09,224.73
11.08.2001-12:00:00,11,08,2001,12,224.39
11.08.2001-15:00:00,11,08,2001,15,224.06
11.08.2001-18:00:00,11,08,2001,18,223.72
11.08.2001-21:00:00,11,08,2001,21,223.39
11.09.2001-00:00:00,11,09,2001,00,223.05
11.09.2001-03:00:00,11,09,2001,03,222.72
11.09.2001-06:00:00,11,09,2001,06,222.38
11.09.2001-09:00:00,11,09,2001,09,222.05
11.09.2001-12:00:00,11,09,2001,12,219.98
11.09.2001-15:00:00,11,09,2001,15,221.15
11.09.2001-18:00:00,11,09,2001,18,220.92
11.09.2001-21:00:00,11,09,2001,21,220.59
11.10.2001-00:00:00,11,10,2001,00,220.26
11.10.2001-03:00:00,11,10,2001,03,219.93
11.10.2001-06:00:00,11,10,2001,06,219.6
11.10.2001-09:00:00,11,10,2001,09,219.26
11.10.2001-12:00:00,11,10,2001,12,217.69
11.10.2001-15:00:00,11,10,2001,15,218.44
11.10.2001-18:00:00,11,10,2001,18,218.19
11.10.2001-21:00:00,11,10,2001,21,217.86
11.11.2001-00:00:00,11,11,2001,00,217.53
11.11.2001-03:00:00,11,11,2001,03,217.2
11.11.2001-06:00:00,11,11,2001,06,216.87
11.11.2001-09:00:00,11,11,2001,09,214.87
11.11.2001-12:00:00,11,11,2001,12,214.07
11.11.2001-15:00:00,11,11,2001,15,215.33
11.11.2001-18:00:00,11,11,2001,18,215.33
11.11.2001-21:00:00,11,11,2001,21,215.02
11.12.2001-00:00:00,11,12,2001,00,214.7
11.12.2001-03:00:00,11,12,2001,03,214.37
11.12.2001-06:00:00,11,12,2001,06,214.05
11.12.2001-09:00:00,11,12,2001,09,211.34
11.12.2001-12:00:00,11,12,2001,12,210.5
11.12.2001-15:00:00,11,12,2001,15,211.8
11.12.2001-18:00:00,11,12,2001,18,212.5
11.12.2001-21:00:00,11,12,2001,21,212.28
11.13.2001-00:00:00,11,13,2001,00,212
11.13.2001-03:00:00,11,13,2001,03,211.71
11.13.2001-06:00:00,11,13,2001,06,211.41
11.13.2001-09:00:00,11,13,2001,09,210.09
11.13.2001-12:00:00,11,13,2001,12,209.74
11.13.2001-15:00:00,11,13,2001,15,210.06
11.13.2001-18:00:00,11,13,2001,18,210.06
11.13.2001-21:00:00,11,13,2001,21,209.79
11.14.2001-00:00:00,11,14,2001,00,209.52
11.14.2001-03:00:00,11,14,2001,03,209.22
11.14.2001-06:00:00,11,14,2001,06,208.92
11.14.2001-09:00:00,11,14,2001,09,207.78
11.14.2001-12:00:00,11,14,2001,12,207.52
11.14.2001-15:00:00,11,14,2001,15,214.16
11.14.2001-18:00:00,11,14,2001,18,208.25
11.14.2001-21:00:00,11,14,2001,21,207.71
11.15.2001-00:00:00,11,15,2001,00,207.5
11.15.2001-03:00:00,11,15,2001,03,207.27
11.15.2001-06:00:00,11,15,2001,06,207
11.15.2001-09:00:00,11,15,2001,09,205.1
11.15.2001-12:00:00,11,15,2001,12,204.36
11.15.2001-15:00:00,11,15,2001,15,205.03
11.15.2001-18:00:00,11,15,2001,18,205.53
11.15.2001-21:00:00,11,15,2001,21,205.29
11.16.2001-00:00:00,11,16,2001,00,204.99
11.16.2001-03:00:00,11,16,2001,03,204.69
11.16.2001-06:00:00,11,16,2001,06,204.4
11.16.2001-09:00:00,11,16,2001,09,202.53
11.16.2001-12:00:00,11,16,2001,12,201.81
11.16.2001-15:00:00,11,16,2001,15,202.39
11.16.2001-18:00:00,11,16,2001,18,202.9
11.16.2001-21:00:00,11,16,2001,21,202.69
11.17.2001-00:00:00,11,17,2001,00,202.4
11.17.2001-03:00:00,11,17,2001,03,202.11
11.17.2001-06:00:00,11,17,2001,06,201.81
11.17.2001-09:00:00,11,17,2001,09,199.89
11.17.2001-12:00:00,11,17,2001,12,199.38
11.17.2001-15:00:00,11,17,2001,15,199.37
11.17.2001-18:00:00,11,17,2001,18,199.91
11.17.2001-21:00:00,11,17,2001,21,200.01
11.18.2001-00:00:00,11,18,2001,00,199.82
11.18.2001-03:00:00,11,18,2001,03,199.54
11.18.2001-06:00:00,11,18,2001,06,199.25
11.18.2001-09:00:00,11,18,2001,09,198.15
11.18.2001-12:00:00,11,18,2001,12,197.18
11.18.2001-15:00:00,11,18,2001,15,197.72
11.18.2001-18:00:00,11,18,2001,18,197.93
11.18.2001-21:00:00,11,18,2001,21,197.68
11.19.2001-00:00:00,11,19,2001,00,197.39
11.19.2001-03:00:00,11,19,2001,03,197.1
11.19.2001-06:00:00,11,19,2001,06,196.81
11.19.2001-09:00:00,11,19,2001,09,196.52
11.19.2001-12:00:00,11,19,2001,12,196.23
11.19.2001-15:00:00,11,19,2001,15,195.95
11.19.2001-18:00:00,11,19,2001,18,195.66
11.19.2001-21:00:00,11,19,2001,21,195.37
11.20.2001-00:00:00,11,20,2001,00,195.08
11.20.2001-03:00:00,11,20,2001,03,194.79
11.20.2001-06:00:00,11,20,2001,06,194.5
11.20.2001-09:00:00,11,20,2001,09,194.22
11.20.2001-12:00:00,11,20,2001,12,193.93
11.20.2001-15:00:00,11,20,2001,15,193.64
11.20.2001-18:00:00,11,20,2001,18,193.35
11.20.2001-21:00:00,11,20,2001,21,193.06
11.21.2001-00:00:00,11,21,2001,00,192.78
11.21.2001-03:00:00,11,21,2001,03,192.49
11.21.2001-06:00:00,11,21,2001,06,192.2
11.21.2001-09:00:00,11,21,2001,09,191.92
11.21.2001-12:00:00,11,21,2001,12,191.54
11.21.2001-15:00:00,11,21,2001,15,191.33
11.21.2001-18:00:00,11,21,2001,18,191.05
11.21.2001-21:00:00,11,21,2001,21,190.77
11.22.2001-00:00:00,11,22,2001,00,190.48
11.22.2001-03:00:00,11,22,2001,03,190.2
11.22.2001-06:00:00,11,22,2001,06,189.93
11.22.2001-09:00:00,11,22,2001,09,189.46
11.22.2001-12:00:00,11,22,2001,12,189.07
11.22.2001-15:00:00,11,22,2001,15,189.06
11.22.2001-18:00:00,11,22,2001,18,188.81
11.22.2001-21:00:00,11,22,2001,21,188.54
11.23.2001-00:00:00,11,23,2001,00,188.27
11.23.2001-03:00:00,11,23,2001,03,188
11.23.2001-06:00:00,11,23,2001,06,187.73
11.23.2001-09:00:00,11,23,2001,09,187.46
11.23.2001-12:00:00,11,23,2001,12,187.19
11.23.2001-15:00:00,11,23,2001,15,186.92
11.23.2001-18:00:00,11,23,2001,18,186.65
11.23.2001-21:00:00,11,23,2001,21,186.39
11.24.2001-00:00:00,11,24,2001,00,186.12
11.24.2001-03:00:00,11,24,2001,03,185.85
11.24.2001-06:00:00,11,24,2001,06,185.58
11.24.2001-09:00:00,11,24,2001,09,185.31
11.24.2001-12:00:00,11,24,2001,12,185.05
11.24.2001-15:00:00,11,24,2001,15,184.78
11.24.2001-18:00:00,11,24,2001,18,184.51
11.24.2001-21:00:00,11,24,2001,21,184.25
11.25.2001-00:00:00,11,25,2001,00,183.98
11.25.2001-03:00:00,11,25,2001,03,183.71
11.25.2001-06:00:00,11,25,2001,06,183.45
11.25.2001-09:00:00,11,25,2001,09,183.18
11.25.2001-12:00:00,11,25,2001,12,182.92
11.25.2001-15:00:00,11,25,2001,15,182.66
11.25.2001-18:00:00,11,25,2001,18,182.39
11.25.2001-21:00:00,11,25,2001,21,182.13
11.26.2001-00:00:00,11,26,2001,00,181.87
11.26.2001-03:00:00,11,26,2001,03,181.6
11.26.2001-06:00:00,11,26,2001,06,181.34
11.26.2001-09:00:00,11,26,2001,09,181.08
11.26.2001-12:00:00,11,26,2001,12,180.82
11.26.2001-15:00:00,11,26,2001,15,180.55
11.26.2001-18:00:00,11,26,2001,18,180.29
11.26.2001-21:00:00,11,26,2001,21,180.03
11.27.2001-00:00:00,11,27,2001,00,179.77
11.27.2001-03:00:00,11,27,2001,03,179.51
11.27.2001-06:00:00,11,27,2001,06,179.25
11.27.2001-09:00:00,11,27,2001,09,178.99
11.27.2001-12:00:00,11,27,2001,12,178.72
11.27.2001-15:00:00,11,27,2001,15,178.46
11.27.2001-18:00:00,11,27,2001,18,178.2
11.27.2001-21:00:00,11,27,2001,21,177.94
11.28.2001-00:00:00,11,28,2001,00,177.68
11.28.2001-03:00:00,11,28,2001,03,177.42
11.28.2001-06:00:00,11,28,2001,06,177.17
11.28.2001-09:00:00,11,28,2001,09,176.91
11.28.2001-12:00:00,11,28,2001,12,176.65
11.28.2001-15:00:00,11,28,2001,15,176.4
11.28.2001-18:00:00,11,28,2001,18,176.16
11.28.2001-21:00:00,11,28,2001,21,175.91
11.29.2001-00:00:00,11,29,2001,00,175.66
11.29.2001-03:00:00,11,29,2001,03,175.42
11.29.2001-06:00:00,11,29,2001,06,175.17
11.29.2001-09:00:00,11,29,2001,09,174.93
11.29.2001-12:00:00,11,29,2001,12,174.68
11.29.2001-15:00:00,11,29,2001,15,174.43
11.29.2001-18:00:00,11,29,2001,18,174.19
11.29.2001-21:00:00,11,29,2001,21,173.94
11.30.2001-00:00:00,11,30,2001,00,173.7
11.30.2001-03:00:00,11,30,2001,03,173.45
11.30.2001-06:00:00,11,30,2001,06,173.21
11.30.2001-09:00:00,11,30,2001,09,172.96
11.30.2001-12:00:00,11,30,2001,12,172.72
11.30.2001-15:00:00,11,30,2001,15,172.47
11.30.2001-18:00:00,11,30,2001,18,172.23
11.30.2001-21:00:00,11,30,2001,21,171.98
12.01.2001-00:00:00,12,01,2001,00,171.74
12.01.2001-03:00:00,12,01,2001,03,171.49
12.01.2001-06:00:00,12,01,2001,06,171.25
12.01.2001-09:00:00,12,01,2001,09,171
12.01.2001-12:00:00,12,01,2001,12,170.76
12.01.2001-15:00:00,12,01,2001,15,170.52
12.01.2001-18:00:00,12,01,2001,18,170.28
12.01.2001-21:00:00,12,01,2001,21,170.03
12.02.2001-00:00:00,12,02,2001,00,169.79
12.02.2001-03:00:00,12,02,2001,03,169.55
12.02.2001-06:00:00,12,02,2001,06,169.31
12.02.2001-09:00:00,12,02,2001,09,169.07
12.02.2001-12:00:00,12,02,2001,12,168.83
12.02.2001-15:00:00,12,02,2001,15,168.59
12.02.2001-18:00:00,12,02,2001,18,168.34
12.02.2001-21:00:00,12,02,2001,21,168.1
12.03.2001-00:00:00,12,03,2001,00,167.86
12.03.2001-03:00:00,12,03,2001,03,167.62
12.03.2001-06:00:00,12,03,2001,06,167.38
12.03.2001-09:00:00,12,03,2001,09,167.14
12.03.2001-12:00:00,12,03,2001,12,166.9
12.03.2001-15:00:00,12,03,2001,15,166.66
12.03.2001-18:00:00,12,03,2001,18,166.42
12.03.2001-21:00:00,12,03,2001,21,166.18
12.04.2001-00:00:00,12,04,2001,00,165.95
12.04.2001-03:00:00,12,04,2001,03,165.71
12.04.2001-06:00:00,12,04,2001,06,165.47
12.04.2001-09:00:00,12,04,2001,09,165.23
12.04.2001-12:00:00,12,04,2001,12,165
12.04.2001-15:00:00,12,04,2001,15,164.76
12.04.2001-18:00:00,12,04,2001,18,164.52
12.04.2001-21:00:00,12,04,2001,21,164.29
12.05.2001-00:00:00,12,05,2001,00,164.05
12.05.2001-03:00:00,12,05,2001,03,163.82
12.05.2001-06:00:00,12,05,2001,06,163.58
12.05.2001-09:00:00,12,05,2001,09,163.35
12.05.2001-12:00:00,12,05,2001,12,163.12
12.05.2001-15:00:00,12,05,2001,15,162.88
12.05.2001-18:00:00,12,05,2001,18,162.65
12.05.2001-21:00:00,12,05,2001,21,162.42
12.06.2001-00:00:00,12,06,2001,00,162.18
12.06.2001-03:00:00,12,06,2001,03,161.95
12.06.2001-06:00:00,12,06,2001,06,161.72
12.06.2001-09:00:00,12,06,2001,09,161.49
12.06.2001-12:00:00,12,06,2001,12,161.26
12.06.2001-15:00:00,12,06,2001,15,161.03
12.06.2001-18:00:00,12,06,2001,18,160.8
12.06.2001-21:00:00,12,06,2001,21,160.57
12.07.2001-00:00:00,12,07,2001,00,160.34
12.07.2001-03:00:00,12,07,2001,03,160.11
12.07.2001-06:00:00,12,07,2001,06,159.88
12.07.2001-09:00:00,12,07,2001,09,159.65
12.07.2001-12:00:00,12,07,2001,12,159.42
12.07.2001-15:00:00,12,07,2001,15,159.19
12.07.2001-18:00:00,12,07,2001,18,158.96
12.07.2001-21:00:00,12,07,2001,21,158.73
12.08.2001-00:00:00,12,08,2001,00,158.51
12.08.2001-03:00:00,12,08,2001,03,158.28
12.08.2001-06:00:00,12,08,2001,06,158.06
12.08.2001-09:00:00,12,08,2001,09,157.83
12.08.2001-12:00:00,12,08,2001,12,157.6
12.08.2001-15:00:00,12,08,2001,15,157.38
12.08.2001-18:00:00,12,08,2001,18,157.16
12.08.2001-21:00:00,12,08,2001,21,156.93
12.09.2001-00:00:00,12,09,2001,00,156.71
12.09.2001-03:00:00,12,09,2001,03,156.49
12.09.2001-06:00:00,12,09,2001,06,156.27
12.09.2001-09:00:00,12,09,2001,09,156.04
12.09.2001-12:00:00,12,09,2001,12,155.82
12.09.2001-15:00:00,12,09,2001,15,155.6
12.09.2001-18:00:00,12,09,2001,18,155.38
12.09.2001-21:00:00,12,09,2001,21,155.16
12.10.2001-00:00:00,12,10,2001,00,154.94
12.10.2001-03:00:00,12,10,2001,03,154.72
12.10.2001-06:00:00,12,10,2001,06,154.5
12.10.2001-09:00:00,12,10,2001,09,154.28
12.10.2001-12:00:00,12,10,2001,12,154.06
12.10.2001-15:00:00,12,10,2001,15,153.84
12.10.2001-18:00:00,12,10,2001,18,153.62
12.10.2001-21:00:00,12,10,2001,21,153.4
12.11.2001-00:00:00,12,11,2001,00,153.18
12.11.2001-03:00:00,12,11,2001,03,152.97
12.11.2001-06:00:00,12,11,2001,06,152.75
12.11.2001-09:00:00,12,11,2001,09,152.53
12.11.2001-12:00:00,12,11,2001,12,152.31
12.11.2001-15:00:00,12,11,2001,15,152.1
12.11.2001-18:00:00,12,11,2001,18,151.88
12.11.2001-21:00:00,12,11,2001,21,151.66
12.12.2001-00:00:00,12,12,2001,00,151.44
12.12.2001-03:00:00,12,12,2001,03,151.23
12.12.2001-06:00:00,12,12,2001,06,151.01
12.12.2001-09:00:00,12,12,2001,09,150.8
12.12.2001-12:00:00,12,12,2001,12,150.58
12.12.2001-15:00:00,12,12,2001,15,150.37
12.12.2001-18:00:00,12,12,2001,18,150.15
12.12.2001-21:00:00,12,12,2001,21,149.94
12.13.2001-00:00:00,12,13,2001,00,149.72
12.13.2001-03:00:00,12,13,2001,03,149.51
12.13.2001-06:00:00,12,13,2001,06,149.3
12.13.2001-09:00:00,12,13,2001,09,149.08
12.13.2001-12:00:00,12,13,2001,12,148.87
12.13.2001-15:00:00,12,13,2001,15,148.65
12.13.2001-18:00:00,12,13,2001,18,148.44
12.13.2001-21:00:00,12,13,2001,21,148.23
12.14.2001-00:00:00,12,14,2001,00,148.02
12.14.2001-03:00:00,12,14,2001,03,147.8
12.14.2001-06:00:00,12,14,2001,06,147.59
12.14.2001-09:00:00,12,14,2001,09,147.38
12.14.2001-12:00:00,12,14,2001,12,147.17
12.14.2001-15:00:00,12,14,2001,15,146.96
12.14.2001-18:00:00,12,14,2001,18,146.75
12.14.2001-21:00:00,12,14,2001,21,146.54
12.15.2001-00:00:00,12,15,2001,00,146.34
12.15.2001-03:00:00,12,15,2001,03,146.14
12.15.2001-06:00:00,12,15,2001,06,145.94
12.15.2001-09:00:00,12,15,2001,09,145.73
12.15.2001-12:00:00,12,15,2001,12,145.53
12.15.2001-15:00:00,12,15,2001,15,145.33
12.15.2001-18:00:00,12,15,2001,18,145.13
12.15.2001-21:00:00,12,15,2001,21,144.93
12.16.2001-00:00:00,12,16,2001,00,144.74
12.16.2001-03:00:00,12,16,2001,03,144.54
12.16.2001-06:00:00,12,16,2001,06,144.34
12.16.2001-09:00:00,12,16,2001,09,144.14
12.16.2001-12:00:00,12,16,2001,12,143.94
12.16.2001-15:00:00,12,16,2001,15,143.74
12.16.2001-18:00:00,12,16,2001,18,143.54
12.16.2001-21:00:00,12,16,2001,21,143.34
12.17.2001-00:00:00,12,17,2001,00,143.14
12.17.2001-03:00:00,12,17,2001,03,142.95
12.17.2001-06:00:00,12,17,2001,06,142.75
12.17.2001-09:00:00,12,17,2001,09,142.55
12.17.2001-12:00:00,12,17,2001,12,142.35
12.17.2001-15:00:00,12,17,2001,15,142.16
12.17.2001-18:00:00,12,17,2001,18,141.96
12.17.2001-21:00:00,12,17,2001,21,141.76
12.18.2001-00:00:00,12,18,2001,00,141.56
12.18.2001-03:00:00,12,18,2001,03,141.37
12.18.2001-06:00:00,12,18,2001,06,141.17
12.18.2001-09:00:00,12,18,2001,09,140.98
12.18.2001-12:00:00,12,18,2001,12,140.78
12.18.2001-15:00:00,12,18,2001,15,140.58
12.18.2001-18:00:00,12,18,2001,18,140.39
12.18.2001-21:00:00,12,18,2001,21,140.19
12.19.2001-00:00:00,12,19,2001,00,140
12.19.2001-03:00:00,12,19,2001,03,139.8
12.19.2001-06:00:00,12,19,2001,06,139.61
12.19.2001-09:00:00,12,19,2001,09,139.41
12.19.2001-12:00:00,12,19,2001,12,139.22
12.19.2001-15:00:00,12,19,2001,15,139.02
12.19.2001-18:00:00,12,19,2001,18,138.83
12.19.2001-21:00:00,12,19,2001,21,138.63
12.20.2001-00:00:00,12,20,2001,00,138.44
12.20.2001-03:00:00,12,20,2001,03,138.24
12.20.2001-06:00:00,12,20,2001,06,138.05
12.20.2001-09:00:00,12,20,2001,09,137.86
12.20.2001-12:00:00,12,20,2001,12,137.66
12.20.2001-15:00:00,12,20,2001,15,137.47
12.20.2001-18:00:00,12,20,2001,18,137.28
12.20.2001-21:00:00,12,20,2001,21,137.09
12.21.2001-00:00:00,12,21,2001,00,136.89
12.21.2001-03:00:00,12,21,2001,03,136.7
12.21.2001-06:00:00,12,21,2001,06,136.51
12.21.2001-09:00:00,12,21,2001,09,136.32
12.21.2001-12:00:00,12,21,2001,12,136.12
12.21.2001-15:00:00,12,21,2001,15,135.93
12.21.2001-18:00:00,12,21,2001,18,135.74
12.21.2001-21:00:00,12,21,2001,21,135.55
12.22.2001-00:00:00,12,22,2001,00,135.36
12.22.2001-03:00:00,12,22,2001,03,135.17
12.22.2001-06:00:00,12,22,2001,06,134.98
12.22.2001-09:00:00,12,22,2001,09,134.78
12.22.2001-12:00:00,12,22,2001,12,134.59
12.22.2001-15:00:00,12,22,2001,15,134.4
12.22.2001-18:00:00,12,22,2001,18,134.21
12.22.2001-21:00:00,12,22,2001,21,134.02
12.23.2001-00:00:00,12,23,2001,00,133.83
12.23.2001-03:00:00,12,23,2001,03,133.64
12.23.2001-06:00:00,12,23,2001,06,133.46
12.23.2001-09:00:00,12,23,2001,09,133.27
12.23.2001-12:00:00,12,23,2001,12,133.08
12.23.2001-15:00:00,12,23,2001,15,132.89
12.23.2001-18:00:00,12,23,2001,18,132.7
12.23.2001-21:00:00,12,23,2001,21,132.51
12.24.2001-00:00:00,12,24,2001,00,132.32
12.24.2001-03:00:00,12,24,2001,03,132.14
12.24.2001-06:00:00,12,24,2001,06,131.95
12.24.2001-09:00:00,12,24,2001,09,131.76
12.24.2001-12:00:00,12,24,2001,12,131.57
12.24.2001-15:00:00,12,24,2001,15,131.39
12.24.2001-18:00:00,12,24,2001,18,131.2
12.24.2001-21:00:00,12,24,2001,21,131.02
12.25.2001-00:00:00,12,25,2001,00,130.83
12.25.2001-03:00:00,12,25,2001,03,130.65
12.25.2001-06:00:00,12,25,2001,06,130.47
12.25.2001-09:00:00,12,25,2001,09,130.28
12.25.2001-12:00:00,12,25,2001,12,130.1
12.25.2001-15:00:00,12,25,2001,15,129.92
12.25.2001-18:00:00,12,25,2001,18,129.73
12.25.2001-21:00:00,12,25,2001,21,129.55
12.26.2001-00:00:00,12,26,2001,00,129.37
12.26.2001-03:00:00,12,26,2001,03,129.19
12.26.2001-06:00:00,12,26,2001,06,129
12.26.2001-09:00:00,12,26,2001,09,128.82
12.26.2001-12:00:00,12,26,2001,12,128.64
12.26.2001-15:00:00,12,26,2001,15,128.46
12.26.2001-18:00:00,12,26,2001,18,128.28
12.26.2001-21:00:00,12,26,2001,21,128.09
12.27.2001-00:00:00,12,27,2001,00,127.91
12.27.2001-03:00:00,12,27,2001,03,127.73
12.27.2001-06:00:00,12,27,2001,06,127.55
12.27.2001-09:00:00,12,27,2001,09,127.37
12.27.2001-12:00:00,12,27,2001,12,127.19
12.27.2001-15:00:00,12,27,2001,15,127.01
12.27.2001-18:00:00,12,27,2001,18,126.83
12.27.2001-21:00:00,12,27,2001,21,126.65
12.28.2001-00:00:00,12,28,2001,00,126.48
12.28.2001-03:00:00,12,28,2001,03,126.3
12.28.2001-06:00:00,12,28,2001,06,126.12
12.28.2001-09:00:00,12,28,2001,09,125.95
12.28.2001-12:00:00,12,28,2001,12,125.77
12.28.2001-15:00:00,12,28,2001,15,125.59
12.28.2001-18:00:00,12,28,2001,18,125.42
12.28.2001-21:00:00,12,28,2001,21,125.24
12.29.2001-00:00:00,12,29,2001,00,125.07
12.29.2001-03:00:00,12,29,2001,03,124.89
12.29.2001-06:00:00,12,29,2001,06,124.72
12.29.2001-09:00:00,12,29,2001,09,124.55
12.29.2001-12:00:00,12,29,2001,12,124.37
12.29.2001-15:00:00,12,29,2001,15,124.2
12.29.2001-18:00:00,12,29,2001,18,124.02
12.29.2001-21:00:00,12,29,2001,21,123.85
12.30.2001-00:00:00,12,30,2001,00,123.68
12.30.2001-03:00:00,12,30,2001,03,123.5
12.30.2001-06:00:00,12,30,2001,06,123.33
12.30.2001-09:00:00,12,30,2001,09,123.16
12.30.2001-12:00:00,12,30,2001,12,122.99
12.30.2001-15:00:00,12,30,2001,15,122.81
12.30.2001-18:00:00,12,30,2001,18,122.64
12.30.2001-21:00:00,12,30,2001,21,122.47
12.31.2001-00:00:00,12,31,2001,00,122.3
12.31.2001-03:00:00,12,31,2001,03,122.13
12.31.2001-06:00:00,12,31,2001,06,121.96
12.31.2001-09:00:00,12,31,2001,09,121.78
12.31.2001-12:00:00,12,31,2001,12,121.61
12.31.2001-15:00:00,12,31,2001,15,121.44
12.31.2001-18:00:00,12,31,2001,18,121.27
12.31.2001-21:00:00,12,31,2001,21,121.1
01.01.2002-00:00:00,01,01,2002,00,120.93
01.01.2002-03:00:00,01,01,2002,03,120.76
01.01.2002-06:00:00,01,01,2002,06,120.59
01.01.2002-09:00:00,01,01,2002,09,120.42
01.01.2002-12:00:00,01,01,2002,12,120.25
01.01.2002-15:00:00,01,01,2002,15,120.08
01.01.2002-18:00:00,01,01,2002,18,119.91
01.01.2002-21:00:00,01,01,2002,21,119.74
01.02.2002-00:00:00,01,02,2002,00,119.57
01.02.2002-03:00:00,01,02,2002,03,119.4
01.02.2002-06:00:00,01,02,2002,06,119.23
01.02.2002-09:00:00,01,02,2002,09,119.06
01.02.2002-12:00:00,01,02,2002,12,118.9
01.02.2002-15:00:00,01,02,2002,15,118.73
01.02.2002-18:00:00,01,02,2002,18,118.56
01.02.2002-21:00:00,01,02,2002,21,118.39
01.03.2002-00:00:00,01,03,2002,00,118.23
01.03.2002-03:00:00,01,03,2002,03,118.06
01.03.2002-06:00:00,01,03,2002,06,117.89
01.03.2002-09:00:00,01,03,2002,09,117.73
01.03.2002-12:00:00,01,03,2002,12,117.56
01.03.2002-15:00:00,01,03,2002,15,117.4
01.03.2002-18:00:00,01,03,2002,18,117.23
01.03.2002-21:00:00,01,03,2002,21,117.07
01.04.2002-00:00:00,01,04,2002,00,116.91
01.04.2002-03:00:00,01,04,2002,03,116.75
01.04.2002-06:00:00,01,04,2002,06,116.59
01.04.2002-09:00:00,01,04,2002,09,116.43
01.04.2002-12:00:00,01,04,2002,12,116.27
01.04.2002-15:00:00,01,04,2002,15,116.11
01.04.2002-18:00:00,01,04,2002,18,115.95
01.04.2002-21:00:00,01,04,2002,21,115.79
01.05.2002-00:00:00,01,05,2002,00,115.63
01.05.2002-03:00:00,01,05,2002,03,115.47
01.05.2002-06:00:00,01,05,2002,06,115.31
01.05.2002-09:00:00,01,05,2002,09,115.15
01.05.2002-12:00:00,01,05,2002,12,114.99
01.05.2002-15:00:00,01,05,2002,15,114.83
01.05.2002-18:00:00,01,05,2002,18,114.67
01.05.2002-21:00:00,01,05,2002,21,114.51
01.06.2002-00:00:00,01,06,2002,00,114.35
01.06.2002-03:00:00,01,06,2002,03,114.19
01.06.2002-06:00:00,01,06,2002,06,114.03
01.06.2002-09:00:00,01,06,2002,09,113.88
01.06.2002-12:00:00,01,06,2002,12,113.72
01.06.2002-15:00:00,01,06,2002,15,113.56
01.06.2002-18:00:00,01,06,2002,18,113.4
01.06.2002-21:00:00,01,06,2002,21,113.24
01.07.2002-00:00:00,01,07,2002,00,113.08
01.07.2002-03:00:00,01,07,2002,03,112.93
01.07.2002-06:00:00,01,07,2002,06,112.77
01.07.2002-09:00:00,01,07,2002,09,112.61
01.07.2002-12:00:00,01,07,2002,12,112.45
01.07.2002-15:00:00,01,07,2002,15,112.29
01.07.2002-18:00:00,01,07,2002,18,112.14
01.07.2002-21:00:00,01,07,2002,21,111.98
01.08.2002-00:00:00,01,08,2002,00,111.82
01.08.2002-03:00:00,01,08,2002,03,111.67
01.08.2002-06:00:00,01,08,2002,06,111.51
01.08.2002-09:00:00,01,08,2002,09,111.36
01.08.2002-12:00:00,01,08,2002,12,111.2
01.08.2002-15:00:00,01,08,2002,15,111.05
01.08.2002-18:00:00,01,08,2002,18,110.89
01.08.2002-21:00:00,01,08,2002,21,110.74
01.09.2002-00:00:00,01,09,2002,00,110.58
01.09.2002-03:00:00,01,09,2002,03,110.43
01.09.2002-06:00:00,01,09,2002,06,110.28
01.09.2002-09:00:00,01,09,2002,09,110.1
01.09.2002-12:00:00,01,09,2002,12,109.91
01.09.2002-15:00:00,01,09,2002,15,109.75
01.09.2002-18:00:00,01,09,2002,18,109.6
01.09.2002-21:00:00,01,09,2002,21,109.45
01.10.2002-00:00:00,01,10,2002,00,109.29
01.10.2002-03:00:00,01,10,2002,03,109.14
01.10.2002-06:00:00,01,10,2002,06,108.99
01.10.2002-09:00:00,01,10,2002,09,108.84
01.10.2002-12:00:00,01,10,2002,12,108.66
01.10.2002-15:00:00,01,10,2002,15,108.5
01.10.2002-18:00:00,01,10,2002,18,108.35
01.10.2002-21:00:00,01,10,2002,21,108.2
01.11.2002-00:00:00,01,11,2002,00,108.05
01.11.2002-03:00:00,01,11,2002,03,107.9
01.11.2002-06:00:00,01,11,2002,06,107.75
01.11.2002-09:00:00,01,11,2002,09,107.6
01.11.2002-12:00:00,01,11,2002,12,107.44
01.11.2002-15:00:00,01,11,2002,15,107.29
01.11.2002-18:00:00,01,11,2002,18,107.14
01.11.2002-21:00:00,01,11,2002,21,106.99
01.12.2002-00:00:00,01,12,2002,00,106.84
01.12.2002-03:00:00,01,12,2002,03,106.69
01.12.2002-06:00:00,01,12,2002,06,106.54
01.12.2002-09:00:00,01,12,2002,09,106.39
01.12.2002-12:00:00,01,12,2002,12,106.25
01.12.2002-15:00:00,01,12,2002,15,106.1
01.12.2002-18:00:00,01,12,2002,18,105.95
01.12.2002-21:00:00,01,12,2002,21,105.8
01.13.2002-00:00:00,01,13,2002,00,105.65
01.13.2002-03:00:00,01,13,2002,03,105.5
01.13.2002-06:00:00,01,13,2002,06,105.35
01.13.2002-09:00:00,01,13,2002,09,105.21
01.13.2002-12:00:00,01,13,2002,12,105.06
01.13.2002-15:00:00,01,13,2002,15,104.91
01.13.2002-18:00:00,01,13,2002,18,104.76
01.13.2002-21:00:00,01,13,2002,21,104.61
01.14.2002-00:00:00,01,14,2002,00,104.47
01.14.2002-03:00:00,01,14,2002,03,104.32
01.14.2002-06:00:00,01,14,2002,06,104.17
01.14.2002-09:00:00,01,14,2002,09,104.03
01.14.2002-12:00:00,01,14,2002,12,103.88
01.14.2002-15:00:00,01,14,2002,15,103.73
01.14.2002-18:00:00,01,14,2002,18,103.58
01.14.2002-21:00:00,01,14,2002,21,103.44
01.15.2002-00:00:00,01,15,2002,00,103.29
01.15.2002-03:00:00,01,15,2002,03,103.15
01.15.2002-06:00:00,01,15,2002,06,103
01.15.2002-09:00:00,01,15,2002,09,102.85
01.15.2002-12:00:00,01,15,2002,12,102.71
01.15.2002-15:00:00,01,15,2002,15,102.56
01.15.2002-18:00:00,01,15,2002,18,102.42
01.15.2002-21:00:00,01,15,2002,21,102.27
01.16.2002-00:00:00,01,16,2002,00,102.12
01.16.2002-03:00:00,01,16,2002,03,101.98
01.16.2002-06:00:00,01,16,2002,06,101.83
01.16.2002-09:00:00,01,16,2002,09,101.69
01.16.2002-12:00:00,01,16,2002,12,101.54
01.16.2002-15:00:00,01,16,2002,15,101.4
01.16.2002-18:00:00,01,16,2002,18,101.25
01.16.2002-21:00:00,01,16,2002,21,101.11
01.17.2002-00:00:00,01,17,2002,00,100.97
01.17.2002-03:00:00,01,17,2002,03,100.82
01.17.2002-06:00:00,01,17,2002,06,100.68
01.17.2002-09:00:00,01,17,2002,09,100.53
01.17.2002-12:00:00,01,17,2002,12,100.39
01.17.2002-15:00:00,01,17,2002,15,100.24
01.17.2002-18:00:00,01,17,2002,18,100.1
01.17.2002-21:00:00,01,17,2002,21,99.958
01.18.2002-00:00:00,01,18,2002,00,99.815
01.18.2002-03:00:00,01,18,2002,03,99.671
01.18.2002-06:00:00,01,18,2002,06,99.528
01.18.2002-09:00:00,01,18,2002,09,99.385
01.18.2002-12:00:00,01,18,2002,12,99.242
01.18.2002-15:00:00,01,18,2002,15,99.1
01.18.2002-18:00:00,01,18,2002,18,98.957
01.18.2002-21:00:00,01,18,2002,21,98.815
01.19.2002-00:00:00,01,19,2002,00,98.672
01.19.2002-03:00:00,01,19,2002,03,98.53
01.19.2002-06:00:00,01,19,2002,06,98.388
01.19.2002-09:00:00,01,19,2002,09,98.246
01.19.2002-12:00:00,01,19,2002,12,98.105
01.19.2002-15:00:00,01,19,2002,15,97.963
01.19.2002-18:00:00,01,19,2002,18,97.822
01.19.2002-21:00:00,01,19,2002,21,97.68
01.20.2002-00:00:00,01,20,2002,00,97.539
01.20.2002-03:00:00,01,20,2002,03,97.398
01.20.2002-06:00:00,01,20,2002,06,97.257
01.20.2002-09:00:00,01,20,2002,09,97.116
01.20.2002-12:00:00,01,20,2002,12,96.975
01.20.2002-15:00:00,01,20,2002,15,96.835
01.20.2002-18:00:00,01,20,2002,18,96.694
01.20.2002-21:00:00,01,20,2002,21,96.554
01.21.2002-00:00:00,01,21,2002,00,96.414
01.21.2002-03:00:00,01,21,2002,03,96.274
01.21.2002-06:00:00,01,21,2002,06,96.134
01.21.2002-09:00:00,01,21,2002,09,95.995
01.21.2002-12:00:00,01,21,2002,12,95.855
01.21.2002-15:00:00,01,21,2002,15,95.716
01.21.2002-18:00:00,01,21,2002,18,95.577
01.21.2002-21:00:00,01,21,2002,21,95.437
01.22.2002-00:00:00,01,22,2002,00,95.298
01.22.2002-03:00:00,01,22,2002,03,95.16
01.22.2002-06:00:00,01,22,2002,06,95.021
01.22.2002-09:00:00,01,22,2002,09,94.883
01.22.2002-12:00:00,01,22,2002,12,94.744
01.22.2002-15:00:00,01,22,2002,15,94.606
01.22.2002-18:00:00,01,22,2002,18,94.468
01.22.2002-21:00:00,01,22,2002,21,94.33
01.23.2002-00:00:00,01,23,2002,00,94.192
01.23.2002-03:00:00,01,23,2002,03,94.055
01.23.2002-06:00:00,01,23,2002,06,93.917
01.23.2002-09:00:00,01,23,2002,09,93.78
01.23.2002-12:00:00,01,23,2002,12,93.643
01.23.2002-15:00:00,01,23,2002,15,93.506
01.23.2002-18:00:00,01,23,2002,18,93.369
01.23.2002-21:00:00,01,23,2002,21,93.232
01.24.2002-00:00:00,01,24,2002,00,93.095
01.24.2002-03:00:00,01,24,2002,03,92.959
01.24.2002-06:00:00,01,24,2002,06,92.822
01.24.2002-09:00:00,01,24,2002,09,92.686
01.24.2002-12:00:00,01,24,2002,12,92.55
01.24.2002-15:00:00,01,24,2002,15,92.414
01.24.2002-18:00:00,01,24,2002,18,92.279
01.24.2002-21:00:00,01,24,2002,21,92.143
01.25.2002-00:00:00,01,25,2002,00,92.008
01.25.2002-03:00:00,01,25,2002,03,91.873
01.25.2002-06:00:00,01,25,2002,06,91.738
01.25.2002-09:00:00,01,25,2002,09,91.603
01.25.2002-12:00:00,01,25,2002,12,91.463
01.25.2002-15:00:00,01,25,2002,15,91.328
01.25.2002-18:00:00,01,25,2002,18,91.194
01.25.2002-21:00:00,01,25,2002,21,91.06
01.26.2002-00:00:00,01,26,2002,00,90.925
01.26.2002-03:00:00,01,26,2002,03,90.791
01.26.2002-06:00:00,01,26,2002,06,90.657
01.26.2002-09:00:00,01,26,2002,09,90.524
01.26.2002-12:00:00,01,26,2002,12,90.39
01.26.2002-15:00:00,01,26,2002,15,90.257
01.26.2002-18:00:00,01,26,2002,18,90.123
01.26.2002-21:00:00,01,26,2002,21,90.01
01.27.2002-00:00:00,01,27,2002,00,89.897
01.27.2002-03:00:00,01,27,2002,03,89.784
01.27.2002-06:00:00,01,27,2002,06,89.671
01.27.2002-09:00:00,01,27,2002,09,89.558
01.27.2002-12:00:00,01,27,2002,12,89.444
01.27.2002-15:00:00,01,27,2002,15,89.331
01.27.2002-18:00:00,01,27,2002,18,89.217
01.27.2002-21:00:00,01,27,2002,21,89.103
01.28.2002-00:00:00,01,28,2002,00,88.989
01.28.2002-03:00:00,01,28,2002,03,88.875
01.28.2002-06:00:00,01,28,2002,06,88.76
01.28.2002-09:00:00,01,28,2002,09,88.646
01.28.2002-12:00:00,01,28,2002,12,88.532
01.28.2002-15:00:00,01,28,2002,15,88.417
01.28.2002-18:00:00,01,28,2002,18,88.302
01.28.2002-21:00:00,01,28,2002,21,88.187
01.29.2002-00:00:00,01,29,2002,00,88.072
01.29.2002-03:00:00,01,29,2002,03,87.957
01.29.2002-06:00:00,01,29,2002,06,87.842
01.29.2002-09:00:00,01,29,2002,09,87.727
01.29.2002-12:00:00,01,29,2002,12,87.612
01.29.2002-15:00:00,01,29,2002,15,87.496
01.29.2002-18:00:00,01,29,2002,18,87.381
01.29.2002-21:00:00,01,29,2002,21,87.265
01.30.2002-00:00:00,01,30,2002,00,87.15
01.30.2002-03:00:00,01,30,2002,03,87.034
01.30.2002-06:00:00,01,30,2002,06,86.919
01.30.2002-09:00:00,01,30,2002,09,86.803
01.30.2002-12:00:00,01,30,2002,12,86.687
01.30.2002-15:00:00,01,30,2002,15,86.571
01.30.2002-18:00:00,01,30,2002,18,86.455
01.30.2002-21:00:00,01,30,2002,21,86.339
01.31.2002-00:00:00,01,31,2002,00,86.223
01.31.2002-03:00:00,01,31,2002,03,86.108
01.31.2002-06:00:00,01,31,2002,06,85.993
01.31.2002-09:00:00,01,31,2002,09,85.878
01.31.2002-12:00:00,01,31,2002,12,85.763
01.31.2002-15:00:00,01,31,2002,15,85.648
01.31.2002-18:00:00,01,31,2002,18,85.533
01.31.2002-21:00:00,01,31,2002,21,85.418
02.01.2002-00:00:00,02,01,2002,00,85.302
02.01.2002-03:00:00,02,01,2002,03,85.187
02.01.2002-06:00:00,02,01,2002,06,85.072
02.01.2002-09:00:00,02,01,2002,09,84.957
02.01.2002-12:00:00,02,01,2002,12,84.841
02.01.2002-15:00:00,02,01,2002,15,84.726
02.01.2002-18:00:00,02,01,2002,18,84.611
02.01.2002-21:00:00,02,01,2002,21,84.496
02.02.2002-00:00:00,02,02,2002,00,84.38
02.02.2002-03:00:00,02,02,2002,03,84.265
02.02.2002-06:00:00,02,02,2002,06,84.15
02.02.2002-09:00:00,02,02,2002,09,84.035
02.02.2002-12:00:00,02,02,2002,12,83.919
02.02.2002-15:00:00,02,02,2002,15,83.804
02.02.2002-18:00:00,02,02,2002,18,83.689
02.02.2002-21:00:00,02,02,2002,21,83.574
02.03.2002-00:00:00,02,03,2002,00,83.459
02.03.2002-03:00:00,02,03,2002,03,83.343
02.03.2002-06:00:00,02,03,2002,06,83.228
02.03.2002-09:00:00,02,03,2002,09,83.113
02.03.2002-12:00:00,02,03,2002,12,82.998
02.03.2002-15:00:00,02,03,2002,15,82.883
02.03.2002-18:00:00,02,03,2002,18,82.768
02.03.2002-21:00:00,02,03,2002,21,82.653
02.04.2002-00:00:00,02,04,2002,00,82.538
02.04.2002-03:00:00,02,04,2002,03,82.424
02.04.2002-06:00:00,02,04,2002,06,82.309
02.04.2002-09:00:00,02,04,2002,09,82.194
02.04.2002-12:00:00,02,04,2002,12,82.079
02.04.2002-15:00:00,02,04,2002,15,81.966
02.04.2002-18:00:00,02,04,2002,18,81.853
02.04.2002-21:00:00,02,04,2002,21,81.74
02.05.2002-00:00:00,02,05,2002,00,81.626
02.05.2002-03:00:00,02,05,2002,03,81.513
02.05.2002-06:00:00,02,05,2002,06,81.4
02.05.2002-09:00:00,02,05,2002,09,81.287
02.05.2002-12:00:00,02,05,2002,12,81.175
02.05.2002-15:00:00,02,05,2002,15,81.062
02.05.2002-18:00:00,02,05,2002,18,80.949
02.05.2002-21:00:00,02,05,2002,21,80.836
02.06.2002-00:00:00,02,06,2002,00,80.723
02.06.2002-03:00:00,02,06,2002,03,80.611
02.06.2002-06:00:00,02,06,2002,06,80.498
02.06.2002-09:00:00,02,06,2002,09,80.386
02.06.2002-12:00:00,02,06,2002,12,80.273
02.06.2002-15:00:00,02,06,2002,15,80.161
02.06.2002-18:00:00,02,06,2002,18,80.049
02.06.2002-21:00:00,02,06,2002,21,79.937
02.07.2002-00:00:00,02,07,2002,00,79.824
02.07.2002-03:00:00,02,07,2002,03,79.712
02.07.2002-06:00:00,02,07,2002,06,79.6
02.07.2002-09:00:00,02,07,2002,09,79.488
02.07.2002-12:00:00,02,07,2002,12,79.376
02.07.2002-15:00:00,02,07,2002,15,79.265
02.07.2002-18:00:00,02,07,2002,18,79.153
02.07.2002-21:00:00,02,07,2002,21,79.041
02.08.2002-00:00:00,02,08,2002,00,78.93
02.08.2002-03:00:00,02,08,2002,03,78.818
02.08.2002-06:00:00,02,08,2002,06,78.707
02.08.2002-09:00:00,02,08,2002,09,78.596
02.08.2002-12:00:00,02,08,2002,12,78.484
02.08.2002-15:00:00,02,08,2002,15,78.373
02.08.2002-18:00:00,02,08,2002,18,78.263
02.08.2002-21:00:00,02,08,2002,21,78.153
02.09.2002-00:00:00,02,09,2002,00,78.043
02.09.2002-03:00:00,02,09,2002,03,77.933
02.09.2002-06:00:00,02,09,2002,06,77.824
02.09.2002-09:00:00,02,09,2002,09,77.714
02.09.2002-12:00:00,02,09,2002,12,77.604
02.09.2002-15:00:00,02,09,2002,15,77.495
02.09.2002-18:00:00,02,09,2002,18,77.385
02.09.2002-21:00:00,02,09,2002,21,77.276
02.10.2002-00:00:00,02,10,2002,00,77.168
02.10.2002-03:00:00,02,10,2002,03,77.06
02.10.2002-06:00:00,02,10,2002,06,76.952
02.10.2002-09:00:00,02,10,2002,09,76.844
02.10.2002-12:00:00,02,10,2002,12,76.737
02.10.2002-15:00:00,02,10,2002,15,76.629
02.10.2002-18:00:00,02,10,2002,18,76.521
02.10.2002-21:00:00,02,10,2002,21,76.414
02.11.2002-00:00:00,02,11,2002,00,76.306
02.11.2002-03:00:00,02,11,2002,03,76.199
02.11.2002-06:00:00,02,11,2002,06,76.092
02.11.2002-09:00:00,02,11,2002,09,75.985
02.11.2002-12:00:00,02,11,2002,12,75.878
02.11.2002-15:00:00,02,11,2002,15,75.771
02.11.2002-18:00:00,02,11,2002,18,75.664
02.11.2002-21:00:00,02,11,2002,21,75.557
02.12.2002-00:00:00,02,12,2002,00,75.451
02.12.2002-03:00:00,02,12,2002,03,75.344
02.12.2002-06:00:00,02,12,2002,06,75.238
02.12.2002-09:00:00,02,12,2002,09,75.131
02.12.2002-12:00:00,02,12,2002,12,75.025
02.12.2002-15:00:00,02,12,2002,15,74.919
02.12.2002-18:00:00,02,12,2002,18,74.813
02.12.2002-21:00:00,02,12,2002,21,74.707
02.13.2002-00:00:00,02,13,2002,00,74.601
02.13.2002-03:00:00,02,13,2002,03,74.495
02.13.2002-06:00:00,02,13,2002,06,74.39
02.13.2002-09:00:00,02,13,2002,09,74.284
02.13.2002-12:00:00,02,13,2002,12,74.179
02.13.2002-15:00:00,02,13,2002,15,74.073
02.13.2002-18:00:00,02,13,2002,18,73.968
02.13.2002-21:00:00,02,13,2002,21,73.863
02.14.2002-00:00:00,02,14,2002,00,73.758
02.14.2002-03:00:00,02,14,2002,03,73.653
02.14.2002-06:00:00,02,14,2002,06,73.549
02.14.2002-09:00:00,02,14,2002,09,73.444
02.14.2002-12:00:00,02,14,2002,12,73.322
02.14.2002-15:00:00,02,14,2002,15,73.217
02.14.2002-18:00:00,02,14,2002,18,73.113
02.14.2002-21:00:00,02,14,2002,21,73.008
02.15.2002-00:00:00,02,15,2002,00,72.904
02.15.2002-03:00:00,02,15,2002,03,72.801
02.15.2002-06:00:00,02,15,2002,06,72.697
02.15.2002-09:00:00,02,15,2002,09,72.593
02.15.2002-12:00:00,02,15,2002,12,72.474
02.15.2002-15:00:00,02,15,2002,15,72.37
02.15.2002-18:00:00,02,15,2002,18,72.266
02.15.2002-21:00:00,02,15,2002,21,72.163
02.16.2002-00:00:00,02,16,2002,00,72.06
02.16.2002-03:00:00,02,16,2002,03,71.956
02.16.2002-06:00:00,02,16,2002,06,71.853
02.16.2002-09:00:00,02,16,2002,09,71.75
02.16.2002-12:00:00,02,16,2002,12,71.638
02.16.2002-15:00:00,02,16,2002,15,71.535
02.16.2002-18:00:00,02,16,2002,18,71.432
02.16.2002-21:00:00,02,16,2002,21,71.33
02.17.2002-00:00:00,02,17,2002,00,71.227
02.17.2002-03:00:00,02,17,2002,03,71.125
02.17.2002-06:00:00,02,17,2002,06,71.023
02.17.2002-09:00:00,02,17,2002,09,70.921
02.17.2002-12:00:00,02,17,2002,12,70.807
02.17.2002-15:00:00,02,17,2002,15,70.705
02.17.2002-18:00:00,02,17,2002,18,70.603
02.17.2002-21:00:00,02,17,2002,21,70.502
02.18.2002-00:00:00,02,18,2002,00,70.401
02.18.2002-03:00:00,02,18,2002,03,70.299
02.18.2002-06:00:00,02,18,2002,06,70.198
02.18.2002-09:00:00,02,18,2002,09,70.09
02.18.2002-12:00:00,02,18,2002,12,69.978
02.18.2002-15:00:00,02,18,2002,15,69.876
02.18.2002-18:00:00,02,18,2002,18,69.776
02.18.2002-21:00:00,02,18,2002,21,69.676
02.19.2002-00:00:00,02,19,2002,00,69.576
02.19.2002-03:00:00,02,19,2002,03,69.476
02.19.2002-06:00:00,02,19,2002,06,69.376
02.19.2002-09:00:00,02,19,2002,09,69.26
02.19.2002-12:00:00,02,19,2002,12,69.141
02.19.2002-15:00:00,02,19,2002,15,69.039
02.19.2002-18:00:00,02,19,2002,18,68.94
02.19.2002-21:00:00,02,19,2002,21,68.841
02.20.2002-00:00:00,02,20,2002,00,68.742
02.20.2002-03:00:00,02,20,2002,03,68.643
02.20.2002-06:00:00,02,20,2002,06,68.545
02.20.2002-09:00:00,02,20,2002,09,68.433
02.20.2002-12:00:00,02,20,2002,12,68.319
02.20.2002-15:00:00,02,20,2002,15,68.22
02.20.2002-18:00:00,02,20,2002,18,68.121
02.20.2002-21:00:00,02,20,2002,21,68.024
02.21.2002-00:00:00,02,21,2002,00,67.926
02.21.2002-03:00:00,02,21,2002,03,67.828
02.21.2002-06:00:00,02,21,2002,06,67.731
02.21.2002-09:00:00,02,21,2002,09,67.622
02.21.2002-12:00:00,02,21,2002,12,67.508
02.21.2002-15:00:00,02,21,2002,15,67.41
02.21.2002-18:00:00,02,21,2002,18,67.314
02.21.2002-21:00:00,02,21,2002,21,67.218
02.22.2002-00:00:00,02,22,2002,00,67.123
02.22.2002-03:00:00,02,22,2002,03,67.027
02.22.2002-06:00:00,02,22,2002,06,66.932
02.22.2002-09:00:00,02,22,2002,09,66.82
02.22.2002-12:00:00,02,22,2002,12,66.706
02.22.2002-15:00:00,02,22,2002,15,66.609
02.22.2002-18:00:00,02,22,2002,18,66.514
02.22.2002-21:00:00,02,22,2002,21,66.42
02.23.2002-00:00:00,02,23,2002,00,66.325
02.23.2002-03:00:00,02,23,2002,03,66.231
02.23.2002-06:00:00,02,23,2002,06,66.137
02.23.2002-09:00:00,02,23,2002,09,66.022
02.23.2002-12:00:00,02,23,2002,12,65.907
02.23.2002-15:00:00,02,23,2002,15,65.809
02.23.2002-18:00:00,02,23,2002,18,65.716
02.23.2002-21:00:00,02,23,2002,21,65.622
02.24.2002-00:00:00,02,24,2002,00,65.529
02.24.2002-03:00:00,02,24,2002,03,65.437
02.24.2002-06:00:00,02,24,2002,06,65.344
02.24.2002-09:00:00,02,24,2002,09,65.251
02.24.2002-12:00:00,02,24,2002,12,65.158
02.24.2002-15:00:00,02,24,2002,15,65.065
02.24.2002-18:00:00,02,24,2002,18,64.973
02.24.2002-21:00:00,02,24,2002,21,64.881
02.25.2002-00:00:00,02,25,2002,00,64.789
02.25.2002-03:00:00,02,25,2002,03,64.697
02.25.2002-06:00:00,02,25,2002,06,64.606
02.25.2002-09:00:00,02,25,2002,09,64.516
02.25.2002-12:00:00,02,25,2002,12,64.427
02.25.2002-15:00:00,02,25,2002,15,64.338
02.25.2002-18:00:00,02,25,2002,18,64.25
02.25.2002-21:00:00,02,25,2002,21,64.161
02.26.2002-00:00:00,02,26,2002,00,64.073
02.26.2002-03:00:00,02,26,2002,03,63.985
02.26.2002-06:00:00,02,26,2002,06,63.897
02.26.2002-09:00:00,02,26,2002,09,63.809
02.26.2002-12:00:00,02,26,2002,12,63.721
02.26.2002-15:00:00,02,26,2002,15,63.633
02.26.2002-18:00:00,02,26,2002,18,63.545
02.26.2002-21:00:00,02,26,2002,21,63.458
02.27.2002-00:00:00,02,27,2002,00,63.37
02.27.2002-03:00:00,02,27,2002,03,63.283
02.27.2002-06:00:00,02,27,2002,06,63.195
02.27.2002-09:00:00,02,27,2002,09,63.108
02.27.2002-12:00:00,02,27,2002,12,63.021
02.27.2002-15:00:00,02,27,2002,15,62.934
02.27.2002-18:00:00,02,27,2002,18,62.847
02.27.2002-21:00:00,02,27,2002,21,62.76
02.28.2002-00:00:00,02,28,2002,00,62.673
02.28.2002-03:00:00,02,28,2002,03,62.586
02.28.2002-06:00:00,02,28,2002,06,62.5
02.28.2002-09:00:00,02,28,2002,09,62.413
02.28.2002-12:00:00,02,28,2002,12,62.312
02.28.2002-15:00:00,02,28,2002,15,62.226
02.28.2002-18:00:00,02,28,2002,18,62.14
02.28.2002-21:00:00,02,28,2002,21,62.055
03.01.2002-00:00:00,03,01,2002,00,61.97
03.01.2002-03:00:00,03,01,2002,03,61.884
03.01.2002-06:00:00,03,01,2002,06,61.799
03.01.2002-09:00:00,03,01,2002,09,61.714
03.01.2002-12:00:00,03,01,2002,12,61.616
03.01.2002-15:00:00,03,01,2002,15,61.531
03.01.2002-18:00:00,03,01,2002,18,61.446
03.01.2002-21:00:00,03,01,2002,21,61.362
03.02.2002-00:00:00,03,02,2002,00,61.277
03.02.2002-03:00:00,03,02,2002,03,61.193
03.02.2002-06:00:00,03,02,2002,06,61.109
03.02.2002-09:00:00,03,02,2002,09,61.025
03.02.2002-12:00:00,03,02,2002,12,60.928
03.02.2002-15:00:00,03,02,2002,15,60.844
03.02.2002-18:00:00,03,02,2002,18,60.76
03.02.2002-21:00:00,03,02,2002,21,60.676
03.03.2002-00:00:00,03,03,2002,00,60.592
03.03.2002-03:00:00,03,03,2002,03,60.509
03.03.2002-06:00:00,03,03,2002,06,60.425
03.03.2002-09:00:00,03,03,2002,09,60.342
03.03.2002-12:00:00,03,03,2002,12,60.244
03.03.2002-15:00:00,03,03,2002,15,60.16
03.03.2002-18:00:00,03,03,2002,18,60.077
03.03.2002-21:00:00,03,03,2002,21,59.994
03.04.2002-00:00:00,03,04,2002,00,59.911
03.04.2002-03:00:00,03,04,2002,03,59.829
03.04.2002-06:00:00,03,04,2002,06,59.746
03.04.2002-09:00:00,03,04,2002,09,59.65
03.04.2002-12:00:00,03,04,2002,12,59.55
03.04.2002-15:00:00,03,04,2002,15,59.467
03.04.2002-18:00:00,03,04,2002,18,59.385
03.04.2002-21:00:00,03,04,2002,21,59.303
03.05.2002-00:00:00,03,05,2002,00,59.222
03.05.2002-03:00:00,03,05,2002,03,59.14
03.05.2002-06:00:00,03,05,2002,06,59.059
03.05.2002-09:00:00,03,05,2002,09,58.949
03.05.2002-12:00:00,03,05,2002,12,58.839
03.05.2002-15:00:00,03,05,2002,15,58.752
03.05.2002-18:00:00,03,05,2002,18,58.671
03.05.2002-21:00:00,03,05,2002,21,58.591
03.06.2002-00:00:00,03,06,2002,00,58.51
03.06.2002-03:00:00,03,06,2002,03,58.43
03.06.2002-06:00:00,03,06,2002,06,58.349
03.06.2002-09:00:00,03,06,2002,09,58.253
03.06.2002-12:00:00,03,06,2002,12,58.153
03.06.2002-15:00:00,03,06,2002,15,58.072
03.06.2002-18:00:00,03,06,2002,18,57.992
03.06.2002-21:00:00,03,06,2002,21,57.913
03.07.2002-00:00:00,03,07,2002,00,57.833
03.07.2002-03:00:00,03,07,2002,03,57.754
03.07.2002-06:00:00,03,07,2002,06,57.674
03.07.2002-09:00:00,03,07,2002,09,57.595
03.07.2002-12:00:00,03,07,2002,12,57.516
03.07.2002-15:00:00,03,07,2002,15,57.437
03.07.2002-18:00:00,03,07,2002,18,57.358
03.07.2002-21:00:00,03,07,2002,21,57.279
03.08.2002-00:00:00,03,08,2002,00,57.201
03.08.2002-03:00:00,03,08,2002,03,57.122
03.08.2002-06:00:00,03,08,2002,06,57.043
03.08.2002-09:00:00,03,08,2002,09,56.965
03.08.2002-12:00:00,03,08,2002,12,56.886
03.08.2002-15:00:00,03,08,2002,15,56.808
03.08.2002-18:00:00,03,08,2002,18,56.73
03.08.2002-21:00:00,03,08,2002,21,56.652
03.09.2002-00:00:00,03,09,2002,00,56.574
03.09.2002-03:00:00,03,09,2002,03,56.496
03.09.2002-06:00:00,03,09,2002,06,56.418
03.09.2002-09:00:00,03,09,2002,09,56.34
03.09.2002-12:00:00,03,09,2002,12,56.263
03.09.2002-15:00:00,03,09,2002,15,56.185
03.09.2002-18:00:00,03,09,2002,18,56.108
03.09.2002-21:00:00,03,09,2002,21,56.03
03.10.2002-00:00:00,03,10,2002,00,55.953
03.10.2002-03:00:00,03,10,2002,03,55.876
03.10.2002-06:00:00,03,10,2002,06,55.799
03.10.2002-09:00:00,03,10,2002,09,55.722
03.10.2002-12:00:00,03,10,2002,12,55.645
03.10.2002-15:00:00,03,10,2002,15,55.568
03.10.2002-18:00:00,03,10,2002,18,55.491
03.10.2002-21:00:00,03,10,2002,21,55.415
03.11.2002-00:00:00,03,11,2002,00,55.338
03.11.2002-03:00:00,03,11,2002,03,55.262
03.11.2002-06:00:00,03,11,2002,06,55.185
03.11.2002-09:00:00,03,11,2002,09,55.109
03.11.2002-12:00:00,03,11,2002,12,55.034
03.11.2002-15:00:00,03,11,2002,15,54.958
03.11.2002-18:00:00,03,11,2002,18,54.883
03.11.2002-21:00:00,03,11,2002,21,54.808
03.12.2002-00:00:00,03,12,2002,00,54.733
03.12.2002-03:00:00,03,12,2002,03,54.658
03.12.2002-06:00:00,03,12,2002,06,54.583
03.12.2002-09:00:00,03,12,2002,09,54.508
03.12.2002-12:00:00,03,12,2002,12,54.434
03.12.2002-15:00:00,03,12,2002,15,54.359
03.12.2002-18:00:00,03,12,2002,18,54.284
03.12.2002-21:00:00,03,12,2002,21,54.21
03.13.2002-00:00:00,03,13,2002,00,54.136
03.13.2002-03:00:00,03,13,2002,03,54.061
03.13.2002-06:00:00,03,13,2002,06,53.987
03.13.2002-09:00:00,03,13,2002,09,53.91
03.13.2002-12:00:00,03,13,2002,12,53.827
03.13.2002-15:00:00,03,13,2002,15,53.752
03.13.2002-18:00:00,03,13,2002,18,53.679
03.13.2002-21:00:00,03,13,2002,21,53.605
03.14.2002-00:00:00,03,14,2002,00,53.531
03.14.2002-03:00:00,03,14,2002,03,53.458
03.14.2002-06:00:00,03,14,2002,06,53.385
03.14.2002-09:00:00,03,14,2002,09,53.298
03.14.2002-12:00:00,03,14,2002,12,53.209
03.14.2002-15:00:00,03,14,2002,15,53.135
03.14.2002-18:00:00,03,14,2002,18,53.062
03.14.2002-21:00:00,03,14,2002,21,52.989
03.15.2002-00:00:00,03,15,2002,00,52.917
03.15.2002-03:00:00,03,15,2002,03,52.844
03.15.2002-06:00:00,03,15,2002,06,52.772
03.15.2002-09:00:00,03,15,2002,09,52.691
03.15.2002-12:00:00,03,15,2002,12,52.603
03.15.2002-15:00:00,03,15,2002,15,52.53
03.15.2002-18:00:00,03,15,2002,18,52.458
03.15.2002-21:00:00,03,15,2002,21,52.386
03.16.2002-00:00:00,03,16,2002,00,52.314
03.16.2002-03:00:00,03,16,2002,03,52.243
03.16.2002-06:00:00,03,16,2002,06,52.172
03.16.2002-09:00:00,03,16,2002,09,52.096
03.16.2002-12:00:00,03,16,2002,12,52.013
03.16.2002-15:00:00,03,16,2002,15,51.941
03.16.2002-18:00:00,03,16,2002,18,51.87
03.16.2002-21:00:00,03,16,2002,21,51.8
03.17.2002-00:00:00,03,17,2002,00,51.729
03.17.2002-03:00:00,03,17,2002,03,51.658
03.17.2002-06:00:00,03,17,2002,06,51.587
03.17.2002-09:00:00,03,17,2002,09,51.517
03.17.2002-12:00:00,03,17,2002,12,51.446
03.17.2002-15:00:00,03,17,2002,15,51.376
03.17.2002-18:00:00,03,17,2002,18,51.306
03.17.2002-21:00:00,03,17,2002,21,51.236
03.18.2002-00:00:00,03,18,2002,00,51.165
03.18.2002-03:00:00,03,18,2002,03,51.095
03.18.2002-06:00:00,03,18,2002,06,51.026
03.18.2002-09:00:00,03,18,2002,09,50.956
03.18.2002-12:00:00,03,18,2002,12,50.886
03.18.2002-15:00:00,03,18,2002,15,50.816
03.18.2002-18:00:00,03,18,2002,18,50.747
03.18.2002-21:00:00,03,18,2002,21,50.678
03.19.2002-00:00:00,03,19,2002,00,50.608
03.19.2002-03:00:00,03,19,2002,03,50.539
03.19.2002-06:00:00,03,19,2002,06,50.47
03.19.2002-09:00:00,03,19,2002,09,50.401
03.19.2002-12:00:00,03,19,2002,12,50.332
03.19.2002-15:00:00,03,19,2002,15,50.263
03.19.2002-18:00:00,03,19,2002,18,50.194
03.19.2002-21:00:00,03,19,2002,21,50.125
03.20.2002-00:00:00,03,20,2002,00,50.056
03.20.2002-03:00:00,03,20,2002,03,49.988
03.20.2002-06:00:00,03,20,2002,06,49.919
03.20.2002-09:00:00,03,20,2002,09,49.851
03.20.2002-12:00:00,03,20,2002,12,49.783
03.20.2002-15:00:00,03,20,2002,15,49.714
03.20.2002-18:00:00,03,20,2002,18,49.646
03.20.2002-21:00:00,03,20,2002,21,49.578
03.21.2002-00:00:00,03,21,2002,00,49.51
03.21.2002-03:00:00,03,21,2002,03,49.443
03.21.2002-06:00:00,03,21,2002,06,49.375
03.21.2002-09:00:00,03,21,2002,09,49.307
03.21.2002-12:00:00,03,21,2002,12,49.24
03.21.2002-15:00:00,03,21,2002,15,49.172
03.21.2002-18:00:00,03,21,2002,18,49.105
03.21.2002-21:00:00,03,21,2002,21,49.037
03.22.2002-00:00:00,03,22,2002,00,48.97
03.22.2002-03:00:00,03,22,2002,03,48.903
03.22.2002-06:00:00,03,22,2002,06,48.836
03.22.2002-09:00:00,03,22,2002,09,48.769
03.22.2002-12:00:00,03,22,2002,12,48.702
03.22.2002-15:00:00,03,22,2002,15,48.636
03.22.2002-18:00:00,03,22,2002,18,48.569
03.22.2002-21:00:00,03,22,2002,21,48.502
03.23.2002-00:00:00,03,23,2002,00,48.436
03.23.2002-03:00:00,03,23,2002,03,48.37
03.23.2002-06:00:00,03,23,2002,06,48.303
03.23.2002-09:00:00,03,23,2002,09,48.226
03.23.2002-12:00:00,03,23,2002,12,48.145
03.23.2002-15:00:00,03,23,2002,15,48.079
03.23.2002-18:00:00,03,23,2002,18,48.013
03.23.2002-21:00:00,03,23,2002,21,47.947
03.24.2002-00:00:00,03,24,2002,00,47.882
03.24.2002-03:00:00,03,24,2002,03,47.816
03.24.2002-06:00:00,03,24,2002,06,47.751
03.24.2002-09:00:00,03,24,2002,09,47.662
03.24.2002-12:00:00,03,24,2002,12,47.573
03.24.2002-15:00:00,03,24,2002,15,47.503
03.24.2002-18:00:00,03,24,2002,18,47.438
03.24.2002-21:00:00,03,24,2002,21,47.374
03.25.2002-00:00:00,03,25,2002,00,47.309
03.25.2002-03:00:00,03,25,2002,03,47.245
03.25.2002-06:00:00,03,25,2002,06,47.18
03.25.2002-09:00:00,03,25,2002,09,47.1
03.25.2002-12:00:00,03,25,2002,12,47.021
03.25.2002-15:00:00,03,25,2002,15,46.954
03.25.2002-18:00:00,03,25,2002,18,46.89
03.25.2002-21:00:00,03,25,2002,21,46.827
03.26.2002-00:00:00,03,26,2002,00,46.763
03.26.2002-03:00:00,03,26,2002,03,46.7
03.26.2002-06:00:00,03,26,2002,06,46.636
03.26.2002-09:00:00,03,26,2002,09,46.559
03.26.2002-12:00:00,03,26,2002,12,46.484
03.26.2002-15:00:00,03,26,2002,15,46.419
03.26.2002-18:00:00,03,26,2002,18,46.356
03.26.2002-21:00:00,03,26,2002,21,46.293
03.27.2002-00:00:00,03,27,2002,00,46.23
03.27.2002-03:00:00,03,27,2002,03,46.168
03.27.2002-06:00:00,03,27,2002,06,46.105
03.27.2002-09:00:00,03,27,2002,09,46.033
03.27.2002-12:00:00,03,27,2002,12,45.962
03.27.2002-15:00:00,03,27,2002,15,45.899
03.27.2002-18:00:00,03,27,2002,18,45.837
03.27.2002-21:00:00,03,27,2002,21,45.775
03.28.2002-00:00:00,03,28,2002,00,45.713
03.28.2002-03:00:00,03,28,2002,03,45.651
03.28.2002-06:00:00,03,28,2002,06,45.589
03.28.2002-09:00:00,03,28,2002,09,45.522
03.28.2002-12:00:00,03,28,2002,12,45.454
03.28.2002-15:00:00,03,28,2002,15,45.392
03.28.2002-18:00:00,03,28,2002,18,45.331
03.28.2002-21:00:00,03,28,2002,21,45.269
03.29.2002-00:00:00,03,29,2002,00,45.208
03.29.2002-03:00:00,03,29,2002,03,45.147
03.29.2002-06:00:00,03,29,2002,06,45.086
03.29.2002-09:00:00,03,29,2002,09,45.016
03.29.2002-12:00:00,03,29,2002,12,44.946
03.29.2002-15:00:00,03,29,2002,15,44.884
03.29.2002-18:00:00,03,29,2002,18,44.823
03.29.2002-21:00:00,03,29,2002,21,44.763
03.30.2002-00:00:00,03,30,2002,00,44.703
03.30.2002-03:00:00,03,30,2002,03,44.642
03.30.2002-06:00:00,03,30,2002,06,44.582
03.30.2002-09:00:00,03,30,2002,09,44.517
03.30.2002-12:00:00,03,30,2002,12,44.451
03.30.2002-15:00:00,03,30,2002,15,44.39
03.30.2002-18:00:00,03,30,2002,18,44.33
03.30.2002-21:00:00,03,30,2002,21,44.271
03.31.2002-00:00:00,03,31,2002,00,44.211
03.31.2002-03:00:00,03,31,2002,03,44.151
03.31.2002-06:00:00,03,31,2002,06,44.092
03.31.2002-09:00:00,03,31,2002,09,44.026
03.31.2002-12:00:00,03,31,2002,12,43.963
03.31.2002-15:00:00,03,31,2002,15,43.904
03.31.2002-18:00:00,03,31,2002,18,43.845
03.31.2002-21:00:00,03,31,2002,21,43.786
04.01.2002-00:00:00,04,01,2002,00,43.727
04.01.2002-03:00:00,04,01,2002,03,43.668
04.01.2002-06:00:00,04,01,2002,06,43.61
04.01.2002-09:00:00,04,01,2002,09,43.551
04.01.2002-12:00:00,04,01,2002,12,43.492
04.01.2002-15:00:00,04,01,2002,15,43.434
04.01.2002-18:00:00,04,01,2002,18,43.376
04.01.2002-21:00:00,04,01,2002,21,43.317
04.02.2002-00:00:00,04,02,2002,00,43.259
04.02.2002-03:00:00,04,02,2002,03,43.201
04.02.2002-06:00:00,04,02,2002,06,43.143
04.02.2002-09:00:00,04,02,2002,09,43.085
04.02.2002-12:00:00,04,02,2002,12,43.027
04.02.2002-15:00:00,04,02,2002,15,42.969
04.02.2002-18:00:00,04,02,2002,18,42.911
04.02.2002-21:00:00,04,02,2002,21,42.854
04.03.2002-00:00:00,04,03,2002,00,42.796
04.03.2002-03:00:00,04,03,2002,03,42.738
04.03.2002-06:00:00,04,03,2002,06,42.681
04.03.2002-09:00:00,04,03,2002,09,42.624
04.03.2002-12:00:00,04,03,2002,12,42.566
04.03.2002-15:00:00,04,03,2002,15,42.509
04.03.2002-18:00:00,04,03,2002,18,42.452
04.03.2002-21:00:00,04,03,2002,21,42.395
04.04.2002-00:00:00,04,04,2002,00,42.338
04.04.2002-03:00:00,04,04,2002,03,42.281
04.04.2002-06:00:00,04,04,2002,06,42.225
04.04.2002-09:00:00,04,04,2002,09,42.168
04.04.2002-12:00:00,04,04,2002,12,42.111
04.04.2002-15:00:00,04,04,2002,15,42.055
04.04.2002-18:00:00,04,04,2002,18,41.998
04.04.2002-21:00:00,04,04,2002,21,41.942
04.05.2002-00:00:00,04,05,2002,00,41.886
04.05.2002-03:00:00,04,05,2002,03,41.829
04.05.2002-06:00:00,04,05,2002,06,41.773
04.05.2002-09:00:00,04,05,2002,09,41.717
04.05.2002-12:00:00,04,05,2002,12,41.661
04.05.2002-15:00:00,04,05,2002,15,41.605
04.05.2002-18:00:00,04,05,2002,18,41.55
04.05.2002-21:00:00,04,05,2002,21,41.494
04.06.2002-00:00:00,04,06,2002,00,41.438
04.06.2002-03:00:00,04,06,2002,03,41.383
04.06.2002-06:00:00,04,06,2002,06,41.327
04.06.2002-09:00:00,04,06,2002,09,41.272
04.06.2002-12:00:00,04,06,2002,12,41.216
04.06.2002-15:00:00,04,06,2002,15,41.161
04.06.2002-18:00:00,04,06,2002,18,41.106
04.06.2002-21:00:00,04,06,2002,21,41.051
04.07.2002-00:00:00,04,07,2002,00,40.996
04.07.2002-03:00:00,04,07,2002,03,40.941
04.07.2002-06:00:00,04,07,2002,06,40.886
04.07.2002-09:00:00,04,07,2002,09,40.831
04.07.2002-12:00:00,04,07,2002,12,40.776
04.07.2002-15:00:00,04,07,2002,15,40.722
04.07.2002-18:00:00,04,07,2002,18,40.667
04.07.2002-21:00:00,04,07,2002,21,40.612
04.08.2002-00:00:00,04,08,2002,00,40.558
04.08.2002-03:00:00,04,08,2002,03,40.504
04.08.2002-06:00:00,04,08,2002,06,40.449
04.08.2002-09:00:00,04,08,2002,09,40.395
04.08.2002-12:00:00,04,08,2002,12,40.341
04.08.2002-15:00:00,04,08,2002,15,40.287
04.08.2002-18:00:00,04,08,2002,18,40.233
04.08.2002-21:00:00,04,08,2002,21,40.179
04.09.2002-00:00:00,04,09,2002,00,40.125
04.09.2002-03:00:00,04,09,2002,03,40.072
04.09.2002-06:00:00,04,09,2002,06,40.018
04.09.2002-09:00:00,04,09,2002,09,39.964
04.09.2002-12:00:00,04,09,2002,12,39.911
04.09.2002-15:00:00,04,09,2002,15,39.858
04.09.2002-18:00:00,04,09,2002,18,39.806
04.09.2002-21:00:00,04,09,2002,21,39.753
04.10.2002-00:00:00,04,10,2002,00,39.701
04.10.2002-03:00:00,04,10,2002,03,39.649
04.10.2002-06:00:00,04,10,2002,06,39.596
04.10.2002-09:00:00,04,10,2002,09,39.544
04.10.2002-12:00:00,04,10,2002,12,39.492
04.10.2002-15:00:00,04,10,2002,15,39.44
04.10.2002-18:00:00,04,10,2002,18,39.388
04.10.2002-21:00:00,04,10,2002,21,39.336
04.11.2002-00:00:00,04,11,2002,00,39.285
04.11.2002-03:00:00,04,11,2002,03,39.233
04.11.2002-06:00:00,04,11,2002,06,39.181
04.11.2002-09:00:00,04,11,2002,09,39.13
04.11.2002-12:00:00,04,11,2002,12,39.078
04.11.2002-15:00:00,04,11,2002,15,39.027
04.11.2002-18:00:00,04,11,2002,18,38.976
04.11.2002-21:00:00,04,11,2002,21,38.924
04.12.2002-00:00:00,04,12,2002,00,38.873
04.12.2002-03:00:00,04,12,2002,03,38.822
04.12.2002-06:00:00,04,12,2002,06,38.771
04.12.2002-09:00:00,04,12,2002,09,38.72
04.12.2002-12:00:00,04,12,2002,12,38.669
04.12.2002-15:00:00,04,12,2002,15,38.619
04.12.2002-18:00:00,04,12,2002,18,38.568
04.12.2002-21:00:00,04,12,2002,21,38.517
04.13.2002-00:00:00,04,13,2002,00,38.466
04.13.2002-03:00:00,04,13,2002,03,38.416
04.13.2002-06:00:00,04,13,2002,06,38.366
04.13.2002-09:00:00,04,13,2002,09,38.315
04.13.2002-12:00:00,04,13,2002,12,38.265
04.13.2002-15:00:00,04,13,2002,15,38.215
04.13.2002-18:00:00,04,13,2002,18,38.165
04.13.2002-21:00:00,04,13,2002,21,38.114
04.14.2002-00:00:00,04,14,2002,00,38.065
04.14.2002-03:00:00,04,14,2002,03,38.015
04.14.2002-06:00:00,04,14,2002,06,37.965
04.14.2002-09:00:00,04,14,2002,09,37.915
04.14.2002-12:00:00,04,14,2002,12,37.865
04.14.2002-15:00:00,04,14,2002,15,37.816
04.14.2002-18:00:00,04,14,2002,18,37.766
04.14.2002-21:00:00,04,14,2002,21,37.717
04.15.2002-00:00:00,04,15,2002,00,37.667
04.15.2002-03:00:00,04,15,2002,03,37.618
04.15.2002-06:00:00,04,15,2002,06,37.569
04.15.2002-09:00:00,04,15,2002,09,37.519
04.15.2002-12:00:00,04,15,2002,12,37.47
04.15.2002-15:00:00,04,15,2002,15,37.421
04.15.2002-18:00:00,04,15,2002,18,37.372
04.15.2002-21:00:00,04,15,2002,21,37.323
04.16.2002-00:00:00,04,16,2002,00,37.275
04.16.2002-03:00:00,04,16,2002,03,37.226
04.16.2002-06:00:00,04,16,2002,06,37.177
04.16.2002-09:00:00,04,16,2002,09,37.128
04.16.2002-12:00:00,04,16,2002,12,37.08
04.16.2002-15:00:00,04,16,2002,15,37.031
04.16.2002-18:00:00,04,16,2002,18,36.983
04.16.2002-21:00:00,04,16,2002,21,36.935
04.17.2002-00:00:00,04,17,2002,00,36.886
04.17.2002-03:00:00,04,17,2002,03,36.838
04.17.2002-06:00:00,04,17,2002,06,36.79
04.17.2002-09:00:00,04,17,2002,09,36.742
04.17.2002-12:00:00,04,17,2002,12,36.694
04.17.2002-15:00:00,04,17,2002,15,36.646
04.17.2002-18:00:00,04,17,2002,18,36.598
04.17.2002-21:00:00,04,17,2002,21,36.551
04.18.2002-00:00:00,04,18,2002,00,36.503
04.18.2002-03:00:00,04,18,2002,03,36.455
04.18.2002-06:00:00,04,18,2002,06,36.408
04.18.2002-09:00:00,04,18,2002,09,36.36
04.18.2002-12:00:00,04,18,2002,12,36.313
04.18.2002-15:00:00,04,18,2002,15,36.265
04.18.2002-18:00:00,04,18,2002,18,36.218
04.18.2002-21:00:00,04,18,2002,21,36.171
04.19.2002-00:00:00,04,19,2002,00,36.124
04.19.2002-03:00:00,04,19,2002,03,36.077
04.19.2002-06:00:00,04,19,2002,06,36.03
04.19.2002-09:00:00,04,19,2002,09,35.983
04.19.2002-12:00:00,04,19,2002,12,35.936
04.19.2002-15:00:00,04,19,2002,15,35.889
04.19.2002-18:00:00,04,19,2002,18,35.842
04.19.2002-21:00:00,04,19,2002,21,35.795
04.20.2002-00:00:00,04,20,2002,00,35.749
04.20.2002-03:00:00,04,20,2002,03,35.702
04.20.2002-06:00:00,04,20,2002,06,35.656
04.20.2002-09:00:00,04,20,2002,09,35.609
04.20.2002-12:00:00,04,20,2002,12,35.563
04.20.2002-15:00:00,04,20,2002,15,35.517
04.20.2002-18:00:00,04,20,2002,18,35.471
04.20.2002-21:00:00,04,20,2002,21,35.425
04.21.2002-00:00:00,04,21,2002,00,35.379
04.21.2002-03:00:00,04,21,2002,03,35.333
04.21.2002-06:00:00,04,21,2002,06,35.287
04.21.2002-09:00:00,04,21,2002,09,35.241
04.21.2002-12:00:00,04,21,2002,12,35.197
04.21.2002-15:00:00,04,21,2002,15,35.153
04.21.2002-18:00:00,04,21,2002,18,35.109
04.21.2002-21:00:00,04,21,2002,21,35.065
04.22.2002-00:00:00,04,22,2002,00,35.021
04.22.2002-03:00:00,04,22,2002,03,34.977
04.22.2002-06:00:00,04,22,2002,06,34.934
04.22.2002-09:00:00,04,22,2002,09,34.891
04.22.2002-12:00:00,04,22,2002,12,34.849
04.22.2002-15:00:00,04,22,2002,15,34.806
04.22.2002-18:00:00,04,22,2002,18,34.764
04.22.2002-21:00:00,04,22,2002,21,34.722
04.23.2002-00:00:00,04,23,2002,00,34.68
04.23.2002-03:00:00,04,23,2002,03,34.637
04.23.2002-06:00:00,04,23,2002,06,34.595
04.23.2002-09:00:00,04,23,2002,09,34.553
04.23.2002-12:00:00,04,23,2002,12,34.511
04.23.2002-15:00:00,04,23,2002,15,34.469
04.23.2002-18:00:00,04,23,2002,18,34.428
04.23.2002-21:00:00,04,23,2002,21,34.386
04.24.2002-00:00:00,04,24,2002,00,34.344
04.24.2002-03:00:00,04,24,2002,03,34.302
04.24.2002-06:00:00,04,24,2002,06,34.261
04.24.2002-09:00:00,04,24,2002,09,34.219
04.24.2002-12:00:00,04,24,2002,12,34.177
04.24.2002-15:00:00,04,24,2002,15,34.136
04.24.2002-18:00:00,04,24,2002,18,34.094
04.24.2002-21:00:00,04,24,2002,21,34.053
04.25.2002-00:00:00,04,25,2002,00,34.012
04.25.2002-03:00:00,04,25,2002,03,33.971
04.25.2002-06:00:00,04,25,2002,06,33.929
04.25.2002-09:00:00,04,25,2002,09,33.888
04.25.2002-12:00:00,04,25,2002,12,33.847
04.25.2002-15:00:00,04,25,2002,15,33.806
04.25.2002-18:00:00,04,25,2002,18,33.765
04.25.2002-21:00:00,04,25,2002,21,33.724
04.26.2002-00:00:00,04,26,2002,00,33.683
04.26.2002-03:00:00,04,26,2002,03,33.642
04.26.2002-06:00:00,04,26,2002,06,33.602
04.26.2002-09:00:00,04,26,2002,09,33.561
04.26.2002-12:00:00,04,26,2002,12,33.52
04.26.2002-15:00:00,04,26,2002,15,33.48
04.26.2002-18:00:00,04,26,2002,18,33.439
04.26.2002-21:00:00,04,26,2002,21,33.399
04.27.2002-00:00:00,04,27,2002,00,33.358
04.27.2002-03:00:00,04,27,2002,03,33.318
04.27.2002-06:00:00,04,27,2002,06,33.278
04.27.2002-09:00:00,04,27,2002,09,33.237
04.27.2002-12:00:00,04,27,2002,12,33.197
04.27.2002-15:00:00,04,27,2002,15,33.157
04.27.2002-18:00:00,04,27,2002,18,33.117
04.27.2002-21:00:00,04,27,2002,21,33.077
04.28.2002-00:00:00,04,28,2002,00,33.037
04.28.2002-03:00:00,04,28,2002,03,32.997
04.28.2002-06:00:00,04,28,2002,06,32.957
04.28.2002-09:00:00,04,28,2002,09,32.917
04.28.2002-12:00:00,04,28,2002,12,32.877
04.28.2002-15:00:00,04,28,2002,15,32.838
04.28.2002-18:00:00,04,28,2002,18,32.798
04.28.2002-21:00:00,04,28,2002,21,32.758
04.29.2002-00:00:00,04,29,2002,00,32.719
04.29.2002-03:00:00,04,29,2002,03,32.679
04.29.2002-06:00:00,04,29,2002,06,32.64
04.29.2002-09:00:00,04,29,2002,09,32.601
04.29.2002-12:00:00,04,29,2002,12,32.561
04.29.2002-15:00:00,04,29,2002,15,32.522
04.29.2002-18:00:00,04,29,2002,18,32.483
04.29.2002-21:00:00,04,29,2002,21,32.444
04.30.2002-00:00:00,04,30,2002,00,32.405
04.30.2002-03:00:00,04,30,2002,03,32.366
04.30.2002-06:00:00,04,30,2002,06,32.327
04.30.2002-09:00:00,04,30,2002,09,32.288
04.30.2002-12:00:00,04,30,2002,12,32.249
04.30.2002-15:00:00,04,30,2002,15,32.21
04.30.2002-18:00:00,04,30,2002,18,32.171
04.30.2002-21:00:00,04,30,2002,21,32.133
05.01.2002-00:00:00,05,01,2002,00,32.095
05.01.2002-03:00:00,05,01,2002,03,32.057
05.01.2002-06:00:00,05,01,2002,06,32.019
05.01.2002-09:00:00,05,01,2002,09,31.981
05.01.2002-12:00:00,05,01,2002,12,31.944
05.01.2002-15:00:00,05,01,2002,15,31.906
05.01.2002-18:00:00,05,01,2002,18,31.869
05.01.2002-21:00:00,05,01,2002,21,31.832
05.02.2002-00:00:00,05,02,2002,00,31.795
05.02.2002-03:00:00,05,02,2002,03,31.758
05.02.2002-06:00:00,05,02,2002,06,31.721
05.02.2002-09:00:00,05,02,2002,09,31.685
05.02.2002-12:00:00,05,02,2002,12,31.687
05.02.2002-15:00:00,05,02,2002,15,31.723
05.02.2002-18:00:00,05,02,2002,18,31.743
05.02.2002-21:00:00,05,02,2002,21,31.745
05.03.2002-00:00:00,05,03,2002,00,31.736
05.03.2002-03:00:00,05,03,2002,03,31.721
05.03.2002-06:00:00,05,03,2002,06,31.702
05.03.2002-09:00:00,05,03,2002,09,31.682
05.03.2002-12:00:00,05,03,2002,12,31.76
05.03.2002-15:00:00,05,03,2002,15,32.014
05.03.2002-18:00:00,05,03,2002,18,32.208
05.03.2002-21:00:00,05,03,2002,21,32.305
05.04.2002-00:00:00,05,04,2002,00,32.346
05.04.2002-03:00:00,05,04,2002,03,32.366
05.04.2002-06:00:00,05,04,2002,06,32.381
05.04.2002-09:00:00,05,04,2002,09,32.394
05.04.2002-12:00:00,05,04,2002,12,32.407
05.04.2002-15:00:00,05,04,2002,15,32.436
05.04.2002-18:00:00,05,04,2002,18,32.477
05.04.2002-21:00:00,05,04,2002,21,32.52
05.05.2002-00:00:00,05,05,2002,00,32.564
05.05.2002-03:00:00,05,05,2002,03,32.608
05.05.2002-06:00:00,05,05,2002,06,32.647
05.05.2002-09:00:00,05,05,2002,09,32.667
05.05.2002-12:00:00,05,05,2002,12,32.694
05.05.2002-15:00:00,05,05,2002,15,32.766
05.05.2002-18:00:00,05,05,2002,18,32.852
05.05.2002-21:00:00,05,05,2002,21,32.934
05.06.2002-00:00:00,05,06,2002,00,33.008
05.06.2002-03:00:00,05,06,2002,03,33.073
05.06.2002-06:00:00,05,06,2002,06,33.12
05.06.2002-09:00:00,05,06,2002,09,33.155
05.06.2002-12:00:00,05,06,2002,12,33.19
05.06.2002-15:00:00,05,06,2002,15,33.227
05.06.2002-18:00:00,05,06,2002,18,33.266
05.06.2002-21:00:00,05,06,2002,21,33.306
05.07.2002-00:00:00,05,07,2002,00,33.346
05.07.2002-03:00:00,05,07,2002,03,33.383
05.07.2002-06:00:00,05,07,2002,06,33.419
05.07.2002-09:00:00,05,07,2002,09,33.455
05.07.2002-12:00:00,05,07,2002,12,33.492
05.07.2002-15:00:00,05,07,2002,15,33.528
05.07.2002-18:00:00,05,07,2002,18,33.564
05.07.2002-21:00:00,05,07,2002,21,33.601
05.08.2002-00:00:00,05,08,2002,00,33.637
05.08.2002-03:00:00,05,08,2002,03,33.674
05.08.2002-06:00:00,05,08,2002,06,33.71
05.08.2002-09:00:00,05,08,2002,09,33.747
05.08.2002-12:00:00,05,08,2002,12,33.784
05.08.2002-15:00:00,05,08,2002,15,33.82
05.08.2002-18:00:00,05,08,2002,18,33.858
05.08.2002-21:00:00,05,08,2002,21,33.896
05.09.2002-00:00:00,05,09,2002,00,33.934
05.09.2002-03:00:00,05,09,2002,03,33.973
05.09.2002-06:00:00,05,09,2002,06,34.012
05.09.2002-09:00:00,05,09,2002,09,34.051
05.09.2002-12:00:00,05,09,2002,12,34.09
05.09.2002-15:00:00,05,09,2002,15,34.13
05.09.2002-18:00:00,05,09,2002,18,34.169
05.09.2002-21:00:00,05,09,2002,21,34.209
05.10.2002-00:00:00,05,10,2002,00,34.25
05.10.2002-03:00:00,05,10,2002,03,34.29
05.10.2002-06:00:00,05,10,2002,06,34.331
05.10.2002-09:00:00,05,10,2002,09,34.372
05.10.2002-12:00:00,05,10,2002,12,34.412
05.10.2002-15:00:00,05,10,2002,15,34.456
05.10.2002-18:00:00,05,10,2002,18,34.501
05.10.2002-21:00:00,05,10,2002,21,34.548
05.11.2002-00:00:00,05,11,2002,00,34.595
05.11.2002-03:00:00,05,11,2002,03,34.638
05.11.2002-06:00:00,05,11,2002,06,34.682
05.11.2002-09:00:00,05,11,2002,09,34.726
05.11.2002-12:00:00,05,11,2002,12,34.826
05.11.2002-15:00:00,05,11,2002,15,35.211
05.11.2002-18:00:00,05,11,2002,18,35.564
05.11.2002-21:00:00,05,11,2002,21,35.779
05.12.2002-00:00:00,05,12,2002,00,35.906
05.12.2002-03:00:00,05,12,2002,03,36.009
05.12.2002-06:00:00,05,12,2002,06,36.103
05.12.2002-09:00:00,05,12,2002,09,36.194
05.12.2002-12:00:00,05,12,2002,12,36.964
05.12.2002-15:00:00,05,12,2002,15,38.451
05.12.2002-18:00:00,05,12,2002,18,39.097
05.12.2002-21:00:00,05,12,2002,21,39.38
05.13.2002-00:00:00,05,13,2002,00,39.577
05.13.2002-03:00:00,05,13,2002,03,39.738
05.13.2002-06:00:00,05,13,2002,06,39.889
05.13.2002-09:00:00,05,13,2002,09,40.503
05.13.2002-12:00:00,05,13,2002,12,43.752
05.13.2002-15:00:00,05,13,2002,15,45.817
05.13.2002-18:00:00,05,13,2002,18,46.611
05.13.2002-21:00:00,05,13,2002,21,47.027
05.14.2002-00:00:00,05,14,2002,00,47.354
05.14.2002-03:00:00,05,14,2002,03,47.643
05.14.2002-06:00:00,05,14,2002,06,47.924
05.14.2002-09:00:00,05,14,2002,09,49.536
05.14.2002-12:00:00,05,14,2002,12,54.139
05.14.2002-15:00:00,05,14,2002,15,57.285
05.14.2002-18:00:00,05,14,2002,18,58.462
05.14.2002-21:00:00,05,14,2002,21,59.079
05.15.2002-00:00:00,05,15,2002,00,59.578
05.15.2002-03:00:00,05,15,2002,03,60.032
05.15.2002-06:00:00,05,15,2002,06,60.468
05.15.2002-09:00:00,05,15,2002,09,61.11
05.15.2002-12:00:00,05,15,2002,12,69.274
05.15.2002-15:00:00,05,15,2002,15,112.6
05.15.2002-18:00:00,05,15,2002,18,86.911
05.15.2002-21:00:00,05,15,2002,21,77.508
05.16.2002-00:00:00,05,16,2002,00,76.643
05.16.2002-03:00:00,05,16,2002,03,77.068
05.16.2002-06:00:00,05,16,2002,06,77.708
05.16.2002-09:00:00,05,16,2002,09,78.388
05.16.2002-12:00:00,05,16,2002,12,171.52
05.16.2002-15:00:00,05,16,2002,15,155.73
05.16.2002-18:00:00,05,16,2002,18,102.54
05.16.2002-21:00:00,05,16,2002,21,89.781
05.17.2002-00:00:00,05,17,2002,00,88.864
05.17.2002-03:00:00,05,17,2002,03,89.503
05.17.2002-06:00:00,05,17,2002,06,90.32
05.17.2002-09:00:00,05,17,2002,09,112.62
05.17.2002-12:00:00,05,17,2002,12,218.7
05.17.2002-15:00:00,05,17,2002,15,182.83
05.17.2002-18:00:00,05,17,2002,18,126.24
05.17.2002-21:00:00,05,17,2002,21,110.19
05.18.2002-00:00:00,05,18,2002,00,110.35
05.18.2002-03:00:00,05,18,2002,03,121.58
05.18.2002-06:00:00,05,18,2002,06,123.53
05.18.2002-09:00:00,05,18,2002,09,187.58
05.18.2002-12:00:00,05,18,2002,12,281.68
05.18.2002-15:00:00,05,18,2002,15,245.37
05.18.2002-18:00:00,05,18,2002,18,167.65
05.18.2002-21:00:00,05,18,2002,21,148.38
05.19.2002-00:00:00,05,19,2002,00,148.5
05.19.2002-03:00:00,05,19,2002,03,149.88
05.19.2002-06:00:00,05,19,2002,06,155.14
05.19.2002-09:00:00,05,19,2002,09,230.62
05.19.2002-12:00:00,05,19,2002,12,280.15
05.19.2002-15:00:00,05,19,2002,15,250.48
05.19.2002-18:00:00,05,19,2002,18,194.74
05.19.2002-21:00:00,05,19,2002,21,181.16
05.20.2002-00:00:00,05,20,2002,00,182.01
05.20.2002-03:00:00,05,20,2002,03,184.15
05.20.2002-06:00:00,05,20,2002,06,225.69
05.20.2002-09:00:00,05,20,2002,09,503.7
05.20.2002-12:00:00,05,20,2002,12,768.03
05.20.2002-15:00:00,05,20,2002,15,640.72
05.20.2002-18:00:00,05,20,2002,18,366.21
05.20.2002-21:00:00,05,20,2002,21,315.42
05.21.2002-00:00:00,05,21,2002,00,314.27
05.21.2002-03:00:00,05,21,2002,03,316.11
05.21.2002-06:00:00,05,21,2002,06,322.3
05.21.2002-09:00:00,05,21,2002,09,613.25
05.21.2002-12:00:00,05,21,2002,12,777.55
05.21.2002-15:00:00,05,21,2002,15,632.72
05.21.2002-18:00:00,05,21,2002,18,425.51
05.21.2002-21:00:00,05,21,2002,21,399.46
05.22.2002-00:00:00,05,22,2002,00,399.13
05.22.2002-03:00:00,05,22,2002,03,400.85
05.22.2002-06:00:00,05,22,2002,06,401.64
05.22.2002-09:00:00,05,22,2002,09,667.33
05.22.2002-12:00:00,05,22,2002,12,950.37
05.22.2002-15:00:00,05,22,2002,15,848.68
05.22.2002-18:00:00,05,22,2002,18,595.25
05.22.2002-21:00:00,05,22,2002,21,556.42
05.23.2002-00:00:00,05,23,2002,00,546.64
05.23.2002-03:00:00,05,23,2002,03,547.78
05.23.2002-06:00:00,05,23,2002,06,563.52
05.23.2002-09:00:00,05,23,2002,09,787.71
05.23.2002-12:00:00,05,23,2002,12,1358.9
05.23.2002-15:00:00,05,23,2002,15,1199.7
05.23.2002-18:00:00,05,23,2002,18,883.24
05.23.2002-21:00:00,05,23,2002,21,781.01
05.24.2002-00:00:00,05,24,2002,00,751.75
05.24.2002-03:00:00,05,24,2002,03,751.71
05.24.2002-06:00:00,05,24,2002,06,740.93
05.24.2002-09:00:00,05,24,2002,09,943.2
05.24.2002-12:00:00,05,24,2002,12,1896.5
05.24.2002-15:00:00,05,24,2002,15,1829.2
05.24.2002-18:00:00,05,24,2002,18,1357.5
05.24.2002-21:00:00,05,24,2002,21,1226.2
05.25.2002-00:00:00,05,25,2002,00,1161.3
05.25.2002-03:00:00,05,25,2002,03,1108.6
05.25.2002-06:00:00,05,25,2002,06,1035.9
05.25.2002-09:00:00,05,25,2002,09,1195.6
05.25.2002-12:00:00,05,25,2002,12,2240.4
05.25.2002-15:00:00,05,25,2002,15,2284.4
05.25.2002-18:00:00,05,25,2002,18,1832.4
05.25.2002-21:00:00,05,25,2002,21,1591.3
05.26.2002-00:00:00,05,26,2002,00,1432.8
05.26.2002-03:00:00,05,26,2002,03,1335
05.26.2002-06:00:00,05,26,2002,06,1304.5
05.26.2002-09:00:00,05,26,2002,09,1854
05.26.2002-12:00:00,05,26,2002,12,2788.2
05.26.2002-15:00:00,05,26,2002,15,2808.4
05.26.2002-18:00:00,05,26,2002,18,2418.8
05.26.2002-21:00:00,05,26,2002,21,2261.9
05.27.2002-00:00:00,05,27,2002,00,2088
05.27.2002-03:00:00,05,27,2002,03,1998.7
05.27.2002-06:00:00,05,27,2002,06,1849.5
05.27.2002-09:00:00,05,27,2002,09,1965.3
05.27.2002-12:00:00,05,27,2002,12,2910.4
05.27.2002-15:00:00,05,27,2002,15,3031.5
05.27.2002-18:00:00,05,27,2002,18,2712
05.27.2002-21:00:00,05,27,2002,21,2620.2
05.28.2002-00:00:00,05,28,2002,00,2442.6
05.28.2002-03:00:00,05,28,2002,03,2272.1
05.28.2002-06:00:00,05,28,2002,06,2133.6
05.28.2002-09:00:00,05,28,2002,09,2853.7
05.28.2002-12:00:00,05,28,2002,12,3854.9
05.28.2002-15:00:00,05,28,2002,15,4030.8
05.28.2002-18:00:00,05,28,2002,18,3591.3
05.28.2002-21:00:00,05,28,2002,21,3431
05.29.2002-00:00:00,05,29,2002,00,2963.3
05.29.2002-03:00:00,05,29,2002,03,2822.2
05.29.2002-06:00:00,05,29,2002,06,2871.3
05.29.2002-09:00:00,05,29,2002,09,4044.9
05.29.2002-12:00:00,05,29,2002,12,5036.9
05.29.2002-15:00:00,05,29,2002,15,5174.2
05.29.2002-18:00:00,05,29,2002,18,4616.5
05.29.2002-21:00:00,05,29,2002,21,4242.4
05.30.2002-00:00:00,05,30,2002,00,3880.2
05.30.2002-03:00:00,05,30,2002,03,3578
05.30.2002-06:00:00,05,30,2002,06,3345.7
05.30.2002-09:00:00,05,30,2002,09,5378.3
05.30.2002-12:00:00,05,30,2002,12,6929
05.30.2002-15:00:00,05,30,2002,15,7046.4
05.30.2002-18:00:00,05,30,2002,18,6290.9
05.30.2002-21:00:00,05,30,2002,21,5864.1
05.31.2002-00:00:00,05,31,2002,00,5535.9
05.31.2002-03:00:00,05,31,2002,03,5045.5
05.31.2002-06:00:00,05,31,2002,06,4477
05.31.2002-09:00:00,05,31,2002,09,5881.6
05.31.2002-12:00:00,05,31,2002,12,7892.6
05.31.2002-15:00:00,05,31,2002,15,8145.5
05.31.2002-18:00:00,05,31,2002,18,7358.7
05.31.2002-21:00:00,05,31,2002,21,6972.1
06.01.2002-00:00:00,06,01,2002,00,6369.5
06.01.2002-03:00:00,06,01,2002,03,5966.8
06.01.2002-06:00:00,06,01,2002,06,5219.2
06.01.2002-09:00:00,06,01,2002,09,6579
06.01.2002-12:00:00,06,01,2002,12,8095.9
06.01.2002-15:00:00,06,01,2002,15,8421.4
06.01.2002-18:00:00,06,01,2002,18,7508.5
06.01.2002-21:00:00,06,01,2002,21,7199.9
06.02.2002-00:00:00,06,02,2002,00,6710.8
06.02.2002-03:00:00,06,02,2002,03,6380
06.02.2002-06:00:00,06,02,2002,06,5828.2
06.02.2002-09:00:00,06,02,2002,09,7942.2
06.02.2002-12:00:00,06,02,2002,12,9907.1
06.02.2002-15:00:00,06,02,2002,15,10354
06.02.2002-18:00:00,06,02,2002,18,9690.3
06.02.2002-21:00:00,06,02,2002,21,9283.2
06.03.2002-00:00:00,06,03,2002,00,8677.8
06.03.2002-03:00:00,06,03,2002,03,8149.5
06.03.2002-06:00:00,06,03,2002,06,7584.7
06.03.2002-09:00:00,06,03,2002,09,9798.3
06.03.2002-12:00:00,06,03,2002,12,11657
06.03.2002-15:00:00,06,03,2002,15,12126
06.03.2002-18:00:00,06,03,2002,18,11529
06.03.2002-21:00:00,06,03,2002,21,11025
06.04.2002-00:00:00,06,04,2002,00,10290
06.04.2002-03:00:00,06,04,2002,03,9512.9
06.04.2002-06:00:00,06,04,2002,06,8844.8
06.04.2002-09:00:00,06,04,2002,09,10760
06.04.2002-12:00:00,06,04,2002,12,12753
06.04.2002-15:00:00,06,04,2002,15,13011
06.04.2002-18:00:00,06,04,2002,18,12346
06.04.2002-21:00:00,06,04,2002,21,11692
06.05.2002-00:00:00,06,05,2002,00,11075
06.05.2002-03:00:00,06,05,2002,03,10393
06.05.2002-06:00:00,06,05,2002,06,9981.9
06.05.2002-09:00:00,06,05,2002,09,12028
06.05.2002-12:00:00,06,05,2002,12,14092
06.05.2002-15:00:00,06,05,2002,15,14659
06.05.2002-18:00:00,06,05,2002,18,13954
06.05.2002-21:00:00,06,05,2002,21,13042
06.06.2002-00:00:00,06,06,2002,00,12371
06.06.2002-03:00:00,06,06,2002,03,11673
06.06.2002-06:00:00,06,06,2002,06,11363
06.06.2002-09:00:00,06,06,2002,09,13413
06.06.2002-12:00:00,06,06,2002,12,15175
06.06.2002-15:00:00,06,06,2002,15,15838
06.06.2002-18:00:00,06,06,2002,18,14553
06.06.2002-21:00:00,06,06,2002,21,13533
06.07.2002-00:00:00,06,07,2002,00,12813
06.07.2002-03:00:00,06,07,2002,03,12094
06.07.2002-06:00:00,06,07,2002,06,11165
06.07.2002-09:00:00,06,07,2002,09,11702
06.07.2002-12:00:00,06,07,2002,12,13113
06.07.2002-15:00:00,06,07,2002,15,13179
06.07.2002-18:00:00,06,07,2002,18,12063
06.07.2002-21:00:00,06,07,2002,21,10979
06.08.2002-00:00:00,06,08,2002,00,10225
06.08.2002-03:00:00,06,08,2002,03,9402.3
06.08.2002-06:00:00,06,08,2002,06,8839.8
06.08.2002-09:00:00,06,08,2002,09,8032
06.08.2002-12:00:00,06,08,2002,12,7499.9
06.08.2002-15:00:00,06,08,2002,15,6730.5
06.08.2002-18:00:00,06,08,2002,18,6406
06.08.2002-21:00:00,06,08,2002,21,6078.8
06.09.2002-00:00:00,06,09,2002,00,5779.8
06.09.2002-03:00:00,06,09,2002,03,5588.5
06.09.2002-06:00:00,06,09,2002,06,5375.5
06.09.2002-09:00:00,06,09,2002,09,5215
06.09.2002-12:00:00,06,09,2002,12,5098.1
06.09.2002-15:00:00,06,09,2002,15,5129.2
06.09.2002-18:00:00,06,09,2002,18,5043.9
06.09.2002-21:00:00,06,09,2002,21,5062
06.10.2002-00:00:00,06,10,2002,00,5001.2
06.10.2002-03:00:00,06,10,2002,03,4988.4
06.10.2002-06:00:00,06,10,2002,06,4792.5
06.10.2002-09:00:00,06,10,2002,09,4846.6
06.10.2002-12:00:00,06,10,2002,12,5287.2
06.10.2002-15:00:00,06,10,2002,15,6474.6
06.10.2002-18:00:00,06,10,2002,18,6049.7
06.10.2002-21:00:00,06,10,2002,21,6001.3
06.11.2002-00:00:00,06,11,2002,00,5745.1
06.11.2002-03:00:00,06,11,2002,03,5522.2
06.11.2002-06:00:00,06,11,2002,06,5268.3
06.11.2002-09:00:00,06,11,2002,09,8020.7
06.11.2002-12:00:00,06,11,2002,12,10631
06.11.2002-15:00:00,06,11,2002,15,11826
06.11.2002-18:00:00,06,11,2002,18,10909
06.11.2002-21:00:00,06,11,2002,21,10414
06.12.2002-00:00:00,06,12,2002,00,9662
06.12.2002-03:00:00,06,12,2002,03,9159.6
06.12.2002-06:00:00,06,12,2002,06,8754.2
06.12.2002-09:00:00,06,12,2002,09,11010
06.12.2002-12:00:00,06,12,2002,12,13334
06.12.2002-15:00:00,06,12,2002,15,14009
06.12.2002-18:00:00,06,12,2002,18,12671
06.12.2002-21:00:00,06,12,2002,21,11851
06.13.2002-00:00:00,06,13,2002,00,11095
06.13.2002-03:00:00,06,13,2002,03,10750
06.13.2002-06:00:00,06,13,2002,06,10663
06.13.2002-09:00:00,06,13,2002,09,13536
06.13.2002-12:00:00,06,13,2002,12,16189
06.13.2002-15:00:00,06,13,2002,15,17090
06.13.2002-18:00:00,06,13,2002,18,15559
06.13.2002-21:00:00,06,13,2002,21,14175
06.14.2002-00:00:00,06,14,2002,00,13192
06.14.2002-03:00:00,06,14,2002,03,12629
06.14.2002-06:00:00,06,14,2002,06,13257
06.14.2002-09:00:00,06,14,2002,09,16150
06.14.2002-12:00:00,06,14,2002,12,18739
06.14.2002-15:00:00,06,14,2002,15,19625
06.14.2002-18:00:00,06,14,2002,18,17994
06.14.2002-21:00:00,06,14,2002,21,16393
06.15.2002-00:00:00,06,15,2002,00,14838
06.15.2002-03:00:00,06,15,2002,03,14059
06.15.2002-06:00:00,06,15,2002,06,14731
06.15.2002-09:00:00,06,15,2002,09,17488
06.15.2002-12:00:00,06,15,2002,12,20668
06.15.2002-15:00:00,06,15,2002,15,21247
06.15.2002-18:00:00,06,15,2002,18,19859
06.15.2002-21:00:00,06,15,2002,21,17660
06.16.2002-00:00:00,06,16,2002,00,16303
06.16.2002-03:00:00,06,16,2002,03,14993
06.16.2002-06:00:00,06,16,2002,06,15659
06.16.2002-09:00:00,06,16,2002,09,18263
06.16.2002-12:00:00,06,16,2002,12,20984
06.16.2002-15:00:00,06,16,2002,15,21550
06.16.2002-18:00:00,06,16,2002,18,19998
06.16.2002-21:00:00,06,16,2002,21,18068
06.17.2002-00:00:00,06,17,2002,00,16055
06.17.2002-03:00:00,06,17,2002,03,14812
06.17.2002-06:00:00,06,17,2002,06,14919
06.17.2002-09:00:00,06,17,2002,09,16982
06.17.2002-12:00:00,06,17,2002,12,18643
06.17.2002-15:00:00,06,17,2002,15,18567
06.17.2002-18:00:00,06,17,2002,18,17073
06.17.2002-21:00:00,06,17,2002,21,15380
06.18.2002-00:00:00,06,18,2002,00,13087
06.18.2002-03:00:00,06,18,2002,03,11707
06.18.2002-06:00:00,06,18,2002,06,11161
06.18.2002-09:00:00,06,18,2002,09,12381
06.18.2002-12:00:00,06,18,2002,12,13597
06.18.2002-15:00:00,06,18,2002,15,13685
06.18.2002-18:00:00,06,18,2002,18,12305
06.18.2002-21:00:00,06,18,2002,21,10961
06.19.2002-00:00:00,06,19,2002,00,9825.6
06.19.2002-03:00:00,06,19,2002,03,8962.6
06.19.2002-06:00:00,06,19,2002,06,8364.3
06.19.2002-09:00:00,06,19,2002,09,9363.5
06.19.2002-12:00:00,06,19,2002,12,10492
06.19.2002-15:00:00,06,19,2002,15,10597
06.19.2002-18:00:00,06,19,2002,18,9615.2
06.19.2002-21:00:00,06,19,2002,21,8631.4
06.20.2002-00:00:00,06,20,2002,00,7971.3
06.20.2002-03:00:00,06,20,2002,03,7560.5
06.20.2002-06:00:00,06,20,2002,06,7054.6
06.20.2002-09:00:00,06,20,2002,09,8421.9
06.20.2002-12:00:00,06,20,2002,12,10392
06.20.2002-15:00:00,06,20,2002,15,11054
06.20.2002-18:00:00,06,20,2002,18,9880.1
06.20.2002-21:00:00,06,20,2002,21,8900.5
06.21.2002-00:00:00,06,21,2002,00,7998.7
06.21.2002-03:00:00,06,21,2002,03,7617.4
06.21.2002-06:00:00,06,21,2002,06,7055.6
06.21.2002-09:00:00,06,21,2002,09,8976.9
06.21.2002-12:00:00,06,21,2002,12,10994
06.21.2002-15:00:00,06,21,2002,15,11558
06.21.2002-18:00:00,06,21,2002,18,10501
06.21.2002-21:00:00,06,21,2002,21,9462.5
06.22.2002-00:00:00,06,22,2002,00,8341.7
06.22.2002-03:00:00,06,22,2002,03,7817.4
06.22.2002-06:00:00,06,22,2002,06,7949.3
06.22.2002-09:00:00,06,22,2002,09,9953.5
06.22.2002-12:00:00,06,22,2002,12,12075
06.22.2002-15:00:00,06,22,2002,15,12854
06.22.2002-18:00:00,06,22,2002,18,12014
06.22.2002-21:00:00,06,22,2002,21,10762
06.23.2002-00:00:00,06,23,2002,00,9660
06.23.2002-03:00:00,06,23,2002,03,8713.5
06.23.2002-06:00:00,06,23,2002,06,9029
06.23.2002-09:00:00,06,23,2002,09,10461
06.23.2002-12:00:00,06,23,2002,12,12045
06.23.2002-15:00:00,06,23,2002,15,11894
06.23.2002-18:00:00,06,23,2002,18,11337
06.23.2002-21:00:00,06,23,2002,21,10478
06.24.2002-00:00:00,06,24,2002,00,9753.3
06.24.2002-03:00:00,06,24,2002,03,8908.6
06.24.2002-06:00:00,06,24,2002,06,8586.1
06.24.2002-09:00:00,06,24,2002,09,9063.6
06.24.2002-12:00:00,06,24,2002,12,9652.3
06.24.2002-15:00:00,06,24,2002,15,9525.7
06.24.2002-18:00:00,06,24,2002,18,9178.6
06.24.2002-21:00:00,06,24,2002,21,8648.9
06.25.2002-00:00:00,06,25,2002,00,8031.7
06.25.2002-03:00:00,06,25,2002,03,7461.6
06.25.2002-06:00:00,06,25,2002,06,7165.8
06.25.2002-09:00:00,06,25,2002,09,7340.2
06.25.2002-12:00:00,06,25,2002,12,7772.5
06.25.2002-15:00:00,06,25,2002,15,7949
06.25.2002-18:00:00,06,25,2002,18,7768.9
06.25.2002-21:00:00,06,25,2002,21,7517.9
06.26.2002-00:00:00,06,26,2002,00,7164.7
06.26.2002-03:00:00,06,26,2002,03,6719.4
06.26.2002-06:00:00,06,26,2002,06,6583.2
06.26.2002-09:00:00,06,26,2002,09,6530.9
06.26.2002-12:00:00,06,26,2002,12,6721.1
06.26.2002-15:00:00,06,26,2002,15,7069.9
06.26.2002-18:00:00,06,26,2002,18,7476
06.26.2002-21:00:00,06,26,2002,21,7524
06.27.2002-00:00:00,06,27,2002,00,7200.2
06.27.2002-03:00:00,06,27,2002,03,6871.4
06.27.2002-06:00:00,06,27,2002,06,6606.2
06.27.2002-09:00:00,06,27,2002,09,6219.9
06.27.2002-12:00:00,06,27,2002,12,5998.1
06.27.2002-15:00:00,06,27,2002,15,6294.7
06.27.2002-18:00:00,06,27,2002,18,6769.7
06.27.2002-21:00:00,06,27,2002,21,6863.3
06.28.2002-00:00:00,06,28,2002,00,7169
06.28.2002-03:00:00,06,28,2002,03,7399.1
06.28.2002-06:00:00,06,28,2002,06,7486.7
06.28.2002-09:00:00,06,28,2002,09,7151.4
06.28.2002-12:00:00,06,28,2002,12,7020.9
06.28.2002-15:00:00,06,28,2002,15,7298
06.28.2002-18:00:00,06,28,2002,18,7843.4
06.28.2002-21:00:00,06,28,2002,21,8352.9
06.29.2002-00:00:00,06,29,2002,00,8007.4
06.29.2002-03:00:00,06,29,2002,03,7524.2
06.29.2002-06:00:00,06,29,2002,06,6962.6
06.29.2002-09:00:00,06,29,2002,09,6503.5
06.29.2002-12:00:00,06,29,2002,12,6173.7
06.29.2002-15:00:00,06,29,2002,15,5774.3
06.29.2002-18:00:00,06,29,2002,18,5659.1
06.29.2002-21:00:00,06,29,2002,21,5489.1
06.30.2002-00:00:00,06,30,2002,00,5350.9
06.30.2002-03:00:00,06,30,2002,03,5231.8
06.30.2002-06:00:00,06,30,2002,06,4995.2
06.30.2002-09:00:00,06,30,2002,09,4695.9
06.30.2002-12:00:00,06,30,2002,12,4362.9
06.30.2002-15:00:00,06,30,2002,15,4376.8
06.30.2002-18:00:00,06,30,2002,18,4544.9
06.30.2002-21:00:00,06,30,2002,21,4644.7
07.01.2002-00:00:00,07,01,2002,00,4716.4
07.01.2002-03:00:00,07,01,2002,03,4722.8
07.01.2002-06:00:00,07,01,2002,06,4629.2
07.01.2002-09:00:00,07,01,2002,09,4301
07.01.2002-12:00:00,07,01,2002,12,4034.1
07.01.2002-15:00:00,07,01,2002,15,4067.5
07.01.2002-18:00:00,07,01,2002,18,4208.8
07.01.2002-21:00:00,07,01,2002,21,4293.5
07.02.2002-00:00:00,07,02,2002,00,4341
07.02.2002-03:00:00,07,02,2002,03,4350
07.02.2002-06:00:00,07,02,2002,06,4233.4
07.02.2002-09:00:00,07,02,2002,09,3886.3
07.02.2002-12:00:00,07,02,2002,12,3580.7
07.02.2002-15:00:00,07,02,2002,15,3665.5
07.02.2002-18:00:00,07,02,2002,18,3850
07.02.2002-21:00:00,07,02,2002,21,3983.9
07.03.2002-00:00:00,07,03,2002,00,4053.6
07.03.2002-03:00:00,07,03,2002,03,4112.3
07.03.2002-06:00:00,07,03,2002,06,3968.8
07.03.2002-09:00:00,07,03,2002,09,3592.9
07.03.2002-12:00:00,07,03,2002,12,3280.7
07.03.2002-15:00:00,07,03,2002,15,3311.9
07.03.2002-18:00:00,07,03,2002,18,3502.6
07.03.2002-21:00:00,07,03,2002,21,3687.6
07.04.2002-00:00:00,07,04,2002,00,3761.1
07.04.2002-03:00:00,07,04,2002,03,3785.9
07.04.2002-06:00:00,07,04,2002,06,3675.4
07.04.2002-09:00:00,07,04,2002,09,3305.3
07.04.2002-12:00:00,07,04,2002,12,3110
07.04.2002-15:00:00,07,04,2002,15,3147.4
07.04.2002-18:00:00,07,04,2002,18,3364.9
07.04.2002-21:00:00,07,04,2002,21,3558.2
07.05.2002-00:00:00,07,05,2002,00,3636.2
07.05.2002-03:00:00,07,05,2002,03,3688.4
07.05.2002-06:00:00,07,05,2002,06,3546.2
07.05.2002-09:00:00,07,05,2002,09,3249.3
07.05.2002-12:00:00,07,05,2002,12,3024.1
07.05.2002-15:00:00,07,05,2002,15,3047.4
07.05.2002-18:00:00,07,05,2002,18,3199.5
07.05.2002-21:00:00,07,05,2002,21,3355.1
07.06.2002-00:00:00,07,06,2002,00,3470.3
07.06.2002-03:00:00,07,06,2002,03,3486.8
07.06.2002-06:00:00,07,06,2002,06,3375.3
07.06.2002-09:00:00,07,06,2002,09,3024.2
07.06.2002-12:00:00,07,06,2002,12,2807.5
07.06.2002-15:00:00,07,06,2002,15,2855.4
07.06.2002-18:00:00,07,06,2002,18,3025.4
07.06.2002-21:00:00,07,06,2002,21,3142.7
07.07.2002-00:00:00,07,07,2002,00,3546.4
07.07.2002-03:00:00,07,07,2002,03,3809.4
07.07.2002-06:00:00,07,07,2002,06,3976.7
07.07.2002-09:00:00,07,07,2002,09,3851.4
07.07.2002-12:00:00,07,07,2002,12,3668.5
07.07.2002-15:00:00,07,07,2002,15,3748.3
07.07.2002-18:00:00,07,07,2002,18,3971.5
07.07.2002-21:00:00,07,07,2002,21,4193.5
07.08.2002-00:00:00,07,08,2002,00,3885.9
07.08.2002-03:00:00,07,08,2002,03,3641.1
07.08.2002-06:00:00,07,08,2002,06,3445.7
07.08.2002-09:00:00,07,08,2002,09,3028
07.08.2002-12:00:00,07,08,2002,12,2698.6
07.08.2002-15:00:00,07,08,2002,15,2745.8
07.08.2002-18:00:00,07,08,2002,18,2861.7
07.08.2002-21:00:00,07,08,2002,21,2909.3
07.09.2002-00:00:00,07,09,2002,00,2941.6
07.09.2002-03:00:00,07,09,2002,03,2964.5
07.09.2002-06:00:00,07,09,2002,06,2898.3
07.09.2002-09:00:00,07,09,2002,09,2685.3
07.09.2002-12:00:00,07,09,2002,12,2554.2
07.09.2002-15:00:00,07,09,2002,15,2641.3
07.09.2002-18:00:00,07,09,2002,18,2737
07.09.2002-21:00:00,07,09,2002,21,2798.3
07.10.2002-00:00:00,07,10,2002,00,2829.7
07.10.2002-03:00:00,07,10,2002,03,2850.5
07.10.2002-06:00:00,07,10,2002,06,2746.4
07.10.2002-09:00:00,07,10,2002,09,2449.5
07.10.2002-12:00:00,07,10,2002,12,2288.7
07.10.2002-15:00:00,07,10,2002,15,2392.8
07.10.2002-18:00:00,07,10,2002,18,2534.5
07.10.2002-21:00:00,07,10,2002,21,2585.8
07.11.2002-00:00:00,07,11,2002,00,2639.4
07.11.2002-03:00:00,07,11,2002,03,2658.1
07.11.2002-06:00:00,07,11,2002,06,2546.4
07.11.2002-09:00:00,07,11,2002,09,2229.5
07.11.2002-12:00:00,07,11,2002,12,2091.1
07.11.2002-15:00:00,07,11,2002,15,2212
07.11.2002-18:00:00,07,11,2002,18,2355.2
07.11.2002-21:00:00,07,11,2002,21,2446.6
07.12.2002-00:00:00,07,12,2002,00,2474.3
07.12.2002-03:00:00,07,12,2002,03,2499.6
07.12.2002-06:00:00,07,12,2002,06,2374.9
07.12.2002-09:00:00,07,12,2002,09,2076.6
07.12.2002-12:00:00,07,12,2002,12,1945.6
07.12.2002-15:00:00,07,12,2002,15,2073
07.12.2002-18:00:00,07,12,2002,18,2223.1
07.12.2002-21:00:00,07,12,2002,21,2286.2
07.13.2002-00:00:00,07,13,2002,00,2356.3
07.13.2002-03:00:00,07,13,2002,03,2370.3
07.13.2002-06:00:00,07,13,2002,06,2278.9
07.13.2002-09:00:00,07,13,2002,09,1969.2
07.13.2002-12:00:00,07,13,2002,12,1853
07.13.2002-15:00:00,07,13,2002,15,1991
07.13.2002-18:00:00,07,13,2002,18,2143.1
07.13.2002-21:00:00,07,13,2002,21,2205.9
07.14.2002-00:00:00,07,14,2002,00,2260
07.14.2002-03:00:00,07,14,2002,03,2268.4
07.14.2002-06:00:00,07,14,2002,06,2155.4
07.14.2002-09:00:00,07,14,2002,09,1856.7
07.14.2002-12:00:00,07,14,2002,12,1754.9
07.14.2002-15:00:00,07,14,2002,15,1887.8
07.14.2002-18:00:00,07,14,2002,18,2027.1
07.14.2002-21:00:00,07,14,2002,21,2117.3
07.15.2002-00:00:00,07,15,2002,00,2165.6
07.15.2002-03:00:00,07,15,2002,03,2205.8
07.15.2002-06:00:00,07,15,2002,06,2104.4
07.15.2002-09:00:00,07,15,2002,09,1853.1
07.15.2002-12:00:00,07,15,2002,12,1737.3
07.15.2002-15:00:00,07,15,2002,15,1868.2
07.15.2002-18:00:00,07,15,2002,18,2016.5
07.15.2002-21:00:00,07,15,2002,21,2077.5
07.16.2002-00:00:00,07,16,2002,00,2133.3
07.16.2002-03:00:00,07,16,2002,03,2143.3
07.16.2002-06:00:00,07,16,2002,06,2045
07.16.2002-09:00:00,07,16,2002,09,1765.9
07.16.2002-12:00:00,07,16,2002,12,1648.5
07.16.2002-15:00:00,07,16,2002,15,1802.3
07.16.2002-18:00:00,07,16,2002,18,1938.8
07.16.2002-21:00:00,07,16,2002,21,2001.6
07.17.2002-00:00:00,07,17,2002,00,2053.4
07.17.2002-03:00:00,07,17,2002,03,2077.2
07.17.2002-06:00:00,07,17,2002,06,1964.2
07.17.2002-09:00:00,07,17,2002,09,1696.2
07.17.2002-12:00:00,07,17,2002,12,1587.9
07.17.2002-15:00:00,07,17,2002,15,1746.1
07.17.2002-18:00:00,07,17,2002,18,1867
07.17.2002-21:00:00,07,17,2002,21,1949.2
07.18.2002-00:00:00,07,18,2002,00,1988
07.18.2002-03:00:00,07,18,2002,03,2010.4
07.18.2002-06:00:00,07,18,2002,06,1916.7
07.18.2002-09:00:00,07,18,2002,09,1646.9
07.18.2002-12:00:00,07,18,2002,12,1566.1
07.18.2002-15:00:00,07,18,2002,15,1690.9
07.18.2002-18:00:00,07,18,2002,18,1834.8
07.18.2002-21:00:00,07,18,2002,21,1906
07.19.2002-00:00:00,07,19,2002,00,1944
07.19.2002-03:00:00,07,19,2002,03,1969.7
07.19.2002-06:00:00,07,19,2002,06,1856.6
07.19.2002-09:00:00,07,19,2002,09,1594.9
07.19.2002-12:00:00,07,19,2002,12,1492.2
07.19.2002-15:00:00,07,19,2002,15,1645.4
07.19.2002-18:00:00,07,19,2002,18,1781.3
07.19.2002-21:00:00,07,19,2002,21,1863.9
07.20.2002-00:00:00,07,20,2002,00,1901.7
07.20.2002-03:00:00,07,20,2002,03,1912.2
07.20.2002-06:00:00,07,20,2002,06,1819.7
07.20.2002-09:00:00,07,20,2002,09,1572
07.20.2002-12:00:00,07,20,2002,12,1470.2
07.20.2002-15:00:00,07,20,2002,15,1615
07.20.2002-18:00:00,07,20,2002,18,1769.6
07.20.2002-21:00:00,07,20,2002,21,1831.4
07.21.2002-00:00:00,07,21,2002,00,1867.9
07.21.2002-03:00:00,07,21,2002,03,1880.5
07.21.2002-06:00:00,07,21,2002,06,1779.4
07.21.2002-09:00:00,07,21,2002,09,1515.2
07.21.2002-12:00:00,07,21,2002,12,1434.3
07.21.2002-15:00:00,07,21,2002,15,1572.7
07.21.2002-18:00:00,07,21,2002,18,1708.5
07.21.2002-21:00:00,07,21,2002,21,1788
07.22.2002-00:00:00,07,22,2002,00,1828.6
07.22.2002-03:00:00,07,22,2002,03,1834.3
07.22.2002-06:00:00,07,22,2002,06,1743.2
07.22.2002-09:00:00,07,22,2002,09,1495.4
07.22.2002-12:00:00,07,22,2002,12,1424.3
07.22.2002-15:00:00,07,22,2002,15,1561.1
07.22.2002-18:00:00,07,22,2002,18,1676.9
07.22.2002-21:00:00,07,22,2002,21,1763.5
07.23.2002-00:00:00,07,23,2002,00,1792.5
07.23.2002-03:00:00,07,23,2002,03,1797.5
07.23.2002-06:00:00,07,23,2002,06,1698.2
07.23.2002-09:00:00,07,23,2002,09,1454.2
07.23.2002-12:00:00,07,23,2002,12,1374.4
07.23.2002-15:00:00,07,23,2002,15,1513.7
07.23.2002-18:00:00,07,23,2002,18,1633.5
07.23.2002-21:00:00,07,23,2002,21,1713.7
07.24.2002-00:00:00,07,24,2002,00,1755
07.24.2002-03:00:00,07,24,2002,03,1755.6
07.24.2002-06:00:00,07,24,2002,06,1649
07.24.2002-09:00:00,07,24,2002,09,1380
07.24.2002-12:00:00,07,24,2002,12,1307.6
07.24.2002-15:00:00,07,24,2002,15,1448.2
07.24.2002-18:00:00,07,24,2002,18,1587.8
07.24.2002-21:00:00,07,24,2002,21,1657.7
07.25.2002-00:00:00,07,25,2002,00,1710.1
07.25.2002-03:00:00,07,25,2002,03,1719.2
07.25.2002-06:00:00,07,25,2002,06,1608.1
07.25.2002-09:00:00,07,25,2002,09,1341.8
07.25.2002-12:00:00,07,25,2002,12,1255.1
07.25.2002-15:00:00,07,25,2002,15,1415.7
07.25.2002-18:00:00,07,25,2002,18,1554.7
07.25.2002-21:00:00,07,25,2002,21,1623.2
07.26.2002-00:00:00,07,26,2002,00,1664
07.26.2002-03:00:00,07,26,2002,03,1680
07.26.2002-06:00:00,07,26,2002,06,1573
07.26.2002-09:00:00,07,26,2002,09,1324
07.26.2002-12:00:00,07,26,2002,12,1216.4
07.26.2002-15:00:00,07,26,2002,15,1382.5
07.26.2002-18:00:00,07,26,2002,18,1518.9
07.26.2002-21:00:00,07,26,2002,21,1593.7
07.27.2002-00:00:00,07,27,2002,00,1631.3
07.27.2002-03:00:00,07,27,2002,03,1655
07.27.2002-06:00:00,07,27,2002,06,1561.1
07.27.2002-09:00:00,07,27,2002,09,1334.5
07.27.2002-12:00:00,07,27,2002,12,1230.5
07.27.2002-15:00:00,07,27,2002,15,1388.4
07.27.2002-18:00:00,07,27,2002,18,1512.5
07.27.2002-21:00:00,07,27,2002,21,1575.4
07.28.2002-00:00:00,07,28,2002,00,1613.3
07.28.2002-03:00:00,07,28,2002,03,1633.8
07.28.2002-06:00:00,07,28,2002,06,1537.3
07.28.2002-09:00:00,07,28,2002,09,1306
07.28.2002-12:00:00,07,28,2002,12,1201.1
07.28.2002-15:00:00,07,28,2002,15,1360.4
07.28.2002-18:00:00,07,28,2002,18,1483.3
07.28.2002-21:00:00,07,28,2002,21,1548.5
07.29.2002-00:00:00,07,29,2002,00,1576.9
07.29.2002-03:00:00,07,29,2002,03,1592.4
07.29.2002-06:00:00,07,29,2002,06,1540.5
07.29.2002-09:00:00,07,29,2002,09,1390.1
07.29.2002-12:00:00,07,29,2002,12,1330.3
07.29.2002-15:00:00,07,29,2002,15,1427
07.29.2002-18:00:00,07,29,2002,18,1503
07.29.2002-21:00:00,07,29,2002,21,1554.2
07.30.2002-00:00:00,07,30,2002,00,1588.9
07.30.2002-03:00:00,07,30,2002,03,1578.3
07.30.2002-06:00:00,07,30,2002,06,1539.9
07.30.2002-09:00:00,07,30,2002,09,1417.7
07.30.2002-12:00:00,07,30,2002,12,1384.6
07.30.2002-15:00:00,07,30,2002,15,1433.8
07.30.2002-18:00:00,07,30,2002,18,1508.6
07.30.2002-21:00:00,07,30,2002,21,1550.3
07.31.2002-00:00:00,07,31,2002,00,1569.3
07.31.2002-03:00:00,07,31,2002,03,1569.7
07.31.2002-06:00:00,07,31,2002,06,1485.5
07.31.2002-09:00:00,07,31,2002,09,1275
07.31.2002-12:00:00,07,31,2002,12,1205.4
07.31.2002-15:00:00,07,31,2002,15,1326.7
07.31.2002-18:00:00,07,31,2002,18,1436.6
07.31.2002-21:00:00,07,31,2002,21,1495.2
08.01.2002-00:00:00,08,01,2002,00,1522.5
08.01.2002-03:00:00,08,01,2002,03,1537.3
08.01.2002-06:00:00,08,01,2002,06,1465.5
08.01.2002-09:00:00,08,01,2002,09,1243.7
08.01.2002-12:00:00,08,01,2002,12,1151.3
08.01.2002-15:00:00,08,01,2002,15,1281.1
08.01.2002-18:00:00,08,01,2002,18,1404.4
08.01.2002-21:00:00,08,01,2002,21,1453.5
08.02.2002-00:00:00,08,02,2002,00,1486.6
08.02.2002-03:00:00,08,02,2002,03,1487.8
08.02.2002-06:00:00,08,02,2002,06,1421.7
08.02.2002-09:00:00,08,02,2002,09,1196.3
08.02.2002-12:00:00,08,02,2002,12,1122.4
08.02.2002-15:00:00,08,02,2002,15,1260.9
08.02.2002-18:00:00,08,02,2002,18,1355.6
08.02.2002-21:00:00,08,02,2002,21,1429.5
08.03.2002-00:00:00,08,03,2002,00,1454.3
08.03.2002-03:00:00,08,03,2002,03,1455.8
08.03.2002-06:00:00,08,03,2002,06,1404.1
08.03.2002-09:00:00,08,03,2002,09,1225.1
08.03.2002-12:00:00,08,03,2002,12,1147.6
08.03.2002-15:00:00,08,03,2002,15,1266.5
08.03.2002-18:00:00,08,03,2002,18,1373.3
08.03.2002-21:00:00,08,03,2002,21,1417
08.04.2002-00:00:00,08,04,2002,00,1446.1
08.04.2002-03:00:00,08,04,2002,03,1522.8
08.04.2002-06:00:00,08,04,2002,06,1524.9
08.04.2002-09:00:00,08,04,2002,09,1349.2
08.04.2002-12:00:00,08,04,2002,12,1233.6
08.04.2002-15:00:00,08,04,2002,15,1299.9
08.04.2002-18:00:00,08,04,2002,18,1432.1
08.04.2002-21:00:00,08,04,2002,21,1498.6
08.05.2002-00:00:00,08,05,2002,00,1451.4
08.05.2002-03:00:00,08,05,2002,03,1440.8
08.05.2002-06:00:00,08,05,2002,06,1408.5
08.05.2002-09:00:00,08,05,2002,09,1257.6
08.05.2002-12:00:00,08,05,2002,12,1167.5
08.05.2002-15:00:00,08,05,2002,15,1251.1
08.05.2002-18:00:00,08,05,2002,18,1344.7
08.05.2002-21:00:00,08,05,2002,21,1383.2
08.06.2002-00:00:00,08,06,2002,00,1401.6
08.06.2002-03:00:00,08,06,2002,03,1418.6
08.06.2002-06:00:00,08,06,2002,06,1361.1
08.06.2002-09:00:00,08,06,2002,09,1181.9
08.06.2002-12:00:00,08,06,2002,12,1102.9
08.06.2002-15:00:00,08,06,2002,15,1229.7
08.06.2002-18:00:00,08,06,2002,18,1312.2
08.06.2002-21:00:00,08,06,2002,21,1360.7
08.07.2002-00:00:00,08,07,2002,00,1378.5
08.07.2002-03:00:00,08,07,2002,03,1379.4
08.07.2002-06:00:00,08,07,2002,06,1351.5
08.07.2002-09:00:00,08,07,2002,09,1205.3
08.07.2002-12:00:00,08,07,2002,12,1174.4
08.07.2002-15:00:00,08,07,2002,15,1255.4
08.07.2002-18:00:00,08,07,2002,18,1321.9
08.07.2002-21:00:00,08,07,2002,21,1352.4
08.08.2002-00:00:00,08,08,2002,00,1366.9
08.08.2002-03:00:00,08,08,2002,03,1369
08.08.2002-06:00:00,08,08,2002,06,1316.1
08.08.2002-09:00:00,08,08,2002,09,1112.3
08.08.2002-12:00:00,08,08,2002,12,1061.6
08.08.2002-15:00:00,08,08,2002,15,1178.7
08.08.2002-18:00:00,08,08,2002,18,1250.2
08.08.2002-21:00:00,08,08,2002,21,1316.8
08.09.2002-00:00:00,08,09,2002,00,1332.3
08.09.2002-03:00:00,08,09,2002,03,1327.4
08.09.2002-06:00:00,08,09,2002,06,1252.1
08.09.2002-09:00:00,08,09,2002,09,1043.6
08.09.2002-12:00:00,08,09,2002,12,969.68
08.09.2002-15:00:00,08,09,2002,15,1107.4
08.09.2002-18:00:00,08,09,2002,18,1186.8
08.09.2002-21:00:00,08,09,2002,21,1253.3
08.10.2002-00:00:00,08,10,2002,00,1295.3
08.10.2002-03:00:00,08,10,2002,03,1282.3
08.10.2002-06:00:00,08,10,2002,06,1205.2
08.10.2002-09:00:00,08,10,2002,09,981.18
08.10.2002-12:00:00,08,10,2002,12,928.48
08.10.2002-15:00:00,08,10,2002,15,1061.9
08.10.2002-18:00:00,08,10,2002,18,1145.6
08.10.2002-21:00:00,08,10,2002,21,1215.7
08.11.2002-00:00:00,08,11,2002,00,1260.2
08.11.2002-03:00:00,08,11,2002,03,1254.4
08.11.2002-06:00:00,08,11,2002,06,1186.2
08.11.2002-09:00:00,08,11,2002,09,968.92
08.11.2002-12:00:00,08,11,2002,12,913.47
08.11.2002-15:00:00,08,11,2002,15,1052
08.11.2002-18:00:00,08,11,2002,18,1134.3
08.11.2002-21:00:00,08,11,2002,21,1201.8
08.12.2002-00:00:00,08,12,2002,00,1240.1
08.12.2002-03:00:00,08,12,2002,03,1234.4
08.12.2002-06:00:00,08,12,2002,06,1169.8
08.12.2002-09:00:00,08,12,2002,09,953.97
08.12.2002-12:00:00,08,12,2002,12,906.86
08.12.2002-15:00:00,08,12,2002,15,1025.3
08.12.2002-18:00:00,08,12,2002,18,1113.7
08.12.2002-21:00:00,08,12,2002,21,1180.6
08.13.2002-00:00:00,08,13,2002,00,1219.2
08.13.2002-03:00:00,08,13,2002,03,1204
08.13.2002-06:00:00,08,13,2002,06,1136.4
08.13.2002-09:00:00,08,13,2002,09,919.42
08.13.2002-12:00:00,08,13,2002,12,874.92
08.13.2002-15:00:00,08,13,2002,15,988.36
08.13.2002-18:00:00,08,13,2002,18,1080.2
08.13.2002-21:00:00,08,13,2002,21,1144.3
08.14.2002-00:00:00,08,14,2002,00,1187.1
08.14.2002-03:00:00,08,14,2002,03,1178.1
08.14.2002-06:00:00,08,14,2002,06,1091.2
08.14.2002-09:00:00,08,14,2002,09,888.47
08.14.2002-12:00:00,08,14,2002,12,849.28
08.14.2002-15:00:00,08,14,2002,15,955.3
08.14.2002-18:00:00,08,14,2002,18,1043.8
08.14.2002-21:00:00,08,14,2002,21,1115.4
08.15.2002-00:00:00,08,15,2002,00,1150.6
08.15.2002-03:00:00,08,15,2002,03,1147.8
08.15.2002-06:00:00,08,15,2002,06,1072.8
08.15.2002-09:00:00,08,15,2002,09,870.85
08.15.2002-12:00:00,08,15,2002,12,817.31
08.15.2002-15:00:00,08,15,2002,15,944.11
08.15.2002-18:00:00,08,15,2002,18,1024.7
08.15.2002-21:00:00,08,15,2002,21,1095.3
08.16.2002-00:00:00,08,16,2002,00,1126.3
08.16.2002-03:00:00,08,16,2002,03,1132.5
08.16.2002-06:00:00,08,16,2002,06,1067.9
08.16.2002-09:00:00,08,16,2002,09,872.63
08.16.2002-12:00:00,08,16,2002,12,821.37
08.16.2002-15:00:00,08,16,2002,15,946.48
08.16.2002-18:00:00,08,16,2002,18,1022.1
08.16.2002-21:00:00,08,16,2002,21,1085.4
08.17.2002-00:00:00,08,17,2002,00,1114.9
08.17.2002-03:00:00,08,17,2002,03,1123.6
08.17.2002-06:00:00,08,17,2002,06,1051.2
08.17.2002-09:00:00,08,17,2002,09,879.49
08.17.2002-12:00:00,08,17,2002,12,822.15
08.17.2002-15:00:00,08,17,2002,15,945.99
08.17.2002-18:00:00,08,17,2002,18,1016.8
08.17.2002-21:00:00,08,17,2002,21,1073.5
08.18.2002-00:00:00,08,18,2002,00,1103.6
08.18.2002-03:00:00,08,18,2002,03,1109.4
08.18.2002-06:00:00,08,18,2002,06,1045.9
08.18.2002-09:00:00,08,18,2002,09,855.09
08.18.2002-12:00:00,08,18,2002,12,801.98
08.18.2002-15:00:00,08,18,2002,15,914.59
08.18.2002-18:00:00,08,18,2002,18,997.13
08.18.2002-21:00:00,08,18,2002,21,1053.5
08.19.2002-00:00:00,08,19,2002,00,1086.6
08.19.2002-03:00:00,08,19,2002,03,1090.3
08.19.2002-06:00:00,08,19,2002,06,1036.5
08.19.2002-09:00:00,08,19,2002,09,845.67
08.19.2002-12:00:00,08,19,2002,12,808.03
08.19.2002-15:00:00,08,19,2002,15,907.91
08.19.2002-18:00:00,08,19,2002,18,987.6
08.19.2002-21:00:00,08,19,2002,21,1035.9
08.20.2002-00:00:00,08,20,2002,00,1062.2
08.20.2002-03:00:00,08,20,2002,03,1074
08.20.2002-06:00:00,08,20,2002,06,1015.9
08.20.2002-09:00:00,08,20,2002,09,837.63
08.20.2002-12:00:00,08,20,2002,12,788.01
08.20.2002-15:00:00,08,20,2002,15,893.25
08.20.2002-18:00:00,08,20,2002,18,973.8
08.20.2002-21:00:00,08,20,2002,21,1018.1
08.21.2002-00:00:00,08,21,2002,00,1048.2
08.21.2002-03:00:00,08,21,2002,03,1055.2
08.21.2002-06:00:00,08,21,2002,06,1012.8
08.21.2002-09:00:00,08,21,2002,09,866.39
08.21.2002-12:00:00,08,21,2002,12,820.59
08.21.2002-15:00:00,08,21,2002,15,922.41
08.21.2002-18:00:00,08,21,2002,18,979.61
08.21.2002-21:00:00,08,21,2002,21,1026.1
08.22.2002-00:00:00,08,22,2002,00,1047.5
08.22.2002-03:00:00,08,22,2002,03,1051.2
08.22.2002-06:00:00,08,22,2002,06,992.73
08.22.2002-09:00:00,08,22,2002,09,862.92
08.22.2002-12:00:00,08,22,2002,12,812.35
08.22.2002-15:00:00,08,22,2002,15,910.67
08.22.2002-18:00:00,08,22,2002,18,966.26
08.22.2002-21:00:00,08,22,2002,21,1004.5
08.23.2002-00:00:00,08,23,2002,00,1030.8
08.23.2002-03:00:00,08,23,2002,03,1024.1
08.23.2002-06:00:00,08,23,2002,06,974.47
08.23.2002-09:00:00,08,23,2002,09,810.45
08.23.2002-12:00:00,08,23,2002,12,782.17
08.23.2002-15:00:00,08,23,2002,15,864.96
08.23.2002-18:00:00,08,23,2002,18,940.07
08.23.2002-21:00:00,08,23,2002,21,977.01
08.24.2002-00:00:00,08,24,2002,00,991.15
08.24.2002-03:00:00,08,24,2002,03,989.34
08.24.2002-06:00:00,08,24,2002,06,944.99
08.24.2002-09:00:00,08,24,2002,09,791.23
08.24.2002-12:00:00,08,24,2002,12,760.93
08.24.2002-15:00:00,08,24,2002,15,839.06
08.24.2002-18:00:00,08,24,2002,18,914.65
08.24.2002-21:00:00,08,24,2002,21,960.51
08.25.2002-00:00:00,08,25,2002,00,1036.8
08.25.2002-03:00:00,08,25,2002,03,1133.9
08.25.2002-06:00:00,08,25,2002,06,1142.9
08.25.2002-09:00:00,08,25,2002,09,1000.4
08.25.2002-12:00:00,08,25,2002,12,909.02
08.25.2002-15:00:00,08,25,2002,15,952.09
08.25.2002-18:00:00,08,25,2002,18,1077.7
08.25.2002-21:00:00,08,25,2002,21,1157.6
08.26.2002-00:00:00,08,26,2002,00,1117
08.26.2002-03:00:00,08,26,2002,03,1098.4
08.26.2002-06:00:00,08,26,2002,06,1046.8
08.26.2002-09:00:00,08,26,2002,09,916.18
08.26.2002-12:00:00,08,26,2002,12,808.67
08.26.2002-15:00:00,08,26,2002,15,868.62
08.26.2002-18:00:00,08,26,2002,18,967.19
08.26.2002-21:00:00,08,26,2002,21,1022.5
08.27.2002-00:00:00,08,27,2002,00,986.66
08.27.2002-03:00:00,08,27,2002,03,974.19
08.27.2002-06:00:00,08,27,2002,06,931.58
08.27.2002-09:00:00,08,27,2002,09,821.38
08.27.2002-12:00:00,08,27,2002,12,743.91
08.27.2002-15:00:00,08,27,2002,15,821.92
08.27.2002-18:00:00,08,27,2002,18,895.44
08.27.2002-21:00:00,08,27,2002,21,931.67
08.28.2002-00:00:00,08,28,2002,00,940.42
08.28.2002-03:00:00,08,28,2002,03,935.42
08.28.2002-06:00:00,08,28,2002,06,892.13
08.28.2002-09:00:00,08,28,2002,09,747.08
08.28.2002-12:00:00,08,28,2002,12,725.86
08.28.2002-15:00:00,08,28,2002,15,793.87
08.28.2002-18:00:00,08,28,2002,18,860.82
08.28.2002-21:00:00,08,28,2002,21,906.75
08.29.2002-00:00:00,08,29,2002,00,922.66
08.29.2002-03:00:00,08,29,2002,03,912.15
08.29.2002-06:00:00,08,29,2002,06,861.38
08.29.2002-09:00:00,08,29,2002,09,732.9
08.29.2002-12:00:00,08,29,2002,12,710.97
08.29.2002-15:00:00,08,29,2002,15,774.6
08.29.2002-18:00:00,08,29,2002,18,838.25
08.29.2002-21:00:00,08,29,2002,21,886.78
08.30.2002-00:00:00,08,30,2002,00,969.45
08.30.2002-03:00:00,08,30,2002,03,1045
08.30.2002-06:00:00,08,30,2002,06,1031.7
08.30.2002-09:00:00,08,30,2002,09,939.72
08.30.2002-12:00:00,08,30,2002,12,836.91
08.30.2002-15:00:00,08,30,2002,15,900.45
08.30.2002-18:00:00,08,30,2002,18,1003.8
08.30.2002-21:00:00,08,30,2002,21,1070.1
08.31.2002-00:00:00,08,31,2002,00,938.19
08.31.2002-03:00:00,08,31,2002,03,925.05
08.31.2002-06:00:00,08,31,2002,06,868.75
08.31.2002-09:00:00,08,31,2002,09,782.03
08.31.2002-12:00:00,08,31,2002,12,711.84
08.31.2002-15:00:00,08,31,2002,15,777.42
08.31.2002-18:00:00,08,31,2002,18,843.98
08.31.2002-21:00:00,08,31,2002,21,877.62
09.01.2002-00:00:00,09,01,2002,00,888.48
09.01.2002-03:00:00,09,01,2002,03,889.01
09.01.2002-06:00:00,09,01,2002,06,845.32
09.01.2002-09:00:00,09,01,2002,09,713.99
09.01.2002-12:00:00,09,01,2002,12,678.48
09.01.2002-15:00:00,09,01,2002,15,742.73
09.01.2002-18:00:00,09,01,2002,18,805.63
09.01.2002-21:00:00,09,01,2002,21,848.09
09.02.2002-00:00:00,09,02,2002,00,872.62
09.02.2002-03:00:00,09,02,2002,03,930.04
09.02.2002-06:00:00,09,02,2002,06,924.5
09.02.2002-09:00:00,09,02,2002,09,868.86
09.02.2002-12:00:00,09,02,2002,12,801.81
09.02.2002-15:00:00,09,02,2002,15,834.04
09.02.2002-18:00:00,09,02,2002,18,902.6
09.02.2002-21:00:00,09,02,2002,21,939.6
09.03.2002-00:00:00,09,03,2002,00,881.32
09.03.2002-03:00:00,09,03,2002,03,876.6
09.03.2002-06:00:00,09,03,2002,06,850.01
09.03.2002-09:00:00,09,03,2002,09,740.41
09.03.2002-12:00:00,09,03,2002,12,680.16
09.03.2002-15:00:00,09,03,2002,15,744.63
09.03.2002-18:00:00,09,03,2002,18,810.79
09.03.2002-21:00:00,09,03,2002,21,841.68
09.04.2002-00:00:00,09,04,2002,00,851.48
09.04.2002-03:00:00,09,04,2002,03,853.81
09.04.2002-06:00:00,09,04,2002,06,829.05
09.04.2002-09:00:00,09,04,2002,09,707.21
09.04.2002-12:00:00,09,04,2002,12,681.25
09.04.2002-15:00:00,09,04,2002,15,744.59
09.04.2002-18:00:00,09,04,2002,18,806.74
09.04.2002-21:00:00,09,04,2002,21,831.38
09.05.2002-00:00:00,09,05,2002,00,838.82
09.05.2002-03:00:00,09,05,2002,03,842.37
09.05.2002-06:00:00,09,05,2002,06,821.27
09.05.2002-09:00:00,09,05,2002,09,704.81
09.05.2002-12:00:00,09,05,2002,12,680.46
09.05.2002-15:00:00,09,05,2002,15,741.89
09.05.2002-18:00:00,09,05,2002,18,800.47
09.05.2002-21:00:00,09,05,2002,21,819.85
09.06.2002-00:00:00,09,06,2002,00,825.51
09.06.2002-03:00:00,09,06,2002,03,827.34
09.06.2002-06:00:00,09,06,2002,06,802.49
09.06.2002-09:00:00,09,06,2002,09,688.1
09.06.2002-12:00:00,09,06,2002,12,663.09
09.06.2002-15:00:00,09,06,2002,15,721.16
09.06.2002-18:00:00,09,06,2002,18,775.33
09.06.2002-21:00:00,09,06,2002,21,804.51
09.07.2002-00:00:00,09,07,2002,00,810.91
09.07.2002-03:00:00,09,07,2002,03,813.29
09.07.2002-06:00:00,09,07,2002,06,791.29
09.07.2002-09:00:00,09,07,2002,09,674.24
09.07.2002-12:00:00,09,07,2002,12,648.42
09.07.2002-15:00:00,09,07,2002,15,704.35
09.07.2002-18:00:00,09,07,2002,18,753.66
09.07.2002-21:00:00,09,07,2002,21,788.17
09.08.2002-00:00:00,09,08,2002,00,797.66
09.08.2002-03:00:00,09,08,2002,03,798.83
09.08.2002-06:00:00,09,08,2002,06,778.07
09.08.2002-09:00:00,09,08,2002,09,668.1
09.08.2002-12:00:00,09,08,2002,12,643.1
09.08.2002-15:00:00,09,08,2002,15,697.04
09.08.2002-18:00:00,09,08,2002,18,744.05
09.08.2002-21:00:00,09,08,2002,21,776.66
09.09.2002-00:00:00,09,09,2002,00,785.39
09.09.2002-03:00:00,09,09,2002,03,786.44
09.09.2002-06:00:00,09,09,2002,06,767.41
09.09.2002-09:00:00,09,09,2002,09,668.52
09.09.2002-12:00:00,09,09,2002,12,646.14
09.09.2002-15:00:00,09,09,2002,15,695.85
09.09.2002-18:00:00,09,09,2002,18,743.45
09.09.2002-21:00:00,09,09,2002,21,768.07
09.10.2002-00:00:00,09,10,2002,00,772.71
09.10.2002-03:00:00,09,10,2002,03,771.12
09.10.2002-06:00:00,09,10,2002,06,739.83
09.10.2002-09:00:00,09,10,2002,09,643.61
09.10.2002-12:00:00,09,10,2002,12,621.36
09.10.2002-15:00:00,09,10,2002,15,666.7
09.10.2002-18:00:00,09,10,2002,18,707.74
09.10.2002-21:00:00,09,10,2002,21,737.68
09.11.2002-00:00:00,09,11,2002,00,755.63
09.11.2002-03:00:00,09,11,2002,03,757.69
09.11.2002-06:00:00,09,11,2002,06,721.01
09.11.2002-09:00:00,09,11,2002,09,621.41
09.11.2002-12:00:00,09,11,2002,12,596.22
09.11.2002-15:00:00,09,11,2002,15,643.03
09.11.2002-18:00:00,09,11,2002,18,685.12
09.11.2002-21:00:00,09,11,2002,21,708.45
09.12.2002-00:00:00,09,12,2002,00,728.78
09.12.2002-03:00:00,09,12,2002,03,738.99
09.12.2002-06:00:00,09,12,2002,06,703.16
09.12.2002-09:00:00,09,12,2002,09,603.96
09.12.2002-12:00:00,09,12,2002,12,581.65
09.12.2002-15:00:00,09,12,2002,15,624.69
09.12.2002-18:00:00,09,12,2002,18,667.01
09.12.2002-21:00:00,09,12,2002,21,686.49
09.13.2002-00:00:00,09,13,2002,00,706.4
09.13.2002-03:00:00,09,13,2002,03,717.91
09.13.2002-06:00:00,09,13,2002,06,683.33
09.13.2002-09:00:00,09,13,2002,09,590.03
09.13.2002-12:00:00,09,13,2002,12,569.8
09.13.2002-15:00:00,09,13,2002,15,610.7
09.13.2002-18:00:00,09,13,2002,18,651.98
09.13.2002-21:00:00,09,13,2002,21,674.7
09.14.2002-00:00:00,09,14,2002,00,685.65
09.14.2002-03:00:00,09,14,2002,03,700.25
09.14.2002-06:00:00,09,14,2002,06,674.72
09.14.2002-09:00:00,09,14,2002,09,585.45
09.14.2002-12:00:00,09,14,2002,12,565.21
09.14.2002-15:00:00,09,14,2002,15,604.91
09.14.2002-18:00:00,09,14,2002,18,645.08
09.14.2002-21:00:00,09,14,2002,21,665.36
09.15.2002-00:00:00,09,15,2002,00,674.18
09.15.2002-03:00:00,09,15,2002,03,688.16
09.15.2002-06:00:00,09,15,2002,06,662.47
09.15.2002-09:00:00,09,15,2002,09,583.21
09.15.2002-12:00:00,09,15,2002,12,563.76
09.15.2002-15:00:00,09,15,2002,15,601.35
09.15.2002-18:00:00,09,15,2002,18,639.41
09.15.2002-21:00:00,09,15,2002,21,656.86
09.16.2002-00:00:00,09,16,2002,00,665.7
09.16.2002-03:00:00,09,16,2002,03,678.64
09.16.2002-06:00:00,09,16,2002,06,653.4
09.16.2002-09:00:00,09,16,2002,09,579.34
09.16.2002-12:00:00,09,16,2002,12,560.62
09.16.2002-15:00:00,09,16,2002,15,596.83
09.16.2002-18:00:00,09,16,2002,18,633.21
09.16.2002-21:00:00,09,16,2002,21,648.67
09.17.2002-00:00:00,09,17,2002,00,657.61
09.17.2002-03:00:00,09,17,2002,03,668.71
09.17.2002-06:00:00,09,17,2002,06,648.99
09.17.2002-09:00:00,09,17,2002,09,581.94
09.17.2002-12:00:00,09,17,2002,12,564.2
09.17.2002-15:00:00,09,17,2002,15,599.67
09.17.2002-18:00:00,09,17,2002,18,632.09
09.17.2002-21:00:00,09,17,2002,21,645.04
09.18.2002-00:00:00,09,18,2002,00,656.11
09.18.2002-03:00:00,09,18,2002,03,665.12
09.18.2002-06:00:00,09,18,2002,06,648.58
09.18.2002-09:00:00,09,18,2002,09,572.78
09.18.2002-12:00:00,09,18,2002,12,552.94
09.18.2002-15:00:00,09,18,2002,15,590.83
09.18.2002-18:00:00,09,18,2002,18,623.3
09.18.2002-21:00:00,09,18,2002,21,636.34
09.19.2002-00:00:00,09,19,2002,00,643.5
09.19.2002-03:00:00,09,19,2002,03,650.96
09.19.2002-06:00:00,09,19,2002,06,639.39
09.19.2002-09:00:00,09,19,2002,09,561.02
09.19.2002-12:00:00,09,19,2002,12,541.27
09.19.2002-15:00:00,09,19,2002,15,577.25
09.19.2002-18:00:00,09,19,2002,18,612.61
09.19.2002-21:00:00,09,19,2002,21,623.32
09.20.2002-00:00:00,09,20,2002,00,631.74
09.20.2002-03:00:00,09,20,2002,03,635.48
09.20.2002-06:00:00,09,20,2002,06,622.46
09.20.2002-09:00:00,09,20,2002,09,548.34
09.20.2002-12:00:00,09,20,2002,12,529.97
09.20.2002-15:00:00,09,20,2002,15,563.59
09.20.2002-18:00:00,09,20,2002,18,601.12
09.20.2002-21:00:00,09,20,2002,21,612.98
09.21.2002-00:00:00,09,21,2002,00,620.4
09.21.2002-03:00:00,09,21,2002,03,623.63
09.21.2002-06:00:00,09,21,2002,06,618.01
09.21.2002-09:00:00,09,21,2002,09,548.21
09.21.2002-12:00:00,09,21,2002,12,529.46
09.21.2002-15:00:00,09,21,2002,15,563.69
09.21.2002-18:00:00,09,21,2002,18,598.09
09.21.2002-21:00:00,09,21,2002,21,606.91
09.22.2002-00:00:00,09,22,2002,00,613.87
09.22.2002-03:00:00,09,22,2002,03,615.9
09.22.2002-06:00:00,09,22,2002,06,610.14
09.22.2002-09:00:00,09,22,2002,09,554.06
09.22.2002-12:00:00,09,22,2002,12,536.82
09.22.2002-15:00:00,09,22,2002,15,568.88
09.22.2002-18:00:00,09,22,2002,18,595.43
09.22.2002-21:00:00,09,22,2002,21,603
09.23.2002-00:00:00,09,23,2002,00,607.76
09.23.2002-03:00:00,09,23,2002,03,611.34
09.23.2002-06:00:00,09,23,2002,06,597.69
09.23.2002-09:00:00,09,23,2002,09,536.7
09.23.2002-12:00:00,09,23,2002,12,520.12
09.23.2002-15:00:00,09,23,2002,15,549.19
09.23.2002-18:00:00,09,23,2002,18,581.53
09.23.2002-21:00:00,09,23,2002,21,590.73
09.24.2002-00:00:00,09,24,2002,00,594.94
09.24.2002-03:00:00,09,24,2002,03,596.63
09.24.2002-06:00:00,09,24,2002,06,580.68
09.24.2002-09:00:00,09,24,2002,09,517.63
09.24.2002-12:00:00,09,24,2002,12,500.09
09.24.2002-15:00:00,09,24,2002,15,531.43
09.24.2002-18:00:00,09,24,2002,18,562.76
09.24.2002-21:00:00,09,24,2002,21,576.67
09.25.2002-00:00:00,09,25,2002,00,581.82
09.25.2002-03:00:00,09,25,2002,03,583.49
09.25.2002-06:00:00,09,25,2002,06,571.63
09.25.2002-09:00:00,09,25,2002,09,516.29
09.25.2002-12:00:00,09,25,2002,12,500.47
09.25.2002-15:00:00,09,25,2002,15,529.06
09.25.2002-18:00:00,09,25,2002,18,560.48
09.25.2002-21:00:00,09,25,2002,21,571.15
09.26.2002-00:00:00,09,26,2002,00,574.06
09.26.2002-03:00:00,09,26,2002,03,576.01
09.26.2002-06:00:00,09,26,2002,06,566.3
09.26.2002-09:00:00,09,26,2002,09,513.54
09.26.2002-12:00:00,09,26,2002,12,498.21
09.26.2002-15:00:00,09,26,2002,15,525.85
09.26.2002-18:00:00,09,26,2002,18,555.5
09.26.2002-21:00:00,09,26,2002,21,564.28
09.27.2002-00:00:00,09,27,2002,00,566.31
09.27.2002-03:00:00,09,27,2002,03,567.89
09.27.2002-06:00:00,09,27,2002,06,559.9
09.27.2002-09:00:00,09,27,2002,09,520.77
09.27.2002-12:00:00,09,27,2002,12,507.46
09.27.2002-15:00:00,09,27,2002,15,532.14
09.27.2002-18:00:00,09,27,2002,18,554.94
09.27.2002-21:00:00,09,27,2002,21,560.33
09.28.2002-00:00:00,09,28,2002,00,561.7
09.28.2002-03:00:00,09,28,2002,03,562.49
09.28.2002-06:00:00,09,28,2002,06,553.57
09.28.2002-09:00:00,09,28,2002,09,508.25
09.28.2002-12:00:00,09,28,2002,12,494.32
09.28.2002-15:00:00,09,28,2002,15,519.8
09.28.2002-18:00:00,09,28,2002,18,544.84
09.28.2002-21:00:00,09,28,2002,21,551.08
09.29.2002-00:00:00,09,29,2002,00,553.03
09.29.2002-03:00:00,09,29,2002,03,553.91
09.29.2002-06:00:00,09,29,2002,06,542.14
09.29.2002-09:00:00,09,29,2002,09,489.15
09.29.2002-12:00:00,09,29,2002,12,473.6
09.29.2002-15:00:00,09,29,2002,15,503.59
09.29.2002-18:00:00,09,29,2002,18,529.23
09.29.2002-21:00:00,09,29,2002,21,539.49
09.30.2002-00:00:00,09,30,2002,00,541.8
09.30.2002-03:00:00,09,30,2002,03,542.97
09.30.2002-06:00:00,09,30,2002,06,541.3
09.30.2002-09:00:00,09,30,2002,09,502.84
09.30.2002-12:00:00,09,30,2002,12,489.81
09.30.2002-15:00:00,09,30,2002,15,514.64
09.30.2002-18:00:00,09,30,2002,18,534.1
09.30.2002-21:00:00,09,30,2002,21,538.4
