TIMESTAMP,MONTH,DAY,YEAR,HOUR,C
10.01.2001-00:00:00,10,01,2001,00,262.31
10.01.2001-03:00:00,10,01,2001,03,263.04
10.01.2001-06:00:00,10,01,2001,06,252.3
10.01.2001-09:00:00,10,01,2001,09,223.62
10.01.2001-12:00:00,10,01,2001,12,223.6
10.01.2001-15:00:00,10,01,2001,15,238.05
10.01.2001-18:00:00,10,01,2001,18,252.74
10.01.2001-21:00:00,10,01,2001,21,255.88
10.02.2001-00:00:00,10,02,2001,00,256.21
10.02.2001-03:00:00,10,02,2001,03,256.41
10.02.2001-06:00:00,10,02,2001,06,244.64
10.02.2001-09:00:00,10,02,2001,09,218.42
10.02.2001-12:00:00,10,02,2001,12,216.3
10.02.2001-15:00:00,10,02,2001,15,228.01
10.02.2001-18:00:00,10,02,2001,18,242.42
10.02.2001-21:00:00,10,02,2001,21,248.09
10.03.2001-00:00:00,10,03,2001,00,250.96
10.03.2001-03:00:00,10,03,2001,03,251.52
10.03.2001-06:00:00,10,03,2001,06,241.9
10.03.2001-09:00:00,10,03,2001,09,215.53
10.03.2001-12:00:00,10,03,2001,12,215.32
10.03.2001-15:00:00,10,03,2001,15,226.3
10.03.2001-18:00:00,10,03,2001,18,241.6
10.03.2001-21:00:00,10,03,2001,21,246.28
10.04.2001-00:00:00,10,04,2001,00,247.11
10.04.2001-03:00:00,10,04,2001,03,247.45
10.04.2001-06:00:00,10,04,2001,06,238.53
10.04.2001-09:00:00,10,04,2001,09,213.32
10.04.2001-12:00:00,10,04,2001,12,213.66
10.04.2001-15:00:00,10,04,2001,15,224.48
10.04.2001-18:00:00,10,04,2001,18,237.91
10.04.2001-21:00:00,10,04,2001,21,242.27
10.05.2001-00:00:00,10,05,2001,00,242.89
10.05.2001-03:00:00,10,05,2001,03,243.16
10.05.2001-06:00:00,10,05,2001,06,237.13
10.05.2001-09:00:00,10,05,2001,09,212.22
10.05.2001-12:00:00,10,05,2001,12,212.29
10.05.2001-15:00:00,10,05,2001,15,223.9
10.05.2001-18:00:00,10,05,2001,18,236.24
10.05.2001-21:00:00,10,05,2001,21,239.22
10.06.2001-00:00:00,10,06,2001,00,239.61
10.06.2001-03:00:00,10,06,2001,03,240.13
10.06.2001-06:00:00,10,06,2001,06,237.25
10.06.2001-09:00:00,10,06,2001,09,210.49
10.06.2001-12:00:00,10,06,2001,12,210.17
10.06.2001-15:00:00,10,06,2001,15,221.52
10.06.2001-18:00:00,10,06,2001,18,232.75
10.06.2001-21:00:00,10,06,2001,21,235.77
10.07.2001-00:00:00,10,07,2001,00,236.1
10.07.2001-03:00:00,10,07,2001,03,236.58
10.07.2001-06:00:00,10,07,2001,06,233.14
10.07.2001-09:00:00,10,07,2001,09,208.51
10.07.2001-12:00:00,10,07,2001,12,208.3
10.07.2001-15:00:00,10,07,2001,15,218.71
10.07.2001-18:00:00,10,07,2001,18,228.86
10.07.2001-21:00:00,10,07,2001,21,232.34
10.08.2001-00:00:00,10,08,2001,00,232.84
10.08.2001-03:00:00,10,08,2001,03,233.12
10.08.2001-06:00:00,10,08,2001,06,232.82
10.08.2001-09:00:00,10,08,2001,09,211.92
10.08.2001-12:00:00,10,08,2001,12,210.2
10.08.2001-15:00:00,10,08,2001,15,221.1
10.08.2001-18:00:00,10,08,2001,18,229.14
10.08.2001-21:00:00,10,08,2001,21,229.63
10.09.2001-00:00:00,10,09,2001,00,229.53
10.09.2001-03:00:00,10,09,2001,03,229.71
10.09.2001-06:00:00,10,09,2001,06,225.55
10.09.2001-09:00:00,10,09,2001,09,208.88
10.09.2001-12:00:00,10,09,2001,12,207.85
10.09.2001-15:00:00,10,09,2001,15,216.85
10.09.2001-18:00:00,10,09,2001,18,225.38
10.09.2001-21:00:00,10,09,2001,21,226.5
10.10.2001-00:00:00,10,10,2001,00,227.44
10.10.2001-03:00:00,10,10,2001,03,226.88
10.10.2001-06:00:00,10,10,2001,06,226.54
10.10.2001-09:00:00,10,10,2001,09,284.92
10.10.2001-12:00:00,10,10,2001,12,341.01
10.10.2001-15:00:00,10,10,2001,15,314.47
10.10.2001-18:00:00,10,10,2001,18,268.5
10.10.2001-21:00:00,10,10,2001,21,235.02
10.11.2001-00:00:00,10,11,2001,00,229.19
10.11.2001-03:00:00,10,11,2001,03,228.59
10.11.2001-06:00:00,10,11,2001,06,228.31
10.11.2001-09:00:00,10,11,2001,09,226.62
10.11.2001-12:00:00,10,11,2001,12,227.9
10.11.2001-15:00:00,10,11,2001,15,233.75
10.11.2001-18:00:00,10,11,2001,18,227.53
10.11.2001-21:00:00,10,11,2001,21,226.69
10.12.2001-00:00:00,10,12,2001,00,226.38
10.12.2001-03:00:00,10,12,2001,03,225.98
10.12.2001-06:00:00,10,12,2001,06,225.67
10.12.2001-09:00:00,10,12,2001,09,217.71
10.12.2001-12:00:00,10,12,2001,12,246.04
10.12.2001-15:00:00,10,12,2001,15,244.2
10.12.2001-18:00:00,10,12,2001,18,232.24
10.12.2001-21:00:00,10,12,2001,21,226.45
10.13.2001-00:00:00,10,13,2001,00,223.67
10.13.2001-03:00:00,10,13,2001,03,223.16
10.13.2001-06:00:00,10,13,2001,06,222.06
10.13.2001-09:00:00,10,13,2001,09,219.75
10.13.2001-12:00:00,10,13,2001,12,243.97
10.13.2001-15:00:00,10,13,2001,15,223.79
10.13.2001-18:00:00,10,13,2001,18,221.35
10.13.2001-21:00:00,10,13,2001,21,219.8
10.14.2001-00:00:00,10,14,2001,00,220.41
10.14.2001-03:00:00,10,14,2001,03,220.34
10.14.2001-06:00:00,10,14,2001,06,216.76
10.14.2001-09:00:00,10,14,2001,09,213.36
10.14.2001-12:00:00,10,14,2001,12,253.2
10.14.2001-15:00:00,10,14,2001,15,220.05
10.14.2001-18:00:00,10,14,2001,18,215.84
10.14.2001-21:00:00,10,14,2001,21,216.81
10.15.2001-00:00:00,10,15,2001,00,216.89
10.15.2001-03:00:00,10,15,2001,03,216.76
10.15.2001-06:00:00,10,15,2001,06,212.43
10.15.2001-09:00:00,10,15,2001,09,210.81
10.15.2001-12:00:00,10,15,2001,12,233.2
10.15.2001-15:00:00,10,15,2001,15,212.91
10.15.2001-18:00:00,10,15,2001,18,209.51
10.15.2001-21:00:00,10,15,2001,21,211.45
10.16.2001-00:00:00,10,16,2001,00,213.55
10.16.2001-03:00:00,10,16,2001,03,214.05
10.16.2001-06:00:00,10,16,2001,06,214.56
10.16.2001-09:00:00,10,16,2001,09,206.15
10.16.2001-12:00:00,10,16,2001,12,207.89
10.16.2001-15:00:00,10,16,2001,15,205.35
10.16.2001-18:00:00,10,16,2001,18,208.08
10.16.2001-21:00:00,10,16,2001,21,209.81
10.17.2001-00:00:00,10,17,2001,00,210.76
10.17.2001-03:00:00,10,17,2001,03,210.72
10.17.2001-06:00:00,10,17,2001,06,211.35
10.17.2001-09:00:00,10,17,2001,09,196.3
10.17.2001-12:00:00,10,17,2001,12,194.03
10.17.2001-15:00:00,10,17,2001,15,201.22
10.17.2001-18:00:00,10,17,2001,18,203.47
10.17.2001-21:00:00,10,17,2001,21,204.74
10.18.2001-00:00:00,10,18,2001,00,205.96
10.18.2001-03:00:00,10,18,2001,03,206.97
10.18.2001-06:00:00,10,18,2001,06,207.26
10.18.2001-09:00:00,10,18,2001,09,197.12
10.18.2001-12:00:00,10,18,2001,12,196.13
10.18.2001-15:00:00,10,18,2001,15,200.36
10.18.2001-18:00:00,10,18,2001,18,203.78
10.18.2001-21:00:00,10,18,2001,21,205.18
10.19.2001-00:00:00,10,19,2001,00,205.02
10.19.2001-03:00:00,10,19,2001,03,204.69
10.19.2001-06:00:00,10,19,2001,06,204.44
10.19.2001-09:00:00,10,19,2001,09,191.9
10.19.2001-12:00:00,10,19,2001,12,191.37
10.19.2001-15:00:00,10,19,2001,15,196.84
10.19.2001-18:00:00,10,19,2001,18,198.53
10.19.2001-21:00:00,10,19,2001,21,200.47
10.20.2001-00:00:00,10,20,2001,00,200.63
10.20.2001-03:00:00,10,20,2001,03,201.54
10.20.2001-06:00:00,10,20,2001,06,201.31
10.20.2001-09:00:00,10,20,2001,09,187.4
10.20.2001-12:00:00,10,20,2001,12,187.22
10.20.2001-15:00:00,10,20,2001,15,193.68
10.20.2001-18:00:00,10,20,2001,18,195.59
10.20.2001-21:00:00,10,20,2001,21,195.61
10.21.2001-00:00:00,10,21,2001,00,197.05
10.21.2001-03:00:00,10,21,2001,03,197.32
10.21.2001-06:00:00,10,21,2001,06,197.11
10.21.2001-09:00:00,10,21,2001,09,186.72
10.21.2001-12:00:00,10,21,2001,12,186.19
10.21.2001-15:00:00,10,21,2001,15,191.44
10.21.2001-18:00:00,10,21,2001,18,193.08
10.21.2001-21:00:00,10,21,2001,21,193.3
10.22.2001-00:00:00,10,22,2001,00,210.3
10.22.2001-03:00:00,10,22,2001,03,201.75
10.22.2001-06:00:00,10,22,2001,06,201.09
10.22.2001-09:00:00,10,22,2001,09,315
10.22.2001-12:00:00,10,22,2001,12,404.66
10.22.2001-15:00:00,10,22,2001,15,395.59
10.22.2001-18:00:00,10,22,2001,18,313.39
10.22.2001-21:00:00,10,22,2001,21,258.37
10.23.2001-00:00:00,10,23,2001,00,221.9
10.23.2001-03:00:00,10,23,2001,03,214.88
10.23.2001-06:00:00,10,23,2001,06,217.35
10.23.2001-09:00:00,10,23,2001,09,292.76
10.23.2001-12:00:00,10,23,2001,12,437.38
10.23.2001-15:00:00,10,23,2001,15,393.04
10.23.2001-18:00:00,10,23,2001,18,294.39
10.23.2001-21:00:00,10,23,2001,21,246.96
10.24.2001-00:00:00,10,24,2001,00,226.92
10.24.2001-03:00:00,10,24,2001,03,226.09
10.24.2001-06:00:00,10,24,2001,06,225.55
10.24.2001-09:00:00,10,24,2001,09,224.88
10.24.2001-12:00:00,10,24,2001,12,224.06
10.24.2001-15:00:00,10,24,2001,15,223.89
10.24.2001-18:00:00,10,24,2001,18,223.32
10.24.2001-21:00:00,10,24,2001,21,222.81
10.25.2001-00:00:00,10,25,2001,00,222.27
10.25.2001-03:00:00,10,25,2001,03,221.73
10.25.2001-06:00:00,10,25,2001,06,221.14
10.25.2001-09:00:00,10,25,2001,09,220.27
10.25.2001-12:00:00,10,25,2001,12,219.8
10.25.2001-15:00:00,10,25,2001,15,219.55
10.25.2001-18:00:00,10,25,2001,18,219.24
10.25.2001-21:00:00,10,25,2001,21,218.72
10.26.2001-00:00:00,10,26,2001,00,218.3
10.26.2001-03:00:00,10,26,2001,03,217.83
10.26.2001-06:00:00,10,26,2001,06,217.35
10.26.2001-09:00:00,10,26,2001,09,216.84
10.26.2001-12:00:00,10,26,2001,12,216.26
10.26.2001-15:00:00,10,26,2001,15,215.85
10.26.2001-18:00:00,10,26,2001,18,215.36
10.26.2001-21:00:00,10,26,2001,21,214.87
10.27.2001-00:00:00,10,27,2001,00,214.38
10.27.2001-03:00:00,10,27,2001,03,213.85
10.27.2001-06:00:00,10,27,2001,06,213.39
10.27.2001-09:00:00,10,27,2001,09,209.69
10.27.2001-12:00:00,10,27,2001,12,208.14
10.27.2001-15:00:00,10,27,2001,15,211.04
10.27.2001-18:00:00,10,27,2001,18,211.09
10.27.2001-21:00:00,10,27,2001,21,210.84
10.28.2001-00:00:00,10,28,2001,00,210.55
10.28.2001-03:00:00,10,28,2001,03,210.1
10.28.2001-06:00:00,10,28,2001,06,209.62
10.28.2001-09:00:00,10,28,2001,09,204.49
10.28.2001-12:00:00,10,28,2001,12,203.9
10.28.2001-15:00:00,10,28,2001,15,206.88
10.28.2001-18:00:00,10,28,2001,18,206.72
10.28.2001-21:00:00,10,28,2001,21,206.74
10.29.2001-00:00:00,10,29,2001,00,206.35
10.29.2001-03:00:00,10,29,2001,03,205.92
10.29.2001-06:00:00,10,29,2001,06,205.48
10.29.2001-09:00:00,10,29,2001,09,203.6
10.29.2001-12:00:00,10,29,2001,12,202.22
10.29.2001-15:00:00,10,29,2001,15,203.65
10.29.2001-18:00:00,10,29,2001,18,203.59
10.29.2001-21:00:00,10,29,2001,21,203.19
10.30.2001-00:00:00,10,30,2001,00,202.76
10.30.2001-03:00:00,10,30,2001,03,202.34
10.30.2001-06:00:00,10,30,2001,06,201.92
10.30.2001-09:00:00,10,30,2001,09,200.91
10.30.2001-12:00:00,10,30,2001,12,200.59
10.30.2001-15:00:00,10,30,2001,15,200.72
10.30.2001-18:00:00,10,30,2001,18,200.54
10.30.2001-21:00:00,10,30,2001,21,200.29
10.31.2001-00:00:00,10,31,2001,00,200.03
10.31.2001-03:00:00,10,31,2001,03,199.74
10.31.2001-06:00:00,10,31,2001,06,199.44
10.31.2001-09:00:00,10,31,2001,09,199.03
10.31.2001-12:00:00,10,31,2001,12,198.6
10.31.2001-15:00:00,10,31,2001,15,198.39
10.31.2001-18:00:00,10,31,2001,18,198.08
10.31.2001-21:00:00,10,31,2001,21,197.76
11.01.2001-00:00:00,11,01,2001,00,197.44
11.01.2001-03:00:00,11,01,2001,03,197.12
11.01.2001-06:00:00,11,01,2001,06,196.78
11.01.2001-09:00:00,11,01,2001,09,195.67
11.01.2001-12:00:00,11,01,2001,12,194.55
11.01.2001-15:00:00,11,01,2001,15,195.4
11.01.2001-18:00:00,11,01,2001,18,195.31
11.01.2001-21:00:00,11,01,2001,21,195
11.02.2001-00:00:00,11,02,2001,00,194.67
11.02.2001-03:00:00,11,02,2001,03,193.6
11.02.2001-06:00:00,11,02,2001,06,193.95
11.02.2001-09:00:00,11,02,2001,09,190.46
11.02.2001-12:00:00,11,02,2001,12,191.05
11.02.2001-15:00:00,11,02,2001,15,192.02
11.02.2001-18:00:00,11,02,2001,18,191.86
11.02.2001-21:00:00,11,02,2001,21,191.58
11.03.2001-00:00:00,11,03,2001,00,191.29
11.03.2001-03:00:00,11,03,2001,03,191
11.03.2001-06:00:00,11,03,2001,06,190.68
11.03.2001-09:00:00,11,03,2001,09,186.24
11.03.2001-12:00:00,11,03,2001,12,187.19
11.03.2001-15:00:00,11,03,2001,15,189.52
11.03.2001-18:00:00,11,03,2001,18,189.45
11.03.2001-21:00:00,11,03,2001,21,189.25
11.04.2001-00:00:00,11,04,2001,00,189.01
11.04.2001-03:00:00,11,04,2001,03,188.72
11.04.2001-06:00:00,11,04,2001,06,188.4
11.04.2001-09:00:00,11,04,2001,09,183.91
11.04.2001-12:00:00,11,04,2001,12,184.89
11.04.2001-15:00:00,11,04,2001,15,187.38
11.04.2001-18:00:00,11,04,2001,18,187.38
11.04.2001-21:00:00,11,04,2001,21,187.2
11.05.2001-00:00:00,11,05,2001,00,186.99
11.05.2001-03:00:00,11,05,2001,03,186.75
11.05.2001-06:00:00,11,05,2001,06,186.48
11.05.2001-09:00:00,11,05,2001,09,181.96
11.05.2001-12:00:00,11,05,2001,12,183.05
11.05.2001-15:00:00,11,05,2001,15,185.52
11.05.2001-18:00:00,11,05,2001,18,185.63
11.05.2001-21:00:00,11,05,2001,21,185.52
11.06.2001-00:00:00,11,06,2001,00,185.3
11.06.2001-03:00:00,11,06,2001,03,185.06
11.06.2001-06:00:00,11,06,2001,06,184.79
11.06.2001-09:00:00,11,06,2001,09,181.91
11.06.2001-12:00:00,11,06,2001,12,182.17
11.06.2001-15:00:00,11,06,2001,15,183.58
11.06.2001-18:00:00,11,06,2001,18,183.36
11.06.2001-21:00:00,11,06,2001,21,183.04
11.07.2001-00:00:00,11,07,2001,00,182.71
11.07.2001-03:00:00,11,07,2001,03,182.39
11.07.2001-06:00:00,11,07,2001,06,182.06
11.07.2001-09:00:00,11,07,2001,09,180.15
11.07.2001-12:00:00,11,07,2001,12,180.01
11.07.2001-15:00:00,11,07,2001,15,180.94
11.07.2001-18:00:00,11,07,2001,18,180.69
11.07.2001-21:00:00,11,07,2001,21,180.37
11.08.2001-00:00:00,11,08,2001,00,180.04
11.08.2001-03:00:00,11,08,2001,03,179.72
11.08.2001-06:00:00,11,08,2001,06,179.4
11.08.2001-09:00:00,11,08,2001,09,179.07
11.08.2001-12:00:00,11,08,2001,12,178.73
11.08.2001-15:00:00,11,08,2001,15,178.41
11.08.2001-18:00:00,11,08,2001,18,178.09
11.08.2001-21:00:00,11,08,2001,21,177.77
11.09.2001-00:00:00,11,09,2001,00,177.45
11.09.2001-03:00:00,11,09,2001,03,177.13
11.09.2001-06:00:00,11,09,2001,06,176.81
11.09.2001-09:00:00,11,09,2001,09,175.04
11.09.2001-12:00:00,11,09,2001,12,174.8
11.09.2001-15:00:00,11,09,2001,15,175.71
11.09.2001-18:00:00,11,09,2001,18,175.46
11.09.2001-21:00:00,11,09,2001,21,175.14
11.10.2001-00:00:00,11,10,2001,00,174.82
11.10.2001-03:00:00,11,10,2001,03,174.5
11.10.2001-06:00:00,11,10,2001,06,174.18
11.10.2001-09:00:00,11,10,2001,09,172.77
11.10.2001-12:00:00,11,10,2001,12,172.29
11.10.2001-15:00:00,11,10,2001,15,173.09
11.10.2001-18:00:00,11,10,2001,18,172.84
11.10.2001-21:00:00,11,10,2001,21,172.52
11.11.2001-00:00:00,11,11,2001,00,172.2
11.11.2001-03:00:00,11,11,2001,03,171.89
11.11.2001-06:00:00,11,11,2001,06,171.57
11.11.2001-09:00:00,11,11,2001,09,169.44
11.11.2001-12:00:00,11,11,2001,12,169.19
11.11.2001-15:00:00,11,11,2001,15,170.38
11.11.2001-18:00:00,11,11,2001,18,170.19
11.11.2001-21:00:00,11,11,2001,21,169.88
11.12.2001-00:00:00,11,12,2001,00,169.56
11.12.2001-03:00:00,11,12,2001,03,169.25
11.12.2001-06:00:00,11,12,2001,06,168.93
11.12.2001-09:00:00,11,12,2001,09,165.96
11.12.2001-12:00:00,11,12,2001,12,166.11
11.12.2001-15:00:00,11,12,2001,15,167.72
11.12.2001-18:00:00,11,12,2001,18,167.56
11.12.2001-21:00:00,11,12,2001,21,167.28
11.13.2001-00:00:00,11,13,2001,00,167.52
11.13.2001-03:00:00,11,13,2001,03,167.67
11.13.2001-06:00:00,11,13,2001,06,168.05
11.13.2001-09:00:00,11,13,2001,09,176.19
11.13.2001-12:00:00,11,13,2001,12,211.88
11.13.2001-15:00:00,11,13,2001,15,245.49
11.13.2001-18:00:00,11,13,2001,18,217.95
11.13.2001-21:00:00,11,13,2001,21,197.6
11.14.2001-00:00:00,11,14,2001,00,210.98
11.14.2001-03:00:00,11,14,2001,03,217.38
11.14.2001-06:00:00,11,14,2001,06,214.88
11.14.2001-09:00:00,11,14,2001,09,325.65
11.14.2001-12:00:00,11,14,2001,12,392.23
11.14.2001-15:00:00,11,14,2001,15,390.14
11.14.2001-18:00:00,11,14,2001,18,362.1
11.14.2001-21:00:00,11,14,2001,21,348.87
11.15.2001-00:00:00,11,15,2001,00,240.93
11.15.2001-03:00:00,11,15,2001,03,237.52
11.15.2001-06:00:00,11,15,2001,06,237.67
11.15.2001-09:00:00,11,15,2001,09,236.17
11.15.2001-12:00:00,11,15,2001,12,239.3
11.15.2001-15:00:00,11,15,2001,15,243.92
11.15.2001-18:00:00,11,15,2001,18,241.32
11.15.2001-21:00:00,11,15,2001,21,240.84
11.16.2001-00:00:00,11,16,2001,00,239.95
11.16.2001-03:00:00,11,16,2001,03,239.98
11.16.2001-06:00:00,11,16,2001,06,238.54
11.16.2001-09:00:00,11,16,2001,09,237.08
11.16.2001-12:00:00,11,16,2001,12,242.02
11.16.2001-15:00:00,11,16,2001,15,246.73
11.16.2001-18:00:00,11,16,2001,18,244.43
11.16.2001-21:00:00,11,16,2001,21,243.52
11.17.2001-00:00:00,11,17,2001,00,242.25
11.17.2001-03:00:00,11,17,2001,03,241.21
11.17.2001-06:00:00,11,17,2001,06,241.03
11.17.2001-09:00:00,11,17,2001,09,238.08
11.17.2001-12:00:00,11,17,2001,12,238
11.17.2001-15:00:00,11,17,2001,15,244.59
11.17.2001-18:00:00,11,17,2001,18,242.39
11.17.2001-21:00:00,11,17,2001,21,239.94
11.18.2001-00:00:00,11,18,2001,00,239.64
11.18.2001-03:00:00,11,18,2001,03,239.44
11.18.2001-06:00:00,11,18,2001,06,239.19
11.18.2001-09:00:00,11,18,2001,09,237.13
11.18.2001-12:00:00,11,18,2001,12,236.87
11.18.2001-15:00:00,11,18,2001,15,238.14
11.18.2001-18:00:00,11,18,2001,18,237.95
11.18.2001-21:00:00,11,18,2001,21,237.69
11.19.2001-00:00:00,11,19,2001,00,237.43
11.19.2001-03:00:00,11,19,2001,03,237.16
11.19.2001-06:00:00,11,19,2001,06,236.89
11.19.2001-09:00:00,11,19,2001,09,237.45
11.19.2001-12:00:00,11,19,2001,12,239.34
11.19.2001-15:00:00,11,19,2001,15,236.92
11.19.2001-18:00:00,11,19,2001,18,236.58
11.19.2001-21:00:00,11,19,2001,21,236.31
11.20.2001-00:00:00,11,20,2001,00,236.05
11.20.2001-03:00:00,11,20,2001,03,235.76
11.20.2001-06:00:00,11,20,2001,06,235.47
11.20.2001-09:00:00,11,20,2001,09,235.24
11.20.2001-12:00:00,11,20,2001,12,235.08
11.20.2001-15:00:00,11,20,2001,15,234.93
11.20.2001-18:00:00,11,20,2001,18,234.79
11.20.2001-21:00:00,11,20,2001,21,234.67
11.21.2001-00:00:00,11,21,2001,00,234.41
11.21.2001-03:00:00,11,21,2001,03,234.13
11.21.2001-06:00:00,11,21,2001,06,233.82
11.21.2001-09:00:00,11,21,2001,09,233.41
11.21.2001-12:00:00,11,21,2001,12,233.1
11.21.2001-15:00:00,11,21,2001,15,232.96
11.21.2001-18:00:00,11,21,2001,18,232.81
11.21.2001-21:00:00,11,21,2001,21,232.58
11.22.2001-00:00:00,11,22,2001,00,234.21
11.22.2001-03:00:00,11,22,2001,03,239.03
11.22.2001-06:00:00,11,22,2001,06,238.59
11.22.2001-09:00:00,11,22,2001,09,242.56
11.22.2001-12:00:00,11,22,2001,12,247.02
11.22.2001-15:00:00,11,22,2001,15,252.84
11.22.2001-18:00:00,11,22,2001,18,266.44
11.22.2001-21:00:00,11,22,2001,21,258.01
11.23.2001-00:00:00,11,23,2001,00,237.13
11.23.2001-03:00:00,11,23,2001,03,236.04
11.23.2001-06:00:00,11,23,2001,06,235.6
11.23.2001-09:00:00,11,23,2001,09,235.25
11.23.2001-12:00:00,11,23,2001,12,236.09
11.23.2001-15:00:00,11,23,2001,15,235.95
11.23.2001-18:00:00,11,23,2001,18,234.6
11.23.2001-21:00:00,11,23,2001,21,233.17
11.24.2001-00:00:00,11,24,2001,00,232.75
11.24.2001-03:00:00,11,24,2001,03,232.36
11.24.2001-06:00:00,11,24,2001,06,231.97
11.24.2001-09:00:00,11,24,2001,09,231.55
11.24.2001-12:00:00,11,24,2001,12,230.94
11.24.2001-15:00:00,11,24,2001,15,230.76
11.24.2001-18:00:00,11,24,2001,18,230.36
11.24.2001-21:00:00,11,24,2001,21,229.96
11.25.2001-00:00:00,11,25,2001,00,229.55
11.25.2001-03:00:00,11,25,2001,03,229.14
11.25.2001-06:00:00,11,25,2001,06,228.73
11.25.2001-09:00:00,11,25,2001,09,228.32
11.25.2001-12:00:00,11,25,2001,12,227.48
11.25.2001-15:00:00,11,25,2001,15,227.47
11.25.2001-18:00:00,11,25,2001,18,227.07
11.25.2001-21:00:00,11,25,2001,21,226.65
11.26.2001-00:00:00,11,26,2001,00,226.22
11.26.2001-03:00:00,11,26,2001,03,225.8
11.26.2001-06:00:00,11,26,2001,06,225.38
11.26.2001-09:00:00,11,26,2001,09,224.94
11.26.2001-12:00:00,11,26,2001,12,224.25
11.26.2001-15:00:00,11,26,2001,15,224.07
11.26.2001-18:00:00,11,26,2001,18,223.64
11.26.2001-21:00:00,11,26,2001,21,223.21
11.27.2001-00:00:00,11,27,2001,00,222.77
11.27.2001-03:00:00,11,27,2001,03,222.34
11.27.2001-06:00:00,11,27,2001,06,221.9
11.27.2001-09:00:00,11,27,2001,09,221.46
11.27.2001-12:00:00,11,27,2001,12,221.01
11.27.2001-15:00:00,11,27,2001,15,220.6
11.27.2001-18:00:00,11,27,2001,18,220.18
11.27.2001-21:00:00,11,27,2001,21,219.76
11.28.2001-00:00:00,11,28,2001,00,219.34
11.28.2001-03:00:00,11,28,2001,03,218.92
11.28.2001-06:00:00,11,28,2001,06,218.5
11.28.2001-09:00:00,11,28,2001,09,218.07
11.28.2001-12:00:00,11,28,2001,12,217.64
11.28.2001-15:00:00,11,28,2001,15,217.21
11.28.2001-18:00:00,11,28,2001,18,216.78
11.28.2001-21:00:00,11,28,2001,21,216.35
11.29.2001-00:00:00,11,29,2001,00,215.92
11.29.2001-03:00:00,11,29,2001,03,215.48
11.29.2001-06:00:00,11,29,2001,06,215.04
11.29.2001-09:00:00,11,29,2001,09,214.61
11.29.2001-12:00:00,11,29,2001,12,214.17
11.29.2001-15:00:00,11,29,2001,15,213.72
11.29.2001-18:00:00,11,29,2001,18,213.28
11.29.2001-21:00:00,11,29,2001,21,212.84
11.30.2001-00:00:00,11,30,2001,00,212.39
11.30.2001-03:00:00,11,30,2001,03,211.94
11.30.2001-06:00:00,11,30,2001,06,211.5
11.30.2001-09:00:00,11,30,2001,09,211.04
11.30.2001-12:00:00,11,30,2001,12,210.55
11.30.2001-15:00:00,11,30,2001,15,210.14
11.30.2001-18:00:00,11,30,2001,18,209.68
11.30.2001-21:00:00,11,30,2001,21,209.23
12.01.2001-00:00:00,12,01,2001,00,208.77
12.01.2001-03:00:00,12,01,2001,03,208.32
12.01.2001-06:00:00,12,01,2001,06,207.86
12.01.2001-09:00:00,12,01,2001,09,207.4
12.01.2001-12:00:00,12,01,2001,12,206.94
12.01.2001-15:00:00,12,01,2001,15,206.48
12.01.2001-18:00:00,12,01,2001,18,206.02
12.01.2001-21:00:00,12,01,2001,21,205.56
12.02.2001-00:00:00,12,02,2001,00,205.12
12.02.2001-03:00:00,12,02,2001,03,204.68
12.02.2001-06:00:00,12,02,2001,06,204.24
12.02.2001-09:00:00,12,02,2001,09,203.79
12.02.2001-12:00:00,12,02,2001,12,203.25
12.02.2001-15:00:00,12,02,2001,15,202.9
12.02.2001-18:00:00,12,02,2001,18,202.45
12.02.2001-21:00:00,12,02,2001,21,202.01
12.03.2001-00:00:00,12,03,2001,00,201.56
12.03.2001-03:00:00,12,03,2001,03,201.11
12.03.2001-06:00:00,12,03,2001,06,200.66
12.03.2001-09:00:00,12,03,2001,09,200.21
12.03.2001-12:00:00,12,03,2001,12,199.76
12.03.2001-15:00:00,12,03,2001,15,199.31
12.03.2001-18:00:00,12,03,2001,18,198.86
12.03.2001-21:00:00,12,03,2001,21,198.4
12.04.2001-00:00:00,12,04,2001,00,197.95
12.04.2001-03:00:00,12,04,2001,03,197.5
12.04.2001-06:00:00,12,04,2001,06,197.04
12.04.2001-09:00:00,12,04,2001,09,196.59
12.04.2001-12:00:00,12,04,2001,12,196.13
12.04.2001-15:00:00,12,04,2001,15,195.68
12.04.2001-18:00:00,12,04,2001,18,195.22
12.04.2001-21:00:00,12,04,2001,21,194.77
12.05.2001-00:00:00,12,05,2001,00,194.31
12.05.2001-03:00:00,12,05,2001,03,193.85
12.05.2001-06:00:00,12,05,2001,06,193.4
12.05.2001-09:00:00,12,05,2001,09,192.94
12.05.2001-12:00:00,12,05,2001,12,192.48
12.05.2001-15:00:00,12,05,2001,15,192.02
12.05.2001-18:00:00,12,05,2001,18,191.57
12.05.2001-21:00:00,12,05,2001,21,191.11
12.06.2001-00:00:00,12,06,2001,00,190.65
12.06.2001-03:00:00,12,06,2001,03,190.19
12.06.2001-06:00:00,12,06,2001,06,189.74
12.06.2001-09:00:00,12,06,2001,09,189.28
12.06.2001-12:00:00,12,06,2001,12,188.82
12.06.2001-15:00:00,12,06,2001,15,188.36
12.06.2001-18:00:00,12,06,2001,18,187.9
12.06.2001-21:00:00,12,06,2001,21,187.45
12.07.2001-00:00:00,12,07,2001,00,186.99
12.07.2001-03:00:00,12,07,2001,03,186.53
12.07.2001-06:00:00,12,07,2001,06,186.07
12.07.2001-09:00:00,12,07,2001,09,185.62
12.07.2001-12:00:00,12,07,2001,12,185.16
12.07.2001-15:00:00,12,07,2001,15,184.7
12.07.2001-18:00:00,12,07,2001,18,184.25
12.07.2001-21:00:00,12,07,2001,21,183.79
12.08.2001-00:00:00,12,08,2001,00,183.34
12.08.2001-03:00:00,12,08,2001,03,182.88
12.08.2001-06:00:00,12,08,2001,06,182.43
12.08.2001-09:00:00,12,08,2001,09,181.97
12.08.2001-12:00:00,12,08,2001,12,181.45
12.08.2001-15:00:00,12,08,2001,15,181.06
12.08.2001-18:00:00,12,08,2001,18,180.6
12.08.2001-21:00:00,12,08,2001,21,180.15
12.09.2001-00:00:00,12,09,2001,00,179.7
12.09.2001-03:00:00,12,09,2001,03,179.25
12.09.2001-06:00:00,12,09,2001,06,178.79
12.09.2001-09:00:00,12,09,2001,09,178.34
12.09.2001-12:00:00,12,09,2001,12,177.89
12.09.2001-15:00:00,12,09,2001,15,177.44
12.09.2001-18:00:00,12,09,2001,18,176.99
12.09.2001-21:00:00,12,09,2001,21,176.54
12.10.2001-00:00:00,12,10,2001,00,176.09
12.10.2001-03:00:00,12,10,2001,03,175.65
12.10.2001-06:00:00,12,10,2001,06,175.2
12.10.2001-09:00:00,12,10,2001,09,174.76
12.10.2001-12:00:00,12,10,2001,12,174.31
12.10.2001-15:00:00,12,10,2001,15,173.87
12.10.2001-18:00:00,12,10,2001,18,173.42
12.10.2001-21:00:00,12,10,2001,21,172.98
12.11.2001-00:00:00,12,11,2001,00,172.54
12.11.2001-03:00:00,12,11,2001,03,172.1
12.11.2001-06:00:00,12,11,2001,06,171.66
12.11.2001-09:00:00,12,11,2001,09,171.22
12.11.2001-12:00:00,12,11,2001,12,170.78
12.11.2001-15:00:00,12,11,2001,15,170.35
12.11.2001-18:00:00,12,11,2001,18,169.91
12.11.2001-21:00:00,12,11,2001,21,169.48
12.12.2001-00:00:00,12,12,2001,00,169.04
12.12.2001-03:00:00,12,12,2001,03,168.61
12.12.2001-06:00:00,12,12,2001,06,168.18
12.12.2001-09:00:00,12,12,2001,09,167.74
12.12.2001-12:00:00,12,12,2001,12,167.31
12.12.2001-15:00:00,12,12,2001,15,166.88
12.12.2001-18:00:00,12,12,2001,18,166.45
12.12.2001-21:00:00,12,12,2001,21,166.03
12.13.2001-00:00:00,12,13,2001,00,165.6
12.13.2001-03:00:00,12,13,2001,03,165.17
12.13.2001-06:00:00,12,13,2001,06,164.74
12.13.2001-09:00:00,12,13,2001,09,164.32
12.13.2001-12:00:00,12,13,2001,12,163.89
12.13.2001-15:00:00,12,13,2001,15,163.51
12.13.2001-18:00:00,12,13,2001,18,163.12
12.13.2001-21:00:00,12,13,2001,21,162.74
12.14.2001-00:00:00,12,14,2001,00,162.35
12.14.2001-03:00:00,12,14,2001,03,161.97
12.14.2001-06:00:00,12,14,2001,06,161.59
12.14.2001-09:00:00,12,14,2001,09,161.21
12.14.2001-12:00:00,12,14,2001,12,160.59
12.14.2001-15:00:00,12,14,2001,15,160.5
12.14.2001-18:00:00,12,14,2001,18,160.16
12.14.2001-21:00:00,12,14,2001,21,159.81
12.15.2001-00:00:00,12,15,2001,00,159.46
12.15.2001-03:00:00,12,15,2001,03,159.11
12.15.2001-06:00:00,12,15,2001,06,158.76
12.15.2001-09:00:00,12,15,2001,09,158.41
12.15.2001-12:00:00,12,15,2001,12,158.06
12.15.2001-15:00:00,12,15,2001,15,157.71
12.15.2001-18:00:00,12,15,2001,18,157.36
12.15.2001-21:00:00,12,15,2001,21,157.01
12.16.2001-00:00:00,12,16,2001,00,156.67
12.16.2001-03:00:00,12,16,2001,03,156.33
12.16.2001-06:00:00,12,16,2001,06,156
12.16.2001-09:00:00,12,16,2001,09,155.67
12.16.2001-12:00:00,12,16,2001,12,155.33
12.16.2001-15:00:00,12,16,2001,15,155
12.16.2001-18:00:00,12,16,2001,18,154.66
12.16.2001-21:00:00,12,16,2001,21,154.33
12.17.2001-00:00:00,12,17,2001,00,153.99
12.17.2001-03:00:00,12,17,2001,03,153.66
12.17.2001-06:00:00,12,17,2001,06,153.32
12.17.2001-09:00:00,12,17,2001,09,152.98
12.17.2001-12:00:00,12,17,2001,12,152.64
12.17.2001-15:00:00,12,17,2001,15,152.31
12.17.2001-18:00:00,12,17,2001,18,151.97
12.17.2001-21:00:00,12,17,2001,21,151.64
12.18.2001-00:00:00,12,18,2001,00,151.3
12.18.2001-03:00:00,12,18,2001,03,150.96
12.18.2001-06:00:00,12,18,2001,06,150.63
12.18.2001-09:00:00,12,18,2001,09,150.29
12.18.2001-12:00:00,12,18,2001,12,149.95
12.18.2001-15:00:00,12,18,2001,15,149.61
12.18.2001-18:00:00,12,18,2001,18,149.28
12.18.2001-21:00:00,12,18,2001,21,148.94
12.19.2001-00:00:00,12,19,2001,00,148.6
12.19.2001-03:00:00,12,19,2001,03,148.27
12.19.2001-06:00:00,12,19,2001,06,147.93
12.19.2001-09:00:00,12,19,2001,09,147.6
12.19.2001-12:00:00,12,19,2001,12,147.26
12.19.2001-15:00:00,12,19,2001,15,146.92
12.19.2001-18:00:00,12,19,2001,18,146.59
12.19.2001-21:00:00,12,19,2001,21,146.25
12.20.2001-00:00:00,12,20,2001,00,145.92
12.20.2001-03:00:00,12,20,2001,03,145.58
12.20.2001-06:00:00,12,20,2001,06,145.25
12.20.2001-09:00:00,12,20,2001,09,144.91
12.20.2001-12:00:00,12,20,2001,12,144.58
12.20.2001-15:00:00,12,20,2001,15,144.24
12.20.2001-18:00:00,12,20,2001,18,143.91
12.20.2001-21:00:00,12,20,2001,21,143.58
12.21.2001-00:00:00,12,21,2001,00,143.24
12.21.2001-03:00:00,12,21,2001,03,142.91
12.21.2001-06:00:00,12,21,2001,06,142.58
12.21.2001-09:00:00,12,21,2001,09,142.25
12.21.2001-12:00:00,12,21,2001,12,141.92
12.21.2001-15:00:00,12,21,2001,15,141.59
12.21.2001-18:00:00,12,21,2001,18,141.26
12.21.2001-21:00:00,12,21,2001,21,140.93
12.22.2001-00:00:00,12,22,2001,00,140.6
12.22.2001-03:00:00,12,22,2001,03,140.27
12.22.2001-06:00:00,12,22,2001,06,139.94
12.22.2001-09:00:00,12,22,2001,09,139.62
12.22.2001-12:00:00,12,22,2001,12,139.29
12.22.2001-15:00:00,12,22,2001,15,138.96
12.22.2001-18:00:00,12,22,2001,18,138.64
12.22.2001-21:00:00,12,22,2001,21,138.31
12.23.2001-00:00:00,12,23,2001,00,137.98
12.23.2001-03:00:00,12,23,2001,03,137.66
12.23.2001-06:00:00,12,23,2001,06,137.33
12.23.2001-09:00:00,12,23,2001,09,137.01
12.23.2001-12:00:00,12,23,2001,12,136.69
12.23.2001-15:00:00,12,23,2001,15,136.36
12.23.2001-18:00:00,12,23,2001,18,136.04
12.23.2001-21:00:00,12,23,2001,21,135.72
12.24.2001-00:00:00,12,24,2001,00,135.4
12.24.2001-03:00:00,12,24,2001,03,135.08
12.24.2001-06:00:00,12,24,2001,06,134.77
12.24.2001-09:00:00,12,24,2001,09,134.45
12.24.2001-12:00:00,12,24,2001,12,134.13
12.24.2001-15:00:00,12,24,2001,15,133.81
12.24.2001-18:00:00,12,24,2001,18,133.49
12.24.2001-21:00:00,12,24,2001,21,133.18
12.25.2001-00:00:00,12,25,2001,00,132.86
12.25.2001-03:00:00,12,25,2001,03,132.55
12.25.2001-06:00:00,12,25,2001,06,132.23
12.25.2001-09:00:00,12,25,2001,09,131.92
12.25.2001-12:00:00,12,25,2001,12,131.61
12.25.2001-15:00:00,12,25,2001,15,131.29
12.25.2001-18:00:00,12,25,2001,18,130.98
12.25.2001-21:00:00,12,25,2001,21,130.67
12.26.2001-00:00:00,12,26,2001,00,130.36
12.26.2001-03:00:00,12,26,2001,03,130.05
12.26.2001-06:00:00,12,26,2001,06,129.74
12.26.2001-09:00:00,12,26,2001,09,129.43
12.26.2001-12:00:00,12,26,2001,12,129.13
12.26.2001-15:00:00,12,26,2001,15,128.82
12.26.2001-18:00:00,12,26,2001,18,128.52
12.26.2001-21:00:00,12,26,2001,21,128.22
12.27.2001-00:00:00,12,27,2001,00,127.91
12.27.2001-03:00:00,12,27,2001,03,127.61
12.27.2001-06:00:00,12,27,2001,06,127.31
12.27.2001-09:00:00,12,27,2001,09,127.01
12.27.2001-12:00:00,12,27,2001,12,126.71
12.27.2001-15:00:00,12,27,2001,15,126.41
12.27.2001-18:00:00,12,27,2001,18,126.11
12.27.2001-21:00:00,12,27,2001,21,125.81
12.28.2001-00:00:00,12,28,2001,00,125.51
12.28.2001-03:00:00,12,28,2001,03,125.22
12.28.2001-06:00:00,12,28,2001,06,124.92
12.28.2001-09:00:00,12,28,2001,09,124.62
12.28.2001-12:00:00,12,28,2001,12,124.33
12.28.2001-15:00:00,12,28,2001,15,124.03
12.28.2001-18:00:00,12,28,2001,18,123.74
12.28.2001-21:00:00,12,28,2001,21,123.44
12.29.2001-00:00:00,12,29,2001,00,123.15
12.29.2001-03:00:00,12,29,2001,03,122.86
12.29.2001-06:00:00,12,29,2001,06,122.57
12.29.2001-09:00:00,12,29,2001,09,122.29
12.29.2001-12:00:00,12,29,2001,12,122
12.29.2001-15:00:00,12,29,2001,15,121.71
12.29.2001-18:00:00,12,29,2001,18,121.43
12.29.2001-21:00:00,12,29,2001,21,121.14
12.30.2001-00:00:00,12,30,2001,00,120.86
12.30.2001-03:00:00,12,30,2001,03,120.58
12.30.2001-06:00:00,12,30,2001,06,120.29
12.30.2001-09:00:00,12,30,2001,09,120.01
12.30.2001-12:00:00,12,30,2001,12,119.73
12.30.2001-15:00:00,12,30,2001,15,119.45
12.30.2001-18:00:00,12,30,2001,18,119.17
12.30.2001-21:00:00,12,30,2001,21,118.89
12.31.2001-00:00:00,12,31,2001,00,118.61
12.31.2001-03:00:00,12,31,2001,03,118.33
12.31.2001-06:00:00,12,31,2001,06,118.06
12.31.2001-09:00:00,12,31,2001,09,117.78
12.31.2001-12:00:00,12,31,2001,12,117.52
12.31.2001-15:00:00,12,31,2001,15,117.27
12.31.2001-18:00:00,12,31,2001,18,117.02
12.31.2001-21:00:00,12,31,2001,21,116.76
01.01.2002-00:00:00,01,01,2002,00,116.51
01.01.2002-03:00:00,01,01,2002,03,116.26
01.01.2002-06:00:00,01,01,2002,06,116.01
01.01.2002-09:00:00,01,01,2002,09,115.75
01.01.2002-12:00:00,01,01,2002,12,115.5
01.01.2002-15:00:00,01,01,2002,15,115.25
01.01.2002-18:00:00,01,01,2002,18,115
01.01.2002-21:00:00,01,01,2002,21,114.75
01.02.2002-00:00:00,01,02,2002,00,114.5
01.02.2002-03:00:00,01,02,2002,03,114.25
01.02.2002-06:00:00,01,02,2002,06,114
01.02.2002-09:00:00,01,02,2002,09,113.75
01.02.2002-12:00:00,01,02,2002,12,113.5
01.02.2002-15:00:00,01,02,2002,15,113.25
01.02.2002-18:00:00,01,02,2002,18,113.01
01.02.2002-21:00:00,01,02,2002,21,112.76
01.03.2002-00:00:00,01,03,2002,00,112.51
01.03.2002-03:00:00,01,03,2002,03,112.26
01.03.2002-06:00:00,01,03,2002,06,112.02
01.03.2002-09:00:00,01,03,2002,09,111.77
01.03.2002-12:00:00,01,03,2002,12,111.52
01.03.2002-15:00:00,01,03,2002,15,111.28
01.03.2002-18:00:00,01,03,2002,18,111.03
01.03.2002-21:00:00,01,03,2002,21,110.79
01.04.2002-00:00:00,01,04,2002,00,110.55
01.04.2002-03:00:00,01,04,2002,03,110.3
01.04.2002-06:00:00,01,04,2002,06,110.06
01.04.2002-09:00:00,01,04,2002,09,109.81
01.04.2002-12:00:00,01,04,2002,12,109.57
01.04.2002-15:00:00,01,04,2002,15,109.32
01.04.2002-18:00:00,01,04,2002,18,109.08
01.04.2002-21:00:00,01,04,2002,21,108.84
01.05.2002-00:00:00,01,05,2002,00,108.6
01.05.2002-03:00:00,01,05,2002,03,108.36
01.05.2002-06:00:00,01,05,2002,06,108.12
01.05.2002-09:00:00,01,05,2002,09,107.88
01.05.2002-12:00:00,01,05,2002,12,107.64
01.05.2002-15:00:00,01,05,2002,15,107.41
01.05.2002-18:00:00,01,05,2002,18,107.17
01.05.2002-21:00:00,01,05,2002,21,106.93
01.06.2002-00:00:00,01,06,2002,00,106.7
01.06.2002-03:00:00,01,06,2002,03,106.46
01.06.2002-06:00:00,01,06,2002,06,106.23
01.06.2002-09:00:00,01,06,2002,09,105.99
01.06.2002-12:00:00,01,06,2002,12,105.76
01.06.2002-15:00:00,01,06,2002,15,105.53
01.06.2002-18:00:00,01,06,2002,18,105.3
01.06.2002-21:00:00,01,06,2002,21,105.07
01.07.2002-00:00:00,01,07,2002,00,104.84
01.07.2002-03:00:00,01,07,2002,03,104.61
01.07.2002-06:00:00,01,07,2002,06,104.38
01.07.2002-09:00:00,01,07,2002,09,104.15
01.07.2002-12:00:00,01,07,2002,12,103.92
01.07.2002-15:00:00,01,07,2002,15,103.69
01.07.2002-18:00:00,01,07,2002,18,103.47
01.07.2002-21:00:00,01,07,2002,21,103.24
01.08.2002-00:00:00,01,08,2002,00,103.02
01.08.2002-03:00:00,01,08,2002,03,102.8
01.08.2002-06:00:00,01,08,2002,06,102.58
01.08.2002-09:00:00,01,08,2002,09,102.35
01.08.2002-12:00:00,01,08,2002,12,102.13
01.08.2002-15:00:00,01,08,2002,15,101.92
01.08.2002-18:00:00,01,08,2002,18,101.7
01.08.2002-21:00:00,01,08,2002,21,101.48
01.09.2002-00:00:00,01,09,2002,00,101.27
01.09.2002-03:00:00,01,09,2002,03,101.05
01.09.2002-06:00:00,01,09,2002,06,100.84
01.09.2002-09:00:00,01,09,2002,09,100.61
01.09.2002-12:00:00,01,09,2002,12,100.39
01.09.2002-15:00:00,01,09,2002,15,100.17
01.09.2002-18:00:00,01,09,2002,18,99.964
01.09.2002-21:00:00,01,09,2002,21,99.753
01.10.2002-00:00:00,01,10,2002,00,99.544
01.10.2002-03:00:00,01,10,2002,03,99.334
01.10.2002-06:00:00,01,10,2002,06,99.125
01.10.2002-09:00:00,01,10,2002,09,98.9
01.10.2002-12:00:00,01,10,2002,12,98.68
01.10.2002-15:00:00,01,10,2002,15,98.472
01.10.2002-18:00:00,01,10,2002,18,98.265
01.10.2002-21:00:00,01,10,2002,21,98.059
01.11.2002-00:00:00,01,11,2002,00,97.854
01.11.2002-03:00:00,01,11,2002,03,97.648
01.11.2002-06:00:00,01,11,2002,06,97.443
01.11.2002-09:00:00,01,11,2002,09,97.235
01.11.2002-12:00:00,01,11,2002,12,97.021
01.11.2002-15:00:00,01,11,2002,15,96.817
01.11.2002-18:00:00,01,11,2002,18,96.614
01.11.2002-21:00:00,01,11,2002,21,96.411
01.12.2002-00:00:00,01,12,2002,00,96.209
01.12.2002-03:00:00,01,12,2002,03,96.007
01.12.2002-06:00:00,01,12,2002,06,95.805
01.12.2002-09:00:00,01,12,2002,09,95.603
01.12.2002-12:00:00,01,12,2002,12,95.401
01.12.2002-15:00:00,01,12,2002,15,95.201
01.12.2002-18:00:00,01,12,2002,18,95.001
01.12.2002-21:00:00,01,12,2002,21,94.801
01.13.2002-00:00:00,01,13,2002,00,94.603
01.13.2002-03:00:00,01,13,2002,03,94.404
01.13.2002-06:00:00,01,13,2002,06,94.206
01.13.2002-09:00:00,01,13,2002,09,94.003
01.13.2002-12:00:00,01,13,2002,12,93.797
01.13.2002-15:00:00,01,13,2002,15,93.6
01.13.2002-18:00:00,01,13,2002,18,93.404
01.13.2002-21:00:00,01,13,2002,21,93.208
01.14.2002-00:00:00,01,14,2002,00,93.012
01.14.2002-03:00:00,01,14,2002,03,92.818
01.14.2002-06:00:00,01,14,2002,06,92.624
01.14.2002-09:00:00,01,14,2002,09,92.43
01.14.2002-12:00:00,01,14,2002,12,92.238
01.14.2002-15:00:00,01,14,2002,15,92.049
01.14.2002-18:00:00,01,14,2002,18,91.86
01.14.2002-21:00:00,01,14,2002,21,91.672
01.15.2002-00:00:00,01,15,2002,00,91.483
01.15.2002-03:00:00,01,15,2002,03,91.296
01.15.2002-06:00:00,01,15,2002,06,91.109
01.15.2002-09:00:00,01,15,2002,09,90.922
01.15.2002-12:00:00,01,15,2002,12,90.736
01.15.2002-15:00:00,01,15,2002,15,90.551
01.15.2002-18:00:00,01,15,2002,18,90.367
01.15.2002-21:00:00,01,15,2002,21,90.184
01.16.2002-00:00:00,01,16,2002,00,90
01.16.2002-03:00:00,01,16,2002,03,89.817
01.16.2002-06:00:00,01,16,2002,06,89.635
01.16.2002-09:00:00,01,16,2002,09,89.453
01.16.2002-12:00:00,01,16,2002,12,89.271
01.16.2002-15:00:00,01,16,2002,15,89.09
01.16.2002-18:00:00,01,16,2002,18,88.909
01.16.2002-21:00:00,01,16,2002,21,88.729
01.17.2002-00:00:00,01,17,2002,00,88.549
01.17.2002-03:00:00,01,17,2002,03,88.369
01.17.2002-06:00:00,01,17,2002,06,88.19
01.17.2002-09:00:00,01,17,2002,09,88.011
01.17.2002-12:00:00,01,17,2002,12,87.831
01.17.2002-15:00:00,01,17,2002,15,87.653
01.17.2002-18:00:00,01,17,2002,18,87.475
01.17.2002-21:00:00,01,17,2002,21,87.298
01.18.2002-00:00:00,01,18,2002,00,87.122
01.18.2002-03:00:00,01,18,2002,03,86.948
01.18.2002-06:00:00,01,18,2002,06,86.775
01.18.2002-09:00:00,01,18,2002,09,86.602
01.18.2002-12:00:00,01,18,2002,12,86.43
01.18.2002-15:00:00,01,18,2002,15,86.258
01.18.2002-18:00:00,01,18,2002,18,86.086
01.18.2002-21:00:00,01,18,2002,21,85.915
01.19.2002-00:00:00,01,19,2002,00,85.744
01.19.2002-03:00:00,01,19,2002,03,85.573
01.19.2002-06:00:00,01,19,2002,06,85.403
01.19.2002-09:00:00,01,19,2002,09,85.233
01.19.2002-12:00:00,01,19,2002,12,85.064
01.19.2002-15:00:00,01,19,2002,15,84.895
01.19.2002-18:00:00,01,19,2002,18,84.726
01.19.2002-21:00:00,01,19,2002,21,84.558
01.20.2002-00:00:00,01,20,2002,00,84.39
01.20.2002-03:00:00,01,20,2002,03,84.222
01.20.2002-06:00:00,01,20,2002,06,84.055
01.20.2002-09:00:00,01,20,2002,09,83.886
01.20.2002-12:00:00,01,20,2002,12,83.718
01.20.2002-15:00:00,01,20,2002,15,83.552
01.20.2002-18:00:00,01,20,2002,18,83.386
01.20.2002-21:00:00,01,20,2002,21,83.221
01.21.2002-00:00:00,01,21,2002,00,83.056
01.21.2002-03:00:00,01,21,2002,03,82.892
01.21.2002-06:00:00,01,21,2002,06,82.728
01.21.2002-09:00:00,01,21,2002,09,82.562
01.21.2002-12:00:00,01,21,2002,12,82.397
01.21.2002-15:00:00,01,21,2002,15,82.234
01.21.2002-18:00:00,01,21,2002,18,82.071
01.21.2002-21:00:00,01,21,2002,21,81.909
01.22.2002-00:00:00,01,22,2002,00,81.747
01.22.2002-03:00:00,01,22,2002,03,81.585
01.22.2002-06:00:00,01,22,2002,06,81.424
01.22.2002-09:00:00,01,22,2002,09,81.263
01.22.2002-12:00:00,01,22,2002,12,81.102
01.22.2002-15:00:00,01,22,2002,15,80.942
01.22.2002-18:00:00,01,22,2002,18,80.782
01.22.2002-21:00:00,01,22,2002,21,80.623
01.23.2002-00:00:00,01,23,2002,00,80.464
01.23.2002-03:00:00,01,23,2002,03,80.305
01.23.2002-06:00:00,01,23,2002,06,80.147
01.23.2002-09:00:00,01,23,2002,09,79.989
01.23.2002-12:00:00,01,23,2002,12,79.832
01.23.2002-15:00:00,01,23,2002,15,79.674
01.23.2002-18:00:00,01,23,2002,18,79.518
01.23.2002-21:00:00,01,23,2002,21,79.362
01.24.2002-00:00:00,01,24,2002,00,79.206
01.24.2002-03:00:00,01,24,2002,03,79.05
01.24.2002-06:00:00,01,24,2002,06,78.895
01.24.2002-09:00:00,01,24,2002,09,78.74
01.24.2002-12:00:00,01,24,2002,12,78.584
01.24.2002-15:00:00,01,24,2002,15,78.43
01.24.2002-18:00:00,01,24,2002,18,78.276
01.24.2002-21:00:00,01,24,2002,21,78.123
01.25.2002-00:00:00,01,25,2002,00,77.97
01.25.2002-03:00:00,01,25,2002,03,77.818
01.25.2002-06:00:00,01,25,2002,06,77.667
01.25.2002-09:00:00,01,25,2002,09,77.514
01.25.2002-12:00:00,01,25,2002,12,77.361
01.25.2002-15:00:00,01,25,2002,15,77.211
01.25.2002-18:00:00,01,25,2002,18,77.061
01.25.2002-21:00:00,01,25,2002,21,76.911
01.26.2002-00:00:00,01,26,2002,00,76.762
01.26.2002-03:00:00,01,26,2002,03,76.615
01.26.2002-06:00:00,01,26,2002,06,76.468
01.26.2002-09:00:00,01,26,2002,09,76.32
01.26.2002-12:00:00,01,26,2002,12,76.172
01.26.2002-15:00:00,01,26,2002,15,76.026
01.26.2002-18:00:00,01,26,2002,18,75.881
01.26.2002-21:00:00,01,26,2002,21,75.735
01.27.2002-00:00:00,01,27,2002,00,75.59
01.27.2002-03:00:00,01,27,2002,03,75.446
01.27.2002-06:00:00,01,27,2002,06,75.301
01.27.2002-09:00:00,01,27,2002,09,75.157
01.27.2002-12:00:00,01,27,2002,12,75.014
01.27.2002-15:00:00,01,27,2002,15,74.87
01.27.2002-18:00:00,01,27,2002,18,74.727
01.27.2002-21:00:00,01,27,2002,21,74.585
01.28.2002-00:00:00,01,28,2002,00,74.442
01.28.2002-03:00:00,01,28,2002,03,74.3
01.28.2002-06:00:00,01,28,2002,06,74.159
01.28.2002-09:00:00,01,28,2002,09,74.018
01.28.2002-12:00:00,01,28,2002,12,73.877
01.28.2002-15:00:00,01,28,2002,15,73.736
01.28.2002-18:00:00,01,28,2002,18,73.596
01.28.2002-21:00:00,01,28,2002,21,73.456
01.29.2002-00:00:00,01,29,2002,00,73.317
01.29.2002-03:00:00,01,29,2002,03,73.178
01.29.2002-06:00:00,01,29,2002,06,73.039
01.29.2002-09:00:00,01,29,2002,09,72.9
01.29.2002-12:00:00,01,29,2002,12,72.762
01.29.2002-15:00:00,01,29,2002,15,72.624
01.29.2002-18:00:00,01,29,2002,18,72.487
01.29.2002-21:00:00,01,29,2002,21,72.35
01.30.2002-00:00:00,01,30,2002,00,72.213
01.30.2002-03:00:00,01,30,2002,03,72.076
01.30.2002-06:00:00,01,30,2002,06,71.94
01.30.2002-09:00:00,01,30,2002,09,71.804
01.30.2002-12:00:00,01,30,2002,12,71.669
01.30.2002-15:00:00,01,30,2002,15,71.533
01.30.2002-18:00:00,01,30,2002,18,71.399
01.30.2002-21:00:00,01,30,2002,21,71.264
01.31.2002-00:00:00,01,31,2002,00,71.129
01.31.2002-03:00:00,01,31,2002,03,70.995
01.31.2002-06:00:00,01,31,2002,06,70.862
01.31.2002-09:00:00,01,31,2002,09,70.73
01.31.2002-12:00:00,01,31,2002,12,70.598
01.31.2002-15:00:00,01,31,2002,15,70.467
01.31.2002-18:00:00,01,31,2002,18,70.336
01.31.2002-21:00:00,01,31,2002,21,70.205
02.01.2002-00:00:00,02,01,2002,00,70.074
02.01.2002-03:00:00,02,01,2002,03,69.944
02.01.2002-06:00:00,02,01,2002,06,69.815
02.01.2002-09:00:00,02,01,2002,09,69.685
02.01.2002-12:00:00,02,01,2002,12,69.556
02.01.2002-15:00:00,02,01,2002,15,69.427
02.01.2002-18:00:00,02,01,2002,18,69.298
02.01.2002-21:00:00,02,01,2002,21,69.17
02.02.2002-00:00:00,02,02,2002,00,69.042
02.02.2002-03:00:00,02,02,2002,03,68.914
02.02.2002-06:00:00,02,02,2002,06,68.787
02.02.2002-09:00:00,02,02,2002,09,68.66
02.02.2002-12:00:00,02,02,2002,12,68.533
02.02.2002-15:00:00,02,02,2002,15,68.406
02.02.2002-18:00:00,02,02,2002,18,68.28
02.02.2002-21:00:00,02,02,2002,21,68.154
02.03.2002-00:00:00,02,03,2002,00,68.028
02.03.2002-03:00:00,02,03,2002,03,67.902
02.03.2002-06:00:00,02,03,2002,06,67.777
02.03.2002-09:00:00,02,03,2002,09,67.652
02.03.2002-12:00:00,02,03,2002,12,67.528
02.03.2002-15:00:00,02,03,2002,15,67.403
02.03.2002-18:00:00,02,03,2002,18,67.279
02.03.2002-21:00:00,02,03,2002,21,67.155
02.04.2002-00:00:00,02,04,2002,00,67.032
02.04.2002-03:00:00,02,04,2002,03,66.909
02.04.2002-06:00:00,02,04,2002,06,66.786
02.04.2002-09:00:00,02,04,2002,09,66.663
02.04.2002-12:00:00,02,04,2002,12,66.54
02.04.2002-15:00:00,02,04,2002,15,66.418
02.04.2002-18:00:00,02,04,2002,18,66.296
02.04.2002-21:00:00,02,04,2002,21,66.175
02.05.2002-00:00:00,02,05,2002,00,66.053
02.05.2002-03:00:00,02,05,2002,03,65.932
02.05.2002-06:00:00,02,05,2002,06,65.812
02.05.2002-09:00:00,02,05,2002,09,65.691
02.05.2002-12:00:00,02,05,2002,12,65.571
02.05.2002-15:00:00,02,05,2002,15,65.451
02.05.2002-18:00:00,02,05,2002,18,65.331
02.05.2002-21:00:00,02,05,2002,21,65.211
02.06.2002-00:00:00,02,06,2002,00,65.092
02.06.2002-03:00:00,02,06,2002,03,64.973
02.06.2002-06:00:00,02,06,2002,06,64.854
02.06.2002-09:00:00,02,06,2002,09,64.736
02.06.2002-12:00:00,02,06,2002,12,64.617
02.06.2002-15:00:00,02,06,2002,15,64.499
02.06.2002-18:00:00,02,06,2002,18,64.382
02.06.2002-21:00:00,02,06,2002,21,64.264
02.07.2002-00:00:00,02,07,2002,00,64.147
02.07.2002-03:00:00,02,07,2002,03,64.03
02.07.2002-06:00:00,02,07,2002,06,63.913
02.07.2002-09:00:00,02,07,2002,09,63.798
02.07.2002-12:00:00,02,07,2002,12,63.683
02.07.2002-15:00:00,02,07,2002,15,63.569
02.07.2002-18:00:00,02,07,2002,18,63.455
02.07.2002-21:00:00,02,07,2002,21,63.341
02.08.2002-00:00:00,02,08,2002,00,63.228
02.08.2002-03:00:00,02,08,2002,03,63.115
02.08.2002-06:00:00,02,08,2002,06,63.005
02.08.2002-09:00:00,02,08,2002,09,62.895
02.08.2002-12:00:00,02,08,2002,12,62.785
02.08.2002-15:00:00,02,08,2002,15,62.675
02.08.2002-18:00:00,02,08,2002,18,62.566
02.08.2002-21:00:00,02,08,2002,21,62.456
02.09.2002-00:00:00,02,09,2002,00,62.347
02.09.2002-03:00:00,02,09,2002,03,62.239
02.09.2002-06:00:00,02,09,2002,06,62.13
02.09.2002-09:00:00,02,09,2002,09,62.022
02.09.2002-12:00:00,02,09,2002,12,61.913
02.09.2002-15:00:00,02,09,2002,15,61.805
02.09.2002-18:00:00,02,09,2002,18,61.697
02.09.2002-21:00:00,02,09,2002,21,61.59
02.10.2002-00:00:00,02,10,2002,00,61.483
02.10.2002-03:00:00,02,10,2002,03,61.376
02.10.2002-06:00:00,02,10,2002,06,61.269
02.10.2002-09:00:00,02,10,2002,09,61.163
02.10.2002-12:00:00,02,10,2002,12,61.056
02.10.2002-15:00:00,02,10,2002,15,60.951
02.10.2002-18:00:00,02,10,2002,18,60.845
02.10.2002-21:00:00,02,10,2002,21,60.74
02.11.2002-00:00:00,02,11,2002,00,60.635
02.11.2002-03:00:00,02,11,2002,03,60.53
02.11.2002-06:00:00,02,11,2002,06,60.425
02.11.2002-09:00:00,02,11,2002,09,60.32
02.11.2002-12:00:00,02,11,2002,12,60.216
02.11.2002-15:00:00,02,11,2002,15,60.112
02.11.2002-18:00:00,02,11,2002,18,60.008
02.11.2002-21:00:00,02,11,2002,21,59.904
02.12.2002-00:00:00,02,12,2002,00,59.801
02.12.2002-03:00:00,02,12,2002,03,59.698
02.12.2002-06:00:00,02,12,2002,06,59.595
02.12.2002-09:00:00,02,12,2002,09,59.492
02.12.2002-12:00:00,02,12,2002,12,59.39
02.12.2002-15:00:00,02,12,2002,15,59.287
02.12.2002-18:00:00,02,12,2002,18,59.185
02.12.2002-21:00:00,02,12,2002,21,59.083
02.13.2002-00:00:00,02,13,2002,00,58.981
02.13.2002-03:00:00,02,13,2002,03,58.88
02.13.2002-06:00:00,02,13,2002,06,58.778
02.13.2002-09:00:00,02,13,2002,09,58.677
02.13.2002-12:00:00,02,13,2002,12,58.576
02.13.2002-15:00:00,02,13,2002,15,58.477
02.13.2002-18:00:00,02,13,2002,18,58.378
02.13.2002-21:00:00,02,13,2002,21,58.28
02.14.2002-00:00:00,02,14,2002,00,58.182
02.14.2002-03:00:00,02,14,2002,03,58.084
02.14.2002-06:00:00,02,14,2002,06,57.986
02.14.2002-09:00:00,02,14,2002,09,57.888
02.14.2002-12:00:00,02,14,2002,12,57.789
02.14.2002-15:00:00,02,14,2002,15,57.692
02.14.2002-18:00:00,02,14,2002,18,57.594
02.14.2002-21:00:00,02,14,2002,21,57.497
02.15.2002-00:00:00,02,15,2002,00,57.401
02.15.2002-03:00:00,02,15,2002,03,57.304
02.15.2002-06:00:00,02,15,2002,06,57.208
02.15.2002-09:00:00,02,15,2002,09,57.108
02.15.2002-12:00:00,02,15,2002,12,57.01
02.15.2002-15:00:00,02,15,2002,15,56.914
02.15.2002-18:00:00,02,15,2002,18,56.819
02.15.2002-21:00:00,02,15,2002,21,56.723
02.16.2002-00:00:00,02,16,2002,00,56.628
02.16.2002-03:00:00,02,16,2002,03,56.533
02.16.2002-06:00:00,02,16,2002,06,56.438
02.16.2002-09:00:00,02,16,2002,09,56.344
02.16.2002-12:00:00,02,16,2002,12,56.247
02.16.2002-15:00:00,02,16,2002,15,56.153
02.16.2002-18:00:00,02,16,2002,18,56.059
02.16.2002-21:00:00,02,16,2002,21,55.965
02.17.2002-00:00:00,02,17,2002,00,55.872
02.17.2002-03:00:00,02,17,2002,03,55.779
02.17.2002-06:00:00,02,17,2002,06,55.686
02.17.2002-09:00:00,02,17,2002,09,55.593
02.17.2002-12:00:00,02,17,2002,12,55.497
02.17.2002-15:00:00,02,17,2002,15,55.404
02.17.2002-18:00:00,02,17,2002,18,55.312
02.17.2002-21:00:00,02,17,2002,21,55.22
02.18.2002-00:00:00,02,18,2002,00,55.128
02.18.2002-03:00:00,02,18,2002,03,55.036
02.18.2002-06:00:00,02,18,2002,06,54.944
02.18.2002-09:00:00,02,18,2002,09,54.849
02.18.2002-12:00:00,02,18,2002,12,54.755
02.18.2002-15:00:00,02,18,2002,15,54.664
02.18.2002-18:00:00,02,18,2002,18,54.575
02.18.2002-21:00:00,02,18,2002,21,54.486
02.19.2002-00:00:00,02,19,2002,00,54.398
02.19.2002-03:00:00,02,19,2002,03,54.309
02.19.2002-06:00:00,02,19,2002,06,54.221
02.19.2002-09:00:00,02,19,2002,09,54.126
02.19.2002-12:00:00,02,19,2002,12,54.033
02.19.2002-15:00:00,02,19,2002,15,53.945
02.19.2002-18:00:00,02,19,2002,18,53.858
02.19.2002-21:00:00,02,19,2002,21,53.77
02.20.2002-00:00:00,02,20,2002,00,53.683
02.20.2002-03:00:00,02,20,2002,03,53.596
02.20.2002-06:00:00,02,20,2002,06,53.509
02.20.2002-09:00:00,02,20,2002,09,53.416
02.20.2002-12:00:00,02,20,2002,12,53.325
02.20.2002-15:00:00,02,20,2002,15,53.239
02.20.2002-18:00:00,02,20,2002,18,53.152
02.20.2002-21:00:00,02,20,2002,21,53.067
02.21.2002-00:00:00,02,21,2002,00,52.981
02.21.2002-03:00:00,02,21,2002,03,52.895
02.21.2002-06:00:00,02,21,2002,06,52.81
02.21.2002-09:00:00,02,21,2002,09,52.72
02.21.2002-12:00:00,02,21,2002,12,52.634
02.21.2002-15:00:00,02,21,2002,15,52.549
02.21.2002-18:00:00,02,21,2002,18,52.464
02.21.2002-21:00:00,02,21,2002,21,52.379
02.22.2002-00:00:00,02,22,2002,00,52.295
02.22.2002-03:00:00,02,22,2002,03,52.21
02.22.2002-06:00:00,02,22,2002,06,52.126
02.22.2002-09:00:00,02,22,2002,09,52.036
02.22.2002-12:00:00,02,22,2002,12,51.947
02.22.2002-15:00:00,02,22,2002,15,51.863
02.22.2002-18:00:00,02,22,2002,18,51.779
02.22.2002-21:00:00,02,22,2002,21,51.696
02.23.2002-00:00:00,02,23,2002,00,51.613
02.23.2002-03:00:00,02,23,2002,03,51.529
02.23.2002-06:00:00,02,23,2002,06,51.442
02.23.2002-09:00:00,02,23,2002,09,51.35
02.23.2002-12:00:00,02,23,2002,12,51.262
02.23.2002-15:00:00,02,23,2002,15,51.18
02.23.2002-18:00:00,02,23,2002,18,51.097
02.23.2002-21:00:00,02,23,2002,21,51.016
02.24.2002-00:00:00,02,24,2002,00,50.935
02.24.2002-03:00:00,02,24,2002,03,50.855
02.24.2002-06:00:00,02,24,2002,06,50.775
02.24.2002-09:00:00,02,24,2002,09,50.695
02.24.2002-12:00:00,02,24,2002,12,50.615
02.24.2002-15:00:00,02,24,2002,15,50.536
02.24.2002-18:00:00,02,24,2002,18,50.458
02.24.2002-21:00:00,02,24,2002,21,50.38
02.25.2002-00:00:00,02,25,2002,00,50.302
02.25.2002-03:00:00,02,25,2002,03,50.224
02.25.2002-06:00:00,02,25,2002,06,50.147
02.25.2002-09:00:00,02,25,2002,09,50.069
02.25.2002-12:00:00,02,25,2002,12,49.991
02.25.2002-15:00:00,02,25,2002,15,49.914
02.25.2002-18:00:00,02,25,2002,18,49.837
02.25.2002-21:00:00,02,25,2002,21,49.76
02.26.2002-00:00:00,02,26,2002,00,49.683
02.26.2002-03:00:00,02,26,2002,03,49.606
02.26.2002-06:00:00,02,26,2002,06,49.53
02.26.2002-09:00:00,02,26,2002,09,49.453
02.26.2002-12:00:00,02,26,2002,12,49.377
02.26.2002-15:00:00,02,26,2002,15,49.3
02.26.2002-18:00:00,02,26,2002,18,49.224
02.26.2002-21:00:00,02,26,2002,21,49.148
02.27.2002-00:00:00,02,27,2002,00,49.072
02.27.2002-03:00:00,02,27,2002,03,48.997
02.27.2002-06:00:00,02,27,2002,06,48.921
02.27.2002-09:00:00,02,27,2002,09,48.845
02.27.2002-12:00:00,02,27,2002,12,48.77
02.27.2002-15:00:00,02,27,2002,15,48.695
02.27.2002-18:00:00,02,27,2002,18,48.62
02.27.2002-21:00:00,02,27,2002,21,48.545
02.28.2002-00:00:00,02,28,2002,00,48.47
02.28.2002-03:00:00,02,28,2002,03,48.396
02.28.2002-06:00:00,02,28,2002,06,48.321
02.28.2002-09:00:00,02,28,2002,09,48.243
02.28.2002-12:00:00,02,28,2002,12,48.166
02.28.2002-15:00:00,02,28,2002,15,48.091
02.28.2002-18:00:00,02,28,2002,18,48.018
02.28.2002-21:00:00,02,28,2002,21,47.944
03.01.2002-00:00:00,03,01,2002,00,47.87
03.01.2002-03:00:00,03,01,2002,03,47.796
03.01.2002-06:00:00,03,01,2002,06,47.723
03.01.2002-09:00:00,03,01,2002,09,47.65
03.01.2002-12:00:00,03,01,2002,12,47.572
03.01.2002-15:00:00,03,01,2002,15,47.499
03.01.2002-18:00:00,03,01,2002,18,47.426
03.01.2002-21:00:00,03,01,2002,21,47.353
03.02.2002-00:00:00,03,02,2002,00,47.281
03.02.2002-03:00:00,03,02,2002,03,47.208
03.02.2002-06:00:00,03,02,2002,06,47.137
03.02.2002-09:00:00,03,02,2002,09,47.065
03.02.2002-12:00:00,03,02,2002,12,46.99
03.02.2002-15:00:00,03,02,2002,15,46.918
03.02.2002-18:00:00,03,02,2002,18,46.847
03.02.2002-21:00:00,03,02,2002,21,46.777
03.03.2002-00:00:00,03,03,2002,00,46.706
03.03.2002-03:00:00,03,03,2002,03,46.636
03.03.2002-06:00:00,03,03,2002,06,46.565
03.03.2002-09:00:00,03,03,2002,09,46.492
03.03.2002-12:00:00,03,03,2002,12,46.42
03.03.2002-15:00:00,03,03,2002,15,46.35
03.03.2002-18:00:00,03,03,2002,18,46.28
03.03.2002-21:00:00,03,03,2002,21,46.21
03.04.2002-00:00:00,03,04,2002,00,46.141
03.04.2002-03:00:00,03,04,2002,03,46.071
03.04.2002-06:00:00,03,04,2002,06,46.002
03.04.2002-09:00:00,03,04,2002,09,45.927
03.04.2002-12:00:00,03,04,2002,12,45.853
03.04.2002-15:00:00,03,04,2002,15,45.784
03.04.2002-18:00:00,03,04,2002,18,45.715
03.04.2002-21:00:00,03,04,2002,21,45.646
03.05.2002-00:00:00,03,05,2002,00,45.578
03.05.2002-03:00:00,03,05,2002,03,45.509
03.05.2002-06:00:00,03,05,2002,06,45.441
03.05.2002-09:00:00,03,05,2002,09,45.362
03.05.2002-12:00:00,03,05,2002,12,45.289
03.05.2002-15:00:00,03,05,2002,15,45.221
03.05.2002-18:00:00,03,05,2002,18,45.153
03.05.2002-21:00:00,03,05,2002,21,45.085
03.06.2002-00:00:00,03,06,2002,00,45.018
03.06.2002-03:00:00,03,06,2002,03,44.95
03.06.2002-06:00:00,03,06,2002,06,44.883
03.06.2002-09:00:00,03,06,2002,09,44.809
03.06.2002-12:00:00,03,06,2002,12,44.736
03.06.2002-15:00:00,03,06,2002,15,44.669
03.06.2002-18:00:00,03,06,2002,18,44.602
03.06.2002-21:00:00,03,06,2002,21,44.536
03.07.2002-00:00:00,03,07,2002,00,44.469
03.07.2002-03:00:00,03,07,2002,03,44.403
03.07.2002-06:00:00,03,07,2002,06,44.336
03.07.2002-09:00:00,03,07,2002,09,44.27
03.07.2002-12:00:00,03,07,2002,12,44.204
03.07.2002-15:00:00,03,07,2002,15,44.138
03.07.2002-18:00:00,03,07,2002,18,44.072
03.07.2002-21:00:00,03,07,2002,21,44.007
03.08.2002-00:00:00,03,08,2002,00,43.941
03.08.2002-03:00:00,03,08,2002,03,43.877
03.08.2002-06:00:00,03,08,2002,06,43.813
03.08.2002-09:00:00,03,08,2002,09,43.749
03.08.2002-12:00:00,03,08,2002,12,43.685
03.08.2002-15:00:00,03,08,2002,15,43.622
03.08.2002-18:00:00,03,08,2002,18,43.558
03.08.2002-21:00:00,03,08,2002,21,43.495
03.09.2002-00:00:00,03,09,2002,00,43.431
03.09.2002-03:00:00,03,09,2002,03,43.368
03.09.2002-06:00:00,03,09,2002,06,43.304
03.09.2002-09:00:00,03,09,2002,09,43.241
03.09.2002-12:00:00,03,09,2002,12,43.178
03.09.2002-15:00:00,03,09,2002,15,43.115
03.09.2002-18:00:00,03,09,2002,18,43.053
03.09.2002-21:00:00,03,09,2002,21,42.99
03.10.2002-00:00:00,03,10,2002,00,42.928
03.10.2002-03:00:00,03,10,2002,03,42.865
03.10.2002-06:00:00,03,10,2002,06,42.803
03.10.2002-09:00:00,03,10,2002,09,42.741
03.10.2002-12:00:00,03,10,2002,12,42.679
03.10.2002-15:00:00,03,10,2002,15,42.617
03.10.2002-18:00:00,03,10,2002,18,42.555
03.10.2002-21:00:00,03,10,2002,21,42.494
03.11.2002-00:00:00,03,11,2002,00,42.432
03.11.2002-03:00:00,03,11,2002,03,42.371
03.11.2002-06:00:00,03,11,2002,06,42.309
03.11.2002-09:00:00,03,11,2002,09,42.248
03.11.2002-12:00:00,03,11,2002,12,42.187
03.11.2002-15:00:00,03,11,2002,15,42.126
03.11.2002-18:00:00,03,11,2002,18,42.065
03.11.2002-21:00:00,03,11,2002,21,42.004
03.12.2002-00:00:00,03,12,2002,00,41.943
03.12.2002-03:00:00,03,12,2002,03,41.882
03.12.2002-06:00:00,03,12,2002,06,41.822
03.12.2002-09:00:00,03,12,2002,09,41.761
03.12.2002-12:00:00,03,12,2002,12,41.701
03.12.2002-15:00:00,03,12,2002,15,41.641
03.12.2002-18:00:00,03,12,2002,18,41.581
03.12.2002-21:00:00,03,12,2002,21,41.521
03.13.2002-00:00:00,03,13,2002,00,41.461
03.13.2002-03:00:00,03,13,2002,03,41.401
03.13.2002-06:00:00,03,13,2002,06,41.341
03.13.2002-09:00:00,03,13,2002,09,41.281
03.13.2002-12:00:00,03,13,2002,12,41.22
03.13.2002-15:00:00,03,13,2002,15,41.16
03.13.2002-18:00:00,03,13,2002,18,41.101
03.13.2002-21:00:00,03,13,2002,21,41.042
03.14.2002-00:00:00,03,14,2002,00,40.983
03.14.2002-03:00:00,03,14,2002,03,40.924
03.14.2002-06:00:00,03,14,2002,06,40.865
03.14.2002-09:00:00,03,14,2002,09,40.804
03.14.2002-12:00:00,03,14,2002,12,40.744
03.14.2002-15:00:00,03,14,2002,15,40.685
03.14.2002-18:00:00,03,14,2002,18,40.627
03.14.2002-21:00:00,03,14,2002,21,40.569
03.15.2002-00:00:00,03,15,2002,00,40.511
03.15.2002-03:00:00,03,15,2002,03,40.452
03.15.2002-06:00:00,03,15,2002,06,40.394
03.15.2002-09:00:00,03,15,2002,09,40.335
03.15.2002-12:00:00,03,15,2002,12,40.276
03.15.2002-15:00:00,03,15,2002,15,40.218
03.15.2002-18:00:00,03,15,2002,18,40.16
03.15.2002-21:00:00,03,15,2002,21,40.103
03.16.2002-00:00:00,03,16,2002,00,40.045
03.16.2002-03:00:00,03,16,2002,03,39.988
03.16.2002-06:00:00,03,16,2002,06,39.93
03.16.2002-09:00:00,03,16,2002,09,39.873
03.16.2002-12:00:00,03,16,2002,12,39.816
03.16.2002-15:00:00,03,16,2002,15,39.759
03.16.2002-18:00:00,03,16,2002,18,39.702
03.16.2002-21:00:00,03,16,2002,21,39.645
03.17.2002-00:00:00,03,17,2002,00,39.589
03.17.2002-03:00:00,03,17,2002,03,39.533
03.17.2002-06:00:00,03,17,2002,06,39.476
03.17.2002-09:00:00,03,17,2002,09,39.42
03.17.2002-12:00:00,03,17,2002,12,39.364
03.17.2002-15:00:00,03,17,2002,15,39.308
03.17.2002-18:00:00,03,17,2002,18,39.252
03.17.2002-21:00:00,03,17,2002,21,39.196
03.18.2002-00:00:00,03,18,2002,00,39.14
03.18.2002-03:00:00,03,18,2002,03,39.084
03.18.2002-06:00:00,03,18,2002,06,39.029
03.18.2002-09:00:00,03,18,2002,09,38.973
03.18.2002-12:00:00,03,18,2002,12,38.918
03.18.2002-15:00:00,03,18,2002,15,38.863
03.18.2002-18:00:00,03,18,2002,18,38.807
03.18.2002-21:00:00,03,18,2002,21,38.752
03.19.2002-00:00:00,03,19,2002,00,38.698
03.19.2002-03:00:00,03,19,2002,03,38.643
03.19.2002-06:00:00,03,19,2002,06,38.588
03.19.2002-09:00:00,03,19,2002,09,38.533
03.19.2002-12:00:00,03,19,2002,12,38.479
03.19.2002-15:00:00,03,19,2002,15,38.424
03.19.2002-18:00:00,03,19,2002,18,38.37
03.19.2002-21:00:00,03,19,2002,21,38.316
03.20.2002-00:00:00,03,20,2002,00,38.261
03.20.2002-03:00:00,03,20,2002,03,38.207
03.20.2002-06:00:00,03,20,2002,06,38.153
03.20.2002-09:00:00,03,20,2002,09,38.099
03.20.2002-12:00:00,03,20,2002,12,38.045
03.20.2002-15:00:00,03,20,2002,15,37.992
03.20.2002-18:00:00,03,20,2002,18,37.938
03.20.2002-21:00:00,03,20,2002,21,37.885
03.21.2002-00:00:00,03,21,2002,00,37.831
03.21.2002-03:00:00,03,21,2002,03,37.778
03.21.2002-06:00:00,03,21,2002,06,37.724
03.21.2002-09:00:00,03,21,2002,09,37.671
03.21.2002-12:00:00,03,21,2002,12,37.618
03.21.2002-15:00:00,03,21,2002,15,37.565
03.21.2002-18:00:00,03,21,2002,18,37.512
03.21.2002-21:00:00,03,21,2002,21,37.459
03.22.2002-00:00:00,03,22,2002,00,37.407
03.22.2002-03:00:00,03,22,2002,03,37.354
03.22.2002-06:00:00,03,22,2002,06,37.301
03.22.2002-09:00:00,03,22,2002,09,37.249
03.22.2002-12:00:00,03,22,2002,12,37.197
03.22.2002-15:00:00,03,22,2002,15,37.145
03.22.2002-18:00:00,03,22,2002,18,37.093
03.22.2002-21:00:00,03,22,2002,21,37.041
03.23.2002-00:00:00,03,23,2002,00,36.989
03.23.2002-03:00:00,03,23,2002,03,36.937
03.23.2002-06:00:00,03,23,2002,06,36.885
03.23.2002-09:00:00,03,23,2002,09,36.832
03.23.2002-12:00:00,03,23,2002,12,36.78
03.23.2002-15:00:00,03,23,2002,15,36.728
03.23.2002-18:00:00,03,23,2002,18,36.677
03.23.2002-21:00:00,03,23,2002,21,36.626
03.24.2002-00:00:00,03,24,2002,00,36.574
03.24.2002-03:00:00,03,24,2002,03,36.523
03.24.2002-06:00:00,03,24,2002,06,36.472
03.24.2002-09:00:00,03,24,2002,09,36.419
03.24.2002-12:00:00,03,24,2002,12,36.366
03.24.2002-15:00:00,03,24,2002,15,36.315
03.24.2002-18:00:00,03,24,2002,18,36.265
03.24.2002-21:00:00,03,24,2002,21,36.214
03.25.2002-00:00:00,03,25,2002,00,36.164
03.25.2002-03:00:00,03,25,2002,03,36.114
03.25.2002-06:00:00,03,25,2002,06,36.063
03.25.2002-09:00:00,03,25,2002,09,36.009
03.25.2002-12:00:00,03,25,2002,12,35.958
03.25.2002-15:00:00,03,25,2002,15,35.908
03.25.2002-18:00:00,03,25,2002,18,35.858
03.25.2002-21:00:00,03,25,2002,21,35.809
03.26.2002-00:00:00,03,26,2002,00,35.76
03.26.2002-03:00:00,03,26,2002,03,35.711
03.26.2002-06:00:00,03,26,2002,06,35.661
03.26.2002-09:00:00,03,26,2002,09,35.61
03.26.2002-12:00:00,03,26,2002,12,35.561
03.26.2002-15:00:00,03,26,2002,15,35.512
03.26.2002-18:00:00,03,26,2002,18,35.463
03.26.2002-21:00:00,03,26,2002,21,35.414
03.27.2002-00:00:00,03,27,2002,00,35.366
03.27.2002-03:00:00,03,27,2002,03,35.317
03.27.2002-06:00:00,03,27,2002,06,35.269
03.27.2002-09:00:00,03,27,2002,09,35.22
03.27.2002-12:00:00,03,27,2002,12,35.172
03.27.2002-15:00:00,03,27,2002,15,35.124
03.27.2002-18:00:00,03,27,2002,18,35.076
03.27.2002-21:00:00,03,27,2002,21,35.029
03.28.2002-00:00:00,03,28,2002,00,34.981
03.28.2002-03:00:00,03,28,2002,03,34.934
03.28.2002-06:00:00,03,28,2002,06,34.888
03.28.2002-09:00:00,03,28,2002,09,34.84
03.28.2002-12:00:00,03,28,2002,12,34.793
03.28.2002-15:00:00,03,28,2002,15,34.746
03.28.2002-18:00:00,03,28,2002,18,34.699
03.28.2002-21:00:00,03,28,2002,21,34.653
03.29.2002-00:00:00,03,29,2002,00,34.607
03.29.2002-03:00:00,03,29,2002,03,34.56
03.29.2002-06:00:00,03,29,2002,06,34.514
03.29.2002-09:00:00,03,29,2002,09,34.466
03.29.2002-12:00:00,03,29,2002,12,34.419
03.29.2002-15:00:00,03,29,2002,15,34.373
03.29.2002-18:00:00,03,29,2002,18,34.328
03.29.2002-21:00:00,03,29,2002,21,34.283
03.30.2002-00:00:00,03,30,2002,00,34.237
03.30.2002-03:00:00,03,30,2002,03,34.194
03.30.2002-06:00:00,03,30,2002,06,34.155
03.30.2002-09:00:00,03,30,2002,09,34.11
03.30.2002-12:00:00,03,30,2002,12,34.068
03.30.2002-15:00:00,03,30,2002,15,34.032
03.30.2002-18:00:00,03,30,2002,18,34
03.30.2002-21:00:00,03,30,2002,21,33.97
03.31.2002-00:00:00,03,31,2002,00,33.938
03.31.2002-03:00:00,03,31,2002,03,33.904
03.31.2002-06:00:00,03,31,2002,06,33.868
03.31.2002-09:00:00,03,31,2002,09,33.827
03.31.2002-12:00:00,03,31,2002,12,33.795
03.31.2002-15:00:00,03,31,2002,15,33.776
03.31.2002-18:00:00,03,31,2002,18,33.761
03.31.2002-21:00:00,03,31,2002,21,33.743
04.01.2002-00:00:00,04,01,2002,00,33.72
04.01.2002-03:00:00,04,01,2002,03,33.692
04.01.2002-06:00:00,04,01,2002,06,33.665
04.01.2002-09:00:00,04,01,2002,09,33.628
04.01.2002-12:00:00,04,01,2002,12,33.595
04.01.2002-15:00:00,04,01,2002,15,33.578
04.01.2002-18:00:00,04,01,2002,18,33.574
04.01.2002-21:00:00,04,01,2002,21,33.574
04.02.2002-00:00:00,04,02,2002,00,33.568
04.02.2002-03:00:00,04,02,2002,03,33.555
04.02.2002-06:00:00,04,02,2002,06,33.534
04.02.2002-09:00:00,04,02,2002,09,33.504
04.02.2002-12:00:00,04,02,2002,12,33.475
04.02.2002-15:00:00,04,02,2002,15,33.459
04.02.2002-18:00:00,04,02,2002,18,33.452
04.02.2002-21:00:00,04,02,2002,21,33.445
04.03.2002-00:00:00,04,03,2002,00,33.432
04.03.2002-03:00:00,04,03,2002,03,33.414
04.03.2002-06:00:00,04,03,2002,06,33.391
04.03.2002-09:00:00,04,03,2002,09,33.352
04.03.2002-12:00:00,04,03,2002,12,33.316
04.03.2002-15:00:00,04,03,2002,15,33.288
04.03.2002-18:00:00,04,03,2002,18,33.265
04.03.2002-21:00:00,04,03,2002,21,33.244
04.04.2002-00:00:00,04,04,2002,00,33.222
04.04.2002-03:00:00,04,04,2002,03,33.199
04.04.2002-06:00:00,04,04,2002,06,33.17
04.04.2002-09:00:00,04,04,2002,09,33.129
04.04.2002-12:00:00,04,04,2002,12,33.093
04.04.2002-15:00:00,04,04,2002,15,33.072
04.04.2002-18:00:00,04,04,2002,18,33.063
04.04.2002-21:00:00,04,04,2002,21,33.059
04.05.2002-00:00:00,04,05,2002,00,33.052
04.05.2002-03:00:00,04,05,2002,03,33.042
04.05.2002-06:00:00,04,05,2002,06,33.026
04.05.2002-09:00:00,04,05,2002,09,33.002
04.05.2002-12:00:00,04,05,2002,12,33.006
04.05.2002-15:00:00,04,05,2002,15,33.056
04.05.2002-18:00:00,04,05,2002,18,33.135
04.05.2002-21:00:00,04,05,2002,21,33.198
04.06.2002-00:00:00,04,06,2002,00,33.24
04.06.2002-03:00:00,04,06,2002,03,33.267
04.06.2002-06:00:00,04,06,2002,06,33.284
04.06.2002-09:00:00,04,06,2002,09,33.313
04.06.2002-12:00:00,04,06,2002,12,33.435
04.06.2002-15:00:00,04,06,2002,15,33.61
04.06.2002-18:00:00,04,06,2002,18,33.775
04.06.2002-21:00:00,04,06,2002,21,33.908
04.07.2002-00:00:00,04,07,2002,00,34
04.07.2002-03:00:00,04,07,2002,03,34.058
04.07.2002-06:00:00,04,07,2002,06,34.092
04.07.2002-09:00:00,04,07,2002,09,34.111
04.07.2002-12:00:00,04,07,2002,12,34.173
04.07.2002-15:00:00,04,07,2002,15,34.281
04.07.2002-18:00:00,04,07,2002,18,34.402
04.07.2002-21:00:00,04,07,2002,21,34.507
04.08.2002-00:00:00,04,08,2002,00,34.585
04.08.2002-03:00:00,04,08,2002,03,34.639
04.08.2002-06:00:00,04,08,2002,06,34.66
04.08.2002-09:00:00,04,08,2002,09,34.663
04.08.2002-12:00:00,04,08,2002,12,34.691
04.08.2002-15:00:00,04,08,2002,15,34.767
04.08.2002-18:00:00,04,08,2002,18,34.863
04.08.2002-21:00:00,04,08,2002,21,34.951
04.09.2002-00:00:00,04,09,2002,00,35.019
04.09.2002-03:00:00,04,09,2002,03,35.068
04.09.2002-06:00:00,04,09,2002,06,35.086
04.09.2002-09:00:00,04,09,2002,09,35.075
04.09.2002-12:00:00,04,09,2002,12,35.104
04.09.2002-15:00:00,04,09,2002,15,35.207
04.09.2002-18:00:00,04,09,2002,18,35.349
04.09.2002-21:00:00,04,09,2002,21,35.495
04.10.2002-00:00:00,04,10,2002,00,35.619
04.10.2002-03:00:00,04,10,2002,03,35.712
04.10.2002-06:00:00,04,10,2002,06,35.778
04.10.2002-09:00:00,04,10,2002,09,35.813
04.10.2002-12:00:00,04,10,2002,12,35.847
04.10.2002-15:00:00,04,10,2002,15,35.905
04.10.2002-18:00:00,04,10,2002,18,35.997
04.10.2002-21:00:00,04,10,2002,21,36.107
04.11.2002-00:00:00,04,11,2002,00,36.364
04.11.2002-03:00:00,04,11,2002,03,36.408
04.11.2002-06:00:00,04,11,2002,06,36.43
04.11.2002-09:00:00,04,11,2002,09,36.471
04.11.2002-12:00:00,04,11,2002,12,36.717
04.11.2002-15:00:00,04,11,2002,15,36.904
04.11.2002-18:00:00,04,11,2002,18,37.062
04.11.2002-21:00:00,04,11,2002,21,37.205
04.12.2002-00:00:00,04,12,2002,00,37.346
04.12.2002-03:00:00,04,12,2002,03,37.481
04.12.2002-06:00:00,04,12,2002,06,37.609
04.12.2002-09:00:00,04,12,2002,09,37.786
04.12.2002-12:00:00,04,12,2002,12,38.179
04.12.2002-15:00:00,04,12,2002,15,38.49
04.12.2002-18:00:00,04,12,2002,18,38.775
04.12.2002-21:00:00,04,12,2002,21,39.018
04.13.2002-00:00:00,04,13,2002,00,39.351
04.13.2002-03:00:00,04,13,2002,03,39.672
04.13.2002-06:00:00,04,13,2002,06,40.017
04.13.2002-09:00:00,04,13,2002,09,40.612
04.13.2002-12:00:00,04,13,2002,12,42.757
04.13.2002-15:00:00,04,13,2002,15,65.623
04.13.2002-18:00:00,04,13,2002,18,62.823
04.13.2002-21:00:00,04,13,2002,21,62.92
04.14.2002-00:00:00,04,14,2002,00,58.12
04.14.2002-03:00:00,04,14,2002,03,56.89
04.14.2002-06:00:00,04,14,2002,06,58.182
04.14.2002-09:00:00,04,14,2002,09,70.133
04.14.2002-12:00:00,04,14,2002,12,75.547
04.14.2002-15:00:00,04,14,2002,15,68.767
04.14.2002-18:00:00,04,14,2002,18,66.174
04.14.2002-21:00:00,04,14,2002,21,64.511
04.15.2002-00:00:00,04,15,2002,00,48.557
04.15.2002-03:00:00,04,15,2002,03,48.217
04.15.2002-06:00:00,04,15,2002,06,48.241
04.15.2002-09:00:00,04,15,2002,09,47.731
04.15.2002-12:00:00,04,15,2002,12,47.533
04.15.2002-15:00:00,04,15,2002,15,47.954
04.15.2002-18:00:00,04,15,2002,18,48.126
04.15.2002-21:00:00,04,15,2002,21,48.136
04.16.2002-00:00:00,04,16,2002,00,48.128
04.16.2002-03:00:00,04,16,2002,03,48.108
04.16.2002-06:00:00,04,16,2002,06,47.981
04.16.2002-09:00:00,04,16,2002,09,47.856
04.16.2002-12:00:00,04,16,2002,12,47.888
04.16.2002-15:00:00,04,16,2002,15,47.95
04.16.2002-18:00:00,04,16,2002,18,48.018
04.16.2002-21:00:00,04,16,2002,21,48.084
04.17.2002-00:00:00,04,17,2002,00,48.148
04.17.2002-03:00:00,04,17,2002,03,48.213
04.17.2002-06:00:00,04,17,2002,06,48.282
04.17.2002-09:00:00,04,17,2002,09,48.327
04.17.2002-12:00:00,04,17,2002,12,48.369
04.17.2002-15:00:00,04,17,2002,15,48.432
04.17.2002-18:00:00,04,17,2002,18,48.5
04.17.2002-21:00:00,04,17,2002,21,48.573
04.18.2002-00:00:00,04,18,2002,00,48.65
04.18.2002-03:00:00,04,18,2002,03,48.727
04.18.2002-06:00:00,04,18,2002,06,48.801
04.18.2002-09:00:00,04,18,2002,09,48.846
04.18.2002-12:00:00,04,18,2002,12,49.048
04.18.2002-15:00:00,04,18,2002,15,52.62
04.18.2002-18:00:00,04,18,2002,18,54.865
04.18.2002-21:00:00,04,18,2002,21,50.193
04.19.2002-00:00:00,04,19,2002,00,49.523
04.19.2002-03:00:00,04,19,2002,03,49.575
04.19.2002-06:00:00,04,19,2002,06,49.628
04.19.2002-09:00:00,04,19,2002,09,52.854
04.19.2002-12:00:00,04,19,2002,12,76.274
04.19.2002-15:00:00,04,19,2002,15,61.071
04.19.2002-18:00:00,04,19,2002,18,61.284
04.19.2002-21:00:00,04,19,2002,21,54.549
04.20.2002-00:00:00,04,20,2002,00,53.674
04.20.2002-03:00:00,04,20,2002,03,50.905
04.20.2002-06:00:00,04,20,2002,06,50.853
04.20.2002-09:00:00,04,20,2002,09,63.871
04.20.2002-12:00:00,04,20,2002,12,79.935
04.20.2002-15:00:00,04,20,2002,15,64.184
04.20.2002-18:00:00,04,20,2002,18,63.76
04.20.2002-21:00:00,04,20,2002,21,58.103
04.21.2002-00:00:00,04,21,2002,00,56.682
04.21.2002-03:00:00,04,21,2002,03,54.042
04.21.2002-06:00:00,04,21,2002,06,56.287
04.21.2002-09:00:00,04,21,2002,09,68.866
04.21.2002-12:00:00,04,21,2002,12,85.775
04.21.2002-15:00:00,04,21,2002,15,70.57
04.21.2002-18:00:00,04,21,2002,18,76.921
04.21.2002-21:00:00,04,21,2002,21,73.257
04.22.2002-00:00:00,04,22,2002,00,67.074
04.22.2002-03:00:00,04,22,2002,03,56.783
04.22.2002-06:00:00,04,22,2002,06,56.303
04.22.2002-09:00:00,04,22,2002,09,76.272
04.22.2002-12:00:00,04,22,2002,12,103.51
04.22.2002-15:00:00,04,22,2002,15,100.56
04.22.2002-18:00:00,04,22,2002,18,87.908
04.22.2002-21:00:00,04,22,2002,21,76.054
04.23.2002-00:00:00,04,23,2002,00,67.333
04.23.2002-03:00:00,04,23,2002,03,59.923
04.23.2002-06:00:00,04,23,2002,06,59.319
04.23.2002-09:00:00,04,23,2002,09,60.228
04.23.2002-12:00:00,04,23,2002,12,82.861
04.23.2002-15:00:00,04,23,2002,15,95.865
04.23.2002-18:00:00,04,23,2002,18,80.567
04.23.2002-21:00:00,04,23,2002,21,67.89
04.24.2002-00:00:00,04,24,2002,00,61.52
04.24.2002-03:00:00,04,24,2002,03,61.596
04.24.2002-06:00:00,04,24,2002,06,61.817
04.24.2002-09:00:00,04,24,2002,09,63.685
04.24.2002-12:00:00,04,24,2002,12,77.048
04.24.2002-15:00:00,04,24,2002,15,70.77
04.24.2002-18:00:00,04,24,2002,18,67.479
04.24.2002-21:00:00,04,24,2002,21,62.647
04.25.2002-00:00:00,04,25,2002,00,62.65
04.25.2002-03:00:00,04,25,2002,03,62.8
04.25.2002-06:00:00,04,25,2002,06,62.927
04.25.2002-09:00:00,04,25,2002,09,62.275
04.25.2002-12:00:00,04,25,2002,12,76.276
04.25.2002-15:00:00,04,25,2002,15,82.486
04.25.2002-18:00:00,04,25,2002,18,78.994
04.25.2002-21:00:00,04,25,2002,21,66.865
04.26.2002-00:00:00,04,26,2002,00,63.928
04.26.2002-03:00:00,04,26,2002,03,64.03
04.26.2002-06:00:00,04,26,2002,06,63.884
04.26.2002-09:00:00,04,26,2002,09,64.987
04.26.2002-12:00:00,04,26,2002,12,93.118
04.26.2002-15:00:00,04,26,2002,15,100.79
04.26.2002-18:00:00,04,26,2002,18,88.074
04.26.2002-21:00:00,04,26,2002,21,81.285
04.27.2002-00:00:00,04,27,2002,00,70.376
04.27.2002-03:00:00,04,27,2002,03,65.83
04.27.2002-06:00:00,04,27,2002,06,67.392
04.27.2002-09:00:00,04,27,2002,09,89.448
04.27.2002-12:00:00,04,27,2002,12,110.16
04.27.2002-15:00:00,04,27,2002,15,97.667
04.27.2002-18:00:00,04,27,2002,18,87.379
04.27.2002-21:00:00,04,27,2002,21,76.38
04.28.2002-00:00:00,04,28,2002,00,74.758
04.28.2002-03:00:00,04,28,2002,03,69.931
04.28.2002-06:00:00,04,28,2002,06,70.777
04.28.2002-09:00:00,04,28,2002,09,96.621
04.28.2002-12:00:00,04,28,2002,12,113.19
04.28.2002-15:00:00,04,28,2002,15,99.339
04.28.2002-18:00:00,04,28,2002,18,88.774
04.28.2002-21:00:00,04,28,2002,21,79.956
04.29.2002-00:00:00,04,29,2002,00,77.496
04.29.2002-03:00:00,04,29,2002,03,72.513
04.29.2002-06:00:00,04,29,2002,06,74.318
04.29.2002-09:00:00,04,29,2002,09,104.79
04.29.2002-12:00:00,04,29,2002,12,149.71
04.29.2002-15:00:00,04,29,2002,15,121.36
04.29.2002-18:00:00,04,29,2002,18,106.19
04.29.2002-21:00:00,04,29,2002,21,93.467
04.30.2002-00:00:00,04,30,2002,00,88.817
04.30.2002-03:00:00,04,30,2002,03,82.456
04.30.2002-06:00:00,04,30,2002,06,85.213
04.30.2002-09:00:00,04,30,2002,09,117.13
04.30.2002-12:00:00,04,30,2002,12,160.78
04.30.2002-15:00:00,04,30,2002,15,138.62
04.30.2002-18:00:00,04,30,2002,18,119.43
04.30.2002-21:00:00,04,30,2002,21,107.43
05.01.2002-00:00:00,05,01,2002,00,103.91
05.01.2002-03:00:00,05,01,2002,03,99.541
05.01.2002-06:00:00,05,01,2002,06,103.53
05.01.2002-09:00:00,05,01,2002,09,149.6
05.01.2002-12:00:00,05,01,2002,12,190.17
05.01.2002-15:00:00,05,01,2002,15,161.9
05.01.2002-18:00:00,05,01,2002,18,141.58
05.01.2002-21:00:00,05,01,2002,21,130.07
05.02.2002-00:00:00,05,02,2002,00,122.32
05.02.2002-03:00:00,05,02,2002,03,114.51
05.02.2002-06:00:00,05,02,2002,06,114.97
05.02.2002-09:00:00,05,02,2002,09,163.79
05.02.2002-12:00:00,05,02,2002,12,203.84
05.02.2002-15:00:00,05,02,2002,15,176.15
05.02.2002-18:00:00,05,02,2002,18,161.64
05.02.2002-21:00:00,05,02,2002,21,167.42
05.03.2002-00:00:00,05,03,2002,00,174.93
05.03.2002-03:00:00,05,03,2002,03,162.62
05.03.2002-06:00:00,05,03,2002,06,154.62
05.03.2002-09:00:00,05,03,2002,09,230.9
05.03.2002-12:00:00,05,03,2002,12,329.98
05.03.2002-15:00:00,05,03,2002,15,252.66
05.03.2002-18:00:00,05,03,2002,18,220.73
05.03.2002-21:00:00,05,03,2002,21,196.42
05.04.2002-00:00:00,05,04,2002,00,179.4
05.04.2002-03:00:00,05,04,2002,03,162.85
05.04.2002-06:00:00,05,04,2002,06,161.39
05.04.2002-09:00:00,05,04,2002,09,205.02
05.04.2002-12:00:00,05,04,2002,12,291.24
05.04.2002-15:00:00,05,04,2002,15,238.24
05.04.2002-18:00:00,05,04,2002,18,200.53
05.04.2002-21:00:00,05,04,2002,21,184.74
05.05.2002-00:00:00,05,05,2002,00,174.23
05.05.2002-03:00:00,05,05,2002,03,170.62
05.05.2002-06:00:00,05,05,2002,06,166.16
05.05.2002-09:00:00,05,05,2002,09,211.85
05.05.2002-12:00:00,05,05,2002,12,332.77
05.05.2002-15:00:00,05,05,2002,15,268.9
05.05.2002-18:00:00,05,05,2002,18,218.31
05.05.2002-21:00:00,05,05,2002,21,193.47
05.06.2002-00:00:00,05,06,2002,00,178.75
05.06.2002-03:00:00,05,06,2002,03,178.36
05.06.2002-06:00:00,05,06,2002,06,175.99
05.06.2002-09:00:00,05,06,2002,09,191.68
05.06.2002-12:00:00,05,06,2002,12,288.82
05.06.2002-15:00:00,05,06,2002,15,256.04
05.06.2002-18:00:00,05,06,2002,18,209.78
05.06.2002-21:00:00,05,06,2002,21,188.66
05.07.2002-00:00:00,05,07,2002,00,182.85
05.07.2002-03:00:00,05,07,2002,03,183.27
05.07.2002-06:00:00,05,07,2002,06,183.19
05.07.2002-09:00:00,05,07,2002,09,177.54
05.07.2002-12:00:00,05,07,2002,12,224.53
05.07.2002-15:00:00,05,07,2002,15,227.96
05.07.2002-18:00:00,05,07,2002,18,198.32
05.07.2002-21:00:00,05,07,2002,21,186.34
05.08.2002-00:00:00,05,08,2002,00,184.74
05.08.2002-03:00:00,05,08,2002,03,184.94
05.08.2002-06:00:00,05,08,2002,06,181.91
05.08.2002-09:00:00,05,08,2002,09,185.02
05.08.2002-12:00:00,05,08,2002,12,268.09
05.08.2002-15:00:00,05,08,2002,15,266.89
05.08.2002-18:00:00,05,08,2002,18,219.82
05.08.2002-21:00:00,05,08,2002,21,195.24
05.09.2002-00:00:00,05,09,2002,00,188.45
05.09.2002-03:00:00,05,09,2002,03,188.8
05.09.2002-06:00:00,05,09,2002,06,186.37
05.09.2002-09:00:00,05,09,2002,09,191.15
05.09.2002-12:00:00,05,09,2002,12,273.34
05.09.2002-15:00:00,05,09,2002,15,269.93
05.09.2002-18:00:00,05,09,2002,18,226.06
05.09.2002-21:00:00,05,09,2002,21,200.7
05.10.2002-00:00:00,05,10,2002,00,196.21
05.10.2002-03:00:00,05,10,2002,03,194
05.10.2002-06:00:00,05,10,2002,06,191.26
05.10.2002-09:00:00,05,10,2002,09,229.58
05.10.2002-12:00:00,05,10,2002,12,326.84
05.10.2002-15:00:00,05,10,2002,15,287.42
05.10.2002-18:00:00,05,10,2002,18,238.51
05.10.2002-21:00:00,05,10,2002,21,213.66
05.11.2002-00:00:00,05,11,2002,00,201.98
05.11.2002-03:00:00,05,11,2002,03,199.7
05.11.2002-06:00:00,05,11,2002,06,191.38
05.11.2002-09:00:00,05,11,2002,09,280.49
05.11.2002-12:00:00,05,11,2002,12,431.21
05.11.2002-15:00:00,05,11,2002,15,366.43
05.11.2002-18:00:00,05,11,2002,18,304.87
05.11.2002-21:00:00,05,11,2002,21,258.16
05.12.2002-00:00:00,05,12,2002,00,235.88
05.12.2002-03:00:00,05,12,2002,03,220.24
05.12.2002-06:00:00,05,12,2002,06,214.31
05.12.2002-09:00:00,05,12,2002,09,407.55
05.12.2002-12:00:00,05,12,2002,12,594.91
05.12.2002-15:00:00,05,12,2002,15,453.92
05.12.2002-18:00:00,05,12,2002,18,369.19
05.12.2002-21:00:00,05,12,2002,21,312.73
05.13.2002-00:00:00,05,13,2002,00,294.71
05.13.2002-03:00:00,05,13,2002,03,273.48
05.13.2002-06:00:00,05,13,2002,06,293.3
05.13.2002-09:00:00,05,13,2002,09,560.72
05.13.2002-12:00:00,05,13,2002,12,706.34
05.13.2002-15:00:00,05,13,2002,15,551.49
05.13.2002-18:00:00,05,13,2002,18,456.56
05.13.2002-21:00:00,05,13,2002,21,402.55
05.14.2002-00:00:00,05,14,2002,00,355.89
05.14.2002-03:00:00,05,14,2002,03,321.75
05.14.2002-06:00:00,05,14,2002,06,335.02
05.14.2002-09:00:00,05,14,2002,09,656.83
05.14.2002-12:00:00,05,14,2002,12,815.76
05.14.2002-15:00:00,05,14,2002,15,635.86
05.14.2002-18:00:00,05,14,2002,18,544.87
05.14.2002-21:00:00,05,14,2002,21,451.41
05.15.2002-00:00:00,05,15,2002,00,410.64
05.15.2002-03:00:00,05,15,2002,03,349.48
05.15.2002-06:00:00,05,15,2002,06,346.94
05.15.2002-09:00:00,05,15,2002,09,659.82
05.15.2002-12:00:00,05,15,2002,12,869.01
05.15.2002-15:00:00,05,15,2002,15,595.48
05.15.2002-18:00:00,05,15,2002,18,483
05.15.2002-21:00:00,05,15,2002,21,422.54
05.16.2002-00:00:00,05,16,2002,00,375.52
05.16.2002-03:00:00,05,16,2002,03,364.6
05.16.2002-06:00:00,05,16,2002,06,352.75
05.16.2002-09:00:00,05,16,2002,09,594.08
05.16.2002-12:00:00,05,16,2002,12,954.44
05.16.2002-15:00:00,05,16,2002,15,670.6
05.16.2002-18:00:00,05,16,2002,18,543.74
05.16.2002-21:00:00,05,16,2002,21,469.56
05.17.2002-00:00:00,05,17,2002,00,426.18
05.17.2002-03:00:00,05,17,2002,03,396.17
05.17.2002-06:00:00,05,17,2002,06,394.94
05.17.2002-09:00:00,05,17,2002,09,751.09
05.17.2002-12:00:00,05,17,2002,12,1126.7
05.17.2002-15:00:00,05,17,2002,15,839.62
05.17.2002-18:00:00,05,17,2002,18,647.13
05.17.2002-21:00:00,05,17,2002,21,561.47
05.18.2002-00:00:00,05,18,2002,00,544.44
05.18.2002-03:00:00,05,18,2002,03,526.22
05.18.2002-06:00:00,05,18,2002,06,651.52
05.18.2002-09:00:00,05,18,2002,09,1121.5
05.18.2002-12:00:00,05,18,2002,12,1279.5
05.18.2002-15:00:00,05,18,2002,15,1009.7
05.18.2002-18:00:00,05,18,2002,18,803.76
05.18.2002-21:00:00,05,18,2002,21,724.37
05.19.2002-00:00:00,05,19,2002,00,702.88
05.19.2002-03:00:00,05,19,2002,03,657.03
05.19.2002-06:00:00,05,19,2002,06,748.05
05.19.2002-09:00:00,05,19,2002,09,1107.2
05.19.2002-12:00:00,05,19,2002,12,1267.3
05.19.2002-15:00:00,05,19,2002,15,1066.5
05.19.2002-18:00:00,05,19,2002,18,870.72
05.19.2002-21:00:00,05,19,2002,21,794.88
05.20.2002-00:00:00,05,20,2002,00,760
05.20.2002-03:00:00,05,20,2002,03,730.65
05.20.2002-06:00:00,05,20,2002,06,939.44
05.20.2002-09:00:00,05,20,2002,09,1534.9
05.20.2002-12:00:00,05,20,2002,12,1705.9
05.20.2002-15:00:00,05,20,2002,15,1334.3
05.20.2002-18:00:00,05,20,2002,18,1069.1
05.20.2002-21:00:00,05,20,2002,21,972.21
05.21.2002-00:00:00,05,21,2002,00,831.92
05.21.2002-03:00:00,05,21,2002,03,777.54
05.21.2002-06:00:00,05,21,2002,06,834.36
05.21.2002-09:00:00,05,21,2002,09,1324.5
05.21.2002-12:00:00,05,21,2002,12,1512.1
05.21.2002-15:00:00,05,21,2002,15,1201.7
05.21.2002-18:00:00,05,21,2002,18,982.9
05.21.2002-21:00:00,05,21,2002,21,881.76
05.22.2002-00:00:00,05,22,2002,00,835.46
05.22.2002-03:00:00,05,22,2002,03,807.55
05.22.2002-06:00:00,05,22,2002,06,846.15
05.22.2002-09:00:00,05,22,2002,09,1430.5
05.22.2002-12:00:00,05,22,2002,12,1679.2
05.22.2002-15:00:00,05,22,2002,15,1329.8
05.22.2002-18:00:00,05,22,2002,18,1097.7
05.22.2002-21:00:00,05,22,2002,21,958.03
05.23.2002-00:00:00,05,23,2002,00,913.35
05.23.2002-03:00:00,05,23,2002,03,857.62
05.23.2002-06:00:00,05,23,2002,06,875
05.23.2002-09:00:00,05,23,2002,09,1485.4
05.23.2002-12:00:00,05,23,2002,12,1793
05.23.2002-15:00:00,05,23,2002,15,1396.5
05.23.2002-18:00:00,05,23,2002,18,1079.6
05.23.2002-21:00:00,05,23,2002,21,997.01
05.24.2002-00:00:00,05,24,2002,00,936.27
05.24.2002-03:00:00,05,24,2002,03,892.71
05.24.2002-06:00:00,05,24,2002,06,884.35
05.24.2002-09:00:00,05,24,2002,09,1661.7
05.24.2002-12:00:00,05,24,2002,12,2219.5
05.24.2002-15:00:00,05,24,2002,15,1689.4
05.24.2002-18:00:00,05,24,2002,18,1263.9
05.24.2002-21:00:00,05,24,2002,21,1129.4
05.25.2002-00:00:00,05,25,2002,00,1034.2
05.25.2002-03:00:00,05,25,2002,03,985.63
05.25.2002-06:00:00,05,25,2002,06,955.76
05.25.2002-09:00:00,05,25,2002,09,1810.2
05.25.2002-12:00:00,05,25,2002,12,2521.1
05.25.2002-15:00:00,05,25,2002,15,1939.2
05.25.2002-18:00:00,05,25,2002,18,1510.5
05.25.2002-21:00:00,05,25,2002,21,1322.3
05.26.2002-00:00:00,05,26,2002,00,1249.1
05.26.2002-03:00:00,05,26,2002,03,1202.3
05.26.2002-06:00:00,05,26,2002,06,1275.3
05.26.2002-09:00:00,05,26,2002,09,2177.3
05.26.2002-12:00:00,05,26,2002,12,2558.2
05.26.2002-15:00:00,05,26,2002,15,2008
05.26.2002-18:00:00,05,26,2002,18,1643.5
05.26.2002-21:00:00,05,26,2002,21,1491.1
05.27.2002-00:00:00,05,27,2002,00,1411.9
05.27.2002-03:00:00,05,27,2002,03,1334.6
05.27.2002-06:00:00,05,27,2002,06,1473.6
05.27.2002-09:00:00,05,27,2002,09,2466.1
05.27.2002-12:00:00,05,27,2002,12,2945.2
05.27.2002-15:00:00,05,27,2002,15,2398.6
05.27.2002-18:00:00,05,27,2002,18,2008.1
05.27.2002-21:00:00,05,27,2002,21,1771.8
05.28.2002-00:00:00,05,28,2002,00,1704.5
05.28.2002-03:00:00,05,28,2002,03,1583.3
05.28.2002-06:00:00,05,28,2002,06,1870.8
05.28.2002-09:00:00,05,28,2002,09,2883.9
05.28.2002-12:00:00,05,28,2002,12,3290.5
05.28.2002-15:00:00,05,28,2002,15,2787.1
05.28.2002-18:00:00,05,28,2002,18,2455.5
05.28.2002-21:00:00,05,28,2002,21,2242.1
05.29.2002-00:00:00,05,29,2002,00,2148
05.29.2002-03:00:00,05,29,2002,03,2036.5
05.29.2002-06:00:00,05,29,2002,06,2318.6
05.29.2002-09:00:00,05,29,2002,09,3037.5
05.29.2002-12:00:00,05,29,2002,12,3358.3
05.29.2002-15:00:00,05,29,2002,15,3009.8
05.29.2002-18:00:00,05,29,2002,18,2667.5
05.29.2002-21:00:00,05,29,2002,21,2509.2
05.30.2002-00:00:00,05,30,2002,00,2259.4
05.30.2002-03:00:00,05,30,2002,03,2101.2
05.30.2002-06:00:00,05,30,2002,06,2291.1
05.30.2002-09:00:00,05,30,2002,09,3412.2
05.30.2002-12:00:00,05,30,2002,12,3911.9
05.30.2002-15:00:00,05,30,2002,15,3274.1
05.30.2002-18:00:00,05,30,2002,18,2896.1
05.30.2002-21:00:00,05,30,2002,21,2667.9
05.31.2002-00:00:00,05,31,2002,00,2539.8
05.31.2002-03:00:00,05,31,2002,03,2356.8
05.31.2002-06:00:00,05,31,2002,06,2402.1
05.31.2002-09:00:00,05,31,2002,09,3785.6
05.31.2002-12:00:00,05,31,2002,12,4538.4
05.31.2002-15:00:00,05,31,2002,15,3878.4
05.31.2002-18:00:00,05,31,2002,18,3444.2
05.31.2002-21:00:00,05,31,2002,21,3190.6
06.01.2002-00:00:00,06,01,2002,00,2973.4
06.01.2002-03:00:00,06,01,2002,03,2818.7
06.01.2002-06:00:00,06,01,2002,06,2916.7
06.01.2002-09:00:00,06,01,2002,09,4087.6
06.01.2002-12:00:00,06,01,2002,12,4612.3
06.01.2002-15:00:00,06,01,2002,15,4229.3
06.01.2002-18:00:00,06,01,2002,18,3743.9
06.01.2002-21:00:00,06,01,2002,21,3541.9
06.02.2002-00:00:00,06,02,2002,00,3361.5
06.02.2002-03:00:00,06,02,2002,03,3123.9
06.02.2002-06:00:00,06,02,2002,06,3367.1
06.02.2002-09:00:00,06,02,2002,09,4656.4
06.02.2002-12:00:00,06,02,2002,12,5332.8
06.02.2002-15:00:00,06,02,2002,15,5025.9
06.02.2002-18:00:00,06,02,2002,18,4795.3
06.02.2002-21:00:00,06,02,2002,21,4498.6
06.03.2002-00:00:00,06,03,2002,00,4208.8
06.03.2002-03:00:00,06,03,2002,03,3968.4
06.03.2002-06:00:00,06,03,2002,06,4189.4
06.03.2002-09:00:00,06,03,2002,09,5494.9
06.03.2002-12:00:00,06,03,2002,12,6343.9
06.03.2002-15:00:00,06,03,2002,15,6202.5
06.03.2002-18:00:00,06,03,2002,18,5737.1
06.03.2002-21:00:00,06,03,2002,21,5353.4
06.04.2002-00:00:00,06,04,2002,00,4951.7
06.04.2002-03:00:00,06,04,2002,03,4745.2
06.04.2002-06:00:00,06,04,2002,06,4790.2
06.04.2002-09:00:00,06,04,2002,09,5870.8
06.04.2002-12:00:00,06,04,2002,12,6799.8
06.04.2002-15:00:00,06,04,2002,15,6640.5
06.04.2002-18:00:00,06,04,2002,18,6398.5
06.04.2002-21:00:00,06,04,2002,21,6190.1
06.05.2002-00:00:00,06,05,2002,00,5867.4
06.05.2002-03:00:00,06,05,2002,03,5627.4
06.05.2002-06:00:00,06,05,2002,06,5785.8
06.05.2002-09:00:00,06,05,2002,09,6793.3
06.05.2002-12:00:00,06,05,2002,12,7785.1
06.05.2002-15:00:00,06,05,2002,15,7928.2
06.05.2002-18:00:00,06,05,2002,18,7512.5
06.05.2002-21:00:00,06,05,2002,21,7019.7
06.06.2002-00:00:00,06,06,2002,00,6733.9
06.06.2002-03:00:00,06,06,2002,03,6204.8
06.06.2002-06:00:00,06,06,2002,06,6501.9
06.06.2002-09:00:00,06,06,2002,09,7424.8
06.06.2002-12:00:00,06,06,2002,12,8443.8
06.06.2002-15:00:00,06,06,2002,15,8365.5
06.06.2002-18:00:00,06,06,2002,18,7839.7
06.06.2002-21:00:00,06,06,2002,21,7474.4
06.07.2002-00:00:00,06,07,2002,00,6919.9
06.07.2002-03:00:00,06,07,2002,03,6462.3
06.07.2002-06:00:00,06,07,2002,06,6259.9
06.07.2002-09:00:00,06,07,2002,09,6941.8
06.07.2002-12:00:00,06,07,2002,12,7645.6
06.07.2002-15:00:00,06,07,2002,15,7493.7
06.07.2002-18:00:00,06,07,2002,18,7053.3
06.07.2002-21:00:00,06,07,2002,21,6501.5
06.08.2002-00:00:00,06,08,2002,00,6157.5
06.08.2002-03:00:00,06,08,2002,03,5804.6
06.08.2002-06:00:00,06,08,2002,06,5623.4
06.08.2002-09:00:00,06,08,2002,09,5354.3
06.08.2002-12:00:00,06,08,2002,12,5310.1
06.08.2002-15:00:00,06,08,2002,15,5387.2
06.08.2002-18:00:00,06,08,2002,18,5212.2
06.08.2002-21:00:00,06,08,2002,21,5061.8
06.09.2002-00:00:00,06,09,2002,00,4801.7
06.09.2002-03:00:00,06,09,2002,03,4695
06.09.2002-06:00:00,06,09,2002,06,4591.8
06.09.2002-09:00:00,06,09,2002,09,4448.4
06.09.2002-12:00:00,06,09,2002,12,4441.6
06.09.2002-15:00:00,06,09,2002,15,4546
06.09.2002-18:00:00,06,09,2002,18,4439.6
06.09.2002-21:00:00,06,09,2002,21,4399.1
06.10.2002-00:00:00,06,10,2002,00,4281.8
06.10.2002-03:00:00,06,10,2002,03,4203.1
06.10.2002-06:00:00,06,10,2002,06,4131.2
06.10.2002-09:00:00,06,10,2002,09,4786.5
06.10.2002-12:00:00,06,10,2002,12,5565.6
06.10.2002-15:00:00,06,10,2002,15,5507.8
06.10.2002-18:00:00,06,10,2002,18,5165.7
06.10.2002-21:00:00,06,10,2002,21,4927.2
06.11.2002-00:00:00,06,11,2002,00,4756
06.11.2002-03:00:00,06,11,2002,03,4519.2
06.11.2002-06:00:00,06,11,2002,06,4706
06.11.2002-09:00:00,06,11,2002,09,5854.7
06.11.2002-12:00:00,06,11,2002,12,6844.9
06.11.2002-15:00:00,06,11,2002,15,6795.6
06.11.2002-18:00:00,06,11,2002,18,6555.6
06.11.2002-21:00:00,06,11,2002,21,6146.7
06.12.2002-00:00:00,06,12,2002,00,5851.9
06.12.2002-03:00:00,06,12,2002,03,5534.2
06.12.2002-06:00:00,06,12,2002,06,5714.5
06.12.2002-09:00:00,06,12,2002,09,6638.9
06.12.2002-12:00:00,06,12,2002,12,7648.8
06.12.2002-15:00:00,06,12,2002,15,7644.7
06.12.2002-18:00:00,06,12,2002,18,7439.5
06.12.2002-21:00:00,06,12,2002,21,7047
06.13.2002-00:00:00,06,13,2002,00,6721
06.13.2002-03:00:00,06,13,2002,03,6322.4
06.13.2002-06:00:00,06,13,2002,06,6553.4
06.13.2002-09:00:00,06,13,2002,09,7525.5
06.13.2002-12:00:00,06,13,2002,12,8750.8
06.13.2002-15:00:00,06,13,2002,15,9046.8
06.13.2002-18:00:00,06,13,2002,18,9046.6
06.13.2002-21:00:00,06,13,2002,21,8705.3
06.14.2002-00:00:00,06,14,2002,00,8184.6
06.14.2002-03:00:00,06,14,2002,03,7708.6
06.14.2002-06:00:00,06,14,2002,06,8044.8
06.14.2002-09:00:00,06,14,2002,09,8739.8
06.14.2002-12:00:00,06,14,2002,12,10150
06.14.2002-15:00:00,06,14,2002,15,10692
06.14.2002-18:00:00,06,14,2002,18,10573
06.14.2002-21:00:00,06,14,2002,21,10312
06.15.2002-00:00:00,06,15,2002,00,9860.2
06.15.2002-03:00:00,06,15,2002,03,9343.9
06.15.2002-06:00:00,06,15,2002,06,9211.8
06.15.2002-09:00:00,06,15,2002,09,10242
06.15.2002-12:00:00,06,15,2002,12,11802
06.15.2002-15:00:00,06,15,2002,15,12447
06.15.2002-18:00:00,06,15,2002,18,12843
06.15.2002-21:00:00,06,15,2002,21,12524
06.16.2002-00:00:00,06,16,2002,00,12002
06.16.2002-03:00:00,06,16,2002,03,11364
06.16.2002-06:00:00,06,16,2002,06,11366
06.16.2002-09:00:00,06,16,2002,09,12009
06.16.2002-12:00:00,06,16,2002,12,13646
06.16.2002-15:00:00,06,16,2002,15,14453
06.16.2002-18:00:00,06,16,2002,18,14779
06.16.2002-21:00:00,06,16,2002,21,14516
06.17.2002-00:00:00,06,17,2002,00,13724
06.17.2002-03:00:00,06,17,2002,03,12922
06.17.2002-06:00:00,06,17,2002,06,12298
06.17.2002-09:00:00,06,17,2002,09,12791
06.17.2002-12:00:00,06,17,2002,12,13598
06.17.2002-15:00:00,06,17,2002,15,14206
06.17.2002-18:00:00,06,17,2002,18,14057
06.17.2002-21:00:00,06,17,2002,21,13694
06.18.2002-00:00:00,06,18,2002,00,12785
06.18.2002-03:00:00,06,18,2002,03,11920
06.18.2002-06:00:00,06,18,2002,06,11142
06.18.2002-09:00:00,06,18,2002,09,11521
06.18.2002-12:00:00,06,18,2002,12,11768
06.18.2002-15:00:00,06,18,2002,15,12076
06.18.2002-18:00:00,06,18,2002,18,11774
06.18.2002-21:00:00,06,18,2002,21,11248
06.19.2002-00:00:00,06,19,2002,00,10451
06.19.2002-03:00:00,06,19,2002,03,9981.8
06.19.2002-06:00:00,06,19,2002,06,9458.4
06.19.2002-09:00:00,06,19,2002,09,9665.4
06.19.2002-12:00:00,06,19,2002,12,9982.2
06.19.2002-15:00:00,06,19,2002,15,10117
06.19.2002-18:00:00,06,19,2002,18,9781.7
06.19.2002-21:00:00,06,19,2002,21,9404.3
06.20.2002-00:00:00,06,20,2002,00,8960.7
06.20.2002-03:00:00,06,20,2002,03,8445.2
06.20.2002-06:00:00,06,20,2002,06,8109
06.20.2002-09:00:00,06,20,2002,09,8596.1
06.20.2002-12:00:00,06,20,2002,12,9403.5
06.20.2002-15:00:00,06,20,2002,15,9694.8
06.20.2002-18:00:00,06,20,2002,18,9623.4
06.20.2002-21:00:00,06,20,2002,21,9307.7
06.21.2002-00:00:00,06,21,2002,00,8852.1
06.21.2002-03:00:00,06,21,2002,03,8403.8
06.21.2002-06:00:00,06,21,2002,06,8184.4
06.21.2002-09:00:00,06,21,2002,09,8823.3
06.21.2002-12:00:00,06,21,2002,12,9662.9
06.21.2002-15:00:00,06,21,2002,15,10065
06.21.2002-18:00:00,06,21,2002,18,10010
06.21.2002-21:00:00,06,21,2002,21,9883.8
06.22.2002-00:00:00,06,22,2002,00,9385.2
06.22.2002-03:00:00,06,22,2002,03,8955.4
06.22.2002-06:00:00,06,22,2002,06,8734.5
06.22.2002-09:00:00,06,22,2002,09,9460.4
06.22.2002-12:00:00,06,22,2002,12,10341
06.22.2002-15:00:00,06,22,2002,15,10847
06.22.2002-18:00:00,06,22,2002,18,11165
06.22.2002-21:00:00,06,22,2002,21,11186
06.23.2002-00:00:00,06,23,2002,00,10735
06.23.2002-03:00:00,06,23,2002,03,10144
06.23.2002-06:00:00,06,23,2002,06,9807.5
06.23.2002-09:00:00,06,23,2002,09,10218
06.23.2002-12:00:00,06,23,2002,12,10969
06.23.2002-15:00:00,06,23,2002,15,11534
06.23.2002-18:00:00,06,23,2002,18,12068
06.23.2002-21:00:00,06,23,2002,21,12016
06.24.2002-00:00:00,06,24,2002,00,11393
06.24.2002-03:00:00,06,24,2002,03,10743
06.24.2002-06:00:00,06,24,2002,06,10217
06.24.2002-09:00:00,06,24,2002,09,10513
06.24.2002-12:00:00,06,24,2002,12,10926
06.24.2002-15:00:00,06,24,2002,15,11338
06.24.2002-18:00:00,06,24,2002,18,11674
06.24.2002-21:00:00,06,24,2002,21,11382
06.25.2002-00:00:00,06,25,2002,00,10710
06.25.2002-03:00:00,06,25,2002,03,10219
06.25.2002-06:00:00,06,25,2002,06,9680.2
06.25.2002-09:00:00,06,25,2002,09,9733.7
06.25.2002-12:00:00,06,25,2002,12,9840.2
06.25.2002-15:00:00,06,25,2002,15,10224
06.25.2002-18:00:00,06,25,2002,18,10683
06.25.2002-21:00:00,06,25,2002,21,10550
06.26.2002-00:00:00,06,26,2002,00,10053
06.26.2002-03:00:00,06,26,2002,03,9672.8
06.26.2002-06:00:00,06,26,2002,06,9224.2
06.26.2002-09:00:00,06,26,2002,09,9091.8
06.26.2002-12:00:00,06,26,2002,12,9181.1
06.26.2002-15:00:00,06,26,2002,15,9737.2
06.26.2002-18:00:00,06,26,2002,18,10235
06.26.2002-21:00:00,06,26,2002,21,10260
06.27.2002-00:00:00,06,27,2002,00,9916.6
06.27.2002-03:00:00,06,27,2002,03,9678.7
06.27.2002-06:00:00,06,27,2002,06,9258.4
06.27.2002-09:00:00,06,27,2002,09,9118.6
06.27.2002-12:00:00,06,27,2002,12,9299.4
06.27.2002-15:00:00,06,27,2002,15,9847.8
06.27.2002-18:00:00,06,27,2002,18,10230
06.27.2002-21:00:00,06,27,2002,21,10432
06.28.2002-00:00:00,06,28,2002,00,10504
06.28.2002-03:00:00,06,28,2002,03,10531
06.28.2002-06:00:00,06,28,2002,06,10620
06.28.2002-09:00:00,06,28,2002,09,10443
06.28.2002-12:00:00,06,28,2002,12,10573
06.28.2002-15:00:00,06,28,2002,15,10901
06.28.2002-18:00:00,06,28,2002,18,11588
06.28.2002-21:00:00,06,28,2002,21,11813
06.29.2002-00:00:00,06,29,2002,00,11323
06.29.2002-03:00:00,06,29,2002,03,10984
06.29.2002-06:00:00,06,29,2002,06,10374
06.29.2002-09:00:00,06,29,2002,09,9799.6
06.29.2002-12:00:00,06,29,2002,12,9273.3
06.29.2002-15:00:00,06,29,2002,15,8945.3
06.29.2002-18:00:00,06,29,2002,18,8852.1
06.29.2002-21:00:00,06,29,2002,21,8651.2
06.30.2002-00:00:00,06,30,2002,00,8445.5
06.30.2002-03:00:00,06,30,2002,03,8139.4
06.30.2002-06:00:00,06,30,2002,06,7692.6
06.30.2002-09:00:00,06,30,2002,09,7207
06.30.2002-12:00:00,06,30,2002,12,6893.4
06.30.2002-15:00:00,06,30,2002,15,6890.3
06.30.2002-18:00:00,06,30,2002,18,6941.8
06.30.2002-21:00:00,06,30,2002,21,7047.1
07.01.2002-00:00:00,07,01,2002,00,6844.8
07.01.2002-03:00:00,07,01,2002,03,6771.2
07.01.2002-06:00:00,07,01,2002,06,6406.8
07.01.2002-09:00:00,07,01,2002,09,6169.2
07.01.2002-12:00:00,07,01,2002,12,5881.8
07.01.2002-15:00:00,07,01,2002,15,6011.7
07.01.2002-18:00:00,07,01,2002,18,6011.2
07.01.2002-21:00:00,07,01,2002,21,6275.3
07.02.2002-00:00:00,07,02,2002,00,6126.6
07.02.2002-03:00:00,07,02,2002,03,6096.2
07.02.2002-06:00:00,07,02,2002,06,5831.1
07.02.2002-09:00:00,07,02,2002,09,5464.4
07.02.2002-12:00:00,07,02,2002,12,5250.8
07.02.2002-15:00:00,07,02,2002,15,5337.4
07.02.2002-18:00:00,07,02,2002,18,5455.7
07.02.2002-21:00:00,07,02,2002,21,5685
07.03.2002-00:00:00,07,03,2002,00,5656.8
07.03.2002-03:00:00,07,03,2002,03,5596.3
07.03.2002-06:00:00,07,03,2002,06,5318.7
07.03.2002-09:00:00,07,03,2002,09,4984.3
07.03.2002-12:00:00,07,03,2002,12,4768.1
07.03.2002-15:00:00,07,03,2002,15,4741.7
07.03.2002-18:00:00,07,03,2002,18,4950.9
07.03.2002-21:00:00,07,03,2002,21,5183
07.04.2002-00:00:00,07,04,2002,00,5163.5
07.04.2002-03:00:00,07,04,2002,03,5166
07.04.2002-06:00:00,07,04,2002,06,4939.1
07.04.2002-09:00:00,07,04,2002,09,4631.3
07.04.2002-12:00:00,07,04,2002,12,4414.5
07.04.2002-15:00:00,07,04,2002,15,4436.3
07.04.2002-18:00:00,07,04,2002,18,4564.2
07.04.2002-21:00:00,07,04,2002,21,4733.3
07.05.2002-00:00:00,07,05,2002,00,4729
07.05.2002-03:00:00,07,05,2002,03,4810.7
07.05.2002-06:00:00,07,05,2002,06,4603.2
07.05.2002-09:00:00,07,05,2002,09,4415.5
07.05.2002-12:00:00,07,05,2002,12,4194.5
07.05.2002-15:00:00,07,05,2002,15,4218.2
07.05.2002-18:00:00,07,05,2002,18,4235.8
07.05.2002-21:00:00,07,05,2002,21,4334.3
07.06.2002-00:00:00,07,06,2002,00,4402.4
07.06.2002-03:00:00,07,06,2002,03,4499.6
07.06.2002-06:00:00,07,06,2002,06,4350
07.06.2002-09:00:00,07,06,2002,09,4080.8
07.06.2002-12:00:00,07,06,2002,12,3915.9
07.06.2002-15:00:00,07,06,2002,15,3898.8
07.06.2002-18:00:00,07,06,2002,18,3958.1
07.06.2002-21:00:00,07,06,2002,21,4047
07.07.2002-00:00:00,07,07,2002,00,4423.4
07.07.2002-03:00:00,07,07,2002,03,4709.9
07.07.2002-06:00:00,07,07,2002,06,4708.3
07.07.2002-09:00:00,07,07,2002,09,4590.4
07.07.2002-12:00:00,07,07,2002,12,4611.6
07.07.2002-15:00:00,07,07,2002,15,4676.8
07.07.2002-18:00:00,07,07,2002,18,4900.4
07.07.2002-21:00:00,07,07,2002,21,5010.4
07.08.2002-00:00:00,07,08,2002,00,4818.1
07.08.2002-03:00:00,07,08,2002,03,4603.3
07.08.2002-06:00:00,07,08,2002,06,4278
07.08.2002-09:00:00,07,08,2002,09,3979.6
07.08.2002-12:00:00,07,08,2002,12,3832.2
07.08.2002-15:00:00,07,08,2002,15,3786
07.08.2002-18:00:00,07,08,2002,18,3849.5
07.08.2002-21:00:00,07,08,2002,21,3864.4
07.09.2002-00:00:00,07,09,2002,00,3854.8
07.09.2002-03:00:00,07,09,2002,03,3844.6
07.09.2002-06:00:00,07,09,2002,06,3706.7
07.09.2002-09:00:00,07,09,2002,09,3570.4
07.09.2002-12:00:00,07,09,2002,12,3486.8
07.09.2002-15:00:00,07,09,2002,15,3524
07.09.2002-18:00:00,07,09,2002,18,3586.8
07.09.2002-21:00:00,07,09,2002,21,3653.3
07.10.2002-00:00:00,07,10,2002,00,3684.5
07.10.2002-03:00:00,07,10,2002,03,3671.4
07.10.2002-06:00:00,07,10,2002,06,3483.4
07.10.2002-09:00:00,07,10,2002,09,3312.6
07.10.2002-12:00:00,07,10,2002,12,3208.7
07.10.2002-15:00:00,07,10,2002,15,3290
07.10.2002-18:00:00,07,10,2002,18,3364.3
07.10.2002-21:00:00,07,10,2002,21,3434.3
07.11.2002-00:00:00,07,11,2002,00,3446.4
07.11.2002-03:00:00,07,11,2002,03,3405.8
07.11.2002-06:00:00,07,11,2002,06,3169.3
07.11.2002-09:00:00,07,11,2002,09,3013.8
07.11.2002-12:00:00,07,11,2002,12,2985.8
07.11.2002-15:00:00,07,11,2002,15,3038.8
07.11.2002-18:00:00,07,11,2002,18,3123.5
07.11.2002-21:00:00,07,11,2002,21,3216.3
07.12.2002-00:00:00,07,12,2002,00,3227.6
07.12.2002-03:00:00,07,12,2002,03,3178.3
07.12.2002-06:00:00,07,12,2002,06,2921
07.12.2002-09:00:00,07,12,2002,09,2821.4
07.12.2002-12:00:00,07,12,2002,12,2835.8
07.12.2002-15:00:00,07,12,2002,15,2879.8
07.12.2002-18:00:00,07,12,2002,18,2933.6
07.12.2002-21:00:00,07,12,2002,21,3028.4
07.13.2002-00:00:00,07,13,2002,00,3082.8
07.13.2002-03:00:00,07,13,2002,03,2996.9
07.13.2002-06:00:00,07,13,2002,06,2779.2
07.13.2002-09:00:00,07,13,2002,09,2684.3
07.13.2002-12:00:00,07,13,2002,12,2678.3
07.13.2002-15:00:00,07,13,2002,15,2718.3
07.13.2002-18:00:00,07,13,2002,18,2833.7
07.13.2002-21:00:00,07,13,2002,21,2870.4
07.14.2002-00:00:00,07,14,2002,00,2905.4
07.14.2002-03:00:00,07,14,2002,03,2827
07.14.2002-06:00:00,07,14,2002,06,2634.7
07.14.2002-09:00:00,07,14,2002,09,2449.7
07.14.2002-12:00:00,07,14,2002,12,2451.5
07.14.2002-15:00:00,07,14,2002,15,2504.6
07.14.2002-18:00:00,07,14,2002,18,2667.6
07.14.2002-21:00:00,07,14,2002,21,2723.4
07.15.2002-00:00:00,07,15,2002,00,2772.5
07.15.2002-03:00:00,07,15,2002,03,2727
07.15.2002-06:00:00,07,15,2002,06,2549.5
07.15.2002-09:00:00,07,15,2002,09,2383.7
07.15.2002-12:00:00,07,15,2002,12,2378.1
07.15.2002-15:00:00,07,15,2002,15,2439.8
07.15.2002-18:00:00,07,15,2002,18,2573.5
07.15.2002-21:00:00,07,15,2002,21,2645.4
07.16.2002-00:00:00,07,16,2002,00,2688.4
07.16.2002-03:00:00,07,16,2002,03,2648.5
07.16.2002-06:00:00,07,16,2002,06,2445.2
07.16.2002-09:00:00,07,16,2002,09,2289
07.16.2002-12:00:00,07,16,2002,12,2278.5
07.16.2002-15:00:00,07,16,2002,15,2352.2
07.16.2002-18:00:00,07,16,2002,18,2477.6
07.16.2002-21:00:00,07,16,2002,21,2556.8
07.17.2002-00:00:00,07,17,2002,00,2581.3
07.17.2002-03:00:00,07,17,2002,03,2527.3
07.17.2002-06:00:00,07,17,2002,06,2321.2
07.17.2002-09:00:00,07,17,2002,09,2170.2
07.17.2002-12:00:00,07,17,2002,12,2174.2
07.17.2002-15:00:00,07,17,2002,15,2247.5
07.17.2002-18:00:00,07,17,2002,18,2367.8
07.17.2002-21:00:00,07,17,2002,21,2448.7
07.18.2002-00:00:00,07,18,2002,00,2471
07.18.2002-03:00:00,07,18,2002,03,2422.3
07.18.2002-06:00:00,07,18,2002,06,2231
07.18.2002-09:00:00,07,18,2002,09,2076.7
07.18.2002-12:00:00,07,18,2002,12,2087.7
07.18.2002-15:00:00,07,18,2002,15,2161.7
07.18.2002-18:00:00,07,18,2002,18,2282.5
07.18.2002-21:00:00,07,18,2002,21,2362.2
07.19.2002-00:00:00,07,19,2002,00,2385.3
07.19.2002-03:00:00,07,19,2002,03,2336.8
07.19.2002-06:00:00,07,19,2002,06,2137.9
07.19.2002-09:00:00,07,19,2002,09,1988.6
07.19.2002-12:00:00,07,19,2002,12,2002
07.19.2002-15:00:00,07,19,2002,15,2078.5
07.19.2002-18:00:00,07,19,2002,18,2207.9
07.19.2002-21:00:00,07,19,2002,21,2283.8
07.20.2002-00:00:00,07,20,2002,00,2301.6
07.20.2002-03:00:00,07,20,2002,03,2263.4
07.20.2002-06:00:00,07,20,2002,06,2083.2
07.20.2002-09:00:00,07,20,2002,09,1933
07.20.2002-12:00:00,07,20,2002,12,1930
07.20.2002-15:00:00,07,20,2002,15,2018.1
07.20.2002-18:00:00,07,20,2002,18,2135.2
07.20.2002-21:00:00,07,20,2002,21,2215.9
07.21.2002-00:00:00,07,21,2002,00,2233.7
07.21.2002-03:00:00,07,21,2002,03,2205.8
07.21.2002-06:00:00,07,21,2002,06,2020.9
07.21.2002-09:00:00,07,21,2002,09,1869.5
07.21.2002-12:00:00,07,21,2002,12,1869.8
07.21.2002-15:00:00,07,21,2002,15,1962.2
07.21.2002-18:00:00,07,21,2002,18,2073
07.21.2002-21:00:00,07,21,2002,21,2154.6
07.22.2002-00:00:00,07,22,2002,00,2162
07.22.2002-03:00:00,07,22,2002,03,2127.3
07.22.2002-06:00:00,07,22,2002,06,1943.4
07.22.2002-09:00:00,07,22,2002,09,1815.2
07.22.2002-12:00:00,07,22,2002,12,1807.8
07.22.2002-15:00:00,07,22,2002,15,1900.3
07.22.2002-18:00:00,07,22,2002,18,1992.5
07.22.2002-21:00:00,07,22,2002,21,2084.5
07.23.2002-00:00:00,07,23,2002,00,2089.1
07.23.2002-03:00:00,07,23,2002,03,2054.9
07.23.2002-06:00:00,07,23,2002,06,1857.4
07.23.2002-09:00:00,07,23,2002,09,1745.4
07.23.2002-12:00:00,07,23,2002,12,1738.3
07.23.2002-15:00:00,07,23,2002,15,1818.7
07.23.2002-18:00:00,07,23,2002,18,1941.9
07.23.2002-21:00:00,07,23,2002,21,1997.2
07.24.2002-00:00:00,07,24,2002,00,2022.6
07.24.2002-03:00:00,07,24,2002,03,1981.3
07.24.2002-06:00:00,07,24,2002,06,1763.6
07.24.2002-09:00:00,07,24,2002,09,1667.8
07.24.2002-12:00:00,07,24,2002,12,1673.2
07.24.2002-15:00:00,07,24,2002,15,1746.6
07.24.2002-18:00:00,07,24,2002,18,1856.8
07.24.2002-21:00:00,07,24,2002,21,1935
07.25.2002-00:00:00,07,25,2002,00,1969.8
07.25.2002-03:00:00,07,25,2002,03,1901.8
07.25.2002-06:00:00,07,25,2002,06,1702.3
07.25.2002-09:00:00,07,25,2002,09,1611.9
07.25.2002-12:00:00,07,25,2002,12,1625.2
07.25.2002-15:00:00,07,25,2002,15,1694
07.25.2002-18:00:00,07,25,2002,18,1805.1
07.25.2002-21:00:00,07,25,2002,21,1879.8
07.26.2002-00:00:00,07,26,2002,00,1897.4
07.26.2002-03:00:00,07,26,2002,03,1841
07.26.2002-06:00:00,07,26,2002,06,1665.6
07.26.2002-09:00:00,07,26,2002,09,1530.1
07.26.2002-12:00:00,07,26,2002,12,1568.1
07.26.2002-15:00:00,07,26,2002,15,1634
07.26.2002-18:00:00,07,26,2002,18,1754.5
07.26.2002-21:00:00,07,26,2002,21,1825.3
07.27.2002-00:00:00,07,27,2002,00,1846.9
07.27.2002-03:00:00,07,27,2002,03,1820.6
07.27.2002-06:00:00,07,27,2002,06,1642
07.27.2002-09:00:00,07,27,2002,09,1538.5
07.27.2002-12:00:00,07,27,2002,12,1516.3
07.27.2002-15:00:00,07,27,2002,15,1630.4
07.27.2002-18:00:00,07,27,2002,18,1709.5
07.27.2002-21:00:00,07,27,2002,21,1795.4
07.28.2002-00:00:00,07,28,2002,00,1811.1
07.28.2002-03:00:00,07,28,2002,03,1773.8
07.28.2002-06:00:00,07,28,2002,06,1626
07.28.2002-09:00:00,07,28,2002,09,1473.8
07.28.2002-12:00:00,07,28,2002,12,1501.5
07.28.2002-15:00:00,07,28,2002,15,1571.8
07.28.2002-18:00:00,07,28,2002,18,1678.4
07.28.2002-21:00:00,07,28,2002,21,1741.5
07.29.2002-00:00:00,07,29,2002,00,1750.9
07.29.2002-03:00:00,07,29,2002,03,1727.2
07.29.2002-06:00:00,07,29,2002,06,1597.7
07.29.2002-09:00:00,07,29,2002,09,1521.3
07.29.2002-12:00:00,07,29,2002,12,1492.9
07.29.2002-15:00:00,07,29,2002,15,1568.6
07.29.2002-18:00:00,07,29,2002,18,1626.4
07.29.2002-21:00:00,07,29,2002,21,1707.1
07.30.2002-00:00:00,07,30,2002,00,1720.8
07.30.2002-03:00:00,07,30,2002,03,1674.8
07.30.2002-06:00:00,07,30,2002,06,1601.9
07.30.2002-09:00:00,07,30,2002,09,1503.2
07.30.2002-12:00:00,07,30,2002,12,1514.1
07.30.2002-15:00:00,07,30,2002,15,1529
07.30.2002-18:00:00,07,30,2002,18,1610.5
07.30.2002-21:00:00,07,30,2002,21,1671
07.31.2002-00:00:00,07,31,2002,00,1689.5
07.31.2002-03:00:00,07,31,2002,03,1659
07.31.2002-06:00:00,07,31,2002,06,1510.2
07.31.2002-09:00:00,07,31,2002,09,1421.1
07.31.2002-12:00:00,07,31,2002,12,1401.1
07.31.2002-15:00:00,07,31,2002,15,1483.7
07.31.2002-18:00:00,07,31,2002,18,1575.5
07.31.2002-21:00:00,07,31,2002,21,1626.8
08.01.2002-00:00:00,08,01,2002,00,1664.3
08.01.2002-03:00:00,08,01,2002,03,1645
08.01.2002-06:00:00,08,01,2002,06,1536.5
08.01.2002-09:00:00,08,01,2002,09,1397.5
08.01.2002-12:00:00,08,01,2002,12,1377.2
08.01.2002-15:00:00,08,01,2002,15,1486.7
08.01.2002-18:00:00,08,01,2002,18,1569
08.01.2002-21:00:00,08,01,2002,21,1600.3
08.02.2002-00:00:00,08,02,2002,00,1629.7
08.02.2002-03:00:00,08,02,2002,03,1597.3
08.02.2002-06:00:00,08,02,2002,06,1481.5
08.02.2002-09:00:00,08,02,2002,09,1350.8
08.02.2002-12:00:00,08,02,2002,12,1335
08.02.2002-15:00:00,08,02,2002,15,1440
08.02.2002-18:00:00,08,02,2002,18,1528.3
08.02.2002-21:00:00,08,02,2002,21,1560.9
08.03.2002-00:00:00,08,03,2002,00,1581.7
08.03.2002-03:00:00,08,03,2002,03,1559.6
08.03.2002-06:00:00,08,03,2002,06,1478.1
08.03.2002-09:00:00,08,03,2002,09,1345.2
08.03.2002-12:00:00,08,03,2002,12,1343.7
08.03.2002-15:00:00,08,03,2002,15,1422.3
08.03.2002-18:00:00,08,03,2002,18,1502.4
08.03.2002-21:00:00,08,03,2002,21,1538.2
08.04.2002-00:00:00,08,04,2002,00,1577.9
08.04.2002-03:00:00,08,04,2002,03,1585
08.04.2002-06:00:00,08,04,2002,06,1521.1
08.04.2002-09:00:00,08,04,2002,09,1389.4
08.04.2002-12:00:00,08,04,2002,12,1379.9
08.04.2002-15:00:00,08,04,2002,15,1482.3
08.04.2002-18:00:00,08,04,2002,18,1568
08.04.2002-21:00:00,08,04,2002,21,1582.7
08.05.2002-00:00:00,08,05,2002,00,1568.6
08.05.2002-03:00:00,08,05,2002,03,1518.2
08.05.2002-06:00:00,08,05,2002,06,1445.1
08.05.2002-09:00:00,08,05,2002,09,1311
08.05.2002-12:00:00,08,05,2002,12,1315.2
08.05.2002-15:00:00,08,05,2002,15,1377.8
08.05.2002-18:00:00,08,05,2002,18,1453.4
08.05.2002-21:00:00,08,05,2002,21,1481.7
08.06.2002-00:00:00,08,06,2002,00,1500
08.06.2002-03:00:00,08,06,2002,03,1495
08.06.2002-06:00:00,08,06,2002,06,1418.4
08.06.2002-09:00:00,08,06,2002,09,1294.2
08.06.2002-12:00:00,08,06,2002,12,1273.3
08.06.2002-15:00:00,08,06,2002,15,1354
08.06.2002-18:00:00,08,06,2002,18,1430
08.06.2002-21:00:00,08,06,2002,21,1460.7
08.07.2002-00:00:00,08,07,2002,00,1470.5
08.07.2002-03:00:00,08,07,2002,03,1458.2
08.07.2002-06:00:00,08,07,2002,06,1392.1
08.07.2002-09:00:00,08,07,2002,09,1299.4
08.07.2002-12:00:00,08,07,2002,12,1289.2
08.07.2002-15:00:00,08,07,2002,15,1343.7
08.07.2002-18:00:00,08,07,2002,18,1401.2
08.07.2002-21:00:00,08,07,2002,21,1430.4
08.08.2002-00:00:00,08,08,2002,00,1452.9
08.08.2002-03:00:00,08,08,2002,03,1431.7
08.08.2002-06:00:00,08,08,2002,06,1339.3
08.08.2002-09:00:00,08,08,2002,09,1205.9
08.08.2002-12:00:00,08,08,2002,12,1197.3
08.08.2002-15:00:00,08,08,2002,15,1286.8
08.08.2002-18:00:00,08,08,2002,18,1363.5
08.08.2002-21:00:00,08,08,2002,21,1391.5
08.09.2002-00:00:00,08,09,2002,00,1407.7
08.09.2002-03:00:00,08,09,2002,03,1381.8
08.09.2002-06:00:00,08,09,2002,06,1264.3
08.09.2002-09:00:00,08,09,2002,09,1106.6
08.09.2002-12:00:00,08,09,2002,12,1116.3
08.09.2002-15:00:00,08,09,2002,15,1218.2
08.09.2002-18:00:00,08,09,2002,18,1310.1
08.09.2002-21:00:00,08,09,2002,21,1343.9
08.10.2002-00:00:00,08,10,2002,00,1354
08.10.2002-03:00:00,08,10,2002,03,1321.5
08.10.2002-06:00:00,08,10,2002,06,1192.5
08.10.2002-09:00:00,08,10,2002,09,1054.3
08.10.2002-12:00:00,08,10,2002,12,1061.3
08.10.2002-15:00:00,08,10,2002,15,1168.9
08.10.2002-18:00:00,08,10,2002,18,1253.5
08.10.2002-21:00:00,08,10,2002,21,1300.9
08.11.2002-00:00:00,08,11,2002,00,1316.9
08.11.2002-03:00:00,08,11,2002,03,1287
08.11.2002-06:00:00,08,11,2002,06,1174
08.11.2002-09:00:00,08,11,2002,09,1036.1
08.11.2002-12:00:00,08,11,2002,12,1038.3
08.11.2002-15:00:00,08,11,2002,15,1145.6
08.11.2002-18:00:00,08,11,2002,18,1226.7
08.11.2002-21:00:00,08,11,2002,21,1275
08.12.2002-00:00:00,08,12,2002,00,1288
08.12.2002-03:00:00,08,12,2002,03,1261.6
08.12.2002-06:00:00,08,12,2002,06,1153
08.12.2002-09:00:00,08,12,2002,09,1007.9
08.12.2002-12:00:00,08,12,2002,12,1014.8
08.12.2002-15:00:00,08,12,2002,15,1117.3
08.12.2002-18:00:00,08,12,2002,18,1200.7
08.12.2002-21:00:00,08,12,2002,21,1245
08.13.2002-00:00:00,08,13,2002,00,1257
08.13.2002-03:00:00,08,13,2002,03,1221.2
08.13.2002-06:00:00,08,13,2002,06,1101
08.13.2002-09:00:00,08,13,2002,09,956.98
08.13.2002-12:00:00,08,13,2002,12,980.66
08.13.2002-15:00:00,08,13,2002,15,1077.9
08.13.2002-18:00:00,08,13,2002,18,1165.2
08.13.2002-21:00:00,08,13,2002,21,1201.2
08.14.2002-00:00:00,08,14,2002,00,1220.8
08.14.2002-03:00:00,08,14,2002,03,1183.1
08.14.2002-06:00:00,08,14,2002,06,1044.2
08.14.2002-09:00:00,08,14,2002,09,924.46
08.14.2002-12:00:00,08,14,2002,12,994.51
08.14.2002-15:00:00,08,14,2002,15,1052.8
08.14.2002-18:00:00,08,14,2002,18,1133.6
08.14.2002-21:00:00,08,14,2002,21,1169.1
08.15.2002-00:00:00,08,15,2002,00,1182.3
08.15.2002-03:00:00,08,15,2002,03,1149
08.15.2002-06:00:00,08,15,2002,06,1020.1
08.15.2002-09:00:00,08,15,2002,09,880.43
08.15.2002-12:00:00,08,15,2002,12,917.47
08.15.2002-15:00:00,08,15,2002,15,1013.3
08.15.2002-18:00:00,08,15,2002,18,1103.3
08.15.2002-21:00:00,08,15,2002,21,1142.7
08.16.2002-00:00:00,08,16,2002,00,1155.8
08.16.2002-03:00:00,08,16,2002,03,1127
08.16.2002-06:00:00,08,16,2002,06,1017.4
08.16.2002-09:00:00,08,16,2002,09,875.25
08.16.2002-12:00:00,08,16,2002,12,891.6
08.16.2002-15:00:00,08,16,2002,15,996.32
08.16.2002-18:00:00,08,16,2002,18,1084.4
08.16.2002-21:00:00,08,16,2002,21,1121.6
08.17.2002-00:00:00,08,17,2002,00,1132.4
08.17.2002-03:00:00,08,17,2002,03,1103.5
08.17.2002-06:00:00,08,17,2002,06,1003.8
08.17.2002-09:00:00,08,17,2002,09,868.04
08.17.2002-12:00:00,08,17,2002,12,877.27
08.17.2002-15:00:00,08,17,2002,15,978.65
08.17.2002-18:00:00,08,17,2002,18,1063.7
08.17.2002-21:00:00,08,17,2002,21,1101.4
08.18.2002-00:00:00,08,18,2002,00,1112.1
08.18.2002-03:00:00,08,18,2002,03,1089.3
08.18.2002-06:00:00,08,18,2002,06,989.72
08.18.2002-09:00:00,08,18,2002,09,841.4
08.18.2002-12:00:00,08,18,2002,12,851.73
08.18.2002-15:00:00,08,18,2002,15,959.46
08.18.2002-18:00:00,08,18,2002,18,1047
08.18.2002-21:00:00,08,18,2002,21,1080
08.19.2002-00:00:00,08,19,2002,00,1089.6
08.19.2002-03:00:00,08,19,2002,03,1068.8
08.19.2002-06:00:00,08,19,2002,06,974.08
08.19.2002-09:00:00,08,19,2002,09,827.49
08.19.2002-12:00:00,08,19,2002,12,835.65
08.19.2002-15:00:00,08,19,2002,15,939.85
08.19.2002-18:00:00,08,19,2002,18,1025.8
08.19.2002-21:00:00,08,19,2002,21,1057.8
08.20.2002-00:00:00,08,20,2002,00,1066.6
08.20.2002-03:00:00,08,20,2002,03,1043.2
08.20.2002-06:00:00,08,20,2002,06,947.88
08.20.2002-09:00:00,08,20,2002,09,805.32
08.20.2002-12:00:00,08,20,2002,12,813.36
08.20.2002-15:00:00,08,20,2002,15,914.17
08.20.2002-18:00:00,08,20,2002,18,1002
08.20.2002-21:00:00,08,20,2002,21,1035.1
08.21.2002-00:00:00,08,21,2002,00,1044
08.21.2002-03:00:00,08,21,2002,03,1021.8
08.21.2002-06:00:00,08,21,2002,06,943.97
08.21.2002-09:00:00,08,21,2002,09,830.68
08.21.2002-12:00:00,08,21,2002,12,825.86
08.21.2002-15:00:00,08,21,2002,15,908.51
08.21.2002-18:00:00,08,21,2002,18,982.11
08.21.2002-21:00:00,08,21,2002,21,1017.4
08.22.2002-00:00:00,08,22,2002,00,1025.1
08.22.2002-03:00:00,08,22,2002,03,1003
08.22.2002-06:00:00,08,22,2002,06,924.67
08.22.2002-09:00:00,08,22,2002,09,808.33
08.22.2002-12:00:00,08,22,2002,12,803.74
08.22.2002-15:00:00,08,22,2002,15,885.7
08.22.2002-18:00:00,08,22,2002,18,959.97
08.22.2002-21:00:00,08,22,2002,21,995
08.23.2002-00:00:00,08,23,2002,00,1002.1
08.23.2002-03:00:00,08,23,2002,03,974.69
08.23.2002-06:00:00,08,23,2002,06,881.12
08.23.2002-09:00:00,08,23,2002,09,752.19
08.23.2002-12:00:00,08,23,2002,12,758.98
08.23.2002-15:00:00,08,23,2002,15,846.77
08.23.2002-18:00:00,08,23,2002,18,928.77
08.23.2002-21:00:00,08,23,2002,21,968.32
08.24.2002-00:00:00,08,24,2002,00,977.21
08.24.2002-03:00:00,08,24,2002,03,949.35
08.24.2002-06:00:00,08,24,2002,06,849.46
08.24.2002-09:00:00,08,24,2002,09,715.55
08.24.2002-12:00:00,08,24,2002,12,728.09
08.24.2002-15:00:00,08,24,2002,15,816.63
08.24.2002-18:00:00,08,24,2002,18,904.61
08.24.2002-21:00:00,08,24,2002,21,940.82
08.25.2002-00:00:00,08,25,2002,00,1040.5
08.25.2002-03:00:00,08,25,2002,03,1057.3
08.25.2002-06:00:00,08,25,2002,06,971.38
08.25.2002-09:00:00,08,25,2002,09,830.84
08.25.2002-12:00:00,08,25,2002,12,841.63
08.25.2002-15:00:00,08,25,2002,15,948.59
08.25.2002-18:00:00,08,25,2002,18,1031.1
08.25.2002-21:00:00,08,25,2002,21,1054.2
08.26.2002-00:00:00,08,26,2002,00,1008.7
08.26.2002-03:00:00,08,26,2002,03,985.87
08.26.2002-06:00:00,08,26,2002,06,894.75
08.26.2002-09:00:00,08,26,2002,09,755.13
08.26.2002-12:00:00,08,26,2002,12,761.1
08.26.2002-15:00:00,08,26,2002,15,864.28
08.26.2002-18:00:00,08,26,2002,18,944.36
08.26.2002-21:00:00,08,26,2002,21,972.65
08.27.2002-00:00:00,08,27,2002,00,932.84
08.27.2002-03:00:00,08,27,2002,03,905.3
08.27.2002-06:00:00,08,27,2002,06,815.41
08.27.2002-09:00:00,08,27,2002,09,681.24
08.27.2002-12:00:00,08,27,2002,12,687.56
08.27.2002-15:00:00,08,27,2002,15,772.65
08.27.2002-18:00:00,08,27,2002,18,858.66
08.27.2002-21:00:00,08,27,2002,21,890.72
08.28.2002-00:00:00,08,28,2002,00,898.49
08.28.2002-03:00:00,08,28,2002,03,875.16
08.28.2002-06:00:00,08,28,2002,06,780.67
08.28.2002-09:00:00,08,28,2002,09,644.93
08.28.2002-12:00:00,08,28,2002,12,657.93
08.28.2002-15:00:00,08,28,2002,15,743.51
08.28.2002-18:00:00,08,28,2002,18,829.14
08.28.2002-21:00:00,08,28,2002,21,864.32
08.29.2002-00:00:00,08,29,2002,00,872.53
08.29.2002-03:00:00,08,29,2002,03,847.56
08.29.2002-06:00:00,08,29,2002,06,749.13
08.29.2002-09:00:00,08,29,2002,09,618.54
08.29.2002-12:00:00,08,29,2002,12,633.43
08.29.2002-15:00:00,08,29,2002,15,715.92
08.29.2002-18:00:00,08,29,2002,18,799.88
08.29.2002-21:00:00,08,29,2002,21,840.56
08.30.2002-00:00:00,08,30,2002,00,950.01
08.30.2002-03:00:00,08,30,2002,03,954.03
08.30.2002-06:00:00,08,30,2002,06,875.79
08.30.2002-09:00:00,08,30,2002,09,741.49
08.30.2002-12:00:00,08,30,2002,12,749.18
08.30.2002-15:00:00,08,30,2002,15,852.56
08.30.2002-18:00:00,08,30,2002,18,928.54
08.30.2002-21:00:00,08,30,2002,21,946.86
08.31.2002-00:00:00,08,31,2002,00,855.75
08.31.2002-03:00:00,08,31,2002,03,823.18
08.31.2002-06:00:00,08,31,2002,06,734.68
08.31.2002-09:00:00,08,31,2002,09,610.98
08.31.2002-12:00:00,08,31,2002,12,617.71
08.31.2002-15:00:00,08,31,2002,15,694.98
08.31.2002-18:00:00,08,31,2002,18,776.89
08.31.2002-21:00:00,08,31,2002,21,811.86
09.01.2002-00:00:00,09,01,2002,00,820.91
09.01.2002-03:00:00,09,01,2002,03,812.35
09.01.2002-06:00:00,09,01,2002,06,741.99
09.01.2002-09:00:00,09,01,2002,09,597.3
09.01.2002-12:00:00,09,01,2002,12,597.95
09.01.2002-15:00:00,09,01,2002,15,693.72
09.01.2002-18:00:00,09,01,2002,18,764.68
09.01.2002-21:00:00,09,01,2002,21,796.5
09.02.2002-00:00:00,09,02,2002,00,852.31
09.02.2002-03:00:00,09,02,2002,03,853.49
09.02.2002-06:00:00,09,02,2002,06,809.72
09.02.2002-09:00:00,09,02,2002,09,708.38
09.02.2002-12:00:00,09,02,2002,12,702.49
09.02.2002-15:00:00,09,02,2002,15,775.08
09.02.2002-18:00:00,09,02,2002,18,825.95
09.02.2002-21:00:00,09,02,2002,21,844.04
09.03.2002-00:00:00,09,03,2002,00,801.6
09.03.2002-03:00:00,09,03,2002,03,790.38
09.03.2002-06:00:00,09,03,2002,06,732.61
09.03.2002-09:00:00,09,03,2002,09,602.52
09.03.2002-12:00:00,09,03,2002,12,590.91
09.03.2002-15:00:00,09,03,2002,15,684.44
09.03.2002-18:00:00,09,03,2002,18,749.18
09.03.2002-21:00:00,09,03,2002,21,774.25
09.04.2002-00:00:00,09,04,2002,00,782.56
09.04.2002-03:00:00,09,04,2002,03,781.53
09.04.2002-06:00:00,09,04,2002,06,742.87
09.04.2002-09:00:00,09,04,2002,09,620.87
09.04.2002-12:00:00,09,04,2002,12,607.62
09.04.2002-15:00:00,09,04,2002,15,695.43
09.04.2002-18:00:00,09,04,2002,18,747.02
09.04.2002-21:00:00,09,04,2002,21,765.81
09.05.2002-00:00:00,09,05,2002,00,770.2
09.05.2002-03:00:00,09,05,2002,03,770.6
09.05.2002-06:00:00,09,05,2002,06,735
09.05.2002-09:00:00,09,05,2002,09,616.42
09.05.2002-12:00:00,09,05,2002,12,603.45
09.05.2002-15:00:00,09,05,2002,15,684.75
09.05.2002-18:00:00,09,05,2002,18,733.02
09.05.2002-21:00:00,09,05,2002,21,749.68
09.06.2002-00:00:00,09,06,2002,00,753.94
09.06.2002-03:00:00,09,06,2002,03,750.82
09.06.2002-06:00:00,09,06,2002,06,709.27
09.06.2002-09:00:00,09,06,2002,09,593.38
09.06.2002-12:00:00,09,06,2002,12,581.05
09.06.2002-15:00:00,09,06,2002,15,661.73
09.06.2002-18:00:00,09,06,2002,18,714.32
09.06.2002-21:00:00,09,06,2002,21,732.16
09.07.2002-00:00:00,09,07,2002,00,736.58
09.07.2002-03:00:00,09,07,2002,03,738.87
09.07.2002-06:00:00,09,07,2002,06,701.55
09.07.2002-09:00:00,09,07,2002,09,577.36
09.07.2002-12:00:00,09,07,2002,12,563.67
09.07.2002-15:00:00,09,07,2002,15,647.18
09.07.2002-18:00:00,09,07,2002,18,702.05
09.07.2002-21:00:00,09,07,2002,21,716.54
09.08.2002-00:00:00,09,08,2002,00,720.6
09.08.2002-03:00:00,09,08,2002,03,721.98
09.08.2002-06:00:00,09,08,2002,06,689
09.08.2002-09:00:00,09,08,2002,09,571.8
09.08.2002-12:00:00,09,08,2002,12,557.77
09.08.2002-15:00:00,09,08,2002,15,637.2
09.08.2002-18:00:00,09,08,2002,18,689.19
09.08.2002-21:00:00,09,08,2002,21,703.26
09.09.2002-00:00:00,09,09,2002,00,705.3
09.09.2002-03:00:00,09,09,2002,03,706.98
09.09.2002-06:00:00,09,09,2002,06,674.62
09.09.2002-09:00:00,09,09,2002,09,564.48
09.09.2002-12:00:00,09,09,2002,12,551.91
09.09.2002-15:00:00,09,09,2002,15,621.66
09.09.2002-18:00:00,09,09,2002,18,671.04
09.09.2002-21:00:00,09,09,2002,21,686.46
09.10.2002-00:00:00,09,10,2002,00,687.69
09.10.2002-03:00:00,09,10,2002,03,682.98
09.10.2002-06:00:00,09,10,2002,06,631.11
09.10.2002-09:00:00,09,10,2002,09,522.44
09.10.2002-12:00:00,09,10,2002,12,512.51
09.10.2002-15:00:00,09,10,2002,15,582.36
09.10.2002-18:00:00,09,10,2002,18,638.84
09.10.2002-21:00:00,09,10,2002,21,660.21
09.11.2002-00:00:00,09,11,2002,00,668.96
09.11.2002-03:00:00,09,11,2002,03,667.21
09.11.2002-06:00:00,09,11,2002,06,609.77
09.11.2002-09:00:00,09,11,2002,09,491.85
09.11.2002-12:00:00,09,11,2002,12,486.33
09.11.2002-15:00:00,09,11,2002,15,555.96
09.11.2002-18:00:00,09,11,2002,18,614.54
09.11.2002-21:00:00,09,11,2002,21,638.6
09.12.2002-00:00:00,09,12,2002,00,645.62
09.12.2002-03:00:00,09,12,2002,03,647.37
09.12.2002-06:00:00,09,12,2002,06,586.45
09.12.2002-09:00:00,09,12,2002,09,468.86
09.12.2002-12:00:00,09,12,2002,12,468.06
09.12.2002-15:00:00,09,12,2002,15,538.26
09.12.2002-18:00:00,09,12,2002,18,584.14
09.12.2002-21:00:00,09,12,2002,21,619.22
09.13.2002-00:00:00,09,13,2002,00,625.13
09.13.2002-03:00:00,09,13,2002,03,626.47
09.13.2002-06:00:00,09,13,2002,06,565.37
09.13.2002-09:00:00,09,13,2002,09,449.54
09.13.2002-12:00:00,09,13,2002,12,452.26
09.13.2002-15:00:00,09,13,2002,15,523.39
09.13.2002-18:00:00,09,13,2002,18,566.07
09.13.2002-21:00:00,09,13,2002,21,598.79
09.14.2002-00:00:00,09,14,2002,00,612.37
09.14.2002-03:00:00,09,14,2002,03,614.08
09.14.2002-06:00:00,09,14,2002,06,559.22
09.14.2002-09:00:00,09,14,2002,09,446.99
09.14.2002-12:00:00,09,14,2002,12,446.5
09.14.2002-15:00:00,09,14,2002,15,515.88
09.14.2002-18:00:00,09,14,2002,18,557.15
09.14.2002-21:00:00,09,14,2002,21,581.57
09.15.2002-00:00:00,09,15,2002,00,597.17
09.15.2002-03:00:00,09,15,2002,03,598.66
09.15.2002-06:00:00,09,15,2002,06,540.99
09.15.2002-09:00:00,09,15,2002,09,440.13
09.15.2002-12:00:00,09,15,2002,12,440.15
09.15.2002-15:00:00,09,15,2002,15,502.47
09.15.2002-18:00:00,09,15,2002,18,543.37
09.15.2002-21:00:00,09,15,2002,21,567.21
09.16.2002-00:00:00,09,16,2002,00,580.62
09.16.2002-03:00:00,09,16,2002,03,586.58
09.16.2002-06:00:00,09,16,2002,06,530.76
09.16.2002-09:00:00,09,16,2002,09,439.49
09.16.2002-12:00:00,09,16,2002,12,436.3
09.16.2002-15:00:00,09,16,2002,15,494.46
09.16.2002-18:00:00,09,16,2002,18,533.78
09.16.2002-21:00:00,09,16,2002,21,556.48
09.17.2002-00:00:00,09,17,2002,00,569.97
09.17.2002-03:00:00,09,17,2002,03,575.89
09.17.2002-06:00:00,09,17,2002,06,530.91
09.17.2002-09:00:00,09,17,2002,09,452.85
09.17.2002-12:00:00,09,17,2002,12,446.41
09.17.2002-15:00:00,09,17,2002,15,495.8
09.17.2002-18:00:00,09,17,2002,18,534.97
09.17.2002-21:00:00,09,17,2002,21,560.88
09.18.2002-00:00:00,09,18,2002,00,567.91
09.18.2002-03:00:00,09,18,2002,03,571.09
09.18.2002-06:00:00,09,18,2002,06,540.87
09.18.2002-09:00:00,09,18,2002,09,448.29
09.18.2002-12:00:00,09,18,2002,12,440.56
09.18.2002-15:00:00,09,18,2002,15,497.32
09.18.2002-18:00:00,09,18,2002,18,534.39
09.18.2002-21:00:00,09,18,2002,21,554.18
09.19.2002-00:00:00,09,19,2002,00,558.85
09.19.2002-03:00:00,09,19,2002,03,561.53
09.19.2002-06:00:00,09,19,2002,06,531.44
09.19.2002-09:00:00,09,19,2002,09,430.46
09.19.2002-12:00:00,09,19,2002,12,424.61
09.19.2002-15:00:00,09,19,2002,15,486.34
09.19.2002-18:00:00,09,19,2002,18,520.16
09.19.2002-21:00:00,09,19,2002,21,535.5
09.20.2002-00:00:00,09,20,2002,00,545.15
09.20.2002-03:00:00,09,20,2002,03,546.67
09.20.2002-06:00:00,09,20,2002,06,513.36
09.20.2002-09:00:00,09,20,2002,09,416.33
09.20.2002-12:00:00,09,20,2002,12,411.82
09.20.2002-15:00:00,09,20,2002,15,472.96
09.20.2002-18:00:00,09,20,2002,18,508.2
09.20.2002-21:00:00,09,20,2002,21,520.87
09.21.2002-00:00:00,09,21,2002,00,530.75
09.21.2002-03:00:00,09,21,2002,03,538.73
09.21.2002-06:00:00,09,21,2002,06,518.33
09.21.2002-09:00:00,09,21,2002,09,422.42
09.21.2002-12:00:00,09,21,2002,12,415.68
09.21.2002-15:00:00,09,21,2002,15,473.94
09.21.2002-18:00:00,09,21,2002,18,505.82
09.21.2002-21:00:00,09,21,2002,21,516.71
09.22.2002-00:00:00,09,22,2002,00,524.44
09.22.2002-03:00:00,09,22,2002,03,528.43
09.22.2002-06:00:00,09,22,2002,06,507.08
09.22.2002-09:00:00,09,22,2002,09,428.77
09.22.2002-12:00:00,09,22,2002,12,421.79
09.22.2002-15:00:00,09,22,2002,15,468
09.22.2002-18:00:00,09,22,2002,18,500.31
09.22.2002-21:00:00,09,22,2002,21,508.88
09.23.2002-00:00:00,09,23,2002,00,514.17
09.23.2002-03:00:00,09,23,2002,03,516.3
09.23.2002-06:00:00,09,23,2002,06,485.36
09.23.2002-09:00:00,09,23,2002,09,401.69
09.23.2002-12:00:00,09,23,2002,12,397.94
09.23.2002-15:00:00,09,23,2002,15,448.68
09.23.2002-18:00:00,09,23,2002,18,482.76
09.23.2002-21:00:00,09,23,2002,21,492.19
09.24.2002-00:00:00,09,24,2002,00,496.96
09.24.2002-03:00:00,09,24,2002,03,499.88
09.24.2002-06:00:00,09,24,2002,06,465.66
09.24.2002-09:00:00,09,24,2002,09,372.57
09.24.2002-12:00:00,09,24,2002,12,374.14
09.24.2002-15:00:00,09,24,2002,15,430.21
09.24.2002-18:00:00,09,24,2002,18,466.44
09.24.2002-21:00:00,09,24,2002,21,475.79
09.25.2002-00:00:00,09,25,2002,00,479.87
09.25.2002-03:00:00,09,25,2002,03,486.12
09.25.2002-06:00:00,09,25,2002,06,456.24
09.25.2002-09:00:00,09,25,2002,09,378.19
09.25.2002-12:00:00,09,25,2002,12,376.33
09.25.2002-15:00:00,09,25,2002,15,426.67
09.25.2002-18:00:00,09,25,2002,18,460.58
09.25.2002-21:00:00,09,25,2002,21,468.84
09.26.2002-00:00:00,09,26,2002,00,474.66
09.26.2002-03:00:00,09,26,2002,03,478.19
09.26.2002-06:00:00,09,26,2002,06,453.68
09.26.2002-09:00:00,09,26,2002,09,378.92
09.26.2002-12:00:00,09,26,2002,12,375.63
09.26.2002-15:00:00,09,26,2002,15,423.55
09.26.2002-18:00:00,09,26,2002,18,454.78
09.26.2002-21:00:00,09,26,2002,21,462.59
09.27.2002-00:00:00,09,27,2002,00,466.91
09.27.2002-03:00:00,09,27,2002,03,468.97
09.27.2002-06:00:00,09,27,2002,06,447.37
09.27.2002-09:00:00,09,27,2002,09,390.8
09.27.2002-12:00:00,09,27,2002,12,386.61
09.27.2002-15:00:00,09,27,2002,15,421.36
09.27.2002-18:00:00,09,27,2002,18,451.55
09.27.2002-21:00:00,09,27,2002,21,458.97
09.28.2002-00:00:00,09,28,2002,00,461.38
09.28.2002-03:00:00,09,28,2002,03,462.73
09.28.2002-06:00:00,09,28,2002,06,442.8
09.28.2002-09:00:00,09,28,2002,09,376.23
09.28.2002-12:00:00,09,28,2002,12,371.74
09.28.2002-15:00:00,09,28,2002,15,413.24
09.28.2002-18:00:00,09,28,2002,18,440.77
09.28.2002-21:00:00,09,28,2002,21,448.71
09.29.2002-00:00:00,09,29,2002,00,451.73
09.29.2002-03:00:00,09,29,2002,03,453.32
09.29.2002-06:00:00,09,29,2002,06,429.57
09.29.2002-09:00:00,09,29,2002,09,351.89
09.29.2002-12:00:00,09,29,2002,12,349.06
09.29.2002-15:00:00,09,29,2002,15,400.96
09.29.2002-18:00:00,09,29,2002,18,429.56
09.29.2002-21:00:00,09,29,2002,21,434.58
09.30.2002-00:00:00,09,30,2002,00,440.1
09.30.2002-03:00:00,09,30,2002,03,444.13
09.30.2002-06:00:00,09,30,2002,06,434.22
09.30.2002-09:00:00,09,30,2002,09,381.99
09.30.2002-12:00:00,09,30,2002,12,376.33
09.30.2002-15:00:00,09,30,2002,15,409
09.30.2002-18:00:00,09,30,2002,18,431.86
09.30.2002-21:00:00,09,30,2002,21,437.67
