TIMESTAMP,MONTH,DAY,YEAR,HOUR,C
10.01.2001-00:00:00,10,01,2001,00,959.19
10.01.2001-03:00:00,10,01,2001,03,961.24
10.01.2001-06:00:00,10,01,2001,06,936.86
10.01.2001-09:00:00,10,01,2001,09,819.3
10.01.2001-12:00:00,10,01,2001,12,779.03
10.01.2001-15:00:00,10,01,2001,15,876.59
10.01.2001-18:00:00,10,01,2001,18,935.67
10.01.2001-21:00:00,10,01,2001,21,949.4
10.02.2001-00:00:00,10,02,2001,00,952.24
10.02.2001-03:00:00,10,02,2001,03,954.7
10.02.2001-06:00:00,10,02,2001,06,925.86
10.02.2001-09:00:00,10,02,2001,09,815.58
10.02.2001-12:00:00,10,02,2001,12,775.68
10.02.2001-15:00:00,10,02,2001,15,870.51
10.02.2001-18:00:00,10,02,2001,18,929.77
10.02.2001-21:00:00,10,02,2001,21,943.64
10.03.2001-00:00:00,10,03,2001,00,947.06
10.03.2001-03:00:00,10,03,2001,03,949.97
10.03.2001-06:00:00,10,03,2001,06,929.63
10.03.2001-09:00:00,10,03,2001,09,814.73
10.03.2001-12:00:00,10,03,2001,12,774.58
10.03.2001-15:00:00,10,03,2001,15,869.66
10.03.2001-18:00:00,10,03,2001,18,926.68
10.03.2001-21:00:00,10,03,2001,21,939.17
10.04.2001-00:00:00,10,04,2001,00,942.28
10.04.2001-03:00:00,10,04,2001,03,945.8
10.04.2001-06:00:00,10,04,2001,06,937.8
10.04.2001-09:00:00,10,04,2001,09,820.33
10.04.2001-12:00:00,10,04,2001,12,778.94
10.04.2001-15:00:00,10,04,2001,15,872.22
10.04.2001-18:00:00,10,04,2001,18,925.58
10.04.2001-21:00:00,10,04,2001,21,936.48
10.05.2001-00:00:00,10,05,2001,00,940.3
10.05.2001-03:00:00,10,05,2001,03,942.35
10.05.2001-06:00:00,10,05,2001,06,944.59
10.05.2001-09:00:00,10,05,2001,09,828.46
10.05.2001-12:00:00,10,05,2001,12,786.52
10.05.2001-15:00:00,10,05,2001,15,878.75
10.05.2001-18:00:00,10,05,2001,18,926.03
10.05.2001-21:00:00,10,05,2001,21,933.75
10.06.2001-00:00:00,10,06,2001,00,937.46
10.06.2001-03:00:00,10,06,2001,03,940.35
10.06.2001-06:00:00,10,06,2001,06,940.88
10.06.2001-09:00:00,10,06,2001,09,836.27
10.06.2001-12:00:00,10,06,2001,12,800.15
10.06.2001-15:00:00,10,06,2001,15,882.3
10.06.2001-18:00:00,10,06,2001,18,923.47
10.06.2001-21:00:00,10,06,2001,21,930.35
10.07.2001-00:00:00,10,07,2001,00,934.4
10.07.2001-03:00:00,10,07,2001,03,936.74
10.07.2001-06:00:00,10,07,2001,06,936.81
10.07.2001-09:00:00,10,07,2001,09,849.94
10.07.2001-12:00:00,10,07,2001,12,819.28
10.07.2001-15:00:00,10,07,2001,15,887.03
10.07.2001-18:00:00,10,07,2001,18,922.43
10.07.2001-21:00:00,10,07,2001,21,930.02
10.08.2001-00:00:00,10,08,2001,00,933.14
10.08.2001-03:00:00,10,08,2001,03,933.61
10.08.2001-06:00:00,10,08,2001,06,934.95
10.08.2001-09:00:00,10,08,2001,09,940.08
10.08.2001-12:00:00,10,08,2001,12,844.35
10.08.2001-15:00:00,10,08,2001,15,891.67
10.08.2001-18:00:00,10,08,2001,18,927
10.08.2001-21:00:00,10,08,2001,21,932.68
10.09.2001-00:00:00,10,09,2001,00,935.41
10.09.2001-03:00:00,10,09,2001,03,931.42
10.09.2001-06:00:00,10,09,2001,06,912.36
10.09.2001-09:00:00,10,09,2001,09,849.34
10.09.2001-12:00:00,10,09,2001,12,815.73
10.09.2001-15:00:00,10,09,2001,15,874.52
10.09.2001-18:00:00,10,09,2001,18,912.36
10.09.2001-21:00:00,10,09,2001,21,920.25
10.10.2001-00:00:00,10,10,2001,00,925.11
10.10.2001-03:00:00,10,10,2001,03,926.98
10.10.2001-06:00:00,10,10,2001,06,927.53
10.10.2001-09:00:00,10,10,2001,09,1207.9
10.10.2001-12:00:00,10,10,2001,12,1317.5
10.10.2001-15:00:00,10,10,2001,15,1021.4
10.10.2001-18:00:00,10,10,2001,18,935.78
10.10.2001-21:00:00,10,10,2001,21,930.94
10.11.2001-00:00:00,10,11,2001,00,930.65
10.11.2001-03:00:00,10,11,2001,03,930.43
10.11.2001-06:00:00,10,11,2001,06,930.19
10.11.2001-09:00:00,10,11,2001,09,987.5
10.11.2001-12:00:00,10,11,2001,12,1284.3
10.11.2001-15:00:00,10,11,2001,15,1056.3
10.11.2001-18:00:00,10,11,2001,18,945.23
10.11.2001-21:00:00,10,11,2001,21,931.25
10.12.2001-00:00:00,10,12,2001,00,930.81
10.12.2001-03:00:00,10,12,2001,03,930.63
10.12.2001-06:00:00,10,12,2001,06,928.54
10.12.2001-09:00:00,10,12,2001,09,1002.1
10.12.2001-12:00:00,10,12,2001,12,1309.2
10.12.2001-15:00:00,10,12,2001,15,1154.6
10.12.2001-18:00:00,10,12,2001,18,1009.3
10.12.2001-21:00:00,10,12,2001,21,975.07
10.13.2001-00:00:00,10,13,2001,00,971.38
10.13.2001-03:00:00,10,13,2001,03,970.37
10.13.2001-06:00:00,10,13,2001,06,960.91
10.13.2001-09:00:00,10,13,2001,09,1295.5
10.13.2001-12:00:00,10,13,2001,12,1306.3
10.13.2001-15:00:00,10,13,2001,15,1020.2
10.13.2001-18:00:00,10,13,2001,18,955.97
10.13.2001-21:00:00,10,13,2001,21,938.7
10.14.2001-00:00:00,10,14,2001,00,941.64
10.14.2001-03:00:00,10,14,2001,03,943.34
10.14.2001-06:00:00,10,14,2001,06,939.93
10.14.2001-09:00:00,10,14,2001,09,918.16
10.14.2001-12:00:00,10,14,2001,12,870.44
10.14.2001-15:00:00,10,14,2001,15,896.7
10.14.2001-18:00:00,10,14,2001,18,931.39
10.14.2001-21:00:00,10,14,2001,21,934.02
10.15.2001-00:00:00,10,15,2001,00,935.39
10.15.2001-03:00:00,10,15,2001,03,933.29
10.15.2001-06:00:00,10,15,2001,06,933.44
10.15.2001-09:00:00,10,15,2001,09,876.22
10.15.2001-12:00:00,10,15,2001,12,830.73
10.15.2001-15:00:00,10,15,2001,15,889.77
10.15.2001-18:00:00,10,15,2001,18,918.53
10.15.2001-21:00:00,10,15,2001,21,924.14
10.16.2001-00:00:00,10,16,2001,00,926.16
10.16.2001-03:00:00,10,16,2001,03,926.17
10.16.2001-06:00:00,10,16,2001,06,926.33
10.16.2001-09:00:00,10,16,2001,09,844.75
10.16.2001-12:00:00,10,16,2001,12,816.02
10.16.2001-15:00:00,10,16,2001,15,877.57
10.16.2001-18:00:00,10,16,2001,18,909.28
10.16.2001-21:00:00,10,16,2001,21,915.29
10.17.2001-00:00:00,10,17,2001,00,918.21
10.17.2001-03:00:00,10,17,2001,03,919.05
10.17.2001-06:00:00,10,17,2001,06,919.24
10.17.2001-09:00:00,10,17,2001,09,869.87
10.17.2001-12:00:00,10,17,2001,12,858.41
10.17.2001-15:00:00,10,17,2001,15,889.56
10.17.2001-18:00:00,10,17,2001,18,910.13
10.17.2001-21:00:00,10,17,2001,21,913.95
10.18.2001-00:00:00,10,18,2001,00,914.82
10.18.2001-03:00:00,10,18,2001,03,915.06
10.18.2001-06:00:00,10,18,2001,06,905.97
10.18.2001-09:00:00,10,18,2001,09,830.36
10.18.2001-12:00:00,10,18,2001,12,804.96
10.18.2001-15:00:00,10,18,2001,15,864.2
10.18.2001-18:00:00,10,18,2001,18,896.36
10.18.2001-21:00:00,10,18,2001,21,902.45
10.19.2001-00:00:00,10,19,2001,00,907.14
10.19.2001-03:00:00,10,19,2001,03,907.6
10.19.2001-06:00:00,10,19,2001,06,906.48
10.19.2001-09:00:00,10,19,2001,09,877.86
10.19.2001-12:00:00,10,19,2001,12,801.71
10.19.2001-15:00:00,10,19,2001,15,859.15
10.19.2001-18:00:00,10,19,2001,18,893.5
10.19.2001-21:00:00,10,19,2001,21,900.13
10.20.2001-00:00:00,10,20,2001,00,903.38
10.20.2001-03:00:00,10,20,2001,03,902.29
10.20.2001-06:00:00,10,20,2001,06,902.3
10.20.2001-09:00:00,10,20,2001,09,829.14
10.20.2001-12:00:00,10,20,2001,12,798.87
10.20.2001-15:00:00,10,20,2001,15,857.73
10.20.2001-18:00:00,10,20,2001,18,885.22
10.20.2001-21:00:00,10,20,2001,21,891.75
10.21.2001-00:00:00,10,21,2001,00,894.28
10.21.2001-03:00:00,10,21,2001,03,895.49
10.21.2001-06:00:00,10,21,2001,06,896.03
10.21.2001-09:00:00,10,21,2001,09,1070.9
10.21.2001-12:00:00,10,21,2001,12,895.85
10.21.2001-15:00:00,10,21,2001,15,905.72
10.21.2001-18:00:00,10,21,2001,18,898.2
10.21.2001-21:00:00,10,21,2001,21,894.59
10.22.2001-00:00:00,10,22,2001,00,897.83
10.22.2001-03:00:00,10,22,2001,03,893.99
10.22.2001-06:00:00,10,22,2001,06,893.22
10.22.2001-09:00:00,10,22,2001,09,1029.6
10.22.2001-12:00:00,10,22,2001,12,1177.6
10.22.2001-15:00:00,10,22,2001,15,957.48
10.22.2001-18:00:00,10,22,2001,18,901.19
10.22.2001-21:00:00,10,22,2001,21,897.08
10.23.2001-00:00:00,10,23,2001,00,896.27
10.23.2001-03:00:00,10,23,2001,03,895.66
10.23.2001-06:00:00,10,23,2001,06,895.27
10.23.2001-09:00:00,10,23,2001,09,945.09
10.23.2001-12:00:00,10,23,2001,12,1437.3
10.23.2001-15:00:00,10,23,2001,15,1213.5
10.23.2001-18:00:00,10,23,2001,18,950.42
10.23.2001-21:00:00,10,23,2001,21,903.76
10.24.2001-00:00:00,10,24,2001,00,899.62
10.24.2001-03:00:00,10,24,2001,03,898.97
10.24.2001-06:00:00,10,24,2001,06,898.4
10.24.2001-09:00:00,10,24,2001,09,868.84
10.24.2001-12:00:00,10,24,2001,12,848.96
10.24.2001-15:00:00,10,24,2001,15,885.51
10.24.2001-18:00:00,10,24,2001,18,893.2
10.24.2001-21:00:00,10,24,2001,21,893.89
10.25.2001-00:00:00,10,25,2001,00,893.43
10.25.2001-03:00:00,10,25,2001,03,892.89
10.25.2001-06:00:00,10,25,2001,06,892.59
10.25.2001-09:00:00,10,25,2001,09,890.12
10.25.2001-12:00:00,10,25,2001,12,924.73
10.25.2001-15:00:00,10,25,2001,15,955.17
10.25.2001-18:00:00,10,25,2001,18,913.66
10.25.2001-21:00:00,10,25,2001,21,905.99
10.26.2001-00:00:00,10,26,2001,00,890.93
10.26.2001-03:00:00,10,26,2001,03,889.55
10.26.2001-06:00:00,10,26,2001,06,888.21
10.26.2001-09:00:00,10,26,2001,09,882.67
10.26.2001-12:00:00,10,26,2001,12,884.8
10.26.2001-15:00:00,10,26,2001,15,904.15
10.26.2001-18:00:00,10,26,2001,18,893.38
10.26.2001-21:00:00,10,26,2001,21,886.91
10.27.2001-00:00:00,10,27,2001,00,885.62
10.27.2001-03:00:00,10,27,2001,03,885.04
10.27.2001-06:00:00,10,27,2001,06,884.15
10.27.2001-09:00:00,10,27,2001,09,843.76
10.27.2001-12:00:00,10,27,2001,12,831.77
10.27.2001-15:00:00,10,27,2001,15,874.3
10.27.2001-18:00:00,10,27,2001,18,877.21
10.27.2001-21:00:00,10,27,2001,21,879.05
10.28.2001-00:00:00,10,28,2001,00,879.35
10.28.2001-03:00:00,10,28,2001,03,878.9
10.28.2001-06:00:00,10,28,2001,06,878.38
10.28.2001-09:00:00,10,28,2001,09,848.82
10.28.2001-12:00:00,10,28,2001,12,826.32
10.28.2001-15:00:00,10,28,2001,15,867.21
10.28.2001-18:00:00,10,28,2001,18,873.7
10.28.2001-21:00:00,10,28,2001,21,874.5
10.29.2001-00:00:00,10,29,2001,00,874.09
10.29.2001-03:00:00,10,29,2001,03,873.59
10.29.2001-06:00:00,10,29,2001,06,873.07
10.29.2001-09:00:00,10,29,2001,09,858.34
10.29.2001-12:00:00,10,29,2001,12,847.8
10.29.2001-15:00:00,10,29,2001,15,868.74
10.29.2001-18:00:00,10,29,2001,18,870.33
10.29.2001-21:00:00,10,29,2001,21,869.96
10.30.2001-00:00:00,10,30,2001,00,869.45
10.30.2001-03:00:00,10,30,2001,03,869.6
10.30.2001-06:00:00,10,30,2001,06,868.45
10.30.2001-09:00:00,10,30,2001,09,868.75
10.30.2001-12:00:00,10,30,2001,12,868.31
10.30.2001-15:00:00,10,30,2001,15,867.48
10.30.2001-18:00:00,10,30,2001,18,866.91
10.30.2001-21:00:00,10,30,2001,21,866.37
10.31.2001-00:00:00,10,31,2001,00,868.97
10.31.2001-03:00:00,10,31,2001,03,868.45
10.31.2001-06:00:00,10,31,2001,06,868.31
10.31.2001-09:00:00,10,31,2001,09,886.17
10.31.2001-12:00:00,10,31,2001,12,1377.4
10.31.2001-15:00:00,10,31,2001,15,1341.1
10.31.2001-18:00:00,10,31,2001,18,1049.7
10.31.2001-21:00:00,10,31,2001,21,890.87
11.01.2001-00:00:00,11,01,2001,00,870.09
11.01.2001-03:00:00,11,01,2001,03,868.72
11.01.2001-06:00:00,11,01,2001,06,868.16
11.01.2001-09:00:00,11,01,2001,09,851.91
11.01.2001-12:00:00,11,01,2001,12,831.44
11.01.2001-15:00:00,11,01,2001,15,859.18
11.01.2001-18:00:00,11,01,2001,18,864.6
11.01.2001-21:00:00,11,01,2001,21,864.35
11.02.2001-00:00:00,11,02,2001,00,863.41
11.02.2001-03:00:00,11,02,2001,03,862.79
11.02.2001-06:00:00,11,02,2001,06,862.17
11.02.2001-09:00:00,11,02,2001,09,839.73
11.02.2001-12:00:00,11,02,2001,12,813.07
11.02.2001-15:00:00,11,02,2001,15,851.36
11.02.2001-18:00:00,11,02,2001,18,856.04
11.02.2001-21:00:00,11,02,2001,21,856.79
11.03.2001-00:00:00,11,03,2001,00,856.64
11.03.2001-03:00:00,11,03,2001,03,856.47
11.03.2001-06:00:00,11,03,2001,06,855.96
11.03.2001-09:00:00,11,03,2001,09,835.72
11.03.2001-12:00:00,11,03,2001,12,811.31
11.03.2001-15:00:00,11,03,2001,15,846.26
11.03.2001-18:00:00,11,03,2001,18,852.04
11.03.2001-21:00:00,11,03,2001,21,851.76
11.04.2001-00:00:00,11,04,2001,00,851.31
11.04.2001-03:00:00,11,04,2001,03,850.65
11.04.2001-06:00:00,11,04,2001,06,850.1
11.04.2001-09:00:00,11,04,2001,09,826.75
11.04.2001-12:00:00,11,04,2001,12,809.43
11.04.2001-15:00:00,11,04,2001,15,842.22
11.04.2001-18:00:00,11,04,2001,18,846.4
11.04.2001-21:00:00,11,04,2001,21,845.27
11.05.2001-00:00:00,11,05,2001,00,844.78
11.05.2001-03:00:00,11,05,2001,03,844.27
11.05.2001-06:00:00,11,05,2001,06,844.13
11.05.2001-09:00:00,11,05,2001,09,825.96
11.05.2001-12:00:00,11,05,2001,12,802.32
11.05.2001-15:00:00,11,05,2001,15,831.82
11.05.2001-18:00:00,11,05,2001,18,839.09
11.05.2001-21:00:00,11,05,2001,21,839.77
11.06.2001-00:00:00,11,06,2001,00,839.3
11.06.2001-03:00:00,11,06,2001,03,838.76
11.06.2001-06:00:00,11,06,2001,06,838.51
11.06.2001-09:00:00,11,06,2001,09,830.89
11.06.2001-12:00:00,11,06,2001,12,805.49
11.06.2001-15:00:00,11,06,2001,15,831.12
11.06.2001-18:00:00,11,06,2001,18,835.18
11.06.2001-21:00:00,11,06,2001,21,834.87
11.07.2001-00:00:00,11,07,2001,00,834.49
11.07.2001-03:00:00,11,07,2001,03,834.08
11.07.2001-06:00:00,11,07,2001,06,833.63
11.07.2001-09:00:00,11,07,2001,09,833.09
11.07.2001-12:00:00,11,07,2001,12,817.26
11.07.2001-15:00:00,11,07,2001,15,829.97
11.07.2001-18:00:00,11,07,2001,18,831.08
11.07.2001-21:00:00,11,07,2001,21,830.61
11.08.2001-00:00:00,11,08,2001,00,830.14
11.08.2001-03:00:00,11,08,2001,03,829.6
11.08.2001-06:00:00,11,08,2001,06,829.05
11.08.2001-09:00:00,11,08,2001,09,820.31
11.08.2001-12:00:00,11,08,2001,12,799.42
11.08.2001-15:00:00,11,08,2001,15,822.16
11.08.2001-18:00:00,11,08,2001,18,825.82
11.08.2001-21:00:00,11,08,2001,21,825.49
11.09.2001-00:00:00,11,09,2001,00,824.95
11.09.2001-03:00:00,11,09,2001,03,824.41
11.09.2001-06:00:00,11,09,2001,06,823.96
11.09.2001-09:00:00,11,09,2001,09,816.06
11.09.2001-12:00:00,11,09,2001,12,789.91
11.09.2001-15:00:00,11,09,2001,15,816.43
11.09.2001-18:00:00,11,09,2001,18,820.77
11.09.2001-21:00:00,11,09,2001,21,820.52
11.10.2001-00:00:00,11,10,2001,00,819.99
11.10.2001-03:00:00,11,10,2001,03,819.45
11.10.2001-06:00:00,11,10,2001,06,818.91
11.10.2001-09:00:00,11,10,2001,09,813.84
11.10.2001-12:00:00,11,10,2001,12,789.6
11.10.2001-15:00:00,11,10,2001,15,812.56
11.10.2001-18:00:00,11,10,2001,18,816.03
11.10.2001-21:00:00,11,10,2001,21,815.69
11.11.2001-00:00:00,11,11,2001,00,815.16
11.11.2001-03:00:00,11,11,2001,03,814.62
11.11.2001-06:00:00,11,11,2001,06,814.09
11.11.2001-09:00:00,11,11,2001,09,805.12
11.11.2001-12:00:00,11,11,2001,12,780.54
11.11.2001-15:00:00,11,11,2001,15,806.62
11.11.2001-18:00:00,11,11,2001,18,810.78
11.11.2001-21:00:00,11,11,2001,21,810.76
11.12.2001-00:00:00,11,12,2001,00,810.25
11.12.2001-03:00:00,11,12,2001,03,809.71
11.12.2001-06:00:00,11,12,2001,06,809.18
11.12.2001-09:00:00,11,12,2001,09,805.66
11.12.2001-12:00:00,11,12,2001,12,796.31
11.12.2001-15:00:00,11,12,2001,15,805.9
11.12.2001-18:00:00,11,12,2001,18,806.75
11.12.2001-21:00:00,11,12,2001,21,806.29
11.13.2001-00:00:00,11,13,2001,00,806.76
11.13.2001-03:00:00,11,13,2001,03,806.02
11.13.2001-06:00:00,11,13,2001,06,805.62
11.13.2001-09:00:00,11,13,2001,09,804.9
11.13.2001-12:00:00,11,13,2001,12,806.11
11.13.2001-15:00:00,11,13,2001,15,805.39
11.13.2001-18:00:00,11,13,2001,18,804.59
11.13.2001-21:00:00,11,13,2001,21,804.47
11.14.2001-00:00:00,11,14,2001,00,877.82
11.14.2001-03:00:00,11,14,2001,03,1141
11.14.2001-06:00:00,11,14,2001,06,1260.5
11.14.2001-09:00:00,11,14,2001,09,1904.4
11.14.2001-12:00:00,11,14,2001,12,2430.6
11.14.2001-15:00:00,11,14,2001,15,2439.2
11.14.2001-18:00:00,11,14,2001,18,2391.6
11.14.2001-21:00:00,11,14,2001,21,2391.8
11.15.2001-00:00:00,11,15,2001,00,1222
11.15.2001-03:00:00,11,15,2001,03,910.46
11.15.2001-06:00:00,11,15,2001,06,888.23
11.15.2001-09:00:00,11,15,2001,09,880.99
11.15.2001-12:00:00,11,15,2001,12,906
11.15.2001-15:00:00,11,15,2001,15,920.51
11.15.2001-18:00:00,11,15,2001,18,906.97
11.15.2001-21:00:00,11,15,2001,21,880.63
11.16.2001-00:00:00,11,16,2001,00,877.42
11.16.2001-03:00:00,11,16,2001,03,875.8
11.16.2001-06:00:00,11,16,2001,06,874.22
11.16.2001-09:00:00,11,16,2001,09,860.19
11.16.2001-12:00:00,11,16,2001,12,844.59
11.16.2001-15:00:00,11,16,2001,15,862.88
11.16.2001-18:00:00,11,16,2001,18,866.76
11.16.2001-21:00:00,11,16,2001,21,865.77
11.17.2001-00:00:00,11,17,2001,00,864.33
11.17.2001-03:00:00,11,17,2001,03,862.88
11.17.2001-06:00:00,11,17,2001,06,861.44
11.17.2001-09:00:00,11,17,2001,09,845.91
11.17.2001-12:00:00,11,17,2001,12,821.65
11.17.2001-15:00:00,11,17,2001,15,849.5
11.17.2001-18:00:00,11,17,2001,18,853.68
11.17.2001-21:00:00,11,17,2001,21,853.13
11.18.2001-00:00:00,11,18,2001,00,851.99
11.18.2001-03:00:00,11,18,2001,03,850.85
11.18.2001-06:00:00,11,18,2001,06,849.58
11.18.2001-09:00:00,11,18,2001,09,848.3
11.18.2001-12:00:00,11,18,2001,12,840.91
11.18.2001-15:00:00,11,18,2001,15,845.15
11.18.2001-18:00:00,11,18,2001,18,844.46
11.18.2001-21:00:00,11,18,2001,21,843.26
11.19.2001-00:00:00,11,19,2001,00,842.04
11.19.2001-03:00:00,11,19,2001,03,841.53
11.19.2001-06:00:00,11,19,2001,06,839.69
11.19.2001-09:00:00,11,19,2001,09,838.58
11.19.2001-12:00:00,11,19,2001,12,837.33
11.19.2001-15:00:00,11,19,2001,15,836.18
11.19.2001-18:00:00,11,19,2001,18,835.04
11.19.2001-21:00:00,11,19,2001,21,833.91
11.20.2001-00:00:00,11,20,2001,00,832.8
11.20.2001-03:00:00,11,20,2001,03,831.7
11.20.2001-06:00:00,11,20,2001,06,830.6
11.20.2001-09:00:00,11,20,2001,09,829.78
11.20.2001-12:00:00,11,20,2001,12,830.1
11.20.2001-15:00:00,11,20,2001,15,829.38
11.20.2001-18:00:00,11,20,2001,18,828.64
11.20.2001-21:00:00,11,20,2001,21,827.73
11.21.2001-00:00:00,11,21,2001,00,824.54
11.21.2001-03:00:00,11,21,2001,03,823.43
11.21.2001-06:00:00,11,21,2001,06,822.39
11.21.2001-09:00:00,11,21,2001,09,818.51
11.21.2001-12:00:00,11,21,2001,12,816.98
11.21.2001-15:00:00,11,21,2001,15,818.72
11.21.2001-18:00:00,11,21,2001,18,818.42
11.21.2001-21:00:00,11,21,2001,21,817.55
11.22.2001-00:00:00,11,22,2001,00,819.25
11.22.2001-03:00:00,11,22,2001,03,817.6
11.22.2001-06:00:00,11,22,2001,06,815.95
11.22.2001-09:00:00,11,22,2001,09,816.63
11.22.2001-12:00:00,11,22,2001,12,815.47
11.22.2001-15:00:00,11,22,2001,15,814.98
11.22.2001-18:00:00,11,22,2001,18,813.89
11.22.2001-21:00:00,11,22,2001,21,812.14
11.23.2001-00:00:00,11,23,2001,00,809.66
11.23.2001-03:00:00,11,23,2001,03,808.72
11.23.2001-06:00:00,11,23,2001,06,807.84
11.23.2001-09:00:00,11,23,2001,09,801.79
11.23.2001-12:00:00,11,23,2001,12,790.1
11.23.2001-15:00:00,11,23,2001,15,802.39
11.23.2001-18:00:00,11,23,2001,18,804
11.23.2001-21:00:00,11,23,2001,21,803.29
11.24.2001-00:00:00,11,24,2001,00,802.47
11.24.2001-03:00:00,11,24,2001,03,801.65
11.24.2001-06:00:00,11,24,2001,06,800.83
11.24.2001-09:00:00,11,24,2001,09,800.03
11.24.2001-12:00:00,11,24,2001,12,799.22
11.24.2001-15:00:00,11,24,2001,15,798.43
11.24.2001-18:00:00,11,24,2001,18,797.64
11.24.2001-21:00:00,11,24,2001,21,796.85
11.25.2001-00:00:00,11,25,2001,00,796.07
11.25.2001-03:00:00,11,25,2001,03,795.3
11.25.2001-06:00:00,11,25,2001,06,794.53
11.25.2001-09:00:00,11,25,2001,09,793.77
11.25.2001-12:00:00,11,25,2001,12,790.23
11.25.2001-15:00:00,11,25,2001,15,792.14
11.25.2001-18:00:00,11,25,2001,18,791.51
11.25.2001-21:00:00,11,25,2001,21,790.77
11.26.2001-00:00:00,11,26,2001,00,790.03
11.26.2001-03:00:00,11,26,2001,03,789.3
11.26.2001-06:00:00,11,26,2001,06,788.57
11.26.2001-09:00:00,11,26,2001,09,787.85
11.26.2001-12:00:00,11,26,2001,12,787.13
11.26.2001-15:00:00,11,26,2001,15,786.42
11.26.2001-18:00:00,11,26,2001,18,785.71
11.26.2001-21:00:00,11,26,2001,21,785.02
11.27.2001-00:00:00,11,27,2001,00,784.34
11.27.2001-03:00:00,11,27,2001,03,783.68
11.27.2001-06:00:00,11,27,2001,06,783.01
11.27.2001-09:00:00,11,27,2001,09,782.35
11.27.2001-12:00:00,11,27,2001,12,781.69
11.27.2001-15:00:00,11,27,2001,15,781.03
11.27.2001-18:00:00,11,27,2001,18,780.37
11.27.2001-21:00:00,11,27,2001,21,779.72
11.28.2001-00:00:00,11,28,2001,00,779.07
11.28.2001-03:00:00,11,28,2001,03,778.42
11.28.2001-06:00:00,11,28,2001,06,777.78
11.28.2001-09:00:00,11,28,2001,09,777.14
11.28.2001-12:00:00,11,28,2001,12,776.52
11.28.2001-15:00:00,11,28,2001,15,775.89
11.28.2001-18:00:00,11,28,2001,18,775.27
11.28.2001-21:00:00,11,28,2001,21,774.65
11.29.2001-00:00:00,11,29,2001,00,774.03
11.29.2001-03:00:00,11,29,2001,03,773.41
11.29.2001-06:00:00,11,29,2001,06,772.8
11.29.2001-09:00:00,11,29,2001,09,772.18
11.29.2001-12:00:00,11,29,2001,12,771.58
11.29.2001-15:00:00,11,29,2001,15,770.97
11.29.2001-18:00:00,11,29,2001,18,770.37
11.29.2001-21:00:00,11,29,2001,21,769.77
11.30.2001-00:00:00,11,30,2001,00,769.18
11.30.2001-03:00:00,11,30,2001,03,768.59
11.30.2001-06:00:00,11,30,2001,06,768
11.30.2001-09:00:00,11,30,2001,09,767.41
11.30.2001-12:00:00,11,30,2001,12,766.83
11.30.2001-15:00:00,11,30,2001,15,766.24
11.30.2001-18:00:00,11,30,2001,18,765.66
11.30.2001-21:00:00,11,30,2001,21,765.08
12.01.2001-00:00:00,12,01,2001,00,764.5
12.01.2001-03:00:00,12,01,2001,03,763.92
12.01.2001-06:00:00,12,01,2001,06,763.34
12.01.2001-09:00:00,12,01,2001,09,762.77
12.01.2001-12:00:00,12,01,2001,12,762.2
12.01.2001-15:00:00,12,01,2001,15,761.63
12.01.2001-18:00:00,12,01,2001,18,761.06
12.01.2001-21:00:00,12,01,2001,21,760.49
12.02.2001-00:00:00,12,02,2001,00,759.92
12.02.2001-03:00:00,12,02,2001,03,759.36
12.02.2001-06:00:00,12,02,2001,06,758.79
12.02.2001-09:00:00,12,02,2001,09,758.23
12.02.2001-12:00:00,12,02,2001,12,757.67
12.02.2001-15:00:00,12,02,2001,15,757.11
12.02.2001-18:00:00,12,02,2001,18,756.55
12.02.2001-21:00:00,12,02,2001,21,755.99
12.03.2001-00:00:00,12,03,2001,00,755.44
12.03.2001-03:00:00,12,03,2001,03,754.89
12.03.2001-06:00:00,12,03,2001,06,754.33
12.03.2001-09:00:00,12,03,2001,09,753.78
12.03.2001-12:00:00,12,03,2001,12,753.23
12.03.2001-15:00:00,12,03,2001,15,752.68
12.03.2001-18:00:00,12,03,2001,18,752.13
12.03.2001-21:00:00,12,03,2001,21,751.59
12.04.2001-00:00:00,12,04,2001,00,751.05
12.04.2001-03:00:00,12,04,2001,03,750.52
12.04.2001-06:00:00,12,04,2001,06,749.98
12.04.2001-09:00:00,12,04,2001,09,749.44
12.04.2001-12:00:00,12,04,2001,12,748.9
12.04.2001-15:00:00,12,04,2001,15,748.37
12.04.2001-18:00:00,12,04,2001,18,747.84
12.04.2001-21:00:00,12,04,2001,21,747.31
12.05.2001-00:00:00,12,05,2001,00,746.77
12.05.2001-03:00:00,12,05,2001,03,746.24
12.05.2001-06:00:00,12,05,2001,06,745.7
12.05.2001-09:00:00,12,05,2001,09,745.17
12.05.2001-12:00:00,12,05,2001,12,744.63
12.05.2001-15:00:00,12,05,2001,15,744.1
12.05.2001-18:00:00,12,05,2001,18,743.57
12.05.2001-21:00:00,12,05,2001,21,743.04
12.06.2001-00:00:00,12,06,2001,00,742.5
12.06.2001-03:00:00,12,06,2001,03,741.97
12.06.2001-06:00:00,12,06,2001,06,741.43
12.06.2001-09:00:00,12,06,2001,09,740.9
12.06.2001-12:00:00,12,06,2001,12,740.36
12.06.2001-15:00:00,12,06,2001,15,739.84
12.06.2001-18:00:00,12,06,2001,18,739.3
12.06.2001-21:00:00,12,06,2001,21,738.77
12.07.2001-00:00:00,12,07,2001,00,738.23
12.07.2001-03:00:00,12,07,2001,03,737.7
12.07.2001-06:00:00,12,07,2001,06,737.17
12.07.2001-09:00:00,12,07,2001,09,736.64
12.07.2001-12:00:00,12,07,2001,12,736.1
12.07.2001-15:00:00,12,07,2001,15,735.57
12.07.2001-18:00:00,12,07,2001,18,735.03
12.07.2001-21:00:00,12,07,2001,21,734.5
12.08.2001-00:00:00,12,08,2001,00,733.97
12.08.2001-03:00:00,12,08,2001,03,733.44
12.08.2001-06:00:00,12,08,2001,06,732.9
12.08.2001-09:00:00,12,08,2001,09,732.37
12.08.2001-12:00:00,12,08,2001,12,731.83
12.08.2001-15:00:00,12,08,2001,15,731.31
12.08.2001-18:00:00,12,08,2001,18,730.78
12.08.2001-21:00:00,12,08,2001,21,730.26
12.09.2001-00:00:00,12,09,2001,00,729.73
12.09.2001-03:00:00,12,09,2001,03,729.21
12.09.2001-06:00:00,12,09,2001,06,728.68
12.09.2001-09:00:00,12,09,2001,09,728.15
12.09.2001-12:00:00,12,09,2001,12,727.62
12.09.2001-15:00:00,12,09,2001,15,727.1
12.09.2001-18:00:00,12,09,2001,18,726.57
12.09.2001-21:00:00,12,09,2001,21,726.05
12.10.2001-00:00:00,12,10,2001,00,725.52
12.10.2001-03:00:00,12,10,2001,03,725
12.10.2001-06:00:00,12,10,2001,06,724.47
12.10.2001-09:00:00,12,10,2001,09,723.94
12.10.2001-12:00:00,12,10,2001,12,723.41
12.10.2001-15:00:00,12,10,2001,15,722.89
12.10.2001-18:00:00,12,10,2001,18,722.35
12.10.2001-21:00:00,12,10,2001,21,721.83
12.11.2001-00:00:00,12,11,2001,00,721.29
12.11.2001-03:00:00,12,11,2001,03,720.77
12.11.2001-06:00:00,12,11,2001,06,720.23
12.11.2001-09:00:00,12,11,2001,09,719.7
12.11.2001-12:00:00,12,11,2001,12,719.17
12.11.2001-15:00:00,12,11,2001,15,718.64
12.11.2001-18:00:00,12,11,2001,18,718.1
12.11.2001-21:00:00,12,11,2001,21,717.57
12.12.2001-00:00:00,12,12,2001,00,717.03
12.12.2001-03:00:00,12,12,2001,03,716.5
12.12.2001-06:00:00,12,12,2001,06,715.96
12.12.2001-09:00:00,12,12,2001,09,715.43
12.12.2001-12:00:00,12,12,2001,12,714.89
12.12.2001-15:00:00,12,12,2001,15,714.36
12.12.2001-18:00:00,12,12,2001,18,713.82
12.12.2001-21:00:00,12,12,2001,21,713.28
12.13.2001-00:00:00,12,13,2001,00,712.74
12.13.2001-03:00:00,12,13,2001,03,712.21
12.13.2001-06:00:00,12,13,2001,06,711.67
12.13.2001-09:00:00,12,13,2001,09,711.13
12.13.2001-12:00:00,12,13,2001,12,710.59
12.13.2001-15:00:00,12,13,2001,15,710.05
12.13.2001-18:00:00,12,13,2001,18,709.51
12.13.2001-21:00:00,12,13,2001,21,708.97
12.14.2001-00:00:00,12,14,2001,00,708.42
12.14.2001-03:00:00,12,14,2001,03,707.88
12.14.2001-06:00:00,12,14,2001,06,707.33
12.14.2001-09:00:00,12,14,2001,09,706.79
12.14.2001-12:00:00,12,14,2001,12,706.25
12.14.2001-15:00:00,12,14,2001,15,705.7
12.14.2001-18:00:00,12,14,2001,18,705.16
12.14.2001-21:00:00,12,14,2001,21,704.61
12.15.2001-00:00:00,12,15,2001,00,704.07
12.15.2001-03:00:00,12,15,2001,03,703.52
12.15.2001-06:00:00,12,15,2001,06,702.97
12.15.2001-09:00:00,12,15,2001,09,702.43
12.15.2001-12:00:00,12,15,2001,12,701.88
12.15.2001-15:00:00,12,15,2001,15,701.33
12.15.2001-18:00:00,12,15,2001,18,700.78
12.15.2001-21:00:00,12,15,2001,21,700.24
12.16.2001-00:00:00,12,16,2001,00,699.71
12.16.2001-03:00:00,12,16,2001,03,699.18
12.16.2001-06:00:00,12,16,2001,06,698.64
12.16.2001-09:00:00,12,16,2001,09,698.11
12.16.2001-12:00:00,12,16,2001,12,697.58
12.16.2001-15:00:00,12,16,2001,15,697.05
12.16.2001-18:00:00,12,16,2001,18,696.51
12.16.2001-21:00:00,12,16,2001,21,695.98
12.17.2001-00:00:00,12,17,2001,00,695.44
12.17.2001-03:00:00,12,17,2001,03,694.91
12.17.2001-06:00:00,12,17,2001,06,694.37
12.17.2001-09:00:00,12,17,2001,09,693.84
12.17.2001-12:00:00,12,17,2001,12,693.3
12.17.2001-15:00:00,12,17,2001,15,692.77
12.17.2001-18:00:00,12,17,2001,18,692.23
12.17.2001-21:00:00,12,17,2001,21,691.7
12.18.2001-00:00:00,12,18,2001,00,691.17
12.18.2001-03:00:00,12,18,2001,03,690.63
12.18.2001-06:00:00,12,18,2001,06,690.09
12.18.2001-09:00:00,12,18,2001,09,689.56
12.18.2001-12:00:00,12,18,2001,12,689.03
12.18.2001-15:00:00,12,18,2001,15,688.49
12.18.2001-18:00:00,12,18,2001,18,687.96
12.18.2001-21:00:00,12,18,2001,21,687.42
12.19.2001-00:00:00,12,19,2001,00,686.88
12.19.2001-03:00:00,12,19,2001,03,686.35
12.19.2001-06:00:00,12,19,2001,06,685.81
12.19.2001-09:00:00,12,19,2001,09,685.27
12.19.2001-12:00:00,12,19,2001,12,684.74
12.19.2001-15:00:00,12,19,2001,15,684.2
12.19.2001-18:00:00,12,19,2001,18,683.66
12.19.2001-21:00:00,12,19,2001,21,683.13
12.20.2001-00:00:00,12,20,2001,00,682.6
12.20.2001-03:00:00,12,20,2001,03,682.06
12.20.2001-06:00:00,12,20,2001,06,681.53
12.20.2001-09:00:00,12,20,2001,09,680.99
12.20.2001-12:00:00,12,20,2001,12,680.46
12.20.2001-15:00:00,12,20,2001,15,679.92
12.20.2001-18:00:00,12,20,2001,18,679.38
12.20.2001-21:00:00,12,20,2001,21,678.84
12.21.2001-00:00:00,12,21,2001,00,678.31
12.21.2001-03:00:00,12,21,2001,03,677.77
12.21.2001-06:00:00,12,21,2001,06,677.23
12.21.2001-09:00:00,12,21,2001,09,676.7
12.21.2001-12:00:00,12,21,2001,12,676.16
12.21.2001-15:00:00,12,21,2001,15,675.62
12.21.2001-18:00:00,12,21,2001,18,675.08
12.21.2001-21:00:00,12,21,2001,21,674.54
12.22.2001-00:00:00,12,22,2001,00,674
12.22.2001-03:00:00,12,22,2001,03,673.46
12.22.2001-06:00:00,12,22,2001,06,672.91
12.22.2001-09:00:00,12,22,2001,09,672.38
12.22.2001-12:00:00,12,22,2001,12,671.83
12.22.2001-15:00:00,12,22,2001,15,671.29
12.22.2001-18:00:00,12,22,2001,18,670.75
12.22.2001-21:00:00,12,22,2001,21,670.21
12.23.2001-00:00:00,12,23,2001,00,669.67
12.23.2001-03:00:00,12,23,2001,03,669.13
12.23.2001-06:00:00,12,23,2001,06,668.59
12.23.2001-09:00:00,12,23,2001,09,668.06
12.23.2001-12:00:00,12,23,2001,12,667.52
12.23.2001-15:00:00,12,23,2001,15,666.98
12.23.2001-18:00:00,12,23,2001,18,666.45
12.23.2001-21:00:00,12,23,2001,21,665.92
12.24.2001-00:00:00,12,24,2001,00,665.38
12.24.2001-03:00:00,12,24,2001,03,664.84
12.24.2001-06:00:00,12,24,2001,06,664.3
12.24.2001-09:00:00,12,24,2001,09,663.77
12.24.2001-12:00:00,12,24,2001,12,663.23
12.24.2001-15:00:00,12,24,2001,15,662.69
12.24.2001-18:00:00,12,24,2001,18,662.16
12.24.2001-21:00:00,12,24,2001,21,661.62
12.25.2001-00:00:00,12,25,2001,00,661.08
12.25.2001-03:00:00,12,25,2001,03,660.55
12.25.2001-06:00:00,12,25,2001,06,660.02
12.25.2001-09:00:00,12,25,2001,09,659.48
12.25.2001-12:00:00,12,25,2001,12,658.95
12.25.2001-15:00:00,12,25,2001,15,658.42
12.25.2001-18:00:00,12,25,2001,18,657.88
12.25.2001-21:00:00,12,25,2001,21,657.36
12.26.2001-00:00:00,12,26,2001,00,656.82
12.26.2001-03:00:00,12,26,2001,03,656.29
12.26.2001-06:00:00,12,26,2001,06,655.75
12.26.2001-09:00:00,12,26,2001,09,655.22
12.26.2001-12:00:00,12,26,2001,12,654.68
12.26.2001-15:00:00,12,26,2001,15,654.16
12.26.2001-18:00:00,12,26,2001,18,653.62
12.26.2001-21:00:00,12,26,2001,21,653.08
12.27.2001-00:00:00,12,27,2001,00,652.55
12.27.2001-03:00:00,12,27,2001,03,652.01
12.27.2001-06:00:00,12,27,2001,06,651.48
12.27.2001-09:00:00,12,27,2001,09,650.94
12.27.2001-12:00:00,12,27,2001,12,650.4
12.27.2001-15:00:00,12,27,2001,15,649.87
12.27.2001-18:00:00,12,27,2001,18,649.34
12.27.2001-21:00:00,12,27,2001,21,648.8
12.28.2001-00:00:00,12,28,2001,00,648.26
12.28.2001-03:00:00,12,28,2001,03,647.72
12.28.2001-06:00:00,12,28,2001,06,647.19
12.28.2001-09:00:00,12,28,2001,09,646.66
12.28.2001-12:00:00,12,28,2001,12,646.12
12.28.2001-15:00:00,12,28,2001,15,645.59
12.28.2001-18:00:00,12,28,2001,18,645.05
12.28.2001-21:00:00,12,28,2001,21,644.52
12.29.2001-00:00:00,12,29,2001,00,643.99
12.29.2001-03:00:00,12,29,2001,03,643.46
12.29.2001-06:00:00,12,29,2001,06,642.92
12.29.2001-09:00:00,12,29,2001,09,642.39
12.29.2001-12:00:00,12,29,2001,12,641.85
12.29.2001-15:00:00,12,29,2001,15,641.32
12.29.2001-18:00:00,12,29,2001,18,640.78
12.29.2001-21:00:00,12,29,2001,21,640.24
12.30.2001-00:00:00,12,30,2001,00,639.71
12.30.2001-03:00:00,12,30,2001,03,639.17
12.30.2001-06:00:00,12,30,2001,06,638.63
12.30.2001-09:00:00,12,30,2001,09,638.1
12.30.2001-12:00:00,12,30,2001,12,637.56
12.30.2001-15:00:00,12,30,2001,15,637.02
12.30.2001-18:00:00,12,30,2001,18,636.49
12.30.2001-21:00:00,12,30,2001,21,635.95
12.31.2001-00:00:00,12,31,2001,00,635.42
12.31.2001-03:00:00,12,31,2001,03,634.89
12.31.2001-06:00:00,12,31,2001,06,634.36
12.31.2001-09:00:00,12,31,2001,09,633.83
12.31.2001-12:00:00,12,31,2001,12,633.3
12.31.2001-15:00:00,12,31,2001,15,632.77
12.31.2001-18:00:00,12,31,2001,18,632.24
12.31.2001-21:00:00,12,31,2001,21,631.71
01.01.2002-00:00:00,01,01,2002,00,631.18
01.01.2002-03:00:00,01,01,2002,03,630.65
01.01.2002-06:00:00,01,01,2002,06,630.12
01.01.2002-09:00:00,01,01,2002,09,629.59
01.01.2002-12:00:00,01,01,2002,12,629.05
01.01.2002-15:00:00,01,01,2002,15,628.52
01.01.2002-18:00:00,01,01,2002,18,627.99
01.01.2002-21:00:00,01,01,2002,21,627.46
01.02.2002-00:00:00,01,02,2002,00,626.93
01.02.2002-03:00:00,01,02,2002,03,626.4
01.02.2002-06:00:00,01,02,2002,06,625.86
01.02.2002-09:00:00,01,02,2002,09,625.33
01.02.2002-12:00:00,01,02,2002,12,624.8
01.02.2002-15:00:00,01,02,2002,15,624.27
01.02.2002-18:00:00,01,02,2002,18,623.74
01.02.2002-21:00:00,01,02,2002,21,623.2
01.03.2002-00:00:00,01,03,2002,00,622.67
01.03.2002-03:00:00,01,03,2002,03,622.14
01.03.2002-06:00:00,01,03,2002,06,621.61
01.03.2002-09:00:00,01,03,2002,09,621.07
01.03.2002-12:00:00,01,03,2002,12,620.54
01.03.2002-15:00:00,01,03,2002,15,620.01
01.03.2002-18:00:00,01,03,2002,18,619.48
01.03.2002-21:00:00,01,03,2002,21,618.95
01.04.2002-00:00:00,01,04,2002,00,618.42
01.04.2002-03:00:00,01,04,2002,03,617.88
01.04.2002-06:00:00,01,04,2002,06,617.35
01.04.2002-09:00:00,01,04,2002,09,616.82
01.04.2002-12:00:00,01,04,2002,12,616.29
01.04.2002-15:00:00,01,04,2002,15,615.76
01.04.2002-18:00:00,01,04,2002,18,615.23
01.04.2002-21:00:00,01,04,2002,21,614.7
01.05.2002-00:00:00,01,05,2002,00,614.16
01.05.2002-03:00:00,01,05,2002,03,613.63
01.05.2002-06:00:00,01,05,2002,06,613.1
01.05.2002-09:00:00,01,05,2002,09,612.57
01.05.2002-12:00:00,01,05,2002,12,612.04
01.05.2002-15:00:00,01,05,2002,15,611.51
01.05.2002-18:00:00,01,05,2002,18,610.98
01.05.2002-21:00:00,01,05,2002,21,610.45
01.06.2002-00:00:00,01,06,2002,00,609.91
01.06.2002-03:00:00,01,06,2002,03,609.38
01.06.2002-06:00:00,01,06,2002,06,608.85
01.06.2002-09:00:00,01,06,2002,09,608.32
01.06.2002-12:00:00,01,06,2002,12,607.79
01.06.2002-15:00:00,01,06,2002,15,607.26
01.06.2002-18:00:00,01,06,2002,18,606.74
01.06.2002-21:00:00,01,06,2002,21,606.21
01.07.2002-00:00:00,01,07,2002,00,605.68
01.07.2002-03:00:00,01,07,2002,03,605.15
01.07.2002-06:00:00,01,07,2002,06,604.62
01.07.2002-09:00:00,01,07,2002,09,604.09
01.07.2002-12:00:00,01,07,2002,12,603.56
01.07.2002-15:00:00,01,07,2002,15,603.03
01.07.2002-18:00:00,01,07,2002,18,602.51
01.07.2002-21:00:00,01,07,2002,21,601.98
01.08.2002-00:00:00,01,08,2002,00,601.45
01.08.2002-03:00:00,01,08,2002,03,600.92
01.08.2002-06:00:00,01,08,2002,06,600.4
01.08.2002-09:00:00,01,08,2002,09,599.87
01.08.2002-12:00:00,01,08,2002,12,599.33
01.08.2002-15:00:00,01,08,2002,15,598.81
01.08.2002-18:00:00,01,08,2002,18,598.29
01.08.2002-21:00:00,01,08,2002,21,597.76
01.09.2002-00:00:00,01,09,2002,00,597.24
01.09.2002-03:00:00,01,09,2002,03,596.71
01.09.2002-06:00:00,01,09,2002,06,596.18
01.09.2002-09:00:00,01,09,2002,09,595.66
01.09.2002-12:00:00,01,09,2002,12,595.13
01.09.2002-15:00:00,01,09,2002,15,594.61
01.09.2002-18:00:00,01,09,2002,18,594.08
01.09.2002-21:00:00,01,09,2002,21,593.56
01.10.2002-00:00:00,01,10,2002,00,593.04
01.10.2002-03:00:00,01,10,2002,03,592.51
01.10.2002-06:00:00,01,10,2002,06,591.99
01.10.2002-09:00:00,01,10,2002,09,591.47
01.10.2002-12:00:00,01,10,2002,12,590.95
01.10.2002-15:00:00,01,10,2002,15,590.44
01.10.2002-18:00:00,01,10,2002,18,589.92
01.10.2002-21:00:00,01,10,2002,21,589.41
01.11.2002-00:00:00,01,11,2002,00,588.9
01.11.2002-03:00:00,01,11,2002,03,588.39
01.11.2002-06:00:00,01,11,2002,06,587.88
01.11.2002-09:00:00,01,11,2002,09,587.37
01.11.2002-12:00:00,01,11,2002,12,586.86
01.11.2002-15:00:00,01,11,2002,15,586.36
01.11.2002-18:00:00,01,11,2002,18,585.85
01.11.2002-21:00:00,01,11,2002,21,585.34
01.12.2002-00:00:00,01,12,2002,00,584.83
01.12.2002-03:00:00,01,12,2002,03,584.33
01.12.2002-06:00:00,01,12,2002,06,583.82
01.12.2002-09:00:00,01,12,2002,09,583.3
01.12.2002-12:00:00,01,12,2002,12,579.41
01.12.2002-15:00:00,01,12,2002,15,581.89
01.12.2002-18:00:00,01,12,2002,18,581.76
01.12.2002-21:00:00,01,12,2002,21,581.27
01.13.2002-00:00:00,01,13,2002,00,580.76
01.13.2002-03:00:00,01,13,2002,03,580.26
01.13.2002-06:00:00,01,13,2002,06,579.75
01.13.2002-09:00:00,01,13,2002,09,579.25
01.13.2002-12:00:00,01,13,2002,12,578.69
01.13.2002-15:00:00,01,13,2002,15,578.24
01.13.2002-18:00:00,01,13,2002,18,577.74
01.13.2002-21:00:00,01,13,2002,21,577.23
01.14.2002-00:00:00,01,14,2002,00,576.73
01.14.2002-03:00:00,01,14,2002,03,576.22
01.14.2002-06:00:00,01,14,2002,06,575.72
01.14.2002-09:00:00,01,14,2002,09,575.22
01.14.2002-12:00:00,01,14,2002,12,574.71
01.14.2002-15:00:00,01,14,2002,15,574.21
01.14.2002-18:00:00,01,14,2002,18,573.71
01.14.2002-21:00:00,01,14,2002,21,573.2
01.15.2002-00:00:00,01,15,2002,00,572.7
01.15.2002-03:00:00,01,15,2002,03,572.2
01.15.2002-06:00:00,01,15,2002,06,571.7
01.15.2002-09:00:00,01,15,2002,09,571.19
01.15.2002-12:00:00,01,15,2002,12,570.69
01.15.2002-15:00:00,01,15,2002,15,570.19
01.15.2002-18:00:00,01,15,2002,18,569.69
01.15.2002-21:00:00,01,15,2002,21,569.19
01.16.2002-00:00:00,01,16,2002,00,568.69
01.16.2002-03:00:00,01,16,2002,03,568.19
01.16.2002-06:00:00,01,16,2002,06,567.69
01.16.2002-09:00:00,01,16,2002,09,567.19
01.16.2002-12:00:00,01,16,2002,12,566.69
01.16.2002-15:00:00,01,16,2002,15,566.19
01.16.2002-18:00:00,01,16,2002,18,565.69
01.16.2002-21:00:00,01,16,2002,21,565.19
01.17.2002-00:00:00,01,17,2002,00,564.69
01.17.2002-03:00:00,01,17,2002,03,564.19
01.17.2002-06:00:00,01,17,2002,06,563.69
01.17.2002-09:00:00,01,17,2002,09,563.19
01.17.2002-12:00:00,01,17,2002,12,562.7
01.17.2002-15:00:00,01,17,2002,15,562.2
01.17.2002-18:00:00,01,17,2002,18,561.71
01.17.2002-21:00:00,01,17,2002,21,561.21
01.18.2002-00:00:00,01,18,2002,00,560.72
01.18.2002-03:00:00,01,18,2002,03,560.22
01.18.2002-06:00:00,01,18,2002,06,559.73
01.18.2002-09:00:00,01,18,2002,09,559.24
01.18.2002-12:00:00,01,18,2002,12,558.74
01.18.2002-15:00:00,01,18,2002,15,558.25
01.18.2002-18:00:00,01,18,2002,18,557.76
01.18.2002-21:00:00,01,18,2002,21,557.26
01.19.2002-00:00:00,01,19,2002,00,556.77
01.19.2002-03:00:00,01,19,2002,03,556.28
01.19.2002-06:00:00,01,19,2002,06,555.79
01.19.2002-09:00:00,01,19,2002,09,555.3
01.19.2002-12:00:00,01,19,2002,12,554.66
01.19.2002-15:00:00,01,19,2002,15,554.31
01.19.2002-18:00:00,01,19,2002,18,553.82
01.19.2002-21:00:00,01,19,2002,21,553.33
01.20.2002-00:00:00,01,20,2002,00,552.84
01.20.2002-03:00:00,01,20,2002,03,552.35
01.20.2002-06:00:00,01,20,2002,06,551.86
01.20.2002-09:00:00,01,20,2002,09,551.37
01.20.2002-12:00:00,01,20,2002,12,550.88
01.20.2002-15:00:00,01,20,2002,15,550.39
01.20.2002-18:00:00,01,20,2002,18,549.9
01.20.2002-21:00:00,01,20,2002,21,549.41
01.21.2002-00:00:00,01,21,2002,00,548.92
01.21.2002-03:00:00,01,21,2002,03,548.43
01.21.2002-06:00:00,01,21,2002,06,547.94
01.21.2002-09:00:00,01,21,2002,09,547.46
01.21.2002-12:00:00,01,21,2002,12,546.97
01.21.2002-15:00:00,01,21,2002,15,546.48
01.21.2002-18:00:00,01,21,2002,18,546
01.21.2002-21:00:00,01,21,2002,21,545.51
01.22.2002-00:00:00,01,22,2002,00,545.02
01.22.2002-03:00:00,01,22,2002,03,544.54
01.22.2002-06:00:00,01,22,2002,06,544.05
01.22.2002-09:00:00,01,22,2002,09,543.57
01.22.2002-12:00:00,01,22,2002,12,543.08
01.22.2002-15:00:00,01,22,2002,15,542.6
01.22.2002-18:00:00,01,22,2002,18,542.11
01.22.2002-21:00:00,01,22,2002,21,541.63
01.23.2002-00:00:00,01,23,2002,00,541.14
01.23.2002-03:00:00,01,23,2002,03,540.66
01.23.2002-06:00:00,01,23,2002,06,540.17
01.23.2002-09:00:00,01,23,2002,09,539.69
01.23.2002-12:00:00,01,23,2002,12,539.21
01.23.2002-15:00:00,01,23,2002,15,538.72
01.23.2002-18:00:00,01,23,2002,18,538.24
01.23.2002-21:00:00,01,23,2002,21,537.76
01.24.2002-00:00:00,01,24,2002,00,537.28
01.24.2002-03:00:00,01,24,2002,03,536.8
01.24.2002-06:00:00,01,24,2002,06,536.32
01.24.2002-09:00:00,01,24,2002,09,535.84
01.24.2002-12:00:00,01,24,2002,12,535.36
01.24.2002-15:00:00,01,24,2002,15,534.88
01.24.2002-18:00:00,01,24,2002,18,534.41
01.24.2002-21:00:00,01,24,2002,21,533.93
01.25.2002-00:00:00,01,25,2002,00,533.45
01.25.2002-03:00:00,01,25,2002,03,532.97
01.25.2002-06:00:00,01,25,2002,06,532.5
01.25.2002-09:00:00,01,25,2002,09,532
01.25.2002-12:00:00,01,25,2002,12,526.4
01.25.2002-15:00:00,01,25,2002,15,530.39
01.25.2002-18:00:00,01,25,2002,18,530.52
01.25.2002-21:00:00,01,25,2002,21,530.07
01.26.2002-00:00:00,01,26,2002,00,529.59
01.26.2002-03:00:00,01,26,2002,03,529.12
01.26.2002-06:00:00,01,26,2002,06,528.65
01.26.2002-09:00:00,01,26,2002,09,528.19
01.26.2002-12:00:00,01,26,2002,12,527.72
01.26.2002-15:00:00,01,26,2002,15,527.26
01.26.2002-18:00:00,01,26,2002,18,526.8
01.26.2002-21:00:00,01,26,2002,21,526.34
01.27.2002-00:00:00,01,27,2002,00,525.88
01.27.2002-03:00:00,01,27,2002,03,525.41
01.27.2002-06:00:00,01,27,2002,06,524.95
01.27.2002-09:00:00,01,27,2002,09,524.49
01.27.2002-12:00:00,01,27,2002,12,524.03
01.27.2002-15:00:00,01,27,2002,15,523.57
01.27.2002-18:00:00,01,27,2002,18,523.11
01.27.2002-21:00:00,01,27,2002,21,522.65
01.28.2002-00:00:00,01,28,2002,00,522.19
01.28.2002-03:00:00,01,28,2002,03,521.73
01.28.2002-06:00:00,01,28,2002,06,521.27
01.28.2002-09:00:00,01,28,2002,09,520.82
01.28.2002-12:00:00,01,28,2002,12,520.35
01.28.2002-15:00:00,01,28,2002,15,519.9
01.28.2002-18:00:00,01,28,2002,18,519.44
01.28.2002-21:00:00,01,28,2002,21,518.98
01.29.2002-00:00:00,01,29,2002,00,518.52
01.29.2002-03:00:00,01,29,2002,03,518.06
01.29.2002-06:00:00,01,29,2002,06,517.61
01.29.2002-09:00:00,01,29,2002,09,517.15
01.29.2002-12:00:00,01,29,2002,12,516.69
01.29.2002-15:00:00,01,29,2002,15,516.24
01.29.2002-18:00:00,01,29,2002,18,515.78
01.29.2002-21:00:00,01,29,2002,21,515.33
01.30.2002-00:00:00,01,30,2002,00,514.87
01.30.2002-03:00:00,01,30,2002,03,514.42
01.30.2002-06:00:00,01,30,2002,06,513.96
01.30.2002-09:00:00,01,30,2002,09,513.51
01.30.2002-12:00:00,01,30,2002,12,513.06
01.30.2002-15:00:00,01,30,2002,15,512.62
01.30.2002-18:00:00,01,30,2002,18,512.18
01.30.2002-21:00:00,01,30,2002,21,511.74
01.31.2002-00:00:00,01,31,2002,00,511.29
01.31.2002-03:00:00,01,31,2002,03,510.85
01.31.2002-06:00:00,01,31,2002,06,510.41
01.31.2002-09:00:00,01,31,2002,09,509.97
01.31.2002-12:00:00,01,31,2002,12,509.53
01.31.2002-15:00:00,01,31,2002,15,509.09
01.31.2002-18:00:00,01,31,2002,18,508.65
01.31.2002-21:00:00,01,31,2002,21,508.21
02.01.2002-00:00:00,02,01,2002,00,507.77
02.01.2002-03:00:00,02,01,2002,03,507.33
02.01.2002-06:00:00,02,01,2002,06,506.89
02.01.2002-09:00:00,02,01,2002,09,506.45
02.01.2002-12:00:00,02,01,2002,12,506.01
02.01.2002-15:00:00,02,01,2002,15,505.57
02.01.2002-18:00:00,02,01,2002,18,505.13
02.01.2002-21:00:00,02,01,2002,21,504.69
02.02.2002-00:00:00,02,02,2002,00,504.25
02.02.2002-03:00:00,02,02,2002,03,503.81
02.02.2002-06:00:00,02,02,2002,06,503.37
02.02.2002-09:00:00,02,02,2002,09,502.93
02.02.2002-12:00:00,02,02,2002,12,502.49
02.02.2002-15:00:00,02,02,2002,15,502.05
02.02.2002-18:00:00,02,02,2002,18,501.61
02.02.2002-21:00:00,02,02,2002,21,501.18
02.03.2002-00:00:00,02,03,2002,00,500.74
02.03.2002-03:00:00,02,03,2002,03,500.3
02.03.2002-06:00:00,02,03,2002,06,499.86
02.03.2002-09:00:00,02,03,2002,09,499.42
02.03.2002-12:00:00,02,03,2002,12,497.41
02.03.2002-15:00:00,02,03,2002,15,498.48
02.03.2002-18:00:00,02,03,2002,18,498.11
02.03.2002-21:00:00,02,03,2002,21,497.67
02.04.2002-00:00:00,02,04,2002,00,497.23
02.04.2002-03:00:00,02,04,2002,03,496.8
02.04.2002-06:00:00,02,04,2002,06,496.36
02.04.2002-09:00:00,02,04,2002,09,495.93
02.04.2002-12:00:00,02,04,2002,12,495.49
02.04.2002-15:00:00,02,04,2002,15,495.06
02.04.2002-18:00:00,02,04,2002,18,494.62
02.04.2002-21:00:00,02,04,2002,21,494.18
02.05.2002-00:00:00,02,05,2002,00,493.75
02.05.2002-03:00:00,02,05,2002,03,493.31
02.05.2002-06:00:00,02,05,2002,06,492.88
02.05.2002-09:00:00,02,05,2002,09,492.44
02.05.2002-12:00:00,02,05,2002,12,492.01
02.05.2002-15:00:00,02,05,2002,15,491.58
02.05.2002-18:00:00,02,05,2002,18,491.14
02.05.2002-21:00:00,02,05,2002,21,490.71
02.06.2002-00:00:00,02,06,2002,00,490.28
02.06.2002-03:00:00,02,06,2002,03,489.84
02.06.2002-06:00:00,02,06,2002,06,489.41
02.06.2002-09:00:00,02,06,2002,09,488.98
02.06.2002-12:00:00,02,06,2002,12,488.54
02.06.2002-15:00:00,02,06,2002,15,488.11
02.06.2002-18:00:00,02,06,2002,18,487.69
02.06.2002-21:00:00,02,06,2002,21,487.26
02.07.2002-00:00:00,02,07,2002,00,486.83
02.07.2002-03:00:00,02,07,2002,03,486.4
02.07.2002-06:00:00,02,07,2002,06,485.97
02.07.2002-09:00:00,02,07,2002,09,485.54
02.07.2002-12:00:00,02,07,2002,12,485.12
02.07.2002-15:00:00,02,07,2002,15,484.69
02.07.2002-18:00:00,02,07,2002,18,484.26
02.07.2002-21:00:00,02,07,2002,21,483.83
02.08.2002-00:00:00,02,08,2002,00,483.41
02.08.2002-03:00:00,02,08,2002,03,482.98
02.08.2002-06:00:00,02,08,2002,06,482.55
02.08.2002-09:00:00,02,08,2002,09,479.31
02.08.2002-12:00:00,02,08,2002,12,467.77
02.08.2002-15:00:00,02,08,2002,15,479.32
02.08.2002-18:00:00,02,08,2002,18,480.68
02.08.2002-21:00:00,02,08,2002,21,480.32
02.09.2002-00:00:00,02,09,2002,00,479.91
02.09.2002-03:00:00,02,09,2002,03,479.49
02.09.2002-06:00:00,02,09,2002,06,479.06
02.09.2002-09:00:00,02,09,2002,09,478.64
02.09.2002-12:00:00,02,09,2002,12,478.22
02.09.2002-15:00:00,02,09,2002,15,477.8
02.09.2002-18:00:00,02,09,2002,18,477.39
02.09.2002-21:00:00,02,09,2002,21,476.97
02.10.2002-00:00:00,02,10,2002,00,476.55
02.10.2002-03:00:00,02,10,2002,03,476.13
02.10.2002-06:00:00,02,10,2002,06,475.71
02.10.2002-09:00:00,02,10,2002,09,475.29
02.10.2002-12:00:00,02,10,2002,12,474.88
02.10.2002-15:00:00,02,10,2002,15,474.46
02.10.2002-18:00:00,02,10,2002,18,474.04
02.10.2002-21:00:00,02,10,2002,21,473.62
02.11.2002-00:00:00,02,11,2002,00,473.21
02.11.2002-03:00:00,02,11,2002,03,472.79
02.11.2002-06:00:00,02,11,2002,06,472.37
02.11.2002-09:00:00,02,11,2002,09,471.9
02.11.2002-12:00:00,02,11,2002,12,455.04
02.11.2002-15:00:00,02,11,2002,15,468.22
02.11.2002-18:00:00,02,11,2002,18,470.49
02.11.2002-21:00:00,02,11,2002,21,470.19
02.12.2002-00:00:00,02,12,2002,00,469.78
02.12.2002-03:00:00,02,12,2002,03,469.36
02.12.2002-06:00:00,02,12,2002,06,468.95
02.12.2002-09:00:00,02,12,2002,09,468.53
02.12.2002-12:00:00,02,12,2002,12,468.12
02.12.2002-15:00:00,02,12,2002,15,467.71
02.12.2002-18:00:00,02,12,2002,18,467.3
02.12.2002-21:00:00,02,12,2002,21,466.88
02.13.2002-00:00:00,02,13,2002,00,466.47
02.13.2002-03:00:00,02,13,2002,03,466.06
02.13.2002-06:00:00,02,13,2002,06,465.65
02.13.2002-09:00:00,02,13,2002,09,465.24
02.13.2002-12:00:00,02,13,2002,12,448.23
02.13.2002-15:00:00,02,13,2002,15,461.41
02.13.2002-18:00:00,02,13,2002,18,463.69
02.13.2002-21:00:00,02,13,2002,21,463.49
02.14.2002-00:00:00,02,14,2002,00,463.09
02.14.2002-03:00:00,02,14,2002,03,462.68
02.14.2002-06:00:00,02,14,2002,06,462.27
02.14.2002-09:00:00,02,14,2002,09,461.86
02.14.2002-12:00:00,02,14,2002,12,448.49
02.14.2002-15:00:00,02,14,2002,15,458.92
02.14.2002-18:00:00,02,14,2002,18,460.46
02.14.2002-21:00:00,02,14,2002,21,460.17
02.15.2002-00:00:00,02,15,2002,00,459.77
02.15.2002-03:00:00,02,15,2002,03,459.36
02.15.2002-06:00:00,02,15,2002,06,458.96
02.15.2002-09:00:00,02,15,2002,09,458.56
02.15.2002-12:00:00,02,15,2002,12,455.4
02.15.2002-15:00:00,02,15,2002,15,457.32
02.15.2002-18:00:00,02,15,2002,18,457.32
02.15.2002-21:00:00,02,15,2002,21,456.95
02.16.2002-00:00:00,02,16,2002,00,456.55
02.16.2002-03:00:00,02,16,2002,03,456.15
02.16.2002-06:00:00,02,16,2002,06,455.75
02.16.2002-09:00:00,02,16,2002,09,455.35
02.16.2002-12:00:00,02,16,2002,12,454.95
02.16.2002-15:00:00,02,16,2002,15,454.56
02.16.2002-18:00:00,02,16,2002,18,454.16
02.16.2002-21:00:00,02,16,2002,21,453.76
02.17.2002-00:00:00,02,17,2002,00,453.36
02.17.2002-03:00:00,02,17,2002,03,452.96
02.17.2002-06:00:00,02,17,2002,06,452.56
02.17.2002-09:00:00,02,17,2002,09,452.17
02.17.2002-12:00:00,02,17,2002,12,440.92
02.17.2002-15:00:00,02,17,2002,15,449.63
02.17.2002-18:00:00,02,17,2002,18,450.81
02.17.2002-21:00:00,02,17,2002,21,450.53
02.18.2002-00:00:00,02,18,2002,00,450.14
02.18.2002-03:00:00,02,18,2002,03,449.74
02.18.2002-06:00:00,02,18,2002,06,449.35
02.18.2002-09:00:00,02,18,2002,09,440.12
02.18.2002-12:00:00,02,18,2002,12,425.91
02.18.2002-15:00:00,02,18,2002,15,443.45
02.18.2002-18:00:00,02,18,2002,18,446.67
02.18.2002-21:00:00,02,18,2002,21,446.95
02.19.2002-00:00:00,02,19,2002,00,446.6
02.19.2002-03:00:00,02,19,2002,03,446.22
02.19.2002-06:00:00,02,19,2002,06,445.85
02.19.2002-09:00:00,02,19,2002,09,433.3
02.19.2002-12:00:00,02,19,2002,12,425.89
02.19.2002-15:00:00,02,19,2002,15,440.38
02.19.2002-18:00:00,02,19,2002,18,443.17
02.19.2002-21:00:00,02,19,2002,21,443.7
02.20.2002-00:00:00,02,20,2002,00,443.39
02.20.2002-03:00:00,02,20,2002,03,443.01
02.20.2002-06:00:00,02,20,2002,06,442.62
02.20.2002-09:00:00,02,20,2002,09,429.61
02.20.2002-12:00:00,02,20,2002,12,412.62
02.20.2002-15:00:00,02,20,2002,15,435.11
02.20.2002-18:00:00,02,20,2002,18,437.8
02.20.2002-21:00:00,02,20,2002,21,439.35
02.21.2002-00:00:00,02,21,2002,00,439.56
02.21.2002-03:00:00,02,21,2002,03,439.56
02.21.2002-06:00:00,02,21,2002,06,439.2
02.21.2002-09:00:00,02,21,2002,09,438.83
02.21.2002-12:00:00,02,21,2002,12,438.49
02.21.2002-15:00:00,02,21,2002,15,438.16
02.21.2002-18:00:00,02,21,2002,18,437.79
02.21.2002-21:00:00,02,21,2002,21,437.41
02.22.2002-00:00:00,02,22,2002,00,437.04
02.22.2002-03:00:00,02,22,2002,03,436.67
02.22.2002-06:00:00,02,22,2002,06,436.3
02.22.2002-09:00:00,02,22,2002,09,419.16
02.22.2002-12:00:00,02,22,2002,12,411.26
02.22.2002-15:00:00,02,22,2002,15,429.65
02.22.2002-18:00:00,02,22,2002,18,431.88
02.22.2002-21:00:00,02,22,2002,21,433
02.23.2002-00:00:00,02,23,2002,00,433.06
02.23.2002-03:00:00,02,23,2002,03,433.16
02.23.2002-06:00:00,02,23,2002,06,433.01
02.23.2002-09:00:00,02,23,2002,09,424.54
02.23.2002-12:00:00,02,23,2002,12,417.38
02.23.2002-15:00:00,02,23,2002,15,428.98
02.23.2002-18:00:00,02,23,2002,18,430.75
02.23.2002-21:00:00,02,23,2002,21,430.78
02.24.2002-00:00:00,02,24,2002,00,430.66
02.24.2002-03:00:00,02,24,2002,03,430.32
02.24.2002-06:00:00,02,24,2002,06,429.95
02.24.2002-09:00:00,02,24,2002,09,429.58
02.24.2002-12:00:00,02,24,2002,12,429.22
02.24.2002-15:00:00,02,24,2002,15,428.85
02.24.2002-18:00:00,02,24,2002,18,428.49
02.24.2002-21:00:00,02,24,2002,21,428.12
02.25.2002-00:00:00,02,25,2002,00,427.75
02.25.2002-03:00:00,02,25,2002,03,427.39
02.25.2002-06:00:00,02,25,2002,06,427.02
02.25.2002-09:00:00,02,25,2002,09,426.66
02.25.2002-12:00:00,02,25,2002,12,426.29
02.25.2002-15:00:00,02,25,2002,15,425.93
02.25.2002-18:00:00,02,25,2002,18,425.56
02.25.2002-21:00:00,02,25,2002,21,425.2
02.26.2002-00:00:00,02,26,2002,00,424.83
02.26.2002-03:00:00,02,26,2002,03,424.47
02.26.2002-06:00:00,02,26,2002,06,424.1
02.26.2002-09:00:00,02,26,2002,09,423.74
02.26.2002-12:00:00,02,26,2002,12,423.37
02.26.2002-15:00:00,02,26,2002,15,423.01
02.26.2002-18:00:00,02,26,2002,18,422.64
02.26.2002-21:00:00,02,26,2002,21,422.27
02.27.2002-00:00:00,02,27,2002,00,421.91
02.27.2002-03:00:00,02,27,2002,03,421.54
02.27.2002-06:00:00,02,27,2002,06,421.18
02.27.2002-09:00:00,02,27,2002,09,420.82
02.27.2002-12:00:00,02,27,2002,12,408.24
02.27.2002-15:00:00,02,27,2002,15,417.6
02.27.2002-18:00:00,02,27,2002,18,419.17
02.27.2002-21:00:00,02,27,2002,21,419.08
02.28.2002-00:00:00,02,28,2002,00,418.88
02.28.2002-03:00:00,02,28,2002,03,418.58
02.28.2002-06:00:00,02,28,2002,06,418.24
02.28.2002-09:00:00,02,28,2002,09,416.28
02.28.2002-12:00:00,02,28,2002,12,401.99
02.28.2002-15:00:00,02,28,2002,15,413.64
02.28.2002-18:00:00,02,28,2002,18,414.9
02.28.2002-21:00:00,02,28,2002,21,415.9
03.01.2002-00:00:00,03,01,2002,00,415.62
03.01.2002-03:00:00,03,01,2002,03,415.28
03.01.2002-06:00:00,03,01,2002,06,415
03.01.2002-09:00:00,03,01,2002,09,398.81
03.01.2002-12:00:00,03,01,2002,12,381.2
03.01.2002-15:00:00,03,01,2002,15,408.42
03.01.2002-18:00:00,03,01,2002,18,410.18
03.01.2002-21:00:00,03,01,2002,21,410.46
03.02.2002-00:00:00,03,02,2002,00,410.28
03.02.2002-03:00:00,03,02,2002,03,411.43
03.02.2002-06:00:00,03,02,2002,06,411.28
03.02.2002-09:00:00,03,02,2002,09,402
03.02.2002-12:00:00,03,02,2002,12,383.6
03.02.2002-15:00:00,03,02,2002,15,406.22
03.02.2002-18:00:00,03,02,2002,18,407.63
03.02.2002-21:00:00,03,02,2002,21,407.9
03.03.2002-00:00:00,03,03,2002,00,408.55
03.03.2002-03:00:00,03,03,2002,03,408.7
03.03.2002-06:00:00,03,03,2002,06,408.4
03.03.2002-09:00:00,03,03,2002,09,392.17
03.03.2002-12:00:00,03,03,2002,12,377.65
03.03.2002-15:00:00,03,03,2002,15,403.07
03.03.2002-18:00:00,03,03,2002,18,404.54
03.03.2002-21:00:00,03,03,2002,21,404.62
03.04.2002-00:00:00,03,04,2002,00,404.55
03.04.2002-03:00:00,03,04,2002,03,405.09
03.04.2002-06:00:00,03,04,2002,06,405.38
03.04.2002-09:00:00,03,04,2002,09,372.92
03.04.2002-12:00:00,03,04,2002,12,364.42
03.04.2002-15:00:00,03,04,2002,15,395.32
03.04.2002-18:00:00,03,04,2002,18,401.18
03.04.2002-21:00:00,03,04,2002,21,401.14
03.05.2002-00:00:00,03,05,2002,00,400.87
03.05.2002-03:00:00,03,05,2002,03,400.58
03.05.2002-06:00:00,03,05,2002,06,400.66
03.05.2002-09:00:00,03,05,2002,09,375.43
03.05.2002-12:00:00,03,05,2002,12,368.92
03.05.2002-15:00:00,03,05,2002,15,394.38
03.05.2002-18:00:00,03,05,2002,18,398.34
03.05.2002-21:00:00,03,05,2002,21,398.23
03.06.2002-00:00:00,03,06,2002,00,397.94
03.06.2002-03:00:00,03,06,2002,03,397.97
03.06.2002-06:00:00,03,06,2002,06,397.84
03.06.2002-09:00:00,03,06,2002,09,397.79
03.06.2002-12:00:00,03,06,2002,12,397.84
03.06.2002-15:00:00,03,06,2002,15,397.86
03.06.2002-18:00:00,03,06,2002,18,397.57
03.06.2002-21:00:00,03,06,2002,21,397.28
03.07.2002-00:00:00,03,07,2002,00,396.96
03.07.2002-03:00:00,03,07,2002,03,396.83
03.07.2002-06:00:00,03,07,2002,06,396.61
03.07.2002-09:00:00,03,07,2002,09,396.3
03.07.2002-12:00:00,03,07,2002,12,395.99
03.07.2002-15:00:00,03,07,2002,15,395.68
03.07.2002-18:00:00,03,07,2002,18,395.36
03.07.2002-21:00:00,03,07,2002,21,395.05
03.08.2002-00:00:00,03,08,2002,00,394.73
03.08.2002-03:00:00,03,08,2002,03,394.41
03.08.2002-06:00:00,03,08,2002,06,394.09
03.08.2002-09:00:00,03,08,2002,09,393.78
03.08.2002-12:00:00,03,08,2002,12,393.46
03.08.2002-15:00:00,03,08,2002,15,393.14
03.08.2002-18:00:00,03,08,2002,18,392.83
03.08.2002-21:00:00,03,08,2002,21,392.51
03.09.2002-00:00:00,03,09,2002,00,392.19
03.09.2002-03:00:00,03,09,2002,03,391.88
03.09.2002-06:00:00,03,09,2002,06,391.56
03.09.2002-09:00:00,03,09,2002,09,391.24
03.09.2002-12:00:00,03,09,2002,12,390.92
03.09.2002-15:00:00,03,09,2002,15,390.6
03.09.2002-18:00:00,03,09,2002,18,390.29
03.09.2002-21:00:00,03,09,2002,21,389.98
03.10.2002-00:00:00,03,10,2002,00,389.65
03.10.2002-03:00:00,03,10,2002,03,389.33
03.10.2002-06:00:00,03,10,2002,06,389.01
03.10.2002-09:00:00,03,10,2002,09,388.7
03.10.2002-12:00:00,03,10,2002,12,388.37
03.10.2002-15:00:00,03,10,2002,15,388.05
03.10.2002-18:00:00,03,10,2002,18,387.73
03.10.2002-21:00:00,03,10,2002,21,387.41
03.11.2002-00:00:00,03,11,2002,00,387.09
03.11.2002-03:00:00,03,11,2002,03,386.78
03.11.2002-06:00:00,03,11,2002,06,386.45
03.11.2002-09:00:00,03,11,2002,09,386.12
03.11.2002-12:00:00,03,11,2002,12,385.8
03.11.2002-15:00:00,03,11,2002,15,385.48
03.11.2002-18:00:00,03,11,2002,18,385.16
03.11.2002-21:00:00,03,11,2002,21,384.85
03.12.2002-00:00:00,03,12,2002,00,384.52
03.12.2002-03:00:00,03,12,2002,03,384.2
03.12.2002-06:00:00,03,12,2002,06,383.87
03.12.2002-09:00:00,03,12,2002,09,357.19
03.12.2002-12:00:00,03,12,2002,12,354.74
03.12.2002-15:00:00,03,12,2002,15,375.62
03.12.2002-18:00:00,03,12,2002,18,380.9
03.12.2002-21:00:00,03,12,2002,21,380.84
03.13.2002-00:00:00,03,13,2002,00,380.56
03.13.2002-03:00:00,03,13,2002,03,380.43
03.13.2002-06:00:00,03,13,2002,06,380.2
03.13.2002-09:00:00,03,13,2002,09,355.94
03.13.2002-12:00:00,03,13,2002,12,346.04
03.13.2002-15:00:00,03,13,2002,15,373.89
03.13.2002-18:00:00,03,13,2002,18,377.98
03.13.2002-21:00:00,03,13,2002,21,377.85
03.14.2002-00:00:00,03,14,2002,00,377.56
03.14.2002-03:00:00,03,14,2002,03,377.28
03.14.2002-06:00:00,03,14,2002,06,376.99
03.14.2002-09:00:00,03,14,2002,09,345.83
03.14.2002-12:00:00,03,14,2002,12,338.92
03.14.2002-15:00:00,03,14,2002,15,367.09
03.14.2002-18:00:00,03,14,2002,18,373.76
03.14.2002-21:00:00,03,14,2002,21,374.7
03.15.2002-00:00:00,03,15,2002,00,374.45
03.15.2002-03:00:00,03,15,2002,03,374.16
03.15.2002-06:00:00,03,15,2002,06,373.88
03.15.2002-09:00:00,03,15,2002,09,366.53
03.15.2002-12:00:00,03,15,2002,12,360.87
03.15.2002-15:00:00,03,15,2002,15,372.09
03.15.2002-18:00:00,03,15,2002,18,372.5
03.15.2002-21:00:00,03,15,2002,21,372.22
03.16.2002-00:00:00,03,16,2002,00,371.93
03.16.2002-03:00:00,03,16,2002,03,371.66
03.16.2002-06:00:00,03,16,2002,06,371.36
03.16.2002-09:00:00,03,16,2002,09,371.07
03.16.2002-12:00:00,03,16,2002,12,370.79
03.16.2002-15:00:00,03,16,2002,15,370.5
03.16.2002-18:00:00,03,16,2002,18,370.21
03.16.2002-21:00:00,03,16,2002,21,369.93
03.17.2002-00:00:00,03,17,2002,00,369.63
03.17.2002-03:00:00,03,17,2002,03,369.34
03.17.2002-06:00:00,03,17,2002,06,369.05
03.17.2002-09:00:00,03,17,2002,09,368.77
03.17.2002-12:00:00,03,17,2002,12,361.79
03.17.2002-15:00:00,03,17,2002,15,367.86
03.17.2002-18:00:00,03,17,2002,18,367.84
03.17.2002-21:00:00,03,17,2002,21,367.55
03.18.2002-00:00:00,03,18,2002,00,367.26
03.18.2002-03:00:00,03,18,2002,03,366.97
03.18.2002-06:00:00,03,18,2002,06,366.67
03.18.2002-09:00:00,03,18,2002,09,366.38
03.18.2002-12:00:00,03,18,2002,12,366.09
03.18.2002-15:00:00,03,18,2002,15,365.8
03.18.2002-18:00:00,03,18,2002,18,365.5
03.18.2002-21:00:00,03,18,2002,21,365.21
03.19.2002-00:00:00,03,19,2002,00,365.02
03.19.2002-03:00:00,03,19,2002,03,364.81
03.19.2002-06:00:00,03,19,2002,06,364.53
03.19.2002-09:00:00,03,19,2002,09,364.22
03.19.2002-12:00:00,03,19,2002,12,363.92
03.19.2002-15:00:00,03,19,2002,15,363.62
03.19.2002-18:00:00,03,19,2002,18,363.32
03.19.2002-21:00:00,03,19,2002,21,363.02
03.20.2002-00:00:00,03,20,2002,00,362.72
03.20.2002-03:00:00,03,20,2002,03,362.42
03.20.2002-06:00:00,03,20,2002,06,362.12
03.20.2002-09:00:00,03,20,2002,09,361.82
03.20.2002-12:00:00,03,20,2002,12,361.52
03.20.2002-15:00:00,03,20,2002,15,361.23
03.20.2002-18:00:00,03,20,2002,18,360.92
03.20.2002-21:00:00,03,20,2002,21,360.61
03.21.2002-00:00:00,03,21,2002,00,360.31
03.21.2002-03:00:00,03,21,2002,03,360.02
03.21.2002-06:00:00,03,21,2002,06,359.71
03.21.2002-09:00:00,03,21,2002,09,359.41
03.21.2002-12:00:00,03,21,2002,12,359.1
03.21.2002-15:00:00,03,21,2002,15,358.8
03.21.2002-18:00:00,03,21,2002,18,358.5
03.21.2002-21:00:00,03,21,2002,21,358.21
03.22.2002-00:00:00,03,22,2002,00,357.89
03.22.2002-03:00:00,03,22,2002,03,357.59
03.22.2002-06:00:00,03,22,2002,06,357.3
03.22.2002-09:00:00,03,22,2002,09,324.91
03.22.2002-12:00:00,03,22,2002,12,318.21
03.22.2002-15:00:00,03,22,2002,15,342.68
03.22.2002-18:00:00,03,22,2002,18,351.02
03.22.2002-21:00:00,03,22,2002,21,353.31
03.23.2002-00:00:00,03,23,2002,00,354.47
03.23.2002-03:00:00,03,23,2002,03,354.28
03.23.2002-06:00:00,03,23,2002,06,354
03.23.2002-09:00:00,03,23,2002,09,312.74
03.23.2002-12:00:00,03,23,2002,12,308.26
03.23.2002-15:00:00,03,23,2002,15,325.96
03.23.2002-18:00:00,03,23,2002,18,339.87
03.23.2002-21:00:00,03,23,2002,21,344.65
03.24.2002-00:00:00,03,24,2002,00,345.94
03.24.2002-03:00:00,03,24,2002,03,348.85
03.24.2002-06:00:00,03,24,2002,06,349.95
03.24.2002-09:00:00,03,24,2002,09,308.47
03.24.2002-12:00:00,03,24,2002,12,304.77
03.24.2002-15:00:00,03,24,2002,15,319.87
03.24.2002-18:00:00,03,24,2002,18,332.84
03.24.2002-21:00:00,03,24,2002,21,340.35
03.25.2002-00:00:00,03,25,2002,00,341.86
03.25.2002-03:00:00,03,25,2002,03,343.03
03.25.2002-06:00:00,03,25,2002,06,345.07
03.25.2002-09:00:00,03,25,2002,09,304.95
03.25.2002-12:00:00,03,25,2002,12,301.08
03.25.2002-15:00:00,03,25,2002,15,315.07
03.25.2002-18:00:00,03,25,2002,18,327.42
03.25.2002-21:00:00,03,25,2002,21,335.23
03.26.2002-00:00:00,03,26,2002,00,338.45
03.26.2002-03:00:00,03,26,2002,03,338.83
03.26.2002-06:00:00,03,26,2002,06,340.22
03.26.2002-09:00:00,03,26,2002,09,318.05
03.26.2002-12:00:00,03,26,2002,12,314.3
03.26.2002-15:00:00,03,26,2002,15,331.01
03.26.2002-18:00:00,03,26,2002,18,338.19
03.26.2002-21:00:00,03,26,2002,21,340.1
03.27.2002-00:00:00,03,27,2002,00,341.23
03.27.2002-03:00:00,03,27,2002,03,341.05
03.27.2002-06:00:00,03,27,2002,06,340.79
03.27.2002-09:00:00,03,27,2002,09,324.22
03.27.2002-12:00:00,03,27,2002,12,321.33
03.27.2002-15:00:00,03,27,2002,15,334.33
03.27.2002-18:00:00,03,27,2002,18,339.12
03.27.2002-21:00:00,03,27,2002,21,339.14
03.28.2002-00:00:00,03,28,2002,00,338.9
03.28.2002-03:00:00,03,28,2002,03,338.64
03.28.2002-06:00:00,03,28,2002,06,331.56
03.28.2002-09:00:00,03,28,2002,09,305.1
03.28.2002-12:00:00,03,28,2002,12,302.39
03.28.2002-15:00:00,03,28,2002,15,317.35
03.28.2002-18:00:00,03,28,2002,18,329.11
03.28.2002-21:00:00,03,28,2002,21,331.53
03.29.2002-00:00:00,03,29,2002,00,333.04
03.29.2002-03:00:00,03,29,2002,03,334.29
03.29.2002-06:00:00,03,29,2002,06,334.73
03.29.2002-09:00:00,03,29,2002,09,304.6
03.29.2002-12:00:00,03,29,2002,12,301.05
03.29.2002-15:00:00,03,29,2002,15,316.38
03.29.2002-18:00:00,03,29,2002,18,327.25
03.29.2002-21:00:00,03,29,2002,21,329.16
03.30.2002-00:00:00,03,30,2002,00,330.79
03.30.2002-03:00:00,03,30,2002,03,331.98
03.30.2002-06:00:00,03,30,2002,06,319.89
03.30.2002-09:00:00,03,30,2002,09,296.17
03.30.2002-12:00:00,03,30,2002,12,293.96
03.30.2002-15:00:00,03,30,2002,15,306.57
03.30.2002-18:00:00,03,30,2002,18,317.96
03.30.2002-21:00:00,03,30,2002,21,325.53
03.31.2002-00:00:00,03,31,2002,00,327
03.31.2002-03:00:00,03,31,2002,03,326.65
03.31.2002-06:00:00,03,31,2002,06,321.78
03.31.2002-09:00:00,03,31,2002,09,300.72
03.31.2002-12:00:00,03,31,2002,12,302.72
03.31.2002-15:00:00,03,31,2002,15,312.59
03.31.2002-18:00:00,03,31,2002,18,323.09
03.31.2002-21:00:00,03,31,2002,21,324.89
04.01.2002-00:00:00,04,01,2002,00,325.6
04.01.2002-03:00:00,04,01,2002,03,325.65
04.01.2002-06:00:00,04,01,2002,06,321.1
04.01.2002-09:00:00,04,01,2002,09,304.84
04.01.2002-12:00:00,04,01,2002,12,305.66
04.01.2002-15:00:00,04,01,2002,15,313.97
04.01.2002-18:00:00,04,01,2002,18,323.35
04.01.2002-21:00:00,04,01,2002,21,323.67
04.02.2002-00:00:00,04,02,2002,00,323.5
04.02.2002-03:00:00,04,02,2002,03,324.13
04.02.2002-06:00:00,04,02,2002,06,323.96
04.02.2002-09:00:00,04,02,2002,09,299.76
04.02.2002-12:00:00,04,02,2002,12,296.37
04.02.2002-15:00:00,04,02,2002,15,310.2
04.02.2002-18:00:00,04,02,2002,18,319.38
04.02.2002-21:00:00,04,02,2002,21,319.45
04.03.2002-00:00:00,04,03,2002,00,321.31
04.03.2002-03:00:00,04,03,2002,03,321.83
04.03.2002-06:00:00,04,03,2002,06,321.67
04.03.2002-09:00:00,04,03,2002,09,289.73
04.03.2002-12:00:00,04,03,2002,12,286.28
04.03.2002-15:00:00,04,03,2002,15,297.42
04.03.2002-18:00:00,04,03,2002,18,310.17
04.03.2002-21:00:00,04,03,2002,21,311.54
04.04.2002-00:00:00,04,04,2002,00,314.29
04.04.2002-03:00:00,04,04,2002,03,315.06
04.04.2002-06:00:00,04,04,2002,06,315.78
04.04.2002-09:00:00,04,04,2002,09,284.66
04.04.2002-12:00:00,04,04,2002,12,285.1
04.04.2002-15:00:00,04,04,2002,15,294.66
04.04.2002-18:00:00,04,04,2002,18,300.19
04.04.2002-21:00:00,04,04,2002,21,305.42
04.05.2002-00:00:00,04,05,2002,00,307.27
04.05.2002-03:00:00,04,05,2002,03,309.08
04.05.2002-06:00:00,04,05,2002,06,311.33
04.05.2002-09:00:00,04,05,2002,09,284.9
04.05.2002-12:00:00,04,05,2002,12,289.2
04.05.2002-15:00:00,04,05,2002,15,296.31
04.05.2002-18:00:00,04,05,2002,18,305.55
04.05.2002-21:00:00,04,05,2002,21,307.89
04.06.2002-00:00:00,04,06,2002,00,310.2
04.06.2002-03:00:00,04,06,2002,03,310.32
04.06.2002-06:00:00,04,06,2002,06,303.25
04.06.2002-09:00:00,04,06,2002,09,287.33
04.06.2002-12:00:00,04,06,2002,12,289.76
04.06.2002-15:00:00,04,06,2002,15,293.88
04.06.2002-18:00:00,04,06,2002,18,305.3
04.06.2002-21:00:00,04,06,2002,21,307.62
04.07.2002-00:00:00,04,07,2002,00,309.45
04.07.2002-03:00:00,04,07,2002,03,309.23
04.07.2002-06:00:00,04,07,2002,06,302.13
04.07.2002-09:00:00,04,07,2002,09,287.69
04.07.2002-12:00:00,04,07,2002,12,289.46
04.07.2002-15:00:00,04,07,2002,15,295.07
04.07.2002-18:00:00,04,07,2002,18,305.06
04.07.2002-21:00:00,04,07,2002,21,307.48
04.08.2002-00:00:00,04,08,2002,00,307.24
04.08.2002-03:00:00,04,08,2002,03,307.11
04.08.2002-06:00:00,04,08,2002,06,306.97
04.08.2002-09:00:00,04,08,2002,09,279.81
04.08.2002-12:00:00,04,08,2002,12,282.68
04.08.2002-15:00:00,04,08,2002,15,289.24
04.08.2002-18:00:00,04,08,2002,18,296.41
04.08.2002-21:00:00,04,08,2002,21,300.68
04.09.2002-00:00:00,04,09,2002,00,302.33
04.09.2002-03:00:00,04,09,2002,03,304.12
04.09.2002-06:00:00,04,09,2002,06,301.69
04.09.2002-09:00:00,04,09,2002,09,289.73
04.09.2002-12:00:00,04,09,2002,12,289.77
04.09.2002-15:00:00,04,09,2002,15,298.27
04.09.2002-18:00:00,04,09,2002,18,306.64
04.09.2002-21:00:00,04,09,2002,21,306.59
04.10.2002-00:00:00,04,10,2002,00,304.83
04.10.2002-03:00:00,04,10,2002,03,305.23
04.10.2002-06:00:00,04,10,2002,06,296.63
04.10.2002-09:00:00,04,10,2002,09,274.13
04.10.2002-12:00:00,04,10,2002,12,273.43
04.10.2002-15:00:00,04,10,2002,15,284.28
04.10.2002-18:00:00,04,10,2002,18,289.91
04.10.2002-21:00:00,04,10,2002,21,293.38
04.11.2002-00:00:00,04,11,2002,00,296.82
04.11.2002-03:00:00,04,11,2002,03,299.54
04.11.2002-06:00:00,04,11,2002,06,289.29
04.11.2002-09:00:00,04,11,2002,09,279.2
04.11.2002-12:00:00,04,11,2002,12,279.79
04.11.2002-15:00:00,04,11,2002,15,285.05
04.11.2002-18:00:00,04,11,2002,18,292.9
04.11.2002-21:00:00,04,11,2002,21,295.59
04.12.2002-00:00:00,04,12,2002,00,299.17
04.12.2002-03:00:00,04,12,2002,03,298.86
04.12.2002-06:00:00,04,12,2002,06,287.6
04.12.2002-09:00:00,04,12,2002,09,278
04.12.2002-12:00:00,04,12,2002,12,280.05
04.12.2002-15:00:00,04,12,2002,15,283.85
04.12.2002-18:00:00,04,12,2002,18,290.97
04.12.2002-21:00:00,04,12,2002,21,293.29
04.13.2002-00:00:00,04,13,2002,00,298.22
04.13.2002-03:00:00,04,13,2002,03,299.78
04.13.2002-06:00:00,04,13,2002,06,291.26
04.13.2002-09:00:00,04,13,2002,09,279.63
04.13.2002-12:00:00,04,13,2002,12,295.84
04.13.2002-15:00:00,04,13,2002,15,327.9
04.13.2002-18:00:00,04,13,2002,18,320.73
04.13.2002-21:00:00,04,13,2002,21,324.65
04.14.2002-00:00:00,04,14,2002,00,303.08
04.14.2002-03:00:00,04,14,2002,03,300.99
04.14.2002-06:00:00,04,14,2002,06,294.1
04.14.2002-09:00:00,04,14,2002,09,316.91
04.14.2002-12:00:00,04,14,2002,12,341.14
04.14.2002-15:00:00,04,14,2002,15,336.49
04.14.2002-18:00:00,04,14,2002,18,348.02
04.14.2002-21:00:00,04,14,2002,21,325.84
04.15.2002-00:00:00,04,15,2002,00,299.96
04.15.2002-03:00:00,04,15,2002,03,301.89
04.15.2002-06:00:00,04,15,2002,06,304.07
04.15.2002-09:00:00,04,15,2002,09,287.27
04.15.2002-12:00:00,04,15,2002,12,287.24
04.15.2002-15:00:00,04,15,2002,15,299.58
04.15.2002-18:00:00,04,15,2002,18,306.11
04.15.2002-21:00:00,04,15,2002,21,305.95
04.16.2002-00:00:00,04,16,2002,00,303.47
04.16.2002-03:00:00,04,16,2002,03,303.34
04.16.2002-06:00:00,04,16,2002,06,299.46
04.16.2002-09:00:00,04,16,2002,09,282.02
04.16.2002-12:00:00,04,16,2002,12,282.61
04.16.2002-15:00:00,04,16,2002,15,295
04.16.2002-18:00:00,04,16,2002,18,304.42
04.16.2002-21:00:00,04,16,2002,21,303.06
04.17.2002-00:00:00,04,17,2002,00,303.17
04.17.2002-03:00:00,04,17,2002,03,303.07
04.17.2002-06:00:00,04,17,2002,06,295.55
04.17.2002-09:00:00,04,17,2002,09,271.95
04.17.2002-12:00:00,04,17,2002,12,271.89
04.17.2002-15:00:00,04,17,2002,15,284.2
04.17.2002-18:00:00,04,17,2002,18,295.46
04.17.2002-21:00:00,04,17,2002,21,295.13
04.18.2002-00:00:00,04,18,2002,00,298.68
04.18.2002-03:00:00,04,18,2002,03,300.17
04.18.2002-06:00:00,04,18,2002,06,296.72
04.18.2002-09:00:00,04,18,2002,09,268.37
04.18.2002-12:00:00,04,18,2002,12,265.93
04.18.2002-15:00:00,04,18,2002,15,276.21
04.18.2002-18:00:00,04,18,2002,18,287.77
04.18.2002-21:00:00,04,18,2002,21,287.8
04.19.2002-00:00:00,04,19,2002,00,291.43
04.19.2002-03:00:00,04,19,2002,03,293.46
04.19.2002-06:00:00,04,19,2002,06,284.17
04.19.2002-09:00:00,04,19,2002,09,265.74
04.19.2002-12:00:00,04,19,2002,12,280.72
04.19.2002-15:00:00,04,19,2002,15,306.85
04.19.2002-18:00:00,04,19,2002,18,303.61
04.19.2002-21:00:00,04,19,2002,21,297.59
04.20.2002-00:00:00,04,20,2002,00,296
04.20.2002-03:00:00,04,20,2002,03,295.29
04.20.2002-06:00:00,04,20,2002,06,279.34
04.20.2002-09:00:00,04,20,2002,09,293.55
04.20.2002-12:00:00,04,20,2002,12,378.32
04.20.2002-15:00:00,04,20,2002,15,343.2
04.20.2002-18:00:00,04,20,2002,18,347.39
04.20.2002-21:00:00,04,20,2002,21,319.69
04.21.2002-00:00:00,04,21,2002,00,342.66
04.21.2002-03:00:00,04,21,2002,03,325.1
04.21.2002-06:00:00,04,21,2002,06,334.06
04.21.2002-09:00:00,04,21,2002,09,374.99
04.21.2002-12:00:00,04,21,2002,12,443.79
04.21.2002-15:00:00,04,21,2002,15,409.19
04.21.2002-18:00:00,04,21,2002,18,399.29
04.21.2002-21:00:00,04,21,2002,21,362.18
04.22.2002-00:00:00,04,22,2002,00,340.98
04.22.2002-03:00:00,04,22,2002,03,313.82
04.22.2002-06:00:00,04,22,2002,06,319.85
04.22.2002-09:00:00,04,22,2002,09,402.82
04.22.2002-12:00:00,04,22,2002,12,498.41
04.22.2002-15:00:00,04,22,2002,15,386.47
04.22.2002-18:00:00,04,22,2002,18,372.36
04.22.2002-21:00:00,04,22,2002,21,332.11
04.23.2002-00:00:00,04,23,2002,00,310.38
04.23.2002-03:00:00,04,23,2002,03,310.25
04.23.2002-06:00:00,04,23,2002,06,310.72
04.23.2002-09:00:00,04,23,2002,09,282.92
04.23.2002-12:00:00,04,23,2002,12,283.29
04.23.2002-15:00:00,04,23,2002,15,297.97
04.23.2002-18:00:00,04,23,2002,18,302.95
04.23.2002-21:00:00,04,23,2002,21,308.46
04.24.2002-00:00:00,04,24,2002,00,310.92
04.24.2002-03:00:00,04,24,2002,03,311.52
04.24.2002-06:00:00,04,24,2002,06,311.43
04.24.2002-09:00:00,04,24,2002,09,274.36
04.24.2002-12:00:00,04,24,2002,12,270.93
04.24.2002-15:00:00,04,24,2002,15,283.45
04.24.2002-18:00:00,04,24,2002,18,295.68
04.24.2002-21:00:00,04,24,2002,21,299.77
04.25.2002-00:00:00,04,25,2002,00,303.7
04.25.2002-03:00:00,04,25,2002,03,305.16
04.25.2002-06:00:00,04,25,2002,06,290.65
04.25.2002-09:00:00,04,25,2002,09,274.23
04.25.2002-12:00:00,04,25,2002,12,278.41
04.25.2002-15:00:00,04,25,2002,15,288.41
04.25.2002-18:00:00,04,25,2002,18,309.38
04.25.2002-21:00:00,04,25,2002,21,302.46
04.26.2002-00:00:00,04,26,2002,00,299.64
04.26.2002-03:00:00,04,26,2002,03,303.16
04.26.2002-06:00:00,04,26,2002,06,291.14
04.26.2002-09:00:00,04,26,2002,09,270.3
04.26.2002-12:00:00,04,26,2002,12,292.07
04.26.2002-15:00:00,04,26,2002,15,324.58
04.26.2002-18:00:00,04,26,2002,18,311.65
04.26.2002-21:00:00,04,26,2002,21,315.97
04.27.2002-00:00:00,04,27,2002,00,306.32
04.27.2002-03:00:00,04,27,2002,03,308.88
04.27.2002-06:00:00,04,27,2002,06,290.87
04.27.2002-09:00:00,04,27,2002,09,332.73
04.27.2002-12:00:00,04,27,2002,12,460.88
04.27.2002-15:00:00,04,27,2002,15,409.25
04.27.2002-18:00:00,04,27,2002,18,366.52
04.27.2002-21:00:00,04,27,2002,21,339.75
04.28.2002-00:00:00,04,28,2002,00,317.39
04.28.2002-03:00:00,04,28,2002,03,311.45
04.28.2002-06:00:00,04,28,2002,06,292.85
04.28.2002-09:00:00,04,28,2002,09,327.68
04.28.2002-12:00:00,04,28,2002,12,579.11
04.28.2002-15:00:00,04,28,2002,15,466.33
04.28.2002-18:00:00,04,28,2002,18,406.55
04.28.2002-21:00:00,04,28,2002,21,342.62
04.29.2002-00:00:00,04,29,2002,00,334.78
04.29.2002-03:00:00,04,29,2002,03,321.89
04.29.2002-06:00:00,04,29,2002,06,299.2
04.29.2002-09:00:00,04,29,2002,09,398.85
04.29.2002-12:00:00,04,29,2002,12,737.16
04.29.2002-15:00:00,04,29,2002,15,594.8
04.29.2002-18:00:00,04,29,2002,18,511.79
04.29.2002-21:00:00,04,29,2002,21,402.18
04.30.2002-00:00:00,04,30,2002,00,397.87
04.30.2002-03:00:00,04,30,2002,03,374.25
04.30.2002-06:00:00,04,30,2002,06,437.63
04.30.2002-09:00:00,04,30,2002,09,830.54
04.30.2002-12:00:00,04,30,2002,12,1227.8
04.30.2002-15:00:00,04,30,2002,15,982.57
04.30.2002-18:00:00,04,30,2002,18,703.49
04.30.2002-21:00:00,04,30,2002,21,520.36
05.01.2002-00:00:00,05,01,2002,00,448.01
05.01.2002-03:00:00,05,01,2002,03,400.13
05.01.2002-06:00:00,05,01,2002,06,378.87
05.01.2002-09:00:00,05,01,2002,09,1056.2
05.01.2002-12:00:00,05,01,2002,12,1762.9
05.01.2002-15:00:00,05,01,2002,15,1254
05.01.2002-18:00:00,05,01,2002,18,732.27
05.01.2002-21:00:00,05,01,2002,21,542.76
05.02.2002-00:00:00,05,02,2002,00,519.88
05.02.2002-03:00:00,05,02,2002,03,481.19
05.02.2002-06:00:00,05,02,2002,06,553.6
05.02.2002-09:00:00,05,02,2002,09,1598.1
05.02.2002-12:00:00,05,02,2002,12,2058
05.02.2002-15:00:00,05,02,2002,15,1502.1
05.02.2002-18:00:00,05,02,2002,18,871.44
05.02.2002-21:00:00,05,02,2002,21,652.75
05.03.2002-00:00:00,05,03,2002,00,574.78
05.03.2002-03:00:00,05,03,2002,03,530.26
05.03.2002-06:00:00,05,03,2002,06,503.93
05.03.2002-09:00:00,05,03,2002,09,643.73
05.03.2002-12:00:00,05,03,2002,12,1508.8
05.03.2002-15:00:00,05,03,2002,15,1073.4
05.03.2002-18:00:00,05,03,2002,18,693.26
05.03.2002-21:00:00,05,03,2002,21,563.11
05.04.2002-00:00:00,05,04,2002,00,548.62
05.04.2002-03:00:00,05,04,2002,03,547.3
05.04.2002-06:00:00,05,04,2002,06,545.15
05.04.2002-09:00:00,05,04,2002,09,487.23
05.04.2002-12:00:00,05,04,2002,12,527.63
05.04.2002-15:00:00,05,04,2002,15,590.59
05.04.2002-18:00:00,05,04,2002,18,558.13
05.04.2002-21:00:00,05,04,2002,21,546.68
05.05.2002-00:00:00,05,05,2002,00,540.62
05.05.2002-03:00:00,05,05,2002,03,538.83
05.05.2002-06:00:00,05,05,2002,06,515.77
05.05.2002-09:00:00,05,05,2002,09,487.2
05.05.2002-12:00:00,05,05,2002,12,748.56
05.05.2002-15:00:00,05,05,2002,15,803.28
05.05.2002-18:00:00,05,05,2002,18,628.34
05.05.2002-21:00:00,05,05,2002,21,556.7
05.06.2002-00:00:00,05,06,2002,00,545.53
05.06.2002-03:00:00,05,06,2002,03,544.43
05.06.2002-06:00:00,05,06,2002,06,543.67
05.06.2002-09:00:00,05,06,2002,09,492.77
05.06.2002-12:00:00,05,06,2002,12,498.77
05.06.2002-15:00:00,05,06,2002,15,534.02
05.06.2002-18:00:00,05,06,2002,18,541.13
05.06.2002-21:00:00,05,06,2002,21,536.51
05.07.2002-00:00:00,05,07,2002,00,535.22
05.07.2002-03:00:00,05,07,2002,03,534.01
05.07.2002-06:00:00,05,07,2002,06,517.51
05.07.2002-09:00:00,05,07,2002,09,471.6
05.07.2002-12:00:00,05,07,2002,12,572.51
05.07.2002-15:00:00,05,07,2002,15,630.41
05.07.2002-18:00:00,05,07,2002,18,587.99
05.07.2002-21:00:00,05,07,2002,21,540.45
05.08.2002-00:00:00,05,08,2002,00,533.88
05.08.2002-03:00:00,05,08,2002,03,533.02
05.08.2002-06:00:00,05,08,2002,06,531.92
05.08.2002-09:00:00,05,08,2002,09,466.37
05.08.2002-12:00:00,05,08,2002,12,677.03
05.08.2002-15:00:00,05,08,2002,15,745.85
05.08.2002-18:00:00,05,08,2002,18,603.59
05.08.2002-21:00:00,05,08,2002,21,542.99
05.09.2002-00:00:00,05,09,2002,00,535.47
05.09.2002-03:00:00,05,09,2002,03,536.1
05.09.2002-06:00:00,05,09,2002,06,518.27
05.09.2002-09:00:00,05,09,2002,09,448.93
05.09.2002-12:00:00,05,09,2002,12,461.45
05.09.2002-15:00:00,05,09,2002,15,498.09
05.09.2002-18:00:00,05,09,2002,18,526.46
05.09.2002-21:00:00,05,09,2002,21,525.92
05.10.2002-00:00:00,05,10,2002,00,528.52
05.10.2002-03:00:00,05,10,2002,03,529.25
05.10.2002-06:00:00,05,10,2002,06,494.57
05.10.2002-09:00:00,05,10,2002,09,433.34
05.10.2002-12:00:00,05,10,2002,12,460.51
05.10.2002-15:00:00,05,10,2002,15,581.07
05.10.2002-18:00:00,05,10,2002,18,563.35
05.10.2002-21:00:00,05,10,2002,21,528.87
05.11.2002-00:00:00,05,11,2002,00,531.53
05.11.2002-03:00:00,05,11,2002,03,525.57
05.11.2002-06:00:00,05,11,2002,06,481.46
05.11.2002-09:00:00,05,11,2002,09,876.51
05.11.2002-12:00:00,05,11,2002,12,1594.2
05.11.2002-15:00:00,05,11,2002,15,1565
05.11.2002-18:00:00,05,11,2002,18,873.36
05.11.2002-21:00:00,05,11,2002,21,671.49
05.12.2002-00:00:00,05,12,2002,00,617.42
05.12.2002-03:00:00,05,12,2002,03,606.07
05.12.2002-06:00:00,05,12,2002,06,552.66
05.12.2002-09:00:00,05,12,2002,09,1526
05.12.2002-12:00:00,05,12,2002,12,2592.3
05.12.2002-15:00:00,05,12,2002,15,1898
05.12.2002-18:00:00,05,12,2002,18,1015.1
05.12.2002-21:00:00,05,12,2002,21,792.73
05.13.2002-00:00:00,05,13,2002,00,727.46
05.13.2002-03:00:00,05,13,2002,03,701.6
05.13.2002-06:00:00,05,13,2002,06,666.55
05.13.2002-09:00:00,05,13,2002,09,2132.1
05.13.2002-12:00:00,05,13,2002,12,3242.4
05.13.2002-15:00:00,05,13,2002,15,2249.3
05.13.2002-18:00:00,05,13,2002,18,1253.6
05.13.2002-21:00:00,05,13,2002,21,977.74
05.14.2002-00:00:00,05,14,2002,00,926.17
05.14.2002-03:00:00,05,14,2002,03,867.66
05.14.2002-06:00:00,05,14,2002,06,811.05
05.14.2002-09:00:00,05,14,2002,09,1583
05.14.2002-12:00:00,05,14,2002,12,2478.8
05.14.2002-15:00:00,05,14,2002,15,1863.3
05.14.2002-18:00:00,05,14,2002,18,1157.7
05.14.2002-21:00:00,05,14,2002,21,977.12
05.15.2002-00:00:00,05,15,2002,00,926.78
05.15.2002-03:00:00,05,15,2002,03,902.31
05.15.2002-06:00:00,05,15,2002,06,828.59
05.15.2002-09:00:00,05,15,2002,09,1186.1
05.15.2002-12:00:00,05,15,2002,12,2613.8
05.15.2002-15:00:00,05,15,2002,15,2074.9
05.15.2002-18:00:00,05,15,2002,18,1251.3
05.15.2002-21:00:00,05,15,2002,21,1009.5
05.16.2002-00:00:00,05,16,2002,00,974.85
05.16.2002-03:00:00,05,16,2002,03,958.62
05.16.2002-06:00:00,05,16,2002,06,875.41
05.16.2002-09:00:00,05,16,2002,09,1153
05.16.2002-12:00:00,05,16,2002,12,2920.7
05.16.2002-15:00:00,05,16,2002,15,2297.7
05.16.2002-18:00:00,05,16,2002,18,1393.3
05.16.2002-21:00:00,05,16,2002,21,1105.7
05.17.2002-00:00:00,05,17,2002,00,1100.1
05.17.2002-03:00:00,05,17,2002,03,1070.3
05.17.2002-06:00:00,05,17,2002,06,1198.8
05.17.2002-09:00:00,05,17,2002,09,2908
05.17.2002-12:00:00,05,17,2002,12,3599.6
05.17.2002-15:00:00,05,17,2002,15,2837.9
05.17.2002-18:00:00,05,17,2002,18,1873.5
05.17.2002-21:00:00,05,17,2002,21,1477.7
05.18.2002-00:00:00,05,18,2002,00,1338.7
05.18.2002-03:00:00,05,18,2002,03,1260.9
05.18.2002-06:00:00,05,18,2002,06,1266.5
05.18.2002-09:00:00,05,18,2002,09,3048.6
05.18.2002-12:00:00,05,18,2002,12,4144.6
05.18.2002-15:00:00,05,18,2002,15,3270.9
05.18.2002-18:00:00,05,18,2002,18,2123.3
05.18.2002-21:00:00,05,18,2002,21,1727.3
05.19.2002-00:00:00,05,19,2002,00,1666.8
05.19.2002-03:00:00,05,19,2002,03,1606.3
05.19.2002-06:00:00,05,19,2002,06,1831.8
05.19.2002-09:00:00,05,19,2002,09,3930.2
05.19.2002-12:00:00,05,19,2002,12,5059.3
05.19.2002-15:00:00,05,19,2002,15,4515
05.19.2002-18:00:00,05,19,2002,18,3349
05.19.2002-21:00:00,05,19,2002,21,2958.9
05.20.2002-00:00:00,05,20,2002,00,3530.5
05.20.2002-03:00:00,05,20,2002,03,3885.1
05.20.2002-06:00:00,05,20,2002,06,5129.9
05.20.2002-09:00:00,05,20,2002,09,7151.2
05.20.2002-12:00:00,05,20,2002,12,8472
05.20.2002-15:00:00,05,20,2002,15,8199.9
05.20.2002-18:00:00,05,20,2002,18,7399.7
05.20.2002-21:00:00,05,20,2002,21,6867.1
05.21.2002-00:00:00,05,21,2002,00,6644.6
05.21.2002-03:00:00,05,21,2002,03,6417.9
05.21.2002-06:00:00,05,21,2002,06,6779.7
05.21.2002-09:00:00,05,21,2002,09,7395.1
05.21.2002-12:00:00,05,21,2002,12,7811.9
05.21.2002-15:00:00,05,21,2002,15,7635.4
05.21.2002-18:00:00,05,21,2002,18,7206.4
05.21.2002-21:00:00,05,21,2002,21,6961.3
05.22.2002-00:00:00,05,22,2002,00,6498.5
05.22.2002-03:00:00,05,22,2002,03,6087.3
05.22.2002-06:00:00,05,22,2002,06,6113.8
05.22.2002-09:00:00,05,22,2002,09,6318.7
05.22.2002-12:00:00,05,22,2002,12,6594.7
05.22.2002-15:00:00,05,22,2002,15,6469.4
05.22.2002-18:00:00,05,22,2002,18,6213.3
05.22.2002-21:00:00,05,22,2002,21,6026
05.23.2002-00:00:00,05,23,2002,00,5486
05.23.2002-03:00:00,05,23,2002,03,4962.9
05.23.2002-06:00:00,05,23,2002,06,5377.2
05.23.2002-09:00:00,05,23,2002,09,8058.1
05.23.2002-12:00:00,05,23,2002,12,9646.4
05.23.2002-15:00:00,05,23,2002,15,9183.1
05.23.2002-18:00:00,05,23,2002,18,7763.3
05.23.2002-21:00:00,05,23,2002,21,6895.5
05.24.2002-00:00:00,05,24,2002,00,6507.3
05.24.2002-03:00:00,05,24,2002,03,6179
05.24.2002-06:00:00,05,24,2002,06,5359.6
05.24.2002-09:00:00,05,24,2002,09,6546.5
05.24.2002-12:00:00,05,24,2002,12,9306
05.24.2002-15:00:00,05,24,2002,15,9262.7
05.24.2002-18:00:00,05,24,2002,18,7832.2
05.24.2002-21:00:00,05,24,2002,21,6967.5
05.25.2002-00:00:00,05,25,2002,00,6676
05.25.2002-03:00:00,05,25,2002,03,6293.5
05.25.2002-06:00:00,05,25,2002,06,6206.6
05.25.2002-09:00:00,05,25,2002,09,9060.1
05.25.2002-12:00:00,05,25,2002,12,11308
05.25.2002-15:00:00,05,25,2002,15,11277
05.25.2002-18:00:00,05,25,2002,18,9699.7
05.25.2002-21:00:00,05,25,2002,21,8605.1
05.26.2002-00:00:00,05,26,2002,00,7993.8
05.26.2002-03:00:00,05,26,2002,03,7390.3
05.26.2002-06:00:00,05,26,2002,06,6924.8
05.26.2002-09:00:00,05,26,2002,09,10164
05.26.2002-12:00:00,05,26,2002,12,12984
05.26.2002-15:00:00,05,26,2002,15,12666
05.26.2002-18:00:00,05,26,2002,18,10653
05.26.2002-21:00:00,05,26,2002,21,9298
05.27.2002-00:00:00,05,27,2002,00,8814.5
05.27.2002-03:00:00,05,27,2002,03,8129.7
05.27.2002-06:00:00,05,27,2002,06,7830.6
05.27.2002-09:00:00,05,27,2002,09,11550
05.27.2002-12:00:00,05,27,2002,12,14550
05.27.2002-15:00:00,05,27,2002,15,14453
05.27.2002-18:00:00,05,27,2002,18,12308
05.27.2002-21:00:00,05,27,2002,21,11118
05.28.2002-00:00:00,05,28,2002,00,10438
05.28.2002-03:00:00,05,28,2002,03,10206
05.28.2002-06:00:00,05,28,2002,06,11813
05.28.2002-09:00:00,05,28,2002,09,14922
05.28.2002-12:00:00,05,28,2002,12,17406
05.28.2002-15:00:00,05,28,2002,15,17482
05.28.2002-18:00:00,05,28,2002,18,16221
05.28.2002-21:00:00,05,28,2002,21,15086
05.29.2002-00:00:00,05,29,2002,00,13966
05.29.2002-03:00:00,05,29,2002,03,12992
05.29.2002-06:00:00,05,29,2002,06,13624
05.29.2002-09:00:00,05,29,2002,09,16765
05.29.2002-12:00:00,05,29,2002,12,19318
05.29.2002-15:00:00,05,29,2002,15,19385
05.29.2002-18:00:00,05,29,2002,18,17690
05.29.2002-21:00:00,05,29,2002,21,16383
05.30.2002-00:00:00,05,30,2002,00,15246
05.30.2002-03:00:00,05,30,2002,03,14149
05.30.2002-06:00:00,05,30,2002,06,14135
05.30.2002-09:00:00,05,30,2002,09,17530
05.30.2002-12:00:00,05,30,2002,12,20974
05.30.2002-15:00:00,05,30,2002,15,21291
05.30.2002-18:00:00,05,30,2002,18,19260
05.30.2002-21:00:00,05,30,2002,21,18043
05.31.2002-00:00:00,05,31,2002,00,16597
05.31.2002-03:00:00,05,31,2002,03,15920
05.31.2002-06:00:00,05,31,2002,06,15374
05.31.2002-09:00:00,05,31,2002,09,18351
05.31.2002-12:00:00,05,31,2002,12,20850
05.31.2002-15:00:00,05,31,2002,15,21819
05.31.2002-18:00:00,05,31,2002,18,20461
05.31.2002-21:00:00,05,31,2002,21,19147
06.01.2002-00:00:00,06,01,2002,00,17807
06.01.2002-03:00:00,06,01,2002,03,16433
06.01.2002-06:00:00,06,01,2002,06,16312
06.01.2002-09:00:00,06,01,2002,09,19908
06.01.2002-12:00:00,06,01,2002,12,23345
06.01.2002-15:00:00,06,01,2002,15,24028
06.01.2002-18:00:00,06,01,2002,18,22593
06.01.2002-21:00:00,06,01,2002,21,20945
06.02.2002-00:00:00,06,02,2002,00,19671
06.02.2002-03:00:00,06,02,2002,03,18420
06.02.2002-06:00:00,06,02,2002,06,18860
06.02.2002-09:00:00,06,02,2002,09,21978
06.02.2002-12:00:00,06,02,2002,12,25011
06.02.2002-15:00:00,06,02,2002,15,25793
06.02.2002-18:00:00,06,02,2002,18,24329
06.02.2002-21:00:00,06,02,2002,21,23195
06.03.2002-00:00:00,06,03,2002,00,21569
06.03.2002-03:00:00,06,03,2002,03,20884
06.03.2002-06:00:00,06,03,2002,06,19893
06.03.2002-09:00:00,06,03,2002,09,22568
06.03.2002-12:00:00,06,03,2002,12,25024
06.03.2002-15:00:00,06,03,2002,15,25869
06.03.2002-18:00:00,06,03,2002,18,24278
06.03.2002-21:00:00,06,03,2002,21,23102
06.04.2002-00:00:00,06,04,2002,00,21646
06.04.2002-03:00:00,06,04,2002,03,20980
06.04.2002-06:00:00,06,04,2002,06,21624
06.04.2002-09:00:00,06,04,2002,09,23928
06.04.2002-12:00:00,06,04,2002,12,26370
06.04.2002-15:00:00,06,04,2002,15,27281
06.04.2002-18:00:00,06,04,2002,18,26929
06.04.2002-21:00:00,06,04,2002,21,25814
06.05.2002-00:00:00,06,05,2002,00,24378
06.05.2002-03:00:00,06,05,2002,03,23328
06.05.2002-06:00:00,06,05,2002,06,23645
06.05.2002-09:00:00,06,05,2002,09,25909
06.05.2002-12:00:00,06,05,2002,12,28165
06.05.2002-15:00:00,06,05,2002,15,28853
06.05.2002-18:00:00,06,05,2002,18,27809
06.05.2002-21:00:00,06,05,2002,21,26502
06.06.2002-00:00:00,06,06,2002,00,24874
06.06.2002-03:00:00,06,06,2002,03,23706
06.06.2002-06:00:00,06,06,2002,06,23179
06.06.2002-09:00:00,06,06,2002,09,23900
06.06.2002-12:00:00,06,06,2002,12,24521
06.06.2002-15:00:00,06,06,2002,15,24330
06.06.2002-18:00:00,06,06,2002,18,23129
06.06.2002-21:00:00,06,06,2002,21,21629
06.07.2002-00:00:00,06,07,2002,00,20015
06.07.2002-03:00:00,06,07,2002,03,18884
06.07.2002-06:00:00,06,07,2002,06,17492
06.07.2002-09:00:00,06,07,2002,09,17424
06.07.2002-12:00:00,06,07,2002,12,18193
06.07.2002-15:00:00,06,07,2002,15,18317
06.07.2002-18:00:00,06,07,2002,18,17760
06.07.2002-21:00:00,06,07,2002,21,16739
06.08.2002-00:00:00,06,08,2002,00,15746
06.08.2002-03:00:00,06,08,2002,03,15249
06.08.2002-06:00:00,06,08,2002,06,14367
06.08.2002-09:00:00,06,08,2002,09,13584
06.08.2002-12:00:00,06,08,2002,12,12916
06.08.2002-15:00:00,06,08,2002,15,13206
06.08.2002-18:00:00,06,08,2002,18,12886
06.08.2002-21:00:00,06,08,2002,21,12760
06.09.2002-00:00:00,06,09,2002,00,12166
06.09.2002-03:00:00,06,09,2002,03,11959
06.09.2002-06:00:00,06,09,2002,06,11539
06.09.2002-09:00:00,06,09,2002,09,14156
06.09.2002-12:00:00,06,09,2002,12,16739
06.09.2002-15:00:00,06,09,2002,15,18319
06.09.2002-18:00:00,06,09,2002,18,17879
06.09.2002-21:00:00,06,09,2002,21,16780
06.10.2002-00:00:00,06,10,2002,00,15593
06.10.2002-03:00:00,06,10,2002,03,14564
06.10.2002-06:00:00,06,10,2002,06,14513
06.10.2002-09:00:00,06,10,2002,09,16719
06.10.2002-12:00:00,06,10,2002,12,19319
06.10.2002-15:00:00,06,10,2002,15,20691
06.10.2002-18:00:00,06,10,2002,18,20251
06.10.2002-21:00:00,06,10,2002,21,19074
06.11.2002-00:00:00,06,11,2002,00,17883
06.11.2002-03:00:00,06,11,2002,03,17022
06.11.2002-06:00:00,06,11,2002,06,16644
06.11.2002-09:00:00,06,11,2002,09,18562
06.11.2002-12:00:00,06,11,2002,12,20742
06.11.2002-15:00:00,06,11,2002,15,21855
06.11.2002-18:00:00,06,11,2002,18,20915
06.11.2002-21:00:00,06,11,2002,21,19769
06.12.2002-00:00:00,06,12,2002,00,18844
06.12.2002-03:00:00,06,12,2002,03,17340
06.12.2002-06:00:00,06,12,2002,06,17104
06.12.2002-09:00:00,06,12,2002,09,18470
06.12.2002-12:00:00,06,12,2002,12,20174
06.12.2002-15:00:00,06,12,2002,15,20678
06.12.2002-18:00:00,06,12,2002,18,19991
06.12.2002-21:00:00,06,12,2002,21,19120
06.13.2002-00:00:00,06,13,2002,00,18154
06.13.2002-03:00:00,06,13,2002,03,17019
06.13.2002-06:00:00,06,13,2002,06,16794
06.13.2002-09:00:00,06,13,2002,09,18118
06.13.2002-12:00:00,06,13,2002,12,19534
06.13.2002-15:00:00,06,13,2002,15,19931
06.13.2002-18:00:00,06,13,2002,18,19583
06.13.2002-21:00:00,06,13,2002,21,18838
06.14.2002-00:00:00,06,14,2002,00,17736
06.14.2002-03:00:00,06,14,2002,03,16849
06.14.2002-06:00:00,06,14,2002,06,16375
06.14.2002-09:00:00,06,14,2002,09,17034
06.14.2002-12:00:00,06,14,2002,12,18135
06.14.2002-15:00:00,06,14,2002,15,18861
06.14.2002-18:00:00,06,14,2002,18,19136
06.14.2002-21:00:00,06,14,2002,21,19264
06.15.2002-00:00:00,06,15,2002,00,18451
06.15.2002-03:00:00,06,15,2002,03,17653
06.15.2002-06:00:00,06,15,2002,06,16872
06.15.2002-09:00:00,06,15,2002,09,16797
06.15.2002-12:00:00,06,15,2002,12,17145
06.15.2002-15:00:00,06,15,2002,15,17564
06.15.2002-18:00:00,06,15,2002,18,18435
06.15.2002-21:00:00,06,15,2002,21,18930
06.16.2002-00:00:00,06,16,2002,00,18597
06.16.2002-03:00:00,06,16,2002,03,17984
06.16.2002-06:00:00,06,16,2002,06,16760
06.16.2002-09:00:00,06,16,2002,09,15749
06.16.2002-12:00:00,06,16,2002,12,15531
06.16.2002-15:00:00,06,16,2002,15,15915
06.16.2002-18:00:00,06,16,2002,18,16367
06.16.2002-21:00:00,06,16,2002,21,17186
06.17.2002-00:00:00,06,17,2002,00,16821
06.17.2002-03:00:00,06,17,2002,03,16710
06.17.2002-06:00:00,06,17,2002,06,15782
06.17.2002-09:00:00,06,17,2002,09,15372
06.17.2002-12:00:00,06,17,2002,12,14728
06.17.2002-15:00:00,06,17,2002,15,14556
06.17.2002-18:00:00,06,17,2002,18,14615
06.17.2002-21:00:00,06,17,2002,21,14959
06.18.2002-00:00:00,06,18,2002,00,14869
06.18.2002-03:00:00,06,18,2002,03,14713
06.18.2002-06:00:00,06,18,2002,06,13791
06.18.2002-09:00:00,06,18,2002,09,13185
06.18.2002-12:00:00,06,18,2002,12,12466
06.18.2002-15:00:00,06,18,2002,15,12402
06.18.2002-18:00:00,06,18,2002,18,12357
06.18.2002-21:00:00,06,18,2002,21,12835
06.19.2002-00:00:00,06,19,2002,00,12722
06.19.2002-03:00:00,06,19,2002,03,12650
06.19.2002-06:00:00,06,19,2002,06,11721
06.19.2002-09:00:00,06,19,2002,09,10780
06.19.2002-12:00:00,06,19,2002,12,9848.4
06.19.2002-15:00:00,06,19,2002,15,9756.3
06.19.2002-18:00:00,06,19,2002,18,10159
06.19.2002-21:00:00,06,19,2002,21,10680
06.20.2002-00:00:00,06,20,2002,00,11058
06.20.2002-03:00:00,06,20,2002,03,11090
06.20.2002-06:00:00,06,20,2002,06,10418
06.20.2002-09:00:00,06,20,2002,09,9580.8
06.20.2002-12:00:00,06,20,2002,12,8870.8
06.20.2002-15:00:00,06,20,2002,15,8823.3
06.20.2002-18:00:00,06,20,2002,18,9114.7
06.20.2002-21:00:00,06,20,2002,21,9712
06.21.2002-00:00:00,06,21,2002,00,9818.5
06.21.2002-03:00:00,06,21,2002,03,10096
06.21.2002-06:00:00,06,21,2002,06,9289.7
06.21.2002-09:00:00,06,21,2002,09,8524.9
06.21.2002-12:00:00,06,21,2002,12,7917.9
06.21.2002-15:00:00,06,21,2002,15,7934.2
06.21.2002-18:00:00,06,21,2002,18,8170.3
06.21.2002-21:00:00,06,21,2002,21,8837.3
06.22.2002-00:00:00,06,22,2002,00,9019
06.22.2002-03:00:00,06,22,2002,03,9184.6
06.22.2002-06:00:00,06,22,2002,06,8633.8
06.22.2002-09:00:00,06,22,2002,09,7921.6
06.22.2002-12:00:00,06,22,2002,12,7545.3
06.22.2002-15:00:00,06,22,2002,15,7545
06.22.2002-18:00:00,06,22,2002,18,7851.6
06.22.2002-21:00:00,06,22,2002,21,8397.5
06.23.2002-00:00:00,06,23,2002,00,8531.1
06.23.2002-03:00:00,06,23,2002,03,8656.1
06.23.2002-06:00:00,06,23,2002,06,8097.4
06.23.2002-09:00:00,06,23,2002,09,7390.7
06.23.2002-12:00:00,06,23,2002,12,6945.5
06.23.2002-15:00:00,06,23,2002,15,6949
06.23.2002-18:00:00,06,23,2002,18,7331.4
06.23.2002-21:00:00,06,23,2002,21,7719.7
06.24.2002-00:00:00,06,24,2002,00,7930.4
06.24.2002-03:00:00,06,24,2002,03,7989
06.24.2002-06:00:00,06,24,2002,06,7591
06.24.2002-09:00:00,06,24,2002,09,6678.5
06.24.2002-12:00:00,06,24,2002,12,6240.3
06.24.2002-15:00:00,06,24,2002,15,6225.2
06.24.2002-18:00:00,06,24,2002,18,6609
06.24.2002-21:00:00,06,24,2002,21,6968.8
06.25.2002-00:00:00,06,25,2002,00,7262.4
06.25.2002-03:00:00,06,25,2002,03,7200.6
06.25.2002-06:00:00,06,25,2002,06,6873
06.25.2002-09:00:00,06,25,2002,09,6068.1
06.25.2002-12:00:00,06,25,2002,12,5600
06.25.2002-15:00:00,06,25,2002,15,5573.2
06.25.2002-18:00:00,06,25,2002,18,5949
06.25.2002-21:00:00,06,25,2002,21,6443.4
06.26.2002-00:00:00,06,26,2002,00,6545.3
06.26.2002-03:00:00,06,26,2002,03,6714
06.26.2002-06:00:00,06,26,2002,06,6178.3
06.26.2002-09:00:00,06,26,2002,09,5487.4
06.26.2002-12:00:00,06,26,2002,12,5108
06.26.2002-15:00:00,06,26,2002,15,5125.9
06.26.2002-18:00:00,06,26,2002,18,5521.9
06.26.2002-21:00:00,06,26,2002,21,5863.5
06.27.2002-00:00:00,06,27,2002,00,6169.3
06.27.2002-03:00:00,06,27,2002,03,6031.7
06.27.2002-06:00:00,06,27,2002,06,5645.7
06.27.2002-09:00:00,06,27,2002,09,4893.2
06.27.2002-12:00:00,06,27,2002,12,4531.4
06.27.2002-15:00:00,06,27,2002,15,4624.5
06.27.2002-18:00:00,06,27,2002,18,5003.8
06.27.2002-21:00:00,06,27,2002,21,5372.1
06.28.2002-00:00:00,06,28,2002,00,5631.1
06.28.2002-03:00:00,06,28,2002,03,5769.3
06.28.2002-06:00:00,06,28,2002,06,5702.3
06.28.2002-09:00:00,06,28,2002,09,5350.9
06.28.2002-12:00:00,06,28,2002,12,5098.7
06.28.2002-15:00:00,06,28,2002,15,5119.1
06.28.2002-18:00:00,06,28,2002,18,5355.9
06.28.2002-21:00:00,06,28,2002,21,5606.9
06.29.2002-00:00:00,06,29,2002,00,6006.9
06.29.2002-03:00:00,06,29,2002,03,6287
06.29.2002-06:00:00,06,29,2002,06,6276.3
06.29.2002-09:00:00,06,29,2002,09,6091.9
06.29.2002-12:00:00,06,29,2002,12,5859.2
06.29.2002-15:00:00,06,29,2002,15,5767.9
06.29.2002-18:00:00,06,29,2002,18,5958.8
06.29.2002-21:00:00,06,29,2002,21,6260.2
06.30.2002-00:00:00,06,30,2002,00,6128.2
06.30.2002-03:00:00,06,30,2002,03,5961.4
06.30.2002-06:00:00,06,30,2002,06,5774.3
06.30.2002-09:00:00,06,30,2002,09,5262.7
06.30.2002-12:00:00,06,30,2002,12,4908.1
06.30.2002-15:00:00,06,30,2002,15,4894.5
06.30.2002-18:00:00,06,30,2002,18,5116.5
06.30.2002-21:00:00,06,30,2002,21,5270.3
07.01.2002-00:00:00,07,01,2002,00,5434.7
07.01.2002-03:00:00,07,01,2002,03,5433.6
07.01.2002-06:00:00,07,01,2002,06,5201.7
07.01.2002-09:00:00,07,01,2002,09,4666.1
07.01.2002-12:00:00,07,01,2002,12,4391.6
07.01.2002-15:00:00,07,01,2002,15,4428
07.01.2002-18:00:00,07,01,2002,18,4717.1
07.01.2002-21:00:00,07,01,2002,21,4943.3
07.02.2002-00:00:00,07,02,2002,00,5114.3
07.02.2002-03:00:00,07,02,2002,03,5153.5
07.02.2002-06:00:00,07,02,2002,06,4891
07.02.2002-09:00:00,07,02,2002,09,4297.2
07.02.2002-12:00:00,07,02,2002,12,4027.8
07.02.2002-15:00:00,07,02,2002,15,4078.2
07.02.2002-18:00:00,07,02,2002,18,4413.8
07.02.2002-21:00:00,07,02,2002,21,4672.1
07.03.2002-00:00:00,07,03,2002,00,4813.8
07.03.2002-03:00:00,07,03,2002,03,4812.4
07.03.2002-06:00:00,07,03,2002,06,4542.2
07.03.2002-09:00:00,07,03,2002,09,4064
07.03.2002-12:00:00,07,03,2002,12,3795.7
07.03.2002-15:00:00,07,03,2002,15,3906.6
07.03.2002-18:00:00,07,03,2002,18,4191.2
07.03.2002-21:00:00,07,03,2002,21,4458.6
07.04.2002-00:00:00,07,04,2002,00,4618.2
07.04.2002-03:00:00,07,04,2002,03,4635.3
07.04.2002-06:00:00,07,04,2002,06,4416.1
07.04.2002-09:00:00,07,04,2002,09,3971.5
07.04.2002-12:00:00,07,04,2002,12,3747.8
07.04.2002-15:00:00,07,04,2002,15,3834
07.04.2002-18:00:00,07,04,2002,18,4128
07.04.2002-21:00:00,07,04,2002,21,4365
07.05.2002-00:00:00,07,05,2002,00,4499.8
07.05.2002-03:00:00,07,05,2002,03,4559.6
07.05.2002-06:00:00,07,05,2002,06,4248.5
07.05.2002-09:00:00,07,05,2002,09,3658
07.05.2002-12:00:00,07,05,2002,12,3369.4
07.05.2002-15:00:00,07,05,2002,15,3520.8
07.05.2002-18:00:00,07,05,2002,18,3878.6
07.05.2002-21:00:00,07,05,2002,21,4134
07.06.2002-00:00:00,07,06,2002,00,4295.7
07.06.2002-03:00:00,07,06,2002,03,4325.1
07.06.2002-06:00:00,07,06,2002,06,3967.5
07.06.2002-09:00:00,07,06,2002,09,3409.7
07.06.2002-12:00:00,07,06,2002,12,3095.5
07.06.2002-15:00:00,07,06,2002,15,3306
07.06.2002-18:00:00,07,06,2002,18,3652.6
07.06.2002-21:00:00,07,06,2002,21,3939.5
07.07.2002-00:00:00,07,07,2002,00,4099.7
07.07.2002-03:00:00,07,07,2002,03,4108.5
07.07.2002-06:00:00,07,07,2002,06,3798.2
07.07.2002-09:00:00,07,07,2002,09,3220.6
07.07.2002-12:00:00,07,07,2002,12,3024.5
07.07.2002-15:00:00,07,07,2002,15,3169.6
07.07.2002-18:00:00,07,07,2002,18,3525.4
07.07.2002-21:00:00,07,07,2002,21,3796.5
07.08.2002-00:00:00,07,08,2002,00,5227.4
07.08.2002-03:00:00,07,08,2002,03,6318.1
07.08.2002-06:00:00,07,08,2002,06,6654.9
07.08.2002-09:00:00,07,08,2002,09,6493.5
07.08.2002-12:00:00,07,08,2002,12,6434.1
07.08.2002-15:00:00,07,08,2002,15,6667.6
07.08.2002-18:00:00,07,08,2002,18,7225.2
07.08.2002-21:00:00,07,08,2002,21,7780.3
07.09.2002-00:00:00,07,09,2002,00,6554.8
07.09.2002-03:00:00,07,09,2002,03,5656.2
07.09.2002-06:00:00,07,09,2002,06,4824.3
07.09.2002-09:00:00,07,09,2002,09,3863.6
07.09.2002-12:00:00,07,09,2002,12,3342.2
07.09.2002-15:00:00,07,09,2002,15,3367
07.09.2002-18:00:00,07,09,2002,18,3700.6
07.09.2002-21:00:00,07,09,2002,21,3958.1
07.10.2002-00:00:00,07,10,2002,00,4119.5
07.10.2002-03:00:00,07,10,2002,03,4137.5
07.10.2002-06:00:00,07,10,2002,06,3740.2
07.10.2002-09:00:00,07,10,2002,09,3218.4
07.10.2002-12:00:00,07,10,2002,12,3000.3
07.10.2002-15:00:00,07,10,2002,15,3184.2
07.10.2002-18:00:00,07,10,2002,18,3484.7
07.10.2002-21:00:00,07,10,2002,21,3740.1
07.11.2002-00:00:00,07,11,2002,00,3892.3
07.11.2002-03:00:00,07,11,2002,03,3888.7
07.11.2002-06:00:00,07,11,2002,06,3480.7
07.11.2002-09:00:00,07,11,2002,09,3016.2
07.11.2002-12:00:00,07,11,2002,12,3211.3
07.11.2002-15:00:00,07,11,2002,15,3207.3
07.11.2002-18:00:00,07,11,2002,18,3416.5
07.11.2002-21:00:00,07,11,2002,21,3660.9
07.12.2002-00:00:00,07,12,2002,00,3798.9
07.12.2002-03:00:00,07,12,2002,03,3757.4
07.12.2002-06:00:00,07,12,2002,06,3327.6
07.12.2002-09:00:00,07,12,2002,09,2876.7
07.12.2002-12:00:00,07,12,2002,12,2936.3
07.12.2002-15:00:00,07,12,2002,15,3010.6
07.12.2002-18:00:00,07,12,2002,18,3244.5
07.12.2002-21:00:00,07,12,2002,21,3491.7
07.13.2002-00:00:00,07,13,2002,00,3623
07.13.2002-03:00:00,07,13,2002,03,3589.8
07.13.2002-06:00:00,07,13,2002,06,3256.3
07.13.2002-09:00:00,07,13,2002,09,2853.1
07.13.2002-12:00:00,07,13,2002,12,2728.8
07.13.2002-15:00:00,07,13,2002,15,2902.7
07.13.2002-18:00:00,07,13,2002,18,3147.9
07.13.2002-21:00:00,07,13,2002,21,3369.7
07.14.2002-00:00:00,07,14,2002,00,3501.6
07.14.2002-03:00:00,07,14,2002,03,3420
07.14.2002-06:00:00,07,14,2002,06,3068.1
07.14.2002-09:00:00,07,14,2002,09,2637.5
07.14.2002-12:00:00,07,14,2002,12,2466.6
07.14.2002-15:00:00,07,14,2002,15,2685.4
07.14.2002-18:00:00,07,14,2002,18,2966.2
07.14.2002-21:00:00,07,14,2002,21,3220.9
07.15.2002-00:00:00,07,15,2002,00,3355
07.15.2002-03:00:00,07,15,2002,03,3315.2
07.15.2002-06:00:00,07,15,2002,06,2971.5
07.15.2002-09:00:00,07,15,2002,09,2525.6
07.15.2002-12:00:00,07,15,2002,12,2387.3
07.15.2002-15:00:00,07,15,2002,15,2610.2
07.15.2002-18:00:00,07,15,2002,18,2893.7
07.15.2002-21:00:00,07,15,2002,21,3128.5
07.16.2002-00:00:00,07,16,2002,00,3251
07.16.2002-03:00:00,07,16,2002,03,3213.7
07.16.2002-06:00:00,07,16,2002,06,2865.7
07.16.2002-09:00:00,07,16,2002,09,2447.5
07.16.2002-12:00:00,07,16,2002,12,2316.8
07.16.2002-15:00:00,07,16,2002,15,2546.4
07.16.2002-18:00:00,07,16,2002,18,2819.2
07.16.2002-21:00:00,07,16,2002,21,3042.9
07.17.2002-00:00:00,07,17,2002,00,3159.1
07.17.2002-03:00:00,07,17,2002,03,3100.3
07.17.2002-06:00:00,07,17,2002,06,2784.7
07.17.2002-09:00:00,07,17,2002,09,2384.3
07.17.2002-12:00:00,07,17,2002,12,2278.7
07.17.2002-15:00:00,07,17,2002,15,2496.5
07.17.2002-18:00:00,07,17,2002,18,2756.8
07.17.2002-21:00:00,07,17,2002,21,2971.1
07.18.2002-00:00:00,07,18,2002,00,3068.3
07.18.2002-03:00:00,07,18,2002,03,3004.9
07.18.2002-06:00:00,07,18,2002,06,2682
07.18.2002-09:00:00,07,18,2002,09,2295.7
07.18.2002-12:00:00,07,18,2002,12,2184.3
07.18.2002-15:00:00,07,18,2002,15,2418.8
07.18.2002-18:00:00,07,18,2002,18,2677.8
07.18.2002-21:00:00,07,18,2002,21,2898.4
07.19.2002-00:00:00,07,19,2002,00,2979.1
07.19.2002-03:00:00,07,19,2002,03,2943.5
07.19.2002-06:00:00,07,19,2002,06,2665.7
07.19.2002-09:00:00,07,19,2002,09,2289.2
07.19.2002-12:00:00,07,19,2002,12,2182.8
07.19.2002-15:00:00,07,19,2002,15,2410.5
07.19.2002-18:00:00,07,19,2002,18,2657.6
07.19.2002-21:00:00,07,19,2002,21,2859.4
07.20.2002-00:00:00,07,20,2002,00,2940.1
07.20.2002-03:00:00,07,20,2002,03,2898.6
07.20.2002-06:00:00,07,20,2002,06,2580.6
07.20.2002-09:00:00,07,20,2002,09,2184.5
07.20.2002-12:00:00,07,20,2002,12,2075
07.20.2002-15:00:00,07,20,2002,15,2317.7
07.20.2002-18:00:00,07,20,2002,18,2574.4
07.20.2002-21:00:00,07,20,2002,21,2780.2
07.21.2002-00:00:00,07,21,2002,00,2861.9
07.21.2002-03:00:00,07,21,2002,03,2801.8
07.21.2002-06:00:00,07,21,2002,06,2487.1
07.21.2002-09:00:00,07,21,2002,09,2112.2
07.21.2002-12:00:00,07,21,2002,12,2008.6
07.21.2002-15:00:00,07,21,2002,15,2247.5
07.21.2002-18:00:00,07,21,2002,18,2502.3
07.21.2002-21:00:00,07,21,2002,21,2710.4
07.22.2002-00:00:00,07,22,2002,00,2798.3
07.22.2002-03:00:00,07,22,2002,03,2747.7
07.22.2002-06:00:00,07,22,2002,06,2420.4
07.22.2002-09:00:00,07,22,2002,09,2061.5
07.22.2002-12:00:00,07,22,2002,12,1978.4
07.22.2002-15:00:00,07,22,2002,15,2206.7
07.22.2002-18:00:00,07,22,2002,18,2449.3
07.22.2002-21:00:00,07,22,2002,21,2655.3
07.23.2002-00:00:00,07,23,2002,00,2741.1
07.23.2002-03:00:00,07,23,2002,03,2676.7
07.23.2002-06:00:00,07,23,2002,06,2363.4
07.23.2002-09:00:00,07,23,2002,09,2018.7
07.23.2002-12:00:00,07,23,2002,12,1956.8
07.23.2002-15:00:00,07,23,2002,15,2169.2
07.23.2002-18:00:00,07,23,2002,18,2403
07.23.2002-21:00:00,07,23,2002,21,2602
07.24.2002-00:00:00,07,24,2002,00,2682.1
07.24.2002-03:00:00,07,24,2002,03,2601.8
07.24.2002-06:00:00,07,24,2002,06,2297
07.24.2002-09:00:00,07,24,2002,09,1970.8
07.24.2002-12:00:00,07,24,2002,12,1905.1
07.24.2002-15:00:00,07,24,2002,15,2120
07.24.2002-18:00:00,07,24,2002,18,2343.5
07.24.2002-21:00:00,07,24,2002,21,2543.6
07.25.2002-00:00:00,07,25,2002,00,2620.4
07.25.2002-03:00:00,07,25,2002,03,2548.8
07.25.2002-06:00:00,07,25,2002,06,2346.6
07.25.2002-09:00:00,07,25,2002,09,2087.9
07.25.2002-12:00:00,07,25,2002,12,2021
07.25.2002-15:00:00,07,25,2002,15,2182.8
07.25.2002-18:00:00,07,25,2002,18,2372.6
07.25.2002-21:00:00,07,25,2002,21,2542.5
07.26.2002-00:00:00,07,26,2002,00,2605.2
07.26.2002-03:00:00,07,26,2002,03,2518.8
07.26.2002-06:00:00,07,26,2002,06,2266.9
07.26.2002-09:00:00,07,26,2002,09,1967.8
07.26.2002-12:00:00,07,26,2002,12,1888.5
07.26.2002-15:00:00,07,26,2002,15,2079.3
07.26.2002-18:00:00,07,26,2002,18,2297.9
07.26.2002-21:00:00,07,26,2002,21,2486.1
07.27.2002-00:00:00,07,27,2002,00,2560.6
07.27.2002-03:00:00,07,27,2002,03,2504.9
07.27.2002-06:00:00,07,27,2002,06,2298.3
07.27.2002-09:00:00,07,27,2002,09,2014.4
07.27.2002-12:00:00,07,27,2002,12,1933.4
07.27.2002-15:00:00,07,27,2002,15,2109.7
07.27.2002-18:00:00,07,27,2002,18,2314.7
07.27.2002-21:00:00,07,27,2002,21,2475.1
07.28.2002-00:00:00,07,28,2002,00,2526.6
07.28.2002-03:00:00,07,28,2002,03,2486.8
07.28.2002-06:00:00,07,28,2002,06,2380.7
07.28.2002-09:00:00,07,28,2002,09,2243.3
07.28.2002-12:00:00,07,28,2002,12,2212.1
07.28.2002-15:00:00,07,28,2002,15,2287.9
07.28.2002-18:00:00,07,28,2002,18,2390.7
07.28.2002-21:00:00,07,28,2002,21,2491.6
07.29.2002-00:00:00,07,29,2002,00,2530.6
07.29.2002-03:00:00,07,29,2002,03,2482
07.29.2002-06:00:00,07,29,2002,06,2392.5
07.29.2002-09:00:00,07,29,2002,09,2283.3
07.29.2002-12:00:00,07,29,2002,12,2247.2
07.29.2002-15:00:00,07,29,2002,15,2308.4
07.29.2002-18:00:00,07,29,2002,18,2394.6
07.29.2002-21:00:00,07,29,2002,21,2485.6
07.30.2002-00:00:00,07,30,2002,00,2522.6
07.30.2002-03:00:00,07,30,2002,03,2455.9
07.30.2002-06:00:00,07,30,2002,06,2282.4
07.30.2002-09:00:00,07,30,2002,09,2023.5
07.30.2002-12:00:00,07,30,2002,12,1950.6
07.30.2002-15:00:00,07,30,2002,15,2099.5
07.30.2002-18:00:00,07,30,2002,18,2279.4
07.30.2002-21:00:00,07,30,2002,21,2415.4
07.31.2002-00:00:00,07,31,2002,00,2471.2
07.31.2002-03:00:00,07,31,2002,03,2426.4
07.31.2002-06:00:00,07,31,2002,06,2191.4
07.31.2002-09:00:00,07,31,2002,09,1880.9
07.31.2002-12:00:00,07,31,2002,12,1790.8
07.31.2002-15:00:00,07,31,2002,15,1980.3
07.31.2002-18:00:00,07,31,2002,18,2197.9
07.31.2002-21:00:00,07,31,2002,21,2362.1
08.01.2002-00:00:00,08,01,2002,00,2424.6
08.01.2002-03:00:00,08,01,2002,03,2349.9
08.01.2002-06:00:00,08,01,2002,06,2155.4
08.01.2002-09:00:00,08,01,2002,09,1832.6
08.01.2002-12:00:00,08,01,2002,12,1745.1
08.01.2002-15:00:00,08,01,2002,15,1954.8
08.01.2002-18:00:00,08,01,2002,18,2157.2
08.01.2002-21:00:00,08,01,2002,21,2314.4
08.02.2002-00:00:00,08,02,2002,00,2378.9
08.02.2002-03:00:00,08,02,2002,03,2258.1
08.02.2002-06:00:00,08,02,2002,06,2081.8
08.02.2002-09:00:00,08,02,2002,09,1790.3
08.02.2002-12:00:00,08,02,2002,12,1711
08.02.2002-15:00:00,08,02,2002,15,1913.2
08.02.2002-18:00:00,08,02,2002,18,2109.9
08.02.2002-21:00:00,08,02,2002,21,2272.7
08.03.2002-00:00:00,08,03,2002,00,2342.6
08.03.2002-03:00:00,08,03,2002,03,2290.5
08.03.2002-06:00:00,08,03,2002,06,2119.4
08.03.2002-09:00:00,08,03,2002,09,1814.6
08.03.2002-12:00:00,08,03,2002,12,1732.5
08.03.2002-15:00:00,08,03,2002,15,1927.9
08.03.2002-18:00:00,08,03,2002,18,2115.9
08.03.2002-21:00:00,08,03,2002,21,2256.9
08.04.2002-00:00:00,08,04,2002,00,2313.1
08.04.2002-03:00:00,08,04,2002,03,2200.7
08.04.2002-06:00:00,08,04,2002,06,2042.9
08.04.2002-09:00:00,08,04,2002,09,1778.3
08.04.2002-12:00:00,08,04,2002,12,1704.2
08.04.2002-15:00:00,08,04,2002,15,1891.8
08.04.2002-18:00:00,08,04,2002,18,2071.6
08.04.2002-21:00:00,08,04,2002,21,2222.5
08.05.2002-00:00:00,08,05,2002,00,2281.5
08.05.2002-03:00:00,08,05,2002,03,2241.9
08.05.2002-06:00:00,08,05,2002,06,2088.5
08.05.2002-09:00:00,08,05,2002,09,1797.7
08.05.2002-12:00:00,08,05,2002,12,1720.2
08.05.2002-15:00:00,08,05,2002,15,1904.7
08.05.2002-18:00:00,08,05,2002,18,2081.5
08.05.2002-21:00:00,08,05,2002,21,2210.3
08.06.2002-00:00:00,08,06,2002,00,2264.4
08.06.2002-03:00:00,08,06,2002,03,2202.4
08.06.2002-06:00:00,08,06,2002,06,2098.2
08.06.2002-09:00:00,08,06,2002,09,1937.3
08.06.2002-12:00:00,08,06,2002,12,1826.4
08.06.2002-15:00:00,08,06,2002,15,1964.5
08.06.2002-18:00:00,08,06,2002,18,2117.7
08.06.2002-21:00:00,08,06,2002,21,2240.7
08.07.2002-00:00:00,08,07,2002,00,2259.8
08.07.2002-03:00:00,08,07,2002,03,2189.7
08.07.2002-06:00:00,08,07,2002,06,2050.9
08.07.2002-09:00:00,08,07,2002,09,1797.4
08.07.2002-12:00:00,08,07,2002,12,1677.9
08.07.2002-15:00:00,08,07,2002,15,1849.2
08.07.2002-18:00:00,08,07,2002,18,2026.2
08.07.2002-21:00:00,08,07,2002,21,2147.8
08.08.2002-00:00:00,08,08,2002,00,2200.5
08.08.2002-03:00:00,08,08,2002,03,2097.2
08.08.2002-06:00:00,08,08,2002,06,1911.7
08.08.2002-09:00:00,08,08,2002,09,1616.7
08.08.2002-12:00:00,08,08,2002,12,1542.5
08.08.2002-15:00:00,08,08,2002,15,1742.9
08.08.2002-18:00:00,08,08,2002,18,1930.9
08.08.2002-21:00:00,08,08,2002,21,2072
08.09.2002-00:00:00,08,09,2002,00,2124
08.09.2002-03:00:00,08,09,2002,03,2015.8
08.09.2002-06:00:00,08,09,2002,06,1851.2
08.09.2002-09:00:00,08,09,2002,09,1587.2
08.09.2002-12:00:00,08,09,2002,12,1530
08.09.2002-15:00:00,08,09,2002,15,1715.5
08.09.2002-18:00:00,08,09,2002,18,1891.2
08.09.2002-21:00:00,08,09,2002,21,2031.6
08.10.2002-00:00:00,08,10,2002,00,2083.5
08.10.2002-03:00:00,08,10,2002,03,1970.5
08.10.2002-06:00:00,08,10,2002,06,1821.4
08.10.2002-09:00:00,08,10,2002,09,1572.8
08.10.2002-12:00:00,08,10,2002,12,1518.2
08.10.2002-15:00:00,08,10,2002,15,1696.7
08.10.2002-18:00:00,08,10,2002,18,1865.7
08.10.2002-21:00:00,08,10,2002,21,2003.8
08.11.2002-00:00:00,08,11,2002,00,2061.6
08.11.2002-03:00:00,08,11,2002,03,1951.8
08.11.2002-06:00:00,08,11,2002,06,1788
08.11.2002-09:00:00,08,11,2002,09,1515.7
08.11.2002-12:00:00,08,11,2002,12,1457.5
08.11.2002-15:00:00,08,11,2002,15,1652.1
08.11.2002-18:00:00,08,11,2002,18,1825.6
08.11.2002-21:00:00,08,11,2002,21,1971.6
08.12.2002-00:00:00,08,12,2002,00,2024.2
08.12.2002-03:00:00,08,12,2002,03,1911.6
08.12.2002-06:00:00,08,12,2002,06,1740
08.12.2002-09:00:00,08,12,2002,09,1464.2
08.12.2002-12:00:00,08,12,2002,12,1418.1
08.12.2002-15:00:00,08,12,2002,15,1606.3
08.12.2002-18:00:00,08,12,2002,18,1782.7
08.12.2002-21:00:00,08,12,2002,21,1928
08.13.2002-00:00:00,08,13,2002,00,1984.2
08.13.2002-03:00:00,08,13,2002,03,1866.1
08.13.2002-06:00:00,08,13,2002,06,1690.9
08.13.2002-09:00:00,08,13,2002,09,1450.2
08.13.2002-12:00:00,08,13,2002,12,1470.8
08.13.2002-15:00:00,08,13,2002,15,1601.3
08.13.2002-18:00:00,08,13,2002,18,1759.2
08.13.2002-21:00:00,08,13,2002,21,1898
08.14.2002-00:00:00,08,14,2002,00,1950.2
08.14.2002-03:00:00,08,14,2002,03,1841.4
08.14.2002-06:00:00,08,14,2002,06,1702.4
08.14.2002-09:00:00,08,14,2002,09,1483.3
08.14.2002-12:00:00,08,14,2002,12,1441.2
08.14.2002-15:00:00,08,14,2002,15,1600.8
08.14.2002-18:00:00,08,14,2002,18,1748
08.14.2002-21:00:00,08,14,2002,21,1886.4
08.15.2002-00:00:00,08,15,2002,00,1939.1
08.15.2002-03:00:00,08,15,2002,03,1834.3
08.15.2002-06:00:00,08,15,2002,06,1677.4
08.15.2002-09:00:00,08,15,2002,09,1412.2
08.15.2002-12:00:00,08,15,2002,12,1365
08.15.2002-15:00:00,08,15,2002,15,1545.9
08.15.2002-18:00:00,08,15,2002,18,1716
08.15.2002-21:00:00,08,15,2002,21,1848.4
08.16.2002-00:00:00,08,16,2002,00,1904.8
08.16.2002-03:00:00,08,16,2002,03,1800.3
08.16.2002-06:00:00,08,16,2002,06,1648.8
08.16.2002-09:00:00,08,16,2002,09,1385.8
08.16.2002-12:00:00,08,16,2002,12,1334.4
08.16.2002-15:00:00,08,16,2002,15,1519.1
08.16.2002-18:00:00,08,16,2002,18,1694.4
08.16.2002-21:00:00,08,16,2002,21,1825.1
08.17.2002-00:00:00,08,17,2002,00,1889.3
08.17.2002-03:00:00,08,17,2002,03,1853.3
08.17.2002-06:00:00,08,17,2002,06,1703
08.17.2002-09:00:00,08,17,2002,09,1409.9
08.17.2002-12:00:00,08,17,2002,12,1348.2
08.17.2002-15:00:00,08,17,2002,15,1537.3
08.17.2002-18:00:00,08,17,2002,18,1710.2
08.17.2002-21:00:00,08,17,2002,21,1829.7
08.18.2002-00:00:00,08,18,2002,00,1878.6
08.18.2002-03:00:00,08,18,2002,03,1814.4
08.18.2002-06:00:00,08,18,2002,06,1665.3
08.18.2002-09:00:00,08,18,2002,09,1390.5
08.18.2002-12:00:00,08,18,2002,12,1336.2
08.18.2002-15:00:00,08,18,2002,15,1516
08.18.2002-18:00:00,08,18,2002,18,1684.4
08.18.2002-21:00:00,08,18,2002,21,1798.7
08.19.2002-00:00:00,08,19,2002,00,1847.5
08.19.2002-03:00:00,08,19,2002,03,1798.8
08.19.2002-06:00:00,08,19,2002,06,1680.5
08.19.2002-09:00:00,08,19,2002,09,1472.3
08.19.2002-12:00:00,08,19,2002,12,1425.3
08.19.2002-15:00:00,08,19,2002,15,1564.6
08.19.2002-18:00:00,08,19,2002,18,1701.4
08.19.2002-21:00:00,08,19,2002,21,1811.3
08.20.2002-00:00:00,08,20,2002,00,1845.2
08.20.2002-03:00:00,08,20,2002,03,1770.9
08.20.2002-06:00:00,08,20,2002,06,1642.7
08.20.2002-09:00:00,08,20,2002,09,1421.2
08.20.2002-12:00:00,08,20,2002,12,1372.6
08.20.2002-15:00:00,08,20,2002,15,1529.6
08.20.2002-18:00:00,08,20,2002,18,1666.9
08.20.2002-21:00:00,08,20,2002,21,1779.6
08.21.2002-00:00:00,08,21,2002,00,1822.7
08.21.2002-03:00:00,08,21,2002,03,1742.2
08.21.2002-06:00:00,08,21,2002,06,1610.9
08.21.2002-09:00:00,08,21,2002,09,1382
08.21.2002-12:00:00,08,21,2002,12,1334.2
08.21.2002-15:00:00,08,21,2002,15,1493.3
08.21.2002-18:00:00,08,21,2002,18,1640.8
08.21.2002-21:00:00,08,21,2002,21,1747.8
08.22.2002-00:00:00,08,22,2002,00,1798.7
08.22.2002-03:00:00,08,22,2002,03,1717.5
08.22.2002-06:00:00,08,22,2002,06,1582.1
08.22.2002-09:00:00,08,22,2002,09,1347.3
08.22.2002-12:00:00,08,22,2002,12,1298.8
08.22.2002-15:00:00,08,22,2002,15,1460.4
08.22.2002-18:00:00,08,22,2002,18,1619.4
08.22.2002-21:00:00,08,22,2002,21,1719.7
08.23.2002-00:00:00,08,23,2002,00,1772.7
08.23.2002-03:00:00,08,23,2002,03,1693.9
08.23.2002-06:00:00,08,23,2002,06,1544.2
08.23.2002-09:00:00,08,23,2002,09,1292.2
08.23.2002-12:00:00,08,23,2002,12,1249.6
08.23.2002-15:00:00,08,23,2002,15,1417.9
08.23.2002-18:00:00,08,23,2002,18,1585.2
08.23.2002-21:00:00,08,23,2002,21,1691
08.24.2002-00:00:00,08,24,2002,00,1734.1
08.24.2002-03:00:00,08,24,2002,03,1685.2
08.24.2002-06:00:00,08,24,2002,06,1541.9
08.24.2002-09:00:00,08,24,2002,09,1290.7
08.24.2002-12:00:00,08,24,2002,12,1257
08.24.2002-15:00:00,08,24,2002,15,1415
08.24.2002-18:00:00,08,24,2002,18,1576.1
08.24.2002-21:00:00,08,24,2002,21,1672.6
08.25.2002-00:00:00,08,25,2002,00,1856.4
08.25.2002-03:00:00,08,25,2002,03,2000.2
08.25.2002-06:00:00,08,25,2002,06,1945.8
08.25.2002-09:00:00,08,25,2002,09,1815.2
08.25.2002-12:00:00,08,25,2002,12,1682.2
08.25.2002-15:00:00,08,25,2002,15,1757.2
08.25.2002-18:00:00,08,25,2002,18,1998
08.25.2002-21:00:00,08,25,2002,21,2129.6
08.26.2002-00:00:00,08,26,2002,00,1977
08.26.2002-03:00:00,08,26,2002,03,1869.6
08.26.2002-06:00:00,08,26,2002,06,1743.3
08.26.2002-09:00:00,08,26,2002,09,1564.5
08.26.2002-12:00:00,08,26,2002,12,1433.6
08.26.2002-15:00:00,08,26,2002,15,1527.7
08.26.2002-18:00:00,08,26,2002,18,1700.3
08.26.2002-21:00:00,08,26,2002,21,1839.6
08.27.2002-00:00:00,08,27,2002,00,1778.8
08.27.2002-03:00:00,08,27,2002,03,1663.6
08.27.2002-06:00:00,08,27,2002,06,1507.6
08.27.2002-09:00:00,08,27,2002,09,1318.5
08.27.2002-12:00:00,08,27,2002,12,1231.6
08.27.2002-15:00:00,08,27,2002,15,1383.6
08.27.2002-18:00:00,08,27,2002,18,1542.4
08.27.2002-21:00:00,08,27,2002,21,1639.9
08.28.2002-00:00:00,08,28,2002,00,1679.1
08.28.2002-03:00:00,08,28,2002,03,1625.6
08.28.2002-06:00:00,08,28,2002,06,1482.8
08.28.2002-09:00:00,08,28,2002,09,1245.6
08.28.2002-12:00:00,08,28,2002,12,1210.1
08.28.2002-15:00:00,08,28,2002,15,1361.5
08.28.2002-18:00:00,08,28,2002,18,1519.6
08.28.2002-21:00:00,08,28,2002,21,1616.5
08.29.2002-00:00:00,08,29,2002,00,1648.2
08.29.2002-03:00:00,08,29,2002,03,1612
08.29.2002-06:00:00,08,29,2002,06,1489.4
08.29.2002-09:00:00,08,29,2002,09,1294.8
08.29.2002-12:00:00,08,29,2002,12,1262.1
08.29.2002-15:00:00,08,29,2002,15,1390.7
08.29.2002-18:00:00,08,29,2002,18,1522.8
08.29.2002-21:00:00,08,29,2002,21,1612.9
08.30.2002-00:00:00,08,30,2002,00,1650.6
08.30.2002-03:00:00,08,30,2002,03,1588.4
08.30.2002-06:00:00,08,30,2002,06,1456.9
08.30.2002-09:00:00,08,30,2002,09,1273.9
08.30.2002-12:00:00,08,30,2002,12,1221.8
08.30.2002-15:00:00,08,30,2002,15,1359.2
08.30.2002-18:00:00,08,30,2002,18,1503.3
08.30.2002-21:00:00,08,30,2002,21,1593.4
08.31.2002-00:00:00,08,31,2002,00,1636.8
08.31.2002-03:00:00,08,31,2002,03,1599.8
08.31.2002-06:00:00,08,31,2002,06,1484.4
08.31.2002-09:00:00,08,31,2002,09,1340.9
08.31.2002-12:00:00,08,31,2002,12,1268.2
08.31.2002-15:00:00,08,31,2002,15,1384.7
08.31.2002-18:00:00,08,31,2002,18,1514.7
08.31.2002-21:00:00,08,31,2002,21,1601.6
09.01.2002-00:00:00,09,01,2002,00,1614
09.01.2002-03:00:00,09,01,2002,03,1578.9
09.01.2002-06:00:00,09,01,2002,06,1493.5
09.01.2002-09:00:00,09,01,2002,09,1396.5
09.01.2002-12:00:00,09,01,2002,12,1371.4
09.01.2002-15:00:00,09,01,2002,15,1435.7
09.01.2002-18:00:00,09,01,2002,18,1526.5
09.01.2002-21:00:00,09,01,2002,21,1598
09.02.2002-00:00:00,09,02,2002,00,1625.3
09.02.2002-03:00:00,09,02,2002,03,1594.2
09.02.2002-06:00:00,09,02,2002,06,1465.7
09.02.2002-09:00:00,09,02,2002,09,1271.5
09.02.2002-12:00:00,09,02,2002,12,1226.8
09.02.2002-15:00:00,09,02,2002,15,1368.4
09.02.2002-18:00:00,09,02,2002,18,1501.5
09.02.2002-21:00:00,09,02,2002,21,1566.7
09.03.2002-00:00:00,09,03,2002,00,1596.3
09.03.2002-03:00:00,09,03,2002,03,1574.8
09.03.2002-06:00:00,09,03,2002,06,1466
09.03.2002-09:00:00,09,03,2002,09,1288.3
09.03.2002-12:00:00,09,03,2002,12,1249.8
09.03.2002-15:00:00,09,03,2002,15,1382
09.03.2002-18:00:00,09,03,2002,18,1503.4
09.03.2002-21:00:00,09,03,2002,21,1569.4
09.04.2002-00:00:00,09,04,2002,00,1598.9
09.04.2002-03:00:00,09,04,2002,03,1590.5
09.04.2002-06:00:00,09,04,2002,06,1485.2
09.04.2002-09:00:00,09,04,2002,09,1267.4
09.04.2002-12:00:00,09,04,2002,12,1218.8
09.04.2002-15:00:00,09,04,2002,15,1368.5
09.04.2002-18:00:00,09,04,2002,18,1499.4
09.04.2002-21:00:00,09,04,2002,21,1554.5
09.05.2002-00:00:00,09,05,2002,00,1591.9
09.05.2002-03:00:00,09,05,2002,03,1591.9
09.05.2002-06:00:00,09,05,2002,06,1501.9
09.05.2002-09:00:00,09,05,2002,09,1294.3
09.05.2002-12:00:00,09,05,2002,12,1227.3
09.05.2002-15:00:00,09,05,2002,15,1374.3
09.05.2002-18:00:00,09,05,2002,18,1504.6
09.05.2002-21:00:00,09,05,2002,21,1559.9
09.06.2002-00:00:00,09,06,2002,00,1584.6
09.06.2002-03:00:00,09,06,2002,03,1590.9
09.06.2002-06:00:00,09,06,2002,06,1498.8
09.06.2002-09:00:00,09,06,2002,09,1283.1
09.06.2002-12:00:00,09,06,2002,12,1210.8
09.06.2002-15:00:00,09,06,2002,15,1361.4
09.06.2002-18:00:00,09,06,2002,18,1488.8
09.06.2002-21:00:00,09,06,2002,21,1537.2
09.07.2002-00:00:00,09,07,2002,00,1590
09.07.2002-03:00:00,09,07,2002,03,1592.1
09.07.2002-06:00:00,09,07,2002,06,1647.8
09.07.2002-09:00:00,09,07,2002,09,1419.4
09.07.2002-12:00:00,09,07,2002,12,1319.2
09.07.2002-15:00:00,09,07,2002,15,1436.5
09.07.2002-18:00:00,09,07,2002,18,1552.3
09.07.2002-21:00:00,09,07,2002,21,1638.6
09.08.2002-00:00:00,09,08,2002,00,1603
09.08.2002-03:00:00,09,08,2002,03,1587.5
09.08.2002-06:00:00,09,08,2002,06,1535.1
09.08.2002-09:00:00,09,08,2002,09,1358.5
09.08.2002-12:00:00,09,08,2002,12,1289.4
09.08.2002-15:00:00,09,08,2002,15,1392.2
09.08.2002-18:00:00,09,08,2002,18,1494.8
09.08.2002-21:00:00,09,08,2002,21,1545.6
09.09.2002-00:00:00,09,09,2002,00,1562.7
09.09.2002-03:00:00,09,09,2002,03,1548
09.09.2002-06:00:00,09,09,2002,06,1420.5
09.09.2002-09:00:00,09,09,2002,09,1208.8
09.09.2002-12:00:00,09,09,2002,12,1158.2
09.09.2002-15:00:00,09,09,2002,15,1295.7
09.09.2002-18:00:00,09,09,2002,18,1434.9
09.09.2002-21:00:00,09,09,2002,21,1487.6
09.10.2002-00:00:00,09,10,2002,00,1514.4
09.10.2002-03:00:00,09,10,2002,03,1520.2
09.10.2002-06:00:00,09,10,2002,06,1403.2
09.10.2002-09:00:00,09,10,2002,09,1172.6
09.10.2002-12:00:00,09,10,2002,12,1129.3
09.10.2002-15:00:00,09,10,2002,15,1273.3
09.10.2002-18:00:00,09,10,2002,18,1410.3
09.10.2002-21:00:00,09,10,2002,21,1465.8
09.11.2002-00:00:00,09,11,2002,00,1487.8
09.11.2002-03:00:00,09,11,2002,03,1493.8
09.11.2002-06:00:00,09,11,2002,06,1362.4
09.11.2002-09:00:00,09,11,2002,09,1141.2
09.11.2002-12:00:00,09,11,2002,12,1106.8
09.11.2002-15:00:00,09,11,2002,15,1250.2
09.11.2002-18:00:00,09,11,2002,18,1382.5
09.11.2002-21:00:00,09,11,2002,21,1443.2
09.12.2002-00:00:00,09,12,2002,00,1465
09.12.2002-03:00:00,09,12,2002,03,1473.8
09.12.2002-06:00:00,09,12,2002,06,1348.5
09.12.2002-09:00:00,09,12,2002,09,1130.1
09.12.2002-12:00:00,09,12,2002,12,1102.6
09.12.2002-15:00:00,09,12,2002,15,1239.9
09.12.2002-18:00:00,09,12,2002,18,1369.2
09.12.2002-21:00:00,09,12,2002,21,1426.4
09.13.2002-00:00:00,09,13,2002,00,1444.4
09.13.2002-03:00:00,09,13,2002,03,1447.8
09.13.2002-06:00:00,09,13,2002,06,1304.5
09.13.2002-09:00:00,09,13,2002,09,1103.3
09.13.2002-12:00:00,09,13,2002,12,1075.6
09.13.2002-15:00:00,09,13,2002,15,1217.1
09.13.2002-18:00:00,09,13,2002,18,1343.4
09.13.2002-21:00:00,09,13,2002,21,1406.9
09.14.2002-00:00:00,09,14,2002,00,1429
09.14.2002-03:00:00,09,14,2002,03,1438.9
09.14.2002-06:00:00,09,14,2002,06,1329.1
09.14.2002-09:00:00,09,14,2002,09,1114.5
09.14.2002-12:00:00,09,14,2002,12,1083.2
09.14.2002-15:00:00,09,14,2002,15,1221.4
09.14.2002-18:00:00,09,14,2002,18,1346.5
09.14.2002-21:00:00,09,14,2002,21,1401
09.15.2002-00:00:00,09,15,2002,00,1418.8
09.15.2002-03:00:00,09,15,2002,03,1429.5
09.15.2002-06:00:00,09,15,2002,06,1323.8
09.15.2002-09:00:00,09,15,2002,09,1155.4
09.15.2002-12:00:00,09,15,2002,12,1125.7
09.15.2002-15:00:00,09,15,2002,15,1233.2
09.15.2002-18:00:00,09,15,2002,18,1344.7
09.15.2002-21:00:00,09,15,2002,21,1395.3
09.16.2002-00:00:00,09,16,2002,00,1415.2
09.16.2002-03:00:00,09,16,2002,03,1421
09.16.2002-06:00:00,09,16,2002,06,1306.5
09.16.2002-09:00:00,09,16,2002,09,1163.2
09.16.2002-12:00:00,09,16,2002,12,1133.7
09.16.2002-15:00:00,09,16,2002,15,1230.3
09.16.2002-18:00:00,09,16,2002,18,1337.3
09.16.2002-21:00:00,09,16,2002,21,1390.7
09.17.2002-00:00:00,09,17,2002,00,1408.1
09.17.2002-03:00:00,09,17,2002,03,1415.7
09.17.2002-06:00:00,09,17,2002,06,1330.7
09.17.2002-09:00:00,09,17,2002,09,1205.1
09.17.2002-12:00:00,09,17,2002,12,1176.8
09.17.2002-15:00:00,09,17,2002,15,1260.4
09.17.2002-18:00:00,09,17,2002,18,1359.4
09.17.2002-21:00:00,09,17,2002,21,1399.4
09.18.2002-00:00:00,09,18,2002,00,1411.5
09.18.2002-03:00:00,09,18,2002,03,1420.5
09.18.2002-06:00:00,09,18,2002,06,1332.9
09.18.2002-09:00:00,09,18,2002,09,1166.3
09.18.2002-12:00:00,09,18,2002,12,1129.8
09.18.2002-15:00:00,09,18,2002,15,1240.1
09.18.2002-18:00:00,09,18,2002,18,1346.6
09.18.2002-21:00:00,09,18,2002,21,1388.5
09.19.2002-00:00:00,09,19,2002,00,1402.9
09.19.2002-03:00:00,09,19,2002,03,1412.6
09.19.2002-06:00:00,09,19,2002,06,1328.2
09.19.2002-09:00:00,09,19,2002,09,1126.7
09.19.2002-12:00:00,09,19,2002,12,1083.8
09.19.2002-15:00:00,09,19,2002,15,1213.9
09.19.2002-18:00:00,09,19,2002,18,1327.4
09.19.2002-21:00:00,09,19,2002,21,1366.9
09.20.2002-00:00:00,09,20,2002,00,1384.9
09.20.2002-03:00:00,09,20,2002,03,1396.7
09.20.2002-06:00:00,09,20,2002,06,1323.7
09.20.2002-09:00:00,09,20,2002,09,1130.8
09.20.2002-12:00:00,09,20,2002,12,1088.6
09.20.2002-15:00:00,09,20,2002,15,1215
09.20.2002-18:00:00,09,20,2002,18,1325.9
09.20.2002-21:00:00,09,20,2002,21,1362.7
09.21.2002-00:00:00,09,21,2002,00,1379.8
09.21.2002-03:00:00,09,21,2002,03,1391.9
09.21.2002-06:00:00,09,21,2002,06,1351.2
09.21.2002-09:00:00,09,21,2002,09,1133.7
09.21.2002-12:00:00,09,21,2002,12,1084.1
09.21.2002-15:00:00,09,21,2002,15,1213.3
09.21.2002-18:00:00,09,21,2002,18,1321.6
09.21.2002-21:00:00,09,21,2002,21,1355.6
09.22.2002-00:00:00,09,22,2002,00,1371.1
09.22.2002-03:00:00,09,22,2002,03,1383.8
09.22.2002-06:00:00,09,22,2002,06,1329.6
09.22.2002-09:00:00,09,22,2002,09,1106.8
09.22.2002-12:00:00,09,22,2002,12,1059.5
09.22.2002-15:00:00,09,22,2002,15,1192.3
09.22.2002-18:00:00,09,22,2002,18,1302
09.22.2002-21:00:00,09,22,2002,21,1337
09.23.2002-00:00:00,09,23,2002,00,1353.6
09.23.2002-03:00:00,09,23,2002,03,1367.7
09.23.2002-06:00:00,09,23,2002,06,1298.4
09.23.2002-09:00:00,09,23,2002,09,1085.9
09.23.2002-12:00:00,09,23,2002,12,1045.8
09.23.2002-15:00:00,09,23,2002,15,1174.9
09.23.2002-18:00:00,09,23,2002,18,1284.2
09.23.2002-21:00:00,09,23,2002,21,1319.4
09.24.2002-00:00:00,09,24,2002,00,1332.9
09.24.2002-03:00:00,09,24,2002,03,1346.6
09.24.2002-06:00:00,09,24,2002,06,1273
09.24.2002-09:00:00,09,24,2002,09,1130.9
09.24.2002-12:00:00,09,24,2002,12,1100.3
09.24.2002-15:00:00,09,24,2002,15,1190.3
09.24.2002-18:00:00,09,24,2002,18,1289.3
09.24.2002-21:00:00,09,24,2002,21,1321.4
09.25.2002-00:00:00,09,25,2002,00,1339.4
09.25.2002-03:00:00,09,25,2002,03,1346.8
09.25.2002-06:00:00,09,25,2002,06,1254.8
09.25.2002-09:00:00,09,25,2002,09,1068.6
09.25.2002-12:00:00,09,25,2002,12,1032.7
09.25.2002-15:00:00,09,25,2002,15,1156.1
09.25.2002-18:00:00,09,25,2002,18,1263.3
09.25.2002-21:00:00,09,25,2002,21,1297.3
09.26.2002-00:00:00,09,26,2002,00,1312
09.26.2002-03:00:00,09,26,2002,03,1323.1
09.26.2002-06:00:00,09,26,2002,06,1287
09.26.2002-09:00:00,09,26,2002,09,1172
09.26.2002-12:00:00,09,26,2002,12,1144
09.26.2002-15:00:00,09,26,2002,15,1214.4
09.26.2002-18:00:00,09,26,2002,18,1297.1
09.26.2002-21:00:00,09,26,2002,21,1319.1
09.27.2002-00:00:00,09,27,2002,00,1326.6
09.27.2002-03:00:00,09,27,2002,03,1331.3
09.27.2002-06:00:00,09,27,2002,06,1246.9
09.27.2002-09:00:00,09,27,2002,09,1086.5
09.27.2002-12:00:00,09,27,2002,12,1052.9
09.27.2002-15:00:00,09,27,2002,15,1162.9
09.27.2002-18:00:00,09,27,2002,18,1263.4
09.27.2002-21:00:00,09,27,2002,21,1289.1
09.28.2002-00:00:00,09,28,2002,00,1302.6
09.28.2002-03:00:00,09,28,2002,03,1316.5
09.28.2002-06:00:00,09,28,2002,06,1274.5
09.28.2002-09:00:00,09,28,2002,09,1090.7
09.28.2002-12:00:00,09,28,2002,12,1049.8
09.28.2002-15:00:00,09,28,2002,15,1164
09.28.2002-18:00:00,09,28,2002,18,1259.7
09.28.2002-21:00:00,09,28,2002,21,1281
09.29.2002-00:00:00,09,29,2002,00,1290.4
09.29.2002-03:00:00,09,29,2002,03,1303.1
09.29.2002-06:00:00,09,29,2002,06,1263.5
09.29.2002-09:00:00,09,29,2002,09,1169.7
09.29.2002-12:00:00,09,29,2002,12,1145.2
09.29.2002-15:00:00,09,29,2002,15,1202
09.29.2002-18:00:00,09,29,2002,18,1277.8
09.29.2002-21:00:00,09,29,2002,21,1295.4
09.30.2002-00:00:00,09,30,2002,00,1302.8
09.30.2002-03:00:00,09,30,2002,03,1307.2
09.30.2002-06:00:00,09,30,2002,06,1264.2
09.30.2002-09:00:00,09,30,2002,09,1167.3
09.30.2002-12:00:00,09,30,2002,12,1139.8
09.30.2002-15:00:00,09,30,2002,15,1205.8
09.30.2002-18:00:00,09,30,2002,18,1275.4
09.30.2002-21:00:00,09,30,2002,21,1294.4
