TIMESTAMP,MONTH,DAY,YEAR,HOUR,C
10.01.2001-00:00:00,10,01,2001,00,236.75
10.01.2001-03:00:00,10,01,2001,03,238.49
10.01.2001-06:00:00,10,01,2001,06,238.21
10.01.2001-09:00:00,10,01,2001,09,214.27
10.01.2001-12:00:00,10,01,2001,12,203.04
10.01.2001-15:00:00,10,01,2001,15,213.62
10.01.2001-18:00:00,10,01,2001,18,228.89
10.01.2001-21:00:00,10,01,2001,21,231.25
10.02.2001-00:00:00,10,02,2001,00,234.07
10.02.2001-03:00:00,10,02,2001,03,236.9
10.02.2001-06:00:00,10,02,2001,06,235.92
10.02.2001-09:00:00,10,02,2001,09,213.25
10.02.2001-12:00:00,10,02,2001,12,202.15
10.02.2001-15:00:00,10,02,2001,15,212.25
10.02.2001-18:00:00,10,02,2001,18,227.46
10.02.2001-21:00:00,10,02,2001,21,229.85
10.03.2001-00:00:00,10,03,2001,00,232.97
10.03.2001-03:00:00,10,03,2001,03,235.34
10.03.2001-06:00:00,10,03,2001,06,235.92
10.03.2001-09:00:00,10,03,2001,09,212.48
10.03.2001-12:00:00,10,03,2001,12,201.62
10.03.2001-15:00:00,10,03,2001,15,212.03
10.03.2001-18:00:00,10,03,2001,18,226.62
10.03.2001-21:00:00,10,03,2001,21,228.89
10.04.2001-00:00:00,10,04,2001,00,232.45
10.04.2001-03:00:00,10,04,2001,03,234.63
10.04.2001-06:00:00,10,04,2001,06,236.89
10.04.2001-09:00:00,10,04,2001,09,213.28
10.04.2001-12:00:00,10,04,2001,12,202.41
10.04.2001-15:00:00,10,04,2001,15,212.43
10.04.2001-18:00:00,10,04,2001,18,225.8
10.04.2001-21:00:00,10,04,2001,21,228.57
10.05.2001-00:00:00,10,05,2001,00,232.44
10.05.2001-03:00:00,10,05,2001,03,235.39
10.05.2001-06:00:00,10,05,2001,06,236.4
10.05.2001-09:00:00,10,05,2001,09,214.06
10.05.2001-12:00:00,10,05,2001,12,203.61
10.05.2001-15:00:00,10,05,2001,15,213.84
10.05.2001-18:00:00,10,05,2001,18,225.36
10.05.2001-21:00:00,10,05,2001,21,229.06
10.06.2001-00:00:00,10,06,2001,00,234.27
10.06.2001-03:00:00,10,06,2001,03,235.47
10.06.2001-06:00:00,10,06,2001,06,235.45
10.06.2001-09:00:00,10,06,2001,09,214.23
10.06.2001-12:00:00,10,06,2001,12,204.87
10.06.2001-15:00:00,10,06,2001,15,214.54
10.06.2001-18:00:00,10,06,2001,18,225.13
10.06.2001-21:00:00,10,06,2001,21,231.56
10.07.2001-00:00:00,10,07,2001,00,234.28
10.07.2001-03:00:00,10,07,2001,03,234.39
10.07.2001-06:00:00,10,07,2001,06,234.31
10.07.2001-09:00:00,10,07,2001,09,216.26
10.07.2001-12:00:00,10,07,2001,12,207.61
10.07.2001-15:00:00,10,07,2001,15,215.76
10.07.2001-18:00:00,10,07,2001,18,227.8
10.07.2001-21:00:00,10,07,2001,21,233.17
10.08.2001-00:00:00,10,08,2001,00,233.49
10.08.2001-03:00:00,10,08,2001,03,233.59
10.08.2001-06:00:00,10,08,2001,06,233.54
10.08.2001-09:00:00,10,08,2001,09,247.44
10.08.2001-12:00:00,10,08,2001,12,215.79
10.08.2001-15:00:00,10,08,2001,15,218.44
10.08.2001-18:00:00,10,08,2001,18,229.38
10.08.2001-21:00:00,10,08,2001,21,232.74
10.09.2001-00:00:00,10,09,2001,00,232.88
10.09.2001-03:00:00,10,09,2001,03,233.22
10.09.2001-06:00:00,10,09,2001,06,235.34
10.09.2001-09:00:00,10,09,2001,09,240.23
10.09.2001-12:00:00,10,09,2001,12,208.83
10.09.2001-15:00:00,10,09,2001,15,212.77
10.09.2001-18:00:00,10,09,2001,18,224.17
10.09.2001-21:00:00,10,09,2001,21,230.41
10.10.2001-00:00:00,10,10,2001,00,231.74
10.10.2001-03:00:00,10,10,2001,03,231.74
10.10.2001-06:00:00,10,10,2001,06,232.55
10.10.2001-09:00:00,10,10,2001,09,292.03
10.10.2001-12:00:00,10,10,2001,12,316.33
10.10.2001-15:00:00,10,10,2001,15,247.8
10.10.2001-18:00:00,10,10,2001,18,235.62
10.10.2001-21:00:00,10,10,2001,21,235.28
10.11.2001-00:00:00,10,11,2001,00,235.42
10.11.2001-03:00:00,10,11,2001,03,235.42
10.11.2001-06:00:00,10,11,2001,06,235.33
10.11.2001-09:00:00,10,11,2001,09,244.75
10.11.2001-12:00:00,10,11,2001,12,297.7
10.11.2001-15:00:00,10,11,2001,15,269.39
10.11.2001-18:00:00,10,11,2001,18,238.18
10.11.2001-21:00:00,10,11,2001,21,236.45
10.12.2001-00:00:00,10,12,2001,00,236.58
10.12.2001-03:00:00,10,12,2001,03,236.61
10.12.2001-06:00:00,10,12,2001,06,236.53
10.12.2001-09:00:00,10,12,2001,09,250.33
10.12.2001-12:00:00,10,12,2001,12,303.21
10.12.2001-15:00:00,10,12,2001,15,284.31
10.12.2001-18:00:00,10,12,2001,18,251.46
10.12.2001-21:00:00,10,12,2001,21,243.6
10.13.2001-00:00:00,10,13,2001,00,244.52
10.13.2001-03:00:00,10,13,2001,03,246.27
10.13.2001-06:00:00,10,13,2001,06,252.71
10.13.2001-09:00:00,10,13,2001,09,342.43
10.13.2001-12:00:00,10,13,2001,12,371.9
10.13.2001-15:00:00,10,13,2001,15,320.93
10.13.2001-18:00:00,10,13,2001,18,280.11
10.13.2001-21:00:00,10,13,2001,21,248.1
10.14.2001-00:00:00,10,14,2001,00,243.48
10.14.2001-03:00:00,10,14,2001,03,243.26
10.14.2001-06:00:00,10,14,2001,06,243.25
10.14.2001-09:00:00,10,14,2001,09,259.04
10.14.2001-12:00:00,10,14,2001,12,232.7
10.14.2001-15:00:00,10,14,2001,15,227.96
10.14.2001-18:00:00,10,14,2001,18,234.28
10.14.2001-21:00:00,10,14,2001,21,238.08
10.15.2001-00:00:00,10,15,2001,00,239.85
10.15.2001-03:00:00,10,15,2001,03,242.15
10.15.2001-06:00:00,10,15,2001,06,242.23
10.15.2001-09:00:00,10,15,2001,09,246.45
10.15.2001-12:00:00,10,15,2001,12,219.04
10.15.2001-15:00:00,10,15,2001,15,222.84
10.15.2001-18:00:00,10,15,2001,18,233.95
10.15.2001-21:00:00,10,15,2001,21,237.62
10.16.2001-00:00:00,10,16,2001,00,238.03
10.16.2001-03:00:00,10,16,2001,03,241.6
10.16.2001-06:00:00,10,16,2001,06,241.73
10.16.2001-09:00:00,10,16,2001,09,223.58
10.16.2001-12:00:00,10,16,2001,12,223.08
10.16.2001-15:00:00,10,16,2001,15,221.1
10.16.2001-18:00:00,10,16,2001,18,230.5
10.16.2001-21:00:00,10,16,2001,21,236.67
10.17.2001-00:00:00,10,17,2001,00,239.1
10.17.2001-03:00:00,10,17,2001,03,241.02
10.17.2001-06:00:00,10,17,2001,06,241.67
10.17.2001-09:00:00,10,17,2001,09,231.22
10.17.2001-12:00:00,10,17,2001,12,229.48
10.17.2001-15:00:00,10,17,2001,15,231.48
10.17.2001-18:00:00,10,17,2001,18,239.9
10.17.2001-21:00:00,10,17,2001,21,240.84
10.18.2001-00:00:00,10,18,2001,00,240.82
10.18.2001-03:00:00,10,18,2001,03,240.76
10.18.2001-06:00:00,10,18,2001,06,240.71
10.18.2001-09:00:00,10,18,2001,09,225.51
10.18.2001-12:00:00,10,18,2001,12,222.01
10.18.2001-15:00:00,10,18,2001,15,219.52
10.18.2001-18:00:00,10,18,2001,18,229.75
10.18.2001-21:00:00,10,18,2001,21,235.93
10.19.2001-00:00:00,10,19,2001,00,240
10.19.2001-03:00:00,10,19,2001,03,240.12
10.19.2001-06:00:00,10,19,2001,06,240.02
10.19.2001-09:00:00,10,19,2001,09,244.98
10.19.2001-12:00:00,10,19,2001,12,217.38
10.19.2001-15:00:00,10,19,2001,15,218.9
10.19.2001-18:00:00,10,19,2001,18,228.83
10.19.2001-21:00:00,10,19,2001,21,233.98
10.20.2001-00:00:00,10,20,2001,00,236.58
10.20.2001-03:00:00,10,20,2001,03,239.05
10.20.2001-06:00:00,10,20,2001,06,239.16
10.20.2001-09:00:00,10,20,2001,09,240.44
10.20.2001-12:00:00,10,20,2001,12,213.17
10.20.2001-15:00:00,10,20,2001,15,217.95
10.20.2001-18:00:00,10,20,2001,18,230.35
10.20.2001-21:00:00,10,20,2001,21,234.01
10.21.2001-00:00:00,10,21,2001,00,237.02
10.21.2001-03:00:00,10,21,2001,03,238.24
10.21.2001-06:00:00,10,21,2001,06,238.19
10.21.2001-09:00:00,10,21,2001,09,288.95
10.21.2001-12:00:00,10,21,2001,12,235.6
10.21.2001-15:00:00,10,21,2001,15,234.27
10.21.2001-18:00:00,10,21,2001,18,238.06
10.21.2001-21:00:00,10,21,2001,21,238.34
10.22.2001-00:00:00,10,22,2001,00,239.24
10.22.2001-03:00:00,10,22,2001,03,238.42
10.22.2001-06:00:00,10,22,2001,06,238.28
10.22.2001-09:00:00,10,22,2001,09,238.23
10.22.2001-12:00:00,10,22,2001,12,238.55
10.22.2001-15:00:00,10,22,2001,15,238.14
10.22.2001-18:00:00,10,22,2001,18,238.06
10.22.2001-21:00:00,10,22,2001,21,237.98
10.23.2001-00:00:00,10,23,2001,00,237.89
10.23.2001-03:00:00,10,23,2001,03,237.81
10.23.2001-06:00:00,10,23,2001,06,237.88
10.23.2001-09:00:00,10,23,2001,09,236.08
10.23.2001-12:00:00,10,23,2001,12,287.39
10.23.2001-15:00:00,10,23,2001,15,246.13
10.23.2001-18:00:00,10,23,2001,18,238.67
10.23.2001-21:00:00,10,23,2001,21,238.35
10.24.2001-00:00:00,10,24,2001,00,238.37
10.24.2001-03:00:00,10,24,2001,03,238.36
10.24.2001-06:00:00,10,24,2001,06,238.3
10.24.2001-09:00:00,10,24,2001,09,236.24
10.24.2001-12:00:00,10,24,2001,12,232.68
10.24.2001-15:00:00,10,24,2001,15,237.44
10.24.2001-18:00:00,10,24,2001,18,237.82
10.24.2001-21:00:00,10,24,2001,21,237.75
10.25.2001-00:00:00,10,25,2001,00,237.68
10.25.2001-03:00:00,10,25,2001,03,237.61
10.25.2001-06:00:00,10,25,2001,06,237.53
10.25.2001-09:00:00,10,25,2001,09,237.03
10.25.2001-12:00:00,10,25,2001,12,236.63
10.25.2001-15:00:00,10,25,2001,15,237.25
10.25.2001-18:00:00,10,25,2001,18,237.24
10.25.2001-21:00:00,10,25,2001,21,237.16
10.26.2001-00:00:00,10,26,2001,00,237.08
10.26.2001-03:00:00,10,26,2001,03,237
10.26.2001-06:00:00,10,26,2001,06,236.91
10.26.2001-09:00:00,10,26,2001,09,236.27
10.26.2001-12:00:00,10,26,2001,12,235.93
10.26.2001-15:00:00,10,26,2001,15,236.43
10.26.2001-18:00:00,10,26,2001,18,236.57
10.26.2001-21:00:00,10,26,2001,21,236.49
10.27.2001-00:00:00,10,27,2001,00,236.4
10.27.2001-03:00:00,10,27,2001,03,236.31
10.27.2001-06:00:00,10,27,2001,06,236.21
10.27.2001-09:00:00,10,27,2001,09,233.53
10.27.2001-12:00:00,10,27,2001,12,228.99
10.27.2001-15:00:00,10,27,2001,15,233.08
10.27.2001-18:00:00,10,27,2001,18,235.49
10.27.2001-21:00:00,10,27,2001,21,235.59
10.28.2001-00:00:00,10,28,2001,00,235.5
10.28.2001-03:00:00,10,28,2001,03,235.39
10.28.2001-06:00:00,10,28,2001,06,235.29
10.28.2001-09:00:00,10,28,2001,09,234.17
10.28.2001-12:00:00,10,28,2001,12,229.81
10.28.2001-15:00:00,10,28,2001,15,234.43
10.28.2001-18:00:00,10,28,2001,18,234.78
10.28.2001-21:00:00,10,28,2001,21,234.69
10.29.2001-00:00:00,10,29,2001,00,234.57
10.29.2001-03:00:00,10,29,2001,03,234.46
10.29.2001-06:00:00,10,29,2001,06,234.35
10.29.2001-09:00:00,10,29,2001,09,234.23
10.29.2001-12:00:00,10,29,2001,12,231.51
10.29.2001-15:00:00,10,29,2001,15,233.73
10.29.2001-18:00:00,10,29,2001,18,233.84
10.29.2001-21:00:00,10,29,2001,21,233.72
10.30.2001-00:00:00,10,30,2001,00,233.6
10.30.2001-03:00:00,10,30,2001,03,233.48
10.30.2001-06:00:00,10,30,2001,06,233.36
10.30.2001-09:00:00,10,30,2001,09,233.24
10.30.2001-12:00:00,10,30,2001,12,233.13
10.30.2001-15:00:00,10,30,2001,15,233.01
10.30.2001-18:00:00,10,30,2001,18,232.89
10.30.2001-21:00:00,10,30,2001,21,232.77
10.31.2001-00:00:00,10,31,2001,00,232.65
10.31.2001-03:00:00,10,31,2001,03,232.53
10.31.2001-06:00:00,10,31,2001,06,232.41
10.31.2001-09:00:00,10,31,2001,09,232.29
10.31.2001-12:00:00,10,31,2001,12,231.58
10.31.2001-15:00:00,10,31,2001,15,232.48
10.31.2001-18:00:00,10,31,2001,18,232.64
10.31.2001-21:00:00,10,31,2001,21,232.66
11.01.2001-00:00:00,11,01,2001,00,232.66
11.01.2001-03:00:00,11,01,2001,03,232.65
11.01.2001-06:00:00,11,01,2001,06,232.62
11.01.2001-09:00:00,11,01,2001,09,231.73
11.01.2001-12:00:00,11,01,2001,12,230.31
11.01.2001-15:00:00,11,01,2001,15,232.03
11.01.2001-18:00:00,11,01,2001,18,232.11
11.01.2001-21:00:00,11,01,2001,21,231.98
11.02.2001-00:00:00,11,02,2001,00,231.88
11.02.2001-03:00:00,11,02,2001,03,231.74
11.02.2001-06:00:00,11,02,2001,06,231.64
11.02.2001-09:00:00,11,02,2001,09,230.28
11.02.2001-12:00:00,11,02,2001,12,229.45
11.02.2001-15:00:00,11,02,2001,15,230.49
11.02.2001-18:00:00,11,02,2001,18,231.03
11.02.2001-21:00:00,11,02,2001,21,230.93
11.03.2001-00:00:00,11,03,2001,00,230.83
11.03.2001-03:00:00,11,03,2001,03,230.68
11.03.2001-06:00:00,11,03,2001,06,230.57
11.03.2001-09:00:00,11,03,2001,09,229.33
11.03.2001-12:00:00,11,03,2001,12,228.23
11.03.2001-15:00:00,11,03,2001,15,229.92
11.03.2001-18:00:00,11,03,2001,18,229.98
11.03.2001-21:00:00,11,03,2001,21,229.83
11.04.2001-00:00:00,11,04,2001,00,229.38
11.04.2001-03:00:00,11,04,2001,03,229.53
11.04.2001-06:00:00,11,04,2001,06,229.11
11.04.2001-09:00:00,11,04,2001,09,227.74
11.04.2001-12:00:00,11,04,2001,12,226.36
11.04.2001-15:00:00,11,04,2001,15,227.99
11.04.2001-18:00:00,11,04,2001,18,228.46
11.04.2001-21:00:00,11,04,2001,21,228.34
11.05.2001-00:00:00,11,05,2001,00,228.54
11.05.2001-03:00:00,11,05,2001,03,228.1
11.05.2001-06:00:00,11,05,2001,06,228.31
11.05.2001-09:00:00,11,05,2001,09,227.62
11.05.2001-12:00:00,11,05,2001,12,226.92
11.05.2001-15:00:00,11,05,2001,15,227.96
11.05.2001-18:00:00,11,05,2001,18,228.26
11.05.2001-21:00:00,11,05,2001,21,228.12
11.06.2001-00:00:00,11,06,2001,00,227.95
11.06.2001-03:00:00,11,06,2001,03,227.82
11.06.2001-06:00:00,11,06,2001,06,227.65
11.06.2001-09:00:00,11,06,2001,09,227.48
11.06.2001-12:00:00,11,06,2001,12,226.3
11.06.2001-15:00:00,11,06,2001,15,227.06
11.06.2001-18:00:00,11,06,2001,18,226.99
11.06.2001-21:00:00,11,06,2001,21,226.85
11.07.2001-00:00:00,11,07,2001,00,226.68
11.07.2001-03:00:00,11,07,2001,03,226.51
11.07.2001-06:00:00,11,07,2001,06,226.37
11.07.2001-09:00:00,11,07,2001,09,226.2
11.07.2001-12:00:00,11,07,2001,12,226.03
11.07.2001-15:00:00,11,07,2001,15,225.88
11.07.2001-18:00:00,11,07,2001,18,225.71
11.07.2001-21:00:00,11,07,2001,21,225.54
11.08.2001-00:00:00,11,08,2001,00,225.39
11.08.2001-03:00:00,11,08,2001,03,225.22
11.08.2001-06:00:00,11,08,2001,06,225.04
11.08.2001-09:00:00,11,08,2001,09,224.86
11.08.2001-12:00:00,11,08,2001,12,223.6
11.08.2001-15:00:00,11,08,2001,15,224.42
11.08.2001-18:00:00,11,08,2001,18,224.34
11.08.2001-21:00:00,11,08,2001,21,224.17
11.09.2001-00:00:00,11,09,2001,00,224.02
11.09.2001-03:00:00,11,09,2001,03,223.84
11.09.2001-06:00:00,11,09,2001,06,223.66
11.09.2001-09:00:00,11,09,2001,09,223.48
11.09.2001-12:00:00,11,09,2001,12,222.18
11.09.2001-15:00:00,11,09,2001,15,223.03
11.09.2001-18:00:00,11,09,2001,18,222.95
11.09.2001-21:00:00,11,09,2001,21,222.76
11.10.2001-00:00:00,11,10,2001,00,222.58
11.10.2001-03:00:00,11,10,2001,03,222.4
11.10.2001-06:00:00,11,10,2001,06,222.22
11.10.2001-09:00:00,11,10,2001,09,222.07
11.10.2001-12:00:00,11,10,2001,12,220.92
11.10.2001-15:00:00,11,10,2001,15,221.6
11.10.2001-18:00:00,11,10,2001,18,221.51
11.10.2001-21:00:00,11,10,2001,21,221.33
11.11.2001-00:00:00,11,11,2001,00,221.15
11.11.2001-03:00:00,11,11,2001,03,220.98
11.11.2001-06:00:00,11,11,2001,06,220.8
11.11.2001-09:00:00,11,11,2001,09,220.65
11.11.2001-12:00:00,11,11,2001,12,219.23
11.11.2001-15:00:00,11,11,2001,15,220.16
11.11.2001-18:00:00,11,11,2001,18,220.09
11.11.2001-21:00:00,11,11,2001,21,219.92
11.12.2001-00:00:00,11,12,2001,00,219.74
11.12.2001-03:00:00,11,12,2001,03,219.57
11.12.2001-06:00:00,11,12,2001,06,219.39
11.12.2001-09:00:00,11,12,2001,09,219.22
11.12.2001-12:00:00,11,12,2001,12,218.94
11.12.2001-15:00:00,11,12,2001,15,218.85
11.12.2001-18:00:00,11,12,2001,18,218.69
11.12.2001-21:00:00,11,12,2001,21,218.51
11.13.2001-00:00:00,11,13,2001,00,218.34
11.13.2001-03:00:00,11,13,2001,03,218.17
11.13.2001-06:00:00,11,13,2001,06,217.99
11.13.2001-09:00:00,11,13,2001,09,217.71
11.13.2001-12:00:00,11,13,2001,12,217.33
11.13.2001-15:00:00,11,13,2001,15,217.43
11.13.2001-18:00:00,11,13,2001,18,217.29
11.13.2001-21:00:00,11,13,2001,21,217.12
11.14.2001-00:00:00,11,14,2001,00,217.05
11.14.2001-03:00:00,11,14,2001,03,217.18
11.14.2001-06:00:00,11,14,2001,06,217.56
11.14.2001-09:00:00,11,14,2001,09,229.75
11.14.2001-12:00:00,11,14,2001,12,339.29
11.14.2001-15:00:00,11,14,2001,15,349.82
11.14.2001-18:00:00,11,14,2001,18,337.1
11.14.2001-21:00:00,11,14,2001,21,337.61
11.15.2001-00:00:00,11,15,2001,00,241.64
11.15.2001-03:00:00,11,15,2001,03,233.05
11.15.2001-06:00:00,11,15,2001,06,233.42
11.15.2001-09:00:00,11,15,2001,09,233.91
11.15.2001-12:00:00,11,15,2001,12,234.65
11.15.2001-15:00:00,11,15,2001,15,240.14
11.15.2001-18:00:00,11,15,2001,18,236.67
11.15.2001-21:00:00,11,15,2001,21,236.79
11.16.2001-00:00:00,11,16,2001,00,237.46
11.16.2001-03:00:00,11,16,2001,03,238.14
11.16.2001-06:00:00,11,16,2001,06,238.82
11.16.2001-09:00:00,11,16,2001,09,238.81
11.16.2001-12:00:00,11,16,2001,12,238.32
11.16.2001-15:00:00,11,16,2001,15,240.52
11.16.2001-18:00:00,11,16,2001,18,241.34
11.16.2001-21:00:00,11,16,2001,21,241.97
11.17.2001-00:00:00,11,17,2001,00,242.59
11.17.2001-03:00:00,11,17,2001,03,243.2
11.17.2001-06:00:00,11,17,2001,06,243.8
11.17.2001-09:00:00,11,17,2001,09,243.89
11.17.2001-12:00:00,11,17,2001,12,243.81
11.17.2001-15:00:00,11,17,2001,15,245.31
11.17.2001-18:00:00,11,17,2001,18,245.99
11.17.2001-21:00:00,11,17,2001,21,246.59
11.18.2001-00:00:00,11,18,2001,00,247.13
11.18.2001-03:00:00,11,18,2001,03,247.64
11.18.2001-06:00:00,11,18,2001,06,248.14
11.18.2001-09:00:00,11,18,2001,09,250.93
11.18.2001-12:00:00,11,18,2001,12,256.18
11.18.2001-15:00:00,11,18,2001,15,256.22
11.18.2001-18:00:00,11,18,2001,18,256.14
11.18.2001-21:00:00,11,18,2001,21,256.05
11.19.2001-00:00:00,11,19,2001,00,255.97
11.19.2001-03:00:00,11,19,2001,03,255.88
11.19.2001-06:00:00,11,19,2001,06,255.79
11.19.2001-09:00:00,11,19,2001,09,255.7
11.19.2001-12:00:00,11,19,2001,12,255.59
11.19.2001-15:00:00,11,19,2001,15,255.48
11.19.2001-18:00:00,11,19,2001,18,255.36
11.19.2001-21:00:00,11,19,2001,21,255.24
11.20.2001-00:00:00,11,20,2001,00,255.11
11.20.2001-03:00:00,11,20,2001,03,254.97
11.20.2001-06:00:00,11,20,2001,06,254.82
11.20.2001-09:00:00,11,20,2001,09,254.67
11.20.2001-12:00:00,11,20,2001,12,254.53
11.20.2001-15:00:00,11,20,2001,15,254.47
11.20.2001-18:00:00,11,20,2001,18,254.46
11.20.2001-21:00:00,11,20,2001,21,254.48
11.21.2001-00:00:00,11,21,2001,00,254.51
11.21.2001-03:00:00,11,21,2001,03,254.51
11.21.2001-06:00:00,11,21,2001,06,254.49
11.21.2001-09:00:00,11,21,2001,09,254.43
11.21.2001-12:00:00,11,21,2001,12,253.9
11.21.2001-15:00:00,11,21,2001,15,254.02
11.21.2001-18:00:00,11,21,2001,18,253.87
11.21.2001-21:00:00,11,21,2001,21,253.67
11.22.2001-00:00:00,11,22,2001,00,253.48
11.22.2001-03:00:00,11,22,2001,03,253.47
11.22.2001-06:00:00,11,22,2001,06,253.46
11.22.2001-09:00:00,11,22,2001,09,253.46
11.22.2001-12:00:00,11,22,2001,12,253.49
11.22.2001-15:00:00,11,22,2001,15,253.54
11.22.2001-18:00:00,11,22,2001,18,253.59
11.22.2001-21:00:00,11,22,2001,21,253.62
11.23.2001-00:00:00,11,23,2001,00,253.6
11.23.2001-03:00:00,11,23,2001,03,253.57
11.23.2001-06:00:00,11,23,2001,06,253.53
11.23.2001-09:00:00,11,23,2001,09,253.44
11.23.2001-12:00:00,11,23,2001,12,253.32
11.23.2001-15:00:00,11,23,2001,15,253.2
11.23.2001-18:00:00,11,23,2001,18,253.06
11.23.2001-21:00:00,11,23,2001,21,252.91
11.24.2001-00:00:00,11,24,2001,00,252.74
11.24.2001-03:00:00,11,24,2001,03,252.56
11.24.2001-06:00:00,11,24,2001,06,252.37
11.24.2001-09:00:00,11,24,2001,09,252.16
11.24.2001-12:00:00,11,24,2001,12,251.94
11.24.2001-15:00:00,11,24,2001,15,251.71
11.24.2001-18:00:00,11,24,2001,18,251.47
11.24.2001-21:00:00,11,24,2001,21,251.22
11.25.2001-00:00:00,11,25,2001,00,250.95
11.25.2001-03:00:00,11,25,2001,03,250.68
11.25.2001-06:00:00,11,25,2001,06,250.4
11.25.2001-09:00:00,11,25,2001,09,250.1
11.25.2001-12:00:00,11,25,2001,12,249.8
11.25.2001-15:00:00,11,25,2001,15,249.49
11.25.2001-18:00:00,11,25,2001,18,249.17
11.25.2001-21:00:00,11,25,2001,21,248.84
11.26.2001-00:00:00,11,26,2001,00,248.51
11.26.2001-03:00:00,11,26,2001,03,248.17
11.26.2001-06:00:00,11,26,2001,06,247.82
11.26.2001-09:00:00,11,26,2001,09,247.46
11.26.2001-12:00:00,11,26,2001,12,247.1
11.26.2001-15:00:00,11,26,2001,15,246.74
11.26.2001-18:00:00,11,26,2001,18,246.36
11.26.2001-21:00:00,11,26,2001,21,245.99
11.27.2001-00:00:00,11,27,2001,00,245.6
11.27.2001-03:00:00,11,27,2001,03,245.22
11.27.2001-06:00:00,11,27,2001,06,244.82
11.27.2001-09:00:00,11,27,2001,09,244.43
11.27.2001-12:00:00,11,27,2001,12,244.03
11.27.2001-15:00:00,11,27,2001,15,243.62
11.27.2001-18:00:00,11,27,2001,18,243.22
11.27.2001-21:00:00,11,27,2001,21,242.8
11.28.2001-00:00:00,11,28,2001,00,242.39
11.28.2001-03:00:00,11,28,2001,03,241.97
11.28.2001-06:00:00,11,28,2001,06,241.55
11.28.2001-09:00:00,11,28,2001,09,241.13
11.28.2001-12:00:00,11,28,2001,12,240.7
11.28.2001-15:00:00,11,28,2001,15,240.28
11.28.2001-18:00:00,11,28,2001,18,239.85
11.28.2001-21:00:00,11,28,2001,21,239.42
11.29.2001-00:00:00,11,29,2001,00,238.98
11.29.2001-03:00:00,11,29,2001,03,238.55
11.29.2001-06:00:00,11,29,2001,06,238.11
11.29.2001-09:00:00,11,29,2001,09,237.67
11.29.2001-12:00:00,11,29,2001,12,237.23
11.29.2001-15:00:00,11,29,2001,15,236.79
11.29.2001-18:00:00,11,29,2001,18,236.35
11.29.2001-21:00:00,11,29,2001,21,235.91
11.30.2001-00:00:00,11,30,2001,00,235.46
11.30.2001-03:00:00,11,30,2001,03,235.02
11.30.2001-06:00:00,11,30,2001,06,234.57
11.30.2001-09:00:00,11,30,2001,09,234.13
11.30.2001-12:00:00,11,30,2001,12,233.68
11.30.2001-15:00:00,11,30,2001,15,233.24
11.30.2001-18:00:00,11,30,2001,18,232.79
11.30.2001-21:00:00,11,30,2001,21,232.34
12.01.2001-00:00:00,12,01,2001,00,231.89
12.01.2001-03:00:00,12,01,2001,03,230.86
12.01.2001-06:00:00,12,01,2001,06,230.94
12.01.2001-09:00:00,12,01,2001,09,229.97
12.01.2001-12:00:00,12,01,2001,12,230.05
12.01.2001-15:00:00,12,01,2001,15,229.07
12.01.2001-18:00:00,12,01,2001,18,229.16
12.01.2001-21:00:00,12,01,2001,21,228.19
12.02.2001-00:00:00,12,02,2001,00,228.27
12.02.2001-03:00:00,12,02,2001,03,227.29
12.02.2001-06:00:00,12,02,2001,06,227.38
12.02.2001-09:00:00,12,02,2001,09,226.44
12.02.2001-12:00:00,12,02,2001,12,226.55
12.02.2001-15:00:00,12,02,2001,15,225.62
12.02.2001-18:00:00,12,02,2001,18,225.73
12.02.2001-21:00:00,12,02,2001,21,224.79
12.03.2001-00:00:00,12,03,2001,00,224.9
12.03.2001-03:00:00,12,03,2001,03,223.96
12.03.2001-06:00:00,12,03,2001,06,224.07
12.03.2001-09:00:00,12,03,2001,09,223.14
12.03.2001-12:00:00,12,03,2001,12,223.25
12.03.2001-15:00:00,12,03,2001,15,222.31
12.03.2001-18:00:00,12,03,2001,18,222.42
12.03.2001-21:00:00,12,03,2001,21,221.49
12.04.2001-00:00:00,12,04,2001,00,221.6
12.04.2001-03:00:00,12,04,2001,03,220.67
12.04.2001-06:00:00,12,04,2001,06,220.78
12.04.2001-09:00:00,12,04,2001,09,219.85
12.04.2001-12:00:00,12,04,2001,12,219.95
12.04.2001-15:00:00,12,04,2001,15,219.04
12.04.2001-18:00:00,12,04,2001,18,219.14
12.04.2001-21:00:00,12,04,2001,21,218.22
12.05.2001-00:00:00,12,05,2001,00,218.32
12.05.2001-03:00:00,12,05,2001,03,217.41
12.05.2001-06:00:00,12,05,2001,06,216.95
12.05.2001-09:00:00,12,05,2001,09,217.1
12.05.2001-12:00:00,12,05,2001,12,216.2
12.05.2001-15:00:00,12,05,2001,15,215.75
12.05.2001-18:00:00,12,05,2001,18,215.89
12.05.2001-21:00:00,12,05,2001,21,214.99
12.06.2001-00:00:00,12,06,2001,00,214.54
12.06.2001-03:00:00,12,06,2001,03,214.69
12.06.2001-06:00:00,12,06,2001,06,213.79
12.06.2001-09:00:00,12,06,2001,09,213.34
12.06.2001-12:00:00,12,06,2001,12,213.49
12.06.2001-15:00:00,12,06,2001,15,212.6
12.06.2001-18:00:00,12,06,2001,18,212.15
12.06.2001-21:00:00,12,06,2001,21,212.3
12.07.2001-00:00:00,12,07,2001,00,211.41
12.07.2001-03:00:00,12,07,2001,03,210.97
12.07.2001-06:00:00,12,07,2001,06,210.57
12.07.2001-09:00:00,12,07,2001,09,210.72
12.07.2001-12:00:00,12,07,2001,12,209.84
12.07.2001-15:00:00,12,07,2001,15,209.4
12.07.2001-18:00:00,12,07,2001,18,209.01
12.07.2001-21:00:00,12,07,2001,21,209.15
12.08.2001-00:00:00,12,08,2001,00,208.28
12.08.2001-03:00:00,12,08,2001,03,207.84
12.08.2001-06:00:00,12,08,2001,06,207.46
12.08.2001-09:00:00,12,08,2001,09,207.08
12.08.2001-12:00:00,12,08,2001,12,207.23
12.08.2001-15:00:00,12,08,2001,15,206.37
12.08.2001-18:00:00,12,08,2001,18,205.95
12.08.2001-21:00:00,12,08,2001,21,205.58
12.09.2001-00:00:00,12,09,2001,00,205.21
12.09.2001-03:00:00,12,09,2001,03,204.84
12.09.2001-06:00:00,12,09,2001,06,205
12.09.2001-09:00:00,12,09,2001,09,204.15
12.09.2001-12:00:00,12,09,2001,12,203.73
12.09.2001-15:00:00,12,09,2001,15,203.37
12.09.2001-18:00:00,12,09,2001,18,203
12.09.2001-21:00:00,12,09,2001,21,202.64
12.10.2001-00:00:00,12,10,2001,00,202.27
12.10.2001-03:00:00,12,10,2001,03,201.91
12.10.2001-06:00:00,12,10,2001,06,202.07
12.10.2001-09:00:00,12,10,2001,09,201.23
12.10.2001-12:00:00,12,10,2001,12,200.82
12.10.2001-15:00:00,12,10,2001,15,200.46
12.10.2001-18:00:00,12,10,2001,18,200.09
12.10.2001-21:00:00,12,10,2001,21,199.74
12.11.2001-00:00:00,12,11,2001,00,199.38
12.11.2001-03:00:00,12,11,2001,03,199.02
12.11.2001-06:00:00,12,11,2001,06,198.66
12.11.2001-09:00:00,12,11,2001,09,198.31
12.11.2001-12:00:00,12,11,2001,12,197.95
12.11.2001-15:00:00,12,11,2001,15,197.6
12.11.2001-18:00:00,12,11,2001,18,197.25
12.11.2001-21:00:00,12,11,2001,21,196.89
12.12.2001-00:00:00,12,12,2001,00,196.54
12.12.2001-03:00:00,12,12,2001,03,196.19
12.12.2001-06:00:00,12,12,2001,06,195.84
12.12.2001-09:00:00,12,12,2001,09,195.49
12.12.2001-12:00:00,12,12,2001,12,195.14
12.12.2001-15:00:00,12,12,2001,15,194.79
12.12.2001-18:00:00,12,12,2001,18,194.45
12.12.2001-21:00:00,12,12,2001,21,194.1
12.13.2001-00:00:00,12,13,2001,00,193.75
12.13.2001-03:00:00,12,13,2001,03,193.41
12.13.2001-06:00:00,12,13,2001,06,193.07
12.13.2001-09:00:00,12,13,2001,09,192.72
12.13.2001-12:00:00,12,13,2001,12,192.38
12.13.2001-15:00:00,12,13,2001,15,192.04
12.13.2001-18:00:00,12,13,2001,18,191.7
12.13.2001-21:00:00,12,13,2001,21,191.36
12.14.2001-00:00:00,12,14,2001,00,191.02
12.14.2001-03:00:00,12,14,2001,03,190.69
12.14.2001-06:00:00,12,14,2001,06,190.35
12.14.2001-09:00:00,12,14,2001,09,190.01
12.14.2001-12:00:00,12,14,2001,12,189.68
12.14.2001-15:00:00,12,14,2001,15,189.34
12.14.2001-18:00:00,12,14,2001,18,189.01
12.14.2001-21:00:00,12,14,2001,21,188.68
12.15.2001-00:00:00,12,15,2001,00,188.35
12.15.2001-03:00:00,12,15,2001,03,188.01
12.15.2001-06:00:00,12,15,2001,06,187.69
12.15.2001-09:00:00,12,15,2001,09,187.36
12.15.2001-12:00:00,12,15,2001,12,187.03
12.15.2001-15:00:00,12,15,2001,15,186.7
12.15.2001-18:00:00,12,15,2001,18,186.37
12.15.2001-21:00:00,12,15,2001,21,186.04
12.16.2001-00:00:00,12,16,2001,00,185.72
12.16.2001-03:00:00,12,16,2001,03,185.39
12.16.2001-06:00:00,12,16,2001,06,185.07
12.16.2001-09:00:00,12,16,2001,09,184.74
12.16.2001-12:00:00,12,16,2001,12,184.42
12.16.2001-15:00:00,12,16,2001,15,184.1
12.16.2001-18:00:00,12,16,2001,18,183.78
12.16.2001-21:00:00,12,16,2001,21,183.46
12.17.2001-00:00:00,12,17,2001,00,183.14
12.17.2001-03:00:00,12,17,2001,03,182.82
12.17.2001-06:00:00,12,17,2001,06,182.5
12.17.2001-09:00:00,12,17,2001,09,182.19
12.17.2001-12:00:00,12,17,2001,12,181.87
12.17.2001-15:00:00,12,17,2001,15,181.56
12.17.2001-18:00:00,12,17,2001,18,181.25
12.17.2001-21:00:00,12,17,2001,21,180.93
12.18.2001-00:00:00,12,18,2001,00,180.62
12.18.2001-03:00:00,12,18,2001,03,180.31
12.18.2001-06:00:00,12,18,2001,06,180
12.18.2001-09:00:00,12,18,2001,09,179.69
12.18.2001-12:00:00,12,18,2001,12,179.39
12.18.2001-15:00:00,12,18,2001,15,179.08
12.18.2001-18:00:00,12,18,2001,18,178.77
12.18.2001-21:00:00,12,18,2001,21,178.47
12.19.2001-00:00:00,12,19,2001,00,178.17
12.19.2001-03:00:00,12,19,2001,03,177.86
12.19.2001-06:00:00,12,19,2001,06,177.56
12.19.2001-09:00:00,12,19,2001,09,177.26
12.19.2001-12:00:00,12,19,2001,12,176.96
12.19.2001-15:00:00,12,19,2001,15,176.66
12.19.2001-18:00:00,12,19,2001,18,176.36
12.19.2001-21:00:00,12,19,2001,21,176.06
12.20.2001-00:00:00,12,20,2001,00,175.76
12.20.2001-03:00:00,12,20,2001,03,175.47
12.20.2001-06:00:00,12,20,2001,06,175.17
12.20.2001-09:00:00,12,20,2001,09,174.88
12.20.2001-12:00:00,12,20,2001,12,174.58
12.20.2001-15:00:00,12,20,2001,15,174.29
12.20.2001-18:00:00,12,20,2001,18,174
12.20.2001-21:00:00,12,20,2001,21,173.71
12.21.2001-00:00:00,12,21,2001,00,173.41
12.21.2001-03:00:00,12,21,2001,03,173.12
12.21.2001-06:00:00,12,21,2001,06,172.83
12.21.2001-09:00:00,12,21,2001,09,172.55
12.21.2001-12:00:00,12,21,2001,12,172.26
12.21.2001-15:00:00,12,21,2001,15,171.97
12.21.2001-18:00:00,12,21,2001,18,171.68
12.21.2001-21:00:00,12,21,2001,21,171.4
12.22.2001-00:00:00,12,22,2001,00,171.11
12.22.2001-03:00:00,12,22,2001,03,170.83
12.22.2001-06:00:00,12,22,2001,06,170.55
12.22.2001-09:00:00,12,22,2001,09,170.26
12.22.2001-12:00:00,12,22,2001,12,169.98
12.22.2001-15:00:00,12,22,2001,15,169.7
12.22.2001-18:00:00,12,22,2001,18,169.42
12.22.2001-21:00:00,12,22,2001,21,169.14
12.23.2001-00:00:00,12,23,2001,00,168.86
12.23.2001-03:00:00,12,23,2001,03,168.58
12.23.2001-06:00:00,12,23,2001,06,168.31
12.23.2001-09:00:00,12,23,2001,09,168.03
12.23.2001-12:00:00,12,23,2001,12,167.76
12.23.2001-15:00:00,12,23,2001,15,167.48
12.23.2001-18:00:00,12,23,2001,18,167.21
12.23.2001-21:00:00,12,23,2001,21,166.94
12.24.2001-00:00:00,12,24,2001,00,166.66
12.24.2001-03:00:00,12,24,2001,03,166.39
12.24.2001-06:00:00,12,24,2001,06,166.12
12.24.2001-09:00:00,12,24,2001,09,165.85
12.24.2001-12:00:00,12,24,2001,12,165.58
12.24.2001-15:00:00,12,24,2001,15,165.32
12.24.2001-18:00:00,12,24,2001,18,165.05
12.24.2001-21:00:00,12,24,2001,21,164.78
12.25.2001-00:00:00,12,25,2001,00,164.52
12.25.2001-03:00:00,12,25,2001,03,164.25
12.25.2001-06:00:00,12,25,2001,06,163.99
12.25.2001-09:00:00,12,25,2001,09,163.72
12.25.2001-12:00:00,12,25,2001,12,163.46
12.25.2001-15:00:00,12,25,2001,15,163.2
12.25.2001-18:00:00,12,25,2001,18,162.94
12.25.2001-21:00:00,12,25,2001,21,162.68
12.26.2001-00:00:00,12,26,2001,00,162.42
12.26.2001-03:00:00,12,26,2001,03,162.16
12.26.2001-06:00:00,12,26,2001,06,161.9
12.26.2001-09:00:00,12,26,2001,09,161.64
12.26.2001-12:00:00,12,26,2001,12,161.39
12.26.2001-15:00:00,12,26,2001,15,161.13
12.26.2001-18:00:00,12,26,2001,18,160.87
12.26.2001-21:00:00,12,26,2001,21,160.62
12.27.2001-00:00:00,12,27,2001,00,160.36
12.27.2001-03:00:00,12,27,2001,03,160.11
12.27.2001-06:00:00,12,27,2001,06,159.86
12.27.2001-09:00:00,12,27,2001,09,159.61
12.27.2001-12:00:00,12,27,2001,12,159.35
12.27.2001-15:00:00,12,27,2001,15,159.1
12.27.2001-18:00:00,12,27,2001,18,158.85
12.27.2001-21:00:00,12,27,2001,21,158.6
12.28.2001-00:00:00,12,28,2001,00,158.35
12.28.2001-03:00:00,12,28,2001,03,158.1
12.28.2001-06:00:00,12,28,2001,06,157.86
12.28.2001-09:00:00,12,28,2001,09,157.61
12.28.2001-12:00:00,12,28,2001,12,157.36
12.28.2001-15:00:00,12,28,2001,15,157.12
12.28.2001-18:00:00,12,28,2001,18,156.87
12.28.2001-21:00:00,12,28,2001,21,156.63
12.29.2001-00:00:00,12,29,2001,00,156.38
12.29.2001-03:00:00,12,29,2001,03,156.14
12.29.2001-06:00:00,12,29,2001,06,155.9
12.29.2001-09:00:00,12,29,2001,09,155.66
12.29.2001-12:00:00,12,29,2001,12,155.41
12.29.2001-15:00:00,12,29,2001,15,155.17
12.29.2001-18:00:00,12,29,2001,18,154.93
12.29.2001-21:00:00,12,29,2001,21,154.69
12.30.2001-00:00:00,12,30,2001,00,154.45
12.30.2001-03:00:00,12,30,2001,03,154.22
12.30.2001-06:00:00,12,30,2001,06,153.98
12.30.2001-09:00:00,12,30,2001,09,153.74
12.30.2001-12:00:00,12,30,2001,12,153.5
12.30.2001-15:00:00,12,30,2001,15,153.27
12.30.2001-18:00:00,12,30,2001,18,153.03
12.30.2001-21:00:00,12,30,2001,21,152.8
12.31.2001-00:00:00,12,31,2001,00,152.56
12.31.2001-03:00:00,12,31,2001,03,152.33
12.31.2001-06:00:00,12,31,2001,06,152.1
12.31.2001-09:00:00,12,31,2001,09,151.86
12.31.2001-12:00:00,12,31,2001,12,151.63
12.31.2001-15:00:00,12,31,2001,15,151.4
12.31.2001-18:00:00,12,31,2001,18,151.17
12.31.2001-21:00:00,12,31,2001,21,150.94
01.01.2002-00:00:00,01,01,2002,00,150.71
01.01.2002-03:00:00,01,01,2002,03,150.48
01.01.2002-06:00:00,01,01,2002,06,150.25
01.01.2002-09:00:00,01,01,2002,09,150.02
01.01.2002-12:00:00,01,01,2002,12,149.8
01.01.2002-15:00:00,01,01,2002,15,149.57
01.01.2002-18:00:00,01,01,2002,18,149.34
01.01.2002-21:00:00,01,01,2002,21,149.12
01.02.2002-00:00:00,01,02,2002,00,148.89
01.02.2002-03:00:00,01,02,2002,03,148.67
01.02.2002-06:00:00,01,02,2002,06,148.44
01.02.2002-09:00:00,01,02,2002,09,148.22
01.02.2002-12:00:00,01,02,2002,12,147.99
01.02.2002-15:00:00,01,02,2002,15,147.77
01.02.2002-18:00:00,01,02,2002,18,147.55
01.02.2002-21:00:00,01,02,2002,21,147.33
01.03.2002-00:00:00,01,03,2002,00,147.11
01.03.2002-03:00:00,01,03,2002,03,146.89
01.03.2002-06:00:00,01,03,2002,06,146.67
01.03.2002-09:00:00,01,03,2002,09,146.45
01.03.2002-12:00:00,01,03,2002,12,146.23
01.03.2002-15:00:00,01,03,2002,15,146.01
01.03.2002-18:00:00,01,03,2002,18,145.79
01.03.2002-21:00:00,01,03,2002,21,145.57
01.04.2002-00:00:00,01,04,2002,00,145.36
01.04.2002-03:00:00,01,04,2002,03,145.14
01.04.2002-06:00:00,01,04,2002,06,144.93
01.04.2002-09:00:00,01,04,2002,09,144.71
01.04.2002-12:00:00,01,04,2002,12,144.5
01.04.2002-15:00:00,01,04,2002,15,144.28
01.04.2002-18:00:00,01,04,2002,18,144.07
01.04.2002-21:00:00,01,04,2002,21,143.85
01.05.2002-00:00:00,01,05,2002,00,143.64
01.05.2002-03:00:00,01,05,2002,03,143.43
01.05.2002-06:00:00,01,05,2002,06,143.22
01.05.2002-09:00:00,01,05,2002,09,143
01.05.2002-12:00:00,01,05,2002,12,142.79
01.05.2002-15:00:00,01,05,2002,15,142.58
01.05.2002-18:00:00,01,05,2002,18,142.37
01.05.2002-21:00:00,01,05,2002,21,142.16
01.06.2002-00:00:00,01,06,2002,00,141.95
01.06.2002-03:00:00,01,06,2002,03,141.73
01.06.2002-06:00:00,01,06,2002,06,141.53
01.06.2002-09:00:00,01,06,2002,09,141.31
01.06.2002-12:00:00,01,06,2002,12,141.1
01.06.2002-15:00:00,01,06,2002,15,140.88
01.06.2002-18:00:00,01,06,2002,18,140.68
01.06.2002-21:00:00,01,06,2002,21,140.46
01.07.2002-00:00:00,01,07,2002,00,140.26
01.07.2002-03:00:00,01,07,2002,03,140.05
01.07.2002-06:00:00,01,07,2002,06,139.83
01.07.2002-09:00:00,01,07,2002,09,139.63
01.07.2002-12:00:00,01,07,2002,12,139.42
01.07.2002-15:00:00,01,07,2002,15,139.21
01.07.2002-18:00:00,01,07,2002,18,139.01
01.07.2002-21:00:00,01,07,2002,21,138.8
01.08.2002-00:00:00,01,08,2002,00,138.59
01.08.2002-03:00:00,01,08,2002,03,138.38
01.08.2002-06:00:00,01,08,2002,06,138.18
01.08.2002-09:00:00,01,08,2002,09,137.97
01.08.2002-12:00:00,01,08,2002,12,137.77
01.08.2002-15:00:00,01,08,2002,15,137.56
01.08.2002-18:00:00,01,08,2002,18,137.36
01.08.2002-21:00:00,01,08,2002,21,137.15
01.09.2002-00:00:00,01,09,2002,00,136.96
01.09.2002-03:00:00,01,09,2002,03,136.76
01.09.2002-06:00:00,01,09,2002,06,136.55
01.09.2002-09:00:00,01,09,2002,09,136.35
01.09.2002-12:00:00,01,09,2002,12,136.15
01.09.2002-15:00:00,01,09,2002,15,135.95
01.09.2002-18:00:00,01,09,2002,18,135.75
01.09.2002-21:00:00,01,09,2002,21,135.55
01.10.2002-00:00:00,01,10,2002,00,135.35
01.10.2002-03:00:00,01,10,2002,03,135.15
01.10.2002-06:00:00,01,10,2002,06,134.96
01.10.2002-09:00:00,01,10,2002,09,134.76
01.10.2002-12:00:00,01,10,2002,12,134.56
01.10.2002-15:00:00,01,10,2002,15,134.37
01.10.2002-18:00:00,01,10,2002,18,134.17
01.10.2002-21:00:00,01,10,2002,21,133.98
01.11.2002-00:00:00,01,11,2002,00,133.78
01.11.2002-03:00:00,01,11,2002,03,133.59
01.11.2002-06:00:00,01,11,2002,06,133.4
01.11.2002-09:00:00,01,11,2002,09,133.2
01.11.2002-12:00:00,01,11,2002,12,133.01
01.11.2002-15:00:00,01,11,2002,15,132.82
01.11.2002-18:00:00,01,11,2002,18,132.63
01.11.2002-21:00:00,01,11,2002,21,132.44
01.12.2002-00:00:00,01,12,2002,00,132.25
01.12.2002-03:00:00,01,12,2002,03,132.06
01.12.2002-06:00:00,01,12,2002,06,131.87
01.12.2002-09:00:00,01,12,2002,09,131.68
01.12.2002-12:00:00,01,12,2002,12,131.49
01.12.2002-15:00:00,01,12,2002,15,131.31
01.12.2002-18:00:00,01,12,2002,18,131.12
01.12.2002-21:00:00,01,12,2002,21,130.93
01.13.2002-00:00:00,01,13,2002,00,130.75
01.13.2002-03:00:00,01,13,2002,03,130.56
01.13.2002-06:00:00,01,13,2002,06,130.38
01.13.2002-09:00:00,01,13,2002,09,130.19
01.13.2002-12:00:00,01,13,2002,12,130.01
01.13.2002-15:00:00,01,13,2002,15,129.83
01.13.2002-18:00:00,01,13,2002,18,129.66
01.13.2002-21:00:00,01,13,2002,21,129.48
01.14.2002-00:00:00,01,14,2002,00,129.31
01.14.2002-03:00:00,01,14,2002,03,129.14
01.14.2002-06:00:00,01,14,2002,06,128.97
01.14.2002-09:00:00,01,14,2002,09,128.79
01.14.2002-12:00:00,01,14,2002,12,128.62
01.14.2002-15:00:00,01,14,2002,15,128.45
01.14.2002-18:00:00,01,14,2002,18,128.28
01.14.2002-21:00:00,01,14,2002,21,128.11
01.15.2002-00:00:00,01,15,2002,00,127.94
01.15.2002-03:00:00,01,15,2002,03,127.77
01.15.2002-06:00:00,01,15,2002,06,127.59
01.15.2002-09:00:00,01,15,2002,09,127.43
01.15.2002-12:00:00,01,15,2002,12,127.26
01.15.2002-15:00:00,01,15,2002,15,127.09
01.15.2002-18:00:00,01,15,2002,18,126.92
01.15.2002-21:00:00,01,15,2002,21,126.76
01.16.2002-00:00:00,01,16,2002,00,126.6
01.16.2002-03:00:00,01,16,2002,03,126.44
01.16.2002-06:00:00,01,16,2002,06,126.28
01.16.2002-09:00:00,01,16,2002,09,126.12
01.16.2002-12:00:00,01,16,2002,12,125.96
01.16.2002-15:00:00,01,16,2002,15,125.8
01.16.2002-18:00:00,01,16,2002,18,125.65
01.16.2002-21:00:00,01,16,2002,21,125.49
01.17.2002-00:00:00,01,17,2002,00,125.33
01.17.2002-03:00:00,01,17,2002,03,125.17
01.17.2002-06:00:00,01,17,2002,06,125.01
01.17.2002-09:00:00,01,17,2002,09,124.86
01.17.2002-12:00:00,01,17,2002,12,124.7
01.17.2002-15:00:00,01,17,2002,15,124.54
01.17.2002-18:00:00,01,17,2002,18,124.39
01.17.2002-21:00:00,01,17,2002,21,124.23
01.18.2002-00:00:00,01,18,2002,00,124.07
01.18.2002-03:00:00,01,18,2002,03,123.92
01.18.2002-06:00:00,01,18,2002,06,123.76
01.18.2002-09:00:00,01,18,2002,09,123.6
01.18.2002-12:00:00,01,18,2002,12,123.38
01.18.2002-15:00:00,01,18,2002,15,123.23
01.18.2002-18:00:00,01,18,2002,18,123.07
01.18.2002-21:00:00,01,18,2002,21,122.92
01.19.2002-00:00:00,01,19,2002,00,122.77
01.19.2002-03:00:00,01,19,2002,03,122.62
01.19.2002-06:00:00,01,19,2002,06,122.46
01.19.2002-09:00:00,01,19,2002,09,122.31
01.19.2002-12:00:00,01,19,2002,12,122.16
01.19.2002-15:00:00,01,19,2002,15,122.01
01.19.2002-18:00:00,01,19,2002,18,121.86
01.19.2002-21:00:00,01,19,2002,21,121.71
01.20.2002-00:00:00,01,20,2002,00,121.56
01.20.2002-03:00:00,01,20,2002,03,121.41
01.20.2002-06:00:00,01,20,2002,06,121.26
01.20.2002-09:00:00,01,20,2002,09,121.11
01.20.2002-12:00:00,01,20,2002,12,120.96
01.20.2002-15:00:00,01,20,2002,15,120.81
01.20.2002-18:00:00,01,20,2002,18,120.66
01.20.2002-21:00:00,01,20,2002,21,120.51
01.21.2002-00:00:00,01,21,2002,00,120.36
01.21.2002-03:00:00,01,21,2002,03,120.21
01.21.2002-06:00:00,01,21,2002,06,120.06
01.21.2002-09:00:00,01,21,2002,09,119.92
01.21.2002-12:00:00,01,21,2002,12,119.77
01.21.2002-15:00:00,01,21,2002,15,119.62
01.21.2002-18:00:00,01,21,2002,18,119.47
01.21.2002-21:00:00,01,21,2002,21,119.33
01.22.2002-00:00:00,01,22,2002,00,119.18
01.22.2002-03:00:00,01,22,2002,03,119.03
01.22.2002-06:00:00,01,22,2002,06,118.88
01.22.2002-09:00:00,01,22,2002,09,118.74
01.22.2002-12:00:00,01,22,2002,12,118.59
01.22.2002-15:00:00,01,22,2002,15,118.44
01.22.2002-18:00:00,01,22,2002,18,118.3
01.22.2002-21:00:00,01,22,2002,21,118.15
01.23.2002-00:00:00,01,23,2002,00,118
01.23.2002-03:00:00,01,23,2002,03,117.86
01.23.2002-06:00:00,01,23,2002,06,117.71
01.23.2002-09:00:00,01,23,2002,09,117.57
01.23.2002-12:00:00,01,23,2002,12,117.42
01.23.2002-15:00:00,01,23,2002,15,117.28
01.23.2002-18:00:00,01,23,2002,18,117.13
01.23.2002-21:00:00,01,23,2002,21,116.99
01.24.2002-00:00:00,01,24,2002,00,116.84
01.24.2002-03:00:00,01,24,2002,03,116.7
01.24.2002-06:00:00,01,24,2002,06,116.56
01.24.2002-09:00:00,01,24,2002,09,116.24
01.24.2002-12:00:00,01,24,2002,12,116.09
01.24.2002-15:00:00,01,24,2002,15,115.95
01.24.2002-18:00:00,01,24,2002,18,115.81
01.24.2002-21:00:00,01,24,2002,21,115.67
01.25.2002-00:00:00,01,25,2002,00,115.53
01.25.2002-03:00:00,01,25,2002,03,115.39
01.25.2002-06:00:00,01,25,2002,06,115.25
01.25.2002-09:00:00,01,25,2002,09,115.11
01.25.2002-12:00:00,01,25,2002,12,114.97
01.25.2002-15:00:00,01,25,2002,15,114.83
01.25.2002-18:00:00,01,25,2002,18,114.69
01.25.2002-21:00:00,01,25,2002,21,114.56
01.26.2002-00:00:00,01,26,2002,00,114.42
01.26.2002-03:00:00,01,26,2002,03,114.28
01.26.2002-06:00:00,01,26,2002,06,114.14
01.26.2002-09:00:00,01,26,2002,09,114
01.26.2002-12:00:00,01,26,2002,12,113.86
01.26.2002-15:00:00,01,26,2002,15,113.73
01.26.2002-18:00:00,01,26,2002,18,113.59
01.26.2002-21:00:00,01,26,2002,21,113.45
01.27.2002-00:00:00,01,27,2002,00,113.31
01.27.2002-03:00:00,01,27,2002,03,113.18
01.27.2002-06:00:00,01,27,2002,06,113.04
01.27.2002-09:00:00,01,27,2002,09,112.9
01.27.2002-12:00:00,01,27,2002,12,112.77
01.27.2002-15:00:00,01,27,2002,15,112.63
01.27.2002-18:00:00,01,27,2002,18,112.49
01.27.2002-21:00:00,01,27,2002,21,112.36
01.28.2002-00:00:00,01,28,2002,00,112.22
01.28.2002-03:00:00,01,28,2002,03,112.09
01.28.2002-06:00:00,01,28,2002,06,111.95
01.28.2002-09:00:00,01,28,2002,09,111.81
01.28.2002-12:00:00,01,28,2002,12,111.68
01.28.2002-15:00:00,01,28,2002,15,111.54
01.28.2002-18:00:00,01,28,2002,18,111.41
01.28.2002-21:00:00,01,28,2002,21,111.27
01.29.2002-00:00:00,01,29,2002,00,111.14
01.29.2002-03:00:00,01,29,2002,03,111.01
01.29.2002-06:00:00,01,29,2002,06,110.87
01.29.2002-09:00:00,01,29,2002,09,110.74
01.29.2002-12:00:00,01,29,2002,12,110.6
01.29.2002-15:00:00,01,29,2002,15,110.47
01.29.2002-18:00:00,01,29,2002,18,110.33
01.29.2002-21:00:00,01,29,2002,21,110.2
01.30.2002-00:00:00,01,30,2002,00,110.07
01.30.2002-03:00:00,01,30,2002,03,109.93
01.30.2002-06:00:00,01,30,2002,06,109.8
01.30.2002-09:00:00,01,30,2002,09,109.67
01.30.2002-12:00:00,01,30,2002,12,109.54
01.30.2002-15:00:00,01,30,2002,15,109.4
01.30.2002-18:00:00,01,30,2002,18,109.27
01.30.2002-21:00:00,01,30,2002,21,109.14
01.31.2002-00:00:00,01,31,2002,00,109.01
01.31.2002-03:00:00,01,31,2002,03,108.88
01.31.2002-06:00:00,01,31,2002,06,108.75
01.31.2002-09:00:00,01,31,2002,09,108.61
01.31.2002-12:00:00,01,31,2002,12,108.48
01.31.2002-15:00:00,01,31,2002,15,108.35
01.31.2002-18:00:00,01,31,2002,18,108.22
01.31.2002-21:00:00,01,31,2002,21,108.09
02.01.2002-00:00:00,02,01,2002,00,107.96
02.01.2002-03:00:00,02,01,2002,03,107.83
02.01.2002-06:00:00,02,01,2002,06,107.7
02.01.2002-09:00:00,02,01,2002,09,107.58
02.01.2002-12:00:00,02,01,2002,12,107.45
02.01.2002-15:00:00,02,01,2002,15,107.32
02.01.2002-18:00:00,02,01,2002,18,107.19
02.01.2002-21:00:00,02,01,2002,21,107.06
02.02.2002-00:00:00,02,02,2002,00,106.93
02.02.2002-03:00:00,02,02,2002,03,106.8
02.02.2002-06:00:00,02,02,2002,06,106.68
02.02.2002-09:00:00,02,02,2002,09,106.55
02.02.2002-12:00:00,02,02,2002,12,106.42
02.02.2002-15:00:00,02,02,2002,15,106.3
02.02.2002-18:00:00,02,02,2002,18,106.17
02.02.2002-21:00:00,02,02,2002,21,106.04
02.03.2002-00:00:00,02,03,2002,00,105.92
02.03.2002-03:00:00,02,03,2002,03,105.79
02.03.2002-06:00:00,02,03,2002,06,105.66
02.03.2002-09:00:00,02,03,2002,09,105.54
02.03.2002-12:00:00,02,03,2002,12,105.41
02.03.2002-15:00:00,02,03,2002,15,105.29
02.03.2002-18:00:00,02,03,2002,18,105.16
02.03.2002-21:00:00,02,03,2002,21,105.03
02.04.2002-00:00:00,02,04,2002,00,104.91
02.04.2002-03:00:00,02,04,2002,03,104.78
02.04.2002-06:00:00,02,04,2002,06,104.66
02.04.2002-09:00:00,02,04,2002,09,104.53
02.04.2002-12:00:00,02,04,2002,12,104.41
02.04.2002-15:00:00,02,04,2002,15,104.28
02.04.2002-18:00:00,02,04,2002,18,104.16
02.04.2002-21:00:00,02,04,2002,21,104.03
02.05.2002-00:00:00,02,05,2002,00,103.91
02.05.2002-03:00:00,02,05,2002,03,103.78
02.05.2002-06:00:00,02,05,2002,06,103.66
02.05.2002-09:00:00,02,05,2002,09,103.54
02.05.2002-12:00:00,02,05,2002,12,103.41
02.05.2002-15:00:00,02,05,2002,15,103.29
02.05.2002-18:00:00,02,05,2002,18,103.16
02.05.2002-21:00:00,02,05,2002,21,103.04
02.06.2002-00:00:00,02,06,2002,00,102.91
02.06.2002-03:00:00,02,06,2002,03,102.79
02.06.2002-06:00:00,02,06,2002,06,102.67
02.06.2002-09:00:00,02,06,2002,09,102.54
02.06.2002-12:00:00,02,06,2002,12,102.42
02.06.2002-15:00:00,02,06,2002,15,102.3
02.06.2002-18:00:00,02,06,2002,18,102.18
02.06.2002-21:00:00,02,06,2002,21,102.05
02.07.2002-00:00:00,02,07,2002,00,101.93
02.07.2002-03:00:00,02,07,2002,03,101.81
02.07.2002-06:00:00,02,07,2002,06,101.69
02.07.2002-09:00:00,02,07,2002,09,101.56
02.07.2002-12:00:00,02,07,2002,12,101.44
02.07.2002-15:00:00,02,07,2002,15,101.32
02.07.2002-18:00:00,02,07,2002,18,101.2
02.07.2002-21:00:00,02,07,2002,21,101.08
02.08.2002-00:00:00,02,08,2002,00,100.96
02.08.2002-03:00:00,02,08,2002,03,100.84
02.08.2002-06:00:00,02,08,2002,06,100.72
02.08.2002-09:00:00,02,08,2002,09,100.6
02.08.2002-12:00:00,02,08,2002,12,100.48
02.08.2002-15:00:00,02,08,2002,15,100.36
02.08.2002-18:00:00,02,08,2002,18,100.25
02.08.2002-21:00:00,02,08,2002,21,100.13
02.09.2002-00:00:00,02,09,2002,00,100.01
02.09.2002-03:00:00,02,09,2002,03,99.889
02.09.2002-06:00:00,02,09,2002,06,99.771
02.09.2002-09:00:00,02,09,2002,09,99.651
02.09.2002-12:00:00,02,09,2002,12,99.535
02.09.2002-15:00:00,02,09,2002,15,99.416
02.09.2002-18:00:00,02,09,2002,18,99.298
02.09.2002-21:00:00,02,09,2002,21,99.181
02.10.2002-00:00:00,02,10,2002,00,99.065
02.10.2002-03:00:00,02,10,2002,03,98.948
02.10.2002-06:00:00,02,10,2002,06,98.831
02.10.2002-09:00:00,02,10,2002,09,98.715
02.10.2002-12:00:00,02,10,2002,12,98.598
02.10.2002-15:00:00,02,10,2002,15,98.482
02.10.2002-18:00:00,02,10,2002,18,98.366
02.10.2002-21:00:00,02,10,2002,21,98.249
02.11.2002-00:00:00,02,11,2002,00,98.134
02.11.2002-03:00:00,02,11,2002,03,98.019
02.11.2002-06:00:00,02,11,2002,06,97.903
02.11.2002-09:00:00,02,11,2002,09,97.789
02.11.2002-12:00:00,02,11,2002,12,97.674
02.11.2002-15:00:00,02,11,2002,15,97.559
02.11.2002-18:00:00,02,11,2002,18,97.445
02.11.2002-21:00:00,02,11,2002,21,97.33
02.12.2002-00:00:00,02,12,2002,00,97.217
02.12.2002-03:00:00,02,12,2002,03,97.103
02.12.2002-06:00:00,02,12,2002,06,96.99
02.12.2002-09:00:00,02,12,2002,09,96.877
02.12.2002-12:00:00,02,12,2002,12,96.764
02.12.2002-15:00:00,02,12,2002,15,96.651
02.12.2002-18:00:00,02,12,2002,18,96.538
02.12.2002-21:00:00,02,12,2002,21,96.425
02.13.2002-00:00:00,02,13,2002,00,96.312
02.13.2002-03:00:00,02,13,2002,03,96.2
02.13.2002-06:00:00,02,13,2002,06,96.088
02.13.2002-09:00:00,02,13,2002,09,95.976
02.13.2002-12:00:00,02,13,2002,12,95.863
02.13.2002-15:00:00,02,13,2002,15,95.751
02.13.2002-18:00:00,02,13,2002,18,95.639
02.13.2002-21:00:00,02,13,2002,21,95.528
02.14.2002-00:00:00,02,14,2002,00,95.417
02.14.2002-03:00:00,02,14,2002,03,95.305
02.14.2002-06:00:00,02,14,2002,06,95.193
02.14.2002-09:00:00,02,14,2002,09,95.084
02.14.2002-12:00:00,02,14,2002,12,94.973
02.14.2002-15:00:00,02,14,2002,15,94.863
02.14.2002-18:00:00,02,14,2002,18,94.753
02.14.2002-21:00:00,02,14,2002,21,94.643
02.15.2002-00:00:00,02,15,2002,00,94.533
02.15.2002-03:00:00,02,15,2002,03,94.422
02.15.2002-06:00:00,02,15,2002,06,94.313
02.15.2002-09:00:00,02,15,2002,09,94.203
02.15.2002-12:00:00,02,15,2002,12,94.093
02.15.2002-15:00:00,02,15,2002,15,93.985
02.15.2002-18:00:00,02,15,2002,18,93.875
02.15.2002-21:00:00,02,15,2002,21,93.767
02.16.2002-00:00:00,02,16,2002,00,93.658
02.16.2002-03:00:00,02,16,2002,03,93.549
02.16.2002-06:00:00,02,16,2002,06,93.441
02.16.2002-09:00:00,02,16,2002,09,93.333
02.16.2002-12:00:00,02,16,2002,12,93.224
02.16.2002-15:00:00,02,16,2002,15,93.117
02.16.2002-18:00:00,02,16,2002,18,93.008
02.16.2002-21:00:00,02,16,2002,21,92.901
02.17.2002-00:00:00,02,17,2002,00,92.793
02.17.2002-03:00:00,02,17,2002,03,92.687
02.17.2002-06:00:00,02,17,2002,06,92.579
02.17.2002-09:00:00,02,17,2002,09,92.473
02.17.2002-12:00:00,02,17,2002,12,92.365
02.17.2002-15:00:00,02,17,2002,15,92.259
02.17.2002-18:00:00,02,17,2002,18,92.151
02.17.2002-21:00:00,02,17,2002,21,92.046
02.18.2002-00:00:00,02,18,2002,00,91.939
02.18.2002-03:00:00,02,18,2002,03,91.833
02.18.2002-06:00:00,02,18,2002,06,91.727
02.18.2002-09:00:00,02,18,2002,09,91.621
02.18.2002-12:00:00,02,18,2002,12,90.615
02.18.2002-15:00:00,02,18,2002,15,91.317
02.18.2002-18:00:00,02,18,2002,18,91.297
02.18.2002-21:00:00,02,18,2002,21,91.197
02.19.2002-00:00:00,02,19,2002,00,91.096
02.19.2002-03:00:00,02,19,2002,03,90.995
02.19.2002-06:00:00,02,19,2002,06,90.894
02.19.2002-09:00:00,02,19,2002,09,90.792
02.19.2002-12:00:00,02,19,2002,12,90.609
02.19.2002-15:00:00,02,19,2002,15,90.579
02.19.2002-18:00:00,02,19,2002,18,90.484
02.19.2002-21:00:00,02,19,2002,21,90.384
02.20.2002-00:00:00,02,20,2002,00,90.284
02.20.2002-03:00:00,02,20,2002,03,90.185
02.20.2002-06:00:00,02,20,2002,06,90.083
02.20.2002-09:00:00,02,20,2002,09,89.984
02.20.2002-12:00:00,02,20,2002,12,88.722
02.20.2002-15:00:00,02,20,2002,15,89.656
02.20.2002-18:00:00,02,20,2002,18,89.666
02.20.2002-21:00:00,02,20,2002,21,89.57
02.21.2002-00:00:00,02,21,2002,00,89.472
02.21.2002-03:00:00,02,21,2002,03,89.372
02.21.2002-06:00:00,02,21,2002,06,89.273
02.21.2002-09:00:00,02,21,2002,09,89.173
02.21.2002-12:00:00,02,21,2002,12,89.074
02.21.2002-15:00:00,02,21,2002,15,88.975
02.21.2002-18:00:00,02,21,2002,18,88.877
02.21.2002-21:00:00,02,21,2002,21,88.779
02.22.2002-00:00:00,02,22,2002,00,88.681
02.22.2002-03:00:00,02,22,2002,03,88.583
02.22.2002-06:00:00,02,22,2002,06,88.485
02.22.2002-09:00:00,02,22,2002,09,87.543
02.22.2002-12:00:00,02,22,2002,12,87.048
02.22.2002-15:00:00,02,22,2002,15,87.665
02.22.2002-18:00:00,02,22,2002,18,87.929
02.22.2002-21:00:00,02,22,2002,21,87.873
02.23.2002-00:00:00,02,23,2002,00,87.788
02.23.2002-03:00:00,02,23,2002,03,87.743
02.23.2002-06:00:00,02,23,2002,06,87.675
02.23.2002-09:00:00,02,23,2002,09,87.581
02.23.2002-12:00:00,02,23,2002,12,87.483
02.23.2002-15:00:00,02,23,2002,15,87.387
02.23.2002-18:00:00,02,23,2002,18,87.291
02.23.2002-21:00:00,02,23,2002,21,87.195
02.24.2002-00:00:00,02,24,2002,00,87.099
02.24.2002-03:00:00,02,24,2002,03,87.01
02.24.2002-06:00:00,02,24,2002,06,86.922
02.24.2002-09:00:00,02,24,2002,09,86.836
02.24.2002-12:00:00,02,24,2002,12,86.75
02.24.2002-15:00:00,02,24,2002,15,86.663
02.24.2002-18:00:00,02,24,2002,18,86.576
02.24.2002-21:00:00,02,24,2002,21,86.491
02.25.2002-00:00:00,02,25,2002,00,86.405
02.25.2002-03:00:00,02,25,2002,03,86.319
02.25.2002-06:00:00,02,25,2002,06,86.231
02.25.2002-09:00:00,02,25,2002,09,86.144
02.25.2002-12:00:00,02,25,2002,12,86.058
02.25.2002-15:00:00,02,25,2002,15,85.972
02.25.2002-18:00:00,02,25,2002,18,85.885
02.25.2002-21:00:00,02,25,2002,21,85.8
02.26.2002-00:00:00,02,26,2002,00,85.714
02.26.2002-03:00:00,02,26,2002,03,85.628
02.26.2002-06:00:00,02,26,2002,06,85.54
02.26.2002-09:00:00,02,26,2002,09,85.454
02.26.2002-12:00:00,02,26,2002,12,85.369
02.26.2002-15:00:00,02,26,2002,15,85.283
02.26.2002-18:00:00,02,26,2002,18,85.196
02.26.2002-21:00:00,02,26,2002,21,85.109
02.27.2002-00:00:00,02,27,2002,00,85.024
02.27.2002-03:00:00,02,27,2002,03,84.938
02.27.2002-06:00:00,02,27,2002,06,84.852
02.27.2002-09:00:00,02,27,2002,09,84.765
02.27.2002-12:00:00,02,27,2002,12,84.678
02.27.2002-15:00:00,02,27,2002,15,84.594
02.27.2002-18:00:00,02,27,2002,18,84.507
02.27.2002-21:00:00,02,27,2002,21,84.421
02.28.2002-00:00:00,02,28,2002,00,84.335
02.28.2002-03:00:00,02,28,2002,03,84.249
02.28.2002-06:00:00,02,28,2002,06,84.163
02.28.2002-09:00:00,02,28,2002,09,84.077
02.28.2002-12:00:00,02,28,2002,12,83.991
02.28.2002-15:00:00,02,28,2002,15,83.907
02.28.2002-18:00:00,02,28,2002,18,83.82
02.28.2002-21:00:00,02,28,2002,21,83.735
03.01.2002-00:00:00,03,01,2002,00,83.649
03.01.2002-03:00:00,03,01,2002,03,83.565
03.01.2002-06:00:00,03,01,2002,06,83.478
03.01.2002-09:00:00,03,01,2002,09,83.393
03.01.2002-12:00:00,03,01,2002,12,81.646
03.01.2002-15:00:00,03,01,2002,15,82.855
03.01.2002-18:00:00,03,01,2002,18,83.082
03.01.2002-21:00:00,03,01,2002,21,83.023
03.02.2002-00:00:00,03,02,2002,00,82.939
03.02.2002-03:00:00,03,02,2002,03,82.854
03.02.2002-06:00:00,03,02,2002,06,82.771
03.02.2002-09:00:00,03,02,2002,09,82.685
03.02.2002-12:00:00,03,02,2002,12,82.6
03.02.2002-15:00:00,03,02,2002,15,82.516
03.02.2002-18:00:00,03,02,2002,18,82.431
03.02.2002-21:00:00,03,02,2002,21,82.347
03.03.2002-00:00:00,03,03,2002,00,82.262
03.03.2002-03:00:00,03,03,2002,03,82.178
03.03.2002-06:00:00,03,03,2002,06,82.095
03.03.2002-09:00:00,03,03,2002,09,82.01
03.03.2002-12:00:00,03,03,2002,12,80.422
03.03.2002-15:00:00,03,03,2002,15,81.551
03.03.2002-18:00:00,03,03,2002,18,81.714
03.03.2002-21:00:00,03,03,2002,21,81.649
03.04.2002-00:00:00,03,04,2002,00,81.566
03.04.2002-03:00:00,03,04,2002,03,81.482
03.04.2002-06:00:00,03,04,2002,06,81.398
03.04.2002-09:00:00,03,04,2002,09,80.102
03.04.2002-12:00:00,03,04,2002,12,79.023
03.04.2002-15:00:00,03,04,2002,15,80.179
03.04.2002-18:00:00,03,04,2002,18,80.786
03.04.2002-21:00:00,03,04,2002,21,80.889
03.05.2002-00:00:00,03,05,2002,00,80.824
03.05.2002-03:00:00,03,05,2002,03,80.742
03.05.2002-06:00:00,03,05,2002,06,80.662
03.05.2002-09:00:00,03,05,2002,09,80.581
03.05.2002-12:00:00,03,05,2002,12,78.906
03.05.2002-15:00:00,03,05,2002,15,79.892
03.05.2002-18:00:00,03,05,2002,18,80.264
03.05.2002-21:00:00,03,05,2002,21,80.228
03.06.2002-00:00:00,03,06,2002,00,80.149
03.06.2002-03:00:00,03,06,2002,03,80.07
03.06.2002-06:00:00,03,06,2002,06,79.99
03.06.2002-09:00:00,03,06,2002,09,79.91
03.06.2002-12:00:00,03,06,2002,12,79.83
03.06.2002-15:00:00,03,06,2002,15,79.751
03.06.2002-18:00:00,03,06,2002,18,79.672
03.06.2002-21:00:00,03,06,2002,21,79.593
03.07.2002-00:00:00,03,07,2002,00,79.513
03.07.2002-03:00:00,03,07,2002,03,79.433
03.07.2002-06:00:00,03,07,2002,06,79.353
03.07.2002-09:00:00,03,07,2002,09,79.274
03.07.2002-12:00:00,03,07,2002,12,79.194
03.07.2002-15:00:00,03,07,2002,15,79.115
03.07.2002-18:00:00,03,07,2002,18,79.036
03.07.2002-21:00:00,03,07,2002,21,78.957
03.08.2002-00:00:00,03,08,2002,00,78.879
03.08.2002-03:00:00,03,08,2002,03,78.799
03.08.2002-06:00:00,03,08,2002,06,78.72
03.08.2002-09:00:00,03,08,2002,09,78.641
03.08.2002-12:00:00,03,08,2002,12,78.563
03.08.2002-15:00:00,03,08,2002,15,78.485
03.08.2002-18:00:00,03,08,2002,18,78.406
03.08.2002-21:00:00,03,08,2002,21,78.327
03.09.2002-00:00:00,03,09,2002,00,78.248
03.09.2002-03:00:00,03,09,2002,03,78.17
03.09.2002-06:00:00,03,09,2002,06,78.092
03.09.2002-09:00:00,03,09,2002,09,78.015
03.09.2002-12:00:00,03,09,2002,12,77.937
03.09.2002-15:00:00,03,09,2002,15,77.859
03.09.2002-18:00:00,03,09,2002,18,77.78
03.09.2002-21:00:00,03,09,2002,21,77.702
03.10.2002-00:00:00,03,10,2002,00,77.624
03.10.2002-03:00:00,03,10,2002,03,77.547
03.10.2002-06:00:00,03,10,2002,06,77.469
03.10.2002-09:00:00,03,10,2002,09,77.391
03.10.2002-12:00:00,03,10,2002,12,77.313
03.10.2002-15:00:00,03,10,2002,15,77.236
03.10.2002-18:00:00,03,10,2002,18,77.158
03.10.2002-21:00:00,03,10,2002,21,77.081
03.11.2002-00:00:00,03,11,2002,00,77.003
03.11.2002-03:00:00,03,11,2002,03,76.926
03.11.2002-06:00:00,03,11,2002,06,76.849
03.11.2002-09:00:00,03,11,2002,09,76.773
03.11.2002-12:00:00,03,11,2002,12,76.695
03.11.2002-15:00:00,03,11,2002,15,76.618
03.11.2002-18:00:00,03,11,2002,18,76.541
03.11.2002-21:00:00,03,11,2002,21,76.464
03.12.2002-00:00:00,03,12,2002,00,76.387
03.12.2002-03:00:00,03,12,2002,03,76.311
03.12.2002-06:00:00,03,12,2002,06,76.234
03.12.2002-09:00:00,03,12,2002,09,75.086
03.12.2002-12:00:00,03,12,2002,12,74.33
03.12.2002-15:00:00,03,12,2002,15,75.296
03.12.2002-18:00:00,03,12,2002,18,75.49
03.12.2002-21:00:00,03,12,2002,21,75.76
03.13.2002-00:00:00,03,13,2002,00,75.724
03.13.2002-03:00:00,03,13,2002,03,75.649
03.13.2002-06:00:00,03,13,2002,06,75.573
03.13.2002-09:00:00,03,13,2002,09,75.499
03.13.2002-12:00:00,03,13,2002,12,73.906
03.13.2002-15:00:00,03,13,2002,15,74.699
03.13.2002-18:00:00,03,13,2002,18,75.023
03.13.2002-21:00:00,03,13,2002,21,75.147
03.14.2002-00:00:00,03,14,2002,00,75.092
03.14.2002-03:00:00,03,14,2002,03,75.019
03.14.2002-06:00:00,03,14,2002,06,74.944
03.14.2002-09:00:00,03,14,2002,09,74.374
03.14.2002-12:00:00,03,14,2002,12,72.947
03.14.2002-15:00:00,03,14,2002,15,74.037
03.14.2002-18:00:00,03,14,2002,18,74.06
03.14.2002-21:00:00,03,14,2002,21,74.173
03.15.2002-00:00:00,03,15,2002,00,74.397
03.15.2002-03:00:00,03,15,2002,03,74.358
03.15.2002-06:00:00,03,15,2002,06,74.285
03.15.2002-09:00:00,03,15,2002,09,74.212
03.15.2002-12:00:00,03,15,2002,12,74.138
03.15.2002-15:00:00,03,15,2002,15,74.066
03.15.2002-18:00:00,03,15,2002,18,73.994
03.15.2002-21:00:00,03,15,2002,21,73.921
03.16.2002-00:00:00,03,16,2002,00,73.847
03.16.2002-03:00:00,03,16,2002,03,73.774
03.16.2002-06:00:00,03,16,2002,06,73.702
03.16.2002-09:00:00,03,16,2002,09,73.63
03.16.2002-12:00:00,03,16,2002,12,73.557
03.16.2002-15:00:00,03,16,2002,15,73.485
03.16.2002-18:00:00,03,16,2002,18,73.412
03.16.2002-21:00:00,03,16,2002,21,73.34
03.17.2002-00:00:00,03,17,2002,00,73.267
03.17.2002-03:00:00,03,17,2002,03,73.195
03.17.2002-06:00:00,03,17,2002,06,73.124
03.17.2002-09:00:00,03,17,2002,09,73.051
03.17.2002-12:00:00,03,17,2002,12,72.979
03.17.2002-15:00:00,03,17,2002,15,72.907
03.17.2002-18:00:00,03,17,2002,18,72.836
03.17.2002-21:00:00,03,17,2002,21,72.764
03.18.2002-00:00:00,03,18,2002,00,72.692
03.18.2002-03:00:00,03,18,2002,03,72.62
03.18.2002-06:00:00,03,18,2002,06,72.549
03.18.2002-09:00:00,03,18,2002,09,72.476
03.18.2002-12:00:00,03,18,2002,12,72.405
03.18.2002-15:00:00,03,18,2002,15,72.334
03.18.2002-18:00:00,03,18,2002,18,72.262
03.18.2002-21:00:00,03,18,2002,21,72.191
03.19.2002-00:00:00,03,19,2002,00,72.12
03.19.2002-03:00:00,03,19,2002,03,72.049
03.19.2002-06:00:00,03,19,2002,06,71.978
03.19.2002-09:00:00,03,19,2002,09,71.907
03.19.2002-12:00:00,03,19,2002,12,71.836
03.19.2002-15:00:00,03,19,2002,15,71.765
03.19.2002-18:00:00,03,19,2002,18,71.695
03.19.2002-21:00:00,03,19,2002,21,71.623
03.20.2002-00:00:00,03,20,2002,00,71.538
03.20.2002-03:00:00,03,20,2002,03,71.467
03.20.2002-06:00:00,03,20,2002,06,71.397
03.20.2002-09:00:00,03,20,2002,09,71.328
03.20.2002-12:00:00,03,20,2002,12,71.258
03.20.2002-15:00:00,03,20,2002,15,71.189
03.20.2002-18:00:00,03,20,2002,18,71.119
03.20.2002-21:00:00,03,20,2002,21,71.051
03.21.2002-00:00:00,03,21,2002,00,70.981
03.21.2002-03:00:00,03,21,2002,03,70.912
03.21.2002-06:00:00,03,21,2002,06,70.844
03.21.2002-09:00:00,03,21,2002,09,70.775
03.21.2002-12:00:00,03,21,2002,12,70.706
03.21.2002-15:00:00,03,21,2002,15,70.637
03.21.2002-18:00:00,03,21,2002,18,70.568
03.21.2002-21:00:00,03,21,2002,21,70.5
03.22.2002-00:00:00,03,22,2002,00,70.431
03.22.2002-03:00:00,03,22,2002,03,70.363
03.22.2002-06:00:00,03,22,2002,06,70.294
03.22.2002-09:00:00,03,22,2002,09,69.912
03.22.2002-12:00:00,03,22,2002,12,68.3
03.22.2002-15:00:00,03,22,2002,15,69.594
03.22.2002-18:00:00,03,22,2002,18,69.637
03.22.2002-21:00:00,03,22,2002,21,69.576
03.23.2002-00:00:00,03,23,2002,00,69.512
03.23.2002-03:00:00,03,23,2002,03,69.448
03.23.2002-06:00:00,03,23,2002,06,69.384
03.23.2002-09:00:00,03,23,2002,09,68.09
03.23.2002-12:00:00,03,23,2002,12,66.681
03.23.2002-15:00:00,03,23,2002,15,67.833
03.23.2002-18:00:00,03,23,2002,18,68.894
03.23.2002-21:00:00,03,23,2002,21,68.911
03.24.2002-00:00:00,03,24,2002,00,68.851
03.24.2002-03:00:00,03,24,2002,03,68.789
03.24.2002-06:00:00,03,24,2002,06,68.726
03.24.2002-09:00:00,03,24,2002,09,67.262
03.24.2002-12:00:00,03,24,2002,12,65.865
03.24.2002-15:00:00,03,24,2002,15,66.799
03.24.2002-18:00:00,03,24,2002,18,68.193
03.24.2002-21:00:00,03,24,2002,21,68.238
03.25.2002-00:00:00,03,25,2002,00,68.18
03.25.2002-03:00:00,03,25,2002,03,68.119
03.25.2002-06:00:00,03,25,2002,06,68.059
03.25.2002-09:00:00,03,25,2002,09,66.528
03.25.2002-12:00:00,03,25,2002,12,64.995
03.25.2002-15:00:00,03,25,2002,15,66.064
03.25.2002-18:00:00,03,25,2002,18,67.519
03.25.2002-21:00:00,03,25,2002,21,67.569
03.26.2002-00:00:00,03,26,2002,00,67.512
03.26.2002-03:00:00,03,26,2002,03,67.454
03.26.2002-06:00:00,03,26,2002,06,67.394
03.26.2002-09:00:00,03,26,2002,09,66.591
03.26.2002-12:00:00,03,26,2002,12,66.073
03.26.2002-15:00:00,03,26,2002,15,66.7
03.26.2002-18:00:00,03,26,2002,18,67.061
03.26.2002-21:00:00,03,26,2002,21,67.031
03.27.2002-00:00:00,03,27,2002,00,66.974
03.27.2002-03:00:00,03,27,2002,03,66.915
03.27.2002-06:00:00,03,27,2002,06,66.856
03.27.2002-09:00:00,03,27,2002,09,66.405
03.27.2002-12:00:00,03,27,2002,12,66.079
03.27.2002-15:00:00,03,27,2002,15,66.603
03.27.2002-18:00:00,03,27,2002,18,66.589
03.27.2002-21:00:00,03,27,2002,21,66.532
03.28.2002-00:00:00,03,28,2002,00,66.474
03.28.2002-03:00:00,03,28,2002,03,66.416
03.28.2002-06:00:00,03,28,2002,06,66.358
03.28.2002-09:00:00,03,28,2002,09,65.212
03.28.2002-12:00:00,03,28,2002,12,64.406
03.28.2002-15:00:00,03,28,2002,15,65.01
03.28.2002-18:00:00,03,28,2002,18,65.939
03.28.2002-21:00:00,03,28,2002,21,65.953
03.29.2002-00:00:00,03,29,2002,00,65.898
03.29.2002-03:00:00,03,29,2002,03,65.841
03.29.2002-06:00:00,03,29,2002,06,65.784
03.29.2002-09:00:00,03,29,2002,09,64.761
03.29.2002-12:00:00,03,29,2002,12,63.952
03.29.2002-15:00:00,03,29,2002,15,64.667
03.29.2002-18:00:00,03,29,2002,18,65.406
03.29.2002-21:00:00,03,29,2002,21,65.407
03.30.2002-00:00:00,03,30,2002,00,65.352
03.30.2002-03:00:00,03,30,2002,03,65.296
03.30.2002-06:00:00,03,30,2002,06,65.239
03.30.2002-09:00:00,03,30,2002,09,63.816
03.30.2002-12:00:00,03,30,2002,12,62.731
03.30.2002-15:00:00,03,30,2002,15,63.346
03.30.2002-18:00:00,03,30,2002,18,64.767
03.30.2002-21:00:00,03,30,2002,21,64.819
03.31.2002-00:00:00,03,31,2002,00,64.767
03.31.2002-03:00:00,03,31,2002,03,64.712
03.31.2002-06:00:00,03,31,2002,06,64.657
03.31.2002-09:00:00,03,31,2002,09,63.461
03.31.2002-12:00:00,03,31,2002,12,62.674
03.31.2002-15:00:00,03,31,2002,15,63.269
03.31.2002-18:00:00,03,31,2002,18,64.253
03.31.2002-21:00:00,03,31,2002,21,64.274
04.01.2002-00:00:00,04,01,2002,00,64.222
04.01.2002-03:00:00,04,01,2002,03,64.167
04.01.2002-06:00:00,04,01,2002,06,64.113
04.01.2002-09:00:00,04,01,2002,09,63.003
04.01.2002-12:00:00,04,01,2002,12,62.661
04.01.2002-15:00:00,04,01,2002,15,63.239
04.01.2002-18:00:00,04,01,2002,18,63.778
04.01.2002-21:00:00,04,01,2002,21,63.766
04.02.2002-00:00:00,04,02,2002,00,63.715
04.02.2002-03:00:00,04,02,2002,03,63.663
04.02.2002-06:00:00,04,02,2002,06,63.611
04.02.2002-09:00:00,04,02,2002,09,62.566
04.02.2002-12:00:00,04,02,2002,12,62.082
04.02.2002-15:00:00,04,02,2002,15,62.836
04.02.2002-18:00:00,04,02,2002,18,63.297
04.02.2002-21:00:00,04,02,2002,21,63.282
04.03.2002-00:00:00,04,03,2002,00,63.233
04.03.2002-03:00:00,04,03,2002,03,63.182
04.03.2002-06:00:00,04,03,2002,06,63.132
04.03.2002-09:00:00,04,03,2002,09,61.195
04.03.2002-12:00:00,04,03,2002,12,60.41
04.03.2002-15:00:00,04,03,2002,15,61.519
04.03.2002-18:00:00,04,03,2002,18,62.702
04.03.2002-21:00:00,04,03,2002,21,62.741
04.04.2002-00:00:00,04,04,2002,00,62.694
04.04.2002-03:00:00,04,04,2002,03,62.645
04.04.2002-06:00:00,04,04,2002,06,62.596
04.04.2002-09:00:00,04,04,2002,09,59.923
04.04.2002-12:00:00,04,04,2002,12,58.976
04.04.2002-15:00:00,04,04,2002,15,60.133
04.04.2002-18:00:00,04,04,2002,18,62.008
04.04.2002-21:00:00,04,04,2002,21,62.166
04.05.2002-00:00:00,04,05,2002,00,62.093
04.05.2002-03:00:00,04,05,2002,03,62.048
04.05.2002-06:00:00,04,05,2002,06,62.007
04.05.2002-09:00:00,04,05,2002,09,59.97
04.05.2002-12:00:00,04,05,2002,12,59.298
04.05.2002-15:00:00,04,05,2002,15,60.225
04.05.2002-18:00:00,04,05,2002,18,61.56
04.05.2002-21:00:00,04,05,2002,21,61.675
04.06.2002-00:00:00,04,06,2002,00,61.647
04.06.2002-03:00:00,04,06,2002,03,61.616
04.06.2002-06:00:00,04,06,2002,06,61.585
04.06.2002-09:00:00,04,06,2002,09,59.768
04.06.2002-12:00:00,04,06,2002,12,59.217
04.06.2002-15:00:00,04,06,2002,15,60.002
04.06.2002-18:00:00,04,06,2002,18,61.223
04.06.2002-21:00:00,04,06,2002,21,61.358
04.07.2002-00:00:00,04,07,2002,00,61.354
04.07.2002-03:00:00,04,07,2002,03,61.342
04.07.2002-06:00:00,04,07,2002,06,61.329
04.07.2002-09:00:00,04,07,2002,09,59.735
04.07.2002-12:00:00,04,07,2002,12,59.3
04.07.2002-15:00:00,04,07,2002,15,59.94
04.07.2002-18:00:00,04,07,2002,18,60.929
04.07.2002-21:00:00,04,07,2002,21,61.167
04.08.2002-00:00:00,04,08,2002,00,61.184
04.08.2002-03:00:00,04,08,2002,03,61.182
04.08.2002-06:00:00,04,08,2002,06,61.178
04.08.2002-09:00:00,04,08,2002,09,58.988
04.08.2002-12:00:00,04,08,2002,12,58.243
04.08.2002-15:00:00,04,08,2002,15,59.138
04.08.2002-18:00:00,04,08,2002,18,60.682
04.08.2002-21:00:00,04,08,2002,21,60.868
04.09.2002-00:00:00,04,09,2002,00,60.879
04.09.2002-03:00:00,04,09,2002,03,60.881
04.09.2002-06:00:00,04,09,2002,06,60.882
04.09.2002-09:00:00,04,09,2002,09,59.9
04.09.2002-12:00:00,04,09,2002,12,59.627
04.09.2002-15:00:00,04,09,2002,15,60.129
04.09.2002-18:00:00,04,09,2002,18,60.8
04.09.2002-21:00:00,04,09,2002,21,60.865
04.10.2002-00:00:00,04,10,2002,00,60.884
04.10.2002-03:00:00,04,10,2002,03,60.901
04.10.2002-06:00:00,04,10,2002,06,60.916
04.10.2002-09:00:00,04,10,2002,09,57.763
04.10.2002-12:00:00,04,10,2002,12,56.801
04.10.2002-15:00:00,04,10,2002,15,58.472
04.10.2002-18:00:00,04,10,2002,18,60.483
04.10.2002-21:00:00,04,10,2002,21,60.762
04.11.2002-00:00:00,04,11,2002,00,60.794
04.11.2002-03:00:00,04,11,2002,03,60.815
04.11.2002-06:00:00,04,11,2002,06,60.684
04.11.2002-09:00:00,04,11,2002,09,57.986
04.11.2002-12:00:00,04,11,2002,12,57.257
04.11.2002-15:00:00,04,11,2002,15,58.702
04.11.2002-18:00:00,04,11,2002,18,60.589
04.11.2002-21:00:00,04,11,2002,21,60.94
04.12.2002-00:00:00,04,12,2002,00,61.029
04.12.2002-03:00:00,04,12,2002,03,61.096
04.12.2002-06:00:00,04,12,2002,06,61.157
04.12.2002-09:00:00,04,12,2002,09,58.016
04.12.2002-12:00:00,04,12,2002,12,57.149
04.12.2002-15:00:00,04,12,2002,15,58.725
04.12.2002-18:00:00,04,12,2002,18,60.994
04.12.2002-21:00:00,04,12,2002,21,61.485
04.13.2002-00:00:00,04,13,2002,00,61.649
04.13.2002-03:00:00,04,13,2002,03,61.785
04.13.2002-06:00:00,04,13,2002,06,61.802
04.13.2002-09:00:00,04,13,2002,09,59.055
04.13.2002-12:00:00,04,13,2002,12,58.38
04.13.2002-15:00:00,04,13,2002,15,60.352
04.13.2002-18:00:00,04,13,2002,18,62.559
04.13.2002-21:00:00,04,13,2002,21,63.037
04.14.2002-00:00:00,04,14,2002,00,63.343
04.14.2002-03:00:00,04,14,2002,03,63.602
04.14.2002-06:00:00,04,14,2002,06,63.82
04.14.2002-09:00:00,04,14,2002,09,60.656
04.14.2002-12:00:00,04,14,2002,12,60.007
04.14.2002-15:00:00,04,14,2002,15,62.441
04.14.2002-18:00:00,04,14,2002,18,65.315
04.14.2002-21:00:00,04,14,2002,21,66.226
04.15.2002-00:00:00,04,15,2002,00,66.627
04.15.2002-03:00:00,04,15,2002,03,66.947
04.15.2002-06:00:00,04,15,2002,06,67.214
04.15.2002-09:00:00,04,15,2002,09,66.295
04.15.2002-12:00:00,04,15,2002,12,66.168
04.15.2002-15:00:00,04,15,2002,15,67.29
04.15.2002-18:00:00,04,15,2002,18,68.199
04.15.2002-21:00:00,04,15,2002,21,68.543
04.16.2002-00:00:00,04,16,2002,00,68.815
04.16.2002-03:00:00,04,16,2002,03,69.083
04.16.2002-06:00:00,04,16,2002,06,69.339
04.16.2002-09:00:00,04,16,2002,09,68.215
04.16.2002-12:00:00,04,16,2002,12,68.089
04.16.2002-15:00:00,04,16,2002,15,69.127
04.16.2002-18:00:00,04,16,2002,18,70.222
04.16.2002-21:00:00,04,16,2002,21,70.571
04.17.2002-00:00:00,04,17,2002,00,70.823
04.17.2002-03:00:00,04,17,2002,03,71.067
04.17.2002-06:00:00,04,17,2002,06,71.297
04.17.2002-09:00:00,04,17,2002,09,69.042
04.17.2002-12:00:00,04,17,2002,12,68.58
04.17.2002-15:00:00,04,17,2002,15,70.031
04.17.2002-18:00:00,04,17,2002,18,71.796
04.17.2002-21:00:00,04,17,2002,21,72.215
04.18.2002-00:00:00,04,18,2002,00,72.433
04.18.2002-03:00:00,04,18,2002,03,72.637
04.18.2002-06:00:00,04,18,2002,06,72.829
04.18.2002-09:00:00,04,18,2002,09,69.653
04.18.2002-12:00:00,04,18,2002,12,68.844
04.18.2002-15:00:00,04,18,2002,15,70.592
04.18.2002-18:00:00,04,18,2002,18,72.923
04.18.2002-21:00:00,04,18,2002,21,73.401
04.19.2002-00:00:00,04,19,2002,00,73.576
04.19.2002-03:00:00,04,19,2002,03,73.729
04.19.2002-06:00:00,04,19,2002,06,73.866
04.19.2002-09:00:00,04,19,2002,09,70.264
04.19.2002-12:00:00,04,19,2002,12,69.369
04.19.2002-15:00:00,04,19,2002,15,71.384
04.19.2002-18:00:00,04,19,2002,18,86.563
04.19.2002-21:00:00,04,19,2002,21,82.048
04.20.2002-00:00:00,04,20,2002,00,80.353
04.20.2002-03:00:00,04,20,2002,03,78.714
04.20.2002-06:00:00,04,20,2002,06,78.707
04.20.2002-09:00:00,04,20,2002,09,86.639
04.20.2002-12:00:00,04,20,2002,12,101.44
04.20.2002-15:00:00,04,20,2002,15,96.288
04.20.2002-18:00:00,04,20,2002,18,93.64
04.20.2002-21:00:00,04,20,2002,21,89.618
04.21.2002-00:00:00,04,21,2002,00,90.834
04.21.2002-03:00:00,04,21,2002,03,89.925
04.21.2002-06:00:00,04,21,2002,06,89.689
04.21.2002-09:00:00,04,21,2002,09,113.9
04.21.2002-12:00:00,04,21,2002,12,126.85
04.21.2002-15:00:00,04,21,2002,15,124.61
04.21.2002-18:00:00,04,21,2002,18,120.33
04.21.2002-21:00:00,04,21,2002,21,115.3
04.22.2002-00:00:00,04,22,2002,00,108.26
04.22.2002-03:00:00,04,22,2002,03,104.55
04.22.2002-06:00:00,04,22,2002,06,103.45
04.22.2002-09:00:00,04,22,2002,09,121.53
04.22.2002-12:00:00,04,22,2002,12,132.6
04.22.2002-15:00:00,04,22,2002,15,126.45
04.22.2002-18:00:00,04,22,2002,18,122
04.22.2002-21:00:00,04,22,2002,21,115.56
04.23.2002-00:00:00,04,23,2002,00,104.64
04.23.2002-03:00:00,04,23,2002,03,105.4
04.23.2002-06:00:00,04,23,2002,06,105.98
04.23.2002-09:00:00,04,23,2002,09,101.71
04.23.2002-12:00:00,04,23,2002,12,101.56
04.23.2002-15:00:00,04,23,2002,15,104.49
04.23.2002-18:00:00,04,23,2002,18,105.91
04.23.2002-21:00:00,04,23,2002,21,106.06
04.24.2002-00:00:00,04,24,2002,00,106.05
04.24.2002-03:00:00,04,24,2002,03,105.99
04.24.2002-06:00:00,04,24,2002,06,105.95
04.24.2002-09:00:00,04,24,2002,09,98.393
04.24.2002-12:00:00,04,24,2002,12,98.126
04.24.2002-15:00:00,04,24,2002,15,102.84
04.24.2002-18:00:00,04,24,2002,18,105.19
04.24.2002-21:00:00,04,24,2002,21,105.46
04.25.2002-00:00:00,04,25,2002,00,105.79
04.25.2002-03:00:00,04,25,2002,03,112.45
04.25.2002-06:00:00,04,25,2002,06,111.98
04.25.2002-09:00:00,04,25,2002,09,103.14
04.25.2002-12:00:00,04,25,2002,12,103.36
04.25.2002-15:00:00,04,25,2002,15,107.49
04.25.2002-18:00:00,04,25,2002,18,109.74
04.25.2002-21:00:00,04,25,2002,21,110.14
04.26.2002-00:00:00,04,26,2002,00,110.17
04.26.2002-03:00:00,04,26,2002,03,110.28
04.26.2002-06:00:00,04,26,2002,06,110.04
04.26.2002-09:00:00,04,26,2002,09,102.69
04.26.2002-12:00:00,04,26,2002,12,108.36
04.26.2002-15:00:00,04,26,2002,15,125.75
04.26.2002-18:00:00,04,26,2002,18,130.63
04.26.2002-21:00:00,04,26,2002,21,122.89
04.27.2002-00:00:00,04,27,2002,00,120.1
04.27.2002-03:00:00,04,27,2002,03,117.73
04.27.2002-06:00:00,04,27,2002,06,118.21
04.27.2002-09:00:00,04,27,2002,09,139.48
04.27.2002-12:00:00,04,27,2002,12,151.47
04.27.2002-15:00:00,04,27,2002,15,145.63
04.27.2002-18:00:00,04,27,2002,18,140.69
04.27.2002-21:00:00,04,27,2002,21,135.06
04.28.2002-00:00:00,04,28,2002,00,128.25
04.28.2002-03:00:00,04,28,2002,03,126.57
04.28.2002-06:00:00,04,28,2002,06,126.98
04.28.2002-09:00:00,04,28,2002,09,133.67
04.28.2002-12:00:00,04,28,2002,12,168.21
04.28.2002-15:00:00,04,28,2002,15,163.45
04.28.2002-18:00:00,04,28,2002,18,155.13
04.28.2002-21:00:00,04,28,2002,21,146.3
04.29.2002-00:00:00,04,29,2002,00,142.09
04.29.2002-03:00:00,04,29,2002,03,139.84
04.29.2002-06:00:00,04,29,2002,06,140.49
04.29.2002-09:00:00,04,29,2002,09,161
04.29.2002-12:00:00,04,29,2002,12,216.63
04.29.2002-15:00:00,04,29,2002,15,231.02
04.29.2002-18:00:00,04,29,2002,18,220.6
04.29.2002-21:00:00,04,29,2002,21,206.76
04.30.2002-00:00:00,04,30,2002,00,207.63
04.30.2002-03:00:00,04,30,2002,03,206.23
04.30.2002-06:00:00,04,30,2002,06,208.75
04.30.2002-09:00:00,04,30,2002,09,250.22
04.30.2002-12:00:00,04,30,2002,12,300.62
04.30.2002-15:00:00,04,30,2002,15,313.01
04.30.2002-18:00:00,04,30,2002,18,309.16
04.30.2002-21:00:00,04,30,2002,21,294.55
05.01.2002-00:00:00,05,01,2002,00,275.56
05.01.2002-03:00:00,05,01,2002,03,256.35
05.01.2002-06:00:00,05,01,2002,06,262.05
05.01.2002-09:00:00,05,01,2002,09,340.73
05.01.2002-12:00:00,05,01,2002,12,420.51
05.01.2002-15:00:00,05,01,2002,15,422.29
05.01.2002-18:00:00,05,01,2002,18,396.71
05.01.2002-21:00:00,05,01,2002,21,383.29
05.02.2002-00:00:00,05,02,2002,00,386.73
05.02.2002-03:00:00,05,02,2002,03,390.37
05.02.2002-06:00:00,05,02,2002,06,381.73
05.02.2002-09:00:00,05,02,2002,09,481.35
05.02.2002-12:00:00,05,02,2002,12,607.83
05.02.2002-15:00:00,05,02,2002,15,585.96
05.02.2002-18:00:00,05,02,2002,18,611.81
05.02.2002-21:00:00,05,02,2002,21,538.77
05.03.2002-00:00:00,05,03,2002,00,514.86
05.03.2002-03:00:00,05,03,2002,03,477.1
05.03.2002-06:00:00,05,03,2002,06,473.96
05.03.2002-09:00:00,05,03,2002,09,514.52
05.03.2002-12:00:00,05,03,2002,12,630.11
05.03.2002-15:00:00,05,03,2002,15,662.92
05.03.2002-18:00:00,05,03,2002,18,577.43
05.03.2002-21:00:00,05,03,2002,21,538.94
05.04.2002-00:00:00,05,04,2002,00,520.96
05.04.2002-03:00:00,05,04,2002,03,520.61
05.04.2002-06:00:00,05,04,2002,06,519.75
05.04.2002-09:00:00,05,04,2002,09,490.83
05.04.2002-12:00:00,05,04,2002,12,532.55
05.04.2002-15:00:00,05,04,2002,15,593.92
05.04.2002-18:00:00,05,04,2002,18,562.32
05.04.2002-21:00:00,05,04,2002,21,513.66
05.05.2002-00:00:00,05,05,2002,00,506.22
05.05.2002-03:00:00,05,05,2002,03,503.96
05.05.2002-06:00:00,05,05,2002,06,497.44
05.05.2002-09:00:00,05,05,2002,09,497.56
05.05.2002-12:00:00,05,05,2002,12,668.24
05.05.2002-15:00:00,05,05,2002,15,669.52
05.05.2002-18:00:00,05,05,2002,18,598.21
05.05.2002-21:00:00,05,05,2002,21,536.63
05.06.2002-00:00:00,05,06,2002,00,519.16
05.06.2002-03:00:00,05,06,2002,03,517.84
05.06.2002-06:00:00,05,06,2002,06,516.5
05.06.2002-09:00:00,05,06,2002,09,487.82
05.06.2002-12:00:00,05,06,2002,12,481.13
05.06.2002-15:00:00,05,06,2002,15,532.97
05.06.2002-18:00:00,05,06,2002,18,533.29
05.06.2002-21:00:00,05,06,2002,21,505.56
05.07.2002-00:00:00,05,07,2002,00,512.2
05.07.2002-03:00:00,05,07,2002,03,509.75
05.07.2002-06:00:00,05,07,2002,06,504.28
05.07.2002-09:00:00,05,07,2002,09,470.7
05.07.2002-12:00:00,05,07,2002,12,545.85
05.07.2002-15:00:00,05,07,2002,15,611.6
05.07.2002-18:00:00,05,07,2002,18,567.61
05.07.2002-21:00:00,05,07,2002,21,524.53
05.08.2002-00:00:00,05,08,2002,00,518.46
05.08.2002-03:00:00,05,08,2002,03,516.79
05.08.2002-06:00:00,05,08,2002,06,520.98
05.08.2002-09:00:00,05,08,2002,09,481.86
05.08.2002-12:00:00,05,08,2002,12,505.86
05.08.2002-15:00:00,05,08,2002,15,678.65
05.08.2002-18:00:00,05,08,2002,18,614.68
05.08.2002-21:00:00,05,08,2002,21,541.47
05.09.2002-00:00:00,05,09,2002,00,541.18
05.09.2002-03:00:00,05,09,2002,03,539.42
05.09.2002-06:00:00,05,09,2002,06,536.28
05.09.2002-09:00:00,05,09,2002,09,484.33
05.09.2002-12:00:00,05,09,2002,12,475.76
05.09.2002-15:00:00,05,09,2002,15,522.59
05.09.2002-18:00:00,05,09,2002,18,577.17
05.09.2002-21:00:00,05,09,2002,21,547.33
05.10.2002-00:00:00,05,10,2002,00,544.78
05.10.2002-03:00:00,05,10,2002,03,548.49
05.10.2002-06:00:00,05,10,2002,06,538.79
05.10.2002-09:00:00,05,10,2002,09,460.85
05.10.2002-12:00:00,05,10,2002,12,577.31
05.10.2002-15:00:00,05,10,2002,15,727.97
05.10.2002-18:00:00,05,10,2002,18,695.12
05.10.2002-21:00:00,05,10,2002,21,611.99
05.11.2002-00:00:00,05,11,2002,00,580.51
05.11.2002-03:00:00,05,11,2002,03,559.61
05.11.2002-06:00:00,05,11,2002,06,556.75
05.11.2002-09:00:00,05,11,2002,09,786.58
05.11.2002-12:00:00,05,11,2002,12,1231.9
05.11.2002-15:00:00,05,11,2002,15,1273.5
05.11.2002-18:00:00,05,11,2002,18,1027.8
05.11.2002-21:00:00,05,11,2002,21,878.55
05.12.2002-00:00:00,05,12,2002,00,793.35
05.12.2002-03:00:00,05,12,2002,03,720.03
05.12.2002-06:00:00,05,12,2002,06,692.63
05.12.2002-09:00:00,05,12,2002,09,1038.1
05.12.2002-12:00:00,05,12,2002,12,1675.6
05.12.2002-15:00:00,05,12,2002,15,1617.2
05.12.2002-18:00:00,05,12,2002,18,1315.6
05.12.2002-21:00:00,05,12,2002,21,1122.6
05.13.2002-00:00:00,05,13,2002,00,1032.9
05.13.2002-03:00:00,05,13,2002,03,949.48
05.13.2002-06:00:00,05,13,2002,06,936.94
05.13.2002-09:00:00,05,13,2002,09,1459.3
05.13.2002-12:00:00,05,13,2002,12,2270.3
05.13.2002-15:00:00,05,13,2002,15,2061.7
05.13.2002-18:00:00,05,13,2002,18,1693.9
05.13.2002-21:00:00,05,13,2002,21,1446.5
05.14.2002-00:00:00,05,14,2002,00,1374.5
05.14.2002-03:00:00,05,14,2002,03,1197.8
05.14.2002-06:00:00,05,14,2002,06,1185.3
05.14.2002-09:00:00,05,14,2002,09,1484.1
05.14.2002-12:00:00,05,14,2002,12,2018.3
05.14.2002-15:00:00,05,14,2002,15,1919.3
05.14.2002-18:00:00,05,14,2002,18,1658
05.14.2002-21:00:00,05,14,2002,21,1502.8
05.15.2002-00:00:00,05,15,2002,00,1355.1
05.15.2002-03:00:00,05,15,2002,03,1326.1
05.15.2002-06:00:00,05,15,2002,06,1311.5
05.15.2002-09:00:00,05,15,2002,09,1457.1
05.15.2002-12:00:00,05,15,2002,12,2196.9
05.15.2002-15:00:00,05,15,2002,15,2112.3
05.15.2002-18:00:00,05,15,2002,18,1792.9
05.15.2002-21:00:00,05,15,2002,21,1591.8
05.16.2002-00:00:00,05,16,2002,00,1474.4
05.16.2002-03:00:00,05,16,2002,03,1445.7
05.16.2002-06:00:00,05,16,2002,06,1410.2
05.16.2002-09:00:00,05,16,2002,09,1663.4
05.16.2002-12:00:00,05,16,2002,12,2535.2
05.16.2002-15:00:00,05,16,2002,15,2520.5
05.16.2002-18:00:00,05,16,2002,18,2079
05.16.2002-21:00:00,05,16,2002,21,1852.8
05.17.2002-00:00:00,05,17,2002,00,1835.5
05.17.2002-03:00:00,05,17,2002,03,1810.7
05.17.2002-06:00:00,05,17,2002,06,1883.4
05.17.2002-09:00:00,05,17,2002,09,2753.6
05.17.2002-12:00:00,05,17,2002,12,3392.5
05.17.2002-15:00:00,05,17,2002,15,3047.6
05.17.2002-18:00:00,05,17,2002,18,2650.4
05.17.2002-21:00:00,05,17,2002,21,2368.8
05.18.2002-00:00:00,05,18,2002,00,2187.9
05.18.2002-03:00:00,05,18,2002,03,2021.1
05.18.2002-06:00:00,05,18,2002,06,2005.9
05.18.2002-09:00:00,05,18,2002,09,2878.4
05.18.2002-12:00:00,05,18,2002,12,3926.8
05.18.2002-15:00:00,05,18,2002,15,3475.3
05.18.2002-18:00:00,05,18,2002,18,2874.8
05.18.2002-21:00:00,05,18,2002,21,2615.2
05.19.2002-00:00:00,05,19,2002,00,2519.9
05.19.2002-03:00:00,05,19,2002,03,2452.3
05.19.2002-06:00:00,05,19,2002,06,2523.1
05.19.2002-09:00:00,05,19,2002,09,3755.5
05.19.2002-12:00:00,05,19,2002,12,4710.6
05.19.2002-15:00:00,05,19,2002,15,4351.5
05.19.2002-18:00:00,05,19,2002,18,3762.9
05.19.2002-21:00:00,05,19,2002,21,3397.5
05.20.2002-00:00:00,05,20,2002,00,4023.2
05.20.2002-03:00:00,05,20,2002,03,4217.2
05.20.2002-06:00:00,05,20,2002,06,4708.8
05.20.2002-09:00:00,05,20,2002,09,5991.7
05.20.2002-12:00:00,05,20,2002,12,6844.9
05.20.2002-15:00:00,05,20,2002,15,6508.8
05.20.2002-18:00:00,05,20,2002,18,6014.1
05.20.2002-21:00:00,05,20,2002,21,5828.4
05.21.2002-00:00:00,05,21,2002,00,5567.7
05.21.2002-03:00:00,05,21,2002,03,5311.9
05.21.2002-06:00:00,05,21,2002,06,5525.7
05.21.2002-09:00:00,05,21,2002,09,6257.8
05.21.2002-12:00:00,05,21,2002,12,6840
05.21.2002-15:00:00,05,21,2002,15,6735.4
05.21.2002-18:00:00,05,21,2002,18,6641.3
05.21.2002-21:00:00,05,21,2002,21,6631.1
05.22.2002-00:00:00,05,22,2002,00,6152.1
05.22.2002-03:00:00,05,22,2002,03,6021.6
05.22.2002-06:00:00,05,22,2002,06,6310.6
05.22.2002-09:00:00,05,22,2002,09,6741.7
05.22.2002-12:00:00,05,22,2002,12,7148.4
05.22.2002-15:00:00,05,22,2002,15,7131.3
05.22.2002-18:00:00,05,22,2002,18,7117.5
05.22.2002-21:00:00,05,22,2002,21,7010.8
05.23.2002-00:00:00,05,23,2002,00,6590.9
05.23.2002-03:00:00,05,23,2002,03,6355.6
05.23.2002-06:00:00,05,23,2002,06,6556.5
05.23.2002-09:00:00,05,23,2002,09,8480.9
05.23.2002-12:00:00,05,23,2002,12,9932.6
05.23.2002-15:00:00,05,23,2002,15,9472.4
05.23.2002-18:00:00,05,23,2002,18,8792.1
05.23.2002-21:00:00,05,23,2002,21,8239.6
05.24.2002-00:00:00,05,24,2002,00,7742.7
05.24.2002-03:00:00,05,24,2002,03,7448.4
05.24.2002-06:00:00,05,24,2002,06,7213.4
05.24.2002-09:00:00,05,24,2002,09,7703.5
05.24.2002-12:00:00,05,24,2002,12,10537
05.24.2002-15:00:00,05,24,2002,15,10571
05.24.2002-18:00:00,05,24,2002,18,9782.8
05.24.2002-21:00:00,05,24,2002,21,8958.2
05.25.2002-00:00:00,05,25,2002,00,8734.1
05.25.2002-03:00:00,05,25,2002,03,8456.1
05.25.2002-06:00:00,05,25,2002,06,8605.1
05.25.2002-09:00:00,05,25,2002,09,10728
05.25.2002-12:00:00,05,25,2002,12,12638
05.25.2002-15:00:00,05,25,2002,15,12585
05.25.2002-18:00:00,05,25,2002,18,11859
05.25.2002-21:00:00,05,25,2002,21,11050
05.26.2002-00:00:00,05,26,2002,00,10365
05.26.2002-03:00:00,05,26,2002,03,9726.1
05.26.2002-06:00:00,05,26,2002,06,9346.6
05.26.2002-09:00:00,05,26,2002,09,11300
05.26.2002-12:00:00,05,26,2002,12,14007
05.26.2002-15:00:00,05,26,2002,15,14091
05.26.2002-18:00:00,05,26,2002,18,13217
05.26.2002-21:00:00,05,26,2002,21,12303
05.27.2002-00:00:00,05,27,2002,00,11594
05.27.2002-03:00:00,05,27,2002,03,11073
05.27.2002-06:00:00,05,27,2002,06,10691
05.27.2002-09:00:00,05,27,2002,09,13141
05.27.2002-12:00:00,05,27,2002,12,15811
05.27.2002-15:00:00,05,27,2002,15,16381
05.27.2002-18:00:00,05,27,2002,18,15857
05.27.2002-21:00:00,05,27,2002,21,14818
05.28.2002-00:00:00,05,28,2002,00,14371
05.28.2002-03:00:00,05,28,2002,03,13735
05.28.2002-06:00:00,05,28,2002,06,14127
05.28.2002-09:00:00,05,28,2002,09,16520
05.28.2002-12:00:00,05,28,2002,12,19133
05.28.2002-15:00:00,05,28,2002,15,20055
05.28.2002-18:00:00,05,28,2002,18,19844
05.28.2002-21:00:00,05,28,2002,21,19004
05.29.2002-00:00:00,05,29,2002,00,17964
05.29.2002-03:00:00,05,29,2002,03,16563
05.29.2002-06:00:00,05,29,2002,06,16118
05.29.2002-09:00:00,05,29,2002,09,18007
05.29.2002-12:00:00,05,29,2002,12,20301
05.29.2002-15:00:00,05,29,2002,15,21151
05.29.2002-18:00:00,05,29,2002,18,20841
05.29.2002-21:00:00,05,29,2002,21,19993
05.30.2002-00:00:00,05,30,2002,00,18850
05.30.2002-03:00:00,05,30,2002,03,17371
05.30.2002-06:00:00,05,30,2002,06,16154
05.30.2002-09:00:00,05,30,2002,09,18337
05.30.2002-12:00:00,05,30,2002,12,21107
05.30.2002-15:00:00,05,30,2002,15,22534
05.30.2002-18:00:00,05,30,2002,18,21938
05.30.2002-21:00:00,05,30,2002,21,20901
05.31.2002-00:00:00,05,31,2002,00,19878
05.31.2002-03:00:00,05,31,2002,03,18261
05.31.2002-06:00:00,05,31,2002,06,17401
05.31.2002-09:00:00,05,31,2002,09,18863
05.31.2002-12:00:00,05,31,2002,12,21004
05.31.2002-15:00:00,05,31,2002,15,22062
05.31.2002-18:00:00,05,31,2002,18,21926
05.31.2002-21:00:00,05,31,2002,21,21071
06.01.2002-00:00:00,06,01,2002,00,19784
06.01.2002-03:00:00,06,01,2002,03,18244
06.01.2002-06:00:00,06,01,2002,06,17340
06.01.2002-09:00:00,06,01,2002,09,19583
06.01.2002-12:00:00,06,01,2002,12,22516
06.01.2002-15:00:00,06,01,2002,15,24067
06.01.2002-18:00:00,06,01,2002,18,23868
06.01.2002-21:00:00,06,01,2002,21,23005
06.02.2002-00:00:00,06,02,2002,00,21739
06.02.2002-03:00:00,06,02,2002,03,20027
06.02.2002-06:00:00,06,02,2002,06,19518
06.02.2002-09:00:00,06,02,2002,09,21453
06.02.2002-12:00:00,06,02,2002,12,24117
06.02.2002-15:00:00,06,02,2002,15,25466
06.02.2002-18:00:00,06,02,2002,18,25542
06.02.2002-21:00:00,06,02,2002,21,24690
06.03.2002-00:00:00,06,03,2002,00,23002
06.03.2002-03:00:00,06,03,2002,03,21206
06.03.2002-06:00:00,06,03,2002,06,19890
06.03.2002-09:00:00,06,03,2002,09,21516
06.03.2002-12:00:00,06,03,2002,12,24453
06.03.2002-15:00:00,06,03,2002,15,25848
06.03.2002-18:00:00,06,03,2002,18,25797
06.03.2002-21:00:00,06,03,2002,21,24902
06.04.2002-00:00:00,06,04,2002,00,23761
06.04.2002-03:00:00,06,04,2002,03,22257
06.04.2002-06:00:00,06,04,2002,06,21775
06.04.2002-09:00:00,06,04,2002,09,23580
06.04.2002-12:00:00,06,04,2002,12,26257
06.04.2002-15:00:00,06,04,2002,15,27502
06.04.2002-18:00:00,06,04,2002,18,27889
06.04.2002-21:00:00,06,04,2002,21,27225
06.05.2002-00:00:00,06,05,2002,00,25864
06.05.2002-03:00:00,06,05,2002,03,24267
06.05.2002-06:00:00,06,05,2002,06,23588
06.05.2002-09:00:00,06,05,2002,09,24697
06.05.2002-12:00:00,06,05,2002,12,26817
06.05.2002-15:00:00,06,05,2002,15,28074
06.05.2002-18:00:00,06,05,2002,18,28319
06.05.2002-21:00:00,06,05,2002,21,27409
06.06.2002-00:00:00,06,06,2002,00,26057
06.06.2002-03:00:00,06,06,2002,03,24461
06.06.2002-06:00:00,06,06,2002,06,23044
06.06.2002-09:00:00,06,06,2002,09,22876
06.06.2002-12:00:00,06,06,2002,12,23631
06.06.2002-15:00:00,06,06,2002,15,23963
06.06.2002-18:00:00,06,06,2002,18,23789
06.06.2002-21:00:00,06,06,2002,21,22887
06.07.2002-00:00:00,06,07,2002,00,21652
06.07.2002-03:00:00,06,07,2002,03,20242
06.07.2002-06:00:00,06,07,2002,06,18941
06.07.2002-09:00:00,06,07,2002,09,18046
06.07.2002-12:00:00,06,07,2002,12,19394
06.07.2002-15:00:00,06,07,2002,15,19494
06.07.2002-18:00:00,06,07,2002,18,19131
06.07.2002-21:00:00,06,07,2002,21,18309
06.08.2002-00:00:00,06,08,2002,00,17378
06.08.2002-03:00:00,06,08,2002,03,16527
06.08.2002-06:00:00,06,08,2002,06,15800
06.08.2002-09:00:00,06,08,2002,09,14973
06.08.2002-12:00:00,06,08,2002,12,14696
06.08.2002-15:00:00,06,08,2002,15,14877
06.08.2002-18:00:00,06,08,2002,18,14844
06.08.2002-21:00:00,06,08,2002,21,14639
06.09.2002-00:00:00,06,09,2002,00,13979
06.09.2002-03:00:00,06,09,2002,03,13497
06.09.2002-06:00:00,06,09,2002,06,13178
06.09.2002-09:00:00,06,09,2002,09,14852
06.09.2002-12:00:00,06,09,2002,12,17406
06.09.2002-15:00:00,06,09,2002,15,18886
06.09.2002-18:00:00,06,09,2002,18,18880
06.09.2002-21:00:00,06,09,2002,21,18338
06.10.2002-00:00:00,06,10,2002,00,17325
06.10.2002-03:00:00,06,10,2002,03,16304
06.10.2002-06:00:00,06,10,2002,06,15664
06.10.2002-09:00:00,06,10,2002,09,17654
06.10.2002-12:00:00,06,10,2002,12,20125
06.10.2002-15:00:00,06,10,2002,15,21421
06.10.2002-18:00:00,06,10,2002,18,21705
06.10.2002-21:00:00,06,10,2002,21,21353
06.11.2002-00:00:00,06,11,2002,00,20146
06.11.2002-03:00:00,06,11,2002,03,18863
06.11.2002-06:00:00,06,11,2002,06,17775
06.11.2002-09:00:00,06,11,2002,09,18574
06.11.2002-12:00:00,06,11,2002,12,20670
06.11.2002-15:00:00,06,11,2002,15,21329
06.11.2002-18:00:00,06,11,2002,18,21645
06.11.2002-21:00:00,06,11,2002,21,21173
06.12.2002-00:00:00,06,12,2002,00,19973
06.12.2002-03:00:00,06,12,2002,03,18654
06.12.2002-06:00:00,06,12,2002,06,18111
06.12.2002-09:00:00,06,12,2002,09,19512
06.12.2002-12:00:00,06,12,2002,12,22134
06.12.2002-15:00:00,06,12,2002,15,23045
06.12.2002-18:00:00,06,12,2002,18,23476
06.12.2002-21:00:00,06,12,2002,21,22747
06.13.2002-00:00:00,06,13,2002,00,21697
06.13.2002-03:00:00,06,13,2002,03,20451
06.13.2002-06:00:00,06,13,2002,06,19460
06.13.2002-09:00:00,06,13,2002,09,20752
06.13.2002-12:00:00,06,13,2002,12,22987
06.13.2002-15:00:00,06,13,2002,15,23911
06.13.2002-18:00:00,06,13,2002,18,24042
06.13.2002-21:00:00,06,13,2002,21,23206
06.14.2002-00:00:00,06,14,2002,00,22234
06.14.2002-03:00:00,06,14,2002,03,21034
06.14.2002-06:00:00,06,14,2002,06,20466
06.14.2002-09:00:00,06,14,2002,09,21878
06.14.2002-12:00:00,06,14,2002,12,24026
06.14.2002-15:00:00,06,14,2002,15,25047
06.14.2002-18:00:00,06,14,2002,18,25224
06.14.2002-21:00:00,06,14,2002,21,24348
06.15.2002-00:00:00,06,15,2002,00,23587
06.15.2002-03:00:00,06,15,2002,03,22360
06.15.2002-06:00:00,06,15,2002,06,21920
06.15.2002-09:00:00,06,15,2002,09,23129
06.15.2002-12:00:00,06,15,2002,12,25122
06.15.2002-15:00:00,06,15,2002,15,25874
06.15.2002-18:00:00,06,15,2002,18,25712
06.15.2002-21:00:00,06,15,2002,21,24897
06.16.2002-00:00:00,06,16,2002,00,24272
06.16.2002-03:00:00,06,16,2002,03,22982
06.16.2002-06:00:00,06,16,2002,06,22651
06.16.2002-09:00:00,06,16,2002,09,23248
06.16.2002-12:00:00,06,16,2002,12,24111
06.16.2002-15:00:00,06,16,2002,15,24272
06.16.2002-18:00:00,06,16,2002,18,23669
06.16.2002-21:00:00,06,16,2002,21,23107
06.17.2002-00:00:00,06,17,2002,00,22699
06.17.2002-03:00:00,06,17,2002,03,21782
06.17.2002-06:00:00,06,17,2002,06,21318
06.17.2002-09:00:00,06,17,2002,09,20697
06.17.2002-12:00:00,06,17,2002,12,20759
06.17.2002-15:00:00,06,17,2002,15,20310
06.17.2002-18:00:00,06,17,2002,18,19962
06.17.2002-21:00:00,06,17,2002,21,19513
06.18.2002-00:00:00,06,18,2002,00,19055
06.18.2002-03:00:00,06,18,2002,03,18368
06.18.2002-06:00:00,06,18,2002,06,17901
06.18.2002-09:00:00,06,18,2002,09,17591
06.18.2002-12:00:00,06,18,2002,12,17678
06.18.2002-15:00:00,06,18,2002,15,17112
06.18.2002-18:00:00,06,18,2002,18,16702
06.18.2002-21:00:00,06,18,2002,21,16312
06.19.2002-00:00:00,06,19,2002,00,15971
06.19.2002-03:00:00,06,19,2002,03,15450
06.19.2002-06:00:00,06,19,2002,06,14991
06.19.2002-09:00:00,06,19,2002,09,15102
06.19.2002-12:00:00,06,19,2002,12,15235
06.19.2002-15:00:00,06,19,2002,15,14845
06.19.2002-18:00:00,06,19,2002,18,14386
06.19.2002-21:00:00,06,19,2002,21,14207
06.20.2002-00:00:00,06,20,2002,00,14066
06.20.2002-03:00:00,06,20,2002,03,13919
06.20.2002-06:00:00,06,20,2002,06,13550
06.20.2002-09:00:00,06,20,2002,09,13415
06.20.2002-12:00:00,06,20,2002,12,13573
06.20.2002-15:00:00,06,20,2002,15,13065
06.20.2002-18:00:00,06,20,2002,18,12816
06.20.2002-21:00:00,06,20,2002,21,12806
06.21.2002-00:00:00,06,21,2002,00,12820
06.21.2002-03:00:00,06,21,2002,03,12682
06.21.2002-06:00:00,06,21,2002,06,12335
06.21.2002-09:00:00,06,21,2002,09,12465
06.21.2002-12:00:00,06,21,2002,12,12516
06.21.2002-15:00:00,06,21,2002,15,11897
06.21.2002-18:00:00,06,21,2002,18,11817
06.21.2002-21:00:00,06,21,2002,21,11940
06.22.2002-00:00:00,06,22,2002,00,12349
06.22.2002-03:00:00,06,22,2002,03,12193
06.22.2002-06:00:00,06,22,2002,06,11990
06.22.2002-09:00:00,06,22,2002,09,11685
06.22.2002-12:00:00,06,22,2002,12,11441
06.22.2002-15:00:00,06,22,2002,15,11229
06.22.2002-18:00:00,06,22,2002,18,11196
06.22.2002-21:00:00,06,22,2002,21,11450
06.23.2002-00:00:00,06,23,2002,00,11761
06.23.2002-03:00:00,06,23,2002,03,11843
06.23.2002-06:00:00,06,23,2002,06,11353
06.23.2002-09:00:00,06,23,2002,09,11041
06.23.2002-12:00:00,06,23,2002,12,10429
06.23.2002-15:00:00,06,23,2002,15,10307
06.23.2002-18:00:00,06,23,2002,18,10297
06.23.2002-21:00:00,06,23,2002,21,10628
06.24.2002-00:00:00,06,24,2002,00,10991
06.24.2002-03:00:00,06,24,2002,03,10825
06.24.2002-06:00:00,06,24,2002,06,10521
06.24.2002-09:00:00,06,24,2002,09,9796.8
06.24.2002-12:00:00,06,24,2002,12,9429.3
06.24.2002-15:00:00,06,24,2002,15,9149.7
06.24.2002-18:00:00,06,24,2002,18,9287.7
06.24.2002-21:00:00,06,24,2002,21,9508.3
06.25.2002-00:00:00,06,25,2002,00,9795.3
06.25.2002-03:00:00,06,25,2002,03,9888
06.25.2002-06:00:00,06,25,2002,06,9313.7
06.25.2002-09:00:00,06,25,2002,09,8687.3
06.25.2002-12:00:00,06,25,2002,12,8293
06.25.2002-15:00:00,06,25,2002,15,8115.3
06.25.2002-18:00:00,06,25,2002,18,8210.3
06.25.2002-21:00:00,06,25,2002,21,8608.4
06.26.2002-00:00:00,06,26,2002,00,8724.5
06.26.2002-03:00:00,06,26,2002,03,8855.1
06.26.2002-06:00:00,06,26,2002,06,8459.4
06.26.2002-09:00:00,06,26,2002,09,7891.9
06.26.2002-12:00:00,06,26,2002,12,7609.5
06.26.2002-15:00:00,06,26,2002,15,7487.3
06.26.2002-18:00:00,06,26,2002,18,7478.1
06.26.2002-21:00:00,06,26,2002,21,7762.8
06.27.2002-00:00:00,06,27,2002,00,8002.8
06.27.2002-03:00:00,06,27,2002,03,7799.8
06.27.2002-06:00:00,06,27,2002,06,7515.3
06.27.2002-09:00:00,06,27,2002,09,6902.4
06.27.2002-12:00:00,06,27,2002,12,6759.6
06.27.2002-15:00:00,06,27,2002,15,6563.1
06.27.2002-18:00:00,06,27,2002,18,6675.8
06.27.2002-21:00:00,06,27,2002,21,6882.8
06.28.2002-00:00:00,06,28,2002,00,7194.5
06.28.2002-03:00:00,06,28,2002,03,7173.2
06.28.2002-06:00:00,06,28,2002,06,7064.5
06.28.2002-09:00:00,06,28,2002,09,6751.3
06.28.2002-12:00:00,06,28,2002,12,6435.9
06.28.2002-15:00:00,06,28,2002,15,6535.8
06.28.2002-18:00:00,06,28,2002,18,6479.6
06.28.2002-21:00:00,06,28,2002,21,6549.2
06.29.2002-00:00:00,06,29,2002,00,6803.4
06.29.2002-03:00:00,06,29,2002,03,6798.6
06.29.2002-06:00:00,06,29,2002,06,6757.2
06.29.2002-09:00:00,06,29,2002,09,6510.5
06.29.2002-12:00:00,06,29,2002,12,6436.3
06.29.2002-15:00:00,06,29,2002,15,6411.9
06.29.2002-18:00:00,06,29,2002,18,6534.5
06.29.2002-21:00:00,06,29,2002,21,6697.7
06.30.2002-00:00:00,06,30,2002,00,6431.8
06.30.2002-03:00:00,06,30,2002,03,6266.9
06.30.2002-06:00:00,06,30,2002,06,6058.1
06.30.2002-09:00:00,06,30,2002,09,5668.8
06.30.2002-12:00:00,06,30,2002,12,5485.5
06.30.2002-15:00:00,06,30,2002,15,5493.4
06.30.2002-18:00:00,06,30,2002,18,5459.8
06.30.2002-21:00:00,06,30,2002,21,5598.3
07.01.2002-00:00:00,07,01,2002,00,5623.9
07.01.2002-03:00:00,07,01,2002,03,5607.9
07.01.2002-06:00:00,07,01,2002,06,5291.8
07.01.2002-09:00:00,07,01,2002,09,4905
07.01.2002-12:00:00,07,01,2002,12,4731.4
07.01.2002-15:00:00,07,01,2002,15,4728.8
07.01.2002-18:00:00,07,01,2002,18,4879
07.01.2002-21:00:00,07,01,2002,21,5037.3
07.02.2002-00:00:00,07,02,2002,00,5118.3
07.02.2002-03:00:00,07,02,2002,03,5126.8
07.02.2002-06:00:00,07,02,2002,06,4796.5
07.02.2002-09:00:00,07,02,2002,09,4325.4
07.02.2002-12:00:00,07,02,2002,12,4181.9
07.02.2002-15:00:00,07,02,2002,15,4230.6
07.02.2002-18:00:00,07,02,2002,18,4393
07.02.2002-21:00:00,07,02,2002,21,4595.4
07.03.2002-00:00:00,07,03,2002,00,4700.3
07.03.2002-03:00:00,07,03,2002,03,4625.7
07.03.2002-06:00:00,07,03,2002,06,4330.1
07.03.2002-09:00:00,07,03,2002,09,3940.7
07.03.2002-12:00:00,07,03,2002,12,3830.6
07.03.2002-15:00:00,07,03,2002,15,3893.4
07.03.2002-18:00:00,07,03,2002,18,4036.7
07.03.2002-21:00:00,07,03,2002,21,4274.5
07.04.2002-00:00:00,07,04,2002,00,4374.7
07.04.2002-03:00:00,07,04,2002,03,4334
07.04.2002-06:00:00,07,04,2002,06,4153.3
07.04.2002-09:00:00,07,04,2002,09,3791.2
07.04.2002-12:00:00,07,04,2002,12,3695
07.04.2002-15:00:00,07,04,2002,15,3718.9
07.04.2002-18:00:00,07,04,2002,18,3901.2
07.04.2002-21:00:00,07,04,2002,21,4077.3
07.05.2002-00:00:00,07,05,2002,00,4173.6
07.05.2002-03:00:00,07,05,2002,03,4158.9
07.05.2002-06:00:00,07,05,2002,06,3904.5
07.05.2002-09:00:00,07,05,2002,09,3378.9
07.05.2002-12:00:00,07,05,2002,12,3257.4
07.05.2002-15:00:00,07,05,2002,15,3358.8
07.05.2002-18:00:00,07,05,2002,18,3564.8
07.05.2002-21:00:00,07,05,2002,21,3764.2
07.06.2002-00:00:00,07,06,2002,00,3852.4
07.06.2002-03:00:00,07,06,2002,03,3838.8
07.06.2002-06:00:00,07,06,2002,06,3537.3
07.06.2002-09:00:00,07,06,2002,09,3017
07.06.2002-12:00:00,07,06,2002,12,2917.9
07.06.2002-15:00:00,07,06,2002,15,3012.8
07.06.2002-18:00:00,07,06,2002,18,3236
07.06.2002-21:00:00,07,06,2002,21,3464.5
07.07.2002-00:00:00,07,07,2002,00,3563.9
07.07.2002-03:00:00,07,07,2002,03,3546.8
07.07.2002-06:00:00,07,07,2002,06,3240.7
07.07.2002-09:00:00,07,07,2002,09,2781.3
07.07.2002-12:00:00,07,07,2002,12,2715
07.07.2002-15:00:00,07,07,2002,15,2790.6
07.07.2002-18:00:00,07,07,2002,18,3013.2
07.07.2002-21:00:00,07,07,2002,21,3239.6
07.08.2002-00:00:00,07,08,2002,00,4895.3
07.08.2002-03:00:00,07,08,2002,03,5385.2
07.08.2002-06:00:00,07,08,2002,06,5437.5
07.08.2002-09:00:00,07,08,2002,09,5301.3
07.08.2002-12:00:00,07,08,2002,12,5355
07.08.2002-15:00:00,07,08,2002,15,5634.5
07.08.2002-18:00:00,07,08,2002,18,5933.6
07.08.2002-21:00:00,07,08,2002,21,6323.6
07.09.2002-00:00:00,07,09,2002,00,4832.7
07.09.2002-03:00:00,07,09,2002,03,4476.2
07.09.2002-06:00:00,07,09,2002,06,4024.5
07.09.2002-09:00:00,07,09,2002,09,3366.6
07.09.2002-12:00:00,07,09,2002,12,3160.8
07.09.2002-15:00:00,07,09,2002,15,3083.4
07.09.2002-18:00:00,07,09,2002,18,3245.1
07.09.2002-21:00:00,07,09,2002,21,3353.4
07.10.2002-00:00:00,07,10,2002,00,3481.2
07.10.2002-03:00:00,07,10,2002,03,3398.8
07.10.2002-06:00:00,07,10,2002,06,3038.5
07.10.2002-09:00:00,07,10,2002,09,2597.6
07.10.2002-12:00:00,07,10,2002,12,2595.4
07.10.2002-15:00:00,07,10,2002,15,2577.3
07.10.2002-18:00:00,07,10,2002,18,2747.1
07.10.2002-21:00:00,07,10,2002,21,2981.9
07.11.2002-00:00:00,07,11,2002,00,3081.9
07.11.2002-03:00:00,07,11,2002,03,3031.3
07.11.2002-06:00:00,07,11,2002,06,2657.6
07.11.2002-09:00:00,07,11,2002,09,2401.2
07.11.2002-12:00:00,07,11,2002,12,2614.3
07.11.2002-15:00:00,07,11,2002,15,2394.2
07.11.2002-18:00:00,07,11,2002,18,2532.6
07.11.2002-21:00:00,07,11,2002,21,2768.4
07.12.2002-00:00:00,07,12,2002,00,2832.8
07.12.2002-03:00:00,07,12,2002,03,2829.6
07.12.2002-06:00:00,07,12,2002,06,2403.3
07.12.2002-09:00:00,07,12,2002,09,2218
07.12.2002-12:00:00,07,12,2002,12,2297.7
07.12.2002-15:00:00,07,12,2002,15,2196.2
07.12.2002-18:00:00,07,12,2002,18,2326.5
07.12.2002-21:00:00,07,12,2002,21,2580.1
07.13.2002-00:00:00,07,13,2002,00,2627.4
07.13.2002-03:00:00,07,13,2002,03,2592.4
07.13.2002-06:00:00,07,13,2002,06,2254.4
07.13.2002-09:00:00,07,13,2002,09,2093
07.13.2002-12:00:00,07,13,2002,12,2063.6
07.13.2002-15:00:00,07,13,2002,15,2094.6
07.13.2002-18:00:00,07,13,2002,18,2178.5
07.13.2002-21:00:00,07,13,2002,21,2450.5
07.14.2002-00:00:00,07,14,2002,00,2485.1
07.14.2002-03:00:00,07,14,2002,03,2430.5
07.14.2002-06:00:00,07,14,2002,06,2139.4
07.14.2002-09:00:00,07,14,2002,09,1828
07.14.2002-12:00:00,07,14,2002,12,1808.1
07.14.2002-15:00:00,07,14,2002,15,1853.9
07.14.2002-18:00:00,07,14,2002,18,2016.3
07.14.2002-21:00:00,07,14,2002,21,2239.9
07.15.2002-00:00:00,07,15,2002,00,2333.7
07.15.2002-03:00:00,07,15,2002,03,2327.3
07.15.2002-06:00:00,07,15,2002,06,2033.8
07.15.2002-09:00:00,07,15,2002,09,1741.9
07.15.2002-12:00:00,07,15,2002,12,1699.2
07.15.2002-15:00:00,07,15,2002,15,1790.2
07.15.2002-18:00:00,07,15,2002,18,1911.2
07.15.2002-21:00:00,07,15,2002,21,2125.9
07.16.2002-00:00:00,07,16,2002,00,2227.5
07.16.2002-03:00:00,07,16,2002,03,2188.2
07.16.2002-06:00:00,07,16,2002,06,1910.9
07.16.2002-09:00:00,07,16,2002,09,1647.5
07.16.2002-12:00:00,07,16,2002,12,1609.5
07.16.2002-15:00:00,07,16,2002,15,1692.5
07.16.2002-18:00:00,07,16,2002,18,1810.2
07.16.2002-21:00:00,07,16,2002,21,2009
07.17.2002-00:00:00,07,17,2002,00,2094
07.17.2002-03:00:00,07,17,2002,03,2053.6
07.17.2002-06:00:00,07,17,2002,06,1779.7
07.17.2002-09:00:00,07,17,2002,09,1570.9
07.17.2002-12:00:00,07,17,2002,12,1500.1
07.17.2002-15:00:00,07,17,2002,15,1602.9
07.17.2002-18:00:00,07,17,2002,18,1710.4
07.17.2002-21:00:00,07,17,2002,21,1898.8
07.18.2002-00:00:00,07,18,2002,00,1973.8
07.18.2002-03:00:00,07,18,2002,03,1937.1
07.18.2002-06:00:00,07,18,2002,06,1687.5
07.18.2002-09:00:00,07,18,2002,09,1464.3
07.18.2002-12:00:00,07,18,2002,12,1414.6
07.18.2002-15:00:00,07,18,2002,15,1498.8
07.18.2002-18:00:00,07,18,2002,18,1616.7
07.18.2002-21:00:00,07,18,2002,21,1786.4
07.19.2002-00:00:00,07,19,2002,00,1850.7
07.19.2002-03:00:00,07,19,2002,03,1862
07.19.2002-06:00:00,07,19,2002,06,1622.9
07.19.2002-09:00:00,07,19,2002,09,1418.2
07.19.2002-12:00:00,07,19,2002,12,1375.8
07.19.2002-15:00:00,07,19,2002,15,1430.4
07.19.2002-18:00:00,07,19,2002,18,1580.7
07.19.2002-21:00:00,07,19,2002,21,1737.3
07.20.2002-00:00:00,07,20,2002,00,1788.8
07.20.2002-03:00:00,07,20,2002,03,1798.5
07.20.2002-06:00:00,07,20,2002,06,1556.5
07.20.2002-09:00:00,07,20,2002,09,1326
07.20.2002-12:00:00,07,20,2002,12,1285.3
07.20.2002-15:00:00,07,20,2002,15,1339.5
07.20.2002-18:00:00,07,20,2002,18,1481.1
07.20.2002-21:00:00,07,20,2002,21,1649.9
07.21.2002-00:00:00,07,21,2002,00,1689.5
07.21.2002-03:00:00,07,21,2002,03,1687.1
07.21.2002-06:00:00,07,21,2002,06,1459.1
07.21.2002-09:00:00,07,21,2002,09,1243.6
07.21.2002-12:00:00,07,21,2002,12,1195.2
07.21.2002-15:00:00,07,21,2002,15,1261.4
07.21.2002-18:00:00,07,21,2002,18,1413.4
07.21.2002-21:00:00,07,21,2002,21,1556.5
07.22.2002-00:00:00,07,22,2002,00,1611.9
07.22.2002-03:00:00,07,22,2002,03,1608.9
07.22.2002-06:00:00,07,22,2002,06,1382.4
07.22.2002-09:00:00,07,22,2002,09,1179.4
07.22.2002-12:00:00,07,22,2002,12,1163.4
07.22.2002-15:00:00,07,22,2002,15,1194.6
07.22.2002-18:00:00,07,22,2002,18,1337.3
07.22.2002-21:00:00,07,22,2002,21,1501.1
07.23.2002-00:00:00,07,23,2002,00,1533.7
07.23.2002-03:00:00,07,23,2002,03,1527.7
07.23.2002-06:00:00,07,23,2002,06,1305.3
07.23.2002-09:00:00,07,23,2002,09,1148.1
07.23.2002-12:00:00,07,23,2002,12,1138.4
07.23.2002-15:00:00,07,23,2002,15,1149
07.23.2002-18:00:00,07,23,2002,18,1273.8
07.23.2002-21:00:00,07,23,2002,21,1424.9
07.24.2002-00:00:00,07,24,2002,00,1456.7
07.24.2002-03:00:00,07,24,2002,03,1436.1
07.24.2002-06:00:00,07,24,2002,06,1226.3
07.24.2002-09:00:00,07,24,2002,09,1082.9
07.24.2002-12:00:00,07,24,2002,12,1078
07.24.2002-15:00:00,07,24,2002,15,1091.1
07.24.2002-18:00:00,07,24,2002,18,1199.9
07.24.2002-21:00:00,07,24,2002,21,1342.4
07.25.2002-00:00:00,07,25,2002,00,1376.9
07.25.2002-03:00:00,07,25,2002,03,1342.3
07.25.2002-06:00:00,07,25,2002,06,1193.6
07.25.2002-09:00:00,07,25,2002,09,1086.8
07.25.2002-12:00:00,07,25,2002,12,1075.3
07.25.2002-15:00:00,07,25,2002,15,1094.1
07.25.2002-18:00:00,07,25,2002,18,1178.4
07.25.2002-21:00:00,07,25,2002,21,1297.7
07.26.2002-00:00:00,07,26,2002,00,1344.9
07.26.2002-03:00:00,07,26,2002,03,1316.7
07.26.2002-06:00:00,07,26,2002,06,1161.9
07.26.2002-09:00:00,07,26,2002,09,1039.1
07.26.2002-12:00:00,07,26,2002,12,982.64
07.26.2002-15:00:00,07,26,2002,15,1020.7
07.26.2002-18:00:00,07,26,2002,18,1129.2
07.26.2002-21:00:00,07,26,2002,21,1240.4
07.27.2002-00:00:00,07,27,2002,00,1280.9
07.27.2002-03:00:00,07,27,2002,03,1275.2
07.27.2002-06:00:00,07,27,2002,06,1147.4
07.27.2002-09:00:00,07,27,2002,09,1015.7
07.27.2002-12:00:00,07,27,2002,12,977.49
07.27.2002-15:00:00,07,27,2002,15,1032.2
07.27.2002-18:00:00,07,27,2002,18,1105.7
07.27.2002-21:00:00,07,27,2002,21,1211.5
07.28.2002-00:00:00,07,28,2002,00,1248.3
07.28.2002-03:00:00,07,28,2002,03,1225.4
07.28.2002-06:00:00,07,28,2002,06,1159.1
07.28.2002-09:00:00,07,28,2002,09,1087.2
07.28.2002-12:00:00,07,28,2002,12,1079.5
07.28.2002-15:00:00,07,28,2002,15,1108.3
07.28.2002-18:00:00,07,28,2002,18,1142.9
07.28.2002-21:00:00,07,28,2002,21,1223.4
07.29.2002-00:00:00,07,29,2002,00,1248.6
07.29.2002-03:00:00,07,29,2002,03,1216.2
07.29.2002-06:00:00,07,29,2002,06,1170.7
07.29.2002-09:00:00,07,29,2002,09,1100.6
07.29.2002-12:00:00,07,29,2002,12,1087.1
07.29.2002-15:00:00,07,29,2002,15,1108.9
07.29.2002-18:00:00,07,29,2002,18,1137.7
07.29.2002-21:00:00,07,29,2002,21,1206.1
07.30.2002-00:00:00,07,30,2002,00,1234.2
07.30.2002-03:00:00,07,30,2002,03,1199.8
07.30.2002-06:00:00,07,30,2002,06,1107.7
07.30.2002-09:00:00,07,30,2002,09,978.25
07.30.2002-12:00:00,07,30,2002,12,942.28
07.30.2002-15:00:00,07,30,2002,15,977.72
07.30.2002-18:00:00,07,30,2002,18,1030.7
07.30.2002-21:00:00,07,30,2002,21,1130.7
07.31.2002-00:00:00,07,31,2002,00,1173.5
07.31.2002-03:00:00,07,31,2002,03,1166.7
07.31.2002-06:00:00,07,31,2002,06,1048
07.31.2002-09:00:00,07,31,2002,09,900.7
07.31.2002-12:00:00,07,31,2002,12,856.61
07.31.2002-15:00:00,07,31,2002,15,913.25
07.31.2002-18:00:00,07,31,2002,18,975.64
07.31.2002-21:00:00,07,31,2002,21,1068.4
08.01.2002-00:00:00,08,01,2002,00,1104.5
08.01.2002-03:00:00,08,01,2002,03,1130
08.01.2002-06:00:00,08,01,2002,06,1042.5
08.01.2002-09:00:00,08,01,2002,09,877.7
08.01.2002-12:00:00,08,01,2002,12,833.12
08.01.2002-15:00:00,08,01,2002,15,884.3
08.01.2002-18:00:00,08,01,2002,18,916.38
08.01.2002-21:00:00,08,01,2002,21,1025.4
08.02.2002-00:00:00,08,02,2002,00,1054.1
08.02.2002-03:00:00,08,02,2002,03,1064.1
08.02.2002-06:00:00,08,02,2002,06,978.81
08.02.2002-09:00:00,08,02,2002,09,847.49
08.02.2002-12:00:00,08,02,2002,12,804.54
08.02.2002-15:00:00,08,02,2002,15,851.59
08.02.2002-18:00:00,08,02,2002,18,880.4
08.02.2002-21:00:00,08,02,2002,21,986.42
08.03.2002-00:00:00,08,03,2002,00,1017.5
08.03.2002-03:00:00,08,03,2002,03,1042.7
08.03.2002-06:00:00,08,03,2002,06,972.13
08.03.2002-09:00:00,08,03,2002,09,831.38
08.03.2002-12:00:00,08,03,2002,12,795.49
08.03.2002-15:00:00,08,03,2002,15,840.58
08.03.2002-18:00:00,08,03,2002,18,875.29
08.03.2002-21:00:00,08,03,2002,21,961.13
08.04.2002-00:00:00,08,04,2002,00,989.08
08.04.2002-03:00:00,08,04,2002,03,991.91
08.04.2002-06:00:00,08,04,2002,06,921.51
08.04.2002-09:00:00,08,04,2002,09,808.42
08.04.2002-12:00:00,08,04,2002,12,768.92
08.04.2002-15:00:00,08,04,2002,15,810.45
08.04.2002-18:00:00,08,04,2002,18,844.51
08.04.2002-21:00:00,08,04,2002,21,930.3
08.05.2002-00:00:00,08,05,2002,00,956.93
08.05.2002-03:00:00,08,05,2002,03,982.82
08.05.2002-06:00:00,08,05,2002,06,925.79
08.05.2002-09:00:00,08,05,2002,09,800.26
08.05.2002-12:00:00,08,05,2002,12,761.64
08.05.2002-15:00:00,08,05,2002,15,802.16
08.05.2002-18:00:00,08,05,2002,18,842.11
08.05.2002-21:00:00,08,05,2002,21,911.47
08.06.2002-00:00:00,08,06,2002,00,941.66
08.06.2002-03:00:00,08,06,2002,03,957.58
08.06.2002-06:00:00,08,06,2002,06,907.9
08.06.2002-09:00:00,08,06,2002,09,825.89
08.06.2002-12:00:00,08,06,2002,12,785.91
08.06.2002-15:00:00,08,06,2002,15,813.94
08.06.2002-18:00:00,08,06,2002,18,859.82
08.06.2002-21:00:00,08,06,2002,21,937.14
08.07.2002-00:00:00,08,07,2002,00,950.28
08.07.2002-03:00:00,08,07,2002,03,955.22
08.07.2002-06:00:00,08,07,2002,06,879.85
08.07.2002-09:00:00,08,07,2002,09,767.75
08.07.2002-12:00:00,08,07,2002,12,724.08
08.07.2002-15:00:00,08,07,2002,15,754.88
08.07.2002-18:00:00,08,07,2002,18,783
08.07.2002-21:00:00,08,07,2002,21,859.18
08.08.2002-00:00:00,08,08,2002,00,880.63
08.08.2002-03:00:00,08,08,2002,03,892.42
08.08.2002-06:00:00,08,08,2002,06,823
08.08.2002-09:00:00,08,08,2002,09,707.55
08.08.2002-12:00:00,08,08,2002,12,668.66
08.08.2002-15:00:00,08,08,2002,15,700.08
08.08.2002-18:00:00,08,08,2002,18,729.29
08.08.2002-21:00:00,08,08,2002,21,801.39
08.09.2002-00:00:00,08,09,2002,00,832.94
08.09.2002-03:00:00,08,09,2002,03,829.17
08.09.2002-06:00:00,08,09,2002,06,770.68
08.09.2002-09:00:00,08,09,2002,09,679.55
08.09.2002-12:00:00,08,09,2002,12,643.86
08.09.2002-15:00:00,08,09,2002,15,674.35
08.09.2002-18:00:00,08,09,2002,18,705.21
08.09.2002-21:00:00,08,09,2002,21,769.11
08.10.2002-00:00:00,08,10,2002,00,796.77
08.10.2002-03:00:00,08,10,2002,03,794.21
08.10.2002-06:00:00,08,10,2002,06,743.76
08.10.2002-09:00:00,08,10,2002,09,660.97
08.10.2002-12:00:00,08,10,2002,12,626.67
08.10.2002-15:00:00,08,10,2002,15,656.3
08.10.2002-18:00:00,08,10,2002,18,686.47
08.10.2002-21:00:00,08,10,2002,21,747.01
08.11.2002-00:00:00,08,11,2002,00,772.11
08.11.2002-03:00:00,08,11,2002,03,779.41
08.11.2002-06:00:00,08,11,2002,06,726.36
08.11.2002-09:00:00,08,11,2002,09,635.05
08.11.2002-12:00:00,08,11,2002,12,598.5
08.11.2002-15:00:00,08,11,2002,15,627.45
08.11.2002-18:00:00,08,11,2002,18,661.05
08.11.2002-21:00:00,08,11,2002,21,721.64
08.12.2002-00:00:00,08,12,2002,00,741.97
08.12.2002-03:00:00,08,12,2002,03,751.95
08.12.2002-06:00:00,08,12,2002,06,693.12
08.12.2002-09:00:00,08,12,2002,09,603.29
08.12.2002-12:00:00,08,12,2002,12,572.64
08.12.2002-15:00:00,08,12,2002,15,601.37
08.12.2002-18:00:00,08,12,2002,18,631.07
08.12.2002-21:00:00,08,12,2002,21,695.64
08.13.2002-00:00:00,08,13,2002,00,716.58
08.13.2002-03:00:00,08,13,2002,03,718.9
08.13.2002-06:00:00,08,13,2002,06,662.33
08.13.2002-09:00:00,08,13,2002,09,579.78
08.13.2002-12:00:00,08,13,2002,12,565.48
08.13.2002-15:00:00,08,13,2002,15,590.93
08.13.2002-18:00:00,08,13,2002,18,606.2
08.13.2002-21:00:00,08,13,2002,21,673.21
08.14.2002-00:00:00,08,14,2002,00,694.97
08.14.2002-03:00:00,08,14,2002,03,687.3
08.14.2002-06:00:00,08,14,2002,06,639.27
08.14.2002-09:00:00,08,14,2002,09,573.47
08.14.2002-12:00:00,08,14,2002,12,553.44
08.14.2002-15:00:00,08,14,2002,15,581.43
08.14.2002-18:00:00,08,14,2002,18,606.61
08.14.2002-21:00:00,08,14,2002,21,661.92
08.15.2002-00:00:00,08,15,2002,00,679.27
08.15.2002-03:00:00,08,15,2002,03,683.46
08.15.2002-06:00:00,08,15,2002,06,635.34
08.15.2002-09:00:00,08,15,2002,09,553.23
08.15.2002-12:00:00,08,15,2002,12,523.44
08.15.2002-15:00:00,08,15,2002,15,551.99
08.15.2002-18:00:00,08,15,2002,18,577.38
08.15.2002-21:00:00,08,15,2002,21,638.34
08.16.2002-00:00:00,08,16,2002,00,655.7
08.16.2002-03:00:00,08,16,2002,03,660
08.16.2002-06:00:00,08,16,2002,06,616.62
08.16.2002-09:00:00,08,16,2002,09,533.79
08.16.2002-12:00:00,08,16,2002,12,502.56
08.16.2002-15:00:00,08,16,2002,15,535.87
08.16.2002-18:00:00,08,16,2002,18,564.05
08.16.2002-21:00:00,08,16,2002,21,620.5
08.17.2002-00:00:00,08,17,2002,00,640.72
08.17.2002-03:00:00,08,17,2002,03,648.83
08.17.2002-06:00:00,08,17,2002,06,617.77
08.17.2002-09:00:00,08,17,2002,09,528.23
08.17.2002-12:00:00,08,17,2002,12,497.81
08.17.2002-15:00:00,08,17,2002,15,530.43
08.17.2002-18:00:00,08,17,2002,18,560.31
08.17.2002-21:00:00,08,17,2002,21,610.58
08.18.2002-00:00:00,08,18,2002,00,626.53
08.18.2002-03:00:00,08,18,2002,03,634.12
08.18.2002-06:00:00,08,18,2002,06,596.09
08.18.2002-09:00:00,08,18,2002,09,513.19
08.18.2002-12:00:00,08,18,2002,12,485.3
08.18.2002-15:00:00,08,18,2002,15,515.61
08.18.2002-18:00:00,08,18,2002,18,543.5
08.18.2002-21:00:00,08,18,2002,21,592.26
08.19.2002-00:00:00,08,19,2002,00,607.98
08.19.2002-03:00:00,08,19,2002,03,607.2
08.19.2002-06:00:00,08,19,2002,06,575.91
08.19.2002-09:00:00,08,19,2002,09,516.99
08.19.2002-12:00:00,08,19,2002,12,499.19
08.19.2002-15:00:00,08,19,2002,15,522.98
08.19.2002-18:00:00,08,19,2002,18,550.91
08.19.2002-21:00:00,08,19,2002,21,586.57
08.20.2002-00:00:00,08,20,2002,00,601.67
08.20.2002-03:00:00,08,20,2002,03,603.92
08.20.2002-06:00:00,08,20,2002,06,567.47
08.20.2002-09:00:00,08,20,2002,09,503.87
08.20.2002-12:00:00,08,20,2002,12,479.74
08.20.2002-15:00:00,08,20,2002,15,503.8
08.20.2002-18:00:00,08,20,2002,18,530.67
08.20.2002-21:00:00,08,20,2002,21,571.3
08.21.2002-00:00:00,08,21,2002,00,579.94
08.21.2002-03:00:00,08,21,2002,03,583.76
08.21.2002-06:00:00,08,21,2002,06,550.52
08.21.2002-09:00:00,08,21,2002,09,487.07
08.21.2002-12:00:00,08,21,2002,12,462.22
08.21.2002-15:00:00,08,21,2002,15,487.28
08.21.2002-18:00:00,08,21,2002,18,513.41
08.21.2002-21:00:00,08,21,2002,21,554.12
08.22.2002-00:00:00,08,22,2002,00,566.61
08.22.2002-03:00:00,08,22,2002,03,565.31
08.22.2002-06:00:00,08,22,2002,06,533.8
08.22.2002-09:00:00,08,22,2002,09,471.26
08.22.2002-12:00:00,08,22,2002,12,445.39
08.22.2002-15:00:00,08,22,2002,15,471.28
08.22.2002-18:00:00,08,22,2002,18,497.37
08.22.2002-21:00:00,08,22,2002,21,538.48
08.23.2002-00:00:00,08,23,2002,00,551.62
08.23.2002-03:00:00,08,23,2002,03,552.71
08.23.2002-06:00:00,08,23,2002,06,519.1
08.23.2002-09:00:00,08,23,2002,09,448.28
08.23.2002-12:00:00,08,23,2002,12,423.45
08.23.2002-15:00:00,08,23,2002,15,450.87
08.23.2002-18:00:00,08,23,2002,18,477.68
08.23.2002-21:00:00,08,23,2002,21,522.68
08.24.2002-00:00:00,08,24,2002,00,534.01
08.24.2002-03:00:00,08,24,2002,03,538.14
08.24.2002-06:00:00,08,24,2002,06,506.63
08.24.2002-09:00:00,08,24,2002,09,436.48
08.24.2002-12:00:00,08,24,2002,12,414.77
08.24.2002-15:00:00,08,24,2002,15,441.53
08.24.2002-18:00:00,08,24,2002,18,467.09
08.24.2002-21:00:00,08,24,2002,21,510.54
08.25.2002-00:00:00,08,25,2002,00,570.99
08.25.2002-03:00:00,08,25,2002,03,615.29
08.25.2002-06:00:00,08,25,2002,06,598.18
08.25.2002-09:00:00,08,25,2002,09,555.83
08.25.2002-12:00:00,08,25,2002,12,519.02
08.25.2002-15:00:00,08,25,2002,15,549.35
08.25.2002-18:00:00,08,25,2002,18,587.74
08.25.2002-21:00:00,08,25,2002,21,627.37
08.26.2002-00:00:00,08,26,2002,00,589.49
08.26.2002-03:00:00,08,26,2002,03,588.62
08.26.2002-06:00:00,08,26,2002,06,552.02
08.26.2002-09:00:00,08,26,2002,09,495.07
08.26.2002-12:00:00,08,26,2002,12,453.96
08.26.2002-15:00:00,08,26,2002,15,476.39
08.26.2002-18:00:00,08,26,2002,18,503.25
08.26.2002-21:00:00,08,26,2002,21,542.34
08.27.2002-00:00:00,08,27,2002,00,535.88
08.27.2002-03:00:00,08,27,2002,03,532.33
08.27.2002-06:00:00,08,27,2002,06,494.32
08.27.2002-09:00:00,08,27,2002,09,428.75
08.27.2002-12:00:00,08,27,2002,12,400.41
08.27.2002-15:00:00,08,27,2002,15,423.49
08.27.2002-18:00:00,08,27,2002,18,446.94
08.27.2002-21:00:00,08,27,2002,21,491.23
08.28.2002-00:00:00,08,28,2002,00,502.76
08.28.2002-03:00:00,08,28,2002,03,503.59
08.28.2002-06:00:00,08,28,2002,06,476.2
08.28.2002-09:00:00,08,28,2002,09,409.63
08.28.2002-12:00:00,08,28,2002,12,388.32
08.28.2002-15:00:00,08,28,2002,15,411.38
08.28.2002-18:00:00,08,28,2002,18,436.95
08.28.2002-21:00:00,08,28,2002,21,479
08.29.2002-00:00:00,08,29,2002,00,489.62
08.29.2002-03:00:00,08,29,2002,03,488.41
08.29.2002-06:00:00,08,29,2002,06,462.91
08.29.2002-09:00:00,08,29,2002,09,408.82
08.29.2002-12:00:00,08,29,2002,12,392.92
08.29.2002-15:00:00,08,29,2002,15,413.81
08.29.2002-18:00:00,08,29,2002,18,440.65
08.29.2002-21:00:00,08,29,2002,21,473.8
08.30.2002-00:00:00,08,30,2002,00,482.71
08.30.2002-03:00:00,08,30,2002,03,485.23
08.30.2002-06:00:00,08,30,2002,06,456.21
08.30.2002-09:00:00,08,30,2002,09,398.69
08.30.2002-12:00:00,08,30,2002,12,376.82
08.30.2002-15:00:00,08,30,2002,15,400.41
08.30.2002-18:00:00,08,30,2002,18,425.9
08.30.2002-21:00:00,08,30,2002,21,463.48
08.31.2002-00:00:00,08,31,2002,00,475.78
08.31.2002-03:00:00,08,31,2002,03,477.64
08.31.2002-06:00:00,08,31,2002,06,454.71
08.31.2002-09:00:00,08,31,2002,09,402.35
08.31.2002-12:00:00,08,31,2002,12,380
08.31.2002-15:00:00,08,31,2002,15,400.34
08.31.2002-18:00:00,08,31,2002,18,429.45
08.31.2002-21:00:00,08,31,2002,21,461.19
09.01.2002-00:00:00,09,01,2002,00,462.88
09.01.2002-03:00:00,09,01,2002,03,459.59
09.01.2002-06:00:00,09,01,2002,06,439.45
09.01.2002-09:00:00,09,01,2002,09,410.08
09.01.2002-12:00:00,09,01,2002,12,398.01
09.01.2002-15:00:00,09,01,2002,15,410.97
09.01.2002-18:00:00,09,01,2002,18,437.3
09.01.2002-21:00:00,09,01,2002,21,458.01
09.02.2002-00:00:00,09,02,2002,00,466.21
09.02.2002-03:00:00,09,02,2002,03,466.96
09.02.2002-06:00:00,09,02,2002,06,449.31
09.02.2002-09:00:00,09,02,2002,09,394.31
09.02.2002-12:00:00,09,02,2002,12,368.8
09.02.2002-15:00:00,09,02,2002,15,386.25
09.02.2002-18:00:00,09,02,2002,18,424.64
09.02.2002-21:00:00,09,02,2002,21,445.24
09.03.2002-00:00:00,09,03,2002,00,451.74
09.03.2002-03:00:00,09,03,2002,03,454.23
09.03.2002-06:00:00,09,03,2002,06,440.52
09.03.2002-09:00:00,09,03,2002,09,393.57
09.03.2002-12:00:00,09,03,2002,12,370.95
09.03.2002-15:00:00,09,03,2002,15,389.13
09.03.2002-18:00:00,09,03,2002,18,422.54
09.03.2002-21:00:00,09,03,2002,21,442.71
09.04.2002-00:00:00,09,04,2002,00,449.54
09.04.2002-03:00:00,09,04,2002,03,452.66
09.04.2002-06:00:00,09,04,2002,06,442.99
09.04.2002-09:00:00,09,04,2002,09,386.93
09.04.2002-12:00:00,09,04,2002,12,360.48
09.04.2002-15:00:00,09,04,2002,15,380.4
09.04.2002-18:00:00,09,04,2002,18,417.16
09.04.2002-21:00:00,09,04,2002,21,434.27
09.05.2002-00:00:00,09,05,2002,00,445.86
09.05.2002-03:00:00,09,05,2002,03,447.09
09.05.2002-06:00:00,09,05,2002,06,457.49
09.05.2002-09:00:00,09,05,2002,09,393.26
09.05.2002-12:00:00,09,05,2002,12,361.68
09.05.2002-15:00:00,09,05,2002,15,377.65
09.05.2002-18:00:00,09,05,2002,18,415.92
09.05.2002-21:00:00,09,05,2002,21,435.62
09.06.2002-00:00:00,09,06,2002,00,438.48
09.06.2002-03:00:00,09,06,2002,03,441
09.06.2002-06:00:00,09,06,2002,06,435.19
09.06.2002-09:00:00,09,06,2002,09,379
09.06.2002-12:00:00,09,06,2002,12,352.38
09.06.2002-15:00:00,09,06,2002,15,370.43
09.06.2002-18:00:00,09,06,2002,18,406.71
09.06.2002-21:00:00,09,06,2002,21,422.02
09.07.2002-00:00:00,09,07,2002,00,430.25
09.07.2002-03:00:00,09,07,2002,03,433.78
09.07.2002-06:00:00,09,07,2002,06,436.8
09.07.2002-09:00:00,09,07,2002,09,477.66
09.07.2002-12:00:00,09,07,2002,12,396.13
09.07.2002-15:00:00,09,07,2002,15,396.46
09.07.2002-18:00:00,09,07,2002,18,431.29
09.07.2002-21:00:00,09,07,2002,21,448.91
09.08.2002-00:00:00,09,08,2002,00,436.89
09.08.2002-03:00:00,09,08,2002,03,434.4
09.08.2002-06:00:00,09,08,2002,06,431.35
09.08.2002-09:00:00,09,08,2002,09,407.59
09.08.2002-12:00:00,09,08,2002,12,367.57
09.08.2002-15:00:00,09,08,2002,15,377.45
09.08.2002-18:00:00,09,08,2002,18,406.53
09.08.2002-21:00:00,09,08,2002,21,420.83
09.09.2002-00:00:00,09,09,2002,00,423.88
09.09.2002-03:00:00,09,09,2002,03,424.86
09.09.2002-06:00:00,09,09,2002,06,414.38
09.09.2002-09:00:00,09,09,2002,09,358.1
09.09.2002-12:00:00,09,09,2002,12,334.39
09.09.2002-15:00:00,09,09,2002,15,347.15
09.09.2002-18:00:00,09,09,2002,18,380.54
09.09.2002-21:00:00,09,09,2002,21,403.16
09.10.2002-00:00:00,09,10,2002,00,408.38
09.10.2002-03:00:00,09,10,2002,03,412.09
09.10.2002-06:00:00,09,10,2002,06,402.85
09.10.2002-09:00:00,09,10,2002,09,345.39
09.10.2002-12:00:00,09,10,2002,12,322.65
09.10.2002-15:00:00,09,10,2002,15,335.54
09.10.2002-18:00:00,09,10,2002,18,367.51
09.10.2002-21:00:00,09,10,2002,21,393.21
09.11.2002-00:00:00,09,11,2002,00,398.4
09.11.2002-03:00:00,09,11,2002,03,402.41
09.11.2002-06:00:00,09,11,2002,06,391.31
09.11.2002-09:00:00,09,11,2002,09,334.43
09.11.2002-12:00:00,09,11,2002,12,314.38
09.11.2002-15:00:00,09,11,2002,15,324.9
09.11.2002-18:00:00,09,11,2002,18,355.39
09.11.2002-21:00:00,09,11,2002,21,379.44
09.12.2002-00:00:00,09,12,2002,00,388.87
09.12.2002-03:00:00,09,12,2002,03,391.63
09.12.2002-06:00:00,09,12,2002,06,382.32
09.12.2002-09:00:00,09,12,2002,09,327.22
09.12.2002-12:00:00,09,12,2002,12,308.93
09.12.2002-15:00:00,09,12,2002,15,319.11
09.12.2002-18:00:00,09,12,2002,18,346.77
09.12.2002-21:00:00,09,12,2002,21,369.03
09.13.2002-00:00:00,09,13,2002,00,379.64
09.13.2002-03:00:00,09,13,2002,03,382.59
09.13.2002-06:00:00,09,13,2002,06,370.81
09.13.2002-09:00:00,09,13,2002,09,318.24
09.13.2002-12:00:00,09,13,2002,12,300.43
09.13.2002-15:00:00,09,13,2002,15,311.7
09.13.2002-18:00:00,09,13,2002,18,336.01
09.13.2002-21:00:00,09,13,2002,21,357.18
09.14.2002-00:00:00,09,14,2002,00,368.84
09.14.2002-03:00:00,09,14,2002,03,374.67
09.14.2002-06:00:00,09,14,2002,06,368.23
09.14.2002-09:00:00,09,14,2002,09,313.79
09.14.2002-12:00:00,09,14,2002,12,297.49
09.14.2002-15:00:00,09,14,2002,15,309.3
09.14.2002-18:00:00,09,14,2002,18,332.95
09.14.2002-21:00:00,09,14,2002,21,351.6
09.15.2002-00:00:00,09,15,2002,00,363.67
09.15.2002-03:00:00,09,15,2002,03,368.66
09.15.2002-06:00:00,09,15,2002,06,356.93
09.15.2002-09:00:00,09,15,2002,09,312.15
09.15.2002-12:00:00,09,15,2002,12,298.63
09.15.2002-15:00:00,09,15,2002,15,309.89
09.15.2002-18:00:00,09,15,2002,18,335.09
09.15.2002-21:00:00,09,15,2002,21,348.45
09.16.2002-00:00:00,09,16,2002,00,359.35
09.16.2002-03:00:00,09,16,2002,03,364.29
09.16.2002-06:00:00,09,16,2002,06,347.58
09.16.2002-09:00:00,09,16,2002,09,311.46
09.16.2002-12:00:00,09,16,2002,12,297.82
09.16.2002-15:00:00,09,16,2002,15,308.19
09.16.2002-18:00:00,09,16,2002,18,333.62
09.16.2002-21:00:00,09,16,2002,21,346.18
09.17.2002-00:00:00,09,17,2002,00,353.28
09.17.2002-03:00:00,09,17,2002,03,358.13
09.17.2002-06:00:00,09,17,2002,06,345.59
09.17.2002-09:00:00,09,17,2002,09,313.03
09.17.2002-12:00:00,09,17,2002,12,301.14
09.17.2002-15:00:00,09,17,2002,15,313.74
09.17.2002-18:00:00,09,17,2002,18,337.48
09.17.2002-21:00:00,09,17,2002,21,347.96
09.18.2002-00:00:00,09,18,2002,00,353.11
09.18.2002-03:00:00,09,18,2002,03,356.24
09.18.2002-06:00:00,09,18,2002,06,349.25
09.18.2002-09:00:00,09,18,2002,09,309.95
09.18.2002-12:00:00,09,18,2002,12,293.77
09.18.2002-15:00:00,09,18,2002,15,305.09
09.18.2002-18:00:00,09,18,2002,18,327.47
09.18.2002-21:00:00,09,18,2002,21,341.98
09.19.2002-00:00:00,09,19,2002,00,346.37
09.19.2002-03:00:00,09,19,2002,03,349.21
09.19.2002-06:00:00,09,19,2002,06,345.22
09.19.2002-09:00:00,09,19,2002,09,302.09
09.19.2002-12:00:00,09,19,2002,12,285.41
09.19.2002-15:00:00,09,19,2002,15,297.68
09.19.2002-18:00:00,09,19,2002,18,317.9
09.19.2002-21:00:00,09,19,2002,21,330.61
09.20.2002-00:00:00,09,20,2002,00,338.7
09.20.2002-03:00:00,09,20,2002,03,342.3
09.20.2002-06:00:00,09,20,2002,06,338.38
09.20.2002-09:00:00,09,20,2002,09,298.08
09.20.2002-12:00:00,09,20,2002,12,283.36
09.20.2002-15:00:00,09,20,2002,15,296.16
09.20.2002-18:00:00,09,20,2002,18,315.33
09.20.2002-21:00:00,09,20,2002,21,328.45
09.21.2002-00:00:00,09,21,2002,00,335.6
09.21.2002-03:00:00,09,21,2002,03,338.01
09.21.2002-06:00:00,09,21,2002,06,339.1
09.21.2002-09:00:00,09,21,2002,09,295.4
09.21.2002-12:00:00,09,21,2002,12,280.23
09.21.2002-15:00:00,09,21,2002,15,293.62
09.21.2002-18:00:00,09,21,2002,18,312.5
09.21.2002-21:00:00,09,21,2002,21,324.22
09.22.2002-00:00:00,09,22,2002,00,331.1
09.22.2002-03:00:00,09,22,2002,03,333.6
09.22.2002-06:00:00,09,22,2002,06,336.42
09.22.2002-09:00:00,09,22,2002,09,288.78
09.22.2002-12:00:00,09,22,2002,12,273.98
09.22.2002-15:00:00,09,22,2002,15,287.79
09.22.2002-18:00:00,09,22,2002,18,308.57
09.22.2002-21:00:00,09,22,2002,21,315.45
09.23.2002-00:00:00,09,23,2002,00,325.21
09.23.2002-03:00:00,09,23,2002,03,328.19
09.23.2002-06:00:00,09,23,2002,06,326.44
09.23.2002-09:00:00,09,23,2002,09,282.06
09.23.2002-12:00:00,09,23,2002,12,268.69
09.23.2002-15:00:00,09,23,2002,15,282.35
09.23.2002-18:00:00,09,23,2002,18,304.01
09.23.2002-21:00:00,09,23,2002,21,308.84
09.24.2002-00:00:00,09,24,2002,00,318.02
09.24.2002-03:00:00,09,24,2002,03,322.39
09.24.2002-06:00:00,09,24,2002,06,315.95
09.24.2002-09:00:00,09,24,2002,09,282.9
09.24.2002-12:00:00,09,24,2002,12,273.43
09.24.2002-15:00:00,09,24,2002,15,285.4
09.24.2002-18:00:00,09,24,2002,18,305.68
09.24.2002-21:00:00,09,24,2002,21,316.78
09.25.2002-00:00:00,09,25,2002,00,318.83
09.25.2002-03:00:00,09,25,2002,03,320.41
09.25.2002-06:00:00,09,25,2002,06,316.56
09.25.2002-09:00:00,09,25,2002,09,275.76
09.25.2002-12:00:00,09,25,2002,12,262.1
09.25.2002-15:00:00,09,25,2002,15,275.28
09.25.2002-18:00:00,09,25,2002,18,296.88
09.25.2002-21:00:00,09,25,2002,21,301.59
09.26.2002-00:00:00,09,26,2002,00,308.51
09.26.2002-03:00:00,09,26,2002,03,314.44
09.26.2002-06:00:00,09,26,2002,06,310.74
09.26.2002-09:00:00,09,26,2002,09,283.38
09.26.2002-12:00:00,09,26,2002,12,275
09.26.2002-15:00:00,09,26,2002,15,288.86
09.26.2002-18:00:00,09,26,2002,18,308.48
09.26.2002-21:00:00,09,26,2002,21,312.34
09.27.2002-00:00:00,09,27,2002,00,314.04
09.27.2002-03:00:00,09,27,2002,03,314.98
09.27.2002-06:00:00,09,27,2002,06,310.17
09.27.2002-09:00:00,09,27,2002,09,274.07
09.27.2002-12:00:00,09,27,2002,12,261.8
09.27.2002-15:00:00,09,27,2002,15,274.05
09.27.2002-18:00:00,09,27,2002,18,292.75
09.27.2002-21:00:00,09,27,2002,21,299.16
09.28.2002-00:00:00,09,28,2002,00,307.77
09.28.2002-03:00:00,09,28,2002,03,311.01
09.28.2002-06:00:00,09,28,2002,06,310.77
09.28.2002-09:00:00,09,28,2002,09,271.23
09.28.2002-12:00:00,09,28,2002,12,258.59
09.28.2002-15:00:00,09,28,2002,15,271.92
09.28.2002-18:00:00,09,28,2002,18,289.73
09.28.2002-21:00:00,09,28,2002,21,295.96
09.29.2002-00:00:00,09,29,2002,00,303.01
09.29.2002-03:00:00,09,29,2002,03,306.68
09.29.2002-06:00:00,09,29,2002,06,300.77
09.29.2002-09:00:00,09,29,2002,09,277.41
09.29.2002-12:00:00,09,29,2002,12,270.01
09.29.2002-15:00:00,09,29,2002,15,282.86
09.29.2002-18:00:00,09,29,2002,18,299.34
09.29.2002-21:00:00,09,29,2002,21,303.59
09.30.2002-00:00:00,09,30,2002,00,304.5
09.30.2002-03:00:00,09,30,2002,03,305.09
09.30.2002-06:00:00,09,30,2002,06,300.52
09.30.2002-09:00:00,09,30,2002,09,276.36
09.30.2002-12:00:00,09,30,2002,12,267.58
09.30.2002-15:00:00,09,30,2002,15,279.64
09.30.2002-18:00:00,09,30,2002,18,298.6
09.30.2002-21:00:00,09,30,2002,21,302.23
