TIMESTAMP,MONTH,DAY,YEAR,HOUR,C
10.01.2001-00:00:00,10,01,2001,00,93.244
10.01.2001-03:00:00,10,01,2001,03,93.579
10.01.2001-06:00:00,10,01,2001,06,92.215
10.01.2001-09:00:00,10,01,2001,09,84.304
10.01.2001-12:00:00,10,01,2001,12,83.53
10.01.2001-15:00:00,10,01,2001,15,89.022
10.01.2001-18:00:00,10,01,2001,18,91.628
10.01.2001-21:00:00,10,01,2001,21,91.901
10.02.2001-00:00:00,10,02,2001,00,91.957
10.02.2001-03:00:00,10,02,2001,03,92.018
10.02.2001-06:00:00,10,02,2001,06,89.975
10.02.2001-09:00:00,10,02,2001,09,83.193
10.02.2001-12:00:00,10,02,2001,12,82.511
10.02.2001-15:00:00,10,02,2001,15,87.776
10.02.2001-18:00:00,10,02,2001,18,90.403
10.02.2001-21:00:00,10,02,2001,21,90.712
10.03.2001-00:00:00,10,03,2001,00,90.801
10.03.2001-03:00:00,10,03,2001,03,90.91
10.03.2001-06:00:00,10,03,2001,06,89.629
10.03.2001-09:00:00,10,03,2001,09,82.337
10.03.2001-12:00:00,10,03,2001,12,81.515
10.03.2001-15:00:00,10,03,2001,15,86.855
10.03.2001-18:00:00,10,03,2001,18,89.35
10.03.2001-21:00:00,10,03,2001,21,89.638
10.04.2001-00:00:00,10,04,2001,00,89.718
10.04.2001-03:00:00,10,04,2001,03,89.784
10.04.2001-06:00:00,10,04,2001,06,89.742
10.04.2001-09:00:00,10,04,2001,09,82.22
10.04.2001-12:00:00,10,04,2001,12,81.203
10.04.2001-15:00:00,10,04,2001,15,86.181
10.04.2001-18:00:00,10,04,2001,18,88.461
10.04.2001-21:00:00,10,04,2001,21,88.751
10.05.2001-00:00:00,10,05,2001,00,88.813
10.05.2001-03:00:00,10,05,2001,03,88.796
10.05.2001-06:00:00,10,05,2001,06,90.735
10.05.2001-09:00:00,10,05,2001,09,82.413
10.05.2001-12:00:00,10,05,2001,12,81.015
10.05.2001-15:00:00,10,05,2001,15,85.8
10.05.2001-18:00:00,10,05,2001,18,87.708
10.05.2001-21:00:00,10,05,2001,21,87.94
10.06.2001-00:00:00,10,06,2001,00,87.925
10.06.2001-03:00:00,10,06,2001,03,89.417
10.06.2001-06:00:00,10,06,2001,06,89.984
10.06.2001-09:00:00,10,06,2001,09,82.607
10.06.2001-12:00:00,10,06,2001,12,81.291
10.06.2001-15:00:00,10,06,2001,15,85.212
10.06.2001-18:00:00,10,06,2001,18,86.887
10.06.2001-21:00:00,10,06,2001,21,87.103
10.07.2001-00:00:00,10,07,2001,00,87.968
10.07.2001-03:00:00,10,07,2001,03,89.039
10.07.2001-06:00:00,10,07,2001,06,89.101
10.07.2001-09:00:00,10,07,2001,09,83.185
10.07.2001-12:00:00,10,07,2001,12,82.09
10.07.2001-15:00:00,10,07,2001,15,84.849
10.07.2001-18:00:00,10,07,2001,18,86.195
10.07.2001-21:00:00,10,07,2001,21,87.517
10.08.2001-00:00:00,10,08,2001,00,88.301
10.08.2001-03:00:00,10,08,2001,03,88.321
10.08.2001-06:00:00,10,08,2001,06,88.254
10.08.2001-09:00:00,10,08,2001,09,89.27
10.08.2001-12:00:00,10,08,2001,12,82.975
10.08.2001-15:00:00,10,08,2001,15,85.107
10.08.2001-18:00:00,10,08,2001,18,86.701
10.08.2001-21:00:00,10,08,2001,21,87.574
10.09.2001-00:00:00,10,09,2001,00,88.706
10.09.2001-03:00:00,10,09,2001,03,88.482
10.09.2001-06:00:00,10,09,2001,06,87.074
10.09.2001-09:00:00,10,09,2001,09,83.376
10.09.2001-12:00:00,10,09,2001,12,80.176
10.09.2001-15:00:00,10,09,2001,15,82.82
10.09.2001-18:00:00,10,09,2001,18,84.483
10.09.2001-21:00:00,10,09,2001,21,84.816
10.10.2001-00:00:00,10,10,2001,00,86.441
10.10.2001-03:00:00,10,10,2001,03,86.798
10.10.2001-06:00:00,10,10,2001,06,87.414
10.10.2001-09:00:00,10,10,2001,09,119.3
10.10.2001-12:00:00,10,10,2001,12,121.61
10.10.2001-15:00:00,10,10,2001,15,91.203
10.10.2001-18:00:00,10,10,2001,18,87.53
10.10.2001-21:00:00,10,10,2001,21,87.482
10.11.2001-00:00:00,10,11,2001,00,87.427
10.11.2001-03:00:00,10,11,2001,03,87.302
10.11.2001-06:00:00,10,11,2001,06,87.238
10.11.2001-09:00:00,10,11,2001,09,96.87
10.11.2001-12:00:00,10,11,2001,12,115.13
10.11.2001-15:00:00,10,11,2001,15,95.674
10.11.2001-18:00:00,10,11,2001,18,88.038
10.11.2001-21:00:00,10,11,2001,21,87.331
10.12.2001-00:00:00,10,12,2001,00,87.248
10.12.2001-03:00:00,10,12,2001,03,87.188
10.12.2001-06:00:00,10,12,2001,06,87.07
10.12.2001-09:00:00,10,12,2001,09,94.504
10.12.2001-12:00:00,10,12,2001,12,110.71
10.12.2001-15:00:00,10,12,2001,15,106.13
10.12.2001-18:00:00,10,12,2001,18,95.433
10.12.2001-21:00:00,10,12,2001,21,92.066
10.13.2001-00:00:00,10,13,2001,00,92.904
10.13.2001-03:00:00,10,13,2001,03,94.072
10.13.2001-06:00:00,10,13,2001,06,96.854
10.13.2001-09:00:00,10,13,2001,09,112.13
10.13.2001-12:00:00,10,13,2001,12,121.44
10.13.2001-15:00:00,10,13,2001,15,104.79
10.13.2001-18:00:00,10,13,2001,18,87.069
10.13.2001-21:00:00,10,13,2001,21,85.309
10.14.2001-00:00:00,10,14,2001,00,86.624
10.14.2001-03:00:00,10,14,2001,03,86.012
10.14.2001-06:00:00,10,14,2001,06,87.179
10.14.2001-09:00:00,10,14,2001,09,84.407
10.14.2001-12:00:00,10,14,2001,12,79.475
10.14.2001-15:00:00,10,14,2001,15,82.002
10.14.2001-18:00:00,10,14,2001,18,83.316
10.14.2001-21:00:00,10,14,2001,21,82.789
10.15.2001-00:00:00,10,15,2001,00,84.263
10.15.2001-03:00:00,10,15,2001,03,84.992
10.15.2001-06:00:00,10,15,2001,06,84.937
10.15.2001-09:00:00,10,15,2001,09,82.602
10.15.2001-12:00:00,10,15,2001,12,77.57
10.15.2001-15:00:00,10,15,2001,15,80.637
10.15.2001-18:00:00,10,15,2001,18,81.908
10.15.2001-21:00:00,10,15,2001,21,81.97
10.16.2001-00:00:00,10,16,2001,00,82.547
10.16.2001-03:00:00,10,16,2001,03,83.535
10.16.2001-06:00:00,10,16,2001,06,84.09
10.16.2001-09:00:00,10,16,2001,09,77.491
10.16.2001-12:00:00,10,16,2001,12,76.175
10.16.2001-15:00:00,10,16,2001,15,79.631
10.16.2001-18:00:00,10,16,2001,18,81.013
10.16.2001-21:00:00,10,16,2001,21,81.167
10.17.2001-00:00:00,10,17,2001,00,81.126
10.17.2001-03:00:00,10,17,2001,03,81.125
10.17.2001-06:00:00,10,17,2001,06,82.833
10.17.2001-09:00:00,10,17,2001,09,79.3
10.17.2001-12:00:00,10,17,2001,12,78.459
10.17.2001-15:00:00,10,17,2001,15,79.711
10.17.2001-18:00:00,10,17,2001,18,81.056
10.17.2001-21:00:00,10,17,2001,21,82.202
10.18.2001-00:00:00,10,18,2001,00,82.577
10.18.2001-03:00:00,10,18,2001,03,82.496
10.18.2001-06:00:00,10,18,2001,06,81.716
10.18.2001-09:00:00,10,18,2001,09,75.964
10.18.2001-12:00:00,10,18,2001,12,74.893
10.18.2001-15:00:00,10,18,2001,15,77.894
10.18.2001-18:00:00,10,18,2001,18,79.397
10.18.2001-21:00:00,10,18,2001,21,79.534
10.19.2001-00:00:00,10,19,2001,00,79.594
10.19.2001-03:00:00,10,19,2001,03,79.554
10.19.2001-06:00:00,10,19,2001,06,79.598
10.19.2001-09:00:00,10,19,2001,09,79.728
10.19.2001-12:00:00,10,19,2001,12,74.521
10.19.2001-15:00:00,10,19,2001,15,77.676
10.19.2001-18:00:00,10,19,2001,18,79.231
10.19.2001-21:00:00,10,19,2001,21,78.953
10.20.2001-00:00:00,10,20,2001,00,78.854
10.20.2001-03:00:00,10,20,2001,03,78.861
10.20.2001-06:00:00,10,20,2001,06,79.927
10.20.2001-09:00:00,10,20,2001,09,77.615
10.20.2001-12:00:00,10,20,2001,12,73.741
10.20.2001-15:00:00,10,20,2001,15,76.73
10.20.2001-18:00:00,10,20,2001,18,78.011
10.20.2001-21:00:00,10,20,2001,21,78.14
10.21.2001-00:00:00,10,21,2001,00,78.093
10.21.2001-03:00:00,10,21,2001,03,78.289
10.21.2001-06:00:00,10,21,2001,06,79.67
10.21.2001-09:00:00,10,21,2001,09,99.646
10.21.2001-12:00:00,10,21,2001,12,80.848
10.21.2001-15:00:00,10,21,2001,15,80.251
10.21.2001-18:00:00,10,21,2001,18,79.548
10.21.2001-21:00:00,10,21,2001,21,79.361
10.22.2001-00:00:00,10,22,2001,00,81.159
10.22.2001-03:00:00,10,22,2001,03,79.43
10.22.2001-06:00:00,10,22,2001,06,79.111
10.22.2001-09:00:00,10,22,2001,09,85.891
10.22.2001-12:00:00,10,22,2001,12,92.835
10.22.2001-15:00:00,10,22,2001,15,80.456
10.22.2001-18:00:00,10,22,2001,18,78.843
10.22.2001-21:00:00,10,22,2001,21,78.765
10.23.2001-00:00:00,10,23,2001,00,78.681
10.23.2001-03:00:00,10,23,2001,03,78.645
10.23.2001-06:00:00,10,23,2001,06,78.54
10.23.2001-09:00:00,10,23,2001,09,84.313
10.23.2001-12:00:00,10,23,2001,12,115.68
10.23.2001-15:00:00,10,23,2001,15,91.628
10.23.2001-18:00:00,10,23,2001,18,79.689
10.23.2001-21:00:00,10,23,2001,21,78.611
10.24.2001-00:00:00,10,24,2001,00,78.578
10.24.2001-03:00:00,10,24,2001,03,78.5
10.24.2001-06:00:00,10,24,2001,06,78.475
10.24.2001-09:00:00,10,24,2001,09,76.009
10.24.2001-12:00:00,10,24,2001,12,75.083
10.24.2001-15:00:00,10,24,2001,15,76.86
10.24.2001-18:00:00,10,24,2001,18,77.446
10.24.2001-21:00:00,10,24,2001,21,77.936
10.25.2001-00:00:00,10,25,2001,00,77.894
10.25.2001-03:00:00,10,25,2001,03,77.809
10.25.2001-06:00:00,10,25,2001,06,77.727
10.25.2001-09:00:00,10,25,2001,09,77.511
10.25.2001-12:00:00,10,25,2001,12,77.348
10.25.2001-15:00:00,10,25,2001,15,77.543
10.25.2001-18:00:00,10,25,2001,18,77.463
10.25.2001-21:00:00,10,25,2001,21,77.362
10.26.2001-00:00:00,10,26,2001,00,77.278
10.26.2001-03:00:00,10,26,2001,03,77.217
10.26.2001-06:00:00,10,26,2001,06,77.119
10.26.2001-09:00:00,10,26,2001,09,76.685
10.26.2001-12:00:00,10,26,2001,12,76.487
10.26.2001-15:00:00,10,26,2001,15,76.706
10.26.2001-18:00:00,10,26,2001,18,76.773
10.26.2001-21:00:00,10,26,2001,21,76.705
10.27.2001-00:00:00,10,27,2001,00,76.623
10.27.2001-03:00:00,10,27,2001,03,76.541
10.27.2001-06:00:00,10,27,2001,06,76.459
10.27.2001-09:00:00,10,27,2001,09,73.439
10.27.2001-12:00:00,10,27,2001,12,72.531
10.27.2001-15:00:00,10,27,2001,15,74.36
10.27.2001-18:00:00,10,27,2001,18,74.693
10.27.2001-21:00:00,10,27,2001,21,74.84
10.28.2001-00:00:00,10,28,2001,00,75.404
10.28.2001-03:00:00,10,28,2001,03,75.786
10.28.2001-06:00:00,10,28,2001,06,75.749
10.28.2001-09:00:00,10,28,2001,09,75.15
10.28.2001-12:00:00,10,28,2001,12,72.636
10.28.2001-15:00:00,10,28,2001,15,73.958
10.28.2001-18:00:00,10,28,2001,18,74.721
10.28.2001-21:00:00,10,28,2001,21,75.047
10.29.2001-00:00:00,10,29,2001,00,75.195
10.29.2001-03:00:00,10,29,2001,03,75.157
10.29.2001-06:00:00,10,29,2001,06,75.057
10.29.2001-09:00:00,10,29,2001,09,74.513
10.29.2001-12:00:00,10,29,2001,12,73.212
10.29.2001-15:00:00,10,29,2001,15,74.479
10.29.2001-18:00:00,10,29,2001,18,74.744
10.29.2001-21:00:00,10,29,2001,21,74.636
10.30.2001-00:00:00,10,30,2001,00,74.549
10.30.2001-03:00:00,10,30,2001,03,74.467
10.30.2001-06:00:00,10,30,2001,06,74.407
10.30.2001-09:00:00,10,30,2001,09,74.302
10.30.2001-12:00:00,10,30,2001,12,74.21
10.30.2001-15:00:00,10,30,2001,15,74.143
10.30.2001-18:00:00,10,30,2001,18,74.092
10.30.2001-21:00:00,10,30,2001,21,73.988
10.31.2001-00:00:00,10,31,2001,00,73.904
10.31.2001-03:00:00,10,31,2001,03,73.825
10.31.2001-06:00:00,10,31,2001,06,73.767
10.31.2001-09:00:00,10,31,2001,09,73.425
10.31.2001-12:00:00,10,31,2001,12,93.245
10.31.2001-15:00:00,10,31,2001,15,90.202
10.31.2001-18:00:00,10,31,2001,18,78.029
10.31.2001-21:00:00,10,31,2001,21,74.501
11.01.2001-00:00:00,11,01,2001,00,74.189
11.01.2001-03:00:00,11,01,2001,03,74.164
11.01.2001-06:00:00,11,01,2001,06,74.128
11.01.2001-09:00:00,11,01,2001,09,72.218
11.01.2001-12:00:00,11,01,2001,12,71.502
11.01.2001-15:00:00,11,01,2001,15,72.695
11.01.2001-18:00:00,11,01,2001,18,73.166
11.01.2001-21:00:00,11,01,2001,21,73.644
11.02.2001-00:00:00,11,02,2001,00,73.628
11.02.2001-03:00:00,11,02,2001,03,73.55
11.02.2001-06:00:00,11,02,2001,06,73.491
11.02.2001-09:00:00,11,02,2001,09,70.448
11.02.2001-12:00:00,11,02,2001,12,69.593
11.02.2001-15:00:00,11,02,2001,15,71.783
11.02.2001-18:00:00,11,02,2001,18,72.138
11.02.2001-21:00:00,11,02,2001,21,72.265
11.03.2001-00:00:00,11,03,2001,00,72.448
11.03.2001-03:00:00,11,03,2001,03,72.415
11.03.2001-06:00:00,11,03,2001,06,72.464
11.03.2001-09:00:00,11,03,2001,09,70.244
11.03.2001-12:00:00,11,03,2001,12,69.349
11.03.2001-15:00:00,11,03,2001,15,71.347
11.03.2001-18:00:00,11,03,2001,18,71.555
11.03.2001-21:00:00,11,03,2001,21,71.687
11.04.2001-00:00:00,11,04,2001,00,71.811
11.04.2001-03:00:00,11,04,2001,03,71.812
11.04.2001-06:00:00,11,04,2001,06,72.044
11.04.2001-09:00:00,11,04,2001,09,69.283
11.04.2001-12:00:00,11,04,2001,12,68.506
11.04.2001-15:00:00,11,04,2001,15,70.559
11.04.2001-18:00:00,11,04,2001,18,70.955
11.04.2001-21:00:00,11,04,2001,21,70.924
11.05.2001-00:00:00,11,05,2001,00,71.12
11.05.2001-03:00:00,11,05,2001,03,71.162
11.05.2001-06:00:00,11,05,2001,06,71.105
11.05.2001-09:00:00,11,05,2001,09,69.192
11.05.2001-12:00:00,11,05,2001,12,68.568
11.05.2001-15:00:00,11,05,2001,15,70.165
11.05.2001-18:00:00,11,05,2001,18,70.4
11.05.2001-21:00:00,11,05,2001,21,70.481
11.06.2001-00:00:00,11,06,2001,00,70.617
11.06.2001-03:00:00,11,06,2001,03,70.572
11.06.2001-06:00:00,11,06,2001,06,70.506
11.06.2001-09:00:00,11,06,2001,09,70.199
11.06.2001-12:00:00,11,06,2001,12,68.646
11.06.2001-15:00:00,11,06,2001,15,69.757
11.06.2001-18:00:00,11,06,2001,18,70.084
11.06.2001-21:00:00,11,06,2001,21,70.367
11.07.2001-00:00:00,11,07,2001,00,70.375
11.07.2001-03:00:00,11,07,2001,03,70.325
11.07.2001-06:00:00,11,07,2001,06,70.231
11.07.2001-09:00:00,11,07,2001,09,70.153
11.07.2001-12:00:00,11,07,2001,12,69.795
11.07.2001-15:00:00,11,07,2001,15,69.964
11.07.2001-18:00:00,11,07,2001,18,69.922
11.07.2001-21:00:00,11,07,2001,21,69.847
11.08.2001-00:00:00,11,08,2001,00,69.793
11.08.2001-03:00:00,11,08,2001,03,69.701
11.08.2001-06:00:00,11,08,2001,06,69.623
11.08.2001-09:00:00,11,08,2001,09,69.268
11.08.2001-12:00:00,11,08,2001,12,67.755
11.08.2001-15:00:00,11,08,2001,15,68.677
11.08.2001-18:00:00,11,08,2001,18,68.864
11.08.2001-21:00:00,11,08,2001,21,69.061
11.09.2001-00:00:00,11,09,2001,00,69.141
11.09.2001-03:00:00,11,09,2001,03,69.082
11.09.2001-06:00:00,11,09,2001,06,69.036
11.09.2001-09:00:00,11,09,2001,09,68.676
11.09.2001-12:00:00,11,09,2001,12,66.75
11.09.2001-15:00:00,11,09,2001,15,68.06
11.09.2001-18:00:00,11,09,2001,18,68.199
11.09.2001-21:00:00,11,09,2001,21,68.361
11.10.2001-00:00:00,11,10,2001,00,68.335
11.10.2001-03:00:00,11,10,2001,03,68.334
11.10.2001-06:00:00,11,10,2001,06,68.382
11.10.2001-09:00:00,11,10,2001,09,68.085
11.10.2001-12:00:00,11,10,2001,12,66.488
11.10.2001-15:00:00,11,10,2001,15,67.551
11.10.2001-18:00:00,11,10,2001,18,67.739
11.10.2001-21:00:00,11,10,2001,21,67.82
11.11.2001-00:00:00,11,11,2001,00,67.77
11.11.2001-03:00:00,11,11,2001,03,67.758
11.11.2001-06:00:00,11,11,2001,06,67.782
11.11.2001-09:00:00,11,11,2001,09,67.499
11.11.2001-12:00:00,11,11,2001,12,65.55
11.11.2001-15:00:00,11,11,2001,15,66.95
11.11.2001-18:00:00,11,11,2001,18,67.102
11.11.2001-21:00:00,11,11,2001,21,67.041
11.12.2001-00:00:00,11,12,2001,00,67.15
11.12.2001-03:00:00,11,12,2001,03,67.176
11.12.2001-06:00:00,11,12,2001,06,67.07
11.12.2001-09:00:00,11,12,2001,09,66.843
11.12.2001-12:00:00,11,12,2001,12,66.725
11.12.2001-15:00:00,11,12,2001,15,66.771
11.12.2001-18:00:00,11,12,2001,18,66.881
11.12.2001-21:00:00,11,12,2001,21,66.829
11.13.2001-00:00:00,11,13,2001,00,66.784
11.13.2001-03:00:00,11,13,2001,03,66.689
11.13.2001-06:00:00,11,13,2001,06,66.615
11.13.2001-09:00:00,11,13,2001,09,66.496
11.13.2001-12:00:00,11,13,2001,12,66.38
11.13.2001-15:00:00,11,13,2001,15,66.381
11.13.2001-18:00:00,11,13,2001,18,66.345
11.13.2001-21:00:00,11,13,2001,21,66.306
11.14.2001-00:00:00,11,14,2001,00,66.329
11.14.2001-03:00:00,11,14,2001,03,74.451
11.14.2001-06:00:00,11,14,2001,06,79.874
11.14.2001-09:00:00,11,14,2001,09,110.55
11.14.2001-12:00:00,11,14,2001,12,180.08
11.14.2001-15:00:00,11,14,2001,15,177.67
11.14.2001-18:00:00,11,14,2001,18,196.58
11.14.2001-21:00:00,11,14,2001,21,197.12
11.15.2001-00:00:00,11,15,2001,00,98.723
11.15.2001-03:00:00,11,15,2001,03,87
11.15.2001-06:00:00,11,15,2001,06,86.543
11.15.2001-09:00:00,11,15,2001,09,86.338
11.15.2001-12:00:00,11,15,2001,12,92.762
11.15.2001-15:00:00,11,15,2001,15,91.904
11.15.2001-18:00:00,11,15,2001,18,90.874
11.15.2001-21:00:00,11,15,2001,21,83.106
11.16.2001-00:00:00,11,16,2001,00,81.844
11.16.2001-03:00:00,11,16,2001,03,81.799
11.16.2001-06:00:00,11,16,2001,06,81.766
11.16.2001-09:00:00,11,16,2001,09,80.284
11.16.2001-12:00:00,11,16,2001,12,79.713
11.16.2001-15:00:00,11,16,2001,15,81.123
11.16.2001-18:00:00,11,16,2001,18,81.338
11.16.2001-21:00:00,11,16,2001,21,81.236
11.17.2001-00:00:00,11,17,2001,00,81.115
11.17.2001-03:00:00,11,17,2001,03,80.995
11.17.2001-06:00:00,11,17,2001,06,80.876
11.17.2001-09:00:00,11,17,2001,09,77.629
11.17.2001-12:00:00,11,17,2001,12,77.432
11.17.2001-15:00:00,11,17,2001,15,79.774
11.17.2001-18:00:00,11,17,2001,18,80.262
11.17.2001-21:00:00,11,17,2001,21,80.181
11.18.2001-00:00:00,11,18,2001,00,80.063
11.18.2001-03:00:00,11,18,2001,03,79.945
11.18.2001-06:00:00,11,18,2001,06,79.828
11.18.2001-09:00:00,11,18,2001,09,79.711
11.18.2001-12:00:00,11,18,2001,12,79.261
11.18.2001-15:00:00,11,18,2001,15,79.434
11.18.2001-18:00:00,11,18,2001,18,79.357
11.18.2001-21:00:00,11,18,2001,21,79.24
11.19.2001-00:00:00,11,19,2001,00,79.124
11.19.2001-03:00:00,11,19,2001,03,79.008
11.19.2001-06:00:00,11,19,2001,06,78.892
11.19.2001-09:00:00,11,19,2001,09,78.776
11.19.2001-12:00:00,11,19,2001,12,78.661
11.19.2001-15:00:00,11,19,2001,15,78.546
11.19.2001-18:00:00,11,19,2001,18,78.43
11.19.2001-21:00:00,11,19,2001,21,78.315
11.20.2001-00:00:00,11,20,2001,00,78.2
11.20.2001-03:00:00,11,20,2001,03,78.085
11.20.2001-06:00:00,11,20,2001,06,77.97
11.20.2001-09:00:00,11,20,2001,09,77.805
11.20.2001-12:00:00,11,20,2001,12,77.644
11.20.2001-15:00:00,11,20,2001,15,77.614
11.20.2001-18:00:00,11,20,2001,18,77.524
11.20.2001-21:00:00,11,20,2001,21,77.431
11.21.2001-00:00:00,11,21,2001,00,77.343
11.21.2001-03:00:00,11,21,2001,03,77.253
11.21.2001-06:00:00,11,21,2001,06,77.14
11.21.2001-09:00:00,11,21,2001,09,76.884
11.21.2001-12:00:00,11,21,2001,12,76.733
11.21.2001-15:00:00,11,21,2001,15,76.745
11.21.2001-18:00:00,11,21,2001,18,76.677
11.21.2001-21:00:00,11,21,2001,21,76.568
11.22.2001-00:00:00,11,22,2001,00,76.454
11.22.2001-03:00:00,11,22,2001,03,76.353
11.22.2001-06:00:00,11,22,2001,06,76.261
11.22.2001-09:00:00,11,22,2001,09,76.12
11.22.2001-12:00:00,11,22,2001,12,82.975
11.22.2001-15:00:00,11,22,2001,15,81.292
11.22.2001-18:00:00,11,22,2001,18,79.432
11.22.2001-21:00:00,11,22,2001,21,76.655
11.23.2001-00:00:00,11,23,2001,00,76.34
11.23.2001-03:00:00,11,23,2001,03,76.326
11.23.2001-06:00:00,11,23,2001,06,76.293
11.23.2001-09:00:00,11,23,2001,09,75.667
11.23.2001-12:00:00,11,23,2001,12,75.263
11.23.2001-15:00:00,11,23,2001,15,75.859
11.23.2001-18:00:00,11,23,2001,18,75.814
11.23.2001-21:00:00,11,23,2001,21,75.68
11.24.2001-00:00:00,11,24,2001,00,75.544
11.24.2001-03:00:00,11,24,2001,03,75.41
11.24.2001-06:00:00,11,24,2001,06,75.276
11.24.2001-09:00:00,11,24,2001,09,75.144
11.24.2001-12:00:00,11,24,2001,12,75.011
11.24.2001-15:00:00,11,24,2001,15,74.879
11.24.2001-18:00:00,11,24,2001,18,74.747
11.24.2001-21:00:00,11,24,2001,21,74.616
11.25.2001-00:00:00,11,25,2001,00,74.485
11.25.2001-03:00:00,11,25,2001,03,74.355
11.25.2001-06:00:00,11,25,2001,06,74.226
11.25.2001-09:00:00,11,25,2001,09,74.096
11.25.2001-12:00:00,11,25,2001,12,73.787
11.25.2001-15:00:00,11,25,2001,15,73.817
11.25.2001-18:00:00,11,25,2001,18,73.71
11.25.2001-21:00:00,11,25,2001,21,73.583
11.26.2001-00:00:00,11,26,2001,00,73.455
11.26.2001-03:00:00,11,26,2001,03,73.328
11.26.2001-06:00:00,11,26,2001,06,73.202
11.26.2001-09:00:00,11,26,2001,09,73.076
11.26.2001-12:00:00,11,26,2001,12,72.95
11.26.2001-15:00:00,11,26,2001,15,72.825
11.26.2001-18:00:00,11,26,2001,18,72.702
11.26.2001-21:00:00,11,26,2001,21,72.577
11.27.2001-00:00:00,11,27,2001,00,72.453
11.27.2001-03:00:00,11,27,2001,03,72.33
11.27.2001-06:00:00,11,27,2001,06,72.207
11.27.2001-09:00:00,11,27,2001,09,72.084
11.27.2001-12:00:00,11,27,2001,12,71.973
11.27.2001-15:00:00,11,27,2001,15,71.864
11.27.2001-18:00:00,11,27,2001,18,71.754
11.27.2001-21:00:00,11,27,2001,21,71.645
11.28.2001-00:00:00,11,28,2001,00,71.536
11.28.2001-03:00:00,11,28,2001,03,71.427
11.28.2001-06:00:00,11,28,2001,06,71.317
11.28.2001-09:00:00,11,28,2001,09,71.208
11.28.2001-12:00:00,11,28,2001,12,71.099
11.28.2001-15:00:00,11,28,2001,15,70.99
11.28.2001-18:00:00,11,28,2001,18,70.881
11.28.2001-21:00:00,11,28,2001,21,70.773
11.29.2001-00:00:00,11,29,2001,00,70.664
11.29.2001-03:00:00,11,29,2001,03,70.557
11.29.2001-06:00:00,11,29,2001,06,70.448
11.29.2001-09:00:00,11,29,2001,09,70.341
11.29.2001-12:00:00,11,29,2001,12,70.233
11.29.2001-15:00:00,11,29,2001,15,70.126
11.29.2001-18:00:00,11,29,2001,18,70.019
11.29.2001-21:00:00,11,29,2001,21,69.913
11.30.2001-00:00:00,11,30,2001,00,69.807
11.30.2001-03:00:00,11,30,2001,03,69.7
11.30.2001-06:00:00,11,30,2001,06,69.594
11.30.2001-09:00:00,11,30,2001,09,69.488
11.30.2001-12:00:00,11,30,2001,12,69.383
11.30.2001-15:00:00,11,30,2001,15,69.277
11.30.2001-18:00:00,11,30,2001,18,69.172
11.30.2001-21:00:00,11,30,2001,21,69.067
12.01.2001-00:00:00,12,01,2001,00,68.962
12.01.2001-03:00:00,12,01,2001,03,68.858
12.01.2001-06:00:00,12,01,2001,06,68.754
12.01.2001-09:00:00,12,01,2001,09,68.65
12.01.2001-12:00:00,12,01,2001,12,68.546
12.01.2001-15:00:00,12,01,2001,15,68.442
12.01.2001-18:00:00,12,01,2001,18,68.338
12.01.2001-21:00:00,12,01,2001,21,68.235
12.02.2001-00:00:00,12,02,2001,00,68.133
12.02.2001-03:00:00,12,02,2001,03,68.03
12.02.2001-06:00:00,12,02,2001,06,67.928
12.02.2001-09:00:00,12,02,2001,09,67.825
12.02.2001-12:00:00,12,02,2001,12,67.723
12.02.2001-15:00:00,12,02,2001,15,67.621
12.02.2001-18:00:00,12,02,2001,18,67.52
12.02.2001-21:00:00,12,02,2001,21,67.419
12.03.2001-00:00:00,12,03,2001,00,67.318
12.03.2001-03:00:00,12,03,2001,03,67.217
12.03.2001-06:00:00,12,03,2001,06,67.096
12.03.2001-09:00:00,12,03,2001,09,66.994
12.03.2001-12:00:00,12,03,2001,12,66.894
12.03.2001-15:00:00,12,03,2001,15,66.795
12.03.2001-18:00:00,12,03,2001,18,66.696
12.03.2001-21:00:00,12,03,2001,21,66.597
12.04.2001-00:00:00,12,04,2001,00,66.498
12.04.2001-03:00:00,12,04,2001,03,66.4
12.04.2001-06:00:00,12,04,2001,06,66.302
12.04.2001-09:00:00,12,04,2001,09,66.204
12.04.2001-12:00:00,12,04,2001,12,66.106
12.04.2001-15:00:00,12,04,2001,15,66.008
12.04.2001-18:00:00,12,04,2001,18,65.931
12.04.2001-21:00:00,12,04,2001,21,65.815
12.05.2001-00:00:00,12,05,2001,00,65.715
12.05.2001-03:00:00,12,05,2001,03,65.619
12.05.2001-06:00:00,12,05,2001,06,65.522
12.05.2001-09:00:00,12,05,2001,09,65.426
12.05.2001-12:00:00,12,05,2001,12,65.329
12.05.2001-15:00:00,12,05,2001,15,65.233
12.05.2001-18:00:00,12,05,2001,18,65.137
12.05.2001-21:00:00,12,05,2001,21,65.042
12.06.2001-00:00:00,12,06,2001,00,64.946
12.06.2001-03:00:00,12,06,2001,03,64.851
12.06.2001-06:00:00,12,06,2001,06,64.756
12.06.2001-09:00:00,12,06,2001,09,64.661
12.06.2001-12:00:00,12,06,2001,12,64.568
12.06.2001-15:00:00,12,06,2001,15,64.492
12.06.2001-18:00:00,12,06,2001,18,64.388
12.06.2001-21:00:00,12,06,2001,21,64.296
12.07.2001-00:00:00,12,07,2001,00,64.206
12.07.2001-03:00:00,12,07,2001,03,64.116
12.07.2001-06:00:00,12,07,2001,06,64.031
12.07.2001-09:00:00,12,07,2001,09,63.947
12.07.2001-12:00:00,12,07,2001,12,63.863
12.07.2001-15:00:00,12,07,2001,15,63.782
12.07.2001-18:00:00,12,07,2001,18,63.702
12.07.2001-21:00:00,12,07,2001,21,63.622
12.08.2001-00:00:00,12,08,2001,00,63.543
12.08.2001-03:00:00,12,08,2001,03,63.463
12.08.2001-06:00:00,12,08,2001,06,63.383
12.08.2001-09:00:00,12,08,2001,09,63.303
12.08.2001-12:00:00,12,08,2001,12,63.223
12.08.2001-15:00:00,12,08,2001,15,63.143
12.08.2001-18:00:00,12,08,2001,18,63.064
12.08.2001-21:00:00,12,08,2001,21,62.984
12.09.2001-00:00:00,12,09,2001,00,62.905
12.09.2001-03:00:00,12,09,2001,03,62.825
12.09.2001-06:00:00,12,09,2001,06,62.745
12.09.2001-09:00:00,12,09,2001,09,62.665
12.09.2001-12:00:00,12,09,2001,12,62.586
12.09.2001-15:00:00,12,09,2001,15,62.506
12.09.2001-18:00:00,12,09,2001,18,62.426
12.09.2001-21:00:00,12,09,2001,21,62.347
12.10.2001-00:00:00,12,10,2001,00,62.268
12.10.2001-03:00:00,12,10,2001,03,62.189
12.10.2001-06:00:00,12,10,2001,06,62.11
12.10.2001-09:00:00,12,10,2001,09,62.03
12.10.2001-12:00:00,12,10,2001,12,61.951
12.10.2001-15:00:00,12,10,2001,15,61.872
12.10.2001-18:00:00,12,10,2001,18,61.793
12.10.2001-21:00:00,12,10,2001,21,61.713
12.11.2001-00:00:00,12,11,2001,00,61.635
12.11.2001-03:00:00,12,11,2001,03,61.556
12.11.2001-06:00:00,12,11,2001,06,61.477
12.11.2001-09:00:00,12,11,2001,09,61.398
12.11.2001-12:00:00,12,11,2001,12,61.319
12.11.2001-15:00:00,12,11,2001,15,61.241
12.11.2001-18:00:00,12,11,2001,18,61.162
12.11.2001-21:00:00,12,11,2001,21,61.084
12.12.2001-00:00:00,12,12,2001,00,61.006
12.12.2001-03:00:00,12,12,2001,03,60.927
12.12.2001-06:00:00,12,12,2001,06,60.849
12.12.2001-09:00:00,12,12,2001,09,60.771
12.12.2001-12:00:00,12,12,2001,12,60.693
12.12.2001-15:00:00,12,12,2001,15,60.614
12.12.2001-18:00:00,12,12,2001,18,60.536
12.12.2001-21:00:00,12,12,2001,21,60.458
12.13.2001-00:00:00,12,13,2001,00,60.38
12.13.2001-03:00:00,12,13,2001,03,60.302
12.13.2001-06:00:00,12,13,2001,06,60.225
12.13.2001-09:00:00,12,13,2001,09,60.147
12.13.2001-12:00:00,12,13,2001,12,60.069
12.13.2001-15:00:00,12,13,2001,15,59.992
12.13.2001-18:00:00,12,13,2001,18,59.915
12.13.2001-21:00:00,12,13,2001,21,59.838
12.14.2001-00:00:00,12,14,2001,00,59.76
12.14.2001-03:00:00,12,14,2001,03,59.683
12.14.2001-06:00:00,12,14,2001,06,59.607
12.14.2001-09:00:00,12,14,2001,09,59.53
12.14.2001-12:00:00,12,14,2001,12,59.453
12.14.2001-15:00:00,12,14,2001,15,59.376
12.14.2001-18:00:00,12,14,2001,18,59.3
12.14.2001-21:00:00,12,14,2001,21,59.223
12.15.2001-00:00:00,12,15,2001,00,59.147
12.15.2001-03:00:00,12,15,2001,03,59.07
12.15.2001-06:00:00,12,15,2001,06,58.994
12.15.2001-09:00:00,12,15,2001,09,58.918
12.15.2001-12:00:00,12,15,2001,12,58.842
12.15.2001-15:00:00,12,15,2001,15,58.766
12.15.2001-18:00:00,12,15,2001,18,58.69
12.15.2001-21:00:00,12,15,2001,21,58.614
12.16.2001-00:00:00,12,16,2001,00,58.54
12.16.2001-03:00:00,12,16,2001,03,58.464
12.16.2001-06:00:00,12,16,2001,06,58.389
12.16.2001-09:00:00,12,16,2001,09,58.314
12.16.2001-12:00:00,12,16,2001,12,58.239
12.16.2001-15:00:00,12,16,2001,15,58.164
12.16.2001-18:00:00,12,16,2001,18,58.09
12.16.2001-21:00:00,12,16,2001,21,58.015
12.17.2001-00:00:00,12,17,2001,00,57.94
12.17.2001-03:00:00,12,17,2001,03,57.865
12.17.2001-06:00:00,12,17,2001,06,57.792
12.17.2001-09:00:00,12,17,2001,09,57.718
12.17.2001-12:00:00,12,17,2001,12,57.645
12.17.2001-15:00:00,12,17,2001,15,57.571
12.17.2001-18:00:00,12,17,2001,18,57.498
12.17.2001-21:00:00,12,17,2001,21,57.425
12.18.2001-00:00:00,12,18,2001,00,57.352
12.18.2001-03:00:00,12,18,2001,03,57.279
12.18.2001-06:00:00,12,18,2001,06,57.206
12.18.2001-09:00:00,12,18,2001,09,57.133
12.18.2001-12:00:00,12,18,2001,12,57.061
12.18.2001-15:00:00,12,18,2001,15,56.989
12.18.2001-18:00:00,12,18,2001,18,56.917
12.18.2001-21:00:00,12,18,2001,21,56.845
12.19.2001-00:00:00,12,19,2001,00,56.773
12.19.2001-03:00:00,12,19,2001,03,56.701
12.19.2001-06:00:00,12,19,2001,06,56.63
12.19.2001-09:00:00,12,19,2001,09,56.558
12.19.2001-12:00:00,12,19,2001,12,56.487
12.19.2001-15:00:00,12,19,2001,15,56.416
12.19.2001-18:00:00,12,19,2001,18,56.344
12.19.2001-21:00:00,12,19,2001,21,56.273
12.20.2001-00:00:00,12,20,2001,00,56.202
12.20.2001-03:00:00,12,20,2001,03,56.131
12.20.2001-06:00:00,12,20,2001,06,56.061
12.20.2001-09:00:00,12,20,2001,09,55.99
12.20.2001-12:00:00,12,20,2001,12,55.919
12.20.2001-15:00:00,12,20,2001,15,55.848
12.20.2001-18:00:00,12,20,2001,18,55.778
12.20.2001-21:00:00,12,20,2001,21,55.708
12.21.2001-00:00:00,12,21,2001,00,55.638
12.21.2001-03:00:00,12,21,2001,03,55.568
12.21.2001-06:00:00,12,21,2001,06,55.498
12.21.2001-09:00:00,12,21,2001,09,55.429
12.21.2001-12:00:00,12,21,2001,12,55.359
12.21.2001-15:00:00,12,21,2001,15,55.289
12.21.2001-18:00:00,12,21,2001,18,55.22
12.21.2001-21:00:00,12,21,2001,21,55.15
12.22.2001-00:00:00,12,22,2001,00,55.081
12.22.2001-03:00:00,12,22,2001,03,55.012
12.22.2001-06:00:00,12,22,2001,06,54.943
12.22.2001-09:00:00,12,22,2001,09,54.874
12.22.2001-12:00:00,12,22,2001,12,54.805
12.22.2001-15:00:00,12,22,2001,15,54.736
12.22.2001-18:00:00,12,22,2001,18,54.667
12.22.2001-21:00:00,12,22,2001,21,54.598
12.23.2001-00:00:00,12,23,2001,00,54.53
12.23.2001-03:00:00,12,23,2001,03,54.462
12.23.2001-06:00:00,12,23,2001,06,54.394
12.23.2001-09:00:00,12,23,2001,09,54.326
12.23.2001-12:00:00,12,23,2001,12,54.258
12.23.2001-15:00:00,12,23,2001,15,54.19
12.23.2001-18:00:00,12,23,2001,18,54.122
12.23.2001-21:00:00,12,23,2001,21,54.055
12.24.2001-00:00:00,12,24,2001,00,53.987
12.24.2001-03:00:00,12,24,2001,03,53.919
12.24.2001-06:00:00,12,24,2001,06,53.851
12.24.2001-09:00:00,12,24,2001,09,53.784
12.24.2001-12:00:00,12,24,2001,12,53.717
12.24.2001-15:00:00,12,24,2001,15,53.65
12.24.2001-18:00:00,12,24,2001,18,53.583
12.24.2001-21:00:00,12,24,2001,21,53.516
12.25.2001-00:00:00,12,25,2001,00,53.45
12.25.2001-03:00:00,12,25,2001,03,53.383
12.25.2001-06:00:00,12,25,2001,06,53.317
12.25.2001-09:00:00,12,25,2001,09,53.25
12.25.2001-12:00:00,12,25,2001,12,53.184
12.25.2001-15:00:00,12,25,2001,15,53.118
12.25.2001-18:00:00,12,25,2001,18,53.052
12.25.2001-21:00:00,12,25,2001,21,52.986
12.26.2001-00:00:00,12,26,2001,00,52.92
12.26.2001-03:00:00,12,26,2001,03,52.854
12.26.2001-06:00:00,12,26,2001,06,52.788
12.26.2001-09:00:00,12,26,2001,09,52.722
12.26.2001-12:00:00,12,26,2001,12,52.657
12.26.2001-15:00:00,12,26,2001,15,52.591
12.26.2001-18:00:00,12,26,2001,18,52.526
12.26.2001-21:00:00,12,26,2001,21,52.461
12.27.2001-00:00:00,12,27,2001,00,52.396
12.27.2001-03:00:00,12,27,2001,03,52.331
12.27.2001-06:00:00,12,27,2001,06,52.266
12.27.2001-09:00:00,12,27,2001,09,52.201
12.27.2001-12:00:00,12,27,2001,12,52.137
12.27.2001-15:00:00,12,27,2001,15,52.072
12.27.2001-18:00:00,12,27,2001,18,52.007
12.27.2001-21:00:00,12,27,2001,21,51.943
12.28.2001-00:00:00,12,28,2001,00,51.878
12.28.2001-03:00:00,12,28,2001,03,51.813
12.28.2001-06:00:00,12,28,2001,06,51.749
12.28.2001-09:00:00,12,28,2001,09,51.685
12.28.2001-12:00:00,12,28,2001,12,51.62
12.28.2001-15:00:00,12,28,2001,15,51.556
12.28.2001-18:00:00,12,28,2001,18,51.492
12.28.2001-21:00:00,12,28,2001,21,51.428
12.29.2001-00:00:00,12,29,2001,00,51.363
12.29.2001-03:00:00,12,29,2001,03,51.299
12.29.2001-06:00:00,12,29,2001,06,51.236
12.29.2001-09:00:00,12,29,2001,09,51.172
12.29.2001-12:00:00,12,29,2001,12,51.109
12.29.2001-15:00:00,12,29,2001,15,51.045
12.29.2001-18:00:00,12,29,2001,18,50.982
12.29.2001-21:00:00,12,29,2001,21,50.919
12.30.2001-00:00:00,12,30,2001,00,50.855
12.30.2001-03:00:00,12,30,2001,03,50.792
12.30.2001-06:00:00,12,30,2001,06,50.728
12.30.2001-09:00:00,12,30,2001,09,50.665
12.30.2001-12:00:00,12,30,2001,12,50.602
12.30.2001-15:00:00,12,30,2001,15,50.54
12.30.2001-18:00:00,12,30,2001,18,50.476
12.30.2001-21:00:00,12,30,2001,21,50.414
12.31.2001-00:00:00,12,31,2001,00,50.35
12.31.2001-03:00:00,12,31,2001,03,50.287
12.31.2001-06:00:00,12,31,2001,06,50.225
12.31.2001-09:00:00,12,31,2001,09,50.162
12.31.2001-12:00:00,12,31,2001,12,50.099
12.31.2001-15:00:00,12,31,2001,15,50.037
12.31.2001-18:00:00,12,31,2001,18,49.974
12.31.2001-21:00:00,12,31,2001,21,49.912
01.01.2002-00:00:00,01,01,2002,00,49.85
01.01.2002-03:00:00,01,01,2002,03,49.788
01.01.2002-06:00:00,01,01,2002,06,49.725
01.01.2002-09:00:00,01,01,2002,09,49.663
01.01.2002-12:00:00,01,01,2002,12,49.601
01.01.2002-15:00:00,01,01,2002,15,49.539
01.01.2002-18:00:00,01,01,2002,18,49.477
01.01.2002-21:00:00,01,01,2002,21,49.416
01.02.2002-00:00:00,01,02,2002,00,49.355
01.02.2002-03:00:00,01,02,2002,03,49.293
01.02.2002-06:00:00,01,02,2002,06,49.232
01.02.2002-09:00:00,01,02,2002,09,49.171
01.02.2002-12:00:00,01,02,2002,12,49.109
01.02.2002-15:00:00,01,02,2002,15,49.048
01.02.2002-18:00:00,01,02,2002,18,48.987
01.02.2002-21:00:00,01,02,2002,21,48.926
01.03.2002-00:00:00,01,03,2002,00,48.865
01.03.2002-03:00:00,01,03,2002,03,48.804
01.03.2002-06:00:00,01,03,2002,06,48.743
01.03.2002-09:00:00,01,03,2002,09,48.681
01.03.2002-12:00:00,01,03,2002,12,48.621
01.03.2002-15:00:00,01,03,2002,15,48.56
01.03.2002-18:00:00,01,03,2002,18,48.499
01.03.2002-21:00:00,01,03,2002,21,48.439
01.04.2002-00:00:00,01,04,2002,00,48.379
01.04.2002-03:00:00,01,04,2002,03,48.315
01.04.2002-06:00:00,01,04,2002,06,48.258
01.04.2002-09:00:00,01,04,2002,09,48.198
01.04.2002-12:00:00,01,04,2002,12,48.138
01.04.2002-15:00:00,01,04,2002,15,48.078
01.04.2002-18:00:00,01,04,2002,18,48.018
01.04.2002-21:00:00,01,04,2002,21,47.958
01.05.2002-00:00:00,01,05,2002,00,47.898
01.05.2002-03:00:00,01,05,2002,03,47.838
01.05.2002-06:00:00,01,05,2002,06,47.778
01.05.2002-09:00:00,01,05,2002,09,47.715
01.05.2002-12:00:00,01,05,2002,12,47.659
01.05.2002-15:00:00,01,05,2002,15,47.599
01.05.2002-18:00:00,01,05,2002,18,47.54
01.05.2002-21:00:00,01,05,2002,21,47.481
01.06.2002-00:00:00,01,06,2002,00,47.421
01.06.2002-03:00:00,01,06,2002,03,47.362
01.06.2002-06:00:00,01,06,2002,06,47.302
01.06.2002-09:00:00,01,06,2002,09,47.243
01.06.2002-12:00:00,01,06,2002,12,47.184
01.06.2002-15:00:00,01,06,2002,15,47.125
01.06.2002-18:00:00,01,06,2002,18,47.065
01.06.2002-21:00:00,01,06,2002,21,47.003
01.07.2002-00:00:00,01,07,2002,00,46.947
01.07.2002-03:00:00,01,07,2002,03,46.889
01.07.2002-06:00:00,01,07,2002,06,46.831
01.07.2002-09:00:00,01,07,2002,09,46.772
01.07.2002-12:00:00,01,07,2002,12,46.714
01.07.2002-15:00:00,01,07,2002,15,46.656
01.07.2002-18:00:00,01,07,2002,18,46.598
01.07.2002-21:00:00,01,07,2002,21,46.54
01.08.2002-00:00:00,01,08,2002,00,46.483
01.08.2002-03:00:00,01,08,2002,03,46.421
01.08.2002-06:00:00,01,08,2002,06,46.367
01.08.2002-09:00:00,01,08,2002,09,46.31
01.08.2002-12:00:00,01,08,2002,12,46.253
01.08.2002-15:00:00,01,08,2002,15,46.196
01.08.2002-18:00:00,01,08,2002,18,46.139
01.08.2002-21:00:00,01,08,2002,21,46.082
01.09.2002-00:00:00,01,09,2002,00,46.022
01.09.2002-03:00:00,01,09,2002,03,45.968
01.09.2002-06:00:00,01,09,2002,06,45.908
01.09.2002-09:00:00,01,09,2002,09,45.855
01.09.2002-12:00:00,01,09,2002,12,45.798
01.09.2002-15:00:00,01,09,2002,15,45.742
01.09.2002-18:00:00,01,09,2002,18,45.685
01.09.2002-21:00:00,01,09,2002,21,45.628
01.10.2002-00:00:00,01,10,2002,00,45.571
01.10.2002-03:00:00,01,10,2002,03,45.515
01.10.2002-06:00:00,01,10,2002,06,45.459
01.10.2002-09:00:00,01,10,2002,09,45.399
01.10.2002-12:00:00,01,10,2002,12,45.345
01.10.2002-15:00:00,01,10,2002,15,45.289
01.10.2002-18:00:00,01,10,2002,18,45.233
01.10.2002-21:00:00,01,10,2002,21,45.177
01.11.2002-00:00:00,01,11,2002,00,45.121
01.11.2002-03:00:00,01,11,2002,03,45.064
01.11.2002-06:00:00,01,11,2002,06,45.008
01.11.2002-09:00:00,01,11,2002,09,44.948
01.11.2002-12:00:00,01,11,2002,12,44.895
01.11.2002-15:00:00,01,11,2002,15,44.84
01.11.2002-18:00:00,01,11,2002,18,44.784
01.11.2002-21:00:00,01,11,2002,21,44.728
01.12.2002-00:00:00,01,12,2002,00,44.672
01.12.2002-03:00:00,01,12,2002,03,44.616
01.12.2002-06:00:00,01,12,2002,06,44.557
01.12.2002-09:00:00,01,12,2002,09,44.505
01.12.2002-12:00:00,01,12,2002,12,44.448
01.12.2002-15:00:00,01,12,2002,15,44.392
01.12.2002-18:00:00,01,12,2002,18,44.337
01.12.2002-21:00:00,01,12,2002,21,44.282
01.13.2002-00:00:00,01,13,2002,00,44.226
01.13.2002-03:00:00,01,13,2002,03,44.167
01.13.2002-06:00:00,01,13,2002,06,44.115
01.13.2002-09:00:00,01,13,2002,09,44.06
01.13.2002-12:00:00,01,13,2002,12,44.004
01.13.2002-15:00:00,01,13,2002,15,43.949
01.13.2002-18:00:00,01,13,2002,18,43.894
01.13.2002-21:00:00,01,13,2002,21,43.839
01.14.2002-00:00:00,01,14,2002,00,43.78
01.14.2002-03:00:00,01,14,2002,03,43.724
01.14.2002-06:00:00,01,14,2002,06,43.673
01.14.2002-09:00:00,01,14,2002,09,43.618
01.14.2002-12:00:00,01,14,2002,12,43.563
01.14.2002-15:00:00,01,14,2002,15,43.508
01.14.2002-18:00:00,01,14,2002,18,43.449
01.14.2002-21:00:00,01,14,2002,21,43.398
01.15.2002-00:00:00,01,15,2002,00,43.344
01.15.2002-03:00:00,01,15,2002,03,43.29
01.15.2002-06:00:00,01,15,2002,06,43.235
01.15.2002-09:00:00,01,15,2002,09,43.18
01.15.2002-12:00:00,01,15,2002,12,43.122
01.15.2002-15:00:00,01,15,2002,15,43.07
01.15.2002-18:00:00,01,15,2002,18,43.016
01.15.2002-21:00:00,01,15,2002,21,42.962
01.16.2002-00:00:00,01,16,2002,00,42.907
01.16.2002-03:00:00,01,16,2002,03,42.853
01.16.2002-06:00:00,01,16,2002,06,42.795
01.16.2002-09:00:00,01,16,2002,09,42.744
01.16.2002-12:00:00,01,16,2002,12,42.69
01.16.2002-15:00:00,01,16,2002,15,42.636
01.16.2002-18:00:00,01,16,2002,18,42.582
01.16.2002-21:00:00,01,16,2002,21,42.528
01.17.2002-00:00:00,01,17,2002,00,42.471
01.17.2002-03:00:00,01,17,2002,03,42.42
01.17.2002-06:00:00,01,17,2002,06,42.366
01.17.2002-09:00:00,01,17,2002,09,42.312
01.17.2002-12:00:00,01,17,2002,12,42.258
01.17.2002-15:00:00,01,17,2002,15,42.205
01.17.2002-18:00:00,01,17,2002,18,42.147
01.17.2002-21:00:00,01,17,2002,21,42.097
01.18.2002-00:00:00,01,18,2002,00,42.043
01.18.2002-03:00:00,01,18,2002,03,41.99
01.18.2002-06:00:00,01,18,2002,06,41.936
01.18.2002-09:00:00,01,18,2002,09,41.879
01.18.2002-12:00:00,01,18,2002,12,41.829
01.18.2002-15:00:00,01,18,2002,15,41.776
01.18.2002-18:00:00,01,18,2002,18,41.722
01.18.2002-21:00:00,01,18,2002,21,41.669
01.19.2002-00:00:00,01,19,2002,00,41.612
01.19.2002-03:00:00,01,19,2002,03,41.562
01.19.2002-06:00:00,01,19,2002,06,41.51
01.19.2002-09:00:00,01,19,2002,09,41.456
01.19.2002-12:00:00,01,19,2002,12,41.4
01.19.2002-15:00:00,01,19,2002,15,41.346
01.19.2002-18:00:00,01,19,2002,18,41.297
01.19.2002-21:00:00,01,19,2002,21,41.244
01.20.2002-00:00:00,01,20,2002,00,41.191
01.20.2002-03:00:00,01,20,2002,03,41.138
01.20.2002-06:00:00,01,20,2002,06,41.082
01.20.2002-09:00:00,01,20,2002,09,41.032
01.20.2002-12:00:00,01,20,2002,12,40.979
01.20.2002-15:00:00,01,20,2002,15,40.927
01.20.2002-18:00:00,01,20,2002,18,40.874
01.20.2002-21:00:00,01,20,2002,21,40.818
01.21.2002-00:00:00,01,21,2002,00,40.768
01.21.2002-03:00:00,01,21,2002,03,40.716
01.21.2002-06:00:00,01,21,2002,06,40.664
01.21.2002-09:00:00,01,21,2002,09,40.611
01.21.2002-12:00:00,01,21,2002,12,40.555
01.21.2002-15:00:00,01,21,2002,15,40.506
01.21.2002-18:00:00,01,21,2002,18,40.454
01.21.2002-21:00:00,01,21,2002,21,40.402
01.22.2002-00:00:00,01,22,2002,00,40.346
01.22.2002-03:00:00,01,22,2002,03,40.297
01.22.2002-06:00:00,01,22,2002,06,40.245
01.22.2002-09:00:00,01,22,2002,09,40.193
01.22.2002-12:00:00,01,22,2002,12,40.141
01.22.2002-15:00:00,01,22,2002,15,40.085
01.22.2002-18:00:00,01,22,2002,18,40.036
01.22.2002-21:00:00,01,22,2002,21,39.985
01.23.2002-00:00:00,01,23,2002,00,39.933
01.23.2002-03:00:00,01,23,2002,03,39.877
01.23.2002-06:00:00,01,23,2002,06,39.829
01.23.2002-09:00:00,01,23,2002,09,39.777
01.23.2002-12:00:00,01,23,2002,12,39.726
01.23.2002-15:00:00,01,23,2002,15,39.674
01.23.2002-18:00:00,01,23,2002,18,39.618
01.23.2002-21:00:00,01,23,2002,21,39.57
01.24.2002-00:00:00,01,24,2002,00,39.519
01.24.2002-03:00:00,01,24,2002,03,39.467
01.24.2002-06:00:00,01,24,2002,06,39.412
01.24.2002-09:00:00,01,24,2002,09,39.363
01.24.2002-12:00:00,01,24,2002,12,39.312
01.24.2002-15:00:00,01,24,2002,15,39.261
01.24.2002-18:00:00,01,24,2002,18,39.206
01.24.2002-21:00:00,01,24,2002,21,39.158
01.25.2002-00:00:00,01,25,2002,00,39.103
01.25.2002-03:00:00,01,25,2002,03,39.055
01.25.2002-06:00:00,01,25,2002,06,39.001
01.25.2002-09:00:00,01,25,2002,09,38.953
01.25.2002-12:00:00,01,25,2002,12,38.902
01.25.2002-15:00:00,01,25,2002,15,38.852
01.25.2002-18:00:00,01,25,2002,18,38.797
01.25.2002-21:00:00,01,25,2002,21,38.749
01.26.2002-00:00:00,01,26,2002,00,38.699
01.26.2002-03:00:00,01,26,2002,03,38.648
01.26.2002-06:00:00,01,26,2002,06,38.594
01.26.2002-09:00:00,01,26,2002,09,38.546
01.26.2002-12:00:00,01,26,2002,12,38.496
01.26.2002-15:00:00,01,26,2002,15,38.445
01.26.2002-18:00:00,01,26,2002,18,38.391
01.26.2002-21:00:00,01,26,2002,21,38.344
01.27.2002-00:00:00,01,27,2002,00,38.293
01.27.2002-03:00:00,01,27,2002,03,38.243
01.27.2002-06:00:00,01,27,2002,06,38.189
01.27.2002-09:00:00,01,27,2002,09,38.142
01.27.2002-12:00:00,01,27,2002,12,38.092
01.27.2002-15:00:00,01,27,2002,15,38.041
01.27.2002-18:00:00,01,27,2002,18,37.987
01.27.2002-21:00:00,01,27,2002,21,37.94
01.28.2002-00:00:00,01,28,2002,00,37.89
01.28.2002-03:00:00,01,28,2002,03,37.837
01.28.2002-06:00:00,01,28,2002,06,37.79
01.28.2002-09:00:00,01,28,2002,09,37.74
01.28.2002-12:00:00,01,28,2002,12,37.69
01.28.2002-15:00:00,01,28,2002,15,37.637
01.28.2002-18:00:00,01,28,2002,18,37.59
01.28.2002-21:00:00,01,28,2002,21,37.54
01.29.2002-00:00:00,01,29,2002,00,37.491
01.29.2002-03:00:00,01,29,2002,03,37.437
01.29.2002-06:00:00,01,29,2002,06,37.391
01.29.2002-09:00:00,01,29,2002,09,37.341
01.29.2002-12:00:00,01,29,2002,12,37.288
01.29.2002-15:00:00,01,29,2002,15,37.242
01.29.2002-18:00:00,01,29,2002,18,37.193
01.29.2002-21:00:00,01,29,2002,21,37.143
01.30.2002-00:00:00,01,30,2002,00,37.09
01.30.2002-03:00:00,01,30,2002,03,37.044
01.30.2002-06:00:00,01,30,2002,06,36.995
01.30.2002-09:00:00,01,30,2002,09,36.942
01.30.2002-12:00:00,01,30,2002,12,36.896
01.30.2002-15:00:00,01,30,2002,15,36.847
01.30.2002-18:00:00,01,30,2002,18,36.794
01.30.2002-21:00:00,01,30,2002,21,36.745
01.31.2002-00:00:00,01,31,2002,00,36.699
01.31.2002-03:00:00,01,31,2002,03,36.651
01.31.2002-06:00:00,01,31,2002,06,36.598
01.31.2002-09:00:00,01,31,2002,09,36.552
01.31.2002-12:00:00,01,31,2002,12,36.504
01.31.2002-15:00:00,01,31,2002,15,36.451
01.31.2002-18:00:00,01,31,2002,18,36.406
01.31.2002-21:00:00,01,31,2002,21,36.358
02.01.2002-00:00:00,02,01,2002,00,36.309
02.01.2002-03:00:00,02,01,2002,03,36.257
02.01.2002-06:00:00,02,01,2002,06,36.211
02.01.2002-09:00:00,02,01,2002,09,36.163
02.01.2002-12:00:00,02,01,2002,12,36.111
02.01.2002-15:00:00,02,01,2002,15,36.066
02.01.2002-18:00:00,02,01,2002,18,36.018
02.01.2002-21:00:00,02,01,2002,21,35.966
02.02.2002-00:00:00,02,02,2002,00,35.921
02.02.2002-03:00:00,02,02,2002,03,35.873
02.02.2002-06:00:00,02,02,2002,06,35.821
02.02.2002-09:00:00,02,02,2002,09,35.776
02.02.2002-12:00:00,02,02,2002,12,35.729
02.02.2002-15:00:00,02,02,2002,15,35.681
02.02.2002-18:00:00,02,02,2002,18,35.63
02.02.2002-21:00:00,02,02,2002,21,35.585
02.03.2002-00:00:00,02,03,2002,00,35.537
02.03.2002-03:00:00,02,03,2002,03,35.486
02.03.2002-06:00:00,02,03,2002,06,35.441
02.03.2002-09:00:00,02,03,2002,09,35.394
02.03.2002-12:00:00,02,03,2002,12,35.343
02.03.2002-15:00:00,02,03,2002,15,35.298
02.03.2002-18:00:00,02,03,2002,18,35.251
02.03.2002-21:00:00,02,03,2002,21,35.2
02.04.2002-00:00:00,02,04,2002,00,35.155
02.04.2002-03:00:00,02,04,2002,03,35.109
02.04.2002-06:00:00,02,04,2002,06,35.057
02.04.2002-09:00:00,02,04,2002,09,35.013
02.04.2002-12:00:00,02,04,2002,12,34.966
02.04.2002-15:00:00,02,04,2002,15,34.916
02.04.2002-18:00:00,02,04,2002,18,34.872
02.04.2002-21:00:00,02,04,2002,21,34.825
02.05.2002-00:00:00,02,05,2002,00,34.774
02.05.2002-03:00:00,02,05,2002,03,34.73
02.05.2002-06:00:00,02,05,2002,06,34.684
02.05.2002-09:00:00,02,05,2002,09,34.633
02.05.2002-12:00:00,02,05,2002,12,34.589
02.05.2002-15:00:00,02,05,2002,15,34.543
02.05.2002-18:00:00,02,05,2002,18,34.493
02.05.2002-21:00:00,02,05,2002,21,34.445
02.06.2002-00:00:00,02,06,2002,00,34.402
02.06.2002-03:00:00,02,06,2002,03,34.352
02.06.2002-06:00:00,02,06,2002,06,34.309
02.06.2002-09:00:00,02,06,2002,09,34.263
02.06.2002-12:00:00,02,06,2002,12,34.213
02.06.2002-15:00:00,02,06,2002,15,34.169
02.06.2002-18:00:00,02,06,2002,18,34.123
02.06.2002-21:00:00,02,06,2002,21,34.073
02.07.2002-00:00:00,02,07,2002,00,34.03
02.07.2002-03:00:00,02,07,2002,03,33.981
02.07.2002-06:00:00,02,07,2002,06,33.938
02.07.2002-09:00:00,02,07,2002,09,33.892
02.07.2002-12:00:00,02,07,2002,12,33.843
02.07.2002-15:00:00,02,07,2002,15,33.8
02.07.2002-18:00:00,02,07,2002,18,33.754
02.07.2002-21:00:00,02,07,2002,21,33.704
02.08.2002-00:00:00,02,08,2002,00,33.661
02.08.2002-03:00:00,02,08,2002,03,33.616
02.08.2002-06:00:00,02,08,2002,06,33.567
02.08.2002-09:00:00,02,08,2002,09,33.524
02.08.2002-12:00:00,02,08,2002,12,33.477
02.08.2002-15:00:00,02,08,2002,15,33.428
02.08.2002-18:00:00,02,08,2002,18,33.386
02.08.2002-21:00:00,02,08,2002,21,33.337
02.09.2002-00:00:00,02,09,2002,00,33.295
02.09.2002-03:00:00,02,09,2002,03,33.25
02.09.2002-06:00:00,02,09,2002,06,33.201
02.09.2002-09:00:00,02,09,2002,09,33.158
02.09.2002-12:00:00,02,09,2002,12,33.113
02.09.2002-15:00:00,02,09,2002,15,33.065
02.09.2002-18:00:00,02,09,2002,18,33.022
02.09.2002-21:00:00,02,09,2002,21,32.974
02.10.2002-00:00:00,02,10,2002,00,32.932
02.10.2002-03:00:00,02,10,2002,03,32.888
02.10.2002-06:00:00,02,10,2002,06,32.839
02.10.2002-09:00:00,02,10,2002,09,32.797
02.10.2002-12:00:00,02,10,2002,12,32.753
02.10.2002-15:00:00,02,10,2002,15,32.704
02.10.2002-18:00:00,02,10,2002,18,32.662
02.10.2002-21:00:00,02,10,2002,21,32.614
02.11.2002-00:00:00,02,11,2002,00,32.573
02.11.2002-03:00:00,02,11,2002,03,32.529
02.11.2002-06:00:00,02,11,2002,06,32.481
02.11.2002-09:00:00,02,11,2002,09,32.439
02.11.2002-12:00:00,02,11,2002,12,32.393
02.11.2002-15:00:00,02,11,2002,15,32.345
02.11.2002-18:00:00,02,11,2002,18,32.304
02.11.2002-21:00:00,02,11,2002,21,32.256
02.12.2002-00:00:00,02,12,2002,00,32.215
02.12.2002-03:00:00,02,12,2002,03,32.168
02.12.2002-06:00:00,02,12,2002,06,32.123
02.12.2002-09:00:00,02,12,2002,09,32.082
02.12.2002-12:00:00,02,12,2002,12,32.035
02.12.2002-15:00:00,02,12,2002,15,31.994
02.12.2002-18:00:00,02,12,2002,18,31.951
02.12.2002-21:00:00,02,12,2002,21,31.903
02.13.2002-00:00:00,02,13,2002,00,31.862
02.13.2002-03:00:00,02,13,2002,03,31.816
02.13.2002-06:00:00,02,13,2002,06,31.775
02.13.2002-09:00:00,02,13,2002,09,31.732
02.13.2002-12:00:00,02,13,2002,12,31.682
02.13.2002-15:00:00,02,13,2002,15,31.642
02.13.2002-18:00:00,02,13,2002,18,31.595
02.13.2002-21:00:00,02,13,2002,21,31.554
02.14.2002-00:00:00,02,14,2002,00,31.511
02.14.2002-03:00:00,02,14,2002,03,31.464
02.14.2002-06:00:00,02,14,2002,06,31.424
02.14.2002-09:00:00,02,14,2002,09,31.377
02.14.2002-12:00:00,02,14,2002,12,31.335
02.14.2002-15:00:00,02,14,2002,15,31.293
02.14.2002-18:00:00,02,14,2002,18,31.246
02.14.2002-21:00:00,02,14,2002,21,31.206
02.15.2002-00:00:00,02,15,2002,00,31.16
02.15.2002-03:00:00,02,15,2002,03,31.12
02.15.2002-06:00:00,02,15,2002,06,31.074
02.15.2002-09:00:00,02,15,2002,09,31.034
02.15.2002-12:00:00,02,15,2002,12,30.992
02.15.2002-15:00:00,02,15,2002,15,30.946
02.15.2002-18:00:00,02,15,2002,18,30.906
02.15.2002-21:00:00,02,15,2002,21,30.86
02.16.2002-00:00:00,02,16,2002,00,30.821
02.16.2002-03:00:00,02,16,2002,03,30.778
02.16.2002-06:00:00,02,16,2002,06,30.733
02.16.2002-09:00:00,02,16,2002,09,30.693
02.16.2002-12:00:00,02,16,2002,12,30.648
02.16.2002-15:00:00,02,16,2002,15,30.609
02.16.2002-18:00:00,02,16,2002,18,30.563
02.16.2002-21:00:00,02,16,2002,21,30.524
02.17.2002-00:00:00,02,17,2002,00,30.482
02.17.2002-03:00:00,02,17,2002,03,30.437
02.17.2002-06:00:00,02,17,2002,06,30.398
02.17.2002-09:00:00,02,17,2002,09,30.353
02.17.2002-12:00:00,02,17,2002,12,30.312
02.17.2002-15:00:00,02,17,2002,15,30.266
02.17.2002-18:00:00,02,17,2002,18,30.228
02.17.2002-21:00:00,02,17,2002,21,30.183
02.18.2002-00:00:00,02,18,2002,00,30.144
02.18.2002-03:00:00,02,18,2002,03,30.103
02.18.2002-06:00:00,02,18,2002,06,30.058
02.18.2002-09:00:00,02,18,2002,09,30.013
02.18.2002-12:00:00,02,18,2002,12,28.907
02.18.2002-15:00:00,02,18,2002,15,29.787
02.18.2002-18:00:00,02,18,2002,18,29.875
02.18.2002-21:00:00,02,18,2002,21,29.838
02.19.2002-00:00:00,02,19,2002,00,29.794
02.19.2002-03:00:00,02,19,2002,03,29.752
02.19.2002-06:00:00,02,19,2002,06,29.714
02.19.2002-09:00:00,02,19,2002,09,29.665
02.19.2002-12:00:00,02,19,2002,12,29.625
02.19.2002-15:00:00,02,19,2002,15,29.581
02.19.2002-18:00:00,02,19,2002,18,29.543
02.19.2002-21:00:00,02,19,2002,21,29.499
02.20.2002-00:00:00,02,20,2002,00,29.461
02.20.2002-03:00:00,02,20,2002,03,29.418
02.20.2002-06:00:00,02,20,2002,06,29.38
02.20.2002-09:00:00,02,20,2002,09,29.333
02.20.2002-12:00:00,02,20,2002,12,27.722
02.20.2002-15:00:00,02,20,2002,15,29.042
02.20.2002-18:00:00,02,20,2002,18,29.195
02.20.2002-21:00:00,02,20,2002,21,29.159
02.21.2002-00:00:00,02,21,2002,00,29.115
02.21.2002-03:00:00,02,21,2002,03,29.079
02.21.2002-06:00:00,02,21,2002,06,29.035
02.21.2002-09:00:00,02,21,2002,09,28.998
02.21.2002-12:00:00,02,21,2002,12,28.955
02.21.2002-15:00:00,02,21,2002,15,28.918
02.21.2002-18:00:00,02,21,2002,18,28.875
02.21.2002-21:00:00,02,21,2002,21,28.838
02.22.2002-00:00:00,02,22,2002,00,28.799
02.22.2002-03:00:00,02,22,2002,03,28.755
02.22.2002-06:00:00,02,22,2002,06,28.719
02.22.2002-09:00:00,02,22,2002,09,27.089
02.22.2002-12:00:00,02,22,2002,12,27.236
02.22.2002-15:00:00,02,22,2002,15,28.403
02.22.2002-18:00:00,02,22,2002,18,28.536
02.22.2002-21:00:00,02,22,2002,21,28.497
02.23.2002-00:00:00,02,23,2002,00,28.46
02.23.2002-03:00:00,02,23,2002,03,28.418
02.23.2002-06:00:00,02,23,2002,06,28.382
02.23.2002-09:00:00,02,23,2002,09,28.336
02.23.2002-12:00:00,02,23,2002,12,28.297
02.23.2002-15:00:00,02,23,2002,15,28.255
02.23.2002-18:00:00,02,23,2002,18,28.219
02.23.2002-21:00:00,02,23,2002,21,28.177
02.24.2002-00:00:00,02,24,2002,00,28.141
02.24.2002-03:00:00,02,24,2002,03,28.099
02.24.2002-06:00:00,02,24,2002,06,28.063
02.24.2002-09:00:00,02,24,2002,09,28.025
02.24.2002-12:00:00,02,24,2002,12,27.983
02.24.2002-15:00:00,02,24,2002,15,27.948
02.24.2002-18:00:00,02,24,2002,18,27.906
02.24.2002-21:00:00,02,24,2002,21,27.871
02.25.2002-00:00:00,02,25,2002,00,27.829
02.25.2002-03:00:00,02,25,2002,03,27.794
02.25.2002-06:00:00,02,25,2002,06,27.752
02.25.2002-09:00:00,02,25,2002,09,27.717
02.25.2002-12:00:00,02,25,2002,12,27.676
02.25.2002-15:00:00,02,25,2002,15,27.641
02.25.2002-18:00:00,02,25,2002,18,27.6
02.25.2002-21:00:00,02,25,2002,21,27.565
02.26.2002-00:00:00,02,26,2002,00,27.524
02.26.2002-03:00:00,02,26,2002,03,27.489
02.26.2002-06:00:00,02,26,2002,06,27.448
02.26.2002-09:00:00,02,26,2002,09,27.41
02.26.2002-12:00:00,02,26,2002,12,27.372
02.26.2002-15:00:00,02,26,2002,15,27.338
02.26.2002-18:00:00,02,26,2002,18,27.297
02.26.2002-21:00:00,02,26,2002,21,27.262
02.27.2002-00:00:00,02,27,2002,00,27.222
02.27.2002-03:00:00,02,27,2002,03,27.187
02.27.2002-06:00:00,02,27,2002,06,27.147
02.27.2002-09:00:00,02,27,2002,09,27.112
02.27.2002-12:00:00,02,27,2002,12,27.07
02.27.2002-15:00:00,02,27,2002,15,27.036
02.27.2002-18:00:00,02,27,2002,18,26.996
02.27.2002-21:00:00,02,27,2002,21,26.962
02.28.2002-00:00:00,02,28,2002,00,26.921
02.28.2002-03:00:00,02,28,2002,03,26.887
02.28.2002-06:00:00,02,28,2002,06,26.847
02.28.2002-09:00:00,02,28,2002,09,26.814
02.28.2002-12:00:00,02,28,2002,12,26.772
02.28.2002-15:00:00,02,28,2002,15,26.738
02.28.2002-18:00:00,02,28,2002,18,26.698
02.28.2002-21:00:00,02,28,2002,21,26.665
03.01.2002-00:00:00,03,01,2002,00,26.625
03.01.2002-03:00:00,03,01,2002,03,26.591
03.01.2002-06:00:00,03,01,2002,06,26.552
03.01.2002-09:00:00,03,01,2002,09,26.513
03.01.2002-12:00:00,03,01,2002,12,25.143
03.01.2002-15:00:00,03,01,2002,15,26.114
03.01.2002-18:00:00,03,01,2002,18,26.374
03.01.2002-21:00:00,03,01,2002,21,26.354
03.02.2002-00:00:00,03,02,2002,00,26.321
03.02.2002-03:00:00,03,02,2002,03,26.282
03.02.2002-06:00:00,03,02,2002,06,26.249
03.02.2002-09:00:00,03,02,2002,09,26.207
03.02.2002-12:00:00,03,02,2002,12,26.17
03.02.2002-15:00:00,03,02,2002,15,26.13
03.02.2002-18:00:00,03,02,2002,18,26.097
03.02.2002-21:00:00,03,02,2002,21,26.058
03.03.2002-00:00:00,03,03,2002,00,26.026
03.03.2002-03:00:00,03,03,2002,03,25.987
03.03.2002-06:00:00,03,03,2002,06,25.954
03.03.2002-09:00:00,03,03,2002,09,25.911
03.03.2002-12:00:00,03,03,2002,12,24.732
03.03.2002-15:00:00,03,03,2002,15,25.499
03.03.2002-18:00:00,03,03,2002,18,25.774
03.03.2002-21:00:00,03,03,2002,21,25.76
03.04.2002-00:00:00,03,04,2002,00,25.724
03.04.2002-03:00:00,03,04,2002,03,25.692
03.04.2002-06:00:00,03,04,2002,06,25.654
03.04.2002-09:00:00,03,04,2002,09,24.548
03.04.2002-12:00:00,03,04,2002,12,24.361
03.04.2002-15:00:00,03,04,2002,15,24.348
03.04.2002-18:00:00,03,04,2002,18,24.597
03.04.2002-21:00:00,03,04,2002,21,25.36
03.05.2002-00:00:00,03,05,2002,00,25.418
03.05.2002-03:00:00,03,05,2002,03,25.387
03.05.2002-06:00:00,03,05,2002,06,25.35
03.05.2002-09:00:00,03,05,2002,09,25.311
03.05.2002-12:00:00,03,05,2002,12,24.306
03.05.2002-15:00:00,03,05,2002,15,24.46
03.05.2002-18:00:00,03,05,2002,18,25.114
03.05.2002-21:00:00,03,05,2002,21,25.16
03.06.2002-00:00:00,03,06,2002,00,25.129
03.06.2002-03:00:00,03,06,2002,03,25.092
03.06.2002-06:00:00,03,06,2002,06,25.057
03.06.2002-09:00:00,03,06,2002,09,25.023
03.06.2002-12:00:00,03,06,2002,12,24.993
03.06.2002-15:00:00,03,06,2002,15,24.955
03.06.2002-18:00:00,03,06,2002,18,24.921
03.06.2002-21:00:00,03,06,2002,21,24.891
03.07.2002-00:00:00,03,07,2002,00,24.854
03.07.2002-03:00:00,03,07,2002,03,24.823
03.07.2002-06:00:00,03,07,2002,06,24.786
03.07.2002-09:00:00,03,07,2002,09,24.756
03.07.2002-12:00:00,03,07,2002,12,24.719
03.07.2002-15:00:00,03,07,2002,15,24.689
03.07.2002-18:00:00,03,07,2002,18,24.652
03.07.2002-21:00:00,03,07,2002,21,24.618
03.08.2002-00:00:00,03,08,2002,00,24.588
03.08.2002-03:00:00,03,08,2002,03,24.552
03.08.2002-06:00:00,03,08,2002,06,24.522
03.08.2002-09:00:00,03,08,2002,09,24.485
03.08.2002-12:00:00,03,08,2002,12,24.455
03.08.2002-15:00:00,03,08,2002,15,24.419
03.08.2002-18:00:00,03,08,2002,18,24.389
03.08.2002-21:00:00,03,08,2002,21,24.353
03.09.2002-00:00:00,03,09,2002,00,24.319
03.09.2002-03:00:00,03,09,2002,03,24.29
03.09.2002-06:00:00,03,09,2002,06,24.254
03.09.2002-09:00:00,03,09,2002,09,24.224
03.09.2002-12:00:00,03,09,2002,12,24.189
03.09.2002-15:00:00,03,09,2002,15,24.159
03.09.2002-18:00:00,03,09,2002,18,24.124
03.09.2002-21:00:00,03,09,2002,21,24.091
03.10.2002-00:00:00,03,10,2002,00,24.062
03.10.2002-03:00:00,03,10,2002,03,24.027
03.10.2002-06:00:00,03,10,2002,06,23.997
03.10.2002-09:00:00,03,10,2002,09,23.962
03.10.2002-12:00:00,03,10,2002,12,23.933
03.10.2002-15:00:00,03,10,2002,15,23.898
03.10.2002-18:00:00,03,10,2002,18,23.865
03.10.2002-21:00:00,03,10,2002,21,23.836
03.11.2002-00:00:00,03,11,2002,00,23.801
03.11.2002-03:00:00,03,11,2002,03,23.773
03.11.2002-06:00:00,03,11,2002,06,23.737
03.11.2002-09:00:00,03,11,2002,09,23.705
03.11.2002-12:00:00,03,11,2002,12,23.677
03.11.2002-15:00:00,03,11,2002,15,23.642
03.11.2002-18:00:00,03,11,2002,18,23.614
03.11.2002-21:00:00,03,11,2002,21,23.579
03.12.2002-00:00:00,03,12,2002,00,23.55
03.12.2002-03:00:00,03,12,2002,03,23.516
03.12.2002-06:00:00,03,12,2002,06,23.484
03.12.2002-09:00:00,03,12,2002,09,23.074
03.12.2002-12:00:00,03,12,2002,12,22.985
03.12.2002-15:00:00,03,12,2002,15,22.967
03.12.2002-18:00:00,03,12,2002,18,22.953
03.12.2002-21:00:00,03,12,2002,21,22.938
03.13.2002-00:00:00,03,13,2002,00,22.923
03.13.2002-03:00:00,03,13,2002,03,22.908
03.13.2002-06:00:00,03,13,2002,06,22.902
03.13.2002-09:00:00,03,13,2002,09,23.146
03.13.2002-12:00:00,03,13,2002,12,22.855
03.13.2002-15:00:00,03,13,2002,15,22.8
03.13.2002-18:00:00,03,13,2002,18,22.784
03.13.2002-21:00:00,03,13,2002,21,22.769
03.14.2002-00:00:00,03,14,2002,00,22.753
03.14.2002-03:00:00,03,14,2002,03,22.736
03.14.2002-06:00:00,03,14,2002,06,22.769
03.14.2002-09:00:00,03,14,2002,09,22.679
03.14.2002-12:00:00,03,14,2002,12,22.615
03.14.2002-15:00:00,03,14,2002,15,22.594
03.14.2002-18:00:00,03,14,2002,18,22.578
03.14.2002-21:00:00,03,14,2002,21,22.562
03.15.2002-00:00:00,03,15,2002,00,22.545
03.15.2002-03:00:00,03,15,2002,03,22.529
03.15.2002-06:00:00,03,15,2002,06,22.512
03.15.2002-09:00:00,03,15,2002,09,22.493
03.15.2002-12:00:00,03,15,2002,12,22.473
03.15.2002-15:00:00,03,15,2002,15,22.456
03.15.2002-18:00:00,03,15,2002,18,22.439
03.15.2002-21:00:00,03,15,2002,21,22.421
03.16.2002-00:00:00,03,16,2002,00,22.404
03.16.2002-03:00:00,03,16,2002,03,22.386
03.16.2002-06:00:00,03,16,2002,06,22.368
03.16.2002-09:00:00,03,16,2002,09,22.35
03.16.2002-12:00:00,03,16,2002,12,22.332
03.16.2002-15:00:00,03,16,2002,15,22.314
03.16.2002-18:00:00,03,16,2002,18,22.296
03.16.2002-21:00:00,03,16,2002,21,22.277
03.17.2002-00:00:00,03,17,2002,00,22.259
03.17.2002-03:00:00,03,17,2002,03,22.24
03.17.2002-06:00:00,03,17,2002,06,22.221
03.17.2002-09:00:00,03,17,2002,09,22.203
03.17.2002-12:00:00,03,17,2002,12,22.182
03.17.2002-15:00:00,03,17,2002,15,22.163
03.17.2002-18:00:00,03,17,2002,18,22.144
03.17.2002-21:00:00,03,17,2002,21,22.124
03.18.2002-00:00:00,03,18,2002,00,22.105
03.18.2002-03:00:00,03,18,2002,03,22.085
03.18.2002-06:00:00,03,18,2002,06,22.066
03.18.2002-09:00:00,03,18,2002,09,22.046
03.18.2002-12:00:00,03,18,2002,12,22.026
03.18.2002-15:00:00,03,18,2002,15,22.006
03.18.2002-18:00:00,03,18,2002,18,21.986
03.18.2002-21:00:00,03,18,2002,21,21.966
03.19.2002-00:00:00,03,19,2002,00,21.946
03.19.2002-03:00:00,03,19,2002,03,21.926
03.19.2002-06:00:00,03,19,2002,06,21.906
03.19.2002-09:00:00,03,19,2002,09,21.885
03.19.2002-12:00:00,03,19,2002,12,21.865
03.19.2002-15:00:00,03,19,2002,15,21.844
03.19.2002-18:00:00,03,19,2002,18,21.824
03.19.2002-21:00:00,03,19,2002,21,21.803
03.20.2002-00:00:00,03,20,2002,00,21.782
03.20.2002-03:00:00,03,20,2002,03,21.762
03.20.2002-06:00:00,03,20,2002,06,21.741
03.20.2002-09:00:00,03,20,2002,09,21.72
03.20.2002-12:00:00,03,20,2002,12,21.699
03.20.2002-15:00:00,03,20,2002,15,21.678
03.20.2002-18:00:00,03,20,2002,18,21.657
03.20.2002-21:00:00,03,20,2002,21,21.635
03.21.2002-00:00:00,03,21,2002,00,21.614
03.21.2002-03:00:00,03,21,2002,03,21.593
03.21.2002-06:00:00,03,21,2002,06,21.571
03.21.2002-09:00:00,03,21,2002,09,21.55
03.21.2002-12:00:00,03,21,2002,12,21.528
03.21.2002-15:00:00,03,21,2002,15,21.507
03.21.2002-18:00:00,03,21,2002,18,21.485
03.21.2002-21:00:00,03,21,2002,21,21.463
03.22.2002-00:00:00,03,22,2002,00,21.441
03.22.2002-03:00:00,03,22,2002,03,21.42
03.22.2002-06:00:00,03,22,2002,06,21.398
03.22.2002-09:00:00,03,22,2002,09,21.343
03.22.2002-12:00:00,03,22,2002,12,21.277
03.22.2002-15:00:00,03,22,2002,15,21.251
03.22.2002-18:00:00,03,22,2002,18,21.23
03.22.2002-21:00:00,03,22,2002,21,21.209
03.23.2002-00:00:00,03,23,2002,00,21.188
03.23.2002-03:00:00,03,23,2002,03,21.167
03.23.2002-06:00:00,03,23,2002,06,21.146
03.23.2002-09:00:00,03,23,2002,09,21.061
03.23.2002-12:00:00,03,23,2002,12,20.97
03.23.2002-15:00:00,03,23,2002,15,20.938
03.23.2002-18:00:00,03,23,2002,18,20.918
03.23.2002-21:00:00,03,23,2002,21,20.898
03.24.2002-00:00:00,03,24,2002,00,20.879
03.24.2002-03:00:00,03,24,2002,03,20.859
03.24.2002-06:00:00,03,24,2002,06,20.839
03.24.2002-09:00:00,03,24,2002,09,20.747
03.24.2002-12:00:00,03,24,2002,12,20.653
03.24.2002-15:00:00,03,24,2002,15,20.621
03.24.2002-18:00:00,03,24,2002,18,20.602
03.24.2002-21:00:00,03,24,2002,21,20.583
03.25.2002-00:00:00,03,25,2002,00,20.564
03.25.2002-03:00:00,03,25,2002,03,20.546
03.25.2002-06:00:00,03,25,2002,06,20.527
03.25.2002-09:00:00,03,25,2002,09,20.435
03.25.2002-12:00:00,03,25,2002,12,20.339
03.25.2002-15:00:00,03,25,2002,15,20.308
03.25.2002-18:00:00,03,25,2002,18,20.29
03.25.2002-21:00:00,03,25,2002,21,20.273
03.26.2002-00:00:00,03,26,2002,00,20.255
03.26.2002-03:00:00,03,26,2002,03,20.238
03.26.2002-06:00:00,03,26,2002,06,20.22
03.26.2002-09:00:00,03,26,2002,09,20.181
03.26.2002-12:00:00,03,26,2002,12,20.137
03.26.2002-15:00:00,03,26,2002,15,20.113
03.26.2002-18:00:00,03,26,2002,18,20.095
03.26.2002-21:00:00,03,26,2002,21,20.077
03.27.2002-00:00:00,03,27,2002,00,20.06
03.27.2002-03:00:00,03,27,2002,03,20.042
03.27.2002-06:00:00,03,27,2002,06,20.025
03.27.2002-09:00:00,03,27,2002,09,19.996
03.27.2002-12:00:00,03,27,2002,12,19.963
03.27.2002-15:00:00,03,27,2002,15,19.944
03.27.2002-18:00:00,03,27,2002,18,19.926
03.27.2002-21:00:00,03,27,2002,21,19.909
03.28.2002-00:00:00,03,28,2002,00,19.891
03.28.2002-03:00:00,03,28,2002,03,19.873
03.28.2002-06:00:00,03,28,2002,06,19.853
03.28.2002-09:00:00,03,28,2002,09,19.792
03.28.2002-12:00:00,03,28,2002,12,19.729
03.28.2002-15:00:00,03,28,2002,15,19.701
03.28.2002-18:00:00,03,28,2002,18,19.683
03.28.2002-21:00:00,03,28,2002,21,19.666
03.29.2002-00:00:00,03,29,2002,00,19.649
03.29.2002-03:00:00,03,29,2002,03,19.632
03.29.2002-06:00:00,03,29,2002,06,19.614
03.29.2002-09:00:00,03,29,2002,09,19.56
03.29.2002-12:00:00,03,29,2002,12,19.5
03.29.2002-15:00:00,03,29,2002,15,19.474
03.29.2002-18:00:00,03,29,2002,18,19.457
03.29.2002-21:00:00,03,29,2002,21,19.44
03.30.2002-00:00:00,03,30,2002,00,19.424
03.30.2002-03:00:00,03,30,2002,03,19.407
03.30.2002-06:00:00,03,30,2002,06,19.387
03.30.2002-09:00:00,03,30,2002,09,19.311
03.30.2002-12:00:00,03,30,2002,12,19.235
03.30.2002-15:00:00,03,30,2002,15,19.206
03.30.2002-18:00:00,03,30,2002,18,19.19
03.30.2002-21:00:00,03,30,2002,21,19.174
03.31.2002-00:00:00,03,31,2002,00,19.158
03.31.2002-03:00:00,03,31,2002,03,19.142
03.31.2002-06:00:00,03,31,2002,06,19.124
03.31.2002-09:00:00,03,31,2002,09,19.066
03.31.2002-12:00:00,03,31,2002,12,19.006
03.31.2002-15:00:00,03,31,2002,15,18.979
03.31.2002-18:00:00,03,31,2002,18,18.963
03.31.2002-21:00:00,03,31,2002,21,18.948
04.01.2002-00:00:00,04,01,2002,00,18.932
04.01.2002-03:00:00,04,01,2002,03,18.916
04.01.2002-06:00:00,04,01,2002,06,18.9
04.01.2002-09:00:00,04,01,2002,09,18.862
04.01.2002-12:00:00,04,01,2002,12,18.82
04.01.2002-15:00:00,04,01,2002,15,18.795
04.01.2002-18:00:00,04,01,2002,18,18.779
04.01.2002-21:00:00,04,01,2002,21,18.764
04.02.2002-00:00:00,04,02,2002,00,18.748
04.02.2002-03:00:00,04,02,2002,03,18.732
04.02.2002-06:00:00,04,02,2002,06,18.717
04.02.2002-09:00:00,04,02,2002,09,18.678
04.02.2002-12:00:00,04,02,2002,12,18.633
04.02.2002-15:00:00,04,02,2002,15,18.61
04.02.2002-18:00:00,04,02,2002,18,18.594
04.02.2002-21:00:00,04,02,2002,21,18.578
04.03.2002-00:00:00,04,03,2002,00,18.563
04.03.2002-03:00:00,04,03,2002,03,18.548
04.03.2002-06:00:00,04,03,2002,06,18.532
04.03.2002-09:00:00,04,03,2002,09,18.476
04.03.2002-12:00:00,04,03,2002,12,18.413
04.03.2002-15:00:00,04,03,2002,15,18.384
04.03.2002-18:00:00,04,03,2002,18,18.368
04.03.2002-21:00:00,04,03,2002,21,18.353
04.04.2002-00:00:00,04,04,2002,00,18.338
04.04.2002-03:00:00,04,04,2002,03,18.324
04.04.2002-06:00:00,04,04,2002,06,18.309
04.04.2002-09:00:00,04,04,2002,09,18.237
04.04.2002-12:00:00,04,04,2002,12,18.16
04.04.2002-15:00:00,04,04,2002,15,18.127
04.04.2002-18:00:00,04,04,2002,18,18.111
04.04.2002-21:00:00,04,04,2002,21,18.097
04.05.2002-00:00:00,04,05,2002,00,18.083
04.05.2002-03:00:00,04,05,2002,03,18.069
04.05.2002-06:00:00,04,05,2002,06,18.055
04.05.2002-09:00:00,04,05,2002,09,18.002
04.05.2002-12:00:00,04,05,2002,12,17.943
04.05.2002-15:00:00,04,05,2002,15,17.915
04.05.2002-18:00:00,04,05,2002,18,17.9
04.05.2002-21:00:00,04,05,2002,21,17.886
04.06.2002-00:00:00,04,06,2002,00,17.873
04.06.2002-03:00:00,04,06,2002,03,17.86
04.06.2002-06:00:00,04,06,2002,06,17.845
04.06.2002-09:00:00,04,06,2002,09,17.805
04.06.2002-12:00:00,04,06,2002,12,17.778
04.06.2002-15:00:00,04,06,2002,15,17.774
04.06.2002-18:00:00,04,06,2002,18,17.782
04.06.2002-21:00:00,04,06,2002,21,17.783
04.07.2002-00:00:00,04,07,2002,00,17.778
04.07.2002-03:00:00,04,07,2002,03,17.768
04.07.2002-06:00:00,04,07,2002,06,17.756
04.07.2002-09:00:00,04,07,2002,09,17.733
04.07.2002-12:00:00,04,07,2002,12,17.743
04.07.2002-15:00:00,04,07,2002,15,17.767
04.07.2002-18:00:00,04,07,2002,18,17.789
04.07.2002-21:00:00,04,07,2002,21,17.797
04.08.2002-00:00:00,04,08,2002,00,17.79
04.08.2002-03:00:00,04,08,2002,03,17.781
04.08.2002-06:00:00,04,08,2002,06,17.773
04.08.2002-09:00:00,04,08,2002,09,17.718
04.08.2002-12:00:00,04,08,2002,12,17.687
04.08.2002-15:00:00,04,08,2002,15,17.741
04.08.2002-18:00:00,04,08,2002,18,17.787
04.08.2002-21:00:00,04,08,2002,21,17.801
04.09.2002-00:00:00,04,09,2002,00,17.797
04.09.2002-03:00:00,04,09,2002,03,17.79
04.09.2002-06:00:00,04,09,2002,06,17.783
04.09.2002-09:00:00,04,09,2002,09,17.759
04.09.2002-12:00:00,04,09,2002,12,17.803
04.09.2002-15:00:00,04,09,2002,15,17.857
04.09.2002-18:00:00,04,09,2002,18,17.898
04.09.2002-21:00:00,04,09,2002,21,17.914
04.10.2002-00:00:00,04,10,2002,00,17.911
04.10.2002-03:00:00,04,10,2002,03,17.907
04.10.2002-06:00:00,04,10,2002,06,17.9
04.10.2002-09:00:00,04,10,2002,09,17.835
04.10.2002-12:00:00,04,10,2002,12,17.766
04.10.2002-15:00:00,04,10,2002,15,17.805
04.10.2002-18:00:00,04,10,2002,18,17.877
04.10.2002-21:00:00,04,10,2002,21,17.917
04.11.2002-00:00:00,04,11,2002,00,17.941
04.11.2002-03:00:00,04,11,2002,03,17.952
04.11.2002-06:00:00,04,11,2002,06,17.945
04.11.2002-09:00:00,04,11,2002,09,17.979
04.11.2002-12:00:00,04,11,2002,12,18.093
04.11.2002-15:00:00,04,11,2002,15,18.237
04.11.2002-18:00:00,04,11,2002,18,18.378
04.11.2002-21:00:00,04,11,2002,21,18.482
04.12.2002-00:00:00,04,12,2002,00,18.552
04.12.2002-03:00:00,04,12,2002,03,18.582
04.12.2002-06:00:00,04,12,2002,06,18.592
04.12.2002-09:00:00,04,12,2002,09,18.636
04.12.2002-12:00:00,04,12,2002,12,18.807
04.12.2002-15:00:00,04,12,2002,15,19.018
04.12.2002-18:00:00,04,12,2002,18,19.212
04.12.2002-21:00:00,04,12,2002,21,19.349
04.13.2002-00:00:00,04,13,2002,00,19.404
04.13.2002-03:00:00,04,13,2002,03,19.442
04.13.2002-06:00:00,04,13,2002,06,19.457
04.13.2002-09:00:00,04,13,2002,09,19.567
04.13.2002-12:00:00,04,13,2002,12,19.86
04.13.2002-15:00:00,04,13,2002,15,30.635
04.13.2002-18:00:00,04,13,2002,18,38.853
04.13.2002-21:00:00,04,13,2002,21,36.88
04.14.2002-00:00:00,04,14,2002,00,26.662
04.14.2002-03:00:00,04,14,2002,03,23.814
04.14.2002-06:00:00,04,14,2002,06,25.788
04.14.2002-09:00:00,04,14,2002,09,42.119
04.14.2002-12:00:00,04,14,2002,12,53.626
04.14.2002-15:00:00,04,14,2002,15,70.582
04.14.2002-18:00:00,04,14,2002,18,73.289
04.14.2002-21:00:00,04,14,2002,21,41.97
04.15.2002-00:00:00,04,15,2002,00,30.976
04.15.2002-03:00:00,04,15,2002,03,30.305
04.15.2002-06:00:00,04,15,2002,06,30.305
04.15.2002-09:00:00,04,15,2002,09,27.455
04.15.2002-12:00:00,04,15,2002,12,26.272
04.15.2002-15:00:00,04,15,2002,15,31.964
04.15.2002-18:00:00,04,15,2002,18,34.914
04.15.2002-21:00:00,04,15,2002,21,30.191
04.16.2002-00:00:00,04,16,2002,00,29.516
04.16.2002-03:00:00,04,16,2002,03,29.41
04.16.2002-06:00:00,04,16,2002,06,28.343
04.16.2002-09:00:00,04,16,2002,09,25.303
04.16.2002-12:00:00,04,16,2002,12,24.918
04.16.2002-15:00:00,04,16,2002,15,37.626
04.16.2002-18:00:00,04,16,2002,18,29.841
04.16.2002-21:00:00,04,16,2002,21,28.666
04.17.2002-00:00:00,04,17,2002,00,28.609
04.17.2002-03:00:00,04,17,2002,03,28.518
04.17.2002-06:00:00,04,17,2002,06,26.456
04.17.2002-09:00:00,04,17,2002,09,22.827
04.17.2002-12:00:00,04,17,2002,12,22.366
04.17.2002-15:00:00,04,17,2002,15,29.118
04.17.2002-18:00:00,04,17,2002,18,41.817
04.17.2002-21:00:00,04,17,2002,21,29.456
04.18.2002-00:00:00,04,18,2002,00,27.766
04.18.2002-03:00:00,04,18,2002,03,27.743
04.18.2002-06:00:00,04,18,2002,06,25.592
04.18.2002-09:00:00,04,18,2002,09,22.746
04.18.2002-12:00:00,04,18,2002,12,22.347
04.18.2002-15:00:00,04,18,2002,15,27.545
04.18.2002-18:00:00,04,18,2002,18,44.981
04.18.2002-21:00:00,04,18,2002,21,29.332
04.19.2002-00:00:00,04,19,2002,00,27.201
04.19.2002-03:00:00,04,19,2002,03,27.2
04.19.2002-06:00:00,04,19,2002,06,24.069
04.19.2002-09:00:00,04,19,2002,09,22.562
04.19.2002-12:00:00,04,19,2002,12,52.921
04.19.2002-15:00:00,04,19,2002,15,72.862
04.19.2002-18:00:00,04,19,2002,18,67.534
04.19.2002-21:00:00,04,19,2002,21,49.392
04.20.2002-00:00:00,04,20,2002,00,40.962
04.20.2002-03:00:00,04,20,2002,03,32.419
04.20.2002-06:00:00,04,20,2002,06,31.084
04.20.2002-09:00:00,04,20,2002,09,68.803
04.20.2002-12:00:00,04,20,2002,12,107.92
04.20.2002-15:00:00,04,20,2002,15,99.416
04.20.2002-18:00:00,04,20,2002,18,96.966
04.20.2002-21:00:00,04,20,2002,21,74.492
04.21.2002-00:00:00,04,21,2002,00,68.581
04.21.2002-03:00:00,04,21,2002,03,62.15
04.21.2002-06:00:00,04,21,2002,06,59.131
04.21.2002-09:00:00,04,21,2002,09,82.274
04.21.2002-12:00:00,04,21,2002,12,113.92
04.21.2002-15:00:00,04,21,2002,15,105.18
04.21.2002-18:00:00,04,21,2002,18,96.211
04.21.2002-21:00:00,04,21,2002,21,81.926
04.22.2002-00:00:00,04,22,2002,00,70.717
04.22.2002-03:00:00,04,22,2002,03,60.077
04.22.2002-06:00:00,04,22,2002,06,55.903
04.22.2002-09:00:00,04,22,2002,09,93.731
04.22.2002-12:00:00,04,22,2002,12,125.66
04.22.2002-15:00:00,04,22,2002,15,102.42
04.22.2002-18:00:00,04,22,2002,18,92.174
04.22.2002-21:00:00,04,22,2002,21,75.559
04.23.2002-00:00:00,04,23,2002,00,45.606
04.23.2002-03:00:00,04,23,2002,03,42.601
04.23.2002-06:00:00,04,23,2002,06,42.848
04.23.2002-09:00:00,04,23,2002,09,35.623
04.23.2002-12:00:00,04,23,2002,12,35.517
04.23.2002-15:00:00,04,23,2002,15,44.317
04.23.2002-18:00:00,04,23,2002,18,42.874
04.23.2002-21:00:00,04,23,2002,21,42.521
04.24.2002-00:00:00,04,24,2002,00,42.45
04.24.2002-03:00:00,04,24,2002,03,42.38
04.24.2002-06:00:00,04,24,2002,06,42.31
04.24.2002-09:00:00,04,24,2002,09,30.067
04.24.2002-12:00:00,04,24,2002,12,29.523
04.24.2002-15:00:00,04,24,2002,15,37.057
04.24.2002-18:00:00,04,24,2002,18,41.396
04.24.2002-21:00:00,04,24,2002,21,41.757
04.25.2002-00:00:00,04,25,2002,00,41.698
04.25.2002-03:00:00,04,25,2002,03,41.639
04.25.2002-06:00:00,04,25,2002,06,35.863
04.25.2002-09:00:00,04,25,2002,09,28.735
04.25.2002-12:00:00,04,25,2002,12,28.918
04.25.2002-15:00:00,04,25,2002,15,48.046
04.25.2002-18:00:00,04,25,2002,18,69.768
04.25.2002-21:00:00,04,25,2002,21,60.747
04.26.2002-00:00:00,04,26,2002,00,43.016
04.26.2002-03:00:00,04,26,2002,03,41.086
04.26.2002-06:00:00,04,26,2002,06,36.323
04.26.2002-09:00:00,04,26,2002,09,29.22
04.26.2002-12:00:00,04,26,2002,12,58.37
04.26.2002-15:00:00,04,26,2002,15,96.623
04.26.2002-18:00:00,04,26,2002,18,87.329
04.26.2002-21:00:00,04,26,2002,21,67.513
04.27.2002-00:00:00,04,27,2002,00,59.065
04.27.2002-03:00:00,04,27,2002,03,51.935
04.27.2002-06:00:00,04,27,2002,06,53.345
04.27.2002-09:00:00,04,27,2002,09,99.082
04.27.2002-12:00:00,04,27,2002,12,136.38
04.27.2002-15:00:00,04,27,2002,15,112.5
04.27.2002-18:00:00,04,27,2002,18,99.833
04.27.2002-21:00:00,04,27,2002,21,80.905
04.28.2002-00:00:00,04,28,2002,00,64.081
04.28.2002-03:00:00,04,28,2002,03,48.755
04.28.2002-06:00:00,04,28,2002,06,39.479
04.28.2002-09:00:00,04,28,2002,09,92.482
04.28.2002-12:00:00,04,28,2002,12,155.65
04.28.2002-15:00:00,04,28,2002,15,141.41
04.28.2002-18:00:00,04,28,2002,18,127.81
04.28.2002-21:00:00,04,28,2002,21,95.312
04.29.2002-00:00:00,04,29,2002,00,75.375
04.29.2002-03:00:00,04,29,2002,03,57.511
04.29.2002-06:00:00,04,29,2002,06,49.386
04.29.2002-09:00:00,04,29,2002,09,131.47
04.29.2002-12:00:00,04,29,2002,12,212.47
04.29.2002-15:00:00,04,29,2002,15,190.64
04.29.2002-18:00:00,04,29,2002,18,161.41
04.29.2002-21:00:00,04,29,2002,21,124.83
04.30.2002-00:00:00,04,30,2002,00,114.11
04.30.2002-03:00:00,04,30,2002,03,104.86
04.30.2002-06:00:00,04,30,2002,06,106
04.30.2002-09:00:00,04,30,2002,09,190.39
04.30.2002-12:00:00,04,30,2002,12,291.05
04.30.2002-15:00:00,04,30,2002,15,275.4
04.30.2002-18:00:00,04,30,2002,18,235.34
04.30.2002-21:00:00,04,30,2002,21,191.58
05.01.2002-00:00:00,05,01,2002,00,151.98
05.01.2002-03:00:00,05,01,2002,03,113.61
05.01.2002-06:00:00,05,01,2002,06,100.15
05.01.2002-09:00:00,05,01,2002,09,228.14
05.01.2002-12:00:00,05,01,2002,12,384.61
05.01.2002-15:00:00,05,01,2002,15,348.81
05.01.2002-18:00:00,05,01,2002,18,277.32
05.01.2002-21:00:00,05,01,2002,21,216.71
05.02.2002-00:00:00,05,02,2002,00,196.89
05.02.2002-03:00:00,05,02,2002,03,174.51
05.02.2002-06:00:00,05,02,2002,06,179.94
05.02.2002-09:00:00,05,02,2002,09,371.81
05.02.2002-12:00:00,05,02,2002,12,491.78
05.02.2002-15:00:00,05,02,2002,15,390.57
05.02.2002-18:00:00,05,02,2002,18,305.01
05.02.2002-21:00:00,05,02,2002,21,252.19
05.03.2002-00:00:00,05,03,2002,00,207.47
05.03.2002-03:00:00,05,03,2002,03,163.95
05.03.2002-06:00:00,05,03,2002,06,148.96
05.03.2002-09:00:00,05,03,2002,09,238.28
05.03.2002-12:00:00,05,03,2002,12,368.1
05.03.2002-15:00:00,05,03,2002,15,318.98
05.03.2002-18:00:00,05,03,2002,18,244.71
05.03.2002-21:00:00,05,03,2002,21,204.64
05.04.2002-00:00:00,05,04,2002,00,180.84
05.04.2002-03:00:00,05,04,2002,03,179.94
05.04.2002-06:00:00,05,04,2002,06,181.25
05.04.2002-09:00:00,05,04,2002,09,153.16
05.04.2002-12:00:00,05,04,2002,12,235.06
05.04.2002-15:00:00,05,04,2002,15,255.52
05.04.2002-18:00:00,05,04,2002,18,227.66
05.04.2002-21:00:00,05,04,2002,21,197.18
05.05.2002-00:00:00,05,05,2002,00,186.18
05.05.2002-03:00:00,05,05,2002,03,185.96
05.05.2002-06:00:00,05,05,2002,06,173.97
05.05.2002-09:00:00,05,05,2002,09,209.82
05.05.2002-12:00:00,05,05,2002,12,324.73
05.05.2002-15:00:00,05,05,2002,15,317.41
05.05.2002-18:00:00,05,05,2002,18,261.7
05.05.2002-21:00:00,05,05,2002,21,219.39
05.06.2002-00:00:00,05,06,2002,00,201.2
05.06.2002-03:00:00,05,06,2002,03,200.79
05.06.2002-06:00:00,05,06,2002,06,201.99
05.06.2002-09:00:00,05,06,2002,09,173.02
05.06.2002-12:00:00,05,06,2002,12,187.91
05.06.2002-15:00:00,05,06,2002,15,249.03
05.06.2002-18:00:00,05,06,2002,18,234.93
05.06.2002-21:00:00,05,06,2002,21,207.19
05.07.2002-00:00:00,05,07,2002,00,204.6
05.07.2002-03:00:00,05,07,2002,03,205.09
05.07.2002-06:00:00,05,07,2002,06,194.61
05.07.2002-09:00:00,05,07,2002,09,170.83
05.07.2002-12:00:00,05,07,2002,12,283.54
05.07.2002-15:00:00,05,07,2002,15,301.75
05.07.2002-18:00:00,05,07,2002,18,262.08
05.07.2002-21:00:00,05,07,2002,21,215.8
05.08.2002-00:00:00,05,08,2002,00,209.91
05.08.2002-03:00:00,05,08,2002,03,210.49
05.08.2002-06:00:00,05,08,2002,06,211.17
05.08.2002-09:00:00,05,08,2002,09,169.05
05.08.2002-12:00:00,05,08,2002,12,257.83
05.08.2002-15:00:00,05,08,2002,15,323.82
05.08.2002-18:00:00,05,08,2002,18,274.42
05.08.2002-21:00:00,05,08,2002,21,220.6
05.09.2002-00:00:00,05,09,2002,00,215.57
05.09.2002-03:00:00,05,09,2002,03,216.26
05.09.2002-06:00:00,05,09,2002,06,206.47
05.09.2002-09:00:00,05,09,2002,09,167.77
05.09.2002-12:00:00,05,09,2002,12,166.73
05.09.2002-15:00:00,05,09,2002,15,240.77
05.09.2002-18:00:00,05,09,2002,18,270.09
05.09.2002-21:00:00,05,09,2002,21,223.69
05.10.2002-00:00:00,05,10,2002,00,218.18
05.10.2002-03:00:00,05,10,2002,03,218.61
05.10.2002-06:00:00,05,10,2002,06,198.46
05.10.2002-09:00:00,05,10,2002,09,161.29
05.10.2002-12:00:00,05,10,2002,12,332.69
05.10.2002-15:00:00,05,10,2002,15,360.25
05.10.2002-18:00:00,05,10,2002,18,323.64
05.10.2002-21:00:00,05,10,2002,21,271.18
05.11.2002-00:00:00,05,11,2002,00,250.93
05.11.2002-03:00:00,05,11,2002,03,232.2
05.11.2002-06:00:00,05,11,2002,06,233.95
05.11.2002-09:00:00,05,11,2002,09,402.63
05.11.2002-12:00:00,05,11,2002,12,642.35
05.11.2002-15:00:00,05,11,2002,15,588.41
05.11.2002-18:00:00,05,11,2002,18,469.4
05.11.2002-21:00:00,05,11,2002,21,375.53
05.12.2002-00:00:00,05,12,2002,00,324.31
05.12.2002-03:00:00,05,12,2002,03,294.77
05.12.2002-06:00:00,05,12,2002,06,280.52
05.12.2002-09:00:00,05,12,2002,09,569.87
05.12.2002-12:00:00,05,12,2002,12,897.77
05.12.2002-15:00:00,05,12,2002,15,752.66
05.12.2002-18:00:00,05,12,2002,18,575.96
05.12.2002-21:00:00,05,12,2002,21,456.66
05.13.2002-00:00:00,05,13,2002,00,406.07
05.13.2002-03:00:00,05,13,2002,03,367.02
05.13.2002-06:00:00,05,13,2002,06,366.94
05.13.2002-09:00:00,05,13,2002,09,781.24
05.13.2002-12:00:00,05,13,2002,12,1217.7
05.13.2002-15:00:00,05,13,2002,15,1050.8
05.13.2002-18:00:00,05,13,2002,18,769.86
05.13.2002-21:00:00,05,13,2002,21,638.52
05.14.2002-00:00:00,05,14,2002,00,601.88
05.14.2002-03:00:00,05,14,2002,03,506.57
05.14.2002-06:00:00,05,14,2002,06,479.01
05.14.2002-09:00:00,05,14,2002,09,773.12
05.14.2002-12:00:00,05,14,2002,12,1139.9
05.14.2002-15:00:00,05,14,2002,15,997.47
05.14.2002-18:00:00,05,14,2002,18,764.22
05.14.2002-21:00:00,05,14,2002,21,668.99
05.15.2002-00:00:00,05,15,2002,00,579.29
05.15.2002-03:00:00,05,15,2002,03,554.24
05.15.2002-06:00:00,05,15,2002,06,515.34
05.15.2002-09:00:00,05,15,2002,09,736.69
05.15.2002-12:00:00,05,15,2002,12,1314.9
05.15.2002-15:00:00,05,15,2002,15,1147.9
05.15.2002-18:00:00,05,15,2002,18,859.36
05.15.2002-21:00:00,05,15,2002,21,702.67
05.16.2002-00:00:00,05,16,2002,00,650.47
05.16.2002-03:00:00,05,16,2002,03,631.91
05.16.2002-06:00:00,05,16,2002,06,583.8
05.16.2002-09:00:00,05,16,2002,09,894.17
05.16.2002-12:00:00,05,16,2002,12,1617.8
05.16.2002-15:00:00,05,16,2002,15,1431.7
05.16.2002-18:00:00,05,16,2002,18,1110.8
05.16.2002-21:00:00,05,16,2002,21,891.2
05.17.2002-00:00:00,05,17,2002,00,859.66
05.17.2002-03:00:00,05,17,2002,03,834.65
05.17.2002-06:00:00,05,17,2002,06,935.02
05.17.2002-09:00:00,05,17,2002,09,1651.1
05.17.2002-12:00:00,05,17,2002,12,2156.1
05.17.2002-15:00:00,05,17,2002,15,1976.6
05.17.2002-18:00:00,05,17,2002,18,1525.5
05.17.2002-21:00:00,05,17,2002,21,1263
05.18.2002-00:00:00,05,18,2002,00,1076.8
05.18.2002-03:00:00,05,18,2002,03,976.87
05.18.2002-06:00:00,05,18,2002,06,973.35
05.18.2002-09:00:00,05,18,2002,09,1785.8
05.18.2002-12:00:00,05,18,2002,12,2419.8
05.18.2002-15:00:00,05,18,2002,15,2143
05.18.2002-18:00:00,05,18,2002,18,1643
05.18.2002-21:00:00,05,18,2002,21,1342.5
05.19.2002-00:00:00,05,19,2002,00,1283.6
05.19.2002-03:00:00,05,19,2002,03,1243.4
05.19.2002-06:00:00,05,19,2002,06,1336
05.19.2002-09:00:00,05,19,2002,09,2172.7
05.19.2002-12:00:00,05,19,2002,12,2774.2
05.19.2002-15:00:00,05,19,2002,15,2559.8
05.19.2002-18:00:00,05,19,2002,18,2201.3
05.19.2002-21:00:00,05,19,2002,21,1928
05.20.2002-00:00:00,05,20,2002,00,2213.9
05.20.2002-03:00:00,05,20,2002,03,2355.8
05.20.2002-06:00:00,05,20,2002,06,2730.5
05.20.2002-09:00:00,05,20,2002,09,3547.9
05.20.2002-12:00:00,05,20,2002,12,4317
05.20.2002-15:00:00,05,20,2002,15,4345.1
05.20.2002-18:00:00,05,20,2002,18,4069.6
05.20.2002-21:00:00,05,20,2002,21,3874.8
05.21.2002-00:00:00,05,21,2002,00,3611.6
05.21.2002-03:00:00,05,21,2002,03,3384.5
05.21.2002-06:00:00,05,21,2002,06,3475.5
05.21.2002-09:00:00,05,21,2002,09,3846.1
05.21.2002-12:00:00,05,21,2002,12,4196.1
05.21.2002-15:00:00,05,21,2002,15,4390.1
05.21.2002-18:00:00,05,21,2002,18,4473.9
05.21.2002-21:00:00,05,21,2002,21,4585
05.22.2002-00:00:00,05,22,2002,00,4555.4
05.22.2002-03:00:00,05,22,2002,03,4370.5
05.22.2002-06:00:00,05,22,2002,06,4376.2
05.22.2002-09:00:00,05,22,2002,09,4496.4
05.22.2002-12:00:00,05,22,2002,12,4669.6
05.22.2002-15:00:00,05,22,2002,15,4631.2
05.22.2002-18:00:00,05,22,2002,18,4752.9
05.22.2002-21:00:00,05,22,2002,21,4645.3
05.23.2002-00:00:00,05,23,2002,00,4485.5
05.23.2002-03:00:00,05,23,2002,03,4235.6
05.23.2002-06:00:00,05,23,2002,06,4372.9
05.23.2002-09:00:00,05,23,2002,09,5353.1
05.23.2002-12:00:00,05,23,2002,12,6198.1
05.23.2002-15:00:00,05,23,2002,15,6195.3
05.23.2002-18:00:00,05,23,2002,18,6053.8
05.23.2002-21:00:00,05,23,2002,21,5869.7
05.24.2002-00:00:00,05,24,2002,00,5580.9
05.24.2002-03:00:00,05,24,2002,03,5370.3
05.24.2002-06:00:00,05,24,2002,06,5181.5
05.24.2002-09:00:00,05,24,2002,09,5520.6
05.24.2002-12:00:00,05,24,2002,12,6580
05.24.2002-15:00:00,05,24,2002,15,6657.7
05.24.2002-18:00:00,05,24,2002,18,6327.1
05.24.2002-21:00:00,05,24,2002,21,5992.5
05.25.2002-00:00:00,05,25,2002,00,5616.8
05.25.2002-03:00:00,05,25,2002,03,5383.7
05.25.2002-06:00:00,05,25,2002,06,5508.6
05.25.2002-09:00:00,05,25,2002,09,6478
05.25.2002-12:00:00,05,25,2002,12,7480.3
05.25.2002-15:00:00,05,25,2002,15,7613.6
05.25.2002-18:00:00,05,25,2002,18,7590.2
05.25.2002-21:00:00,05,25,2002,21,7241.6
05.26.2002-00:00:00,05,26,2002,00,6867.8
05.26.2002-03:00:00,05,26,2002,03,6463.1
05.26.2002-06:00:00,05,26,2002,06,6321.3
05.26.2002-09:00:00,05,26,2002,09,7306.4
05.26.2002-12:00:00,05,26,2002,12,8603.4
05.26.2002-15:00:00,05,26,2002,15,8881.5
05.26.2002-18:00:00,05,26,2002,18,8672.8
05.26.2002-21:00:00,05,26,2002,21,8198.2
05.27.2002-00:00:00,05,27,2002,00,7758.7
05.27.2002-03:00:00,05,27,2002,03,7312.8
05.27.2002-06:00:00,05,27,2002,06,7175.2
05.27.2002-09:00:00,05,27,2002,09,8295.6
05.27.2002-12:00:00,05,27,2002,12,9668.1
05.27.2002-15:00:00,05,27,2002,15,10118
05.27.2002-18:00:00,05,27,2002,18,9959.7
05.27.2002-21:00:00,05,27,2002,21,9640.6
05.28.2002-00:00:00,05,28,2002,00,9193.3
05.28.2002-03:00:00,05,28,2002,03,8904.9
05.28.2002-06:00:00,05,28,2002,06,9100.2
05.28.2002-09:00:00,05,28,2002,09,10316
05.28.2002-12:00:00,05,28,2002,12,11616
05.28.2002-15:00:00,05,28,2002,15,12260
05.28.2002-18:00:00,05,28,2002,18,12016
05.28.2002-21:00:00,05,28,2002,21,11787
05.29.2002-00:00:00,05,29,2002,00,11206
05.29.2002-03:00:00,05,29,2002,03,10631
05.29.2002-06:00:00,05,29,2002,06,10425
05.29.2002-09:00:00,05,29,2002,09,11316
05.29.2002-12:00:00,05,29,2002,12,12437
05.29.2002-15:00:00,05,29,2002,15,12897
05.29.2002-18:00:00,05,29,2002,18,12151
05.29.2002-21:00:00,05,29,2002,21,11715
05.30.2002-00:00:00,05,30,2002,00,10944
05.30.2002-03:00:00,05,30,2002,03,10361
05.30.2002-06:00:00,05,30,2002,06,9962.8
05.30.2002-09:00:00,05,30,2002,09,10960
05.30.2002-12:00:00,05,30,2002,12,12377
05.30.2002-15:00:00,05,30,2002,15,12938
05.30.2002-18:00:00,05,30,2002,18,12402
05.30.2002-21:00:00,05,30,2002,21,11611
05.31.2002-00:00:00,05,31,2002,00,10890
05.31.2002-03:00:00,05,31,2002,03,10465
05.31.2002-06:00:00,05,31,2002,06,10153
05.31.2002-09:00:00,05,31,2002,09,10981
05.31.2002-12:00:00,05,31,2002,12,12143
05.31.2002-15:00:00,05,31,2002,15,12700
05.31.2002-18:00:00,05,31,2002,18,11998
05.31.2002-21:00:00,05,31,2002,21,11370
06.01.2002-00:00:00,06,01,2002,00,10589
06.01.2002-03:00:00,06,01,2002,03,10132
06.01.2002-06:00:00,06,01,2002,06,9827.9
06.01.2002-09:00:00,06,01,2002,09,10880
06.01.2002-12:00:00,06,01,2002,12,12378
06.01.2002-15:00:00,06,01,2002,15,13231
06.01.2002-18:00:00,06,01,2002,18,12824
06.01.2002-21:00:00,06,01,2002,21,12228
06.02.2002-00:00:00,06,02,2002,00,11540
06.02.2002-03:00:00,06,02,2002,03,11106
06.02.2002-06:00:00,06,02,2002,06,11055
06.02.2002-09:00:00,06,02,2002,09,11858
06.02.2002-12:00:00,06,02,2002,12,13153
06.02.2002-15:00:00,06,02,2002,15,13911
06.02.2002-18:00:00,06,02,2002,18,13586
06.02.2002-21:00:00,06,02,2002,21,12923
06.03.2002-00:00:00,06,03,2002,00,12226
06.03.2002-03:00:00,06,03,2002,03,11732
06.03.2002-06:00:00,06,03,2002,06,11119
06.03.2002-09:00:00,06,03,2002,09,11844
06.03.2002-12:00:00,06,03,2002,12,13113
06.03.2002-15:00:00,06,03,2002,15,13987
06.03.2002-18:00:00,06,03,2002,18,13570
06.03.2002-21:00:00,06,03,2002,21,12861
06.04.2002-00:00:00,06,04,2002,00,12276
06.04.2002-03:00:00,06,04,2002,03,12059
06.04.2002-06:00:00,06,04,2002,06,12008
06.04.2002-09:00:00,06,04,2002,09,12671
06.04.2002-12:00:00,06,04,2002,12,13972
06.04.2002-15:00:00,06,04,2002,15,14501
06.04.2002-18:00:00,06,04,2002,18,14462
06.04.2002-21:00:00,06,04,2002,21,14092
06.05.2002-00:00:00,06,05,2002,00,13508
06.05.2002-03:00:00,06,05,2002,03,13186
06.05.2002-06:00:00,06,05,2002,06,12910
06.05.2002-09:00:00,06,05,2002,09,13404
06.05.2002-12:00:00,06,05,2002,12,14301
06.05.2002-15:00:00,06,05,2002,15,14510
06.05.2002-18:00:00,06,05,2002,18,14221
06.05.2002-21:00:00,06,05,2002,21,13821
06.06.2002-00:00:00,06,06,2002,00,13274
06.06.2002-03:00:00,06,06,2002,03,12868
06.06.2002-06:00:00,06,06,2002,06,12235
06.06.2002-09:00:00,06,06,2002,09,12082
06.06.2002-12:00:00,06,06,2002,12,12322
06.06.2002-15:00:00,06,06,2002,15,12287
06.06.2002-18:00:00,06,06,2002,18,11935
06.06.2002-21:00:00,06,06,2002,21,11448
06.07.2002-00:00:00,06,07,2002,00,10706
06.07.2002-03:00:00,06,07,2002,03,10123
06.07.2002-06:00:00,06,07,2002,06,9669.2
06.07.2002-09:00:00,06,07,2002,09,9373.7
06.07.2002-12:00:00,06,07,2002,12,9586.4
06.07.2002-15:00:00,06,07,2002,15,9844.7
06.07.2002-18:00:00,06,07,2002,18,9692.2
06.07.2002-21:00:00,06,07,2002,21,9082.4
06.08.2002-00:00:00,06,08,2002,00,8569.3
06.08.2002-03:00:00,06,08,2002,03,8245.1
06.08.2002-06:00:00,06,08,2002,06,7985.3
06.08.2002-09:00:00,06,08,2002,09,7650.3
06.08.2002-12:00:00,06,08,2002,12,7554.7
06.08.2002-15:00:00,06,08,2002,15,7482.9
06.08.2002-18:00:00,06,08,2002,18,7616.1
06.08.2002-21:00:00,06,08,2002,21,7277.4
06.09.2002-00:00:00,06,09,2002,00,6990.2
06.09.2002-03:00:00,06,09,2002,03,6710.9
06.09.2002-06:00:00,06,09,2002,06,6558.5
06.09.2002-09:00:00,06,09,2002,09,7053.7
06.09.2002-12:00:00,06,09,2002,12,8119.1
06.09.2002-15:00:00,06,09,2002,15,8978.7
06.09.2002-18:00:00,06,09,2002,18,9261.1
06.09.2002-21:00:00,06,09,2002,21,8864.2
06.10.2002-00:00:00,06,10,2002,00,8491.4
06.10.2002-03:00:00,06,10,2002,03,8116.3
06.10.2002-06:00:00,06,10,2002,06,8004.6
06.10.2002-09:00:00,06,10,2002,09,8346.1
06.10.2002-12:00:00,06,10,2002,12,9422.3
06.10.2002-15:00:00,06,10,2002,15,10224
06.10.2002-18:00:00,06,10,2002,18,10276
06.10.2002-21:00:00,06,10,2002,21,9656.6
06.11.2002-00:00:00,06,11,2002,00,9288.4
06.11.2002-03:00:00,06,11,2002,03,8820
06.11.2002-06:00:00,06,11,2002,06,8657.3
06.11.2002-09:00:00,06,11,2002,09,8673.1
06.11.2002-12:00:00,06,11,2002,12,9490.3
06.11.2002-15:00:00,06,11,2002,15,10092
06.11.2002-18:00:00,06,11,2002,18,10041
06.11.2002-21:00:00,06,11,2002,21,9552.4
06.12.2002-00:00:00,06,12,2002,00,8999.7
06.12.2002-03:00:00,06,12,2002,03,8640.1
06.12.2002-06:00:00,06,12,2002,06,8435.9
06.12.2002-09:00:00,06,12,2002,09,8763.7
06.12.2002-12:00:00,06,12,2002,12,9690.6
06.12.2002-15:00:00,06,12,2002,15,10370
06.12.2002-18:00:00,06,12,2002,18,10253
06.12.2002-21:00:00,06,12,2002,21,9669.1
06.13.2002-00:00:00,06,13,2002,00,9150.7
06.13.2002-03:00:00,06,13,2002,03,8816.4
06.13.2002-06:00:00,06,13,2002,06,8522.1
06.13.2002-09:00:00,06,13,2002,09,8838.2
06.13.2002-12:00:00,06,13,2002,12,9805.6
06.13.2002-15:00:00,06,13,2002,15,10404
06.13.2002-18:00:00,06,13,2002,18,10306
06.13.2002-21:00:00,06,13,2002,21,9520.3
06.14.2002-00:00:00,06,14,2002,00,9309.8
06.14.2002-03:00:00,06,14,2002,03,8820.3
06.14.2002-06:00:00,06,14,2002,06,8506.1
06.14.2002-09:00:00,06,14,2002,09,8564.8
06.14.2002-12:00:00,06,14,2002,12,9196.8
06.14.2002-15:00:00,06,14,2002,15,9756.8
06.14.2002-18:00:00,06,14,2002,18,9715.7
06.14.2002-21:00:00,06,14,2002,21,9467.1
06.15.2002-00:00:00,06,15,2002,00,9248.1
06.15.2002-03:00:00,06,15,2002,03,8871.6
06.15.2002-06:00:00,06,15,2002,06,8553.8
06.15.2002-09:00:00,06,15,2002,09,8590.7
06.15.2002-12:00:00,06,15,2002,12,8937.3
06.15.2002-15:00:00,06,15,2002,15,9166.5
06.15.2002-18:00:00,06,15,2002,18,8987.2
06.15.2002-21:00:00,06,15,2002,21,8769.7
06.16.2002-00:00:00,06,16,2002,00,8707.4
06.16.2002-03:00:00,06,16,2002,03,8456.9
06.16.2002-06:00:00,06,16,2002,06,8082.1
06.16.2002-09:00:00,06,16,2002,09,7605
06.16.2002-12:00:00,06,16,2002,12,7424.8
06.16.2002-15:00:00,06,16,2002,15,7418.4
06.16.2002-18:00:00,06,16,2002,18,7170.9
06.16.2002-21:00:00,06,16,2002,21,7130.5
06.17.2002-00:00:00,06,17,2002,00,7294.8
06.17.2002-03:00:00,06,17,2002,03,7158.8
06.17.2002-06:00:00,06,17,2002,06,7154.7
06.17.2002-09:00:00,06,17,2002,09,6734.1
06.17.2002-12:00:00,06,17,2002,12,6519.4
06.17.2002-15:00:00,06,17,2002,15,6196.7
06.17.2002-18:00:00,06,17,2002,18,6138.9
06.17.2002-21:00:00,06,17,2002,21,6100.6
06.18.2002-00:00:00,06,18,2002,00,6290.6
06.18.2002-03:00:00,06,18,2002,03,6138.3
06.18.2002-06:00:00,06,18,2002,06,6045
06.18.2002-09:00:00,06,18,2002,09,5638.4
06.18.2002-12:00:00,06,18,2002,12,5455.7
06.18.2002-15:00:00,06,18,2002,15,5234.4
06.18.2002-18:00:00,06,18,2002,18,5305.1
06.18.2002-21:00:00,06,18,2002,21,5391.6
06.19.2002-00:00:00,06,19,2002,00,5540.3
06.19.2002-03:00:00,06,19,2002,03,5480.9
06.19.2002-06:00:00,06,19,2002,06,5225
06.19.2002-09:00:00,06,19,2002,09,4683.8
06.19.2002-12:00:00,06,19,2002,12,4443.4
06.19.2002-15:00:00,06,19,2002,15,4379.2
06.19.2002-18:00:00,06,19,2002,18,4734.8
06.19.2002-21:00:00,06,19,2002,21,4858.7
06.20.2002-00:00:00,06,20,2002,00,5078.3
06.20.2002-03:00:00,06,20,2002,03,5006.8
06.20.2002-06:00:00,06,20,2002,06,4751.4
06.20.2002-09:00:00,06,20,2002,09,4255.1
06.20.2002-12:00:00,06,20,2002,12,3966
06.20.2002-15:00:00,06,20,2002,15,3923.7
06.20.2002-18:00:00,06,20,2002,18,4234.5
06.20.2002-21:00:00,06,20,2002,21,4289.5
06.21.2002-00:00:00,06,21,2002,00,4531
06.21.2002-03:00:00,06,21,2002,03,4507.9
06.21.2002-06:00:00,06,21,2002,06,4283.6
06.21.2002-09:00:00,06,21,2002,09,3841.6
06.21.2002-12:00:00,06,21,2002,12,3616.4
06.21.2002-15:00:00,06,21,2002,15,3558.8
06.21.2002-18:00:00,06,21,2002,18,3825.6
06.21.2002-21:00:00,06,21,2002,21,3926.4
06.22.2002-00:00:00,06,22,2002,00,4078.3
06.22.2002-03:00:00,06,22,2002,03,4145.1
06.22.2002-06:00:00,06,22,2002,06,3865
06.22.2002-09:00:00,06,22,2002,09,3583.3
06.22.2002-12:00:00,06,22,2002,12,3392.1
06.22.2002-15:00:00,06,22,2002,15,3334.6
06.22.2002-18:00:00,06,22,2002,18,3435
06.22.2002-21:00:00,06,22,2002,21,3513.7
06.23.2002-00:00:00,06,23,2002,00,3636.2
06.23.2002-03:00:00,06,23,2002,03,3604.1
06.23.2002-06:00:00,06,23,2002,06,3421.8
06.23.2002-09:00:00,06,23,2002,09,3172.3
06.23.2002-12:00:00,06,23,2002,12,3030.7
06.23.2002-15:00:00,06,23,2002,15,3047.1
06.23.2002-18:00:00,06,23,2002,18,3164.2
06.23.2002-21:00:00,06,23,2002,21,3256
06.24.2002-00:00:00,06,24,2002,00,3347.6
06.24.2002-03:00:00,06,24,2002,03,3367.5
06.24.2002-06:00:00,06,24,2002,06,3099.9
06.24.2002-09:00:00,06,24,2002,09,2838.5
06.24.2002-12:00:00,06,24,2002,12,2756.3
06.24.2002-15:00:00,06,24,2002,15,2773.9
06.24.2002-18:00:00,06,24,2002,18,2958.6
06.24.2002-21:00:00,06,24,2002,21,3078.4
06.25.2002-00:00:00,06,25,2002,00,3118.8
06.25.2002-03:00:00,06,25,2002,03,3112
06.25.2002-06:00:00,06,25,2002,06,2840.6
06.25.2002-09:00:00,06,25,2002,09,2573.8
06.25.2002-12:00:00,06,25,2002,12,2538.2
06.25.2002-15:00:00,06,25,2002,15,2589.3
06.25.2002-18:00:00,06,25,2002,18,2745.2
06.25.2002-21:00:00,06,25,2002,21,2854.8
06.26.2002-00:00:00,06,26,2002,00,2915.5
06.26.2002-03:00:00,06,26,2002,03,2912.1
06.26.2002-06:00:00,06,26,2002,06,2619.7
06.26.2002-09:00:00,06,26,2002,09,2423.5
06.26.2002-12:00:00,06,26,2002,12,2415.5
06.26.2002-15:00:00,06,26,2002,15,2435.2
06.26.2002-18:00:00,06,26,2002,18,2586.7
06.26.2002-21:00:00,06,26,2002,21,2688.5
06.27.2002-00:00:00,06,27,2002,00,2730.6
06.27.2002-03:00:00,06,27,2002,03,2686.9
06.27.2002-06:00:00,06,27,2002,06,2393.8
06.27.2002-09:00:00,06,27,2002,09,2162.6
06.27.2002-12:00:00,06,27,2002,12,2128.4
06.27.2002-15:00:00,06,27,2002,15,2202.9
06.27.2002-18:00:00,06,27,2002,18,2373.8
06.27.2002-21:00:00,06,27,2002,21,2492.9
06.28.2002-00:00:00,06,28,2002,00,2558.2
06.28.2002-03:00:00,06,28,2002,03,2564.7
06.28.2002-06:00:00,06,28,2002,06,2445.6
06.28.2002-09:00:00,06,28,2002,09,2291.8
06.28.2002-12:00:00,06,28,2002,12,2264.8
06.28.2002-15:00:00,06,28,2002,15,2304.2
06.28.2002-18:00:00,06,28,2002,18,2444.9
06.28.2002-21:00:00,06,28,2002,21,2548.3
06.29.2002-00:00:00,06,29,2002,00,2646.1
06.29.2002-03:00:00,06,29,2002,03,2683.6
06.29.2002-06:00:00,06,29,2002,06,2587.1
06.29.2002-09:00:00,06,29,2002,09,2488.6
06.29.2002-12:00:00,06,29,2002,12,2448.7
06.29.2002-15:00:00,06,29,2002,15,2502.3
06.29.2002-18:00:00,06,29,2002,18,2582.2
06.29.2002-21:00:00,06,29,2002,21,2664.8
06.30.2002-00:00:00,06,30,2002,00,2575.2
06.30.2002-03:00:00,06,30,2002,03,2505.7
06.30.2002-06:00:00,06,30,2002,06,2354.8
06.30.2002-09:00:00,06,30,2002,09,2203.9
06.30.2002-12:00:00,06,30,2002,12,2127.2
06.30.2002-15:00:00,06,30,2002,15,2167.3
06.30.2002-18:00:00,06,30,2002,18,2277
06.30.2002-21:00:00,06,30,2002,21,2343.5
07.01.2002-00:00:00,07,01,2002,00,2360.9
07.01.2002-03:00:00,07,01,2002,03,2328.2
07.01.2002-06:00:00,07,01,2002,06,2170.9
07.01.2002-09:00:00,07,01,2002,09,1995.7
07.01.2002-12:00:00,07,01,2002,12,1932.1
07.01.2002-15:00:00,07,01,2002,15,1996.3
07.01.2002-18:00:00,07,01,2002,18,2132.7
07.01.2002-21:00:00,07,01,2002,21,2207.8
07.02.2002-00:00:00,07,02,2002,00,2234.4
07.02.2002-03:00:00,07,02,2002,03,2202.6
07.02.2002-06:00:00,07,02,2002,06,2022.6
07.02.2002-09:00:00,07,02,2002,09,1809.9
07.02.2002-12:00:00,07,02,2002,12,1760.8
07.02.2002-15:00:00,07,02,2002,15,1855.7
07.02.2002-18:00:00,07,02,2002,18,2008.3
07.02.2002-21:00:00,07,02,2002,21,2077.4
07.03.2002-00:00:00,07,03,2002,00,2114.8
07.03.2002-03:00:00,07,03,2002,03,2045.3
07.03.2002-06:00:00,07,03,2002,06,1873.9
07.03.2002-09:00:00,07,03,2002,09,1702.5
07.03.2002-12:00:00,07,03,2002,12,1658.2
07.03.2002-15:00:00,07,03,2002,15,1742.9
07.03.2002-18:00:00,07,03,2002,18,1887.1
07.03.2002-21:00:00,07,03,2002,21,1973.2
07.04.2002-00:00:00,07,04,2002,00,2014.5
07.04.2002-03:00:00,07,04,2002,03,1972.3
07.04.2002-06:00:00,07,04,2002,06,1834.5
07.04.2002-09:00:00,07,04,2002,09,1674.6
07.04.2002-12:00:00,07,04,2002,12,1631.2
07.04.2002-15:00:00,07,04,2002,15,1712.6
07.04.2002-18:00:00,07,04,2002,18,1839.9
07.04.2002-21:00:00,07,04,2002,21,1911.8
07.05.2002-00:00:00,07,05,2002,00,1946.8
07.05.2002-03:00:00,07,05,2002,03,1929.1
07.05.2002-06:00:00,07,05,2002,06,1741.9
07.05.2002-09:00:00,07,05,2002,09,1500.7
07.05.2002-12:00:00,07,05,2002,12,1459.7
07.05.2002-15:00:00,07,05,2002,15,1587.6
07.05.2002-18:00:00,07,05,2002,18,1763.4
07.05.2002-21:00:00,07,05,2002,21,1823.2
07.06.2002-00:00:00,07,06,2002,00,1846.1
07.06.2002-03:00:00,07,06,2002,03,1818.2
07.06.2002-06:00:00,07,06,2002,06,1592
07.06.2002-09:00:00,07,06,2002,09,1360.2
07.06.2002-12:00:00,07,06,2002,12,1335.6
07.06.2002-15:00:00,07,06,2002,15,1461.4
07.06.2002-18:00:00,07,06,2002,18,1658.7
07.06.2002-21:00:00,07,06,2002,21,1737.4
07.07.2002-00:00:00,07,07,2002,00,1762.3
07.07.2002-03:00:00,07,07,2002,03,1722.8
07.07.2002-06:00:00,07,07,2002,06,1487.7
07.07.2002-09:00:00,07,07,2002,09,1273.6
07.07.2002-12:00:00,07,07,2002,12,1259
07.07.2002-15:00:00,07,07,2002,15,1383.3
07.07.2002-18:00:00,07,07,2002,18,1575.7
07.07.2002-21:00:00,07,07,2002,21,1666.4
07.08.2002-00:00:00,07,08,2002,00,2395.9
07.08.2002-03:00:00,07,08,2002,03,2580.5
07.08.2002-06:00:00,07,08,2002,06,2456.6
07.08.2002-09:00:00,07,08,2002,09,2310.8
07.08.2002-12:00:00,07,08,2002,12,2336.5
07.08.2002-15:00:00,07,08,2002,15,2487.6
07.08.2002-18:00:00,07,08,2002,18,2687.6
07.08.2002-21:00:00,07,08,2002,21,2832.6
07.09.2002-00:00:00,07,09,2002,00,2143.5
07.09.2002-03:00:00,07,09,2002,03,1899.4
07.09.2002-06:00:00,07,09,2002,06,1622.9
07.09.2002-09:00:00,07,09,2002,09,1359.5
07.09.2002-12:00:00,07,09,2002,12,1298.2
07.09.2002-15:00:00,07,09,2002,15,1385.4
07.09.2002-18:00:00,07,09,2002,18,1558.1
07.09.2002-21:00:00,07,09,2002,21,1638.4
07.10.2002-00:00:00,07,10,2002,00,1659.5
07.10.2002-03:00:00,07,10,2002,03,1614.6
07.10.2002-06:00:00,07,10,2002,06,1350
07.10.2002-09:00:00,07,10,2002,09,1159.5
07.10.2002-12:00:00,07,10,2002,12,1203.7
07.10.2002-15:00:00,07,10,2002,15,1273.5
07.10.2002-18:00:00,07,10,2002,18,1456.9
07.10.2002-21:00:00,07,10,2002,21,1542.8
07.11.2002-00:00:00,07,11,2002,00,1564.3
07.11.2002-03:00:00,07,11,2002,03,1499.1
07.11.2002-06:00:00,07,11,2002,06,1219.8
07.11.2002-09:00:00,07,11,2002,09,1114.9
07.11.2002-12:00:00,07,11,2002,12,1262
07.11.2002-15:00:00,07,11,2002,15,1236.5
07.11.2002-18:00:00,07,11,2002,18,1377.7
07.11.2002-21:00:00,07,11,2002,21,1465.3
07.12.2002-00:00:00,07,12,2002,00,1489.5
07.12.2002-03:00:00,07,12,2002,03,1413.2
07.12.2002-06:00:00,07,12,2002,06,1138.4
07.12.2002-09:00:00,07,12,2002,09,1029.6
07.12.2002-12:00:00,07,12,2002,12,1113.3
07.12.2002-15:00:00,07,12,2002,15,1132.9
07.12.2002-18:00:00,07,12,2002,18,1289.7
07.12.2002-21:00:00,07,12,2002,21,1393.9
07.13.2002-00:00:00,07,13,2002,00,1413.4
07.13.2002-03:00:00,07,13,2002,03,1340.9
07.13.2002-06:00:00,07,13,2002,06,1102.9
07.13.2002-09:00:00,07,13,2002,09,992.76
07.13.2002-12:00:00,07,13,2002,12,1030.1
07.13.2002-15:00:00,07,13,2002,15,1068.2
07.13.2002-18:00:00,07,13,2002,18,1212.2
07.13.2002-21:00:00,07,13,2002,21,1319
07.14.2002-00:00:00,07,14,2002,00,1343.5
07.14.2002-03:00:00,07,14,2002,03,1253.7
07.14.2002-06:00:00,07,14,2002,06,1018.7
07.14.2002-09:00:00,07,14,2002,09,864.76
07.14.2002-12:00:00,07,14,2002,12,857.66
07.14.2002-15:00:00,07,14,2002,15,953.12
07.14.2002-18:00:00,07,14,2002,18,1135.5
07.14.2002-21:00:00,07,14,2002,21,1242.5
07.15.2002-00:00:00,07,15,2002,00,1273.5
07.15.2002-03:00:00,07,15,2002,03,1224.6
07.15.2002-06:00:00,07,15,2002,06,987.01
07.15.2002-09:00:00,07,15,2002,09,822.56
07.15.2002-12:00:00,07,15,2002,12,818.91
07.15.2002-15:00:00,07,15,2002,15,920.21
07.15.2002-18:00:00,07,15,2002,18,1106.1
07.15.2002-21:00:00,07,15,2002,21,1202.5
07.16.2002-00:00:00,07,16,2002,00,1223.3
07.16.2002-03:00:00,07,16,2002,03,1163
07.16.2002-06:00:00,07,16,2002,06,939.74
07.16.2002-09:00:00,07,16,2002,09,777.92
07.16.2002-12:00:00,07,16,2002,12,780.52
07.16.2002-15:00:00,07,16,2002,15,876.48
07.16.2002-18:00:00,07,16,2002,18,1056
07.16.2002-21:00:00,07,16,2002,21,1147.6
07.17.2002-00:00:00,07,17,2002,00,1163.7
07.17.2002-03:00:00,07,17,2002,03,1094.6
07.17.2002-06:00:00,07,17,2002,06,884.62
07.17.2002-09:00:00,07,17,2002,09,741.51
07.17.2002-12:00:00,07,17,2002,12,740.11
07.17.2002-15:00:00,07,17,2002,15,830.66
07.17.2002-18:00:00,07,17,2002,18,994.3
07.17.2002-21:00:00,07,17,2002,21,1090.7
07.18.2002-00:00:00,07,18,2002,00,1111.5
07.18.2002-03:00:00,07,18,2002,03,1029.3
07.18.2002-06:00:00,07,18,2002,06,817.53
07.18.2002-09:00:00,07,18,2002,09,684.1
07.18.2002-12:00:00,07,18,2002,12,684.24
07.18.2002-15:00:00,07,18,2002,15,778.4
07.18.2002-18:00:00,07,18,2002,18,939.44
07.18.2002-21:00:00,07,18,2002,21,1039.3
07.19.2002-00:00:00,07,19,2002,00,1067.6
07.19.2002-03:00:00,07,19,2002,03,1004.7
07.19.2002-06:00:00,07,19,2002,06,812.11
07.19.2002-09:00:00,07,19,2002,09,676.79
07.19.2002-12:00:00,07,19,2002,12,669.76
07.19.2002-15:00:00,07,19,2002,15,760.42
07.19.2002-18:00:00,07,19,2002,18,915.18
07.19.2002-21:00:00,07,19,2002,21,1007.4
07.20.2002-00:00:00,07,20,2002,00,1034.2
07.20.2002-03:00:00,07,20,2002,03,974.59
07.20.2002-06:00:00,07,20,2002,06,762.35
07.20.2002-09:00:00,07,20,2002,09,618.59
07.20.2002-12:00:00,07,20,2002,12,619.37
07.20.2002-15:00:00,07,20,2002,15,710.58
07.20.2002-18:00:00,07,20,2002,18,871.3
07.20.2002-21:00:00,07,20,2002,21,961.98
07.21.2002-00:00:00,07,21,2002,00,989.22
07.21.2002-03:00:00,07,21,2002,03,933.86
07.21.2002-06:00:00,07,21,2002,06,719.74
07.21.2002-09:00:00,07,21,2002,09,580.16
07.21.2002-12:00:00,07,21,2002,12,585.48
07.21.2002-15:00:00,07,21,2002,15,673.43
07.21.2002-18:00:00,07,21,2002,18,827.03
07.21.2002-21:00:00,07,21,2002,21,916.36
07.22.2002-00:00:00,07,22,2002,00,946.93
07.22.2002-03:00:00,07,22,2002,03,901.37
07.22.2002-06:00:00,07,22,2002,06,687
07.22.2002-09:00:00,07,22,2002,09,553.65
07.22.2002-12:00:00,07,22,2002,12,563.52
07.22.2002-15:00:00,07,22,2002,15,647.29
07.22.2002-18:00:00,07,22,2002,18,794.08
07.22.2002-21:00:00,07,22,2002,21,877.17
07.23.2002-00:00:00,07,23,2002,00,907.82
07.23.2002-03:00:00,07,23,2002,03,861.19
07.23.2002-06:00:00,07,23,2002,06,648.27
07.23.2002-09:00:00,07,23,2002,09,533.12
07.23.2002-12:00:00,07,23,2002,12,554.02
07.23.2002-15:00:00,07,23,2002,15,623.63
07.23.2002-18:00:00,07,23,2002,18,760.85
07.23.2002-21:00:00,07,23,2002,21,836.87
07.24.2002-00:00:00,07,24,2002,00,864.97
07.24.2002-03:00:00,07,24,2002,03,804.13
07.24.2002-06:00:00,07,24,2002,06,603.19
07.24.2002-09:00:00,07,24,2002,09,502.22
07.24.2002-12:00:00,07,24,2002,12,513.91
07.24.2002-15:00:00,07,24,2002,15,583.69
07.24.2002-18:00:00,07,24,2002,18,715.29
07.24.2002-21:00:00,07,24,2002,21,796.26
07.25.2002-00:00:00,07,25,2002,00,811.91
07.25.2002-03:00:00,07,25,2002,03,757.11
07.25.2002-06:00:00,07,25,2002,06,615.92
07.25.2002-09:00:00,07,25,2002,09,528.06
07.25.2002-12:00:00,07,25,2002,12,529.77
07.25.2002-15:00:00,07,25,2002,15,581.47
07.25.2002-18:00:00,07,25,2002,18,689.95
07.25.2002-21:00:00,07,25,2002,21,767.07
07.26.2002-00:00:00,07,26,2002,00,784.22
07.26.2002-03:00:00,07,26,2002,03,726.9
07.26.2002-06:00:00,07,26,2002,06,574.76
07.26.2002-09:00:00,07,26,2002,09,479.38
07.26.2002-12:00:00,07,26,2002,12,469.72
07.26.2002-15:00:00,07,26,2002,15,527.75
07.26.2002-18:00:00,07,26,2002,18,645.52
07.26.2002-21:00:00,07,26,2002,21,737.04
07.27.2002-00:00:00,07,27,2002,00,761.09
07.27.2002-03:00:00,07,27,2002,03,721.29
07.27.2002-06:00:00,07,27,2002,06,587.71
07.27.2002-09:00:00,07,27,2002,09,486.15
07.27.2002-12:00:00,07,27,2002,12,475.1
07.27.2002-15:00:00,07,27,2002,15,531.08
07.27.2002-18:00:00,07,27,2002,18,644.28
07.27.2002-21:00:00,07,27,2002,21,720.7
07.28.2002-00:00:00,07,28,2002,00,732.4
07.28.2002-03:00:00,07,28,2002,03,693.96
07.28.2002-06:00:00,07,28,2002,06,625.3
07.28.2002-09:00:00,07,28,2002,09,565.85
07.28.2002-12:00:00,07,28,2002,12,561.21
07.28.2002-15:00:00,07,28,2002,15,591.84
07.28.2002-18:00:00,07,28,2002,18,648.65
07.28.2002-21:00:00,07,28,2002,21,700.28
07.29.2002-00:00:00,07,29,2002,00,708.13
07.29.2002-03:00:00,07,29,2002,03,669.99
07.29.2002-06:00:00,07,29,2002,06,614.96
07.29.2002-09:00:00,07,29,2002,09,570.48
07.29.2002-12:00:00,07,29,2002,12,564.96
07.29.2002-15:00:00,07,29,2002,15,588.19
07.29.2002-18:00:00,07,29,2002,18,634.54
07.29.2002-21:00:00,07,29,2002,21,682.16
07.30.2002-00:00:00,07,30,2002,00,696.07
07.30.2002-03:00:00,07,30,2002,03,651.16
07.30.2002-06:00:00,07,30,2002,06,543.67
07.30.2002-09:00:00,07,30,2002,09,463.54
07.30.2002-12:00:00,07,30,2002,12,451.73
07.30.2002-15:00:00,07,30,2002,15,493.79
07.30.2002-18:00:00,07,30,2002,18,578.82
07.30.2002-21:00:00,07,30,2002,21,650.78
07.31.2002-00:00:00,07,31,2002,00,675.48
07.31.2002-03:00:00,07,31,2002,03,642.85
07.31.2002-06:00:00,07,31,2002,06,512.41
07.31.2002-09:00:00,07,31,2002,09,418.74
07.31.2002-12:00:00,07,31,2002,12,404.83
07.31.2002-15:00:00,07,31,2002,15,455.22
07.31.2002-18:00:00,07,31,2002,18,540.09
07.31.2002-21:00:00,07,31,2002,21,603.02
08.01.2002-00:00:00,08,01,2002,00,644.78
08.01.2002-03:00:00,08,01,2002,03,626.52
08.01.2002-06:00:00,08,01,2002,06,502.51
08.01.2002-09:00:00,08,01,2002,09,401.48
08.01.2002-12:00:00,08,01,2002,12,387.6
08.01.2002-15:00:00,08,01,2002,15,441.16
08.01.2002-18:00:00,08,01,2002,18,528.41
08.01.2002-21:00:00,08,01,2002,21,571.05
08.02.2002-00:00:00,08,02,2002,00,606.52
08.02.2002-03:00:00,08,02,2002,03,570.43
08.02.2002-06:00:00,08,02,2002,06,464.92
08.02.2002-09:00:00,08,02,2002,09,386.84
08.02.2002-12:00:00,08,02,2002,12,376.5
08.02.2002-15:00:00,08,02,2002,15,424.82
08.02.2002-18:00:00,08,02,2002,18,497.06
08.02.2002-21:00:00,08,02,2002,21,544.24
08.03.2002-00:00:00,08,03,2002,00,570.79
08.03.2002-03:00:00,08,03,2002,03,568.9
08.03.2002-06:00:00,08,03,2002,06,475.94
08.03.2002-09:00:00,08,03,2002,09,386.3
08.03.2002-12:00:00,08,03,2002,12,374.5
08.03.2002-15:00:00,08,03,2002,15,422.01
08.03.2002-18:00:00,08,03,2002,18,489.38
08.03.2002-21:00:00,08,03,2002,21,532.05
08.04.2002-00:00:00,08,04,2002,00,555.61
08.04.2002-03:00:00,08,04,2002,03,517.75
08.04.2002-06:00:00,08,04,2002,06,435.73
08.04.2002-09:00:00,08,04,2002,09,373.92
08.04.2002-12:00:00,08,04,2002,12,365.71
08.04.2002-15:00:00,08,04,2002,15,407.6
08.04.2002-18:00:00,08,04,2002,18,460.68
08.04.2002-21:00:00,08,04,2002,21,507.85
08.05.2002-00:00:00,08,05,2002,00,529.71
08.05.2002-03:00:00,08,05,2002,03,528.04
08.05.2002-06:00:00,08,05,2002,06,449.78
08.05.2002-09:00:00,08,05,2002,09,373.15
08.05.2002-12:00:00,08,05,2002,12,363.97
08.05.2002-15:00:00,08,05,2002,15,405.62
08.05.2002-18:00:00,08,05,2002,18,459.43
08.05.2002-21:00:00,08,05,2002,21,499.76
08.06.2002-00:00:00,08,06,2002,00,523.85
08.06.2002-03:00:00,08,06,2002,03,508.21
08.06.2002-06:00:00,08,06,2002,06,439.7
08.06.2002-09:00:00,08,06,2002,09,386.78
08.06.2002-12:00:00,08,06,2002,12,378.66
08.06.2002-15:00:00,08,06,2002,15,415.37
08.06.2002-18:00:00,08,06,2002,18,474.31
08.06.2002-21:00:00,08,06,2002,21,518.71
08.07.2002-00:00:00,08,07,2002,00,518.06
08.07.2002-03:00:00,08,07,2002,03,497.47
08.07.2002-06:00:00,08,07,2002,06,416.76
08.07.2002-09:00:00,08,07,2002,09,353.04
08.07.2002-12:00:00,08,07,2002,12,346.92
08.07.2002-15:00:00,08,07,2002,15,381.85
08.07.2002-18:00:00,08,07,2002,18,425.78
08.07.2002-21:00:00,08,07,2002,21,454.54
08.08.2002-00:00:00,08,08,2002,00,477.99
08.08.2002-03:00:00,08,08,2002,03,451.44
08.08.2002-06:00:00,08,08,2002,06,377.06
08.08.2002-09:00:00,08,08,2002,09,328.13
08.08.2002-12:00:00,08,08,2002,12,324.16
08.08.2002-15:00:00,08,08,2002,15,350.15
08.08.2002-18:00:00,08,08,2002,18,395.87
08.08.2002-21:00:00,08,08,2002,21,421.6
08.09.2002-00:00:00,08,09,2002,00,429.92
08.09.2002-03:00:00,08,09,2002,03,416.97
08.09.2002-06:00:00,08,09,2002,06,357.32
08.09.2002-09:00:00,08,09,2002,09,319.65
08.09.2002-12:00:00,08,09,2002,12,316.55
08.09.2002-15:00:00,08,09,2002,15,337.95
08.09.2002-18:00:00,08,09,2002,18,374.94
08.09.2002-21:00:00,08,09,2002,21,405.73
08.10.2002-00:00:00,08,10,2002,00,411.07
08.10.2002-03:00:00,08,10,2002,03,396.05
08.10.2002-06:00:00,08,10,2002,06,345.41
08.10.2002-09:00:00,08,10,2002,09,312.97
08.10.2002-12:00:00,08,10,2002,12,309.82
08.10.2002-15:00:00,08,10,2002,15,329.25
08.10.2002-18:00:00,08,10,2002,18,361.46
08.10.2002-21:00:00,08,10,2002,21,388.5
08.11.2002-00:00:00,08,11,2002,00,399.06
08.11.2002-03:00:00,08,11,2002,03,385.08
08.11.2002-06:00:00,08,11,2002,06,334.16
08.11.2002-09:00:00,08,11,2002,09,301.89
08.11.2002-12:00:00,08,11,2002,12,299.5
08.11.2002-15:00:00,08,11,2002,15,315.31
08.11.2002-18:00:00,08,11,2002,18,351.14
08.11.2002-21:00:00,08,11,2002,21,368.27
08.12.2002-00:00:00,08,12,2002,00,381.5
08.12.2002-03:00:00,08,12,2002,03,371.88
08.12.2002-06:00:00,08,12,2002,06,319.3
08.12.2002-09:00:00,08,12,2002,09,291.93
08.12.2002-12:00:00,08,12,2002,12,291.43
08.12.2002-15:00:00,08,12,2002,15,303.37
08.12.2002-18:00:00,08,12,2002,18,334.51
08.12.2002-21:00:00,08,12,2002,21,354.62
08.13.2002-00:00:00,08,13,2002,00,363.05
08.13.2002-03:00:00,08,13,2002,03,353.71
08.13.2002-06:00:00,08,13,2002,06,305.99
08.13.2002-09:00:00,08,13,2002,09,284.93
08.13.2002-12:00:00,08,13,2002,12,291.31
08.13.2002-15:00:00,08,13,2002,15,297.13
08.13.2002-18:00:00,08,13,2002,18,329.56
08.13.2002-21:00:00,08,13,2002,21,344.52
08.14.2002-00:00:00,08,14,2002,00,349.84
08.14.2002-03:00:00,08,14,2002,03,338.65
08.14.2002-06:00:00,08,14,2002,06,304.19
08.14.2002-09:00:00,08,14,2002,09,282.42
08.14.2002-12:00:00,08,14,2002,12,281.29
08.14.2002-15:00:00,08,14,2002,15,294.21
08.14.2002-18:00:00,08,14,2002,18,318.01
08.14.2002-21:00:00,08,14,2002,21,334.16
08.15.2002-00:00:00,08,15,2002,00,345.29
08.15.2002-03:00:00,08,15,2002,03,331.41
08.15.2002-06:00:00,08,15,2002,06,293.95
08.15.2002-09:00:00,08,15,2002,09,272.2
08.15.2002-12:00:00,08,15,2002,12,271.72
08.15.2002-15:00:00,08,15,2002,15,281.3
08.15.2002-18:00:00,08,15,2002,18,304.9
08.15.2002-21:00:00,08,15,2002,21,324.03
08.16.2002-00:00:00,08,16,2002,00,329.32
08.16.2002-03:00:00,08,16,2002,03,320.97
08.16.2002-06:00:00,08,16,2002,06,285.95
08.16.2002-09:00:00,08,16,2002,09,266.41
08.16.2002-12:00:00,08,16,2002,12,264.74
08.16.2002-15:00:00,08,16,2002,15,274.68
08.16.2002-18:00:00,08,16,2002,18,294.55
08.16.2002-21:00:00,08,16,2002,21,315.35
08.17.2002-00:00:00,08,17,2002,00,322.74
08.17.2002-03:00:00,08,17,2002,03,321.06
08.17.2002-06:00:00,08,17,2002,06,290.55
08.17.2002-09:00:00,08,17,2002,09,264.38
08.17.2002-12:00:00,08,17,2002,12,262.17
08.17.2002-15:00:00,08,17,2002,15,272.22
08.17.2002-18:00:00,08,17,2002,18,294.74
08.17.2002-21:00:00,08,17,2002,21,312.54
08.18.2002-00:00:00,08,18,2002,00,317.21
08.18.2002-03:00:00,08,18,2002,03,310.64
08.18.2002-06:00:00,08,18,2002,06,280.22
08.18.2002-09:00:00,08,18,2002,09,259.4
08.18.2002-12:00:00,08,18,2002,12,257.87
08.18.2002-15:00:00,08,18,2002,15,265.68
08.18.2002-18:00:00,08,18,2002,18,286.26
08.18.2002-21:00:00,08,18,2002,21,302.94
08.19.2002-00:00:00,08,19,2002,00,309.44
08.19.2002-03:00:00,08,19,2002,03,302.4
08.19.2002-06:00:00,08,19,2002,06,279.67
08.19.2002-09:00:00,08,19,2002,09,259.3
08.19.2002-12:00:00,08,19,2002,12,257.15
08.19.2002-15:00:00,08,19,2002,15,269.24
08.19.2002-18:00:00,08,19,2002,18,286.72
08.19.2002-21:00:00,08,19,2002,21,299.18
08.20.2002-00:00:00,08,20,2002,00,304.68
08.20.2002-03:00:00,08,20,2002,03,297.04
08.20.2002-06:00:00,08,20,2002,06,270.44
08.20.2002-09:00:00,08,20,2002,09,253.3
08.20.2002-12:00:00,08,20,2002,12,251.44
08.20.2002-15:00:00,08,20,2002,15,257.75
08.20.2002-18:00:00,08,20,2002,18,277.05
08.20.2002-21:00:00,08,20,2002,21,291.32
08.21.2002-00:00:00,08,21,2002,00,296.57
08.21.2002-03:00:00,08,21,2002,03,286.11
08.21.2002-06:00:00,08,21,2002,06,261.56
08.21.2002-09:00:00,08,21,2002,09,247.03
08.21.2002-12:00:00,08,21,2002,12,245.64
08.21.2002-15:00:00,08,21,2002,15,250.81
08.21.2002-18:00:00,08,21,2002,18,266.76
08.21.2002-21:00:00,08,21,2002,21,280.96
08.22.2002-00:00:00,08,22,2002,00,287.6
08.22.2002-03:00:00,08,22,2002,03,278.83
08.22.2002-06:00:00,08,22,2002,06,254.27
08.22.2002-09:00:00,08,22,2002,09,240.92
08.22.2002-12:00:00,08,22,2002,12,239.87
08.22.2002-15:00:00,08,22,2002,15,245.59
08.22.2002-18:00:00,08,22,2002,18,257.31
08.22.2002-21:00:00,08,22,2002,21,270.63
08.23.2002-00:00:00,08,23,2002,00,278.75
08.23.2002-03:00:00,08,23,2002,03,271.59
08.23.2002-06:00:00,08,23,2002,06,247.1
08.23.2002-09:00:00,08,23,2002,09,233.57
08.23.2002-12:00:00,08,23,2002,12,233.45
08.23.2002-15:00:00,08,23,2002,15,239.82
08.23.2002-18:00:00,08,23,2002,18,247.51
08.23.2002-21:00:00,08,23,2002,21,259.81
08.24.2002-00:00:00,08,24,2002,00,267.91
08.24.2002-03:00:00,08,24,2002,03,264.83
08.24.2002-06:00:00,08,24,2002,06,242.77
08.24.2002-09:00:00,08,24,2002,09,229.06
08.24.2002-12:00:00,08,24,2002,12,229.74
08.24.2002-15:00:00,08,24,2002,15,235.74
08.24.2002-18:00:00,08,24,2002,18,243.25
08.24.2002-21:00:00,08,24,2002,21,254.73
08.25.2002-00:00:00,08,25,2002,00,286.46
08.25.2002-03:00:00,08,25,2002,03,304.3
08.25.2002-06:00:00,08,25,2002,06,290.55
08.25.2002-09:00:00,08,25,2002,09,264.33
08.25.2002-12:00:00,08,25,2002,12,256.03
08.25.2002-15:00:00,08,25,2002,15,271.55
08.25.2002-18:00:00,08,25,2002,18,303.32
08.25.2002-21:00:00,08,25,2002,21,322.65
08.26.2002-00:00:00,08,26,2002,00,293.49
08.26.2002-03:00:00,08,26,2002,03,283.55
08.26.2002-06:00:00,08,26,2002,06,259.83
08.26.2002-09:00:00,08,26,2002,09,237.64
08.26.2002-12:00:00,08,26,2002,12,232.65
08.26.2002-15:00:00,08,26,2002,15,240.42
08.26.2002-18:00:00,08,26,2002,18,252.91
08.26.2002-21:00:00,08,26,2002,21,264.63
08.27.2002-00:00:00,08,27,2002,00,263.12
08.27.2002-03:00:00,08,27,2002,03,252.42
08.27.2002-06:00:00,08,27,2002,06,231.5
08.27.2002-09:00:00,08,27,2002,09,219.26
08.27.2002-12:00:00,08,27,2002,12,219.16
08.27.2002-15:00:00,08,27,2002,15,225.45
08.27.2002-18:00:00,08,27,2002,18,232.92
08.27.2002-21:00:00,08,27,2002,21,239.07
08.28.2002-00:00:00,08,28,2002,00,245.88
08.28.2002-03:00:00,08,28,2002,03,242.4
08.28.2002-06:00:00,08,28,2002,06,225.84
08.28.2002-09:00:00,08,28,2002,09,213.78
08.28.2002-12:00:00,08,28,2002,12,214.39
08.28.2002-15:00:00,08,28,2002,15,220.54
08.28.2002-18:00:00,08,28,2002,18,227.88
08.28.2002-21:00:00,08,28,2002,21,233.42
08.29.2002-00:00:00,08,29,2002,00,238.89
08.29.2002-03:00:00,08,29,2002,03,237.1
08.29.2002-06:00:00,08,29,2002,06,223.27
08.29.2002-09:00:00,08,29,2002,09,212.05
08.29.2002-12:00:00,08,29,2002,12,211.7
08.29.2002-15:00:00,08,29,2002,15,216.35
08.29.2002-18:00:00,08,29,2002,18,223.31
08.29.2002-21:00:00,08,29,2002,21,233.01
08.30.2002-00:00:00,08,30,2002,00,235.93
08.30.2002-03:00:00,08,30,2002,03,230.74
08.30.2002-06:00:00,08,30,2002,06,216.84
08.30.2002-09:00:00,08,30,2002,09,206.74
08.30.2002-12:00:00,08,30,2002,12,205.89
08.30.2002-15:00:00,08,30,2002,15,211.57
08.30.2002-18:00:00,08,30,2002,18,218.27
08.30.2002-21:00:00,08,30,2002,21,224.76
08.31.2002-00:00:00,08,31,2002,00,231.41
08.31.2002-03:00:00,08,31,2002,03,228.1
08.31.2002-06:00:00,08,31,2002,06,215.76
08.31.2002-09:00:00,08,31,2002,09,204.51
08.31.2002-12:00:00,08,31,2002,12,203.56
08.31.2002-15:00:00,08,31,2002,15,208.91
08.31.2002-18:00:00,08,31,2002,18,217.26
08.31.2002-21:00:00,08,31,2002,21,223.44
09.01.2002-00:00:00,09,01,2002,00,224.06
09.01.2002-03:00:00,09,01,2002,03,221.35
09.01.2002-06:00:00,09,01,2002,06,212.56
09.01.2002-09:00:00,09,01,2002,09,204.38
09.01.2002-12:00:00,09,01,2002,12,203.11
09.01.2002-15:00:00,09,01,2002,15,207.59
09.01.2002-18:00:00,09,01,2002,18,215.32
09.01.2002-21:00:00,09,01,2002,21,220.12
09.02.2002-00:00:00,09,02,2002,00,222.25
09.02.2002-03:00:00,09,02,2002,03,220.38
09.02.2002-06:00:00,09,02,2002,06,206.05
09.02.2002-09:00:00,09,02,2002,09,195.49
09.02.2002-12:00:00,09,02,2002,12,194.77
09.02.2002-15:00:00,09,02,2002,15,200.97
09.02.2002-18:00:00,09,02,2002,18,208.32
09.02.2002-21:00:00,09,02,2002,21,212.69
09.03.2002-00:00:00,09,03,2002,00,217.23
09.03.2002-03:00:00,09,03,2002,03,216.09
09.03.2002-06:00:00,09,03,2002,06,204.01
09.03.2002-09:00:00,09,03,2002,09,195.09
09.03.2002-12:00:00,09,03,2002,12,194.18
09.03.2002-15:00:00,09,03,2002,15,199.47
09.03.2002-18:00:00,09,03,2002,18,206.79
09.03.2002-21:00:00,09,03,2002,21,211.86
09.04.2002-00:00:00,09,04,2002,00,216.2
09.04.2002-03:00:00,09,04,2002,03,215.74
09.04.2002-06:00:00,09,04,2002,06,203
09.04.2002-09:00:00,09,04,2002,09,191.4
09.04.2002-12:00:00,09,04,2002,12,190.41
09.04.2002-15:00:00,09,04,2002,15,197.49
09.04.2002-18:00:00,09,04,2002,18,205.28
09.04.2002-21:00:00,09,04,2002,21,207.71
09.05.2002-00:00:00,09,05,2002,00,213.67
09.05.2002-03:00:00,09,05,2002,03,215.24
09.05.2002-06:00:00,09,05,2002,06,204.85
09.05.2002-09:00:00,09,05,2002,09,190.56
09.05.2002-12:00:00,09,05,2002,12,189.05
09.05.2002-15:00:00,09,05,2002,15,197.4
09.05.2002-18:00:00,09,05,2002,18,205.04
09.05.2002-21:00:00,09,05,2002,21,207.25
09.06.2002-00:00:00,09,06,2002,00,208.5
09.06.2002-03:00:00,09,06,2002,03,211.69
09.06.2002-06:00:00,09,06,2002,06,201.29
09.06.2002-09:00:00,09,06,2002,09,187.22
09.06.2002-12:00:00,09,06,2002,12,185.91
09.06.2002-15:00:00,09,06,2002,15,193.61
09.06.2002-18:00:00,09,06,2002,18,201.2
09.06.2002-21:00:00,09,06,2002,21,203.16
09.07.2002-00:00:00,09,07,2002,00,208.13
09.07.2002-03:00:00,09,07,2002,03,208.85
09.07.2002-06:00:00,09,07,2002,06,213.24
09.07.2002-09:00:00,09,07,2002,09,204.29
09.07.2002-12:00:00,09,07,2002,12,193.59
09.07.2002-15:00:00,09,07,2002,15,200.28
09.07.2002-18:00:00,09,07,2002,18,205.91
09.07.2002-21:00:00,09,07,2002,21,209.32
09.08.2002-00:00:00,09,08,2002,00,206.83
09.08.2002-03:00:00,09,08,2002,03,207.38
09.08.2002-06:00:00,09,08,2002,06,203.58
09.08.2002-09:00:00,09,08,2002,09,190.36
09.08.2002-12:00:00,09,08,2002,12,185.59
09.08.2002-15:00:00,09,08,2002,15,191.79
09.08.2002-18:00:00,09,08,2002,18,197.81
09.08.2002-21:00:00,09,08,2002,21,199.62
09.09.2002-00:00:00,09,09,2002,00,199.8
09.09.2002-03:00:00,09,09,2002,03,201.61
09.09.2002-06:00:00,09,09,2002,06,188.89
09.09.2002-09:00:00,09,09,2002,09,178.25
09.09.2002-12:00:00,09,09,2002,12,176.56
09.09.2002-15:00:00,09,09,2002,15,184.15
09.09.2002-18:00:00,09,09,2002,18,191.5
09.09.2002-21:00:00,09,09,2002,21,195.13
09.10.2002-00:00:00,09,10,2002,00,195.88
09.10.2002-03:00:00,09,10,2002,03,195.08
09.10.2002-06:00:00,09,10,2002,06,185.13
09.10.2002-09:00:00,09,10,2002,09,174.06
09.10.2002-12:00:00,09,10,2002,12,172.54
09.10.2002-15:00:00,09,10,2002,15,178.7
09.10.2002-18:00:00,09,10,2002,18,187.09
09.10.2002-21:00:00,09,10,2002,21,191.18
09.11.2002-00:00:00,09,11,2002,00,191.83
09.11.2002-03:00:00,09,11,2002,03,190.59
09.11.2002-06:00:00,09,11,2002,06,179.22
09.11.2002-09:00:00,09,11,2002,09,169.46
09.11.2002-12:00:00,09,11,2002,12,168.47
09.11.2002-15:00:00,09,11,2002,15,172.65
09.11.2002-18:00:00,09,11,2002,18,182.38
09.11.2002-21:00:00,09,11,2002,21,185.9
09.12.2002-00:00:00,09,12,2002,00,187.65
09.12.2002-03:00:00,09,12,2002,03,186.89
09.12.2002-06:00:00,09,12,2002,06,175.64
09.12.2002-09:00:00,09,12,2002,09,165.79
09.12.2002-12:00:00,09,12,2002,12,165.21
09.12.2002-15:00:00,09,12,2002,15,169.26
09.12.2002-18:00:00,09,12,2002,18,178.03
09.12.2002-21:00:00,09,12,2002,21,181.91
09.13.2002-00:00:00,09,13,2002,00,183.44
09.13.2002-03:00:00,09,13,2002,03,182.14
09.13.2002-06:00:00,09,13,2002,06,169.49
09.13.2002-09:00:00,09,13,2002,09,161.64
09.13.2002-12:00:00,09,13,2002,12,161.1
09.13.2002-15:00:00,09,13,2002,15,165.19
09.13.2002-18:00:00,09,13,2002,18,172.38
09.13.2002-21:00:00,09,13,2002,21,176.58
09.14.2002-00:00:00,09,14,2002,00,179.75
09.14.2002-03:00:00,09,14,2002,03,179.95
09.14.2002-06:00:00,09,14,2002,06,169.6
09.14.2002-09:00:00,09,14,2002,09,159.35
09.14.2002-12:00:00,09,14,2002,12,158.55
09.14.2002-15:00:00,09,14,2002,15,162.83
09.14.2002-18:00:00,09,14,2002,18,171.18
09.14.2002-21:00:00,09,14,2002,21,175.35
09.15.2002-00:00:00,09,15,2002,00,176.89
09.15.2002-03:00:00,09,15,2002,03,176.75
09.15.2002-06:00:00,09,15,2002,06,167.33
09.15.2002-09:00:00,09,15,2002,09,158.42
09.15.2002-12:00:00,09,15,2002,12,157.43
09.15.2002-15:00:00,09,15,2002,15,161.58
09.15.2002-18:00:00,09,15,2002,18,169
09.15.2002-21:00:00,09,15,2002,21,172.68
09.16.2002-00:00:00,09,16,2002,00,173.56
09.16.2002-03:00:00,09,16,2002,03,173.69
09.16.2002-06:00:00,09,16,2002,06,164.04
09.16.2002-09:00:00,09,16,2002,09,156.91
09.16.2002-12:00:00,09,16,2002,12,155.79
09.16.2002-15:00:00,09,16,2002,15,160.51
09.16.2002-18:00:00,09,16,2002,18,166.38
09.16.2002-21:00:00,09,16,2002,21,170.15
09.17.2002-00:00:00,09,17,2002,00,171.29
09.17.2002-03:00:00,09,17,2002,03,171.69
09.17.2002-06:00:00,09,17,2002,06,164.29
09.17.2002-09:00:00,09,17,2002,09,157.52
09.17.2002-12:00:00,09,17,2002,12,156.78
09.17.2002-15:00:00,09,17,2002,15,160.71
09.17.2002-18:00:00,09,17,2002,18,167.02
09.17.2002-21:00:00,09,17,2002,21,169.47
09.18.2002-00:00:00,09,18,2002,00,170.04
09.18.2002-03:00:00,09,18,2002,03,170.33
09.18.2002-06:00:00,09,18,2002,06,162.49
09.18.2002-09:00:00,09,18,2002,09,153.92
09.18.2002-12:00:00,09,18,2002,12,153
09.18.2002-15:00:00,09,18,2002,15,158.99
09.18.2002-18:00:00,09,18,2002,18,165.68
09.18.2002-21:00:00,09,18,2002,21,167.94
09.19.2002-00:00:00,09,19,2002,00,168.42
09.19.2002-03:00:00,09,19,2002,03,168.8
09.19.2002-06:00:00,09,19,2002,06,161.28
09.19.2002-09:00:00,09,19,2002,09,150.83
09.19.2002-12:00:00,09,19,2002,12,149.26
09.19.2002-15:00:00,09,19,2002,15,154.86
09.19.2002-18:00:00,09,19,2002,18,162.88
09.19.2002-21:00:00,09,19,2002,21,165.77
09.20.2002-00:00:00,09,20,2002,00,166.25
09.20.2002-03:00:00,09,20,2002,03,166.61
09.20.2002-06:00:00,09,20,2002,06,159.8
09.20.2002-09:00:00,09,20,2002,09,149.48
09.20.2002-12:00:00,09,20,2002,12,147.86
09.20.2002-15:00:00,09,20,2002,15,154.01
09.20.2002-18:00:00,09,20,2002,18,161.55
09.20.2002-21:00:00,09,20,2002,21,163.97
09.21.2002-00:00:00,09,21,2002,00,164.49
09.21.2002-03:00:00,09,21,2002,03,164.65
09.21.2002-06:00:00,09,21,2002,06,162.95
09.21.2002-09:00:00,09,21,2002,09,148.42
09.21.2002-12:00:00,09,21,2002,12,146.15
09.21.2002-15:00:00,09,21,2002,15,152.5
09.21.2002-18:00:00,09,21,2002,18,160.06
09.21.2002-21:00:00,09,21,2002,21,162.23
09.22.2002-00:00:00,09,22,2002,00,162.68
09.22.2002-03:00:00,09,22,2002,03,162.75
09.22.2002-06:00:00,09,22,2002,06,160.94
09.22.2002-09:00:00,09,22,2002,09,145.56
09.22.2002-12:00:00,09,22,2002,12,143.35
09.22.2002-15:00:00,09,22,2002,15,148.14
09.22.2002-18:00:00,09,22,2002,18,156.69
09.22.2002-21:00:00,09,22,2002,21,159.84
09.23.2002-00:00:00,09,23,2002,00,160.3
09.23.2002-03:00:00,09,23,2002,03,160.53
09.23.2002-06:00:00,09,23,2002,06,154.28
09.23.2002-09:00:00,09,23,2002,09,142.32
09.23.2002-12:00:00,09,23,2002,12,140.8
09.23.2002-15:00:00,09,23,2002,15,145.38
09.23.2002-18:00:00,09,23,2002,18,152.71
09.23.2002-21:00:00,09,23,2002,21,156.57
09.24.2002-00:00:00,09,24,2002,00,157.35
09.24.2002-03:00:00,09,24,2002,03,157.56
09.24.2002-06:00:00,09,24,2002,06,150.7
09.24.2002-09:00:00,09,24,2002,09,142.29
09.24.2002-12:00:00,09,24,2002,12,141.07
09.24.2002-15:00:00,09,24,2002,15,145.52
09.24.2002-18:00:00,09,24,2002,18,151.9
09.24.2002-21:00:00,09,24,2002,21,154.8
09.25.2002-00:00:00,09,25,2002,00,155.36
09.25.2002-03:00:00,09,25,2002,03,155.6
09.25.2002-06:00:00,09,25,2002,06,147.48
09.25.2002-09:00:00,09,25,2002,09,137.92
09.25.2002-12:00:00,09,25,2002,12,136.62
09.25.2002-15:00:00,09,25,2002,15,140.98
09.25.2002-18:00:00,09,25,2002,18,147.42
09.25.2002-21:00:00,09,25,2002,21,150.94
09.26.2002-00:00:00,09,26,2002,00,152.77
09.26.2002-03:00:00,09,26,2002,03,153.2
09.26.2002-06:00:00,09,26,2002,06,149.73
09.26.2002-09:00:00,09,26,2002,09,141.45
09.26.2002-12:00:00,09,26,2002,12,140.27
09.26.2002-15:00:00,09,26,2002,15,144.32
09.26.2002-18:00:00,09,26,2002,18,150.31
09.26.2002-21:00:00,09,26,2002,21,151.13
09.27.2002-00:00:00,09,27,2002,00,151.31
09.27.2002-03:00:00,09,27,2002,03,151.42
09.27.2002-06:00:00,09,27,2002,06,144.08
09.27.2002-09:00:00,09,27,2002,09,135.92
09.27.2002-12:00:00,09,27,2002,12,134.6
09.27.2002-15:00:00,09,27,2002,15,138.39
09.27.2002-18:00:00,09,27,2002,18,145.88
09.27.2002-21:00:00,09,27,2002,21,148.75
09.28.2002-00:00:00,09,28,2002,00,149.42
09.28.2002-03:00:00,09,28,2002,03,149.66
09.28.2002-06:00:00,09,28,2002,06,148.07
09.28.2002-09:00:00,09,28,2002,09,134.85
09.28.2002-12:00:00,09,28,2002,12,132.79
09.28.2002-15:00:00,09,28,2002,15,136.97
09.28.2002-18:00:00,09,28,2002,18,144.45
09.28.2002-21:00:00,09,28,2002,21,147
09.29.2002-00:00:00,09,29,2002,00,147.17
09.29.2002-03:00:00,09,29,2002,03,147.27
09.29.2002-06:00:00,09,29,2002,06,143.8
09.29.2002-09:00:00,09,29,2002,09,136.96
09.29.2002-12:00:00,09,29,2002,12,135.89
09.29.2002-15:00:00,09,29,2002,15,139.4
09.29.2002-18:00:00,09,29,2002,18,144.76
09.29.2002-21:00:00,09,29,2002,21,145.47
09.30.2002-00:00:00,09,30,2002,00,145.65
09.30.2002-03:00:00,09,30,2002,03,145.76
09.30.2002-06:00:00,09,30,2002,06,142.48
09.30.2002-09:00:00,09,30,2002,09,136.41
09.30.2002-12:00:00,09,30,2002,12,135.35
09.30.2002-15:00:00,09,30,2002,15,139.37
09.30.2002-18:00:00,09,30,2002,18,143.89
09.30.2002-21:00:00,09,30,2002,21,144.7
