TIMESTAMP,MONTH,DAY,YEAR,HOUR,C
10.01.2001-00:00:00,10,01,2001,00,119.06
10.01.2001-03:00:00,10,01,2001,03,119.37
10.01.2001-06:00:00,10,01,2001,06,112.76
10.01.2001-09:00:00,10,01,2001,09,87.658
10.01.2001-12:00:00,10,01,2001,12,91.85
10.01.2001-15:00:00,10,01,2001,15,107.34
10.01.2001-18:00:00,10,01,2001,18,114.49
10.01.2001-21:00:00,10,01,2001,21,117.69
10.02.2001-00:00:00,10,02,2001,00,118.03
10.02.2001-03:00:00,10,02,2001,03,118.3
10.02.2001-06:00:00,10,02,2001,06,111.86
10.02.2001-09:00:00,10,02,2001,09,86.704
10.02.2001-12:00:00,10,02,2001,12,91.813
10.02.2001-15:00:00,10,02,2001,15,106.62
10.02.2001-18:00:00,10,02,2001,18,113.59
10.02.2001-21:00:00,10,02,2001,21,116.88
10.03.2001-00:00:00,10,03,2001,00,117.31
10.03.2001-03:00:00,10,03,2001,03,117.69
10.03.2001-06:00:00,10,03,2001,06,112.85
10.03.2001-09:00:00,10,03,2001,09,87.674
10.03.2001-12:00:00,10,03,2001,12,91.889
10.03.2001-15:00:00,10,03,2001,15,106.37
10.03.2001-18:00:00,10,03,2001,18,113.12
10.03.2001-21:00:00,10,03,2001,21,116.25
10.04.2001-00:00:00,10,04,2001,00,116.64
10.04.2001-03:00:00,10,04,2001,03,116.95
10.04.2001-06:00:00,10,04,2001,06,117.08
10.04.2001-09:00:00,10,04,2001,09,92.607
10.04.2001-12:00:00,10,04,2001,12,93.375
10.04.2001-15:00:00,10,04,2001,15,106.61
10.04.2001-18:00:00,10,04,2001,18,113.29
10.04.2001-21:00:00,10,04,2001,21,115.87
10.05.2001-00:00:00,10,05,2001,00,116.25
10.05.2001-03:00:00,10,05,2001,03,116.35
10.05.2001-06:00:00,10,05,2001,06,116.72
10.05.2001-09:00:00,10,05,2001,09,94.64
10.05.2001-12:00:00,10,05,2001,12,94.897
10.05.2001-15:00:00,10,05,2001,15,107.19
10.05.2001-18:00:00,10,05,2001,18,113.81
10.05.2001-21:00:00,10,05,2001,21,115.49
10.06.2001-00:00:00,10,06,2001,00,115.69
10.06.2001-03:00:00,10,06,2001,03,115.67
10.06.2001-06:00:00,10,06,2001,06,115.73
10.06.2001-09:00:00,10,06,2001,09,97.203
10.06.2001-12:00:00,10,06,2001,12,96.283
10.06.2001-15:00:00,10,06,2001,15,107.11
10.06.2001-18:00:00,10,06,2001,18,113.36
10.06.2001-21:00:00,10,06,2001,21,114.72
10.07.2001-00:00:00,10,07,2001,00,114.96
10.07.2001-03:00:00,10,07,2001,03,115.02
10.07.2001-06:00:00,10,07,2001,06,115.02
10.07.2001-09:00:00,10,07,2001,09,101.11
10.07.2001-12:00:00,10,07,2001,12,99.764
10.07.2001-15:00:00,10,07,2001,15,108.51
10.07.2001-18:00:00,10,07,2001,18,113.03
10.07.2001-21:00:00,10,07,2001,21,114.3
10.08.2001-00:00:00,10,08,2001,00,114.46
10.08.2001-03:00:00,10,08,2001,03,114.44
10.08.2001-06:00:00,10,08,2001,06,115.03
10.08.2001-09:00:00,10,08,2001,09,112.37
10.08.2001-12:00:00,10,08,2001,12,105.88
10.08.2001-15:00:00,10,08,2001,15,109.18
10.08.2001-18:00:00,10,08,2001,18,113.48
10.08.2001-21:00:00,10,08,2001,21,114.68
10.09.2001-00:00:00,10,09,2001,00,115.11
10.09.2001-03:00:00,10,09,2001,03,114.78
10.09.2001-06:00:00,10,09,2001,06,112.8
10.09.2001-09:00:00,10,09,2001,09,104.64
10.09.2001-12:00:00,10,09,2001,12,101.19
10.09.2001-15:00:00,10,09,2001,15,106.04
10.09.2001-18:00:00,10,09,2001,18,111.36
10.09.2001-21:00:00,10,09,2001,21,113.65
10.10.2001-00:00:00,10,10,2001,00,113.94
10.10.2001-03:00:00,10,10,2001,03,113.98
10.10.2001-06:00:00,10,10,2001,06,113.92
10.10.2001-09:00:00,10,10,2001,09,142.2
10.10.2001-12:00:00,10,10,2001,12,152.32
10.10.2001-15:00:00,10,10,2001,15,122.16
10.10.2001-18:00:00,10,10,2001,18,114.53
10.10.2001-21:00:00,10,10,2001,21,114.35
10.11.2001-00:00:00,10,11,2001,00,114.28
10.11.2001-03:00:00,10,11,2001,03,114.21
10.11.2001-06:00:00,10,11,2001,06,114.13
10.11.2001-09:00:00,10,11,2001,09,119.26
10.11.2001-12:00:00,10,11,2001,12,141.49
10.11.2001-15:00:00,10,11,2001,15,135.82
10.11.2001-18:00:00,10,11,2001,18,118.41
10.11.2001-21:00:00,10,11,2001,21,114.83
10.12.2001-00:00:00,10,12,2001,00,114.63
10.12.2001-03:00:00,10,12,2001,03,114.53
10.12.2001-06:00:00,10,12,2001,06,114.41
10.12.2001-09:00:00,10,12,2001,09,116.61
10.12.2001-12:00:00,10,12,2001,12,160.48
10.12.2001-15:00:00,10,12,2001,15,164.87
10.12.2001-18:00:00,10,12,2001,18,137.44
10.12.2001-21:00:00,10,12,2001,21,125.6
10.13.2001-00:00:00,10,13,2001,00,124.87
10.13.2001-03:00:00,10,13,2001,03,125.6
10.13.2001-06:00:00,10,13,2001,06,127.4
10.13.2001-09:00:00,10,13,2001,09,169.8
10.13.2001-12:00:00,10,13,2001,12,185.6
10.13.2001-15:00:00,10,13,2001,15,158.95
10.13.2001-18:00:00,10,13,2001,18,128.1
10.13.2001-21:00:00,10,13,2001,21,116.68
10.14.2001-00:00:00,10,14,2001,00,113.77
10.14.2001-03:00:00,10,14,2001,03,112.84
10.14.2001-06:00:00,10,14,2001,06,111.52
10.14.2001-09:00:00,10,14,2001,09,113.63
10.14.2001-12:00:00,10,14,2001,12,107.7
10.14.2001-15:00:00,10,14,2001,15,106.53
10.14.2001-18:00:00,10,14,2001,18,111.72
10.14.2001-21:00:00,10,14,2001,21,112.09
10.15.2001-00:00:00,10,15,2001,00,112.31
10.15.2001-03:00:00,10,15,2001,03,111.95
10.15.2001-06:00:00,10,15,2001,06,111.85
10.15.2001-09:00:00,10,15,2001,09,103.7
10.15.2001-12:00:00,10,15,2001,12,103.89
10.15.2001-15:00:00,10,15,2001,15,105.36
10.15.2001-18:00:00,10,15,2001,18,110.49
10.15.2001-21:00:00,10,15,2001,21,111.16
10.16.2001-00:00:00,10,16,2001,00,111.1
10.16.2001-03:00:00,10,16,2001,03,111.02
10.16.2001-06:00:00,10,16,2001,06,110.94
10.16.2001-09:00:00,10,16,2001,09,94.666
10.16.2001-12:00:00,10,16,2001,12,96.887
10.16.2001-15:00:00,10,16,2001,15,103.54
10.16.2001-18:00:00,10,16,2001,18,107.44
10.16.2001-21:00:00,10,16,2001,21,109.21
10.17.2001-00:00:00,10,17,2001,00,109.36
10.17.2001-03:00:00,10,17,2001,03,109.32
10.17.2001-06:00:00,10,17,2001,06,109.26
10.17.2001-09:00:00,10,17,2001,09,101.67
10.17.2001-12:00:00,10,17,2001,12,99.444
10.17.2001-15:00:00,10,17,2001,15,104.06
10.17.2001-18:00:00,10,17,2001,18,107.63
10.17.2001-21:00:00,10,17,2001,21,108.59
10.18.2001-00:00:00,10,18,2001,00,108.71
10.18.2001-03:00:00,10,18,2001,03,108.66
10.18.2001-06:00:00,10,18,2001,06,108.6
10.18.2001-09:00:00,10,18,2001,09,93.527
10.18.2001-12:00:00,10,18,2001,12,93.186
10.18.2001-15:00:00,10,18,2001,15,101.39
10.18.2001-18:00:00,10,18,2001,18,105.13
10.18.2001-21:00:00,10,18,2001,21,107.27
10.19.2001-00:00:00,10,19,2001,00,107.75
10.19.2001-03:00:00,10,19,2001,03,107.83
10.19.2001-06:00:00,10,19,2001,06,107.78
10.19.2001-09:00:00,10,19,2001,09,100.56
10.19.2001-12:00:00,10,19,2001,12,95.124
10.19.2001-15:00:00,10,19,2001,15,101.74
10.19.2001-18:00:00,10,19,2001,18,105.33
10.19.2001-21:00:00,10,19,2001,21,107.15
10.20.2001-00:00:00,10,20,2001,00,107.59
10.20.2001-03:00:00,10,20,2001,03,107.33
10.20.2001-06:00:00,10,20,2001,06,107.79
10.20.2001-09:00:00,10,20,2001,09,92.228
10.20.2001-12:00:00,10,20,2001,12,93.248
10.20.2001-15:00:00,10,20,2001,15,101.13
10.20.2001-18:00:00,10,20,2001,18,105.01
10.20.2001-21:00:00,10,20,2001,21,106.31
10.21.2001-00:00:00,10,21,2001,00,106.39
10.21.2001-03:00:00,10,21,2001,03,106.33
10.21.2001-06:00:00,10,21,2001,06,106.28
10.21.2001-09:00:00,10,21,2001,09,121.83
10.21.2001-12:00:00,10,21,2001,12,112.51
10.21.2001-15:00:00,10,21,2001,15,105.91
10.21.2001-18:00:00,10,21,2001,18,106.05
10.21.2001-21:00:00,10,21,2001,21,106.05
10.22.2001-00:00:00,10,22,2001,00,109.03
10.22.2001-03:00:00,10,22,2001,03,107.13
10.22.2001-06:00:00,10,22,2001,06,105.93
10.22.2001-09:00:00,10,22,2001,09,108.59
10.22.2001-12:00:00,10,22,2001,12,123.4
10.22.2001-15:00:00,10,22,2001,15,114.99
10.22.2001-18:00:00,10,22,2001,18,106.55
10.22.2001-21:00:00,10,22,2001,21,106.21
10.23.2001-00:00:00,10,23,2001,00,106.13
10.23.2001-03:00:00,10,23,2001,03,106.05
10.23.2001-06:00:00,10,23,2001,06,105.96
10.23.2001-09:00:00,10,23,2001,09,110.8
10.23.2001-12:00:00,10,23,2001,12,161.29
10.23.2001-15:00:00,10,23,2001,15,140.08
10.23.2001-18:00:00,10,23,2001,18,108.02
10.23.2001-21:00:00,10,23,2001,21,105.98
10.24.2001-00:00:00,10,24,2001,00,105.85
10.24.2001-03:00:00,10,24,2001,03,105.75
10.24.2001-06:00:00,10,24,2001,06,105.65
10.24.2001-09:00:00,10,24,2001,09,102.06
10.24.2001-12:00:00,10,24,2001,12,100.53
10.24.2001-15:00:00,10,24,2001,15,103.15
10.24.2001-18:00:00,10,24,2001,18,104.54
10.24.2001-21:00:00,10,24,2001,21,104.62
10.25.2001-00:00:00,10,25,2001,00,104.79
10.25.2001-03:00:00,10,25,2001,03,104.89
10.25.2001-06:00:00,10,25,2001,06,104.81
10.25.2001-09:00:00,10,25,2001,09,104.27
10.25.2001-12:00:00,10,25,2001,12,104.46
10.25.2001-15:00:00,10,25,2001,15,106.43
10.25.2001-18:00:00,10,25,2001,18,105.19
10.25.2001-21:00:00,10,25,2001,21,105.32
10.26.2001-00:00:00,10,26,2001,00,104.32
10.26.2001-03:00:00,10,26,2001,03,104.2
10.26.2001-06:00:00,10,26,2001,06,104.07
10.26.2001-09:00:00,10,26,2001,09,103.61
10.26.2001-12:00:00,10,26,2001,12,104.2
10.26.2001-15:00:00,10,26,2001,15,107.42
10.26.2001-18:00:00,10,26,2001,18,103.81
10.26.2001-21:00:00,10,26,2001,21,103.68
10.27.2001-00:00:00,10,27,2001,00,103.59
10.27.2001-03:00:00,10,27,2001,03,103.51
10.27.2001-06:00:00,10,27,2001,06,103.42
10.27.2001-09:00:00,10,27,2001,09,97.748
10.27.2001-12:00:00,10,27,2001,12,97.719
10.27.2001-15:00:00,10,27,2001,15,100.94
10.27.2001-18:00:00,10,27,2001,18,101.8
10.27.2001-21:00:00,10,27,2001,21,102.53
10.28.2001-00:00:00,10,28,2001,00,102.48
10.28.2001-03:00:00,10,28,2001,03,102.41
10.28.2001-06:00:00,10,28,2001,06,102.33
10.28.2001-09:00:00,10,28,2001,09,98.841
10.28.2001-12:00:00,10,28,2001,12,98.111
10.28.2001-15:00:00,10,28,2001,15,100.64
10.28.2001-18:00:00,10,28,2001,18,101.78
10.28.2001-21:00:00,10,28,2001,21,101.86
10.29.2001-00:00:00,10,29,2001,00,101.79
10.29.2001-03:00:00,10,29,2001,03,101.71
10.29.2001-06:00:00,10,29,2001,06,101.63
10.29.2001-09:00:00,10,29,2001,09,100.34
10.29.2001-12:00:00,10,29,2001,12,99.172
10.29.2001-15:00:00,10,29,2001,15,100.46
10.29.2001-18:00:00,10,29,2001,18,101.26
10.29.2001-21:00:00,10,29,2001,21,101.21
10.30.2001-00:00:00,10,30,2001,00,101.13
10.30.2001-03:00:00,10,30,2001,03,101.05
10.30.2001-06:00:00,10,30,2001,06,100.98
10.30.2001-09:00:00,10,30,2001,09,100.9
10.30.2001-12:00:00,10,30,2001,12,100.81
10.30.2001-15:00:00,10,30,2001,15,100.92
10.30.2001-18:00:00,10,30,2001,18,100.87
10.30.2001-21:00:00,10,30,2001,21,100.78
10.31.2001-00:00:00,10,31,2001,00,100.69
10.31.2001-03:00:00,10,31,2001,03,100.6
10.31.2001-06:00:00,10,31,2001,06,100.52
10.31.2001-09:00:00,10,31,2001,09,99.795
10.31.2001-12:00:00,10,31,2001,12,126.44
10.31.2001-15:00:00,10,31,2001,15,123.52
10.31.2001-18:00:00,10,31,2001,18,109.34
10.31.2001-21:00:00,10,31,2001,21,100.45
11.01.2001-00:00:00,11,01,2001,00,100.1
11.01.2001-03:00:00,11,01,2001,03,100.01
11.01.2001-06:00:00,11,01,2001,06,99.92
11.01.2001-09:00:00,11,01,2001,09,96.665
11.01.2001-12:00:00,11,01,2001,12,95.95
11.01.2001-15:00:00,11,01,2001,15,98.423
11.01.2001-18:00:00,11,01,2001,18,98.954
11.01.2001-21:00:00,11,01,2001,21,99.292
11.02.2001-00:00:00,11,02,2001,00,99.224
11.02.2001-03:00:00,11,02,2001,03,99.143
11.02.2001-06:00:00,11,02,2001,06,99.062
11.02.2001-09:00:00,11,02,2001,09,93.394
11.02.2001-12:00:00,11,02,2001,12,93.633
11.02.2001-15:00:00,11,02,2001,15,97.636
11.02.2001-18:00:00,11,02,2001,18,98.225
11.02.2001-21:00:00,11,02,2001,21,98.201
11.03.2001-00:00:00,11,03,2001,00,98.136
11.03.2001-03:00:00,11,03,2001,03,98.364
11.03.2001-06:00:00,11,03,2001,06,98.317
11.03.2001-09:00:00,11,03,2001,09,93.712
11.03.2001-12:00:00,11,03,2001,12,93.559
11.03.2001-15:00:00,11,03,2001,15,97.013
11.03.2001-18:00:00,11,03,2001,18,97.581
11.03.2001-21:00:00,11,03,2001,21,97.562
11.04.2001-00:00:00,11,04,2001,00,97.497
11.04.2001-03:00:00,11,04,2001,03,97.464
11.04.2001-06:00:00,11,04,2001,06,97.585
11.04.2001-09:00:00,11,04,2001,09,92.292
11.04.2001-12:00:00,11,04,2001,12,92.481
11.04.2001-15:00:00,11,04,2001,15,96.282
11.04.2001-18:00:00,11,04,2001,18,96.918
11.04.2001-21:00:00,11,04,2001,21,96.91
11.05.2001-00:00:00,11,05,2001,00,96.844
11.05.2001-03:00:00,11,05,2001,03,96.778
11.05.2001-06:00:00,11,05,2001,06,96.711
11.05.2001-09:00:00,11,05,2001,09,92.408
11.05.2001-12:00:00,11,05,2001,12,92.759
11.05.2001-15:00:00,11,05,2001,15,95.878
11.05.2001-18:00:00,11,05,2001,18,96.324
11.05.2001-21:00:00,11,05,2001,21,96.283
11.06.2001-00:00:00,11,06,2001,00,96.217
11.06.2001-03:00:00,11,06,2001,03,96.151
11.06.2001-06:00:00,11,06,2001,06,96.082
11.06.2001-09:00:00,11,06,2001,09,95.391
11.06.2001-12:00:00,11,06,2001,12,93.774
11.06.2001-15:00:00,11,06,2001,15,95.526
11.06.2001-18:00:00,11,06,2001,18,95.78
11.06.2001-21:00:00,11,06,2001,21,95.721
11.07.2001-00:00:00,11,07,2001,00,95.652
11.07.2001-03:00:00,11,07,2001,03,95.584
11.07.2001-06:00:00,11,07,2001,06,95.515
11.07.2001-09:00:00,11,07,2001,09,95.445
11.07.2001-12:00:00,11,07,2001,12,95.069
11.07.2001-15:00:00,11,07,2001,15,95.297
11.07.2001-18:00:00,11,07,2001,18,95.237
11.07.2001-21:00:00,11,07,2001,21,95.168
11.08.2001-00:00:00,11,08,2001,00,95.098
11.08.2001-03:00:00,11,08,2001,03,95.028
11.08.2001-06:00:00,11,08,2001,06,94.958
11.08.2001-09:00:00,11,08,2001,09,94.321
11.08.2001-12:00:00,11,08,2001,12,92.901
11.08.2001-15:00:00,11,08,2001,15,93.72
11.08.2001-18:00:00,11,08,2001,18,94.619
11.08.2001-21:00:00,11,08,2001,21,93.887
11.09.2001-00:00:00,11,09,2001,00,94.492
11.09.2001-03:00:00,11,09,2001,03,93.76
11.09.2001-06:00:00,11,09,2001,06,93.677
11.09.2001-09:00:00,11,09,2001,09,93.643
11.09.2001-12:00:00,11,09,2001,12,91.166
11.09.2001-15:00:00,11,09,2001,15,93.051
11.09.2001-18:00:00,11,09,2001,18,93.374
11.09.2001-21:00:00,11,09,2001,21,93.988
11.10.2001-00:00:00,11,10,2001,00,93.274
11.10.2001-03:00:00,11,10,2001,03,93.19
11.10.2001-06:00:00,11,10,2001,06,93.127
11.10.2001-09:00:00,11,10,2001,09,93.063
11.10.2001-12:00:00,11,10,2001,12,91.022
11.10.2001-15:00:00,11,10,2001,15,92.597
11.10.2001-18:00:00,11,10,2001,18,92.845
11.10.2001-21:00:00,11,10,2001,21,92.788
11.11.2001-00:00:00,11,11,2001,00,92.724
11.11.2001-03:00:00,11,11,2001,03,92.659
11.11.2001-06:00:00,11,11,2001,06,92.594
11.11.2001-09:00:00,11,11,2001,09,91.02
11.11.2001-12:00:00,11,11,2001,12,90.057
11.11.2001-15:00:00,11,11,2001,15,91.947
11.11.2001-18:00:00,11,11,2001,18,92.267
11.11.2001-21:00:00,11,11,2001,21,92.211
11.12.2001-00:00:00,11,12,2001,00,92.144
11.12.2001-03:00:00,11,12,2001,03,92.079
11.12.2001-06:00:00,11,12,2001,06,92.012
11.12.2001-09:00:00,11,12,2001,09,91.947
11.12.2001-12:00:00,11,12,2001,12,91.113
11.12.2001-15:00:00,11,12,2001,15,91.651
11.12.2001-18:00:00,11,12,2001,18,91.732
11.12.2001-21:00:00,11,12,2001,21,91.668
11.13.2001-00:00:00,11,13,2001,00,91.601
11.13.2001-03:00:00,11,13,2001,03,91.533
11.13.2001-06:00:00,11,13,2001,06,91.466
11.13.2001-09:00:00,11,13,2001,09,91.262
11.13.2001-12:00:00,11,13,2001,12,91.141
11.13.2001-15:00:00,11,13,2001,15,91.186
11.13.2001-18:00:00,11,13,2001,18,91.18
11.13.2001-21:00:00,11,13,2001,21,91.119
11.14.2001-00:00:00,11,14,2001,00,91.05
11.14.2001-03:00:00,11,14,2001,03,103.34
11.14.2001-06:00:00,11,14,2001,06,104.29
11.14.2001-09:00:00,11,14,2001,09,146.05
11.14.2001-12:00:00,11,14,2001,12,253.36
11.14.2001-15:00:00,11,14,2001,15,254.52
11.14.2001-18:00:00,11,14,2001,18,238.92
11.14.2001-21:00:00,11,14,2001,21,224.41
11.15.2001-00:00:00,11,15,2001,00,130.71
11.15.2001-03:00:00,11,15,2001,03,95.441
11.15.2001-06:00:00,11,15,2001,06,93.676
11.15.2001-09:00:00,11,15,2001,09,92.136
11.15.2001-12:00:00,11,15,2001,12,94.245
11.15.2001-15:00:00,11,15,2001,15,99.844
11.15.2001-18:00:00,11,15,2001,18,98.561
11.15.2001-21:00:00,11,15,2001,21,93.841
11.16.2001-00:00:00,11,16,2001,00,93.584
11.16.2001-03:00:00,11,16,2001,03,93.472
11.16.2001-06:00:00,11,16,2001,06,93.362
11.16.2001-09:00:00,11,16,2001,09,91.09
11.16.2001-12:00:00,11,16,2001,12,90.925
11.16.2001-15:00:00,11,16,2001,15,92.596
11.16.2001-18:00:00,11,16,2001,18,92.848
11.16.2001-21:00:00,11,16,2001,21,92.763
11.17.2001-00:00:00,11,17,2001,00,92.656
11.17.2001-03:00:00,11,17,2001,03,92.549
11.17.2001-06:00:00,11,17,2001,06,92.443
11.17.2001-09:00:00,11,17,2001,09,88.781
11.17.2001-12:00:00,11,17,2001,12,88.914
11.17.2001-15:00:00,11,17,2001,15,91.599
11.17.2001-18:00:00,11,17,2001,18,91.936
11.17.2001-21:00:00,11,17,2001,21,91.843
11.18.2001-00:00:00,11,18,2001,00,91.74
11.18.2001-03:00:00,11,18,2001,03,91.637
11.18.2001-06:00:00,11,18,2001,06,91.536
11.18.2001-09:00:00,11,18,2001,09,91.433
11.18.2001-12:00:00,11,18,2001,12,91.331
11.18.2001-15:00:00,11,18,2001,15,91.23
11.18.2001-18:00:00,11,18,2001,18,91.129
11.18.2001-21:00:00,11,18,2001,21,91.029
11.19.2001-00:00:00,11,19,2001,00,90.928
11.19.2001-03:00:00,11,19,2001,03,90.828
11.19.2001-06:00:00,11,19,2001,06,90.728
11.19.2001-09:00:00,11,19,2001,09,90.629
11.19.2001-12:00:00,11,19,2001,12,90.53
11.19.2001-15:00:00,11,19,2001,15,90.43
11.19.2001-18:00:00,11,19,2001,18,90.333
11.19.2001-21:00:00,11,19,2001,21,90.234
11.20.2001-00:00:00,11,20,2001,00,90.136
11.20.2001-03:00:00,11,20,2001,03,90.039
11.20.2001-06:00:00,11,20,2001,06,89.23
11.20.2001-09:00:00,11,20,2001,09,89.828
11.20.2001-12:00:00,11,20,2001,12,88.993
11.20.2001-15:00:00,11,20,2001,15,88.946
11.20.2001-18:00:00,11,20,2001,18,88.864
11.20.2001-21:00:00,11,20,2001,21,88.779
11.21.2001-00:00:00,11,21,2001,00,88.693
11.21.2001-03:00:00,11,21,2001,03,88.609
11.21.2001-06:00:00,11,21,2001,06,88.523
11.21.2001-09:00:00,11,21,2001,09,88.276
11.21.2001-12:00:00,11,21,2001,12,88.086
11.21.2001-15:00:00,11,21,2001,15,88.211
11.21.2001-18:00:00,11,21,2001,18,88.172
11.21.2001-21:00:00,11,21,2001,21,88.089
11.22.2001-00:00:00,11,22,2001,00,88.002
11.22.2001-03:00:00,11,22,2001,03,87.917
11.22.2001-06:00:00,11,22,2001,06,87.832
11.22.2001-09:00:00,11,22,2001,09,87.746
11.22.2001-12:00:00,11,22,2001,12,87.642
11.22.2001-15:00:00,11,22,2001,15,87.575
11.22.2001-18:00:00,11,22,2001,18,87.49
11.22.2001-21:00:00,11,22,2001,21,87.405
11.23.2001-00:00:00,11,23,2001,00,87.32
11.23.2001-03:00:00,11,23,2001,03,87.235
11.23.2001-06:00:00,11,23,2001,06,87.15
11.23.2001-09:00:00,11,23,2001,09,86.881
11.23.2001-12:00:00,11,23,2001,12,85.927
11.23.2001-15:00:00,11,23,2001,15,86.71
11.23.2001-18:00:00,11,23,2001,18,86.795
11.23.2001-21:00:00,11,23,2001,21,86.715
11.24.2001-00:00:00,11,24,2001,00,86.632
11.24.2001-03:00:00,11,24,2001,03,86.548
11.24.2001-06:00:00,11,24,2001,06,86.464
11.24.2001-09:00:00,11,24,2001,09,86.38
11.24.2001-12:00:00,11,24,2001,12,86.296
11.24.2001-15:00:00,11,24,2001,15,86.213
11.24.2001-18:00:00,11,24,2001,18,86.129
11.24.2001-21:00:00,11,24,2001,21,86.046
11.25.2001-00:00:00,11,25,2001,00,85.962
11.25.2001-03:00:00,11,25,2001,03,85.879
11.25.2001-06:00:00,11,25,2001,06,85.209
11.25.2001-09:00:00,11,25,2001,09,85.698
11.25.2001-12:00:00,11,25,2001,12,85.055
11.25.2001-15:00:00,11,25,2001,15,85.538
11.25.2001-18:00:00,11,25,2001,18,84.9
11.25.2001-21:00:00,11,25,2001,21,84.807
11.26.2001-00:00:00,11,26,2001,00,85.299
11.26.2001-03:00:00,11,26,2001,03,84.67
11.26.2001-06:00:00,11,26,2001,06,84.576
11.26.2001-09:00:00,11,26,2001,09,84.501
11.26.2001-12:00:00,11,26,2001,12,84.425
11.26.2001-15:00:00,11,26,2001,15,84.35
11.26.2001-18:00:00,11,26,2001,18,84.274
11.26.2001-21:00:00,11,26,2001,21,84.199
11.27.2001-00:00:00,11,27,2001,00,84.122
11.27.2001-03:00:00,11,27,2001,03,84.047
11.27.2001-06:00:00,11,27,2001,06,83.971
11.27.2001-09:00:00,11,27,2001,09,83.895
11.27.2001-12:00:00,11,27,2001,12,83.819
11.27.2001-15:00:00,11,27,2001,15,83.743
11.27.2001-18:00:00,11,27,2001,18,83.668
11.27.2001-21:00:00,11,27,2001,21,83.592
11.28.2001-00:00:00,11,28,2001,00,83.517
11.28.2001-03:00:00,11,28,2001,03,83.44
11.28.2001-06:00:00,11,28,2001,06,83.364
11.28.2001-09:00:00,11,28,2001,09,83.289
11.28.2001-12:00:00,11,28,2001,12,83.213
11.28.2001-15:00:00,11,28,2001,15,83.137
11.28.2001-18:00:00,11,28,2001,18,83.061
11.28.2001-21:00:00,11,28,2001,21,82.986
11.29.2001-00:00:00,11,29,2001,00,82.91
11.29.2001-03:00:00,11,29,2001,03,82.835
11.29.2001-06:00:00,11,29,2001,06,82.759
11.29.2001-09:00:00,11,29,2001,09,82.683
11.29.2001-12:00:00,11,29,2001,12,82.608
11.29.2001-15:00:00,11,29,2001,15,82.532
11.29.2001-18:00:00,11,29,2001,18,82.456
11.29.2001-21:00:00,11,29,2001,21,82.381
11.30.2001-00:00:00,11,30,2001,00,82.305
11.30.2001-03:00:00,11,30,2001,03,82.23
11.30.2001-06:00:00,11,30,2001,06,82.154
11.30.2001-09:00:00,11,30,2001,09,82.079
11.30.2001-12:00:00,11,30,2001,12,82.004
11.30.2001-15:00:00,11,30,2001,15,81.928
11.30.2001-18:00:00,11,30,2001,18,81.853
11.30.2001-21:00:00,11,30,2001,21,81.778
12.01.2001-00:00:00,12,01,2001,00,81.703
12.01.2001-03:00:00,12,01,2001,03,81.627
12.01.2001-06:00:00,12,01,2001,06,81.552
12.01.2001-09:00:00,12,01,2001,09,81.477
12.01.2001-12:00:00,12,01,2001,12,81.402
12.01.2001-15:00:00,12,01,2001,15,81.327
12.01.2001-18:00:00,12,01,2001,18,81.252
12.01.2001-21:00:00,12,01,2001,21,81.177
12.02.2001-00:00:00,12,02,2001,00,81.102
12.02.2001-03:00:00,12,02,2001,03,81.027
12.02.2001-06:00:00,12,02,2001,06,80.952
12.02.2001-09:00:00,12,02,2001,09,80.877
12.02.2001-12:00:00,12,02,2001,12,80.802
12.02.2001-15:00:00,12,02,2001,15,80.728
12.02.2001-18:00:00,12,02,2001,18,80.653
12.02.2001-21:00:00,12,02,2001,21,80.578
12.03.2001-00:00:00,12,03,2001,00,80.504
12.03.2001-03:00:00,12,03,2001,03,80.429
12.03.2001-06:00:00,12,03,2001,06,80.355
12.03.2001-09:00:00,12,03,2001,09,80.281
12.03.2001-12:00:00,12,03,2001,12,80.205
12.03.2001-15:00:00,12,03,2001,15,80.131
12.03.2001-18:00:00,12,03,2001,18,80.057
12.03.2001-21:00:00,12,03,2001,21,79.981
12.04.2001-00:00:00,12,04,2001,00,79.907
12.04.2001-03:00:00,12,04,2001,03,79.833
12.04.2001-06:00:00,12,04,2001,06,79.759
12.04.2001-09:00:00,12,04,2001,09,79.685
12.04.2001-12:00:00,12,04,2001,12,79.61
12.04.2001-15:00:00,12,04,2001,15,79.536
12.04.2001-18:00:00,12,04,2001,18,79.462
12.04.2001-21:00:00,12,04,2001,21,79.388
12.05.2001-00:00:00,12,05,2001,00,79.314
12.05.2001-03:00:00,12,05,2001,03,79.24
12.05.2001-06:00:00,12,05,2001,06,79.166
12.05.2001-09:00:00,12,05,2001,09,79.093
12.05.2001-12:00:00,12,05,2001,12,79.018
12.05.2001-15:00:00,12,05,2001,15,78.944
12.05.2001-18:00:00,12,05,2001,18,78.87
12.05.2001-21:00:00,12,05,2001,21,78.797
12.06.2001-00:00:00,12,06,2001,00,78.723
12.06.2001-03:00:00,12,06,2001,03,78.649
12.06.2001-06:00:00,12,06,2001,06,78.575
12.06.2001-09:00:00,12,06,2001,09,78.502
12.06.2001-12:00:00,12,06,2001,12,78.429
12.06.2001-15:00:00,12,06,2001,15,78.355
12.06.2001-18:00:00,12,06,2001,18,78.281
12.06.2001-21:00:00,12,06,2001,21,78.208
12.07.2001-00:00:00,12,07,2001,00,78.134
12.07.2001-03:00:00,12,07,2001,03,78.062
12.07.2001-06:00:00,12,07,2001,06,77.988
12.07.2001-09:00:00,12,07,2001,09,77.915
12.07.2001-12:00:00,12,07,2001,12,77.842
12.07.2001-15:00:00,12,07,2001,15,77.769
12.07.2001-18:00:00,12,07,2001,18,77.696
12.07.2001-21:00:00,12,07,2001,21,77.623
12.08.2001-00:00:00,12,08,2001,00,77.55
12.08.2001-03:00:00,12,08,2001,03,77.477
12.08.2001-06:00:00,12,08,2001,06,77.404
12.08.2001-09:00:00,12,08,2001,09,77.331
12.08.2001-12:00:00,12,08,2001,12,77.259
12.08.2001-15:00:00,12,08,2001,15,77.186
12.08.2001-18:00:00,12,08,2001,18,77.114
12.08.2001-21:00:00,12,08,2001,21,77.04
12.09.2001-00:00:00,12,09,2001,00,76.968
12.09.2001-03:00:00,12,09,2001,03,76.895
12.09.2001-06:00:00,12,09,2001,06,76.823
12.09.2001-09:00:00,12,09,2001,09,76.75
12.09.2001-12:00:00,12,09,2001,12,76.678
12.09.2001-15:00:00,12,09,2001,15,76.605
12.09.2001-18:00:00,12,09,2001,18,76.533
12.09.2001-21:00:00,12,09,2001,21,76.461
12.10.2001-00:00:00,12,10,2001,00,76.389
12.10.2001-03:00:00,12,10,2001,03,76.316
12.10.2001-06:00:00,12,10,2001,06,76.244
12.10.2001-09:00:00,12,10,2001,09,76.172
12.10.2001-12:00:00,12,10,2001,12,76.1
12.10.2001-15:00:00,12,10,2001,15,76.028
12.10.2001-18:00:00,12,10,2001,18,74.706
12.10.2001-21:00:00,12,10,2001,21,75.874
12.11.2001-00:00:00,12,11,2001,00,74.601
12.11.2001-03:00:00,12,11,2001,03,75.765
12.11.2001-06:00:00,12,11,2001,06,74.497
12.11.2001-09:00:00,12,11,2001,09,75.655
12.11.2001-12:00:00,12,11,2001,12,74.394
12.11.2001-15:00:00,12,11,2001,15,75.545
12.11.2001-18:00:00,12,11,2001,18,74.288
12.11.2001-21:00:00,12,11,2001,21,75.434
12.12.2001-00:00:00,12,12,2001,00,74.183
12.12.2001-03:00:00,12,12,2001,03,75.323
12.12.2001-06:00:00,12,12,2001,06,74.078
12.12.2001-09:00:00,12,12,2001,09,75.211
12.12.2001-12:00:00,12,12,2001,12,73.973
12.12.2001-15:00:00,12,12,2001,15,75.099
12.12.2001-18:00:00,12,12,2001,18,73.867
12.12.2001-21:00:00,12,12,2001,21,74.986
12.13.2001-00:00:00,12,13,2001,00,73.761
12.13.2001-03:00:00,12,13,2001,03,73.673
12.13.2001-06:00:00,12,13,2001,06,74.821
12.13.2001-09:00:00,12,13,2001,09,73.601
12.13.2001-12:00:00,12,13,2001,12,73.513
12.13.2001-15:00:00,12,13,2001,15,74.654
12.13.2001-18:00:00,12,13,2001,18,73.441
12.13.2001-21:00:00,12,13,2001,21,73.353
12.14.2001-00:00:00,12,14,2001,00,74.488
12.14.2001-03:00:00,12,14,2001,03,73.281
12.14.2001-06:00:00,12,14,2001,06,73.192
12.14.2001-09:00:00,12,14,2001,09,74.32
12.14.2001-12:00:00,12,14,2001,12,73.12
12.14.2001-15:00:00,12,14,2001,15,73.031
12.14.2001-18:00:00,12,14,2001,18,72.981
12.14.2001-21:00:00,12,14,2001,21,74.097
12.15.2001-00:00:00,12,15,2001,00,72.906
12.15.2001-03:00:00,12,15,2001,03,72.816
12.15.2001-06:00:00,12,15,2001,06,72.765
12.15.2001-09:00:00,12,15,2001,09,72.712
12.15.2001-12:00:00,12,15,2001,12,73.819
12.15.2001-15:00:00,12,15,2001,15,72.636
12.15.2001-18:00:00,12,15,2001,18,72.546
12.15.2001-21:00:00,12,15,2001,21,72.493
12.16.2001-00:00:00,12,16,2001,00,72.441
12.16.2001-03:00:00,12,16,2001,03,72.388
12.16.2001-06:00:00,12,16,2001,06,73.484
12.16.2001-09:00:00,12,16,2001,09,72.311
12.16.2001-12:00:00,12,16,2001,12,72.221
12.16.2001-15:00:00,12,16,2001,15,72.168
12.16.2001-18:00:00,12,16,2001,18,72.114
12.16.2001-21:00:00,12,16,2001,21,72.061
12.17.2001-00:00:00,12,17,2001,00,72.007
12.17.2001-03:00:00,12,17,2001,03,71.953
12.17.2001-06:00:00,12,17,2001,06,71.899
12.17.2001-09:00:00,12,17,2001,09,71.846
12.17.2001-12:00:00,12,17,2001,12,71.791
12.17.2001-15:00:00,12,17,2001,15,71.737
12.17.2001-18:00:00,12,17,2001,18,71.683
12.17.2001-21:00:00,12,17,2001,21,71.629
12.18.2001-00:00:00,12,18,2001,00,71.574
12.18.2001-03:00:00,12,18,2001,03,71.519
12.18.2001-06:00:00,12,18,2001,06,71.465
12.18.2001-09:00:00,12,18,2001,09,71.41
12.18.2001-12:00:00,12,18,2001,12,71.355
12.18.2001-15:00:00,12,18,2001,15,71.3
12.18.2001-18:00:00,12,18,2001,18,71.245
12.18.2001-21:00:00,12,18,2001,21,71.19
12.19.2001-00:00:00,12,19,2001,00,71.135
12.19.2001-03:00:00,12,19,2001,03,71.079
12.19.2001-06:00:00,12,19,2001,06,71.024
12.19.2001-09:00:00,12,19,2001,09,70.968
12.19.2001-12:00:00,12,19,2001,12,70.913
12.19.2001-15:00:00,12,19,2001,15,70.858
12.19.2001-18:00:00,12,19,2001,18,70.801
12.19.2001-21:00:00,12,19,2001,21,70.746
12.20.2001-00:00:00,12,20,2001,00,70.69
12.20.2001-03:00:00,12,20,2001,03,70.634
12.20.2001-06:00:00,12,20,2001,06,70.578
12.20.2001-09:00:00,12,20,2001,09,70.522
12.20.2001-12:00:00,12,20,2001,12,70.466
12.20.2001-15:00:00,12,20,2001,15,70.41
12.20.2001-18:00:00,12,20,2001,18,70.353
12.20.2001-21:00:00,12,20,2001,21,70.297
12.21.2001-00:00:00,12,21,2001,00,70.241
12.21.2001-03:00:00,12,21,2001,03,70.185
12.21.2001-06:00:00,12,21,2001,06,70.128
12.21.2001-09:00:00,12,21,2001,09,70.071
12.21.2001-12:00:00,12,21,2001,12,70.015
12.21.2001-15:00:00,12,21,2001,15,69.958
12.21.2001-18:00:00,12,21,2001,18,69.901
12.21.2001-21:00:00,12,21,2001,21,69.845
12.22.2001-00:00:00,12,22,2001,00,69.788
12.22.2001-03:00:00,12,22,2001,03,69.731
12.22.2001-06:00:00,12,22,2001,06,69.674
12.22.2001-09:00:00,12,22,2001,09,69.617
12.22.2001-12:00:00,12,22,2001,12,69.56
12.22.2001-15:00:00,12,22,2001,15,69.503
12.22.2001-18:00:00,12,22,2001,18,69.446
12.22.2001-21:00:00,12,22,2001,21,69.389
12.23.2001-00:00:00,12,23,2001,00,69.332
12.23.2001-03:00:00,12,23,2001,03,69.275
12.23.2001-06:00:00,12,23,2001,06,69.218
12.23.2001-09:00:00,12,23,2001,09,69.16
12.23.2001-12:00:00,12,23,2001,12,68.709
12.23.2001-15:00:00,12,23,2001,15,68.951
12.23.2001-18:00:00,12,23,2001,18,68.604
12.23.2001-21:00:00,12,23,2001,21,68.847
12.24.2001-00:00:00,12,24,2001,00,68.5
12.24.2001-03:00:00,12,24,2001,03,68.743
12.24.2001-06:00:00,12,24,2001,06,68.397
12.24.2001-09:00:00,12,24,2001,09,68.638
12.24.2001-12:00:00,12,24,2001,12,68.294
12.24.2001-15:00:00,12,24,2001,15,68.533
12.24.2001-18:00:00,12,24,2001,18,68.19
12.24.2001-21:00:00,12,24,2001,21,68.428
12.25.2001-00:00:00,12,25,2001,00,68.086
12.25.2001-03:00:00,12,25,2001,03,68.323
12.25.2001-06:00:00,12,25,2001,06,67.983
12.25.2001-09:00:00,12,25,2001,09,68.218
12.25.2001-12:00:00,12,25,2001,12,67.879
12.25.2001-15:00:00,12,25,2001,15,67.385
12.25.2001-18:00:00,12,25,2001,18,67.76
12.25.2001-21:00:00,12,25,2001,21,66.996
12.26.2001-00:00:00,12,26,2001,00,67.943
12.26.2001-03:00:00,12,26,2001,03,66.917
12.26.2001-06:00:00,12,26,2001,06,67.549
12.26.2001-09:00:00,12,26,2001,09,67.106
12.26.2001-12:00:00,12,26,2001,12,66.76
12.26.2001-15:00:00,12,26,2001,15,67.403
12.26.2001-18:00:00,12,26,2001,18,66.967
12.26.2001-21:00:00,12,26,2001,21,66.622
12.27.2001-00:00:00,12,27,2001,00,66.566
12.27.2001-03:00:00,12,27,2001,03,67.501
12.27.2001-06:00:00,12,27,2001,06,66.505
12.27.2001-09:00:00,12,27,2001,09,66.427
12.27.2001-12:00:00,12,27,2001,12,66.38
12.27.2001-15:00:00,12,27,2001,15,66.624
12.27.2001-18:00:00,12,27,2001,18,66.304
12.27.2001-21:00:00,12,27,2001,21,66.247
12.28.2001-00:00:00,12,28,2001,00,66.2
12.28.2001-03:00:00,12,28,2001,03,66.152
12.28.2001-06:00:00,12,28,2001,06,66.393
12.28.2001-09:00:00,12,28,2001,09,66.074
12.28.2001-12:00:00,12,28,2001,12,66.017
12.28.2001-15:00:00,12,28,2001,15,65.969
12.28.2001-18:00:00,12,28,2001,18,65.921
12.28.2001-21:00:00,12,28,2001,21,65.873
12.29.2001-00:00:00,12,29,2001,00,65.824
12.29.2001-03:00:00,12,29,2001,03,66.061
12.29.2001-06:00:00,12,29,2001,06,65.746
12.29.2001-09:00:00,12,29,2001,09,65.688
12.29.2001-12:00:00,12,29,2001,12,65.64
12.29.2001-15:00:00,12,29,2001,15,65.591
12.29.2001-18:00:00,12,29,2001,18,65.542
12.29.2001-21:00:00,12,29,2001,21,65.494
12.30.2001-00:00:00,12,30,2001,00,65.445
12.30.2001-03:00:00,12,30,2001,03,65.396
12.30.2001-06:00:00,12,30,2001,06,65.348
12.30.2001-09:00:00,12,30,2001,09,65.299
12.30.2001-12:00:00,12,30,2001,12,65.25
12.30.2001-15:00:00,12,30,2001,15,65.201
12.30.2001-18:00:00,12,30,2001,18,65.153
12.30.2001-21:00:00,12,30,2001,21,65.104
12.31.2001-00:00:00,12,31,2001,00,65.056
12.31.2001-03:00:00,12,31,2001,03,65.006
12.31.2001-06:00:00,12,31,2001,06,64.958
12.31.2001-09:00:00,12,31,2001,09,64.909
12.31.2001-12:00:00,12,31,2001,12,64.86
12.31.2001-15:00:00,12,31,2001,15,64.811
12.31.2001-18:00:00,12,31,2001,18,64.762
12.31.2001-21:00:00,12,31,2001,21,64.713
01.01.2002-00:00:00,01,01,2002,00,64.664
01.01.2002-03:00:00,01,01,2002,03,64.615
01.01.2002-06:00:00,01,01,2002,06,64.566
01.01.2002-09:00:00,01,01,2002,09,64.517
01.01.2002-12:00:00,01,01,2002,12,64.468
01.01.2002-15:00:00,01,01,2002,15,64.419
01.01.2002-18:00:00,01,01,2002,18,64.37
01.01.2002-21:00:00,01,01,2002,21,64.321
01.02.2002-00:00:00,01,02,2002,00,64.272
01.02.2002-03:00:00,01,02,2002,03,64.223
01.02.2002-06:00:00,01,02,2002,06,64.174
01.02.2002-09:00:00,01,02,2002,09,64.125
01.02.2002-12:00:00,01,02,2002,12,64.076
01.02.2002-15:00:00,01,02,2002,15,64.027
01.02.2002-18:00:00,01,02,2002,18,63.978
01.02.2002-21:00:00,01,02,2002,21,63.928
01.03.2002-00:00:00,01,03,2002,00,63.879
01.03.2002-03:00:00,01,03,2002,03,63.83
01.03.2002-06:00:00,01,03,2002,06,63.781
01.03.2002-09:00:00,01,03,2002,09,63.732
01.03.2002-12:00:00,01,03,2002,12,63.682
01.03.2002-15:00:00,01,03,2002,15,63.633
01.03.2002-18:00:00,01,03,2002,18,63.584
01.03.2002-21:00:00,01,03,2002,21,63.534
01.04.2002-00:00:00,01,04,2002,00,63.485
01.04.2002-03:00:00,01,04,2002,03,63.436
01.04.2002-06:00:00,01,04,2002,06,63.387
01.04.2002-09:00:00,01,04,2002,09,63.337
01.04.2002-12:00:00,01,04,2002,12,63.288
01.04.2002-15:00:00,01,04,2002,15,63.238
01.04.2002-18:00:00,01,04,2002,18,63.189
01.04.2002-21:00:00,01,04,2002,21,63.139
01.05.2002-00:00:00,01,05,2002,00,63.09
01.05.2002-03:00:00,01,05,2002,03,63.04
01.05.2002-06:00:00,01,05,2002,06,62.991
01.05.2002-09:00:00,01,05,2002,09,62.941
01.05.2002-12:00:00,01,05,2002,12,62.892
01.05.2002-15:00:00,01,05,2002,15,62.842
01.05.2002-18:00:00,01,05,2002,18,62.793
01.05.2002-21:00:00,01,05,2002,21,62.744
01.06.2002-00:00:00,01,06,2002,00,62.694
01.06.2002-03:00:00,01,06,2002,03,62.645
01.06.2002-06:00:00,01,06,2002,06,62.595
01.06.2002-09:00:00,01,06,2002,09,62.545
01.06.2002-12:00:00,01,06,2002,12,62.495
01.06.2002-15:00:00,01,06,2002,15,62.446
01.06.2002-18:00:00,01,06,2002,18,62.397
01.06.2002-21:00:00,01,06,2002,21,62.347
01.07.2002-00:00:00,01,07,2002,00,62.298
01.07.2002-03:00:00,01,07,2002,03,62.248
01.07.2002-06:00:00,01,07,2002,06,62.198
01.07.2002-09:00:00,01,07,2002,09,62.149
01.07.2002-12:00:00,01,07,2002,12,62.1
01.07.2002-15:00:00,01,07,2002,15,62.05
01.07.2002-18:00:00,01,07,2002,18,62.001
01.07.2002-21:00:00,01,07,2002,21,61.951
01.08.2002-00:00:00,01,08,2002,00,61.902
01.08.2002-03:00:00,01,08,2002,03,61.852
01.08.2002-06:00:00,01,08,2002,06,61.803
01.08.2002-09:00:00,01,08,2002,09,61.754
01.08.2002-12:00:00,01,08,2002,12,61.704
01.08.2002-15:00:00,01,08,2002,15,61.655
01.08.2002-18:00:00,01,08,2002,18,61.605
01.08.2002-21:00:00,01,08,2002,21,61.555
01.09.2002-00:00:00,01,09,2002,00,61.506
01.09.2002-03:00:00,01,09,2002,03,61.456
01.09.2002-06:00:00,01,09,2002,06,61.407
01.09.2002-09:00:00,01,09,2002,09,61.358
01.09.2002-12:00:00,01,09,2002,12,61.308
01.09.2002-15:00:00,01,09,2002,15,61.258
01.09.2002-18:00:00,01,09,2002,18,61.209
01.09.2002-21:00:00,01,09,2002,21,61.159
01.10.2002-00:00:00,01,10,2002,00,61.11
01.10.2002-03:00:00,01,10,2002,03,61.061
01.10.2002-06:00:00,01,10,2002,06,61.011
01.10.2002-09:00:00,01,10,2002,09,60.961
01.10.2002-12:00:00,01,10,2002,12,60.912
01.10.2002-15:00:00,01,10,2002,15,60.863
01.10.2002-18:00:00,01,10,2002,18,60.813
01.10.2002-21:00:00,01,10,2002,21,60.764
01.11.2002-00:00:00,01,11,2002,00,60.715
01.11.2002-03:00:00,01,11,2002,03,60.665
01.11.2002-06:00:00,01,11,2002,06,60.615
01.11.2002-09:00:00,01,11,2002,09,60.566
01.11.2002-12:00:00,01,11,2002,12,60.516
01.11.2002-15:00:00,01,11,2002,15,60.467
01.11.2002-18:00:00,01,11,2002,18,60.417
01.11.2002-21:00:00,01,11,2002,21,60.368
01.12.2002-00:00:00,01,12,2002,00,60.319
01.12.2002-03:00:00,01,12,2002,03,60.269
01.12.2002-06:00:00,01,12,2002,06,60.219
01.12.2002-09:00:00,01,12,2002,09,60.17
01.12.2002-12:00:00,01,12,2002,12,60.12
01.12.2002-15:00:00,01,12,2002,15,60.07
01.12.2002-18:00:00,01,12,2002,18,60.021
01.12.2002-21:00:00,01,12,2002,21,59.972
01.13.2002-00:00:00,01,13,2002,00,59.922
01.13.2002-03:00:00,01,13,2002,03,59.872
01.13.2002-06:00:00,01,13,2002,06,59.823
01.13.2002-09:00:00,01,13,2002,09,59.773
01.13.2002-12:00:00,01,13,2002,12,59.724
01.13.2002-15:00:00,01,13,2002,15,59.675
01.13.2002-18:00:00,01,13,2002,18,59.625
01.13.2002-21:00:00,01,13,2002,21,59.575
01.14.2002-00:00:00,01,14,2002,00,59.525
01.14.2002-03:00:00,01,14,2002,03,59.476
01.14.2002-06:00:00,01,14,2002,06,59.427
01.14.2002-09:00:00,01,14,2002,09,59.377
01.14.2002-12:00:00,01,14,2002,12,59.328
01.14.2002-15:00:00,01,14,2002,15,59.278
01.14.2002-18:00:00,01,14,2002,18,59.228
01.14.2002-21:00:00,01,14,2002,21,59.179
01.15.2002-00:00:00,01,15,2002,00,59.129
01.15.2002-03:00:00,01,15,2002,03,59.079
01.15.2002-06:00:00,01,15,2002,06,59.03
01.15.2002-09:00:00,01,15,2002,09,58.981
01.15.2002-12:00:00,01,15,2002,12,58.93
01.15.2002-15:00:00,01,15,2002,15,58.881
01.15.2002-18:00:00,01,15,2002,18,58.832
01.15.2002-21:00:00,01,15,2002,21,58.782
01.16.2002-00:00:00,01,16,2002,00,58.732
01.16.2002-03:00:00,01,16,2002,03,58.683
01.16.2002-06:00:00,01,16,2002,06,58.633
01.16.2002-09:00:00,01,16,2002,09,58.583
01.16.2002-12:00:00,01,16,2002,12,58.534
01.16.2002-15:00:00,01,16,2002,15,58.485
01.16.2002-18:00:00,01,16,2002,18,58.435
01.16.2002-21:00:00,01,16,2002,21,58.385
01.17.2002-00:00:00,01,17,2002,00,58.336
01.17.2002-03:00:00,01,17,2002,03,58.286
01.17.2002-06:00:00,01,17,2002,06,58.236
01.17.2002-09:00:00,01,17,2002,09,58.187
01.17.2002-12:00:00,01,17,2002,12,58.137
01.17.2002-15:00:00,01,17,2002,15,58.087
01.17.2002-18:00:00,01,17,2002,18,58.038
01.17.2002-21:00:00,01,17,2002,21,57.988
01.18.2002-00:00:00,01,18,2002,00,57.939
01.18.2002-03:00:00,01,18,2002,03,57.888
01.18.2002-06:00:00,01,18,2002,06,57.839
01.18.2002-09:00:00,01,18,2002,09,57.79
01.18.2002-12:00:00,01,18,2002,12,57.74
01.18.2002-15:00:00,01,18,2002,15,57.69
01.18.2002-18:00:00,01,18,2002,18,57.641
01.18.2002-21:00:00,01,18,2002,21,57.591
01.19.2002-00:00:00,01,19,2002,00,57.541
01.19.2002-03:00:00,01,19,2002,03,57.492
01.19.2002-06:00:00,01,19,2002,06,57.442
01.19.2002-09:00:00,01,19,2002,09,57.392
01.19.2002-12:00:00,01,19,2002,12,57.343
01.19.2002-15:00:00,01,19,2002,15,57.294
01.19.2002-18:00:00,01,19,2002,18,57.244
01.19.2002-21:00:00,01,19,2002,21,57.194
01.20.2002-00:00:00,01,20,2002,00,57.144
01.20.2002-03:00:00,01,20,2002,03,57.095
01.20.2002-06:00:00,01,20,2002,06,57.045
01.20.2002-09:00:00,01,20,2002,09,56.996
01.20.2002-12:00:00,01,20,2002,12,56.946
01.20.2002-15:00:00,01,20,2002,15,56.896
01.20.2002-18:00:00,01,20,2002,18,56.847
01.20.2002-21:00:00,01,20,2002,21,56.797
01.21.2002-00:00:00,01,21,2002,00,56.748
01.21.2002-03:00:00,01,21,2002,03,56.698
01.21.2002-06:00:00,01,21,2002,06,56.648
01.21.2002-09:00:00,01,21,2002,09,56.599
01.21.2002-12:00:00,01,21,2002,12,56.549
01.21.2002-15:00:00,01,21,2002,15,56.499
01.21.2002-18:00:00,01,21,2002,18,56.45
01.21.2002-21:00:00,01,21,2002,21,56.4
01.22.2002-00:00:00,01,22,2002,00,56.351
01.22.2002-03:00:00,01,22,2002,03,56.301
01.22.2002-06:00:00,01,22,2002,06,56.251
01.22.2002-09:00:00,01,22,2002,09,56.202
01.22.2002-12:00:00,01,22,2002,12,56.152
01.22.2002-15:00:00,01,22,2002,15,56.103
01.22.2002-18:00:00,01,22,2002,18,56.053
01.22.2002-21:00:00,01,22,2002,21,56.004
01.23.2002-00:00:00,01,23,2002,00,55.954
01.23.2002-03:00:00,01,23,2002,03,55.905
01.23.2002-06:00:00,01,23,2002,06,55.855
01.23.2002-09:00:00,01,23,2002,09,55.805
01.23.2002-12:00:00,01,23,2002,12,55.756
01.23.2002-15:00:00,01,23,2002,15,55.706
01.23.2002-18:00:00,01,23,2002,18,55.657
01.23.2002-21:00:00,01,23,2002,21,55.607
01.24.2002-00:00:00,01,24,2002,00,55.557
01.24.2002-03:00:00,01,24,2002,03,54.212
01.24.2002-06:00:00,01,24,2002,06,55.428
01.24.2002-09:00:00,01,24,2002,09,54.127
01.24.2002-12:00:00,01,24,2002,12,55.341
01.24.2002-15:00:00,01,24,2002,15,54.042
01.24.2002-18:00:00,01,24,2002,18,55.254
01.24.2002-21:00:00,01,24,2002,21,53.958
01.25.2002-00:00:00,01,25,2002,00,55.166
01.25.2002-03:00:00,01,25,2002,03,53.874
01.25.2002-06:00:00,01,25,2002,06,55.077
01.25.2002-09:00:00,01,25,2002,09,53.789
01.25.2002-12:00:00,01,25,2002,12,54.989
01.25.2002-15:00:00,01,25,2002,15,53.705
01.25.2002-18:00:00,01,25,2002,18,54.9
01.25.2002-21:00:00,01,25,2002,21,53.62
01.26.2002-00:00:00,01,26,2002,00,54.812
01.26.2002-03:00:00,01,26,2002,03,53.536
01.26.2002-06:00:00,01,26,2002,06,54.723
01.26.2002-09:00:00,01,26,2002,09,53.452
01.26.2002-12:00:00,01,26,2002,12,54.634
01.26.2002-15:00:00,01,26,2002,15,53.367
01.26.2002-18:00:00,01,26,2002,18,54.545
01.26.2002-21:00:00,01,26,2002,21,53.283
01.27.2002-00:00:00,01,27,2002,00,54.455
01.27.2002-03:00:00,01,27,2002,03,53.199
01.27.2002-06:00:00,01,27,2002,06,54.365
01.27.2002-09:00:00,01,27,2002,09,53.115
01.27.2002-12:00:00,01,27,2002,12,54.275
01.27.2002-15:00:00,01,27,2002,15,53.031
01.27.2002-18:00:00,01,27,2002,18,54.185
01.27.2002-21:00:00,01,27,2002,21,52.947
01.28.2002-00:00:00,01,28,2002,00,52.87
01.28.2002-03:00:00,01,28,2002,03,54.055
01.28.2002-06:00:00,01,28,2002,06,52.821
01.28.2002-09:00:00,01,28,2002,09,52.744
01.28.2002-12:00:00,01,28,2002,12,53.924
01.28.2002-15:00:00,01,28,2002,15,52.695
01.28.2002-18:00:00,01,28,2002,18,52.618
01.28.2002-21:00:00,01,28,2002,21,53.793
01.29.2002-00:00:00,01,29,2002,00,52.57
01.29.2002-03:00:00,01,29,2002,03,52.493
01.29.2002-06:00:00,01,29,2002,06,53.662
01.29.2002-09:00:00,01,29,2002,09,52.445
01.29.2002-12:00:00,01,29,2002,12,52.367
01.29.2002-15:00:00,01,29,2002,15,52.328
01.29.2002-18:00:00,01,29,2002,18,53.488
01.29.2002-21:00:00,01,29,2002,21,52.278
01.30.2002-00:00:00,01,30,2002,00,52.2
01.30.2002-03:00:00,01,30,2002,03,52.161
01.30.2002-06:00:00,01,30,2002,06,53.315
01.30.2002-09:00:00,01,30,2002,09,52.11
01.30.2002-12:00:00,01,30,2002,12,52.033
01.30.2002-15:00:00,01,30,2002,15,51.994
01.30.2002-18:00:00,01,30,2002,18,51.954
01.30.2002-21:00:00,01,30,2002,21,53.099
01.31.2002-00:00:00,01,31,2002,00,51.902
01.31.2002-03:00:00,01,31,2002,03,51.825
01.31.2002-06:00:00,01,31,2002,06,51.785
01.31.2002-09:00:00,01,31,2002,09,51.745
01.31.2002-12:00:00,01,31,2002,12,51.709
01.31.2002-15:00:00,01,31,2002,15,51.678
01.31.2002-18:00:00,01,31,2002,18,52.82
01.31.2002-21:00:00,01,31,2002,21,51.642
02.01.2002-00:00:00,02,01,2002,00,51.572
02.01.2002-03:00:00,02,01,2002,03,51.54
02.01.2002-06:00:00,02,01,2002,06,51.508
02.01.2002-09:00:00,02,01,2002,09,51.475
02.01.2002-12:00:00,02,01,2002,12,51.443
02.01.2002-15:00:00,02,01,2002,15,51.41
02.01.2002-18:00:00,02,01,2002,18,51.377
02.01.2002-21:00:00,02,01,2002,21,51.346
02.02.2002-00:00:00,02,02,2002,00,51.319
02.02.2002-03:00:00,02,02,2002,03,51.292
02.02.2002-06:00:00,02,02,2002,06,51.264
02.02.2002-09:00:00,02,02,2002,09,51.237
02.02.2002-12:00:00,02,02,2002,12,51.208
02.02.2002-15:00:00,02,02,2002,15,51.18
02.02.2002-18:00:00,02,02,2002,18,51.152
02.02.2002-21:00:00,02,02,2002,21,51.123
02.03.2002-00:00:00,02,03,2002,00,51.093
02.03.2002-03:00:00,02,03,2002,03,51.065
02.03.2002-06:00:00,02,03,2002,06,51.035
02.03.2002-09:00:00,02,03,2002,09,51.005
02.03.2002-12:00:00,02,03,2002,12,50.975
02.03.2002-15:00:00,02,03,2002,15,50.944
02.03.2002-18:00:00,02,03,2002,18,50.914
02.03.2002-21:00:00,02,03,2002,21,50.883
02.04.2002-00:00:00,02,04,2002,00,50.852
02.04.2002-03:00:00,02,04,2002,03,50.82
02.04.2002-06:00:00,02,04,2002,06,50.789
02.04.2002-09:00:00,02,04,2002,09,50.757
02.04.2002-12:00:00,02,04,2002,12,50.725
02.04.2002-15:00:00,02,04,2002,15,50.693
02.04.2002-18:00:00,02,04,2002,18,50.66
02.04.2002-21:00:00,02,04,2002,21,50.628
02.05.2002-00:00:00,02,05,2002,00,50.595
02.05.2002-03:00:00,02,05,2002,03,50.562
02.05.2002-06:00:00,02,05,2002,06,50.528
02.05.2002-09:00:00,02,05,2002,09,50.495
02.05.2002-12:00:00,02,05,2002,12,50.461
02.05.2002-15:00:00,02,05,2002,15,50.427
02.05.2002-18:00:00,02,05,2002,18,50.394
02.05.2002-21:00:00,02,05,2002,21,50.36
02.06.2002-00:00:00,02,06,2002,00,50.325
02.06.2002-03:00:00,02,06,2002,03,50.291
02.06.2002-06:00:00,02,06,2002,06,50.256
02.06.2002-09:00:00,02,06,2002,09,50.221
02.06.2002-12:00:00,02,06,2002,12,50.186
02.06.2002-15:00:00,02,06,2002,15,50.151
02.06.2002-18:00:00,02,06,2002,18,50.115
02.06.2002-21:00:00,02,06,2002,21,50.08
02.07.2002-00:00:00,02,07,2002,00,50.044
02.07.2002-03:00:00,02,07,2002,03,50.008
02.07.2002-06:00:00,02,07,2002,06,49.972
02.07.2002-09:00:00,02,07,2002,09,49.936
02.07.2002-12:00:00,02,07,2002,12,49.9
02.07.2002-15:00:00,02,07,2002,15,49.863
02.07.2002-18:00:00,02,07,2002,18,49.827
02.07.2002-21:00:00,02,07,2002,21,49.79
02.08.2002-00:00:00,02,08,2002,00,49.753
02.08.2002-03:00:00,02,08,2002,03,49.716
02.08.2002-06:00:00,02,08,2002,06,49.679
02.08.2002-09:00:00,02,08,2002,09,49.642
02.08.2002-12:00:00,02,08,2002,12,49.6
02.08.2002-15:00:00,02,08,2002,15,49.562
02.08.2002-18:00:00,02,08,2002,18,49.525
02.08.2002-21:00:00,02,08,2002,21,49.487
02.09.2002-00:00:00,02,09,2002,00,49.449
02.09.2002-03:00:00,02,09,2002,03,49.412
02.09.2002-06:00:00,02,09,2002,06,49.373
02.09.2002-09:00:00,02,09,2002,09,49.335
02.09.2002-12:00:00,02,09,2002,12,49.297
02.09.2002-15:00:00,02,09,2002,15,49.259
02.09.2002-18:00:00,02,09,2002,18,49.22
02.09.2002-21:00:00,02,09,2002,21,49.182
02.10.2002-00:00:00,02,10,2002,00,49.143
02.10.2002-03:00:00,02,10,2002,03,49.104
02.10.2002-06:00:00,02,10,2002,06,49.066
02.10.2002-09:00:00,02,10,2002,09,49.027
02.10.2002-12:00:00,02,10,2002,12,48.987
02.10.2002-15:00:00,02,10,2002,15,48.948
02.10.2002-18:00:00,02,10,2002,18,48.909
02.10.2002-21:00:00,02,10,2002,21,48.87
02.11.2002-00:00:00,02,11,2002,00,48.83
02.11.2002-03:00:00,02,11,2002,03,48.791
02.11.2002-06:00:00,02,11,2002,06,48.751
02.11.2002-09:00:00,02,11,2002,09,48.711
02.11.2002-12:00:00,02,11,2002,12,48.667
02.11.2002-15:00:00,02,11,2002,15,48.628
02.11.2002-18:00:00,02,11,2002,18,48.588
02.11.2002-21:00:00,02,11,2002,21,48.548
02.12.2002-00:00:00,02,12,2002,00,48.508
02.12.2002-03:00:00,02,12,2002,03,48.468
02.12.2002-06:00:00,02,12,2002,06,48.428
02.12.2002-09:00:00,02,12,2002,09,48.388
02.12.2002-12:00:00,02,12,2002,12,48.348
02.12.2002-15:00:00,02,12,2002,15,48.307
02.12.2002-18:00:00,02,12,2002,18,48.267
02.12.2002-21:00:00,02,12,2002,21,48.227
02.13.2002-00:00:00,02,13,2002,00,48.186
02.13.2002-03:00:00,02,13,2002,03,48.146
02.13.2002-06:00:00,02,13,2002,06,48.106
02.13.2002-09:00:00,02,13,2002,09,48.065
02.13.2002-12:00:00,02,13,2002,12,48.024
02.13.2002-15:00:00,02,13,2002,15,47.984
02.13.2002-18:00:00,02,13,2002,18,47.943
02.13.2002-21:00:00,02,13,2002,21,47.902
02.14.2002-00:00:00,02,14,2002,00,47.861
02.14.2002-03:00:00,02,14,2002,03,47.82
02.14.2002-06:00:00,02,14,2002,06,47.779
02.14.2002-09:00:00,02,14,2002,09,47.738
02.14.2002-12:00:00,02,14,2002,12,47.697
02.14.2002-15:00:00,02,14,2002,15,47.656
02.14.2002-18:00:00,02,14,2002,18,47.615
02.14.2002-21:00:00,02,14,2002,21,47.573
02.15.2002-00:00:00,02,15,2002,00,47.532
02.15.2002-03:00:00,02,15,2002,03,47.49
02.15.2002-06:00:00,02,15,2002,06,47.449
02.15.2002-09:00:00,02,15,2002,09,47.408
02.15.2002-12:00:00,02,15,2002,12,47.367
02.15.2002-15:00:00,02,15,2002,15,47.325
02.15.2002-18:00:00,02,15,2002,18,47.283
02.15.2002-21:00:00,02,15,2002,21,47.242
02.16.2002-00:00:00,02,16,2002,00,47.2
02.16.2002-03:00:00,02,16,2002,03,47.159
02.16.2002-06:00:00,02,16,2002,06,47.117
02.16.2002-09:00:00,02,16,2002,09,47.075
02.16.2002-12:00:00,02,16,2002,12,47.033
02.16.2002-15:00:00,02,16,2002,15,46.992
02.16.2002-18:00:00,02,16,2002,18,46.95
02.16.2002-21:00:00,02,16,2002,21,46.908
02.17.2002-00:00:00,02,17,2002,00,46.866
02.17.2002-03:00:00,02,17,2002,03,46.824
02.17.2002-06:00:00,02,17,2002,06,46.783
02.17.2002-09:00:00,02,17,2002,09,46.741
02.17.2002-12:00:00,02,17,2002,12,46.7
02.17.2002-15:00:00,02,17,2002,15,46.658
02.17.2002-18:00:00,02,17,2002,18,46.617
02.17.2002-21:00:00,02,17,2002,21,46.575
02.18.2002-00:00:00,02,18,2002,00,46.534
02.18.2002-03:00:00,02,18,2002,03,46.492
02.18.2002-06:00:00,02,18,2002,06,46.45
02.18.2002-09:00:00,02,18,2002,09,46.409
02.18.2002-12:00:00,02,18,2002,12,45.867
02.18.2002-15:00:00,02,18,2002,15,46.295
02.18.2002-18:00:00,02,18,2002,18,46.269
02.18.2002-21:00:00,02,18,2002,21,46.227
02.19.2002-00:00:00,02,19,2002,00,46.186
02.19.2002-03:00:00,02,19,2002,03,46.144
02.19.2002-06:00:00,02,19,2002,06,46.103
02.19.2002-09:00:00,02,19,2002,09,46.045
02.19.2002-12:00:00,02,19,2002,12,45.529
02.19.2002-15:00:00,02,19,2002,15,45.938
02.19.2002-18:00:00,02,19,2002,18,45.912
02.19.2002-21:00:00,02,19,2002,21,45.871
02.20.2002-00:00:00,02,20,2002,00,45.829
02.20.2002-03:00:00,02,20,2002,03,45.787
02.20.2002-06:00:00,02,20,2002,06,45.746
02.20.2002-09:00:00,02,20,2002,09,45.694
02.20.2002-12:00:00,02,20,2002,12,44.997
02.20.2002-15:00:00,02,20,2002,15,45.573
02.20.2002-18:00:00,02,20,2002,18,45.552
02.20.2002-21:00:00,02,20,2002,21,45.511
02.21.2002-00:00:00,02,21,2002,00,45.47
02.21.2002-03:00:00,02,21,2002,03,45.429
02.21.2002-06:00:00,02,21,2002,06,45.388
02.21.2002-09:00:00,02,21,2002,09,45.346
02.21.2002-12:00:00,02,21,2002,12,45.304
02.21.2002-15:00:00,02,21,2002,15,45.263
02.21.2002-18:00:00,02,21,2002,18,45.222
02.21.2002-21:00:00,02,21,2002,21,45.181
02.22.2002-00:00:00,02,22,2002,00,45.139
02.22.2002-03:00:00,02,22,2002,03,45.097
02.22.2002-06:00:00,02,22,2002,06,45.056
02.22.2002-09:00:00,02,22,2002,09,44.046
02.22.2002-12:00:00,02,22,2002,12,44.08
02.22.2002-15:00:00,02,22,2002,15,44.825
02.22.2002-18:00:00,02,22,2002,18,44.858
02.22.2002-21:00:00,02,22,2002,21,44.819
02.23.2002-00:00:00,02,23,2002,00,44.778
02.23.2002-03:00:00,02,23,2002,03,44.736
02.23.2002-06:00:00,02,23,2002,06,44.695
02.23.2002-09:00:00,02,23,2002,09,44.654
02.23.2002-12:00:00,02,23,2002,12,44.607
02.23.2002-15:00:00,02,23,2002,15,44.565
02.23.2002-18:00:00,02,23,2002,18,44.524
02.23.2002-21:00:00,02,23,2002,21,44.483
02.24.2002-00:00:00,02,24,2002,00,44.441
02.24.2002-03:00:00,02,24,2002,03,44.4
02.24.2002-06:00:00,02,24,2002,06,44.359
02.24.2002-09:00:00,02,24,2002,09,44.318
02.24.2002-12:00:00,02,24,2002,12,44.277
02.24.2002-15:00:00,02,24,2002,15,44.235
02.24.2002-18:00:00,02,24,2002,18,44.194
02.24.2002-21:00:00,02,24,2002,21,44.153
02.25.2002-00:00:00,02,25,2002,00,44.112
02.25.2002-03:00:00,02,25,2002,03,44.07
02.25.2002-06:00:00,02,25,2002,06,44.029
02.25.2002-09:00:00,02,25,2002,09,43.987
02.25.2002-12:00:00,02,25,2002,12,43.946
02.25.2002-15:00:00,02,25,2002,15,43.905
02.25.2002-18:00:00,02,25,2002,18,43.863
02.25.2002-21:00:00,02,25,2002,21,43.822
02.26.2002-00:00:00,02,26,2002,00,43.781
02.26.2002-03:00:00,02,26,2002,03,43.74
02.26.2002-06:00:00,02,26,2002,06,43.698
02.26.2002-09:00:00,02,26,2002,09,43.657
02.26.2002-12:00:00,02,26,2002,12,43.616
02.26.2002-15:00:00,02,26,2002,15,43.575
02.26.2002-18:00:00,02,26,2002,18,43.533
02.26.2002-21:00:00,02,26,2002,21,43.492
02.27.2002-00:00:00,02,27,2002,00,43.45
02.27.2002-03:00:00,02,27,2002,03,43.409
02.27.2002-06:00:00,02,27,2002,06,43.368
02.27.2002-09:00:00,02,27,2002,09,43.327
02.27.2002-12:00:00,02,27,2002,12,43.285
02.27.2002-15:00:00,02,27,2002,15,43.244
02.27.2002-18:00:00,02,27,2002,18,43.203
02.27.2002-21:00:00,02,27,2002,21,43.161
02.28.2002-00:00:00,02,28,2002,00,43.12
02.28.2002-03:00:00,02,28,2002,03,43.079
02.28.2002-06:00:00,02,28,2002,06,43.038
02.28.2002-09:00:00,02,28,2002,09,42.996
02.28.2002-12:00:00,02,28,2002,12,42.95
02.28.2002-15:00:00,02,28,2002,15,42.909
02.28.2002-18:00:00,02,28,2002,18,42.868
02.28.2002-21:00:00,02,28,2002,21,42.827
03.01.2002-00:00:00,03,01,2002,00,42.786
03.01.2002-03:00:00,03,01,2002,03,42.744
03.01.2002-06:00:00,03,01,2002,06,42.703
03.01.2002-09:00:00,03,01,2002,09,42.662
03.01.2002-12:00:00,03,01,2002,12,42.215
03.01.2002-15:00:00,03,01,2002,15,42.266
03.01.2002-18:00:00,03,01,2002,18,42.503
03.01.2002-21:00:00,03,01,2002,21,42.472
03.02.2002-00:00:00,03,02,2002,00,42.431
03.02.2002-03:00:00,03,02,2002,03,42.39
03.02.2002-06:00:00,03,02,2002,06,42.349
03.02.2002-09:00:00,03,02,2002,09,42.308
03.02.2002-12:00:00,03,02,2002,12,41.947
03.02.2002-15:00:00,03,02,2002,15,41.937
03.02.2002-18:00:00,03,02,2002,18,42.155
03.02.2002-21:00:00,03,02,2002,21,42.123
03.03.2002-00:00:00,03,03,2002,00,42.083
03.03.2002-03:00:00,03,03,2002,03,42.042
03.03.2002-06:00:00,03,03,2002,06,42.001
03.03.2002-09:00:00,03,03,2002,09,41.961
03.03.2002-12:00:00,03,03,2002,12,41.676
03.03.2002-15:00:00,03,03,2002,15,41.641
03.03.2002-18:00:00,03,03,2002,18,41.614
03.03.2002-21:00:00,03,03,2002,21,41.762
03.04.2002-00:00:00,03,04,2002,00,41.734
03.04.2002-03:00:00,03,04,2002,03,41.694
03.04.2002-06:00:00,03,04,2002,06,41.654
03.04.2002-09:00:00,03,04,2002,09,41.404
03.04.2002-12:00:00,03,04,2002,12,41.321
03.04.2002-15:00:00,03,04,2002,15,41.293
03.04.2002-18:00:00,03,04,2002,18,41.267
03.04.2002-21:00:00,03,04,2002,21,41.24
03.05.2002-00:00:00,03,05,2002,00,41.213
03.05.2002-03:00:00,03,05,2002,03,41.185
03.05.2002-06:00:00,03,05,2002,06,41.158
03.05.2002-09:00:00,03,05,2002,09,41.078
03.05.2002-12:00:00,03,05,2002,12,41.013
03.05.2002-15:00:00,03,05,2002,15,40.985
03.05.2002-18:00:00,03,05,2002,18,40.958
03.05.2002-21:00:00,03,05,2002,21,40.931
03.06.2002-00:00:00,03,06,2002,00,40.903
03.06.2002-03:00:00,03,06,2002,03,40.875
03.06.2002-06:00:00,03,06,2002,06,40.847
03.06.2002-09:00:00,03,06,2002,09,40.819
03.06.2002-12:00:00,03,06,2002,12,40.791
03.06.2002-15:00:00,03,06,2002,15,40.762
03.06.2002-18:00:00,03,06,2002,18,40.734
03.06.2002-21:00:00,03,06,2002,21,40.705
03.07.2002-00:00:00,03,07,2002,00,40.676
03.07.2002-03:00:00,03,07,2002,03,40.647
03.07.2002-06:00:00,03,07,2002,06,40.618
03.07.2002-09:00:00,03,07,2002,09,40.588
03.07.2002-12:00:00,03,07,2002,12,40.559
03.07.2002-15:00:00,03,07,2002,15,40.529
03.07.2002-18:00:00,03,07,2002,18,40.499
03.07.2002-21:00:00,03,07,2002,21,40.469
03.08.2002-00:00:00,03,08,2002,00,40.439
03.08.2002-03:00:00,03,08,2002,03,40.408
03.08.2002-06:00:00,03,08,2002,06,40.378
03.08.2002-09:00:00,03,08,2002,09,40.347
03.08.2002-12:00:00,03,08,2002,12,40.316
03.08.2002-15:00:00,03,08,2002,15,40.286
03.08.2002-18:00:00,03,08,2002,18,40.255
03.08.2002-21:00:00,03,08,2002,21,40.224
03.09.2002-00:00:00,03,09,2002,00,40.192
03.09.2002-03:00:00,03,09,2002,03,40.161
03.09.2002-06:00:00,03,09,2002,06,40.129
03.09.2002-09:00:00,03,09,2002,09,40.098
03.09.2002-12:00:00,03,09,2002,12,40.066
03.09.2002-15:00:00,03,09,2002,15,40.034
03.09.2002-18:00:00,03,09,2002,18,40.002
03.09.2002-21:00:00,03,09,2002,21,39.97
03.10.2002-00:00:00,03,10,2002,00,39.938
03.10.2002-03:00:00,03,10,2002,03,39.906
03.10.2002-06:00:00,03,10,2002,06,39.873
03.10.2002-09:00:00,03,10,2002,09,39.841
03.10.2002-12:00:00,03,10,2002,12,39.808
03.10.2002-15:00:00,03,10,2002,15,39.775
03.10.2002-18:00:00,03,10,2002,18,39.743
03.10.2002-21:00:00,03,10,2002,21,39.71
03.11.2002-00:00:00,03,11,2002,00,39.677
03.11.2002-03:00:00,03,11,2002,03,39.644
03.11.2002-06:00:00,03,11,2002,06,39.611
03.11.2002-09:00:00,03,11,2002,09,39.578
03.11.2002-12:00:00,03,11,2002,12,39.544
03.11.2002-15:00:00,03,11,2002,15,39.511
03.11.2002-18:00:00,03,11,2002,18,39.477
03.11.2002-21:00:00,03,11,2002,21,39.444
03.12.2002-00:00:00,03,12,2002,00,39.41
03.12.2002-03:00:00,03,12,2002,03,39.377
03.12.2002-06:00:00,03,12,2002,06,39.343
03.12.2002-09:00:00,03,12,2002,09,39.262
03.12.2002-12:00:00,03,12,2002,12,39.203
03.12.2002-15:00:00,03,12,2002,15,39.169
03.12.2002-18:00:00,03,12,2002,18,39.136
03.12.2002-21:00:00,03,12,2002,21,39.103
03.13.2002-00:00:00,03,13,2002,00,39.07
03.13.2002-03:00:00,03,13,2002,03,39.036
03.13.2002-06:00:00,03,13,2002,06,39.003
03.13.2002-09:00:00,03,13,2002,09,38.948
03.13.2002-12:00:00,03,13,2002,12,38.881
03.13.2002-15:00:00,03,13,2002,15,38.847
03.13.2002-18:00:00,03,13,2002,18,38.814
03.13.2002-21:00:00,03,13,2002,21,38.781
03.14.2002-00:00:00,03,14,2002,00,38.747
03.14.2002-03:00:00,03,14,2002,03,38.714
03.14.2002-06:00:00,03,14,2002,06,38.681
03.14.2002-09:00:00,03,14,2002,09,38.59
03.14.2002-12:00:00,03,14,2002,12,38.516
03.14.2002-15:00:00,03,14,2002,15,38.483
03.14.2002-18:00:00,03,14,2002,18,38.45
03.14.2002-21:00:00,03,14,2002,21,38.418
03.15.2002-00:00:00,03,15,2002,00,38.385
03.15.2002-03:00:00,03,15,2002,03,38.352
03.15.2002-06:00:00,03,15,2002,06,38.32
03.15.2002-09:00:00,03,15,2002,09,38.287
03.15.2002-12:00:00,03,15,2002,12,38.238
03.15.2002-15:00:00,03,15,2002,15,38.205
03.15.2002-18:00:00,03,15,2002,18,38.172
03.15.2002-21:00:00,03,15,2002,21,38.139
03.16.2002-00:00:00,03,16,2002,00,38.106
03.16.2002-03:00:00,03,16,2002,03,38.073
03.16.2002-06:00:00,03,16,2002,06,38.039
03.16.2002-09:00:00,03,16,2002,09,38.006
03.16.2002-12:00:00,03,16,2002,12,37.973
03.16.2002-15:00:00,03,16,2002,15,37.94
03.16.2002-18:00:00,03,16,2002,18,37.906
03.16.2002-21:00:00,03,16,2002,21,37.873
03.17.2002-00:00:00,03,17,2002,00,37.839
03.17.2002-03:00:00,03,17,2002,03,37.806
03.17.2002-06:00:00,03,17,2002,06,37.772
03.17.2002-09:00:00,03,17,2002,09,37.738
03.17.2002-12:00:00,03,17,2002,12,37.705
03.17.2002-15:00:00,03,17,2002,15,37.671
03.17.2002-18:00:00,03,17,2002,18,37.637
03.17.2002-21:00:00,03,17,2002,21,37.603
03.18.2002-00:00:00,03,18,2002,00,37.569
03.18.2002-03:00:00,03,18,2002,03,37.535
03.18.2002-06:00:00,03,18,2002,06,37.501
03.18.2002-09:00:00,03,18,2002,09,37.467
03.18.2002-12:00:00,03,18,2002,12,37.433
03.18.2002-15:00:00,03,18,2002,15,37.399
03.18.2002-18:00:00,03,18,2002,18,37.365
03.18.2002-21:00:00,03,18,2002,21,37.33
03.19.2002-00:00:00,03,19,2002,00,37.296
03.19.2002-03:00:00,03,19,2002,03,37.262
03.19.2002-06:00:00,03,19,2002,06,37.227
03.19.2002-09:00:00,03,19,2002,09,37.193
03.19.2002-12:00:00,03,19,2002,12,37.158
03.19.2002-15:00:00,03,19,2002,15,37.124
03.19.2002-18:00:00,03,19,2002,18,37.089
03.19.2002-21:00:00,03,19,2002,21,37.055
03.20.2002-00:00:00,03,20,2002,00,37.02
03.20.2002-03:00:00,03,20,2002,03,36.986
03.20.2002-06:00:00,03,20,2002,06,36.951
03.20.2002-09:00:00,03,20,2002,09,36.917
03.20.2002-12:00:00,03,20,2002,12,36.882
03.20.2002-15:00:00,03,20,2002,15,36.847
03.20.2002-18:00:00,03,20,2002,18,36.812
03.20.2002-21:00:00,03,20,2002,21,36.778
03.21.2002-00:00:00,03,21,2002,00,36.743
03.21.2002-03:00:00,03,21,2002,03,36.708
03.21.2002-06:00:00,03,21,2002,06,36.673
03.21.2002-09:00:00,03,21,2002,09,36.638
03.21.2002-12:00:00,03,21,2002,12,36.604
03.21.2002-15:00:00,03,21,2002,15,36.569
03.21.2002-18:00:00,03,21,2002,18,36.534
03.21.2002-21:00:00,03,21,2002,21,36.499
03.22.2002-00:00:00,03,22,2002,00,36.464
03.22.2002-03:00:00,03,22,2002,03,36.429
03.22.2002-06:00:00,03,22,2002,06,36.394
03.22.2002-09:00:00,03,22,2002,09,36.299
03.22.2002-12:00:00,03,22,2002,12,36.222
03.22.2002-15:00:00,03,22,2002,15,36.187
03.22.2002-18:00:00,03,22,2002,18,36.153
03.22.2002-21:00:00,03,22,2002,21,36.119
03.23.2002-00:00:00,03,23,2002,00,36.085
03.23.2002-03:00:00,03,23,2002,03,36.051
03.23.2002-06:00:00,03,23,2002,06,36.018
03.23.2002-09:00:00,03,23,2002,09,35.873
03.23.2002-12:00:00,03,23,2002,12,35.775
03.23.2002-15:00:00,03,23,2002,15,35.737
03.23.2002-18:00:00,03,23,2002,18,35.705
03.23.2002-21:00:00,03,23,2002,21,35.673
03.24.2002-00:00:00,03,24,2002,00,35.641
03.24.2002-03:00:00,03,24,2002,03,35.609
03.24.2002-06:00:00,03,24,2002,06,35.577
03.24.2002-09:00:00,03,24,2002,09,35.423
03.24.2002-12:00:00,03,24,2002,12,35.322
03.24.2002-15:00:00,03,24,2002,15,35.286
03.24.2002-18:00:00,03,24,2002,18,35.256
03.24.2002-21:00:00,03,24,2002,21,35.225
03.25.2002-00:00:00,03,25,2002,00,35.195
03.25.2002-03:00:00,03,25,2002,03,35.165
03.25.2002-06:00:00,03,25,2002,06,35.134
03.25.2002-09:00:00,03,25,2002,09,34.975
03.25.2002-12:00:00,03,25,2002,12,34.872
03.25.2002-15:00:00,03,25,2002,15,34.836
03.25.2002-18:00:00,03,25,2002,18,34.808
03.25.2002-21:00:00,03,25,2002,21,34.78
03.26.2002-00:00:00,03,26,2002,00,34.751
03.26.2002-03:00:00,03,26,2002,03,34.723
03.26.2002-06:00:00,03,26,2002,06,34.694
03.26.2002-09:00:00,03,26,2002,09,34.618
03.26.2002-12:00:00,03,26,2002,12,34.551
03.26.2002-15:00:00,03,26,2002,15,34.515
03.26.2002-18:00:00,03,26,2002,18,34.487
03.26.2002-21:00:00,03,26,2002,21,34.459
03.27.2002-00:00:00,03,27,2002,00,34.431
03.27.2002-03:00:00,03,27,2002,03,34.403
03.27.2002-06:00:00,03,27,2002,06,34.375
03.27.2002-09:00:00,03,27,2002,09,34.321
03.27.2002-12:00:00,03,27,2002,12,34.27
03.27.2002-15:00:00,03,27,2002,15,34.237
03.27.2002-18:00:00,03,27,2002,18,34.209
03.27.2002-21:00:00,03,27,2002,21,34.181
03.28.2002-00:00:00,03,28,2002,00,34.154
03.28.2002-03:00:00,03,28,2002,03,34.125
03.28.2002-06:00:00,03,28,2002,06,34.098
03.28.2002-09:00:00,03,28,2002,09,33.999
03.28.2002-12:00:00,03,28,2002,12,33.924
03.28.2002-15:00:00,03,28,2002,15,33.89
03.28.2002-18:00:00,03,28,2002,18,33.863
03.28.2002-21:00:00,03,28,2002,21,33.835
03.29.2002-00:00:00,03,29,2002,00,33.808
03.29.2002-03:00:00,03,29,2002,03,33.781
03.29.2002-06:00:00,03,29,2002,06,33.754
03.29.2002-09:00:00,03,29,2002,09,33.663
03.29.2002-12:00:00,03,29,2002,12,33.59
03.29.2002-15:00:00,03,29,2002,15,33.557
03.29.2002-18:00:00,03,29,2002,18,33.53
03.29.2002-21:00:00,03,29,2002,21,33.504
03.30.2002-00:00:00,03,30,2002,00,33.477
03.30.2002-03:00:00,03,30,2002,03,33.451
03.30.2002-06:00:00,03,30,2002,06,33.416
03.30.2002-09:00:00,03,30,2002,09,33.294
03.30.2002-12:00:00,03,30,2002,12,33.21
03.30.2002-15:00:00,03,30,2002,15,33.176
03.30.2002-18:00:00,03,30,2002,18,33.151
03.30.2002-21:00:00,03,30,2002,21,33.126
03.31.2002-00:00:00,03,31,2002,00,33.101
03.31.2002-03:00:00,03,31,2002,03,33.075
03.31.2002-06:00:00,03,31,2002,06,33.05
03.31.2002-09:00:00,03,31,2002,09,32.956
03.31.2002-12:00:00,03,31,2002,12,32.882
03.31.2002-15:00:00,03,31,2002,15,32.848
03.31.2002-18:00:00,03,31,2002,18,32.823
03.31.2002-21:00:00,03,31,2002,21,32.799
04.01.2002-00:00:00,04,01,2002,00,32.775
04.01.2002-03:00:00,04,01,2002,03,32.75
04.01.2002-06:00:00,04,01,2002,06,32.726
04.01.2002-09:00:00,04,01,2002,09,32.658
04.01.2002-12:00:00,04,01,2002,12,32.589
04.01.2002-15:00:00,04,01,2002,15,32.555
04.01.2002-18:00:00,04,01,2002,18,32.531
04.01.2002-21:00:00,04,01,2002,21,32.507
04.02.2002-00:00:00,04,02,2002,00,32.483
04.02.2002-03:00:00,04,02,2002,03,32.459
04.02.2002-06:00:00,04,02,2002,06,32.435
04.02.2002-09:00:00,04,02,2002,09,32.368
04.02.2002-12:00:00,04,02,2002,12,32.299
04.02.2002-15:00:00,04,02,2002,15,32.268
04.02.2002-18:00:00,04,02,2002,18,32.244
04.02.2002-21:00:00,04,02,2002,21,32.221
04.03.2002-00:00:00,04,03,2002,00,32.197
04.03.2002-03:00:00,04,03,2002,03,32.174
04.03.2002-06:00:00,04,03,2002,06,32.15
04.03.2002-09:00:00,04,03,2002,09,32.045
04.03.2002-12:00:00,04,03,2002,12,31.942
04.03.2002-15:00:00,04,03,2002,15,31.91
04.03.2002-18:00:00,04,03,2002,18,31.888
04.03.2002-21:00:00,04,03,2002,21,31.865
04.04.2002-00:00:00,04,04,2002,00,31.843
04.04.2002-03:00:00,04,04,2002,03,31.82
04.04.2002-06:00:00,04,04,2002,06,31.798
04.04.2002-09:00:00,04,04,2002,09,31.664
04.04.2002-12:00:00,04,04,2002,12,31.54
04.04.2002-15:00:00,04,04,2002,15,31.507
04.04.2002-18:00:00,04,04,2002,18,31.486
04.04.2002-21:00:00,04,04,2002,21,31.465
04.05.2002-00:00:00,04,05,2002,00,31.444
04.05.2002-03:00:00,04,05,2002,03,31.423
04.05.2002-06:00:00,04,05,2002,06,31.402
04.05.2002-09:00:00,04,05,2002,09,31.3
04.05.2002-12:00:00,04,05,2002,12,31.199
04.05.2002-15:00:00,04,05,2002,15,31.165
04.05.2002-18:00:00,04,05,2002,18,31.145
04.05.2002-21:00:00,04,05,2002,21,31.125
04.06.2002-00:00:00,04,06,2002,00,31.105
04.06.2002-03:00:00,04,06,2002,03,31.085
04.06.2002-06:00:00,04,06,2002,06,31.06
04.06.2002-09:00:00,04,06,2002,09,30.968
04.06.2002-12:00:00,04,06,2002,12,30.876
04.06.2002-15:00:00,04,06,2002,15,30.865
04.06.2002-18:00:00,04,06,2002,18,30.862
04.06.2002-21:00:00,04,06,2002,21,30.851
04.07.2002-00:00:00,04,07,2002,00,30.837
04.07.2002-03:00:00,04,07,2002,03,30.817
04.07.2002-06:00:00,04,07,2002,06,30.798
04.07.2002-09:00:00,04,07,2002,09,30.73
04.07.2002-12:00:00,04,07,2002,12,30.678
04.07.2002-15:00:00,04,07,2002,15,30.667
04.07.2002-18:00:00,04,07,2002,18,30.662
04.07.2002-21:00:00,04,07,2002,21,30.649
04.08.2002-00:00:00,04,08,2002,00,30.63
04.08.2002-03:00:00,04,08,2002,03,30.611
04.08.2002-06:00:00,04,08,2002,06,30.592
04.08.2002-09:00:00,04,08,2002,09,30.487
04.08.2002-12:00:00,04,08,2002,12,30.397
04.08.2002-15:00:00,04,08,2002,15,30.406
04.08.2002-18:00:00,04,08,2002,18,30.413
04.08.2002-21:00:00,04,08,2002,21,30.404
04.09.2002-00:00:00,04,09,2002,00,30.386
04.09.2002-03:00:00,04,09,2002,03,30.367
04.09.2002-06:00:00,04,09,2002,06,30.348
04.09.2002-09:00:00,04,09,2002,09,30.293
04.09.2002-12:00:00,04,09,2002,12,30.27
04.09.2002-15:00:00,04,09,2002,15,30.273
04.09.2002-18:00:00,04,09,2002,18,30.277
04.09.2002-21:00:00,04,09,2002,21,30.269
04.10.2002-00:00:00,04,10,2002,00,30.25
04.10.2002-03:00:00,04,10,2002,03,30.231
04.10.2002-06:00:00,04,10,2002,06,30.212
04.10.2002-09:00:00,04,10,2002,09,30.088
04.10.2002-12:00:00,04,10,2002,12,29.983
04.10.2002-15:00:00,04,10,2002,15,30.005
04.10.2002-18:00:00,04,10,2002,18,30.025
04.10.2002-21:00:00,04,10,2002,21,30.026
04.11.2002-00:00:00,04,11,2002,00,30.02
04.11.2002-03:00:00,04,11,2002,03,30.008
04.11.2002-06:00:00,04,11,2002,06,29.965
04.11.2002-09:00:00,04,11,2002,09,29.895
04.11.2002-12:00:00,04,11,2002,12,29.865
04.11.2002-15:00:00,04,11,2002,15,29.894
04.11.2002-18:00:00,04,11,2002,18,29.922
04.11.2002-21:00:00,04,11,2002,21,29.933
04.12.2002-00:00:00,04,12,2002,00,29.932
04.12.2002-03:00:00,04,12,2002,03,29.914
04.12.2002-06:00:00,04,12,2002,06,29.866
04.12.2002-09:00:00,04,12,2002,09,29.786
04.12.2002-12:00:00,04,12,2002,12,29.767
04.12.2002-15:00:00,04,12,2002,15,29.817
04.12.2002-18:00:00,04,12,2002,18,29.86
04.12.2002-21:00:00,04,12,2002,21,29.876
04.13.2002-00:00:00,04,13,2002,00,29.86
04.13.2002-03:00:00,04,13,2002,03,29.843
04.13.2002-06:00:00,04,13,2002,06,29.82
04.13.2002-09:00:00,04,13,2002,09,29.78
04.13.2002-12:00:00,04,13,2002,12,29.814
04.13.2002-15:00:00,04,13,2002,15,29.906
04.13.2002-18:00:00,04,13,2002,18,29.987
04.13.2002-21:00:00,04,13,2002,21,30.049
04.14.2002-00:00:00,04,14,2002,00,30.062
04.14.2002-03:00:00,04,14,2002,03,30.044
04.14.2002-06:00:00,04,14,2002,06,30.038
04.14.2002-09:00:00,04,14,2002,09,30.031
04.14.2002-12:00:00,04,14,2002,12,30.128
04.14.2002-15:00:00,04,14,2002,15,30.338
04.14.2002-18:00:00,04,14,2002,18,30.674
04.14.2002-21:00:00,04,14,2002,21,30.803
04.15.2002-00:00:00,04,15,2002,00,30.782
04.15.2002-03:00:00,04,15,2002,03,30.757
04.15.2002-06:00:00,04,15,2002,06,30.731
04.15.2002-09:00:00,04,15,2002,09,30.668
04.15.2002-12:00:00,04,15,2002,12,30.599
04.15.2002-15:00:00,04,15,2002,15,30.598
04.15.2002-18:00:00,04,15,2002,18,30.609
04.15.2002-21:00:00,04,15,2002,21,30.584
04.16.2002-00:00:00,04,16,2002,00,30.558
04.16.2002-03:00:00,04,16,2002,03,30.532
04.16.2002-06:00:00,04,16,2002,06,30.504
04.16.2002-09:00:00,04,16,2002,09,30.433
04.16.2002-12:00:00,04,16,2002,12,30.381
04.16.2002-15:00:00,04,16,2002,15,30.408
04.16.2002-18:00:00,04,16,2002,18,30.383
04.16.2002-21:00:00,04,16,2002,21,30.357
04.17.2002-00:00:00,04,17,2002,00,30.331
04.17.2002-03:00:00,04,17,2002,03,30.304
04.17.2002-06:00:00,04,17,2002,06,30.274
04.17.2002-09:00:00,04,17,2002,09,30.158
04.17.2002-12:00:00,04,17,2002,12,30.086
04.17.2002-15:00:00,04,17,2002,15,30.133
04.17.2002-18:00:00,04,17,2002,18,30.165
04.17.2002-21:00:00,04,17,2002,21,30.14
04.18.2002-00:00:00,04,18,2002,00,30.114
04.18.2002-03:00:00,04,18,2002,03,30.087
04.18.2002-06:00:00,04,18,2002,06,30.061
04.18.2002-09:00:00,04,18,2002,09,29.909
04.18.2002-12:00:00,04,18,2002,12,29.78
04.18.2002-15:00:00,04,18,2002,15,29.853
04.18.2002-18:00:00,04,18,2002,18,29.904
04.18.2002-21:00:00,04,18,2002,21,29.88
04.19.2002-00:00:00,04,19,2002,00,29.854
04.19.2002-03:00:00,04,19,2002,03,29.827
04.19.2002-06:00:00,04,19,2002,06,29.787
04.19.2002-09:00:00,04,19,2002,09,29.617
04.19.2002-12:00:00,04,19,2002,12,29.658
04.19.2002-15:00:00,04,19,2002,15,29.795
04.19.2002-18:00:00,04,19,2002,18,29.893
04.19.2002-21:00:00,04,19,2002,21,29.927
04.20.2002-00:00:00,04,20,2002,00,29.934
04.20.2002-03:00:00,04,20,2002,03,29.909
04.20.2002-06:00:00,04,20,2002,06,29.844
04.20.2002-09:00:00,04,20,2002,09,29.841
04.20.2002-12:00:00,04,20,2002,12,30.061
04.20.2002-15:00:00,04,20,2002,15,30.484
04.20.2002-18:00:00,04,20,2002,18,30.808
04.20.2002-21:00:00,04,20,2002,21,30.949
04.21.2002-00:00:00,04,21,2002,00,31.069
04.21.2002-03:00:00,04,21,2002,03,31.163
04.21.2002-06:00:00,04,21,2002,06,31.223
04.21.2002-09:00:00,04,21,2002,09,31.401
04.21.2002-12:00:00,04,21,2002,12,31.876
04.21.2002-15:00:00,04,21,2002,15,36.158
04.21.2002-18:00:00,04,21,2002,18,46.934
04.21.2002-21:00:00,04,21,2002,21,37.868
04.22.2002-00:00:00,04,22,2002,00,40.472
04.22.2002-03:00:00,04,22,2002,03,32.886
04.22.2002-06:00:00,04,22,2002,06,32.966
04.22.2002-09:00:00,04,22,2002,09,51.623
04.22.2002-12:00:00,04,22,2002,12,45.398
04.22.2002-15:00:00,04,22,2002,15,50.188
04.22.2002-18:00:00,04,22,2002,18,40.322
04.22.2002-21:00:00,04,22,2002,21,41.701
04.23.2002-00:00:00,04,23,2002,00,33.867
04.23.2002-03:00:00,04,23,2002,03,33.582
04.23.2002-06:00:00,04,23,2002,06,33.529
04.23.2002-09:00:00,04,23,2002,09,33.378
04.23.2002-12:00:00,04,23,2002,12,33.263
04.23.2002-15:00:00,04,23,2002,15,33.297
04.23.2002-18:00:00,04,23,2002,18,33.237
04.23.2002-21:00:00,04,23,2002,21,33.174
04.24.2002-00:00:00,04,24,2002,00,33.111
04.24.2002-03:00:00,04,24,2002,03,33.05
04.24.2002-06:00:00,04,24,2002,06,32.988
04.24.2002-09:00:00,04,24,2002,09,32.814
04.24.2002-12:00:00,04,24,2002,12,32.655
04.24.2002-15:00:00,04,24,2002,15,32.579
04.24.2002-18:00:00,04,24,2002,18,32.522
04.24.2002-21:00:00,04,24,2002,21,32.466
04.25.2002-00:00:00,04,25,2002,00,32.411
04.25.2002-03:00:00,04,25,2002,03,32.356
04.25.2002-06:00:00,04,25,2002,06,32.262
04.25.2002-09:00:00,04,25,2002,09,32.089
04.25.2002-12:00:00,04,25,2002,12,32.153
04.25.2002-15:00:00,04,25,2002,15,32.249
04.25.2002-18:00:00,04,25,2002,18,32.315
04.25.2002-21:00:00,04,25,2002,21,32.328
04.26.2002-00:00:00,04,26,2002,00,32.273
04.26.2002-03:00:00,04,26,2002,03,32.217
04.26.2002-06:00:00,04,26,2002,06,32.13
04.26.2002-09:00:00,04,26,2002,09,31.968
04.26.2002-12:00:00,04,26,2002,12,32.03
04.26.2002-15:00:00,04,26,2002,15,32.137
04.26.2002-18:00:00,04,26,2002,18,34.855
04.26.2002-21:00:00,04,26,2002,21,38.294
04.27.2002-00:00:00,04,27,2002,00,32.368
04.27.2002-03:00:00,04,27,2002,03,32.153
04.27.2002-06:00:00,04,27,2002,06,32.099
04.27.2002-09:00:00,04,27,2002,09,42.952
04.27.2002-12:00:00,04,27,2002,12,59.673
04.27.2002-15:00:00,04,27,2002,15,41.59
04.27.2002-18:00:00,04,27,2002,18,46.347
04.27.2002-21:00:00,04,27,2002,21,36.424
04.28.2002-00:00:00,04,28,2002,00,37.154
04.28.2002-03:00:00,04,28,2002,03,33.236
04.28.2002-06:00:00,04,28,2002,06,33.006
04.28.2002-09:00:00,04,28,2002,09,33.532
04.28.2002-12:00:00,04,28,2002,12,65.56
04.28.2002-15:00:00,04,28,2002,15,46.844
04.28.2002-18:00:00,04,28,2002,18,50.126
04.28.2002-21:00:00,04,28,2002,21,38.271
04.29.2002-00:00:00,04,29,2002,00,38.826
04.29.2002-03:00:00,04,29,2002,03,34.554
04.29.2002-06:00:00,04,29,2002,06,34.295
04.29.2002-09:00:00,04,29,2002,09,40.481
04.29.2002-12:00:00,04,29,2002,12,72.403
04.29.2002-15:00:00,04,29,2002,15,54.703
04.29.2002-18:00:00,04,29,2002,18,56.975
04.29.2002-21:00:00,04,29,2002,21,45.224
04.30.2002-00:00:00,04,30,2002,00,52.486
04.30.2002-03:00:00,04,30,2002,03,41.199
04.30.2002-06:00:00,04,30,2002,06,53.292
04.30.2002-09:00:00,04,30,2002,09,85.929
04.30.2002-12:00:00,04,30,2002,12,102.92
04.30.2002-15:00:00,04,30,2002,15,85.855
04.30.2002-18:00:00,04,30,2002,18,78.108
04.30.2002-21:00:00,04,30,2002,21,65.692
05.01.2002-00:00:00,05,01,2002,00,53.729
05.01.2002-03:00:00,05,01,2002,03,41.413
05.01.2002-06:00:00,05,01,2002,06,43.814
05.01.2002-09:00:00,05,01,2002,09,70.772
05.01.2002-12:00:00,05,01,2002,12,116.29
05.01.2002-15:00:00,05,01,2002,15,80.944
05.01.2002-18:00:00,05,01,2002,18,80.176
05.01.2002-21:00:00,05,01,2002,21,63.623
05.02.2002-00:00:00,05,02,2002,00,60.876
05.02.2002-03:00:00,05,02,2002,03,52.778
05.02.2002-06:00:00,05,02,2002,06,62.156
05.02.2002-09:00:00,05,02,2002,09,84.333
05.02.2002-12:00:00,05,02,2002,12,143.03
05.02.2002-15:00:00,05,02,2002,15,111.25
05.02.2002-18:00:00,05,02,2002,18,100.76
05.02.2002-21:00:00,05,02,2002,21,87.157
05.03.2002-00:00:00,05,03,2002,00,67.441
05.03.2002-03:00:00,05,03,2002,03,52.594
05.03.2002-06:00:00,05,03,2002,06,51.225
05.03.2002-09:00:00,05,03,2002,09,78.251
05.03.2002-12:00:00,05,03,2002,12,121.57
05.03.2002-15:00:00,05,03,2002,15,84.149
05.03.2002-18:00:00,05,03,2002,18,79.111
05.03.2002-21:00:00,05,03,2002,21,61.079
05.04.2002-00:00:00,05,04,2002,00,54.685
05.04.2002-03:00:00,05,04,2002,03,54.466
05.04.2002-06:00:00,05,04,2002,06,54.547
05.04.2002-09:00:00,05,04,2002,09,51.987
05.04.2002-12:00:00,05,04,2002,12,65.937
05.04.2002-15:00:00,05,04,2002,15,83.47
05.04.2002-18:00:00,05,04,2002,18,69.735
05.04.2002-21:00:00,05,04,2002,21,57.447
05.05.2002-00:00:00,05,05,2002,00,54.577
05.05.2002-03:00:00,05,05,2002,03,54.481
05.05.2002-06:00:00,05,05,2002,06,53.688
05.05.2002-09:00:00,05,05,2002,09,55.589
05.05.2002-12:00:00,05,05,2002,12,104.46
05.05.2002-15:00:00,05,05,2002,15,86.037
05.05.2002-18:00:00,05,05,2002,18,72.243
05.05.2002-21:00:00,05,05,2002,21,58.897
05.06.2002-00:00:00,05,06,2002,00,55.324
05.06.2002-03:00:00,05,06,2002,03,55.076
05.06.2002-06:00:00,05,06,2002,06,55.101
05.06.2002-09:00:00,05,06,2002,09,52.829
05.06.2002-12:00:00,05,06,2002,12,52.671
05.06.2002-15:00:00,05,06,2002,15,62.252
05.06.2002-18:00:00,05,06,2002,18,60.731
05.06.2002-21:00:00,05,06,2002,21,54.939
05.07.2002-00:00:00,05,07,2002,00,54.683
05.07.2002-03:00:00,05,07,2002,03,54.608
05.07.2002-06:00:00,05,07,2002,06,54.509
05.07.2002-09:00:00,05,07,2002,09,51.968
05.07.2002-12:00:00,05,07,2002,12,64.058
05.07.2002-15:00:00,05,07,2002,15,81.72
05.07.2002-18:00:00,05,07,2002,18,69.82
05.07.2002-21:00:00,05,07,2002,21,55.785
05.08.2002-00:00:00,05,08,2002,00,54.464
05.08.2002-03:00:00,05,08,2002,03,54.402
05.08.2002-06:00:00,05,08,2002,06,54.343
05.08.2002-09:00:00,05,08,2002,09,51.995
05.08.2002-12:00:00,05,08,2002,12,58.401
05.08.2002-15:00:00,05,08,2002,15,80.213
05.08.2002-18:00:00,05,08,2002,18,70.961
05.08.2002-21:00:00,05,08,2002,21,55.545
05.09.2002-00:00:00,05,09,2002,00,54.399
05.09.2002-03:00:00,05,09,2002,03,54.355
05.09.2002-06:00:00,05,09,2002,06,54.294
05.09.2002-09:00:00,05,09,2002,09,52.103
05.09.2002-12:00:00,05,09,2002,12,51.876
05.09.2002-15:00:00,05,09,2002,15,60.961
05.09.2002-18:00:00,05,09,2002,18,61.903
05.09.2002-21:00:00,05,09,2002,21,53.719
05.10.2002-00:00:00,05,10,2002,00,53.751
05.10.2002-03:00:00,05,10,2002,03,53.693
05.10.2002-06:00:00,05,10,2002,06,52.348
05.10.2002-09:00:00,05,10,2002,09,51.514
05.10.2002-12:00:00,05,10,2002,12,70.061
05.10.2002-15:00:00,05,10,2002,15,93.879
05.10.2002-18:00:00,05,10,2002,18,90.519
05.10.2002-21:00:00,05,10,2002,21,68.841
05.11.2002-00:00:00,05,11,2002,00,62.747
05.11.2002-03:00:00,05,11,2002,03,56.343
05.11.2002-06:00:00,05,11,2002,06,59.078
05.11.2002-09:00:00,05,11,2002,09,123.12
05.11.2002-12:00:00,05,11,2002,12,160.49
05.11.2002-15:00:00,05,11,2002,15,130.1
05.11.2002-18:00:00,05,11,2002,18,116.86
05.11.2002-21:00:00,05,11,2002,21,97.762
05.12.2002-00:00:00,05,12,2002,00,79.964
05.12.2002-03:00:00,05,12,2002,03,64.167
05.12.2002-06:00:00,05,12,2002,06,60.378
05.12.2002-09:00:00,05,12,2002,09,133.35
05.12.2002-12:00:00,05,12,2002,12,174.22
05.12.2002-15:00:00,05,12,2002,15,151.39
05.12.2002-18:00:00,05,12,2002,18,133.72
05.12.2002-21:00:00,05,12,2002,21,107.24
05.13.2002-00:00:00,05,13,2002,00,93.406
05.13.2002-03:00:00,05,13,2002,03,77.024
05.13.2002-06:00:00,05,13,2002,06,83.196
05.13.2002-09:00:00,05,13,2002,09,145.32
05.13.2002-12:00:00,05,13,2002,12,202.32
05.13.2002-15:00:00,05,13,2002,15,193.72
05.13.2002-18:00:00,05,13,2002,18,162.37
05.13.2002-21:00:00,05,13,2002,21,138.53
05.14.2002-00:00:00,05,14,2002,00,117.2
05.14.2002-03:00:00,05,14,2002,03,83.562
05.14.2002-06:00:00,05,14,2002,06,79.183
05.14.2002-09:00:00,05,14,2002,09,116.57
05.14.2002-12:00:00,05,14,2002,12,208.1
05.14.2002-15:00:00,05,14,2002,15,158.25
05.14.2002-18:00:00,05,14,2002,18,131.45
05.14.2002-21:00:00,05,14,2002,21,121.08
05.15.2002-00:00:00,05,15,2002,00,96.347
05.15.2002-03:00:00,05,15,2002,03,86.921
05.15.2002-06:00:00,05,15,2002,06,82.602
05.15.2002-09:00:00,05,15,2002,09,130.3
05.15.2002-12:00:00,05,15,2002,12,218.52
05.15.2002-15:00:00,05,15,2002,15,141.27
05.15.2002-18:00:00,05,15,2002,18,130.21
05.15.2002-21:00:00,05,15,2002,21,107.94
05.16.2002-00:00:00,05,16,2002,00,97.448
05.16.2002-03:00:00,05,16,2002,03,92.328
05.16.2002-06:00:00,05,16,2002,06,89.396
05.16.2002-09:00:00,05,16,2002,09,128.52
05.16.2002-12:00:00,05,16,2002,12,205.89
05.16.2002-15:00:00,05,16,2002,15,164.06
05.16.2002-18:00:00,05,16,2002,18,156.8
05.16.2002-21:00:00,05,16,2002,21,123.19
05.17.2002-00:00:00,05,17,2002,00,125.73
05.17.2002-03:00:00,05,17,2002,03,115.34
05.17.2002-06:00:00,05,17,2002,06,135.19
05.17.2002-09:00:00,05,17,2002,09,276.05
05.17.2002-12:00:00,05,17,2002,12,321.03
05.17.2002-15:00:00,05,17,2002,15,253.94
05.17.2002-18:00:00,05,17,2002,18,198.05
05.17.2002-21:00:00,05,17,2002,21,182.23
05.18.2002-00:00:00,05,18,2002,00,144.7
05.18.2002-03:00:00,05,18,2002,03,122.18
05.18.2002-06:00:00,05,18,2002,06,130.86
05.18.2002-09:00:00,05,18,2002,09,316.38
05.18.2002-12:00:00,05,18,2002,12,379.37
05.18.2002-15:00:00,05,18,2002,15,235.63
05.18.2002-18:00:00,05,18,2002,18,205.05
05.18.2002-21:00:00,05,18,2002,21,164.31
05.19.2002-00:00:00,05,19,2002,00,164.01
05.19.2002-03:00:00,05,19,2002,03,140.35
05.19.2002-06:00:00,05,19,2002,06,174.55
05.19.2002-09:00:00,05,19,2002,09,380.58
05.19.2002-12:00:00,05,19,2002,12,382.25
05.19.2002-15:00:00,05,19,2002,15,307.74
05.19.2002-18:00:00,05,19,2002,18,236.58
05.19.2002-21:00:00,05,19,2002,21,218.91
05.20.2002-00:00:00,05,20,2002,00,280.98
05.20.2002-03:00:00,05,20,2002,03,316.45
05.20.2002-06:00:00,05,20,2002,06,368.11
05.20.2002-09:00:00,05,20,2002,09,544.53
05.20.2002-12:00:00,05,20,2002,12,565.74
05.20.2002-15:00:00,05,20,2002,15,531.97
05.20.2002-18:00:00,05,20,2002,18,488.52
05.20.2002-21:00:00,05,20,2002,21,465.49
05.21.2002-00:00:00,05,21,2002,00,391.43
05.21.2002-03:00:00,05,21,2002,03,356.96
05.21.2002-06:00:00,05,21,2002,06,373.35
05.21.2002-09:00:00,05,21,2002,09,454.65
05.21.2002-12:00:00,05,21,2002,12,493.33
05.21.2002-15:00:00,05,21,2002,15,454.99
05.21.2002-18:00:00,05,21,2002,18,411.06
05.21.2002-21:00:00,05,21,2002,21,403.87
05.22.2002-00:00:00,05,22,2002,00,320.34
05.22.2002-03:00:00,05,22,2002,03,320.38
05.22.2002-06:00:00,05,22,2002,06,346.22
05.22.2002-09:00:00,05,22,2002,09,408.14
05.22.2002-12:00:00,05,22,2002,12,446.84
05.22.2002-15:00:00,05,22,2002,15,422.59
05.22.2002-18:00:00,05,22,2002,18,388.18
05.22.2002-21:00:00,05,22,2002,21,367.32
05.23.2002-00:00:00,05,23,2002,00,300.08
05.23.2002-03:00:00,05,23,2002,03,271.07
05.23.2002-06:00:00,05,23,2002,06,359.47
05.23.2002-09:00:00,05,23,2002,09,650.89
05.23.2002-12:00:00,05,23,2002,12,756.53
05.23.2002-15:00:00,05,23,2002,15,529.03
05.23.2002-18:00:00,05,23,2002,18,426.76
05.23.2002-21:00:00,05,23,2002,21,459.31
05.24.2002-00:00:00,05,24,2002,00,377.87
05.24.2002-03:00:00,05,24,2002,03,355.8
05.24.2002-06:00:00,05,24,2002,06,331
05.24.2002-09:00:00,05,24,2002,09,576.86
05.24.2002-12:00:00,05,24,2002,12,864.84
05.24.2002-15:00:00,05,24,2002,15,686.01
05.24.2002-18:00:00,05,24,2002,18,594.66
05.24.2002-21:00:00,05,24,2002,21,487.34
05.25.2002-00:00:00,05,25,2002,00,457.41
05.25.2002-03:00:00,05,25,2002,03,429.6
05.25.2002-06:00:00,05,25,2002,06,527.04
05.25.2002-09:00:00,05,25,2002,09,852.11
05.25.2002-12:00:00,05,25,2002,12,991.97
05.25.2002-15:00:00,05,25,2002,15,839.47
05.25.2002-18:00:00,05,25,2002,18,794.43
05.25.2002-21:00:00,05,25,2002,21,709
05.26.2002-00:00:00,05,26,2002,00,627.61
05.26.2002-03:00:00,05,26,2002,03,555.73
05.26.2002-06:00:00,05,26,2002,06,584.14
05.26.2002-09:00:00,05,26,2002,09,982.3
05.26.2002-12:00:00,05,26,2002,12,1206.7
05.26.2002-15:00:00,05,26,2002,15,1118.4
05.26.2002-18:00:00,05,26,2002,18,995.7
05.26.2002-21:00:00,05,26,2002,21,880.61
05.27.2002-00:00:00,05,27,2002,00,819.83
05.27.2002-03:00:00,05,27,2002,03,728.01
05.27.2002-06:00:00,05,27,2002,06,754.45
05.27.2002-09:00:00,05,27,2002,09,1146.9
05.27.2002-12:00:00,05,27,2002,12,1378.2
05.27.2002-15:00:00,05,27,2002,15,1290.6
05.27.2002-18:00:00,05,27,2002,18,1152.2
05.27.2002-21:00:00,05,27,2002,21,1112.1
05.28.2002-00:00:00,05,28,2002,00,1151
05.28.2002-03:00:00,05,28,2002,03,1040.4
05.28.2002-06:00:00,05,28,2002,06,1153.8
05.28.2002-09:00:00,05,28,2002,09,1522.3
05.28.2002-12:00:00,05,28,2002,12,1792.8
05.28.2002-15:00:00,05,28,2002,15,1765.4
05.28.2002-18:00:00,05,28,2002,18,1743.3
05.28.2002-21:00:00,05,28,2002,21,1685.9
05.29.2002-00:00:00,05,29,2002,00,1512.2
05.29.2002-03:00:00,05,29,2002,03,1341.2
05.29.2002-06:00:00,05,29,2002,06,1417.2
05.29.2002-09:00:00,05,29,2002,09,1643.2
05.29.2002-12:00:00,05,29,2002,12,1933.8
05.29.2002-15:00:00,05,29,2002,15,1920.1
05.29.2002-18:00:00,05,29,2002,18,1947.4
05.29.2002-21:00:00,05,29,2002,21,1791
05.30.2002-00:00:00,05,30,2002,00,1665.3
05.30.2002-03:00:00,05,30,2002,03,1494.2
05.30.2002-06:00:00,05,30,2002,06,1334.9
05.30.2002-09:00:00,05,30,2002,09,1646
05.30.2002-12:00:00,05,30,2002,12,2020.9
05.30.2002-15:00:00,05,30,2002,15,2175.6
05.30.2002-18:00:00,05,30,2002,18,2111.5
05.30.2002-21:00:00,05,30,2002,21,1921.6
05.31.2002-00:00:00,05,31,2002,00,1771
05.31.2002-03:00:00,05,31,2002,03,1615.7
05.31.2002-06:00:00,05,31,2002,06,1433.2
05.31.2002-09:00:00,05,31,2002,09,1645.1
05.31.2002-12:00:00,05,31,2002,12,1915.6
05.31.2002-15:00:00,05,31,2002,15,2088.5
05.31.2002-18:00:00,05,31,2002,18,2074.1
05.31.2002-21:00:00,05,31,2002,21,1947.5
06.01.2002-00:00:00,06,01,2002,00,1775.7
06.01.2002-03:00:00,06,01,2002,03,1624.3
06.01.2002-06:00:00,06,01,2002,06,1442.8
06.01.2002-09:00:00,06,01,2002,09,1698.5
06.01.2002-12:00:00,06,01,2002,12,2095.5
06.01.2002-15:00:00,06,01,2002,15,2349.4
06.01.2002-18:00:00,06,01,2002,18,2435
06.01.2002-21:00:00,06,01,2002,21,2286.7
06.02.2002-00:00:00,06,02,2002,00,2175.5
06.02.2002-03:00:00,06,02,2002,03,1924.7
06.02.2002-06:00:00,06,02,2002,06,1770.1
06.02.2002-09:00:00,06,02,2002,09,1936.1
06.02.2002-12:00:00,06,02,2002,12,2291.5
06.02.2002-15:00:00,06,02,2002,15,2546.7
06.02.2002-18:00:00,06,02,2002,18,2759.1
06.02.2002-21:00:00,06,02,2002,21,2629
06.03.2002-00:00:00,06,03,2002,00,2485.8
06.03.2002-03:00:00,06,03,2002,03,2201.8
06.03.2002-06:00:00,06,03,2002,06,1975.9
06.03.2002-09:00:00,06,03,2002,09,2126.1
06.03.2002-12:00:00,06,03,2002,12,2340.4
06.03.2002-15:00:00,06,03,2002,15,2698.4
06.03.2002-18:00:00,06,03,2002,18,2909.2
06.03.2002-21:00:00,06,03,2002,21,2788.4
06.04.2002-00:00:00,06,04,2002,00,2719.5
06.04.2002-03:00:00,06,04,2002,03,2461.5
06.04.2002-06:00:00,06,04,2002,06,2459.7
06.04.2002-09:00:00,06,04,2002,09,2544.7
06.04.2002-12:00:00,06,04,2002,12,2967.9
06.04.2002-15:00:00,06,04,2002,15,3339.5
06.04.2002-18:00:00,06,04,2002,18,3400.9
06.04.2002-21:00:00,06,04,2002,21,3416.8
06.05.2002-00:00:00,06,05,2002,00,3264.5
06.05.2002-03:00:00,06,05,2002,03,3056.8
06.05.2002-06:00:00,06,05,2002,06,2819.5
06.05.2002-09:00:00,06,05,2002,09,2984.1
06.05.2002-12:00:00,06,05,2002,12,3314.5
06.05.2002-15:00:00,06,05,2002,15,3713.9
06.05.2002-18:00:00,06,05,2002,18,3665.3
06.05.2002-21:00:00,06,05,2002,21,3638.7
06.06.2002-00:00:00,06,06,2002,00,3401.3
06.06.2002-03:00:00,06,06,2002,03,3050.5
06.06.2002-06:00:00,06,06,2002,06,2829.4
06.06.2002-09:00:00,06,06,2002,09,2643.4
06.06.2002-12:00:00,06,06,2002,12,2911.3
06.06.2002-15:00:00,06,06,2002,15,2979.4
06.06.2002-18:00:00,06,06,2002,18,2858.1
06.06.2002-21:00:00,06,06,2002,21,2826.1
06.07.2002-00:00:00,06,07,2002,00,2581.6
06.07.2002-03:00:00,06,07,2002,03,2309.9
06.07.2002-06:00:00,06,07,2002,06,2033.1
06.07.2002-09:00:00,06,07,2002,09,1932.1
06.07.2002-12:00:00,06,07,2002,12,2014.1
06.07.2002-15:00:00,06,07,2002,15,2061.9
06.07.2002-18:00:00,06,07,2002,18,2086.2
06.07.2002-21:00:00,06,07,2002,21,2057.3
06.08.2002-00:00:00,06,08,2002,00,1862.6
06.08.2002-03:00:00,06,08,2002,03,1741.2
06.08.2002-06:00:00,06,08,2002,06,1537.3
06.08.2002-09:00:00,06,08,2002,09,1441.9
06.08.2002-12:00:00,06,08,2002,12,1474.9
06.08.2002-15:00:00,06,08,2002,15,1448.2
06.08.2002-18:00:00,06,08,2002,18,1465.4
06.08.2002-21:00:00,06,08,2002,21,1519
06.09.2002-00:00:00,06,09,2002,00,1412.3
06.09.2002-03:00:00,06,09,2002,03,1326.1
06.09.2002-06:00:00,06,09,2002,06,1288.6
06.09.2002-09:00:00,06,09,2002,09,1567.2
06.09.2002-12:00:00,06,09,2002,12,2015.6
06.09.2002-15:00:00,06,09,2002,15,2336.7
06.09.2002-18:00:00,06,09,2002,18,2535.2
06.09.2002-21:00:00,06,09,2002,21,2557.2
06.10.2002-00:00:00,06,10,2002,00,2304.6
06.10.2002-03:00:00,06,10,2002,03,1972
06.10.2002-06:00:00,06,10,2002,06,1751.2
06.10.2002-09:00:00,06,10,2002,09,1818
06.10.2002-12:00:00,06,10,2002,12,2203.7
06.10.2002-15:00:00,06,10,2002,15,2422.1
06.10.2002-18:00:00,06,10,2002,18,2730.8
06.10.2002-21:00:00,06,10,2002,21,2811.4
06.11.2002-00:00:00,06,11,2002,00,2533.7
06.11.2002-03:00:00,06,11,2002,03,2217.1
06.11.2002-06:00:00,06,11,2002,06,1901.5
06.11.2002-09:00:00,06,11,2002,09,1899.2
06.11.2002-12:00:00,06,11,2002,12,2064.4
06.11.2002-15:00:00,06,11,2002,15,2251.2
06.11.2002-18:00:00,06,11,2002,18,2404.5
06.11.2002-21:00:00,06,11,2002,21,2431.1
06.12.2002-00:00:00,06,12,2002,00,2328
06.12.2002-03:00:00,06,12,2002,03,2099.4
06.12.2002-06:00:00,06,12,2002,06,1886.2
06.12.2002-09:00:00,06,12,2002,09,1932.6
06.12.2002-12:00:00,06,12,2002,12,2033.1
06.12.2002-15:00:00,06,12,2002,15,2114.2
06.12.2002-18:00:00,06,12,2002,18,2274.6
06.12.2002-21:00:00,06,12,2002,21,2336
06.13.2002-00:00:00,06,13,2002,00,2221.1
06.13.2002-03:00:00,06,13,2002,03,2106.3
06.13.2002-06:00:00,06,13,2002,06,1924.3
06.13.2002-09:00:00,06,13,2002,09,1936.9
06.13.2002-12:00:00,06,13,2002,12,2056.4
06.13.2002-15:00:00,06,13,2002,15,1901.3
06.13.2002-18:00:00,06,13,2002,18,1944.3
06.13.2002-21:00:00,06,13,2002,21,1991.5
06.14.2002-00:00:00,06,14,2002,00,2084.4
06.14.2002-03:00:00,06,14,2002,03,1952.3
06.14.2002-06:00:00,06,14,2002,06,1753.4
06.14.2002-09:00:00,06,14,2002,09,1860.3
06.14.2002-12:00:00,06,14,2002,12,1629.4
06.14.2002-15:00:00,06,14,2002,15,1612.5
06.14.2002-18:00:00,06,14,2002,18,1557.4
06.14.2002-21:00:00,06,14,2002,21,1783.5
06.15.2002-00:00:00,06,15,2002,00,2152.1
06.15.2002-03:00:00,06,15,2002,03,2060.5
06.15.2002-06:00:00,06,15,2002,06,1907.3
06.15.2002-09:00:00,06,15,2002,09,1744.3
06.15.2002-12:00:00,06,15,2002,12,1795.9
06.15.2002-15:00:00,06,15,2002,15,1422.3
06.15.2002-18:00:00,06,15,2002,18,1656.6
06.15.2002-21:00:00,06,15,2002,21,1719.5
06.16.2002-00:00:00,06,16,2002,00,1978.3
06.16.2002-03:00:00,06,16,2002,03,2084.9
06.16.2002-06:00:00,06,16,2002,06,1816.9
06.16.2002-09:00:00,06,16,2002,09,1717.3
06.16.2002-12:00:00,06,16,2002,12,1567
06.16.2002-15:00:00,06,16,2002,15,1373.6
06.16.2002-18:00:00,06,16,2002,18,1322
06.16.2002-21:00:00,06,16,2002,21,1302.9
06.17.2002-00:00:00,06,17,2002,00,1582.8
06.17.2002-03:00:00,06,17,2002,03,1784.8
06.17.2002-06:00:00,06,17,2002,06,1662.7
06.17.2002-09:00:00,06,17,2002,09,1460.8
06.17.2002-12:00:00,06,17,2002,12,1380.4
06.17.2002-15:00:00,06,17,2002,15,1255.6
06.17.2002-18:00:00,06,17,2002,18,1183
06.17.2002-21:00:00,06,17,2002,21,1186.1
06.18.2002-00:00:00,06,18,2002,00,1206.5
06.18.2002-03:00:00,06,18,2002,03,1251.5
06.18.2002-06:00:00,06,18,2002,06,1278.2
06.18.2002-09:00:00,06,18,2002,09,1212.3
06.18.2002-12:00:00,06,18,2002,12,1132.3
06.18.2002-15:00:00,06,18,2002,15,1080.8
06.18.2002-18:00:00,06,18,2002,18,1035
06.18.2002-21:00:00,06,18,2002,21,1012.7
06.19.2002-00:00:00,06,19,2002,00,1072.6
06.19.2002-03:00:00,06,19,2002,03,1107.8
06.19.2002-06:00:00,06,19,2002,06,1048.6
06.19.2002-09:00:00,06,19,2002,09,977.7
06.19.2002-12:00:00,06,19,2002,12,884.28
06.19.2002-15:00:00,06,19,2002,15,785.13
06.19.2002-18:00:00,06,19,2002,18,784.7
06.19.2002-21:00:00,06,19,2002,21,830.6
06.20.2002-00:00:00,06,20,2002,00,951.78
06.20.2002-03:00:00,06,20,2002,03,1025.3
06.20.2002-06:00:00,06,20,2002,06,948.01
06.20.2002-09:00:00,06,20,2002,09,834.68
06.20.2002-12:00:00,06,20,2002,12,738.42
06.20.2002-15:00:00,06,20,2002,15,634.58
06.20.2002-18:00:00,06,20,2002,18,679.63
06.20.2002-21:00:00,06,20,2002,21,689.44
06.21.2002-00:00:00,06,21,2002,00,787.81
06.21.2002-03:00:00,06,21,2002,03,823.29
06.21.2002-06:00:00,06,21,2002,06,786.84
06.21.2002-09:00:00,06,21,2002,09,712.82
06.21.2002-12:00:00,06,21,2002,12,631.53
06.21.2002-15:00:00,06,21,2002,15,553.77
06.21.2002-18:00:00,06,21,2002,18,560.83
06.21.2002-21:00:00,06,21,2002,21,599.16
06.22.2002-00:00:00,06,22,2002,00,712.66
06.22.2002-03:00:00,06,22,2002,03,762.66
06.22.2002-06:00:00,06,22,2002,06,738.44
06.22.2002-09:00:00,06,22,2002,09,674.79
06.22.2002-12:00:00,06,22,2002,12,604.68
06.22.2002-15:00:00,06,22,2002,15,537
06.22.2002-18:00:00,06,22,2002,18,526.35
06.22.2002-21:00:00,06,22,2002,21,596.03
06.23.2002-00:00:00,06,23,2002,00,688.55
06.23.2002-03:00:00,06,23,2002,03,737.2
06.23.2002-06:00:00,06,23,2002,06,704.87
06.23.2002-09:00:00,06,23,2002,09,649.81
06.23.2002-12:00:00,06,23,2002,12,552.79
06.23.2002-15:00:00,06,23,2002,15,497.16
06.23.2002-18:00:00,06,23,2002,18,504.54
06.23.2002-21:00:00,06,23,2002,21,563.9
06.24.2002-00:00:00,06,24,2002,00,673.51
06.24.2002-03:00:00,06,24,2002,03,712.33
06.24.2002-06:00:00,06,24,2002,06,674.46
06.24.2002-09:00:00,06,24,2002,09,604.56
06.24.2002-12:00:00,06,24,2002,12,533.71
06.24.2002-15:00:00,06,24,2002,15,442.24
06.24.2002-18:00:00,06,24,2002,18,483.12
06.24.2002-21:00:00,06,24,2002,21,533.13
06.25.2002-00:00:00,06,25,2002,00,631.26
06.25.2002-03:00:00,06,25,2002,03,659.64
06.25.2002-06:00:00,06,25,2002,06,618.53
06.25.2002-09:00:00,06,25,2002,09,550.75
06.25.2002-12:00:00,06,25,2002,12,480.05
06.25.2002-15:00:00,06,25,2002,15,412.16
06.25.2002-18:00:00,06,25,2002,18,418.52
06.25.2002-21:00:00,06,25,2002,21,479.07
06.26.2002-00:00:00,06,26,2002,00,568.4
06.26.2002-03:00:00,06,26,2002,03,610.95
06.26.2002-06:00:00,06,26,2002,06,589.35
06.26.2002-09:00:00,06,26,2002,09,514.95
06.26.2002-12:00:00,06,26,2002,12,474.77
06.26.2002-15:00:00,06,26,2002,15,386.82
06.26.2002-18:00:00,06,26,2002,18,410.02
06.26.2002-21:00:00,06,26,2002,21,469.16
06.27.2002-00:00:00,06,27,2002,00,543.42
06.27.2002-03:00:00,06,27,2002,03,561.67
06.27.2002-06:00:00,06,27,2002,06,536.83
06.27.2002-09:00:00,06,27,2002,09,473.35
06.27.2002-12:00:00,06,27,2002,12,415.53
06.27.2002-15:00:00,06,27,2002,15,356.76
06.27.2002-18:00:00,06,27,2002,18,387.97
06.27.2002-21:00:00,06,27,2002,21,447.98
06.28.2002-00:00:00,06,28,2002,00,514.43
06.28.2002-03:00:00,06,28,2002,03,551.07
06.28.2002-06:00:00,06,28,2002,06,535.07
06.28.2002-09:00:00,06,28,2002,09,520.68
06.28.2002-12:00:00,06,28,2002,12,511.02
06.28.2002-15:00:00,06,28,2002,15,463.3
06.28.2002-18:00:00,06,28,2002,18,471.74
06.28.2002-21:00:00,06,28,2002,21,512.33
06.29.2002-00:00:00,06,29,2002,00,573.55
06.29.2002-03:00:00,06,29,2002,03,620.67
06.29.2002-06:00:00,06,29,2002,06,626.42
06.29.2002-09:00:00,06,29,2002,09,642.95
06.29.2002-12:00:00,06,29,2002,12,605.68
06.29.2002-15:00:00,06,29,2002,15,611.87
06.29.2002-18:00:00,06,29,2002,18,587.84
06.29.2002-21:00:00,06,29,2002,21,606.94
06.30.2002-00:00:00,06,30,2002,00,598.9
06.30.2002-03:00:00,06,30,2002,03,611.76
06.30.2002-06:00:00,06,30,2002,06,589.86
06.30.2002-09:00:00,06,30,2002,09,540.4
06.30.2002-12:00:00,06,30,2002,12,516.28
06.30.2002-15:00:00,06,30,2002,15,455.7
06.30.2002-18:00:00,06,30,2002,18,457.2
06.30.2002-21:00:00,06,30,2002,21,488.92
07.01.2002-00:00:00,07,01,2002,00,524.6
07.01.2002-03:00:00,07,01,2002,03,538.69
07.01.2002-06:00:00,07,01,2002,06,523.97
07.01.2002-09:00:00,07,01,2002,09,465.96
07.01.2002-12:00:00,07,01,2002,12,432.94
07.01.2002-15:00:00,07,01,2002,15,419.56
07.01.2002-18:00:00,07,01,2002,18,422.83
07.01.2002-21:00:00,07,01,2002,21,470.35
07.02.2002-00:00:00,07,02,2002,00,508.33
07.02.2002-03:00:00,07,02,2002,03,517.84
07.02.2002-06:00:00,07,02,2002,06,490.39
07.02.2002-09:00:00,07,02,2002,09,438.38
07.02.2002-12:00:00,07,02,2002,12,400.82
07.02.2002-15:00:00,07,02,2002,15,384.11
07.02.2002-18:00:00,07,02,2002,18,398.75
07.02.2002-21:00:00,07,02,2002,21,443.97
07.03.2002-00:00:00,07,03,2002,00,490.56
07.03.2002-03:00:00,07,03,2002,03,490.31
07.03.2002-06:00:00,07,03,2002,06,460.28
07.03.2002-09:00:00,07,03,2002,09,423.19
07.03.2002-12:00:00,07,03,2002,12,384.9
07.03.2002-15:00:00,07,03,2002,15,364.02
07.03.2002-18:00:00,07,03,2002,18,387.96
07.03.2002-21:00:00,07,03,2002,21,430.57
07.04.2002-00:00:00,07,04,2002,00,468.96
07.04.2002-03:00:00,07,04,2002,03,478.23
07.04.2002-06:00:00,07,04,2002,06,458.64
07.04.2002-09:00:00,07,04,2002,09,419.39
07.04.2002-12:00:00,07,04,2002,12,386.34
07.04.2002-15:00:00,07,04,2002,15,369.88
07.04.2002-18:00:00,07,04,2002,18,393.11
07.04.2002-21:00:00,07,04,2002,21,430.28
07.05.2002-00:00:00,07,05,2002,00,465.56
07.05.2002-03:00:00,07,05,2002,03,477.38
07.05.2002-06:00:00,07,05,2002,06,453.28
07.05.2002-09:00:00,07,05,2002,09,402.7
07.05.2002-12:00:00,07,05,2002,12,361.27
07.05.2002-15:00:00,07,05,2002,15,340.86
07.05.2002-18:00:00,07,05,2002,18,373.61
07.05.2002-21:00:00,07,05,2002,21,414.93
07.06.2002-00:00:00,07,06,2002,00,449.44
07.06.2002-03:00:00,07,06,2002,03,461.99
07.06.2002-06:00:00,07,06,2002,06,428.21
07.06.2002-09:00:00,07,06,2002,09,374.51
07.06.2002-12:00:00,07,06,2002,12,331.65
07.06.2002-15:00:00,07,06,2002,15,324.31
07.06.2002-18:00:00,07,06,2002,18,354.51
07.06.2002-21:00:00,07,06,2002,21,400.4
07.07.2002-00:00:00,07,07,2002,00,431.41
07.07.2002-03:00:00,07,07,2002,03,442.46
07.07.2002-06:00:00,07,07,2002,06,411.58
07.07.2002-09:00:00,07,07,2002,09,362.24
07.07.2002-12:00:00,07,07,2002,12,319.74
07.07.2002-15:00:00,07,07,2002,15,312.93
07.07.2002-18:00:00,07,07,2002,18,345.46
07.07.2002-21:00:00,07,07,2002,21,390.35
07.08.2002-00:00:00,07,08,2002,00,524.51
07.08.2002-03:00:00,07,08,2002,03,621.99
07.08.2002-06:00:00,07,08,2002,06,687.22
07.08.2002-09:00:00,07,08,2002,09,746.23
07.08.2002-12:00:00,07,08,2002,12,754.74
07.08.2002-15:00:00,07,08,2002,15,741.8
07.08.2002-18:00:00,07,08,2002,18,816.81
07.08.2002-21:00:00,07,08,2002,21,867.36
07.09.2002-00:00:00,07,09,2002,00,813.95
07.09.2002-03:00:00,07,09,2002,03,698.69
07.09.2002-06:00:00,07,09,2002,06,633.4
07.09.2002-09:00:00,07,09,2002,09,474.46
07.09.2002-12:00:00,07,09,2002,12,405.61
07.09.2002-15:00:00,07,09,2002,15,337.84
07.09.2002-18:00:00,07,09,2002,18,367.2
07.09.2002-21:00:00,07,09,2002,21,409
07.10.2002-00:00:00,07,10,2002,00,443.87
07.10.2002-03:00:00,07,10,2002,03,453.02
07.10.2002-06:00:00,07,10,2002,06,412.5
07.10.2002-09:00:00,07,10,2002,09,366
07.10.2002-12:00:00,07,10,2002,12,324.21
07.10.2002-15:00:00,07,10,2002,15,318.07
07.10.2002-18:00:00,07,10,2002,18,344.57
07.10.2002-21:00:00,07,10,2002,21,392.83
07.11.2002-00:00:00,07,11,2002,00,419.78
07.11.2002-03:00:00,07,11,2002,03,424.44
07.11.2002-06:00:00,07,11,2002,06,383.89
07.11.2002-09:00:00,07,11,2002,09,346.77
07.11.2002-12:00:00,07,11,2002,12,312.88
07.11.2002-15:00:00,07,11,2002,15,307.55
07.11.2002-18:00:00,07,11,2002,18,336.69
07.11.2002-21:00:00,07,11,2002,21,377.32
07.12.2002-00:00:00,07,12,2002,00,404.62
07.12.2002-03:00:00,07,12,2002,03,404.93
07.12.2002-06:00:00,07,12,2002,06,367.58
07.12.2002-09:00:00,07,12,2002,09,330.67
07.12.2002-12:00:00,07,12,2002,12,291.31
07.12.2002-15:00:00,07,12,2002,15,294.53
07.12.2002-18:00:00,07,12,2002,18,324.16
07.12.2002-21:00:00,07,12,2002,21,356.97
07.13.2002-00:00:00,07,13,2002,00,392.14
07.13.2002-03:00:00,07,13,2002,03,386.03
07.13.2002-06:00:00,07,13,2002,06,357.08
07.13.2002-09:00:00,07,13,2002,09,325.52
07.13.2002-12:00:00,07,13,2002,12,293.12
07.13.2002-15:00:00,07,13,2002,15,287.64
07.13.2002-18:00:00,07,13,2002,18,316.03
07.13.2002-21:00:00,07,13,2002,21,353.05
07.14.2002-00:00:00,07,14,2002,00,380.51
07.14.2002-03:00:00,07,14,2002,03,375.89
07.14.2002-06:00:00,07,14,2002,06,333.27
07.14.2002-09:00:00,07,14,2002,09,296.29
07.14.2002-12:00:00,07,14,2002,12,262.99
07.14.2002-15:00:00,07,14,2002,15,270.28
07.14.2002-18:00:00,07,14,2002,18,298.29
07.14.2002-21:00:00,07,14,2002,21,332.36
07.15.2002-00:00:00,07,15,2002,00,362.81
07.15.2002-03:00:00,07,15,2002,03,368.88
07.15.2002-06:00:00,07,15,2002,06,327.52
07.15.2002-09:00:00,07,15,2002,09,286.02
07.15.2002-12:00:00,07,15,2002,12,252.56
07.15.2002-15:00:00,07,15,2002,15,265.31
07.15.2002-18:00:00,07,15,2002,18,294.93
07.15.2002-21:00:00,07,15,2002,21,323.2
07.16.2002-00:00:00,07,16,2002,00,353.89
07.16.2002-03:00:00,07,16,2002,03,357.77
07.16.2002-06:00:00,07,16,2002,06,319.29
07.16.2002-09:00:00,07,16,2002,09,274.61
07.16.2002-12:00:00,07,16,2002,12,244.59
07.16.2002-15:00:00,07,16,2002,15,259.38
07.16.2002-18:00:00,07,16,2002,18,288.64
07.16.2002-21:00:00,07,16,2002,21,315.96
07.17.2002-00:00:00,07,17,2002,00,346.33
07.17.2002-03:00:00,07,17,2002,03,347.67
07.17.2002-06:00:00,07,17,2002,06,311.59
07.17.2002-09:00:00,07,17,2002,09,269.62
07.17.2002-12:00:00,07,17,2002,12,239.3
07.17.2002-15:00:00,07,17,2002,15,252.9
07.17.2002-18:00:00,07,17,2002,18,281.05
07.17.2002-21:00:00,07,17,2002,21,312.23
07.18.2002-00:00:00,07,18,2002,00,338.75
07.18.2002-03:00:00,07,18,2002,03,339.55
07.18.2002-06:00:00,07,18,2002,06,301.75
07.18.2002-09:00:00,07,18,2002,09,259.5
07.18.2002-12:00:00,07,18,2002,12,229
07.18.2002-15:00:00,07,18,2002,15,245.39
07.18.2002-18:00:00,07,18,2002,18,274.52
07.18.2002-21:00:00,07,18,2002,21,303.14
07.19.2002-00:00:00,07,19,2002,00,331.9
07.19.2002-03:00:00,07,19,2002,03,332.56
07.19.2002-06:00:00,07,19,2002,06,303.17
07.19.2002-09:00:00,07,19,2002,09,261.37
07.19.2002-12:00:00,07,19,2002,12,235.49
07.19.2002-15:00:00,07,19,2002,15,243.94
07.19.2002-18:00:00,07,19,2002,18,268.57
07.19.2002-21:00:00,07,19,2002,21,306.39
07.20.2002-00:00:00,07,20,2002,00,329.89
07.20.2002-03:00:00,07,20,2002,03,332.89
07.20.2002-06:00:00,07,20,2002,06,295.8
07.20.2002-09:00:00,07,20,2002,09,250.33
07.20.2002-12:00:00,07,20,2002,12,217.97
07.20.2002-15:00:00,07,20,2002,15,236.99
07.20.2002-18:00:00,07,20,2002,18,267.58
07.20.2002-21:00:00,07,20,2002,21,294.52
07.21.2002-00:00:00,07,21,2002,00,319.7
07.21.2002-03:00:00,07,21,2002,03,320.28
07.21.2002-06:00:00,07,21,2002,06,287.65
07.21.2002-09:00:00,07,21,2002,09,242.98
07.21.2002-12:00:00,07,21,2002,12,212.32
07.21.2002-15:00:00,07,21,2002,15,232.07
07.21.2002-18:00:00,07,21,2002,18,261.63
07.21.2002-21:00:00,07,21,2002,21,288.7
07.22.2002-00:00:00,07,22,2002,00,312.15
07.22.2002-03:00:00,07,22,2002,03,312.7
07.22.2002-06:00:00,07,22,2002,06,281.68
07.22.2002-09:00:00,07,22,2002,09,239.29
07.22.2002-12:00:00,07,22,2002,12,209.4
07.22.2002-15:00:00,07,22,2002,15,229.42
07.22.2002-18:00:00,07,22,2002,18,258.15
07.22.2002-21:00:00,07,22,2002,21,284.75
07.23.2002-00:00:00,07,23,2002,00,306.96
07.23.2002-03:00:00,07,23,2002,03,308.8
07.23.2002-06:00:00,07,23,2002,06,276.75
07.23.2002-09:00:00,07,23,2002,09,236.05
07.23.2002-12:00:00,07,23,2002,12,208.74
07.23.2002-15:00:00,07,23,2002,15,227.07
07.23.2002-18:00:00,07,23,2002,18,254.53
07.23.2002-21:00:00,07,23,2002,21,280.49
07.24.2002-00:00:00,07,24,2002,00,302.35
07.24.2002-03:00:00,07,24,2002,03,298.9
07.24.2002-06:00:00,07,24,2002,06,267.54
07.24.2002-09:00:00,07,24,2002,09,227.01
07.24.2002-12:00:00,07,24,2002,12,203.92
07.24.2002-15:00:00,07,24,2002,15,222.63
07.24.2002-18:00:00,07,24,2002,18,247.19
07.24.2002-21:00:00,07,24,2002,21,275.39
07.25.2002-00:00:00,07,25,2002,00,296.78
07.25.2002-03:00:00,07,25,2002,03,291.34
07.25.2002-06:00:00,07,25,2002,06,274.45
07.25.2002-09:00:00,07,25,2002,09,245.21
07.25.2002-12:00:00,07,25,2002,12,224.78
07.25.2002-15:00:00,07,25,2002,15,223.68
07.25.2002-18:00:00,07,25,2002,18,248.38
07.25.2002-21:00:00,07,25,2002,21,281.4
07.26.2002-00:00:00,07,26,2002,00,297.3
07.26.2002-03:00:00,07,26,2002,03,292.54
07.26.2002-06:00:00,07,26,2002,06,263.24
07.26.2002-09:00:00,07,26,2002,09,228.38
07.26.2002-12:00:00,07,26,2002,12,205.75
07.26.2002-15:00:00,07,26,2002,15,216.79
07.26.2002-18:00:00,07,26,2002,18,241.51
07.26.2002-21:00:00,07,26,2002,21,277.61
07.27.2002-00:00:00,07,27,2002,00,294
07.27.2002-03:00:00,07,27,2002,03,290.93
07.27.2002-06:00:00,07,27,2002,06,267.17
07.27.2002-09:00:00,07,27,2002,09,236.35
07.27.2002-12:00:00,07,27,2002,12,216
07.27.2002-15:00:00,07,27,2002,15,220.47
07.27.2002-18:00:00,07,27,2002,18,248.62
07.27.2002-21:00:00,07,27,2002,21,279.01
07.28.2002-00:00:00,07,28,2002,00,291.91
07.28.2002-03:00:00,07,28,2002,03,291.43
07.28.2002-06:00:00,07,28,2002,06,278.66
07.28.2002-09:00:00,07,28,2002,09,262.4
07.28.2002-12:00:00,07,28,2002,12,252.39
07.28.2002-15:00:00,07,28,2002,15,249.26
07.28.2002-18:00:00,07,28,2002,18,264.71
07.28.2002-21:00:00,07,28,2002,21,285.53
07.29.2002-00:00:00,07,29,2002,00,296.43
07.29.2002-03:00:00,07,29,2002,03,295.92
07.29.2002-06:00:00,07,29,2002,06,284.39
07.29.2002-09:00:00,07,29,2002,09,270.28
07.29.2002-12:00:00,07,29,2002,12,259.86
07.29.2002-15:00:00,07,29,2002,15,257.03
07.29.2002-18:00:00,07,29,2002,18,268.63
07.29.2002-21:00:00,07,29,2002,21,286.74
07.30.2002-00:00:00,07,30,2002,00,297.4
07.30.2002-03:00:00,07,30,2002,03,293.51
07.30.2002-06:00:00,07,30,2002,06,271.61
07.30.2002-09:00:00,07,30,2002,09,243.57
07.30.2002-12:00:00,07,30,2002,12,221.97
07.30.2002-15:00:00,07,30,2002,15,225.79
07.30.2002-18:00:00,07,30,2002,18,250.79
07.30.2002-21:00:00,07,30,2002,21,277.31
07.31.2002-00:00:00,07,31,2002,00,291.52
07.31.2002-03:00:00,07,31,2002,03,287.77
07.31.2002-06:00:00,07,31,2002,06,258.97
07.31.2002-09:00:00,07,31,2002,09,220.65
07.31.2002-12:00:00,07,31,2002,12,200.4
07.31.2002-15:00:00,07,31,2002,15,216.19
07.31.2002-18:00:00,07,31,2002,18,244.2
07.31.2002-21:00:00,07,31,2002,21,273.61
08.01.2002-00:00:00,08,01,2002,00,285.36
08.01.2002-03:00:00,08,01,2002,03,275.1
08.01.2002-06:00:00,08,01,2002,06,254.41
08.01.2002-09:00:00,08,01,2002,09,208.21
08.01.2002-12:00:00,08,01,2002,12,193.92
08.01.2002-15:00:00,08,01,2002,15,216.91
08.01.2002-18:00:00,08,01,2002,18,243.7
08.01.2002-21:00:00,08,01,2002,21,270.55
08.02.2002-00:00:00,08,02,2002,00,282.26
08.02.2002-03:00:00,08,02,2002,03,261.83
08.02.2002-06:00:00,08,02,2002,06,243.05
08.02.2002-09:00:00,08,02,2002,09,200.01
08.02.2002-12:00:00,08,02,2002,12,190.44
08.02.2002-15:00:00,08,02,2002,15,213.09
08.02.2002-18:00:00,08,02,2002,18,238.38
08.02.2002-21:00:00,08,02,2002,21,266.57
08.03.2002-00:00:00,08,03,2002,00,278.75
08.03.2002-03:00:00,08,03,2002,03,270.79
08.03.2002-06:00:00,08,03,2002,06,251.63
08.03.2002-09:00:00,08,03,2002,09,210.84
08.03.2002-12:00:00,08,03,2002,12,193.99
08.03.2002-15:00:00,08,03,2002,15,214.53
08.03.2002-18:00:00,08,03,2002,18,242.1
08.03.2002-21:00:00,08,03,2002,21,266.27
08.04.2002-00:00:00,08,04,2002,00,275.65
08.04.2002-03:00:00,08,04,2002,03,257.42
08.04.2002-06:00:00,08,04,2002,06,240.48
08.04.2002-09:00:00,08,04,2002,09,202.66
08.04.2002-12:00:00,08,04,2002,12,191.2
08.04.2002-15:00:00,08,04,2002,15,209.95
08.04.2002-18:00:00,08,04,2002,18,237.35
08.04.2002-21:00:00,08,04,2002,21,262.65
08.05.2002-00:00:00,08,05,2002,00,272.79
08.05.2002-03:00:00,08,05,2002,03,267.22
08.05.2002-06:00:00,08,05,2002,06,250.65
08.05.2002-09:00:00,08,05,2002,09,212.32
08.05.2002-12:00:00,08,05,2002,12,195.28
08.05.2002-15:00:00,08,05,2002,15,212.22
08.05.2002-18:00:00,08,05,2002,18,239.1
08.05.2002-21:00:00,08,05,2002,21,262.32
08.06.2002-00:00:00,08,06,2002,00,270.55
08.06.2002-03:00:00,08,06,2002,03,260.93
08.06.2002-06:00:00,08,06,2002,06,249.88
08.06.2002-09:00:00,08,06,2002,09,220.98
08.06.2002-12:00:00,08,06,2002,12,208.17
08.06.2002-15:00:00,08,06,2002,15,222.9
08.06.2002-18:00:00,08,06,2002,18,243.77
08.06.2002-21:00:00,08,06,2002,21,267.89
08.07.2002-00:00:00,08,07,2002,00,274.8
08.07.2002-03:00:00,08,07,2002,03,266.26
08.07.2002-06:00:00,08,07,2002,06,245.02
08.07.2002-09:00:00,08,07,2002,09,206.71
08.07.2002-12:00:00,08,07,2002,12,191.1
08.07.2002-15:00:00,08,07,2002,15,208.2
08.07.2002-18:00:00,08,07,2002,18,231.65
08.07.2002-21:00:00,08,07,2002,21,253.06
08.08.2002-00:00:00,08,08,2002,00,264.43
08.08.2002-03:00:00,08,08,2002,03,245.07
08.08.2002-06:00:00,08,08,2002,06,223.26
08.08.2002-09:00:00,08,08,2002,09,181.01
08.08.2002-12:00:00,08,08,2002,12,174.56
08.08.2002-15:00:00,08,08,2002,15,201.19
08.08.2002-18:00:00,08,08,2002,18,218.94
08.08.2002-21:00:00,08,08,2002,21,239.55
08.09.2002-00:00:00,08,09,2002,00,254.27
08.09.2002-03:00:00,08,09,2002,03,235.88
08.09.2002-06:00:00,08,09,2002,06,212.57
08.09.2002-09:00:00,08,09,2002,09,175.84
08.09.2002-12:00:00,08,09,2002,12,171.48
08.09.2002-15:00:00,08,09,2002,15,196.6
08.09.2002-18:00:00,08,09,2002,18,214.22
08.09.2002-21:00:00,08,09,2002,21,233.89
08.10.2002-00:00:00,08,10,2002,00,246.21
08.10.2002-03:00:00,08,10,2002,03,231.6
08.10.2002-06:00:00,08,10,2002,06,208.3
08.10.2002-09:00:00,08,10,2002,09,176.58
08.10.2002-12:00:00,08,10,2002,12,170.64
08.10.2002-15:00:00,08,10,2002,15,193.73
08.10.2002-18:00:00,08,10,2002,18,212.43
08.10.2002-21:00:00,08,10,2002,21,232.54
08.11.2002-00:00:00,08,11,2002,00,242.78
08.11.2002-03:00:00,08,11,2002,03,229.82
08.11.2002-06:00:00,08,11,2002,06,205.06
08.11.2002-09:00:00,08,11,2002,09,168.8
08.11.2002-12:00:00,08,11,2002,12,164.62
08.11.2002-15:00:00,08,11,2002,15,192.95
08.11.2002-18:00:00,08,11,2002,18,210.72
08.11.2002-21:00:00,08,11,2002,21,227.51
08.12.2002-00:00:00,08,12,2002,00,240.13
08.12.2002-03:00:00,08,12,2002,03,223.24
08.12.2002-06:00:00,08,12,2002,06,199.03
08.12.2002-09:00:00,08,12,2002,09,161.54
08.12.2002-12:00:00,08,12,2002,12,158.99
08.12.2002-15:00:00,08,12,2002,15,190.31
08.12.2002-18:00:00,08,12,2002,18,208.92
08.12.2002-21:00:00,08,12,2002,21,223.68
08.13.2002-00:00:00,08,13,2002,00,233.79
08.13.2002-03:00:00,08,13,2002,03,216.46
08.13.2002-06:00:00,08,13,2002,06,190.55
08.13.2002-09:00:00,08,13,2002,09,159.3
08.13.2002-12:00:00,08,13,2002,12,166.93
08.13.2002-15:00:00,08,13,2002,15,191.77
08.13.2002-18:00:00,08,13,2002,18,206.69
08.13.2002-21:00:00,08,13,2002,21,218.8
08.14.2002-00:00:00,08,14,2002,00,228.79
08.14.2002-03:00:00,08,14,2002,03,215.24
08.14.2002-06:00:00,08,14,2002,06,192.7
08.14.2002-09:00:00,08,14,2002,09,167.59
08.14.2002-12:00:00,08,14,2002,12,162.73
08.14.2002-15:00:00,08,14,2002,15,182.64
08.14.2002-18:00:00,08,14,2002,18,201
08.14.2002-21:00:00,08,14,2002,21,218.79
08.15.2002-00:00:00,08,15,2002,00,232.02
08.15.2002-03:00:00,08,15,2002,03,214.25
08.15.2002-06:00:00,08,15,2002,06,192.24
08.15.2002-09:00:00,08,15,2002,09,155.54
08.15.2002-12:00:00,08,15,2002,12,152.77
08.15.2002-15:00:00,08,15,2002,15,181.59
08.15.2002-18:00:00,08,15,2002,18,202.46
08.15.2002-21:00:00,08,15,2002,21,216.79
08.16.2002-00:00:00,08,16,2002,00,222.84
08.16.2002-03:00:00,08,16,2002,03,210.48
08.16.2002-06:00:00,08,16,2002,06,184.99
08.16.2002-09:00:00,08,16,2002,09,151.57
08.16.2002-12:00:00,08,16,2002,12,149.21
08.16.2002-15:00:00,08,16,2002,15,178.97
08.16.2002-18:00:00,08,16,2002,18,200.33
08.16.2002-21:00:00,08,16,2002,21,215.26
08.17.2002-00:00:00,08,17,2002,00,222.6
08.17.2002-03:00:00,08,17,2002,03,219.34
08.17.2002-06:00:00,08,17,2002,06,199.53
08.17.2002-09:00:00,08,17,2002,09,160.87
08.17.2002-12:00:00,08,17,2002,12,154.29
08.17.2002-15:00:00,08,17,2002,15,182.47
08.17.2002-18:00:00,08,17,2002,18,202.15
08.17.2002-21:00:00,08,17,2002,21,215.88
08.18.2002-00:00:00,08,18,2002,00,220.76
08.18.2002-03:00:00,08,18,2002,03,214.79
08.18.2002-06:00:00,08,18,2002,06,192.99
08.18.2002-09:00:00,08,18,2002,09,157.33
08.18.2002-12:00:00,08,18,2002,12,152.99
08.18.2002-15:00:00,08,18,2002,15,179.44
08.18.2002-18:00:00,08,18,2002,18,199.53
08.18.2002-21:00:00,08,18,2002,21,213.53
08.19.2002-00:00:00,08,19,2002,00,217.08
08.19.2002-03:00:00,08,19,2002,03,214.33
08.19.2002-06:00:00,08,19,2002,06,197.6
08.19.2002-09:00:00,08,19,2002,09,171.19
08.19.2002-12:00:00,08,19,2002,12,162.71
08.19.2002-15:00:00,08,19,2002,15,179.34
08.19.2002-18:00:00,08,19,2002,18,199.83
08.19.2002-21:00:00,08,19,2002,21,211.88
08.20.2002-00:00:00,08,20,2002,00,222.37
08.20.2002-03:00:00,08,20,2002,03,210.25
08.20.2002-06:00:00,08,20,2002,06,191.74
08.20.2002-09:00:00,08,20,2002,09,164.48
08.20.2002-12:00:00,08,20,2002,12,157.77
08.20.2002-15:00:00,08,20,2002,15,176.94
08.20.2002-18:00:00,08,20,2002,18,198.06
08.20.2002-21:00:00,08,20,2002,21,209.85
08.21.2002-00:00:00,08,21,2002,00,217.22
08.21.2002-03:00:00,08,21,2002,03,207.13
08.21.2002-06:00:00,08,21,2002,06,187.11
08.21.2002-09:00:00,08,21,2002,09,158.13
08.21.2002-12:00:00,08,21,2002,12,153.61
08.21.2002-15:00:00,08,21,2002,15,174.14
08.21.2002-18:00:00,08,21,2002,18,195.64
08.21.2002-21:00:00,08,21,2002,21,208.4
08.22.2002-00:00:00,08,22,2002,00,212.12
08.22.2002-03:00:00,08,22,2002,03,204.03
08.22.2002-06:00:00,08,22,2002,06,183.52
08.22.2002-09:00:00,08,22,2002,09,152.98
08.22.2002-12:00:00,08,22,2002,12,149.96
08.22.2002-15:00:00,08,22,2002,15,172.56
08.22.2002-18:00:00,08,22,2002,18,192.92
08.22.2002-21:00:00,08,22,2002,21,207.07
08.23.2002-00:00:00,08,23,2002,00,209.8
08.23.2002-03:00:00,08,23,2002,03,198.6
08.23.2002-06:00:00,08,23,2002,06,177.51
08.23.2002-09:00:00,08,23,2002,09,144.43
08.23.2002-12:00:00,08,23,2002,12,142.48
08.23.2002-15:00:00,08,23,2002,15,170.96
08.23.2002-18:00:00,08,23,2002,18,188.58
08.23.2002-21:00:00,08,23,2002,21,204.64
08.24.2002-00:00:00,08,24,2002,00,208.2
08.24.2002-03:00:00,08,24,2002,03,195.93
08.24.2002-06:00:00,08,24,2002,06,177.72
08.24.2002-09:00:00,08,24,2002,09,145.28
08.24.2002-12:00:00,08,24,2002,12,143.38
08.24.2002-15:00:00,08,24,2002,15,170.74
08.24.2002-18:00:00,08,24,2002,18,188.01
08.24.2002-21:00:00,08,24,2002,21,202.78
08.25.2002-00:00:00,08,25,2002,00,218.75
08.25.2002-03:00:00,08,25,2002,03,224.7
08.25.2002-06:00:00,08,25,2002,06,229.78
08.25.2002-09:00:00,08,25,2002,09,210.01
08.25.2002-12:00:00,08,25,2002,12,193.72
08.25.2002-15:00:00,08,25,2002,15,218.87
08.25.2002-18:00:00,08,25,2002,18,230
08.25.2002-21:00:00,08,25,2002,21,246.79
08.26.2002-00:00:00,08,26,2002,00,245.84
08.26.2002-03:00:00,08,26,2002,03,227.87
08.26.2002-06:00:00,08,26,2002,06,208.82
08.26.2002-09:00:00,08,26,2002,09,180.33
08.26.2002-12:00:00,08,26,2002,12,166.33
08.26.2002-15:00:00,08,26,2002,15,184.65
08.26.2002-18:00:00,08,26,2002,18,207.4
08.26.2002-21:00:00,08,26,2002,21,215.52
08.27.2002-00:00:00,08,27,2002,00,218.66
08.27.2002-03:00:00,08,27,2002,03,203.26
08.27.2002-06:00:00,08,27,2002,06,180.03
08.27.2002-09:00:00,08,27,2002,09,145.73
08.27.2002-12:00:00,08,27,2002,12,139.34
08.27.2002-15:00:00,08,27,2002,15,167.31
08.27.2002-18:00:00,08,27,2002,18,181.92
08.27.2002-21:00:00,08,27,2002,21,200.81
08.28.2002-00:00:00,08,28,2002,00,203.61
08.28.2002-03:00:00,08,28,2002,03,190.78
08.28.2002-06:00:00,08,28,2002,06,170.89
08.28.2002-09:00:00,08,28,2002,09,141.13
08.28.2002-12:00:00,08,28,2002,12,138.96
08.28.2002-15:00:00,08,28,2002,15,166.79
08.28.2002-18:00:00,08,28,2002,18,181.17
08.28.2002-21:00:00,08,28,2002,21,198.71
08.29.2002-00:00:00,08,29,2002,00,201.27
08.29.2002-03:00:00,08,29,2002,03,191.16
08.29.2002-06:00:00,08,29,2002,06,174.39
08.29.2002-09:00:00,08,29,2002,09,148.94
08.29.2002-12:00:00,08,29,2002,12,144.1
08.29.2002-15:00:00,08,29,2002,15,163.6
08.29.2002-18:00:00,08,29,2002,18,181.8
08.29.2002-21:00:00,08,29,2002,21,196.29
08.30.2002-00:00:00,08,30,2002,00,199.94
08.30.2002-03:00:00,08,30,2002,03,187.32
08.30.2002-06:00:00,08,30,2002,06,169.67
08.30.2002-09:00:00,08,30,2002,09,144.41
08.30.2002-12:00:00,08,30,2002,12,138.89
08.30.2002-15:00:00,08,30,2002,15,162.07
08.30.2002-18:00:00,08,30,2002,18,178.37
08.30.2002-21:00:00,08,30,2002,21,196.62
08.31.2002-00:00:00,08,31,2002,00,199.87
08.31.2002-03:00:00,08,31,2002,03,191.56
08.31.2002-06:00:00,08,31,2002,06,175.62
08.31.2002-09:00:00,08,31,2002,09,151.88
08.31.2002-12:00:00,08,31,2002,12,143.66
08.31.2002-15:00:00,08,31,2002,15,163.56
08.31.2002-18:00:00,08,31,2002,18,182.31
08.31.2002-21:00:00,08,31,2002,21,195.31
09.01.2002-00:00:00,09,01,2002,00,196.2
09.01.2002-03:00:00,09,01,2002,03,189.43
09.01.2002-06:00:00,09,01,2002,06,179.54
09.01.2002-09:00:00,09,01,2002,09,165.16
09.01.2002-12:00:00,09,01,2002,12,159.23
09.01.2002-15:00:00,09,01,2002,15,164.45
09.01.2002-18:00:00,09,01,2002,18,179.92
09.01.2002-21:00:00,09,01,2002,21,192.43
09.02.2002-00:00:00,09,02,2002,00,196.55
09.02.2002-03:00:00,09,02,2002,03,192.02
09.02.2002-06:00:00,09,02,2002,06,171.3
09.02.2002-09:00:00,09,02,2002,09,145.42
09.02.2002-12:00:00,09,02,2002,12,146.05
09.02.2002-15:00:00,09,02,2002,15,163.08
09.02.2002-18:00:00,09,02,2002,18,180.34
09.02.2002-21:00:00,09,02,2002,21,192.5
09.03.2002-00:00:00,09,03,2002,00,194.47
09.03.2002-03:00:00,09,03,2002,03,189.42
09.03.2002-06:00:00,09,03,2002,06,169.97
09.03.2002-09:00:00,09,03,2002,09,147.88
09.03.2002-12:00:00,09,03,2002,12,147.53
09.03.2002-15:00:00,09,03,2002,15,164.28
09.03.2002-18:00:00,09,03,2002,18,183.21
09.03.2002-21:00:00,09,03,2002,21,192.46
09.04.2002-00:00:00,09,04,2002,00,194.59
09.04.2002-03:00:00,09,04,2002,03,191.3
09.04.2002-06:00:00,09,04,2002,06,174.12
09.04.2002-09:00:00,09,04,2002,09,147.19
09.04.2002-12:00:00,09,04,2002,12,147.51
09.04.2002-15:00:00,09,04,2002,15,165.13
09.04.2002-18:00:00,09,04,2002,18,184.24
09.04.2002-21:00:00,09,04,2002,21,192.44
09.05.2002-00:00:00,09,05,2002,00,195.27
09.05.2002-03:00:00,09,05,2002,03,194.19
09.05.2002-06:00:00,09,05,2002,06,179.06
09.05.2002-09:00:00,09,05,2002,09,148.25
09.05.2002-12:00:00,09,05,2002,12,146.51
09.05.2002-15:00:00,09,05,2002,15,167.13
09.05.2002-18:00:00,09,05,2002,18,187.21
09.05.2002-21:00:00,09,05,2002,21,194.28
09.06.2002-00:00:00,09,06,2002,00,194.07
09.06.2002-03:00:00,09,06,2002,03,194.19
09.06.2002-06:00:00,09,06,2002,06,179.29
09.06.2002-09:00:00,09,06,2002,09,147.99
09.06.2002-12:00:00,09,06,2002,12,146.79
09.06.2002-15:00:00,09,06,2002,15,165.12
09.06.2002-18:00:00,09,06,2002,18,184.06
09.06.2002-21:00:00,09,06,2002,21,191.29
09.07.2002-00:00:00,09,07,2002,00,196.72
09.07.2002-03:00:00,09,07,2002,03,195.7
09.07.2002-06:00:00,09,07,2002,06,192.8
09.07.2002-09:00:00,09,07,2002,09,164.06
09.07.2002-12:00:00,09,07,2002,12,158.16
09.07.2002-15:00:00,09,07,2002,15,176.67
09.07.2002-18:00:00,09,07,2002,18,193.18
09.07.2002-21:00:00,09,07,2002,21,197.62
09.08.2002-00:00:00,09,08,2002,00,194.51
09.08.2002-03:00:00,09,08,2002,03,192.92
09.08.2002-06:00:00,09,08,2002,06,187.96
09.08.2002-09:00:00,09,08,2002,09,171.22
09.08.2002-12:00:00,09,08,2002,12,160.17
09.08.2002-15:00:00,09,08,2002,15,169.77
09.08.2002-18:00:00,09,08,2002,18,185.28
09.08.2002-21:00:00,09,08,2002,21,190.63
09.09.2002-00:00:00,09,09,2002,00,191.1
09.09.2002-03:00:00,09,09,2002,03,188
09.09.2002-06:00:00,09,09,2002,06,168.97
09.09.2002-09:00:00,09,09,2002,09,138.8
09.09.2002-12:00:00,09,09,2002,12,139.51
09.09.2002-15:00:00,09,09,2002,15,160.2
09.09.2002-18:00:00,09,09,2002,18,175.73
09.09.2002-21:00:00,09,09,2002,21,186.55
09.10.2002-00:00:00,09,10,2002,00,188.71
09.10.2002-03:00:00,09,10,2002,03,186.94
09.10.2002-06:00:00,09,10,2002,06,165.29
09.10.2002-09:00:00,09,10,2002,09,131.6
09.10.2002-12:00:00,09,10,2002,12,133.19
09.10.2002-15:00:00,09,10,2002,15,158.49
09.10.2002-18:00:00,09,10,2002,18,172.97
09.10.2002-21:00:00,09,10,2002,21,183.14
09.11.2002-00:00:00,09,11,2002,00,186.71
09.11.2002-03:00:00,09,11,2002,03,183.95
09.11.2002-06:00:00,09,11,2002,06,159.58
09.11.2002-09:00:00,09,11,2002,09,125.89
09.11.2002-12:00:00,09,11,2002,12,130.35
09.11.2002-15:00:00,09,11,2002,15,155.64
09.11.2002-18:00:00,09,11,2002,18,169.95
09.11.2002-21:00:00,09,11,2002,21,179.3
09.12.2002-00:00:00,09,12,2002,00,183.26
09.12.2002-03:00:00,09,12,2002,03,182.83
09.12.2002-06:00:00,09,12,2002,06,157.82
09.12.2002-09:00:00,09,12,2002,09,124.85
09.12.2002-12:00:00,09,12,2002,12,128.93
09.12.2002-15:00:00,09,12,2002,15,153.59
09.12.2002-18:00:00,09,12,2002,18,167.4
09.12.2002-21:00:00,09,12,2002,21,177.53
09.13.2002-00:00:00,09,13,2002,00,180.75
09.13.2002-03:00:00,09,13,2002,03,179.58
09.13.2002-06:00:00,09,13,2002,06,151.49
09.13.2002-09:00:00,09,13,2002,09,120.18
09.13.2002-12:00:00,09,13,2002,12,124.86
09.13.2002-15:00:00,09,13,2002,15,150.11
09.13.2002-18:00:00,09,13,2002,18,163.34
09.13.2002-21:00:00,09,13,2002,21,174.98
09.14.2002-00:00:00,09,14,2002,00,176.6
09.14.2002-03:00:00,09,14,2002,03,180.04
09.14.2002-06:00:00,09,14,2002,06,158.03
09.14.2002-09:00:00,09,14,2002,09,124.53
09.14.2002-12:00:00,09,14,2002,12,125.8
09.14.2002-15:00:00,09,14,2002,15,151.08
09.14.2002-18:00:00,09,14,2002,18,164.62
09.14.2002-21:00:00,09,14,2002,21,174.27
09.15.2002-00:00:00,09,15,2002,00,178.16
09.15.2002-03:00:00,09,15,2002,03,178.75
09.15.2002-06:00:00,09,15,2002,06,158.29
09.15.2002-09:00:00,09,15,2002,09,132.22
09.15.2002-12:00:00,09,15,2002,12,128.85
09.15.2002-15:00:00,09,15,2002,15,148.53
09.15.2002-18:00:00,09,15,2002,18,164.56
09.15.2002-21:00:00,09,15,2002,21,173.36
09.16.2002-00:00:00,09,16,2002,00,176.65
09.16.2002-03:00:00,09,16,2002,03,177.61
09.16.2002-06:00:00,09,16,2002,06,156.93
09.16.2002-09:00:00,09,16,2002,09,134.9
09.16.2002-12:00:00,09,16,2002,12,130.79
09.16.2002-15:00:00,09,16,2002,15,148.39
09.16.2002-18:00:00,09,16,2002,18,164.2
09.16.2002-21:00:00,09,16,2002,21,172.98
09.17.2002-00:00:00,09,17,2002,00,176.13
09.17.2002-03:00:00,09,17,2002,03,177.56
09.17.2002-06:00:00,09,17,2002,06,162.56
09.17.2002-09:00:00,09,17,2002,09,143.92
09.17.2002-12:00:00,09,17,2002,12,137.74
09.17.2002-15:00:00,09,17,2002,15,152.25
09.17.2002-18:00:00,09,17,2002,18,165.41
09.17.2002-21:00:00,09,17,2002,21,175.74
09.18.2002-00:00:00,09,18,2002,00,176.27
09.18.2002-03:00:00,09,18,2002,03,176.79
09.18.2002-06:00:00,09,18,2002,06,162.26
09.18.2002-09:00:00,09,18,2002,09,135.82
09.18.2002-12:00:00,09,18,2002,12,133.35
09.18.2002-15:00:00,09,18,2002,15,151.68
09.18.2002-18:00:00,09,18,2002,18,166.06
09.18.2002-21:00:00,09,18,2002,21,174.88
09.19.2002-00:00:00,09,19,2002,00,176.61
09.19.2002-03:00:00,09,19,2002,03,176.4
09.19.2002-06:00:00,09,19,2002,06,160.97
09.19.2002-09:00:00,09,19,2002,09,130.86
09.19.2002-12:00:00,09,19,2002,12,127.21
09.19.2002-15:00:00,09,19,2002,15,147.52
09.19.2002-18:00:00,09,19,2002,18,164.62
09.19.2002-21:00:00,09,19,2002,21,171.68
09.20.2002-00:00:00,09,20,2002,00,174.92
09.20.2002-03:00:00,09,20,2002,03,176.03
09.20.2002-06:00:00,09,20,2002,06,160.4
09.20.2002-09:00:00,09,20,2002,09,132.32
09.20.2002-12:00:00,09,20,2002,12,128.72
09.20.2002-15:00:00,09,20,2002,15,149.03
09.20.2002-18:00:00,09,20,2002,18,164.41
09.20.2002-21:00:00,09,20,2002,21,172.14
09.21.2002-00:00:00,09,21,2002,00,174.33
09.21.2002-03:00:00,09,21,2002,03,175.34
09.21.2002-06:00:00,09,21,2002,06,169.56
09.21.2002-09:00:00,09,21,2002,09,139.68
09.21.2002-12:00:00,09,21,2002,12,128.62
09.21.2002-15:00:00,09,21,2002,15,148.55
09.21.2002-18:00:00,09,21,2002,18,164.71
09.21.2002-21:00:00,09,21,2002,21,171.47
09.22.2002-00:00:00,09,22,2002,00,173.47
09.22.2002-03:00:00,09,22,2002,03,172.51
09.22.2002-06:00:00,09,22,2002,06,163.89
09.22.2002-09:00:00,09,22,2002,09,129.22
09.22.2002-12:00:00,09,22,2002,12,124.66
09.22.2002-15:00:00,09,22,2002,15,145.6
09.22.2002-18:00:00,09,22,2002,18,159.57
09.22.2002-21:00:00,09,22,2002,21,169.51
09.23.2002-00:00:00,09,23,2002,00,170.77
09.23.2002-03:00:00,09,23,2002,03,172.6
09.23.2002-06:00:00,09,23,2002,06,158.29
09.23.2002-09:00:00,09,23,2002,09,125.34
09.23.2002-12:00:00,09,23,2002,12,121.63
09.23.2002-15:00:00,09,23,2002,15,142.5
09.23.2002-18:00:00,09,23,2002,18,157.13
09.23.2002-21:00:00,09,23,2002,21,164.37
09.24.2002-00:00:00,09,24,2002,00,168.7
09.24.2002-03:00:00,09,24,2002,03,168.46
09.24.2002-06:00:00,09,24,2002,06,155.64
09.24.2002-09:00:00,09,24,2002,09,130.38
09.24.2002-12:00:00,09,24,2002,12,126.85
09.24.2002-15:00:00,09,24,2002,15,140.08
09.24.2002-18:00:00,09,24,2002,18,157.75
09.24.2002-21:00:00,09,24,2002,21,165.3
09.25.2002-00:00:00,09,25,2002,00,167.9
09.25.2002-03:00:00,09,25,2002,03,167.74
09.25.2002-06:00:00,09,25,2002,06,151.64
09.25.2002-09:00:00,09,25,2002,09,119.81
09.25.2002-12:00:00,09,25,2002,12,120.32
09.25.2002-15:00:00,09,25,2002,15,139.03
09.25.2002-18:00:00,09,25,2002,18,154.9
09.25.2002-21:00:00,09,25,2002,21,160.78
09.26.2002-00:00:00,09,26,2002,00,167.93
09.26.2002-03:00:00,09,26,2002,03,165.54
09.26.2002-06:00:00,09,26,2002,06,161.36
09.26.2002-09:00:00,09,26,2002,09,138.44
09.26.2002-12:00:00,09,26,2002,12,133.72
09.26.2002-15:00:00,09,26,2002,15,143.57
09.26.2002-18:00:00,09,26,2002,18,161.6
09.26.2002-21:00:00,09,26,2002,21,163.65
09.27.2002-00:00:00,09,27,2002,00,167.14
09.27.2002-03:00:00,09,27,2002,03,164.47
09.27.2002-06:00:00,09,27,2002,06,152.49
09.27.2002-09:00:00,09,27,2002,09,124.37
09.27.2002-12:00:00,09,27,2002,12,123.73
09.27.2002-15:00:00,09,27,2002,15,139.25
09.27.2002-18:00:00,09,27,2002,18,155.3
09.27.2002-21:00:00,09,27,2002,21,162.62
09.28.2002-00:00:00,09,28,2002,00,165.26
09.28.2002-03:00:00,09,28,2002,03,165.29
09.28.2002-06:00:00,09,28,2002,06,157.71
09.28.2002-09:00:00,09,28,2002,09,127.7
09.28.2002-12:00:00,09,28,2002,12,123.19
09.28.2002-15:00:00,09,28,2002,15,140.13
09.28.2002-18:00:00,09,28,2002,18,154.45
09.28.2002-21:00:00,09,28,2002,21,161.83
09.29.2002-00:00:00,09,29,2002,00,163.71
09.29.2002-03:00:00,09,29,2002,03,163.48
09.29.2002-06:00:00,09,29,2002,06,156.88
09.29.2002-09:00:00,09,29,2002,09,139.67
09.29.2002-12:00:00,09,29,2002,12,134.46
09.29.2002-15:00:00,09,29,2002,15,142.19
09.29.2002-18:00:00,09,29,2002,18,156.5
09.29.2002-21:00:00,09,29,2002,21,163.39
09.30.2002-00:00:00,09,30,2002,00,161.28
09.30.2002-03:00:00,09,30,2002,03,162.63
09.30.2002-06:00:00,09,30,2002,06,156.85
09.30.2002-09:00:00,09,30,2002,09,141.43
09.30.2002-12:00:00,09,30,2002,12,135.58
09.30.2002-15:00:00,09,30,2002,15,147.37
09.30.2002-18:00:00,09,30,2002,18,157.76
09.30.2002-21:00:00,09,30,2002,21,161.92
