TIMESTAMP,MONTH,DAY,YEAR,HOUR,C
10.01.2001-00:00:00,10,01,2001,00,16.56
10.01.2001-03:00:00,10,01,2001,03,16.532
10.01.2001-06:00:00,10,01,2001,06,16.495
10.01.2001-09:00:00,10,01,2001,09,16.433
10.01.2001-12:00:00,10,01,2001,12,16.381
10.01.2001-15:00:00,10,01,2001,15,16.347
10.01.2001-18:00:00,10,01,2001,18,16.318
10.01.2001-21:00:00,10,01,2001,21,16.289
10.02.2001-00:00:00,10,02,2001,00,16.262
10.02.2001-03:00:00,10,02,2001,03,16.234
10.02.2001-06:00:00,10,02,2001,06,16.197
10.02.2001-09:00:00,10,02,2001,09,16.137
10.02.2001-12:00:00,10,02,2001,12,16.087
10.02.2001-15:00:00,10,02,2001,15,16.054
10.02.2001-18:00:00,10,02,2001,18,16.026
10.02.2001-21:00:00,10,02,2001,21,15.998
10.03.2001-00:00:00,10,03,2001,00,15.971
10.03.2001-03:00:00,10,03,2001,03,15.945
10.03.2001-06:00:00,10,03,2001,06,15.912
10.03.2001-09:00:00,10,03,2001,09,15.854
10.03.2001-12:00:00,10,03,2001,12,15.806
10.03.2001-15:00:00,10,03,2001,15,15.774
10.03.2001-18:00:00,10,03,2001,18,15.747
10.03.2001-21:00:00,10,03,2001,21,15.72
10.04.2001-00:00:00,10,04,2001,00,15.694
10.04.2001-03:00:00,10,04,2001,03,15.669
10.04.2001-06:00:00,10,04,2001,06,15.641
10.04.2001-09:00:00,10,04,2001,09,15.587
10.04.2001-12:00:00,10,04,2001,12,15.542
10.04.2001-15:00:00,10,04,2001,15,15.511
10.04.2001-18:00:00,10,04,2001,18,15.485
10.04.2001-21:00:00,10,04,2001,21,15.459
10.05.2001-00:00:00,10,05,2001,00,15.434
10.05.2001-03:00:00,10,05,2001,03,15.409
10.05.2001-06:00:00,10,05,2001,06,15.384
10.05.2001-09:00:00,10,05,2001,09,15.335
10.05.2001-12:00:00,10,05,2001,12,15.292
10.05.2001-15:00:00,10,05,2001,15,15.263
10.05.2001-18:00:00,10,05,2001,18,15.238
10.05.2001-21:00:00,10,05,2001,21,15.213
10.06.2001-00:00:00,10,06,2001,00,15.189
10.06.2001-03:00:00,10,06,2001,03,15.165
10.06.2001-06:00:00,10,06,2001,06,15.14
10.06.2001-09:00:00,10,06,2001,09,15.095
10.06.2001-12:00:00,10,06,2001,12,15.055
10.06.2001-15:00:00,10,06,2001,15,15.026
10.06.2001-18:00:00,10,06,2001,18,15.001
10.06.2001-21:00:00,10,06,2001,21,14.977
10.07.2001-00:00:00,10,07,2001,00,14.953
10.07.2001-03:00:00,10,07,2001,03,14.929
10.07.2001-06:00:00,10,07,2001,06,14.905
10.07.2001-09:00:00,10,07,2001,09,14.867
10.07.2001-12:00:00,10,07,2001,12,14.832
10.07.2001-15:00:00,10,07,2001,15,14.805
10.07.2001-18:00:00,10,07,2001,18,14.782
10.07.2001-21:00:00,10,07,2001,21,14.758
10.08.2001-00:00:00,10,08,2001,00,14.735
10.08.2001-03:00:00,10,08,2001,03,14.712
10.08.2001-06:00:00,10,08,2001,06,14.689
10.08.2001-09:00:00,10,08,2001,09,14.648
10.08.2001-12:00:00,10,08,2001,12,14.616
10.08.2001-15:00:00,10,08,2001,15,14.589
10.08.2001-18:00:00,10,08,2001,18,14.567
10.08.2001-21:00:00,10,08,2001,21,14.543
10.09.2001-00:00:00,10,09,2001,00,14.517
10.09.2001-03:00:00,10,09,2001,03,14.495
10.09.2001-06:00:00,10,09,2001,06,14.469
10.09.2001-09:00:00,10,09,2001,09,14.428
10.09.2001-12:00:00,10,09,2001,12,14.394
10.09.2001-15:00:00,10,09,2001,15,14.367
10.09.2001-18:00:00,10,09,2001,18,14.344
10.09.2001-21:00:00,10,09,2001,21,14.322
10.10.2001-00:00:00,10,10,2001,00,14.3
10.10.2001-03:00:00,10,10,2001,03,14.277
10.10.2001-06:00:00,10,10,2001,06,14.255
10.10.2001-09:00:00,10,10,2001,09,14.226
10.10.2001-12:00:00,10,10,2001,12,14.239
10.10.2001-15:00:00,10,10,2001,15,14.237
10.10.2001-18:00:00,10,10,2001,18,14.195
10.10.2001-21:00:00,10,10,2001,21,14.172
10.11.2001-00:00:00,10,11,2001,00,14.15
10.11.2001-03:00:00,10,11,2001,03,14.129
10.11.2001-06:00:00,10,11,2001,06,14.107
10.11.2001-09:00:00,10,11,2001,09,14.084
10.11.2001-12:00:00,10,11,2001,12,14.077
10.11.2001-15:00:00,10,11,2001,15,14.058
10.11.2001-18:00:00,10,11,2001,18,14.042
10.11.2001-21:00:00,10,11,2001,21,14.012
10.12.2001-00:00:00,10,12,2001,00,13.99
10.12.2001-03:00:00,10,12,2001,03,13.968
10.12.2001-06:00:00,10,12,2001,06,13.946
10.12.2001-09:00:00,10,12,2001,09,13.924
10.12.2001-12:00:00,10,12,2001,12,13.949
10.12.2001-15:00:00,10,12,2001,15,13.941
10.12.2001-18:00:00,10,12,2001,18,13.927
10.12.2001-21:00:00,10,12,2001,21,13.916
10.13.2001-00:00:00,10,13,2001,00,13.894
10.13.2001-03:00:00,10,13,2001,03,13.872
10.13.2001-06:00:00,10,13,2001,06,13.855
10.13.2001-09:00:00,10,13,2001,09,13.922
10.13.2001-12:00:00,10,13,2001,12,14.008
10.13.2001-15:00:00,10,13,2001,15,14.055
10.13.2001-18:00:00,10,13,2001,18,14.086
10.13.2001-21:00:00,10,13,2001,21,14.099
10.14.2001-00:00:00,10,14,2001,00,14.106
10.14.2001-03:00:00,10,14,2001,03,14.107
10.14.2001-06:00:00,10,14,2001,06,14.102
10.14.2001-09:00:00,10,14,2001,09,14.109
10.14.2001-12:00:00,10,14,2001,12,14.08
10.14.2001-15:00:00,10,14,2001,15,14.065
10.14.2001-18:00:00,10,14,2001,18,14.043
10.14.2001-21:00:00,10,14,2001,21,14.016
10.15.2001-00:00:00,10,15,2001,00,13.99
10.15.2001-03:00:00,10,15,2001,03,13.966
10.15.2001-06:00:00,10,15,2001,06,13.942
10.15.2001-09:00:00,10,15,2001,09,13.903
10.15.2001-12:00:00,10,15,2001,12,13.868
10.15.2001-15:00:00,10,15,2001,15,13.843
10.15.2001-18:00:00,10,15,2001,18,13.819
10.15.2001-21:00:00,10,15,2001,21,13.796
10.16.2001-00:00:00,10,16,2001,00,13.773
10.16.2001-03:00:00,10,16,2001,03,13.75
10.16.2001-06:00:00,10,16,2001,06,13.727
10.16.2001-09:00:00,10,16,2001,09,13.693
10.16.2001-12:00:00,10,16,2001,12,13.659
10.16.2001-15:00:00,10,16,2001,15,13.635
10.16.2001-18:00:00,10,16,2001,18,13.612
10.16.2001-21:00:00,10,16,2001,21,13.59
10.17.2001-00:00:00,10,17,2001,00,13.568
10.17.2001-03:00:00,10,17,2001,03,13.547
10.17.2001-06:00:00,10,17,2001,06,13.525
10.17.2001-09:00:00,10,17,2001,09,13.498
10.17.2001-12:00:00,10,17,2001,12,13.471
10.17.2001-15:00:00,10,17,2001,15,13.455
10.17.2001-18:00:00,10,17,2001,18,13.441
10.17.2001-21:00:00,10,17,2001,21,13.42
10.18.2001-00:00:00,10,18,2001,00,13.399
10.18.2001-03:00:00,10,18,2001,03,13.378
10.18.2001-06:00:00,10,18,2001,06,13.357
10.18.2001-09:00:00,10,18,2001,09,13.332
10.18.2001-12:00:00,10,18,2001,12,13.312
10.18.2001-15:00:00,10,18,2001,15,13.301
10.18.2001-18:00:00,10,18,2001,18,13.295
10.18.2001-21:00:00,10,18,2001,21,13.277
10.19.2001-00:00:00,10,19,2001,00,13.257
10.19.2001-03:00:00,10,19,2001,03,13.237
10.19.2001-06:00:00,10,19,2001,06,13.216
10.19.2001-09:00:00,10,19,2001,09,13.185
10.19.2001-12:00:00,10,19,2001,12,13.156
10.19.2001-15:00:00,10,19,2001,15,13.134
10.19.2001-18:00:00,10,19,2001,18,13.114
10.19.2001-21:00:00,10,19,2001,21,13.094
10.20.2001-00:00:00,10,20,2001,00,13.071
10.20.2001-03:00:00,10,20,2001,03,13.052
10.20.2001-06:00:00,10,20,2001,06,13.033
10.20.2001-09:00:00,10,20,2001,09,13
10.20.2001-12:00:00,10,20,2001,12,12.97
10.20.2001-15:00:00,10,20,2001,15,12.949
10.20.2001-18:00:00,10,20,2001,18,12.93
10.20.2001-21:00:00,10,20,2001,21,12.912
10.21.2001-00:00:00,10,21,2001,00,12.894
10.21.2001-03:00:00,10,21,2001,03,12.876
10.21.2001-06:00:00,10,21,2001,06,12.857
10.21.2001-09:00:00,10,21,2001,09,12.858
10.21.2001-12:00:00,10,21,2001,12,12.868
10.21.2001-15:00:00,10,21,2001,15,12.863
10.21.2001-18:00:00,10,21,2001,18,12.834
10.21.2001-21:00:00,10,21,2001,21,12.812
10.22.2001-00:00:00,10,22,2001,00,12.794
10.22.2001-03:00:00,10,22,2001,03,12.776
10.22.2001-06:00:00,10,22,2001,06,12.758
10.22.2001-09:00:00,10,22,2001,09,12.741
10.22.2001-12:00:00,10,22,2001,12,12.748
10.22.2001-15:00:00,10,22,2001,15,12.747
10.22.2001-18:00:00,10,22,2001,18,12.737
10.22.2001-21:00:00,10,22,2001,21,12.72
10.23.2001-00:00:00,10,23,2001,00,12.703
10.23.2001-03:00:00,10,23,2001,03,12.685
10.23.2001-06:00:00,10,23,2001,06,12.668
10.23.2001-09:00:00,10,23,2001,09,12.647
10.23.2001-12:00:00,10,23,2001,12,12.694
10.23.2001-15:00:00,10,23,2001,15,12.697
10.23.2001-18:00:00,10,23,2001,18,12.703
10.23.2001-21:00:00,10,23,2001,21,12.71
10.24.2001-00:00:00,10,24,2001,00,12.712
10.24.2001-03:00:00,10,24,2001,03,12.696
10.24.2001-06:00:00,10,24,2001,06,12.679
10.24.2001-09:00:00,10,24,2001,09,12.655
10.24.2001-12:00:00,10,24,2001,12,12.631
10.24.2001-15:00:00,10,24,2001,15,12.613
10.24.2001-18:00:00,10,24,2001,18,12.597
10.24.2001-21:00:00,10,24,2001,21,12.58
10.25.2001-00:00:00,10,25,2001,00,12.564
10.25.2001-03:00:00,10,25,2001,03,12.547
10.25.2001-06:00:00,10,25,2001,06,12.531
10.25.2001-09:00:00,10,25,2001,09,12.513
10.25.2001-12:00:00,10,25,2001,12,12.497
10.25.2001-15:00:00,10,25,2001,15,12.481
10.25.2001-18:00:00,10,25,2001,18,12.465
10.25.2001-21:00:00,10,25,2001,21,12.449
10.26.2001-00:00:00,10,26,2001,00,12.433
10.26.2001-03:00:00,10,26,2001,03,12.418
10.26.2001-06:00:00,10,26,2001,06,12.402
10.26.2001-09:00:00,10,26,2001,09,12.385
10.26.2001-12:00:00,10,26,2001,12,12.369
10.26.2001-15:00:00,10,26,2001,15,12.353
10.26.2001-18:00:00,10,26,2001,18,12.338
10.26.2001-21:00:00,10,26,2001,21,12.323
10.27.2001-00:00:00,10,27,2001,00,12.308
10.27.2001-03:00:00,10,27,2001,03,12.293
10.27.2001-06:00:00,10,27,2001,06,12.279
10.27.2001-09:00:00,10,27,2001,09,12.255
10.27.2001-12:00:00,10,27,2001,12,12.233
10.27.2001-15:00:00,10,27,2001,15,12.218
10.27.2001-18:00:00,10,27,2001,18,12.204
10.27.2001-21:00:00,10,27,2001,21,12.19
10.28.2001-00:00:00,10,28,2001,00,12.176
10.28.2001-03:00:00,10,28,2001,03,12.162
10.28.2001-06:00:00,10,28,2001,06,12.148
10.28.2001-09:00:00,10,28,2001,09,12.129
10.28.2001-12:00:00,10,28,2001,12,12.109
10.28.2001-15:00:00,10,28,2001,15,12.096
10.28.2001-18:00:00,10,28,2001,18,12.083
10.28.2001-21:00:00,10,28,2001,21,12.07
10.29.2001-00:00:00,10,29,2001,00,12.057
10.29.2001-03:00:00,10,29,2001,03,12.044
10.29.2001-06:00:00,10,29,2001,06,12.031
10.29.2001-09:00:00,10,29,2001,09,12.016
10.29.2001-12:00:00,10,29,2001,12,11.999
10.29.2001-15:00:00,10,29,2001,15,11.987
10.29.2001-18:00:00,10,29,2001,18,11.974
10.29.2001-21:00:00,10,29,2001,21,11.962
10.30.2001-00:00:00,10,30,2001,00,11.95
10.30.2001-03:00:00,10,30,2001,03,11.938
10.30.2001-06:00:00,10,30,2001,06,11.926
10.30.2001-09:00:00,10,30,2001,09,11.914
10.30.2001-12:00:00,10,30,2001,12,11.902
10.30.2001-15:00:00,10,30,2001,15,11.89
10.30.2001-18:00:00,10,30,2001,18,11.879
10.30.2001-21:00:00,10,30,2001,21,11.867
10.31.2001-00:00:00,10,31,2001,00,11.855
10.31.2001-03:00:00,10,31,2001,03,11.844
10.31.2001-06:00:00,10,31,2001,06,11.833
10.31.2001-09:00:00,10,31,2001,09,11.82
10.31.2001-12:00:00,10,31,2001,12,11.808
10.31.2001-15:00:00,10,31,2001,15,11.805
10.31.2001-18:00:00,10,31,2001,18,11.812
10.31.2001-21:00:00,10,31,2001,21,11.821
11.01.2001-00:00:00,11,01,2001,00,11.829
11.01.2001-03:00:00,11,01,2001,03,11.826
11.01.2001-06:00:00,11,01,2001,06,11.822
11.01.2001-09:00:00,11,01,2001,09,11.812
11.01.2001-12:00:00,11,01,2001,12,11.8
11.01.2001-15:00:00,11,01,2001,15,11.791
11.01.2001-18:00:00,11,01,2001,18,11.783
11.01.2001-21:00:00,11,01,2001,21,11.774
11.02.2001-00:00:00,11,02,2001,00,11.766
11.02.2001-03:00:00,11,02,2001,03,11.758
11.02.2001-06:00:00,11,02,2001,06,11.75
11.02.2001-09:00:00,11,02,2001,09,11.739
11.02.2001-12:00:00,11,02,2001,12,11.727
11.02.2001-15:00:00,11,02,2001,15,11.718
11.02.2001-18:00:00,11,02,2001,18,11.71
11.02.2001-21:00:00,11,02,2001,21,11.702
11.03.2001-00:00:00,11,03,2001,00,11.694
11.03.2001-03:00:00,11,03,2001,03,11.686
11.03.2001-06:00:00,11,03,2001,06,11.678
11.03.2001-09:00:00,11,03,2001,09,11.668
11.03.2001-12:00:00,11,03,2001,12,11.657
11.03.2001-15:00:00,11,03,2001,15,11.649
11.03.2001-18:00:00,11,03,2001,18,11.641
11.03.2001-21:00:00,11,03,2001,21,11.634
11.04.2001-00:00:00,11,04,2001,00,11.626
11.04.2001-03:00:00,11,04,2001,03,11.619
11.04.2001-06:00:00,11,04,2001,06,11.612
11.04.2001-09:00:00,11,04,2001,09,11.601
11.04.2001-12:00:00,11,04,2001,12,11.59
11.04.2001-15:00:00,11,04,2001,15,11.582
11.04.2001-18:00:00,11,04,2001,18,11.575
11.04.2001-21:00:00,11,04,2001,21,11.568
11.05.2001-00:00:00,11,05,2001,00,11.561
11.05.2001-03:00:00,11,05,2001,03,11.554
11.05.2001-06:00:00,11,05,2001,06,11.547
11.05.2001-09:00:00,11,05,2001,09,11.538
11.05.2001-12:00:00,11,05,2001,12,11.528
11.05.2001-15:00:00,11,05,2001,15,11.521
11.05.2001-18:00:00,11,05,2001,18,11.514
11.05.2001-21:00:00,11,05,2001,21,11.508
11.06.2001-00:00:00,11,06,2001,00,11.502
11.06.2001-03:00:00,11,06,2001,03,11.495
11.06.2001-06:00:00,11,06,2001,06,11.489
11.06.2001-09:00:00,11,06,2001,09,11.483
11.06.2001-12:00:00,11,06,2001,12,11.475
11.06.2001-15:00:00,11,06,2001,15,11.469
11.06.2001-18:00:00,11,06,2001,18,11.463
11.06.2001-21:00:00,11,06,2001,21,11.457
11.07.2001-00:00:00,11,07,2001,00,11.451
11.07.2001-03:00:00,11,07,2001,03,11.445
11.07.2001-06:00:00,11,07,2001,06,11.44
11.07.2001-09:00:00,11,07,2001,09,11.435
11.07.2001-12:00:00,11,07,2001,12,11.429
11.07.2001-15:00:00,11,07,2001,15,11.424
11.07.2001-18:00:00,11,07,2001,18,11.418
11.07.2001-21:00:00,11,07,2001,21,11.413
11.08.2001-00:00:00,11,08,2001,00,11.408
11.08.2001-03:00:00,11,08,2001,03,11.403
11.08.2001-06:00:00,11,08,2001,06,11.398
11.08.2001-09:00:00,11,08,2001,09,11.393
11.08.2001-12:00:00,11,08,2001,12,11.386
11.08.2001-15:00:00,11,08,2001,15,11.381
11.08.2001-18:00:00,11,08,2001,18,11.376
11.08.2001-21:00:00,11,08,2001,21,11.371
11.09.2001-00:00:00,11,09,2001,00,11.367
11.09.2001-03:00:00,11,09,2001,03,11.363
11.09.2001-06:00:00,11,09,2001,06,11.358
11.09.2001-09:00:00,11,09,2001,09,11.354
11.09.2001-12:00:00,11,09,2001,12,11.348
11.09.2001-15:00:00,11,09,2001,15,11.344
11.09.2001-18:00:00,11,09,2001,18,11.34
11.09.2001-21:00:00,11,09,2001,21,11.336
11.10.2001-00:00:00,11,10,2001,00,11.333
11.10.2001-03:00:00,11,10,2001,03,11.329
11.10.2001-06:00:00,11,10,2001,06,11.326
11.10.2001-09:00:00,11,10,2001,09,11.323
11.10.2001-12:00:00,11,10,2001,12,11.318
11.10.2001-15:00:00,11,10,2001,15,11.316
11.10.2001-18:00:00,11,10,2001,18,11.313
11.10.2001-21:00:00,11,10,2001,21,11.311
11.11.2001-00:00:00,11,11,2001,00,11.309
11.11.2001-03:00:00,11,11,2001,03,11.307
11.11.2001-06:00:00,11,11,2001,06,11.305
11.11.2001-09:00:00,11,11,2001,09,11.303
11.11.2001-12:00:00,11,11,2001,12,11.3
11.11.2001-15:00:00,11,11,2001,15,11.299
11.11.2001-18:00:00,11,11,2001,18,11.298
11.11.2001-21:00:00,11,11,2001,21,11.298
11.12.2001-00:00:00,11,12,2001,00,11.298
11.12.2001-03:00:00,11,12,2001,03,11.298
11.12.2001-06:00:00,11,12,2001,06,11.299
11.12.2001-09:00:00,11,12,2001,09,11.3
11.12.2001-12:00:00,11,12,2001,12,11.299
11.12.2001-15:00:00,11,12,2001,15,11.301
11.12.2001-18:00:00,11,12,2001,18,11.303
11.12.2001-21:00:00,11,12,2001,21,11.305
11.13.2001-00:00:00,11,13,2001,00,11.307
11.13.2001-03:00:00,11,13,2001,03,11.309
11.13.2001-06:00:00,11,13,2001,06,11.312
11.13.2001-09:00:00,11,13,2001,09,11.314
11.13.2001-12:00:00,11,13,2001,12,11.317
11.13.2001-15:00:00,11,13,2001,15,11.32
11.13.2001-18:00:00,11,13,2001,18,11.323
11.13.2001-21:00:00,11,13,2001,21,11.326
11.14.2001-00:00:00,11,14,2001,00,11.331
11.14.2001-03:00:00,11,14,2001,03,11.341
11.14.2001-06:00:00,11,14,2001,06,11.359
11.14.2001-09:00:00,11,14,2001,09,11.43
11.14.2001-12:00:00,11,14,2001,12,11.783
11.14.2001-15:00:00,11,14,2001,15,12.331
11.14.2001-18:00:00,11,14,2001,18,12.957
11.14.2001-21:00:00,11,14,2001,21,13.617
11.15.2001-00:00:00,11,15,2001,00,14.04
11.15.2001-03:00:00,11,15,2001,03,14.24
11.15.2001-06:00:00,11,15,2001,06,14.33
11.15.2001-09:00:00,11,15,2001,09,14.404
11.15.2001-12:00:00,11,15,2001,12,14.472
11.15.2001-15:00:00,11,15,2001,15,14.547
11.15.2001-18:00:00,11,15,2001,18,14.624
11.15.2001-21:00:00,11,15,2001,21,14.701
11.16.2001-00:00:00,11,16,2001,00,14.78
11.16.2001-03:00:00,11,16,2001,03,14.852
11.16.2001-06:00:00,11,16,2001,06,14.92
11.16.2001-09:00:00,11,16,2001,09,14.986
11.16.2001-12:00:00,11,16,2001,12,15.05
11.16.2001-15:00:00,11,16,2001,15,15.118
11.16.2001-18:00:00,11,16,2001,18,15.186
11.16.2001-21:00:00,11,16,2001,21,15.254
11.17.2001-00:00:00,11,17,2001,00,15.321
11.17.2001-03:00:00,11,17,2001,03,15.388
11.17.2001-06:00:00,11,17,2001,06,15.455
11.17.2001-09:00:00,11,17,2001,09,15.52
11.17.2001-12:00:00,11,17,2001,12,15.584
11.17.2001-15:00:00,11,17,2001,15,15.649
11.17.2001-18:00:00,11,17,2001,18,15.715
11.17.2001-21:00:00,11,17,2001,21,15.78
11.18.2001-00:00:00,11,18,2001,00,15.844
11.18.2001-03:00:00,11,18,2001,03,15.908
11.18.2001-06:00:00,11,18,2001,06,15.974
11.18.2001-09:00:00,11,18,2001,09,16.042
11.18.2001-12:00:00,11,18,2001,12,16.11
11.18.2001-15:00:00,11,18,2001,15,16.179
11.18.2001-18:00:00,11,18,2001,18,16.247
11.18.2001-21:00:00,11,18,2001,21,16.315
11.19.2001-00:00:00,11,19,2001,00,16.383
11.19.2001-03:00:00,11,19,2001,03,16.45
11.19.2001-06:00:00,11,19,2001,06,16.517
11.19.2001-09:00:00,11,19,2001,09,16.583
11.19.2001-12:00:00,11,19,2001,12,16.649
11.19.2001-15:00:00,11,19,2001,15,16.714
11.19.2001-18:00:00,11,19,2001,18,16.78
11.19.2001-21:00:00,11,19,2001,21,16.844
11.20.2001-00:00:00,11,20,2001,00,16.908
11.20.2001-03:00:00,11,20,2001,03,16.972
11.20.2001-06:00:00,11,20,2001,06,17.035
11.20.2001-09:00:00,11,20,2001,09,17.097
11.20.2001-12:00:00,11,20,2001,12,17.159
11.20.2001-15:00:00,11,20,2001,15,17.221
11.20.2001-18:00:00,11,20,2001,18,17.283
11.20.2001-21:00:00,11,20,2001,21,17.344
11.21.2001-00:00:00,11,21,2001,00,17.404
11.21.2001-03:00:00,11,21,2001,03,17.464
11.21.2001-06:00:00,11,21,2001,06,17.523
11.21.2001-09:00:00,11,21,2001,09,17.58
11.21.2001-12:00:00,11,21,2001,12,17.637
11.21.2001-15:00:00,11,21,2001,15,17.692
11.21.2001-18:00:00,11,21,2001,18,17.748
11.21.2001-21:00:00,11,21,2001,21,17.802
11.22.2001-00:00:00,11,22,2001,00,17.857
11.22.2001-03:00:00,11,22,2001,03,17.91
11.22.2001-06:00:00,11,22,2001,06,17.963
11.22.2001-09:00:00,11,22,2001,09,18.015
11.22.2001-12:00:00,11,22,2001,12,18.067
11.22.2001-15:00:00,11,22,2001,15,18.117
11.22.2001-18:00:00,11,22,2001,18,18.167
11.22.2001-21:00:00,11,22,2001,21,18.216
11.23.2001-00:00:00,11,23,2001,00,18.264
11.23.2001-03:00:00,11,23,2001,03,18.312
11.23.2001-06:00:00,11,23,2001,06,18.359
11.23.2001-09:00:00,11,23,2001,09,18.404
11.23.2001-12:00:00,11,23,2001,12,18.446
11.23.2001-15:00:00,11,23,2001,15,18.49
11.23.2001-18:00:00,11,23,2001,18,18.534
11.23.2001-21:00:00,11,23,2001,21,18.576
11.24.2001-00:00:00,11,24,2001,00,18.618
11.24.2001-03:00:00,11,24,2001,03,18.659
11.24.2001-06:00:00,11,24,2001,06,18.699
11.24.2001-09:00:00,11,24,2001,09,18.738
11.24.2001-12:00:00,11,24,2001,12,18.776
11.24.2001-15:00:00,11,24,2001,15,18.813
11.24.2001-18:00:00,11,24,2001,18,18.85
11.24.2001-21:00:00,11,24,2001,21,18.887
11.25.2001-00:00:00,11,25,2001,00,18.923
11.25.2001-03:00:00,11,25,2001,03,18.959
11.25.2001-06:00:00,11,25,2001,06,18.994
11.25.2001-09:00:00,11,25,2001,09,19.027
11.25.2001-12:00:00,11,25,2001,12,19.059
11.25.2001-15:00:00,11,25,2001,15,19.091
11.25.2001-18:00:00,11,25,2001,18,19.122
11.25.2001-21:00:00,11,25,2001,21,19.152
11.26.2001-00:00:00,11,26,2001,00,19.182
11.26.2001-03:00:00,11,26,2001,03,19.21
11.26.2001-06:00:00,11,26,2001,06,19.237
11.26.2001-09:00:00,11,26,2001,09,19.264
11.26.2001-12:00:00,11,26,2001,12,19.29
11.26.2001-15:00:00,11,26,2001,15,19.314
11.26.2001-18:00:00,11,26,2001,18,19.339
11.26.2001-21:00:00,11,26,2001,21,19.362
11.27.2001-00:00:00,11,27,2001,00,19.384
11.27.2001-03:00:00,11,27,2001,03,19.406
11.27.2001-06:00:00,11,27,2001,06,19.427
11.27.2001-09:00:00,11,27,2001,09,19.447
11.27.2001-12:00:00,11,27,2001,12,19.466
11.27.2001-15:00:00,11,27,2001,15,19.485
11.27.2001-18:00:00,11,27,2001,18,19.502
11.27.2001-21:00:00,11,27,2001,21,19.519
11.28.2001-00:00:00,11,28,2001,00,19.535
11.28.2001-03:00:00,11,28,2001,03,19.55
11.28.2001-06:00:00,11,28,2001,06,19.564
11.28.2001-09:00:00,11,28,2001,09,19.578
11.28.2001-12:00:00,11,28,2001,12,19.59
11.28.2001-15:00:00,11,28,2001,15,19.602
11.28.2001-18:00:00,11,28,2001,18,19.614
11.28.2001-21:00:00,11,28,2001,21,19.625
11.29.2001-00:00:00,11,29,2001,00,19.634
11.29.2001-03:00:00,11,29,2001,03,19.643
11.29.2001-06:00:00,11,29,2001,06,19.652
11.29.2001-09:00:00,11,29,2001,09,19.66
11.29.2001-12:00:00,11,29,2001,12,19.666
11.29.2001-15:00:00,11,29,2001,15,19.673
11.29.2001-18:00:00,11,29,2001,18,19.678
11.29.2001-21:00:00,11,29,2001,21,19.683
11.30.2001-00:00:00,11,30,2001,00,19.687
11.30.2001-03:00:00,11,30,2001,03,19.691
11.30.2001-06:00:00,11,30,2001,06,19.694
11.30.2001-09:00:00,11,30,2001,09,19.696
11.30.2001-12:00:00,11,30,2001,12,19.698
11.30.2001-15:00:00,11,30,2001,15,19.698
11.30.2001-18:00:00,11,30,2001,18,19.699
11.30.2001-21:00:00,11,30,2001,21,19.699
12.01.2001-00:00:00,12,01,2001,00,19.698
12.01.2001-03:00:00,12,01,2001,03,19.696
12.01.2001-06:00:00,12,01,2001,06,19.694
12.01.2001-09:00:00,12,01,2001,09,19.691
12.01.2001-12:00:00,12,01,2001,12,19.688
12.01.2001-15:00:00,12,01,2001,15,19.684
12.01.2001-18:00:00,12,01,2001,18,19.68
12.01.2001-21:00:00,12,01,2001,21,19.675
12.02.2001-00:00:00,12,02,2001,00,19.67
12.02.2001-03:00:00,12,02,2001,03,19.664
12.02.2001-06:00:00,12,02,2001,06,19.657
12.02.2001-09:00:00,12,02,2001,09,19.65
12.02.2001-12:00:00,12,02,2001,12,19.643
12.02.2001-15:00:00,12,02,2001,15,19.635
12.02.2001-18:00:00,12,02,2001,18,19.626
12.02.2001-21:00:00,12,02,2001,21,19.618
12.03.2001-00:00:00,12,03,2001,00,19.608
12.03.2001-03:00:00,12,03,2001,03,19.598
12.03.2001-06:00:00,12,03,2001,06,19.588
12.03.2001-09:00:00,12,03,2001,09,19.577
12.03.2001-12:00:00,12,03,2001,12,19.566
12.03.2001-15:00:00,12,03,2001,15,19.555
12.03.2001-18:00:00,12,03,2001,18,19.543
12.03.2001-21:00:00,12,03,2001,21,19.531
12.04.2001-00:00:00,12,04,2001,00,19.518
12.04.2001-03:00:00,12,04,2001,03,19.505
12.04.2001-06:00:00,12,04,2001,06,19.491
12.04.2001-09:00:00,12,04,2001,09,19.477
12.04.2001-12:00:00,12,04,2001,12,19.463
12.04.2001-15:00:00,12,04,2001,15,19.448
12.04.2001-18:00:00,12,04,2001,18,19.434
12.04.2001-21:00:00,12,04,2001,21,19.419
12.05.2001-00:00:00,12,05,2001,00,19.403
12.05.2001-03:00:00,12,05,2001,03,19.387
12.05.2001-06:00:00,12,05,2001,06,19.371
12.05.2001-09:00:00,12,05,2001,09,19.354
12.05.2001-12:00:00,12,05,2001,12,19.337
12.05.2001-15:00:00,12,05,2001,15,19.32
12.05.2001-18:00:00,12,05,2001,18,19.302
12.05.2001-21:00:00,12,05,2001,21,19.284
12.06.2001-00:00:00,12,06,2001,00,19.266
12.06.2001-03:00:00,12,06,2001,03,19.248
12.06.2001-06:00:00,12,06,2001,06,19.229
12.06.2001-09:00:00,12,06,2001,09,19.21
12.06.2001-12:00:00,12,06,2001,12,19.191
12.06.2001-15:00:00,12,06,2001,15,19.171
12.06.2001-18:00:00,12,06,2001,18,19.152
12.06.2001-21:00:00,12,06,2001,21,19.132
12.07.2001-00:00:00,12,07,2001,00,19.112
12.07.2001-03:00:00,12,07,2001,03,19.091
12.07.2001-06:00:00,12,07,2001,06,19.07
12.07.2001-09:00:00,12,07,2001,09,19.05
12.07.2001-12:00:00,12,07,2001,12,19.029
12.07.2001-15:00:00,12,07,2001,15,19.007
12.07.2001-18:00:00,12,07,2001,18,18.986
12.07.2001-21:00:00,12,07,2001,21,18.964
12.08.2001-00:00:00,12,08,2001,00,18.942
12.08.2001-03:00:00,12,08,2001,03,18.92
12.08.2001-06:00:00,12,08,2001,06,18.898
12.08.2001-09:00:00,12,08,2001,09,18.875
12.08.2001-12:00:00,12,08,2001,12,18.853
12.08.2001-15:00:00,12,08,2001,15,18.83
12.08.2001-18:00:00,12,08,2001,18,18.807
12.08.2001-21:00:00,12,08,2001,21,18.784
12.09.2001-00:00:00,12,09,2001,00,18.761
12.09.2001-03:00:00,12,09,2001,03,18.737
12.09.2001-06:00:00,12,09,2001,06,18.714
12.09.2001-09:00:00,12,09,2001,09,18.69
12.09.2001-12:00:00,12,09,2001,12,18.666
12.09.2001-15:00:00,12,09,2001,15,18.642
12.09.2001-18:00:00,12,09,2001,18,18.618
12.09.2001-21:00:00,12,09,2001,21,18.594
12.10.2001-00:00:00,12,10,2001,00,18.569
12.10.2001-03:00:00,12,10,2001,03,18.545
12.10.2001-06:00:00,12,10,2001,06,18.52
12.10.2001-09:00:00,12,10,2001,09,18.496
12.10.2001-12:00:00,12,10,2001,12,18.471
12.10.2001-15:00:00,12,10,2001,15,18.446
12.10.2001-18:00:00,12,10,2001,18,18.421
12.10.2001-21:00:00,12,10,2001,21,18.396
12.11.2001-00:00:00,12,11,2001,00,18.371
12.11.2001-03:00:00,12,11,2001,03,18.346
12.11.2001-06:00:00,12,11,2001,06,18.321
12.11.2001-09:00:00,12,11,2001,09,18.296
12.11.2001-12:00:00,12,11,2001,12,18.271
12.11.2001-15:00:00,12,11,2001,15,18.246
12.11.2001-18:00:00,12,11,2001,18,18.22
12.11.2001-21:00:00,12,11,2001,21,18.195
12.12.2001-00:00:00,12,12,2001,00,18.169
12.12.2001-03:00:00,12,12,2001,03,18.144
12.12.2001-06:00:00,12,12,2001,06,18.118
12.12.2001-09:00:00,12,12,2001,09,18.092
12.12.2001-12:00:00,12,12,2001,12,18.066
12.12.2001-15:00:00,12,12,2001,15,18.041
12.12.2001-18:00:00,12,12,2001,18,18.015
12.12.2001-21:00:00,12,12,2001,21,17.989
12.13.2001-00:00:00,12,13,2001,00,17.963
12.13.2001-03:00:00,12,13,2001,03,17.937
12.13.2001-06:00:00,12,13,2001,06,17.911
12.13.2001-09:00:00,12,13,2001,09,17.885
12.13.2001-12:00:00,12,13,2001,12,17.859
12.13.2001-15:00:00,12,13,2001,15,17.833
12.13.2001-18:00:00,12,13,2001,18,17.807
12.13.2001-21:00:00,12,13,2001,21,17.78
12.14.2001-00:00:00,12,14,2001,00,17.754
12.14.2001-03:00:00,12,14,2001,03,17.728
12.14.2001-06:00:00,12,14,2001,06,17.701
12.14.2001-09:00:00,12,14,2001,09,17.675
12.14.2001-12:00:00,12,14,2001,12,17.649
12.14.2001-15:00:00,12,14,2001,15,17.622
12.14.2001-18:00:00,12,14,2001,18,17.596
12.14.2001-21:00:00,12,14,2001,21,17.57
12.15.2001-00:00:00,12,15,2001,00,17.543
12.15.2001-03:00:00,12,15,2001,03,17.517
12.15.2001-06:00:00,12,15,2001,06,17.49
12.15.2001-09:00:00,12,15,2001,09,17.464
12.15.2001-12:00:00,12,15,2001,12,17.437
12.15.2001-15:00:00,12,15,2001,15,17.411
12.15.2001-18:00:00,12,15,2001,18,17.385
12.15.2001-21:00:00,12,15,2001,21,17.359
12.16.2001-00:00:00,12,16,2001,00,17.332
12.16.2001-03:00:00,12,16,2001,03,17.306
12.16.2001-06:00:00,12,16,2001,06,17.28
12.16.2001-09:00:00,12,16,2001,09,17.253
12.16.2001-12:00:00,12,16,2001,12,17.227
12.16.2001-15:00:00,12,16,2001,15,17.201
12.16.2001-18:00:00,12,16,2001,18,17.174
12.16.2001-21:00:00,12,16,2001,21,17.148
12.17.2001-00:00:00,12,17,2001,00,17.121
12.17.2001-03:00:00,12,17,2001,03,17.095
12.17.2001-06:00:00,12,17,2001,06,17.068
12.17.2001-09:00:00,12,17,2001,09,17.042
12.17.2001-12:00:00,12,17,2001,12,17.016
12.17.2001-15:00:00,12,17,2001,15,16.989
12.17.2001-18:00:00,12,17,2001,18,16.963
12.17.2001-21:00:00,12,17,2001,21,16.936
12.18.2001-00:00:00,12,18,2001,00,16.91
12.18.2001-03:00:00,12,18,2001,03,16.883
12.18.2001-06:00:00,12,18,2001,06,16.857
12.18.2001-09:00:00,12,18,2001,09,16.831
12.18.2001-12:00:00,12,18,2001,12,16.805
12.18.2001-15:00:00,12,18,2001,15,16.779
12.18.2001-18:00:00,12,18,2001,18,16.752
12.18.2001-21:00:00,12,18,2001,21,16.726
12.19.2001-00:00:00,12,19,2001,00,16.7
12.19.2001-03:00:00,12,19,2001,03,16.674
12.19.2001-06:00:00,12,19,2001,06,16.647
12.19.2001-09:00:00,12,19,2001,09,16.621
12.19.2001-12:00:00,12,19,2001,12,16.595
12.19.2001-15:00:00,12,19,2001,15,16.568
12.19.2001-18:00:00,12,19,2001,18,16.543
12.19.2001-21:00:00,12,19,2001,21,16.517
12.20.2001-00:00:00,12,20,2001,00,16.491
12.20.2001-03:00:00,12,20,2001,03,16.465
12.20.2001-06:00:00,12,20,2001,06,16.439
12.20.2001-09:00:00,12,20,2001,09,16.413
12.20.2001-12:00:00,12,20,2001,12,16.387
12.20.2001-15:00:00,12,20,2001,15,16.361
12.20.2001-18:00:00,12,20,2001,18,16.336
12.20.2001-21:00:00,12,20,2001,21,16.31
12.21.2001-00:00:00,12,21,2001,00,16.284
12.21.2001-03:00:00,12,21,2001,03,16.258
12.21.2001-06:00:00,12,21,2001,06,16.232
12.21.2001-09:00:00,12,21,2001,09,16.207
12.21.2001-12:00:00,12,21,2001,12,16.181
12.21.2001-15:00:00,12,21,2001,15,16.155
12.21.2001-18:00:00,12,21,2001,18,16.13
12.21.2001-21:00:00,12,21,2001,21,16.104
12.22.2001-00:00:00,12,22,2001,00,16.079
12.22.2001-03:00:00,12,22,2001,03,16.053
12.22.2001-06:00:00,12,22,2001,06,16.027
12.22.2001-09:00:00,12,22,2001,09,16.002
12.22.2001-12:00:00,12,22,2001,12,15.976
12.22.2001-15:00:00,12,22,2001,15,15.951
12.22.2001-18:00:00,12,22,2001,18,15.925
12.22.2001-21:00:00,12,22,2001,21,15.9
12.23.2001-00:00:00,12,23,2001,00,15.874
12.23.2001-03:00:00,12,23,2001,03,15.849
12.23.2001-06:00:00,12,23,2001,06,15.824
12.23.2001-09:00:00,12,23,2001,09,15.798
12.23.2001-12:00:00,12,23,2001,12,15.773
12.23.2001-15:00:00,12,23,2001,15,15.748
12.23.2001-18:00:00,12,23,2001,18,15.722
12.23.2001-21:00:00,12,23,2001,21,15.697
12.24.2001-00:00:00,12,24,2001,00,15.672
12.24.2001-03:00:00,12,24,2001,03,15.647
12.24.2001-06:00:00,12,24,2001,06,15.622
12.24.2001-09:00:00,12,24,2001,09,15.597
12.24.2001-12:00:00,12,24,2001,12,15.572
12.24.2001-15:00:00,12,24,2001,15,15.547
12.24.2001-18:00:00,12,24,2001,18,15.522
12.24.2001-21:00:00,12,24,2001,21,15.497
12.25.2001-00:00:00,12,25,2001,00,15.472
12.25.2001-03:00:00,12,25,2001,03,15.447
12.25.2001-06:00:00,12,25,2001,06,15.422
12.25.2001-09:00:00,12,25,2001,09,15.397
12.25.2001-12:00:00,12,25,2001,12,15.372
12.25.2001-15:00:00,12,25,2001,15,15.347
12.25.2001-18:00:00,12,25,2001,18,15.322
12.25.2001-21:00:00,12,25,2001,21,15.298
12.26.2001-00:00:00,12,26,2001,00,15.273
12.26.2001-03:00:00,12,26,2001,03,15.248
12.26.2001-06:00:00,12,26,2001,06,15.223
12.26.2001-09:00:00,12,26,2001,09,15.199
12.26.2001-12:00:00,12,26,2001,12,15.174
12.26.2001-15:00:00,12,26,2001,15,15.15
12.26.2001-18:00:00,12,26,2001,18,15.125
12.26.2001-21:00:00,12,26,2001,21,15.1
12.27.2001-00:00:00,12,27,2001,00,15.076
12.27.2001-03:00:00,12,27,2001,03,15.051
12.27.2001-06:00:00,12,27,2001,06,15.027
12.27.2001-09:00:00,12,27,2001,09,15.002
12.27.2001-12:00:00,12,27,2001,12,14.978
12.27.2001-15:00:00,12,27,2001,15,14.953
12.27.2001-18:00:00,12,27,2001,18,14.929
12.27.2001-21:00:00,12,27,2001,21,14.905
12.28.2001-00:00:00,12,28,2001,00,14.88
12.28.2001-03:00:00,12,28,2001,03,14.856
12.28.2001-06:00:00,12,28,2001,06,14.832
12.28.2001-09:00:00,12,28,2001,09,14.807
12.28.2001-12:00:00,12,28,2001,12,14.783
12.28.2001-15:00:00,12,28,2001,15,14.759
12.28.2001-18:00:00,12,28,2001,18,14.735
12.28.2001-21:00:00,12,28,2001,21,14.711
12.29.2001-00:00:00,12,29,2001,00,14.687
12.29.2001-03:00:00,12,29,2001,03,14.663
12.29.2001-06:00:00,12,29,2001,06,14.638
12.29.2001-09:00:00,12,29,2001,09,14.614
12.29.2001-12:00:00,12,29,2001,12,14.59
12.29.2001-15:00:00,12,29,2001,15,14.566
12.29.2001-18:00:00,12,29,2001,18,14.542
12.29.2001-21:00:00,12,29,2001,21,14.518
12.30.2001-00:00:00,12,30,2001,00,14.494
12.30.2001-03:00:00,12,30,2001,03,14.47
12.30.2001-06:00:00,12,30,2001,06,14.446
12.30.2001-09:00:00,12,30,2001,09,14.422
12.30.2001-12:00:00,12,30,2001,12,14.398
12.30.2001-15:00:00,12,30,2001,15,14.374
12.30.2001-18:00:00,12,30,2001,18,14.351
12.30.2001-21:00:00,12,30,2001,21,14.327
12.31.2001-00:00:00,12,31,2001,00,14.303
12.31.2001-03:00:00,12,31,2001,03,14.279
12.31.2001-06:00:00,12,31,2001,06,14.255
12.31.2001-09:00:00,12,31,2001,09,14.232
12.31.2001-12:00:00,12,31,2001,12,14.208
12.31.2001-15:00:00,12,31,2001,15,14.185
12.31.2001-18:00:00,12,31,2001,18,14.161
12.31.2001-21:00:00,12,31,2001,21,14.138
01.01.2002-00:00:00,01,01,2002,00,14.114
01.01.2002-03:00:00,01,01,2002,03,14.091
01.01.2002-06:00:00,01,01,2002,06,14.067
01.01.2002-09:00:00,01,01,2002,09,14.044
01.01.2002-12:00:00,01,01,2002,12,14.021
01.01.2002-15:00:00,01,01,2002,15,13.997
01.01.2002-18:00:00,01,01,2002,18,13.974
01.01.2002-21:00:00,01,01,2002,21,13.951
01.02.2002-00:00:00,01,02,2002,00,13.928
01.02.2002-03:00:00,01,02,2002,03,13.904
01.02.2002-06:00:00,01,02,2002,06,13.881
01.02.2002-09:00:00,01,02,2002,09,13.858
01.02.2002-12:00:00,01,02,2002,12,13.835
01.02.2002-15:00:00,01,02,2002,15,13.812
01.02.2002-18:00:00,01,02,2002,18,13.789
01.02.2002-21:00:00,01,02,2002,21,13.766
01.03.2002-00:00:00,01,03,2002,00,13.743
01.03.2002-03:00:00,01,03,2002,03,13.72
01.03.2002-06:00:00,01,03,2002,06,13.697
01.03.2002-09:00:00,01,03,2002,09,13.674
01.03.2002-12:00:00,01,03,2002,12,13.651
01.03.2002-15:00:00,01,03,2002,15,13.629
01.03.2002-18:00:00,01,03,2002,18,13.606
01.03.2002-21:00:00,01,03,2002,21,13.583
01.04.2002-00:00:00,01,04,2002,00,13.56
01.04.2002-03:00:00,01,04,2002,03,13.537
01.04.2002-06:00:00,01,04,2002,06,13.515
01.04.2002-09:00:00,01,04,2002,09,13.492
01.04.2002-12:00:00,01,04,2002,12,13.47
01.04.2002-15:00:00,01,04,2002,15,13.447
01.04.2002-18:00:00,01,04,2002,18,13.424
01.04.2002-21:00:00,01,04,2002,21,13.402
01.05.2002-00:00:00,01,05,2002,00,13.379
01.05.2002-03:00:00,01,05,2002,03,13.357
01.05.2002-06:00:00,01,05,2002,06,13.334
01.05.2002-09:00:00,01,05,2002,09,13.312
01.05.2002-12:00:00,01,05,2002,12,13.29
01.05.2002-15:00:00,01,05,2002,15,13.267
01.05.2002-18:00:00,01,05,2002,18,13.245
01.05.2002-21:00:00,01,05,2002,21,13.223
01.06.2002-00:00:00,01,06,2002,00,13.2
01.06.2002-03:00:00,01,06,2002,03,13.178
01.06.2002-06:00:00,01,06,2002,06,13.156
01.06.2002-09:00:00,01,06,2002,09,13.134
01.06.2002-12:00:00,01,06,2002,12,13.111
01.06.2002-15:00:00,01,06,2002,15,13.089
01.06.2002-18:00:00,01,06,2002,18,13.067
01.06.2002-21:00:00,01,06,2002,21,13.045
01.07.2002-00:00:00,01,07,2002,00,13.023
01.07.2002-03:00:00,01,07,2002,03,13.001
01.07.2002-06:00:00,01,07,2002,06,12.979
01.07.2002-09:00:00,01,07,2002,09,12.957
01.07.2002-12:00:00,01,07,2002,12,12.935
01.07.2002-15:00:00,01,07,2002,15,12.914
01.07.2002-18:00:00,01,07,2002,18,12.892
01.07.2002-21:00:00,01,07,2002,21,12.87
01.08.2002-00:00:00,01,08,2002,00,12.848
01.08.2002-03:00:00,01,08,2002,03,12.826
01.08.2002-06:00:00,01,08,2002,06,12.805
01.08.2002-09:00:00,01,08,2002,09,12.783
01.08.2002-12:00:00,01,08,2002,12,12.761
01.08.2002-15:00:00,01,08,2002,15,12.74
01.08.2002-18:00:00,01,08,2002,18,12.718
01.08.2002-21:00:00,01,08,2002,21,12.697
01.09.2002-00:00:00,01,09,2002,00,12.675
01.09.2002-03:00:00,01,09,2002,03,12.654
01.09.2002-06:00:00,01,09,2002,06,12.632
01.09.2002-09:00:00,01,09,2002,09,12.611
01.09.2002-12:00:00,01,09,2002,12,12.59
01.09.2002-15:00:00,01,09,2002,15,12.569
01.09.2002-18:00:00,01,09,2002,18,12.548
01.09.2002-21:00:00,01,09,2002,21,12.527
01.10.2002-00:00:00,01,10,2002,00,12.506
01.10.2002-03:00:00,01,10,2002,03,12.485
01.10.2002-06:00:00,01,10,2002,06,12.464
01.10.2002-09:00:00,01,10,2002,09,12.443
01.10.2002-12:00:00,01,10,2002,12,12.422
01.10.2002-15:00:00,01,10,2002,15,12.401
01.10.2002-18:00:00,01,10,2002,18,12.381
01.10.2002-21:00:00,01,10,2002,21,12.36
01.11.2002-00:00:00,01,11,2002,00,12.339
01.11.2002-03:00:00,01,11,2002,03,12.318
01.11.2002-06:00:00,01,11,2002,06,12.298
01.11.2002-09:00:00,01,11,2002,09,12.277
01.11.2002-12:00:00,01,11,2002,12,12.257
01.11.2002-15:00:00,01,11,2002,15,12.236
01.11.2002-18:00:00,01,11,2002,18,12.216
01.11.2002-21:00:00,01,11,2002,21,12.195
01.12.2002-00:00:00,01,12,2002,00,12.175
01.12.2002-03:00:00,01,12,2002,03,12.154
01.12.2002-06:00:00,01,12,2002,06,12.134
01.12.2002-09:00:00,01,12,2002,09,12.113
01.12.2002-12:00:00,01,12,2002,12,12.093
01.12.2002-15:00:00,01,12,2002,15,12.073
01.12.2002-18:00:00,01,12,2002,18,12.052
01.12.2002-21:00:00,01,12,2002,21,12.032
01.13.2002-00:00:00,01,13,2002,00,12.012
01.13.2002-03:00:00,01,13,2002,03,11.992
01.13.2002-06:00:00,01,13,2002,06,11.971
01.13.2002-09:00:00,01,13,2002,09,11.951
01.13.2002-12:00:00,01,13,2002,12,11.931
01.13.2002-15:00:00,01,13,2002,15,11.911
01.13.2002-18:00:00,01,13,2002,18,11.891
01.13.2002-21:00:00,01,13,2002,21,11.87
01.14.2002-00:00:00,01,14,2002,00,11.85
01.14.2002-03:00:00,01,14,2002,03,11.83
01.14.2002-06:00:00,01,14,2002,06,11.81
01.14.2002-09:00:00,01,14,2002,09,11.79
01.14.2002-12:00:00,01,14,2002,12,11.77
01.14.2002-15:00:00,01,14,2002,15,11.75
01.14.2002-18:00:00,01,14,2002,18,11.731
01.14.2002-21:00:00,01,14,2002,21,11.711
01.15.2002-00:00:00,01,15,2002,00,11.691
01.15.2002-03:00:00,01,15,2002,03,11.671
01.15.2002-06:00:00,01,15,2002,06,11.651
01.15.2002-09:00:00,01,15,2002,09,11.632
01.15.2002-12:00:00,01,15,2002,12,11.612
01.15.2002-15:00:00,01,15,2002,15,11.593
01.15.2002-18:00:00,01,15,2002,18,11.574
01.15.2002-21:00:00,01,15,2002,21,11.554
01.16.2002-00:00:00,01,16,2002,00,11.535
01.16.2002-03:00:00,01,16,2002,03,11.516
01.16.2002-06:00:00,01,16,2002,06,11.496
01.16.2002-09:00:00,01,16,2002,09,11.477
01.16.2002-12:00:00,01,16,2002,12,11.458
01.16.2002-15:00:00,01,16,2002,15,11.439
01.16.2002-18:00:00,01,16,2002,18,11.42
01.16.2002-21:00:00,01,16,2002,21,11.4
01.17.2002-00:00:00,01,17,2002,00,11.381
01.17.2002-03:00:00,01,17,2002,03,11.362
01.17.2002-06:00:00,01,17,2002,06,11.343
01.17.2002-09:00:00,01,17,2002,09,11.324
01.17.2002-12:00:00,01,17,2002,12,11.305
01.17.2002-15:00:00,01,17,2002,15,11.286
01.17.2002-18:00:00,01,17,2002,18,11.267
01.17.2002-21:00:00,01,17,2002,21,11.248
01.18.2002-00:00:00,01,18,2002,00,11.229
01.18.2002-03:00:00,01,18,2002,03,11.21
01.18.2002-06:00:00,01,18,2002,06,11.191
01.18.2002-09:00:00,01,18,2002,09,11.172
01.18.2002-12:00:00,01,18,2002,12,11.153
01.18.2002-15:00:00,01,18,2002,15,11.134
01.18.2002-18:00:00,01,18,2002,18,11.115
01.18.2002-21:00:00,01,18,2002,21,11.097
01.19.2002-00:00:00,01,19,2002,00,11.078
01.19.2002-03:00:00,01,19,2002,03,11.059
01.19.2002-06:00:00,01,19,2002,06,11.04
01.19.2002-09:00:00,01,19,2002,09,11.022
01.19.2002-12:00:00,01,19,2002,12,11.003
01.19.2002-15:00:00,01,19,2002,15,10.985
01.19.2002-18:00:00,01,19,2002,18,10.966
01.19.2002-21:00:00,01,19,2002,21,10.947
01.20.2002-00:00:00,01,20,2002,00,10.929
01.20.2002-03:00:00,01,20,2002,03,10.91
01.20.2002-06:00:00,01,20,2002,06,10.892
01.20.2002-09:00:00,01,20,2002,09,10.874
01.20.2002-12:00:00,01,20,2002,12,10.855
01.20.2002-15:00:00,01,20,2002,15,10.837
01.20.2002-18:00:00,01,20,2002,18,10.819
01.20.2002-21:00:00,01,20,2002,21,10.8
01.21.2002-00:00:00,01,21,2002,00,10.782
01.21.2002-03:00:00,01,21,2002,03,10.764
01.21.2002-06:00:00,01,21,2002,06,10.745
01.21.2002-09:00:00,01,21,2002,09,10.727
01.21.2002-12:00:00,01,21,2002,12,10.709
01.21.2002-15:00:00,01,21,2002,15,10.691
01.21.2002-18:00:00,01,21,2002,18,10.673
01.21.2002-21:00:00,01,21,2002,21,10.655
01.22.2002-00:00:00,01,22,2002,00,10.637
01.22.2002-03:00:00,01,22,2002,03,10.619
01.22.2002-06:00:00,01,22,2002,06,10.601
01.22.2002-09:00:00,01,22,2002,09,10.583
01.22.2002-12:00:00,01,22,2002,12,10.565
01.22.2002-15:00:00,01,22,2002,15,10.547
01.22.2002-18:00:00,01,22,2002,18,10.529
01.22.2002-21:00:00,01,22,2002,21,10.511
01.23.2002-00:00:00,01,23,2002,00,10.494
01.23.2002-03:00:00,01,23,2002,03,10.476
01.23.2002-06:00:00,01,23,2002,06,10.458
01.23.2002-09:00:00,01,23,2002,09,10.44
01.23.2002-12:00:00,01,23,2002,12,10.423
01.23.2002-15:00:00,01,23,2002,15,10.405
01.23.2002-18:00:00,01,23,2002,18,10.387
01.23.2002-21:00:00,01,23,2002,21,10.37
01.24.2002-00:00:00,01,24,2002,00,10.352
01.24.2002-03:00:00,01,24,2002,03,10.335
01.24.2002-06:00:00,01,24,2002,06,10.317
01.24.2002-09:00:00,01,24,2002,09,10.3
01.24.2002-12:00:00,01,24,2002,12,10.282
01.24.2002-15:00:00,01,24,2002,15,10.265
01.24.2002-18:00:00,01,24,2002,18,10.248
01.24.2002-21:00:00,01,24,2002,21,10.231
01.25.2002-00:00:00,01,25,2002,00,10.214
01.25.2002-03:00:00,01,25,2002,03,10.197
01.25.2002-06:00:00,01,25,2002,06,10.181
01.25.2002-09:00:00,01,25,2002,09,10.164
01.25.2002-12:00:00,01,25,2002,12,10.147
01.25.2002-15:00:00,01,25,2002,15,10.13
01.25.2002-18:00:00,01,25,2002,18,10.114
01.25.2002-21:00:00,01,25,2002,21,10.097
01.26.2002-00:00:00,01,26,2002,00,10.08
01.26.2002-03:00:00,01,26,2002,03,10.064
01.26.2002-06:00:00,01,26,2002,06,10.047
01.26.2002-09:00:00,01,26,2002,09,10.031
01.26.2002-12:00:00,01,26,2002,12,10.015
01.26.2002-15:00:00,01,26,2002,15,9.9982
01.26.2002-18:00:00,01,26,2002,18,9.9818
01.26.2002-21:00:00,01,26,2002,21,9.9655
01.27.2002-00:00:00,01,27,2002,00,9.9492
01.27.2002-03:00:00,01,27,2002,03,9.9329
01.27.2002-06:00:00,01,27,2002,06,9.9166
01.27.2002-09:00:00,01,27,2002,09,9.9004
01.27.2002-12:00:00,01,27,2002,12,9.8842
01.27.2002-15:00:00,01,27,2002,15,9.868
01.27.2002-18:00:00,01,27,2002,18,9.8518
01.27.2002-21:00:00,01,27,2002,21,9.8357
01.28.2002-00:00:00,01,28,2002,00,9.8196
01.28.2002-03:00:00,01,28,2002,03,9.8035
01.28.2002-06:00:00,01,28,2002,06,9.7874
01.28.2002-09:00:00,01,28,2002,09,9.7714
01.28.2002-12:00:00,01,28,2002,12,9.7554
01.28.2002-15:00:00,01,28,2002,15,9.7395
01.28.2002-18:00:00,01,28,2002,18,9.7235
01.28.2002-21:00:00,01,28,2002,21,9.7076
01.29.2002-00:00:00,01,29,2002,00,9.6918
01.29.2002-03:00:00,01,29,2002,03,9.6759
01.29.2002-06:00:00,01,29,2002,06,9.6601
01.29.2002-09:00:00,01,29,2002,09,9.6443
01.29.2002-12:00:00,01,29,2002,12,9.6285
01.29.2002-15:00:00,01,29,2002,15,9.6128
01.29.2002-18:00:00,01,29,2002,18,9.597
01.29.2002-21:00:00,01,29,2002,21,9.5813
01.30.2002-00:00:00,01,30,2002,00,9.5657
01.30.2002-03:00:00,01,30,2002,03,9.5501
01.30.2002-06:00:00,01,30,2002,06,9.5344
01.30.2002-09:00:00,01,30,2002,09,9.5189
01.30.2002-12:00:00,01,30,2002,12,9.5033
01.30.2002-15:00:00,01,30,2002,15,9.4878
01.30.2002-18:00:00,01,30,2002,18,9.4723
01.30.2002-21:00:00,01,30,2002,21,9.4568
01.31.2002-00:00:00,01,31,2002,00,9.4414
01.31.2002-03:00:00,01,31,2002,03,9.426
01.31.2002-06:00:00,01,31,2002,06,9.4106
01.31.2002-09:00:00,01,31,2002,09,9.3953
01.31.2002-12:00:00,01,31,2002,12,9.3799
01.31.2002-15:00:00,01,31,2002,15,9.3646
01.31.2002-18:00:00,01,31,2002,18,9.3493
01.31.2002-21:00:00,01,31,2002,21,9.3341
02.01.2002-00:00:00,02,01,2002,00,9.3189
02.01.2002-03:00:00,02,01,2002,03,9.3037
02.01.2002-06:00:00,02,01,2002,06,9.2885
02.01.2002-09:00:00,02,01,2002,09,9.2734
02.01.2002-12:00:00,02,01,2002,12,9.2583
02.01.2002-15:00:00,02,01,2002,15,9.2432
02.01.2002-18:00:00,02,01,2002,18,9.2281
02.01.2002-21:00:00,02,01,2002,21,9.2131
02.02.2002-00:00:00,02,02,2002,00,9.1981
02.02.2002-03:00:00,02,02,2002,03,9.1831
02.02.2002-06:00:00,02,02,2002,06,9.1682
02.02.2002-09:00:00,02,02,2002,09,9.1532
02.02.2002-12:00:00,02,02,2002,12,9.1384
02.02.2002-15:00:00,02,02,2002,15,9.1235
02.02.2002-18:00:00,02,02,2002,18,9.1086
02.02.2002-21:00:00,02,02,2002,21,9.0938
02.03.2002-00:00:00,02,03,2002,00,9.079
02.03.2002-03:00:00,02,03,2002,03,9.0643
02.03.2002-06:00:00,02,03,2002,06,9.0495
02.03.2002-09:00:00,02,03,2002,09,9.0348
02.03.2002-12:00:00,02,03,2002,12,9.0202
02.03.2002-15:00:00,02,03,2002,15,9.0055
02.03.2002-18:00:00,02,03,2002,18,8.9909
02.03.2002-21:00:00,02,03,2002,21,8.9763
02.04.2002-00:00:00,02,04,2002,00,8.9617
02.04.2002-03:00:00,02,04,2002,03,8.9472
02.04.2002-06:00:00,02,04,2002,06,8.9327
02.04.2002-09:00:00,02,04,2002,09,8.9182
02.04.2002-12:00:00,02,04,2002,12,8.9037
02.04.2002-15:00:00,02,04,2002,15,8.8893
02.04.2002-18:00:00,02,04,2002,18,8.8749
02.04.2002-21:00:00,02,04,2002,21,8.8605
02.05.2002-00:00:00,02,05,2002,00,8.8462
02.05.2002-03:00:00,02,05,2002,03,8.8318
02.05.2002-06:00:00,02,05,2002,06,8.8176
02.05.2002-09:00:00,02,05,2002,09,8.8033
02.05.2002-12:00:00,02,05,2002,12,8.789
02.05.2002-15:00:00,02,05,2002,15,8.7748
02.05.2002-18:00:00,02,05,2002,18,8.7606
02.05.2002-21:00:00,02,05,2002,21,8.7465
02.06.2002-00:00:00,02,06,2002,00,8.7323
02.06.2002-03:00:00,02,06,2002,03,8.7182
02.06.2002-06:00:00,02,06,2002,06,8.7042
02.06.2002-09:00:00,02,06,2002,09,8.6901
02.06.2002-12:00:00,02,06,2002,12,8.6761
02.06.2002-15:00:00,02,06,2002,15,8.6621
02.06.2002-18:00:00,02,06,2002,18,8.6481
02.06.2002-21:00:00,02,06,2002,21,8.6342
02.07.2002-00:00:00,02,07,2002,00,8.6203
02.07.2002-03:00:00,02,07,2002,03,8.6064
02.07.2002-06:00:00,02,07,2002,06,8.5925
02.07.2002-09:00:00,02,07,2002,09,8.5787
02.07.2002-12:00:00,02,07,2002,12,8.5649
02.07.2002-15:00:00,02,07,2002,15,8.5511
02.07.2002-18:00:00,02,07,2002,18,8.5373
02.07.2002-21:00:00,02,07,2002,21,8.5236
02.08.2002-00:00:00,02,08,2002,00,8.5099
02.08.2002-03:00:00,02,08,2002,03,8.4962
02.08.2002-06:00:00,02,08,2002,06,8.4826
02.08.2002-09:00:00,02,08,2002,09,8.4689
02.08.2002-12:00:00,02,08,2002,12,8.4553
02.08.2002-15:00:00,02,08,2002,15,8.4418
02.08.2002-18:00:00,02,08,2002,18,8.4282
02.08.2002-21:00:00,02,08,2002,21,8.4147
02.09.2002-00:00:00,02,09,2002,00,8.4012
02.09.2002-03:00:00,02,09,2002,03,8.3878
02.09.2002-06:00:00,02,09,2002,06,8.3743
02.09.2002-09:00:00,02,09,2002,09,8.3609
02.09.2002-12:00:00,02,09,2002,12,8.3475
02.09.2002-15:00:00,02,09,2002,15,8.3342
02.09.2002-18:00:00,02,09,2002,18,8.3209
02.09.2002-21:00:00,02,09,2002,21,8.3075
02.10.2002-00:00:00,02,10,2002,00,8.2943
02.10.2002-03:00:00,02,10,2002,03,8.281
02.10.2002-06:00:00,02,10,2002,06,8.2678
02.10.2002-09:00:00,02,10,2002,09,8.2546
02.10.2002-12:00:00,02,10,2002,12,8.2414
02.10.2002-15:00:00,02,10,2002,15,8.2282
02.10.2002-18:00:00,02,10,2002,18,8.2151
02.10.2002-21:00:00,02,10,2002,21,8.202
02.11.2002-00:00:00,02,11,2002,00,8.1889
02.11.2002-03:00:00,02,11,2002,03,8.1759
02.11.2002-06:00:00,02,11,2002,06,8.1629
02.11.2002-09:00:00,02,11,2002,09,8.1498
02.11.2002-12:00:00,02,11,2002,12,8.1369
02.11.2002-15:00:00,02,11,2002,15,8.1239
02.11.2002-18:00:00,02,11,2002,18,8.111
02.11.2002-21:00:00,02,11,2002,21,8.0981
02.12.2002-00:00:00,02,12,2002,00,8.0852
02.12.2002-03:00:00,02,12,2002,03,8.0724
02.12.2002-06:00:00,02,12,2002,06,8.0596
02.12.2002-09:00:00,02,12,2002,09,8.0468
02.12.2002-12:00:00,02,12,2002,12,8.034
02.12.2002-15:00:00,02,12,2002,15,8.0213
02.12.2002-18:00:00,02,12,2002,18,8.0086
02.12.2002-21:00:00,02,12,2002,21,7.9959
02.13.2002-00:00:00,02,13,2002,00,7.9832
02.13.2002-03:00:00,02,13,2002,03,7.9706
02.13.2002-06:00:00,02,13,2002,06,7.958
02.13.2002-09:00:00,02,13,2002,09,7.9454
02.13.2002-12:00:00,02,13,2002,12,7.9324
02.13.2002-15:00:00,02,13,2002,15,7.9198
02.13.2002-18:00:00,02,13,2002,18,7.9073
02.13.2002-21:00:00,02,13,2002,21,7.8948
02.14.2002-00:00:00,02,14,2002,00,7.8824
02.14.2002-03:00:00,02,14,2002,03,7.8699
02.14.2002-06:00:00,02,14,2002,06,7.8576
02.14.2002-09:00:00,02,14,2002,09,7.8452
02.14.2002-12:00:00,02,14,2002,12,7.8328
02.14.2002-15:00:00,02,14,2002,15,7.8205
02.14.2002-18:00:00,02,14,2002,18,7.8082
02.14.2002-21:00:00,02,14,2002,21,7.7959
02.15.2002-00:00:00,02,15,2002,00,7.7837
02.15.2002-03:00:00,02,15,2002,03,7.7714
02.15.2002-06:00:00,02,15,2002,06,7.7592
02.15.2002-09:00:00,02,15,2002,09,7.747
02.15.2002-12:00:00,02,15,2002,12,7.7349
02.15.2002-15:00:00,02,15,2002,15,7.7228
02.15.2002-18:00:00,02,15,2002,18,7.7107
02.15.2002-21:00:00,02,15,2002,21,7.6986
02.16.2002-00:00:00,02,16,2002,00,7.6866
02.16.2002-03:00:00,02,16,2002,03,7.6745
02.16.2002-06:00:00,02,16,2002,06,7.6625
02.16.2002-09:00:00,02,16,2002,09,7.6505
02.16.2002-12:00:00,02,16,2002,12,7.6386
02.16.2002-15:00:00,02,16,2002,15,7.6266
02.16.2002-18:00:00,02,16,2002,18,7.6147
02.16.2002-21:00:00,02,16,2002,21,7.6028
02.17.2002-00:00:00,02,17,2002,00,7.5909
02.17.2002-03:00:00,02,17,2002,03,7.5791
02.17.2002-06:00:00,02,17,2002,06,7.5672
02.17.2002-09:00:00,02,17,2002,09,7.5554
02.17.2002-12:00:00,02,17,2002,12,7.5437
02.17.2002-15:00:00,02,17,2002,15,7.5319
02.17.2002-18:00:00,02,17,2002,18,7.5202
02.17.2002-21:00:00,02,17,2002,21,7.5085
02.18.2002-00:00:00,02,18,2002,00,7.4968
02.18.2002-03:00:00,02,18,2002,03,7.4851
02.18.2002-06:00:00,02,18,2002,06,7.4735
02.18.2002-09:00:00,02,18,2002,09,7.4619
02.18.2002-12:00:00,02,18,2002,12,7.4497
02.18.2002-15:00:00,02,18,2002,15,7.4381
02.18.2002-18:00:00,02,18,2002,18,7.4266
02.18.2002-21:00:00,02,18,2002,21,7.4151
02.19.2002-00:00:00,02,19,2002,00,7.4036
02.19.2002-03:00:00,02,19,2002,03,7.3922
02.19.2002-06:00:00,02,19,2002,06,7.3807
02.19.2002-09:00:00,02,19,2002,09,7.3693
02.19.2002-12:00:00,02,19,2002,12,7.3573
02.19.2002-15:00:00,02,19,2002,15,7.3459
02.19.2002-18:00:00,02,19,2002,18,7.3346
02.19.2002-21:00:00,02,19,2002,21,7.3233
02.20.2002-00:00:00,02,20,2002,00,7.312
02.20.2002-03:00:00,02,20,2002,03,7.3007
02.20.2002-06:00:00,02,20,2002,06,7.2895
02.20.2002-09:00:00,02,20,2002,09,7.2783
02.20.2002-12:00:00,02,20,2002,12,7.2663
02.20.2002-15:00:00,02,20,2002,15,7.2551
02.20.2002-18:00:00,02,20,2002,18,7.244
02.20.2002-21:00:00,02,20,2002,21,7.2329
02.21.2002-00:00:00,02,21,2002,00,7.2218
02.21.2002-03:00:00,02,21,2002,03,7.2107
02.21.2002-06:00:00,02,21,2002,06,7.1997
02.21.2002-09:00:00,02,21,2002,09,7.1886
02.21.2002-12:00:00,02,21,2002,12,7.1776
02.21.2002-15:00:00,02,21,2002,15,7.1667
02.21.2002-18:00:00,02,21,2002,18,7.1557
02.21.2002-21:00:00,02,21,2002,21,7.1448
02.22.2002-00:00:00,02,22,2002,00,7.1339
02.22.2002-03:00:00,02,22,2002,03,7.123
02.22.2002-06:00:00,02,22,2002,06,7.1122
02.22.2002-09:00:00,02,22,2002,09,7.0998
02.22.2002-12:00:00,02,22,2002,12,7.0881
02.22.2002-15:00:00,02,22,2002,15,7.0772
02.22.2002-18:00:00,02,22,2002,18,7.0665
02.22.2002-21:00:00,02,22,2002,21,7.0557
02.23.2002-00:00:00,02,23,2002,00,7.045
02.23.2002-03:00:00,02,23,2002,03,7.0343
02.23.2002-06:00:00,02,23,2002,06,7.0237
02.23.2002-09:00:00,02,23,2002,09,7.013
02.23.2002-12:00:00,02,23,2002,12,7.0024
02.23.2002-15:00:00,02,23,2002,15,6.9918
02.23.2002-18:00:00,02,23,2002,18,6.9813
02.23.2002-21:00:00,02,23,2002,21,6.9707
02.24.2002-00:00:00,02,24,2002,00,6.9602
02.24.2002-03:00:00,02,24,2002,03,6.9497
02.24.2002-06:00:00,02,24,2002,06,6.9392
02.24.2002-09:00:00,02,24,2002,09,6.9288
02.24.2002-12:00:00,02,24,2002,12,6.9183
02.24.2002-15:00:00,02,24,2002,15,6.9079
02.24.2002-18:00:00,02,24,2002,18,6.8975
02.24.2002-21:00:00,02,24,2002,21,6.8871
02.25.2002-00:00:00,02,25,2002,00,6.8768
02.25.2002-03:00:00,02,25,2002,03,6.8665
02.25.2002-06:00:00,02,25,2002,06,6.8562
02.25.2002-09:00:00,02,25,2002,09,6.8459
02.25.2002-12:00:00,02,25,2002,12,6.8356
02.25.2002-15:00:00,02,25,2002,15,6.8254
02.25.2002-18:00:00,02,25,2002,18,6.8152
02.25.2002-21:00:00,02,25,2002,21,6.805
02.26.2002-00:00:00,02,26,2002,00,6.7948
02.26.2002-03:00:00,02,26,2002,03,6.7846
02.26.2002-06:00:00,02,26,2002,06,6.7745
02.26.2002-09:00:00,02,26,2002,09,6.7644
02.26.2002-12:00:00,02,26,2002,12,6.7543
02.26.2002-15:00:00,02,26,2002,15,6.7442
02.26.2002-18:00:00,02,26,2002,18,6.7342
02.26.2002-21:00:00,02,26,2002,21,6.7242
02.27.2002-00:00:00,02,27,2002,00,6.7142
02.27.2002-03:00:00,02,27,2002,03,6.7042
02.27.2002-06:00:00,02,27,2002,06,6.6942
02.27.2002-09:00:00,02,27,2002,09,6.6843
02.27.2002-12:00:00,02,27,2002,12,6.6744
02.27.2002-15:00:00,02,27,2002,15,6.6645
02.27.2002-18:00:00,02,27,2002,18,6.6546
02.27.2002-21:00:00,02,27,2002,21,6.6447
02.28.2002-00:00:00,02,28,2002,00,6.6349
02.28.2002-03:00:00,02,28,2002,03,6.6251
02.28.2002-06:00:00,02,28,2002,06,6.6153
02.28.2002-09:00:00,02,28,2002,09,6.6055
02.28.2002-12:00:00,02,28,2002,12,6.5958
02.28.2002-15:00:00,02,28,2002,15,6.586
02.28.2002-18:00:00,02,28,2002,18,6.5763
02.28.2002-21:00:00,02,28,2002,21,6.5666
03.01.2002-00:00:00,03,01,2002,00,6.557
03.01.2002-03:00:00,03,01,2002,03,6.5473
03.01.2002-06:00:00,03,01,2002,06,6.5377
03.01.2002-09:00:00,03,01,2002,09,6.5281
03.01.2002-12:00:00,03,01,2002,12,6.5176
03.01.2002-15:00:00,03,01,2002,15,6.508
03.01.2002-18:00:00,03,01,2002,18,6.4985
03.01.2002-21:00:00,03,01,2002,21,6.489
03.02.2002-00:00:00,03,02,2002,00,6.4795
03.02.2002-03:00:00,03,02,2002,03,6.47
03.02.2002-06:00:00,03,02,2002,06,6.4605
03.02.2002-09:00:00,03,02,2002,09,6.4511
03.02.2002-12:00:00,03,02,2002,12,6.4409
03.02.2002-15:00:00,03,02,2002,15,6.4315
03.02.2002-18:00:00,03,02,2002,18,6.4221
03.02.2002-21:00:00,03,02,2002,21,6.4128
03.03.2002-00:00:00,03,03,2002,00,6.4034
03.03.2002-03:00:00,03,03,2002,03,6.3941
03.03.2002-06:00:00,03,03,2002,06,6.3848
03.03.2002-09:00:00,03,03,2002,09,6.3755
03.03.2002-12:00:00,03,03,2002,12,6.3655
03.03.2002-15:00:00,03,03,2002,15,6.3562
03.03.2002-18:00:00,03,03,2002,18,6.347
03.03.2002-21:00:00,03,03,2002,21,6.3378
03.04.2002-00:00:00,03,04,2002,00,6.3286
03.04.2002-03:00:00,03,04,2002,03,6.3195
03.04.2002-06:00:00,03,04,2002,06,6.3103
03.04.2002-09:00:00,03,04,2002,09,6.2996
03.04.2002-12:00:00,03,04,2002,12,6.2893
03.04.2002-15:00:00,03,04,2002,15,6.2802
03.04.2002-18:00:00,03,04,2002,18,6.2711
03.04.2002-21:00:00,03,04,2002,21,6.2621
03.05.2002-00:00:00,03,05,2002,00,6.2531
03.05.2002-03:00:00,03,05,2002,03,6.2441
03.05.2002-06:00:00,03,05,2002,06,6.2351
03.05.2002-09:00:00,03,05,2002,09,6.2249
03.05.2002-12:00:00,03,05,2002,12,6.215
03.05.2002-15:00:00,03,05,2002,15,6.2061
03.05.2002-18:00:00,03,05,2002,18,6.1972
03.05.2002-21:00:00,03,05,2002,21,6.1883
03.06.2002-00:00:00,03,06,2002,00,6.1795
03.06.2002-03:00:00,03,06,2002,03,6.1706
03.06.2002-06:00:00,03,06,2002,06,6.1618
03.06.2002-09:00:00,03,06,2002,09,6.153
03.06.2002-12:00:00,03,06,2002,12,6.1442
03.06.2002-15:00:00,03,06,2002,15,6.1355
03.06.2002-18:00:00,03,06,2002,18,6.1267
03.06.2002-21:00:00,03,06,2002,21,6.118
03.07.2002-00:00:00,03,07,2002,00,6.1093
03.07.2002-03:00:00,03,07,2002,03,6.1006
03.07.2002-06:00:00,03,07,2002,06,6.0919
03.07.2002-09:00:00,03,07,2002,09,6.0833
03.07.2002-12:00:00,03,07,2002,12,6.0747
03.07.2002-15:00:00,03,07,2002,15,6.066
03.07.2002-18:00:00,03,07,2002,18,6.0575
03.07.2002-21:00:00,03,07,2002,21,6.0493
03.08.2002-00:00:00,03,08,2002,00,6.041
03.08.2002-03:00:00,03,08,2002,03,6.0327
03.08.2002-06:00:00,03,08,2002,06,6.0245
03.08.2002-09:00:00,03,08,2002,09,6.0163
03.08.2002-12:00:00,03,08,2002,12,6.0081
03.08.2002-15:00:00,03,08,2002,15,5.9999
03.08.2002-18:00:00,03,08,2002,18,5.9917
03.08.2002-21:00:00,03,08,2002,21,5.9835
03.09.2002-00:00:00,03,09,2002,00,5.9754
03.09.2002-03:00:00,03,09,2002,03,5.9673
03.09.2002-06:00:00,03,09,2002,06,5.9592
03.09.2002-09:00:00,03,09,2002,09,5.9511
03.09.2002-12:00:00,03,09,2002,12,5.943
03.09.2002-15:00:00,03,09,2002,15,5.9349
03.09.2002-18:00:00,03,09,2002,18,5.9269
03.09.2002-21:00:00,03,09,2002,21,5.9188
03.10.2002-00:00:00,03,10,2002,00,5.9108
03.10.2002-03:00:00,03,10,2002,03,5.9028
03.10.2002-06:00:00,03,10,2002,06,5.8948
03.10.2002-09:00:00,03,10,2002,09,5.8869
03.10.2002-12:00:00,03,10,2002,12,5.8789
03.10.2002-15:00:00,03,10,2002,15,5.871
03.10.2002-18:00:00,03,10,2002,18,5.863
03.10.2002-21:00:00,03,10,2002,21,5.8551
03.11.2002-00:00:00,03,11,2002,00,5.8472
03.11.2002-03:00:00,03,11,2002,03,5.8393
03.11.2002-06:00:00,03,11,2002,06,5.8315
03.11.2002-09:00:00,03,11,2002,09,5.8236
03.11.2002-12:00:00,03,11,2002,12,5.8158
03.11.2002-15:00:00,03,11,2002,15,5.808
03.11.2002-18:00:00,03,11,2002,18,5.8002
03.11.2002-21:00:00,03,11,2002,21,5.7924
03.12.2002-00:00:00,03,12,2002,00,5.7846
03.12.2002-03:00:00,03,12,2002,03,5.7768
03.12.2002-06:00:00,03,12,2002,06,5.7691
03.12.2002-09:00:00,03,12,2002,09,5.7614
03.12.2002-12:00:00,03,12,2002,12,5.7536
03.12.2002-15:00:00,03,12,2002,15,5.7459
03.12.2002-18:00:00,03,12,2002,18,5.7383
03.12.2002-21:00:00,03,12,2002,21,5.7306
03.13.2002-00:00:00,03,13,2002,00,5.7229
03.13.2002-03:00:00,03,13,2002,03,5.7153
03.13.2002-06:00:00,03,13,2002,06,5.7077
03.13.2002-09:00:00,03,13,2002,09,5.7
03.13.2002-12:00:00,03,13,2002,12,5.6924
03.13.2002-15:00:00,03,13,2002,15,5.6849
03.13.2002-18:00:00,03,13,2002,18,5.6773
03.13.2002-21:00:00,03,13,2002,21,5.6697
03.14.2002-00:00:00,03,14,2002,00,5.6622
03.14.2002-03:00:00,03,14,2002,03,5.6547
03.14.2002-06:00:00,03,14,2002,06,5.6472
03.14.2002-09:00:00,03,14,2002,09,5.6397
03.14.2002-12:00:00,03,14,2002,12,5.6322
03.14.2002-15:00:00,03,14,2002,15,5.6247
03.14.2002-18:00:00,03,14,2002,18,5.6172
03.14.2002-21:00:00,03,14,2002,21,5.6098
03.15.2002-00:00:00,03,15,2002,00,5.6024
03.15.2002-03:00:00,03,15,2002,03,5.595
03.15.2002-06:00:00,03,15,2002,06,5.5876
03.15.2002-09:00:00,03,15,2002,09,5.5802
03.15.2002-12:00:00,03,15,2002,12,5.5728
03.15.2002-15:00:00,03,15,2002,15,5.5655
03.15.2002-18:00:00,03,15,2002,18,5.5581
03.15.2002-21:00:00,03,15,2002,21,5.5508
03.16.2002-00:00:00,03,16,2002,00,5.5435
03.16.2002-03:00:00,03,16,2002,03,5.5362
03.16.2002-06:00:00,03,16,2002,06,5.5289
03.16.2002-09:00:00,03,16,2002,09,5.5216
03.16.2002-12:00:00,03,16,2002,12,5.5144
03.16.2002-15:00:00,03,16,2002,15,5.5071
03.16.2002-18:00:00,03,16,2002,18,5.4999
03.16.2002-21:00:00,03,16,2002,21,5.4927
03.17.2002-00:00:00,03,17,2002,00,5.4855
03.17.2002-03:00:00,03,17,2002,03,5.4783
03.17.2002-06:00:00,03,17,2002,06,5.4711
03.17.2002-09:00:00,03,17,2002,09,5.464
03.17.2002-12:00:00,03,17,2002,12,5.4568
03.17.2002-15:00:00,03,17,2002,15,5.4497
03.17.2002-18:00:00,03,17,2002,18,5.4425
03.17.2002-21:00:00,03,17,2002,21,5.4354
03.18.2002-00:00:00,03,18,2002,00,5.4283
03.18.2002-03:00:00,03,18,2002,03,5.4213
03.18.2002-06:00:00,03,18,2002,06,5.4142
03.18.2002-09:00:00,03,18,2002,09,5.4071
03.18.2002-12:00:00,03,18,2002,12,5.4001
03.18.2002-15:00:00,03,18,2002,15,5.3931
03.18.2002-18:00:00,03,18,2002,18,5.3861
03.18.2002-21:00:00,03,18,2002,21,5.3791
03.19.2002-00:00:00,03,19,2002,00,5.3721
03.19.2002-03:00:00,03,19,2002,03,5.3651
03.19.2002-06:00:00,03,19,2002,06,5.3582
03.19.2002-09:00:00,03,19,2002,09,5.3512
03.19.2002-12:00:00,03,19,2002,12,5.3443
03.19.2002-15:00:00,03,19,2002,15,5.3374
03.19.2002-18:00:00,03,19,2002,18,5.3304
03.19.2002-21:00:00,03,19,2002,21,5.3236
03.20.2002-00:00:00,03,20,2002,00,5.3167
03.20.2002-03:00:00,03,20,2002,03,5.3098
03.20.2002-06:00:00,03,20,2002,06,5.3029
03.20.2002-09:00:00,03,20,2002,09,5.2961
03.20.2002-12:00:00,03,20,2002,12,5.2893
03.20.2002-15:00:00,03,20,2002,15,5.2825
03.20.2002-18:00:00,03,20,2002,18,5.2757
03.20.2002-21:00:00,03,20,2002,21,5.2689
03.21.2002-00:00:00,03,21,2002,00,5.2621
03.21.2002-03:00:00,03,21,2002,03,5.2553
03.21.2002-06:00:00,03,21,2002,06,5.2486
03.21.2002-09:00:00,03,21,2002,09,5.2418
03.21.2002-12:00:00,03,21,2002,12,5.2351
03.21.2002-15:00:00,03,21,2002,15,5.2284
03.21.2002-18:00:00,03,21,2002,18,5.2217
03.21.2002-21:00:00,03,21,2002,21,5.215
03.22.2002-00:00:00,03,22,2002,00,5.2083
03.22.2002-03:00:00,03,22,2002,03,5.2017
03.22.2002-06:00:00,03,22,2002,06,5.195
03.22.2002-09:00:00,03,22,2002,09,5.1884
03.22.2002-12:00:00,03,22,2002,12,5.1818
03.22.2002-15:00:00,03,22,2002,15,5.1752
03.22.2002-18:00:00,03,22,2002,18,5.1686
03.22.2002-21:00:00,03,22,2002,21,5.162
03.23.2002-00:00:00,03,23,2002,00,5.1554
03.23.2002-03:00:00,03,23,2002,03,5.1488
03.23.2002-06:00:00,03,23,2002,06,5.1423
03.23.2002-09:00:00,03,23,2002,09,5.1357
03.23.2002-12:00:00,03,23,2002,12,5.1292
03.23.2002-15:00:00,03,23,2002,15,5.1227
03.23.2002-18:00:00,03,23,2002,18,5.1162
03.23.2002-21:00:00,03,23,2002,21,5.1097
03.24.2002-00:00:00,03,24,2002,00,5.1032
03.24.2002-03:00:00,03,24,2002,03,5.0968
03.24.2002-06:00:00,03,24,2002,06,5.0903
03.24.2002-09:00:00,03,24,2002,09,5.0839
03.24.2002-12:00:00,03,24,2002,12,5.0775
03.24.2002-15:00:00,03,24,2002,15,5.071
03.24.2002-18:00:00,03,24,2002,18,5.0646
03.24.2002-21:00:00,03,24,2002,21,5.0582
03.25.2002-00:00:00,03,25,2002,00,5.0519
03.25.2002-03:00:00,03,25,2002,03,5.0455
03.25.2002-06:00:00,03,25,2002,06,5.0391
03.25.2002-09:00:00,03,25,2002,09,5.0328
03.25.2002-12:00:00,03,25,2002,12,5.0265
03.25.2002-15:00:00,03,25,2002,15,5.0201
03.25.2002-18:00:00,03,25,2002,18,5.0138
03.25.2002-21:00:00,03,25,2002,21,5.0075
03.26.2002-00:00:00,03,26,2002,00,5.0012
03.26.2002-03:00:00,03,26,2002,03,4.995
03.26.2002-06:00:00,03,26,2002,06,4.9887
03.26.2002-09:00:00,03,26,2002,09,4.9825
03.26.2002-12:00:00,03,26,2002,12,4.9762
03.26.2002-15:00:00,03,26,2002,15,4.97
03.26.2002-18:00:00,03,26,2002,18,4.9638
03.26.2002-21:00:00,03,26,2002,21,4.9576
03.27.2002-00:00:00,03,27,2002,00,4.9514
03.27.2002-03:00:00,03,27,2002,03,4.9452
03.27.2002-06:00:00,03,27,2002,06,4.939
03.27.2002-09:00:00,03,27,2002,09,4.9329
03.27.2002-12:00:00,03,27,2002,12,4.9267
03.27.2002-15:00:00,03,27,2002,15,4.9206
03.27.2002-18:00:00,03,27,2002,18,4.9145
03.27.2002-21:00:00,03,27,2002,21,4.9083
03.28.2002-00:00:00,03,28,2002,00,4.9022
03.28.2002-03:00:00,03,28,2002,03,4.8962
03.28.2002-06:00:00,03,28,2002,06,4.8901
03.28.2002-09:00:00,03,28,2002,09,4.884
03.28.2002-12:00:00,03,28,2002,12,4.878
03.28.2002-15:00:00,03,28,2002,15,4.8719
03.28.2002-18:00:00,03,28,2002,18,4.8659
03.28.2002-21:00:00,03,28,2002,21,4.8599
03.29.2002-00:00:00,03,29,2002,00,4.8538
03.29.2002-03:00:00,03,29,2002,03,4.8478
03.29.2002-06:00:00,03,29,2002,06,4.8419
03.29.2002-09:00:00,03,29,2002,09,4.8359
03.29.2002-12:00:00,03,29,2002,12,4.8299
03.29.2002-15:00:00,03,29,2002,15,4.824
03.29.2002-18:00:00,03,29,2002,18,4.818
03.29.2002-21:00:00,03,29,2002,21,4.8121
03.30.2002-00:00:00,03,30,2002,00,4.8062
03.30.2002-03:00:00,03,30,2002,03,4.8002
03.30.2002-06:00:00,03,30,2002,06,4.7943
03.30.2002-09:00:00,03,30,2002,09,4.7885
03.30.2002-12:00:00,03,30,2002,12,4.7826
03.30.2002-15:00:00,03,30,2002,15,4.7767
03.30.2002-18:00:00,03,30,2002,18,4.7708
03.30.2002-21:00:00,03,30,2002,21,4.765
03.31.2002-00:00:00,03,31,2002,00,4.7592
03.31.2002-03:00:00,03,31,2002,03,4.7533
03.31.2002-06:00:00,03,31,2002,06,4.7475
03.31.2002-09:00:00,03,31,2002,09,4.7417
03.31.2002-12:00:00,03,31,2002,12,4.7359
03.31.2002-15:00:00,03,31,2002,15,4.7301
03.31.2002-18:00:00,03,31,2002,18,4.7244
03.31.2002-21:00:00,03,31,2002,21,4.7186
04.01.2002-00:00:00,04,01,2002,00,4.7129
04.01.2002-03:00:00,04,01,2002,03,4.7071
04.01.2002-06:00:00,04,01,2002,06,4.7014
04.01.2002-09:00:00,04,01,2002,09,4.6957
04.01.2002-12:00:00,04,01,2002,12,4.69
04.01.2002-15:00:00,04,01,2002,15,4.6843
04.01.2002-18:00:00,04,01,2002,18,4.6786
04.01.2002-21:00:00,04,01,2002,21,4.6729
04.02.2002-00:00:00,04,02,2002,00,4.6672
04.02.2002-03:00:00,04,02,2002,03,4.6616
04.02.2002-06:00:00,04,02,2002,06,4.6559
04.02.2002-09:00:00,04,02,2002,09,4.6503
04.02.2002-12:00:00,04,02,2002,12,4.6447
04.02.2002-15:00:00,04,02,2002,15,4.6391
04.02.2002-18:00:00,04,02,2002,18,4.6335
04.02.2002-21:00:00,04,02,2002,21,4.6279
04.03.2002-00:00:00,04,03,2002,00,4.6223
04.03.2002-03:00:00,04,03,2002,03,4.6167
04.03.2002-06:00:00,04,03,2002,06,4.6111
04.03.2002-09:00:00,04,03,2002,09,4.6056
04.03.2002-12:00:00,04,03,2002,12,4.6
04.03.2002-15:00:00,04,03,2002,15,4.5945
04.03.2002-18:00:00,04,03,2002,18,4.589
04.03.2002-21:00:00,04,03,2002,21,4.5835
04.04.2002-00:00:00,04,04,2002,00,4.578
04.04.2002-03:00:00,04,04,2002,03,4.5725
04.04.2002-06:00:00,04,04,2002,06,4.567
04.04.2002-09:00:00,04,04,2002,09,4.5615
04.04.2002-12:00:00,04,04,2002,12,4.5561
04.04.2002-15:00:00,04,04,2002,15,4.5506
04.04.2002-18:00:00,04,04,2002,18,4.5452
04.04.2002-21:00:00,04,04,2002,21,4.5397
04.05.2002-00:00:00,04,05,2002,00,4.5343
04.05.2002-03:00:00,04,05,2002,03,4.5289
04.05.2002-06:00:00,04,05,2002,06,4.5235
04.05.2002-09:00:00,04,05,2002,09,4.5181
04.05.2002-12:00:00,04,05,2002,12,4.5127
04.05.2002-15:00:00,04,05,2002,15,4.5073
04.05.2002-18:00:00,04,05,2002,18,4.502
04.05.2002-21:00:00,04,05,2002,21,4.4966
04.06.2002-00:00:00,04,06,2002,00,4.4913
04.06.2002-03:00:00,04,06,2002,03,4.4859
04.06.2002-06:00:00,04,06,2002,06,4.4806
04.06.2002-09:00:00,04,06,2002,09,4.4753
04.06.2002-12:00:00,04,06,2002,12,4.47
04.06.2002-15:00:00,04,06,2002,15,4.4647
04.06.2002-18:00:00,04,06,2002,18,4.4594
04.06.2002-21:00:00,04,06,2002,21,4.4541
04.07.2002-00:00:00,04,07,2002,00,4.4488
04.07.2002-03:00:00,04,07,2002,03,4.4436
04.07.2002-06:00:00,04,07,2002,06,4.4383
04.07.2002-09:00:00,04,07,2002,09,4.4331
04.07.2002-12:00:00,04,07,2002,12,4.4279
04.07.2002-15:00:00,04,07,2002,15,4.4226
04.07.2002-18:00:00,04,07,2002,18,4.4174
04.07.2002-21:00:00,04,07,2002,21,4.4122
04.08.2002-00:00:00,04,08,2002,00,4.407
04.08.2002-03:00:00,04,08,2002,03,4.4018
04.08.2002-06:00:00,04,08,2002,06,4.3967
04.08.2002-09:00:00,04,08,2002,09,4.3915
04.08.2002-12:00:00,04,08,2002,12,4.3864
04.08.2002-15:00:00,04,08,2002,15,4.3812
04.08.2002-18:00:00,04,08,2002,18,4.3761
04.08.2002-21:00:00,04,08,2002,21,4.3709
04.09.2002-00:00:00,04,09,2002,00,4.3658
04.09.2002-03:00:00,04,09,2002,03,4.3607
04.09.2002-06:00:00,04,09,2002,06,4.3556
04.09.2002-09:00:00,04,09,2002,09,4.3505
04.09.2002-12:00:00,04,09,2002,12,4.3454
04.09.2002-15:00:00,04,09,2002,15,4.3404
04.09.2002-18:00:00,04,09,2002,18,4.3353
04.09.2002-21:00:00,04,09,2002,21,4.3302
04.10.2002-00:00:00,04,10,2002,00,4.3252
04.10.2002-03:00:00,04,10,2002,03,4.3202
04.10.2002-06:00:00,04,10,2002,06,4.3151
04.10.2002-09:00:00,04,10,2002,09,4.3101
04.10.2002-12:00:00,04,10,2002,12,4.3051
04.10.2002-15:00:00,04,10,2002,15,4.3001
04.10.2002-18:00:00,04,10,2002,18,4.2951
04.10.2002-21:00:00,04,10,2002,21,4.2901
04.11.2002-00:00:00,04,11,2002,00,4.2851
04.11.2002-03:00:00,04,11,2002,03,4.2802
04.11.2002-06:00:00,04,11,2002,06,4.2752
04.11.2002-09:00:00,04,11,2002,09,4.2703
04.11.2002-12:00:00,04,11,2002,12,4.2653
04.11.2002-15:00:00,04,11,2002,15,4.2604
04.11.2002-18:00:00,04,11,2002,18,4.2555
04.11.2002-21:00:00,04,11,2002,21,4.2506
04.12.2002-00:00:00,04,12,2002,00,4.2457
04.12.2002-03:00:00,04,12,2002,03,4.2408
04.12.2002-06:00:00,04,12,2002,06,4.2359
04.12.2002-09:00:00,04,12,2002,09,4.231
04.12.2002-12:00:00,04,12,2002,12,4.2261
04.12.2002-15:00:00,04,12,2002,15,4.2213
04.12.2002-18:00:00,04,12,2002,18,4.2164
04.12.2002-21:00:00,04,12,2002,21,4.2116
04.13.2002-00:00:00,04,13,2002,00,4.2067
04.13.2002-03:00:00,04,13,2002,03,4.2019
04.13.2002-06:00:00,04,13,2002,06,4.1971
04.13.2002-09:00:00,04,13,2002,09,4.1923
04.13.2002-12:00:00,04,13,2002,12,4.1875
04.13.2002-15:00:00,04,13,2002,15,4.1828
04.13.2002-18:00:00,04,13,2002,18,4.1784
04.13.2002-21:00:00,04,13,2002,21,4.1743
04.14.2002-00:00:00,04,14,2002,00,4.1703
04.14.2002-03:00:00,04,14,2002,03,4.1665
04.14.2002-06:00:00,04,14,2002,06,4.1629
04.14.2002-09:00:00,04,14,2002,09,4.1594
04.14.2002-12:00:00,04,14,2002,12,4.1562
04.14.2002-15:00:00,04,14,2002,15,4.1553
04.14.2002-18:00:00,04,14,2002,18,4.1566
04.14.2002-21:00:00,04,14,2002,21,4.1592
04.15.2002-00:00:00,04,15,2002,00,4.1624
04.15.2002-03:00:00,04,15,2002,03,4.1662
04.15.2002-06:00:00,04,15,2002,06,4.1701
04.15.2002-09:00:00,04,15,2002,09,4.1742
04.15.2002-12:00:00,04,15,2002,12,4.1784
04.15.2002-15:00:00,04,15,2002,15,4.1825
04.15.2002-18:00:00,04,15,2002,18,4.1867
04.15.2002-21:00:00,04,15,2002,21,4.1909
04.16.2002-00:00:00,04,16,2002,00,4.195
04.16.2002-03:00:00,04,16,2002,03,4.1991
04.16.2002-06:00:00,04,16,2002,06,4.2032
04.16.2002-09:00:00,04,16,2002,09,4.2073
04.16.2002-12:00:00,04,16,2002,12,4.2113
04.16.2002-15:00:00,04,16,2002,15,4.2152
04.16.2002-18:00:00,04,16,2002,18,4.2192
04.16.2002-21:00:00,04,16,2002,21,4.223
04.17.2002-00:00:00,04,17,2002,00,4.2269
04.17.2002-03:00:00,04,17,2002,03,4.2306
04.17.2002-06:00:00,04,17,2002,06,4.2343
04.17.2002-09:00:00,04,17,2002,09,4.238
04.17.2002-12:00:00,04,17,2002,12,4.2415
04.17.2002-15:00:00,04,17,2002,15,4.245
04.17.2002-18:00:00,04,17,2002,18,4.2484
04.17.2002-21:00:00,04,17,2002,21,4.2518
04.18.2002-00:00:00,04,18,2002,00,4.255
04.18.2002-03:00:00,04,18,2002,03,4.2582
04.18.2002-06:00:00,04,18,2002,06,4.2613
04.18.2002-09:00:00,04,18,2002,09,4.2643
04.18.2002-12:00:00,04,18,2002,12,4.2673
04.18.2002-15:00:00,04,18,2002,15,4.2701
04.18.2002-18:00:00,04,18,2002,18,4.2728
04.18.2002-21:00:00,04,18,2002,21,4.2755
04.19.2002-00:00:00,04,19,2002,00,4.2781
04.19.2002-03:00:00,04,19,2002,03,4.2805
04.19.2002-06:00:00,04,19,2002,06,4.2829
04.19.2002-09:00:00,04,19,2002,09,4.2852
04.19.2002-12:00:00,04,19,2002,12,4.2874
04.19.2002-15:00:00,04,19,2002,15,4.2896
04.19.2002-18:00:00,04,19,2002,18,4.2916
04.19.2002-21:00:00,04,19,2002,21,4.2935
04.20.2002-00:00:00,04,20,2002,00,4.2954
04.20.2002-03:00:00,04,20,2002,03,4.2971
04.20.2002-06:00:00,04,20,2002,06,4.2988
04.20.2002-09:00:00,04,20,2002,09,4.3003
04.20.2002-12:00:00,04,20,2002,12,4.302
04.20.2002-15:00:00,04,20,2002,15,4.3064
04.20.2002-18:00:00,04,20,2002,18,4.314
04.20.2002-21:00:00,04,20,2002,21,4.3239
04.21.2002-00:00:00,04,21,2002,00,4.3353
04.21.2002-03:00:00,04,21,2002,03,4.3472
04.21.2002-06:00:00,04,21,2002,06,4.3592
04.21.2002-09:00:00,04,21,2002,09,4.3712
04.21.2002-12:00:00,04,21,2002,12,4.3841
04.21.2002-15:00:00,04,21,2002,15,4.4004
04.21.2002-18:00:00,04,21,2002,18,4.4215
04.21.2002-21:00:00,04,21,2002,21,4.4463
04.22.2002-00:00:00,04,22,2002,00,4.4737
04.22.2002-03:00:00,04,22,2002,03,4.5026
04.22.2002-06:00:00,04,22,2002,06,4.5319
04.22.2002-09:00:00,04,22,2002,09,4.5741
04.22.2002-12:00:00,04,22,2002,12,4.6747
04.22.2002-15:00:00,04,22,2002,15,4.773
04.22.2002-18:00:00,04,22,2002,18,4.841
04.22.2002-21:00:00,04,22,2002,21,4.9003
04.23.2002-00:00:00,04,23,2002,00,4.9599
04.23.2002-03:00:00,04,23,2002,03,5.02
04.23.2002-06:00:00,04,23,2002,06,5.0806
04.23.2002-09:00:00,04,23,2002,09,5.1415
04.23.2002-12:00:00,04,23,2002,12,5.2026
04.23.2002-15:00:00,04,23,2002,15,5.2639
04.23.2002-18:00:00,04,23,2002,18,5.3254
04.23.2002-21:00:00,04,23,2002,21,5.387
04.24.2002-00:00:00,04,24,2002,00,5.4486
04.24.2002-03:00:00,04,24,2002,03,5.5104
04.24.2002-06:00:00,04,24,2002,06,5.5721
04.24.2002-09:00:00,04,24,2002,09,5.6339
04.24.2002-12:00:00,04,24,2002,12,5.6957
04.24.2002-15:00:00,04,24,2002,15,5.7574
04.24.2002-18:00:00,04,24,2002,18,5.8191
04.24.2002-21:00:00,04,24,2002,21,5.8807
04.25.2002-00:00:00,04,25,2002,00,5.9421
04.25.2002-03:00:00,04,25,2002,03,6.0034
04.25.2002-06:00:00,04,25,2002,06,6.0645
04.25.2002-09:00:00,04,25,2002,09,6.1255
04.25.2002-12:00:00,04,25,2002,12,6.1864
04.25.2002-15:00:00,04,25,2002,15,6.247
04.25.2002-18:00:00,04,25,2002,18,6.3073
04.25.2002-21:00:00,04,25,2002,21,6.3674
04.26.2002-00:00:00,04,26,2002,00,6.4272
04.26.2002-03:00:00,04,26,2002,03,6.4867
04.26.2002-06:00:00,04,26,2002,06,6.546
04.26.2002-09:00:00,04,26,2002,09,6.6048
04.26.2002-12:00:00,04,26,2002,12,6.6634
04.26.2002-15:00:00,04,26,2002,15,6.7216
04.26.2002-18:00:00,04,26,2002,18,6.7794
04.26.2002-21:00:00,04,26,2002,21,6.8368
04.27.2002-00:00:00,04,27,2002,00,6.894
04.27.2002-03:00:00,04,27,2002,03,6.9506
04.27.2002-06:00:00,04,27,2002,06,7.0069
04.27.2002-09:00:00,04,27,2002,09,7.0628
04.27.2002-12:00:00,04,27,2002,12,7.1339
04.27.2002-15:00:00,04,27,2002,15,7.2215
04.27.2002-18:00:00,04,27,2002,18,7.3152
04.27.2002-21:00:00,04,27,2002,21,7.4092
04.28.2002-00:00:00,04,28,2002,00,7.5004
04.28.2002-03:00:00,04,28,2002,03,7.5908
04.28.2002-06:00:00,04,28,2002,06,7.6725
04.28.2002-09:00:00,04,28,2002,09,7.7573
04.28.2002-12:00:00,04,28,2002,12,7.9096
04.28.2002-15:00:00,04,28,2002,15,8.0758
04.28.2002-18:00:00,04,28,2002,18,8.2334
04.28.2002-21:00:00,04,28,2002,21,8.3796
04.29.2002-00:00:00,04,29,2002,00,8.5044
04.29.2002-03:00:00,04,29,2002,03,8.6285
04.29.2002-06:00:00,04,29,2002,06,8.7527
04.29.2002-09:00:00,04,29,2002,09,8.885
04.29.2002-12:00:00,04,29,2002,12,9.2109
04.29.2002-15:00:00,04,29,2002,15,9.5313
04.29.2002-18:00:00,04,29,2002,18,9.7549
04.29.2002-21:00:00,04,29,2002,21,9.9563
04.30.2002-00:00:00,04,30,2002,00,10.157
04.30.2002-03:00:00,04,30,2002,03,10.357
04.30.2002-06:00:00,04,30,2002,06,10.573
04.30.2002-09:00:00,04,30,2002,09,11.284
04.30.2002-12:00:00,04,30,2002,12,12.213
04.30.2002-15:00:00,04,30,2002,15,12.71
04.30.2002-18:00:00,04,30,2002,18,13.052
04.30.2002-21:00:00,04,30,2002,21,13.348
05.01.2002-00:00:00,05,01,2002,00,13.646
05.01.2002-03:00:00,05,01,2002,03,13.916
05.01.2002-06:00:00,05,01,2002,06,14.201
05.01.2002-09:00:00,05,01,2002,09,15.303
05.01.2002-12:00:00,05,01,2002,12,16.592
05.01.2002-15:00:00,05,01,2002,15,17.271
05.01.2002-18:00:00,05,01,2002,18,17.667
05.01.2002-21:00:00,05,01,2002,21,18.117
05.02.2002-00:00:00,05,02,2002,00,18.606
05.02.2002-03:00:00,05,02,2002,03,19.07
05.02.2002-06:00:00,05,02,2002,06,19.64
05.02.2002-09:00:00,05,02,2002,09,21.601
05.02.2002-12:00:00,05,02,2002,12,28.821
05.02.2002-15:00:00,05,02,2002,15,51.252
05.02.2002-18:00:00,05,02,2002,18,33.145
05.02.2002-21:00:00,05,02,2002,21,33.095
05.03.2002-00:00:00,05,03,2002,00,33.619
05.03.2002-03:00:00,05,03,2002,03,34.106
05.03.2002-06:00:00,05,03,2002,06,34.59
05.03.2002-09:00:00,05,03,2002,09,42.087
05.03.2002-12:00:00,05,03,2002,12,77.321
05.03.2002-15:00:00,05,03,2002,15,44.86
05.03.2002-18:00:00,05,03,2002,18,38.829
05.03.2002-21:00:00,05,03,2002,21,39.491
05.04.2002-00:00:00,05,04,2002,00,40.171
05.04.2002-03:00:00,05,04,2002,03,40.959
05.04.2002-06:00:00,05,04,2002,06,41.694
05.04.2002-09:00:00,05,04,2002,09,42.317
05.04.2002-12:00:00,05,04,2002,12,42.954
05.04.2002-15:00:00,05,04,2002,15,43.63
05.04.2002-18:00:00,05,04,2002,18,44.192
05.04.2002-21:00:00,05,04,2002,21,44.723
05.05.2002-00:00:00,05,05,2002,00,45.264
05.05.2002-03:00:00,05,05,2002,03,45.786
05.05.2002-06:00:00,05,05,2002,06,46.301
05.05.2002-09:00:00,05,05,2002,09,46.774
05.05.2002-12:00:00,05,05,2002,12,68.223
05.05.2002-15:00:00,05,05,2002,15,54.659
05.05.2002-18:00:00,05,05,2002,18,49.399
05.05.2002-21:00:00,05,05,2002,21,50.038
05.06.2002-00:00:00,05,06,2002,00,50.943
05.06.2002-03:00:00,05,06,2002,03,51.848
05.06.2002-06:00:00,05,06,2002,06,62.038
05.06.2002-09:00:00,05,06,2002,09,64.306
05.06.2002-12:00:00,05,06,2002,12,64.698
05.06.2002-15:00:00,05,06,2002,15,66.324
05.06.2002-18:00:00,05,06,2002,18,69.236
05.06.2002-21:00:00,05,06,2002,21,78.524
05.07.2002-00:00:00,05,07,2002,00,78.996
05.07.2002-03:00:00,05,07,2002,03,79.223
05.07.2002-06:00:00,05,07,2002,06,92.512
05.07.2002-09:00:00,05,07,2002,09,89.985
05.07.2002-12:00:00,05,07,2002,12,106.35
05.07.2002-15:00:00,05,07,2002,15,100.54
05.07.2002-18:00:00,05,07,2002,18,98.056
05.07.2002-21:00:00,05,07,2002,21,98.383
05.08.2002-00:00:00,05,08,2002,00,98.557
05.08.2002-03:00:00,05,08,2002,03,98.694
05.08.2002-06:00:00,05,08,2002,06,96.517
05.08.2002-09:00:00,05,08,2002,09,88.87
05.08.2002-12:00:00,05,08,2002,12,121.91
05.08.2002-15:00:00,05,08,2002,15,100.65
05.08.2002-18:00:00,05,08,2002,18,99.134
05.08.2002-21:00:00,05,08,2002,21,103.52
05.09.2002-00:00:00,05,09,2002,00,104.81
05.09.2002-03:00:00,05,09,2002,03,104.94
05.09.2002-06:00:00,05,09,2002,06,99.397
05.09.2002-09:00:00,05,09,2002,09,86.138
05.09.2002-12:00:00,05,09,2002,12,90.401
05.09.2002-15:00:00,05,09,2002,15,100.56
05.09.2002-18:00:00,05,09,2002,18,102.85
05.09.2002-21:00:00,05,09,2002,21,102.52
05.10.2002-00:00:00,05,10,2002,00,102.09
05.10.2002-03:00:00,05,10,2002,03,101.72
05.10.2002-06:00:00,05,10,2002,06,92.965
05.10.2002-09:00:00,05,10,2002,09,80.511
05.10.2002-12:00:00,05,10,2002,12,84.795
05.10.2002-15:00:00,05,10,2002,15,94.229
05.10.2002-18:00:00,05,10,2002,18,98.897
05.10.2002-21:00:00,05,10,2002,21,101.3
05.11.2002-00:00:00,05,11,2002,00,104.98
05.11.2002-03:00:00,05,11,2002,03,97.267
05.11.2002-06:00:00,05,11,2002,06,85.682
05.11.2002-09:00:00,05,11,2002,09,122.45
05.11.2002-12:00:00,05,11,2002,12,273.16
05.11.2002-15:00:00,05,11,2002,15,192.67
05.11.2002-18:00:00,05,11,2002,18,139.49
05.11.2002-21:00:00,05,11,2002,21,129.59
05.12.2002-00:00:00,05,12,2002,00,127.16
05.12.2002-03:00:00,05,12,2002,03,122.77
05.12.2002-06:00:00,05,12,2002,06,156.58
05.12.2002-09:00:00,05,12,2002,09,418.6
05.12.2002-12:00:00,05,12,2002,12,450.67
05.12.2002-15:00:00,05,12,2002,15,244.54
05.12.2002-18:00:00,05,12,2002,18,167.71
05.12.2002-21:00:00,05,12,2002,21,153.31
05.13.2002-00:00:00,05,13,2002,00,150.71
05.13.2002-03:00:00,05,13,2002,03,141.18
05.13.2002-06:00:00,05,13,2002,06,204.47
05.13.2002-09:00:00,05,13,2002,09,548.78
05.13.2002-12:00:00,05,13,2002,12,559.4
05.13.2002-15:00:00,05,13,2002,15,311.35
05.13.2002-18:00:00,05,13,2002,18,211.52
05.13.2002-21:00:00,05,13,2002,21,196.36
05.14.2002-00:00:00,05,14,2002,00,199.67
05.14.2002-03:00:00,05,14,2002,03,191.01
05.14.2002-06:00:00,05,14,2002,06,235.17
05.14.2002-09:00:00,05,14,2002,09,463.39
05.14.2002-12:00:00,05,14,2002,12,473.04
05.14.2002-15:00:00,05,14,2002,15,295.69
05.14.2002-18:00:00,05,14,2002,18,218.99
05.14.2002-21:00:00,05,14,2002,21,218.58
05.15.2002-00:00:00,05,15,2002,00,222.48
05.15.2002-03:00:00,05,15,2002,03,221.45
05.15.2002-06:00:00,05,15,2002,06,211.74
05.15.2002-09:00:00,05,15,2002,09,443.36
05.15.2002-12:00:00,05,15,2002,12,583.91
05.15.2002-15:00:00,05,15,2002,15,295.03
05.15.2002-18:00:00,05,15,2002,18,239.47
05.15.2002-21:00:00,05,15,2002,21,236.81
05.16.2002-00:00:00,05,16,2002,00,236.52
05.16.2002-03:00:00,05,16,2002,03,234.74
05.16.2002-06:00:00,05,16,2002,06,210.09
05.16.2002-09:00:00,05,16,2002,09,429.15
05.16.2002-12:00:00,05,16,2002,12,625.91
05.16.2002-15:00:00,05,16,2002,15,341.89
05.16.2002-18:00:00,05,16,2002,18,260.69
05.16.2002-21:00:00,05,16,2002,21,252
05.17.2002-00:00:00,05,17,2002,00,253.06
05.17.2002-03:00:00,05,17,2002,03,242.45
05.17.2002-06:00:00,05,17,2002,06,342.84
05.17.2002-09:00:00,05,17,2002,09,710.84
05.17.2002-12:00:00,05,17,2002,12,683.95
05.17.2002-15:00:00,05,17,2002,15,456.87
05.17.2002-18:00:00,05,17,2002,18,336.35
05.17.2002-21:00:00,05,17,2002,21,304.62
05.18.2002-00:00:00,05,18,2002,00,293.37
05.18.2002-03:00:00,05,18,2002,03,279.43
05.18.2002-06:00:00,05,18,2002,06,353.97
05.18.2002-09:00:00,05,18,2002,09,728.18
05.18.2002-12:00:00,05,18,2002,12,702.6
05.18.2002-15:00:00,05,18,2002,15,443.2
05.18.2002-18:00:00,05,18,2002,18,337.52
05.18.2002-21:00:00,05,18,2002,21,326.72
05.19.2002-00:00:00,05,19,2002,00,323.61
05.19.2002-03:00:00,05,19,2002,03,303.38
05.19.2002-06:00:00,05,19,2002,06,439.71
05.19.2002-09:00:00,05,19,2002,09,787.43
05.19.2002-12:00:00,05,19,2002,12,770.99
05.19.2002-15:00:00,05,19,2002,15,545.32
05.19.2002-18:00:00,05,19,2002,18,416.67
05.19.2002-21:00:00,05,19,2002,21,378.83
05.20.2002-00:00:00,05,20,2002,00,509.61
05.20.2002-03:00:00,05,20,2002,03,555.3
05.20.2002-06:00:00,05,20,2002,06,755.48
05.20.2002-09:00:00,05,20,2002,09,973.84
05.20.2002-12:00:00,05,20,2002,12,1003.3
05.20.2002-15:00:00,05,20,2002,15,838.16
05.20.2002-18:00:00,05,20,2002,18,728.16
05.20.2002-21:00:00,05,20,2002,21,692.18
05.21.2002-00:00:00,05,21,2002,00,702.64
05.21.2002-03:00:00,05,21,2002,03,681.43
05.21.2002-06:00:00,05,21,2002,06,764.11
05.21.2002-09:00:00,05,21,2002,09,924.79
05.21.2002-12:00:00,05,21,2002,12,969.45
05.21.2002-15:00:00,05,21,2002,15,912.69
05.21.2002-18:00:00,05,21,2002,18,841.7
05.21.2002-21:00:00,05,21,2002,21,833.2
05.22.2002-00:00:00,05,22,2002,00,749.64
05.22.2002-03:00:00,05,22,2002,03,748.32
05.22.2002-06:00:00,05,22,2002,06,799
05.22.2002-09:00:00,05,22,2002,09,890.3
05.22.2002-12:00:00,05,22,2002,12,918.59
05.22.2002-15:00:00,05,22,2002,15,892.49
05.22.2002-18:00:00,05,22,2002,18,849.51
05.22.2002-21:00:00,05,22,2002,21,829.28
05.23.2002-00:00:00,05,23,2002,00,721.05
05.23.2002-03:00:00,05,23,2002,03,723.11
05.23.2002-06:00:00,05,23,2002,06,971.28
05.23.2002-09:00:00,05,23,2002,09,1377.4
05.23.2002-12:00:00,05,23,2002,12,1371.7
05.23.2002-15:00:00,05,23,2002,15,1049.8
05.23.2002-18:00:00,05,23,2002,18,867.48
05.23.2002-21:00:00,05,23,2002,21,852.16
05.24.2002-00:00:00,05,24,2002,00,847.76
05.24.2002-03:00:00,05,24,2002,03,871.56
05.24.2002-06:00:00,05,24,2002,06,897.91
05.24.2002-09:00:00,05,24,2002,09,1398.8
05.24.2002-12:00:00,05,24,2002,12,1563.6
05.24.2002-15:00:00,05,24,2002,15,1217.2
05.24.2002-18:00:00,05,24,2002,18,1099.7
05.24.2002-21:00:00,05,24,2002,21,1109.7
05.25.2002-00:00:00,05,25,2002,00,1176
05.25.2002-03:00:00,05,25,2002,03,1154.7
05.25.2002-06:00:00,05,25,2002,06,1347.8
05.25.2002-09:00:00,05,25,2002,09,1951.4
05.25.2002-12:00:00,05,25,2002,12,2070.7
05.25.2002-15:00:00,05,25,2002,15,1835.3
05.25.2002-18:00:00,05,25,2002,18,1759.5
05.25.2002-21:00:00,05,25,2002,21,1912.2
05.26.2002-00:00:00,05,26,2002,00,1884.5
05.26.2002-03:00:00,05,26,2002,03,1893.2
05.26.2002-06:00:00,05,26,2002,06,1993.8
05.26.2002-09:00:00,05,26,2002,09,2760.9
05.26.2002-12:00:00,05,26,2002,12,2913.2
05.26.2002-15:00:00,05,26,2002,15,2648
05.26.2002-18:00:00,05,26,2002,18,2532.7
05.26.2002-21:00:00,05,26,2002,21,2427.3
05.27.2002-00:00:00,05,27,2002,00,2464.5
05.27.2002-03:00:00,05,27,2002,03,2266.6
05.27.2002-06:00:00,05,27,2002,06,2524.3
05.27.2002-09:00:00,05,27,2002,09,3089
05.27.2002-12:00:00,05,27,2002,12,3342.3
05.27.2002-15:00:00,05,27,2002,15,3063.1
05.27.2002-18:00:00,05,27,2002,18,2955.5
05.27.2002-21:00:00,05,27,2002,21,2853.5
05.28.2002-00:00:00,05,28,2002,00,2848.9
05.28.2002-03:00:00,05,28,2002,03,2799.1
05.28.2002-06:00:00,05,28,2002,06,3294.1
05.28.2002-09:00:00,05,28,2002,09,3749.9
05.28.2002-12:00:00,05,28,2002,12,4089.9
05.28.2002-15:00:00,05,28,2002,15,3842.2
05.28.2002-18:00:00,05,28,2002,18,3851.8
05.28.2002-21:00:00,05,28,2002,21,3615.6
05.29.2002-00:00:00,05,29,2002,00,3661.3
05.29.2002-03:00:00,05,29,2002,03,3527.1
05.29.2002-06:00:00,05,29,2002,06,3992.6
05.29.2002-09:00:00,05,29,2002,09,4265
05.29.2002-12:00:00,05,29,2002,12,4532.2
05.29.2002-15:00:00,05,29,2002,15,4132.9
05.29.2002-18:00:00,05,29,2002,18,3963.3
05.29.2002-21:00:00,05,29,2002,21,3668.7
05.30.2002-00:00:00,05,30,2002,00,3752
05.30.2002-03:00:00,05,30,2002,03,3542
05.30.2002-06:00:00,05,30,2002,06,3732.3
05.30.2002-09:00:00,05,30,2002,09,4255.9
05.30.2002-12:00:00,05,30,2002,12,4431.9
05.30.2002-15:00:00,05,30,2002,15,4108.6
05.30.2002-18:00:00,05,30,2002,18,3822.5
05.30.2002-21:00:00,05,30,2002,21,3670.3
05.31.2002-00:00:00,05,31,2002,00,3699.6
05.31.2002-03:00:00,05,31,2002,03,3547.9
05.31.2002-06:00:00,05,31,2002,06,3658.8
05.31.2002-09:00:00,05,31,2002,09,3943.1
05.31.2002-12:00:00,05,31,2002,12,4164.4
05.31.2002-15:00:00,05,31,2002,15,3837.5
05.31.2002-18:00:00,05,31,2002,18,3653
05.31.2002-21:00:00,05,31,2002,21,3362.8
06.01.2002-00:00:00,06,01,2002,00,3358.8
06.01.2002-03:00:00,06,01,2002,03,3224.9
06.01.2002-06:00:00,06,01,2002,06,3495.9
06.01.2002-09:00:00,06,01,2002,09,4041.2
06.01.2002-12:00:00,06,01,2002,12,4268.8
06.01.2002-15:00:00,06,01,2002,15,3936.7
06.01.2002-18:00:00,06,01,2002,18,3698.7
06.01.2002-21:00:00,06,01,2002,21,3537.8
06.02.2002-00:00:00,06,02,2002,00,3588.5
06.02.2002-03:00:00,06,02,2002,03,3497.2
06.02.2002-06:00:00,06,02,2002,06,3802.2
06.02.2002-09:00:00,06,02,2002,09,4061.7
06.02.2002-12:00:00,06,02,2002,12,4355
06.02.2002-15:00:00,06,02,2002,15,3963.4
06.02.2002-18:00:00,06,02,2002,18,3987.5
06.02.2002-21:00:00,06,02,2002,21,3674.1
06.03.2002-00:00:00,06,03,2002,00,3821.4
06.03.2002-03:00:00,06,03,2002,03,3619.9
06.03.2002-06:00:00,06,03,2002,06,3829.3
06.03.2002-09:00:00,06,03,2002,09,4076.1
06.03.2002-12:00:00,06,03,2002,12,4390.8
06.03.2002-15:00:00,06,03,2002,15,4064.6
06.03.2002-18:00:00,06,03,2002,18,3895.7
06.03.2002-21:00:00,06,03,2002,21,3631.1
06.04.2002-00:00:00,06,04,2002,00,3679.1
06.04.2002-03:00:00,06,04,2002,03,3606
06.04.2002-06:00:00,06,04,2002,06,3960.8
06.04.2002-09:00:00,06,04,2002,09,4115.3
06.04.2002-12:00:00,06,04,2002,12,4468.2
06.04.2002-15:00:00,06,04,2002,15,4272.9
06.04.2002-18:00:00,06,04,2002,18,4228.3
06.04.2002-21:00:00,06,04,2002,21,4029.1
06.05.2002-00:00:00,06,05,2002,00,4088.8
06.05.2002-03:00:00,06,05,2002,03,4022.3
06.05.2002-06:00:00,06,05,2002,06,4233.1
06.05.2002-09:00:00,06,05,2002,09,4510.4
06.05.2002-12:00:00,06,05,2002,12,4724.1
06.05.2002-15:00:00,06,05,2002,15,4576.3
06.05.2002-18:00:00,06,05,2002,18,4437.1
06.05.2002-21:00:00,06,05,2002,21,4135.5
06.06.2002-00:00:00,06,06,2002,00,4187.4
06.06.2002-03:00:00,06,06,2002,03,3981.7
06.06.2002-06:00:00,06,06,2002,06,4000.9
06.06.2002-09:00:00,06,06,2002,09,4049.7
06.06.2002-12:00:00,06,06,2002,12,4107.7
06.06.2002-15:00:00,06,06,2002,15,3915.5
06.06.2002-18:00:00,06,06,2002,18,3716.9
06.06.2002-21:00:00,06,06,2002,21,3394.5
06.07.2002-00:00:00,06,07,2002,00,3288.7
06.07.2002-03:00:00,06,07,2002,03,3118.1
06.07.2002-06:00:00,06,07,2002,06,3068
06.07.2002-09:00:00,06,07,2002,09,3078.7
06.07.2002-12:00:00,06,07,2002,12,3312.6
06.07.2002-15:00:00,06,07,2002,15,3022.4
06.07.2002-18:00:00,06,07,2002,18,2945.5
06.07.2002-21:00:00,06,07,2002,21,2714.7
06.08.2002-00:00:00,06,08,2002,00,2701.9
06.08.2002-03:00:00,06,08,2002,03,2590.6
06.08.2002-06:00:00,06,08,2002,06,2604
06.08.2002-09:00:00,06,08,2002,09,2447.3
06.08.2002-12:00:00,06,08,2002,12,2425.5
06.08.2002-15:00:00,06,08,2002,15,2404.3
06.08.2002-18:00:00,06,08,2002,18,2239.1
06.08.2002-21:00:00,06,08,2002,21,2213.2
06.09.2002-00:00:00,06,09,2002,00,2123.1
06.09.2002-03:00:00,06,09,2002,03,2041
06.09.2002-06:00:00,06,09,2002,06,2143.1
06.09.2002-09:00:00,06,09,2002,09,2739.8
06.09.2002-12:00:00,06,09,2002,12,3044
06.09.2002-15:00:00,06,09,2002,15,2985
06.09.2002-18:00:00,06,09,2002,18,2888.2
06.09.2002-21:00:00,06,09,2002,21,2731
06.10.2002-00:00:00,06,10,2002,00,2705
06.10.2002-03:00:00,06,10,2002,03,2618.9
06.10.2002-06:00:00,06,10,2002,06,2932.4
06.10.2002-09:00:00,06,10,2002,09,3474.6
06.10.2002-12:00:00,06,10,2002,12,3655.4
06.10.2002-15:00:00,06,10,2002,15,3589.4
06.10.2002-18:00:00,06,10,2002,18,3337.6
06.10.2002-21:00:00,06,10,2002,21,3172.8
06.11.2002-00:00:00,06,11,2002,00,3061.5
06.11.2002-03:00:00,06,11,2002,03,2973.5
06.11.2002-06:00:00,06,11,2002,06,3194.3
06.11.2002-09:00:00,06,11,2002,09,3595.7
06.11.2002-12:00:00,06,11,2002,12,3774.8
06.11.2002-15:00:00,06,11,2002,15,3594.9
06.11.2002-18:00:00,06,11,2002,18,3372.2
06.11.2002-21:00:00,06,11,2002,21,3135.2
06.12.2002-00:00:00,06,12,2002,00,3086.9
06.12.2002-03:00:00,06,12,2002,03,2887.6
06.12.2002-06:00:00,06,12,2002,06,3283.7
06.12.2002-09:00:00,06,12,2002,09,3616.4
06.12.2002-12:00:00,06,12,2002,12,3974.4
06.12.2002-15:00:00,06,12,2002,15,3731.4
06.12.2002-18:00:00,06,12,2002,18,3618.7
06.12.2002-21:00:00,06,12,2002,21,3358.3
06.13.2002-00:00:00,06,13,2002,00,3275.2
06.13.2002-03:00:00,06,13,2002,03,3121.8
06.13.2002-06:00:00,06,13,2002,06,3416.2
06.13.2002-09:00:00,06,13,2002,09,3810.7
06.13.2002-12:00:00,06,13,2002,12,4073.7
06.13.2002-15:00:00,06,13,2002,15,3981.8
06.13.2002-18:00:00,06,13,2002,18,3637.4
06.13.2002-21:00:00,06,13,2002,21,3455.1
06.14.2002-00:00:00,06,14,2002,00,3279.6
06.14.2002-03:00:00,06,14,2002,03,3169.6
06.14.2002-06:00:00,06,14,2002,06,3517.9
06.14.2002-09:00:00,06,14,2002,09,3898.2
06.14.2002-12:00:00,06,14,2002,12,4198.9
06.14.2002-15:00:00,06,14,2002,15,4050
06.14.2002-18:00:00,06,14,2002,18,3786.7
06.14.2002-21:00:00,06,14,2002,21,3730.1
06.15.2002-00:00:00,06,15,2002,00,3596.8
06.15.2002-03:00:00,06,15,2002,03,3529.3
06.15.2002-06:00:00,06,15,2002,06,3758.4
06.15.2002-09:00:00,06,15,2002,09,4115.7
06.15.2002-12:00:00,06,15,2002,12,4272
06.15.2002-15:00:00,06,15,2002,15,4290.1
06.15.2002-18:00:00,06,15,2002,18,4087
06.15.2002-21:00:00,06,15,2002,21,3999.3
06.16.2002-00:00:00,06,16,2002,00,3865
06.16.2002-03:00:00,06,16,2002,03,3661.8
06.16.2002-06:00:00,06,16,2002,06,3732.1
06.16.2002-09:00:00,06,16,2002,09,3866.3
06.16.2002-12:00:00,06,16,2002,12,3867.9
06.16.2002-15:00:00,06,16,2002,15,3942
06.16.2002-18:00:00,06,16,2002,18,3717.9
06.16.2002-21:00:00,06,16,2002,21,3686
06.17.2002-00:00:00,06,17,2002,00,3563.9
06.17.2002-03:00:00,06,17,2002,03,3465.6
06.17.2002-06:00:00,06,17,2002,06,3359.4
06.17.2002-09:00:00,06,17,2002,09,3333.2
06.17.2002-12:00:00,06,17,2002,12,3251.5
06.17.2002-15:00:00,06,17,2002,15,3294.5
06.17.2002-18:00:00,06,17,2002,18,3187.7
06.17.2002-21:00:00,06,17,2002,21,3195.4
06.18.2002-00:00:00,06,18,2002,00,3079.5
06.18.2002-03:00:00,06,18,2002,03,2925
06.18.2002-06:00:00,06,18,2002,06,2865.7
06.18.2002-09:00:00,06,18,2002,09,2820.9
06.18.2002-12:00:00,06,18,2002,12,2794.8
06.18.2002-15:00:00,06,18,2002,15,2791.4
06.18.2002-18:00:00,06,18,2002,18,2649.9
06.18.2002-21:00:00,06,18,2002,21,2646.8
06.19.2002-00:00:00,06,19,2002,00,2579
06.19.2002-03:00:00,06,19,2002,03,2409.2
06.19.2002-06:00:00,06,19,2002,06,2322.9
06.19.2002-09:00:00,06,19,2002,09,2376
06.19.2002-12:00:00,06,19,2002,12,2407.4
06.19.2002-15:00:00,06,19,2002,15,2386.6
06.19.2002-18:00:00,06,19,2002,18,2344.7
06.19.2002-21:00:00,06,19,2002,21,2343.5
06.20.2002-00:00:00,06,20,2002,00,2272.9
06.20.2002-03:00:00,06,20,2002,03,2192
06.20.2002-06:00:00,06,20,2002,06,2102.7
06.20.2002-09:00:00,06,20,2002,09,2046.5
06.20.2002-12:00:00,06,20,2002,12,2030.6
06.20.2002-15:00:00,06,20,2002,15,2059.5
06.20.2002-18:00:00,06,20,2002,18,2023.7
06.20.2002-21:00:00,06,20,2002,21,2044.4
06.21.2002-00:00:00,06,21,2002,00,2022.3
06.21.2002-03:00:00,06,21,2002,03,1927.1
06.21.2002-06:00:00,06,21,2002,06,1873.4
06.21.2002-09:00:00,06,21,2002,09,1800.7
06.21.2002-12:00:00,06,21,2002,12,1706.5
06.21.2002-15:00:00,06,21,2002,15,1731.2
06.21.2002-18:00:00,06,21,2002,18,1750.5
06.21.2002-21:00:00,06,21,2002,21,1799.1
06.22.2002-00:00:00,06,22,2002,00,1731.6
06.22.2002-03:00:00,06,22,2002,03,1680.3
06.22.2002-06:00:00,06,22,2002,06,1564.4
06.22.2002-09:00:00,06,22,2002,09,1473.7
06.22.2002-12:00:00,06,22,2002,12,1409.9
06.22.2002-15:00:00,06,22,2002,15,1455.8
06.22.2002-18:00:00,06,22,2002,18,1467.6
06.22.2002-21:00:00,06,22,2002,21,1482.2
06.23.2002-00:00:00,06,23,2002,00,1469.8
06.23.2002-03:00:00,06,23,2002,03,1428.1
06.23.2002-06:00:00,06,23,2002,06,1321.8
06.23.2002-09:00:00,06,23,2002,09,1239.5
06.23.2002-12:00:00,06,23,2002,12,1203.1
06.23.2002-15:00:00,06,23,2002,15,1308.4
06.23.2002-18:00:00,06,23,2002,18,1287.1
06.23.2002-21:00:00,06,23,2002,21,1321.7
06.24.2002-00:00:00,06,24,2002,00,1283.9
06.24.2002-03:00:00,06,24,2002,03,1262.7
06.24.2002-06:00:00,06,24,2002,06,1140
06.24.2002-09:00:00,06,24,2002,09,1075.7
06.24.2002-12:00:00,06,24,2002,12,1033
06.24.2002-15:00:00,06,24,2002,15,1153.2
06.24.2002-18:00:00,06,24,2002,18,1114.3
06.24.2002-21:00:00,06,24,2002,21,1168.6
06.25.2002-00:00:00,06,25,2002,00,1115.9
06.25.2002-03:00:00,06,25,2002,03,1102.7
06.25.2002-06:00:00,06,25,2002,06,986.22
06.25.2002-09:00:00,06,25,2002,09,913.51
06.25.2002-12:00:00,06,25,2002,12,890.11
06.25.2002-15:00:00,06,25,2002,15,1017.6
06.25.2002-18:00:00,06,25,2002,18,997.95
06.25.2002-21:00:00,06,25,2002,21,1043.5
06.26.2002-00:00:00,06,26,2002,00,1009.4
06.26.2002-03:00:00,06,26,2002,03,981.77
06.26.2002-06:00:00,06,26,2002,06,864.49
06.26.2002-09:00:00,06,26,2002,09,813.62
06.26.2002-12:00:00,06,26,2002,12,821.18
06.26.2002-15:00:00,06,26,2002,15,933
06.26.2002-18:00:00,06,26,2002,18,911.17
06.26.2002-21:00:00,06,26,2002,21,962.54
06.27.2002-00:00:00,06,27,2002,00,925.38
06.27.2002-03:00:00,06,27,2002,03,884.32
06.27.2002-06:00:00,06,27,2002,06,772.06
06.27.2002-09:00:00,06,27,2002,09,720.99
06.27.2002-12:00:00,06,27,2002,12,702.61
06.27.2002-15:00:00,06,27,2002,15,829.46
06.27.2002-18:00:00,06,27,2002,18,825.2
06.27.2002-21:00:00,06,27,2002,21,866.83
06.28.2002-00:00:00,06,28,2002,00,861.33
06.28.2002-03:00:00,06,28,2002,03,846.53
06.28.2002-06:00:00,06,28,2002,06,823.02
06.28.2002-09:00:00,06,28,2002,09,786.05
06.28.2002-12:00:00,06,28,2002,12,751.8
06.28.2002-15:00:00,06,28,2002,15,810.51
06.28.2002-18:00:00,06,28,2002,18,807.87
06.28.2002-21:00:00,06,28,2002,21,851.55
06.29.2002-00:00:00,06,29,2002,00,885.87
06.29.2002-03:00:00,06,29,2002,03,889.31
06.29.2002-06:00:00,06,29,2002,06,868.9
06.29.2002-09:00:00,06,29,2002,09,852.02
06.29.2002-12:00:00,06,29,2002,12,812.36
06.29.2002-15:00:00,06,29,2002,15,832.27
06.29.2002-18:00:00,06,29,2002,18,849.04
06.29.2002-21:00:00,06,29,2002,21,879.78
06.30.2002-00:00:00,06,30,2002,00,809.89
06.30.2002-03:00:00,06,30,2002,03,791.56
06.30.2002-06:00:00,06,30,2002,06,752.29
06.30.2002-09:00:00,06,30,2002,09,713.7
06.30.2002-12:00:00,06,30,2002,12,676.18
06.30.2002-15:00:00,06,30,2002,15,727.1
06.30.2002-18:00:00,06,30,2002,18,724.29
06.30.2002-21:00:00,06,30,2002,21,747.19
07.01.2002-00:00:00,07,01,2002,00,740.19
07.01.2002-03:00:00,07,01,2002,03,719.2
07.01.2002-06:00:00,07,01,2002,06,660.99
07.01.2002-09:00:00,07,01,2002,09,608.73
07.01.2002-12:00:00,07,01,2002,12,595.48
07.01.2002-15:00:00,07,01,2002,15,670.46
07.01.2002-18:00:00,07,01,2002,18,671.69
07.01.2002-21:00:00,07,01,2002,21,690.42
07.02.2002-00:00:00,07,02,2002,00,690.9
07.02.2002-03:00:00,07,02,2002,03,664.62
07.02.2002-06:00:00,07,02,2002,06,602.41
07.02.2002-09:00:00,07,02,2002,09,538.76
07.02.2002-12:00:00,07,02,2002,12,535.66
07.02.2002-15:00:00,07,02,2002,15,613.74
07.02.2002-18:00:00,07,02,2002,18,631.46
07.02.2002-21:00:00,07,02,2002,21,638.39
07.03.2002-00:00:00,07,03,2002,00,636.32
07.03.2002-03:00:00,07,03,2002,03,621.52
07.03.2002-06:00:00,07,03,2002,06,539.12
07.03.2002-09:00:00,07,03,2002,09,520.4
07.03.2002-12:00:00,07,03,2002,12,489.56
07.03.2002-15:00:00,07,03,2002,15,559.07
07.03.2002-18:00:00,07,03,2002,18,594.92
07.03.2002-21:00:00,07,03,2002,21,590.41
07.04.2002-00:00:00,07,04,2002,00,602.91
07.04.2002-03:00:00,07,04,2002,03,582.78
07.04.2002-06:00:00,07,04,2002,06,519.97
07.04.2002-09:00:00,07,04,2002,09,494.19
07.04.2002-12:00:00,07,04,2002,12,469.57
07.04.2002-15:00:00,07,04,2002,15,528.69
07.04.2002-18:00:00,07,04,2002,18,559.46
07.04.2002-21:00:00,07,04,2002,21,573.03
07.05.2002-00:00:00,07,05,2002,00,561.96
07.05.2002-03:00:00,07,05,2002,03,544.1
07.05.2002-06:00:00,07,05,2002,06,484.35
07.05.2002-09:00:00,07,05,2002,09,403.56
07.05.2002-12:00:00,07,05,2002,12,429.96
07.05.2002-15:00:00,07,05,2002,15,491.23
07.05.2002-18:00:00,07,05,2002,18,523.7
07.05.2002-21:00:00,07,05,2002,21,529.43
07.06.2002-00:00:00,07,06,2002,00,532.36
07.06.2002-03:00:00,07,06,2002,03,502.42
07.06.2002-06:00:00,07,06,2002,06,421.76
07.06.2002-09:00:00,07,06,2002,09,364.32
07.06.2002-12:00:00,07,06,2002,12,379.16
07.06.2002-15:00:00,07,06,2002,15,446.9
07.06.2002-18:00:00,07,06,2002,18,485.79
07.06.2002-21:00:00,07,06,2002,21,496.85
07.07.2002-00:00:00,07,07,2002,00,503.04
07.07.2002-03:00:00,07,07,2002,03,465.18
07.07.2002-06:00:00,07,07,2002,06,400.48
07.07.2002-09:00:00,07,07,2002,09,346.96
07.07.2002-12:00:00,07,07,2002,12,363.14
07.07.2002-15:00:00,07,07,2002,15,417.47
07.07.2002-18:00:00,07,07,2002,18,456.73
07.07.2002-21:00:00,07,07,2002,21,467.24
07.08.2002-00:00:00,07,08,2002,00,758.09
07.08.2002-03:00:00,07,08,2002,03,789.97
07.08.2002-06:00:00,07,08,2002,06,763.79
07.08.2002-09:00:00,07,08,2002,09,746.63
07.08.2002-12:00:00,07,08,2002,12,724.31
07.08.2002-15:00:00,07,08,2002,15,832.77
07.08.2002-18:00:00,07,08,2002,18,838.76
07.08.2002-21:00:00,07,08,2002,21,924.56
07.09.2002-00:00:00,07,09,2002,00,563.82
07.09.2002-03:00:00,07,09,2002,03,546.45
07.09.2002-06:00:00,07,09,2002,06,461.84
07.09.2002-09:00:00,07,09,2002,09,381.45
07.09.2002-12:00:00,07,09,2002,12,366.68
07.09.2002-15:00:00,07,09,2002,15,414.17
07.09.2002-18:00:00,07,09,2002,18,430.41
07.09.2002-21:00:00,07,09,2002,21,437.48
07.10.2002-00:00:00,07,10,2002,00,445.33
07.10.2002-03:00:00,07,10,2002,03,413.9
07.10.2002-06:00:00,07,10,2002,06,349.14
07.10.2002-09:00:00,07,10,2002,09,308.63
07.10.2002-12:00:00,07,10,2002,12,327.12
07.10.2002-15:00:00,07,10,2002,15,374.51
07.10.2002-18:00:00,07,10,2002,18,398.16
07.10.2002-21:00:00,07,10,2002,21,408.95
07.11.2002-00:00:00,07,11,2002,00,413.89
07.11.2002-03:00:00,07,11,2002,03,375.95
07.11.2002-06:00:00,07,11,2002,06,320.68
07.11.2002-09:00:00,07,11,2002,09,292.92
07.11.2002-12:00:00,07,11,2002,12,360.47
07.11.2002-15:00:00,07,11,2002,15,361.6
07.11.2002-18:00:00,07,11,2002,18,380
07.11.2002-21:00:00,07,11,2002,21,388.21
07.12.2002-00:00:00,07,12,2002,00,392.97
07.12.2002-03:00:00,07,12,2002,03,355.45
07.12.2002-06:00:00,07,12,2002,06,301.1
07.12.2002-09:00:00,07,12,2002,09,274.27
07.12.2002-12:00:00,07,12,2002,12,314.14
07.12.2002-15:00:00,07,12,2002,15,342.67
07.12.2002-18:00:00,07,12,2002,18,354.85
07.12.2002-21:00:00,07,12,2002,21,367.9
07.13.2002-00:00:00,07,13,2002,00,369.21
07.13.2002-03:00:00,07,13,2002,03,340.91
07.13.2002-06:00:00,07,13,2002,06,299.37
07.13.2002-09:00:00,07,13,2002,09,273.73
07.13.2002-12:00:00,07,13,2002,12,285.02
07.13.2002-15:00:00,07,13,2002,15,321.53
07.13.2002-18:00:00,07,13,2002,18,332.57
07.13.2002-21:00:00,07,13,2002,21,347.1
07.14.2002-00:00:00,07,14,2002,00,350.64
07.14.2002-03:00:00,07,14,2002,03,312.95
07.14.2002-06:00:00,07,14,2002,06,275.72
07.14.2002-09:00:00,07,14,2002,09,244.08
07.14.2002-12:00:00,07,14,2002,12,254.19
07.14.2002-15:00:00,07,14,2002,15,294.79
07.14.2002-18:00:00,07,14,2002,18,314.11
07.14.2002-21:00:00,07,14,2002,21,322.91
07.15.2002-00:00:00,07,15,2002,00,331.56
07.15.2002-03:00:00,07,15,2002,03,301.36
07.15.2002-06:00:00,07,15,2002,06,259.77
07.15.2002-09:00:00,07,15,2002,09,230.25
07.15.2002-12:00:00,07,15,2002,12,240.38
07.15.2002-15:00:00,07,15,2002,15,279.02
07.15.2002-18:00:00,07,15,2002,18,299.42
07.15.2002-21:00:00,07,15,2002,21,308.88
07.16.2002-00:00:00,07,16,2002,00,311.44
07.16.2002-03:00:00,07,16,2002,03,286.45
07.16.2002-06:00:00,07,16,2002,06,247.08
07.16.2002-09:00:00,07,16,2002,09,219.35
07.16.2002-12:00:00,07,16,2002,12,227.92
07.16.2002-15:00:00,07,16,2002,15,263.86
07.16.2002-18:00:00,07,16,2002,18,284.32
07.16.2002-21:00:00,07,16,2002,21,293.94
07.17.2002-00:00:00,07,17,2002,00,295.28
07.17.2002-03:00:00,07,17,2002,03,271.3
07.17.2002-06:00:00,07,17,2002,06,237.88
07.17.2002-09:00:00,07,17,2002,09,212.74
07.17.2002-12:00:00,07,17,2002,12,219.08
07.17.2002-15:00:00,07,17,2002,15,251.27
07.17.2002-18:00:00,07,17,2002,18,269.48
07.17.2002-21:00:00,07,17,2002,21,278.55
07.18.2002-00:00:00,07,18,2002,00,282.03
07.18.2002-03:00:00,07,18,2002,03,254.69
07.18.2002-06:00:00,07,18,2002,06,225.24
07.18.2002-09:00:00,07,18,2002,09,200.95
07.18.2002-12:00:00,07,18,2002,12,207.14
07.18.2002-15:00:00,07,18,2002,15,237.42
07.18.2002-18:00:00,07,18,2002,18,253.18
07.18.2002-21:00:00,07,18,2002,21,265.35
07.19.2002-00:00:00,07,19,2002,00,267.75
07.19.2002-03:00:00,07,19,2002,03,246.18
07.19.2002-06:00:00,07,19,2002,06,221.65
07.19.2002-09:00:00,07,19,2002,09,198.22
07.19.2002-12:00:00,07,19,2002,12,202.65
07.19.2002-15:00:00,07,19,2002,15,229.74
07.19.2002-18:00:00,07,19,2002,18,242.75
07.19.2002-21:00:00,07,19,2002,21,254.53
07.20.2002-00:00:00,07,20,2002,00,257.53
07.20.2002-03:00:00,07,20,2002,03,234.55
07.20.2002-06:00:00,07,20,2002,06,208.14
07.20.2002-09:00:00,07,20,2002,09,184.56
07.20.2002-12:00:00,07,20,2002,12,188.61
07.20.2002-15:00:00,07,20,2002,15,219.66
07.20.2002-18:00:00,07,20,2002,18,232.31
07.20.2002-21:00:00,07,20,2002,21,238.64
07.21.2002-00:00:00,07,21,2002,00,243.19
07.21.2002-03:00:00,07,21,2002,03,223.86
07.21.2002-06:00:00,07,21,2002,06,198.15
07.21.2002-09:00:00,07,21,2002,09,175.59
07.21.2002-12:00:00,07,21,2002,12,180.72
07.21.2002-15:00:00,07,21,2002,15,208.41
07.21.2002-18:00:00,07,21,2002,18,223.36
07.21.2002-21:00:00,07,21,2002,21,228.94
07.22.2002-00:00:00,07,22,2002,00,230.23
07.22.2002-03:00:00,07,22,2002,03,215.68
07.22.2002-06:00:00,07,22,2002,06,190.59
07.22.2002-09:00:00,07,22,2002,09,168
07.22.2002-12:00:00,07,22,2002,12,174.13
07.22.2002-15:00:00,07,22,2002,15,200.24
07.22.2002-18:00:00,07,22,2002,18,213.54
07.22.2002-21:00:00,07,22,2002,21,220.69
07.23.2002-00:00:00,07,23,2002,00,221.31
07.23.2002-03:00:00,07,23,2002,03,206.71
07.23.2002-06:00:00,07,23,2002,06,182.84
07.23.2002-09:00:00,07,23,2002,09,161.2
07.23.2002-12:00:00,07,23,2002,12,168.88
07.23.2002-15:00:00,07,23,2002,15,194.13
07.23.2002-18:00:00,07,23,2002,18,204.64
07.23.2002-21:00:00,07,23,2002,21,212.45
07.24.2002-00:00:00,07,24,2002,00,212.85
07.24.2002-03:00:00,07,24,2002,03,196.17
07.24.2002-06:00:00,07,24,2002,06,174.83
07.24.2002-09:00:00,07,24,2002,09,154.95
07.24.2002-12:00:00,07,24,2002,12,160.58
07.24.2002-15:00:00,07,24,2002,15,184.17
07.24.2002-18:00:00,07,24,2002,18,195.83
07.24.2002-21:00:00,07,24,2002,21,202.22
07.25.2002-00:00:00,07,25,2002,00,204.03
07.25.2002-03:00:00,07,25,2002,03,193.69
07.25.2002-06:00:00,07,25,2002,06,180.12
07.25.2002-09:00:00,07,25,2002,09,164.75
07.25.2002-12:00:00,07,25,2002,12,165.64
07.25.2002-15:00:00,07,25,2002,15,180.55
07.25.2002-18:00:00,07,25,2002,18,188.16
07.25.2002-21:00:00,07,25,2002,21,195.4
07.26.2002-00:00:00,07,26,2002,00,197
07.26.2002-03:00:00,07,26,2002,03,183.49
07.26.2002-06:00:00,07,26,2002,06,167.93
07.26.2002-09:00:00,07,26,2002,09,151.15
07.26.2002-12:00:00,07,26,2002,12,154.01
07.26.2002-15:00:00,07,26,2002,15,172.47
07.26.2002-18:00:00,07,26,2002,18,179.28
07.26.2002-21:00:00,07,26,2002,21,187.39
07.27.2002-00:00:00,07,27,2002,00,189.15
07.27.2002-03:00:00,07,27,2002,03,180.77
07.27.2002-06:00:00,07,27,2002,06,167.15
07.27.2002-09:00:00,07,27,2002,09,151.64
07.27.2002-12:00:00,07,27,2002,12,153.12
07.27.2002-15:00:00,07,27,2002,15,168.82
07.27.2002-18:00:00,07,27,2002,18,175.62
07.27.2002-21:00:00,07,27,2002,21,182.17
07.28.2002-00:00:00,07,28,2002,00,181.91
07.28.2002-03:00:00,07,28,2002,03,179.32
07.28.2002-06:00:00,07,28,2002,06,173.92
07.28.2002-09:00:00,07,28,2002,09,167.08
07.28.2002-12:00:00,07,28,2002,12,166.5
07.28.2002-15:00:00,07,28,2002,15,170.76
07.28.2002-18:00:00,07,28,2002,18,174.41
07.28.2002-21:00:00,07,28,2002,21,178.47
07.29.2002-00:00:00,07,29,2002,00,178.85
07.29.2002-03:00:00,07,29,2002,03,174.75
07.29.2002-06:00:00,07,29,2002,06,170.4
07.29.2002-09:00:00,07,29,2002,09,164.97
07.29.2002-12:00:00,07,29,2002,12,164.41
07.29.2002-15:00:00,07,29,2002,15,167.64
07.29.2002-18:00:00,07,29,2002,18,170.36
07.29.2002-21:00:00,07,29,2002,21,173.87
07.30.2002-00:00:00,07,30,2002,00,174.71
07.30.2002-03:00:00,07,30,2002,03,166.68
07.30.2002-06:00:00,07,30,2002,06,156.85
07.30.2002-09:00:00,07,30,2002,09,143.57
07.30.2002-12:00:00,07,30,2002,12,144.91
07.30.2002-15:00:00,07,30,2002,15,157.41
07.30.2002-18:00:00,07,30,2002,18,161.72
07.30.2002-21:00:00,07,30,2002,21,167.16
07.31.2002-00:00:00,07,31,2002,00,168.98
07.31.2002-03:00:00,07,31,2002,03,158.84
07.31.2002-06:00:00,07,31,2002,06,146.05
07.31.2002-09:00:00,07,31,2002,09,128.96
07.31.2002-12:00:00,07,31,2002,12,133.63
07.31.2002-15:00:00,07,31,2002,15,152.71
07.31.2002-18:00:00,07,31,2002,18,158.26
07.31.2002-21:00:00,07,31,2002,21,160.91
08.01.2002-00:00:00,08,01,2002,00,161.09
08.01.2002-03:00:00,08,01,2002,03,152.13
08.01.2002-06:00:00,08,01,2002,06,140.28
08.01.2002-09:00:00,08,01,2002,09,123.47
08.01.2002-12:00:00,08,01,2002,12,128.9
08.01.2002-15:00:00,08,01,2002,15,149.57
08.01.2002-18:00:00,08,01,2002,18,154.07
08.01.2002-21:00:00,08,01,2002,21,155.93
08.02.2002-00:00:00,08,02,2002,00,155.82
08.02.2002-03:00:00,08,02,2002,03,142.18
08.02.2002-06:00:00,08,02,2002,06,133.86
08.02.2002-09:00:00,08,02,2002,09,118.53
08.02.2002-12:00:00,08,02,2002,12,124.05
08.02.2002-15:00:00,08,02,2002,15,144.16
08.02.2002-18:00:00,08,02,2002,18,148.63
08.02.2002-21:00:00,08,02,2002,21,151.12
08.03.2002-00:00:00,08,03,2002,00,151.32
08.03.2002-03:00:00,08,03,2002,03,144.19
08.03.2002-06:00:00,08,03,2002,06,133.4
08.03.2002-09:00:00,08,03,2002,09,117.51
08.03.2002-12:00:00,08,03,2002,12,122.01
08.03.2002-15:00:00,08,03,2002,15,140.67
08.03.2002-18:00:00,08,03,2002,18,144.96
08.03.2002-21:00:00,08,03,2002,21,146.82
08.04.2002-00:00:00,08,04,2002,00,146.64
08.04.2002-03:00:00,08,04,2002,03,133.93
08.04.2002-06:00:00,08,04,2002,06,127.19
08.04.2002-09:00:00,08,04,2002,09,113.03
08.04.2002-12:00:00,08,04,2002,12,117.57
08.04.2002-15:00:00,08,04,2002,15,135.45
08.04.2002-18:00:00,08,04,2002,18,139.71
08.04.2002-21:00:00,08,04,2002,21,142.46
08.05.2002-00:00:00,08,05,2002,00,142.65
08.05.2002-03:00:00,08,05,2002,03,136.72
08.05.2002-06:00:00,08,05,2002,06,126.85
08.05.2002-09:00:00,08,05,2002,09,111.62
08.05.2002-12:00:00,08,05,2002,12,115.46
08.05.2002-15:00:00,08,05,2002,15,132.72
08.05.2002-18:00:00,08,05,2002,18,136.81
08.05.2002-21:00:00,08,05,2002,21,138.63
08.06.2002-00:00:00,08,06,2002,00,138.63
08.06.2002-03:00:00,08,06,2002,03,130.39
08.06.2002-06:00:00,08,06,2002,06,128.72
08.06.2002-09:00:00,08,06,2002,09,122.37
08.06.2002-12:00:00,08,06,2002,12,119.3
08.06.2002-15:00:00,08,06,2002,15,129.68
08.06.2002-18:00:00,08,06,2002,18,133.68
08.06.2002-21:00:00,08,06,2002,21,137.34
08.07.2002-00:00:00,08,07,2002,00,135.13
08.07.2002-03:00:00,08,07,2002,03,127.45
08.07.2002-06:00:00,08,07,2002,06,122.74
08.07.2002-09:00:00,08,07,2002,09,107.95
08.07.2002-12:00:00,08,07,2002,12,107.9
08.07.2002-15:00:00,08,07,2002,15,124.92
08.07.2002-18:00:00,08,07,2002,18,129.12
08.07.2002-21:00:00,08,07,2002,21,131.05
08.08.2002-00:00:00,08,08,2002,00,130.95
08.08.2002-03:00:00,08,08,2002,03,118.28
08.08.2002-06:00:00,08,08,2002,06,109.12
08.08.2002-09:00:00,08,08,2002,09,94.441
08.08.2002-12:00:00,08,08,2002,12,98.376
08.08.2002-15:00:00,08,08,2002,15,118.41
08.08.2002-18:00:00,08,08,2002,18,124.22
08.08.2002-21:00:00,08,08,2002,21,126.28
08.09.2002-00:00:00,08,09,2002,00,126.14
08.09.2002-03:00:00,08,09,2002,03,111.88
08.09.2002-06:00:00,08,09,2002,06,105.28
08.09.2002-09:00:00,08,09,2002,09,91.718
08.09.2002-12:00:00,08,09,2002,12,95.055
08.09.2002-15:00:00,08,09,2002,15,113.52
08.09.2002-18:00:00,08,09,2002,18,119.08
08.09.2002-21:00:00,08,09,2002,21,121.74
08.10.2002-00:00:00,08,10,2002,00,121.66
08.10.2002-03:00:00,08,10,2002,03,107.43
08.10.2002-06:00:00,08,10,2002,06,102.21
08.10.2002-09:00:00,08,10,2002,09,89.299
08.10.2002-12:00:00,08,10,2002,12,92.076
08.10.2002-15:00:00,08,10,2002,15,109.25
08.10.2002-18:00:00,08,10,2002,18,114.71
08.10.2002-21:00:00,08,10,2002,21,117.81
08.11.2002-00:00:00,08,11,2002,00,117.99
08.11.2002-03:00:00,08,11,2002,03,103.92
08.11.2002-06:00:00,08,11,2002,06,96.763
08.11.2002-09:00:00,08,11,2002,09,83.35
08.11.2002-12:00:00,08,11,2002,12,87.078
08.11.2002-15:00:00,08,11,2002,15,104.38
08.11.2002-18:00:00,08,11,2002,18,111.72
08.11.2002-21:00:00,08,11,2002,21,114.11
08.12.2002-00:00:00,08,12,2002,00,114.16
08.12.2002-03:00:00,08,12,2002,03,99.09
08.12.2002-06:00:00,08,12,2002,06,91.193
08.12.2002-09:00:00,08,12,2002,09,77.758
08.12.2002-12:00:00,08,12,2002,12,82.181
08.12.2002-15:00:00,08,12,2002,15,99.06
08.12.2002-18:00:00,08,12,2002,18,107.86
08.12.2002-21:00:00,08,12,2002,21,110.18
08.13.2002-00:00:00,08,13,2002,00,110.21
08.13.2002-03:00:00,08,13,2002,03,94.37
08.13.2002-06:00:00,08,13,2002,06,86.783
08.13.2002-09:00:00,08,13,2002,09,73.849
08.13.2002-12:00:00,08,13,2002,12,79.608
08.13.2002-15:00:00,08,13,2002,15,95.982
08.13.2002-18:00:00,08,13,2002,18,103.14
08.13.2002-21:00:00,08,13,2002,21,106.27
08.14.2002-00:00:00,08,14,2002,00,106.01
08.14.2002-03:00:00,08,14,2002,03,93.546
08.14.2002-06:00:00,08,14,2002,06,89.125
08.14.2002-09:00:00,08,14,2002,09,77.433
08.14.2002-12:00:00,08,14,2002,12,79.585
08.14.2002-15:00:00,08,14,2002,15,92.732
08.14.2002-18:00:00,08,14,2002,18,99.227
08.14.2002-21:00:00,08,14,2002,21,102.93
08.15.2002-00:00:00,08,15,2002,00,103.34
08.15.2002-03:00:00,08,15,2002,03,89.004
08.15.2002-06:00:00,08,15,2002,06,82.574
08.15.2002-09:00:00,08,15,2002,09,69.767
08.15.2002-12:00:00,08,15,2002,12,73.625
08.15.2002-15:00:00,08,15,2002,15,89.08
08.15.2002-18:00:00,08,15,2002,18,95.69
08.15.2002-21:00:00,08,15,2002,21,100.11
08.16.2002-00:00:00,08,16,2002,00,100.24
08.16.2002-03:00:00,08,16,2002,03,85.613
08.16.2002-06:00:00,08,16,2002,06,79.603
08.16.2002-09:00:00,08,16,2002,09,67.048
08.16.2002-12:00:00,08,16,2002,12,70.595
08.16.2002-15:00:00,08,16,2002,15,85.886
08.16.2002-18:00:00,08,16,2002,18,91.455
08.16.2002-21:00:00,08,16,2002,21,97.348
08.17.2002-00:00:00,08,17,2002,00,97.711
08.17.2002-03:00:00,08,17,2002,03,90.366
08.17.2002-06:00:00,08,17,2002,06,80.238
08.17.2002-09:00:00,08,17,2002,09,66.156
08.17.2002-12:00:00,08,17,2002,12,69.613
08.17.2002-15:00:00,08,17,2002,15,84.206
08.17.2002-18:00:00,08,17,2002,18,90.721
08.17.2002-21:00:00,08,17,2002,21,94.615
08.18.2002-00:00:00,08,18,2002,00,94.656
08.18.2002-03:00:00,08,18,2002,03,85.077
08.18.2002-06:00:00,08,18,2002,06,76.95
08.18.2002-09:00:00,08,18,2002,09,64.216
08.18.2002-12:00:00,08,18,2002,12,67.123
08.18.2002-15:00:00,08,18,2002,15,81.456
08.18.2002-18:00:00,08,18,2002,18,85.428
08.18.2002-21:00:00,08,18,2002,21,91.298
08.19.2002-00:00:00,08,19,2002,00,91.272
08.19.2002-03:00:00,08,19,2002,03,84.026
08.19.2002-06:00:00,08,19,2002,06,79.197
08.19.2002-09:00:00,08,19,2002,09,69.047
08.19.2002-12:00:00,08,19,2002,12,69.878
08.19.2002-15:00:00,08,19,2002,15,78.847
08.19.2002-18:00:00,08,19,2002,18,84.068
08.19.2002-21:00:00,08,19,2002,21,88.28
08.20.2002-00:00:00,08,20,2002,00,88.402
08.20.2002-03:00:00,08,20,2002,03,78.956
08.20.2002-06:00:00,08,20,2002,06,74.602
08.20.2002-09:00:00,08,20,2002,09,63.983
08.20.2002-12:00:00,08,20,2002,12,65.829
08.20.2002-15:00:00,08,20,2002,15,76.381
08.20.2002-18:00:00,08,20,2002,18,79.825
08.20.2002-21:00:00,08,20,2002,21,84.086
08.21.2002-00:00:00,08,21,2002,00,85.566
08.21.2002-03:00:00,08,21,2002,03,75.554
08.21.2002-06:00:00,08,21,2002,06,71.272
08.21.2002-09:00:00,08,21,2002,09,60.345
08.21.2002-12:00:00,08,21,2002,12,62.674
08.21.2002-15:00:00,08,21,2002,15,74.164
08.21.2002-18:00:00,08,21,2002,18,76.787
08.21.2002-21:00:00,08,21,2002,21,80.17
08.22.2002-00:00:00,08,22,2002,00,81.087
08.22.2002-03:00:00,08,22,2002,03,72.703
08.22.2002-06:00:00,08,22,2002,06,68.453
08.22.2002-09:00:00,08,22,2002,09,58.072
08.22.2002-12:00:00,08,22,2002,12,58.788
08.22.2002-15:00:00,08,22,2002,15,71.663
08.22.2002-18:00:00,08,22,2002,18,74.805
08.22.2002-21:00:00,08,22,2002,21,76.058
08.23.2002-00:00:00,08,23,2002,00,78.672
08.23.2002-03:00:00,08,23,2002,03,70.435
08.23.2002-06:00:00,08,23,2002,06,65.193
08.23.2002-09:00:00,08,23,2002,09,55.661
08.23.2002-12:00:00,08,23,2002,12,56.589
08.23.2002-15:00:00,08,23,2002,15,65.719
08.23.2002-18:00:00,08,23,2002,18,72.882
08.23.2002-21:00:00,08,23,2002,21,74.043
08.24.2002-00:00:00,08,24,2002,00,74.12
08.24.2002-03:00:00,08,24,2002,03,69.274
08.24.2002-06:00:00,08,24,2002,06,63.941
08.24.2002-09:00:00,08,24,2002,09,54.531
08.24.2002-12:00:00,08,24,2002,12,55.431
08.24.2002-15:00:00,08,24,2002,15,63.729
08.24.2002-18:00:00,08,24,2002,18,70.932
08.24.2002-21:00:00,08,24,2002,21,71.913
08.25.2002-00:00:00,08,25,2002,00,80.223
08.25.2002-03:00:00,08,25,2002,03,88.085
08.25.2002-06:00:00,08,25,2002,06,84.975
08.25.2002-09:00:00,08,25,2002,09,81.395
08.25.2002-12:00:00,08,25,2002,12,75.394
08.25.2002-15:00:00,08,25,2002,15,83.335
08.25.2002-18:00:00,08,25,2002,18,96.531
08.25.2002-21:00:00,08,25,2002,21,98.656
08.26.2002-00:00:00,08,26,2002,00,82.127
08.26.2002-03:00:00,08,26,2002,03,74.526
08.26.2002-06:00:00,08,26,2002,06,68.575
08.26.2002-09:00:00,08,26,2002,09,65.163
08.26.2002-12:00:00,08,26,2002,12,59.277
08.26.2002-15:00:00,08,26,2002,15,65.612
08.26.2002-18:00:00,08,26,2002,18,71.45
08.26.2002-21:00:00,08,26,2002,21,77.265
08.27.2002-00:00:00,08,27,2002,00,71.01
08.27.2002-03:00:00,08,27,2002,03,63.292
08.27.2002-06:00:00,08,27,2002,06,58.328
08.27.2002-09:00:00,08,27,2002,09,53.538
08.27.2002-12:00:00,08,27,2002,12,52.05
08.27.2002-15:00:00,08,27,2002,15,58.759
08.27.2002-18:00:00,08,27,2002,18,65.541
08.27.2002-21:00:00,08,27,2002,21,66.663
08.28.2002-00:00:00,08,28,2002,00,66.731
08.28.2002-03:00:00,08,28,2002,03,62.032
08.28.2002-06:00:00,08,28,2002,06,56.894
08.28.2002-09:00:00,08,28,2002,09,49.766
08.28.2002-12:00:00,08,28,2002,12,50.669
08.28.2002-15:00:00,08,28,2002,15,55.147
08.28.2002-18:00:00,08,28,2002,18,60.701
08.28.2002-21:00:00,08,28,2002,21,64.591
08.29.2002-00:00:00,08,29,2002,00,64.618
08.29.2002-03:00:00,08,29,2002,03,61.05
08.29.2002-06:00:00,08,29,2002,06,56.804
08.29.2002-09:00:00,08,29,2002,09,50.471
08.29.2002-12:00:00,08,29,2002,12,50.667
08.29.2002-15:00:00,08,29,2002,15,54.981
08.29.2002-18:00:00,08,29,2002,18,61.173
08.29.2002-21:00:00,08,29,2002,21,62.634
08.30.2002-00:00:00,08,30,2002,00,62.673
08.30.2002-03:00:00,08,30,2002,03,58.051
08.30.2002-06:00:00,08,30,2002,06,53.485
08.30.2002-09:00:00,08,30,2002,09,49.201
08.30.2002-12:00:00,08,30,2002,12,49.038
08.30.2002-15:00:00,08,30,2002,15,52.483
08.30.2002-18:00:00,08,30,2002,18,58.562
08.30.2002-21:00:00,08,30,2002,21,60.855
08.31.2002-00:00:00,08,31,2002,00,60.975
08.31.2002-03:00:00,08,31,2002,03,57.642
08.31.2002-06:00:00,08,31,2002,06,53.306
08.31.2002-09:00:00,08,31,2002,09,51.256
08.31.2002-12:00:00,08,31,2002,12,48.752
08.31.2002-15:00:00,08,31,2002,15,54.124
08.31.2002-18:00:00,08,31,2002,18,58.038
08.31.2002-21:00:00,08,31,2002,21,59.117
09.01.2002-00:00:00,09,01,2002,00,58.723
09.01.2002-03:00:00,09,01,2002,03,56.754
09.01.2002-06:00:00,09,01,2002,06,53.797
09.01.2002-09:00:00,09,01,2002,09,51.742
09.01.2002-12:00:00,09,01,2002,12,51.14
09.01.2002-15:00:00,09,01,2002,15,53.551
09.01.2002-18:00:00,09,01,2002,18,55.614
09.01.2002-21:00:00,09,01,2002,21,57.342
09.02.2002-00:00:00,09,02,2002,00,57.648
09.02.2002-03:00:00,09,02,2002,03,55.068
09.02.2002-06:00:00,09,02,2002,06,49.748
09.02.2002-09:00:00,09,02,2002,09,45.885
09.02.2002-12:00:00,09,02,2002,12,46.482
09.02.2002-15:00:00,09,02,2002,15,49.805
09.02.2002-18:00:00,09,02,2002,18,52.411
09.02.2002-21:00:00,09,02,2002,21,54.516
09.03.2002-00:00:00,09,03,2002,00,55.97
09.03.2002-03:00:00,09,03,2002,03,53.814
09.03.2002-06:00:00,09,03,2002,06,49.138
09.03.2002-09:00:00,09,03,2002,09,45.365
09.03.2002-12:00:00,09,03,2002,12,45.945
09.03.2002-15:00:00,09,03,2002,15,48.551
09.03.2002-18:00:00,09,03,2002,18,51.132
09.03.2002-21:00:00,09,03,2002,21,54.123
09.04.2002-00:00:00,09,04,2002,00,54.712
09.04.2002-03:00:00,09,04,2002,03,53.236
09.04.2002-06:00:00,09,04,2002,06,48.206
09.04.2002-09:00:00,09,04,2002,09,43.819
09.04.2002-12:00:00,09,04,2002,12,44.731
09.04.2002-15:00:00,09,04,2002,15,47.815
09.04.2002-18:00:00,09,04,2002,18,49.746
09.04.2002-21:00:00,09,04,2002,21,50.803
09.05.2002-00:00:00,09,05,2002,00,52.33
09.05.2002-03:00:00,09,05,2002,03,52.093
09.05.2002-06:00:00,09,05,2002,06,46.983
09.05.2002-09:00:00,09,05,2002,09,43.504
09.05.2002-12:00:00,09,05,2002,12,44.205
09.05.2002-15:00:00,09,05,2002,15,47.677
09.05.2002-18:00:00,09,05,2002,18,49.395
09.05.2002-21:00:00,09,05,2002,21,49.755
09.06.2002-00:00:00,09,06,2002,00,50.706
09.06.2002-03:00:00,09,06,2002,03,51.907
09.06.2002-06:00:00,09,06,2002,06,46.938
09.06.2002-09:00:00,09,06,2002,09,42.902
09.06.2002-12:00:00,09,06,2002,12,43.029
09.06.2002-15:00:00,09,06,2002,15,46.151
09.06.2002-18:00:00,09,06,2002,18,48.208
09.06.2002-21:00:00,09,06,2002,21,48.611
09.07.2002-00:00:00,09,07,2002,00,48.644
09.07.2002-03:00:00,09,07,2002,03,49.58
09.07.2002-06:00:00,09,07,2002,06,53.863
09.07.2002-09:00:00,09,07,2002,09,45.042
09.07.2002-12:00:00,09,07,2002,12,44.319
09.07.2002-15:00:00,09,07,2002,15,46.424
09.07.2002-18:00:00,09,07,2002,18,49.398
09.07.2002-21:00:00,09,07,2002,21,51.547
09.08.2002-00:00:00,09,08,2002,00,49.55
09.08.2002-03:00:00,09,08,2002,03,49.232
09.08.2002-06:00:00,09,08,2002,06,45.355
09.08.2002-09:00:00,09,08,2002,09,41.909
09.08.2002-12:00:00,09,08,2002,12,43.476
09.08.2002-15:00:00,09,08,2002,15,44.505
09.08.2002-18:00:00,09,08,2002,18,45.959
09.08.2002-21:00:00,09,08,2002,21,46.54
09.09.2002-00:00:00,09,09,2002,00,46.638
09.09.2002-03:00:00,09,09,2002,03,46.539
09.09.2002-06:00:00,09,09,2002,06,42.286
09.09.2002-09:00:00,09,09,2002,09,40.038
09.09.2002-12:00:00,09,09,2002,12,40.112
09.09.2002-15:00:00,09,09,2002,15,43.342
09.09.2002-18:00:00,09,09,2002,18,43.901
09.09.2002-21:00:00,09,09,2002,21,44.056
09.10.2002-00:00:00,09,10,2002,00,44.202
09.10.2002-03:00:00,09,10,2002,03,44.739
09.10.2002-06:00:00,09,10,2002,06,41.136
09.10.2002-09:00:00,09,10,2002,09,38.722
09.10.2002-12:00:00,09,10,2002,12,38.474
09.10.2002-15:00:00,09,10,2002,15,41.787
09.10.2002-18:00:00,09,10,2002,18,42.862
09.10.2002-21:00:00,09,10,2002,21,42.998
09.11.2002-00:00:00,09,11,2002,00,42.971
09.11.2002-03:00:00,09,11,2002,03,42.413
09.11.2002-06:00:00,09,11,2002,06,39.46
09.11.2002-09:00:00,09,11,2002,09,37.916
09.11.2002-12:00:00,09,11,2002,12,37.685
09.11.2002-15:00:00,09,11,2002,15,39.741
09.11.2002-18:00:00,09,11,2002,18,41.734
09.11.2002-21:00:00,09,11,2002,21,41.917
09.12.2002-00:00:00,09,12,2002,00,41.909
09.12.2002-03:00:00,09,12,2002,03,41.46
09.12.2002-06:00:00,09,12,2002,06,38.475
09.12.2002-09:00:00,09,12,2002,09,37.116
09.12.2002-12:00:00,09,12,2002,12,36.894
09.12.2002-15:00:00,09,12,2002,15,38.385
09.12.2002-18:00:00,09,12,2002,18,40.671
09.12.2002-21:00:00,09,12,2002,21,40.829
09.13.2002-00:00:00,09,13,2002,00,40.79
09.13.2002-03:00:00,09,13,2002,03,40.239
09.13.2002-06:00:00,09,13,2002,06,36.712
09.13.2002-09:00:00,09,13,2002,09,36.257
09.13.2002-12:00:00,09,13,2002,12,36.058
09.13.2002-15:00:00,09,13,2002,15,36.327
09.13.2002-18:00:00,09,13,2002,18,39.514
09.13.2002-21:00:00,09,13,2002,21,39.764
09.14.2002-00:00:00,09,14,2002,00,39.777
09.14.2002-03:00:00,09,14,2002,03,39.535
09.14.2002-06:00:00,09,14,2002,06,36.694
09.14.2002-09:00:00,09,14,2002,09,35.505
09.14.2002-12:00:00,09,14,2002,12,35.294
09.14.2002-15:00:00,09,14,2002,15,35.849
09.14.2002-18:00:00,09,14,2002,18,38.643
09.14.2002-21:00:00,09,14,2002,21,38.81
09.15.2002-00:00:00,09,15,2002,00,38.775
09.15.2002-03:00:00,09,15,2002,03,38.61
09.15.2002-06:00:00,09,15,2002,06,36.286
09.15.2002-09:00:00,09,15,2002,09,34.83
09.15.2002-12:00:00,09,15,2002,12,34.643
09.15.2002-15:00:00,09,15,2002,15,36.435
09.15.2002-18:00:00,09,15,2002,18,37.67
09.15.2002-21:00:00,09,15,2002,21,37.864
09.16.2002-00:00:00,09,16,2002,00,37.81
09.16.2002-03:00:00,09,16,2002,03,37.738
09.16.2002-06:00:00,09,16,2002,06,35.363
09.16.2002-09:00:00,09,16,2002,09,34.134
09.16.2002-12:00:00,09,16,2002,12,33.959
09.16.2002-15:00:00,09,16,2002,15,35.562
09.16.2002-18:00:00,09,16,2002,18,36.74
09.16.2002-21:00:00,09,16,2002,21,36.987
09.17.2002-00:00:00,09,17,2002,00,36.973
09.17.2002-03:00:00,09,17,2002,03,36.949
09.17.2002-06:00:00,09,17,2002,06,35.257
09.17.2002-09:00:00,09,17,2002,09,33.693
09.17.2002-12:00:00,09,17,2002,12,33.746
09.17.2002-15:00:00,09,17,2002,15,35.305
09.17.2002-18:00:00,09,17,2002,18,36.063
09.17.2002-21:00:00,09,17,2002,21,36.254
09.18.2002-00:00:00,09,18,2002,00,36.246
09.18.2002-03:00:00,09,18,2002,03,36.214
09.18.2002-06:00:00,09,18,2002,06,34.229
09.18.2002-09:00:00,09,18,2002,09,32.847
09.18.2002-12:00:00,09,18,2002,12,32.673
09.18.2002-15:00:00,09,18,2002,15,33.812
09.18.2002-18:00:00,09,18,2002,18,35.359
09.18.2002-21:00:00,09,18,2002,21,35.488
09.19.2002-00:00:00,09,19,2002,00,35.466
09.19.2002-03:00:00,09,19,2002,03,35.431
09.19.2002-06:00:00,09,19,2002,06,33.454
09.19.2002-09:00:00,09,19,2002,09,32.185
09.19.2002-12:00:00,09,19,2002,12,32
09.19.2002-15:00:00,09,19,2002,15,31.947
09.19.2002-18:00:00,09,19,2002,18,34.396
09.19.2002-21:00:00,09,19,2002,21,34.656
09.20.2002-00:00:00,09,20,2002,00,34.63
09.20.2002-03:00:00,09,20,2002,03,34.594
09.20.2002-06:00:00,09,20,2002,06,32.782
09.20.2002-09:00:00,09,20,2002,09,31.547
09.20.2002-12:00:00,09,20,2002,12,31.371
09.20.2002-15:00:00,09,20,2002,15,31.317
09.20.2002-18:00:00,09,20,2002,18,33.493
09.20.2002-21:00:00,09,20,2002,21,33.87
09.21.2002-00:00:00,09,21,2002,00,33.851
09.21.2002-03:00:00,09,21,2002,03,33.817
09.21.2002-06:00:00,09,21,2002,06,32.581
09.21.2002-09:00:00,09,21,2002,09,30.948
09.21.2002-12:00:00,09,21,2002,12,30.767
09.21.2002-15:00:00,09,21,2002,15,30.717
09.21.2002-18:00:00,09,21,2002,18,32.478
09.21.2002-21:00:00,09,21,2002,21,33.103
09.22.2002-00:00:00,09,22,2002,00,33.087
09.22.2002-03:00:00,09,22,2002,03,33.044
09.22.2002-06:00:00,09,22,2002,06,31.794
09.22.2002-09:00:00,09,22,2002,09,30.345
09.22.2002-12:00:00,09,22,2002,12,30.164
09.22.2002-15:00:00,09,22,2002,15,30.111
09.22.2002-18:00:00,09,22,2002,18,30.868
09.22.2002-21:00:00,09,22,2002,21,32.28
09.23.2002-00:00:00,09,23,2002,00,32.29
09.23.2002-03:00:00,09,23,2002,03,32.267
09.23.2002-06:00:00,09,23,2002,06,30.539
09.23.2002-09:00:00,09,23,2002,09,29.71
09.23.2002-12:00:00,09,23,2002,12,29.547
09.23.2002-15:00:00,09,23,2002,15,29.491
09.23.2002-18:00:00,09,23,2002,18,29.458
09.23.2002-21:00:00,09,23,2002,21,31.355
09.24.2002-00:00:00,09,24,2002,00,31.424
09.24.2002-03:00:00,09,24,2002,03,31.385
09.24.2002-06:00:00,09,24,2002,06,29.74
09.24.2002-09:00:00,09,24,2002,09,29.121
09.24.2002-12:00:00,09,24,2002,12,28.989
09.24.2002-15:00:00,09,24,2002,15,28.922
09.24.2002-18:00:00,09,24,2002,18,29.902
09.24.2002-21:00:00,09,24,2002,21,30.689
09.25.2002-00:00:00,09,25,2002,00,30.695
09.25.2002-03:00:00,09,25,2002,03,30.663
09.25.2002-06:00:00,09,25,2002,06,28.692
09.25.2002-09:00:00,09,25,2002,09,28.478
09.25.2002-12:00:00,09,25,2002,12,28.346
09.25.2002-15:00:00,09,25,2002,15,28.288
09.25.2002-18:00:00,09,25,2002,18,28.252
09.25.2002-21:00:00,09,25,2002,21,28.242
09.26.2002-00:00:00,09,26,2002,00,29.874
09.26.2002-03:00:00,09,26,2002,03,29.904
09.26.2002-06:00:00,09,26,2002,06,29.092
09.26.2002-09:00:00,09,26,2002,09,28.003
09.26.2002-12:00:00,09,26,2002,12,27.882
09.26.2002-15:00:00,09,26,2002,15,28.151
09.26.2002-18:00:00,09,26,2002,18,29.307
09.26.2002-21:00:00,09,26,2002,21,29.308
09.27.2002-00:00:00,09,27,2002,00,29.273
09.27.2002-03:00:00,09,27,2002,03,29.226
09.27.2002-06:00:00,09,27,2002,06,27.583
09.27.2002-09:00:00,09,27,2002,09,27.413
09.27.2002-12:00:00,09,27,2002,12,27.3
09.27.2002-15:00:00,09,27,2002,15,27.243
09.27.2002-18:00:00,09,27,2002,18,27.206
09.27.2002-21:00:00,09,27,2002,21,27.17
09.28.2002-00:00:00,09,28,2002,00,28.214
09.28.2002-03:00:00,09,28,2002,03,28.583
09.28.2002-06:00:00,09,28,2002,06,27.497
09.28.2002-09:00:00,09,28,2002,09,26.912
09.28.2002-12:00:00,09,28,2002,12,26.787
09.28.2002-15:00:00,09,28,2002,15,26.732
09.28.2002-18:00:00,09,28,2002,18,26.694
09.28.2002-21:00:00,09,28,2002,21,26.657
09.29.2002-00:00:00,09,29,2002,00,27.588
09.29.2002-03:00:00,09,29,2002,03,27.849
09.29.2002-06:00:00,09,29,2002,06,27.1
09.29.2002-09:00:00,09,29,2002,09,26.445
09.29.2002-12:00:00,09,29,2002,12,26.347
09.29.2002-15:00:00,09,29,2002,15,26.288
09.29.2002-18:00:00,09,29,2002,18,27.022
09.29.2002-21:00:00,09,29,2002,21,27.316
09.30.2002-00:00:00,09,30,2002,00,27.297
09.30.2002-03:00:00,09,30,2002,03,27.256
09.30.2002-06:00:00,09,30,2002,06,26.433
09.30.2002-09:00:00,09,30,2002,09,25.966
09.30.2002-12:00:00,09,30,2002,12,25.872
09.30.2002-15:00:00,09,30,2002,15,25.815
09.30.2002-18:00:00,09,30,2002,18,25.777
09.30.2002-21:00:00,09,30,2002,21,26.607
