TIMESTAMP,MONTH,DAY,YEAR,HOUR,C
10.01.2001-00:00:00,10,01,2001,00,52.674
10.01.2001-03:00:00,10,01,2001,03,52.549
10.01.2001-06:00:00,10,01,2001,06,52.418
10.01.2001-09:00:00,10,01,2001,09,52.244
10.01.2001-12:00:00,10,01,2001,12,52.075
10.01.2001-15:00:00,10,01,2001,15,51.937
10.01.2001-18:00:00,10,01,2001,18,51.812
10.01.2001-21:00:00,10,01,2001,21,51.689
10.02.2001-00:00:00,10,02,2001,00,51.566
10.02.2001-03:00:00,10,02,2001,03,51.444
10.02.2001-06:00:00,10,02,2001,06,51.316
10.02.2001-09:00:00,10,02,2001,09,51.153
10.02.2001-12:00:00,10,02,2001,12,50.99
10.02.2001-15:00:00,10,02,2001,15,50.857
10.02.2001-18:00:00,10,02,2001,18,50.736
10.02.2001-21:00:00,10,02,2001,21,50.616
10.03.2001-00:00:00,10,03,2001,00,50.497
10.03.2001-03:00:00,10,03,2001,03,50.379
10.03.2001-06:00:00,10,03,2001,06,50.257
10.03.2001-09:00:00,10,03,2001,09,50.098
10.03.2001-12:00:00,10,03,2001,12,49.94
10.03.2001-15:00:00,10,03,2001,15,49.811
10.03.2001-18:00:00,10,03,2001,18,49.693
10.03.2001-21:00:00,10,03,2001,21,49.576
10.04.2001-00:00:00,10,04,2001,00,49.461
10.04.2001-03:00:00,10,04,2001,03,49.346
10.04.2001-06:00:00,10,04,2001,06,49.228
10.04.2001-09:00:00,10,04,2001,09,49.077
10.04.2001-12:00:00,10,04,2001,12,48.925
10.04.2001-15:00:00,10,04,2001,15,48.801
10.04.2001-18:00:00,10,04,2001,18,48.687
10.04.2001-21:00:00,10,04,2001,21,48.574
10.05.2001-00:00:00,10,05,2001,00,48.462
10.05.2001-03:00:00,10,05,2001,03,48.35
10.05.2001-06:00:00,10,05,2001,06,48.239
10.05.2001-09:00:00,10,05,2001,09,48.095
10.05.2001-12:00:00,10,05,2001,12,47.95
10.05.2001-15:00:00,10,05,2001,15,47.83
10.05.2001-18:00:00,10,05,2001,18,47.719
10.05.2001-21:00:00,10,05,2001,21,47.609
10.06.2001-00:00:00,10,06,2001,00,47.499
10.06.2001-03:00:00,10,06,2001,03,47.39
10.06.2001-06:00:00,10,06,2001,06,47.281
10.06.2001-09:00:00,10,06,2001,09,47.144
10.06.2001-12:00:00,10,06,2001,12,47.004
10.06.2001-15:00:00,10,06,2001,15,46.887
10.06.2001-18:00:00,10,06,2001,18,46.778
10.06.2001-21:00:00,10,06,2001,21,46.67
10.07.2001-00:00:00,10,07,2001,00,46.562
10.07.2001-03:00:00,10,07,2001,03,46.456
10.07.2001-06:00:00,10,07,2001,06,46.349
10.07.2001-09:00:00,10,07,2001,09,46.22
10.07.2001-12:00:00,10,07,2001,12,46.088
10.07.2001-15:00:00,10,07,2001,15,45.974
10.07.2001-18:00:00,10,07,2001,18,45.867
10.07.2001-21:00:00,10,07,2001,21,45.761
10.08.2001-00:00:00,10,08,2001,00,45.657
10.08.2001-03:00:00,10,08,2001,03,45.552
10.08.2001-06:00:00,10,08,2001,06,45.448
10.08.2001-09:00:00,10,08,2001,09,45.316
10.08.2001-12:00:00,10,08,2001,12,45.188
10.08.2001-15:00:00,10,08,2001,15,45.075
10.08.2001-18:00:00,10,08,2001,18,44.971
10.08.2001-21:00:00,10,08,2001,21,44.866
10.09.2001-00:00:00,10,09,2001,00,44.763
10.09.2001-03:00:00,10,09,2001,03,44.66
10.09.2001-06:00:00,10,09,2001,06,44.552
10.09.2001-09:00:00,10,09,2001,09,44.427
10.09.2001-12:00:00,10,09,2001,12,44.299
10.09.2001-15:00:00,10,09,2001,15,44.188
10.09.2001-18:00:00,10,09,2001,18,44.086
10.09.2001-21:00:00,10,09,2001,21,43.985
10.10.2001-00:00:00,10,10,2001,00,43.885
10.10.2001-03:00:00,10,10,2001,03,43.785
10.10.2001-06:00:00,10,10,2001,06,43.686
10.10.2001-09:00:00,10,10,2001,09,43.584
10.10.2001-12:00:00,10,10,2001,12,43.497
10.10.2001-15:00:00,10,10,2001,15,43.424
10.10.2001-18:00:00,10,10,2001,18,43.33
10.10.2001-21:00:00,10,10,2001,21,43.232
10.11.2001-00:00:00,10,11,2001,00,43.134
10.11.2001-03:00:00,10,11,2001,03,43.037
10.11.2001-06:00:00,10,11,2001,06,42.939
10.11.2001-09:00:00,10,11,2001,09,42.827
10.11.2001-12:00:00,10,11,2001,12,42.727
10.11.2001-15:00:00,10,11,2001,15,42.653
10.11.2001-18:00:00,10,11,2001,18,42.562
10.11.2001-21:00:00,10,11,2001,21,42.471
10.12.2001-00:00:00,10,12,2001,00,42.37
10.12.2001-03:00:00,10,12,2001,03,42.274
10.12.2001-06:00:00,10,12,2001,06,42.178
10.12.2001-09:00:00,10,12,2001,09,42.083
10.12.2001-12:00:00,10,12,2001,12,42.007
10.12.2001-15:00:00,10,12,2001,15,41.956
10.12.2001-18:00:00,10,12,2001,18,41.913
10.12.2001-21:00:00,10,12,2001,21,41.842
10.13.2001-00:00:00,10,13,2001,00,41.765
10.13.2001-03:00:00,10,13,2001,03,41.676
10.13.2001-06:00:00,10,13,2001,06,41.589
10.13.2001-09:00:00,10,13,2001,09,41.54
10.13.2001-12:00:00,10,13,2001,12,41.606
10.13.2001-15:00:00,10,13,2001,15,41.719
10.13.2001-18:00:00,10,13,2001,18,41.782
10.13.2001-21:00:00,10,13,2001,21,41.795
10.14.2001-00:00:00,10,14,2001,00,41.792
10.14.2001-03:00:00,10,14,2001,03,41.774
10.14.2001-06:00:00,10,14,2001,06,41.709
10.14.2001-09:00:00,10,14,2001,09,41.61
10.14.2001-12:00:00,10,14,2001,12,41.51
10.14.2001-15:00:00,10,14,2001,15,41.426
10.14.2001-18:00:00,10,14,2001,18,41.347
10.14.2001-21:00:00,10,14,2001,21,41.245
10.15.2001-00:00:00,10,15,2001,00,41.128
10.15.2001-03:00:00,10,15,2001,03,41.03
10.15.2001-06:00:00,10,15,2001,06,40.933
10.15.2001-09:00:00,10,15,2001,09,40.82
10.15.2001-12:00:00,10,15,2001,12,40.705
10.15.2001-15:00:00,10,15,2001,15,40.608
10.15.2001-18:00:00,10,15,2001,18,40.513
10.15.2001-21:00:00,10,15,2001,21,40.419
10.16.2001-00:00:00,10,16,2001,00,40.325
10.16.2001-03:00:00,10,16,2001,03,40.231
10.16.2001-06:00:00,10,16,2001,06,40.138
10.16.2001-09:00:00,10,16,2001,09,40.026
10.16.2001-12:00:00,10,16,2001,12,39.914
10.16.2001-15:00:00,10,16,2001,15,39.82
10.16.2001-18:00:00,10,16,2001,18,39.727
10.16.2001-21:00:00,10,16,2001,21,39.635
10.17.2001-00:00:00,10,17,2001,00,39.544
10.17.2001-03:00:00,10,17,2001,03,39.454
10.17.2001-06:00:00,10,17,2001,06,39.364
10.17.2001-09:00:00,10,17,2001,09,39.262
10.17.2001-12:00:00,10,17,2001,12,39.165
10.17.2001-15:00:00,10,17,2001,15,39.08
10.17.2001-18:00:00,10,17,2001,18,38.993
10.17.2001-21:00:00,10,17,2001,21,38.904
10.18.2001-00:00:00,10,18,2001,00,38.815
10.18.2001-03:00:00,10,18,2001,03,38.727
10.18.2001-06:00:00,10,18,2001,06,38.637
10.18.2001-09:00:00,10,18,2001,09,38.537
10.18.2001-12:00:00,10,18,2001,12,38.438
10.18.2001-15:00:00,10,18,2001,15,38.345
10.18.2001-18:00:00,10,18,2001,18,38.257
10.18.2001-21:00:00,10,18,2001,21,38.17
10.19.2001-00:00:00,10,19,2001,00,38.092
10.19.2001-03:00:00,10,19,2001,03,37.999
10.19.2001-06:00:00,10,19,2001,06,37.914
10.19.2001-09:00:00,10,19,2001,09,37.816
10.19.2001-12:00:00,10,19,2001,12,37.714
10.19.2001-15:00:00,10,19,2001,15,37.627
10.19.2001-18:00:00,10,19,2001,18,37.544
10.19.2001-21:00:00,10,19,2001,21,37.462
10.20.2001-00:00:00,10,20,2001,00,37.365
10.20.2001-03:00:00,10,20,2001,03,37.282
10.20.2001-06:00:00,10,20,2001,06,37.2
10.20.2001-09:00:00,10,20,2001,09,37.103
10.20.2001-12:00:00,10,20,2001,12,37.007
10.20.2001-15:00:00,10,20,2001,15,36.922
10.20.2001-18:00:00,10,20,2001,18,36.841
10.20.2001-21:00:00,10,20,2001,21,36.76
10.21.2001-00:00:00,10,21,2001,00,36.68
10.21.2001-03:00:00,10,21,2001,03,36.6
10.21.2001-06:00:00,10,21,2001,06,36.521
10.21.2001-09:00:00,10,21,2001,09,36.442
10.21.2001-12:00:00,10,21,2001,12,36.461
10.21.2001-15:00:00,10,21,2001,15,36.435
10.21.2001-18:00:00,10,21,2001,18,36.283
10.21.2001-21:00:00,10,21,2001,21,36.176
10.22.2001-00:00:00,10,22,2001,00,36.098
10.22.2001-03:00:00,10,22,2001,03,36.021
10.22.2001-06:00:00,10,22,2001,06,35.944
10.22.2001-09:00:00,10,22,2001,09,35.892
10.22.2001-12:00:00,10,22,2001,12,35.864
10.22.2001-15:00:00,10,22,2001,15,35.853
10.22.2001-18:00:00,10,22,2001,18,35.847
10.22.2001-21:00:00,10,22,2001,21,35.83
10.23.2001-00:00:00,10,23,2001,00,35.781
10.23.2001-03:00:00,10,23,2001,03,35.706
10.23.2001-06:00:00,10,23,2001,06,35.628
10.23.2001-09:00:00,10,23,2001,09,35.565
10.23.2001-12:00:00,10,23,2001,12,35.526
10.23.2001-15:00:00,10,23,2001,15,35.514
10.23.2001-18:00:00,10,23,2001,18,35.52
10.23.2001-21:00:00,10,23,2001,21,35.529
10.24.2001-00:00:00,10,24,2001,00,35.533
10.24.2001-03:00:00,10,24,2001,03,35.505
10.24.2001-06:00:00,10,24,2001,06,35.433
10.24.2001-09:00:00,10,24,2001,09,35.347
10.24.2001-12:00:00,10,24,2001,12,35.26
10.24.2001-15:00:00,10,24,2001,15,35.182
10.24.2001-18:00:00,10,24,2001,18,35.105
10.24.2001-21:00:00,10,24,2001,21,35.028
10.25.2001-00:00:00,10,25,2001,00,34.951
10.25.2001-03:00:00,10,25,2001,03,34.875
10.25.2001-06:00:00,10,25,2001,06,34.799
10.25.2001-09:00:00,10,25,2001,09,34.723
10.25.2001-12:00:00,10,25,2001,12,34.647
10.25.2001-15:00:00,10,25,2001,15,34.584
10.25.2001-18:00:00,10,25,2001,18,34.534
10.25.2001-21:00:00,10,25,2001,21,34.474
10.26.2001-00:00:00,10,26,2001,00,34.406
10.26.2001-03:00:00,10,26,2001,03,34.332
10.26.2001-06:00:00,10,26,2001,06,34.257
10.26.2001-09:00:00,10,26,2001,09,34.182
10.26.2001-12:00:00,10,26,2001,12,34.111
10.26.2001-15:00:00,10,26,2001,15,34.046
10.26.2001-18:00:00,10,26,2001,18,33.978
10.26.2001-21:00:00,10,26,2001,21,33.905
10.27.2001-00:00:00,10,27,2001,00,33.832
10.27.2001-03:00:00,10,27,2001,03,33.759
10.27.2001-06:00:00,10,27,2001,06,33.687
10.27.2001-09:00:00,10,27,2001,09,33.608
10.27.2001-12:00:00,10,27,2001,12,33.527
10.27.2001-15:00:00,10,27,2001,15,33.455
10.27.2001-18:00:00,10,27,2001,18,33.384
10.27.2001-21:00:00,10,27,2001,21,33.313
10.28.2001-00:00:00,10,28,2001,00,33.242
10.28.2001-03:00:00,10,28,2001,03,33.172
10.28.2001-06:00:00,10,28,2001,06,33.102
10.28.2001-09:00:00,10,28,2001,09,33.027
10.28.2001-12:00:00,10,28,2001,12,32.951
10.28.2001-15:00:00,10,28,2001,15,32.881
10.28.2001-18:00:00,10,28,2001,18,32.812
10.28.2001-21:00:00,10,28,2001,21,32.743
10.29.2001-00:00:00,10,29,2001,00,32.674
10.29.2001-03:00:00,10,29,2001,03,32.606
10.29.2001-06:00:00,10,29,2001,06,32.537
10.29.2001-09:00:00,10,29,2001,09,32.467
10.29.2001-12:00:00,10,29,2001,12,32.395
10.29.2001-15:00:00,10,29,2001,15,32.327
10.29.2001-18:00:00,10,29,2001,18,32.259
10.29.2001-21:00:00,10,29,2001,21,32.192
10.30.2001-00:00:00,10,30,2001,00,32.126
10.30.2001-03:00:00,10,30,2001,03,32.059
10.30.2001-06:00:00,10,30,2001,06,31.993
10.30.2001-09:00:00,10,30,2001,09,31.927
10.30.2001-12:00:00,10,30,2001,12,31.861
10.30.2001-15:00:00,10,30,2001,15,31.796
10.30.2001-18:00:00,10,30,2001,18,31.73
10.30.2001-21:00:00,10,30,2001,21,31.665
10.31.2001-00:00:00,10,31,2001,00,31.6
10.31.2001-03:00:00,10,31,2001,03,31.535
10.31.2001-06:00:00,10,31,2001,06,31.471
10.31.2001-09:00:00,10,31,2001,09,31.405
10.31.2001-12:00:00,10,31,2001,12,31.368
10.31.2001-15:00:00,10,31,2001,15,31.443
10.31.2001-18:00:00,10,31,2001,18,31.573
10.31.2001-21:00:00,10,31,2001,21,31.688
11.01.2001-00:00:00,11,01,2001,00,31.775
11.01.2001-03:00:00,11,01,2001,03,31.821
11.01.2001-06:00:00,11,01,2001,06,31.825
11.01.2001-09:00:00,11,01,2001,09,31.769
11.01.2001-12:00:00,11,01,2001,12,31.7
11.01.2001-15:00:00,11,01,2001,15,31.64
11.01.2001-18:00:00,11,01,2001,18,31.583
11.01.2001-21:00:00,11,01,2001,21,31.528
11.02.2001-00:00:00,11,02,2001,00,31.475
11.02.2001-03:00:00,11,02,2001,03,31.414
11.02.2001-06:00:00,11,02,2001,06,31.346
11.02.2001-09:00:00,11,02,2001,09,31.277
11.02.2001-12:00:00,11,02,2001,12,31.213
11.02.2001-15:00:00,11,02,2001,15,31.156
11.02.2001-18:00:00,11,02,2001,18,31.105
11.02.2001-21:00:00,11,02,2001,21,31.056
11.03.2001-00:00:00,11,03,2001,00,31.006
11.03.2001-03:00:00,11,03,2001,03,30.953
11.03.2001-06:00:00,11,03,2001,06,30.887
11.03.2001-09:00:00,11,03,2001,09,30.819
11.03.2001-12:00:00,11,03,2001,12,30.756
11.03.2001-15:00:00,11,03,2001,15,30.702
11.03.2001-18:00:00,11,03,2001,18,30.652
11.03.2001-21:00:00,11,03,2001,21,30.61
11.04.2001-00:00:00,11,04,2001,00,30.57
11.04.2001-03:00:00,11,04,2001,03,30.528
11.04.2001-06:00:00,11,04,2001,06,30.485
11.04.2001-09:00:00,11,04,2001,09,30.423
11.04.2001-12:00:00,11,04,2001,12,30.367
11.04.2001-15:00:00,11,04,2001,15,30.319
11.04.2001-18:00:00,11,04,2001,18,30.279
11.04.2001-21:00:00,11,04,2001,21,30.242
11.05.2001-00:00:00,11,05,2001,00,30.204
11.05.2001-03:00:00,11,05,2001,03,30.164
11.05.2001-06:00:00,11,05,2001,06,30.111
11.05.2001-09:00:00,11,05,2001,09,30.053
11.05.2001-12:00:00,11,05,2001,12,29.991
11.05.2001-15:00:00,11,05,2001,15,29.932
11.05.2001-18:00:00,11,05,2001,18,29.873
11.05.2001-21:00:00,11,05,2001,21,29.815
11.06.2001-00:00:00,11,06,2001,00,29.753
11.06.2001-03:00:00,11,06,2001,03,29.691
11.06.2001-06:00:00,11,06,2001,06,29.63
11.06.2001-09:00:00,11,06,2001,09,29.568
11.06.2001-12:00:00,11,06,2001,12,29.506
11.06.2001-15:00:00,11,06,2001,15,29.445
11.06.2001-18:00:00,11,06,2001,18,29.385
11.06.2001-21:00:00,11,06,2001,21,29.325
11.07.2001-00:00:00,11,07,2001,00,29.265
11.07.2001-03:00:00,11,07,2001,03,29.206
11.07.2001-06:00:00,11,07,2001,06,29.146
11.07.2001-09:00:00,11,07,2001,09,29.087
11.07.2001-12:00:00,11,07,2001,12,29.028
11.07.2001-15:00:00,11,07,2001,15,28.97
11.07.2001-18:00:00,11,07,2001,18,28.913
11.07.2001-21:00:00,11,07,2001,21,28.856
11.08.2001-00:00:00,11,08,2001,00,28.799
11.08.2001-03:00:00,11,08,2001,03,28.743
11.08.2001-06:00:00,11,08,2001,06,28.686
11.08.2001-09:00:00,11,08,2001,09,28.63
11.08.2001-12:00:00,11,08,2001,12,28.573
11.08.2001-15:00:00,11,08,2001,15,28.517
11.08.2001-18:00:00,11,08,2001,18,28.462
11.08.2001-21:00:00,11,08,2001,21,28.407
11.09.2001-00:00:00,11,09,2001,00,28.352
11.09.2001-03:00:00,11,09,2001,03,28.297
11.09.2001-06:00:00,11,09,2001,06,28.242
11.09.2001-09:00:00,11,09,2001,09,28.187
11.09.2001-12:00:00,11,09,2001,12,28.132
11.09.2001-15:00:00,11,09,2001,15,28.078
11.09.2001-18:00:00,11,09,2001,18,28.025
11.09.2001-21:00:00,11,09,2001,21,27.971
11.10.2001-00:00:00,11,10,2001,00,27.917
11.10.2001-03:00:00,11,10,2001,03,27.864
11.10.2001-06:00:00,11,10,2001,06,27.811
11.10.2001-09:00:00,11,10,2001,09,27.758
11.10.2001-12:00:00,11,10,2001,12,27.704
11.10.2001-15:00:00,11,10,2001,15,27.652
11.10.2001-18:00:00,11,10,2001,18,27.599
11.10.2001-21:00:00,11,10,2001,21,27.547
11.11.2001-00:00:00,11,11,2001,00,27.495
11.11.2001-03:00:00,11,11,2001,03,27.443
11.11.2001-06:00:00,11,11,2001,06,27.392
11.11.2001-09:00:00,11,11,2001,09,27.34
11.11.2001-12:00:00,11,11,2001,12,27.288
11.11.2001-15:00:00,11,11,2001,15,27.236
11.11.2001-18:00:00,11,11,2001,18,27.185
11.11.2001-21:00:00,11,11,2001,21,27.134
11.12.2001-00:00:00,11,12,2001,00,27.084
11.12.2001-03:00:00,11,12,2001,03,27.033
11.12.2001-06:00:00,11,12,2001,06,26.983
11.12.2001-09:00:00,11,12,2001,09,26.932
11.12.2001-12:00:00,11,12,2001,12,26.882
11.12.2001-15:00:00,11,12,2001,15,26.832
11.12.2001-18:00:00,11,12,2001,18,26.782
11.12.2001-21:00:00,11,12,2001,21,26.732
11.13.2001-00:00:00,11,13,2001,00,26.684
11.13.2001-03:00:00,11,13,2001,03,26.636
11.13.2001-06:00:00,11,13,2001,06,26.588
11.13.2001-09:00:00,11,13,2001,09,26.541
11.13.2001-12:00:00,11,13,2001,12,26.493
11.13.2001-15:00:00,11,13,2001,15,26.448
11.13.2001-18:00:00,11,13,2001,18,26.416
11.13.2001-21:00:00,11,13,2001,21,26.392
11.14.2001-00:00:00,11,14,2001,00,26.423
11.14.2001-03:00:00,11,14,2001,03,26.499
11.14.2001-06:00:00,11,14,2001,06,26.76
11.14.2001-09:00:00,11,14,2001,09,27.44
11.14.2001-12:00:00,11,14,2001,12,28.586
11.14.2001-15:00:00,11,14,2001,15,30.359
11.14.2001-18:00:00,11,14,2001,18,32.143
11.14.2001-21:00:00,11,14,2001,21,33.854
11.15.2001-00:00:00,11,15,2001,00,34.886
11.15.2001-03:00:00,11,15,2001,03,35.305
11.15.2001-06:00:00,11,15,2001,06,35.308
11.15.2001-09:00:00,11,15,2001,09,35.267
11.15.2001-12:00:00,11,15,2001,12,35.222
11.15.2001-15:00:00,11,15,2001,15,35.2
11.15.2001-18:00:00,11,15,2001,18,35.199
11.15.2001-21:00:00,11,15,2001,21,35.21
11.16.2001-00:00:00,11,16,2001,00,35.207
11.16.2001-03:00:00,11,16,2001,03,35.204
11.16.2001-06:00:00,11,16,2001,06,35.196
11.16.2001-09:00:00,11,16,2001,09,35.188
11.16.2001-12:00:00,11,16,2001,12,35.15
11.16.2001-15:00:00,11,16,2001,15,35.111
11.16.2001-18:00:00,11,16,2001,18,35.073
11.16.2001-21:00:00,11,16,2001,21,35.037
11.17.2001-00:00:00,11,17,2001,00,35.003
11.17.2001-03:00:00,11,17,2001,03,34.97
11.17.2001-06:00:00,11,17,2001,06,34.939
11.17.2001-09:00:00,11,17,2001,09,34.907
11.17.2001-12:00:00,11,17,2001,12,34.876
11.17.2001-15:00:00,11,17,2001,15,34.852
11.17.2001-18:00:00,11,17,2001,18,34.83
11.17.2001-21:00:00,11,17,2001,21,34.81
11.18.2001-00:00:00,11,18,2001,00,34.785
11.18.2001-03:00:00,11,18,2001,03,34.761
11.18.2001-06:00:00,11,18,2001,06,34.738
11.18.2001-09:00:00,11,18,2001,09,34.716
11.18.2001-12:00:00,11,18,2001,12,34.694
11.18.2001-15:00:00,11,18,2001,15,34.674
11.18.2001-18:00:00,11,18,2001,18,34.654
11.18.2001-21:00:00,11,18,2001,21,34.635
11.19.2001-00:00:00,11,19,2001,00,34.617
11.19.2001-03:00:00,11,19,2001,03,34.6
11.19.2001-06:00:00,11,19,2001,06,34.583
11.19.2001-09:00:00,11,19,2001,09,34.567
11.19.2001-12:00:00,11,19,2001,12,34.551
11.19.2001-15:00:00,11,19,2001,15,34.536
11.19.2001-18:00:00,11,19,2001,18,34.521
11.19.2001-21:00:00,11,19,2001,21,34.507
11.20.2001-00:00:00,11,20,2001,00,34.493
11.20.2001-03:00:00,11,20,2001,03,34.48
11.20.2001-06:00:00,11,20,2001,06,34.467
11.20.2001-09:00:00,11,20,2001,09,34.454
11.20.2001-12:00:00,11,20,2001,12,34.453
11.20.2001-15:00:00,11,20,2001,15,34.475
11.20.2001-18:00:00,11,20,2001,18,34.512
11.20.2001-21:00:00,11,20,2001,21,34.561
11.21.2001-00:00:00,11,21,2001,00,34.613
11.21.2001-03:00:00,11,21,2001,03,34.66
11.21.2001-06:00:00,11,21,2001,06,34.687
11.21.2001-09:00:00,11,21,2001,09,34.705
11.21.2001-12:00:00,11,21,2001,12,34.718
11.21.2001-15:00:00,11,21,2001,15,34.733
11.21.2001-18:00:00,11,21,2001,18,34.752
11.21.2001-21:00:00,11,21,2001,21,34.766
11.22.2001-00:00:00,11,22,2001,00,34.788
11.22.2001-03:00:00,11,22,2001,03,34.82
11.22.2001-06:00:00,11,22,2001,06,34.854
11.22.2001-09:00:00,11,22,2001,09,34.898
11.22.2001-12:00:00,11,22,2001,12,34.959
11.22.2001-15:00:00,11,22,2001,15,35.042
11.22.2001-18:00:00,11,22,2001,18,35.148
11.22.2001-21:00:00,11,22,2001,21,35.262
11.23.2001-00:00:00,11,23,2001,00,35.366
11.23.2001-03:00:00,11,23,2001,03,35.452
11.23.2001-06:00:00,11,23,2001,06,35.518
11.23.2001-09:00:00,11,23,2001,09,35.535
11.23.2001-12:00:00,11,23,2001,12,35.524
11.23.2001-15:00:00,11,23,2001,15,35.514
11.23.2001-18:00:00,11,23,2001,18,35.505
11.23.2001-21:00:00,11,23,2001,21,35.496
11.24.2001-00:00:00,11,24,2001,00,35.486
11.24.2001-03:00:00,11,24,2001,03,35.477
11.24.2001-06:00:00,11,24,2001,06,35.468
11.24.2001-09:00:00,11,24,2001,09,35.458
11.24.2001-12:00:00,11,24,2001,12,35.449
11.24.2001-15:00:00,11,24,2001,15,35.439
11.24.2001-18:00:00,11,24,2001,18,35.43
11.24.2001-21:00:00,11,24,2001,21,35.42
11.25.2001-00:00:00,11,25,2001,00,35.411
11.25.2001-03:00:00,11,25,2001,03,35.401
11.25.2001-06:00:00,11,25,2001,06,35.392
11.25.2001-09:00:00,11,25,2001,09,35.383
11.25.2001-12:00:00,11,25,2001,12,35.373
11.25.2001-15:00:00,11,25,2001,15,35.363
11.25.2001-18:00:00,11,25,2001,18,35.354
11.25.2001-21:00:00,11,25,2001,21,35.344
11.26.2001-00:00:00,11,26,2001,00,35.333
11.26.2001-03:00:00,11,26,2001,03,35.323
11.26.2001-06:00:00,11,26,2001,06,35.312
11.26.2001-09:00:00,11,26,2001,09,35.301
11.26.2001-12:00:00,11,26,2001,12,35.289
11.26.2001-15:00:00,11,26,2001,15,35.278
11.26.2001-18:00:00,11,26,2001,18,35.266
11.26.2001-21:00:00,11,26,2001,21,35.253
11.27.2001-00:00:00,11,27,2001,00,35.24
11.27.2001-03:00:00,11,27,2001,03,35.227
11.27.2001-06:00:00,11,27,2001,06,35.214
11.27.2001-09:00:00,11,27,2001,09,35.2
11.27.2001-12:00:00,11,27,2001,12,35.186
11.27.2001-15:00:00,11,27,2001,15,35.171
11.27.2001-18:00:00,11,27,2001,18,35.157
11.27.2001-21:00:00,11,27,2001,21,35.141
11.28.2001-00:00:00,11,28,2001,00,35.126
11.28.2001-03:00:00,11,28,2001,03,35.109
11.28.2001-06:00:00,11,28,2001,06,35.093
11.28.2001-09:00:00,11,28,2001,09,35.076
11.28.2001-12:00:00,11,28,2001,12,35.059
11.28.2001-15:00:00,11,28,2001,15,35.041
11.28.2001-18:00:00,11,28,2001,18,35.022
11.28.2001-21:00:00,11,28,2001,21,35
11.29.2001-00:00:00,11,29,2001,00,34.981
11.29.2001-03:00:00,11,29,2001,03,34.961
11.29.2001-06:00:00,11,29,2001,06,34.941
11.29.2001-09:00:00,11,29,2001,09,34.921
11.29.2001-12:00:00,11,29,2001,12,34.901
11.29.2001-15:00:00,11,29,2001,15,34.88
11.29.2001-18:00:00,11,29,2001,18,34.858
11.29.2001-21:00:00,11,29,2001,21,34.836
11.30.2001-00:00:00,11,30,2001,00,34.814
11.30.2001-03:00:00,11,30,2001,03,34.791
11.30.2001-06:00:00,11,30,2001,06,34.768
11.30.2001-09:00:00,11,30,2001,09,34.745
11.30.2001-12:00:00,11,30,2001,12,34.721
11.30.2001-15:00:00,11,30,2001,15,34.696
11.30.2001-18:00:00,11,30,2001,18,34.672
11.30.2001-21:00:00,11,30,2001,21,34.647
12.01.2001-00:00:00,12,01,2001,00,34.621
12.01.2001-03:00:00,12,01,2001,03,34.595
12.01.2001-06:00:00,12,01,2001,06,34.569
12.01.2001-09:00:00,12,01,2001,09,34.542
12.01.2001-12:00:00,12,01,2001,12,34.515
12.01.2001-15:00:00,12,01,2001,15,34.487
12.01.2001-18:00:00,12,01,2001,18,34.459
12.01.2001-21:00:00,12,01,2001,21,34.431
12.02.2001-00:00:00,12,02,2001,00,34.402
12.02.2001-03:00:00,12,02,2001,03,34.373
12.02.2001-06:00:00,12,02,2001,06,34.344
12.02.2001-09:00:00,12,02,2001,09,34.314
12.02.2001-12:00:00,12,02,2001,12,34.284
12.02.2001-15:00:00,12,02,2001,15,34.253
12.02.2001-18:00:00,12,02,2001,18,34.222
12.02.2001-21:00:00,12,02,2001,21,34.192
12.03.2001-00:00:00,12,03,2001,00,34.161
12.03.2001-03:00:00,12,03,2001,03,34.13
12.03.2001-06:00:00,12,03,2001,06,34.099
12.03.2001-09:00:00,12,03,2001,09,34.067
12.03.2001-12:00:00,12,03,2001,12,34.035
12.03.2001-15:00:00,12,03,2001,15,34.002
12.03.2001-18:00:00,12,03,2001,18,33.97
12.03.2001-21:00:00,12,03,2001,21,33.936
12.04.2001-00:00:00,12,04,2001,00,33.903
12.04.2001-03:00:00,12,04,2001,03,33.869
12.04.2001-06:00:00,12,04,2001,06,33.835
12.04.2001-09:00:00,12,04,2001,09,33.801
12.04.2001-12:00:00,12,04,2001,12,33.767
12.04.2001-15:00:00,12,04,2001,15,33.732
12.04.2001-18:00:00,12,04,2001,18,33.697
12.04.2001-21:00:00,12,04,2001,21,33.662
12.05.2001-00:00:00,12,05,2001,00,33.626
12.05.2001-03:00:00,12,05,2001,03,33.59
12.05.2001-06:00:00,12,05,2001,06,33.554
12.05.2001-09:00:00,12,05,2001,09,33.518
12.05.2001-12:00:00,12,05,2001,12,33.481
12.05.2001-15:00:00,12,05,2001,15,33.444
12.05.2001-18:00:00,12,05,2001,18,33.407
12.05.2001-21:00:00,12,05,2001,21,33.369
12.06.2001-00:00:00,12,06,2001,00,33.332
12.06.2001-03:00:00,12,06,2001,03,33.295
12.06.2001-06:00:00,12,06,2001,06,33.258
12.06.2001-09:00:00,12,06,2001,09,33.22
12.06.2001-12:00:00,12,06,2001,12,33.182
12.06.2001-15:00:00,12,06,2001,15,33.145
12.06.2001-18:00:00,12,06,2001,18,33.106
12.06.2001-21:00:00,12,06,2001,21,33.068
12.07.2001-00:00:00,12,07,2001,00,33.029
12.07.2001-03:00:00,12,07,2001,03,32.99
12.07.2001-06:00:00,12,07,2001,06,32.951
12.07.2001-09:00:00,12,07,2001,09,32.911
12.07.2001-12:00:00,12,07,2001,12,32.872
12.07.2001-15:00:00,12,07,2001,15,32.832
12.07.2001-18:00:00,12,07,2001,18,32.792
12.07.2001-21:00:00,12,07,2001,21,32.752
12.08.2001-00:00:00,12,08,2001,00,32.712
12.08.2001-03:00:00,12,08,2001,03,32.671
12.08.2001-06:00:00,12,08,2001,06,32.631
12.08.2001-09:00:00,12,08,2001,09,32.59
12.08.2001-12:00:00,12,08,2001,12,32.549
12.08.2001-15:00:00,12,08,2001,15,32.508
12.08.2001-18:00:00,12,08,2001,18,32.467
12.08.2001-21:00:00,12,08,2001,21,32.425
12.09.2001-00:00:00,12,09,2001,00,32.383
12.09.2001-03:00:00,12,09,2001,03,32.341
12.09.2001-06:00:00,12,09,2001,06,32.299
12.09.2001-09:00:00,12,09,2001,09,32.257
12.09.2001-12:00:00,12,09,2001,12,32.215
12.09.2001-15:00:00,12,09,2001,15,32.172
12.09.2001-18:00:00,12,09,2001,18,32.13
12.09.2001-21:00:00,12,09,2001,21,32.087
12.10.2001-00:00:00,12,10,2001,00,32.044
12.10.2001-03:00:00,12,10,2001,03,32.001
12.10.2001-06:00:00,12,10,2001,06,31.958
12.10.2001-09:00:00,12,10,2001,09,31.915
12.10.2001-12:00:00,12,10,2001,12,31.871
12.10.2001-15:00:00,12,10,2001,15,31.828
12.10.2001-18:00:00,12,10,2001,18,31.784
12.10.2001-21:00:00,12,10,2001,21,31.74
12.11.2001-00:00:00,12,11,2001,00,31.696
12.11.2001-03:00:00,12,11,2001,03,31.652
12.11.2001-06:00:00,12,11,2001,06,31.608
12.11.2001-09:00:00,12,11,2001,09,31.564
12.11.2001-12:00:00,12,11,2001,12,31.52
12.11.2001-15:00:00,12,11,2001,15,31.476
12.11.2001-18:00:00,12,11,2001,18,31.431
12.11.2001-21:00:00,12,11,2001,21,31.387
12.12.2001-00:00:00,12,12,2001,00,31.342
12.12.2001-03:00:00,12,12,2001,03,31.298
12.12.2001-06:00:00,12,12,2001,06,31.254
12.12.2001-09:00:00,12,12,2001,09,31.21
12.12.2001-12:00:00,12,12,2001,12,31.166
12.12.2001-15:00:00,12,12,2001,15,31.122
12.12.2001-18:00:00,12,12,2001,18,31.077
12.12.2001-21:00:00,12,12,2001,21,31.033
12.13.2001-00:00:00,12,13,2001,00,30.989
12.13.2001-03:00:00,12,13,2001,03,30.944
12.13.2001-06:00:00,12,13,2001,06,30.9
12.13.2001-09:00:00,12,13,2001,09,30.856
12.13.2001-12:00:00,12,13,2001,12,30.812
12.13.2001-15:00:00,12,13,2001,15,30.767
12.13.2001-18:00:00,12,13,2001,18,30.723
12.13.2001-21:00:00,12,13,2001,21,30.679
12.14.2001-00:00:00,12,14,2001,00,30.634
12.14.2001-03:00:00,12,14,2001,03,30.59
12.14.2001-06:00:00,12,14,2001,06,30.546
12.14.2001-09:00:00,12,14,2001,09,30.501
12.14.2001-12:00:00,12,14,2001,12,30.456
12.14.2001-15:00:00,12,14,2001,15,30.412
12.14.2001-18:00:00,12,14,2001,18,30.367
12.14.2001-21:00:00,12,14,2001,21,30.323
12.15.2001-00:00:00,12,15,2001,00,30.278
12.15.2001-03:00:00,12,15,2001,03,30.233
12.15.2001-06:00:00,12,15,2001,06,30.189
12.15.2001-09:00:00,12,15,2001,09,30.144
12.15.2001-12:00:00,12,15,2001,12,30.099
12.15.2001-15:00:00,12,15,2001,15,30.054
12.15.2001-18:00:00,12,15,2001,18,30.01
12.15.2001-21:00:00,12,15,2001,21,29.965
12.16.2001-00:00:00,12,16,2001,00,29.92
12.16.2001-03:00:00,12,16,2001,03,29.876
12.16.2001-06:00:00,12,16,2001,06,29.831
12.16.2001-09:00:00,12,16,2001,09,29.786
12.16.2001-12:00:00,12,16,2001,12,29.741
12.16.2001-15:00:00,12,16,2001,15,29.697
12.16.2001-18:00:00,12,16,2001,18,29.652
12.16.2001-21:00:00,12,16,2001,21,29.607
12.17.2001-00:00:00,12,17,2001,00,29.563
12.17.2001-03:00:00,12,17,2001,03,29.518
12.17.2001-06:00:00,12,17,2001,06,29.473
12.17.2001-09:00:00,12,17,2001,09,29.429
12.17.2001-12:00:00,12,17,2001,12,29.384
12.17.2001-15:00:00,12,17,2001,15,29.339
12.17.2001-18:00:00,12,17,2001,18,29.295
12.17.2001-21:00:00,12,17,2001,21,29.25
12.18.2001-00:00:00,12,18,2001,00,29.205
12.18.2001-03:00:00,12,18,2001,03,29.161
12.18.2001-06:00:00,12,18,2001,06,29.116
12.18.2001-09:00:00,12,18,2001,09,29.072
12.18.2001-12:00:00,12,18,2001,12,29.027
12.18.2001-15:00:00,12,18,2001,15,28.983
12.18.2001-18:00:00,12,18,2001,18,28.938
12.18.2001-21:00:00,12,18,2001,21,28.894
12.19.2001-00:00:00,12,19,2001,00,28.85
12.19.2001-03:00:00,12,19,2001,03,28.805
12.19.2001-06:00:00,12,19,2001,06,28.761
12.19.2001-09:00:00,12,19,2001,09,28.717
12.19.2001-12:00:00,12,19,2001,12,28.672
12.19.2001-15:00:00,12,19,2001,15,28.628
12.19.2001-18:00:00,12,19,2001,18,28.584
12.19.2001-21:00:00,12,19,2001,21,28.54
12.20.2001-00:00:00,12,20,2001,00,28.496
12.20.2001-03:00:00,12,20,2001,03,28.452
12.20.2001-06:00:00,12,20,2001,06,28.408
12.20.2001-09:00:00,12,20,2001,09,28.364
12.20.2001-12:00:00,12,20,2001,12,28.32
12.20.2001-15:00:00,12,20,2001,15,28.277
12.20.2001-18:00:00,12,20,2001,18,28.233
12.20.2001-21:00:00,12,20,2001,21,28.19
12.21.2001-00:00:00,12,21,2001,00,28.146
12.21.2001-03:00:00,12,21,2001,03,28.103
12.21.2001-06:00:00,12,21,2001,06,28.059
12.21.2001-09:00:00,12,21,2001,09,28.015
12.21.2001-12:00:00,12,21,2001,12,27.972
12.21.2001-15:00:00,12,21,2001,15,27.928
12.21.2001-18:00:00,12,21,2001,18,27.885
12.21.2001-21:00:00,12,21,2001,21,27.842
12.22.2001-00:00:00,12,22,2001,00,27.798
12.22.2001-03:00:00,12,22,2001,03,27.755
12.22.2001-06:00:00,12,22,2001,06,27.712
12.22.2001-09:00:00,12,22,2001,09,27.669
12.22.2001-12:00:00,12,22,2001,12,27.626
12.22.2001-15:00:00,12,22,2001,15,27.583
12.22.2001-18:00:00,12,22,2001,18,27.54
12.22.2001-21:00:00,12,22,2001,21,27.497
12.23.2001-00:00:00,12,23,2001,00,27.454
12.23.2001-03:00:00,12,23,2001,03,27.411
12.23.2001-06:00:00,12,23,2001,06,27.368
12.23.2001-09:00:00,12,23,2001,09,27.325
12.23.2001-12:00:00,12,23,2001,12,27.282
12.23.2001-15:00:00,12,23,2001,15,27.24
12.23.2001-18:00:00,12,23,2001,18,27.197
12.23.2001-21:00:00,12,23,2001,21,27.155
12.24.2001-00:00:00,12,24,2001,00,27.112
12.24.2001-03:00:00,12,24,2001,03,27.07
12.24.2001-06:00:00,12,24,2001,06,27.027
12.24.2001-09:00:00,12,24,2001,09,26.985
12.24.2001-12:00:00,12,24,2001,12,26.943
12.24.2001-15:00:00,12,24,2001,15,26.9
12.24.2001-18:00:00,12,24,2001,18,26.858
12.24.2001-21:00:00,12,24,2001,21,26.817
12.25.2001-00:00:00,12,25,2001,00,26.775
12.25.2001-03:00:00,12,25,2001,03,26.733
12.25.2001-06:00:00,12,25,2001,06,26.691
12.25.2001-09:00:00,12,25,2001,09,26.649
12.25.2001-12:00:00,12,25,2001,12,26.607
12.25.2001-15:00:00,12,25,2001,15,26.565
12.25.2001-18:00:00,12,25,2001,18,26.523
12.25.2001-21:00:00,12,25,2001,21,26.482
12.26.2001-00:00:00,12,26,2001,00,26.44
12.26.2001-03:00:00,12,26,2001,03,26.398
12.26.2001-06:00:00,12,26,2001,06,26.357
12.26.2001-09:00:00,12,26,2001,09,26.315
12.26.2001-12:00:00,12,26,2001,12,26.274
12.26.2001-15:00:00,12,26,2001,15,26.233
12.26.2001-18:00:00,12,26,2001,18,26.192
12.26.2001-21:00:00,12,26,2001,21,26.15
12.27.2001-00:00:00,12,27,2001,00,26.109
12.27.2001-03:00:00,12,27,2001,03,26.068
12.27.2001-06:00:00,12,27,2001,06,26.027
12.27.2001-09:00:00,12,27,2001,09,25.986
12.27.2001-12:00:00,12,27,2001,12,25.945
12.27.2001-15:00:00,12,27,2001,15,25.905
12.27.2001-18:00:00,12,27,2001,18,25.864
12.27.2001-21:00:00,12,27,2001,21,25.823
12.28.2001-00:00:00,12,28,2001,00,25.783
12.28.2001-03:00:00,12,28,2001,03,25.742
12.28.2001-06:00:00,12,28,2001,06,25.702
12.28.2001-09:00:00,12,28,2001,09,25.661
12.28.2001-12:00:00,12,28,2001,12,25.621
12.28.2001-15:00:00,12,28,2001,15,25.581
12.28.2001-18:00:00,12,28,2001,18,25.54
12.28.2001-21:00:00,12,28,2001,21,25.5
12.29.2001-00:00:00,12,29,2001,00,25.46
12.29.2001-03:00:00,12,29,2001,03,25.42
12.29.2001-06:00:00,12,29,2001,06,25.38
12.29.2001-09:00:00,12,29,2001,09,25.341
12.29.2001-12:00:00,12,29,2001,12,25.301
12.29.2001-15:00:00,12,29,2001,15,25.261
12.29.2001-18:00:00,12,29,2001,18,25.222
12.29.2001-21:00:00,12,29,2001,21,25.182
12.30.2001-00:00:00,12,30,2001,00,25.143
12.30.2001-03:00:00,12,30,2001,03,25.103
12.30.2001-06:00:00,12,30,2001,06,25.064
12.30.2001-09:00:00,12,30,2001,09,25.025
12.30.2001-12:00:00,12,30,2001,12,24.986
12.30.2001-15:00:00,12,30,2001,15,24.947
12.30.2001-18:00:00,12,30,2001,18,24.908
12.30.2001-21:00:00,12,30,2001,21,24.869
12.31.2001-00:00:00,12,31,2001,00,24.83
12.31.2001-03:00:00,12,31,2001,03,24.791
12.31.2001-06:00:00,12,31,2001,06,24.752
12.31.2001-09:00:00,12,31,2001,09,24.713
12.31.2001-12:00:00,12,31,2001,12,24.675
12.31.2001-15:00:00,12,31,2001,15,24.636
12.31.2001-18:00:00,12,31,2001,18,24.598
12.31.2001-21:00:00,12,31,2001,21,24.559
01.01.2002-00:00:00,01,01,2002,00,24.521
01.01.2002-03:00:00,01,01,2002,03,24.483
01.01.2002-06:00:00,01,01,2002,06,24.444
01.01.2002-09:00:00,01,01,2002,09,24.406
01.01.2002-12:00:00,01,01,2002,12,24.368
01.01.2002-15:00:00,01,01,2002,15,24.33
01.01.2002-18:00:00,01,01,2002,18,24.292
01.01.2002-21:00:00,01,01,2002,21,24.254
01.02.2002-00:00:00,01,02,2002,00,24.217
01.02.2002-03:00:00,01,02,2002,03,24.179
01.02.2002-06:00:00,01,02,2002,06,24.141
01.02.2002-09:00:00,01,02,2002,09,24.104
01.02.2002-12:00:00,01,02,2002,12,24.066
01.02.2002-15:00:00,01,02,2002,15,24.029
01.02.2002-18:00:00,01,02,2002,18,23.991
01.02.2002-21:00:00,01,02,2002,21,23.954
01.03.2002-00:00:00,01,03,2002,00,23.917
01.03.2002-03:00:00,01,03,2002,03,23.879
01.03.2002-06:00:00,01,03,2002,06,23.842
01.03.2002-09:00:00,01,03,2002,09,23.805
01.03.2002-12:00:00,01,03,2002,12,23.768
01.03.2002-15:00:00,01,03,2002,15,23.732
01.03.2002-18:00:00,01,03,2002,18,23.695
01.03.2002-21:00:00,01,03,2002,21,23.658
01.04.2002-00:00:00,01,04,2002,00,23.621
01.04.2002-03:00:00,01,04,2002,03,23.585
01.04.2002-06:00:00,01,04,2002,06,23.548
01.04.2002-09:00:00,01,04,2002,09,23.511
01.04.2002-12:00:00,01,04,2002,12,23.475
01.04.2002-15:00:00,01,04,2002,15,23.439
01.04.2002-18:00:00,01,04,2002,18,23.403
01.04.2002-21:00:00,01,04,2002,21,23.366
01.05.2002-00:00:00,01,05,2002,00,23.33
01.05.2002-03:00:00,01,05,2002,03,23.294
01.05.2002-06:00:00,01,05,2002,06,23.258
01.05.2002-09:00:00,01,05,2002,09,23.222
01.05.2002-12:00:00,01,05,2002,12,23.186
01.05.2002-15:00:00,01,05,2002,15,23.151
01.05.2002-18:00:00,01,05,2002,18,23.115
01.05.2002-21:00:00,01,05,2002,21,23.079
01.06.2002-00:00:00,01,06,2002,00,23.044
01.06.2002-03:00:00,01,06,2002,03,23.008
01.06.2002-06:00:00,01,06,2002,06,22.973
01.06.2002-09:00:00,01,06,2002,09,22.937
01.06.2002-12:00:00,01,06,2002,12,22.902
01.06.2002-15:00:00,01,06,2002,15,22.867
01.06.2002-18:00:00,01,06,2002,18,22.832
01.06.2002-21:00:00,01,06,2002,21,22.797
01.07.2002-00:00:00,01,07,2002,00,22.762
01.07.2002-03:00:00,01,07,2002,03,22.727
01.07.2002-06:00:00,01,07,2002,06,22.692
01.07.2002-09:00:00,01,07,2002,09,22.657
01.07.2002-12:00:00,01,07,2002,12,22.622
01.07.2002-15:00:00,01,07,2002,15,22.588
01.07.2002-18:00:00,01,07,2002,18,22.553
01.07.2002-21:00:00,01,07,2002,21,22.519
01.08.2002-00:00:00,01,08,2002,00,22.485
01.08.2002-03:00:00,01,08,2002,03,22.451
01.08.2002-06:00:00,01,08,2002,06,22.417
01.08.2002-09:00:00,01,08,2002,09,22.383
01.08.2002-12:00:00,01,08,2002,12,22.349
01.08.2002-15:00:00,01,08,2002,15,22.315
01.08.2002-18:00:00,01,08,2002,18,22.281
01.08.2002-21:00:00,01,08,2002,21,22.248
01.09.2002-00:00:00,01,09,2002,00,22.214
01.09.2002-03:00:00,01,09,2002,03,22.181
01.09.2002-06:00:00,01,09,2002,06,22.148
01.09.2002-09:00:00,01,09,2002,09,22.115
01.09.2002-12:00:00,01,09,2002,12,22.082
01.09.2002-15:00:00,01,09,2002,15,22.049
01.09.2002-18:00:00,01,09,2002,18,22.016
01.09.2002-21:00:00,01,09,2002,21,21.983
01.10.2002-00:00:00,01,10,2002,00,21.95
01.10.2002-03:00:00,01,10,2002,03,21.918
01.10.2002-06:00:00,01,10,2002,06,21.885
01.10.2002-09:00:00,01,10,2002,09,21.853
01.10.2002-12:00:00,01,10,2002,12,21.822
01.10.2002-15:00:00,01,10,2002,15,21.79
01.10.2002-18:00:00,01,10,2002,18,21.758
01.10.2002-21:00:00,01,10,2002,21,21.727
01.11.2002-00:00:00,01,11,2002,00,21.695
01.11.2002-03:00:00,01,11,2002,03,21.664
01.11.2002-06:00:00,01,11,2002,06,21.633
01.11.2002-09:00:00,01,11,2002,09,21.601
01.11.2002-12:00:00,01,11,2002,12,21.57
01.11.2002-15:00:00,01,11,2002,15,21.539
01.11.2002-18:00:00,01,11,2002,18,21.507
01.11.2002-21:00:00,01,11,2002,21,21.476
01.12.2002-00:00:00,01,12,2002,00,21.445
01.12.2002-03:00:00,01,12,2002,03,21.414
01.12.2002-06:00:00,01,12,2002,06,21.383
01.12.2002-09:00:00,01,12,2002,09,21.352
01.12.2002-12:00:00,01,12,2002,12,21.322
01.12.2002-15:00:00,01,12,2002,15,21.291
01.12.2002-18:00:00,01,12,2002,18,21.26
01.12.2002-21:00:00,01,12,2002,21,21.229
01.13.2002-00:00:00,01,13,2002,00,21.199
01.13.2002-03:00:00,01,13,2002,03,21.168
01.13.2002-06:00:00,01,13,2002,06,21.137
01.13.2002-09:00:00,01,13,2002,09,21.107
01.13.2002-12:00:00,01,13,2002,12,21.076
01.13.2002-15:00:00,01,13,2002,15,21.046
01.13.2002-18:00:00,01,13,2002,18,21.016
01.13.2002-21:00:00,01,13,2002,21,20.986
01.14.2002-00:00:00,01,14,2002,00,20.957
01.14.2002-03:00:00,01,14,2002,03,20.928
01.14.2002-06:00:00,01,14,2002,06,20.898
01.14.2002-09:00:00,01,14,2002,09,20.869
01.14.2002-12:00:00,01,14,2002,12,20.839
01.14.2002-15:00:00,01,14,2002,15,20.81
01.14.2002-18:00:00,01,14,2002,18,20.781
01.14.2002-21:00:00,01,14,2002,21,20.752
01.15.2002-00:00:00,01,15,2002,00,20.723
01.15.2002-03:00:00,01,15,2002,03,20.694
01.15.2002-06:00:00,01,15,2002,06,20.665
01.15.2002-09:00:00,01,15,2002,09,20.636
01.15.2002-12:00:00,01,15,2002,12,20.607
01.15.2002-15:00:00,01,15,2002,15,20.578
01.15.2002-18:00:00,01,15,2002,18,20.549
01.15.2002-21:00:00,01,15,2002,21,20.52
01.16.2002-00:00:00,01,16,2002,00,20.491
01.16.2002-03:00:00,01,16,2002,03,20.462
01.16.2002-06:00:00,01,16,2002,06,20.434
01.16.2002-09:00:00,01,16,2002,09,20.405
01.16.2002-12:00:00,01,16,2002,12,20.376
01.16.2002-15:00:00,01,16,2002,15,20.347
01.16.2002-18:00:00,01,16,2002,18,20.319
01.16.2002-21:00:00,01,16,2002,21,20.29
01.17.2002-00:00:00,01,17,2002,00,20.262
01.17.2002-03:00:00,01,17,2002,03,20.233
01.17.2002-06:00:00,01,17,2002,06,20.205
01.17.2002-09:00:00,01,17,2002,09,20.177
01.17.2002-12:00:00,01,17,2002,12,20.148
01.17.2002-15:00:00,01,17,2002,15,20.12
01.17.2002-18:00:00,01,17,2002,18,20.092
01.17.2002-21:00:00,01,17,2002,21,20.064
01.18.2002-00:00:00,01,18,2002,00,20.036
01.18.2002-03:00:00,01,18,2002,03,20.008
01.18.2002-06:00:00,01,18,2002,06,19.98
01.18.2002-09:00:00,01,18,2002,09,19.952
01.18.2002-12:00:00,01,18,2002,12,19.924
01.18.2002-15:00:00,01,18,2002,15,19.896
01.18.2002-18:00:00,01,18,2002,18,19.868
01.18.2002-21:00:00,01,18,2002,21,19.84
01.19.2002-00:00:00,01,19,2002,00,19.812
01.19.2002-03:00:00,01,19,2002,03,19.784
01.19.2002-06:00:00,01,19,2002,06,19.757
01.19.2002-09:00:00,01,19,2002,09,19.729
01.19.2002-12:00:00,01,19,2002,12,19.702
01.19.2002-15:00:00,01,19,2002,15,19.674
01.19.2002-18:00:00,01,19,2002,18,19.647
01.19.2002-21:00:00,01,19,2002,21,19.619
01.20.2002-00:00:00,01,20,2002,00,19.592
01.20.2002-03:00:00,01,20,2002,03,19.564
01.20.2002-06:00:00,01,20,2002,06,19.537
01.20.2002-09:00:00,01,20,2002,09,19.51
01.20.2002-12:00:00,01,20,2002,12,19.482
01.20.2002-15:00:00,01,20,2002,15,19.455
01.20.2002-18:00:00,01,20,2002,18,19.428
01.20.2002-21:00:00,01,20,2002,21,19.401
01.21.2002-00:00:00,01,21,2002,00,19.374
01.21.2002-03:00:00,01,21,2002,03,19.347
01.21.2002-06:00:00,01,21,2002,06,19.32
01.21.2002-09:00:00,01,21,2002,09,19.293
01.21.2002-12:00:00,01,21,2002,12,19.266
01.21.2002-15:00:00,01,21,2002,15,19.239
01.21.2002-18:00:00,01,21,2002,18,19.212
01.21.2002-21:00:00,01,21,2002,21,19.185
01.22.2002-00:00:00,01,22,2002,00,19.158
01.22.2002-03:00:00,01,22,2002,03,19.131
01.22.2002-06:00:00,01,22,2002,06,19.105
01.22.2002-09:00:00,01,22,2002,09,19.078
01.22.2002-12:00:00,01,22,2002,12,19.051
01.22.2002-15:00:00,01,22,2002,15,19.025
01.22.2002-18:00:00,01,22,2002,18,18.998
01.22.2002-21:00:00,01,22,2002,21,18.972
01.23.2002-00:00:00,01,23,2002,00,18.945
01.23.2002-03:00:00,01,23,2002,03,18.919
01.23.2002-06:00:00,01,23,2002,06,18.892
01.23.2002-09:00:00,01,23,2002,09,18.866
01.23.2002-12:00:00,01,23,2002,12,18.84
01.23.2002-15:00:00,01,23,2002,15,18.814
01.23.2002-18:00:00,01,23,2002,18,18.787
01.23.2002-21:00:00,01,23,2002,21,18.761
01.24.2002-00:00:00,01,24,2002,00,18.735
01.24.2002-03:00:00,01,24,2002,03,18.709
01.24.2002-06:00:00,01,24,2002,06,18.683
01.24.2002-09:00:00,01,24,2002,09,18.657
01.24.2002-12:00:00,01,24,2002,12,18.631
01.24.2002-15:00:00,01,24,2002,15,18.605
01.24.2002-18:00:00,01,24,2002,18,18.579
01.24.2002-21:00:00,01,24,2002,21,18.554
01.25.2002-00:00:00,01,25,2002,00,18.528
01.25.2002-03:00:00,01,25,2002,03,18.502
01.25.2002-06:00:00,01,25,2002,06,18.476
01.25.2002-09:00:00,01,25,2002,09,18.451
01.25.2002-12:00:00,01,25,2002,12,18.425
01.25.2002-15:00:00,01,25,2002,15,18.399
01.25.2002-18:00:00,01,25,2002,18,18.374
01.25.2002-21:00:00,01,25,2002,21,18.348
01.26.2002-00:00:00,01,26,2002,00,18.323
01.26.2002-03:00:00,01,26,2002,03,18.297
01.26.2002-06:00:00,01,26,2002,06,18.272
01.26.2002-09:00:00,01,26,2002,09,18.247
01.26.2002-12:00:00,01,26,2002,12,18.222
01.26.2002-15:00:00,01,26,2002,15,18.196
01.26.2002-18:00:00,01,26,2002,18,18.171
01.26.2002-21:00:00,01,26,2002,21,18.146
01.27.2002-00:00:00,01,27,2002,00,18.121
01.27.2002-03:00:00,01,27,2002,03,18.096
01.27.2002-06:00:00,01,27,2002,06,18.071
01.27.2002-09:00:00,01,27,2002,09,18.046
01.27.2002-12:00:00,01,27,2002,12,18.021
01.27.2002-15:00:00,01,27,2002,15,17.996
01.27.2002-18:00:00,01,27,2002,18,17.971
01.27.2002-21:00:00,01,27,2002,21,17.946
01.28.2002-00:00:00,01,28,2002,00,17.921
01.28.2002-03:00:00,01,28,2002,03,17.896
01.28.2002-06:00:00,01,28,2002,06,17.872
01.28.2002-09:00:00,01,28,2002,09,17.847
01.28.2002-12:00:00,01,28,2002,12,17.822
01.28.2002-15:00:00,01,28,2002,15,17.798
01.28.2002-18:00:00,01,28,2002,18,17.773
01.28.2002-21:00:00,01,28,2002,21,17.749
01.29.2002-00:00:00,01,29,2002,00,17.724
01.29.2002-03:00:00,01,29,2002,03,17.7
01.29.2002-06:00:00,01,29,2002,06,17.675
01.29.2002-09:00:00,01,29,2002,09,17.651
01.29.2002-12:00:00,01,29,2002,12,17.626
01.29.2002-15:00:00,01,29,2002,15,17.602
01.29.2002-18:00:00,01,29,2002,18,17.578
01.29.2002-21:00:00,01,29,2002,21,17.554
01.30.2002-00:00:00,01,30,2002,00,17.529
01.30.2002-03:00:00,01,30,2002,03,17.505
01.30.2002-06:00:00,01,30,2002,06,17.481
01.30.2002-09:00:00,01,30,2002,09,17.457
01.30.2002-12:00:00,01,30,2002,12,17.433
01.30.2002-15:00:00,01,30,2002,15,17.409
01.30.2002-18:00:00,01,30,2002,18,17.385
01.30.2002-21:00:00,01,30,2002,21,17.361
01.31.2002-00:00:00,01,31,2002,00,17.337
01.31.2002-03:00:00,01,31,2002,03,17.313
01.31.2002-06:00:00,01,31,2002,06,17.289
01.31.2002-09:00:00,01,31,2002,09,17.266
01.31.2002-12:00:00,01,31,2002,12,17.242
01.31.2002-15:00:00,01,31,2002,15,17.218
01.31.2002-18:00:00,01,31,2002,18,17.194
01.31.2002-21:00:00,01,31,2002,21,17.171
02.01.2002-00:00:00,02,01,2002,00,17.147
02.01.2002-03:00:00,02,01,2002,03,17.123
02.01.2002-06:00:00,02,01,2002,06,17.1
02.01.2002-09:00:00,02,01,2002,09,17.076
02.01.2002-12:00:00,02,01,2002,12,17.053
02.01.2002-15:00:00,02,01,2002,15,17.029
02.01.2002-18:00:00,02,01,2002,18,17.006
02.01.2002-21:00:00,02,01,2002,21,16.983
02.02.2002-00:00:00,02,02,2002,00,16.959
02.02.2002-03:00:00,02,02,2002,03,16.936
02.02.2002-06:00:00,02,02,2002,06,16.913
02.02.2002-09:00:00,02,02,2002,09,16.89
02.02.2002-12:00:00,02,02,2002,12,16.867
02.02.2002-15:00:00,02,02,2002,15,16.843
02.02.2002-18:00:00,02,02,2002,18,16.82
02.02.2002-21:00:00,02,02,2002,21,16.797
02.03.2002-00:00:00,02,03,2002,00,16.774
02.03.2002-03:00:00,02,03,2002,03,16.751
02.03.2002-06:00:00,02,03,2002,06,16.728
02.03.2002-09:00:00,02,03,2002,09,16.705
02.03.2002-12:00:00,02,03,2002,12,16.682
02.03.2002-15:00:00,02,03,2002,15,16.659
02.03.2002-18:00:00,02,03,2002,18,16.637
02.03.2002-21:00:00,02,03,2002,21,16.614
02.04.2002-00:00:00,02,04,2002,00,16.591
02.04.2002-03:00:00,02,04,2002,03,16.568
02.04.2002-06:00:00,02,04,2002,06,16.546
02.04.2002-09:00:00,02,04,2002,09,16.523
02.04.2002-12:00:00,02,04,2002,12,16.5
02.04.2002-15:00:00,02,04,2002,15,16.478
02.04.2002-18:00:00,02,04,2002,18,16.455
02.04.2002-21:00:00,02,04,2002,21,16.432
02.05.2002-00:00:00,02,05,2002,00,16.41
02.05.2002-03:00:00,02,05,2002,03,16.388
02.05.2002-06:00:00,02,05,2002,06,16.365
02.05.2002-09:00:00,02,05,2002,09,16.343
02.05.2002-12:00:00,02,05,2002,12,16.32
02.05.2002-15:00:00,02,05,2002,15,16.298
02.05.2002-18:00:00,02,05,2002,18,16.276
02.05.2002-21:00:00,02,05,2002,21,16.253
02.06.2002-00:00:00,02,06,2002,00,16.231
02.06.2002-03:00:00,02,06,2002,03,16.209
02.06.2002-06:00:00,02,06,2002,06,16.187
02.06.2002-09:00:00,02,06,2002,09,16.164
02.06.2002-12:00:00,02,06,2002,12,16.142
02.06.2002-15:00:00,02,06,2002,15,16.12
02.06.2002-18:00:00,02,06,2002,18,16.098
02.06.2002-21:00:00,02,06,2002,21,16.076
02.07.2002-00:00:00,02,07,2002,00,16.054
02.07.2002-03:00:00,02,07,2002,03,16.032
02.07.2002-06:00:00,02,07,2002,06,16.01
02.07.2002-09:00:00,02,07,2002,09,15.988
02.07.2002-12:00:00,02,07,2002,12,15.966
02.07.2002-15:00:00,02,07,2002,15,15.944
02.07.2002-18:00:00,02,07,2002,18,15.923
02.07.2002-21:00:00,02,07,2002,21,15.901
02.08.2002-00:00:00,02,08,2002,00,15.879
02.08.2002-03:00:00,02,08,2002,03,15.858
02.08.2002-06:00:00,02,08,2002,06,15.836
02.08.2002-09:00:00,02,08,2002,09,15.814
02.08.2002-12:00:00,02,08,2002,12,15.793
02.08.2002-15:00:00,02,08,2002,15,15.771
02.08.2002-18:00:00,02,08,2002,18,15.75
02.08.2002-21:00:00,02,08,2002,21,15.728
02.09.2002-00:00:00,02,09,2002,00,15.707
02.09.2002-03:00:00,02,09,2002,03,15.685
02.09.2002-06:00:00,02,09,2002,06,15.664
02.09.2002-09:00:00,02,09,2002,09,15.642
02.09.2002-12:00:00,02,09,2002,12,15.621
02.09.2002-15:00:00,02,09,2002,15,15.6
02.09.2002-18:00:00,02,09,2002,18,15.579
02.09.2002-21:00:00,02,09,2002,21,15.557
02.10.2002-00:00:00,02,10,2002,00,15.536
02.10.2002-03:00:00,02,10,2002,03,15.515
02.10.2002-06:00:00,02,10,2002,06,15.494
02.10.2002-09:00:00,02,10,2002,09,15.473
02.10.2002-12:00:00,02,10,2002,12,15.452
02.10.2002-15:00:00,02,10,2002,15,15.431
02.10.2002-18:00:00,02,10,2002,18,15.41
02.10.2002-21:00:00,02,10,2002,21,15.389
02.11.2002-00:00:00,02,11,2002,00,15.368
02.11.2002-03:00:00,02,11,2002,03,15.347
02.11.2002-06:00:00,02,11,2002,06,15.327
02.11.2002-09:00:00,02,11,2002,09,15.306
02.11.2002-12:00:00,02,11,2002,12,15.285
02.11.2002-15:00:00,02,11,2002,15,15.265
02.11.2002-18:00:00,02,11,2002,18,15.244
02.11.2002-21:00:00,02,11,2002,21,15.223
02.12.2002-00:00:00,02,12,2002,00,15.203
02.12.2002-03:00:00,02,12,2002,03,15.182
02.12.2002-06:00:00,02,12,2002,06,15.162
02.12.2002-09:00:00,02,12,2002,09,15.141
02.12.2002-12:00:00,02,12,2002,12,15.121
02.12.2002-15:00:00,02,12,2002,15,15.1
02.12.2002-18:00:00,02,12,2002,18,15.08
02.12.2002-21:00:00,02,12,2002,21,15.06
02.13.2002-00:00:00,02,13,2002,00,15.04
02.13.2002-03:00:00,02,13,2002,03,15.019
02.13.2002-06:00:00,02,13,2002,06,14.999
02.13.2002-09:00:00,02,13,2002,09,14.979
02.13.2002-12:00:00,02,13,2002,12,14.959
02.13.2002-15:00:00,02,13,2002,15,14.939
02.13.2002-18:00:00,02,13,2002,18,14.919
02.13.2002-21:00:00,02,13,2002,21,14.899
02.14.2002-00:00:00,02,14,2002,00,14.879
02.14.2002-03:00:00,02,14,2002,03,14.859
02.14.2002-06:00:00,02,14,2002,06,14.839
02.14.2002-09:00:00,02,14,2002,09,14.819
02.14.2002-12:00:00,02,14,2002,12,14.8
02.14.2002-15:00:00,02,14,2002,15,14.78
02.14.2002-18:00:00,02,14,2002,18,14.76
02.14.2002-21:00:00,02,14,2002,21,14.74
02.15.2002-00:00:00,02,15,2002,00,14.721
02.15.2002-03:00:00,02,15,2002,03,14.701
02.15.2002-06:00:00,02,15,2002,06,14.681
02.15.2002-09:00:00,02,15,2002,09,14.662
02.15.2002-12:00:00,02,15,2002,12,14.642
02.15.2002-15:00:00,02,15,2002,15,14.623
02.15.2002-18:00:00,02,15,2002,18,14.603
02.15.2002-21:00:00,02,15,2002,21,14.584
02.16.2002-00:00:00,02,16,2002,00,14.564
02.16.2002-03:00:00,02,16,2002,03,14.545
02.16.2002-06:00:00,02,16,2002,06,14.526
02.16.2002-09:00:00,02,16,2002,09,14.506
02.16.2002-12:00:00,02,16,2002,12,14.487
02.16.2002-15:00:00,02,16,2002,15,14.468
02.16.2002-18:00:00,02,16,2002,18,14.449
02.16.2002-21:00:00,02,16,2002,21,14.429
02.17.2002-00:00:00,02,17,2002,00,14.41
02.17.2002-03:00:00,02,17,2002,03,14.391
02.17.2002-06:00:00,02,17,2002,06,14.372
02.17.2002-09:00:00,02,17,2002,09,14.353
02.17.2002-12:00:00,02,17,2002,12,14.334
02.17.2002-15:00:00,02,17,2002,15,14.314
02.17.2002-18:00:00,02,17,2002,18,14.295
02.17.2002-21:00:00,02,17,2002,21,14.276
02.18.2002-00:00:00,02,18,2002,00,14.257
02.18.2002-03:00:00,02,18,2002,03,14.239
02.18.2002-06:00:00,02,18,2002,06,14.22
02.18.2002-09:00:00,02,18,2002,09,14.201
02.18.2002-12:00:00,02,18,2002,12,14.182
02.18.2002-15:00:00,02,18,2002,15,14.163
02.18.2002-18:00:00,02,18,2002,18,14.144
02.18.2002-21:00:00,02,18,2002,21,14.126
02.19.2002-00:00:00,02,19,2002,00,14.107
02.19.2002-03:00:00,02,19,2002,03,14.088
02.19.2002-06:00:00,02,19,2002,06,14.07
02.19.2002-09:00:00,02,19,2002,09,14.051
02.19.2002-12:00:00,02,19,2002,12,14.032
02.19.2002-15:00:00,02,19,2002,15,14.014
02.19.2002-18:00:00,02,19,2002,18,13.995
02.19.2002-21:00:00,02,19,2002,21,13.977
02.20.2002-00:00:00,02,20,2002,00,13.958
02.20.2002-03:00:00,02,20,2002,03,13.94
02.20.2002-06:00:00,02,20,2002,06,13.922
02.20.2002-09:00:00,02,20,2002,09,13.903
02.20.2002-12:00:00,02,20,2002,12,13.885
02.20.2002-15:00:00,02,20,2002,15,13.867
02.20.2002-18:00:00,02,20,2002,18,13.848
02.20.2002-21:00:00,02,20,2002,21,13.83
02.21.2002-00:00:00,02,21,2002,00,13.812
02.21.2002-03:00:00,02,21,2002,03,13.794
02.21.2002-06:00:00,02,21,2002,06,13.776
02.21.2002-09:00:00,02,21,2002,09,13.758
02.21.2002-12:00:00,02,21,2002,12,13.74
02.21.2002-15:00:00,02,21,2002,15,13.722
02.21.2002-18:00:00,02,21,2002,18,13.704
02.21.2002-21:00:00,02,21,2002,21,13.686
02.22.2002-00:00:00,02,22,2002,00,13.668
02.22.2002-03:00:00,02,22,2002,03,13.65
02.22.2002-06:00:00,02,22,2002,06,13.633
02.22.2002-09:00:00,02,22,2002,09,13.615
02.22.2002-12:00:00,02,22,2002,12,13.597
02.22.2002-15:00:00,02,22,2002,15,13.579
02.22.2002-18:00:00,02,22,2002,18,13.562
02.22.2002-21:00:00,02,22,2002,21,13.544
02.23.2002-00:00:00,02,23,2002,00,13.526
02.23.2002-03:00:00,02,23,2002,03,13.509
02.23.2002-06:00:00,02,23,2002,06,13.491
02.23.2002-09:00:00,02,23,2002,09,13.474
02.23.2002-12:00:00,02,23,2002,12,13.456
02.23.2002-15:00:00,02,23,2002,15,13.439
02.23.2002-18:00:00,02,23,2002,18,13.421
02.23.2002-21:00:00,02,23,2002,21,13.404
02.24.2002-00:00:00,02,24,2002,00,13.386
02.24.2002-03:00:00,02,24,2002,03,13.369
02.24.2002-06:00:00,02,24,2002,06,13.352
02.24.2002-09:00:00,02,24,2002,09,13.334
02.24.2002-12:00:00,02,24,2002,12,13.317
02.24.2002-15:00:00,02,24,2002,15,13.3
02.24.2002-18:00:00,02,24,2002,18,13.283
02.24.2002-21:00:00,02,24,2002,21,13.266
02.25.2002-00:00:00,02,25,2002,00,13.249
02.25.2002-03:00:00,02,25,2002,03,13.232
02.25.2002-06:00:00,02,25,2002,06,13.215
02.25.2002-09:00:00,02,25,2002,09,13.198
02.25.2002-12:00:00,02,25,2002,12,13.18
02.25.2002-15:00:00,02,25,2002,15,13.163
02.25.2002-18:00:00,02,25,2002,18,13.147
02.25.2002-21:00:00,02,25,2002,21,13.13
02.26.2002-00:00:00,02,26,2002,00,13.113
02.26.2002-03:00:00,02,26,2002,03,13.096
02.26.2002-06:00:00,02,26,2002,06,13.079
02.26.2002-09:00:00,02,26,2002,09,13.062
02.26.2002-12:00:00,02,26,2002,12,13.045
02.26.2002-15:00:00,02,26,2002,15,13.029
02.26.2002-18:00:00,02,26,2002,18,13.012
02.26.2002-21:00:00,02,26,2002,21,12.995
02.27.2002-00:00:00,02,27,2002,00,12.978
02.27.2002-03:00:00,02,27,2002,03,12.962
02.27.2002-06:00:00,02,27,2002,06,12.945
02.27.2002-09:00:00,02,27,2002,09,12.929
02.27.2002-12:00:00,02,27,2002,12,12.912
02.27.2002-15:00:00,02,27,2002,15,12.896
02.27.2002-18:00:00,02,27,2002,18,12.879
02.27.2002-21:00:00,02,27,2002,21,12.863
02.28.2002-00:00:00,02,28,2002,00,12.846
02.28.2002-03:00:00,02,28,2002,03,12.83
02.28.2002-06:00:00,02,28,2002,06,12.813
02.28.2002-09:00:00,02,28,2002,09,12.797
02.28.2002-12:00:00,02,28,2002,12,12.781
02.28.2002-15:00:00,02,28,2002,15,12.765
02.28.2002-18:00:00,02,28,2002,18,12.748
02.28.2002-21:00:00,02,28,2002,21,12.732
03.01.2002-00:00:00,03,01,2002,00,12.716
03.01.2002-03:00:00,03,01,2002,03,12.7
03.01.2002-06:00:00,03,01,2002,06,12.684
03.01.2002-09:00:00,03,01,2002,09,12.668
03.01.2002-12:00:00,03,01,2002,12,12.652
03.01.2002-15:00:00,03,01,2002,15,12.636
03.01.2002-18:00:00,03,01,2002,18,12.62
03.01.2002-21:00:00,03,01,2002,21,12.604
03.02.2002-00:00:00,03,02,2002,00,12.588
03.02.2002-03:00:00,03,02,2002,03,12.572
03.02.2002-06:00:00,03,02,2002,06,12.556
03.02.2002-09:00:00,03,02,2002,09,12.54
03.02.2002-12:00:00,03,02,2002,12,12.524
03.02.2002-15:00:00,03,02,2002,15,12.509
03.02.2002-18:00:00,03,02,2002,18,12.493
03.02.2002-21:00:00,03,02,2002,21,12.477
03.03.2002-00:00:00,03,03,2002,00,12.462
03.03.2002-03:00:00,03,03,2002,03,12.446
03.03.2002-06:00:00,03,03,2002,06,12.43
03.03.2002-09:00:00,03,03,2002,09,12.415
03.03.2002-12:00:00,03,03,2002,12,12.399
03.03.2002-15:00:00,03,03,2002,15,12.383
03.03.2002-18:00:00,03,03,2002,18,12.368
03.03.2002-21:00:00,03,03,2002,21,12.352
03.04.2002-00:00:00,03,04,2002,00,12.337
03.04.2002-03:00:00,03,04,2002,03,12.321
03.04.2002-06:00:00,03,04,2002,06,12.306
03.04.2002-09:00:00,03,04,2002,09,12.291
03.04.2002-12:00:00,03,04,2002,12,12.276
03.04.2002-15:00:00,03,04,2002,15,12.26
03.04.2002-18:00:00,03,04,2002,18,12.245
03.04.2002-21:00:00,03,04,2002,21,12.23
03.05.2002-00:00:00,03,05,2002,00,12.214
03.05.2002-03:00:00,03,05,2002,03,12.199
03.05.2002-06:00:00,03,05,2002,06,12.184
03.05.2002-09:00:00,03,05,2002,09,12.169
03.05.2002-12:00:00,03,05,2002,12,12.154
03.05.2002-15:00:00,03,05,2002,15,12.139
03.05.2002-18:00:00,03,05,2002,18,12.124
03.05.2002-21:00:00,03,05,2002,21,12.109
03.06.2002-00:00:00,03,06,2002,00,12.094
03.06.2002-03:00:00,03,06,2002,03,12.079
03.06.2002-06:00:00,03,06,2002,06,12.064
03.06.2002-09:00:00,03,06,2002,09,12.049
03.06.2002-12:00:00,03,06,2002,12,12.034
03.06.2002-15:00:00,03,06,2002,15,12.019
03.06.2002-18:00:00,03,06,2002,18,12.004
03.06.2002-21:00:00,03,06,2002,21,11.99
03.07.2002-00:00:00,03,07,2002,00,11.975
03.07.2002-03:00:00,03,07,2002,03,11.96
03.07.2002-06:00:00,03,07,2002,06,11.945
03.07.2002-09:00:00,03,07,2002,09,11.931
03.07.2002-12:00:00,03,07,2002,12,11.916
03.07.2002-15:00:00,03,07,2002,15,11.901
03.07.2002-18:00:00,03,07,2002,18,11.887
03.07.2002-21:00:00,03,07,2002,21,11.872
03.08.2002-00:00:00,03,08,2002,00,11.858
03.08.2002-03:00:00,03,08,2002,03,11.843
03.08.2002-06:00:00,03,08,2002,06,11.829
03.08.2002-09:00:00,03,08,2002,09,11.814
03.08.2002-12:00:00,03,08,2002,12,11.8
03.08.2002-15:00:00,03,08,2002,15,11.785
03.08.2002-18:00:00,03,08,2002,18,11.771
03.08.2002-21:00:00,03,08,2002,21,11.757
03.09.2002-00:00:00,03,09,2002,00,11.742
03.09.2002-03:00:00,03,09,2002,03,11.728
03.09.2002-06:00:00,03,09,2002,06,11.714
03.09.2002-09:00:00,03,09,2002,09,11.7
03.09.2002-12:00:00,03,09,2002,12,11.685
03.09.2002-15:00:00,03,09,2002,15,11.671
03.09.2002-18:00:00,03,09,2002,18,11.657
03.09.2002-21:00:00,03,09,2002,21,11.643
03.10.2002-00:00:00,03,10,2002,00,11.629
03.10.2002-03:00:00,03,10,2002,03,11.615
03.10.2002-06:00:00,03,10,2002,06,11.601
03.10.2002-09:00:00,03,10,2002,09,11.587
03.10.2002-12:00:00,03,10,2002,12,11.573
03.10.2002-15:00:00,03,10,2002,15,11.559
03.10.2002-18:00:00,03,10,2002,18,11.545
03.10.2002-21:00:00,03,10,2002,21,11.531
03.11.2002-00:00:00,03,11,2002,00,11.517
03.11.2002-03:00:00,03,11,2002,03,11.503
03.11.2002-06:00:00,03,11,2002,06,11.489
03.11.2002-09:00:00,03,11,2002,09,11.476
03.11.2002-12:00:00,03,11,2002,12,11.462
03.11.2002-15:00:00,03,11,2002,15,11.448
03.11.2002-18:00:00,03,11,2002,18,11.434
03.11.2002-21:00:00,03,11,2002,21,11.421
03.12.2002-00:00:00,03,12,2002,00,11.407
03.12.2002-03:00:00,03,12,2002,03,11.393
03.12.2002-06:00:00,03,12,2002,06,11.38
03.12.2002-09:00:00,03,12,2002,09,11.366
03.12.2002-12:00:00,03,12,2002,12,11.353
03.12.2002-15:00:00,03,12,2002,15,11.339
03.12.2002-18:00:00,03,12,2002,18,11.325
03.12.2002-21:00:00,03,12,2002,21,11.312
03.13.2002-00:00:00,03,13,2002,00,11.299
03.13.2002-03:00:00,03,13,2002,03,11.285
03.13.2002-06:00:00,03,13,2002,06,11.272
03.13.2002-09:00:00,03,13,2002,09,11.258
03.13.2002-12:00:00,03,13,2002,12,11.245
03.13.2002-15:00:00,03,13,2002,15,11.232
03.13.2002-18:00:00,03,13,2002,18,11.218
03.13.2002-21:00:00,03,13,2002,21,11.205
03.14.2002-00:00:00,03,14,2002,00,11.192
03.14.2002-03:00:00,03,14,2002,03,11.178
03.14.2002-06:00:00,03,14,2002,06,11.165
03.14.2002-09:00:00,03,14,2002,09,11.152
03.14.2002-12:00:00,03,14,2002,12,11.139
03.14.2002-15:00:00,03,14,2002,15,11.126
03.14.2002-18:00:00,03,14,2002,18,11.113
03.14.2002-21:00:00,03,14,2002,21,11.099
03.15.2002-00:00:00,03,15,2002,00,11.086
03.15.2002-03:00:00,03,15,2002,03,11.073
03.15.2002-06:00:00,03,15,2002,06,11.06
03.15.2002-09:00:00,03,15,2002,09,11.047
03.15.2002-12:00:00,03,15,2002,12,11.034
03.15.2002-15:00:00,03,15,2002,15,11.021
03.15.2002-18:00:00,03,15,2002,18,11.008
03.15.2002-21:00:00,03,15,2002,21,10.995
03.16.2002-00:00:00,03,16,2002,00,10.983
03.16.2002-03:00:00,03,16,2002,03,10.97
03.16.2002-06:00:00,03,16,2002,06,10.957
03.16.2002-09:00:00,03,16,2002,09,10.944
03.16.2002-12:00:00,03,16,2002,12,10.931
03.16.2002-15:00:00,03,16,2002,15,10.919
03.16.2002-18:00:00,03,16,2002,18,10.906
03.16.2002-21:00:00,03,16,2002,21,10.893
03.17.2002-00:00:00,03,17,2002,00,10.88
03.17.2002-03:00:00,03,17,2002,03,10.868
03.17.2002-06:00:00,03,17,2002,06,10.855
03.17.2002-09:00:00,03,17,2002,09,10.842
03.17.2002-12:00:00,03,17,2002,12,10.83
03.17.2002-15:00:00,03,17,2002,15,10.817
03.17.2002-18:00:00,03,17,2002,18,10.805
03.17.2002-21:00:00,03,17,2002,21,10.792
03.18.2002-00:00:00,03,18,2002,00,10.78
03.18.2002-03:00:00,03,18,2002,03,10.767
03.18.2002-06:00:00,03,18,2002,06,10.755
03.18.2002-09:00:00,03,18,2002,09,10.742
03.18.2002-12:00:00,03,18,2002,12,10.73
03.18.2002-15:00:00,03,18,2002,15,10.718
03.18.2002-18:00:00,03,18,2002,18,10.705
03.18.2002-21:00:00,03,18,2002,21,10.693
03.19.2002-00:00:00,03,19,2002,00,10.68
03.19.2002-03:00:00,03,19,2002,03,10.668
03.19.2002-06:00:00,03,19,2002,06,10.656
03.19.2002-09:00:00,03,19,2002,09,10.644
03.19.2002-12:00:00,03,19,2002,12,10.631
03.19.2002-15:00:00,03,19,2002,15,10.619
03.19.2002-18:00:00,03,19,2002,18,10.607
03.19.2002-21:00:00,03,19,2002,21,10.595
03.20.2002-00:00:00,03,20,2002,00,10.583
03.20.2002-03:00:00,03,20,2002,03,10.57
03.20.2002-06:00:00,03,20,2002,06,10.558
03.20.2002-09:00:00,03,20,2002,09,10.546
03.20.2002-12:00:00,03,20,2002,12,10.534
03.20.2002-15:00:00,03,20,2002,15,10.522
03.20.2002-18:00:00,03,20,2002,18,10.51
03.20.2002-21:00:00,03,20,2002,21,10.498
03.21.2002-00:00:00,03,21,2002,00,10.486
03.21.2002-03:00:00,03,21,2002,03,10.474
03.21.2002-06:00:00,03,21,2002,06,10.462
03.21.2002-09:00:00,03,21,2002,09,10.45
03.21.2002-12:00:00,03,21,2002,12,10.438
03.21.2002-15:00:00,03,21,2002,15,10.426
03.21.2002-18:00:00,03,21,2002,18,10.415
03.21.2002-21:00:00,03,21,2002,21,10.403
03.22.2002-00:00:00,03,22,2002,00,10.391
03.22.2002-03:00:00,03,22,2002,03,10.379
03.22.2002-06:00:00,03,22,2002,06,10.368
03.22.2002-09:00:00,03,22,2002,09,10.356
03.22.2002-12:00:00,03,22,2002,12,10.344
03.22.2002-15:00:00,03,22,2002,15,10.332
03.22.2002-18:00:00,03,22,2002,18,10.321
03.22.2002-21:00:00,03,22,2002,21,10.309
03.23.2002-00:00:00,03,23,2002,00,10.297
03.23.2002-03:00:00,03,23,2002,03,10.286
03.23.2002-06:00:00,03,23,2002,06,10.274
03.23.2002-09:00:00,03,23,2002,09,10.263
03.23.2002-12:00:00,03,23,2002,12,10.251
03.23.2002-15:00:00,03,23,2002,15,10.239
03.23.2002-18:00:00,03,23,2002,18,10.228
03.23.2002-21:00:00,03,23,2002,21,10.216
03.24.2002-00:00:00,03,24,2002,00,10.205
03.24.2002-03:00:00,03,24,2002,03,10.193
03.24.2002-06:00:00,03,24,2002,06,10.182
03.24.2002-09:00:00,03,24,2002,09,10.171
03.24.2002-12:00:00,03,24,2002,12,10.159
03.24.2002-15:00:00,03,24,2002,15,10.148
03.24.2002-18:00:00,03,24,2002,18,10.136
03.24.2002-21:00:00,03,24,2002,21,10.125
03.25.2002-00:00:00,03,25,2002,00,10.114
03.25.2002-03:00:00,03,25,2002,03,10.102
03.25.2002-06:00:00,03,25,2002,06,10.091
03.25.2002-09:00:00,03,25,2002,09,10.08
03.25.2002-12:00:00,03,25,2002,12,10.069
03.25.2002-15:00:00,03,25,2002,15,10.057
03.25.2002-18:00:00,03,25,2002,18,10.046
03.25.2002-21:00:00,03,25,2002,21,10.035
03.26.2002-00:00:00,03,26,2002,00,10.024
03.26.2002-03:00:00,03,26,2002,03,10.013
03.26.2002-06:00:00,03,26,2002,06,10.002
03.26.2002-09:00:00,03,26,2002,09,9.9904
03.26.2002-12:00:00,03,26,2002,12,9.9794
03.26.2002-15:00:00,03,26,2002,15,9.9684
03.26.2002-18:00:00,03,26,2002,18,9.9573
03.26.2002-21:00:00,03,26,2002,21,9.9463
03.27.2002-00:00:00,03,27,2002,00,9.9353
03.27.2002-03:00:00,03,27,2002,03,9.9243
03.27.2002-06:00:00,03,27,2002,06,9.9133
03.27.2002-09:00:00,03,27,2002,09,9.9023
03.27.2002-12:00:00,03,27,2002,12,9.8914
03.27.2002-15:00:00,03,27,2002,15,9.8805
03.27.2002-18:00:00,03,27,2002,18,9.8696
03.27.2002-21:00:00,03,27,2002,21,9.8587
03.28.2002-00:00:00,03,28,2002,00,9.8479
03.28.2002-03:00:00,03,28,2002,03,9.8371
03.28.2002-06:00:00,03,28,2002,06,9.8262
03.28.2002-09:00:00,03,28,2002,09,9.8154
03.28.2002-12:00:00,03,28,2002,12,9.8046
03.28.2002-15:00:00,03,28,2002,15,9.7939
03.28.2002-18:00:00,03,28,2002,18,9.7831
03.28.2002-21:00:00,03,28,2002,21,9.7724
03.29.2002-00:00:00,03,29,2002,00,9.7617
03.29.2002-03:00:00,03,29,2002,03,9.751
03.29.2002-06:00:00,03,29,2002,06,9.7403
03.29.2002-09:00:00,03,29,2002,09,9.7296
03.29.2002-12:00:00,03,29,2002,12,9.719
03.29.2002-15:00:00,03,29,2002,15,9.7084
03.29.2002-18:00:00,03,29,2002,18,9.6978
03.29.2002-21:00:00,03,29,2002,21,9.6872
03.30.2002-00:00:00,03,30,2002,00,9.6766
03.30.2002-03:00:00,03,30,2002,03,9.666
03.30.2002-06:00:00,03,30,2002,06,9.6555
03.30.2002-09:00:00,03,30,2002,09,9.645
03.30.2002-12:00:00,03,30,2002,12,9.6345
03.30.2002-15:00:00,03,30,2002,15,9.624
03.30.2002-18:00:00,03,30,2002,18,9.6136
03.30.2002-21:00:00,03,30,2002,21,9.6031
03.31.2002-00:00:00,03,31,2002,00,9.5927
03.31.2002-03:00:00,03,31,2002,03,9.5823
03.31.2002-06:00:00,03,31,2002,06,9.5719
03.31.2002-09:00:00,03,31,2002,09,9.5615
03.31.2002-12:00:00,03,31,2002,12,9.5512
03.31.2002-15:00:00,03,31,2002,15,9.5423
03.31.2002-18:00:00,03,31,2002,18,9.5455
03.31.2002-21:00:00,03,31,2002,21,9.5624
04.01.2002-00:00:00,04,01,2002,00,9.5839
04.01.2002-03:00:00,04,01,2002,03,9.6004
04.01.2002-06:00:00,04,01,2002,06,9.6112
04.01.2002-09:00:00,04,01,2002,09,9.6162
04.01.2002-12:00:00,04,01,2002,12,9.6207
04.01.2002-15:00:00,04,01,2002,15,9.6316
04.01.2002-18:00:00,04,01,2002,18,9.6503
04.01.2002-21:00:00,04,01,2002,21,9.6714
04.02.2002-00:00:00,04,02,2002,00,9.6888
04.02.2002-03:00:00,04,02,2002,03,9.7011
04.02.2002-06:00:00,04,02,2002,06,9.7088
04.02.2002-09:00:00,04,02,2002,09,9.703
04.02.2002-12:00:00,04,02,2002,12,9.6913
04.02.2002-15:00:00,04,02,2002,15,9.6862
04.02.2002-18:00:00,04,02,2002,18,9.6857
04.02.2002-21:00:00,04,02,2002,21,9.6876
04.03.2002-00:00:00,04,03,2002,00,9.6899
04.03.2002-03:00:00,04,03,2002,03,9.691
04.03.2002-06:00:00,04,03,2002,06,9.6825
04.03.2002-09:00:00,04,03,2002,09,9.6687
04.03.2002-12:00:00,04,03,2002,12,9.6554
04.03.2002-15:00:00,04,03,2002,15,9.6481
04.03.2002-18:00:00,04,03,2002,18,9.6469
04.03.2002-21:00:00,04,03,2002,21,9.6515
04.04.2002-00:00:00,04,04,2002,00,9.6582
04.04.2002-03:00:00,04,04,2002,03,9.6645
04.04.2002-06:00:00,04,04,2002,06,9.6692
04.04.2002-09:00:00,04,04,2002,09,9.6574
04.04.2002-12:00:00,04,04,2002,12,9.6495
04.04.2002-15:00:00,04,04,2002,15,9.664
04.04.2002-18:00:00,04,04,2002,18,9.7033
04.04.2002-21:00:00,04,04,2002,21,9.7469
04.05.2002-00:00:00,04,05,2002,00,9.7823
04.05.2002-03:00:00,04,05,2002,03,9.807
04.05.2002-06:00:00,04,05,2002,06,9.8226
04.05.2002-09:00:00,04,05,2002,09,9.8195
04.05.2002-12:00:00,04,05,2002,12,9.8209
04.05.2002-15:00:00,04,05,2002,15,9.8522
04.05.2002-18:00:00,04,05,2002,18,9.9117
04.05.2002-21:00:00,04,05,2002,21,9.9743
04.06.2002-00:00:00,04,06,2002,00,10.027
04.06.2002-03:00:00,04,06,2002,03,10.066
04.06.2002-06:00:00,04,06,2002,06,10.092
04.06.2002-09:00:00,04,06,2002,09,10.105
04.06.2002-12:00:00,04,06,2002,12,10.122
04.06.2002-15:00:00,04,06,2002,15,10.17
04.06.2002-18:00:00,04,06,2002,18,10.239
04.06.2002-21:00:00,04,06,2002,21,10.309
04.07.2002-00:00:00,04,07,2002,00,10.367
04.07.2002-03:00:00,04,07,2002,03,10.412
04.07.2002-06:00:00,04,07,2002,06,10.443
04.07.2002-09:00:00,04,07,2002,09,10.461
04.07.2002-12:00:00,04,07,2002,12,10.482
04.07.2002-15:00:00,04,07,2002,15,10.524
04.07.2002-18:00:00,04,07,2002,18,10.586
04.07.2002-21:00:00,04,07,2002,21,10.649
04.08.2002-00:00:00,04,08,2002,00,10.701
04.08.2002-03:00:00,04,08,2002,03,10.74
04.08.2002-06:00:00,04,08,2002,06,10.768
04.08.2002-09:00:00,04,08,2002,09,10.759
04.08.2002-12:00:00,04,08,2002,12,10.757
04.08.2002-15:00:00,04,08,2002,15,10.781
04.08.2002-18:00:00,04,08,2002,18,10.836
04.08.2002-21:00:00,04,08,2002,21,10.901
04.09.2002-00:00:00,04,09,2002,00,10.961
04.09.2002-03:00:00,04,09,2002,03,11.009
04.09.2002-06:00:00,04,09,2002,06,11.044
04.09.2002-09:00:00,04,09,2002,09,11.068
04.09.2002-12:00:00,04,09,2002,12,11.091
04.09.2002-15:00:00,04,09,2002,15,11.127
04.09.2002-18:00:00,04,09,2002,18,11.184
04.09.2002-21:00:00,04,09,2002,21,11.247
04.10.2002-00:00:00,04,10,2002,00,11.302
04.10.2002-03:00:00,04,10,2002,03,11.346
04.10.2002-06:00:00,04,10,2002,06,11.38
04.10.2002-09:00:00,04,10,2002,09,11.38
04.10.2002-12:00:00,04,10,2002,12,11.37
04.10.2002-15:00:00,04,10,2002,15,11.381
04.10.2002-18:00:00,04,10,2002,18,11.418
04.10.2002-21:00:00,04,10,2002,21,11.483
04.11.2002-00:00:00,04,11,2002,00,11.558
04.11.2002-03:00:00,04,11,2002,03,11.628
04.11.2002-06:00:00,04,11,2002,06,11.686
04.11.2002-09:00:00,04,11,2002,09,11.729
04.11.2002-12:00:00,04,11,2002,12,11.81
04.11.2002-15:00:00,04,11,2002,15,11.953
04.11.2002-18:00:00,04,11,2002,18,12.139
04.11.2002-21:00:00,04,11,2002,21,12.304
04.12.2002-00:00:00,04,12,2002,00,12.434
04.12.2002-03:00:00,04,12,2002,03,12.529
04.12.2002-06:00:00,04,12,2002,06,12.595
04.12.2002-09:00:00,04,12,2002,09,12.631
04.12.2002-12:00:00,04,12,2002,12,12.713
04.12.2002-15:00:00,04,12,2002,15,12.883
04.12.2002-18:00:00,04,12,2002,18,13.112
04.12.2002-21:00:00,04,12,2002,21,13.324
04.13.2002-00:00:00,04,13,2002,00,13.504
04.13.2002-03:00:00,04,13,2002,03,13.64
04.13.2002-06:00:00,04,13,2002,06,13.735
04.13.2002-09:00:00,04,13,2002,09,13.797
04.13.2002-12:00:00,04,13,2002,12,13.923
04.13.2002-15:00:00,04,13,2002,15,14.191
04.13.2002-18:00:00,04,13,2002,18,14.55
04.13.2002-21:00:00,04,13,2002,21,14.912
04.14.2002-00:00:00,04,14,2002,00,15.192
04.14.2002-03:00:00,04,14,2002,03,15.384
04.14.2002-06:00:00,04,14,2002,06,15.505
04.14.2002-09:00:00,04,14,2002,09,15.606
04.14.2002-12:00:00,04,14,2002,12,15.939
04.14.2002-15:00:00,04,14,2002,15,16.602
04.14.2002-18:00:00,04,14,2002,18,17.304
04.14.2002-21:00:00,04,14,2002,21,17.874
04.15.2002-00:00:00,04,15,2002,00,18.242
04.15.2002-03:00:00,04,15,2002,03,18.348
04.15.2002-06:00:00,04,15,2002,06,18.36
04.15.2002-09:00:00,04,15,2002,09,18.364
04.15.2002-12:00:00,04,15,2002,12,18.377
04.15.2002-15:00:00,04,15,2002,15,18.426
04.15.2002-18:00:00,04,15,2002,18,18.508
04.15.2002-21:00:00,04,15,2002,21,18.612
04.16.2002-00:00:00,04,16,2002,00,18.719
04.16.2002-03:00:00,04,16,2002,03,18.815
04.16.2002-06:00:00,04,16,2002,06,18.898
04.16.2002-09:00:00,04,16,2002,09,18.921
04.16.2002-12:00:00,04,16,2002,12,18.939
04.16.2002-15:00:00,04,16,2002,15,18.989
04.16.2002-18:00:00,04,16,2002,18,19.067
04.16.2002-21:00:00,04,16,2002,21,19.171
04.17.2002-00:00:00,04,17,2002,00,19.281
04.17.2002-03:00:00,04,17,2002,03,19.38
04.17.2002-06:00:00,04,17,2002,06,19.461
04.17.2002-09:00:00,04,17,2002,09,19.461
04.17.2002-12:00:00,04,17,2002,12,19.457
04.17.2002-15:00:00,04,17,2002,15,19.492
04.17.2002-18:00:00,04,17,2002,18,19.568
04.17.2002-21:00:00,04,17,2002,21,19.67
04.18.2002-00:00:00,04,18,2002,00,19.779
04.18.2002-03:00:00,04,18,2002,03,19.883
04.18.2002-06:00:00,04,18,2002,06,19.975
04.18.2002-09:00:00,04,18,2002,09,19.98
04.18.2002-12:00:00,04,18,2002,12,19.971
04.18.2002-15:00:00,04,18,2002,15,19.981
04.18.2002-18:00:00,04,18,2002,18,20.053
04.18.2002-21:00:00,04,18,2002,21,20.154
04.19.2002-00:00:00,04,19,2002,00,20.264
04.19.2002-03:00:00,04,19,2002,03,20.37
04.19.2002-06:00:00,04,19,2002,06,20.46
04.19.2002-09:00:00,04,19,2002,09,20.459
04.19.2002-12:00:00,04,19,2002,12,20.489
04.19.2002-15:00:00,04,19,2002,15,20.703
04.19.2002-18:00:00,04,19,2002,18,21.075
04.19.2002-21:00:00,04,19,2002,21,21.465
04.20.2002-00:00:00,04,20,2002,00,21.808
04.20.2002-03:00:00,04,20,2002,03,22.078
04.20.2002-06:00:00,04,20,2002,06,22.277
04.20.2002-09:00:00,04,20,2002,09,22.401
04.20.2002-12:00:00,04,20,2002,12,22.744
04.20.2002-15:00:00,04,20,2002,15,23.436
04.20.2002-18:00:00,04,20,2002,18,24.234
04.20.2002-21:00:00,04,20,2002,21,24.901
04.21.2002-00:00:00,04,21,2002,00,25.404
04.21.2002-03:00:00,04,21,2002,03,25.858
04.21.2002-06:00:00,04,21,2002,06,26.138
04.21.2002-09:00:00,04,21,2002,09,26.4
04.21.2002-12:00:00,04,21,2002,12,26.962
04.21.2002-15:00:00,04,21,2002,15,27.686
04.21.2002-18:00:00,04,21,2002,18,28.463
04.21.2002-21:00:00,04,21,2002,21,29.347
04.22.2002-00:00:00,04,22,2002,00,29.853
04.22.2002-03:00:00,04,22,2002,03,30.231
04.22.2002-06:00:00,04,22,2002,06,30.554
04.22.2002-09:00:00,04,22,2002,09,30.849
04.22.2002-12:00:00,04,22,2002,12,31.904
04.22.2002-15:00:00,04,22,2002,15,32.699
04.22.2002-18:00:00,04,22,2002,18,33.423
04.22.2002-21:00:00,04,22,2002,21,33.97
04.23.2002-00:00:00,04,23,2002,00,34.188
04.23.2002-03:00:00,04,23,2002,03,34.338
04.23.2002-06:00:00,04,23,2002,06,34.376
04.23.2002-09:00:00,04,23,2002,09,34.309
04.23.2002-12:00:00,04,23,2002,12,34.239
04.23.2002-15:00:00,04,23,2002,15,34.282
04.23.2002-18:00:00,04,23,2002,18,34.354
04.23.2002-21:00:00,04,23,2002,21,34.409
04.24.2002-00:00:00,04,24,2002,00,34.424
04.24.2002-03:00:00,04,24,2002,03,34.441
04.24.2002-06:00:00,04,24,2002,06,34.461
04.24.2002-09:00:00,04,24,2002,09,34.382
04.24.2002-12:00:00,04,24,2002,12,34.287
04.24.2002-15:00:00,04,24,2002,15,34.273
04.24.2002-18:00:00,04,24,2002,18,34.303
04.24.2002-21:00:00,04,24,2002,21,34.337
04.25.2002-00:00:00,04,25,2002,00,34.373
04.25.2002-03:00:00,04,25,2002,03,34.411
04.25.2002-06:00:00,04,25,2002,06,34.399
04.25.2002-09:00:00,04,25,2002,09,34.257
04.25.2002-12:00:00,04,25,2002,12,34.174
04.25.2002-15:00:00,04,25,2002,15,34.42
04.25.2002-18:00:00,04,25,2002,18,34.825
04.25.2002-21:00:00,04,25,2002,21,35.12
04.26.2002-00:00:00,04,26,2002,00,35.195
04.26.2002-03:00:00,04,26,2002,03,35.228
04.26.2002-06:00:00,04,26,2002,06,35.221
04.26.2002-09:00:00,04,26,2002,09,35.092
04.26.2002-12:00:00,04,26,2002,12,35.257
04.26.2002-15:00:00,04,26,2002,15,35.983
04.26.2002-18:00:00,04,26,2002,18,36.663
04.26.2002-21:00:00,04,26,2002,21,37.082
04.27.2002-00:00:00,04,27,2002,00,37.417
04.27.2002-03:00:00,04,27,2002,03,37.669
04.27.2002-06:00:00,04,27,2002,06,37.88
04.27.2002-09:00:00,04,27,2002,09,38.296
04.27.2002-12:00:00,04,27,2002,12,39.511
04.27.2002-15:00:00,04,27,2002,15,40.513
04.27.2002-18:00:00,04,27,2002,18,42.155
04.27.2002-21:00:00,04,27,2002,21,49.065
04.28.2002-00:00:00,04,28,2002,00,45.052
04.28.2002-03:00:00,04,28,2002,03,43.762
04.28.2002-06:00:00,04,28,2002,06,43.253
04.28.2002-09:00:00,04,28,2002,09,54.264
04.28.2002-12:00:00,04,28,2002,12,68.973
04.28.2002-15:00:00,04,28,2002,15,66.258
04.28.2002-18:00:00,04,28,2002,18,58.899
04.28.2002-21:00:00,04,28,2002,21,53.418
04.29.2002-00:00:00,04,29,2002,00,50.135
04.29.2002-03:00:00,04,29,2002,03,48.371
04.29.2002-06:00:00,04,29,2002,06,47.787
04.29.2002-09:00:00,04,29,2002,09,65.381
04.29.2002-12:00:00,04,29,2002,12,79.571
04.29.2002-15:00:00,04,29,2002,15,94.041
04.29.2002-18:00:00,04,29,2002,18,91.494
04.29.2002-21:00:00,04,29,2002,21,72.257
04.30.2002-00:00:00,04,30,2002,00,85.263
04.30.2002-03:00:00,04,30,2002,03,62.556
04.30.2002-06:00:00,04,30,2002,06,72.207
04.30.2002-09:00:00,04,30,2002,09,124.21
04.30.2002-12:00:00,04,30,2002,12,151.84
04.30.2002-15:00:00,04,30,2002,15,138
04.30.2002-18:00:00,04,30,2002,18,118.37
04.30.2002-21:00:00,04,30,2002,21,103.64
05.01.2002-00:00:00,05,01,2002,00,81.389
05.01.2002-03:00:00,05,01,2002,03,63.938
05.01.2002-06:00:00,05,01,2002,06,62.079
05.01.2002-09:00:00,05,01,2002,09,106.09
05.01.2002-12:00:00,05,01,2002,12,227.16
05.01.2002-15:00:00,05,01,2002,15,166.98
05.01.2002-18:00:00,05,01,2002,18,149.22
05.01.2002-21:00:00,05,01,2002,21,95.172
05.02.2002-00:00:00,05,02,2002,00,119.17
05.02.2002-03:00:00,05,02,2002,03,74.43
05.02.2002-06:00:00,05,02,2002,06,81.958
05.02.2002-09:00:00,05,02,2002,09,132.47
05.02.2002-12:00:00,05,02,2002,12,247.74
05.02.2002-15:00:00,05,02,2002,15,129.87
05.02.2002-18:00:00,05,02,2002,18,171.31
05.02.2002-21:00:00,05,02,2002,21,98.218
05.03.2002-00:00:00,05,03,2002,00,101
05.03.2002-03:00:00,05,03,2002,03,71.667
05.03.2002-06:00:00,05,03,2002,06,69.951
05.03.2002-09:00:00,05,03,2002,09,82.979
05.03.2002-12:00:00,05,03,2002,12,134.25
05.03.2002-15:00:00,05,03,2002,15,147.45
05.03.2002-18:00:00,05,03,2002,18,93.538
05.03.2002-21:00:00,05,03,2002,21,76.944
05.04.2002-00:00:00,05,04,2002,00,74.412
05.04.2002-03:00:00,05,04,2002,03,74.623
05.04.2002-06:00:00,05,04,2002,06,74.283
05.04.2002-09:00:00,05,04,2002,09,71.702
05.04.2002-12:00:00,05,04,2002,12,91.364
05.04.2002-15:00:00,05,04,2002,15,101
05.04.2002-18:00:00,05,04,2002,18,84.199
05.04.2002-21:00:00,05,04,2002,21,81.363
05.05.2002-00:00:00,05,05,2002,00,78.22
05.05.2002-03:00:00,05,05,2002,03,86.734
05.05.2002-06:00:00,05,05,2002,06,85.685
05.05.2002-09:00:00,05,05,2002,09,89.647
05.05.2002-12:00:00,05,05,2002,12,129.12
05.05.2002-15:00:00,05,05,2002,15,107.66
05.05.2002-18:00:00,05,05,2002,18,108.19
05.05.2002-21:00:00,05,05,2002,21,103.38
05.06.2002-00:00:00,05,06,2002,00,92.557
05.06.2002-03:00:00,05,06,2002,03,92.546
05.06.2002-06:00:00,05,06,2002,06,92.861
05.06.2002-09:00:00,05,06,2002,09,87.059
05.06.2002-12:00:00,05,06,2002,12,87.729
05.06.2002-15:00:00,05,06,2002,15,106.87
05.06.2002-18:00:00,05,06,2002,18,103.43
05.06.2002-21:00:00,05,06,2002,21,94.67
05.07.2002-00:00:00,05,07,2002,00,94.727
05.07.2002-03:00:00,05,07,2002,03,94.889
05.07.2002-06:00:00,05,07,2002,06,101.77
05.07.2002-09:00:00,05,07,2002,09,98.672
05.07.2002-12:00:00,05,07,2002,12,129.44
05.07.2002-15:00:00,05,07,2002,15,132.51
05.07.2002-18:00:00,05,07,2002,18,119.03
05.07.2002-21:00:00,05,07,2002,21,114.84
05.08.2002-00:00:00,05,08,2002,00,111.01
05.08.2002-03:00:00,05,08,2002,03,111.2
05.08.2002-06:00:00,05,08,2002,06,110.81
05.08.2002-09:00:00,05,08,2002,09,99.402
05.08.2002-12:00:00,05,08,2002,12,133.52
05.08.2002-15:00:00,05,08,2002,15,139.59
05.08.2002-18:00:00,05,08,2002,18,134.86
05.08.2002-21:00:00,05,08,2002,21,132.84
05.09.2002-00:00:00,05,09,2002,00,129.82
05.09.2002-03:00:00,05,09,2002,03,129.84
05.09.2002-06:00:00,05,09,2002,06,124.41
05.09.2002-09:00:00,05,09,2002,09,108.09
05.09.2002-12:00:00,05,09,2002,12,109.6
05.09.2002-15:00:00,05,09,2002,15,142.36
05.09.2002-18:00:00,05,09,2002,18,147.04
05.09.2002-21:00:00,05,09,2002,21,129.65
05.10.2002-00:00:00,05,10,2002,00,134.01
05.10.2002-03:00:00,05,10,2002,03,135.04
05.10.2002-06:00:00,05,10,2002,06,124.83
05.10.2002-09:00:00,05,10,2002,09,104.4
05.10.2002-12:00:00,05,10,2002,12,141.58
05.10.2002-15:00:00,05,10,2002,15,170.33
05.10.2002-18:00:00,05,10,2002,18,157.11
05.10.2002-21:00:00,05,10,2002,21,148.21
05.11.2002-00:00:00,05,11,2002,00,141.18
05.11.2002-03:00:00,05,11,2002,03,136.38
05.11.2002-06:00:00,05,11,2002,06,123.73
05.11.2002-09:00:00,05,11,2002,09,158.91
05.11.2002-12:00:00,05,11,2002,12,227.73
05.11.2002-15:00:00,05,11,2002,15,271.04
05.11.2002-18:00:00,05,11,2002,18,174.86
05.11.2002-21:00:00,05,11,2002,21,168.94
05.12.2002-00:00:00,05,12,2002,00,150.34
05.12.2002-03:00:00,05,12,2002,03,155.88
05.12.2002-06:00:00,05,12,2002,06,147.88
05.12.2002-09:00:00,05,12,2002,09,328.76
05.12.2002-12:00:00,05,12,2002,12,474.57
05.12.2002-15:00:00,05,12,2002,15,291.07
05.12.2002-18:00:00,05,12,2002,18,216.04
05.12.2002-21:00:00,05,12,2002,21,192.27
05.13.2002-00:00:00,05,13,2002,00,192.67
05.13.2002-03:00:00,05,13,2002,03,176.75
05.13.2002-06:00:00,05,13,2002,06,162.35
05.13.2002-09:00:00,05,13,2002,09,380.6
05.13.2002-12:00:00,05,13,2002,12,496.08
05.13.2002-15:00:00,05,13,2002,15,319.56
05.13.2002-18:00:00,05,13,2002,18,236.95
05.13.2002-21:00:00,05,13,2002,21,213.17
05.14.2002-00:00:00,05,14,2002,00,214.71
05.14.2002-03:00:00,05,14,2002,03,198.39
05.14.2002-06:00:00,05,14,2002,06,192.75
05.14.2002-09:00:00,05,14,2002,09,347.08
05.14.2002-12:00:00,05,14,2002,12,393.35
05.14.2002-15:00:00,05,14,2002,15,294.6
05.14.2002-18:00:00,05,14,2002,18,224.11
05.14.2002-21:00:00,05,14,2002,21,230.47
05.15.2002-00:00:00,05,15,2002,00,210.22
05.15.2002-03:00:00,05,15,2002,03,208.59
05.15.2002-06:00:00,05,15,2002,06,195.39
05.15.2002-09:00:00,05,15,2002,09,267.96
05.15.2002-12:00:00,05,15,2002,12,452.05
05.15.2002-15:00:00,05,15,2002,15,325.24
05.15.2002-18:00:00,05,15,2002,18,237.47
05.15.2002-21:00:00,05,15,2002,21,236.68
05.16.2002-00:00:00,05,16,2002,00,226.7
05.16.2002-03:00:00,05,16,2002,03,226.52
05.16.2002-06:00:00,05,16,2002,06,210.9
05.16.2002-09:00:00,05,16,2002,09,268.61
05.16.2002-12:00:00,05,16,2002,12,463.71
05.16.2002-15:00:00,05,16,2002,15,361.45
05.16.2002-18:00:00,05,16,2002,18,274.35
05.16.2002-21:00:00,05,16,2002,21,276.47
05.17.2002-00:00:00,05,17,2002,00,271.78
05.17.2002-03:00:00,05,17,2002,03,266.61
05.17.2002-06:00:00,05,17,2002,06,269.26
05.17.2002-09:00:00,05,17,2002,09,526.04
05.17.2002-12:00:00,05,17,2002,12,578.75
05.17.2002-15:00:00,05,17,2002,15,429.98
05.17.2002-18:00:00,05,17,2002,18,353.56
05.17.2002-21:00:00,05,17,2002,21,325.14
05.18.2002-00:00:00,05,18,2002,00,325.75
05.18.2002-03:00:00,05,18,2002,03,311.78
05.18.2002-06:00:00,05,18,2002,06,304.55
05.18.2002-09:00:00,05,18,2002,09,565.4
05.18.2002-12:00:00,05,18,2002,12,659.42
05.18.2002-15:00:00,05,18,2002,15,476.2
05.18.2002-18:00:00,05,18,2002,18,387.37
05.18.2002-21:00:00,05,18,2002,21,378.76
05.19.2002-00:00:00,05,19,2002,00,383.91
05.19.2002-03:00:00,05,19,2002,03,369.2
05.19.2002-06:00:00,05,19,2002,06,392.59
05.19.2002-09:00:00,05,19,2002,09,737.78
05.19.2002-12:00:00,05,19,2002,12,775.91
05.19.2002-15:00:00,05,19,2002,15,653.19
05.19.2002-18:00:00,05,19,2002,18,522.69
05.19.2002-21:00:00,05,19,2002,21,494.17
05.20.2002-00:00:00,05,20,2002,00,626.35
05.20.2002-03:00:00,05,20,2002,03,658.93
05.20.2002-06:00:00,05,20,2002,06,872.45
05.20.2002-09:00:00,05,20,2002,09,1143.5
05.20.2002-12:00:00,05,20,2002,12,1245
05.20.2002-15:00:00,05,20,2002,15,1126.7
05.20.2002-18:00:00,05,20,2002,18,998.01
05.20.2002-21:00:00,05,20,2002,21,988.93
05.21.2002-00:00:00,05,21,2002,00,1013.2
05.21.2002-03:00:00,05,21,2002,03,992.17
05.21.2002-06:00:00,05,21,2002,06,1116
05.21.2002-09:00:00,05,21,2002,09,1357.7
05.21.2002-12:00:00,05,21,2002,12,1474.1
05.21.2002-15:00:00,05,21,2002,15,1437.6
05.21.2002-18:00:00,05,21,2002,18,1303.4
05.21.2002-21:00:00,05,21,2002,21,1280.9
05.22.2002-00:00:00,05,22,2002,00,1150.5
05.22.2002-03:00:00,05,22,2002,03,1133.7
05.22.2002-06:00:00,05,22,2002,06,1205.8
05.22.2002-09:00:00,05,22,2002,09,1314.9
05.22.2002-12:00:00,05,22,2002,12,1357
05.22.2002-15:00:00,05,22,2002,15,1307.7
05.22.2002-18:00:00,05,22,2002,18,1257.4
05.22.2002-21:00:00,05,22,2002,21,1246.6
05.23.2002-00:00:00,05,23,2002,00,1101.7
05.23.2002-03:00:00,05,23,2002,03,1064.7
05.23.2002-06:00:00,05,23,2002,06,1263.8
05.23.2002-09:00:00,05,23,2002,09,2115.9
05.23.2002-12:00:00,05,23,2002,12,2346.8
05.23.2002-15:00:00,05,23,2002,15,1866.4
05.23.2002-18:00:00,05,23,2002,18,1430.7
05.23.2002-21:00:00,05,23,2002,21,1405.2
05.24.2002-00:00:00,05,24,2002,00,1402.7
05.24.2002-03:00:00,05,24,2002,03,1411.6
05.24.2002-06:00:00,05,24,2002,06,1327.1
05.24.2002-09:00:00,05,24,2002,09,1946.6
05.24.2002-12:00:00,05,24,2002,12,2766.8
05.24.2002-15:00:00,05,24,2002,15,2074
05.24.2002-18:00:00,05,24,2002,18,1597.5
05.24.2002-21:00:00,05,24,2002,21,1572.7
05.25.2002-00:00:00,05,25,2002,00,1578.7
05.25.2002-03:00:00,05,25,2002,03,1552.4
05.25.2002-06:00:00,05,25,2002,06,1586.7
05.25.2002-09:00:00,05,25,2002,09,2871.2
05.25.2002-12:00:00,05,25,2002,12,3146.4
05.25.2002-15:00:00,05,25,2002,15,2571
05.25.2002-18:00:00,05,25,2002,18,2026.9
05.25.2002-21:00:00,05,25,2002,21,1885.4
05.26.2002-00:00:00,05,26,2002,00,1856.9
05.26.2002-03:00:00,05,26,2002,03,1827
05.26.2002-06:00:00,05,26,2002,06,1819.9
05.26.2002-09:00:00,05,26,2002,09,3178.2
05.26.2002-12:00:00,05,26,2002,12,3609
05.26.2002-15:00:00,05,26,2002,15,2935.2
05.26.2002-18:00:00,05,26,2002,18,2294.1
05.26.2002-21:00:00,05,26,2002,21,2213.6
05.27.2002-00:00:00,05,27,2002,00,2169.5
05.27.2002-03:00:00,05,27,2002,03,2125.9
05.27.2002-06:00:00,05,27,2002,06,2231.9
05.27.2002-09:00:00,05,27,2002,09,3747.2
05.27.2002-12:00:00,05,27,2002,12,4359.4
05.27.2002-15:00:00,05,27,2002,15,3773.4
05.27.2002-18:00:00,05,27,2002,18,3153.7
05.27.2002-21:00:00,05,27,2002,21,2889.8
05.28.2002-00:00:00,05,28,2002,00,2896.2
05.28.2002-03:00:00,05,28,2002,03,2862.7
05.28.2002-06:00:00,05,28,2002,06,3657.7
05.28.2002-09:00:00,05,28,2002,09,4778.9
05.28.2002-12:00:00,05,28,2002,12,5266.3
05.28.2002-15:00:00,05,28,2002,15,4898.9
05.28.2002-18:00:00,05,28,2002,18,4372.1
05.28.2002-21:00:00,05,28,2002,21,4083.3
05.29.2002-00:00:00,05,29,2002,00,3816.8
05.29.2002-03:00:00,05,29,2002,03,3581.7
05.29.2002-06:00:00,05,29,2002,06,4128.3
05.29.2002-09:00:00,05,29,2002,09,5240.7
05.29.2002-12:00:00,05,29,2002,12,5861.9
05.29.2002-15:00:00,05,29,2002,15,5418.1
05.29.2002-18:00:00,05,29,2002,18,4825.8
05.29.2002-21:00:00,05,29,2002,21,4410.6
05.30.2002-00:00:00,05,30,2002,00,4306.7
05.30.2002-03:00:00,05,30,2002,03,4054.4
05.30.2002-06:00:00,05,30,2002,06,4165.9
05.30.2002-09:00:00,05,30,2002,09,5571.8
05.30.2002-12:00:00,05,30,2002,12,6322.5
05.30.2002-15:00:00,05,30,2002,15,5894.4
05.30.2002-18:00:00,05,30,2002,18,5303.8
05.30.2002-21:00:00,05,30,2002,21,4838.1
05.31.2002-00:00:00,05,31,2002,00,4767.6
05.31.2002-03:00:00,05,31,2002,03,4611
05.31.2002-06:00:00,05,31,2002,06,4681.6
05.31.2002-09:00:00,05,31,2002,09,5817.7
05.31.2002-12:00:00,05,31,2002,12,6467
05.31.2002-15:00:00,05,31,2002,15,6140.4
05.31.2002-18:00:00,05,31,2002,18,5751.1
05.31.2002-21:00:00,05,31,2002,21,5227.1
06.01.2002-00:00:00,06,01,2002,00,5163.6
06.01.2002-03:00:00,06,01,2002,03,4895.8
06.01.2002-06:00:00,06,01,2002,06,5122.7
06.01.2002-09:00:00,06,01,2002,09,6450.8
06.01.2002-12:00:00,06,01,2002,12,7297.8
06.01.2002-15:00:00,06,01,2002,15,6941.7
06.01.2002-18:00:00,06,01,2002,18,6339.4
06.01.2002-21:00:00,06,01,2002,21,5911.4
06.02.2002-00:00:00,06,02,2002,00,5780.6
06.02.2002-03:00:00,06,02,2002,03,5452.6
06.02.2002-06:00:00,06,02,2002,06,6113.5
06.02.2002-09:00:00,06,02,2002,09,7204.4
06.02.2002-12:00:00,06,02,2002,12,8029.2
06.02.2002-15:00:00,06,02,2002,15,7736.7
06.02.2002-18:00:00,06,02,2002,18,7179.5
06.02.2002-21:00:00,06,02,2002,21,6722
06.03.2002-00:00:00,06,03,2002,00,6335.7
06.03.2002-03:00:00,06,03,2002,03,6299.4
06.03.2002-06:00:00,06,03,2002,06,6272.2
06.03.2002-09:00:00,06,03,2002,09,7582
06.03.2002-12:00:00,06,03,2002,12,8347.2
06.03.2002-15:00:00,06,03,2002,15,8198
06.03.2002-18:00:00,06,03,2002,18,7343.2
06.03.2002-21:00:00,06,03,2002,21,6933.9
06.04.2002-00:00:00,06,04,2002,00,6668.8
06.04.2002-03:00:00,06,04,2002,03,6781.8
06.04.2002-06:00:00,06,04,2002,06,7091.3
06.04.2002-09:00:00,06,04,2002,09,8325.8
06.04.2002-12:00:00,06,04,2002,12,9132.6
06.04.2002-15:00:00,06,04,2002,15,9114.9
06.04.2002-18:00:00,06,04,2002,18,8452.2
06.04.2002-21:00:00,06,04,2002,21,8186.5
06.05.2002-00:00:00,06,05,2002,00,7614.8
06.05.2002-03:00:00,06,05,2002,03,7403.3
06.05.2002-06:00:00,06,05,2002,06,7883.2
06.05.2002-09:00:00,06,05,2002,09,8886.8
06.05.2002-12:00:00,06,05,2002,12,9792
06.05.2002-15:00:00,06,05,2002,15,9543.4
06.05.2002-18:00:00,06,05,2002,18,8953.6
06.05.2002-21:00:00,06,05,2002,21,8336.1
06.06.2002-00:00:00,06,06,2002,00,7900.2
06.06.2002-03:00:00,06,06,2002,03,7630.8
06.06.2002-06:00:00,06,06,2002,06,7625.2
06.06.2002-09:00:00,06,06,2002,09,8168.7
06.06.2002-12:00:00,06,06,2002,12,8490
06.06.2002-15:00:00,06,06,2002,15,8340.6
06.06.2002-18:00:00,06,06,2002,18,7831.9
06.06.2002-21:00:00,06,06,2002,21,7277.8
06.07.2002-00:00:00,06,07,2002,00,7042.3
06.07.2002-03:00:00,06,07,2002,03,6727
06.07.2002-06:00:00,06,07,2002,06,6443.6
06.07.2002-09:00:00,06,07,2002,09,6714.7
06.07.2002-12:00:00,06,07,2002,12,7392.2
06.07.2002-15:00:00,06,07,2002,15,7065.5
06.07.2002-18:00:00,06,07,2002,18,6578.4
06.07.2002-21:00:00,06,07,2002,21,6276.2
06.08.2002-00:00:00,06,08,2002,00,6011.6
06.08.2002-03:00:00,06,08,2002,03,5979.4
06.08.2002-06:00:00,06,08,2002,06,5713.9
06.08.2002-09:00:00,06,08,2002,09,5506.8
06.08.2002-12:00:00,06,08,2002,12,5486.4
06.08.2002-15:00:00,06,08,2002,15,5752.5
06.08.2002-18:00:00,06,08,2002,18,5425.6
06.08.2002-21:00:00,06,08,2002,21,5295.7
06.09.2002-00:00:00,06,09,2002,00,5109.1
06.09.2002-03:00:00,06,09,2002,03,5084.2
06.09.2002-06:00:00,06,09,2002,06,4990.6
06.09.2002-09:00:00,06,09,2002,09,6643.3
06.09.2002-12:00:00,06,09,2002,12,7458.3
06.09.2002-15:00:00,06,09,2002,15,7338
06.09.2002-18:00:00,06,09,2002,18,6646.4
06.09.2002-21:00:00,06,09,2002,21,6456
06.10.2002-00:00:00,06,10,2002,00,6010.7
06.10.2002-03:00:00,06,10,2002,03,5958.8
06.10.2002-06:00:00,06,10,2002,06,6281.8
06.10.2002-09:00:00,06,10,2002,09,7733.7
06.10.2002-12:00:00,06,10,2002,12,8561.8
06.10.2002-15:00:00,06,10,2002,15,8445.1
06.10.2002-18:00:00,06,10,2002,18,7728.7
06.10.2002-21:00:00,06,10,2002,21,7168.3
06.11.2002-00:00:00,06,11,2002,00,6786.1
06.11.2002-03:00:00,06,11,2002,03,6605.8
06.11.2002-06:00:00,06,11,2002,06,6751.7
06.11.2002-09:00:00,06,11,2002,09,8193.6
06.11.2002-12:00:00,06,11,2002,12,8826.3
06.11.2002-15:00:00,06,11,2002,15,8731.2
06.11.2002-18:00:00,06,11,2002,18,8015.8
06.11.2002-21:00:00,06,11,2002,21,7440.4
06.12.2002-00:00:00,06,12,2002,00,6986.6
06.12.2002-03:00:00,06,12,2002,03,6806.4
06.12.2002-06:00:00,06,12,2002,06,7085.1
06.12.2002-09:00:00,06,12,2002,09,8462.9
06.12.2002-12:00:00,06,12,2002,12,9310.5
06.12.2002-15:00:00,06,12,2002,15,9329.7
06.12.2002-18:00:00,06,12,2002,18,8602.8
06.12.2002-21:00:00,06,12,2002,21,7796.4
06.13.2002-00:00:00,06,13,2002,00,7463.6
06.13.2002-03:00:00,06,13,2002,03,7176.3
06.13.2002-06:00:00,06,13,2002,06,7411.3
06.13.2002-09:00:00,06,13,2002,09,8399.4
06.13.2002-12:00:00,06,13,2002,12,9250.7
06.13.2002-15:00:00,06,13,2002,15,9015.9
06.13.2002-18:00:00,06,13,2002,18,8304.4
06.13.2002-21:00:00,06,13,2002,21,7773.9
06.14.2002-00:00:00,06,14,2002,00,7466.3
06.14.2002-03:00:00,06,14,2002,03,7355.5
06.14.2002-06:00:00,06,14,2002,06,7435.4
06.14.2002-09:00:00,06,14,2002,09,8268.2
06.14.2002-12:00:00,06,14,2002,12,8596
06.14.2002-15:00:00,06,14,2002,15,8858
06.14.2002-18:00:00,06,14,2002,18,8157.6
06.14.2002-21:00:00,06,14,2002,21,8014.8
06.15.2002-00:00:00,06,15,2002,00,7676.1
06.15.2002-03:00:00,06,15,2002,03,7689.8
06.15.2002-06:00:00,06,15,2002,06,7664.5
06.15.2002-09:00:00,06,15,2002,09,8246.2
06.15.2002-12:00:00,06,15,2002,12,8223.8
06.15.2002-15:00:00,06,15,2002,15,8225
06.15.2002-18:00:00,06,15,2002,18,7756.5
06.15.2002-21:00:00,06,15,2002,21,7862.1
06.16.2002-00:00:00,06,16,2002,00,7435.3
06.16.2002-03:00:00,06,16,2002,03,7536.3
06.16.2002-06:00:00,06,16,2002,06,6992.3
06.16.2002-09:00:00,06,16,2002,09,7045
06.16.2002-12:00:00,06,16,2002,12,6904.8
06.16.2002-15:00:00,06,16,2002,15,6861.6
06.16.2002-18:00:00,06,16,2002,18,6863.6
06.16.2002-21:00:00,06,16,2002,21,6915.7
06.17.2002-00:00:00,06,17,2002,00,6729.4
06.17.2002-03:00:00,06,17,2002,03,6672.7
06.17.2002-06:00:00,06,17,2002,06,6395.5
06.17.2002-09:00:00,06,17,2002,09,6312.8
06.17.2002-12:00:00,06,17,2002,12,6177.6
06.17.2002-15:00:00,06,17,2002,15,6244.1
06.17.2002-18:00:00,06,17,2002,18,6187.9
06.17.2002-21:00:00,06,17,2002,21,6214.1
06.18.2002-00:00:00,06,18,2002,00,6067.2
06.18.2002-03:00:00,06,18,2002,03,6032.2
06.18.2002-06:00:00,06,18,2002,06,5708.2
06.18.2002-09:00:00,06,18,2002,09,5660.5
06.18.2002-12:00:00,06,18,2002,12,5380.4
06.18.2002-15:00:00,06,18,2002,15,5535.3
06.18.2002-18:00:00,06,18,2002,18,5352.5
06.18.2002-21:00:00,06,18,2002,21,5567.1
06.19.2002-00:00:00,06,19,2002,00,5293.5
06.19.2002-03:00:00,06,19,2002,03,5404.2
06.19.2002-06:00:00,06,19,2002,06,4975.2
06.19.2002-09:00:00,06,19,2002,09,4876.2
06.19.2002-12:00:00,06,19,2002,12,4545.2
06.19.2002-15:00:00,06,19,2002,15,4840.1
06.19.2002-18:00:00,06,19,2002,18,4692.9
06.19.2002-21:00:00,06,19,2002,21,4913
06.20.2002-00:00:00,06,20,2002,00,4770.7
06.20.2002-03:00:00,06,20,2002,03,4879.1
06.20.2002-06:00:00,06,20,2002,06,4555.8
06.20.2002-09:00:00,06,20,2002,09,4374.2
06.20.2002-12:00:00,06,20,2002,12,4211.5
06.20.2002-15:00:00,06,20,2002,15,4349.4
06.20.2002-18:00:00,06,20,2002,18,4305.6
06.20.2002-21:00:00,06,20,2002,21,4440.9
06.21.2002-00:00:00,06,21,2002,00,4282.5
06.21.2002-03:00:00,06,21,2002,03,4339
06.21.2002-06:00:00,06,21,2002,06,4089.2
06.21.2002-09:00:00,06,21,2002,09,3904.6
06.21.2002-12:00:00,06,21,2002,12,3757.1
06.21.2002-15:00:00,06,21,2002,15,3943.3
06.21.2002-18:00:00,06,21,2002,18,3857.2
06.21.2002-21:00:00,06,21,2002,21,4011.9
06.22.2002-00:00:00,06,22,2002,00,3886.9
06.22.2002-03:00:00,06,22,2002,03,3961.3
06.22.2002-06:00:00,06,22,2002,06,3722.7
06.22.2002-09:00:00,06,22,2002,09,3586.7
06.22.2002-12:00:00,06,22,2002,12,3428.7
06.22.2002-15:00:00,06,22,2002,15,3641.3
06.22.2002-18:00:00,06,22,2002,18,3514.2
06.22.2002-21:00:00,06,22,2002,21,3644.7
06.23.2002-00:00:00,06,23,2002,00,3497
06.23.2002-03:00:00,06,23,2002,03,3514.3
06.23.2002-06:00:00,06,23,2002,06,3335.6
06.23.2002-09:00:00,06,23,2002,09,3187.2
06.23.2002-12:00:00,06,23,2002,12,3057.6
06.23.2002-15:00:00,06,23,2002,15,3294.1
06.23.2002-18:00:00,06,23,2002,18,3182.3
06.23.2002-21:00:00,06,23,2002,21,3286.4
06.24.2002-00:00:00,06,24,2002,00,3264.2
06.24.2002-03:00:00,06,24,2002,03,3195
06.24.2002-06:00:00,06,24,2002,06,3022.8
06.24.2002-09:00:00,06,24,2002,09,2834.2
06.24.2002-12:00:00,06,24,2002,12,2740.5
06.24.2002-15:00:00,06,24,2002,15,2924.1
06.24.2002-18:00:00,06,24,2002,18,2904.1
06.24.2002-21:00:00,06,24,2002,21,3011.5
06.25.2002-00:00:00,06,25,2002,00,2942.8
06.25.2002-03:00:00,06,25,2002,03,2917.4
06.25.2002-06:00:00,06,25,2002,06,2771.3
06.25.2002-09:00:00,06,25,2002,09,2558.9
06.25.2002-12:00:00,06,25,2002,12,2481.5
06.25.2002-15:00:00,06,25,2002,15,2662.6
06.25.2002-18:00:00,06,25,2002,18,2741.7
06.25.2002-21:00:00,06,25,2002,21,2751.7
06.26.2002-00:00:00,06,26,2002,00,2733.2
06.26.2002-03:00:00,06,26,2002,03,2702
06.26.2002-06:00:00,06,26,2002,06,2534.3
06.26.2002-09:00:00,06,26,2002,09,2381
06.26.2002-12:00:00,06,26,2002,12,2423.4
06.26.2002-15:00:00,06,26,2002,15,2492.2
06.26.2002-18:00:00,06,26,2002,18,2581.8
06.26.2002-21:00:00,06,26,2002,21,2588.1
06.27.2002-00:00:00,06,27,2002,00,2582.1
06.27.2002-03:00:00,06,27,2002,03,2505.7
06.27.2002-06:00:00,06,27,2002,06,2339.3
06.27.2002-09:00:00,06,27,2002,09,2149.1
06.27.2002-12:00:00,06,27,2002,12,2135.4
06.27.2002-15:00:00,06,27,2002,15,2299.9
06.27.2002-18:00:00,06,27,2002,18,2351.7
06.27.2002-21:00:00,06,27,2002,21,2415.6
06.28.2002-00:00:00,06,28,2002,00,2429.5
06.28.2002-03:00:00,06,28,2002,03,2392.4
06.28.2002-06:00:00,06,28,2002,06,2377.2
06.28.2002-09:00:00,06,28,2002,09,2304.7
06.28.2002-12:00:00,06,28,2002,12,2202
06.28.2002-15:00:00,06,28,2002,15,2299.2
06.28.2002-18:00:00,06,28,2002,18,2328.2
06.28.2002-21:00:00,06,28,2002,21,2413.5
06.29.2002-00:00:00,06,29,2002,00,2511.4
06.29.2002-03:00:00,06,29,2002,03,2486.7
06.29.2002-06:00:00,06,29,2002,06,2464.4
06.29.2002-09:00:00,06,29,2002,09,2451
06.29.2002-12:00:00,06,29,2002,12,2355.9
06.29.2002-15:00:00,06,29,2002,15,2347.1
06.29.2002-18:00:00,06,29,2002,18,2467
06.29.2002-21:00:00,06,29,2002,21,2496.2
06.30.2002-00:00:00,06,30,2002,00,2368.8
06.30.2002-03:00:00,06,30,2002,03,2322.3
06.30.2002-06:00:00,06,30,2002,06,2271
06.30.2002-09:00:00,06,30,2002,09,2154.7
06.30.2002-12:00:00,06,30,2002,12,2068.4
06.30.2002-15:00:00,06,30,2002,15,2137.4
06.30.2002-18:00:00,06,30,2002,18,2176.1
06.30.2002-21:00:00,06,30,2002,21,2218.3
07.01.2002-00:00:00,07,01,2002,00,2205.8
07.01.2002-03:00:00,07,01,2002,03,2180.3
07.01.2002-06:00:00,07,01,2002,06,2061.6
07.01.2002-09:00:00,07,01,2002,09,1917.8
07.01.2002-12:00:00,07,01,2002,12,1871.3
07.01.2002-15:00:00,07,01,2002,15,2003
07.01.2002-18:00:00,07,01,2002,18,2052.7
07.01.2002-21:00:00,07,01,2002,21,2071.6
07.02.2002-00:00:00,07,02,2002,00,2096.4
07.02.2002-03:00:00,07,02,2002,03,2054
07.02.2002-06:00:00,07,02,2002,06,1942.7
07.02.2002-09:00:00,07,02,2002,09,1765.3
07.02.2002-12:00:00,07,02,2002,12,1747.9
07.02.2002-15:00:00,07,02,2002,15,1854.3
07.02.2002-18:00:00,07,02,2002,18,1922.4
07.02.2002-21:00:00,07,02,2002,21,1972.2
07.03.2002-00:00:00,07,03,2002,00,1968.8
07.03.2002-03:00:00,07,03,2002,03,1909.8
07.03.2002-06:00:00,07,03,2002,06,1837.4
07.03.2002-09:00:00,07,03,2002,09,1662.4
07.03.2002-12:00:00,07,03,2002,12,1648.6
07.03.2002-15:00:00,07,03,2002,15,1744.7
07.03.2002-18:00:00,07,03,2002,18,1823.4
07.03.2002-21:00:00,07,03,2002,21,1854.3
07.04.2002-00:00:00,07,04,2002,00,1864.6
07.04.2002-03:00:00,07,04,2002,03,1851.4
07.04.2002-06:00:00,07,04,2002,06,1749.7
07.04.2002-09:00:00,07,04,2002,09,1593.9
07.04.2002-12:00:00,07,04,2002,12,1595.8
07.04.2002-15:00:00,07,04,2002,15,1692.8
07.04.2002-18:00:00,07,04,2002,18,1740.1
07.04.2002-21:00:00,07,04,2002,21,1768.8
07.05.2002-00:00:00,07,05,2002,00,1797.7
07.05.2002-03:00:00,07,05,2002,03,1771.1
07.05.2002-06:00:00,07,05,2002,06,1640.2
07.05.2002-09:00:00,07,05,2002,09,1474.3
07.05.2002-12:00:00,07,05,2002,12,1441.8
07.05.2002-15:00:00,07,05,2002,15,1574
07.05.2002-18:00:00,07,05,2002,18,1666.2
07.05.2002-21:00:00,07,05,2002,21,1674.1
07.06.2002-00:00:00,07,06,2002,00,1693.2
07.06.2002-03:00:00,07,06,2002,03,1672.7
07.06.2002-06:00:00,07,06,2002,06,1537.3
07.06.2002-09:00:00,07,06,2002,09,1353.6
07.06.2002-12:00:00,07,06,2002,12,1337.8
07.06.2002-15:00:00,07,06,2002,15,1480.4
07.06.2002-18:00:00,07,06,2002,18,1556.4
07.06.2002-21:00:00,07,06,2002,21,1592.4
07.07.2002-00:00:00,07,07,2002,00,1612.2
07.07.2002-03:00:00,07,07,2002,03,1582.3
07.07.2002-06:00:00,07,07,2002,06,1465.5
07.07.2002-09:00:00,07,07,2002,09,1279.3
07.07.2002-12:00:00,07,07,2002,12,1270
07.07.2002-15:00:00,07,07,2002,15,1411.1
07.07.2002-18:00:00,07,07,2002,18,1483.2
07.07.2002-21:00:00,07,07,2002,21,1518.7
07.08.2002-00:00:00,07,08,2002,00,2085.7
07.08.2002-03:00:00,07,08,2002,03,2248.3
07.08.2002-06:00:00,07,08,2002,06,2254.3
07.08.2002-09:00:00,07,08,2002,09,2135.7
07.08.2002-12:00:00,07,08,2002,12,2128
07.08.2002-15:00:00,07,08,2002,15,2214.1
07.08.2002-18:00:00,07,08,2002,18,2395.6
07.08.2002-21:00:00,07,08,2002,21,2484.2
07.09.2002-00:00:00,07,09,2002,00,1813.3
07.09.2002-03:00:00,07,09,2002,03,1700.9
07.09.2002-06:00:00,07,09,2002,06,1567.1
07.09.2002-09:00:00,07,09,2002,09,1344.7
07.09.2002-12:00:00,07,09,2002,12,1272.5
07.09.2002-15:00:00,07,09,2002,15,1406.8
07.09.2002-18:00:00,07,09,2002,18,1466
07.09.2002-21:00:00,07,09,2002,21,1495.1
07.10.2002-00:00:00,07,10,2002,00,1506.6
07.10.2002-03:00:00,07,10,2002,03,1481.8
07.10.2002-06:00:00,07,10,2002,06,1336.2
07.10.2002-09:00:00,07,10,2002,09,1172
07.10.2002-12:00:00,07,10,2002,12,1191
07.10.2002-15:00:00,07,10,2002,15,1301.2
07.10.2002-18:00:00,07,10,2002,18,1375.3
07.10.2002-21:00:00,07,10,2002,21,1404.5
07.11.2002-00:00:00,07,11,2002,00,1417.2
07.11.2002-03:00:00,07,11,2002,03,1374.5
07.11.2002-06:00:00,07,11,2002,06,1234.9
07.11.2002-09:00:00,07,11,2002,09,1129.1
07.11.2002-12:00:00,07,11,2002,12,1354.7
07.11.2002-15:00:00,07,11,2002,15,1256.6
07.11.2002-18:00:00,07,11,2002,18,1307.2
07.11.2002-21:00:00,07,11,2002,21,1338.7
07.12.2002-00:00:00,07,12,2002,00,1345.7
07.12.2002-03:00:00,07,12,2002,03,1307.1
07.12.2002-06:00:00,07,12,2002,06,1159.8
07.12.2002-09:00:00,07,12,2002,09,1056.2
07.12.2002-12:00:00,07,12,2002,12,1236.4
07.12.2002-15:00:00,07,12,2002,15,1176.9
07.12.2002-18:00:00,07,12,2002,18,1236.8
07.12.2002-21:00:00,07,12,2002,21,1272.2
07.13.2002-00:00:00,07,13,2002,00,1280.9
07.13.2002-03:00:00,07,13,2002,03,1230.4
07.13.2002-06:00:00,07,13,2002,06,1124.2
07.13.2002-09:00:00,07,13,2002,09,1013.4
07.13.2002-12:00:00,07,13,2002,12,1045.9
07.13.2002-15:00:00,07,13,2002,15,1100.9
07.13.2002-18:00:00,07,13,2002,18,1164.4
07.13.2002-21:00:00,07,13,2002,21,1207.6
07.14.2002-00:00:00,07,14,2002,00,1214.6
07.14.2002-03:00:00,07,14,2002,03,1159.6
07.14.2002-06:00:00,07,14,2002,06,1045.7
07.14.2002-09:00:00,07,14,2002,09,918.05
07.14.2002-12:00:00,07,14,2002,12,909.97
07.14.2002-15:00:00,07,14,2002,15,1001.7
07.14.2002-18:00:00,07,14,2002,18,1089.3
07.14.2002-21:00:00,07,14,2002,21,1133.9
07.15.2002-00:00:00,07,15,2002,00,1158.6
07.15.2002-03:00:00,07,15,2002,03,1120.6
07.15.2002-06:00:00,07,15,2002,06,996.71
07.15.2002-09:00:00,07,15,2002,09,872.33
07.15.2002-12:00:00,07,15,2002,12,863.68
07.15.2002-15:00:00,07,15,2002,15,963.84
07.15.2002-18:00:00,07,15,2002,18,1045.2
07.15.2002-21:00:00,07,15,2002,21,1091.6
07.16.2002-00:00:00,07,16,2002,00,1108.6
07.16.2002-03:00:00,07,16,2002,03,1071
07.16.2002-06:00:00,07,16,2002,06,954.24
07.16.2002-09:00:00,07,16,2002,09,839.6
07.16.2002-12:00:00,07,16,2002,12,829.25
07.16.2002-15:00:00,07,16,2002,15,921.88
07.16.2002-18:00:00,07,16,2002,18,999.56
07.16.2002-21:00:00,07,16,2002,21,1042.4
07.17.2002-00:00:00,07,17,2002,00,1059.2
07.17.2002-03:00:00,07,17,2002,03,1019
07.17.2002-06:00:00,07,17,2002,06,915.99
07.17.2002-09:00:00,07,17,2002,09,811.86
07.17.2002-12:00:00,07,17,2002,12,797.36
07.17.2002-15:00:00,07,17,2002,15,886.49
07.17.2002-18:00:00,07,17,2002,18,950.43
07.17.2002-21:00:00,07,17,2002,21,997.45
07.18.2002-00:00:00,07,18,2002,00,1009.1
07.18.2002-03:00:00,07,18,2002,03,971.32
07.18.2002-06:00:00,07,18,2002,06,877.36
07.18.2002-09:00:00,07,18,2002,09,770.8
07.18.2002-12:00:00,07,18,2002,12,766.23
07.18.2002-15:00:00,07,18,2002,15,837.23
07.18.2002-18:00:00,07,18,2002,18,906.27
07.18.2002-21:00:00,07,18,2002,21,955.26
07.19.2002-00:00:00,07,19,2002,00,966.33
07.19.2002-03:00:00,07,19,2002,03,935.83
07.19.2002-06:00:00,07,19,2002,06,852.26
07.19.2002-09:00:00,07,19,2002,09,758.56
07.19.2002-12:00:00,07,19,2002,12,742.39
07.19.2002-15:00:00,07,19,2002,15,815.4
07.19.2002-18:00:00,07,19,2002,18,878.92
07.19.2002-21:00:00,07,19,2002,21,923.9
07.20.2002-00:00:00,07,20,2002,00,935.66
07.20.2002-03:00:00,07,20,2002,03,905.21
07.20.2002-06:00:00,07,20,2002,06,812.51
07.20.2002-09:00:00,07,20,2002,09,713.93
07.20.2002-12:00:00,07,20,2002,12,706.9
07.20.2002-15:00:00,07,20,2002,15,775.08
07.20.2002-18:00:00,07,20,2002,18,840.08
07.20.2002-21:00:00,07,20,2002,21,882.52
07.21.2002-00:00:00,07,21,2002,00,898.4
07.21.2002-03:00:00,07,21,2002,03,870.07
07.21.2002-06:00:00,07,21,2002,06,778.33
07.21.2002-09:00:00,07,21,2002,09,684.16
07.21.2002-12:00:00,07,21,2002,12,679.64
07.21.2002-15:00:00,07,21,2002,15,743.95
07.21.2002-18:00:00,07,21,2002,18,803.48
07.21.2002-21:00:00,07,21,2002,21,844.63
07.22.2002-00:00:00,07,22,2002,00,860.78
07.22.2002-03:00:00,07,22,2002,03,839.23
07.22.2002-06:00:00,07,22,2002,06,748.91
07.22.2002-09:00:00,07,22,2002,09,660.51
07.22.2002-12:00:00,07,22,2002,12,661.67
07.22.2002-15:00:00,07,22,2002,15,718.13
07.22.2002-18:00:00,07,22,2002,18,776.48
07.22.2002-21:00:00,07,22,2002,21,808.91
07.23.2002-00:00:00,07,23,2002,00,826.94
07.23.2002-03:00:00,07,23,2002,03,807.19
07.23.2002-06:00:00,07,23,2002,06,719.09
07.23.2002-09:00:00,07,23,2002,09,641.17
07.23.2002-12:00:00,07,23,2002,12,657.41
07.23.2002-15:00:00,07,23,2002,15,698.7
07.23.2002-18:00:00,07,23,2002,18,749.9
07.23.2002-21:00:00,07,23,2002,21,779.47
07.24.2002-00:00:00,07,24,2002,00,792.62
07.24.2002-03:00:00,07,24,2002,03,767.38
07.24.2002-06:00:00,07,24,2002,06,687.81
07.24.2002-09:00:00,07,24,2002,09,616.78
07.24.2002-12:00:00,07,24,2002,12,626.44
07.24.2002-15:00:00,07,24,2002,15,671.5
07.24.2002-18:00:00,07,24,2002,18,720.77
07.24.2002-21:00:00,07,24,2002,21,747.79
07.25.2002-00:00:00,07,25,2002,00,754.36
07.25.2002-03:00:00,07,25,2002,03,731.25
07.25.2002-06:00:00,07,25,2002,06,683.5
07.25.2002-09:00:00,07,25,2002,09,623.54
07.25.2002-12:00:00,07,25,2002,12,621.3
07.25.2002-15:00:00,07,25,2002,15,665.6
07.25.2002-18:00:00,07,25,2002,18,698.07
07.25.2002-21:00:00,07,25,2002,21,727.6
07.26.2002-00:00:00,07,26,2002,00,734.86
07.26.2002-03:00:00,07,26,2002,03,709.26
07.26.2002-06:00:00,07,26,2002,06,652.96
07.26.2002-09:00:00,07,26,2002,09,586.26
07.26.2002-12:00:00,07,26,2002,12,583.04
07.26.2002-15:00:00,07,26,2002,15,632.56
07.26.2002-18:00:00,07,26,2002,18,672
07.26.2002-21:00:00,07,26,2002,21,701.62
07.27.2002-00:00:00,07,27,2002,00,709.3
07.27.2002-03:00:00,07,27,2002,03,689.81
07.27.2002-06:00:00,07,27,2002,06,644.21
07.27.2002-09:00:00,07,27,2002,09,580.85
07.27.2002-12:00:00,07,27,2002,12,578.21
07.27.2002-15:00:00,07,27,2002,15,623.16
07.27.2002-18:00:00,07,27,2002,18,658.41
07.27.2002-21:00:00,07,27,2002,21,683.75
07.28.2002-00:00:00,07,28,2002,00,684.85
07.28.2002-03:00:00,07,28,2002,03,668.93
07.28.2002-06:00:00,07,28,2002,06,646.05
07.28.2002-09:00:00,07,28,2002,09,619.68
07.28.2002-12:00:00,07,28,2002,12,616.59
07.28.2002-15:00:00,07,28,2002,15,634.52
07.28.2002-18:00:00,07,28,2002,18,650.98
07.28.2002-21:00:00,07,28,2002,21,669.67
07.29.2002-00:00:00,07,29,2002,00,669.94
07.29.2002-03:00:00,07,29,2002,03,653.03
07.29.2002-06:00:00,07,29,2002,06,633.93
07.29.2002-09:00:00,07,29,2002,09,613.11
07.29.2002-12:00:00,07,29,2002,12,610.04
07.29.2002-15:00:00,07,29,2002,15,623.5
07.29.2002-18:00:00,07,29,2002,18,636.65
07.29.2002-21:00:00,07,29,2002,21,654.58
07.30.2002-00:00:00,07,30,2002,00,657.76
07.30.2002-03:00:00,07,30,2002,03,635.12
07.30.2002-06:00:00,07,30,2002,06,599.28
07.30.2002-09:00:00,07,30,2002,09,549.39
07.30.2002-12:00:00,07,30,2002,12,545.36
07.30.2002-15:00:00,07,30,2002,15,578.79
07.30.2002-18:00:00,07,30,2002,18,605.86
07.30.2002-21:00:00,07,30,2002,21,631.96
07.31.2002-00:00:00,07,31,2002,00,636.61
07.31.2002-03:00:00,07,31,2002,03,621.79
07.31.2002-06:00:00,07,31,2002,06,572.56
07.31.2002-09:00:00,07,31,2002,09,512.88
07.31.2002-12:00:00,07,31,2002,12,509.86
07.31.2002-15:00:00,07,31,2002,15,553.27
07.31.2002-18:00:00,07,31,2002,18,584.98
07.31.2002-21:00:00,07,31,2002,21,607.86
08.01.2002-00:00:00,08,01,2002,00,612.64
08.01.2002-03:00:00,08,01,2002,03,606.41
08.01.2002-06:00:00,08,01,2002,06,567.03
08.01.2002-09:00:00,08,01,2002,09,496.17
08.01.2002-12:00:00,08,01,2002,12,495.17
08.01.2002-15:00:00,08,01,2002,15,544.85
08.01.2002-18:00:00,08,01,2002,18,566.92
08.01.2002-21:00:00,08,01,2002,21,588.2
08.02.2002-00:00:00,08,02,2002,00,591.09
08.02.2002-03:00:00,08,02,2002,03,577.81
08.02.2002-06:00:00,08,02,2002,06,543.56
08.02.2002-09:00:00,08,02,2002,09,479.13
08.02.2002-12:00:00,08,02,2002,12,478.49
08.02.2002-15:00:00,08,02,2002,15,526.71
08.02.2002-18:00:00,08,02,2002,18,546.03
08.02.2002-21:00:00,08,02,2002,21,566.93
08.03.2002-00:00:00,08,03,2002,00,572.62
08.03.2002-03:00:00,08,03,2002,03,566.83
08.03.2002-06:00:00,08,03,2002,06,534.85
08.03.2002-09:00:00,08,03,2002,09,471.1
08.03.2002-12:00:00,08,03,2002,12,471.13
08.03.2002-15:00:00,08,03,2002,15,516.91
08.03.2002-18:00:00,08,03,2002,18,535.49
08.03.2002-21:00:00,08,03,2002,21,550.67
08.04.2002-00:00:00,08,04,2002,00,551.78
08.04.2002-03:00:00,08,04,2002,03,540.78
08.04.2002-06:00:00,08,04,2002,06,511.41
08.04.2002-09:00:00,08,04,2002,09,456.53
08.04.2002-12:00:00,08,04,2002,12,455.55
08.04.2002-15:00:00,08,04,2002,15,498.69
08.04.2002-18:00:00,08,04,2002,18,516.91
08.04.2002-21:00:00,08,04,2002,21,535.59
08.05.2002-00:00:00,08,05,2002,00,536.79
08.05.2002-03:00:00,08,05,2002,03,532.01
08.05.2002-06:00:00,08,05,2002,06,505.87
08.05.2002-09:00:00,08,05,2002,09,448.3
08.05.2002-12:00:00,08,05,2002,12,446.71
08.05.2002-15:00:00,08,05,2002,15,489.61
08.05.2002-18:00:00,08,05,2002,18,507.38
08.05.2002-21:00:00,08,05,2002,21,521.28
08.06.2002-00:00:00,08,06,2002,00,521.49
08.06.2002-03:00:00,08,06,2002,03,512.8
08.06.2002-06:00:00,08,06,2002,06,490.62
08.06.2002-09:00:00,08,06,2002,09,467.5
08.06.2002-12:00:00,08,06,2002,12,448.63
08.06.2002-15:00:00,08,06,2002,15,478.41
08.06.2002-18:00:00,08,06,2002,18,494.65
08.06.2002-21:00:00,08,06,2002,21,509.56
08.07.2002-00:00:00,08,07,2002,00,507.89
08.07.2002-03:00:00,08,07,2002,03,501.37
08.07.2002-06:00:00,08,07,2002,06,475.71
08.07.2002-09:00:00,08,07,2002,09,435.62
08.07.2002-12:00:00,08,07,2002,12,417.26
08.07.2002-15:00:00,08,07,2002,15,456.14
08.07.2002-18:00:00,08,07,2002,18,477.4
08.07.2002-21:00:00,08,07,2002,21,492.14
08.08.2002-00:00:00,08,08,2002,00,491.92
08.08.2002-03:00:00,08,08,2002,03,483.04
08.08.2002-06:00:00,08,08,2002,06,449.35
08.08.2002-09:00:00,08,08,2002,09,389.26
08.08.2002-12:00:00,08,08,2002,12,389.94
08.08.2002-15:00:00,08,08,2002,15,433.38
08.08.2002-18:00:00,08,08,2002,18,451.96
08.08.2002-21:00:00,08,08,2002,21,473.75
08.09.2002-00:00:00,08,09,2002,00,473.35
08.09.2002-03:00:00,08,09,2002,03,461.72
08.09.2002-06:00:00,08,09,2002,06,428.82
08.09.2002-09:00:00,08,09,2002,09,376.49
08.09.2002-12:00:00,08,09,2002,12,376.99
08.09.2002-15:00:00,08,09,2002,15,415.74
08.09.2002-18:00:00,08,09,2002,18,432.49
08.09.2002-21:00:00,08,09,2002,21,453.35
08.10.2002-00:00:00,08,10,2002,00,455.87
08.10.2002-03:00:00,08,10,2002,03,442.94
08.10.2002-06:00:00,08,10,2002,06,412.46
08.10.2002-09:00:00,08,10,2002,09,364.73
08.10.2002-12:00:00,08,10,2002,12,364.5
08.10.2002-15:00:00,08,10,2002,15,401.08
08.10.2002-18:00:00,08,10,2002,18,415
08.10.2002-21:00:00,08,10,2002,21,435.89
08.11.2002-00:00:00,08,11,2002,00,441.79
08.11.2002-03:00:00,08,11,2002,03,432.27
08.11.2002-06:00:00,08,11,2002,06,399.13
08.11.2002-09:00:00,08,11,2002,09,345.79
08.11.2002-12:00:00,08,11,2002,12,346.67
08.11.2002-15:00:00,08,11,2002,15,387.64
08.11.2002-18:00:00,08,11,2002,18,400.99
08.11.2002-21:00:00,08,11,2002,21,421.35
08.12.2002-00:00:00,08,12,2002,00,425.78
08.12.2002-03:00:00,08,12,2002,03,418.06
08.12.2002-06:00:00,08,12,2002,06,382.38
08.12.2002-09:00:00,08,12,2002,09,327.98
08.12.2002-12:00:00,08,12,2002,12,331.01
08.12.2002-15:00:00,08,12,2002,15,373.67
08.12.2002-18:00:00,08,12,2002,18,387.03
08.12.2002-21:00:00,08,12,2002,21,405.31
08.13.2002-00:00:00,08,13,2002,00,409.15
08.13.2002-03:00:00,08,13,2002,03,402.95
08.13.2002-06:00:00,08,13,2002,06,365.46
08.13.2002-09:00:00,08,13,2002,09,318.76
08.13.2002-12:00:00,08,13,2002,12,348.97
08.13.2002-15:00:00,08,13,2002,15,363.45
08.13.2002-18:00:00,08,13,2002,18,376.37
08.13.2002-21:00:00,08,13,2002,21,397.43
08.14.2002-00:00:00,08,14,2002,00,396.26
08.14.2002-03:00:00,08,14,2002,03,382.11
08.14.2002-06:00:00,08,14,2002,06,354.45
08.14.2002-09:00:00,08,14,2002,09,315.15
08.14.2002-12:00:00,08,14,2002,12,316
08.14.2002-15:00:00,08,14,2002,15,348.63
08.14.2002-18:00:00,08,14,2002,18,360.98
08.14.2002-21:00:00,08,14,2002,21,376.96
08.15.2002-00:00:00,08,15,2002,00,378.31
08.15.2002-03:00:00,08,15,2002,03,372.3
08.15.2002-06:00:00,08,15,2002,06,344.52
08.15.2002-09:00:00,08,15,2002,09,295.29
08.15.2002-12:00:00,08,15,2002,12,296.77
08.15.2002-15:00:00,08,15,2002,15,335.5
08.15.2002-18:00:00,08,15,2002,18,349.27
08.15.2002-21:00:00,08,15,2002,21,365.97
08.16.2002-00:00:00,08,16,2002,00,366.62
08.16.2002-03:00:00,08,16,2002,03,359.22
08.16.2002-06:00:00,08,16,2002,06,332.99
08.16.2002-09:00:00,08,16,2002,09,284.73
08.16.2002-12:00:00,08,16,2002,12,285.31
08.16.2002-15:00:00,08,16,2002,15,321.75
08.16.2002-18:00:00,08,16,2002,18,338.59
08.16.2002-21:00:00,08,16,2002,21,352.87
08.17.2002-00:00:00,08,17,2002,00,357.02
08.17.2002-03:00:00,08,17,2002,03,353.82
08.17.2002-06:00:00,08,17,2002,06,330.53
08.17.2002-09:00:00,08,17,2002,09,279.52
08.17.2002-12:00:00,08,17,2002,12,279.57
08.17.2002-15:00:00,08,17,2002,15,315.13
08.17.2002-18:00:00,08,17,2002,18,331.32
08.17.2002-21:00:00,08,17,2002,21,345.27
08.18.2002-00:00:00,08,18,2002,00,346.23
08.18.2002-03:00:00,08,18,2002,03,341.19
08.18.2002-06:00:00,08,18,2002,06,317.17
08.18.2002-09:00:00,08,18,2002,09,270.86
08.18.2002-12:00:00,08,18,2002,12,271.13
08.18.2002-15:00:00,08,18,2002,15,303.2
08.18.2002-18:00:00,08,18,2002,18,319.3
08.18.2002-21:00:00,08,18,2002,21,331.69
08.19.2002-00:00:00,08,19,2002,00,334.63
08.19.2002-03:00:00,08,19,2002,03,327.23
08.19.2002-06:00:00,08,19,2002,06,307.91
08.19.2002-09:00:00,08,19,2002,09,275.46
08.19.2002-12:00:00,08,19,2002,12,274.1
08.19.2002-15:00:00,08,19,2002,15,298.18
08.19.2002-18:00:00,08,19,2002,18,309.59
08.19.2002-21:00:00,08,19,2002,21,324.23
08.20.2002-00:00:00,08,20,2002,00,324.42
08.20.2002-03:00:00,08,20,2002,03,316.85
08.20.2002-06:00:00,08,20,2002,06,296.53
08.20.2002-09:00:00,08,20,2002,09,261.65
08.20.2002-12:00:00,08,20,2002,12,260.83
08.20.2002-15:00:00,08,20,2002,15,286.34
08.20.2002-18:00:00,08,20,2002,18,298.11
08.20.2002-21:00:00,08,20,2002,21,310.56
08.21.2002-00:00:00,08,21,2002,00,314.43
08.21.2002-03:00:00,08,21,2002,03,307.09
08.21.2002-06:00:00,08,21,2002,06,285.39
08.21.2002-09:00:00,08,21,2002,09,250.69
08.21.2002-12:00:00,08,21,2002,12,250.29
08.21.2002-15:00:00,08,21,2002,15,274.03
08.21.2002-18:00:00,08,21,2002,18,287.82
08.21.2002-21:00:00,08,21,2002,21,296.81
08.22.2002-00:00:00,08,22,2002,00,304.28
08.22.2002-03:00:00,08,22,2002,03,297.96
08.22.2002-06:00:00,08,22,2002,06,275.24
08.22.2002-09:00:00,08,22,2002,09,240.65
08.22.2002-12:00:00,08,22,2002,12,239.65
08.22.2002-15:00:00,08,22,2002,15,264.24
08.22.2002-18:00:00,08,22,2002,18,276.85
08.22.2002-21:00:00,08,22,2002,21,286.59
08.23.2002-00:00:00,08,23,2002,00,291.28
08.23.2002-03:00:00,08,23,2002,03,289.49
08.23.2002-06:00:00,08,23,2002,06,264.63
08.23.2002-09:00:00,08,23,2002,09,229.19
08.23.2002-12:00:00,08,23,2002,12,228.48
08.23.2002-15:00:00,08,23,2002,15,254.18
08.23.2002-18:00:00,08,23,2002,18,264.86
08.23.2002-21:00:00,08,23,2002,21,276.57
08.24.2002-00:00:00,08,24,2002,00,278.7
08.24.2002-03:00:00,08,24,2002,03,279.9
08.24.2002-06:00:00,08,24,2002,06,257.34
08.24.2002-09:00:00,08,24,2002,09,223.87
08.24.2002-12:00:00,08,24,2002,12,223.1
08.24.2002-15:00:00,08,24,2002,15,247.28
08.24.2002-18:00:00,08,24,2002,18,257.09
08.24.2002-21:00:00,08,24,2002,21,267.29
08.25.2002-00:00:00,08,25,2002,00,290.29
08.25.2002-03:00:00,08,25,2002,03,315.49
08.25.2002-06:00:00,08,25,2002,06,300.01
08.25.2002-09:00:00,08,25,2002,09,283.84
08.25.2002-12:00:00,08,25,2002,12,264.2
08.25.2002-15:00:00,08,25,2002,15,271.36
08.25.2002-18:00:00,08,25,2002,18,305.04
08.25.2002-21:00:00,08,25,2002,21,316.96
08.26.2002-00:00:00,08,26,2002,00,287.44
08.26.2002-03:00:00,08,26,2002,03,281.81
08.26.2002-06:00:00,08,26,2002,06,262.42
08.26.2002-09:00:00,08,26,2002,09,245.47
08.26.2002-12:00:00,08,26,2002,12,227.44
08.26.2002-15:00:00,08,26,2002,15,239.12
08.26.2002-18:00:00,08,26,2002,18,256.53
08.26.2002-21:00:00,08,26,2002,21,270.65
08.27.2002-00:00:00,08,27,2002,00,259.52
08.27.2002-03:00:00,08,27,2002,03,255.05
08.27.2002-06:00:00,08,27,2002,06,232.44
08.27.2002-09:00:00,08,27,2002,09,217.48
08.27.2002-12:00:00,08,27,2002,12,205.51
08.27.2002-15:00:00,08,27,2002,15,225.67
08.27.2002-18:00:00,08,27,2002,18,232.47
08.27.2002-21:00:00,08,27,2002,21,240.92
08.28.2002-00:00:00,08,28,2002,00,245.65
08.28.2002-03:00:00,08,28,2002,03,243.74
08.28.2002-06:00:00,08,28,2002,06,225.6
08.28.2002-09:00:00,08,28,2002,09,200.73
08.28.2002-12:00:00,08,28,2002,12,199.89
08.28.2002-15:00:00,08,28,2002,15,218.79
08.28.2002-18:00:00,08,28,2002,18,225
08.28.2002-21:00:00,08,28,2002,21,232.56
08.29.2002-00:00:00,08,29,2002,00,235.36
08.29.2002-03:00:00,08,29,2002,03,232.46
08.29.2002-06:00:00,08,29,2002,06,219.38
08.29.2002-09:00:00,08,29,2002,09,201.94
08.29.2002-12:00:00,08,29,2002,12,200.24
08.29.2002-15:00:00,08,29,2002,15,213.65
08.29.2002-18:00:00,08,29,2002,18,220.14
08.29.2002-21:00:00,08,29,2002,21,224.99
08.30.2002-00:00:00,08,30,2002,00,228.54
08.30.2002-03:00:00,08,30,2002,03,225.93
08.30.2002-06:00:00,08,30,2002,06,212.62
08.30.2002-09:00:00,08,30,2002,09,197.44
08.30.2002-12:00:00,08,30,2002,12,192.94
08.30.2002-15:00:00,08,30,2002,15,207.73
08.30.2002-18:00:00,08,30,2002,18,212.49
08.30.2002-21:00:00,08,30,2002,21,219.29
08.31.2002-00:00:00,08,31,2002,00,219.81
08.31.2002-03:00:00,08,31,2002,03,219.9
08.31.2002-06:00:00,08,31,2002,06,208.74
08.31.2002-09:00:00,08,31,2002,09,199.91
08.31.2002-12:00:00,08,31,2002,12,193.95
08.31.2002-15:00:00,08,31,2002,15,203.77
08.31.2002-18:00:00,08,31,2002,18,209.25
08.31.2002-21:00:00,08,31,2002,21,213.86
09.01.2002-00:00:00,09,01,2002,00,213.09
09.01.2002-03:00:00,09,01,2002,03,210.5
09.01.2002-06:00:00,09,01,2002,06,204.65
09.01.2002-09:00:00,09,01,2002,09,198.44
09.01.2002-12:00:00,09,01,2002,12,197.05
09.01.2002-15:00:00,09,01,2002,15,201.01
09.01.2002-18:00:00,09,01,2002,18,205.14
09.01.2002-21:00:00,09,01,2002,21,208.61
09.02.2002-00:00:00,09,02,2002,00,209.16
09.02.2002-03:00:00,09,02,2002,03,208.17
09.02.2002-06:00:00,09,02,2002,06,202.63
09.02.2002-09:00:00,09,02,2002,09,185.97
09.02.2002-12:00:00,09,02,2002,12,184.54
09.02.2002-15:00:00,09,02,2002,15,197.09
09.02.2002-18:00:00,09,02,2002,18,200.82
09.02.2002-21:00:00,09,02,2002,21,203.27
09.03.2002-00:00:00,09,03,2002,00,204.14
09.03.2002-03:00:00,09,03,2002,03,201.78
09.03.2002-06:00:00,09,03,2002,06,197.58
09.03.2002-09:00:00,09,03,2002,09,181.81
09.03.2002-12:00:00,09,03,2002,12,181.68
09.03.2002-15:00:00,09,03,2002,15,192.82
09.03.2002-18:00:00,09,03,2002,18,196.57
09.03.2002-21:00:00,09,03,2002,21,198.55
09.04.2002-00:00:00,09,04,2002,00,198.64
09.04.2002-03:00:00,09,04,2002,03,198.55
09.04.2002-06:00:00,09,04,2002,06,195.12
09.04.2002-09:00:00,09,04,2002,09,176.53
09.04.2002-12:00:00,09,04,2002,12,176.85
09.04.2002-15:00:00,09,04,2002,15,189.89
09.04.2002-18:00:00,09,04,2002,18,193.37
09.04.2002-21:00:00,09,04,2002,21,194.63
09.05.2002-00:00:00,09,05,2002,00,194.63
09.05.2002-03:00:00,09,05,2002,03,193.54
09.05.2002-06:00:00,09,05,2002,06,191.06
09.05.2002-09:00:00,09,05,2002,09,178.1
09.05.2002-12:00:00,09,05,2002,12,175.6
09.05.2002-15:00:00,09,05,2002,15,186.35
09.05.2002-18:00:00,09,05,2002,18,189.69
09.05.2002-21:00:00,09,05,2002,21,190.81
09.06.2002-00:00:00,09,06,2002,00,190.7
09.06.2002-03:00:00,09,06,2002,03,190.44
09.06.2002-06:00:00,09,06,2002,06,187.84
09.06.2002-09:00:00,09,06,2002,09,173.73
09.06.2002-12:00:00,09,06,2002,12,170.28
09.06.2002-15:00:00,09,06,2002,15,182.6
09.06.2002-18:00:00,09,06,2002,18,185.88
09.06.2002-21:00:00,09,06,2002,21,186.78
09.07.2002-00:00:00,09,07,2002,00,186.81
09.07.2002-03:00:00,09,07,2002,03,186.35
09.07.2002-06:00:00,09,07,2002,06,192.8
09.07.2002-09:00:00,09,07,2002,09,178.82
09.07.2002-12:00:00,09,07,2002,12,173.86
09.07.2002-15:00:00,09,07,2002,15,179.68
09.07.2002-18:00:00,09,07,2002,18,186.49
09.07.2002-21:00:00,09,07,2002,21,189.61
09.08.2002-00:00:00,09,08,2002,00,183.89
09.08.2002-03:00:00,09,08,2002,03,183.09
09.08.2002-06:00:00,09,08,2002,06,181.76
09.08.2002-09:00:00,09,08,2002,09,171.57
09.08.2002-12:00:00,09,08,2002,12,169.01
09.08.2002-15:00:00,09,08,2002,15,175.19
09.08.2002-18:00:00,09,08,2002,18,178.32
09.08.2002-21:00:00,09,08,2002,21,179.22
09.09.2002-00:00:00,09,09,2002,00,178.99
09.09.2002-03:00:00,09,09,2002,03,177.89
09.09.2002-06:00:00,09,09,2002,06,174.81
09.09.2002-09:00:00,09,09,2002,09,158.81
09.09.2002-12:00:00,09,09,2002,12,156.86
09.09.2002-15:00:00,09,09,2002,15,169.75
09.09.2002-18:00:00,09,09,2002,18,173.4
09.09.2002-21:00:00,09,09,2002,21,174.45
09.10.2002-00:00:00,09,10,2002,00,174.37
09.10.2002-03:00:00,09,10,2002,03,173.59
09.10.2002-06:00:00,09,10,2002,06,170.53
09.10.2002-09:00:00,09,10,2002,09,150.61
09.10.2002-12:00:00,09,10,2002,12,151.1
09.10.2002-15:00:00,09,10,2002,15,165.24
09.10.2002-18:00:00,09,10,2002,18,168.88
09.10.2002-21:00:00,09,10,2002,21,169.76
09.11.2002-00:00:00,09,11,2002,00,169.59
09.11.2002-03:00:00,09,11,2002,03,168.69
09.11.2002-06:00:00,09,11,2002,06,165.19
09.11.2002-09:00:00,09,11,2002,09,145.04
09.11.2002-12:00:00,09,11,2002,12,145.75
09.11.2002-15:00:00,09,11,2002,15,160.16
09.11.2002-18:00:00,09,11,2002,18,163.98
09.11.2002-21:00:00,09,11,2002,21,164.95
09.12.2002-00:00:00,09,12,2002,00,164.87
09.12.2002-03:00:00,09,12,2002,03,164.16
09.12.2002-06:00:00,09,12,2002,06,160.58
09.12.2002-09:00:00,09,12,2002,09,140.9
09.12.2002-12:00:00,09,12,2002,12,141.7
09.12.2002-15:00:00,09,12,2002,15,155.65
09.12.2002-18:00:00,09,12,2002,18,159.37
09.12.2002-21:00:00,09,12,2002,21,160.18
09.13.2002-00:00:00,09,13,2002,00,159.96
09.13.2002-03:00:00,09,13,2002,03,159.08
09.13.2002-06:00:00,09,13,2002,06,155
09.13.2002-09:00:00,09,13,2002,09,136.17
09.13.2002-12:00:00,09,13,2002,12,135.57
09.13.2002-15:00:00,09,13,2002,15,150.17
09.13.2002-18:00:00,09,13,2002,18,154.55
09.13.2002-21:00:00,09,13,2002,21,155.68
09.14.2002-00:00:00,09,14,2002,00,155.73
09.14.2002-03:00:00,09,14,2002,03,155.36
09.14.2002-06:00:00,09,14,2002,06,151.97
09.14.2002-09:00:00,09,14,2002,09,133.9
09.14.2002-12:00:00,09,14,2002,12,133.04
09.14.2002-15:00:00,09,14,2002,15,146.64
09.14.2002-18:00:00,09,14,2002,18,150.84
09.14.2002-21:00:00,09,14,2002,21,151.58
09.15.2002-00:00:00,09,15,2002,00,151.37
09.15.2002-03:00:00,09,15,2002,03,150.97
09.15.2002-06:00:00,09,15,2002,06,146.4
09.15.2002-09:00:00,09,15,2002,09,133.45
09.15.2002-12:00:00,09,15,2002,12,132.36
09.15.2002-15:00:00,09,15,2002,15,141.9
09.15.2002-18:00:00,09,15,2002,18,146.11
09.15.2002-21:00:00,09,15,2002,21,147.14
09.16.2002-00:00:00,09,16,2002,00,146.84
09.16.2002-03:00:00,09,16,2002,03,146.57
09.16.2002-06:00:00,09,16,2002,06,141.28
09.16.2002-09:00:00,09,16,2002,09,130.22
09.16.2002-12:00:00,09,16,2002,12,129.14
09.16.2002-15:00:00,09,16,2002,15,136.74
09.16.2002-18:00:00,09,16,2002,18,141.69
09.16.2002-21:00:00,09,16,2002,21,143.01
09.17.2002-00:00:00,09,17,2002,00,142.92
09.17.2002-03:00:00,09,17,2002,03,142.77
09.17.2002-06:00:00,09,17,2002,06,138.12
09.17.2002-09:00:00,09,17,2002,09,129.17
09.17.2002-12:00:00,09,17,2002,12,127.9
09.17.2002-15:00:00,09,17,2002,15,134.06
09.17.2002-18:00:00,09,17,2002,18,138.43
09.17.2002-21:00:00,09,17,2002,21,139.53
09.18.2002-00:00:00,09,18,2002,00,139.49
09.18.2002-03:00:00,09,18,2002,03,139.32
09.18.2002-06:00:00,09,18,2002,06,135.89
09.18.2002-09:00:00,09,18,2002,09,124.34
09.18.2002-12:00:00,09,18,2002,12,122.88
09.18.2002-15:00:00,09,18,2002,15,129.86
09.18.2002-18:00:00,09,18,2002,18,134.93
09.18.2002-21:00:00,09,18,2002,21,136.01
09.19.2002-00:00:00,09,19,2002,00,135.92
09.19.2002-03:00:00,09,19,2002,03,135.73
09.19.2002-06:00:00,09,19,2002,06,133.06
09.19.2002-09:00:00,09,19,2002,09,120.83
09.19.2002-12:00:00,09,19,2002,12,119.21
09.19.2002-15:00:00,09,19,2002,15,124.15
09.19.2002-18:00:00,09,19,2002,18,130.24
09.19.2002-21:00:00,09,19,2002,21,131.86
09.20.2002-00:00:00,09,20,2002,00,132.12
09.20.2002-03:00:00,09,20,2002,03,131.97
09.20.2002-06:00:00,09,20,2002,06,129.49
09.20.2002-09:00:00,09,20,2002,09,118.47
09.20.2002-12:00:00,09,20,2002,12,116.92
09.20.2002-15:00:00,09,20,2002,15,121.46
09.20.2002-18:00:00,09,20,2002,18,125.9
09.20.2002-21:00:00,09,20,2002,21,127.43
09.21.2002-00:00:00,09,21,2002,00,128.41
09.21.2002-03:00:00,09,21,2002,03,128.47
09.21.2002-06:00:00,09,21,2002,06,126.7
09.21.2002-09:00:00,09,21,2002,09,116.11
09.21.2002-12:00:00,09,21,2002,12,114.5
09.21.2002-15:00:00,09,21,2002,15,119.07
09.21.2002-18:00:00,09,21,2002,18,121.39
09.21.2002-21:00:00,09,21,2002,21,124.19
09.22.2002-00:00:00,09,22,2002,00,124.14
09.22.2002-03:00:00,09,22,2002,03,124.32
09.22.2002-06:00:00,09,22,2002,06,123.01
09.22.2002-09:00:00,09,22,2002,09,113.31
09.22.2002-12:00:00,09,22,2002,12,111.61
09.22.2002-15:00:00,09,22,2002,15,116.31
09.22.2002-18:00:00,09,22,2002,18,118.33
09.22.2002-21:00:00,09,22,2002,21,118.78
09.23.2002-00:00:00,09,23,2002,00,120.29
09.23.2002-03:00:00,09,23,2002,03,120.62
09.23.2002-06:00:00,09,23,2002,06,118.9
09.23.2002-09:00:00,09,23,2002,09,110.62
09.23.2002-12:00:00,09,23,2002,12,108.94
09.23.2002-15:00:00,09,23,2002,15,113.52
09.23.2002-18:00:00,09,23,2002,18,115.61
09.23.2002-21:00:00,09,23,2002,21,115.65
09.24.2002-00:00:00,09,24,2002,00,115.49
09.24.2002-03:00:00,09,24,2002,03,115.95
09.24.2002-06:00:00,09,24,2002,06,113.9
09.24.2002-09:00:00,09,24,2002,09,109.52
09.24.2002-12:00:00,09,24,2002,12,108.18
09.24.2002-15:00:00,09,24,2002,15,110.85
09.24.2002-18:00:00,09,24,2002,18,112.93
09.24.2002-21:00:00,09,24,2002,21,113.02
09.25.2002-00:00:00,09,25,2002,00,112.92
09.25.2002-03:00:00,09,25,2002,03,112.8
09.25.2002-06:00:00,09,25,2002,06,111.52
09.25.2002-09:00:00,09,25,2002,09,105.38
09.25.2002-12:00:00,09,25,2002,12,104.45
09.25.2002-15:00:00,09,25,2002,15,107.54
09.25.2002-18:00:00,09,25,2002,18,110.35
09.25.2002-21:00:00,09,25,2002,21,110.37
09.26.2002-00:00:00,09,26,2002,00,110.22
09.26.2002-03:00:00,09,26,2002,03,110.1
09.26.2002-06:00:00,09,26,2002,06,108.84
09.26.2002-09:00:00,09,26,2002,09,105.74
09.26.2002-12:00:00,09,26,2002,12,104.8
09.26.2002-15:00:00,09,26,2002,15,106.45
09.26.2002-18:00:00,09,26,2002,18,108.11
09.26.2002-21:00:00,09,26,2002,21,108.01
09.27.2002-00:00:00,09,27,2002,00,107.86
09.27.2002-03:00:00,09,27,2002,03,107.69
09.27.2002-06:00:00,09,27,2002,06,106.39
09.27.2002-09:00:00,09,27,2002,09,101.55
09.27.2002-12:00:00,09,27,2002,12,100.74
09.27.2002-15:00:00,09,27,2002,15,103
09.27.2002-18:00:00,09,27,2002,18,104.72
09.27.2002-21:00:00,09,27,2002,21,105.45
09.28.2002-00:00:00,09,28,2002,00,105.34
09.28.2002-03:00:00,09,28,2002,03,105.2
09.28.2002-06:00:00,09,28,2002,06,104.34
09.28.2002-09:00:00,09,28,2002,09,99.575
09.28.2002-12:00:00,09,28,2002,12,98.717
09.28.2002-15:00:00,09,28,2002,15,100.98
09.28.2002-18:00:00,09,28,2002,18,101.7
09.28.2002-21:00:00,09,28,2002,21,102.91
09.29.2002-00:00:00,09,29,2002,00,102.72
09.29.2002-03:00:00,09,29,2002,03,102.54
09.29.2002-06:00:00,09,29,2002,06,101.22
09.29.2002-09:00:00,09,29,2002,09,98.748
09.29.2002-12:00:00,09,29,2002,12,98.222
09.29.2002-15:00:00,09,29,2002,15,98.84
09.29.2002-18:00:00,09,29,2002,18,100.67
09.29.2002-21:00:00,09,29,2002,21,100.54
09.30.2002-00:00:00,09,30,2002,00,100.38
09.30.2002-03:00:00,09,30,2002,03,100.21
09.30.2002-06:00:00,09,30,2002,06,99.015
09.30.2002-09:00:00,09,30,2002,09,96.659
09.30.2002-12:00:00,09,30,2002,12,96.018
09.30.2002-15:00:00,09,30,2002,15,96.955
09.30.2002-18:00:00,09,30,2002,18,97.498
09.30.2002-21:00:00,09,30,2002,21,98.273
