TIMESTAMP,MONTH,DAY,YEAR,HOUR,C
10.01.2001-00:00:00,10,01,2001,00,1899.2
10.01.2001-03:00:00,10,01,2001,03,1938.8
10.01.2001-06:00:00,10,01,2001,06,1885.8
10.01.2001-09:00:00,10,01,2001,09,1622.4
10.01.2001-12:00:00,10,01,2001,12,1499.2
10.01.2001-15:00:00,10,01,2001,15,1579.2
10.01.2001-18:00:00,10,01,2001,18,1746.5
10.01.2001-21:00:00,10,01,2001,21,1842.1
10.02.2001-00:00:00,10,02,2001,00,1892.3
10.02.2001-03:00:00,10,02,2001,03,1920.9
10.02.2001-06:00:00,10,02,2001,06,1854.1
10.02.2001-09:00:00,10,02,2001,09,1609
10.02.2001-12:00:00,10,02,2001,12,1483.4
10.02.2001-15:00:00,10,02,2001,15,1574
10.02.2001-18:00:00,10,02,2001,18,1737.3
10.02.2001-21:00:00,10,02,2001,21,1832.6
10.03.2001-00:00:00,10,03,2001,00,1882.9
10.03.2001-03:00:00,10,03,2001,03,1911.1
10.03.2001-06:00:00,10,03,2001,06,1886.6
10.03.2001-09:00:00,10,03,2001,09,1622.4
10.03.2001-12:00:00,10,03,2001,12,1488.8
10.03.2001-15:00:00,10,03,2001,15,1571.7
10.03.2001-18:00:00,10,03,2001,18,1734.9
10.03.2001-21:00:00,10,03,2001,21,1828.9
10.04.2001-00:00:00,10,04,2001,00,1876.3
10.04.2001-03:00:00,10,04,2001,03,1903.2
10.04.2001-06:00:00,10,04,2001,06,1909.9
10.04.2001-09:00:00,10,04,2001,09,1633.8
10.04.2001-12:00:00,10,04,2001,12,1500
10.04.2001-15:00:00,10,04,2001,15,1582.2
10.04.2001-18:00:00,10,04,2001,18,1744.3
10.04.2001-21:00:00,10,04,2001,21,1835.9
10.05.2001-00:00:00,10,05,2001,00,1877.8
10.05.2001-03:00:00,10,05,2001,03,1894.8
10.05.2001-06:00:00,10,05,2001,06,1904.8
10.05.2001-09:00:00,10,05,2001,09,1645.2
10.05.2001-12:00:00,10,05,2001,12,1514.9
10.05.2001-15:00:00,10,05,2001,15,1605.4
10.05.2001-18:00:00,10,05,2001,18,1763.2
10.05.2001-21:00:00,10,05,2001,21,1846.6
10.06.2001-00:00:00,10,06,2001,00,1878
10.06.2001-03:00:00,10,06,2001,03,1893.2
10.06.2001-06:00:00,10,06,2001,06,1898.3
10.06.2001-09:00:00,10,06,2001,09,1658.4
10.06.2001-12:00:00,10,06,2001,12,1541.5
10.06.2001-15:00:00,10,06,2001,15,1628.5
10.06.2001-18:00:00,10,06,2001,18,1787.6
10.06.2001-21:00:00,10,06,2001,21,1851.6
10.07.2001-00:00:00,10,07,2001,00,1873.5
10.07.2001-03:00:00,10,07,2001,03,1890.7
10.07.2001-06:00:00,10,07,2001,06,1895.2
10.07.2001-09:00:00,10,07,2001,09,1689.6
10.07.2001-12:00:00,10,07,2001,12,1587.5
10.07.2001-15:00:00,10,07,2001,15,1675.9
10.07.2001-18:00:00,10,07,2001,18,1813.7
10.07.2001-21:00:00,10,07,2001,21,1867.4
10.08.2001-00:00:00,10,08,2001,00,1884
10.08.2001-03:00:00,10,08,2001,03,1894.4
10.08.2001-06:00:00,10,08,2001,06,1898.7
10.08.2001-09:00:00,10,08,2001,09,1960.3
10.08.2001-12:00:00,10,08,2001,12,1713.9
10.08.2001-15:00:00,10,08,2001,15,1749
10.08.2001-18:00:00,10,08,2001,18,1844.9
10.08.2001-21:00:00,10,08,2001,21,1888.4
10.09.2001-00:00:00,10,09,2001,00,1897.8
10.09.2001-03:00:00,10,09,2001,03,1905.5
10.09.2001-06:00:00,10,09,2001,06,1897.7
10.09.2001-09:00:00,10,09,2001,09,1858.6
10.09.2001-12:00:00,10,09,2001,12,1651.2
10.09.2001-15:00:00,10,09,2001,15,1691.1
10.09.2001-18:00:00,10,09,2001,18,1807.7
10.09.2001-21:00:00,10,09,2001,21,1854.1
10.10.2001-00:00:00,10,10,2001,00,1876.2
10.10.2001-03:00:00,10,10,2001,03,1888.4
10.10.2001-06:00:00,10,10,2001,06,1889.7
10.10.2001-09:00:00,10,10,2001,09,2453.6
10.10.2001-12:00:00,10,10,2001,12,2689.5
10.10.2001-15:00:00,10,10,2001,15,2189.8
10.10.2001-18:00:00,10,10,2001,18,2011.5
10.10.2001-21:00:00,10,10,2001,21,1953
10.11.2001-00:00:00,10,11,2001,00,1932.5
10.11.2001-03:00:00,10,11,2001,03,1926.4
10.11.2001-06:00:00,10,11,2001,06,1920.2
10.11.2001-09:00:00,10,11,2001,09,2081.3
10.11.2001-12:00:00,10,11,2001,12,2639.5
10.11.2001-15:00:00,10,11,2001,15,2342.7
10.11.2001-18:00:00,10,11,2001,18,2056.3
10.11.2001-21:00:00,10,11,2001,21,1993.3
10.12.2001-00:00:00,10,12,2001,00,1951.5
10.12.2001-03:00:00,10,12,2001,03,1950.6
10.12.2001-06:00:00,10,12,2001,06,1935.1
10.12.2001-09:00:00,10,12,2001,09,2051.8
10.12.2001-12:00:00,10,12,2001,12,2727.2
10.12.2001-15:00:00,10,12,2001,15,2566.2
10.12.2001-18:00:00,10,12,2001,18,2260.5
10.12.2001-21:00:00,10,12,2001,21,2129.1
10.13.2001-00:00:00,10,13,2001,00,2089.6
10.13.2001-03:00:00,10,13,2001,03,2061.6
10.13.2001-06:00:00,10,13,2001,06,2146.1
10.13.2001-09:00:00,10,13,2001,09,2973.9
10.13.2001-12:00:00,10,13,2001,12,3218
10.13.2001-15:00:00,10,13,2001,15,2721.1
10.13.2001-18:00:00,10,13,2001,18,2413.9
10.13.2001-21:00:00,10,13,2001,21,2182.5
10.14.2001-00:00:00,10,14,2001,00,2088.8
10.14.2001-03:00:00,10,14,2001,03,2029.7
10.14.2001-06:00:00,10,14,2001,06,2008.8
10.14.2001-09:00:00,10,14,2001,09,2116.4
10.14.2001-12:00:00,10,14,2001,12,1906.3
10.14.2001-15:00:00,10,14,2001,15,1873.8
10.14.2001-18:00:00,10,14,2001,18,1936
10.14.2001-21:00:00,10,14,2001,21,1962
10.15.2001-00:00:00,10,15,2001,00,1963.4
10.15.2001-03:00:00,10,15,2001,03,1963.5
10.15.2001-06:00:00,10,15,2001,06,1964.4
10.15.2001-09:00:00,10,15,2001,09,1955.9
10.15.2001-12:00:00,10,15,2001,12,1762
10.15.2001-15:00:00,10,15,2001,15,1790.8
10.15.2001-18:00:00,10,15,2001,18,1885.9
10.15.2001-21:00:00,10,15,2001,21,1918.6
10.16.2001-00:00:00,10,16,2001,00,1940.7
10.16.2001-03:00:00,10,16,2001,03,1947.7
10.16.2001-06:00:00,10,16,2001,06,1951
10.16.2001-09:00:00,10,16,2001,09,1771
10.16.2001-12:00:00,10,16,2001,12,1660.9
10.16.2001-15:00:00,10,16,2001,15,1714.6
10.16.2001-18:00:00,10,16,2001,18,1836.8
10.16.2001-21:00:00,10,16,2001,21,1887.4
10.17.2001-00:00:00,10,17,2001,00,1913
10.17.2001-03:00:00,10,17,2001,03,1924.9
10.17.2001-06:00:00,10,17,2001,06,1926.5
10.17.2001-09:00:00,10,17,2001,09,1828.5
10.17.2001-12:00:00,10,17,2001,12,1791.7
10.17.2001-15:00:00,10,17,2001,15,1843.8
10.17.2001-18:00:00,10,17,2001,18,1900.1
10.17.2001-21:00:00,10,17,2001,21,1923.7
10.18.2001-00:00:00,10,18,2001,00,1930.3
10.18.2001-03:00:00,10,18,2001,03,1936.4
10.18.2001-06:00:00,10,18,2001,06,1933.9
10.18.2001-09:00:00,10,18,2001,09,1781.7
10.18.2001-12:00:00,10,18,2001,12,1680.8
10.18.2001-15:00:00,10,18,2001,15,1722.1
10.18.2001-18:00:00,10,18,2001,18,1832.5
10.18.2001-21:00:00,10,18,2001,21,1872.1
10.19.2001-00:00:00,10,19,2001,00,1897
10.19.2001-03:00:00,10,19,2001,03,1907.2
10.19.2001-06:00:00,10,19,2001,06,1909.3
10.19.2001-09:00:00,10,19,2001,09,1912.8
10.19.2001-12:00:00,10,19,2001,12,1687.2
10.19.2001-15:00:00,10,19,2001,15,1715.1
10.19.2001-18:00:00,10,19,2001,18,1836.4
10.19.2001-21:00:00,10,19,2001,21,1871.3
10.20.2001-00:00:00,10,20,2001,00,1897.8
10.20.2001-03:00:00,10,20,2001,03,1904.8
10.20.2001-06:00:00,10,20,2001,06,1907.7
10.20.2001-09:00:00,10,20,2001,09,1830
10.20.2001-12:00:00,10,20,2001,12,1658.3
10.20.2001-15:00:00,10,20,2001,15,1715.4
10.20.2001-18:00:00,10,20,2001,18,1823
10.20.2001-21:00:00,10,20,2001,21,1863.9
10.21.2001-00:00:00,10,21,2001,00,1880.4
10.21.2001-03:00:00,10,21,2001,03,1893.5
10.21.2001-06:00:00,10,21,2001,06,1892.5
10.21.2001-09:00:00,10,21,2001,09,2344.8
10.21.2001-12:00:00,10,21,2001,12,1961.7
10.21.2001-15:00:00,10,21,2001,15,1911.8
10.21.2001-18:00:00,10,21,2001,18,1912.7
10.21.2001-21:00:00,10,21,2001,21,1907
10.22.2001-00:00:00,10,22,2001,00,1947.1
10.22.2001-03:00:00,10,22,2001,03,1915.3
10.22.2001-06:00:00,10,22,2001,06,1905.2
10.22.2001-09:00:00,10,22,2001,09,1925.4
10.22.2001-12:00:00,10,22,2001,12,2032
10.22.2001-15:00:00,10,22,2001,15,1931
10.22.2001-18:00:00,10,22,2001,18,1907.1
10.22.2001-21:00:00,10,22,2001,21,1905.6
10.23.2001-00:00:00,10,23,2001,00,1905.9
10.23.2001-03:00:00,10,23,2001,03,1912.7
10.23.2001-06:00:00,10,23,2001,06,1904.1
10.23.2001-09:00:00,10,23,2001,09,1893.8
10.23.2001-12:00:00,10,23,2001,12,2740.3
10.23.2001-15:00:00,10,23,2001,15,2237.8
10.23.2001-18:00:00,10,23,2001,18,2012
10.23.2001-21:00:00,10,23,2001,21,1952.4
10.24.2001-00:00:00,10,24,2001,00,1936.2
10.24.2001-03:00:00,10,24,2001,03,1922.1
10.24.2001-06:00:00,10,24,2001,06,1914.4
10.24.2001-09:00:00,10,24,2001,09,1877.6
10.24.2001-12:00:00,10,24,2001,12,1844.4
10.24.2001-15:00:00,10,24,2001,15,1891.7
10.24.2001-18:00:00,10,24,2001,18,1901
10.24.2001-21:00:00,10,24,2001,21,1905.7
10.25.2001-00:00:00,10,25,2001,00,1902.4
10.25.2001-03:00:00,10,25,2001,03,1905.7
10.25.2001-06:00:00,10,25,2001,06,1901.8
10.25.2001-09:00:00,10,25,2001,09,1898.8
10.25.2001-12:00:00,10,25,2001,12,1892.8
10.25.2001-15:00:00,10,25,2001,15,1911.7
10.25.2001-18:00:00,10,25,2001,18,1903
10.25.2001-21:00:00,10,25,2001,21,1905.9
10.26.2001-00:00:00,10,26,2001,00,1898.7
10.26.2001-03:00:00,10,26,2001,03,1900.6
10.26.2001-06:00:00,10,26,2001,06,1894.9
10.26.2001-09:00:00,10,26,2001,09,1890.8
10.26.2001-12:00:00,10,26,2001,12,1884.6
10.26.2001-15:00:00,10,26,2001,15,1897.1
10.26.2001-18:00:00,10,26,2001,18,1892.2
10.26.2001-21:00:00,10,26,2001,21,1899.8
10.27.2001-00:00:00,10,27,2001,00,1890.8
10.27.2001-03:00:00,10,27,2001,03,1893.9
10.27.2001-06:00:00,10,27,2001,06,1888.1
10.27.2001-09:00:00,10,27,2001,09,1837.4
10.27.2001-12:00:00,10,27,2001,12,1803.1
10.27.2001-15:00:00,10,27,2001,15,1851
10.27.2001-18:00:00,10,27,2001,18,1868.3
10.27.2001-21:00:00,10,27,2001,21,1879.1
10.28.2001-00:00:00,10,28,2001,00,1877.2
10.28.2001-03:00:00,10,28,2001,03,1882.1
10.28.2001-06:00:00,10,28,2001,06,1878.9
10.28.2001-09:00:00,10,28,2001,09,1854.6
10.28.2001-12:00:00,10,28,2001,12,1813.5
10.28.2001-15:00:00,10,28,2001,15,1857
10.28.2001-18:00:00,10,28,2001,18,1867.8
10.28.2001-21:00:00,10,28,2001,21,1873.6
10.29.2001-00:00:00,10,29,2001,00,1869.3
10.29.2001-03:00:00,10,29,2001,03,1872.5
10.29.2001-06:00:00,10,29,2001,06,1868
10.29.2001-09:00:00,10,29,2001,09,1862.4
10.29.2001-12:00:00,10,29,2001,12,1833.6
10.29.2001-15:00:00,10,29,2001,15,1860.2
10.29.2001-18:00:00,10,29,2001,18,1862.1
10.29.2001-21:00:00,10,29,2001,21,1865.1
10.30.2001-00:00:00,10,30,2001,00,1861.5
10.30.2001-03:00:00,10,30,2001,03,1863.9
10.30.2001-06:00:00,10,30,2001,06,1859.1
10.30.2001-09:00:00,10,30,2001,09,1862
10.30.2001-12:00:00,10,30,2001,12,1855.9
10.30.2001-15:00:00,10,30,2001,15,1865.1
10.30.2001-18:00:00,10,30,2001,18,1857.2
10.30.2001-21:00:00,10,30,2001,21,1858.7
10.31.2001-00:00:00,10,31,2001,00,1853.2
10.31.2001-03:00:00,10,31,2001,03,1856.5
10.31.2001-06:00:00,10,31,2001,06,1852.1
10.31.2001-09:00:00,10,31,2001,09,1847.5
10.31.2001-12:00:00,10,31,2001,12,2001.7
10.31.2001-15:00:00,10,31,2001,15,2017.5
10.31.2001-18:00:00,10,31,2001,18,1892
10.31.2001-21:00:00,10,31,2001,21,1862.3
11.01.2001-00:00:00,11,01,2001,00,1854.8
11.01.2001-03:00:00,11,01,2001,03,1857.9
11.01.2001-06:00:00,11,01,2001,06,1851.9
11.01.2001-09:00:00,11,01,2001,09,1832.7
11.01.2001-12:00:00,11,01,2001,12,1806.2
11.01.2001-15:00:00,11,01,2001,15,1838.1
11.01.2001-18:00:00,11,01,2001,18,1842.8
11.01.2001-21:00:00,11,01,2001,21,1847.6
11.02.2001-00:00:00,11,02,2001,00,1843.8
11.02.2001-03:00:00,11,02,2001,03,1847
11.02.2001-06:00:00,11,02,2001,06,1842.4
11.02.2001-09:00:00,11,02,2001,09,1801.8
11.02.2001-12:00:00,11,02,2001,12,1776.4
11.02.2001-15:00:00,11,02,2001,15,1813.7
11.02.2001-18:00:00,11,02,2001,18,1826
11.02.2001-21:00:00,11,02,2001,21,1832.3
11.03.2001-00:00:00,11,03,2001,00,1829.6
11.03.2001-03:00:00,11,03,2001,03,1832.3
11.03.2001-06:00:00,11,03,2001,06,1830.3
11.03.2001-09:00:00,11,03,2001,09,1796.3
11.03.2001-12:00:00,11,03,2001,12,1772.2
11.03.2001-15:00:00,11,03,2001,15,1808.5
11.03.2001-18:00:00,11,03,2001,18,1819.2
11.03.2001-21:00:00,11,03,2001,21,1821.2
11.04.2001-00:00:00,11,04,2001,00,1819.2
11.04.2001-03:00:00,11,04,2001,03,1821.5
11.04.2001-06:00:00,11,04,2001,06,1817.5
11.04.2001-09:00:00,11,04,2001,09,1777.8
11.04.2001-12:00:00,11,04,2001,12,1754.4
11.04.2001-15:00:00,11,04,2001,15,1799.5
11.04.2001-18:00:00,11,04,2001,18,1810.3
11.04.2001-21:00:00,11,04,2001,21,1809.2
11.05.2001-00:00:00,11,05,2001,00,1808.3
11.05.2001-03:00:00,11,05,2001,03,1808
11.05.2001-06:00:00,11,05,2001,06,1805.3
11.05.2001-09:00:00,11,05,2001,09,1775.8
11.05.2001-12:00:00,11,05,2001,12,1755.1
11.05.2001-15:00:00,11,05,2001,15,1785.5
11.05.2001-18:00:00,11,05,2001,18,1794.7
11.05.2001-21:00:00,11,05,2001,21,1800.8
11.06.2001-00:00:00,11,06,2001,00,1797.4
11.06.2001-03:00:00,11,06,2001,03,1799.9
11.06.2001-06:00:00,11,06,2001,06,1797
11.06.2001-09:00:00,11,06,2001,09,1794.4
11.06.2001-12:00:00,11,06,2001,12,1766
11.06.2001-15:00:00,11,06,2001,15,1784
11.06.2001-18:00:00,11,06,2001,18,1790.6
11.06.2001-21:00:00,11,06,2001,21,1787.5
11.07.2001-00:00:00,11,07,2001,00,1788.5
11.07.2001-03:00:00,11,07,2001,03,1789.3
11.07.2001-06:00:00,11,07,2001,06,1785.2
11.07.2001-09:00:00,11,07,2001,09,1783.9
11.07.2001-12:00:00,11,07,2001,12,1785.7
11.07.2001-15:00:00,11,07,2001,15,1781.3
11.07.2001-18:00:00,11,07,2001,18,1783.2
11.07.2001-21:00:00,11,07,2001,21,1780.3
11.08.2001-00:00:00,11,08,2001,00,1777.7
11.08.2001-03:00:00,11,08,2001,03,1777.1
11.08.2001-06:00:00,11,08,2001,06,1778.4
11.08.2001-09:00:00,11,08,2001,09,1773.1
11.08.2001-12:00:00,11,08,2001,12,1749.4
11.08.2001-15:00:00,11,08,2001,15,1765.7
11.08.2001-18:00:00,11,08,2001,18,1770.5
11.08.2001-21:00:00,11,08,2001,21,1768.3
11.09.2001-00:00:00,11,09,2001,00,1772.4
11.09.2001-03:00:00,11,09,2001,03,1766.4
11.09.2001-06:00:00,11,09,2001,06,1765.8
11.09.2001-09:00:00,11,09,2001,09,1766.2
11.09.2001-12:00:00,11,09,2001,12,1732.8
11.09.2001-15:00:00,11,09,2001,15,1752.9
11.09.2001-18:00:00,11,09,2001,18,1760.4
11.09.2001-21:00:00,11,09,2001,21,1758
11.10.2001-00:00:00,11,10,2001,00,1760.2
11.10.2001-03:00:00,11,10,2001,03,1759.3
11.10.2001-06:00:00,11,10,2001,06,1756.2
11.10.2001-09:00:00,11,10,2001,09,1753.9
11.10.2001-12:00:00,11,10,2001,12,1730.4
11.10.2001-15:00:00,11,10,2001,15,1743.5
11.10.2001-18:00:00,11,10,2001,18,1747.7
11.10.2001-21:00:00,11,10,2001,21,1751.2
11.11.2001-00:00:00,11,11,2001,00,1747.8
11.11.2001-03:00:00,11,11,2001,03,1746.2
11.11.2001-06:00:00,11,11,2001,06,1748
11.11.2001-09:00:00,11,11,2001,09,1737
11.11.2001-12:00:00,11,11,2001,12,1713.4
11.11.2001-15:00:00,11,11,2001,15,1739.6
11.11.2001-18:00:00,11,11,2001,18,1738.5
11.11.2001-21:00:00,11,11,2001,21,1737.3
11.12.2001-00:00:00,11,12,2001,00,1739.6
11.12.2001-03:00:00,11,12,2001,03,1737.6
11.12.2001-06:00:00,11,12,2001,06,1737.1
11.12.2001-09:00:00,11,12,2001,09,1735.9
11.12.2001-12:00:00,11,12,2001,12,1727.2
11.12.2001-15:00:00,11,12,2001,15,1730.9
11.12.2001-18:00:00,11,12,2001,18,1733.7
11.12.2001-21:00:00,11,12,2001,21,1731
11.13.2001-00:00:00,11,13,2001,00,1728.6
11.13.2001-03:00:00,11,13,2001,03,1731
11.13.2001-06:00:00,11,13,2001,06,1725.6
11.13.2001-09:00:00,11,13,2001,09,1723.3
11.13.2001-12:00:00,11,13,2001,12,1722.1
11.13.2001-15:00:00,11,13,2001,15,1720.6
11.13.2001-18:00:00,11,13,2001,18,1722
11.13.2001-21:00:00,11,13,2001,21,1723.6
11.14.2001-00:00:00,11,14,2001,00,1721.4
11.14.2001-03:00:00,11,14,2001,03,1763
11.14.2001-06:00:00,11,14,2001,06,1817.7
11.14.2001-09:00:00,11,14,2001,09,2221.1
11.14.2001-12:00:00,11,14,2001,12,3224.2
11.14.2001-15:00:00,11,14,2001,15,3732.9
11.14.2001-18:00:00,11,14,2001,18,3590.7
11.14.2001-21:00:00,11,14,2001,21,3463.6
11.15.2001-00:00:00,11,15,2001,00,2224.7
11.15.2001-03:00:00,11,15,2001,03,1934.2
11.15.2001-06:00:00,11,15,2001,06,1881.7
11.15.2001-09:00:00,11,15,2001,09,1858.2
11.15.2001-12:00:00,11,15,2001,12,1867.8
11.15.2001-15:00:00,11,15,2001,15,1936.3
11.15.2001-18:00:00,11,15,2001,18,1908.9
11.15.2001-21:00:00,11,15,2001,21,1879.4
11.16.2001-00:00:00,11,16,2001,00,1877.2
11.16.2001-03:00:00,11,16,2001,03,1873.1
11.16.2001-06:00:00,11,16,2001,06,1871.7
11.16.2001-09:00:00,11,16,2001,09,1855.3
11.16.2001-12:00:00,11,16,2001,12,1843.9
11.16.2001-15:00:00,11,16,2001,15,1857.9
11.16.2001-18:00:00,11,16,2001,18,1864.6
11.16.2001-21:00:00,11,16,2001,21,1866.5
11.17.2001-00:00:00,11,17,2001,00,1867.2
11.17.2001-03:00:00,11,17,2001,03,1864.3
11.17.2001-06:00:00,11,17,2001,06,1863.8
11.17.2001-09:00:00,11,17,2001,09,1839.7
11.17.2001-12:00:00,11,17,2001,12,1825.2
11.17.2001-15:00:00,11,17,2001,15,1848.6
11.17.2001-18:00:00,11,17,2001,18,1852.8
11.17.2001-21:00:00,11,17,2001,21,1853.5
11.18.2001-00:00:00,11,18,2001,00,1857.9
11.18.2001-03:00:00,11,18,2001,03,1852.6
11.18.2001-06:00:00,11,18,2001,06,1851.3
11.18.2001-09:00:00,11,18,2001,09,1853.7
11.18.2001-12:00:00,11,18,2001,12,1852.5
11.18.2001-15:00:00,11,18,2001,15,1848.6
11.18.2001-18:00:00,11,18,2001,18,1849
11.18.2001-21:00:00,11,18,2001,21,1846.8
11.19.2001-00:00:00,11,19,2001,00,1846.4
11.19.2001-03:00:00,11,19,2001,03,1847.7
11.19.2001-06:00:00,11,19,2001,06,1843.9
11.19.2001-09:00:00,11,19,2001,09,1843.7
11.19.2001-12:00:00,11,19,2001,12,1843.7
11.19.2001-15:00:00,11,19,2001,15,1840.4
11.19.2001-18:00:00,11,19,2001,18,1841.5
11.19.2001-21:00:00,11,19,2001,21,1839.2
11.20.2001-00:00:00,11,20,2001,00,1837.1
11.20.2001-03:00:00,11,20,2001,03,1835.9
11.20.2001-06:00:00,11,20,2001,06,1837.7
11.20.2001-09:00:00,11,20,2001,09,1835.8
11.20.2001-12:00:00,11,20,2001,12,1834.7
11.20.2001-15:00:00,11,20,2001,15,1833
11.20.2001-18:00:00,11,20,2001,18,1832.3
11.20.2001-21:00:00,11,20,2001,21,1829.3
11.21.2001-00:00:00,11,21,2001,00,1835
11.21.2001-03:00:00,11,21,2001,03,1827.7
11.21.2001-06:00:00,11,21,2001,06,1828.8
11.21.2001-09:00:00,11,21,2001,09,1824.6
11.21.2001-12:00:00,11,21,2001,12,1821.8
11.21.2001-15:00:00,11,21,2001,15,1823.5
11.21.2001-18:00:00,11,21,2001,18,1828.5
11.21.2001-21:00:00,11,21,2001,21,1821.4
11.22.2001-00:00:00,11,22,2001,00,1822.3
11.22.2001-03:00:00,11,22,2001,03,1820.4
11.22.2001-06:00:00,11,22,2001,06,1820.5
11.22.2001-09:00:00,11,22,2001,09,1818
11.22.2001-12:00:00,11,22,2001,12,1820.6
11.22.2001-15:00:00,11,22,2001,15,1817.6
11.22.2001-18:00:00,11,22,2001,18,1819.4
11.22.2001-21:00:00,11,22,2001,21,1815.2
11.23.2001-00:00:00,11,23,2001,00,1816.7
11.23.2001-03:00:00,11,23,2001,03,1813
11.23.2001-06:00:00,11,23,2001,06,1817
11.23.2001-09:00:00,11,23,2001,09,1810.3
11.23.2001-12:00:00,11,23,2001,12,1805.7
11.23.2001-15:00:00,11,23,2001,15,1808.9
11.23.2001-18:00:00,11,23,2001,18,1810.9
11.23.2001-21:00:00,11,23,2001,21,1807.9
11.24.2001-00:00:00,11,24,2001,00,1810.7
11.24.2001-03:00:00,11,24,2001,03,1803.8
11.24.2001-06:00:00,11,24,2001,06,1805.7
11.24.2001-09:00:00,11,24,2001,09,1802.3
11.24.2001-12:00:00,11,24,2001,12,1804.6
11.24.2001-15:00:00,11,24,2001,15,1799.3
11.24.2001-18:00:00,11,24,2001,18,1802.2
11.24.2001-21:00:00,11,24,2001,21,1796.2
11.25.2001-00:00:00,11,25,2001,00,1799
11.25.2001-03:00:00,11,25,2001,03,1796.6
11.25.2001-06:00:00,11,25,2001,06,1796.5
11.25.2001-09:00:00,11,25,2001,09,1792.5
11.25.2001-12:00:00,11,25,2001,12,1794.1
11.25.2001-15:00:00,11,25,2001,15,1792.6
11.25.2001-18:00:00,11,25,2001,18,1790.3
11.25.2001-21:00:00,11,25,2001,21,1788.4
11.26.2001-00:00:00,11,26,2001,00,1787.4
11.26.2001-03:00:00,11,26,2001,03,1788.1
11.26.2001-06:00:00,11,26,2001,06,1785.4
11.26.2001-09:00:00,11,26,2001,09,1784.7
11.26.2001-12:00:00,11,26,2001,12,1781.7
11.26.2001-15:00:00,11,26,2001,15,1783.2
11.26.2001-18:00:00,11,26,2001,18,1779.8
11.26.2001-21:00:00,11,26,2001,21,1779.8
11.27.2001-00:00:00,11,27,2001,00,1777.4
11.27.2001-03:00:00,11,27,2001,03,1778.4
11.27.2001-06:00:00,11,27,2001,06,1774.4
11.27.2001-09:00:00,11,27,2001,09,1774.7
11.27.2001-12:00:00,11,27,2001,12,1772.1
11.27.2001-15:00:00,11,27,2001,15,1772.1
11.27.2001-18:00:00,11,27,2001,18,1772
11.27.2001-21:00:00,11,27,2001,21,1769.5
11.28.2001-00:00:00,11,28,2001,00,1766.9
11.28.2001-03:00:00,11,28,2001,03,1767.9
11.28.2001-06:00:00,11,28,2001,06,1762.8
11.28.2001-09:00:00,11,28,2001,09,1765.5
11.28.2001-12:00:00,11,28,2001,12,1763.8
11.28.2001-15:00:00,11,28,2001,15,1766.4
11.28.2001-18:00:00,11,28,2001,18,1763.9
11.28.2001-21:00:00,11,28,2001,21,1764.8
11.29.2001-00:00:00,11,29,2001,00,1759.8
11.29.2001-03:00:00,11,29,2001,03,1762.8
11.29.2001-06:00:00,11,29,2001,06,1759.9
11.29.2001-09:00:00,11,29,2001,09,1757.4
11.29.2001-12:00:00,11,29,2001,12,1754.6
11.29.2001-15:00:00,11,29,2001,15,1757.2
11.29.2001-18:00:00,11,29,2001,18,1751.2
11.29.2001-21:00:00,11,29,2001,21,1752.5
11.30.2001-00:00:00,11,30,2001,00,1749.9
11.30.2001-03:00:00,11,30,2001,03,1749.6
11.30.2001-06:00:00,11,30,2001,06,1746.9
11.30.2001-09:00:00,11,30,2001,09,1748.6
11.30.2001-12:00:00,11,30,2001,12,1742.4
11.30.2001-15:00:00,11,30,2001,15,1744
11.30.2001-18:00:00,11,30,2001,18,1739.7
11.30.2001-21:00:00,11,30,2001,21,1740.9
12.01.2001-00:00:00,12,01,2001,00,1736.4
12.01.2001-03:00:00,12,01,2001,03,1739.1
12.01.2001-06:00:00,12,01,2001,06,1732.8
12.01.2001-09:00:00,12,01,2001,09,1733.2
12.01.2001-12:00:00,12,01,2001,12,1734.4
12.01.2001-15:00:00,12,01,2001,15,1733.1
12.01.2001-18:00:00,12,01,2001,18,1728.5
12.01.2001-21:00:00,12,01,2001,21,1730.7
12.02.2001-00:00:00,12,02,2001,00,1726.5
12.02.2001-03:00:00,12,02,2001,03,1724.7
12.02.2001-06:00:00,12,02,2001,06,1724.2
12.02.2001-09:00:00,12,02,2001,09,1722.7
12.02.2001-12:00:00,12,02,2001,12,1719.9
12.02.2001-15:00:00,12,02,2001,15,1719.2
12.02.2001-18:00:00,12,02,2001,18,1718.1
12.02.2001-21:00:00,12,02,2001,21,1717.1
12.03.2001-00:00:00,12,03,2001,00,1715.3
12.03.2001-03:00:00,12,03,2001,03,1711.8
12.03.2001-06:00:00,12,03,2001,06,1708.6
12.03.2001-09:00:00,12,03,2001,09,1710
12.03.2001-12:00:00,12,03,2001,12,1709.5
12.03.2001-15:00:00,12,03,2001,15,1705.4
12.03.2001-18:00:00,12,03,2001,18,1704.6
12.03.2001-21:00:00,12,03,2001,21,1703.6
12.04.2001-00:00:00,12,04,2001,00,1699.4
12.04.2001-03:00:00,12,04,2001,03,1700.3
12.04.2001-06:00:00,12,04,2001,06,1697.3
12.04.2001-09:00:00,12,04,2001,09,1696.6
12.04.2001-12:00:00,12,04,2001,12,1694.6
12.04.2001-15:00:00,12,04,2001,15,1693.4
12.04.2001-18:00:00,12,04,2001,18,1689.9
12.04.2001-21:00:00,12,04,2001,21,1689.8
12.05.2001-00:00:00,12,05,2001,00,1686.6
12.05.2001-03:00:00,12,05,2001,03,1687.1
12.05.2001-06:00:00,12,05,2001,06,1682.9
12.05.2001-09:00:00,12,05,2001,09,1681.2
12.05.2001-12:00:00,12,05,2001,12,1681.5
12.05.2001-15:00:00,12,05,2001,15,1680.2
12.05.2001-18:00:00,12,05,2001,18,1677.1
12.05.2001-21:00:00,12,05,2001,21,1675.3
12.06.2001-00:00:00,12,06,2001,00,1673.5
12.06.2001-03:00:00,12,06,2001,03,1672.6
12.06.2001-06:00:00,12,06,2001,06,1670.4
12.06.2001-09:00:00,12,06,2001,09,1667.1
12.06.2001-12:00:00,12,06,2001,12,1665.8
12.06.2001-15:00:00,12,06,2001,15,1666.7
12.06.2001-18:00:00,12,06,2001,18,1663.7
12.06.2001-21:00:00,12,06,2001,21,1661.1
12.07.2001-00:00:00,12,07,2001,00,1658.7
12.07.2001-03:00:00,12,07,2001,03,1658.6
12.07.2001-06:00:00,12,07,2001,06,1657.7
12.07.2001-09:00:00,12,07,2001,09,1654.5
12.07.2001-12:00:00,12,07,2001,12,1652.2
12.07.2001-15:00:00,12,07,2001,15,1651.5
12.07.2001-18:00:00,12,07,2001,18,1650.4
12.07.2001-21:00:00,12,07,2001,21,1648
12.08.2001-00:00:00,12,08,2001,00,1647.5
12.08.2001-03:00:00,12,08,2001,03,1644.2
12.08.2001-06:00:00,12,08,2001,06,1642.7
12.08.2001-09:00:00,12,08,2001,09,1642.3
12.08.2001-12:00:00,12,08,2001,12,1639.2
12.08.2001-15:00:00,12,08,2001,15,1637.5
12.08.2001-18:00:00,12,08,2001,18,1637.1
12.08.2001-21:00:00,12,08,2001,21,1634.9
12.09.2001-00:00:00,12,09,2001,00,1631.2
12.09.2001-03:00:00,12,09,2001,03,1632.3
12.09.2001-06:00:00,12,09,2001,06,1629.3
12.09.2001-09:00:00,12,09,2001,09,1626.6
12.09.2001-12:00:00,12,09,2001,12,1625.3
12.09.2001-15:00:00,12,09,2001,15,1625
12.09.2001-18:00:00,12,09,2001,18,1622.5
12.09.2001-21:00:00,12,09,2001,21,1619.6
12.10.2001-00:00:00,12,10,2001,00,1618.2
12.10.2001-03:00:00,12,10,2001,03,1618.5
12.10.2001-06:00:00,12,10,2001,06,1616.1
12.10.2001-09:00:00,12,10,2001,09,1613.3
12.10.2001-12:00:00,12,10,2001,12,1612.1
12.10.2001-15:00:00,12,10,2001,15,1610.7
12.10.2001-18:00:00,12,10,2001,18,1608.4
12.10.2001-21:00:00,12,10,2001,21,1606.3
12.11.2001-00:00:00,12,11,2001,00,1604.9
12.11.2001-03:00:00,12,11,2001,03,1603.8
12.11.2001-06:00:00,12,11,2001,06,1602.1
12.11.2001-09:00:00,12,11,2001,09,1599.6
12.11.2001-12:00:00,12,11,2001,12,1598.5
12.11.2001-15:00:00,12,11,2001,15,1597.2
12.11.2001-18:00:00,12,11,2001,18,1595.4
12.11.2001-21:00:00,12,11,2001,21,1592.9
12.12.2001-00:00:00,12,12,2001,00,1591
12.12.2001-03:00:00,12,12,2001,03,1589.6
12.12.2001-06:00:00,12,12,2001,06,1588.1
12.12.2001-09:00:00,12,12,2001,09,1587.2
12.12.2001-12:00:00,12,12,2001,12,1584.3
12.12.2001-15:00:00,12,12,2001,15,1583.5
12.12.2001-18:00:00,12,12,2001,18,1581.5
12.12.2001-21:00:00,12,12,2001,21,1579.3
12.13.2001-00:00:00,12,13,2001,00,1576.2
12.13.2001-03:00:00,12,13,2001,03,1576.3
12.13.2001-06:00:00,12,13,2001,06,1574.7
12.13.2001-09:00:00,12,13,2001,09,1572.1
12.13.2001-12:00:00,12,13,2001,12,1570
12.13.2001-15:00:00,12,13,2001,15,1569.1
12.13.2001-18:00:00,12,13,2001,18,1567.3
12.13.2001-21:00:00,12,13,2001,21,1566.3
12.14.2001-00:00:00,12,14,2001,00,1564
12.14.2001-03:00:00,12,14,2001,03,1561.8
12.14.2001-06:00:00,12,14,2001,06,1560.2
12.14.2001-09:00:00,12,14,2001,09,1560.7
12.14.2001-12:00:00,12,14,2001,12,1558.2
12.14.2001-15:00:00,12,14,2001,15,1554.9
12.14.2001-18:00:00,12,14,2001,18,1553.9
12.14.2001-21:00:00,12,14,2001,21,1552.5
12.15.2001-00:00:00,12,15,2001,00,1551.3
12.15.2001-03:00:00,12,15,2001,03,1548.4
12.15.2001-06:00:00,12,15,2001,06,1547.7
12.15.2001-09:00:00,12,15,2001,09,1545.4
12.15.2001-12:00:00,12,15,2001,12,1543.4
12.15.2001-15:00:00,12,15,2001,15,1543.6
12.15.2001-18:00:00,12,15,2001,18,1541.2
12.15.2001-21:00:00,12,15,2001,21,1539.6
12.16.2001-00:00:00,12,16,2001,00,1537.3
12.16.2001-03:00:00,12,16,2001,03,1534.7
12.16.2001-06:00:00,12,16,2001,06,1535.7
12.16.2001-09:00:00,12,16,2001,09,1531.2
12.16.2001-12:00:00,12,16,2001,12,1530.3
12.16.2001-15:00:00,12,16,2001,15,1529
12.16.2001-18:00:00,12,16,2001,18,1526.4
12.16.2001-21:00:00,12,16,2001,21,1525.6
12.17.2001-00:00:00,12,17,2001,00,1525
12.17.2001-03:00:00,12,17,2001,03,1521.3
12.17.2001-06:00:00,12,17,2001,06,1520.5
12.17.2001-09:00:00,12,17,2001,09,1518.6
12.17.2001-12:00:00,12,17,2001,12,1517.9
12.17.2001-15:00:00,12,17,2001,15,1515.4
12.17.2001-18:00:00,12,17,2001,18,1515.7
12.17.2001-21:00:00,12,17,2001,21,1512.7
12.18.2001-00:00:00,12,18,2001,00,1510.2
12.18.2001-03:00:00,12,18,2001,03,1509.9
12.18.2001-06:00:00,12,18,2001,06,1508.3
12.18.2001-09:00:00,12,18,2001,09,1504.6
12.18.2001-12:00:00,12,18,2001,12,1504.9
12.18.2001-15:00:00,12,18,2001,15,1501.6
12.18.2001-18:00:00,12,18,2001,18,1502.7
12.18.2001-21:00:00,12,18,2001,21,1500
12.19.2001-00:00:00,12,19,2001,00,1498.2
12.19.2001-03:00:00,12,19,2001,03,1495.3
12.19.2001-06:00:00,12,19,2001,06,1494.3
12.19.2001-09:00:00,12,19,2001,09,1492.1
12.19.2001-12:00:00,12,19,2001,12,1492.4
12.19.2001-15:00:00,12,19,2001,15,1488.8
12.19.2001-18:00:00,12,19,2001,18,1488.5
12.19.2001-21:00:00,12,19,2001,21,1485.6
12.20.2001-00:00:00,12,20,2001,00,1484
12.20.2001-03:00:00,12,20,2001,03,1482.8
12.20.2001-06:00:00,12,20,2001,06,1482.3
12.20.2001-09:00:00,12,20,2001,09,1479.9
12.20.2001-12:00:00,12,20,2001,12,1478.1
12.20.2001-15:00:00,12,20,2001,15,1476.2
12.20.2001-18:00:00,12,20,2001,18,1475
12.20.2001-21:00:00,12,20,2001,21,1472.5
12.21.2001-00:00:00,12,21,2001,00,1472.5
12.21.2001-03:00:00,12,21,2001,03,1469.8
12.21.2001-06:00:00,12,21,2001,06,1468.9
12.21.2001-09:00:00,12,21,2001,09,1466.7
12.21.2001-12:00:00,12,21,2001,12,1464.6
12.21.2001-15:00:00,12,21,2001,15,1462.7
12.21.2001-18:00:00,12,21,2001,18,1463
12.21.2001-21:00:00,12,21,2001,21,1460.4
12.22.2001-00:00:00,12,22,2001,00,1458.5
12.22.2001-03:00:00,12,22,2001,03,1456.6
12.22.2001-06:00:00,12,22,2001,06,1455.1
12.22.2001-09:00:00,12,22,2001,09,1452
12.22.2001-12:00:00,12,22,2001,12,1451.4
12.22.2001-15:00:00,12,22,2001,15,1451.2
12.22.2001-18:00:00,12,22,2001,18,1449.6
12.22.2001-21:00:00,12,22,2001,21,1448
12.23.2001-00:00:00,12,23,2001,00,1445.9
12.23.2001-03:00:00,12,23,2001,03,1442.6
12.23.2001-06:00:00,12,23,2001,06,1442.7
12.23.2001-09:00:00,12,23,2001,09,1441.6
12.23.2001-12:00:00,12,23,2001,12,1438.4
12.23.2001-15:00:00,12,23,2001,15,1437.2
12.23.2001-18:00:00,12,23,2001,18,1436.3
12.23.2001-21:00:00,12,23,2001,21,1434.5
12.24.2001-00:00:00,12,24,2001,00,1431.8
12.24.2001-03:00:00,12,24,2001,03,1432.4
12.24.2001-06:00:00,12,24,2001,06,1429.1
12.24.2001-09:00:00,12,24,2001,09,1428.3
12.24.2001-12:00:00,12,24,2001,12,1425.8
12.24.2001-15:00:00,12,24,2001,15,1424.3
12.24.2001-18:00:00,12,24,2001,18,1422
12.24.2001-21:00:00,12,24,2001,21,1422.5
12.25.2001-00:00:00,12,25,2001,00,1419.1
12.25.2001-03:00:00,12,25,2001,03,1420
12.25.2001-06:00:00,12,25,2001,06,1416.8
12.25.2001-09:00:00,12,25,2001,09,1414.9
12.25.2001-12:00:00,12,25,2001,12,1413.4
12.25.2001-15:00:00,12,25,2001,15,1413.1
12.25.2001-18:00:00,12,25,2001,18,1408.4
12.25.2001-21:00:00,12,25,2001,21,1409.6
12.26.2001-00:00:00,12,26,2001,00,1407
12.26.2001-03:00:00,12,26,2001,03,1407.3
12.26.2001-06:00:00,12,26,2001,06,1404.5
12.26.2001-09:00:00,12,26,2001,09,1403.6
12.26.2001-12:00:00,12,26,2001,12,1400.3
12.26.2001-15:00:00,12,26,2001,15,1400.5
12.26.2001-18:00:00,12,26,2001,18,1396.8
12.26.2001-21:00:00,12,26,2001,21,1396.3
12.27.2001-00:00:00,12,27,2001,00,1394.1
12.27.2001-03:00:00,12,27,2001,03,1395.1
12.27.2001-06:00:00,12,27,2001,06,1391.3
12.27.2001-09:00:00,12,27,2001,09,1391.7
12.27.2001-12:00:00,12,27,2001,12,1389.3
12.27.2001-15:00:00,12,27,2001,15,1387.6
12.27.2001-18:00:00,12,27,2001,18,1384.4
12.27.2001-21:00:00,12,27,2001,21,1385.8
12.28.2001-00:00:00,12,28,2001,00,1381.3
12.28.2001-03:00:00,12,28,2001,03,1380.9
12.28.2001-06:00:00,12,28,2001,06,1380.9
12.28.2001-09:00:00,12,28,2001,09,1380.7
12.28.2001-12:00:00,12,28,2001,12,1375.9
12.28.2001-15:00:00,12,28,2001,15,1376.6
12.28.2001-18:00:00,12,28,2001,18,1372.3
12.28.2001-21:00:00,12,28,2001,21,1372.7
12.29.2001-00:00:00,12,29,2001,00,1371.6
12.29.2001-03:00:00,12,29,2001,03,1369.4
12.29.2001-06:00:00,12,29,2001,06,1366.9
12.29.2001-09:00:00,12,29,2001,09,1367.9
12.29.2001-12:00:00,12,29,2001,12,1363.1
12.29.2001-15:00:00,12,29,2001,15,1364.5
12.29.2001-18:00:00,12,29,2001,18,1360.1
12.29.2001-21:00:00,12,29,2001,21,1360.2
12.30.2001-00:00:00,12,30,2001,00,1357.1
12.30.2001-03:00:00,12,30,2001,03,1357.1
12.30.2001-06:00:00,12,30,2001,06,1354.4
12.30.2001-09:00:00,12,30,2001,09,1354.4
12.30.2001-12:00:00,12,30,2001,12,1350.5
12.30.2001-15:00:00,12,30,2001,15,1351.6
12.30.2001-18:00:00,12,30,2001,18,1347.7
12.30.2001-21:00:00,12,30,2001,21,1347.6
12.31.2001-00:00:00,12,31,2001,00,1347.1
12.31.2001-03:00:00,12,31,2001,03,1346.7
12.31.2001-06:00:00,12,31,2001,06,1340
12.31.2001-09:00:00,12,31,2001,09,1343.3
12.31.2001-12:00:00,12,31,2001,12,1337.6
12.31.2001-15:00:00,12,31,2001,15,1338.7
12.31.2001-18:00:00,12,31,2001,18,1335
12.31.2001-21:00:00,12,31,2001,21,1337
01.01.2002-00:00:00,01,01,2002,00,1330.3
01.01.2002-03:00:00,01,01,2002,03,1334.9
01.01.2002-06:00:00,01,01,2002,06,1328.6
01.01.2002-09:00:00,01,01,2002,09,1330.8
01.01.2002-12:00:00,01,01,2002,12,1327
01.01.2002-15:00:00,01,01,2002,15,1328.7
01.01.2002-18:00:00,01,01,2002,18,1323.5
01.01.2002-21:00:00,01,01,2002,21,1327.2
01.02.2002-00:00:00,01,02,2002,00,1319.6
01.02.2002-03:00:00,01,02,2002,03,1323
01.02.2002-06:00:00,01,02,2002,06,1317.4
01.02.2002-09:00:00,01,02,2002,09,1319.1
01.02.2002-12:00:00,01,02,2002,12,1314.7
01.02.2002-15:00:00,01,02,2002,15,1317.9
01.02.2002-18:00:00,01,02,2002,18,1311.6
01.02.2002-21:00:00,01,02,2002,21,1314.8
01.03.2002-00:00:00,01,03,2002,00,1307.8
01.03.2002-03:00:00,01,03,2002,03,1310.9
01.03.2002-06:00:00,01,03,2002,06,1306.2
01.03.2002-09:00:00,01,03,2002,09,1308.8
01.03.2002-12:00:00,01,03,2002,12,1302.3
01.03.2002-15:00:00,01,03,2002,15,1305
01.03.2002-18:00:00,01,03,2002,18,1299.6
01.03.2002-21:00:00,01,03,2002,21,1301.9
01.04.2002-00:00:00,01,04,2002,00,1299.4
01.04.2002-03:00:00,01,04,2002,03,1298.9
01.04.2002-06:00:00,01,04,2002,06,1294.8
01.04.2002-09:00:00,01,04,2002,09,1295.8
01.04.2002-12:00:00,01,04,2002,12,1292.8
01.04.2002-15:00:00,01,04,2002,15,1293.8
01.04.2002-18:00:00,01,04,2002,18,1288.3
01.04.2002-21:00:00,01,04,2002,21,1290
01.05.2002-00:00:00,01,05,2002,00,1287
01.05.2002-03:00:00,01,05,2002,03,1286.9
01.05.2002-06:00:00,01,05,2002,06,1284.3
01.05.2002-09:00:00,01,05,2002,09,1284.7
01.05.2002-12:00:00,01,05,2002,12,1280.7
01.05.2002-15:00:00,01,05,2002,15,1281.9
01.05.2002-18:00:00,01,05,2002,18,1278.9
01.05.2002-21:00:00,01,05,2002,21,1278.6
01.06.2002-00:00:00,01,06,2002,00,1275.8
01.06.2002-03:00:00,01,06,2002,03,1276.5
01.06.2002-06:00:00,01,06,2002,06,1272.1
01.06.2002-09:00:00,01,06,2002,09,1273.7
01.06.2002-12:00:00,01,06,2002,12,1270.8
01.06.2002-15:00:00,01,06,2002,15,1270.4
01.06.2002-18:00:00,01,06,2002,18,1266
01.06.2002-21:00:00,01,06,2002,21,1266.5
01.07.2002-00:00:00,01,07,2002,00,1267.7
01.07.2002-03:00:00,01,07,2002,03,1262.1
01.07.2002-06:00:00,01,07,2002,06,1262.9
01.07.2002-09:00:00,01,07,2002,09,1262.4
01.07.2002-12:00:00,01,07,2002,12,1259.3
01.07.2002-15:00:00,01,07,2002,15,1257.2
01.07.2002-18:00:00,01,07,2002,18,1258.5
01.07.2002-21:00:00,01,07,2002,21,1254.9
01.08.2002-00:00:00,01,08,2002,00,1254.6
01.08.2002-03:00:00,01,08,2002,03,1253.1
01.08.2002-06:00:00,01,08,2002,06,1250.4
01.08.2002-09:00:00,01,08,2002,09,1249.5
01.08.2002-12:00:00,01,08,2002,12,1252.1
01.08.2002-15:00:00,01,08,2002,15,1246.1
01.08.2002-18:00:00,01,08,2002,18,1247.1
01.08.2002-21:00:00,01,08,2002,21,1245.4
01.09.2002-00:00:00,01,09,2002,00,1242.6
01.09.2002-03:00:00,01,09,2002,03,1241.9
01.09.2002-06:00:00,01,09,2002,06,1243
01.09.2002-09:00:00,01,09,2002,09,1239.4
01.09.2002-12:00:00,01,09,2002,12,1238.4
01.09.2002-15:00:00,01,09,2002,15,1236
01.09.2002-18:00:00,01,09,2002,18,1237
01.09.2002-21:00:00,01,09,2002,21,1234.1
01.10.2002-00:00:00,01,10,2002,00,1231.5
01.10.2002-03:00:00,01,10,2002,03,1233.2
01.10.2002-06:00:00,01,10,2002,06,1232.5
01.10.2002-09:00:00,01,10,2002,09,1228.2
01.10.2002-12:00:00,01,10,2002,12,1228.1
01.10.2002-15:00:00,01,10,2002,15,1226
01.10.2002-18:00:00,01,10,2002,18,1224.2
01.10.2002-21:00:00,01,10,2002,21,1225.7
01.11.2002-00:00:00,01,11,2002,00,1222.7
01.11.2002-03:00:00,01,11,2002,03,1220.5
01.11.2002-06:00:00,01,11,2002,06,1220.5
01.11.2002-09:00:00,01,11,2002,09,1218.3
01.11.2002-12:00:00,01,11,2002,12,1219.6
01.11.2002-15:00:00,01,11,2002,15,1214.4
01.11.2002-18:00:00,01,11,2002,18,1217.1
01.11.2002-21:00:00,01,11,2002,21,1214.1
01.12.2002-00:00:00,01,12,2002,00,1211.2
01.12.2002-03:00:00,01,12,2002,03,1210
01.12.2002-06:00:00,01,12,2002,06,1210.8
01.12.2002-09:00:00,01,12,2002,09,1208.3
01.12.2002-12:00:00,01,12,2002,12,1208.5
01.12.2002-15:00:00,01,12,2002,15,1205.8
01.12.2002-18:00:00,01,12,2002,18,1205.1
01.12.2002-21:00:00,01,12,2002,21,1203
01.13.2002-00:00:00,01,13,2002,00,1202.7
01.13.2002-03:00:00,01,13,2002,03,1199.2
01.13.2002-06:00:00,01,13,2002,06,1200
01.13.2002-09:00:00,01,13,2002,09,1198.6
01.13.2002-12:00:00,01,13,2002,12,1196.5
01.13.2002-15:00:00,01,13,2002,15,1196.7
01.13.2002-18:00:00,01,13,2002,18,1194.4
01.13.2002-21:00:00,01,13,2002,21,1191
01.14.2002-00:00:00,01,14,2002,00,1192.7
01.14.2002-03:00:00,01,14,2002,03,1190.7
01.14.2002-06:00:00,01,14,2002,06,1189.2
01.14.2002-09:00:00,01,14,2002,09,1187.9
01.14.2002-12:00:00,01,14,2002,12,1186.9
01.14.2002-15:00:00,01,14,2002,15,1184.3
01.14.2002-18:00:00,01,14,2002,18,1184.7
01.14.2002-21:00:00,01,14,2002,21,1182.8
01.15.2002-00:00:00,01,15,2002,00,1182.6
01.15.2002-03:00:00,01,15,2002,03,1180.3
01.15.2002-06:00:00,01,15,2002,06,1180.8
01.15.2002-09:00:00,01,15,2002,09,1176.8
01.15.2002-12:00:00,01,15,2002,12,1178.5
01.15.2002-15:00:00,01,15,2002,15,1175.1
01.15.2002-18:00:00,01,15,2002,18,1174.9
01.15.2002-21:00:00,01,15,2002,21,1172.6
01.16.2002-00:00:00,01,16,2002,00,1173.4
01.16.2002-03:00:00,01,16,2002,03,1170.9
01.16.2002-06:00:00,01,16,2002,06,1169.3
01.16.2002-09:00:00,01,16,2002,09,1167.6
01.16.2002-12:00:00,01,16,2002,12,1168.8
01.16.2002-15:00:00,01,16,2002,15,1166.3
01.16.2002-18:00:00,01,16,2002,18,1165.2
01.16.2002-21:00:00,01,16,2002,21,1162.5
01.17.2002-00:00:00,01,17,2002,00,1163.9
01.17.2002-03:00:00,01,17,2002,03,1161.4
01.17.2002-06:00:00,01,17,2002,06,1160.3
01.17.2002-09:00:00,01,17,2002,09,1158.8
01.17.2002-12:00:00,01,17,2002,12,1159.8
01.17.2002-15:00:00,01,17,2002,15,1156.8
01.17.2002-18:00:00,01,17,2002,18,1155.6
01.17.2002-21:00:00,01,17,2002,21,1153.3
01.18.2002-00:00:00,01,18,2002,00,1155
01.18.2002-03:00:00,01,18,2002,03,1151.8
01.18.2002-06:00:00,01,18,2002,06,1151.7
01.18.2002-09:00:00,01,18,2002,09,1148.7
01.18.2002-12:00:00,01,18,2002,12,1149.8
01.18.2002-15:00:00,01,18,2002,15,1147.6
01.18.2002-18:00:00,01,18,2002,18,1146.3
01.18.2002-21:00:00,01,18,2002,21,1143.9
01.19.2002-00:00:00,01,19,2002,00,1145.3
01.19.2002-03:00:00,01,19,2002,03,1143.2
01.19.2002-06:00:00,01,19,2002,06,1142.5
01.19.2002-09:00:00,01,19,2002,09,1140.1
01.19.2002-12:00:00,01,19,2002,12,1141
01.19.2002-15:00:00,01,19,2002,15,1138.3
01.19.2002-18:00:00,01,19,2002,18,1137
01.19.2002-21:00:00,01,19,2002,21,1135
01.20.2002-00:00:00,01,20,2002,00,1136
01.20.2002-03:00:00,01,20,2002,03,1134.1
01.20.2002-06:00:00,01,20,2002,06,1132.8
01.20.2002-09:00:00,01,20,2002,09,1130.8
01.20.2002-12:00:00,01,20,2002,12,1131.7
01.20.2002-15:00:00,01,20,2002,15,1129.3
01.20.2002-18:00:00,01,20,2002,18,1128.1
01.20.2002-21:00:00,01,20,2002,21,1126.1
01.21.2002-00:00:00,01,21,2002,00,1127.8
01.21.2002-03:00:00,01,21,2002,03,1124.9
01.21.2002-06:00:00,01,21,2002,06,1124.2
01.21.2002-09:00:00,01,21,2002,09,1121.6
01.21.2002-12:00:00,01,21,2002,12,1123.1
01.21.2002-15:00:00,01,21,2002,15,1120.5
01.21.2002-18:00:00,01,21,2002,18,1119.3
01.21.2002-21:00:00,01,21,2002,21,1117.7
01.22.2002-00:00:00,01,22,2002,00,1118.7
01.22.2002-03:00:00,01,22,2002,03,1116.2
01.22.2002-06:00:00,01,22,2002,06,1115.2
01.22.2002-09:00:00,01,22,2002,09,1112.8
01.22.2002-12:00:00,01,22,2002,12,1113.1
01.22.2002-15:00:00,01,22,2002,15,1112.1
01.22.2002-18:00:00,01,22,2002,18,1111
01.22.2002-21:00:00,01,22,2002,21,1108.7
01.23.2002-00:00:00,01,23,2002,00,1108.8
01.23.2002-03:00:00,01,23,2002,03,1107.5
01.23.2002-06:00:00,01,23,2002,06,1106.7
01.23.2002-09:00:00,01,23,2002,09,1104.1
01.23.2002-12:00:00,01,23,2002,12,1104.2
01.23.2002-15:00:00,01,23,2002,15,1102.9
01.23.2002-18:00:00,01,23,2002,18,1102.7
01.23.2002-21:00:00,01,23,2002,21,1100.6
01.24.2002-00:00:00,01,24,2002,00,1100
01.24.2002-03:00:00,01,24,2002,03,1098.7
01.24.2002-06:00:00,01,24,2002,06,1098
01.24.2002-09:00:00,01,24,2002,09,1094.9
01.24.2002-12:00:00,01,24,2002,12,1095.7
01.24.2002-15:00:00,01,24,2002,15,1094.2
01.24.2002-18:00:00,01,24,2002,18,1093.9
01.24.2002-21:00:00,01,24,2002,21,1091.7
01.25.2002-00:00:00,01,25,2002,00,1091.2
01.25.2002-03:00:00,01,25,2002,03,1089.4
01.25.2002-06:00:00,01,25,2002,06,1089.8
01.25.2002-09:00:00,01,25,2002,09,1086.6
01.25.2002-12:00:00,01,25,2002,12,1086.8
01.25.2002-15:00:00,01,25,2002,15,1085.6
01.25.2002-18:00:00,01,25,2002,18,1085
01.25.2002-21:00:00,01,25,2002,21,1082.5
01.26.2002-00:00:00,01,26,2002,00,1082.8
01.26.2002-03:00:00,01,26,2002,03,1081
01.26.2002-06:00:00,01,26,2002,06,1080.7
01.26.2002-09:00:00,01,26,2002,09,1078
01.26.2002-12:00:00,01,26,2002,12,1077.9
01.26.2002-15:00:00,01,26,2002,15,1076.3
01.26.2002-18:00:00,01,26,2002,18,1076.7
01.26.2002-21:00:00,01,26,2002,21,1074.1
01.27.2002-00:00:00,01,27,2002,00,1073.9
01.27.2002-03:00:00,01,27,2002,03,1072.2
01.27.2002-06:00:00,01,27,2002,06,1072.4
01.27.2002-09:00:00,01,27,2002,09,1069.2
01.27.2002-12:00:00,01,27,2002,12,1069.4
01.27.2002-15:00:00,01,27,2002,15,1067.3
01.27.2002-18:00:00,01,27,2002,18,1067.5
01.27.2002-21:00:00,01,27,2002,21,1064.5
01.28.2002-00:00:00,01,28,2002,00,1064.9
01.28.2002-03:00:00,01,28,2002,03,1062.3
01.28.2002-06:00:00,01,28,2002,06,1063.3
01.28.2002-09:00:00,01,28,2002,09,1061
01.28.2002-12:00:00,01,28,2002,12,1060.7
01.28.2002-15:00:00,01,28,2002,15,1057.8
01.28.2002-18:00:00,01,28,2002,18,1057.8
01.28.2002-21:00:00,01,28,2002,21,1056.4
01.29.2002-00:00:00,01,29,2002,00,1056.3
01.29.2002-03:00:00,01,29,2002,03,1055.1
01.29.2002-06:00:00,01,29,2002,06,1055.6
01.29.2002-09:00:00,01,29,2002,09,1052
01.29.2002-12:00:00,01,29,2002,12,1051.5
01.29.2002-15:00:00,01,29,2002,15,1050.5
01.29.2002-18:00:00,01,29,2002,18,1049.8
01.29.2002-21:00:00,01,29,2002,21,1048.7
01.30.2002-00:00:00,01,30,2002,00,1048.7
01.30.2002-03:00:00,01,30,2002,03,1046.2
01.30.2002-06:00:00,01,30,2002,06,1046.1
01.30.2002-09:00:00,01,30,2002,09,1043.9
01.30.2002-12:00:00,01,30,2002,12,1043.7
01.30.2002-15:00:00,01,30,2002,15,1042.7
01.30.2002-18:00:00,01,30,2002,18,1043.4
01.30.2002-21:00:00,01,30,2002,21,1039.6
01.31.2002-00:00:00,01,31,2002,00,1039.4
01.31.2002-03:00:00,01,31,2002,03,1037.6
01.31.2002-06:00:00,01,31,2002,06,1037.7
01.31.2002-09:00:00,01,31,2002,09,1036.7
01.31.2002-12:00:00,01,31,2002,12,1036.6
01.31.2002-15:00:00,01,31,2002,15,1034
01.31.2002-18:00:00,01,31,2002,18,1033.5
01.31.2002-21:00:00,01,31,2002,21,1031.1
02.01.2002-00:00:00,02,01,2002,00,1031.9
02.01.2002-03:00:00,02,01,2002,03,1030.2
02.01.2002-06:00:00,02,01,2002,06,1030
02.01.2002-09:00:00,02,01,2002,09,1026.9
02.01.2002-12:00:00,02,01,2002,12,1028.1
02.01.2002-15:00:00,02,01,2002,15,1025.7
02.01.2002-18:00:00,02,01,2002,18,1025.8
02.01.2002-21:00:00,02,01,2002,21,1023.8
02.02.2002-00:00:00,02,02,2002,00,1023.8
02.02.2002-03:00:00,02,02,2002,03,1021.8
02.02.2002-06:00:00,02,02,2002,06,1021.2
02.02.2002-09:00:00,02,02,2002,09,1018.9
02.02.2002-12:00:00,02,02,2002,12,1019.2
02.02.2002-15:00:00,02,02,2002,15,1018.7
02.02.2002-18:00:00,02,02,2002,18,1018.5
02.02.2002-21:00:00,02,02,2002,21,1015.4
02.03.2002-00:00:00,02,03,2002,00,1015.8
02.03.2002-03:00:00,02,03,2002,03,1013.2
02.03.2002-06:00:00,02,03,2002,06,1013.5
02.03.2002-09:00:00,02,03,2002,09,1010.9
02.03.2002-12:00:00,02,03,2002,12,1011.7
02.03.2002-15:00:00,02,03,2002,15,1010
02.03.2002-18:00:00,02,03,2002,18,1009.6
02.03.2002-21:00:00,02,03,2002,21,1006.9
02.04.2002-00:00:00,02,04,2002,00,1007.8
02.04.2002-03:00:00,02,04,2002,03,1004.5
02.04.2002-06:00:00,02,04,2002,06,1005.3
02.04.2002-09:00:00,02,04,2002,09,1002.5
02.04.2002-12:00:00,02,04,2002,12,1003.9
02.04.2002-15:00:00,02,04,2002,15,1001.8
02.04.2002-18:00:00,02,04,2002,18,1001.6
02.04.2002-21:00:00,02,04,2002,21,998.89
02.05.2002-00:00:00,02,05,2002,00,999.23
02.05.2002-03:00:00,02,05,2002,03,996.8
02.05.2002-06:00:00,02,05,2002,06,998.09
02.05.2002-09:00:00,02,05,2002,09,994.35
02.05.2002-12:00:00,02,05,2002,12,995.45
02.05.2002-15:00:00,02,05,2002,15,993.5
02.05.2002-18:00:00,02,05,2002,18,994.12
02.05.2002-21:00:00,02,05,2002,21,990.38
02.06.2002-00:00:00,02,06,2002,00,991.7
02.06.2002-03:00:00,02,06,2002,03,989.13
02.06.2002-06:00:00,02,06,2002,06,989.49
02.06.2002-09:00:00,02,06,2002,09,986.68
02.06.2002-12:00:00,02,06,2002,12,987.55
02.06.2002-15:00:00,02,06,2002,15,986.76
02.06.2002-18:00:00,02,06,2002,18,986.04
02.06.2002-21:00:00,02,06,2002,21,983.06
02.07.2002-00:00:00,02,07,2002,00,983.26
02.07.2002-03:00:00,02,07,2002,03,980.8
02.07.2002-06:00:00,02,07,2002,06,982.93
02.07.2002-09:00:00,02,07,2002,09,978.06
02.07.2002-12:00:00,02,07,2002,12,979.94
02.07.2002-15:00:00,02,07,2002,15,977.23
02.07.2002-18:00:00,02,07,2002,18,978.77
02.07.2002-21:00:00,02,07,2002,21,976.24
02.08.2002-00:00:00,02,08,2002,00,977.33
02.08.2002-03:00:00,02,08,2002,03,972.87
02.08.2002-06:00:00,02,08,2002,06,974.2
02.08.2002-09:00:00,02,08,2002,09,970.9
02.08.2002-12:00:00,02,08,2002,12,971.92
02.08.2002-15:00:00,02,08,2002,15,968.89
02.08.2002-18:00:00,02,08,2002,18,971.07
02.08.2002-21:00:00,02,08,2002,21,965.98
02.09.2002-00:00:00,02,09,2002,00,967.17
02.09.2002-03:00:00,02,09,2002,03,966.37
02.09.2002-06:00:00,02,09,2002,06,966.34
02.09.2002-09:00:00,02,09,2002,09,965.05
02.09.2002-12:00:00,02,09,2002,12,964.85
02.09.2002-15:00:00,02,09,2002,15,961.05
02.09.2002-18:00:00,02,09,2002,18,963.02
02.09.2002-21:00:00,02,09,2002,21,959.33
02.10.2002-00:00:00,02,10,2002,00,961.47
02.10.2002-03:00:00,02,10,2002,03,957.16
02.10.2002-06:00:00,02,10,2002,06,957.24
02.10.2002-09:00:00,02,10,2002,09,957.49
02.10.2002-12:00:00,02,10,2002,12,955.4
02.10.2002-15:00:00,02,10,2002,15,956.56
02.10.2002-18:00:00,02,10,2002,18,954.83
02.10.2002-21:00:00,02,10,2002,21,953.52
02.11.2002-00:00:00,02,11,2002,00,951.22
02.11.2002-03:00:00,02,11,2002,03,952.79
02.11.2002-06:00:00,02,11,2002,06,950.12
02.11.2002-09:00:00,02,11,2002,09,949.79
02.11.2002-12:00:00,02,11,2002,12,947.69
02.11.2002-15:00:00,02,11,2002,15,947.33
02.11.2002-18:00:00,02,11,2002,18,945.77
02.11.2002-21:00:00,02,11,2002,21,946.13
02.12.2002-00:00:00,02,12,2002,00,943.81
02.12.2002-03:00:00,02,12,2002,03,944.48
02.12.2002-06:00:00,02,12,2002,06,943.37
02.12.2002-09:00:00,02,12,2002,09,941.87
02.12.2002-12:00:00,02,12,2002,12,940.07
02.12.2002-15:00:00,02,12,2002,15,940.35
02.12.2002-18:00:00,02,12,2002,18,938.48
02.12.2002-21:00:00,02,12,2002,21,939.2
02.13.2002-00:00:00,02,13,2002,00,937.55
02.13.2002-03:00:00,02,13,2002,03,935.92
02.13.2002-06:00:00,02,13,2002,06,934.44
02.13.2002-09:00:00,02,13,2002,09,935.64
02.13.2002-12:00:00,02,13,2002,12,933.01
02.13.2002-15:00:00,02,13,2002,15,933.28
02.13.2002-18:00:00,02,13,2002,18,932.63
02.13.2002-21:00:00,02,13,2002,21,931
02.14.2002-00:00:00,02,14,2002,00,929.2
02.14.2002-03:00:00,02,14,2002,03,930.89
02.14.2002-06:00:00,02,14,2002,06,927.93
02.14.2002-09:00:00,02,14,2002,09,927.91
02.14.2002-12:00:00,02,14,2002,12,926.33
02.14.2002-15:00:00,02,14,2002,15,925.17
02.14.2002-18:00:00,02,14,2002,18,924.11
02.14.2002-21:00:00,02,14,2002,21,924.51
02.15.2002-00:00:00,02,15,2002,00,921.94
02.15.2002-03:00:00,02,15,2002,03,921.76
02.15.2002-06:00:00,02,15,2002,06,921.05
02.15.2002-09:00:00,02,15,2002,09,920.58
02.15.2002-12:00:00,02,15,2002,12,918.99
02.15.2002-15:00:00,02,15,2002,15,919.62
02.15.2002-18:00:00,02,15,2002,18,916.66
02.15.2002-21:00:00,02,15,2002,21,916.64
02.16.2002-00:00:00,02,16,2002,00,915.6
02.16.2002-03:00:00,02,16,2002,03,914.39
02.16.2002-06:00:00,02,16,2002,06,913.41
02.16.2002-09:00:00,02,16,2002,09,914.19
02.16.2002-12:00:00,02,16,2002,12,911.26
02.16.2002-15:00:00,02,16,2002,15,911.24
02.16.2002-18:00:00,02,16,2002,18,910.55
02.16.2002-21:00:00,02,16,2002,21,910.25
02.17.2002-00:00:00,02,17,2002,00,907.66
02.17.2002-03:00:00,02,17,2002,03,909.37
02.17.2002-06:00:00,02,17,2002,06,905.77
02.17.2002-09:00:00,02,17,2002,09,906.26
02.17.2002-12:00:00,02,17,2002,12,905.38
02.17.2002-15:00:00,02,17,2002,15,904.93
02.17.2002-18:00:00,02,17,2002,18,902.59
02.17.2002-21:00:00,02,17,2002,21,904.7
02.18.2002-00:00:00,02,18,2002,00,900.95
02.18.2002-03:00:00,02,18,2002,03,900.87
02.18.2002-06:00:00,02,18,2002,06,900.28
02.18.2002-09:00:00,02,18,2002,09,899.55
02.18.2002-12:00:00,02,18,2002,12,884.3
02.18.2002-15:00:00,02,18,2002,15,894.88
02.18.2002-18:00:00,02,18,2002,18,893.92
02.18.2002-21:00:00,02,18,2002,21,895.83
02.19.2002-00:00:00,02,19,2002,00,894.3
02.19.2002-03:00:00,02,19,2002,03,894.55
02.19.2002-06:00:00,02,19,2002,06,891.2
02.19.2002-09:00:00,02,19,2002,09,894.35
02.19.2002-12:00:00,02,19,2002,12,881.19
02.19.2002-15:00:00,02,19,2002,15,886.96
02.19.2002-18:00:00,02,19,2002,18,887.37
02.19.2002-21:00:00,02,19,2002,21,889.96
02.20.2002-00:00:00,02,20,2002,00,886.93
02.20.2002-03:00:00,02,20,2002,03,887.32
02.20.2002-06:00:00,02,20,2002,06,885.91
02.20.2002-09:00:00,02,20,2002,09,886.2
02.20.2002-12:00:00,02,20,2002,12,866.7
02.20.2002-15:00:00,02,20,2002,15,877.42
02.20.2002-18:00:00,02,20,2002,18,879.18
02.20.2002-21:00:00,02,20,2002,21,882.56
02.21.2002-00:00:00,02,21,2002,00,880
02.21.2002-03:00:00,02,21,2002,03,880.54
02.21.2002-06:00:00,02,21,2002,06,877.79
02.21.2002-09:00:00,02,21,2002,09,879.29
02.21.2002-12:00:00,02,21,2002,12,877
02.21.2002-15:00:00,02,21,2002,15,877.29
02.21.2002-18:00:00,02,21,2002,18,875.16
02.21.2002-21:00:00,02,21,2002,21,875.71
02.22.2002-00:00:00,02,22,2002,00,872.41
02.22.2002-03:00:00,02,22,2002,03,874.44
02.22.2002-06:00:00,02,22,2002,06,871.27
02.22.2002-09:00:00,02,22,2002,09,851.76
02.22.2002-12:00:00,02,22,2002,12,846.16
02.22.2002-15:00:00,02,22,2002,15,858.64
02.22.2002-18:00:00,02,22,2002,18,863.52
02.22.2002-21:00:00,02,22,2002,21,866.98
02.23.2002-00:00:00,02,23,2002,00,866.55
02.23.2002-03:00:00,02,23,2002,03,866.71
02.23.2002-06:00:00,02,23,2002,06,863.63
02.23.2002-09:00:00,02,23,2002,09,866.48
02.23.2002-12:00:00,02,23,2002,12,861.95
02.23.2002-15:00:00,02,23,2002,15,863.16
02.23.2002-18:00:00,02,23,2002,18,861.82
02.23.2002-21:00:00,02,23,2002,21,862.18
02.24.2002-00:00:00,02,24,2002,00,858.98
02.24.2002-03:00:00,02,24,2002,03,860.51
02.24.2002-06:00:00,02,24,2002,06,857.68
02.24.2002-09:00:00,02,24,2002,09,858.5
02.24.2002-12:00:00,02,24,2002,12,856.93
02.24.2002-15:00:00,02,24,2002,15,858.04
02.24.2002-18:00:00,02,24,2002,18,854.77
02.24.2002-21:00:00,02,24,2002,21,856.37
02.25.2002-00:00:00,02,25,2002,00,852.14
02.25.2002-03:00:00,02,25,2002,03,853.9
02.25.2002-06:00:00,02,25,2002,06,852.41
02.25.2002-09:00:00,02,25,2002,09,852.67
02.25.2002-12:00:00,02,25,2002,12,849.42
02.25.2002-15:00:00,02,25,2002,15,851.63
02.25.2002-18:00:00,02,25,2002,18,848.64
02.25.2002-21:00:00,02,25,2002,21,849.22
02.26.2002-00:00:00,02,26,2002,00,847.25
02.26.2002-03:00:00,02,26,2002,03,847.91
02.26.2002-06:00:00,02,26,2002,06,844.99
02.26.2002-09:00:00,02,26,2002,09,847.05
02.26.2002-12:00:00,02,26,2002,12,843
02.26.2002-15:00:00,02,26,2002,15,844.26
02.26.2002-18:00:00,02,26,2002,18,842.56
02.26.2002-21:00:00,02,26,2002,21,843.48
02.27.2002-00:00:00,02,27,2002,00,839.92
02.27.2002-03:00:00,02,27,2002,03,842.79
02.27.2002-06:00:00,02,27,2002,06,839.15
02.27.2002-09:00:00,02,27,2002,09,839.17
02.27.2002-12:00:00,02,27,2002,12,837.84
02.27.2002-15:00:00,02,27,2002,15,838.55
02.27.2002-18:00:00,02,27,2002,18,835.38
02.27.2002-21:00:00,02,27,2002,21,837.58
02.28.2002-00:00:00,02,28,2002,00,833.88
02.28.2002-03:00:00,02,28,2002,03,834.57
02.28.2002-06:00:00,02,28,2002,06,833.13
02.28.2002-09:00:00,02,28,2002,09,833.98
02.28.2002-12:00:00,02,28,2002,12,830.3
02.28.2002-15:00:00,02,28,2002,15,832.85
02.28.2002-18:00:00,02,28,2002,18,828.14
02.28.2002-21:00:00,02,28,2002,21,830.23
03.01.2002-00:00:00,03,01,2002,00,826.75
03.01.2002-03:00:00,03,01,2002,03,829.08
03.01.2002-06:00:00,03,01,2002,06,824.59
03.01.2002-09:00:00,03,01,2002,09,827.36
03.01.2002-12:00:00,03,01,2002,12,803.1
03.01.2002-15:00:00,03,01,2002,15,814.72
03.01.2002-18:00:00,03,01,2002,18,817
03.01.2002-21:00:00,03,01,2002,21,821.94
03.02.2002-00:00:00,03,02,2002,00,820.71
03.02.2002-03:00:00,03,02,2002,03,821.78
03.02.2002-06:00:00,03,02,2002,06,817.86
03.02.2002-09:00:00,03,02,2002,09,819.61
03.02.2002-12:00:00,03,02,2002,12,802.92
03.02.2002-15:00:00,03,02,2002,15,811.52
03.02.2002-18:00:00,03,02,2002,18,813.03
03.02.2002-21:00:00,03,02,2002,21,816.44
03.03.2002-00:00:00,03,03,2002,00,814.32
03.03.2002-03:00:00,03,03,2002,03,814.32
03.03.2002-06:00:00,03,03,2002,06,813.31
03.03.2002-09:00:00,03,03,2002,09,813.36
03.03.2002-12:00:00,03,03,2002,12,789.7
03.03.2002-15:00:00,03,03,2002,15,802.95
03.03.2002-18:00:00,03,03,2002,18,804.98
03.03.2002-21:00:00,03,03,2002,21,808.22
03.04.2002-00:00:00,03,04,2002,00,809.94
03.04.2002-03:00:00,03,04,2002,03,808.95
03.04.2002-06:00:00,03,04,2002,06,805.56
03.04.2002-09:00:00,03,04,2002,09,786.03
03.04.2002-12:00:00,03,04,2002,12,766.52
03.04.2002-15:00:00,03,04,2002,15,786.81
03.04.2002-18:00:00,03,04,2002,18,796.8
03.04.2002-21:00:00,03,04,2002,21,799.56
03.05.2002-00:00:00,03,05,2002,00,798.03
03.05.2002-03:00:00,03,05,2002,03,799.82
03.05.2002-06:00:00,03,05,2002,06,799.13
03.05.2002-09:00:00,03,05,2002,09,797.21
03.05.2002-12:00:00,03,05,2002,12,774.13
03.05.2002-15:00:00,03,05,2002,15,787.27
03.05.2002-18:00:00,03,05,2002,18,792.72
03.05.2002-21:00:00,03,05,2002,21,795.02
03.06.2002-00:00:00,03,06,2002,00,792.59
03.06.2002-03:00:00,03,06,2002,03,794.16
03.06.2002-06:00:00,03,06,2002,06,791.95
03.06.2002-09:00:00,03,06,2002,09,794.93
03.06.2002-12:00:00,03,06,2002,12,791.09
03.06.2002-15:00:00,03,06,2002,15,791.02
03.06.2002-18:00:00,03,06,2002,18,790.02
03.06.2002-21:00:00,03,06,2002,21,790.14
03.07.2002-00:00:00,03,07,2002,00,788.81
03.07.2002-03:00:00,03,07,2002,03,788.87
03.07.2002-06:00:00,03,07,2002,06,786.59
03.07.2002-09:00:00,03,07,2002,09,785.61
03.07.2002-12:00:00,03,07,2002,12,786.09
03.07.2002-15:00:00,03,07,2002,15,787.49
03.07.2002-18:00:00,03,07,2002,18,782.51
03.07.2002-21:00:00,03,07,2002,21,783.56
03.08.2002-00:00:00,03,08,2002,00,783.76
03.08.2002-03:00:00,03,08,2002,03,781.19
03.08.2002-06:00:00,03,08,2002,06,780.11
03.08.2002-09:00:00,03,08,2002,09,782.98
03.08.2002-12:00:00,03,08,2002,12,779.44
03.08.2002-15:00:00,03,08,2002,15,778.7
03.08.2002-18:00:00,03,08,2002,18,779.33
03.08.2002-21:00:00,03,08,2002,21,776.93
03.09.2002-00:00:00,03,09,2002,00,776.72
03.09.2002-03:00:00,03,09,2002,03,778.15
03.09.2002-06:00:00,03,09,2002,06,774.65
03.09.2002-09:00:00,03,09,2002,09,774.47
03.09.2002-12:00:00,03,09,2002,12,773.68
03.09.2002-15:00:00,03,09,2002,15,775.82
03.09.2002-18:00:00,03,09,2002,18,771.6
03.09.2002-21:00:00,03,09,2002,21,771.02
03.10.2002-00:00:00,03,10,2002,00,770.85
03.10.2002-03:00:00,03,10,2002,03,772.76
03.10.2002-06:00:00,03,10,2002,06,768.68
03.10.2002-09:00:00,03,10,2002,09,768
03.10.2002-12:00:00,03,10,2002,12,767.94
03.10.2002-15:00:00,03,10,2002,15,768.39
03.10.2002-18:00:00,03,10,2002,18,766.67
03.10.2002-21:00:00,03,10,2002,21,764.9
03.11.2002-00:00:00,03,11,2002,00,765.76
03.11.2002-03:00:00,03,11,2002,03,764.9
03.11.2002-06:00:00,03,11,2002,06,763.65
03.11.2002-09:00:00,03,11,2002,09,762.85
03.11.2002-12:00:00,03,11,2002,12,763.13
03.11.2002-15:00:00,03,11,2002,15,761.16
03.11.2002-18:00:00,03,11,2002,18,761.14
03.11.2002-21:00:00,03,11,2002,21,759.07
03.12.2002-00:00:00,03,12,2002,00,759.87
03.12.2002-03:00:00,03,12,2002,03,760.13
03.12.2002-06:00:00,03,12,2002,06,757.63
03.12.2002-09:00:00,03,12,2002,09,738.94
03.12.2002-12:00:00,03,12,2002,12,726.37
03.12.2002-15:00:00,03,12,2002,15,745.26
03.12.2002-18:00:00,03,12,2002,18,750.62
03.12.2002-21:00:00,03,12,2002,21,751.61
03.13.2002-00:00:00,03,13,2002,00,750.89
03.13.2002-03:00:00,03,13,2002,03,752.25
03.13.2002-06:00:00,03,13,2002,06,752.23
03.13.2002-09:00:00,03,13,2002,09,750.52
03.13.2002-12:00:00,03,13,2002,12,727.01
03.13.2002-15:00:00,03,13,2002,15,737.72
03.13.2002-18:00:00,03,13,2002,18,745.34
03.13.2002-21:00:00,03,13,2002,21,747.06
03.14.2002-00:00:00,03,14,2002,00,744.97
03.14.2002-03:00:00,03,14,2002,03,745.62
03.14.2002-06:00:00,03,14,2002,06,744.46
03.14.2002-09:00:00,03,14,2002,09,726.47
03.14.2002-12:00:00,03,14,2002,12,711.58
03.14.2002-15:00:00,03,14,2002,15,728.42
03.14.2002-18:00:00,03,14,2002,18,735.27
03.14.2002-21:00:00,03,14,2002,21,739.8
03.15.2002-00:00:00,03,15,2002,00,739.59
03.15.2002-03:00:00,03,15,2002,03,739.38
03.15.2002-06:00:00,03,15,2002,06,737.19
03.15.2002-09:00:00,03,15,2002,09,738.93
03.15.2002-12:00:00,03,15,2002,12,736.64
03.15.2002-15:00:00,03,15,2002,15,736.85
03.15.2002-18:00:00,03,15,2002,18,735.35
03.15.2002-21:00:00,03,15,2002,21,735.57
03.16.2002-00:00:00,03,16,2002,00,735.9
03.16.2002-03:00:00,03,16,2002,03,735
03.16.2002-06:00:00,03,16,2002,06,732.83
03.16.2002-09:00:00,03,16,2002,09,732.96
03.16.2002-12:00:00,03,16,2002,12,732.47
03.16.2002-15:00:00,03,16,2002,15,732.47
03.16.2002-18:00:00,03,16,2002,18,731.47
03.16.2002-21:00:00,03,16,2002,21,730.54
03.17.2002-00:00:00,03,17,2002,00,728.84
03.17.2002-03:00:00,03,17,2002,03,730.55
03.17.2002-06:00:00,03,17,2002,06,729.62
03.17.2002-09:00:00,03,17,2002,09,728.15
03.17.2002-12:00:00,03,17,2002,12,726.68
03.17.2002-15:00:00,03,17,2002,15,727.26
03.17.2002-18:00:00,03,17,2002,18,725.35
03.17.2002-21:00:00,03,17,2002,21,727.28
03.18.2002-00:00:00,03,18,2002,00,724.45
03.18.2002-03:00:00,03,18,2002,03,723.88
03.18.2002-06:00:00,03,18,2002,06,723.1
03.18.2002-09:00:00,03,18,2002,09,723.86
03.18.2002-12:00:00,03,18,2002,12,721.89
03.18.2002-15:00:00,03,18,2002,15,721.89
03.18.2002-18:00:00,03,18,2002,18,719.98
03.18.2002-21:00:00,03,18,2002,21,720.64
03.19.2002-00:00:00,03,19,2002,00,720.56
03.19.2002-03:00:00,03,19,2002,03,718.7
03.19.2002-06:00:00,03,19,2002,06,717.04
03.19.2002-09:00:00,03,19,2002,09,718.01
03.19.2002-12:00:00,03,19,2002,12,718.12
03.19.2002-15:00:00,03,19,2002,15,714.84
03.19.2002-18:00:00,03,19,2002,18,715.99
03.19.2002-21:00:00,03,19,2002,21,715.67
03.20.2002-00:00:00,03,20,2002,00,715.39
03.20.2002-03:00:00,03,20,2002,03,712.95
03.20.2002-06:00:00,03,20,2002,06,712.21
03.20.2002-09:00:00,03,20,2002,09,712.81
03.20.2002-12:00:00,03,20,2002,12,714.07
03.20.2002-15:00:00,03,20,2002,15,710.89
03.20.2002-18:00:00,03,20,2002,18,709.55
03.20.2002-21:00:00,03,20,2002,21,709.8
03.21.2002-00:00:00,03,21,2002,00,711.15
03.21.2002-03:00:00,03,21,2002,03,707.59
03.21.2002-06:00:00,03,21,2002,06,709.07
03.21.2002-09:00:00,03,21,2002,09,707.32
03.21.2002-12:00:00,03,21,2002,12,706.64
03.21.2002-15:00:00,03,21,2002,15,706.03
03.21.2002-18:00:00,03,21,2002,18,706.74
03.21.2002-21:00:00,03,21,2002,21,704.55
03.22.2002-00:00:00,03,22,2002,00,704.78
03.22.2002-03:00:00,03,22,2002,03,703.53
03.22.2002-06:00:00,03,22,2002,06,703.98
03.22.2002-09:00:00,03,22,2002,09,683.16
03.22.2002-12:00:00,03,22,2002,12,668.78
03.22.2002-15:00:00,03,22,2002,15,684.05
03.22.2002-18:00:00,03,22,2002,18,692.64
03.22.2002-21:00:00,03,22,2002,21,696.59
03.23.2002-00:00:00,03,23,2002,00,697.91
03.23.2002-03:00:00,03,23,2002,03,696.69
03.23.2002-06:00:00,03,23,2002,06,696.74
03.23.2002-09:00:00,03,23,2002,09,660.38
03.23.2002-12:00:00,03,23,2002,12,651.74
03.23.2002-15:00:00,03,23,2002,15,663.1
03.23.2002-18:00:00,03,23,2002,18,670.24
03.23.2002-21:00:00,03,23,2002,21,681.07
03.24.2002-00:00:00,03,24,2002,00,685.37
03.24.2002-03:00:00,03,24,2002,03,686.77
03.24.2002-06:00:00,03,24,2002,06,687.03
03.24.2002-09:00:00,03,24,2002,09,651.16
03.24.2002-12:00:00,03,24,2002,12,642.77
03.24.2002-15:00:00,03,24,2002,15,655.67
03.24.2002-18:00:00,03,24,2002,18,660.98
03.24.2002-21:00:00,03,24,2002,21,671.05
03.25.2002-00:00:00,03,25,2002,00,678.18
03.25.2002-03:00:00,03,25,2002,03,679.22
03.25.2002-06:00:00,03,25,2002,06,679.66
03.25.2002-09:00:00,03,25,2002,09,643.96
03.25.2002-12:00:00,03,25,2002,12,634.27
03.25.2002-15:00:00,03,25,2002,15,646.27
03.25.2002-18:00:00,03,25,2002,18,655.51
03.25.2002-21:00:00,03,25,2002,21,661.9
03.26.2002-00:00:00,03,26,2002,00,670.05
03.26.2002-03:00:00,03,26,2002,03,671.53
03.26.2002-06:00:00,03,26,2002,06,672.34
03.26.2002-09:00:00,03,26,2002,09,655.29
03.26.2002-12:00:00,03,26,2002,12,647.19
03.26.2002-15:00:00,03,26,2002,15,657.85
03.26.2002-18:00:00,03,26,2002,18,665.68
03.26.2002-21:00:00,03,26,2002,21,669.74
03.27.2002-00:00:00,03,27,2002,00,669.58
03.27.2002-03:00:00,03,27,2002,03,669.59
03.27.2002-06:00:00,03,27,2002,06,669.25
03.27.2002-09:00:00,03,27,2002,09,659.29
03.27.2002-12:00:00,03,27,2002,12,654.12
03.27.2002-15:00:00,03,27,2002,15,662.12
03.27.2002-18:00:00,03,27,2002,18,665.75
03.27.2002-21:00:00,03,27,2002,21,666.88
03.28.2002-00:00:00,03,28,2002,00,665.7
03.28.2002-03:00:00,03,28,2002,03,665.73
03.28.2002-06:00:00,03,28,2002,06,666.26
03.28.2002-09:00:00,03,28,2002,09,638.87
03.28.2002-12:00:00,03,28,2002,12,629.24
03.28.2002-15:00:00,03,28,2002,15,639.38
03.28.2002-18:00:00,03,28,2002,18,648.64
03.28.2002-21:00:00,03,28,2002,21,655.4
03.29.2002-00:00:00,03,29,2002,00,657.87
03.29.2002-03:00:00,03,29,2002,03,659.2
03.29.2002-06:00:00,03,29,2002,06,659.5
03.29.2002-09:00:00,03,29,2002,09,633.86
03.29.2002-12:00:00,03,29,2002,12,626.79
03.29.2002-15:00:00,03,29,2002,15,636.18
03.29.2002-18:00:00,03,29,2002,18,645.4
03.29.2002-21:00:00,03,29,2002,21,651.04
03.30.2002-00:00:00,03,30,2002,00,653.38
03.30.2002-03:00:00,03,30,2002,03,654.34
03.30.2002-06:00:00,03,30,2002,06,654.19
03.30.2002-09:00:00,03,30,2002,09,620.25
03.30.2002-12:00:00,03,30,2002,12,613.73
03.30.2002-15:00:00,03,30,2002,15,624.44
03.30.2002-18:00:00,03,30,2002,18,630.77
03.30.2002-21:00:00,03,30,2002,21,639.09
03.31.2002-00:00:00,03,31,2002,00,644.45
03.31.2002-03:00:00,03,31,2002,03,646.12
03.31.2002-06:00:00,03,31,2002,06,645.93
03.31.2002-09:00:00,03,31,2002,09,621.34
03.31.2002-12:00:00,03,31,2002,12,613.3
03.31.2002-15:00:00,03,31,2002,15,620.88
03.31.2002-18:00:00,03,31,2002,18,630.64
03.31.2002-21:00:00,03,31,2002,21,639.29
04.01.2002-00:00:00,04,01,2002,00,641.73
04.01.2002-03:00:00,04,01,2002,03,641.37
04.01.2002-06:00:00,04,01,2002,06,641.69
04.01.2002-09:00:00,04,01,2002,09,622.67
04.01.2002-12:00:00,04,01,2002,12,612.81
04.01.2002-15:00:00,04,01,2002,15,621.71
04.01.2002-18:00:00,04,01,2002,18,632.48
04.01.2002-21:00:00,04,01,2002,21,636.53
04.02.2002-00:00:00,04,02,2002,00,638.16
04.02.2002-03:00:00,04,02,2002,03,638.2
04.02.2002-06:00:00,04,02,2002,06,639.17
04.02.2002-09:00:00,04,02,2002,09,617.65
04.02.2002-12:00:00,04,02,2002,12,608.28
04.02.2002-15:00:00,04,02,2002,15,617.89
04.02.2002-18:00:00,04,02,2002,18,627.53
04.02.2002-21:00:00,04,02,2002,21,631.85
04.03.2002-00:00:00,04,03,2002,00,633.64
04.03.2002-03:00:00,04,03,2002,03,634.06
04.03.2002-06:00:00,04,03,2002,06,633.45
04.03.2002-09:00:00,04,03,2002,09,602.97
04.03.2002-12:00:00,04,03,2002,12,591.59
04.03.2002-15:00:00,04,03,2002,15,602.65
04.03.2002-18:00:00,04,03,2002,18,610.62
04.03.2002-21:00:00,04,03,2002,21,615.06
04.04.2002-00:00:00,04,04,2002,00,620.87
04.04.2002-03:00:00,04,04,2002,03,625.17
04.04.2002-06:00:00,04,04,2002,06,626.31
04.04.2002-09:00:00,04,04,2002,09,590.93
04.04.2002-12:00:00,04,04,2002,12,577.63
04.04.2002-15:00:00,04,04,2002,15,591.02
04.04.2002-18:00:00,04,04,2002,18,599.27
04.04.2002-21:00:00,04,04,2002,21,603.62
04.05.2002-00:00:00,04,05,2002,00,607.33
04.05.2002-03:00:00,04,05,2002,03,610.95
04.05.2002-06:00:00,04,05,2002,06,613.55
04.05.2002-09:00:00,04,05,2002,09,589.18
04.05.2002-12:00:00,04,05,2002,12,579.48
04.05.2002-15:00:00,04,05,2002,15,588.35
04.05.2002-18:00:00,04,05,2002,18,597.73
04.05.2002-21:00:00,04,05,2002,21,602.92
04.06.2002-00:00:00,04,06,2002,00,607.52
04.06.2002-03:00:00,04,06,2002,03,611.65
04.06.2002-06:00:00,04,06,2002,06,614.03
04.06.2002-09:00:00,04,06,2002,09,586.73
04.06.2002-12:00:00,04,06,2002,12,575.74
04.06.2002-15:00:00,04,06,2002,15,585.01
04.06.2002-18:00:00,04,06,2002,18,595.32
04.06.2002-21:00:00,04,06,2002,21,599.29
04.07.2002-00:00:00,04,07,2002,00,605.26
04.07.2002-03:00:00,04,07,2002,03,609.1
04.07.2002-06:00:00,04,07,2002,06,610.56
04.07.2002-09:00:00,04,07,2002,09,585.97
04.07.2002-12:00:00,04,07,2002,12,576.64
04.07.2002-15:00:00,04,07,2002,15,585.25
04.07.2002-18:00:00,04,07,2002,18,593.92
04.07.2002-21:00:00,04,07,2002,21,598.37
04.08.2002-00:00:00,04,08,2002,00,605.24
04.08.2002-03:00:00,04,08,2002,03,605.89
04.08.2002-06:00:00,04,08,2002,06,606.19
04.08.2002-09:00:00,04,08,2002,09,577.17
04.08.2002-12:00:00,04,08,2002,12,565.9
04.08.2002-15:00:00,04,08,2002,15,575.14
04.08.2002-18:00:00,04,08,2002,18,584.19
04.08.2002-21:00:00,04,08,2002,21,588.43
04.09.2002-00:00:00,04,09,2002,00,590.67
04.09.2002-03:00:00,04,09,2002,03,594.45
04.09.2002-06:00:00,04,09,2002,06,598.73
04.09.2002-09:00:00,04,09,2002,09,584.67
04.09.2002-12:00:00,04,09,2002,12,575.56
04.09.2002-15:00:00,04,09,2002,15,581.42
04.09.2002-18:00:00,04,09,2002,18,590.36
04.09.2002-21:00:00,04,09,2002,21,596.93
04.10.2002-00:00:00,04,10,2002,00,598.81
04.10.2002-03:00:00,04,10,2002,03,598.19
04.10.2002-06:00:00,04,10,2002,06,598.54
04.10.2002-09:00:00,04,10,2002,09,559.42
04.10.2002-12:00:00,04,10,2002,12,549.39
04.10.2002-15:00:00,04,10,2002,15,564.56
04.10.2002-18:00:00,04,10,2002,18,572.08
04.10.2002-21:00:00,04,10,2002,21,576.13
04.11.2002-00:00:00,04,11,2002,00,578.78
04.11.2002-03:00:00,04,11,2002,03,581.01
04.11.2002-06:00:00,04,11,2002,06,574.78
04.11.2002-09:00:00,04,11,2002,09,552.87
04.11.2002-12:00:00,04,11,2002,12,547.89
04.11.2002-15:00:00,04,11,2002,15,561.71
04.11.2002-18:00:00,04,11,2002,18,568.03
04.11.2002-21:00:00,04,11,2002,21,573.53
04.12.2002-00:00:00,04,12,2002,00,577.44
04.12.2002-03:00:00,04,12,2002,03,578.55
04.12.2002-06:00:00,04,12,2002,06,576.5
04.12.2002-09:00:00,04,12,2002,09,548.87
04.12.2002-12:00:00,04,12,2002,12,540.7
04.12.2002-15:00:00,04,12,2002,15,557.26
04.12.2002-18:00:00,04,12,2002,18,566.26
04.12.2002-21:00:00,04,12,2002,21,569.59
04.13.2002-00:00:00,04,13,2002,00,572.98
04.13.2002-03:00:00,04,13,2002,03,575.94
04.13.2002-06:00:00,04,13,2002,06,567.22
04.13.2002-09:00:00,04,13,2002,09,545.54
04.13.2002-12:00:00,04,13,2002,12,542.75
04.13.2002-15:00:00,04,13,2002,15,559.27
04.13.2002-18:00:00,04,13,2002,18,566.98
04.13.2002-21:00:00,04,13,2002,21,572.94
04.14.2002-00:00:00,04,14,2002,00,575.8
04.14.2002-03:00:00,04,14,2002,03,579.62
04.14.2002-06:00:00,04,14,2002,06,571.89
04.14.2002-09:00:00,04,14,2002,09,546.54
04.14.2002-12:00:00,04,14,2002,12,544.46
04.14.2002-15:00:00,04,14,2002,15,564.93
04.14.2002-18:00:00,04,14,2002,18,575.83
04.14.2002-21:00:00,04,14,2002,21,582.21
04.15.2002-00:00:00,04,15,2002,00,585.64
04.15.2002-03:00:00,04,15,2002,03,589.36
04.15.2002-06:00:00,04,15,2002,06,591.75
04.15.2002-09:00:00,04,15,2002,09,579.88
04.15.2002-12:00:00,04,15,2002,12,574.04
04.15.2002-15:00:00,04,15,2002,15,583.13
04.15.2002-18:00:00,04,15,2002,18,590.35
04.15.2002-21:00:00,04,15,2002,21,592.21
04.16.2002-00:00:00,04,16,2002,00,593.66
04.16.2002-03:00:00,04,16,2002,03,594.28
04.16.2002-06:00:00,04,16,2002,06,594.08
04.16.2002-09:00:00,04,16,2002,09,579.38
04.16.2002-12:00:00,04,16,2002,12,573.54
04.16.2002-15:00:00,04,16,2002,15,580.53
04.16.2002-18:00:00,04,16,2002,18,587.22
04.16.2002-21:00:00,04,16,2002,21,595.25
04.17.2002-00:00:00,04,17,2002,00,596.72
04.17.2002-03:00:00,04,17,2002,03,597.84
04.17.2002-06:00:00,04,17,2002,06,598.5
04.17.2002-09:00:00,04,17,2002,09,568.61
04.17.2002-12:00:00,04,17,2002,12,562.08
04.17.2002-15:00:00,04,17,2002,15,572.81
04.17.2002-18:00:00,04,17,2002,18,580.44
04.17.2002-21:00:00,04,17,2002,21,584.57
04.18.2002-00:00:00,04,18,2002,00,586.05
04.18.2002-03:00:00,04,18,2002,03,588.01
04.18.2002-06:00:00,04,18,2002,06,592.8
04.18.2002-09:00:00,04,18,2002,09,560.66
04.18.2002-12:00:00,04,18,2002,12,551.19
04.18.2002-15:00:00,04,18,2002,15,567.02
04.18.2002-18:00:00,04,18,2002,18,575.51
04.18.2002-21:00:00,04,18,2002,21,579.3
04.19.2002-00:00:00,04,19,2002,00,580.78
04.19.2002-03:00:00,04,19,2002,03,582.58
04.19.2002-06:00:00,04,19,2002,06,584.51
04.19.2002-09:00:00,04,19,2002,09,552.93
04.19.2002-12:00:00,04,19,2002,12,544.87
04.19.2002-15:00:00,04,19,2002,15,560.3
04.19.2002-18:00:00,04,19,2002,18,574.22
04.19.2002-21:00:00,04,19,2002,21,576.79
04.20.2002-00:00:00,04,20,2002,00,580.37
04.20.2002-03:00:00,04,20,2002,03,582.01
04.20.2002-06:00:00,04,20,2002,06,574.49
04.20.2002-09:00:00,04,20,2002,09,553.32
04.20.2002-12:00:00,04,20,2002,12,550.54
04.20.2002-15:00:00,04,20,2002,15,569.59
04.20.2002-18:00:00,04,20,2002,18,586.96
04.20.2002-21:00:00,04,20,2002,21,593.09
04.21.2002-00:00:00,04,21,2002,00,598.38
04.21.2002-03:00:00,04,21,2002,03,601.28
04.21.2002-06:00:00,04,21,2002,06,599.2
04.21.2002-09:00:00,04,21,2002,09,593.26
04.21.2002-12:00:00,04,21,2002,12,596.16
04.21.2002-15:00:00,04,21,2002,15,609.42
04.21.2002-18:00:00,04,21,2002,18,621.17
04.21.2002-21:00:00,04,21,2002,21,630.71
04.22.2002-00:00:00,04,22,2002,00,637.35
04.22.2002-03:00:00,04,22,2002,03,641.19
04.22.2002-06:00:00,04,22,2002,06,630.96
04.22.2002-09:00:00,04,22,2002,09,620.02
04.22.2002-12:00:00,04,22,2002,12,625.02
04.22.2002-15:00:00,04,22,2002,15,651.48
04.22.2002-18:00:00,04,22,2002,18,670.71
04.22.2002-21:00:00,04,22,2002,21,675.55
04.23.2002-00:00:00,04,23,2002,00,677.13
04.23.2002-03:00:00,04,23,2002,03,682
04.23.2002-06:00:00,04,23,2002,06,684.58
04.23.2002-09:00:00,04,23,2002,09,667.1
04.23.2002-12:00:00,04,23,2002,12,662.26
04.23.2002-15:00:00,04,23,2002,15,673.49
04.23.2002-18:00:00,04,23,2002,18,681.11
04.23.2002-21:00:00,04,23,2002,21,688.4
04.24.2002-00:00:00,04,24,2002,00,691.22
04.24.2002-03:00:00,04,24,2002,03,695.36
04.24.2002-06:00:00,04,24,2002,06,695.04
04.24.2002-09:00:00,04,24,2002,09,666.87
04.24.2002-12:00:00,04,24,2002,12,658.25
04.24.2002-15:00:00,04,24,2002,15,678.53
04.24.2002-18:00:00,04,24,2002,18,686.57
04.24.2002-21:00:00,04,24,2002,21,691.24
04.25.2002-00:00:00,04,25,2002,00,691.83
04.25.2002-03:00:00,04,25,2002,03,696.25
04.25.2002-06:00:00,04,25,2002,06,688.16
04.25.2002-09:00:00,04,25,2002,09,667.05
04.25.2002-12:00:00,04,25,2002,12,660.41
04.25.2002-15:00:00,04,25,2002,15,679.71
04.25.2002-18:00:00,04,25,2002,18,696.11
04.25.2002-21:00:00,04,25,2002,21,701.4
04.26.2002-00:00:00,04,26,2002,00,702.79
04.26.2002-03:00:00,04,26,2002,03,707
04.26.2002-06:00:00,04,26,2002,06,701.87
04.26.2002-09:00:00,04,26,2002,09,676.31
04.26.2002-12:00:00,04,26,2002,12,679.18
04.26.2002-15:00:00,04,26,2002,15,721.65
04.26.2002-18:00:00,04,26,2002,18,731.83
04.26.2002-21:00:00,04,26,2002,21,724.5
04.27.2002-00:00:00,04,27,2002,00,722.69
04.27.2002-03:00:00,04,27,2002,03,722.08
04.27.2002-06:00:00,04,27,2002,06,715.7
04.27.2002-09:00:00,04,27,2002,09,772.18
04.27.2002-12:00:00,04,27,2002,12,821.59
04.27.2002-15:00:00,04,27,2002,15,868.31
04.27.2002-18:00:00,04,27,2002,18,837.57
04.27.2002-21:00:00,04,27,2002,21,832.66
04.28.2002-00:00:00,04,28,2002,00,790.67
04.28.2002-03:00:00,04,28,2002,03,783.11
04.28.2002-06:00:00,04,28,2002,06,767.21
04.28.2002-09:00:00,04,28,2002,09,844.61
04.28.2002-12:00:00,04,28,2002,12,1142.1
04.28.2002-15:00:00,04,28,2002,15,1070.7
04.28.2002-18:00:00,04,28,2002,18,1032.8
04.28.2002-21:00:00,04,28,2002,21,946.62
04.29.2002-00:00:00,04,29,2002,00,907.04
04.29.2002-03:00:00,04,29,2002,03,879.91
04.29.2002-06:00:00,04,29,2002,06,852.14
04.29.2002-09:00:00,04,29,2002,09,1098.9
04.29.2002-12:00:00,04,29,2002,12,1554.9
04.29.2002-15:00:00,04,29,2002,15,1518.5
04.29.2002-18:00:00,04,29,2002,18,1429.1
04.29.2002-21:00:00,04,29,2002,21,1297.6
04.30.2002-00:00:00,04,30,2002,00,1262.5
04.30.2002-03:00:00,04,30,2002,03,1241.1
04.30.2002-06:00:00,04,30,2002,06,1267.7
04.30.2002-09:00:00,04,30,2002,09,1824
04.30.2002-12:00:00,04,30,2002,12,2458.2
04.30.2002-15:00:00,04,30,2002,15,2382.7
04.30.2002-18:00:00,04,30,2002,18,2141.7
04.30.2002-21:00:00,04,30,2002,21,1953.6
05.01.2002-00:00:00,05,01,2002,00,1727.6
05.01.2002-03:00:00,05,01,2002,03,1508.6
05.01.2002-06:00:00,05,01,2002,06,1452.2
05.01.2002-09:00:00,05,01,2002,09,2382
05.01.2002-12:00:00,05,01,2002,12,3876.1
05.01.2002-15:00:00,05,01,2002,15,3674.5
05.01.2002-18:00:00,05,01,2002,18,3079.2
05.01.2002-21:00:00,05,01,2002,21,2587.4
05.02.2002-00:00:00,05,02,2002,00,2473.2
05.02.2002-03:00:00,05,02,2002,03,2319.7
05.02.2002-06:00:00,05,02,2002,06,2529
05.02.2002-09:00:00,05,02,2002,09,4642.1
05.02.2002-12:00:00,05,02,2002,12,6805.3
05.02.2002-15:00:00,05,02,2002,15,6226.3
05.02.2002-18:00:00,05,02,2002,18,4689.5
05.02.2002-21:00:00,05,02,2002,21,3786.3
05.03.2002-00:00:00,05,03,2002,00,3195.4
05.03.2002-03:00:00,05,03,2002,03,2863.3
05.03.2002-06:00:00,05,03,2002,06,2746.1
05.03.2002-09:00:00,05,03,2002,09,3559.6
05.03.2002-12:00:00,05,03,2002,12,5533.8
05.03.2002-15:00:00,05,03,2002,15,5261.2
05.03.2002-18:00:00,05,03,2002,18,3839
05.03.2002-21:00:00,05,03,2002,21,3209.1
05.04.2002-00:00:00,05,04,2002,00,3045.2
05.04.2002-03:00:00,05,04,2002,03,3083.1
05.04.2002-06:00:00,05,04,2002,06,3102.4
05.04.2002-09:00:00,05,04,2002,09,2852.5
05.04.2002-12:00:00,05,04,2002,12,3612.7
05.04.2002-15:00:00,05,04,2002,15,4027.9
05.04.2002-18:00:00,05,04,2002,18,3540.3
05.04.2002-21:00:00,05,04,2002,21,3231
05.05.2002-00:00:00,05,05,2002,00,3199
05.05.2002-03:00:00,05,05,2002,03,3207
05.05.2002-06:00:00,05,05,2002,06,3142.2
05.05.2002-09:00:00,05,05,2002,09,3184.3
05.05.2002-12:00:00,05,05,2002,12,5259.6
05.05.2002-15:00:00,05,05,2002,15,5186
05.05.2002-18:00:00,05,05,2002,18,4059.7
05.05.2002-21:00:00,05,05,2002,21,3487
05.06.2002-00:00:00,05,06,2002,00,3384.6
05.06.2002-03:00:00,05,06,2002,03,3417.4
05.06.2002-06:00:00,05,06,2002,06,3438.9
05.06.2002-09:00:00,05,06,2002,09,3171.9
05.06.2002-12:00:00,05,06,2002,12,3200.7
05.06.2002-15:00:00,05,06,2002,15,3758.8
05.06.2002-18:00:00,05,06,2002,18,3626.1
05.06.2002-21:00:00,05,06,2002,21,3504.6
05.07.2002-00:00:00,05,07,2002,00,3510.3
05.07.2002-03:00:00,05,07,2002,03,3527.6
05.07.2002-06:00:00,05,07,2002,06,3479.9
05.07.2002-09:00:00,05,07,2002,09,3210.2
05.07.2002-12:00:00,05,07,2002,12,4212.4
05.07.2002-15:00:00,05,07,2002,15,4862.2
05.07.2002-18:00:00,05,07,2002,18,4100.2
05.07.2002-21:00:00,05,07,2002,21,3694.1
05.08.2002-00:00:00,05,08,2002,00,3636
05.08.2002-03:00:00,05,08,2002,03,3641.2
05.08.2002-06:00:00,05,08,2002,06,3652.6
05.08.2002-09:00:00,05,08,2002,09,3246.5
05.08.2002-12:00:00,05,08,2002,12,4073.2
05.08.2002-15:00:00,05,08,2002,15,5650.9
05.08.2002-18:00:00,05,08,2002,18,4414.1
05.08.2002-21:00:00,05,08,2002,21,3830.9
05.09.2002-00:00:00,05,09,2002,00,3758.5
05.09.2002-03:00:00,05,09,2002,03,3769.2
05.09.2002-06:00:00,05,09,2002,06,3728.2
05.09.2002-09:00:00,05,09,2002,09,3261.4
05.09.2002-12:00:00,05,09,2002,12,3176.9
05.09.2002-15:00:00,05,09,2002,15,3606.6
05.09.2002-18:00:00,05,09,2002,18,3996.5
05.09.2002-21:00:00,05,09,2002,21,3795.7
05.10.2002-00:00:00,05,10,2002,00,3760.5
05.10.2002-03:00:00,05,10,2002,03,3760.7
05.10.2002-06:00:00,05,10,2002,06,3628.4
05.10.2002-09:00:00,05,10,2002,09,3139.5
05.10.2002-12:00:00,05,10,2002,12,4709.7
05.10.2002-15:00:00,05,10,2002,15,5850
05.10.2002-18:00:00,05,10,2002,18,5286.4
05.10.2002-21:00:00,05,10,2002,21,4382.3
05.11.2002-00:00:00,05,11,2002,00,4051.2
05.11.2002-03:00:00,05,11,2002,03,3882.3
05.11.2002-06:00:00,05,11,2002,06,3937
05.11.2002-09:00:00,05,11,2002,09,7152.4
05.11.2002-12:00:00,05,11,2002,12,12531
05.11.2002-15:00:00,05,11,2002,15,12028
05.11.2002-18:00:00,05,11,2002,18,8526.6
05.11.2002-21:00:00,05,11,2002,21,6545.3
05.12.2002-00:00:00,05,12,2002,00,5522.8
05.12.2002-03:00:00,05,12,2002,03,4923.5
05.12.2002-06:00:00,05,12,2002,06,4731.4
05.12.2002-09:00:00,05,12,2002,09,8904.6
05.12.2002-12:00:00,05,12,2002,12,15783
05.12.2002-15:00:00,05,12,2002,15,14458
05.12.2002-18:00:00,05,12,2002,18,10144
05.12.2002-21:00:00,05,12,2002,21,7804.5
05.13.2002-00:00:00,05,13,2002,00,6853.2
05.13.2002-03:00:00,05,13,2002,03,6184.7
05.13.2002-06:00:00,05,13,2002,06,6425.3
05.13.2002-09:00:00,05,13,2002,09,12572
05.13.2002-12:00:00,05,13,2002,12,20875
05.13.2002-15:00:00,05,13,2002,15,18137
05.13.2002-18:00:00,05,13,2002,18,12918
05.13.2002-21:00:00,05,13,2002,21,10249
05.14.2002-00:00:00,05,14,2002,00,9247.9
05.14.2002-03:00:00,05,14,2002,03,8075.5
05.14.2002-06:00:00,05,14,2002,06,7803.8
05.14.2002-09:00:00,05,14,2002,09,10433
05.14.2002-12:00:00,05,14,2002,12,16271
05.14.2002-15:00:00,05,14,2002,15,15202
05.14.2002-18:00:00,05,14,2002,18,11797
05.14.2002-21:00:00,05,14,2002,21,10037
05.15.2002-00:00:00,05,15,2002,00,8843.1
05.15.2002-03:00:00,05,15,2002,03,8481.3
05.15.2002-06:00:00,05,15,2002,06,8139.6
05.15.2002-09:00:00,05,15,2002,09,9997.4
05.15.2002-12:00:00,05,15,2002,12,15837
05.15.2002-15:00:00,05,15,2002,15,16759
05.15.2002-18:00:00,05,15,2002,18,12818
05.15.2002-21:00:00,05,15,2002,21,10644
05.16.2002-00:00:00,05,16,2002,00,9677.4
05.16.2002-03:00:00,05,16,2002,03,9304.2
05.16.2002-06:00:00,05,16,2002,06,8800.4
05.16.2002-09:00:00,05,16,2002,09,11411
05.16.2002-12:00:00,05,16,2002,12,19636
05.16.2002-15:00:00,05,16,2002,15,20534
05.16.2002-18:00:00,05,16,2002,18,15531
05.16.2002-21:00:00,05,16,2002,21,12875
05.17.2002-00:00:00,05,17,2002,00,12266
05.17.2002-03:00:00,05,17,2002,03,11795
05.17.2002-06:00:00,05,17,2002,06,12832
05.17.2002-09:00:00,05,17,2002,09,21211
05.17.2002-12:00:00,05,17,2002,12,27842
05.17.2002-15:00:00,05,17,2002,15,25257
05.17.2002-18:00:00,05,17,2002,18,20267
05.17.2002-21:00:00,05,17,2002,21,17329
05.18.2002-00:00:00,05,18,2002,00,15320
05.18.2002-03:00:00,05,18,2002,03,14012
05.18.2002-06:00:00,05,18,2002,06,13907
05.18.2002-09:00:00,05,18,2002,09,21718
05.18.2002-12:00:00,05,18,2002,12,30399
05.18.2002-15:00:00,05,18,2002,15,28194
05.18.2002-18:00:00,05,18,2002,18,22485
05.18.2002-21:00:00,05,18,2002,21,19412
05.19.2002-00:00:00,05,19,2002,00,17909
05.19.2002-03:00:00,05,19,2002,03,16953
05.19.2002-06:00:00,05,19,2002,06,17802
05.19.2002-09:00:00,05,19,2002,09,27211
05.19.2002-12:00:00,05,19,2002,12,35539
05.19.2002-15:00:00,05,19,2002,15,34002
05.19.2002-18:00:00,05,19,2002,18,29026
05.19.2002-21:00:00,05,19,2002,21,25553
05.20.2002-00:00:00,05,20,2002,00,28312
05.20.2002-03:00:00,05,20,2002,03,30156
05.20.2002-06:00:00,05,20,2002,06,35060
05.20.2002-09:00:00,05,20,2002,09,45893
05.20.2002-12:00:00,05,20,2002,12,54355
05.20.2002-15:00:00,05,20,2002,15,54789
05.20.2002-18:00:00,05,20,2002,18,51459
05.20.2002-21:00:00,05,20,2002,21,49256
05.21.2002-00:00:00,05,21,2002,00,47033
05.21.2002-03:00:00,05,21,2002,03,45070
05.21.2002-06:00:00,05,21,2002,06,45616
05.21.2002-09:00:00,05,21,2002,09,49662
05.21.2002-12:00:00,05,21,2002,12,54063
05.21.2002-15:00:00,05,21,2002,15,55328
05.21.2002-18:00:00,05,21,2002,18,54365
05.21.2002-21:00:00,05,21,2002,21,53756
05.22.2002-00:00:00,05,22,2002,00,50464
05.22.2002-03:00:00,05,22,2002,03,48169
05.22.2002-06:00:00,05,22,2002,06,48090
05.22.2002-09:00:00,05,22,2002,09,49723
05.22.2002-12:00:00,05,22,2002,12,51704
05.22.2002-15:00:00,05,22,2002,15,52142
05.22.2002-18:00:00,05,22,2002,18,51151
05.22.2002-21:00:00,05,22,2002,21,49873
05.23.2002-00:00:00,05,23,2002,00,46204
05.23.2002-03:00:00,05,23,2002,03,43367
05.23.2002-06:00:00,05,23,2002,06,43931
05.23.2002-09:00:00,05,23,2002,09,55765
05.23.2002-12:00:00,05,23,2002,12,68008
05.23.2002-15:00:00,05,23,2002,15,69977
05.23.2002-18:00:00,05,23,2002,18,65360
05.23.2002-21:00:00,05,23,2002,21,60762
05.24.2002-00:00:00,05,24,2002,00,56087
05.24.2002-03:00:00,05,24,2002,03,51776
05.24.2002-06:00:00,05,24,2002,06,48476
05.24.2002-09:00:00,05,24,2002,09,52154
05.24.2002-12:00:00,05,24,2002,12,67797
05.24.2002-15:00:00,05,24,2002,15,71349
05.24.2002-18:00:00,05,24,2002,18,67201
05.24.2002-21:00:00,05,24,2002,21,61543
05.25.2002-00:00:00,05,25,2002,00,57750
05.25.2002-03:00:00,05,25,2002,03,54070
05.25.2002-06:00:00,05,25,2002,06,53645
05.25.2002-09:00:00,05,25,2002,09,65216
05.25.2002-12:00:00,05,25,2002,12,79775
05.25.2002-15:00:00,05,25,2002,15,83444
05.25.2002-18:00:00,05,25,2002,18,80603
05.25.2002-21:00:00,05,25,2002,21,75521
05.26.2002-00:00:00,05,26,2002,00,70268
05.26.2002-03:00:00,05,26,2002,03,64785
05.26.2002-06:00:00,05,26,2002,06,61651
05.26.2002-09:00:00,05,26,2002,09,72140
05.26.2002-12:00:00,05,26,2002,12,89332
05.26.2002-15:00:00,05,26,2002,15,93798
05.26.2002-18:00:00,05,26,2002,18,90460
05.26.2002-21:00:00,05,26,2002,21,84611
05.27.2002-00:00:00,05,27,2002,00,78782
05.27.2002-03:00:00,05,27,2002,03,73563
05.27.2002-06:00:00,05,27,2002,06,71008
05.27.2002-09:00:00,05,27,2002,09,83003
05.27.2002-12:00:00,05,27,2002,12,1.0073e+05
05.27.2002-15:00:00,05,27,2002,15,1.0735e+05
05.27.2002-18:00:00,05,27,2002,18,1.0566e+05
05.27.2002-21:00:00,05,27,2002,21,1.0056e+05
05.28.2002-00:00:00,05,28,2002,00,96250
05.28.2002-03:00:00,05,28,2002,03,92157
05.28.2002-06:00:00,05,28,2002,06,94655
05.28.2002-09:00:00,05,28,2002,09,1.0839e+05
05.28.2002-12:00:00,05,28,2002,12,1.2439e+05
05.28.2002-15:00:00,05,28,2002,15,1.3292e+05
05.28.2002-18:00:00,05,28,2002,18,1.3225e+05
05.28.2002-21:00:00,05,28,2002,21,1.29e+05
05.29.2002-00:00:00,05,29,2002,00,1.2203e+05
05.29.2002-03:00:00,05,29,2002,03,1.1487e+05
05.29.2002-06:00:00,05,29,2002,06,1.1353e+05
05.29.2002-09:00:00,05,29,2002,09,1.2423e+05
05.29.2002-12:00:00,05,29,2002,12,1.3757e+05
05.29.2002-15:00:00,05,29,2002,15,1.4372e+05
05.29.2002-18:00:00,05,29,2002,18,1.4118e+05
05.29.2002-21:00:00,05,29,2002,21,1.3509e+05
05.30.2002-00:00:00,05,30,2002,00,1.2676e+05
05.30.2002-03:00:00,05,30,2002,03,1.1862e+05
05.30.2002-06:00:00,05,30,2002,06,1.1248e+05
05.30.2002-09:00:00,05,30,2002,09,1.2157e+05
05.30.2002-12:00:00,05,30,2002,12,1.3742e+05
05.30.2002-15:00:00,05,30,2002,15,1.444e+05
05.30.2002-18:00:00,05,30,2002,18,1.4131e+05
05.30.2002-21:00:00,05,30,2002,21,1.3499e+05
05.31.2002-00:00:00,05,31,2002,00,1.2771e+05
05.31.2002-03:00:00,05,31,2002,03,1.2005e+05
05.31.2002-06:00:00,05,31,2002,06,1.1443e+05
05.31.2002-09:00:00,05,31,2002,09,1.211e+05
05.31.2002-12:00:00,05,31,2002,12,1.32e+05
05.31.2002-15:00:00,05,31,2002,15,1.3762e+05
05.31.2002-18:00:00,05,31,2002,18,1.3567e+05
05.31.2002-21:00:00,05,31,2002,21,1.3056e+05
06.01.2002-00:00:00,06,01,2002,00,1.2359e+05
06.01.2002-03:00:00,06,01,2002,03,1.1661e+05
06.01.2002-06:00:00,06,01,2002,06,1.1138e+05
06.01.2002-09:00:00,06,01,2002,09,1.2086e+05
06.01.2002-12:00:00,06,01,2002,12,1.3564e+05
06.01.2002-15:00:00,06,01,2002,15,1.4318e+05
06.01.2002-18:00:00,06,01,2002,18,1.4176e+05
06.01.2002-21:00:00,06,01,2002,21,1.3744e+05
06.02.2002-00:00:00,06,02,2002,00,1.3175e+05
06.02.2002-03:00:00,06,02,2002,03,1.2524e+05
06.02.2002-06:00:00,06,02,2002,06,1.234e+05
06.02.2002-09:00:00,06,02,2002,09,1.3295e+05
06.02.2002-12:00:00,06,02,2002,12,1.4699e+05
06.02.2002-15:00:00,06,02,2002,15,1.537e+05
06.02.2002-18:00:00,06,02,2002,18,1.5354e+05
06.02.2002-21:00:00,06,02,2002,21,1.4839e+05
06.03.2002-00:00:00,06,03,2002,00,1.4312e+05
06.03.2002-03:00:00,06,03,2002,03,1.351e+05
06.03.2002-06:00:00,06,03,2002,06,1.3123e+05
06.03.2002-09:00:00,06,03,2002,09,1.3758e+05
06.03.2002-12:00:00,06,03,2002,12,1.5046e+05
06.03.2002-15:00:00,06,03,2002,15,1.5621e+05
06.03.2002-18:00:00,06,03,2002,18,1.5505e+05
06.03.2002-21:00:00,06,03,2002,21,1.4944e+05
06.04.2002-00:00:00,06,04,2002,00,1.4477e+05
06.04.2002-03:00:00,06,04,2002,03,1.3837e+05
06.04.2002-06:00:00,06,04,2002,06,1.3797e+05
06.04.2002-09:00:00,06,04,2002,09,1.452e+05
06.04.2002-12:00:00,06,04,2002,12,1.5695e+05
06.04.2002-15:00:00,06,04,2002,15,1.631e+05
06.04.2002-18:00:00,06,04,2002,18,1.6488e+05
06.04.2002-21:00:00,06,04,2002,21,1.6207e+05
06.05.2002-00:00:00,06,05,2002,00,1.5824e+05
06.05.2002-03:00:00,06,05,2002,03,1.5255e+05
06.05.2002-06:00:00,06,05,2002,06,1.5116e+05
06.05.2002-09:00:00,06,05,2002,09,1.5735e+05
06.05.2002-12:00:00,06,05,2002,12,1.664e+05
06.05.2002-15:00:00,06,05,2002,15,1.7069e+05
06.05.2002-18:00:00,06,05,2002,18,1.6986e+05
06.05.2002-21:00:00,06,05,2002,21,1.6591e+05
06.06.2002-00:00:00,06,06,2002,00,1.6173e+05
06.06.2002-03:00:00,06,06,2002,03,1.541e+05
06.06.2002-06:00:00,06,06,2002,06,1.4951e+05
06.06.2002-09:00:00,06,06,2002,09,1.474e+05
06.06.2002-12:00:00,06,06,2002,12,1.4826e+05
06.06.2002-15:00:00,06,06,2002,15,1.4627e+05
06.06.2002-18:00:00,06,06,2002,18,1.421e+05
06.06.2002-21:00:00,06,06,2002,21,1.3561e+05
06.07.2002-00:00:00,06,07,2002,00,1.2935e+05
06.07.2002-03:00:00,06,07,2002,03,1.2183e+05
06.07.2002-06:00:00,06,07,2002,06,1.1443e+05
06.07.2002-09:00:00,06,07,2002,09,1.0925e+05
06.07.2002-12:00:00,06,07,2002,12,1.0989e+05
06.07.2002-15:00:00,06,07,2002,15,1.0793e+05
06.07.2002-18:00:00,06,07,2002,18,1.0351e+05
06.07.2002-21:00:00,06,07,2002,21,98472
06.08.2002-00:00:00,06,08,2002,00,94011
06.08.2002-03:00:00,06,08,2002,03,89584
06.08.2002-06:00:00,06,08,2002,06,85318
06.08.2002-09:00:00,06,08,2002,09,80495
06.08.2002-12:00:00,06,08,2002,12,77345
06.08.2002-15:00:00,06,08,2002,15,75495
06.08.2002-18:00:00,06,08,2002,18,73390
06.08.2002-21:00:00,06,08,2002,21,70912
06.09.2002-00:00:00,06,09,2002,00,68814
06.09.2002-03:00:00,06,09,2002,03,66599
06.09.2002-06:00:00,06,09,2002,06,64726
06.09.2002-09:00:00,06,09,2002,09,70971
06.09.2002-12:00:00,06,09,2002,12,81045
06.09.2002-15:00:00,06,09,2002,15,86687
06.09.2002-18:00:00,06,09,2002,18,87281
06.09.2002-21:00:00,06,09,2002,21,86621
06.10.2002-00:00:00,06,10,2002,00,85674
06.10.2002-03:00:00,06,10,2002,03,83924
06.10.2002-06:00:00,06,10,2002,06,84024
06.10.2002-09:00:00,06,10,2002,09,92195
06.10.2002-12:00:00,06,10,2002,12,1.017e+05
06.10.2002-15:00:00,06,10,2002,15,1.0722e+05
06.10.2002-18:00:00,06,10,2002,18,1.0729e+05
06.10.2002-21:00:00,06,10,2002,21,1.0599e+05
06.11.2002-00:00:00,06,11,2002,00,1.0383e+05
06.11.2002-03:00:00,06,11,2002,03,1.0161e+05
06.11.2002-06:00:00,06,11,2002,06,1.0011e+05
06.11.2002-09:00:00,06,11,2002,09,1.046e+05
06.11.2002-12:00:00,06,11,2002,12,1.1117e+05
06.11.2002-15:00:00,06,11,2002,15,1.1275e+05
06.11.2002-18:00:00,06,11,2002,18,1.1124e+05
06.11.2002-21:00:00,06,11,2002,21,1.077e+05
06.12.2002-00:00:00,06,12,2002,00,1.0445e+05
06.12.2002-03:00:00,06,12,2002,03,99665
06.12.2002-06:00:00,06,12,2002,06,97272
06.12.2002-09:00:00,06,12,2002,09,1.0168e+05
06.12.2002-12:00:00,06,12,2002,12,1.0831e+05
06.12.2002-15:00:00,06,12,2002,15,1.1078e+05
06.12.2002-18:00:00,06,12,2002,18,1.1114e+05
06.12.2002-21:00:00,06,12,2002,21,1.0968e+05
06.13.2002-00:00:00,06,13,2002,00,1.0752e+05
06.13.2002-03:00:00,06,13,2002,03,1.0449e+05
06.13.2002-06:00:00,06,13,2002,06,1.0219e+05
06.13.2002-09:00:00,06,13,2002,09,1.0571e+05
06.13.2002-12:00:00,06,13,2002,12,1.1061e+05
06.13.2002-15:00:00,06,13,2002,15,1.1243e+05
06.13.2002-18:00:00,06,13,2002,18,1.1153e+05
06.13.2002-21:00:00,06,13,2002,21,1.1029e+05
06.14.2002-00:00:00,06,14,2002,00,1.0827e+05
06.14.2002-03:00:00,06,14,2002,03,1.0486e+05
06.14.2002-06:00:00,06,14,2002,06,1.0181e+05
06.14.2002-09:00:00,06,14,2002,09,1.0332e+05
06.14.2002-12:00:00,06,14,2002,12,1.0713e+05
06.14.2002-15:00:00,06,14,2002,15,1.0889e+05
06.14.2002-18:00:00,06,14,2002,18,1.0932e+05
06.14.2002-21:00:00,06,14,2002,21,1.0901e+05
06.15.2002-00:00:00,06,15,2002,00,1.0794e+05
06.15.2002-03:00:00,06,15,2002,03,1.053e+05
06.15.2002-06:00:00,06,15,2002,06,1.0325e+05
06.15.2002-09:00:00,06,15,2002,09,1.0386e+05
06.15.2002-12:00:00,06,15,2002,12,1.069e+05
06.15.2002-15:00:00,06,15,2002,15,1.0795e+05
06.15.2002-18:00:00,06,15,2002,18,1.0924e+05
06.15.2002-21:00:00,06,15,2002,21,1.0868e+05
06.16.2002-00:00:00,06,16,2002,00,1.0766e+05
06.16.2002-03:00:00,06,16,2002,03,1.0506e+05
06.16.2002-06:00:00,06,16,2002,06,1.0234e+05
06.16.2002-09:00:00,06,16,2002,09,1.0159e+05
06.16.2002-12:00:00,06,16,2002,12,1.0221e+05
06.16.2002-15:00:00,06,16,2002,15,1.0177e+05
06.16.2002-18:00:00,06,16,2002,18,1.0051e+05
06.16.2002-21:00:00,06,16,2002,21,98948
06.17.2002-00:00:00,06,17,2002,00,97375
06.17.2002-03:00:00,06,17,2002,03,95181
06.17.2002-06:00:00,06,17,2002,06,92223
06.17.2002-09:00:00,06,17,2002,09,90522
06.17.2002-12:00:00,06,17,2002,12,89899
06.17.2002-15:00:00,06,17,2002,15,88669
06.17.2002-18:00:00,06,17,2002,18,87820
06.17.2002-21:00:00,06,17,2002,21,85987
06.18.2002-00:00:00,06,18,2002,00,83836
06.18.2002-03:00:00,06,18,2002,03,80570
06.18.2002-06:00:00,06,18,2002,06,77208
06.18.2002-09:00:00,06,18,2002,09,74590
06.18.2002-12:00:00,06,18,2002,12,72836
06.18.2002-15:00:00,06,18,2002,15,71495
06.18.2002-18:00:00,06,18,2002,18,70637
06.18.2002-21:00:00,06,18,2002,21,69972
06.19.2002-00:00:00,06,19,2002,00,68461
06.19.2002-03:00:00,06,19,2002,03,66173
06.19.2002-06:00:00,06,19,2002,06,62923
06.19.2002-09:00:00,06,19,2002,09,59701
06.19.2002-12:00:00,06,19,2002,12,58067
06.19.2002-15:00:00,06,19,2002,15,57230
06.19.2002-18:00:00,06,19,2002,18,57692
06.19.2002-21:00:00,06,19,2002,21,57459
06.20.2002-00:00:00,06,20,2002,00,57105
06.20.2002-03:00:00,06,20,2002,03,56286
06.20.2002-06:00:00,06,20,2002,06,53598
06.20.2002-09:00:00,06,20,2002,09,50594
06.20.2002-12:00:00,06,20,2002,12,49143
06.20.2002-15:00:00,06,20,2002,15,49287
06.20.2002-18:00:00,06,20,2002,18,50509
06.20.2002-21:00:00,06,20,2002,21,50625
06.21.2002-00:00:00,06,21,2002,00,50891
06.21.2002-03:00:00,06,21,2002,03,49990
06.21.2002-06:00:00,06,21,2002,06,47456
06.21.2002-09:00:00,06,21,2002,09,44117
06.21.2002-12:00:00,06,21,2002,12,42792
06.21.2002-15:00:00,06,21,2002,15,42555
06.21.2002-18:00:00,06,21,2002,18,44585
06.21.2002-21:00:00,06,21,2002,21,45651
06.22.2002-00:00:00,06,22,2002,00,46191
06.22.2002-03:00:00,06,22,2002,03,45905
06.22.2002-06:00:00,06,22,2002,06,43325
06.22.2002-09:00:00,06,22,2002,09,40757
06.22.2002-12:00:00,06,22,2002,12,39547
06.22.2002-15:00:00,06,22,2002,15,39508
06.22.2002-18:00:00,06,22,2002,18,41515
06.22.2002-21:00:00,06,22,2002,21,42584
06.23.2002-00:00:00,06,23,2002,00,43607
06.23.2002-03:00:00,06,23,2002,03,42907
06.23.2002-06:00:00,06,23,2002,06,40831
06.23.2002-09:00:00,06,23,2002,09,37763
06.23.2002-12:00:00,06,23,2002,12,36271
06.23.2002-15:00:00,06,23,2002,15,36423
06.23.2002-18:00:00,06,23,2002,18,37870
06.23.2002-21:00:00,06,23,2002,21,38865
06.24.2002-00:00:00,06,24,2002,00,39748
06.24.2002-03:00:00,06,24,2002,03,39105
06.24.2002-06:00:00,06,24,2002,06,37071
06.24.2002-09:00:00,06,24,2002,09,33765
06.24.2002-12:00:00,06,24,2002,12,31984
06.24.2002-15:00:00,06,24,2002,15,32159
06.24.2002-18:00:00,06,24,2002,18,33429
06.24.2002-21:00:00,06,24,2002,21,34522
06.25.2002-00:00:00,06,25,2002,00,35379
06.25.2002-03:00:00,06,25,2002,03,34988
06.25.2002-06:00:00,06,25,2002,06,32611
06.25.2002-09:00:00,06,25,2002,09,29337
06.25.2002-12:00:00,06,25,2002,12,27853
06.25.2002-15:00:00,06,25,2002,15,27753
06.25.2002-18:00:00,06,25,2002,18,29497
06.25.2002-21:00:00,06,25,2002,21,30747
06.26.2002-00:00:00,06,26,2002,00,31761
06.26.2002-03:00:00,06,26,2002,03,31547
06.26.2002-06:00:00,06,26,2002,06,29155
06.26.2002-09:00:00,06,26,2002,09,26547
06.26.2002-12:00:00,06,26,2002,12,25765
06.26.2002-15:00:00,06,26,2002,15,25726
06.26.2002-18:00:00,06,26,2002,18,26990
06.26.2002-21:00:00,06,26,2002,21,28316
06.27.2002-00:00:00,06,27,2002,00,28895
06.27.2002-03:00:00,06,27,2002,03,28336
06.27.2002-06:00:00,06,27,2002,06,26013
06.27.2002-09:00:00,06,27,2002,09,23402
06.27.2002-12:00:00,06,27,2002,12,22327
06.27.2002-15:00:00,06,27,2002,15,22650
06.27.2002-18:00:00,06,27,2002,18,24160
06.27.2002-21:00:00,06,27,2002,21,25595
06.28.2002-00:00:00,06,28,2002,00,26692
06.28.2002-03:00:00,06,28,2002,03,26988
06.28.2002-06:00:00,06,28,2002,06,26315
06.28.2002-09:00:00,06,28,2002,09,24739
06.28.2002-12:00:00,06,28,2002,12,23987
06.28.2002-15:00:00,06,28,2002,15,24338
06.28.2002-18:00:00,06,28,2002,18,25571
06.28.2002-21:00:00,06,28,2002,21,26752
06.29.2002-00:00:00,06,29,2002,00,28175
06.29.2002-03:00:00,06,29,2002,03,28659
06.29.2002-06:00:00,06,29,2002,06,28310
06.29.2002-09:00:00,06,29,2002,09,27209
06.29.2002-12:00:00,06,29,2002,12,26480
06.29.2002-15:00:00,06,29,2002,15,26594
06.29.2002-18:00:00,06,29,2002,18,27489
06.29.2002-21:00:00,06,29,2002,21,28363
06.30.2002-00:00:00,06,30,2002,00,27717
06.30.2002-03:00:00,06,30,2002,03,27155
06.30.2002-06:00:00,06,30,2002,06,25976
06.30.2002-09:00:00,06,30,2002,09,24210
06.30.2002-12:00:00,06,30,2002,12,22818
06.30.2002-15:00:00,06,30,2002,15,22701
06.30.2002-18:00:00,06,30,2002,18,23359
06.30.2002-21:00:00,06,30,2002,21,23987
07.01.2002-00:00:00,07,01,2002,00,24356
07.01.2002-03:00:00,07,01,2002,03,23968
07.01.2002-06:00:00,07,01,2002,06,22510
07.01.2002-09:00:00,07,01,2002,09,20343
07.01.2002-12:00:00,07,01,2002,12,19171
07.01.2002-15:00:00,07,01,2002,15,19406
07.01.2002-18:00:00,07,01,2002,18,20368
07.01.2002-21:00:00,07,01,2002,21,21357
07.02.2002-00:00:00,07,02,2002,00,21739
07.02.2002-03:00:00,07,02,2002,03,21765
07.02.2002-06:00:00,07,02,2002,06,20292
07.02.2002-09:00:00,07,02,2002,09,17948
07.02.2002-12:00:00,07,02,2002,12,16934
07.02.2002-15:00:00,07,02,2002,15,17356
07.02.2002-18:00:00,07,02,2002,18,18590
07.02.2002-21:00:00,07,02,2002,21,19614
07.03.2002-00:00:00,07,03,2002,00,20094
07.03.2002-03:00:00,07,03,2002,03,19843
07.03.2002-06:00:00,07,03,2002,06,18445
07.03.2002-09:00:00,07,03,2002,09,16609
07.03.2002-12:00:00,07,03,2002,12,15615
07.03.2002-15:00:00,07,03,2002,15,16152
07.03.2002-18:00:00,07,03,2002,18,17338
07.03.2002-21:00:00,07,03,2002,21,18457
07.04.2002-00:00:00,07,04,2002,00,19015
07.04.2002-03:00:00,07,04,2002,03,19090
07.04.2002-06:00:00,07,04,2002,06,17950
07.04.2002-09:00:00,07,04,2002,09,16242
07.04.2002-12:00:00,07,04,2002,12,15433
07.04.2002-15:00:00,07,04,2002,15,15847
07.04.2002-18:00:00,07,04,2002,18,17044
07.04.2002-21:00:00,07,04,2002,21,17935
07.05.2002-00:00:00,07,05,2002,00,18381
07.05.2002-03:00:00,07,05,2002,03,18605
07.05.2002-06:00:00,07,05,2002,06,17127
07.05.2002-09:00:00,07,05,2002,09,14721
07.05.2002-12:00:00,07,05,2002,12,13719
07.05.2002-15:00:00,07,05,2002,15,14324
07.05.2002-18:00:00,07,05,2002,18,15696
07.05.2002-21:00:00,07,05,2002,21,16719
07.06.2002-00:00:00,07,06,2002,00,17127
07.06.2002-03:00:00,07,06,2002,03,17162
07.06.2002-06:00:00,07,06,2002,06,15581
07.06.2002-09:00:00,07,06,2002,09,13091
07.06.2002-12:00:00,07,06,2002,12,12344
07.06.2002-15:00:00,07,06,2002,15,13010
07.06.2002-18:00:00,07,06,2002,18,14382
07.06.2002-21:00:00,07,06,2002,21,15450
07.07.2002-00:00:00,07,07,2002,00,16011
07.07.2002-03:00:00,07,07,2002,03,15980
07.07.2002-06:00:00,07,07,2002,06,14257
07.07.2002-09:00:00,07,07,2002,09,12183
07.07.2002-12:00:00,07,07,2002,12,11479
07.07.2002-15:00:00,07,07,2002,15,12268
07.07.2002-18:00:00,07,07,2002,18,13614
07.07.2002-21:00:00,07,07,2002,21,14659
07.08.2002-00:00:00,07,08,2002,00,21693
07.08.2002-03:00:00,07,08,2002,03,25067
07.08.2002-06:00:00,07,08,2002,06,26057
07.08.2002-09:00:00,07,08,2002,09,25314
07.08.2002-12:00:00,07,08,2002,12,25382
07.08.2002-15:00:00,07,08,2002,15,27091
07.08.2002-18:00:00,07,08,2002,18,29693
07.08.2002-21:00:00,07,08,2002,21,31999
07.09.2002-00:00:00,07,09,2002,00,26085
07.09.2002-03:00:00,07,09,2002,03,23506
07.09.2002-06:00:00,07,09,2002,06,21154
07.09.2002-09:00:00,07,09,2002,09,17756
07.09.2002-12:00:00,07,09,2002,12,16231
07.09.2002-15:00:00,07,09,2002,15,15840
07.09.2002-18:00:00,07,09,2002,18,16684
07.09.2002-21:00:00,07,09,2002,21,16980
07.10.2002-00:00:00,07,10,2002,00,17074
07.10.2002-03:00:00,07,10,2002,03,16521
07.10.2002-06:00:00,07,10,2002,06,14342
07.10.2002-09:00:00,07,10,2002,09,12241
07.10.2002-12:00:00,07,10,2002,12,11891
07.10.2002-15:00:00,07,10,2002,15,12016
07.10.2002-18:00:00,07,10,2002,18,13159
07.10.2002-21:00:00,07,10,2002,21,14234
07.11.2002-00:00:00,07,11,2002,00,14652
07.11.2002-03:00:00,07,11,2002,03,14316
07.11.2002-06:00:00,07,11,2002,06,12392
07.11.2002-09:00:00,07,11,2002,09,11246
07.11.2002-12:00:00,07,11,2002,12,11742
07.11.2002-15:00:00,07,11,2002,15,11445
07.11.2002-18:00:00,07,11,2002,18,12409
07.11.2002-21:00:00,07,11,2002,21,13338
07.12.2002-00:00:00,07,12,2002,00,13839
07.12.2002-03:00:00,07,12,2002,03,13457
07.12.2002-06:00:00,07,12,2002,06,11531
07.12.2002-09:00:00,07,12,2002,09,10460
07.12.2002-12:00:00,07,12,2002,12,10797
07.12.2002-15:00:00,07,12,2002,15,10625
07.12.2002-18:00:00,07,12,2002,18,11662
07.12.2002-21:00:00,07,12,2002,21,12594
07.13.2002-00:00:00,07,13,2002,00,13098
07.13.2002-03:00:00,07,13,2002,03,12717
07.13.2002-06:00:00,07,13,2002,06,11064
07.13.2002-09:00:00,07,13,2002,09,10044
07.13.2002-12:00:00,07,13,2002,12,10036
07.13.2002-15:00:00,07,13,2002,15,10232
07.13.2002-18:00:00,07,13,2002,18,11170
07.13.2002-21:00:00,07,13,2002,21,12138
07.14.2002-00:00:00,07,14,2002,00,12584
07.14.2002-03:00:00,07,14,2002,03,12105
07.14.2002-06:00:00,07,14,2002,06,10502
07.14.2002-09:00:00,07,14,2002,09,9067.2
07.14.2002-12:00:00,07,14,2002,12,8596.9
07.14.2002-15:00:00,07,14,2002,15,9215.6
07.14.2002-18:00:00,07,14,2002,18,10420
07.14.2002-21:00:00,07,14,2002,21,11449
07.15.2002-00:00:00,07,15,2002,00,11985
07.15.2002-03:00:00,07,15,2002,03,11705
07.15.2002-06:00:00,07,15,2002,06,10101
07.15.2002-09:00:00,07,15,2002,09,8597.2
07.15.2002-12:00:00,07,15,2002,12,8212
07.15.2002-15:00:00,07,15,2002,15,8818.8
07.15.2002-18:00:00,07,15,2002,18,10068
07.15.2002-21:00:00,07,15,2002,21,11011
07.16.2002-00:00:00,07,16,2002,00,11476
07.16.2002-03:00:00,07,16,2002,03,11170
07.16.2002-06:00:00,07,16,2002,06,9579.2
07.16.2002-09:00:00,07,16,2002,09,8123.9
07.16.2002-12:00:00,07,16,2002,12,7811.6
07.16.2002-15:00:00,07,16,2002,15,8411
07.16.2002-18:00:00,07,16,2002,18,9609.7
07.16.2002-21:00:00,07,16,2002,21,10525
07.17.2002-00:00:00,07,17,2002,00,10978
07.17.2002-03:00:00,07,17,2002,03,10598
07.17.2002-06:00:00,07,17,2002,06,9102.6
07.17.2002-09:00:00,07,17,2002,09,7763.2
07.17.2002-12:00:00,07,17,2002,12,7461.2
07.17.2002-15:00:00,07,17,2002,15,8041.4
07.17.2002-18:00:00,07,17,2002,18,9166.6
07.17.2002-21:00:00,07,17,2002,21,10066
07.18.2002-00:00:00,07,18,2002,00,10541
07.18.2002-03:00:00,07,18,2002,03,10129
07.18.2002-06:00:00,07,18,2002,06,8644.6
07.18.2002-09:00:00,07,18,2002,09,7313.8
07.18.2002-12:00:00,07,18,2002,12,6987.4
07.18.2002-15:00:00,07,18,2002,15,7583.3
07.18.2002-18:00:00,07,18,2002,18,8717.3
07.18.2002-21:00:00,07,18,2002,21,9610.4
07.19.2002-00:00:00,07,19,2002,00,10087
07.19.2002-03:00:00,07,19,2002,03,9840.2
07.19.2002-06:00:00,07,19,2002,06,8529.6
07.19.2002-09:00:00,07,19,2002,09,7194.7
07.19.2002-12:00:00,07,19,2002,12,6795.8
07.19.2002-15:00:00,07,19,2002,15,7454
07.19.2002-18:00:00,07,19,2002,18,8506.9
07.19.2002-21:00:00,07,19,2002,21,9414.3
07.20.2002-00:00:00,07,20,2002,00,9835.4
07.20.2002-03:00:00,07,20,2002,03,9622.2
07.20.2002-06:00:00,07,20,2002,06,8188.3
07.20.2002-09:00:00,07,20,2002,09,6769.7
07.20.2002-12:00:00,07,20,2002,12,6385.7
07.20.2002-15:00:00,07,20,2002,15,7042
07.20.2002-18:00:00,07,20,2002,18,8145
07.20.2002-21:00:00,07,20,2002,21,9000.8
07.21.2002-00:00:00,07,21,2002,00,9399.4
07.21.2002-03:00:00,07,21,2002,03,9213.2
07.21.2002-06:00:00,07,21,2002,06,7750.9
07.21.2002-09:00:00,07,21,2002,09,6402.2
07.21.2002-12:00:00,07,21,2002,12,6090
07.21.2002-15:00:00,07,21,2002,15,6672.1
07.21.2002-18:00:00,07,21,2002,18,7799.7
07.21.2002-21:00:00,07,21,2002,21,8658.7
07.22.2002-00:00:00,07,22,2002,00,9034.8
07.22.2002-03:00:00,07,22,2002,03,8883.1
07.22.2002-06:00:00,07,22,2002,06,7437.1
07.22.2002-09:00:00,07,22,2002,09,6166.9
07.22.2002-12:00:00,07,22,2002,12,5952.2
07.22.2002-15:00:00,07,22,2002,15,6450.6
07.22.2002-18:00:00,07,22,2002,18,7535.3
07.22.2002-21:00:00,07,22,2002,21,8383.3
07.23.2002-00:00:00,07,23,2002,00,8723
07.23.2002-03:00:00,07,23,2002,03,8567.3
07.23.2002-06:00:00,07,23,2002,06,7109.2
07.23.2002-09:00:00,07,23,2002,09,6004.7
07.23.2002-12:00:00,07,23,2002,12,5902.4
07.23.2002-15:00:00,07,23,2002,15,6261.6
07.23.2002-18:00:00,07,23,2002,18,7281.4
07.23.2002-21:00:00,07,23,2002,21,8104.2
07.24.2002-00:00:00,07,24,2002,00,8414.9
07.24.2002-03:00:00,07,24,2002,03,8151.5
07.24.2002-06:00:00,07,24,2002,06,6737.8
07.24.2002-09:00:00,07,24,2002,09,5714.4
07.24.2002-12:00:00,07,24,2002,12,5620.1
07.24.2002-15:00:00,07,24,2002,15,5977.5
07.24.2002-18:00:00,07,24,2002,18,6949.1
07.24.2002-21:00:00,07,24,2002,21,7771.6
07.25.2002-00:00:00,07,25,2002,00,8092
07.25.2002-03:00:00,07,25,2002,03,7814.7
07.25.2002-06:00:00,07,25,2002,06,6772.6
07.25.2002-09:00:00,07,25,2002,09,5895.9
07.25.2002-12:00:00,07,25,2002,12,5750.8
07.25.2002-15:00:00,07,25,2002,15,6146.6
07.25.2002-18:00:00,07,25,2002,18,6886
07.25.2002-21:00:00,07,25,2002,21,7698.3
07.26.2002-00:00:00,07,26,2002,00,8018.6
07.26.2002-03:00:00,07,26,2002,03,7713.4
07.26.2002-06:00:00,07,26,2002,06,6583.6
07.26.2002-09:00:00,07,26,2002,09,5522.6
07.26.2002-12:00:00,07,26,2002,12,5212
07.26.2002-15:00:00,07,26,2002,15,5727.3
07.26.2002-18:00:00,07,26,2002,18,6625.3
07.26.2002-21:00:00,07,26,2002,21,7397.2
07.27.2002-00:00:00,07,27,2002,00,7752.8
07.27.2002-03:00:00,07,27,2002,03,7596.5
07.27.2002-06:00:00,07,27,2002,06,6659.6
07.27.2002-09:00:00,07,27,2002,09,5598.1
07.27.2002-12:00:00,07,27,2002,12,5345.5
07.27.2002-15:00:00,07,27,2002,15,5799.9
07.27.2002-18:00:00,07,27,2002,18,6641.8
07.27.2002-21:00:00,07,27,2002,21,7355.5
07.28.2002-00:00:00,07,28,2002,00,7614.5
07.28.2002-03:00:00,07,28,2002,03,7466.8
07.28.2002-06:00:00,07,28,2002,06,6943.9
07.28.2002-09:00:00,07,28,2002,09,6380.5
07.28.2002-12:00:00,07,28,2002,12,6219.8
07.28.2002-15:00:00,07,28,2002,15,6506.1
07.28.2002-18:00:00,07,28,2002,18,6993.7
07.28.2002-21:00:00,07,28,2002,21,7530.5
07.29.2002-00:00:00,07,29,2002,00,7718.6
07.29.2002-03:00:00,07,29,2002,03,7529.9
07.29.2002-06:00:00,07,29,2002,06,7068.9
07.29.2002-09:00:00,07,29,2002,09,6606.4
07.29.2002-12:00:00,07,29,2002,12,6448.6
07.29.2002-15:00:00,07,29,2002,15,6662.3
07.29.2002-18:00:00,07,29,2002,18,7058.9
07.29.2002-21:00:00,07,29,2002,21,7534.1
07.30.2002-00:00:00,07,30,2002,00,7730
07.30.2002-03:00:00,07,30,2002,03,7458.5
07.30.2002-06:00:00,07,30,2002,06,6631.6
07.30.2002-09:00:00,07,30,2002,09,5693.6
07.30.2002-12:00:00,07,30,2002,12,5377.5
07.30.2002-15:00:00,07,30,2002,15,5769.9
07.30.2002-18:00:00,07,30,2002,18,6422.8
07.30.2002-21:00:00,07,30,2002,21,7058.5
07.31.2002-00:00:00,07,31,2002,00,7374.6
07.31.2002-03:00:00,07,31,2002,03,7229.9
07.31.2002-06:00:00,07,31,2002,06,6301
07.31.2002-09:00:00,07,31,2002,09,5123.6
07.31.2002-12:00:00,07,31,2002,12,4733.2
07.31.2002-15:00:00,07,31,2002,15,5226.3
07.31.2002-18:00:00,07,31,2002,18,6118.6
07.31.2002-21:00:00,07,31,2002,21,6743.2
08.01.2002-00:00:00,08,01,2002,00,7016.4
08.01.2002-03:00:00,08,01,2002,03,6933.5
08.01.2002-06:00:00,08,01,2002,06,6151.9
08.01.2002-09:00:00,08,01,2002,09,4876.2
08.01.2002-12:00:00,08,01,2002,12,4538.1
08.01.2002-15:00:00,08,01,2002,15,5092.9
08.01.2002-18:00:00,08,01,2002,18,5897
08.01.2002-21:00:00,08,01,2002,21,6531.3
08.02.2002-00:00:00,08,02,2002,00,6771.2
08.02.2002-03:00:00,08,02,2002,03,6498.6
08.02.2002-06:00:00,08,02,2002,06,5760.3
08.02.2002-09:00:00,08,02,2002,09,4663.7
08.02.2002-12:00:00,08,02,2002,12,4368.8
08.02.2002-15:00:00,08,02,2002,15,4899.6
08.02.2002-18:00:00,08,02,2002,18,5693.7
08.02.2002-21:00:00,08,02,2002,21,6323.7
08.03.2002-00:00:00,08,03,2002,00,6614.4
08.03.2002-03:00:00,08,03,2002,03,6562.6
08.03.2002-06:00:00,08,03,2002,06,5896.2
08.03.2002-09:00:00,08,03,2002,09,4720.2
08.03.2002-12:00:00,08,03,2002,12,4410.8
08.03.2002-15:00:00,08,03,2002,15,4935.2
08.03.2002-18:00:00,08,03,2002,18,5695.9
08.03.2002-21:00:00,08,03,2002,21,6264.6
08.04.2002-00:00:00,08,04,2002,00,6495.4
08.04.2002-03:00:00,08,04,2002,03,6219
08.04.2002-06:00:00,08,04,2002,06,5557
08.04.2002-09:00:00,08,04,2002,09,4569
08.04.2002-12:00:00,08,04,2002,12,4306.3
08.04.2002-15:00:00,08,04,2002,15,4765.2
08.04.2002-18:00:00,08,04,2002,18,5501.9
08.04.2002-21:00:00,08,04,2002,21,6081.6
08.05.2002-00:00:00,08,05,2002,00,6361.3
08.05.2002-03:00:00,08,05,2002,03,6357.3
08.05.2002-06:00:00,08,05,2002,06,5768.6
08.05.2002-09:00:00,08,05,2002,09,4643.2
08.05.2002-12:00:00,08,05,2002,12,4334.3
08.05.2002-15:00:00,08,05,2002,15,4834.1
08.05.2002-18:00:00,08,05,2002,18,5523
08.05.2002-21:00:00,08,05,2002,21,6051.6
08.06.2002-00:00:00,08,06,2002,00,6287.5
08.06.2002-03:00:00,08,06,2002,03,6170.7
08.06.2002-06:00:00,08,06,2002,06,5734.9
08.06.2002-09:00:00,08,06,2002,09,4897.9
08.06.2002-12:00:00,08,06,2002,12,4613.3
08.06.2002-15:00:00,08,06,2002,15,5060.7
08.06.2002-18:00:00,08,06,2002,18,5736.2
08.06.2002-21:00:00,08,06,2002,21,6232.9
08.07.2002-00:00:00,08,07,2002,00,6332.8
08.07.2002-03:00:00,08,07,2002,03,6193.4
08.07.2002-06:00:00,08,07,2002,06,5601
08.07.2002-09:00:00,08,07,2002,09,4493.1
08.07.2002-12:00:00,08,07,2002,12,4121.3
08.07.2002-15:00:00,08,07,2002,15,4563.6
08.07.2002-18:00:00,08,07,2002,18,5245.2
08.07.2002-21:00:00,08,07,2002,21,5721.8
08.08.2002-00:00:00,08,08,2002,00,5976.2
08.08.2002-03:00:00,08,08,2002,03,5767
08.08.2002-06:00:00,08,08,2002,06,4965.6
08.08.2002-09:00:00,08,08,2002,09,3925
08.08.2002-12:00:00,08,08,2002,12,3642.4
08.08.2002-15:00:00,08,08,2002,15,4106.2
08.08.2002-18:00:00,08,08,2002,18,4787.5
08.08.2002-21:00:00,08,08,2002,21,5323.1
08.09.2002-00:00:00,08,09,2002,00,5582.6
08.09.2002-03:00:00,08,09,2002,03,5361
08.09.2002-06:00:00,08,09,2002,06,4639.6
08.09.2002-09:00:00,08,09,2002,09,3750.9
08.09.2002-12:00:00,08,09,2002,12,3530.6
08.09.2002-15:00:00,08,09,2002,15,3942.8
08.09.2002-18:00:00,08,09,2002,18,4589.5
08.09.2002-21:00:00,08,09,2002,21,5147.7
08.10.2002-00:00:00,08,10,2002,00,5400.2
08.10.2002-03:00:00,08,10,2002,03,5163
08.10.2002-06:00:00,08,10,2002,06,4505.3
08.10.2002-09:00:00,08,10,2002,09,3675.7
08.10.2002-12:00:00,08,10,2002,12,3456.9
08.10.2002-15:00:00,08,10,2002,15,3844.9
08.10.2002-18:00:00,08,10,2002,18,4468.7
08.10.2002-21:00:00,08,10,2002,21,5034.2
08.11.2002-00:00:00,08,11,2002,00,5298.3
08.11.2002-03:00:00,08,11,2002,03,5111.3
08.11.2002-06:00:00,08,11,2002,06,4423.8
08.11.2002-09:00:00,08,11,2002,09,3516.4
08.11.2002-12:00:00,08,11,2002,12,3275.7
08.11.2002-15:00:00,08,11,2002,15,3678.1
08.11.2002-18:00:00,08,11,2002,18,4322.2
08.11.2002-21:00:00,08,11,2002,21,4854.5
08.12.2002-00:00:00,08,12,2002,00,5126.9
08.12.2002-03:00:00,08,12,2002,03,4930.1
08.12.2002-06:00:00,08,12,2002,06,4200.7
08.12.2002-09:00:00,08,12,2002,09,3347.7
08.12.2002-12:00:00,08,12,2002,12,3152.5
08.12.2002-15:00:00,08,12,2002,15,3494.7
08.12.2002-18:00:00,08,12,2002,18,4127.6
08.12.2002-21:00:00,08,12,2002,21,4657.6
08.13.2002-00:00:00,08,13,2002,00,4917.2
08.13.2002-03:00:00,08,13,2002,03,4736
08.13.2002-06:00:00,08,13,2002,06,3970.5
08.13.2002-09:00:00,08,13,2002,09,3279.2
08.13.2002-12:00:00,08,13,2002,12,3329.4
08.13.2002-15:00:00,08,13,2002,15,3493.7
08.13.2002-18:00:00,08,13,2002,18,4048.9
08.13.2002-21:00:00,08,13,2002,21,4549.8
08.14.2002-00:00:00,08,14,2002,00,4765.8
08.14.2002-03:00:00,08,14,2002,03,4562.3
08.14.2002-06:00:00,08,14,2002,06,3920.6
08.14.2002-09:00:00,08,14,2002,09,3265.7
08.14.2002-12:00:00,08,14,2002,12,3111.6
08.14.2002-15:00:00,08,14,2002,15,3407.2
08.14.2002-18:00:00,08,14,2002,18,3931.4
08.14.2002-21:00:00,08,14,2002,21,4444.3
08.15.2002-00:00:00,08,15,2002,00,4740.3
08.15.2002-03:00:00,08,15,2002,03,4565.3
08.15.2002-06:00:00,08,15,2002,06,3920.4
08.15.2002-09:00:00,08,15,2002,09,3123
08.15.2002-12:00:00,08,15,2002,12,2914.2
08.15.2002-15:00:00,08,15,2002,15,3225.6
08.15.2002-18:00:00,08,15,2002,18,3799.4
08.15.2002-21:00:00,08,15,2002,21,4291.2
08.16.2002-00:00:00,08,16,2002,00,4552.5
08.16.2002-03:00:00,08,16,2002,03,4410.1
08.16.2002-06:00:00,08,16,2002,06,3795.5
08.16.2002-09:00:00,08,16,2002,09,3015.8
08.16.2002-12:00:00,08,16,2002,12,2789.1
08.16.2002-15:00:00,08,16,2002,15,3120
08.16.2002-18:00:00,08,16,2002,18,3695.9
08.16.2002-21:00:00,08,16,2002,21,4199
08.17.2002-00:00:00,08,17,2002,00,4463.8
08.17.2002-03:00:00,08,17,2002,03,4509.3
08.17.2002-06:00:00,08,17,2002,06,3987.4
08.17.2002-09:00:00,08,17,2002,09,3073.3
08.17.2002-12:00:00,08,17,2002,12,2811.5
08.17.2002-15:00:00,08,17,2002,15,3164
08.17.2002-18:00:00,08,17,2002,18,3759.9
08.17.2002-21:00:00,08,17,2002,21,4197.7
08.18.2002-00:00:00,08,18,2002,00,4437.8
08.18.2002-03:00:00,08,18,2002,03,4391
08.18.2002-06:00:00,08,18,2002,06,3830.7
08.18.2002-09:00:00,08,18,2002,09,2996.2
08.18.2002-12:00:00,08,18,2002,12,2764.5
08.18.2002-15:00:00,08,18,2002,15,3070.2
08.18.2002-18:00:00,08,18,2002,18,3639.8
08.18.2002-21:00:00,08,18,2002,21,4070.3
08.19.2002-00:00:00,08,19,2002,00,4303.4
08.19.2002-03:00:00,08,19,2002,03,4261
08.19.2002-06:00:00,08,19,2002,06,3801.3
08.19.2002-09:00:00,08,19,2002,09,3141.8
08.19.2002-12:00:00,08,19,2002,12,2947.1
08.19.2002-15:00:00,08,19,2002,15,3220
08.19.2002-18:00:00,08,19,2002,18,3716.6
08.19.2002-21:00:00,08,19,2002,21,4137
08.20.2002-00:00:00,08,20,2002,00,4325.2
08.20.2002-03:00:00,08,20,2002,03,4211.3
08.20.2002-06:00:00,08,20,2002,06,3727
08.20.2002-09:00:00,08,20,2002,09,3035
08.20.2002-12:00:00,08,20,2002,12,2832.5
08.20.2002-15:00:00,08,20,2002,15,3083.1
08.20.2002-18:00:00,08,20,2002,18,3576.3
08.20.2002-21:00:00,08,20,2002,21,3996.7
08.21.2002-00:00:00,08,21,2002,00,4203.2
08.21.2002-03:00:00,08,21,2002,03,4095.7
08.21.2002-06:00:00,08,21,2002,06,3604.5
08.21.2002-09:00:00,08,21,2002,09,2920.2
08.21.2002-12:00:00,08,21,2002,12,2709.6
08.21.2002-15:00:00,08,21,2002,15,2951.6
08.21.2002-18:00:00,08,21,2002,18,3442.9
08.21.2002-21:00:00,08,21,2002,21,3855.6
08.22.2002-00:00:00,08,22,2002,00,4081.2
08.22.2002-03:00:00,08,22,2002,03,3985
08.22.2002-06:00:00,08,22,2002,06,3493.9
08.22.2002-09:00:00,08,22,2002,09,2813.5
08.22.2002-12:00:00,08,22,2002,12,2603.1
08.22.2002-15:00:00,08,22,2002,15,2841.3
08.22.2002-18:00:00,08,22,2002,18,3327.1
08.22.2002-21:00:00,08,22,2002,21,3737.8
08.23.2002-00:00:00,08,23,2002,00,3962
08.23.2002-03:00:00,08,23,2002,03,3889.5
08.23.2002-06:00:00,08,23,2002,06,3352.3
08.23.2002-09:00:00,08,23,2002,09,2672.1
08.23.2002-12:00:00,08,23,2002,12,2469.2
08.23.2002-15:00:00,08,23,2002,15,2699
08.23.2002-18:00:00,08,23,2002,18,3155.5
08.23.2002-21:00:00,08,23,2002,21,3589.4
08.24.2002-00:00:00,08,24,2002,00,3824.1
08.24.2002-03:00:00,08,24,2002,03,3806.5
08.24.2002-06:00:00,08,24,2002,06,3308
08.24.2002-09:00:00,08,24,2002,09,2630
08.24.2002-12:00:00,08,24,2002,12,2470.4
08.24.2002-15:00:00,08,24,2002,15,2667.1
08.24.2002-18:00:00,08,24,2002,18,3132.3
08.24.2002-21:00:00,08,24,2002,21,3525.1
08.25.2002-00:00:00,08,25,2002,00,4161.5
08.25.2002-03:00:00,08,25,2002,03,4625
08.25.2002-06:00:00,08,25,2002,06,4557
08.25.2002-09:00:00,08,25,2002,09,4045
08.25.2002-12:00:00,08,25,2002,12,3626.7
08.25.2002-15:00:00,08,25,2002,15,3946.4
08.25.2002-18:00:00,08,25,2002,18,4582.1
08.25.2002-21:00:00,08,25,2002,21,5047.5
08.26.2002-00:00:00,08,26,2002,00,4746.1
08.26.2002-03:00:00,08,26,2002,03,4577.8
08.26.2002-06:00:00,08,26,2002,06,4166.9
08.26.2002-09:00:00,08,26,2002,09,3425.6
08.26.2002-12:00:00,08,26,2002,12,3024.3
08.26.2002-15:00:00,08,26,2002,15,3195.3
08.26.2002-18:00:00,08,26,2002,18,3701.3
08.26.2002-21:00:00,08,26,2002,21,4088.9
08.27.2002-00:00:00,08,27,2002,00,4035
08.27.2002-03:00:00,08,27,2002,03,3896.1
08.27.2002-06:00:00,08,27,2002,06,3404.8
08.27.2002-09:00:00,08,27,2002,09,2731.4
08.27.2002-12:00:00,08,27,2002,12,2457.5
08.27.2002-15:00:00,08,27,2002,15,2621.8
08.27.2002-18:00:00,08,27,2002,18,3020.9
08.27.2002-21:00:00,08,27,2002,21,3373.4
08.28.2002-00:00:00,08,28,2002,00,3606.9
08.28.2002-03:00:00,08,28,2002,03,3605
08.28.2002-06:00:00,08,28,2002,06,3148.2
08.28.2002-09:00:00,08,28,2002,09,2531.4
08.28.2002-12:00:00,08,28,2002,12,2351.1
08.28.2002-15:00:00,08,28,2002,15,2533.5
08.28.2002-18:00:00,08,28,2002,18,2939.4
08.28.2002-21:00:00,08,28,2002,21,3293.6
08.29.2002-00:00:00,08,29,2002,00,3507.9
08.29.2002-03:00:00,08,29,2002,03,3505.1
08.29.2002-06:00:00,08,29,2002,06,3119.5
08.29.2002-09:00:00,08,29,2002,09,2589.5
08.29.2002-12:00:00,08,29,2002,12,2422.1
08.29.2002-15:00:00,08,29,2002,15,2602
08.29.2002-18:00:00,08,29,2002,18,2990.7
08.29.2002-21:00:00,08,29,2002,21,3314.2
08.30.2002-00:00:00,08,30,2002,00,3525.3
08.30.2002-03:00:00,08,30,2002,03,3482.1
08.30.2002-06:00:00,08,30,2002,06,3089
08.30.2002-09:00:00,08,30,2002,09,2551.9
08.30.2002-12:00:00,08,30,2002,12,2341
08.30.2002-15:00:00,08,30,2002,15,2520.9
08.30.2002-18:00:00,08,30,2002,18,2906.3
08.30.2002-21:00:00,08,30,2002,21,3242.9
08.31.2002-00:00:00,08,31,2002,00,3446
08.31.2002-03:00:00,08,31,2002,03,3478.8
08.31.2002-06:00:00,08,31,2002,06,3162.4
08.31.2002-09:00:00,08,31,2002,09,2651.2
08.31.2002-12:00:00,08,31,2002,12,2419.6
08.31.2002-15:00:00,08,31,2002,15,2591.3
08.31.2002-18:00:00,08,31,2002,18,2975.4
08.31.2002-21:00:00,08,31,2002,21,3277.5
09.01.2002-00:00:00,09,01,2002,00,3392.4
09.01.2002-03:00:00,09,01,2002,03,3364.3
09.01.2002-06:00:00,09,01,2002,06,3125.3
09.01.2002-09:00:00,09,01,2002,09,2795.7
09.01.2002-12:00:00,09,01,2002,12,2669.1
09.01.2002-15:00:00,09,01,2002,15,2792.6
09.01.2002-18:00:00,09,01,2002,18,3063.8
09.01.2002-21:00:00,09,01,2002,21,3329
09.02.2002-00:00:00,09,02,2002,00,3479.4
09.02.2002-03:00:00,09,02,2002,03,3471.6
09.02.2002-06:00:00,09,02,2002,06,3112.2
09.02.2002-09:00:00,09,02,2002,09,2563.3
09.02.2002-12:00:00,09,02,2002,12,2364.8
09.02.2002-15:00:00,09,02,2002,15,2546.4
09.02.2002-18:00:00,09,02,2002,18,2930.6
09.02.2002-21:00:00,09,02,2002,21,3195.8
09.03.2002-00:00:00,09,03,2002,00,3342.1
09.03.2002-03:00:00,09,03,2002,03,3346.8
09.03.2002-06:00:00,09,03,2002,06,3066.1
09.03.2002-09:00:00,09,03,2002,09,2571
09.03.2002-12:00:00,09,03,2002,12,2409.7
09.03.2002-15:00:00,09,03,2002,15,2611.4
09.03.2002-18:00:00,09,03,2002,18,2984.1
09.03.2002-21:00:00,09,03,2002,21,3230.7
09.04.2002-00:00:00,09,04,2002,00,3360.9
09.04.2002-03:00:00,09,04,2002,03,3411.2
09.04.2002-06:00:00,09,04,2002,06,3140.5
09.04.2002-09:00:00,09,04,2002,09,2546.6
09.04.2002-12:00:00,09,04,2002,12,2341.1
09.04.2002-15:00:00,09,04,2002,15,2557.9
09.04.2002-18:00:00,09,04,2002,18,2950.1
09.04.2002-21:00:00,09,04,2002,21,3189.3
09.05.2002-00:00:00,09,05,2002,00,3343.9
09.05.2002-03:00:00,09,05,2002,03,3392.9
09.05.2002-06:00:00,09,05,2002,06,3276.9
09.05.2002-09:00:00,09,05,2002,09,2611.9
09.05.2002-12:00:00,09,05,2002,12,2374.9
09.05.2002-15:00:00,09,05,2002,15,2582.8
09.05.2002-18:00:00,09,05,2002,18,2974.2
09.05.2002-21:00:00,09,05,2002,21,3223.1
09.06.2002-00:00:00,09,06,2002,00,3310.1
09.06.2002-03:00:00,09,06,2002,03,3376.7
09.06.2002-06:00:00,09,06,2002,06,3185.7
09.06.2002-09:00:00,09,06,2002,09,2558.5
09.06.2002-12:00:00,09,06,2002,12,2321.6
09.06.2002-15:00:00,09,06,2002,15,2532
09.06.2002-18:00:00,09,06,2002,18,2908.8
09.06.2002-21:00:00,09,06,2002,21,3140.2
09.07.2002-00:00:00,09,07,2002,00,3309
09.07.2002-03:00:00,09,07,2002,03,3353.6
09.07.2002-06:00:00,09,07,2002,06,3504
09.07.2002-09:00:00,09,07,2002,09,3203.6
09.07.2002-12:00:00,09,07,2002,12,2709
09.07.2002-15:00:00,09,07,2002,15,2867.3
09.07.2002-18:00:00,09,07,2002,18,3233.3
09.07.2002-21:00:00,09,07,2002,21,3437.3
09.08.2002-00:00:00,09,08,2002,00,3409.8
09.08.2002-03:00:00,09,08,2002,03,3417
09.08.2002-06:00:00,09,08,2002,06,3356.7
09.08.2002-09:00:00,09,08,2002,09,2951.5
09.08.2002-12:00:00,09,08,2002,12,2612.9
09.08.2002-15:00:00,09,08,2002,15,2739.9
09.08.2002-18:00:00,09,08,2002,18,3046.1
09.08.2002-21:00:00,09,08,2002,21,3221.5
09.09.2002-00:00:00,09,09,2002,00,3288.2
09.09.2002-03:00:00,09,09,2002,03,3296.5
09.09.2002-06:00:00,09,09,2002,06,2982.8
09.09.2002-09:00:00,09,09,2002,09,2433.5
09.09.2002-12:00:00,09,09,2002,12,2207.1
09.09.2002-15:00:00,09,09,2002,15,2367.7
09.09.2002-18:00:00,09,09,2002,18,2692.1
09.09.2002-21:00:00,09,09,2002,21,2937.7
09.10.2002-00:00:00,09,10,2002,00,3080.9
09.10.2002-03:00:00,09,10,2002,03,3132.5
09.10.2002-06:00:00,09,10,2002,06,2871
09.10.2002-09:00:00,09,10,2002,09,2311.2
09.10.2002-12:00:00,09,10,2002,12,2109.3
09.10.2002-15:00:00,09,10,2002,15,2280.3
09.10.2002-18:00:00,09,10,2002,18,2587.6
09.10.2002-21:00:00,09,10,2002,21,2836.1
09.11.2002-00:00:00,09,11,2002,00,2984.9
09.11.2002-03:00:00,09,11,2002,03,3054.1
09.11.2002-06:00:00,09,11,2002,06,2753.5
09.11.2002-09:00:00,09,11,2002,09,2235.2
09.11.2002-12:00:00,09,11,2002,12,2043.6
09.11.2002-15:00:00,09,11,2002,15,2207.2
09.11.2002-18:00:00,09,11,2002,18,2487.4
09.11.2002-21:00:00,09,11,2002,21,2736.2
09.12.2002-00:00:00,09,12,2002,00,2896.2
09.12.2002-03:00:00,09,12,2002,03,2978.9
09.12.2002-06:00:00,09,12,2002,06,2701.2
09.12.2002-09:00:00,09,12,2002,09,2195.3
09.12.2002-12:00:00,09,12,2002,12,2014.6
09.12.2002-15:00:00,09,12,2002,15,2174.7
09.12.2002-18:00:00,09,12,2002,18,2445.9
09.12.2002-21:00:00,09,12,2002,21,2684.2
09.13.2002-00:00:00,09,13,2002,00,2831.4
09.13.2002-03:00:00,09,13,2002,03,2901.4
09.13.2002-06:00:00,09,13,2002,06,2592.5
09.13.2002-09:00:00,09,13,2002,09,2130.5
09.13.2002-12:00:00,09,13,2002,12,1961.7
09.13.2002-15:00:00,09,13,2002,15,2112.3
09.13.2002-18:00:00,09,13,2002,18,2367.8
09.13.2002-21:00:00,09,13,2002,21,2598.8
09.14.2002-00:00:00,09,14,2002,00,2756.1
09.14.2002-03:00:00,09,14,2002,03,2858
09.14.2002-06:00:00,09,14,2002,06,2636.3
09.14.2002-09:00:00,09,14,2002,09,2140.9
09.14.2002-12:00:00,09,14,2002,12,1962.9
09.14.2002-15:00:00,09,14,2002,15,2117
09.14.2002-18:00:00,09,14,2002,18,2378.5
09.14.2002-21:00:00,09,14,2002,21,2605.1
09.15.2002-00:00:00,09,15,2002,00,2745.1
09.15.2002-03:00:00,09,15,2002,03,2828.3
09.15.2002-06:00:00,09,15,2002,06,2608.1
09.15.2002-09:00:00,09,15,2002,09,2178.7
09.15.2002-12:00:00,09,15,2002,12,2025
09.15.2002-15:00:00,09,15,2002,15,2151.4
09.15.2002-18:00:00,09,15,2002,18,2426.6
09.15.2002-21:00:00,09,15,2002,21,2629.8
09.16.2002-00:00:00,09,16,2002,00,2744
09.16.2002-03:00:00,09,16,2002,03,2809.8
09.16.2002-06:00:00,09,16,2002,06,2567.4
09.16.2002-09:00:00,09,16,2002,09,2192.4
09.16.2002-12:00:00,09,16,2002,12,2046.3
09.16.2002-15:00:00,09,16,2002,15,2166.9
09.16.2002-18:00:00,09,16,2002,18,2436.5
09.16.2002-21:00:00,09,16,2002,21,2631.7
09.17.2002-00:00:00,09,17,2002,00,2730.5
09.17.2002-03:00:00,09,17,2002,03,2800.5
09.17.2002-06:00:00,09,17,2002,06,2620.8
09.17.2002-09:00:00,09,17,2002,09,2275.2
09.17.2002-12:00:00,09,17,2002,12,2134.5
09.17.2002-15:00:00,09,17,2002,15,2273.3
09.17.2002-18:00:00,09,17,2002,18,2541.3
09.17.2002-21:00:00,09,17,2002,21,2696.8
09.18.2002-00:00:00,09,18,2002,00,2773.3
09.18.2002-03:00:00,09,18,2002,03,2821.9
09.18.2002-06:00:00,09,18,2002,06,2635.4
09.18.2002-09:00:00,09,18,2002,09,2208.5
09.18.2002-12:00:00,09,18,2002,12,2049.9
09.18.2002-15:00:00,09,18,2002,15,2191.1
09.18.2002-18:00:00,09,18,2002,18,2480.8
09.18.2002-21:00:00,09,18,2002,21,2642.9
09.19.2002-00:00:00,09,19,2002,00,2741.3
09.19.2002-03:00:00,09,19,2002,03,2790
09.19.2002-06:00:00,09,19,2002,06,2624.3
09.19.2002-09:00:00,09,19,2002,09,2142.3
09.19.2002-12:00:00,09,19,2002,12,1955.4
09.19.2002-15:00:00,09,19,2002,15,2102.6
09.19.2002-18:00:00,09,19,2002,18,2374.7
09.19.2002-21:00:00,09,19,2002,21,2558.6
09.20.2002-00:00:00,09,20,2002,00,2660.5
09.20.2002-03:00:00,09,20,2002,03,2734.4
09.20.2002-06:00:00,09,20,2002,06,2598
09.20.2002-09:00:00,09,20,2002,09,2140.6
09.20.2002-12:00:00,09,20,2002,12,1961.3
09.20.2002-15:00:00,09,20,2002,15,2112.9
09.20.2002-18:00:00,09,20,2002,18,2388
09.20.2002-21:00:00,09,20,2002,21,2559.6
09.21.2002-00:00:00,09,21,2002,00,2654.8
09.21.2002-03:00:00,09,21,2002,03,2721
09.21.2002-06:00:00,09,21,2002,06,2711.5
09.21.2002-09:00:00,09,21,2002,09,2179
09.21.2002-12:00:00,09,21,2002,12,1965.9
09.21.2002-15:00:00,09,21,2002,15,2107.8
09.21.2002-18:00:00,09,21,2002,18,2376.8
09.21.2002-21:00:00,09,21,2002,21,2545.4
09.22.2002-00:00:00,09,22,2002,00,2634.6
09.22.2002-03:00:00,09,22,2002,03,2693.7
09.22.2002-06:00:00,09,22,2002,06,2670.3
09.22.2002-09:00:00,09,22,2002,09,2129.3
09.22.2002-12:00:00,09,22,2002,12,1908.9
09.22.2002-15:00:00,09,22,2002,15,2051.5
09.22.2002-18:00:00,09,22,2002,18,2295.4
09.22.2002-21:00:00,09,22,2002,21,2467.5
09.23.2002-00:00:00,09,23,2002,00,2565.5
09.23.2002-03:00:00,09,23,2002,03,2634.4
09.23.2002-06:00:00,09,23,2002,06,2518.1
09.23.2002-09:00:00,09,23,2002,09,2049.2
09.23.2002-12:00:00,09,23,2002,12,1855
09.23.2002-15:00:00,09,23,2002,15,2008.4
09.23.2002-18:00:00,09,23,2002,18,2234.6
09.23.2002-21:00:00,09,23,2002,21,2401.1
09.24.2002-00:00:00,09,24,2002,00,2498.5
09.24.2002-03:00:00,09,24,2002,03,2567.1
09.24.2002-06:00:00,09,24,2002,06,2438.7
09.24.2002-09:00:00,09,24,2002,09,2090.1
09.24.2002-12:00:00,09,24,2002,12,1943.9
09.24.2002-15:00:00,09,24,2002,15,2070.6
09.24.2002-18:00:00,09,24,2002,18,2304.6
09.24.2002-21:00:00,09,24,2002,21,2446.2
09.25.2002-00:00:00,09,25,2002,00,2526.3
09.25.2002-03:00:00,09,25,2002,03,2576.5
09.25.2002-06:00:00,09,25,2002,06,2416.1
09.25.2002-09:00:00,09,25,2002,09,1998.8
09.25.2002-12:00:00,09,25,2002,12,1820.3
09.25.2002-15:00:00,09,25,2002,15,1967.2
09.25.2002-18:00:00,09,25,2002,18,2189.7
09.25.2002-21:00:00,09,25,2002,21,2344.1
09.26.2002-00:00:00,09,26,2002,00,2441.1
09.26.2002-03:00:00,09,26,2002,03,2499.8
09.26.2002-06:00:00,09,26,2002,06,2448.7
09.26.2002-09:00:00,09,26,2002,09,2159.8
09.26.2002-12:00:00,09,26,2002,12,2034
09.26.2002-15:00:00,09,26,2002,15,2156.5
09.26.2002-18:00:00,09,26,2002,18,2369.6
09.26.2002-21:00:00,09,26,2002,21,2467.7
09.27.2002-00:00:00,09,27,2002,00,2525.7
09.27.2002-03:00:00,09,27,2002,03,2557.9
09.27.2002-06:00:00,09,27,2002,06,2394.7
09.27.2002-09:00:00,09,27,2002,09,2019.2
09.27.2002-12:00:00,09,27,2002,12,1856.9
09.27.2002-15:00:00,09,27,2002,15,1995.4
09.27.2002-18:00:00,09,27,2002,18,2227.7
09.27.2002-21:00:00,09,27,2002,21,2360.7
09.28.2002-00:00:00,09,28,2002,00,2440.6
09.28.2002-03:00:00,09,28,2002,03,2487.8
09.28.2002-06:00:00,09,28,2002,06,2482.4
09.28.2002-09:00:00,09,28,2002,09,2044.2
09.28.2002-12:00:00,09,28,2002,12,1859.2
09.28.2002-15:00:00,09,28,2002,15,1992.1
09.28.2002-18:00:00,09,28,2002,18,2216.5
09.28.2002-21:00:00,09,28,2002,21,2345.4
09.29.2002-00:00:00,09,29,2002,00,2410.8
09.29.2002-03:00:00,09,29,2002,03,2457.4
09.29.2002-06:00:00,09,29,2002,06,2393.1
09.29.2002-09:00:00,09,29,2002,09,2149
09.29.2002-12:00:00,09,29,2002,12,2037
09.29.2002-15:00:00,09,29,2002,15,2150.2
09.29.2002-18:00:00,09,29,2002,18,2324.6
09.29.2002-21:00:00,09,29,2002,21,2414.4
09.30.2002-00:00:00,09,30,2002,00,2462.5
09.30.2002-03:00:00,09,30,2002,03,2494.1
09.30.2002-06:00:00,09,30,2002,06,2418.5
09.30.2002-09:00:00,09,30,2002,09,2164.1
09.30.2002-12:00:00,09,30,2002,12,2047.5
09.30.2002-15:00:00,09,30,2002,15,2171.5
09.30.2002-18:00:00,09,30,2002,18,2348.2
09.30.2002-21:00:00,09,30,2002,21,2430.5
