TIMESTAMP,MONTH,DAY,YEAR,HOUR,C
10.01.2001-00:00:00,10,01,2001,00,945.07
10.01.2001-03:00:00,10,01,2001,03,966.78
10.01.2001-06:00:00,10,01,2001,06,935.11
10.01.2001-09:00:00,10,01,2001,09,752.77
10.01.2001-12:00:00,10,01,2001,12,743.03
10.01.2001-15:00:00,10,01,2001,15,807
10.01.2001-18:00:00,10,01,2001,18,886.58
10.01.2001-21:00:00,10,01,2001,21,926.56
10.02.2001-00:00:00,10,02,2001,00,947.74
10.02.2001-03:00:00,10,02,2001,03,952.89
10.02.2001-06:00:00,10,02,2001,06,929.43
10.02.2001-09:00:00,10,02,2001,09,739.82
10.02.2001-12:00:00,10,02,2001,12,748.49
10.02.2001-15:00:00,10,02,2001,15,792.69
10.02.2001-18:00:00,10,02,2001,18,884.98
10.02.2001-21:00:00,10,02,2001,21,926.76
10.03.2001-00:00:00,10,03,2001,00,935.74
10.03.2001-03:00:00,10,03,2001,03,957.39
10.03.2001-06:00:00,10,03,2001,06,931.4
10.03.2001-09:00:00,10,03,2001,09,748.61
10.03.2001-12:00:00,10,03,2001,12,738.72
10.03.2001-15:00:00,10,03,2001,15,802.79
10.03.2001-18:00:00,10,03,2001,18,883.01
10.03.2001-21:00:00,10,03,2001,21,918.84
10.04.2001-00:00:00,10,04,2001,00,940.65
10.04.2001-03:00:00,10,04,2001,03,947.29
10.04.2001-06:00:00,10,04,2001,06,957.58
10.04.2001-09:00:00,10,04,2001,09,752.21
10.04.2001-12:00:00,10,04,2001,12,752.89
10.04.2001-15:00:00,10,04,2001,15,802.37
10.04.2001-18:00:00,10,04,2001,18,897.22
10.04.2001-21:00:00,10,04,2001,21,927.64
10.05.2001-00:00:00,10,05,2001,00,937.97
10.05.2001-03:00:00,10,05,2001,03,956.55
10.05.2001-06:00:00,10,05,2001,06,952.78
10.05.2001-09:00:00,10,05,2001,09,771.25
10.05.2001-12:00:00,10,05,2001,12,752.74
10.05.2001-15:00:00,10,05,2001,15,830.84
10.05.2001-18:00:00,10,05,2001,18,907.3
10.05.2001-21:00:00,10,05,2001,21,929.03
10.06.2001-00:00:00,10,06,2001,00,949.01
10.06.2001-03:00:00,10,06,2001,03,947.28
10.06.2001-06:00:00,10,06,2001,06,958.4
10.06.2001-09:00:00,10,06,2001,09,775.4
10.06.2001-12:00:00,10,06,2001,12,769.79
10.06.2001-15:00:00,10,06,2001,15,835.43
10.06.2001-18:00:00,10,06,2001,18,912.09
10.06.2001-21:00:00,10,06,2001,21,934.01
10.07.2001-00:00:00,10,07,2001,00,941.83
10.07.2001-03:00:00,10,07,2001,03,954.8
10.07.2001-06:00:00,10,07,2001,06,949.12
10.07.2001-09:00:00,10,07,2001,09,812.36
10.07.2001-12:00:00,10,07,2001,12,790.27
10.07.2001-15:00:00,10,07,2001,15,867.05
10.07.2001-18:00:00,10,07,2001,18,920.5
10.07.2001-21:00:00,10,07,2001,21,937.95
10.08.2001-00:00:00,10,08,2001,00,953.42
10.08.2001-03:00:00,10,08,2001,03,946.47
10.08.2001-06:00:00,10,08,2001,06,957.96
10.08.2001-09:00:00,10,08,2001,09,929.19
10.08.2001-12:00:00,10,08,2001,12,828.58
10.08.2001-15:00:00,10,08,2001,15,876.32
10.08.2001-18:00:00,10,08,2001,18,950.3
10.08.2001-21:00:00,10,08,2001,21,948.61
10.09.2001-00:00:00,10,09,2001,00,963.9
10.09.2001-03:00:00,10,09,2001,03,948.78
10.09.2001-06:00:00,10,09,2001,06,936.59
10.09.2001-09:00:00,10,09,2001,09,811.47
10.09.2001-12:00:00,10,09,2001,12,797.29
10.09.2001-15:00:00,10,09,2001,15,845
10.09.2001-18:00:00,10,09,2001,18,916.57
10.09.2001-21:00:00,10,09,2001,21,926.25
10.10.2001-00:00:00,10,10,2001,00,943.59
10.10.2001-03:00:00,10,10,2001,03,951.73
10.10.2001-06:00:00,10,10,2001,06,949.62
10.10.2001-09:00:00,10,10,2001,09,1247.9
10.10.2001-12:00:00,10,10,2001,12,1354.6
10.10.2001-15:00:00,10,10,2001,15,1016.7
10.10.2001-18:00:00,10,10,2001,18,970.76
10.10.2001-21:00:00,10,10,2001,21,970.82
10.11.2001-00:00:00,10,11,2001,00,960.47
10.11.2001-03:00:00,10,11,2001,03,963.77
10.11.2001-06:00:00,10,11,2001,06,956.36
10.11.2001-09:00:00,10,11,2001,09,947.83
10.11.2001-12:00:00,10,11,2001,12,1288.1
10.11.2001-15:00:00,10,11,2001,15,1267.6
10.11.2001-18:00:00,10,11,2001,18,1017.5
10.11.2001-21:00:00,10,11,2001,21,965.11
10.12.2001-00:00:00,10,12,2001,00,957.52
10.12.2001-03:00:00,10,12,2001,03,962.08
10.12.2001-06:00:00,10,12,2001,06,955.87
10.12.2001-09:00:00,10,12,2001,09,971.93
10.12.2001-12:00:00,10,12,2001,12,1429.1
10.12.2001-15:00:00,10,12,2001,15,1458.6
10.12.2001-18:00:00,10,12,2001,18,1226.1
10.12.2001-21:00:00,10,12,2001,21,1111.1
10.13.2001-00:00:00,10,13,2001,00,1104.7
10.13.2001-03:00:00,10,13,2001,03,1071.6
10.13.2001-06:00:00,10,13,2001,06,1053.8
10.13.2001-09:00:00,10,13,2001,09,1160.8
10.13.2001-12:00:00,10,13,2001,12,1157.4
10.13.2001-15:00:00,10,13,2001,15,1075.9
10.13.2001-18:00:00,10,13,2001,18,1045.1
10.13.2001-21:00:00,10,13,2001,21,1002.6
10.14.2001-00:00:00,10,14,2001,00,1012.4
10.14.2001-03:00:00,10,14,2001,03,988.03
10.14.2001-06:00:00,10,14,2001,06,989.26
10.14.2001-09:00:00,10,14,2001,09,940.56
10.14.2001-12:00:00,10,14,2001,12,871.11
10.14.2001-15:00:00,10,14,2001,15,896.35
10.14.2001-18:00:00,10,14,2001,18,962.49
10.14.2001-21:00:00,10,14,2001,21,955.51
10.15.2001-00:00:00,10,15,2001,00,982.12
10.15.2001-03:00:00,10,15,2001,03,962.08
10.15.2001-06:00:00,10,15,2001,06,972.17
10.15.2001-09:00:00,10,15,2001,09,840.63
10.15.2001-12:00:00,10,15,2001,12,824.08
10.15.2001-15:00:00,10,15,2001,15,878.36
10.15.2001-18:00:00,10,15,2001,18,936.08
10.15.2001-21:00:00,10,15,2001,21,938.87
10.16.2001-00:00:00,10,16,2001,00,955.45
10.16.2001-03:00:00,10,16,2001,03,949.81
10.16.2001-06:00:00,10,16,2001,06,963.23
10.16.2001-09:00:00,10,16,2001,09,810.49
10.16.2001-12:00:00,10,16,2001,12,799.87
10.16.2001-15:00:00,10,16,2001,15,853.09
10.16.2001-18:00:00,10,16,2001,18,919.95
10.16.2001-21:00:00,10,16,2001,21,923.56
10.17.2001-00:00:00,10,17,2001,00,940.55
10.17.2001-03:00:00,10,17,2001,03,942.93
10.17.2001-06:00:00,10,17,2001,06,942.81
10.17.2001-09:00:00,10,17,2001,09,851.42
10.17.2001-12:00:00,10,17,2001,12,828.05
10.17.2001-15:00:00,10,17,2001,15,889.04
10.17.2001-18:00:00,10,17,2001,18,928.67
10.17.2001-21:00:00,10,17,2001,21,935.81
10.18.2001-00:00:00,10,18,2001,00,948.16
10.18.2001-03:00:00,10,18,2001,03,938.15
10.18.2001-06:00:00,10,18,2001,06,939.83
10.18.2001-09:00:00,10,18,2001,09,788.8
10.18.2001-12:00:00,10,18,2001,12,782.52
10.18.2001-15:00:00,10,18,2001,15,834.78
10.18.2001-18:00:00,10,18,2001,18,894.81
10.18.2001-21:00:00,10,18,2001,21,912.83
10.19.2001-00:00:00,10,19,2001,00,920.58
10.19.2001-03:00:00,10,19,2001,03,929.07
10.19.2001-06:00:00,10,19,2001,06,925.85
10.19.2001-09:00:00,10,19,2001,09,875.58
10.19.2001-12:00:00,10,19,2001,12,779.61
10.19.2001-15:00:00,10,19,2001,15,834.48
10.19.2001-18:00:00,10,19,2001,18,906.94
10.19.2001-21:00:00,10,19,2001,21,912.19
10.20.2001-00:00:00,10,20,2001,00,932.85
10.20.2001-03:00:00,10,20,2001,03,917.51
10.20.2001-06:00:00,10,20,2001,06,927.39
10.20.2001-09:00:00,10,20,2001,09,792.27
10.20.2001-12:00:00,10,20,2001,12,771.83
10.20.2001-15:00:00,10,20,2001,15,840.17
10.20.2001-18:00:00,10,20,2001,18,885.92
10.20.2001-21:00:00,10,20,2001,21,899.56
10.21.2001-00:00:00,10,21,2001,00,915.9
10.21.2001-03:00:00,10,21,2001,03,908.14
10.21.2001-06:00:00,10,21,2001,06,922.24
10.21.2001-09:00:00,10,21,2001,09,1112.4
10.21.2001-12:00:00,10,21,2001,12,892.38
10.21.2001-15:00:00,10,21,2001,15,908.87
10.21.2001-18:00:00,10,21,2001,18,918.27
10.21.2001-21:00:00,10,21,2001,21,922.03
10.22.2001-00:00:00,10,22,2001,00,962.36
10.22.2001-03:00:00,10,22,2001,03,921.8
10.22.2001-06:00:00,10,22,2001,06,924.97
10.22.2001-09:00:00,10,22,2001,09,1041.2
10.22.2001-12:00:00,10,22,2001,12,1223
10.22.2001-15:00:00,10,22,2001,15,964.68
10.22.2001-18:00:00,10,22,2001,18,921.72
10.22.2001-21:00:00,10,22,2001,21,922.76
10.23.2001-00:00:00,10,23,2001,00,917.91
10.23.2001-03:00:00,10,23,2001,03,916.49
10.23.2001-06:00:00,10,23,2001,06,923.85
10.23.2001-09:00:00,10,23,2001,09,967.11
10.23.2001-12:00:00,10,23,2001,12,1524.3
10.23.2001-15:00:00,10,23,2001,15,1293.8
10.23.2001-18:00:00,10,23,2001,18,979
10.23.2001-21:00:00,10,23,2001,21,935.31
10.24.2001-00:00:00,10,24,2001,00,925.42
10.24.2001-03:00:00,10,24,2001,03,927.38
10.24.2001-06:00:00,10,24,2001,06,919.76
10.24.2001-09:00:00,10,24,2001,09,893.61
10.24.2001-12:00:00,10,24,2001,12,861.74
10.24.2001-15:00:00,10,24,2001,15,902.67
10.24.2001-18:00:00,10,24,2001,18,920.74
10.24.2001-21:00:00,10,24,2001,21,910.77
10.25.2001-00:00:00,10,25,2001,00,917.21
10.25.2001-03:00:00,10,25,2001,03,916.86
10.25.2001-06:00:00,10,25,2001,06,913.35
10.25.2001-09:00:00,10,25,2001,09,908.65
10.25.2001-12:00:00,10,25,2001,12,984.68
10.25.2001-15:00:00,10,25,2001,15,998.97
10.25.2001-18:00:00,10,25,2001,18,956.15
10.25.2001-21:00:00,10,25,2001,21,956.83
10.26.2001-00:00:00,10,26,2001,00,913.31
10.26.2001-03:00:00,10,26,2001,03,908.62
10.26.2001-06:00:00,10,26,2001,06,915.51
10.26.2001-09:00:00,10,26,2001,09,900.28
10.26.2001-12:00:00,10,26,2001,12,919.72
10.26.2001-15:00:00,10,26,2001,15,964.38
10.26.2001-18:00:00,10,26,2001,18,912.56
10.26.2001-21:00:00,10,26,2001,21,904.82
10.27.2001-00:00:00,10,27,2001,00,912.27
10.27.2001-03:00:00,10,27,2001,03,900.93
10.27.2001-06:00:00,10,27,2001,06,906.68
10.27.2001-09:00:00,10,27,2001,09,858.04
10.27.2001-12:00:00,10,27,2001,12,835.96
10.27.2001-15:00:00,10,27,2001,15,887.68
10.27.2001-18:00:00,10,27,2001,18,903.2
10.27.2001-21:00:00,10,27,2001,21,894.74
10.28.2001-00:00:00,10,28,2001,00,900.57
10.28.2001-03:00:00,10,28,2001,03,900.51
10.28.2001-06:00:00,10,28,2001,06,897.99
10.28.2001-09:00:00,10,28,2001,09,856.68
10.28.2001-12:00:00,10,28,2001,12,845.17
10.28.2001-15:00:00,10,28,2001,15,880.58
10.28.2001-18:00:00,10,28,2001,18,895.22
10.28.2001-21:00:00,10,28,2001,21,895.86
10.29.2001-00:00:00,10,29,2001,00,893.13
10.29.2001-03:00:00,10,29,2001,03,890.56
10.29.2001-06:00:00,10,29,2001,06,898.97
10.29.2001-09:00:00,10,29,2001,09,869.75
10.29.2001-12:00:00,10,29,2001,12,859.47
10.29.2001-15:00:00,10,29,2001,15,888.18
10.29.2001-18:00:00,10,29,2001,18,889.23
10.29.2001-21:00:00,10,29,2001,21,886.28
10.30.2001-00:00:00,10,30,2001,00,894.85
10.30.2001-03:00:00,10,30,2001,03,883.52
10.30.2001-06:00:00,10,30,2001,06,888.87
10.30.2001-09:00:00,10,30,2001,09,888.67
10.30.2001-12:00:00,10,30,2001,12,885.85
10.30.2001-15:00:00,10,30,2001,15,882.71
10.30.2001-18:00:00,10,30,2001,18,891.32
10.30.2001-21:00:00,10,30,2001,21,879.96
10.31.2001-00:00:00,10,31,2001,00,885.22
10.31.2001-03:00:00,10,31,2001,03,885.05
10.31.2001-06:00:00,10,31,2001,06,882.57
10.31.2001-09:00:00,10,31,2001,09,938.92
10.31.2001-12:00:00,10,31,2001,12,1538.4
10.31.2001-15:00:00,10,31,2001,15,1388.8
10.31.2001-18:00:00,10,31,2001,18,1075.8
10.31.2001-21:00:00,10,31,2001,21,906.5
11.01.2001-00:00:00,11,01,2001,00,885.11
11.01.2001-03:00:00,11,01,2001,03,880.34
11.01.2001-06:00:00,11,01,2001,06,888.89
11.01.2001-09:00:00,11,01,2001,09,858.81
11.01.2001-12:00:00,11,01,2001,12,839.82
11.01.2001-15:00:00,11,01,2001,15,873.43
11.01.2001-18:00:00,11,01,2001,18,878.02
11.01.2001-21:00:00,11,01,2001,21,874.42
11.02.2001-00:00:00,11,02,2001,00,884.01
11.02.2001-03:00:00,11,02,2001,03,872.33
11.02.2001-06:00:00,11,02,2001,06,877.33
11.02.2001-09:00:00,11,02,2001,09,834.84
11.02.2001-12:00:00,11,02,2001,12,819.57
11.02.2001-15:00:00,11,02,2001,15,856.82
11.02.2001-18:00:00,11,02,2001,18,876.08
11.02.2001-21:00:00,11,02,2001,21,866.25
11.03.2001-00:00:00,11,03,2001,00,871.77
11.03.2001-03:00:00,11,03,2001,03,872.08
11.03.2001-06:00:00,11,03,2001,06,870.28
11.03.2001-09:00:00,11,03,2001,09,828
11.03.2001-12:00:00,11,03,2001,12,822.95
11.03.2001-15:00:00,11,03,2001,15,850.87
11.03.2001-18:00:00,11,03,2001,18,865.03
11.03.2001-21:00:00,11,03,2001,21,866.32
11.04.2001-00:00:00,11,04,2001,00,865.27
11.04.2001-03:00:00,11,04,2001,03,860.01
11.04.2001-06:00:00,11,04,2001,06,870.28
11.04.2001-09:00:00,11,04,2001,09,814.68
11.04.2001-12:00:00,11,04,2001,12,808.21
11.04.2001-15:00:00,11,04,2001,15,849.16
11.04.2001-18:00:00,11,04,2001,18,857.63
11.04.2001-21:00:00,11,04,2001,21,853.96
11.05.2001-00:00:00,11,05,2001,00,865.04
11.05.2001-03:00:00,11,05,2001,03,853.49
11.05.2001-06:00:00,11,05,2001,06,858.28
11.05.2001-09:00:00,11,05,2001,09,826.54
11.05.2001-12:00:00,11,05,2001,12,812.39
11.05.2001-15:00:00,11,05,2001,15,841.11
11.05.2001-18:00:00,11,05,2001,18,859.14
11.05.2001-21:00:00,11,05,2001,21,848.71
11.06.2001-00:00:00,11,06,2001,00,853.75
11.06.2001-03:00:00,11,06,2001,03,853.46
11.06.2001-06:00:00,11,06,2001,06,852.48
11.06.2001-09:00:00,11,06,2001,09,831.58
11.06.2001-12:00:00,11,06,2001,12,822.2
11.06.2001-15:00:00,11,06,2001,15,839.74
11.06.2001-18:00:00,11,06,2001,18,848.86
11.06.2001-21:00:00,11,06,2001,21,849.26
11.07.2001-00:00:00,11,07,2001,00,848.46
11.07.2001-03:00:00,11,07,2001,03,842.32
11.07.2001-06:00:00,11,07,2001,06,852.14
11.07.2001-09:00:00,11,07,2001,09,842.52
11.07.2001-12:00:00,11,07,2001,12,830.79
11.07.2001-15:00:00,11,07,2001,15,845.76
11.07.2001-18:00:00,11,07,2001,18,842.9
11.07.2001-21:00:00,11,07,2001,21,840.16
11.08.2001-00:00:00,11,08,2001,00,847.25
11.08.2001-03:00:00,11,08,2001,03,839.11
11.08.2001-06:00:00,11,08,2001,06,840.17
11.08.2001-09:00:00,11,08,2001,09,828.5
11.08.2001-12:00:00,11,08,2001,12,807.98
11.08.2001-15:00:00,11,08,2001,15,830.88
11.08.2001-18:00:00,11,08,2001,18,842.54
11.08.2001-21:00:00,11,08,2001,21,834.34
11.09.2001-00:00:00,11,09,2001,00,836
11.09.2001-03:00:00,11,09,2001,03,838.66
11.09.2001-06:00:00,11,09,2001,06,834.5
11.09.2001-09:00:00,11,09,2001,09,815.98
11.09.2001-12:00:00,11,09,2001,12,801.58
11.09.2001-15:00:00,11,09,2001,15,823.62
11.09.2001-18:00:00,11,09,2001,18,829.61
11.09.2001-21:00:00,11,09,2001,21,834.78
11.10.2001-00:00:00,11,10,2001,00,830.23
11.10.2001-03:00:00,11,10,2001,03,827.02
11.10.2001-06:00:00,11,10,2001,06,830.18
11.10.2001-09:00:00,11,10,2001,09,824.29
11.10.2001-12:00:00,11,10,2001,12,796.52
11.10.2001-15:00:00,11,10,2001,15,819.35
11.10.2001-18:00:00,11,10,2001,18,830.98
11.10.2001-21:00:00,11,10,2001,21,823.67
11.11.2001-00:00:00,11,11,2001,00,824.68
11.11.2001-03:00:00,11,11,2001,03,823.5
11.11.2001-06:00:00,11,11,2001,06,829.58
11.11.2001-09:00:00,11,11,2001,09,802.25
11.11.2001-12:00:00,11,11,2001,12,786.02
11.11.2001-15:00:00,11,11,2001,15,814.48
11.11.2001-18:00:00,11,11,2001,18,825.18
11.11.2001-21:00:00,11,11,2001,21,818.16
11.12.2001-00:00:00,11,12,2001,00,819.48
11.12.2001-03:00:00,11,12,2001,03,818.28
11.12.2001-06:00:00,11,12,2001,06,824.32
11.12.2001-09:00:00,11,12,2001,09,814.69
11.12.2001-12:00:00,11,12,2001,12,806.98
11.12.2001-15:00:00,11,12,2001,15,814.72
11.12.2001-18:00:00,11,12,2001,18,821.81
11.12.2001-21:00:00,11,12,2001,21,813.76
11.13.2001-00:00:00,11,13,2001,00,814.69
11.13.2001-03:00:00,11,13,2001,03,813.27
11.13.2001-06:00:00,11,13,2001,06,819.44
11.13.2001-09:00:00,11,13,2001,09,809.54
11.13.2001-12:00:00,11,13,2001,12,810.31
11.13.2001-15:00:00,11,13,2001,15,810.06
11.13.2001-18:00:00,11,13,2001,18,816.87
11.13.2001-21:00:00,11,13,2001,21,808.17
11.14.2001-00:00:00,11,14,2001,00,964.92
11.14.2001-03:00:00,11,14,2001,03,1229
11.14.2001-06:00:00,11,14,2001,06,1386.4
11.14.2001-09:00:00,11,14,2001,09,2154.1
11.14.2001-12:00:00,11,14,2001,12,2710.4
11.14.2001-15:00:00,11,14,2001,15,2743.2
11.14.2001-18:00:00,11,14,2001,18,2669.3
11.14.2001-21:00:00,11,14,2001,21,2576.7
11.15.2001-00:00:00,11,15,2001,00,1178.5
11.15.2001-03:00:00,11,15,2001,03,935.42
11.15.2001-06:00:00,11,15,2001,06,906.72
11.15.2001-09:00:00,11,15,2001,09,872.28
11.15.2001-12:00:00,11,15,2001,12,904.04
11.15.2001-15:00:00,11,15,2001,15,970.45
11.15.2001-18:00:00,11,15,2001,18,970.85
11.15.2001-21:00:00,11,15,2001,21,880.92
11.16.2001-00:00:00,11,16,2001,00,861.67
11.16.2001-03:00:00,11,16,2001,03,856.68
11.16.2001-06:00:00,11,16,2001,06,862.83
11.16.2001-09:00:00,11,16,2001,09,840.66
11.16.2001-12:00:00,11,16,2001,12,827.8
11.16.2001-15:00:00,11,16,2001,15,849.97
11.16.2001-18:00:00,11,16,2001,18,849.7
11.16.2001-21:00:00,11,16,2001,21,846.74
11.17.2001-00:00:00,11,17,2001,00,853.42
11.17.2001-03:00:00,11,17,2001,03,843.9
11.17.2001-06:00:00,11,17,2001,06,844.94
11.17.2001-09:00:00,11,17,2001,09,823.92
11.17.2001-12:00:00,11,17,2001,12,804.02
11.17.2001-15:00:00,11,17,2001,15,830.07
11.17.2001-18:00:00,11,17,2001,18,842.76
11.17.2001-21:00:00,11,17,2001,21,834.63
11.18.2001-00:00:00,11,18,2001,00,835.22
11.18.2001-03:00:00,11,18,2001,03,838.39
11.18.2001-06:00:00,11,18,2001,06,832.79
11.18.2001-09:00:00,11,18,2001,09,830.06
11.18.2001-12:00:00,11,18,2001,12,831.97
11.18.2001-15:00:00,11,18,2001,15,827.32
11.18.2001-18:00:00,11,18,2001,18,827.75
11.18.2001-21:00:00,11,18,2001,21,831.19
11.19.2001-00:00:00,11,19,2001,00,825.83
11.19.2001-03:00:00,11,19,2001,03,822.95
11.19.2001-06:00:00,11,19,2001,06,829.22
11.19.2001-09:00:00,11,19,2001,09,821.1
11.19.2001-12:00:00,11,19,2001,12,820.99
11.19.2001-15:00:00,11,19,2001,15,824.4
11.19.2001-18:00:00,11,19,2001,18,819.31
11.19.2001-21:00:00,11,19,2001,21,816.18
11.20.2001-00:00:00,11,20,2001,00,822.74
11.20.2001-03:00:00,11,20,2001,03,813.81
11.20.2001-06:00:00,11,20,2001,06,815.4
11.20.2001-09:00:00,11,20,2001,09,811.49
11.20.2001-12:00:00,11,20,2001,12,817.57
11.20.2001-15:00:00,11,20,2001,15,809.26
11.20.2001-18:00:00,11,20,2001,18,810.13
11.20.2001-21:00:00,11,20,2001,21,808.57
11.21.2001-00:00:00,11,21,2001,00,814.19
11.21.2001-03:00:00,11,21,2001,03,805.86
11.21.2001-06:00:00,11,21,2001,06,806.19
11.21.2001-09:00:00,11,21,2001,09,801.61
11.21.2001-12:00:00,11,21,2001,12,808.72
11.21.2001-15:00:00,11,21,2001,15,799.78
11.21.2001-18:00:00,11,21,2001,18,803.3
11.21.2001-21:00:00,11,21,2001,21,800.31
11.22.2001-00:00:00,11,22,2001,00,806.86
11.22.2001-03:00:00,11,22,2001,03,798.24
11.22.2001-06:00:00,11,22,2001,06,798.94
11.22.2001-09:00:00,11,22,2001,09,795.64
11.22.2001-12:00:00,11,22,2001,12,803.6
11.22.2001-15:00:00,11,22,2001,15,793.05
11.22.2001-18:00:00,11,22,2001,18,796.19
11.22.2001-21:00:00,11,22,2001,21,792.76
11.23.2001-00:00:00,11,23,2001,00,799.71
11.23.2001-03:00:00,11,23,2001,03,791.03
11.23.2001-06:00:00,11,23,2001,06,792.02
11.23.2001-09:00:00,11,23,2001,09,785.52
11.23.2001-12:00:00,11,23,2001,12,782.97
11.23.2001-15:00:00,11,23,2001,15,782.84
11.23.2001-18:00:00,11,23,2001,18,789.44
11.23.2001-21:00:00,11,23,2001,21,783.89
11.24.2001-00:00:00,11,24,2001,00,792.74
11.24.2001-03:00:00,11,24,2001,03,782.36
11.24.2001-06:00:00,11,24,2001,06,786.45
11.24.2001-09:00:00,11,24,2001,09,779.68
11.24.2001-12:00:00,11,24,2001,12,790.44
11.24.2001-15:00:00,11,24,2001,15,778.97
11.24.2001-18:00:00,11,24,2001,18,782.06
11.24.2001-21:00:00,11,24,2001,21,777.07
11.25.2001-00:00:00,11,25,2001,00,787.45
11.25.2001-03:00:00,11,25,2001,03,774.91
11.25.2001-06:00:00,11,25,2001,06,779.22
11.25.2001-09:00:00,11,25,2001,09,773.66
11.25.2001-12:00:00,11,25,2001,12,782.2
11.25.2001-15:00:00,11,25,2001,15,772.46
11.25.2001-18:00:00,11,25,2001,18,776.44
11.25.2001-21:00:00,11,25,2001,21,769.08
11.26.2001-00:00:00,11,26,2001,00,775.6
11.26.2001-03:00:00,11,26,2001,03,774.63
11.26.2001-06:00:00,11,26,2001,06,769.62
11.26.2001-09:00:00,11,26,2001,09,771.58
11.26.2001-12:00:00,11,26,2001,12,766.37
11.26.2001-15:00:00,11,26,2001,15,771.09
11.26.2001-18:00:00,11,26,2001,18,770.15
11.26.2001-21:00:00,11,26,2001,21,767.19
11.27.2001-00:00:00,11,27,2001,00,766.62
11.27.2001-03:00:00,11,27,2001,03,762.29
11.27.2001-06:00:00,11,27,2001,06,765.81
11.27.2001-09:00:00,11,27,2001,09,770.12
11.27.2001-12:00:00,11,27,2001,12,760.81
11.27.2001-15:00:00,11,27,2001,15,764.38
11.27.2001-18:00:00,11,27,2001,18,757.92
11.27.2001-21:00:00,11,27,2001,21,760.53
11.28.2001-00:00:00,11,28,2001,00,767.81
11.28.2001-03:00:00,11,28,2001,03,756.2
11.28.2001-06:00:00,11,28,2001,06,758.21
11.28.2001-09:00:00,11,28,2001,09,759.56
11.28.2001-12:00:00,11,28,2001,12,754.14
11.28.2001-15:00:00,11,28,2001,15,761.03
11.28.2001-18:00:00,11,28,2001,18,757.87
11.28.2001-21:00:00,11,28,2001,21,751.35
11.29.2001-00:00:00,11,29,2001,00,753.46
11.29.2001-03:00:00,11,29,2001,03,755.44
11.29.2001-06:00:00,11,29,2001,06,755.46
11.29.2001-09:00:00,11,29,2001,09,751.08
11.29.2001-12:00:00,11,29,2001,12,754.25
11.29.2001-15:00:00,11,29,2001,15,747.28
11.29.2001-18:00:00,11,29,2001,18,748.3
11.29.2001-21:00:00,11,29,2001,21,756.31
11.30.2001-00:00:00,11,30,2001,00,746.44
11.30.2001-03:00:00,11,30,2001,03,746.02
11.30.2001-06:00:00,11,30,2001,06,748.98
11.30.2001-09:00:00,11,30,2001,09,743.15
11.30.2001-12:00:00,11,30,2001,12,744.48
11.30.2001-15:00:00,11,30,2001,15,752.93
11.30.2001-18:00:00,11,30,2001,18,741.61
11.30.2001-21:00:00,11,30,2001,21,741.62
12.01.2001-00:00:00,12,01,2001,00,744.82
12.01.2001-03:00:00,12,01,2001,03,739.15
12.01.2001-06:00:00,12,01,2001,06,739.99
12.01.2001-09:00:00,12,01,2001,09,748.79
12.01.2001-12:00:00,12,01,2001,12,737.59
12.01.2001-15:00:00,12,01,2001,15,737.36
12.01.2001-18:00:00,12,01,2001,18,739.82
12.01.2001-21:00:00,12,01,2001,21,736.2
12.02.2001-00:00:00,12,02,2001,00,735.54
12.02.2001-03:00:00,12,02,2001,03,742.87
12.02.2001-06:00:00,12,02,2001,06,733.69
12.02.2001-09:00:00,12,02,2001,09,735.26
12.02.2001-12:00:00,12,02,2001,12,735.93
12.02.2001-15:00:00,12,02,2001,15,731.17
12.02.2001-18:00:00,12,02,2001,18,731.26
12.02.2001-21:00:00,12,02,2001,21,735.4
12.03.2001-00:00:00,12,03,2001,00,734.43
12.03.2001-03:00:00,12,03,2001,03,729.57
12.03.2001-06:00:00,12,03,2001,06,731.81
12.03.2001-09:00:00,12,03,2001,09,727.36
12.03.2001-12:00:00,12,03,2001,12,728.45
12.03.2001-15:00:00,12,03,2001,15,730
12.03.2001-18:00:00,12,03,2001,18,725.39
12.03.2001-21:00:00,12,03,2001,21,730.15
12.04.2001-00:00:00,12,04,2001,00,728.43
12.04.2001-03:00:00,12,04,2001,03,724.44
12.04.2001-06:00:00,12,04,2001,06,723.19
12.04.2001-09:00:00,12,04,2001,09,726.12
12.04.2001-12:00:00,12,04,2001,12,721.64
12.04.2001-15:00:00,12,04,2001,15,721.43
12.04.2001-18:00:00,12,04,2001,18,725.45
12.04.2001-21:00:00,12,04,2001,21,724.84
12.05.2001-00:00:00,12,05,2001,00,719.7
12.05.2001-03:00:00,12,05,2001,03,722.31
12.05.2001-06:00:00,12,05,2001,06,717.94
12.05.2001-09:00:00,12,05,2001,09,717.58
12.05.2001-12:00:00,12,05,2001,12,721.52
12.05.2001-15:00:00,12,05,2001,15,716.14
12.05.2001-18:00:00,12,05,2001,18,715.46
12.05.2001-21:00:00,12,05,2001,21,718.99
12.06.2001-00:00:00,12,06,2001,00,719.31
12.06.2001-03:00:00,12,06,2001,03,713.99
12.06.2001-06:00:00,12,06,2001,06,717.72
12.06.2001-09:00:00,12,06,2001,09,712.56
12.06.2001-12:00:00,12,06,2001,12,711.7
12.06.2001-15:00:00,12,06,2001,15,712.15
12.06.2001-18:00:00,12,06,2001,18,714.44
12.06.2001-21:00:00,12,06,2001,21,710.07
12.07.2001-00:00:00,12,07,2001,00,709.31
12.07.2001-03:00:00,12,07,2001,03,710.88
12.07.2001-06:00:00,12,07,2001,06,716.98
12.07.2001-09:00:00,12,07,2001,09,708.03
12.07.2001-12:00:00,12,07,2001,12,706.88
12.07.2001-15:00:00,12,07,2001,15,707.04
12.07.2001-18:00:00,12,07,2001,18,709.57
12.07.2001-21:00:00,12,07,2001,21,705.26
12.08.2001-00:00:00,12,08,2001,00,704.54
12.08.2001-03:00:00,12,08,2001,03,704.48
12.08.2001-06:00:00,12,08,2001,06,707.16
12.08.2001-09:00:00,12,08,2001,09,702.84
12.08.2001-12:00:00,12,08,2001,12,702.31
12.08.2001-15:00:00,12,08,2001,15,707.69
12.08.2001-18:00:00,12,08,2001,18,705.13
12.08.2001-21:00:00,12,08,2001,21,700.44
12.09.2001-00:00:00,12,09,2001,00,699.74
12.09.2001-03:00:00,12,09,2001,03,699.42
12.09.2001-06:00:00,12,09,2001,06,702.32
12.09.2001-09:00:00,12,09,2001,09,698.17
12.09.2001-12:00:00,12,09,2001,12,697.43
12.09.2001-15:00:00,12,09,2001,15,696.93
12.09.2001-18:00:00,12,09,2001,18,699.95
12.09.2001-21:00:00,12,09,2001,21,695.85
12.10.2001-00:00:00,12,10,2001,00,695.08
12.10.2001-03:00:00,12,10,2001,03,694.54
12.10.2001-06:00:00,12,10,2001,06,694.61
12.10.2001-09:00:00,12,10,2001,09,701.86
12.10.2001-12:00:00,12,10,2001,12,693.35
12.10.2001-15:00:00,12,10,2001,15,692.21
12.10.2001-18:00:00,12,10,2001,18,690.44
12.10.2001-21:00:00,12,10,2001,21,691.55
12.11.2001-00:00:00,12,11,2001,00,693.06
12.11.2001-03:00:00,12,11,2001,03,690.17
12.11.2001-06:00:00,12,11,2001,06,688.29
12.11.2001-09:00:00,12,11,2001,09,688.91
12.11.2001-12:00:00,12,11,2001,12,687.36
12.11.2001-15:00:00,12,11,2001,15,691.42
12.11.2001-18:00:00,12,11,2001,18,686.27
12.11.2001-21:00:00,12,11,2001,21,686.71
12.12.2001-00:00:00,12,12,2001,00,685.02
12.12.2001-03:00:00,12,12,2001,03,685.63
12.12.2001-06:00:00,12,12,2001,06,684.39
12.12.2001-09:00:00,12,12,2001,09,688.11
12.12.2001-12:00:00,12,12,2001,12,683.01
12.12.2001-15:00:00,12,12,2001,15,683.43
12.12.2001-18:00:00,12,12,2001,18,681.74
12.12.2001-21:00:00,12,12,2001,21,682.37
12.13.2001-00:00:00,12,13,2001,00,680.75
12.13.2001-03:00:00,12,13,2001,03,683.61
12.13.2001-06:00:00,12,13,2001,06,680.87
12.13.2001-09:00:00,12,13,2001,09,679.05
12.13.2001-12:00:00,12,13,2001,12,678.45
12.13.2001-15:00:00,12,13,2001,15,679.11
12.13.2001-18:00:00,12,13,2001,18,677.43
12.13.2001-21:00:00,12,13,2001,21,676.94
12.14.2001-00:00:00,12,14,2001,00,680.96
12.14.2001-03:00:00,12,14,2001,03,675.95
12.14.2001-06:00:00,12,14,2001,06,675.23
12.14.2001-09:00:00,12,14,2001,09,675.84
12.14.2001-12:00:00,12,14,2001,12,674.21
12.14.2001-15:00:00,12,14,2001,15,673.6
12.14.2001-18:00:00,12,14,2001,18,673.07
12.14.2001-21:00:00,12,14,2001,21,673.71
12.15.2001-00:00:00,12,15,2001,00,672.26
12.15.2001-03:00:00,12,15,2001,03,674.88
12.15.2001-06:00:00,12,15,2001,06,671.06
12.15.2001-09:00:00,12,15,2001,09,670.36
12.15.2001-12:00:00,12,15,2001,12,670.99
12.15.2001-15:00:00,12,15,2001,15,669.33
12.15.2001-18:00:00,12,15,2001,18,668.77
12.15.2001-21:00:00,12,15,2001,21,668.21
12.16.2001-00:00:00,12,16,2001,00,667.66
12.16.2001-03:00:00,12,16,2001,03,667.15
12.16.2001-06:00:00,12,16,2001,06,667.73
12.16.2001-09:00:00,12,16,2001,09,666.13
12.16.2001-12:00:00,12,16,2001,12,665.52
12.16.2001-15:00:00,12,16,2001,15,665.08
12.16.2001-18:00:00,12,16,2001,18,667.77
12.16.2001-21:00:00,12,16,2001,21,664.04
12.17.2001-00:00:00,12,17,2001,00,663.38
12.17.2001-03:00:00,12,17,2001,03,662.82
12.17.2001-06:00:00,12,17,2001,06,662.28
12.17.2001-09:00:00,12,17,2001,09,661.77
12.17.2001-12:00:00,12,17,2001,12,661.2
12.17.2001-15:00:00,12,17,2001,15,660.67
12.17.2001-18:00:00,12,17,2001,18,660.16
12.17.2001-21:00:00,12,17,2001,21,659.6
12.18.2001-00:00:00,12,18,2001,00,659.09
12.18.2001-03:00:00,12,18,2001,03,658.53
12.18.2001-06:00:00,12,18,2001,06,658
12.18.2001-09:00:00,12,18,2001,09,657.49
12.18.2001-12:00:00,12,18,2001,12,656.56
12.18.2001-15:00:00,12,18,2001,15,656.36
12.18.2001-18:00:00,12,18,2001,18,655.52
12.18.2001-21:00:00,12,18,2001,21,654.93
12.19.2001-00:00:00,12,19,2001,00,654.42
12.19.2001-03:00:00,12,19,2001,03,653.86
12.19.2001-06:00:00,12,19,2001,06,653.33
12.19.2001-09:00:00,12,19,2001,09,652.83
12.19.2001-12:00:00,12,19,2001,12,652.27
12.19.2001-15:00:00,12,19,2001,15,651.74
12.19.2001-18:00:00,12,19,2001,18,651.23
12.19.2001-21:00:00,12,19,2001,21,650.68
12.20.2001-00:00:00,12,20,2001,00,650.15
12.20.2001-03:00:00,12,20,2001,03,649.64
12.20.2001-06:00:00,12,20,2001,06,649.08
12.20.2001-09:00:00,12,20,2001,09,648.55
12.20.2001-12:00:00,12,20,2001,12,648
12.20.2001-15:00:00,12,20,2001,15,647.44
12.20.2001-18:00:00,12,20,2001,18,646.9
12.20.2001-21:00:00,12,20,2001,21,646.4
12.21.2001-00:00:00,12,21,2001,00,645.85
12.21.2001-03:00:00,12,21,2001,03,645.32
12.21.2001-06:00:00,12,21,2001,06,644.82
12.21.2001-09:00:00,12,21,2001,09,644.28
12.21.2001-12:00:00,12,21,2001,12,643.76
12.21.2001-15:00:00,12,21,2001,15,643.27
12.21.2001-18:00:00,12,21,2001,18,642.73
12.21.2001-21:00:00,12,21,2001,21,642.21
12.22.2001-00:00:00,12,22,2001,00,641.72
12.22.2001-03:00:00,12,22,2001,03,641.18
12.22.2001-06:00:00,12,22,2001,06,640.66
12.22.2001-09:00:00,12,22,2001,09,640.17
12.22.2001-12:00:00,12,22,2001,12,639.62
12.22.2001-15:00:00,12,22,2001,15,639.1
12.22.2001-18:00:00,12,22,2001,18,638.61
12.22.2001-21:00:00,12,22,2001,21,638.02
12.23.2001-00:00:00,12,23,2001,00,637.49
12.23.2001-03:00:00,12,23,2001,03,637.02
12.23.2001-06:00:00,12,23,2001,06,636.47
12.23.2001-09:00:00,12,23,2001,09,635.93
12.23.2001-12:00:00,12,23,2001,12,635.08
12.23.2001-15:00:00,12,23,2001,15,634.88
12.23.2001-18:00:00,12,23,2001,18,634.02
12.23.2001-21:00:00,12,23,2001,21,633.77
12.24.2001-00:00:00,12,24,2001,00,632.99
12.24.2001-03:00:00,12,24,2001,03,632.75
12.24.2001-06:00:00,12,24,2001,06,631.94
12.24.2001-09:00:00,12,24,2001,09,631.73
12.24.2001-12:00:00,12,24,2001,12,630.92
12.24.2001-15:00:00,12,24,2001,15,630.68
12.24.2001-18:00:00,12,24,2001,18,629.9
12.24.2001-21:00:00,12,24,2001,21,629.65
12.25.2001-00:00:00,12,25,2001,00,628.85
12.25.2001-03:00:00,12,25,2001,03,628.61
12.25.2001-06:00:00,12,25,2001,06,627.84
12.25.2001-09:00:00,12,25,2001,09,627.58
12.25.2001-12:00:00,12,25,2001,12,626.79
12.25.2001-15:00:00,12,25,2001,15,625.85
12.25.2001-18:00:00,12,25,2001,18,625.73
12.25.2001-21:00:00,12,25,2001,21,624.51
12.26.2001-00:00:00,12,26,2001,00,624.98
12.26.2001-03:00:00,12,26,2001,03,623.54
12.26.2001-06:00:00,12,26,2001,06,623.67
12.26.2001-09:00:00,12,26,2001,09,622.78
12.26.2001-12:00:00,12,26,2001,12,621.99
12.26.2001-15:00:00,12,26,2001,15,622.14
12.26.2001-18:00:00,12,26,2001,18,621.26
12.26.2001-21:00:00,12,26,2001,21,620.45
12.27.2001-00:00:00,12,27,2001,00,619.79
12.27.2001-03:00:00,12,27,2001,03,620.22
12.27.2001-06:00:00,12,27,2001,06,618.79
12.27.2001-09:00:00,12,27,2001,09,618.25
12.27.2001-12:00:00,12,27,2001,12,617.77
12.27.2001-15:00:00,12,27,2001,15,617.53
12.27.2001-18:00:00,12,27,2001,18,616.76
12.27.2001-21:00:00,12,27,2001,21,616.25
12.28.2001-00:00:00,12,28,2001,00,615.77
12.28.2001-03:00:00,12,28,2001,03,615.25
12.28.2001-06:00:00,12,28,2001,06,615.03
12.28.2001-09:00:00,12,28,2001,09,614.29
12.28.2001-12:00:00,12,28,2001,12,613.75
12.28.2001-15:00:00,12,28,2001,15,613.25
12.28.2001-18:00:00,12,28,2001,18,612.74
12.28.2001-21:00:00,12,28,2001,21,612.26
12.29.2001-00:00:00,12,29,2001,00,611.74
12.29.2001-03:00:00,12,29,2001,03,611.52
12.29.2001-06:00:00,12,29,2001,06,610.75
12.29.2001-09:00:00,12,29,2001,09,610.26
12.29.2001-12:00:00,12,29,2001,12,609.74
12.29.2001-15:00:00,12,29,2001,15,609.23
12.29.2001-18:00:00,12,29,2001,18,608.73
12.29.2001-21:00:00,12,29,2001,21,608.23
12.30.2001-00:00:00,12,30,2001,00,607.72
12.30.2001-03:00:00,12,30,2001,03,607.22
12.30.2001-06:00:00,12,30,2001,06,606.72
12.30.2001-09:00:00,12,30,2001,09,606.21
12.30.2001-12:00:00,12,30,2001,12,605.71
12.30.2001-15:00:00,12,30,2001,15,605.22
12.30.2001-18:00:00,12,30,2001,18,604.72
12.30.2001-21:00:00,12,30,2001,21,604.23
12.31.2001-00:00:00,12,31,2001,00,603.73
12.31.2001-03:00:00,12,31,2001,03,603.24
12.31.2001-06:00:00,12,31,2001,06,602.75
12.31.2001-09:00:00,12,31,2001,09,602.25
12.31.2001-12:00:00,12,31,2001,12,601.76
12.31.2001-15:00:00,12,31,2001,15,601.27
12.31.2001-18:00:00,12,31,2001,18,600.78
12.31.2001-21:00:00,12,31,2001,21,600.29
01.01.2002-00:00:00,01,01,2002,00,599.8
01.01.2002-03:00:00,01,01,2002,03,599.3
01.01.2002-06:00:00,01,01,2002,06,598.81
01.01.2002-09:00:00,01,01,2002,09,598.32
01.01.2002-12:00:00,01,01,2002,12,597.85
01.01.2002-15:00:00,01,01,2002,15,597.34
01.01.2002-18:00:00,01,01,2002,18,596.85
01.01.2002-21:00:00,01,01,2002,21,596.36
01.02.2002-00:00:00,01,02,2002,00,595.88
01.02.2002-03:00:00,01,02,2002,03,595.39
01.02.2002-06:00:00,01,02,2002,06,594.9
01.02.2002-09:00:00,01,02,2002,09,594.41
01.02.2002-12:00:00,01,02,2002,12,593.92
01.02.2002-15:00:00,01,02,2002,15,593.44
01.02.2002-18:00:00,01,02,2002,18,592.95
01.02.2002-21:00:00,01,02,2002,21,592.46
01.03.2002-00:00:00,01,03,2002,00,591.98
01.03.2002-03:00:00,01,03,2002,03,591.49
01.03.2002-06:00:00,01,03,2002,06,591.01
01.03.2002-09:00:00,01,03,2002,09,590.49
01.03.2002-12:00:00,01,03,2002,12,590
01.03.2002-15:00:00,01,03,2002,15,589.46
01.03.2002-18:00:00,01,03,2002,18,588.97
01.03.2002-21:00:00,01,03,2002,21,588.49
01.04.2002-00:00:00,01,04,2002,00,588.01
01.04.2002-03:00:00,01,04,2002,03,587.52
01.04.2002-06:00:00,01,04,2002,06,587.03
01.04.2002-09:00:00,01,04,2002,09,586.55
01.04.2002-12:00:00,01,04,2002,12,586.09
01.04.2002-15:00:00,01,04,2002,15,585.58
01.04.2002-18:00:00,01,04,2002,18,585.09
01.04.2002-21:00:00,01,04,2002,21,584.61
01.05.2002-00:00:00,01,05,2002,00,584.15
01.05.2002-03:00:00,01,05,2002,03,583.64
01.05.2002-06:00:00,01,05,2002,06,583.15
01.05.2002-09:00:00,01,05,2002,09,582.67
01.05.2002-12:00:00,01,05,2002,12,582.2
01.05.2002-15:00:00,01,05,2002,15,581.72
01.05.2002-18:00:00,01,05,2002,18,581.24
01.05.2002-21:00:00,01,05,2002,21,580.76
01.06.2002-00:00:00,01,06,2002,00,580.29
01.06.2002-03:00:00,01,06,2002,03,579.81
01.06.2002-06:00:00,01,06,2002,06,579.33
01.06.2002-09:00:00,01,06,2002,09,578.86
01.06.2002-12:00:00,01,06,2002,12,578.38
01.06.2002-15:00:00,01,06,2002,15,577.9
01.06.2002-18:00:00,01,06,2002,18,577.43
01.06.2002-21:00:00,01,06,2002,21,576.95
01.07.2002-00:00:00,01,07,2002,00,576.48
01.07.2002-03:00:00,01,07,2002,03,576.03
01.07.2002-06:00:00,01,07,2002,06,575.53
01.07.2002-09:00:00,01,07,2002,09,575.05
01.07.2002-12:00:00,01,07,2002,12,574.58
01.07.2002-15:00:00,01,07,2002,15,574.1
01.07.2002-18:00:00,01,07,2002,18,573.63
01.07.2002-21:00:00,01,07,2002,21,573.15
01.08.2002-00:00:00,01,08,2002,00,572.56
01.08.2002-03:00:00,01,08,2002,03,572.2
01.08.2002-06:00:00,01,08,2002,06,571.62
01.08.2002-09:00:00,01,08,2002,09,571.14
01.08.2002-12:00:00,01,08,2002,12,570.67
01.08.2002-15:00:00,01,08,2002,15,570.2
01.08.2002-18:00:00,01,08,2002,18,569.72
01.08.2002-21:00:00,01,08,2002,21,569.28
01.09.2002-00:00:00,01,09,2002,00,568.78
01.09.2002-03:00:00,01,09,2002,03,568.31
01.09.2002-06:00:00,01,09,2002,06,567.84
01.09.2002-09:00:00,01,09,2002,09,567.37
01.09.2002-12:00:00,01,09,2002,12,566.9
01.09.2002-15:00:00,01,09,2002,15,566.43
01.09.2002-18:00:00,01,09,2002,18,565.96
01.09.2002-21:00:00,01,09,2002,21,565.48
01.10.2002-00:00:00,01,10,2002,00,565.01
01.10.2002-03:00:00,01,10,2002,03,564.54
01.10.2002-06:00:00,01,10,2002,06,564.07
01.10.2002-09:00:00,01,10,2002,09,563.6
01.10.2002-12:00:00,01,10,2002,12,563.13
01.10.2002-15:00:00,01,10,2002,15,562.66
01.10.2002-18:00:00,01,10,2002,18,562.19
01.10.2002-21:00:00,01,10,2002,21,561.72
01.11.2002-00:00:00,01,11,2002,00,561.25
01.11.2002-03:00:00,01,11,2002,03,560.78
01.11.2002-06:00:00,01,11,2002,06,560.34
01.11.2002-09:00:00,01,11,2002,09,559.85
01.11.2002-12:00:00,01,11,2002,12,559.38
01.11.2002-15:00:00,01,11,2002,15,558.91
01.11.2002-18:00:00,01,11,2002,18,558.44
01.11.2002-21:00:00,01,11,2002,21,557.97
01.12.2002-00:00:00,01,12,2002,00,557.5
01.12.2002-03:00:00,01,12,2002,03,557.03
01.12.2002-06:00:00,01,12,2002,06,556.56
01.12.2002-09:00:00,01,12,2002,09,556.09
01.12.2002-12:00:00,01,12,2002,12,555.28
01.12.2002-15:00:00,01,12,2002,15,555.13
01.12.2002-18:00:00,01,12,2002,18,554.68
01.12.2002-21:00:00,01,12,2002,21,554.22
01.13.2002-00:00:00,01,13,2002,00,553.75
01.13.2002-03:00:00,01,13,2002,03,553.28
01.13.2002-06:00:00,01,13,2002,06,552.81
01.13.2002-09:00:00,01,13,2002,09,552.37
01.13.2002-12:00:00,01,13,2002,12,551.88
01.13.2002-15:00:00,01,13,2002,15,551.41
01.13.2002-18:00:00,01,13,2002,18,550.95
01.13.2002-21:00:00,01,13,2002,21,549.83
01.14.2002-00:00:00,01,14,2002,00,549.96
01.14.2002-03:00:00,01,14,2002,03,548.91
01.14.2002-06:00:00,01,14,2002,06,549.04
01.14.2002-09:00:00,01,14,2002,09,547.99
01.14.2002-12:00:00,01,14,2002,12,548.12
01.14.2002-15:00:00,01,14,2002,15,547.07
01.14.2002-18:00:00,01,14,2002,18,547.2
01.14.2002-21:00:00,01,14,2002,21,546.15
01.15.2002-00:00:00,01,15,2002,00,546.29
01.15.2002-03:00:00,01,15,2002,03,545.24
01.15.2002-06:00:00,01,15,2002,06,545.37
01.15.2002-09:00:00,01,15,2002,09,544.32
01.15.2002-12:00:00,01,15,2002,12,544.45
01.15.2002-15:00:00,01,15,2002,15,543.4
01.15.2002-18:00:00,01,15,2002,18,543.53
01.15.2002-21:00:00,01,15,2002,21,542.51
01.16.2002-00:00:00,01,16,2002,00,542.61
01.16.2002-03:00:00,01,16,2002,03,541.57
01.16.2002-06:00:00,01,16,2002,06,541.69
01.16.2002-09:00:00,01,16,2002,09,540.66
01.16.2002-12:00:00,01,16,2002,12,540.13
01.16.2002-15:00:00,01,16,2002,15,540.32
01.16.2002-18:00:00,01,16,2002,18,539.28
01.16.2002-21:00:00,01,16,2002,21,538.76
01.17.2002-00:00:00,01,17,2002,00,538.94
01.17.2002-03:00:00,01,17,2002,03,537.91
01.17.2002-06:00:00,01,17,2002,06,537.38
01.17.2002-09:00:00,01,17,2002,09,537.57
01.17.2002-12:00:00,01,17,2002,12,536.53
01.17.2002-15:00:00,01,17,2002,15,536.01
01.17.2002-18:00:00,01,17,2002,18,536.2
01.17.2002-21:00:00,01,17,2002,21,535.17
01.18.2002-00:00:00,01,18,2002,00,534.65
01.18.2002-03:00:00,01,18,2002,03,534.2
01.18.2002-06:00:00,01,18,2002,06,534.39
01.18.2002-09:00:00,01,18,2002,09,533.36
01.18.2002-12:00:00,01,18,2002,12,532.85
01.18.2002-15:00:00,01,18,2002,15,532.41
01.18.2002-18:00:00,01,18,2002,18,532.6
01.18.2002-21:00:00,01,18,2002,21,531.58
01.19.2002-00:00:00,01,19,2002,00,531.07
01.19.2002-03:00:00,01,19,2002,03,530.63
01.19.2002-06:00:00,01,19,2002,06,530.18
01.19.2002-09:00:00,01,19,2002,09,530.37
01.19.2002-12:00:00,01,19,2002,12,529.35
01.19.2002-15:00:00,01,19,2002,15,528.84
01.19.2002-18:00:00,01,19,2002,18,528.4
01.19.2002-21:00:00,01,19,2002,21,527.95
01.20.2002-00:00:00,01,20,2002,00,527.51
01.20.2002-03:00:00,01,20,2002,03,527.7
01.20.2002-06:00:00,01,20,2002,06,526.71
01.20.2002-09:00:00,01,20,2002,09,526.17
01.20.2002-12:00:00,01,20,2002,12,525.73
01.20.2002-15:00:00,01,20,2002,15,525.29
01.20.2002-18:00:00,01,20,2002,18,524.85
01.20.2002-21:00:00,01,20,2002,21,524.41
01.21.2002-00:00:00,01,21,2002,00,523.97
01.21.2002-03:00:00,01,21,2002,03,524.19
01.21.2002-06:00:00,01,21,2002,06,523.15
01.21.2002-09:00:00,01,21,2002,09,522.65
01.21.2002-12:00:00,01,21,2002,12,522.21
01.21.2002-15:00:00,01,21,2002,15,521.78
01.21.2002-18:00:00,01,21,2002,18,521.34
01.21.2002-21:00:00,01,21,2002,21,520.9
01.22.2002-00:00:00,01,22,2002,00,520.46
01.22.2002-03:00:00,01,22,2002,03,520.03
01.22.2002-06:00:00,01,22,2002,06,519.59
01.22.2002-09:00:00,01,22,2002,09,519.16
01.22.2002-12:00:00,01,22,2002,12,518.72
01.22.2002-15:00:00,01,22,2002,15,518.29
01.22.2002-18:00:00,01,22,2002,18,517.85
01.22.2002-21:00:00,01,22,2002,21,517.42
01.23.2002-00:00:00,01,23,2002,00,516.99
01.23.2002-03:00:00,01,23,2002,03,516.55
01.23.2002-06:00:00,01,23,2002,06,516.13
01.23.2002-09:00:00,01,23,2002,09,515.7
01.23.2002-12:00:00,01,23,2002,12,515.27
01.23.2002-15:00:00,01,23,2002,15,514.85
01.23.2002-18:00:00,01,23,2002,18,514.42
01.23.2002-21:00:00,01,23,2002,21,514
01.24.2002-00:00:00,01,24,2002,00,513.57
01.24.2002-03:00:00,01,24,2002,03,511.86
01.24.2002-06:00:00,01,24,2002,06,512.67
01.24.2002-09:00:00,01,24,2002,09,511.03
01.24.2002-12:00:00,01,24,2002,12,511.83
01.24.2002-15:00:00,01,24,2002,15,510.19
01.24.2002-18:00:00,01,24,2002,18,511
01.24.2002-21:00:00,01,24,2002,21,509.35
01.25.2002-00:00:00,01,25,2002,00,510.16
01.25.2002-03:00:00,01,25,2002,03,508.52
01.25.2002-06:00:00,01,25,2002,06,509.32
01.25.2002-09:00:00,01,25,2002,09,507.69
01.25.2002-12:00:00,01,25,2002,12,507.86
01.25.2002-15:00:00,01,25,2002,15,506.81
01.25.2002-18:00:00,01,25,2002,18,507.64
01.25.2002-21:00:00,01,25,2002,21,506.02
01.26.2002-00:00:00,01,26,2002,00,506.81
01.26.2002-03:00:00,01,26,2002,03,505.19
01.26.2002-06:00:00,01,26,2002,06,505.98
01.26.2002-09:00:00,01,26,2002,09,504.37
01.26.2002-12:00:00,01,26,2002,12,505.15
01.26.2002-15:00:00,01,26,2002,15,503.54
01.26.2002-18:00:00,01,26,2002,18,504.31
01.26.2002-21:00:00,01,26,2002,21,502.74
01.27.2002-00:00:00,01,27,2002,00,503.48
01.27.2002-03:00:00,01,27,2002,03,501.89
01.27.2002-06:00:00,01,27,2002,06,502.6
01.27.2002-09:00:00,01,27,2002,09,501.01
01.27.2002-12:00:00,01,27,2002,12,501.77
01.27.2002-15:00:00,01,27,2002,15,500.18
01.27.2002-18:00:00,01,27,2002,18,500.94
01.27.2002-21:00:00,01,27,2002,21,499.36
01.28.2002-00:00:00,01,28,2002,00,498.9
01.28.2002-03:00:00,01,28,2002,03,499.7
01.28.2002-06:00:00,01,28,2002,06,498.12
01.28.2002-09:00:00,01,28,2002,09,497.66
01.28.2002-12:00:00,01,28,2002,12,498.46
01.28.2002-15:00:00,01,28,2002,15,496.89
01.28.2002-18:00:00,01,28,2002,18,496.42
01.28.2002-21:00:00,01,28,2002,21,497.22
01.29.2002-00:00:00,01,29,2002,00,495.65
01.29.2002-03:00:00,01,29,2002,03,495.19
01.29.2002-06:00:00,01,29,2002,06,495.98
01.29.2002-09:00:00,01,29,2002,09,494.42
01.29.2002-12:00:00,01,29,2002,12,493.96
01.29.2002-15:00:00,01,29,2002,15,493.55
01.29.2002-18:00:00,01,29,2002,18,494.33
01.29.2002-21:00:00,01,29,2002,21,492.78
01.30.2002-00:00:00,01,30,2002,00,492.33
01.30.2002-03:00:00,01,30,2002,03,491.92
01.30.2002-06:00:00,01,30,2002,06,492.7
01.30.2002-09:00:00,01,30,2002,09,491.16
01.30.2002-12:00:00,01,30,2002,12,490.73
01.30.2002-15:00:00,01,30,2002,15,490.3
01.30.2002-18:00:00,01,30,2002,18,489.9
01.30.2002-21:00:00,01,30,2002,21,490.67
01.31.2002-00:00:00,01,31,2002,00,489.13
01.31.2002-03:00:00,01,31,2002,03,488.68
01.31.2002-06:00:00,01,31,2002,06,488.28
01.31.2002-09:00:00,01,31,2002,09,487.87
01.31.2002-12:00:00,01,31,2002,12,487.47
01.31.2002-15:00:00,01,31,2002,15,487.08
01.31.2002-18:00:00,01,31,2002,18,487.84
01.31.2002-21:00:00,01,31,2002,21,486.18
02.01.2002-00:00:00,02,01,2002,00,485.73
02.01.2002-03:00:00,02,01,2002,03,485.34
02.01.2002-06:00:00,02,01,2002,06,484.95
02.01.2002-09:00:00,02,01,2002,09,484.55
02.01.2002-12:00:00,02,01,2002,12,484.16
02.01.2002-15:00:00,02,01,2002,15,483.76
02.01.2002-18:00:00,02,01,2002,18,483.37
02.01.2002-21:00:00,02,01,2002,21,482.98
02.02.2002-00:00:00,02,02,2002,00,482.59
02.02.2002-03:00:00,02,02,2002,03,482.2
02.02.2002-06:00:00,02,02,2002,06,481.81
02.02.2002-09:00:00,02,02,2002,09,481.42
02.02.2002-12:00:00,02,02,2002,12,481.03
02.02.2002-15:00:00,02,02,2002,15,480.65
02.02.2002-18:00:00,02,02,2002,18,480.26
02.02.2002-21:00:00,02,02,2002,21,479.87
02.03.2002-00:00:00,02,03,2002,00,479.48
02.03.2002-03:00:00,02,03,2002,03,479.09
02.03.2002-06:00:00,02,03,2002,06,478.7
02.03.2002-09:00:00,02,03,2002,09,478.31
02.03.2002-12:00:00,02,03,2002,12,477.94
02.03.2002-15:00:00,02,03,2002,15,477.53
02.03.2002-18:00:00,02,03,2002,18,477.14
02.03.2002-21:00:00,02,03,2002,21,476.75
02.04.2002-00:00:00,02,04,2002,00,476.35
02.04.2002-03:00:00,02,04,2002,03,475.96
02.04.2002-06:00:00,02,04,2002,06,475.57
02.04.2002-09:00:00,02,04,2002,09,475.18
02.04.2002-12:00:00,02,04,2002,12,474.79
02.04.2002-15:00:00,02,04,2002,15,474.4
02.04.2002-18:00:00,02,04,2002,18,474.02
02.04.2002-21:00:00,02,04,2002,21,473.63
02.05.2002-00:00:00,02,05,2002,00,473.24
02.05.2002-03:00:00,02,05,2002,03,472.85
02.05.2002-06:00:00,02,05,2002,06,472.46
02.05.2002-09:00:00,02,05,2002,09,472.07
02.05.2002-12:00:00,02,05,2002,12,471.7
02.05.2002-15:00:00,02,05,2002,15,471.32
02.05.2002-18:00:00,02,05,2002,18,470.94
02.05.2002-21:00:00,02,05,2002,21,470.56
02.06.2002-00:00:00,02,06,2002,00,470.18
02.06.2002-03:00:00,02,06,2002,03,469.8
02.06.2002-06:00:00,02,06,2002,06,469.42
02.06.2002-09:00:00,02,06,2002,09,469.03
02.06.2002-12:00:00,02,06,2002,12,468.65
02.06.2002-15:00:00,02,06,2002,15,468.27
02.06.2002-18:00:00,02,06,2002,18,467.89
02.06.2002-21:00:00,02,06,2002,21,467.51
02.07.2002-00:00:00,02,07,2002,00,467.15
02.07.2002-03:00:00,02,07,2002,03,466.78
02.07.2002-06:00:00,02,07,2002,06,466.41
02.07.2002-09:00:00,02,07,2002,09,466.04
02.07.2002-12:00:00,02,07,2002,12,465.68
02.07.2002-15:00:00,02,07,2002,15,465.31
02.07.2002-18:00:00,02,07,2002,18,464.94
02.07.2002-21:00:00,02,07,2002,21,464.57
02.08.2002-00:00:00,02,08,2002,00,464.2
02.08.2002-03:00:00,02,08,2002,03,463.83
02.08.2002-06:00:00,02,08,2002,06,463.46
02.08.2002-09:00:00,02,08,2002,09,463.09
02.08.2002-12:00:00,02,08,2002,12,459.05
02.08.2002-15:00:00,02,08,2002,15,461.87
02.08.2002-18:00:00,02,08,2002,18,461.86
02.08.2002-21:00:00,02,08,2002,21,461.54
02.09.2002-00:00:00,02,09,2002,00,461.17
02.09.2002-03:00:00,02,09,2002,03,460.8
02.09.2002-06:00:00,02,09,2002,06,460.43
02.09.2002-09:00:00,02,09,2002,09,460.06
02.09.2002-12:00:00,02,09,2002,12,459.69
02.09.2002-15:00:00,02,09,2002,15,459.32
02.09.2002-18:00:00,02,09,2002,18,458.95
02.09.2002-21:00:00,02,09,2002,21,458.58
02.10.2002-00:00:00,02,10,2002,00,458.21
02.10.2002-03:00:00,02,10,2002,03,457.84
02.10.2002-06:00:00,02,10,2002,06,457.47
02.10.2002-09:00:00,02,10,2002,09,456.95
02.10.2002-12:00:00,02,10,2002,12,456.57
02.10.2002-15:00:00,02,10,2002,15,456.2
02.10.2002-18:00:00,02,10,2002,18,455.83
02.10.2002-21:00:00,02,10,2002,21,455.46
02.11.2002-00:00:00,02,11,2002,00,455.09
02.11.2002-03:00:00,02,11,2002,03,454.72
02.11.2002-06:00:00,02,11,2002,06,454.35
02.11.2002-09:00:00,02,11,2002,09,453.98
02.11.2002-12:00:00,02,11,2002,12,448.27
02.11.2002-15:00:00,02,11,2002,15,452.63
02.11.2002-18:00:00,02,11,2002,18,452.68
02.11.2002-21:00:00,02,11,2002,21,452.32
02.12.2002-00:00:00,02,12,2002,00,451.96
02.12.2002-03:00:00,02,12,2002,03,451.59
02.12.2002-06:00:00,02,12,2002,06,451.24
02.12.2002-09:00:00,02,12,2002,09,450.91
02.12.2002-12:00:00,02,12,2002,12,450.55
02.12.2002-15:00:00,02,12,2002,15,450.18
02.12.2002-18:00:00,02,12,2002,18,449.81
02.12.2002-21:00:00,02,12,2002,21,449.44
02.13.2002-00:00:00,02,13,2002,00,449.07
02.13.2002-03:00:00,02,13,2002,03,448.7
02.13.2002-06:00:00,02,13,2002,06,448.33
02.13.2002-09:00:00,02,13,2002,09,447.96
02.13.2002-12:00:00,02,13,2002,12,444.49
02.13.2002-15:00:00,02,13,2002,15,446.79
02.13.2002-18:00:00,02,13,2002,18,446.77
02.13.2002-21:00:00,02,13,2002,21,446.43
02.14.2002-00:00:00,02,14,2002,00,446.07
02.14.2002-03:00:00,02,14,2002,03,445.71
02.14.2002-06:00:00,02,14,2002,06,445.36
02.14.2002-09:00:00,02,14,2002,09,445
02.14.2002-12:00:00,02,14,2002,12,442.71
02.14.2002-15:00:00,02,14,2002,15,444.03
02.14.2002-18:00:00,02,14,2002,18,443.85
02.14.2002-21:00:00,02,14,2002,21,443.5
02.15.2002-00:00:00,02,15,2002,00,443.14
02.15.2002-03:00:00,02,15,2002,03,442.78
02.15.2002-06:00:00,02,15,2002,06,442.43
02.15.2002-09:00:00,02,15,2002,09,442.07
02.15.2002-12:00:00,02,15,2002,12,441.71
02.15.2002-15:00:00,02,15,2002,15,441.36
02.15.2002-18:00:00,02,15,2002,18,441
02.15.2002-21:00:00,02,15,2002,21,440.65
02.16.2002-00:00:00,02,16,2002,00,440.29
02.16.2002-03:00:00,02,16,2002,03,439.93
02.16.2002-06:00:00,02,16,2002,06,439.58
02.16.2002-09:00:00,02,16,2002,09,439.22
02.16.2002-12:00:00,02,16,2002,12,438.86
02.16.2002-15:00:00,02,16,2002,15,438.51
02.16.2002-18:00:00,02,16,2002,18,438.15
02.16.2002-21:00:00,02,16,2002,21,437.79
02.17.2002-00:00:00,02,17,2002,00,437.44
02.17.2002-03:00:00,02,17,2002,03,437.08
02.17.2002-06:00:00,02,17,2002,06,436.72
02.17.2002-09:00:00,02,17,2002,09,436.37
02.17.2002-12:00:00,02,17,2002,12,434.62
02.17.2002-15:00:00,02,17,2002,15,435.52
02.17.2002-18:00:00,02,17,2002,18,435.26
02.17.2002-21:00:00,02,17,2002,21,434.9
02.18.2002-00:00:00,02,18,2002,00,434.55
02.18.2002-03:00:00,02,18,2002,03,434.19
02.18.2002-06:00:00,02,18,2002,06,433.83
02.18.2002-09:00:00,02,18,2002,09,431.94
02.18.2002-12:00:00,02,18,2002,12,423.98
02.18.2002-15:00:00,02,18,2002,15,430.82
02.18.2002-18:00:00,02,18,2002,18,431.69
02.18.2002-21:00:00,02,18,2002,21,431.65
02.19.2002-00:00:00,02,19,2002,00,431.38
02.19.2002-03:00:00,02,19,2002,03,431.03
02.19.2002-06:00:00,02,19,2002,06,430.68
02.19.2002-09:00:00,02,19,2002,09,424.51
02.19.2002-12:00:00,02,19,2002,12,423.75
02.19.2002-15:00:00,02,19,2002,15,428.65
02.19.2002-18:00:00,02,19,2002,18,428.8
02.19.2002-21:00:00,02,19,2002,21,428.52
02.20.2002-00:00:00,02,20,2002,00,428.32
02.20.2002-03:00:00,02,20,2002,03,427.97
02.20.2002-06:00:00,02,20,2002,06,427.62
02.20.2002-09:00:00,02,20,2002,09,421.18
02.20.2002-12:00:00,02,20,2002,12,415.24
02.20.2002-15:00:00,02,20,2002,15,424.17
02.20.2002-18:00:00,02,20,2002,18,424.84
02.20.2002-21:00:00,02,20,2002,21,425.07
02.21.2002-00:00:00,02,21,2002,00,424.91
02.21.2002-03:00:00,02,21,2002,03,424.58
02.21.2002-06:00:00,02,21,2002,06,424.24
02.21.2002-09:00:00,02,21,2002,09,423.9
02.21.2002-12:00:00,02,21,2002,12,423.58
02.21.2002-15:00:00,02,21,2002,15,423.36
02.21.2002-18:00:00,02,21,2002,18,423.02
02.21.2002-21:00:00,02,21,2002,21,422.67
02.22.2002-00:00:00,02,22,2002,00,422.33
02.22.2002-03:00:00,02,22,2002,03,421.98
02.22.2002-06:00:00,02,22,2002,06,421.63
02.22.2002-09:00:00,02,22,2002,09,412.14
02.22.2002-12:00:00,02,22,2002,12,413.86
02.22.2002-15:00:00,02,22,2002,15,418.48
02.22.2002-18:00:00,02,22,2002,18,419.57
02.22.2002-21:00:00,02,22,2002,21,419.44
02.23.2002-00:00:00,02,23,2002,00,419.11
02.23.2002-03:00:00,02,23,2002,03,418.77
02.23.2002-06:00:00,02,23,2002,06,418.44
02.23.2002-09:00:00,02,23,2002,09,417.24
02.23.2002-12:00:00,02,23,2002,12,412.26
02.23.2002-15:00:00,02,23,2002,15,416.57
02.23.2002-18:00:00,02,23,2002,18,416.91
02.23.2002-21:00:00,02,23,2002,21,416.6
02.24.2002-00:00:00,02,24,2002,00,416.26
02.24.2002-03:00:00,02,24,2002,03,415.93
02.24.2002-06:00:00,02,24,2002,06,415.61
02.24.2002-09:00:00,02,24,2002,09,415.31
02.24.2002-12:00:00,02,24,2002,12,414.97
02.24.2002-15:00:00,02,24,2002,15,414.63
02.24.2002-18:00:00,02,24,2002,18,414.29
02.24.2002-21:00:00,02,24,2002,21,413.95
02.25.2002-00:00:00,02,25,2002,00,413.61
02.25.2002-03:00:00,02,25,2002,03,413.26
02.25.2002-06:00:00,02,25,2002,06,412.92
02.25.2002-09:00:00,02,25,2002,09,412.58
02.25.2002-12:00:00,02,25,2002,12,412.24
02.25.2002-15:00:00,02,25,2002,15,411.9
02.25.2002-18:00:00,02,25,2002,18,411.55
02.25.2002-21:00:00,02,25,2002,21,411.21
02.26.2002-00:00:00,02,26,2002,00,410.87
02.26.2002-03:00:00,02,26,2002,03,410.53
02.26.2002-06:00:00,02,26,2002,06,410.19
02.26.2002-09:00:00,02,26,2002,09,409.85
02.26.2002-12:00:00,02,26,2002,12,409.51
02.26.2002-15:00:00,02,26,2002,15,409.17
02.26.2002-18:00:00,02,26,2002,18,408.84
02.26.2002-21:00:00,02,26,2002,21,408.5
02.27.2002-00:00:00,02,27,2002,00,408.16
02.27.2002-03:00:00,02,27,2002,03,407.82
02.27.2002-06:00:00,02,27,2002,06,407.49
02.27.2002-09:00:00,02,27,2002,09,407.15
02.27.2002-12:00:00,02,27,2002,12,406.52
02.27.2002-15:00:00,02,27,2002,15,406.18
02.27.2002-18:00:00,02,27,2002,18,405.99
02.27.2002-21:00:00,02,27,2002,21,405.77
02.28.2002-00:00:00,02,28,2002,00,405.43
02.28.2002-03:00:00,02,28,2002,03,405.1
02.28.2002-06:00:00,02,28,2002,06,404.76
02.28.2002-09:00:00,02,28,2002,09,404.42
02.28.2002-12:00:00,02,28,2002,12,399.16
02.28.2002-15:00:00,02,28,2002,15,402.91
02.28.2002-18:00:00,02,28,2002,18,402.98
02.28.2002-21:00:00,02,28,2002,21,402.95
03.01.2002-00:00:00,03,01,2002,00,402.63
03.01.2002-03:00:00,03,01,2002,03,402.3
03.01.2002-06:00:00,03,01,2002,06,401.96
03.01.2002-09:00:00,03,01,2002,09,400.1
03.01.2002-12:00:00,03,01,2002,12,389.2
03.01.2002-15:00:00,03,01,2002,15,397.78
03.01.2002-18:00:00,03,01,2002,18,399.57
03.01.2002-21:00:00,03,01,2002,21,399.48
03.02.2002-00:00:00,03,02,2002,00,399.18
03.02.2002-03:00:00,03,02,2002,03,398.87
03.02.2002-06:00:00,03,02,2002,06,398.55
03.02.2002-09:00:00,03,02,2002,09,398.26
03.02.2002-12:00:00,03,02,2002,12,387.54
03.02.2002-15:00:00,03,02,2002,15,395.45
03.02.2002-18:00:00,03,02,2002,18,396.81
03.02.2002-21:00:00,03,02,2002,21,396.6
03.03.2002-00:00:00,03,03,2002,00,396.29
03.03.2002-03:00:00,03,03,2002,03,395.98
03.03.2002-06:00:00,03,03,2002,06,395.67
03.03.2002-09:00:00,03,03,2002,09,392.44
03.03.2002-12:00:00,03,03,2002,12,383.73
03.03.2002-15:00:00,03,03,2002,15,392.03
03.03.2002-18:00:00,03,03,2002,18,393.51
03.03.2002-21:00:00,03,03,2002,21,393.59
03.04.2002-00:00:00,03,04,2002,00,393.31
03.04.2002-03:00:00,03,04,2002,03,393
03.04.2002-06:00:00,03,04,2002,06,392.7
03.04.2002-09:00:00,03,04,2002,09,379.02
03.04.2002-12:00:00,03,04,2002,12,376.64
03.04.2002-15:00:00,03,04,2002,15,385.73
03.04.2002-18:00:00,03,04,2002,18,388.49
03.04.2002-21:00:00,03,04,2002,21,389.53
03.05.2002-00:00:00,03,05,2002,00,389.53
03.05.2002-03:00:00,03,05,2002,03,389.48
03.05.2002-06:00:00,03,05,2002,06,389.23
03.05.2002-09:00:00,03,05,2002,09,377.69
03.05.2002-12:00:00,03,05,2002,12,375.98
03.05.2002-15:00:00,03,05,2002,15,384.08
03.05.2002-18:00:00,03,05,2002,18,386.66
03.05.2002-21:00:00,03,05,2002,21,386.98
03.06.2002-00:00:00,03,06,2002,00,386.8
03.06.2002-03:00:00,03,06,2002,03,386.53
03.06.2002-06:00:00,03,06,2002,06,386.26
03.06.2002-09:00:00,03,06,2002,09,385.98
03.06.2002-12:00:00,03,06,2002,12,385.71
03.06.2002-15:00:00,03,06,2002,15,385.44
03.06.2002-18:00:00,03,06,2002,18,385.16
03.06.2002-21:00:00,03,06,2002,21,384.89
03.07.2002-00:00:00,03,07,2002,00,384.61
03.07.2002-03:00:00,03,07,2002,03,384.33
03.07.2002-06:00:00,03,07,2002,06,384.06
03.07.2002-09:00:00,03,07,2002,09,383.78
03.07.2002-12:00:00,03,07,2002,12,383.5
03.07.2002-15:00:00,03,07,2002,15,383.22
03.07.2002-18:00:00,03,07,2002,18,382.94
03.07.2002-21:00:00,03,07,2002,21,382.66
03.08.2002-00:00:00,03,08,2002,00,382.38
03.08.2002-03:00:00,03,08,2002,03,382.1
03.08.2002-06:00:00,03,08,2002,06,381.82
03.08.2002-09:00:00,03,08,2002,09,381.54
03.08.2002-12:00:00,03,08,2002,12,381.26
03.08.2002-15:00:00,03,08,2002,15,380.98
03.08.2002-18:00:00,03,08,2002,18,380.69
03.08.2002-21:00:00,03,08,2002,21,380.36
03.09.2002-00:00:00,03,09,2002,00,380.07
03.09.2002-03:00:00,03,09,2002,03,379.79
03.09.2002-06:00:00,03,09,2002,06,379.51
03.09.2002-09:00:00,03,09,2002,09,379.23
03.09.2002-12:00:00,03,09,2002,12,378.94
03.09.2002-15:00:00,03,09,2002,15,378.66
03.09.2002-18:00:00,03,09,2002,18,378.37
03.09.2002-21:00:00,03,09,2002,21,378.09
03.10.2002-00:00:00,03,10,2002,00,377.8
03.10.2002-03:00:00,03,10,2002,03,377.52
03.10.2002-06:00:00,03,10,2002,06,377.23
03.10.2002-09:00:00,03,10,2002,09,376.95
03.10.2002-12:00:00,03,10,2002,12,376.66
03.10.2002-15:00:00,03,10,2002,15,376.37
03.10.2002-18:00:00,03,10,2002,18,376.09
03.10.2002-21:00:00,03,10,2002,21,375.8
03.11.2002-00:00:00,03,11,2002,00,375.51
03.11.2002-03:00:00,03,11,2002,03,375.22
03.11.2002-06:00:00,03,11,2002,06,374.94
03.11.2002-09:00:00,03,11,2002,09,374.65
03.11.2002-12:00:00,03,11,2002,12,374.36
03.11.2002-15:00:00,03,11,2002,15,374.07
03.11.2002-18:00:00,03,11,2002,18,373.78
03.11.2002-21:00:00,03,11,2002,21,373.49
03.12.2002-00:00:00,03,12,2002,00,373.2
03.12.2002-03:00:00,03,12,2002,03,372.91
03.12.2002-06:00:00,03,12,2002,06,372.62
03.12.2002-09:00:00,03,12,2002,09,361.99
03.12.2002-12:00:00,03,12,2002,12,363.1
03.12.2002-15:00:00,03,12,2002,15,368.62
03.12.2002-18:00:00,03,12,2002,18,369.97
03.12.2002-21:00:00,03,12,2002,21,370.49
03.13.2002-00:00:00,03,13,2002,00,370.28
03.13.2002-03:00:00,03,13,2002,03,370
03.13.2002-06:00:00,03,13,2002,06,369.71
03.13.2002-09:00:00,03,13,2002,09,359.74
03.13.2002-12:00:00,03,13,2002,12,357.02
03.13.2002-15:00:00,03,13,2002,15,364.53
03.13.2002-18:00:00,03,13,2002,18,366.09
03.13.2002-21:00:00,03,13,2002,21,367.03
03.14.2002-00:00:00,03,14,2002,00,367.32
03.14.2002-03:00:00,03,14,2002,03,366.95
03.14.2002-06:00:00,03,14,2002,06,366.67
03.14.2002-09:00:00,03,14,2002,09,354.19
03.14.2002-12:00:00,03,14,2002,12,352.88
03.14.2002-15:00:00,03,14,2002,15,360.07
03.14.2002-18:00:00,03,14,2002,18,361.69
03.14.2002-21:00:00,03,14,2002,21,362.61
03.15.2002-00:00:00,03,15,2002,00,363.18
03.15.2002-03:00:00,03,15,2002,03,363.51
03.15.2002-06:00:00,03,15,2002,06,363.51
03.15.2002-09:00:00,03,15,2002,09,362.38
03.15.2002-12:00:00,03,15,2002,12,356.7
03.15.2002-15:00:00,03,15,2002,15,361.74
03.15.2002-18:00:00,03,15,2002,18,362.2
03.15.2002-21:00:00,03,15,2002,21,361.97
03.16.2002-00:00:00,03,16,2002,00,361.7
03.16.2002-03:00:00,03,16,2002,03,361.42
03.16.2002-06:00:00,03,16,2002,06,361.15
03.16.2002-09:00:00,03,16,2002,09,360.88
03.16.2002-12:00:00,03,16,2002,12,360.6
03.16.2002-15:00:00,03,16,2002,15,360.33
03.16.2002-18:00:00,03,16,2002,18,360.05
03.16.2002-21:00:00,03,16,2002,21,359.77
03.17.2002-00:00:00,03,17,2002,00,359.5
03.17.2002-03:00:00,03,17,2002,03,359.22
03.17.2002-06:00:00,03,17,2002,06,358.95
03.17.2002-09:00:00,03,17,2002,09,358.67
03.17.2002-12:00:00,03,17,2002,12,358.39
03.17.2002-15:00:00,03,17,2002,15,358.11
03.17.2002-18:00:00,03,17,2002,18,357.83
03.17.2002-21:00:00,03,17,2002,21,357.56
03.18.2002-00:00:00,03,18,2002,00,357.28
03.18.2002-03:00:00,03,18,2002,03,357
03.18.2002-06:00:00,03,18,2002,06,356.72
03.18.2002-09:00:00,03,18,2002,09,356.45
03.18.2002-12:00:00,03,18,2002,12,356.17
03.18.2002-15:00:00,03,18,2002,15,355.89
03.18.2002-18:00:00,03,18,2002,18,355.61
03.18.2002-21:00:00,03,18,2002,21,355.33
03.19.2002-00:00:00,03,19,2002,00,355.05
03.19.2002-03:00:00,03,19,2002,03,354.77
03.19.2002-06:00:00,03,19,2002,06,354.49
03.19.2002-09:00:00,03,19,2002,09,354.22
03.19.2002-12:00:00,03,19,2002,12,353.94
03.19.2002-15:00:00,03,19,2002,15,353.66
03.19.2002-18:00:00,03,19,2002,18,353.38
03.19.2002-21:00:00,03,19,2002,21,353.1
03.20.2002-00:00:00,03,20,2002,00,352.82
03.20.2002-03:00:00,03,20,2002,03,352.54
03.20.2002-06:00:00,03,20,2002,06,352.26
03.20.2002-09:00:00,03,20,2002,09,351.98
03.20.2002-12:00:00,03,20,2002,12,351.7
03.20.2002-15:00:00,03,20,2002,15,351.42
03.20.2002-18:00:00,03,20,2002,18,351.14
03.20.2002-21:00:00,03,20,2002,21,350.86
03.21.2002-00:00:00,03,21,2002,00,350.58
03.21.2002-03:00:00,03,21,2002,03,350.3
03.21.2002-06:00:00,03,21,2002,06,350.02
03.21.2002-09:00:00,03,21,2002,09,349.73
03.21.2002-12:00:00,03,21,2002,12,349.45
03.21.2002-15:00:00,03,21,2002,15,349.17
03.21.2002-18:00:00,03,21,2002,18,348.89
03.21.2002-21:00:00,03,21,2002,21,348.61
03.22.2002-00:00:00,03,22,2002,00,348.33
03.22.2002-03:00:00,03,22,2002,03,348.05
03.22.2002-06:00:00,03,22,2002,06,347.76
03.22.2002-09:00:00,03,22,2002,09,336.4
03.22.2002-12:00:00,03,22,2002,12,335.74
03.22.2002-15:00:00,03,22,2002,15,340.19
03.22.2002-18:00:00,03,22,2002,18,343.18
03.22.2002-21:00:00,03,22,2002,21,343.55
03.23.2002-00:00:00,03,23,2002,00,343.52
03.23.2002-03:00:00,03,23,2002,03,344.08
03.23.2002-06:00:00,03,23,2002,06,343.93
03.23.2002-09:00:00,03,23,2002,09,329.5
03.23.2002-12:00:00,03,23,2002,12,330.79
03.23.2002-15:00:00,03,23,2002,15,333.18
03.23.2002-18:00:00,03,23,2002,18,334.59
03.23.2002-21:00:00,03,23,2002,21,336.95
03.24.2002-00:00:00,03,24,2002,00,337.72
03.24.2002-03:00:00,03,24,2002,03,339.07
03.24.2002-06:00:00,03,24,2002,06,338.96
03.24.2002-09:00:00,03,24,2002,09,325.43
03.24.2002-12:00:00,03,24,2002,12,326.44
03.24.2002-15:00:00,03,24,2002,15,328.42
03.24.2002-18:00:00,03,24,2002,18,330.64
03.24.2002-21:00:00,03,24,2002,21,331.4
03.25.2002-00:00:00,03,25,2002,00,333.3
03.25.2002-03:00:00,03,25,2002,03,333.73
03.25.2002-06:00:00,03,25,2002,06,334.88
03.25.2002-09:00:00,03,25,2002,09,321.55
03.25.2002-12:00:00,03,25,2002,12,322.37
03.25.2002-15:00:00,03,25,2002,15,324.2
03.25.2002-18:00:00,03,25,2002,18,326.44
03.25.2002-21:00:00,03,25,2002,21,326.82
03.26.2002-00:00:00,03,26,2002,00,328.62
03.26.2002-03:00:00,03,26,2002,03,329.32
03.26.2002-06:00:00,03,26,2002,06,329.95
03.26.2002-09:00:00,03,26,2002,09,322.14
03.26.2002-12:00:00,03,26,2002,12,321.65
03.26.2002-15:00:00,03,26,2002,15,325.29
03.26.2002-18:00:00,03,26,2002,18,327.72
03.26.2002-21:00:00,03,26,2002,21,328.76
03.27.2002-00:00:00,03,27,2002,00,328.87
03.27.2002-03:00:00,03,27,2002,03,328.69
03.27.2002-06:00:00,03,27,2002,06,328.5
03.27.2002-09:00:00,03,27,2002,09,322.66
03.27.2002-12:00:00,03,27,2002,12,321.68
03.27.2002-15:00:00,03,27,2002,15,325.46
03.27.2002-18:00:00,03,27,2002,18,327.04
03.27.2002-21:00:00,03,27,2002,21,326.98
03.28.2002-00:00:00,03,28,2002,00,326.79
03.28.2002-03:00:00,03,28,2002,03,326.6
03.28.2002-06:00:00,03,28,2002,06,326.41
03.28.2002-09:00:00,03,28,2002,09,315.37
03.28.2002-12:00:00,03,28,2002,12,316.07
03.28.2002-15:00:00,03,28,2002,15,318.71
03.28.2002-18:00:00,03,28,2002,18,320.27
03.28.2002-21:00:00,03,28,2002,21,322.25
03.29.2002-00:00:00,03,29,2002,00,322.42
03.29.2002-03:00:00,03,29,2002,03,323.29
03.29.2002-06:00:00,03,29,2002,06,323.43
03.29.2002-09:00:00,03,29,2002,09,313.16
03.29.2002-12:00:00,03,29,2002,12,313.48
03.29.2002-15:00:00,03,29,2002,15,316.1
03.29.2002-18:00:00,03,29,2002,18,317.79
03.29.2002-21:00:00,03,29,2002,21,319.52
03.30.2002-00:00:00,03,30,2002,00,319.74
03.30.2002-03:00:00,03,30,2002,03,320.3
03.30.2002-06:00:00,03,30,2002,06,318.81
03.30.2002-09:00:00,03,30,2002,09,308.97
03.30.2002-12:00:00,03,30,2002,12,309.39
03.30.2002-15:00:00,03,30,2002,15,311.12
03.30.2002-18:00:00,03,30,2002,18,313.59
03.30.2002-21:00:00,03,30,2002,21,313.81
03.31.2002-00:00:00,03,31,2002,00,315.24
03.31.2002-03:00:00,03,31,2002,03,315.97
03.31.2002-06:00:00,03,31,2002,06,315.68
03.31.2002-09:00:00,03,31,2002,09,306.81
03.31.2002-12:00:00,03,31,2002,12,307.27
03.31.2002-15:00:00,03,31,2002,15,309.44
03.31.2002-18:00:00,03,31,2002,18,311.15
03.31.2002-21:00:00,03,31,2002,21,312.56
04.01.2002-00:00:00,04,01,2002,00,313.38
04.01.2002-03:00:00,04,01,2002,03,313.36
04.01.2002-06:00:00,04,01,2002,06,313.24
04.01.2002-09:00:00,04,01,2002,09,305.85
04.01.2002-12:00:00,04,01,2002,12,304.39
04.01.2002-15:00:00,04,01,2002,15,307.03
04.01.2002-18:00:00,04,01,2002,18,310.15
04.01.2002-21:00:00,04,01,2002,21,311.22
04.02.2002-00:00:00,04,02,2002,00,311.61
04.02.2002-03:00:00,04,02,2002,03,311.74
04.02.2002-06:00:00,04,02,2002,06,311.62
04.02.2002-09:00:00,04,02,2002,09,303.57
04.02.2002-12:00:00,04,02,2002,12,301.74
04.02.2002-15:00:00,04,02,2002,15,304.88
04.02.2002-18:00:00,04,02,2002,18,307.26
04.02.2002-21:00:00,04,02,2002,21,308.91
04.03.2002-00:00:00,04,03,2002,00,309.03
04.03.2002-03:00:00,04,03,2002,03,309.41
04.03.2002-06:00:00,04,03,2002,06,309.31
04.03.2002-09:00:00,04,03,2002,09,299.24
04.03.2002-12:00:00,04,03,2002,12,297.36
04.03.2002-15:00:00,04,03,2002,15,298.59
04.03.2002-18:00:00,04,03,2002,18,300.15
04.03.2002-21:00:00,04,03,2002,21,303.32
04.04.2002-00:00:00,04,04,2002,00,303.51
04.04.2002-03:00:00,04,04,2002,03,303.78
04.04.2002-06:00:00,04,04,2002,06,305.35
04.04.2002-09:00:00,04,04,2002,09,295.03
04.04.2002-12:00:00,04,04,2002,12,292.96
04.04.2002-15:00:00,04,04,2002,15,294.42
04.04.2002-18:00:00,04,04,2002,18,295.82
04.04.2002-21:00:00,04,04,2002,21,295.93
04.05.2002-00:00:00,04,05,2002,00,298.6
04.05.2002-03:00:00,04,05,2002,03,299.6
04.05.2002-06:00:00,04,05,2002,06,299.6
04.05.2002-09:00:00,04,05,2002,09,292.51
04.05.2002-12:00:00,04,05,2002,12,290.57
04.05.2002-15:00:00,04,05,2002,15,291.9
04.05.2002-18:00:00,04,05,2002,18,293.04
04.05.2002-21:00:00,04,05,2002,21,295.87
04.06.2002-00:00:00,04,06,2002,00,296.76
04.06.2002-03:00:00,04,06,2002,03,296.76
04.06.2002-06:00:00,04,06,2002,06,296.27
04.06.2002-09:00:00,04,06,2002,09,289.94
04.06.2002-12:00:00,04,06,2002,12,288.18
04.06.2002-15:00:00,04,06,2002,15,289.34
04.06.2002-18:00:00,04,06,2002,18,290.52
04.06.2002-21:00:00,04,06,2002,21,293.75
04.07.2002-00:00:00,04,07,2002,00,294.09
04.07.2002-03:00:00,04,07,2002,03,294.04
04.07.2002-06:00:00,04,07,2002,06,293.64
04.07.2002-09:00:00,04,07,2002,09,287.94
04.07.2002-12:00:00,04,07,2002,12,286.4
04.07.2002-15:00:00,04,07,2002,15,287.36
04.07.2002-18:00:00,04,07,2002,18,290.15
04.07.2002-21:00:00,04,07,2002,21,291.77
04.08.2002-00:00:00,04,08,2002,00,291.84
04.08.2002-03:00:00,04,08,2002,03,291.77
04.08.2002-06:00:00,04,08,2002,06,292.95
04.08.2002-09:00:00,04,08,2002,09,284.76
04.08.2002-12:00:00,04,08,2002,12,282.63
04.08.2002-15:00:00,04,08,2002,15,284.13
04.08.2002-18:00:00,04,08,2002,18,285.38
04.08.2002-21:00:00,04,08,2002,21,285.66
04.09.2002-00:00:00,04,09,2002,00,288.43
04.09.2002-03:00:00,04,09,2002,03,288.87
04.09.2002-06:00:00,04,09,2002,06,288.82
04.09.2002-09:00:00,04,09,2002,09,283.86
04.09.2002-12:00:00,04,09,2002,12,282.62
04.09.2002-15:00:00,04,09,2002,15,284.56
04.09.2002-18:00:00,04,09,2002,18,287.16
04.09.2002-21:00:00,04,09,2002,21,287.35
04.10.2002-00:00:00,04,10,2002,00,287.29
04.10.2002-03:00:00,04,10,2002,03,287.95
04.10.2002-06:00:00,04,10,2002,06,288.59
04.10.2002-09:00:00,04,10,2002,09,279.15
04.10.2002-12:00:00,04,10,2002,12,276.83
04.10.2002-15:00:00,04,10,2002,15,279.1
04.10.2002-18:00:00,04,10,2002,18,280.72
04.10.2002-21:00:00,04,10,2002,21,280.86
04.11.2002-00:00:00,04,11,2002,00,281
04.11.2002-03:00:00,04,11,2002,03,283.88
04.11.2002-06:00:00,04,11,2002,06,281.36
04.11.2002-09:00:00,04,11,2002,09,276.04
04.11.2002-12:00:00,04,11,2002,12,274.76
04.11.2002-15:00:00,04,11,2002,15,276.58
04.11.2002-18:00:00,04,11,2002,18,277.99
04.11.2002-21:00:00,04,11,2002,21,278.12
04.12.2002-00:00:00,04,12,2002,00,279.83
04.12.2002-03:00:00,04,12,2002,03,281.21
04.12.2002-06:00:00,04,12,2002,06,278.49
04.12.2002-09:00:00,04,12,2002,09,273.04
04.12.2002-12:00:00,04,12,2002,12,270.95
04.12.2002-15:00:00,04,12,2002,15,273.45
04.12.2002-18:00:00,04,12,2002,18,275.28
04.12.2002-21:00:00,04,12,2002,21,275.52
04.13.2002-00:00:00,04,13,2002,00,275.53
04.13.2002-03:00:00,04,13,2002,03,277.51
04.13.2002-06:00:00,04,13,2002,06,275.79
04.13.2002-09:00:00,04,13,2002,09,271.02
04.13.2002-12:00:00,04,13,2002,12,285.1
04.13.2002-15:00:00,04,13,2002,15,291.9
04.13.2002-18:00:00,04,13,2002,18,287.09
04.13.2002-21:00:00,04,13,2002,21,286.2
04.14.2002-00:00:00,04,14,2002,00,279.32
04.14.2002-03:00:00,04,14,2002,03,278.97
04.14.2002-06:00:00,04,14,2002,06,275.84
04.14.2002-09:00:00,04,14,2002,09,281.41
04.14.2002-12:00:00,04,14,2002,12,308.02
04.14.2002-15:00:00,04,14,2002,15,321.92
04.14.2002-18:00:00,04,14,2002,18,308.86
04.14.2002-21:00:00,04,14,2002,21,283.58
04.15.2002-00:00:00,04,15,2002,00,280.04
04.15.2002-03:00:00,04,15,2002,03,281.68
04.15.2002-06:00:00,04,15,2002,06,281.74
04.15.2002-09:00:00,04,15,2002,09,277.23
04.15.2002-12:00:00,04,15,2002,12,276.04
04.15.2002-15:00:00,04,15,2002,15,277.96
04.15.2002-18:00:00,04,15,2002,18,280
04.15.2002-21:00:00,04,15,2002,21,280.12
04.16.2002-00:00:00,04,16,2002,00,280.02
04.16.2002-03:00:00,04,16,2002,03,279.92
04.16.2002-06:00:00,04,16,2002,06,279.8
04.16.2002-09:00:00,04,16,2002,09,274.86
04.16.2002-12:00:00,04,16,2002,12,273.83
04.16.2002-15:00:00,04,16,2002,15,275.1
04.16.2002-18:00:00,04,16,2002,18,277.88
04.16.2002-21:00:00,04,16,2002,21,278.21
04.17.2002-00:00:00,04,17,2002,00,278.13
04.17.2002-03:00:00,04,17,2002,03,278.03
04.17.2002-06:00:00,04,17,2002,06,277.9
04.17.2002-09:00:00,04,17,2002,09,271.1
04.17.2002-12:00:00,04,17,2002,12,269.75
04.17.2002-15:00:00,04,17,2002,15,271.23
04.17.2002-18:00:00,04,17,2002,18,272.49
04.17.2002-21:00:00,04,17,2002,21,272.57
04.18.2002-00:00:00,04,18,2002,00,274.13
04.18.2002-03:00:00,04,18,2002,03,275.2
04.18.2002-06:00:00,04,18,2002,06,275.21
04.18.2002-09:00:00,04,18,2002,09,267.97
04.18.2002-12:00:00,04,18,2002,12,265.48
04.18.2002-15:00:00,04,18,2002,15,266.57
04.18.2002-18:00:00,04,18,2002,18,269.1
04.18.2002-21:00:00,04,18,2002,21,269.32
04.19.2002-00:00:00,04,19,2002,00,269.28
04.19.2002-03:00:00,04,19,2002,03,269.34
04.19.2002-06:00:00,04,19,2002,06,269.98
04.19.2002-09:00:00,04,19,2002,09,264.48
04.19.2002-12:00:00,04,19,2002,12,262.1
04.19.2002-15:00:00,04,19,2002,15,261.95
04.19.2002-18:00:00,04,19,2002,18,265.77
04.19.2002-21:00:00,04,19,2002,21,266.22
04.20.2002-00:00:00,04,20,2002,00,266.2
04.20.2002-03:00:00,04,20,2002,03,266.16
04.20.2002-06:00:00,04,20,2002,06,264.3
04.20.2002-09:00:00,04,20,2002,09,261.87
04.20.2002-12:00:00,04,20,2002,12,278.76
04.20.2002-15:00:00,04,20,2002,15,294.63
04.20.2002-18:00:00,04,20,2002,18,289.69
04.20.2002-21:00:00,04,20,2002,21,279.88
04.21.2002-00:00:00,04,21,2002,00,282.56
04.21.2002-03:00:00,04,21,2002,03,278.5
04.21.2002-06:00:00,04,21,2002,06,280.11
04.21.2002-09:00:00,04,21,2002,09,295.42
04.21.2002-12:00:00,04,21,2002,12,312.61
04.21.2002-15:00:00,04,21,2002,15,313.14
04.21.2002-18:00:00,04,21,2002,18,323.93
04.21.2002-21:00:00,04,21,2002,21,308.4
04.22.2002-00:00:00,04,22,2002,00,296.1
04.22.2002-03:00:00,04,22,2002,03,284.45
04.22.2002-06:00:00,04,22,2002,06,282.92
04.22.2002-09:00:00,04,22,2002,09,334.69
04.22.2002-12:00:00,04,22,2002,12,395.61
04.22.2002-15:00:00,04,22,2002,15,346.53
04.22.2002-18:00:00,04,22,2002,18,328.19
04.22.2002-21:00:00,04,22,2002,21,305.78
04.23.2002-00:00:00,04,23,2002,00,289.71
04.23.2002-03:00:00,04,23,2002,03,288.71
04.23.2002-06:00:00,04,23,2002,06,288.45
04.23.2002-09:00:00,04,23,2002,09,281.01
04.23.2002-12:00:00,04,23,2002,12,279.73
04.23.2002-15:00:00,04,23,2002,15,282.23
04.23.2002-18:00:00,04,23,2002,18,285.18
04.23.2002-21:00:00,04,23,2002,21,285.18
04.24.2002-00:00:00,04,24,2002,00,284.94
04.24.2002-03:00:00,04,24,2002,03,284.69
04.24.2002-06:00:00,04,24,2002,06,285.23
04.24.2002-09:00:00,04,24,2002,09,276.9
04.24.2002-12:00:00,04,24,2002,12,274.62
04.24.2002-15:00:00,04,24,2002,15,275.65
04.24.2002-18:00:00,04,24,2002,18,277.46
04.24.2002-21:00:00,04,24,2002,21,277.61
04.25.2002-00:00:00,04,25,2002,00,280.09
04.25.2002-03:00:00,04,25,2002,03,280.28
04.25.2002-06:00:00,04,25,2002,06,277.64
04.25.2002-09:00:00,04,25,2002,09,272.29
04.25.2002-12:00:00,04,25,2002,12,270.34
04.25.2002-15:00:00,04,25,2002,15,270.18
04.25.2002-18:00:00,04,25,2002,18,272.95
04.25.2002-21:00:00,04,25,2002,21,273.16
04.26.2002-00:00:00,04,26,2002,00,273.27
04.26.2002-03:00:00,04,26,2002,03,274.8
04.26.2002-06:00:00,04,26,2002,06,273.47
04.26.2002-09:00:00,04,26,2002,09,268.34
04.26.2002-12:00:00,04,26,2002,12,266.6
04.26.2002-15:00:00,04,26,2002,15,267.13
04.26.2002-18:00:00,04,26,2002,18,276.64
04.26.2002-21:00:00,04,26,2002,21,273.93
04.27.2002-00:00:00,04,27,2002,00,272.49
04.27.2002-03:00:00,04,27,2002,03,272.58
04.27.2002-06:00:00,04,27,2002,06,269.26
04.27.2002-09:00:00,04,27,2002,09,286.2
04.27.2002-12:00:00,04,27,2002,12,311.39
04.27.2002-15:00:00,04,27,2002,15,320.41
04.27.2002-18:00:00,04,27,2002,18,306.56
04.27.2002-21:00:00,04,27,2002,21,292.7
04.28.2002-00:00:00,04,28,2002,00,281.99
04.28.2002-03:00:00,04,28,2002,03,281.29
04.28.2002-06:00:00,04,28,2002,06,277.63
04.28.2002-09:00:00,04,28,2002,09,290.43
04.28.2002-12:00:00,04,28,2002,12,437.85
04.28.2002-15:00:00,04,28,2002,15,408.69
04.28.2002-18:00:00,04,28,2002,18,339.22
04.28.2002-21:00:00,04,28,2002,21,314.1
04.29.2002-00:00:00,04,29,2002,00,295.94
04.29.2002-03:00:00,04,29,2002,03,294.12
04.29.2002-06:00:00,04,29,2002,06,288.45
04.29.2002-09:00:00,04,29,2002,09,342.3
04.29.2002-12:00:00,04,29,2002,12,638.03
04.29.2002-15:00:00,04,29,2002,15,580.48
04.29.2002-18:00:00,04,29,2002,18,537.4
04.29.2002-21:00:00,04,29,2002,21,430.08
04.30.2002-00:00:00,04,30,2002,00,415.76
04.30.2002-03:00:00,04,30,2002,03,380.64
04.30.2002-06:00:00,04,30,2002,06,442.89
04.30.2002-09:00:00,04,30,2002,09,867.95
04.30.2002-12:00:00,04,30,2002,12,1179.9
04.30.2002-15:00:00,04,30,2002,15,933.49
04.30.2002-18:00:00,04,30,2002,18,798.92
04.30.2002-21:00:00,04,30,2002,21,653.22
05.01.2002-00:00:00,05,01,2002,00,470.15
05.01.2002-03:00:00,05,01,2002,03,362.74
05.01.2002-06:00:00,05,01,2002,06,353.35
05.01.2002-09:00:00,05,01,2002,09,802.58
05.01.2002-12:00:00,05,01,2002,12,1441.4
05.01.2002-15:00:00,05,01,2002,15,1007.2
05.01.2002-18:00:00,05,01,2002,18,813.1
05.01.2002-21:00:00,05,01,2002,21,608.38
05.02.2002-00:00:00,05,02,2002,00,554.05
05.02.2002-03:00:00,05,02,2002,03,472.91
05.02.2002-06:00:00,05,02,2002,06,564.42
05.02.2002-09:00:00,05,02,2002,09,1177.4
05.02.2002-12:00:00,05,02,2002,12,1587.5
05.02.2002-15:00:00,05,02,2002,15,1190.7
05.02.2002-18:00:00,05,02,2002,18,988.87
05.02.2002-21:00:00,05,02,2002,21,775.69
05.03.2002-00:00:00,05,03,2002,00,557.52
05.03.2002-03:00:00,05,03,2002,03,479.71
05.03.2002-06:00:00,05,03,2002,06,454.75
05.03.2002-09:00:00,05,03,2002,09,675.74
05.03.2002-12:00:00,05,03,2002,12,1273.6
05.03.2002-15:00:00,05,03,2002,15,943.19
05.03.2002-18:00:00,05,03,2002,18,661.13
05.03.2002-21:00:00,05,03,2002,21,527.19
05.04.2002-00:00:00,05,04,2002,00,505.57
05.04.2002-03:00:00,05,04,2002,03,506.04
05.04.2002-06:00:00,05,04,2002,06,506.97
05.04.2002-09:00:00,05,04,2002,09,444.18
05.04.2002-12:00:00,05,04,2002,12,544.74
05.04.2002-15:00:00,05,04,2002,15,702.5
05.04.2002-18:00:00,05,04,2002,18,571.53
05.04.2002-21:00:00,05,04,2002,21,517.25
05.05.2002-00:00:00,05,05,2002,00,513.13
05.05.2002-03:00:00,05,05,2002,03,513.16
05.05.2002-06:00:00,05,05,2002,06,491.16
05.05.2002-09:00:00,05,05,2002,09,453.19
05.05.2002-12:00:00,05,05,2002,12,916.91
05.05.2002-15:00:00,05,05,2002,15,870.16
05.05.2002-18:00:00,05,05,2002,18,632.76
05.05.2002-21:00:00,05,05,2002,21,531.27
05.06.2002-00:00:00,05,06,2002,00,527.38
05.06.2002-03:00:00,05,06,2002,03,527.98
05.06.2002-06:00:00,05,06,2002,06,528.59
05.06.2002-09:00:00,05,06,2002,09,460.57
05.06.2002-12:00:00,05,06,2002,12,450.24
05.06.2002-15:00:00,05,06,2002,15,542.44
05.06.2002-18:00:00,05,06,2002,18,533.43
05.06.2002-21:00:00,05,06,2002,21,523.04
05.07.2002-00:00:00,05,07,2002,00,524.32
05.07.2002-03:00:00,05,07,2002,03,525.88
05.07.2002-06:00:00,05,07,2002,06,517.41
05.07.2002-09:00:00,05,07,2002,09,450.93
05.07.2002-12:00:00,05,07,2002,12,569.16
05.07.2002-15:00:00,05,07,2002,15,673.93
05.07.2002-18:00:00,05,07,2002,18,584.78
05.07.2002-21:00:00,05,07,2002,21,529.47
05.08.2002-00:00:00,05,08,2002,00,528.41
05.08.2002-03:00:00,05,08,2002,03,530.59
05.08.2002-06:00:00,05,08,2002,06,531
05.08.2002-09:00:00,05,08,2002,09,444.15
05.08.2002-12:00:00,05,08,2002,12,490.25
05.08.2002-15:00:00,05,08,2002,15,713.73
05.08.2002-18:00:00,05,08,2002,18,598.79
05.08.2002-21:00:00,05,08,2002,21,534.5
05.09.2002-00:00:00,05,09,2002,00,531.69
05.09.2002-03:00:00,05,09,2002,03,532.61
05.09.2002-06:00:00,05,09,2002,06,529.45
05.09.2002-09:00:00,05,09,2002,09,440.77
05.09.2002-12:00:00,05,09,2002,12,429.88
05.09.2002-15:00:00,05,09,2002,15,457.95
05.09.2002-18:00:00,05,09,2002,18,531.92
05.09.2002-21:00:00,05,09,2002,21,518.03
05.10.2002-00:00:00,05,10,2002,00,523.66
05.10.2002-03:00:00,05,10,2002,03,526.62
05.10.2002-06:00:00,05,10,2002,06,498.5
05.10.2002-09:00:00,05,10,2002,09,426.03
05.10.2002-12:00:00,05,10,2002,12,650.19
05.10.2002-15:00:00,05,10,2002,15,853.34
05.10.2002-18:00:00,05,10,2002,18,735.32
05.10.2002-21:00:00,05,10,2002,21,600.45
05.11.2002-00:00:00,05,11,2002,00,560.81
05.11.2002-03:00:00,05,11,2002,03,543.03
05.11.2002-06:00:00,05,11,2002,06,547.44
05.11.2002-09:00:00,05,11,2002,09,1172.2
05.11.2002-12:00:00,05,11,2002,12,1925
05.11.2002-15:00:00,05,11,2002,15,1693.5
05.11.2002-18:00:00,05,11,2002,18,1308.7
05.11.2002-21:00:00,05,11,2002,21,994.32
05.12.2002-00:00:00,05,12,2002,00,756.35
05.12.2002-03:00:00,05,12,2002,03,655.91
05.12.2002-06:00:00,05,12,2002,06,590.47
05.12.2002-09:00:00,05,12,2002,09,1569.1
05.12.2002-12:00:00,05,12,2002,12,2486.8
05.12.2002-15:00:00,05,12,2002,15,2036.8
05.12.2002-18:00:00,05,12,2002,18,1501.4
05.12.2002-21:00:00,05,12,2002,21,1149.9
05.13.2002-00:00:00,05,13,2002,00,993.26
05.13.2002-03:00:00,05,13,2002,03,850.72
05.13.2002-06:00:00,05,13,2002,06,870.87
05.13.2002-09:00:00,05,13,2002,09,2075.1
05.13.2002-12:00:00,05,13,2002,12,2988.2
05.13.2002-15:00:00,05,13,2002,15,2584.2
05.13.2002-18:00:00,05,13,2002,18,2106.2
05.13.2002-21:00:00,05,13,2002,21,1715.5
05.14.2002-00:00:00,05,14,2002,00,1471.6
05.14.2002-03:00:00,05,14,2002,03,1147.2
05.14.2002-06:00:00,05,14,2002,06,1000.9
05.14.2002-09:00:00,05,14,2002,09,1346
05.14.2002-12:00:00,05,14,2002,12,2140.6
05.14.2002-15:00:00,05,14,2002,15,2175.6
05.14.2002-18:00:00,05,14,2002,18,1825.3
05.14.2002-21:00:00,05,14,2002,21,1553.4
05.15.2002-00:00:00,05,15,2002,00,1259.7
05.15.2002-03:00:00,05,15,2002,03,1160.3
05.15.2002-06:00:00,05,15,2002,06,1060
05.15.2002-09:00:00,05,15,2002,09,1495.4
05.15.2002-12:00:00,05,15,2002,12,2831.6
05.15.2002-15:00:00,05,15,2002,15,2643.9
05.15.2002-18:00:00,05,15,2002,18,2119.8
05.15.2002-21:00:00,05,15,2002,21,1635.1
05.16.2002-00:00:00,05,16,2002,00,1390
05.16.2002-03:00:00,05,16,2002,03,1286.7
05.16.2002-06:00:00,05,16,2002,06,1159.4
05.16.2002-09:00:00,05,16,2002,09,1764
05.16.2002-12:00:00,05,16,2002,12,3322.7
05.16.2002-15:00:00,05,16,2002,15,3268.6
05.16.2002-18:00:00,05,16,2002,18,2783.5
05.16.2002-21:00:00,05,16,2002,21,2276
05.17.2002-00:00:00,05,17,2002,00,2113.2
05.17.2002-03:00:00,05,17,2002,03,1944.9
05.17.2002-06:00:00,05,17,2002,06,2141.8
05.17.2002-09:00:00,05,17,2002,09,3313.9
05.17.2002-12:00:00,05,17,2002,12,4374.1
05.17.2002-15:00:00,05,17,2002,15,4157.7
05.17.2002-18:00:00,05,17,2002,18,3765.9
05.17.2002-21:00:00,05,17,2002,21,3232.6
05.18.2002-00:00:00,05,18,2002,00,2684.7
05.18.2002-03:00:00,05,18,2002,03,2239
05.18.2002-06:00:00,05,18,2002,06,2104.2
05.18.2002-09:00:00,05,18,2002,09,3415
05.18.2002-12:00:00,05,18,2002,12,4724.4
05.18.2002-15:00:00,05,18,2002,15,4550
05.18.2002-18:00:00,05,18,2002,18,4095.3
05.18.2002-21:00:00,05,18,2002,21,3594
05.19.2002-00:00:00,05,19,2002,00,3177.4
05.19.2002-03:00:00,05,19,2002,03,2865.4
05.19.2002-06:00:00,05,19,2002,06,2876.7
05.19.2002-09:00:00,05,19,2002,09,4400.8
05.19.2002-12:00:00,05,19,2002,12,5785.6
05.19.2002-15:00:00,05,19,2002,15,5929.9
05.19.2002-18:00:00,05,19,2002,18,5445.6
05.19.2002-21:00:00,05,19,2002,21,4969.4
05.20.2002-00:00:00,05,20,2002,00,5293.7
05.20.2002-03:00:00,05,20,2002,03,5501.1
05.20.2002-06:00:00,05,20,2002,06,6211.4
05.20.2002-09:00:00,05,20,2002,09,7857.2
05.20.2002-12:00:00,05,20,2002,12,9386.5
05.20.2002-15:00:00,05,20,2002,15,9759.3
05.20.2002-18:00:00,05,20,2002,18,9564.8
05.20.2002-21:00:00,05,20,2002,21,9094
05.21.2002-00:00:00,05,21,2002,00,8193.5
05.21.2002-03:00:00,05,21,2002,03,7340.1
05.21.2002-06:00:00,05,21,2002,06,6972.2
05.21.2002-09:00:00,05,21,2002,09,7345.8
05.21.2002-12:00:00,05,21,2002,12,7997.2
05.21.2002-15:00:00,05,21,2002,15,8183.9
05.21.2002-18:00:00,05,21,2002,18,8068.4
05.21.2002-21:00:00,05,21,2002,21,7972.6
05.22.2002-00:00:00,05,22,2002,00,7116.9
05.22.2002-03:00:00,05,22,2002,03,6543.8
05.22.2002-06:00:00,05,22,2002,06,6186.6
05.22.2002-09:00:00,05,22,2002,09,6423.3
05.22.2002-12:00:00,05,22,2002,12,6781.4
05.22.2002-15:00:00,05,22,2002,15,6914.1
05.22.2002-18:00:00,05,22,2002,18,6802.3
05.22.2002-21:00:00,05,22,2002,21,6629
05.23.2002-00:00:00,05,23,2002,00,5844
05.23.2002-03:00:00,05,23,2002,03,5226.6
05.23.2002-06:00:00,05,23,2002,06,5306.5
05.23.2002-09:00:00,05,23,2002,09,7303.7
05.23.2002-12:00:00,05,23,2002,12,9215.8
05.23.2002-15:00:00,05,23,2002,15,9513.6
05.23.2002-18:00:00,05,23,2002,18,8910.7
05.23.2002-21:00:00,05,23,2002,21,8115.7
05.24.2002-00:00:00,05,24,2002,00,6884.8
05.24.2002-03:00:00,05,24,2002,03,5858.3
05.24.2002-06:00:00,05,24,2002,06,4820.6
05.24.2002-09:00:00,05,24,2002,09,5836.4
05.24.2002-12:00:00,05,24,2002,12,8777.6
05.24.2002-15:00:00,05,24,2002,15,9645.3
05.24.2002-18:00:00,05,24,2002,18,9206.8
05.24.2002-21:00:00,05,24,2002,21,8408.5
05.25.2002-00:00:00,05,25,2002,00,7518.9
05.25.2002-03:00:00,05,25,2002,03,6635.7
05.25.2002-06:00:00,05,25,2002,06,6635.5
05.25.2002-09:00:00,05,25,2002,09,8709.6
05.25.2002-12:00:00,05,25,2002,12,10912
05.25.2002-15:00:00,05,25,2002,15,11709
05.25.2002-18:00:00,05,25,2002,18,11193
05.25.2002-21:00:00,05,25,2002,21,10351
05.26.2002-00:00:00,05,26,2002,00,8956.8
05.26.2002-03:00:00,05,26,2002,03,7588
05.26.2002-06:00:00,05,26,2002,06,6738.5
05.26.2002-09:00:00,05,26,2002,09,8851
05.26.2002-12:00:00,05,26,2002,12,11685
05.26.2002-15:00:00,05,26,2002,15,12601
05.26.2002-18:00:00,05,26,2002,18,12260
05.26.2002-21:00:00,05,26,2002,21,11129
05.27.2002-00:00:00,05,27,2002,00,9934.7
05.27.2002-03:00:00,05,27,2002,03,8498.7
05.27.2002-06:00:00,05,27,2002,06,7951.5
05.27.2002-09:00:00,05,27,2002,09,10251
05.27.2002-12:00:00,05,27,2002,12,13291
05.27.2002-15:00:00,05,27,2002,15,14551
05.27.2002-18:00:00,05,27,2002,18,14121
05.27.2002-21:00:00,05,27,2002,21,13343
05.28.2002-00:00:00,05,28,2002,00,12419
05.28.2002-03:00:00,05,28,2002,03,11367
05.28.2002-06:00:00,05,28,2002,06,11359
05.28.2002-09:00:00,05,28,2002,09,13499
05.28.2002-12:00:00,05,28,2002,12,16026
05.28.2002-15:00:00,05,28,2002,15,17132
05.28.2002-18:00:00,05,28,2002,18,17064
05.28.2002-21:00:00,05,28,2002,21,16321
05.29.2002-00:00:00,05,29,2002,00,14777
05.29.2002-03:00:00,05,29,2002,03,13247
05.29.2002-06:00:00,05,29,2002,06,12520
05.29.2002-09:00:00,05,29,2002,09,13981
05.29.2002-12:00:00,05,29,2002,12,16065
05.29.2002-15:00:00,05,29,2002,15,16713
05.29.2002-18:00:00,05,29,2002,18,16465
05.29.2002-21:00:00,05,29,2002,21,15626
05.30.2002-00:00:00,05,30,2002,00,14288
05.30.2002-03:00:00,05,30,2002,03,12827
05.30.2002-06:00:00,05,30,2002,06,11713
05.30.2002-09:00:00,05,30,2002,09,13328
05.30.2002-12:00:00,05,30,2002,12,15921
05.30.2002-15:00:00,05,30,2002,15,17107
05.30.2002-18:00:00,05,30,2002,18,16790
05.30.2002-21:00:00,05,30,2002,21,16001
05.31.2002-00:00:00,05,31,2002,00,15019
05.31.2002-03:00:00,05,31,2002,03,13864
05.31.2002-06:00:00,05,31,2002,06,12896
05.31.2002-09:00:00,05,31,2002,09,14283
05.31.2002-12:00:00,05,31,2002,12,16064
05.31.2002-15:00:00,05,31,2002,15,16851
05.31.2002-18:00:00,05,31,2002,18,16596
05.31.2002-21:00:00,05,31,2002,21,16082
06.01.2002-00:00:00,06,01,2002,00,14993
06.01.2002-03:00:00,06,01,2002,03,13850
06.01.2002-06:00:00,06,01,2002,06,13069
06.01.2002-09:00:00,06,01,2002,09,14676
06.01.2002-12:00:00,06,01,2002,12,16869
06.01.2002-15:00:00,06,01,2002,15,17821
06.01.2002-18:00:00,06,01,2002,18,17562
06.01.2002-21:00:00,06,01,2002,21,17008
06.02.2002-00:00:00,06,02,2002,00,16341
06.02.2002-03:00:00,06,02,2002,03,15190
06.02.2002-06:00:00,06,02,2002,06,14876
06.02.2002-09:00:00,06,02,2002,09,16412
06.02.2002-12:00:00,06,02,2002,12,18257
06.02.2002-15:00:00,06,02,2002,15,19059
06.02.2002-18:00:00,06,02,2002,18,19010
06.02.2002-21:00:00,06,02,2002,21,18476
06.03.2002-00:00:00,06,03,2002,00,17541
06.03.2002-03:00:00,06,03,2002,03,16341
06.03.2002-06:00:00,06,03,2002,06,15752
06.03.2002-09:00:00,06,03,2002,09,16989
06.03.2002-12:00:00,06,03,2002,12,18720
06.03.2002-15:00:00,06,03,2002,15,19683
06.03.2002-18:00:00,06,03,2002,18,19406
06.03.2002-21:00:00,06,03,2002,21,18908
06.04.2002-00:00:00,06,04,2002,00,18564
06.04.2002-03:00:00,06,04,2002,03,17666
06.04.2002-06:00:00,06,04,2002,06,17536
06.04.2002-09:00:00,06,04,2002,09,18778
06.04.2002-12:00:00,06,04,2002,12,20823
06.04.2002-15:00:00,06,04,2002,15,21399
06.04.2002-18:00:00,06,04,2002,18,21459
06.04.2002-21:00:00,06,04,2002,21,21663
06.05.2002-00:00:00,06,05,2002,00,20861
06.05.2002-03:00:00,06,05,2002,03,20598
06.05.2002-06:00:00,06,05,2002,06,19745
06.05.2002-09:00:00,06,05,2002,09,21169
06.05.2002-12:00:00,06,05,2002,12,22507
06.05.2002-15:00:00,06,05,2002,15,23526
06.05.2002-18:00:00,06,05,2002,18,23020
06.05.2002-21:00:00,06,05,2002,21,22974
06.06.2002-00:00:00,06,06,2002,00,22380
06.06.2002-03:00:00,06,06,2002,03,21776
06.06.2002-06:00:00,06,06,2002,06,20976
06.06.2002-09:00:00,06,06,2002,09,20970
06.06.2002-12:00:00,06,06,2002,12,21652
06.06.2002-15:00:00,06,06,2002,15,21408
06.06.2002-18:00:00,06,06,2002,18,20988
06.06.2002-21:00:00,06,06,2002,21,20226
06.07.2002-00:00:00,06,07,2002,00,19146
06.07.2002-03:00:00,06,07,2002,03,18664
06.07.2002-06:00:00,06,07,2002,06,17342
06.07.2002-09:00:00,06,07,2002,09,16877
06.07.2002-12:00:00,06,07,2002,12,17112
06.07.2002-15:00:00,06,07,2002,15,17003
06.07.2002-18:00:00,06,07,2002,18,16091
06.07.2002-21:00:00,06,07,2002,21,15291
06.08.2002-00:00:00,06,08,2002,00,14568
06.08.2002-03:00:00,06,08,2002,03,13926
06.08.2002-06:00:00,06,08,2002,06,13516
06.08.2002-09:00:00,06,08,2002,09,12907
06.08.2002-12:00:00,06,08,2002,12,12816
06.08.2002-15:00:00,06,08,2002,15,12641
06.08.2002-18:00:00,06,08,2002,18,12286
06.08.2002-21:00:00,06,08,2002,21,12005
06.09.2002-00:00:00,06,09,2002,00,11636
06.09.2002-03:00:00,06,09,2002,03,11272
06.09.2002-06:00:00,06,09,2002,06,10906
06.09.2002-09:00:00,06,09,2002,09,12041
06.09.2002-12:00:00,06,09,2002,12,13793
06.09.2002-15:00:00,06,09,2002,15,14656
06.09.2002-18:00:00,06,09,2002,18,14877
06.09.2002-21:00:00,06,09,2002,21,14840
06.10.2002-00:00:00,06,10,2002,00,14423
06.10.2002-03:00:00,06,10,2002,03,13659
06.10.2002-06:00:00,06,10,2002,06,13064
06.10.2002-09:00:00,06,10,2002,09,13904
06.10.2002-12:00:00,06,10,2002,12,15528
06.10.2002-15:00:00,06,10,2002,15,16161
06.10.2002-18:00:00,06,10,2002,18,16759
06.10.2002-21:00:00,06,10,2002,21,16878
06.11.2002-00:00:00,06,11,2002,00,16604
06.11.2002-03:00:00,06,11,2002,03,15803
06.11.2002-06:00:00,06,11,2002,06,15416
06.11.2002-09:00:00,06,11,2002,09,15580
06.11.2002-12:00:00,06,11,2002,12,16955
06.11.2002-15:00:00,06,11,2002,15,16837
06.11.2002-18:00:00,06,11,2002,18,17145
06.11.2002-21:00:00,06,11,2002,21,16688
06.12.2002-00:00:00,06,12,2002,00,16910
06.12.2002-03:00:00,06,12,2002,03,16217
06.12.2002-06:00:00,06,12,2002,06,15594
06.12.2002-09:00:00,06,12,2002,09,15317
06.12.2002-12:00:00,06,12,2002,12,16188
06.12.2002-15:00:00,06,12,2002,15,16288
06.12.2002-18:00:00,06,12,2002,18,16834
06.12.2002-21:00:00,06,12,2002,21,16651
06.13.2002-00:00:00,06,13,2002,00,16804
06.13.2002-03:00:00,06,13,2002,03,16193
06.13.2002-06:00:00,06,13,2002,06,15507
06.13.2002-09:00:00,06,13,2002,09,15400
06.13.2002-12:00:00,06,13,2002,12,15816
06.13.2002-15:00:00,06,13,2002,15,15559
06.13.2002-18:00:00,06,13,2002,18,16318
06.13.2002-21:00:00,06,13,2002,21,16072
06.14.2002-00:00:00,06,14,2002,00,16760
06.14.2002-03:00:00,06,14,2002,03,15724
06.14.2002-06:00:00,06,14,2002,06,15267
06.14.2002-09:00:00,06,14,2002,09,15064
06.14.2002-12:00:00,06,14,2002,12,15156
06.14.2002-15:00:00,06,14,2002,15,15186
06.14.2002-18:00:00,06,14,2002,18,15418
06.14.2002-21:00:00,06,14,2002,21,15553
06.15.2002-00:00:00,06,15,2002,00,16596
06.15.2002-03:00:00,06,15,2002,03,15474
06.15.2002-06:00:00,06,15,2002,06,15084
06.15.2002-09:00:00,06,15,2002,09,14307
06.15.2002-12:00:00,06,15,2002,12,14666
06.15.2002-15:00:00,06,15,2002,15,14092
06.15.2002-18:00:00,06,15,2002,18,14708
06.15.2002-21:00:00,06,15,2002,21,14882
06.16.2002-00:00:00,06,16,2002,00,15913
06.16.2002-03:00:00,06,16,2002,03,15694
06.16.2002-06:00:00,06,16,2002,06,15079
06.16.2002-09:00:00,06,16,2002,09,14325
06.16.2002-12:00:00,06,16,2002,12,13809
06.16.2002-15:00:00,06,16,2002,15,13581
06.16.2002-18:00:00,06,16,2002,18,13568
06.16.2002-21:00:00,06,16,2002,21,13970
06.17.2002-00:00:00,06,17,2002,00,14478
06.17.2002-03:00:00,06,17,2002,03,14568
06.17.2002-06:00:00,06,17,2002,06,14261
06.17.2002-09:00:00,06,17,2002,09,13611
06.17.2002-12:00:00,06,17,2002,12,13326
06.17.2002-15:00:00,06,17,2002,15,12715
06.17.2002-18:00:00,06,17,2002,18,12866
06.17.2002-21:00:00,06,17,2002,21,12864
06.18.2002-00:00:00,06,18,2002,00,13018
06.18.2002-03:00:00,06,18,2002,03,12980
06.18.2002-06:00:00,06,18,2002,06,12701
06.18.2002-09:00:00,06,18,2002,09,12082
06.18.2002-12:00:00,06,18,2002,12,11528
06.18.2002-15:00:00,06,18,2002,15,11319
06.18.2002-18:00:00,06,18,2002,18,11095
06.18.2002-21:00:00,06,18,2002,21,11271
06.19.2002-00:00:00,06,19,2002,00,11548
06.19.2002-03:00:00,06,19,2002,03,11562
06.19.2002-06:00:00,06,19,2002,06,11107
06.19.2002-09:00:00,06,19,2002,09,10363
06.19.2002-12:00:00,06,19,2002,12,9672.2
06.19.2002-15:00:00,06,19,2002,15,9207.1
06.19.2002-18:00:00,06,19,2002,18,9255.1
06.19.2002-21:00:00,06,19,2002,21,9674.8
06.20.2002-00:00:00,06,20,2002,00,10113
06.20.2002-03:00:00,06,20,2002,03,10428
06.20.2002-06:00:00,06,20,2002,06,10112
06.20.2002-09:00:00,06,20,2002,09,9482.5
06.20.2002-12:00:00,06,20,2002,12,8690
06.20.2002-15:00:00,06,20,2002,15,8277.6
06.20.2002-18:00:00,06,20,2002,18,8179
06.20.2002-21:00:00,06,20,2002,21,8780.4
06.21.2002-00:00:00,06,21,2002,00,9245.6
06.21.2002-03:00:00,06,21,2002,03,9547
06.21.2002-06:00:00,06,21,2002,06,9144.6
06.21.2002-09:00:00,06,21,2002,09,8551.8
06.21.2002-12:00:00,06,21,2002,12,7787.8
06.21.2002-15:00:00,06,21,2002,15,7397.1
06.21.2002-18:00:00,06,21,2002,18,7477.2
06.21.2002-21:00:00,06,21,2002,21,8048.1
06.22.2002-00:00:00,06,22,2002,00,8594.6
06.22.2002-03:00:00,06,22,2002,03,9000.1
06.22.2002-06:00:00,06,22,2002,06,8749.1
06.22.2002-09:00:00,06,22,2002,09,8200.8
06.22.2002-12:00:00,06,22,2002,12,7630.1
06.22.2002-15:00:00,06,22,2002,15,7345
06.22.2002-18:00:00,06,22,2002,18,7310.8
06.22.2002-21:00:00,06,22,2002,21,7955.8
06.23.2002-00:00:00,06,23,2002,00,8245.2
06.23.2002-03:00:00,06,23,2002,03,8605.8
06.23.2002-06:00:00,06,23,2002,06,8226.7
06.23.2002-09:00:00,06,23,2002,09,7763.2
06.23.2002-12:00:00,06,23,2002,12,7215.8
06.23.2002-15:00:00,06,23,2002,15,6978.7
06.23.2002-18:00:00,06,23,2002,18,7065.9
06.23.2002-21:00:00,06,23,2002,21,7535.7
06.24.2002-00:00:00,06,24,2002,00,7911
06.24.2002-03:00:00,06,24,2002,03,8088.4
06.24.2002-06:00:00,06,24,2002,06,7765.4
06.24.2002-09:00:00,06,24,2002,09,7206.5
06.24.2002-12:00:00,06,24,2002,12,6715
06.24.2002-15:00:00,06,24,2002,15,6461.9
06.24.2002-18:00:00,06,24,2002,18,6633.8
06.24.2002-21:00:00,06,24,2002,21,6973.9
06.25.2002-00:00:00,06,25,2002,00,7307.6
06.25.2002-03:00:00,06,25,2002,03,7377.6
06.25.2002-06:00:00,06,25,2002,06,6940.7
06.25.2002-09:00:00,06,25,2002,09,6404.3
06.25.2002-12:00:00,06,25,2002,12,5971.5
06.25.2002-15:00:00,06,25,2002,15,5731.8
06.25.2002-18:00:00,06,25,2002,18,5891.1
06.25.2002-21:00:00,06,25,2002,21,6244.1
06.26.2002-00:00:00,06,26,2002,00,6647.9
06.26.2002-03:00:00,06,26,2002,03,6730.4
06.26.2002-06:00:00,06,26,2002,06,6404.1
06.26.2002-09:00:00,06,26,2002,09,5987.9
06.26.2002-12:00:00,06,26,2002,12,5830
06.26.2002-15:00:00,06,26,2002,15,5494
06.26.2002-18:00:00,06,26,2002,18,5625.2
06.26.2002-21:00:00,06,26,2002,21,5941.2
06.27.2002-00:00:00,06,27,2002,00,6183
06.27.2002-03:00:00,06,27,2002,03,6213.1
06.27.2002-06:00:00,06,27,2002,06,5821
06.27.2002-09:00:00,06,27,2002,09,5352.7
06.27.2002-12:00:00,06,27,2002,12,5045.4
06.27.2002-15:00:00,06,27,2002,15,4889.4
06.27.2002-18:00:00,06,27,2002,18,4975.6
06.27.2002-21:00:00,06,27,2002,21,5358.9
06.28.2002-00:00:00,06,28,2002,00,5682.3
06.28.2002-03:00:00,06,28,2002,03,5980.3
06.28.2002-06:00:00,06,28,2002,06,5794.1
06.28.2002-09:00:00,06,28,2002,09,5651.9
06.28.2002-12:00:00,06,28,2002,12,5430.3
06.28.2002-15:00:00,06,28,2002,15,5309.9
06.28.2002-18:00:00,06,28,2002,18,5514.6
06.28.2002-21:00:00,06,28,2002,21,5783.9
06.29.2002-00:00:00,06,29,2002,00,6113
06.29.2002-03:00:00,06,29,2002,03,6338.2
06.29.2002-06:00:00,06,29,2002,06,6263.6
06.29.2002-09:00:00,06,29,2002,09,6174.9
06.29.2002-12:00:00,06,29,2002,12,5976.2
06.29.2002-15:00:00,06,29,2002,15,6019.5
06.29.2002-18:00:00,06,29,2002,18,6066.1
06.29.2002-21:00:00,06,29,2002,21,6324.2
06.30.2002-00:00:00,06,30,2002,00,6317.7
06.30.2002-03:00:00,06,30,2002,03,6248.6
06.30.2002-06:00:00,06,30,2002,06,5985.8
06.30.2002-09:00:00,06,30,2002,09,5540.7
06.30.2002-12:00:00,06,30,2002,12,5255.9
06.30.2002-15:00:00,06,30,2002,15,5008.3
06.30.2002-18:00:00,06,30,2002,18,5101.8
06.30.2002-21:00:00,06,30,2002,21,5325
07.01.2002-00:00:00,07,01,2002,00,5508.3
07.01.2002-03:00:00,07,01,2002,03,5509.1
07.01.2002-06:00:00,07,01,2002,06,5284.4
07.01.2002-09:00:00,07,01,2002,09,4780
07.01.2002-12:00:00,07,01,2002,12,4471.3
07.01.2002-15:00:00,07,01,2002,15,4390.8
07.01.2002-18:00:00,07,01,2002,18,4527.3
07.01.2002-21:00:00,07,01,2002,21,4827.6
07.02.2002-00:00:00,07,02,2002,00,5061.2
07.02.2002-03:00:00,07,02,2002,03,5139.5
07.02.2002-06:00:00,07,02,2002,06,4839.1
07.02.2002-09:00:00,07,02,2002,09,4338.1
07.02.2002-12:00:00,07,02,2002,12,4062.2
07.02.2002-15:00:00,07,02,2002,15,3937
07.02.2002-18:00:00,07,02,2002,18,4187.9
07.02.2002-21:00:00,07,02,2002,21,4438
07.03.2002-00:00:00,07,03,2002,00,4705.7
07.03.2002-03:00:00,07,03,2002,03,4767.3
07.03.2002-06:00:00,07,03,2002,06,4404
07.03.2002-09:00:00,07,03,2002,09,4054.1
07.03.2002-12:00:00,07,03,2002,12,3772.9
07.03.2002-15:00:00,07,03,2002,15,3717
07.03.2002-18:00:00,07,03,2002,18,3911.7
07.03.2002-21:00:00,07,03,2002,21,4266.7
07.04.2002-00:00:00,07,04,2002,00,4450.6
07.04.2002-03:00:00,07,04,2002,03,4591.6
07.04.2002-06:00:00,07,04,2002,06,4352.4
07.04.2002-09:00:00,07,04,2002,09,4034.3
07.04.2002-12:00:00,07,04,2002,12,3758
07.04.2002-15:00:00,07,04,2002,15,3805.2
07.04.2002-18:00:00,07,04,2002,18,3920.9
07.04.2002-21:00:00,07,04,2002,21,4239.6
07.05.2002-00:00:00,07,05,2002,00,4474.5
07.05.2002-03:00:00,07,05,2002,03,4583.2
07.05.2002-06:00:00,07,05,2002,06,4259.6
07.05.2002-09:00:00,07,05,2002,09,3868.6
07.05.2002-12:00:00,07,05,2002,12,3432
07.05.2002-15:00:00,07,05,2002,15,3499.3
07.05.2002-18:00:00,07,05,2002,18,3683.8
07.05.2002-21:00:00,07,05,2002,21,4011.4
07.06.2002-00:00:00,07,06,2002,00,4158.3
07.06.2002-03:00:00,07,06,2002,03,4290.3
07.06.2002-06:00:00,07,06,2002,06,3948
07.06.2002-09:00:00,07,06,2002,09,3482.9
07.06.2002-12:00:00,07,06,2002,12,3175.8
07.06.2002-15:00:00,07,06,2002,15,3180
07.06.2002-18:00:00,07,06,2002,18,3403.1
07.06.2002-21:00:00,07,06,2002,21,3730
07.07.2002-00:00:00,07,07,2002,00,3911.9
07.07.2002-03:00:00,07,07,2002,03,4017
07.07.2002-06:00:00,07,07,2002,06,3643.3
07.07.2002-09:00:00,07,07,2002,09,3255.9
07.07.2002-12:00:00,07,07,2002,12,3003
07.07.2002-15:00:00,07,07,2002,15,3030.3
07.07.2002-18:00:00,07,07,2002,18,3245
07.07.2002-21:00:00,07,07,2002,21,3583
07.08.2002-00:00:00,07,08,2002,00,5157.4
07.08.2002-03:00:00,07,08,2002,03,6068.8
07.08.2002-06:00:00,07,08,2002,06,6579.3
07.08.2002-09:00:00,07,08,2002,09,6844.5
07.08.2002-12:00:00,07,08,2002,12,6913.3
07.08.2002-15:00:00,07,08,2002,15,7314.7
07.08.2002-18:00:00,07,08,2002,18,7751.3
07.08.2002-21:00:00,07,08,2002,21,8470.5
07.09.2002-00:00:00,07,09,2002,00,7443.7
07.09.2002-03:00:00,07,09,2002,03,6718.7
07.09.2002-06:00:00,07,09,2002,06,5749.6
07.09.2002-09:00:00,07,09,2002,09,4848.2
07.09.2002-12:00:00,07,09,2002,12,4179.1
07.09.2002-15:00:00,07,09,2002,15,3925
07.09.2002-18:00:00,07,09,2002,18,3905.9
07.09.2002-21:00:00,07,09,2002,21,4134.3
07.10.2002-00:00:00,07,10,2002,00,4166.5
07.10.2002-03:00:00,07,10,2002,03,4169.3
07.10.2002-06:00:00,07,10,2002,06,3715.4
07.10.2002-09:00:00,07,10,2002,09,3310.5
07.10.2002-12:00:00,07,10,2002,12,3152.2
07.10.2002-15:00:00,07,10,2002,15,3031.5
07.10.2002-18:00:00,07,10,2002,18,3268.8
07.10.2002-21:00:00,07,10,2002,21,3556.8
07.11.2002-00:00:00,07,11,2002,00,3707.2
07.11.2002-03:00:00,07,11,2002,03,3698.3
07.11.2002-06:00:00,07,11,2002,06,3244.9
07.11.2002-09:00:00,07,11,2002,09,3078.1
07.11.2002-12:00:00,07,11,2002,12,3182.2
07.11.2002-15:00:00,07,11,2002,15,2974.2
07.11.2002-18:00:00,07,11,2002,18,3146.2
07.11.2002-21:00:00,07,11,2002,21,3423.7
07.12.2002-00:00:00,07,12,2002,00,3578.9
07.12.2002-03:00:00,07,12,2002,03,3541.2
07.12.2002-06:00:00,07,12,2002,06,3057.1
07.12.2002-09:00:00,07,12,2002,09,2915.1
07.12.2002-12:00:00,07,12,2002,12,2878.7
07.12.2002-15:00:00,07,12,2002,15,2772.7
07.12.2002-18:00:00,07,12,2002,18,2916.9
07.12.2002-21:00:00,07,12,2002,21,3241.1
07.13.2002-00:00:00,07,13,2002,00,3404.9
07.13.2002-03:00:00,07,13,2002,03,3366.2
07.13.2002-06:00:00,07,13,2002,06,2930.4
07.13.2002-09:00:00,07,13,2002,09,2776.2
07.13.2002-12:00:00,07,13,2002,12,2712.8
07.13.2002-15:00:00,07,13,2002,15,2670.9
07.13.2002-18:00:00,07,13,2002,18,2818.6
07.13.2002-21:00:00,07,13,2002,21,3136.7
07.14.2002-00:00:00,07,14,2002,00,3267.6
07.14.2002-03:00:00,07,14,2002,03,3224.5
07.14.2002-06:00:00,07,14,2002,06,2787.8
07.14.2002-09:00:00,07,14,2002,09,2498.6
07.14.2002-12:00:00,07,14,2002,12,2333.9
07.14.2002-15:00:00,07,14,2002,15,2396.7
07.14.2002-18:00:00,07,14,2002,18,2628.7
07.14.2002-21:00:00,07,14,2002,21,2977.1
07.15.2002-00:00:00,07,15,2002,00,3090.9
07.15.2002-03:00:00,07,15,2002,03,3090.4
07.15.2002-06:00:00,07,15,2002,06,2683.4
07.15.2002-09:00:00,07,15,2002,09,2417.6
07.15.2002-12:00:00,07,15,2002,12,2255.6
07.15.2002-15:00:00,07,15,2002,15,2345.4
07.15.2002-18:00:00,07,15,2002,18,2578.5
07.15.2002-21:00:00,07,15,2002,21,2911.2
07.16.2002-00:00:00,07,16,2002,00,3011.1
07.16.2002-03:00:00,07,16,2002,03,2991.3
07.16.2002-06:00:00,07,16,2002,06,2641.8
07.16.2002-09:00:00,07,16,2002,09,2285.4
07.16.2002-12:00:00,07,16,2002,12,2246.1
07.16.2002-15:00:00,07,16,2002,15,2259.7
07.16.2002-18:00:00,07,16,2002,18,2551.9
07.16.2002-21:00:00,07,16,2002,21,2775.1
07.17.2002-00:00:00,07,17,2002,00,2974.4
07.17.2002-03:00:00,07,17,2002,03,2855.2
07.17.2002-06:00:00,07,17,2002,06,2530.8
07.17.2002-09:00:00,07,17,2002,09,2215.8
07.17.2002-12:00:00,07,17,2002,12,2176
07.17.2002-15:00:00,07,17,2002,15,2177.7
07.17.2002-18:00:00,07,17,2002,18,2471.4
07.17.2002-21:00:00,07,17,2002,21,2708.9
07.18.2002-00:00:00,07,18,2002,00,2889
07.18.2002-03:00:00,07,18,2002,03,2774.5
07.18.2002-06:00:00,07,18,2002,06,2425.2
07.18.2002-09:00:00,07,18,2002,09,2121.1
07.18.2002-12:00:00,07,18,2002,12,2079
07.18.2002-15:00:00,07,18,2002,15,2092.6
07.18.2002-18:00:00,07,18,2002,18,2378.2
07.18.2002-21:00:00,07,18,2002,21,2623
07.19.2002-00:00:00,07,19,2002,00,2808.7
07.19.2002-03:00:00,07,19,2002,03,2722.7
07.19.2002-06:00:00,07,19,2002,06,2428.1
07.19.2002-09:00:00,07,19,2002,09,2097.6
07.19.2002-12:00:00,07,19,2002,12,2046.3
07.19.2002-15:00:00,07,19,2002,15,2085.4
07.19.2002-18:00:00,07,19,2002,18,2372.3
07.19.2002-21:00:00,07,19,2002,21,2609.4
07.20.2002-00:00:00,07,20,2002,00,2777.4
07.20.2002-03:00:00,07,20,2002,03,2713.9
07.20.2002-06:00:00,07,20,2002,06,2375.2
07.20.2002-09:00:00,07,20,2002,09,2034.4
07.20.2002-12:00:00,07,20,2002,12,1994.6
07.20.2002-15:00:00,07,20,2002,15,2009.6
07.20.2002-18:00:00,07,20,2002,18,2315.2
07.20.2002-21:00:00,07,20,2002,21,2539.4
07.21.2002-00:00:00,07,21,2002,00,2702.9
07.21.2002-03:00:00,07,21,2002,03,2627.3
07.21.2002-06:00:00,07,21,2002,06,2300.8
07.21.2002-09:00:00,07,21,2002,09,1945.5
07.21.2002-12:00:00,07,21,2002,12,1929.2
07.21.2002-15:00:00,07,21,2002,15,1947.7
07.21.2002-18:00:00,07,21,2002,18,2249.9
07.21.2002-21:00:00,07,21,2002,21,2466.5
07.22.2002-00:00:00,07,22,2002,00,2614.1
07.22.2002-03:00:00,07,22,2002,03,2599.1
07.22.2002-06:00:00,07,22,2002,06,2207.8
07.22.2002-09:00:00,07,22,2002,09,1949.9
07.22.2002-12:00:00,07,22,2002,12,1892.4
07.22.2002-15:00:00,07,22,2002,15,1955.8
07.22.2002-18:00:00,07,22,2002,18,2179
07.22.2002-21:00:00,07,22,2002,21,2437.4
07.23.2002-00:00:00,07,23,2002,00,2572.9
07.23.2002-03:00:00,07,23,2002,03,2528.5
07.23.2002-06:00:00,07,23,2002,06,2160.4
07.23.2002-09:00:00,07,23,2002,09,1912.4
07.23.2002-12:00:00,07,23,2002,12,1936.4
07.23.2002-15:00:00,07,23,2002,15,1914.7
07.23.2002-18:00:00,07,23,2002,18,2139.8
07.23.2002-21:00:00,07,23,2002,21,2403
07.24.2002-00:00:00,07,24,2002,00,2499.3
07.24.2002-03:00:00,07,24,2002,03,2452.7
07.24.2002-06:00:00,07,24,2002,06,2057.4
07.24.2002-09:00:00,07,24,2002,09,1847
07.24.2002-12:00:00,07,24,2002,12,1856.1
07.24.2002-15:00:00,07,24,2002,15,1850.6
07.24.2002-18:00:00,07,24,2002,18,2064.6
07.24.2002-21:00:00,07,24,2002,21,2334.8
07.25.2002-00:00:00,07,25,2002,00,2423.9
07.25.2002-03:00:00,07,25,2002,03,2349.5
07.25.2002-06:00:00,07,25,2002,06,2076.2
07.25.2002-09:00:00,07,25,2002,09,1859.3
07.25.2002-12:00:00,07,25,2002,12,1866.3
07.25.2002-15:00:00,07,25,2002,15,1871.8
07.25.2002-18:00:00,07,25,2002,18,2109.9
07.25.2002-21:00:00,07,25,2002,21,2311.3
07.26.2002-00:00:00,07,26,2002,00,2456
07.26.2002-03:00:00,07,26,2002,03,2332.5
07.26.2002-06:00:00,07,26,2002,06,2056.2
07.26.2002-09:00:00,07,26,2002,09,1770.7
07.26.2002-12:00:00,07,26,2002,12,1751.6
07.26.2002-15:00:00,07,26,2002,15,1772.1
07.26.2002-18:00:00,07,26,2002,18,2049.1
07.26.2002-21:00:00,07,26,2002,21,2265.2
07.27.2002-00:00:00,07,27,2002,00,2382.9
07.27.2002-03:00:00,07,27,2002,03,2346.5
07.27.2002-06:00:00,07,27,2002,06,2086.3
07.27.2002-09:00:00,07,27,2002,09,1816.4
07.27.2002-12:00:00,07,27,2002,12,1785.8
07.27.2002-15:00:00,07,27,2002,15,1841
07.27.2002-18:00:00,07,27,2002,18,2076.5
07.27.2002-21:00:00,07,27,2002,21,2294.8
07.28.2002-00:00:00,07,28,2002,00,2359.1
07.28.2002-03:00:00,07,28,2002,03,2363.3
07.28.2002-06:00:00,07,28,2002,06,2140.9
07.28.2002-09:00:00,07,28,2002,09,2036.8
07.28.2002-12:00:00,07,28,2002,12,1992.7
07.28.2002-15:00:00,07,28,2002,15,2053.1
07.28.2002-18:00:00,07,28,2002,18,2183.9
07.28.2002-21:00:00,07,28,2002,21,2394.1
07.29.2002-00:00:00,07,29,2002,00,2429.2
07.29.2002-03:00:00,07,29,2002,03,2387.5
07.29.2002-06:00:00,07,29,2002,06,2239.8
07.29.2002-09:00:00,07,29,2002,09,2120.2
07.29.2002-12:00:00,07,29,2002,12,2072.2
07.29.2002-15:00:00,07,29,2002,15,2117.7
07.29.2002-18:00:00,07,29,2002,18,2233.7
07.29.2002-21:00:00,07,29,2002,21,2419.1
07.30.2002-00:00:00,07,30,2002,00,2477.7
07.30.2002-03:00:00,07,30,2002,03,2406
07.30.2002-06:00:00,07,30,2002,06,2158.7
07.30.2002-09:00:00,07,30,2002,09,1923.3
07.30.2002-12:00:00,07,30,2002,12,1835.4
07.30.2002-15:00:00,07,30,2002,15,1913.6
07.30.2002-18:00:00,07,30,2002,18,2092
07.30.2002-21:00:00,07,30,2002,21,2308.9
07.31.2002-00:00:00,07,31,2002,00,2391.7
07.31.2002-03:00:00,07,31,2002,03,2373.6
07.31.2002-06:00:00,07,31,2002,06,2088.6
07.31.2002-09:00:00,07,31,2002,09,1798.6
07.31.2002-12:00:00,07,31,2002,12,1704.5
07.31.2002-15:00:00,07,31,2002,15,1788.1
07.31.2002-18:00:00,07,31,2002,18,2033.6
07.31.2002-21:00:00,07,31,2002,21,2244.4
08.01.2002-00:00:00,08,01,2002,00,2321.6
08.01.2002-03:00:00,08,01,2002,03,2339.8
08.01.2002-06:00:00,08,01,2002,06,2100.5
08.01.2002-09:00:00,08,01,2002,09,1719.5
08.01.2002-12:00:00,08,01,2002,12,1680.5
08.01.2002-15:00:00,08,01,2002,15,1768.7
08.01.2002-18:00:00,08,01,2002,18,2021.2
08.01.2002-21:00:00,08,01,2002,21,2189.7
08.02.2002-00:00:00,08,02,2002,00,2285.7
08.02.2002-03:00:00,08,02,2002,03,2244.2
08.02.2002-06:00:00,08,02,2002,06,1999.1
08.02.2002-09:00:00,08,02,2002,09,1679.5
08.02.2002-12:00:00,08,02,2002,12,1627.3
08.02.2002-15:00:00,08,02,2002,15,1730.9
08.02.2002-18:00:00,08,02,2002,18,1957.1
08.02.2002-21:00:00,08,02,2002,21,2162.9
08.03.2002-00:00:00,08,03,2002,00,2246.2
08.03.2002-03:00:00,08,03,2002,03,2270
08.03.2002-06:00:00,08,03,2002,06,2070.5
08.03.2002-09:00:00,08,03,2002,09,1701.5
08.03.2002-12:00:00,08,03,2002,12,1660.6
08.03.2002-15:00:00,08,03,2002,15,1759.9
08.03.2002-18:00:00,08,03,2002,18,1988.4
08.03.2002-21:00:00,08,03,2002,21,2154.3
08.04.2002-00:00:00,08,04,2002,00,2250.4
08.04.2002-03:00:00,08,04,2002,03,2179.6
08.04.2002-06:00:00,08,04,2002,06,1962.2
08.04.2002-09:00:00,08,04,2002,09,1677.6
08.04.2002-12:00:00,08,04,2002,12,1617.6
08.04.2002-15:00:00,08,04,2002,15,1725
08.04.2002-18:00:00,08,04,2002,18,1927.2
08.04.2002-21:00:00,08,04,2002,21,2132.8
08.05.2002-00:00:00,08,05,2002,00,2206.2
08.05.2002-03:00:00,08,05,2002,03,2241.1
08.05.2002-06:00:00,08,05,2002,06,2059.6
08.05.2002-09:00:00,08,05,2002,09,1707.5
08.05.2002-12:00:00,08,05,2002,12,1660
08.05.2002-15:00:00,08,05,2002,15,1749.8
08.05.2002-18:00:00,08,05,2002,18,1983.9
08.05.2002-21:00:00,08,05,2002,21,2127.5
08.06.2002-00:00:00,08,06,2002,00,2208.1
08.06.2002-03:00:00,08,06,2002,03,2199.2
08.06.2002-06:00:00,08,06,2002,06,2028.6
08.06.2002-09:00:00,08,06,2002,09,1772.7
08.06.2002-12:00:00,08,06,2002,12,1720.4
08.06.2002-15:00:00,08,06,2002,15,1846.3
08.06.2002-18:00:00,08,06,2002,18,2034
08.06.2002-21:00:00,08,06,2002,21,2211.9
08.07.2002-00:00:00,08,07,2002,00,2258.2
08.07.2002-03:00:00,08,07,2002,03,2224.7
08.07.2002-06:00:00,08,07,2002,06,2023.9
08.07.2002-09:00:00,08,07,2002,09,1670.5
08.07.2002-12:00:00,08,07,2002,12,1627.6
08.07.2002-15:00:00,08,07,2002,15,1688.1
08.07.2002-18:00:00,08,07,2002,18,1932.4
08.07.2002-21:00:00,08,07,2002,21,2070.3
08.08.2002-00:00:00,08,08,2002,00,2150.4
08.08.2002-03:00:00,08,08,2002,03,2114.3
08.08.2002-06:00:00,08,08,2002,06,1844.3
08.08.2002-09:00:00,08,08,2002,09,1500
08.08.2002-12:00:00,08,08,2002,12,1471.2
08.08.2002-15:00:00,08,08,2002,15,1580.9
08.08.2002-18:00:00,08,08,2002,18,1780.8
08.08.2002-21:00:00,08,08,2002,21,1965
08.09.2002-00:00:00,08,09,2002,00,2046.9
08.09.2002-03:00:00,08,09,2002,03,1989.3
08.09.2002-06:00:00,08,09,2002,06,1744
08.09.2002-09:00:00,08,09,2002,09,1437
08.09.2002-12:00:00,08,09,2002,12,1438.5
08.09.2002-15:00:00,08,09,2002,15,1520.8
08.09.2002-18:00:00,08,09,2002,18,1716.3
08.09.2002-21:00:00,08,09,2002,21,1914.8
08.10.2002-00:00:00,08,10,2002,00,1994.1
08.10.2002-03:00:00,08,10,2002,03,1942.7
08.10.2002-06:00:00,08,10,2002,06,1688
08.10.2002-09:00:00,08,10,2002,09,1434.2
08.10.2002-12:00:00,08,10,2002,12,1404.1
08.10.2002-15:00:00,08,10,2002,15,1496
08.10.2002-18:00:00,08,10,2002,18,1682.7
08.10.2002-21:00:00,08,10,2002,21,1890.5
08.11.2002-00:00:00,08,11,2002,00,1963.7
08.11.2002-03:00:00,08,11,2002,03,1948.2
08.11.2002-06:00:00,08,11,2002,06,1677.8
08.11.2002-09:00:00,08,11,2002,09,1393.5
08.11.2002-12:00:00,08,11,2002,12,1357.5
08.11.2002-15:00:00,08,11,2002,15,1474.2
08.11.2002-18:00:00,08,11,2002,18,1662.6
08.11.2002-21:00:00,08,11,2002,21,1848.4
08.12.2002-00:00:00,08,12,2002,00,1923.3
08.12.2002-03:00:00,08,12,2002,03,1899.3
08.12.2002-06:00:00,08,12,2002,06,1624.3
08.12.2002-09:00:00,08,12,2002,09,1337.1
08.12.2002-12:00:00,08,12,2002,12,1333.7
08.12.2002-15:00:00,08,12,2002,15,1436.9
08.12.2002-18:00:00,08,12,2002,18,1627.2
08.12.2002-21:00:00,08,12,2002,21,1805.5
08.13.2002-00:00:00,08,13,2002,00,1869.4
08.13.2002-03:00:00,08,13,2002,03,1842.1
08.13.2002-06:00:00,08,13,2002,06,1529
08.13.2002-09:00:00,08,13,2002,09,1358.4
08.13.2002-12:00:00,08,13,2002,12,1501.4
08.13.2002-15:00:00,08,13,2002,15,1448.1
08.13.2002-18:00:00,08,13,2002,18,1609.5
08.13.2002-21:00:00,08,13,2002,21,1775.6
08.14.2002-00:00:00,08,14,2002,00,1828.9
08.14.2002-03:00:00,08,14,2002,03,1765.5
08.14.2002-06:00:00,08,14,2002,06,1511.4
08.14.2002-09:00:00,08,14,2002,09,1317.3
08.14.2002-12:00:00,08,14,2002,12,1314.9
08.14.2002-15:00:00,08,14,2002,15,1392
08.14.2002-18:00:00,08,14,2002,18,1559.8
08.14.2002-21:00:00,08,14,2002,21,1757.8
08.15.2002-00:00:00,08,15,2002,00,1839.6
08.15.2002-03:00:00,08,15,2002,03,1805.5
08.15.2002-06:00:00,08,15,2002,06,1539.6
08.15.2002-09:00:00,08,15,2002,09,1276.1
08.15.2002-12:00:00,08,15,2002,12,1262
08.15.2002-15:00:00,08,15,2002,15,1362.2
08.15.2002-18:00:00,08,15,2002,18,1565.5
08.15.2002-21:00:00,08,15,2002,21,1734.1
08.16.2002-00:00:00,08,16,2002,00,1789.4
08.16.2002-03:00:00,08,16,2002,03,1766.7
08.16.2002-06:00:00,08,16,2002,06,1506.4
08.16.2002-09:00:00,08,16,2002,09,1236.5
08.16.2002-12:00:00,08,16,2002,12,1209.9
08.16.2002-15:00:00,08,16,2002,15,1329.2
08.16.2002-18:00:00,08,16,2002,18,1545
08.16.2002-21:00:00,08,16,2002,21,1722.8
08.17.2002-00:00:00,08,17,2002,00,1779.2
08.17.2002-03:00:00,08,17,2002,03,1816.1
08.17.2002-06:00:00,08,17,2002,06,1609.6
08.17.2002-09:00:00,08,17,2002,09,1271.4
08.17.2002-12:00:00,08,17,2002,12,1251.6
08.17.2002-15:00:00,08,17,2002,15,1372.4
08.17.2002-18:00:00,08,17,2002,18,1584.4
08.17.2002-21:00:00,08,17,2002,21,1727.8
08.18.2002-00:00:00,08,18,2002,00,1782
08.18.2002-03:00:00,08,18,2002,03,1787.9
08.18.2002-06:00:00,08,18,2002,06,1554.2
08.18.2002-09:00:00,08,18,2002,09,1251.3
08.18.2002-12:00:00,08,18,2002,12,1227.4
08.18.2002-15:00:00,08,18,2002,15,1346.7
08.18.2002-18:00:00,08,18,2002,18,1550.5
08.18.2002-21:00:00,08,18,2002,21,1699.5
08.19.2002-00:00:00,08,19,2002,00,1745.9
08.19.2002-03:00:00,08,19,2002,03,1741.1
08.19.2002-06:00:00,08,19,2002,06,1545.2
08.19.2002-09:00:00,08,19,2002,09,1308.5
08.19.2002-12:00:00,08,19,2002,12,1297.2
08.19.2002-15:00:00,08,19,2002,15,1370.6
08.19.2002-18:00:00,08,19,2002,18,1555.2
08.19.2002-21:00:00,08,19,2002,21,1713.4
08.20.2002-00:00:00,08,20,2002,00,1765.8
08.20.2002-03:00:00,08,20,2002,03,1727.8
08.20.2002-06:00:00,08,20,2002,06,1516.4
08.20.2002-09:00:00,08,20,2002,09,1307.9
08.20.2002-12:00:00,08,20,2002,12,1237.1
08.20.2002-15:00:00,08,20,2002,15,1340.3
08.20.2002-18:00:00,08,20,2002,18,1526.8
08.20.2002-21:00:00,08,20,2002,21,1687.2
08.21.2002-00:00:00,08,21,2002,00,1738.7
08.21.2002-03:00:00,08,21,2002,03,1706.5
08.21.2002-06:00:00,08,21,2002,06,1483.2
08.21.2002-09:00:00,08,21,2002,09,1242.2
08.21.2002-12:00:00,08,21,2002,12,1207.5
08.21.2002-15:00:00,08,21,2002,15,1310
08.21.2002-18:00:00,08,21,2002,18,1496.9
08.21.2002-21:00:00,08,21,2002,21,1655.9
08.22.2002-00:00:00,08,22,2002,00,1709
08.22.2002-03:00:00,08,22,2002,03,1685.9
08.22.2002-06:00:00,08,22,2002,06,1458.3
08.22.2002-09:00:00,08,22,2002,09,1201.1
08.22.2002-12:00:00,08,22,2002,12,1168.5
08.22.2002-15:00:00,08,22,2002,15,1278.1
08.22.2002-18:00:00,08,22,2002,18,1474.4
08.22.2002-21:00:00,08,22,2002,21,1633.6
08.23.2002-00:00:00,08,23,2002,00,1680.3
08.23.2002-03:00:00,08,23,2002,03,1666.5
08.23.2002-06:00:00,08,23,2002,06,1418.2
08.23.2002-09:00:00,08,23,2002,09,1145.1
08.23.2002-12:00:00,08,23,2002,12,1113
08.23.2002-15:00:00,08,23,2002,15,1240.8
08.23.2002-18:00:00,08,23,2002,18,1440.1
08.23.2002-21:00:00,08,23,2002,21,1606.2
08.24.2002-00:00:00,08,24,2002,00,1645.9
08.24.2002-03:00:00,08,24,2002,03,1646.2
08.24.2002-06:00:00,08,24,2002,06,1414.9
08.24.2002-09:00:00,08,24,2002,09,1141.7
08.24.2002-12:00:00,08,24,2002,12,1133.1
08.24.2002-15:00:00,08,24,2002,15,1240.1
08.24.2002-18:00:00,08,24,2002,18,1438.1
08.24.2002-21:00:00,08,24,2002,21,1585.8
08.25.2002-00:00:00,08,25,2002,00,1784.3
08.25.2002-03:00:00,08,25,2002,03,1894.1
08.25.2002-06:00:00,08,25,2002,06,1781.8
08.25.2002-09:00:00,08,25,2002,09,1604.1
08.25.2002-12:00:00,08,25,2002,12,1552.1
08.25.2002-15:00:00,08,25,2002,15,1685.5
08.25.2002-18:00:00,08,25,2002,18,1889.8
08.25.2002-21:00:00,08,25,2002,21,2021.4
08.26.2002-00:00:00,08,26,2002,00,1938.1
08.26.2002-03:00:00,08,26,2002,03,1899.7
08.26.2002-06:00:00,08,26,2002,06,1697.2
08.26.2002-09:00:00,08,26,2002,09,1440.6
08.26.2002-12:00:00,08,26,2002,12,1351.4
08.26.2002-15:00:00,08,26,2002,15,1459.7
08.26.2002-18:00:00,08,26,2002,18,1652.3
08.26.2002-21:00:00,08,26,2002,21,1771.6
08.27.2002-00:00:00,08,27,2002,00,1736.5
08.27.2002-03:00:00,08,27,2002,03,1698.3
08.27.2002-06:00:00,08,27,2002,06,1453.6
08.27.2002-09:00:00,08,27,2002,09,1163.4
08.27.2002-12:00:00,08,27,2002,12,1129
08.27.2002-15:00:00,08,27,2002,15,1196.7
08.27.2002-18:00:00,08,27,2002,18,1401.9
08.27.2002-21:00:00,08,27,2002,21,1562.4
08.28.2002-00:00:00,08,28,2002,00,1610.7
08.28.2002-03:00:00,08,28,2002,03,1607.4
08.28.2002-06:00:00,08,28,2002,06,1373
08.28.2002-09:00:00,08,28,2002,09,1118.6
08.28.2002-12:00:00,08,28,2002,12,1108.5
08.28.2002-15:00:00,08,28,2002,15,1197.1
08.28.2002-18:00:00,08,28,2002,18,1382.6
08.28.2002-21:00:00,08,28,2002,21,1543.3
08.29.2002-00:00:00,08,29,2002,00,1581.2
08.29.2002-03:00:00,08,29,2002,03,1565.8
08.29.2002-06:00:00,08,29,2002,06,1365.6
08.29.2002-09:00:00,08,29,2002,09,1136.8
08.29.2002-12:00:00,08,29,2002,12,1116.5
08.29.2002-15:00:00,08,29,2002,15,1205.9
08.29.2002-18:00:00,08,29,2002,18,1388.9
08.29.2002-21:00:00,08,29,2002,21,1533.2
08.30.2002-00:00:00,08,30,2002,00,1590
08.30.2002-03:00:00,08,30,2002,03,1563.5
08.30.2002-06:00:00,08,30,2002,06,1346.8
08.30.2002-09:00:00,08,30,2002,09,1123.6
08.30.2002-12:00:00,08,30,2002,12,1087.9
08.30.2002-15:00:00,08,30,2002,15,1166.6
08.30.2002-18:00:00,08,30,2002,18,1358.7
08.30.2002-21:00:00,08,30,2002,21,1523.7
08.31.2002-00:00:00,08,31,2002,00,1578.7
08.31.2002-03:00:00,08,31,2002,03,1579.3
08.31.2002-06:00:00,08,31,2002,06,1387.1
08.31.2002-09:00:00,08,31,2002,09,1154.5
08.31.2002-12:00:00,08,31,2002,12,1123
08.31.2002-15:00:00,08,31,2002,15,1207.9
08.31.2002-18:00:00,08,31,2002,18,1391.4
08.31.2002-21:00:00,08,31,2002,21,1534.6
09.01.2002-00:00:00,09,01,2002,00,1548.4
09.01.2002-03:00:00,09,01,2002,03,1508.9
09.01.2002-06:00:00,09,01,2002,06,1373
09.01.2002-09:00:00,09,01,2002,09,1236.4
09.01.2002-12:00:00,09,01,2002,12,1215.5
09.01.2002-15:00:00,09,01,2002,15,1266
09.01.2002-18:00:00,09,01,2002,18,1400.8
09.01.2002-21:00:00,09,01,2002,21,1540.4
09.02.2002-00:00:00,09,02,2002,00,1583.6
09.02.2002-03:00:00,09,02,2002,03,1579.9
09.02.2002-06:00:00,09,02,2002,06,1420.9
09.02.2002-09:00:00,09,02,2002,09,1146.8
09.02.2002-12:00:00,09,02,2002,12,1130.8
09.02.2002-15:00:00,09,02,2002,15,1231
09.02.2002-18:00:00,09,02,2002,18,1405.7
09.02.2002-21:00:00,09,02,2002,21,1532
09.03.2002-00:00:00,09,03,2002,00,1562.8
09.03.2002-03:00:00,09,03,2002,03,1555.6
09.03.2002-06:00:00,09,03,2002,06,1404.4
09.03.2002-09:00:00,09,03,2002,09,1208.4
09.03.2002-12:00:00,09,03,2002,12,1146.7
09.03.2002-15:00:00,09,03,2002,15,1255.3
09.03.2002-18:00:00,09,03,2002,18,1426.8
09.03.2002-21:00:00,09,03,2002,21,1543.9
09.04.2002-00:00:00,09,04,2002,00,1576.4
09.04.2002-03:00:00,09,04,2002,03,1591.8
09.04.2002-06:00:00,09,04,2002,06,1474
09.04.2002-09:00:00,09,04,2002,09,1177.3
09.04.2002-12:00:00,09,04,2002,12,1146.3
09.04.2002-15:00:00,09,04,2002,15,1266.5
09.04.2002-18:00:00,09,04,2002,18,1449
09.04.2002-21:00:00,09,04,2002,21,1545.5
09.05.2002-00:00:00,09,05,2002,00,1585.9
09.05.2002-03:00:00,09,05,2002,03,1611.5
09.05.2002-06:00:00,09,05,2002,06,1540
09.05.2002-09:00:00,09,05,2002,09,1205.1
09.05.2002-12:00:00,09,05,2002,12,1161
09.05.2002-15:00:00,09,05,2002,15,1289.1
09.05.2002-18:00:00,09,05,2002,18,1480.1
09.05.2002-21:00:00,09,05,2002,21,1571.8
09.06.2002-00:00:00,09,06,2002,00,1578.8
09.06.2002-03:00:00,09,06,2002,03,1618.2
09.06.2002-06:00:00,09,06,2002,06,1517.4
09.06.2002-09:00:00,09,06,2002,09,1187.4
09.06.2002-12:00:00,09,06,2002,12,1146.7
09.06.2002-15:00:00,09,06,2002,15,1276.4
09.06.2002-18:00:00,09,06,2002,18,1454.4
09.06.2002-21:00:00,09,06,2002,21,1540.9
09.07.2002-00:00:00,09,07,2002,00,1607.2
09.07.2002-03:00:00,09,07,2002,03,1612.9
09.07.2002-06:00:00,09,07,2002,06,1689.8
09.07.2002-09:00:00,09,07,2002,09,1349.9
09.07.2002-12:00:00,09,07,2002,12,1269
09.07.2002-15:00:00,09,07,2002,15,1401.3
09.07.2002-18:00:00,09,07,2002,18,1573.9
09.07.2002-21:00:00,09,07,2002,21,1643
09.08.2002-00:00:00,09,08,2002,00,1607
09.08.2002-03:00:00,09,08,2002,03,1633.8
09.08.2002-06:00:00,09,08,2002,06,1601
09.08.2002-09:00:00,09,08,2002,09,1328.3
09.08.2002-12:00:00,09,08,2002,12,1243.5
09.08.2002-15:00:00,09,08,2002,15,1353.6
09.08.2002-18:00:00,09,08,2002,18,1487.7
09.08.2002-21:00:00,09,08,2002,21,1580.2
09.09.2002-00:00:00,09,09,2002,00,1592.7
09.09.2002-03:00:00,09,09,2002,03,1578.1
09.09.2002-06:00:00,09,09,2002,06,1434.4
09.09.2002-09:00:00,09,09,2002,09,1128.2
09.09.2002-12:00:00,09,09,2002,12,1088.8
09.09.2002-15:00:00,09,09,2002,15,1205.8
09.09.2002-18:00:00,09,09,2002,18,1379.5
09.09.2002-21:00:00,09,09,2002,21,1488.9
09.10.2002-00:00:00,09,10,2002,00,1520.3
09.10.2002-03:00:00,09,10,2002,03,1546.3
09.10.2002-06:00:00,09,10,2002,06,1413.6
09.10.2002-09:00:00,09,10,2002,09,1075.2
09.10.2002-12:00:00,09,10,2002,12,1055.8
09.10.2002-15:00:00,09,10,2002,15,1177.3
09.10.2002-18:00:00,09,10,2002,18,1349.1
09.10.2002-21:00:00,09,10,2002,21,1460.9
09.11.2002-00:00:00,09,11,2002,00,1489.3
09.11.2002-03:00:00,09,11,2002,03,1514.8
09.11.2002-06:00:00,09,11,2002,06,1345.3
09.11.2002-09:00:00,09,11,2002,09,1050
09.11.2002-12:00:00,09,11,2002,12,1036.7
09.11.2002-15:00:00,09,11,2002,15,1139.8
09.11.2002-18:00:00,09,11,2002,18,1314.1
09.11.2002-21:00:00,09,11,2002,21,1429.3
09.12.2002-00:00:00,09,12,2002,00,1461.9
09.12.2002-03:00:00,09,12,2002,03,1491.1
09.12.2002-06:00:00,09,12,2002,06,1330
09.12.2002-09:00:00,09,12,2002,09,1031.5
09.12.2002-12:00:00,09,12,2002,12,1034.9
09.12.2002-15:00:00,09,12,2002,15,1129.9
09.12.2002-18:00:00,09,12,2002,18,1302.8
09.12.2002-21:00:00,09,12,2002,21,1409
09.13.2002-00:00:00,09,13,2002,00,1438.6
09.13.2002-03:00:00,09,13,2002,03,1457.8
09.13.2002-06:00:00,09,13,2002,06,1271.4
09.13.2002-09:00:00,09,13,2002,09,997.18
09.13.2002-12:00:00,09,13,2002,12,1002.1
09.13.2002-15:00:00,09,13,2002,15,1091.8
09.13.2002-18:00:00,09,13,2002,18,1262.2
09.13.2002-21:00:00,09,13,2002,21,1384.5
09.14.2002-00:00:00,09,14,2002,00,1423.6
09.14.2002-03:00:00,09,14,2002,03,1452.7
09.14.2002-06:00:00,09,14,2002,06,1316.5
09.14.2002-09:00:00,09,14,2002,09,1008.8
09.14.2002-12:00:00,09,14,2002,12,994.94
09.14.2002-15:00:00,09,14,2002,15,1107.7
09.14.2002-18:00:00,09,14,2002,18,1282.2
09.14.2002-21:00:00,09,14,2002,21,1385.1
09.15.2002-00:00:00,09,15,2002,00,1416.4
09.15.2002-03:00:00,09,15,2002,03,1439.5
09.15.2002-06:00:00,09,15,2002,06,1290.6
09.15.2002-09:00:00,09,15,2002,09,1036.9
09.15.2002-12:00:00,09,15,2002,12,1018.8
09.15.2002-15:00:00,09,15,2002,15,1112.5
09.15.2002-18:00:00,09,15,2002,18,1263.7
09.15.2002-21:00:00,09,15,2002,21,1373.2
09.16.2002-00:00:00,09,16,2002,00,1394.3
09.16.2002-03:00:00,09,16,2002,03,1425
09.16.2002-06:00:00,09,16,2002,06,1259
09.16.2002-09:00:00,09,16,2002,09,1042.9
09.16.2002-12:00:00,09,16,2002,12,1008.9
09.16.2002-15:00:00,09,16,2002,15,1109.8
09.16.2002-18:00:00,09,16,2002,18,1261.9
09.16.2002-21:00:00,09,16,2002,21,1369.2
09.17.2002-00:00:00,09,17,2002,00,1393.1
09.17.2002-03:00:00,09,17,2002,03,1424.8
09.17.2002-06:00:00,09,17,2002,06,1297.5
09.17.2002-09:00:00,09,17,2002,09,1112.3
09.17.2002-12:00:00,09,17,2002,12,1081.1
09.17.2002-15:00:00,09,17,2002,15,1168.7
09.17.2002-18:00:00,09,17,2002,18,1310.5
09.17.2002-21:00:00,09,17,2002,21,1392.6
09.18.2002-00:00:00,09,18,2002,00,1415.6
09.18.2002-03:00:00,09,18,2002,03,1439.6
09.18.2002-06:00:00,09,18,2002,06,1328.2
09.18.2002-09:00:00,09,18,2002,09,1082.5
09.18.2002-12:00:00,09,18,2002,12,1038.9
09.18.2002-15:00:00,09,18,2002,15,1163.3
09.18.2002-18:00:00,09,18,2002,18,1323.1
09.18.2002-21:00:00,09,18,2002,21,1392.2
09.19.2002-00:00:00,09,19,2002,00,1412.3
09.19.2002-03:00:00,09,19,2002,03,1437.4
09.19.2002-06:00:00,09,19,2002,06,1336.2
09.19.2002-09:00:00,09,19,2002,09,1041.1
09.19.2002-12:00:00,09,19,2002,12,1005.6
09.19.2002-15:00:00,09,19,2002,15,1127.2
09.19.2002-18:00:00,09,19,2002,18,1292.1
09.19.2002-21:00:00,09,19,2002,21,1375.6
09.20.2002-00:00:00,09,20,2002,00,1393.2
09.20.2002-03:00:00,09,20,2002,03,1422.1
09.20.2002-06:00:00,09,20,2002,06,1335.8
09.20.2002-09:00:00,09,20,2002,09,1051.9
09.20.2002-12:00:00,09,20,2002,12,1004.9
09.20.2002-15:00:00,09,20,2002,15,1139.1
09.20.2002-18:00:00,09,20,2002,18,1306.1
09.20.2002-21:00:00,09,20,2002,21,1377.3
09.21.2002-00:00:00,09,21,2002,00,1394.5
09.21.2002-03:00:00,09,21,2002,03,1422.6
09.21.2002-06:00:00,09,21,2002,06,1383.3
09.21.2002-09:00:00,09,21,2002,09,1066.5
09.21.2002-12:00:00,09,21,2002,12,1016.4
09.21.2002-15:00:00,09,21,2002,15,1146.2
09.21.2002-18:00:00,09,21,2002,18,1310.8
09.21.2002-21:00:00,09,21,2002,21,1373.7
09.22.2002-00:00:00,09,22,2002,00,1389.5
09.22.2002-03:00:00,09,22,2002,03,1412.5
09.22.2002-06:00:00,09,22,2002,06,1357.2
09.22.2002-09:00:00,09,22,2002,09,1019.6
09.22.2002-12:00:00,09,22,2002,12,971.24
09.22.2002-15:00:00,09,22,2002,15,1109.9
09.22.2002-18:00:00,09,22,2002,18,1270.7
09.22.2002-21:00:00,09,22,2002,21,1354.3
09.23.2002-00:00:00,09,23,2002,00,1367.7
09.23.2002-03:00:00,09,23,2002,03,1396.1
09.23.2002-06:00:00,09,23,2002,06,1314.7
09.23.2002-09:00:00,09,23,2002,09,992.15
09.23.2002-12:00:00,09,23,2002,12,952.56
09.23.2002-15:00:00,09,23,2002,15,1082.2
09.23.2002-18:00:00,09,23,2002,18,1237.9
09.23.2002-21:00:00,09,23,2002,21,1325.4
09.24.2002-00:00:00,09,24,2002,00,1343.9
09.24.2002-03:00:00,09,24,2002,03,1365.4
09.24.2002-06:00:00,09,24,2002,06,1262
09.24.2002-09:00:00,09,24,2002,09,1022.6
09.24.2002-12:00:00,09,24,2002,12,984.96
09.24.2002-15:00:00,09,24,2002,15,1091.7
09.24.2002-18:00:00,09,24,2002,18,1254
09.24.2002-21:00:00,09,24,2002,21,1325.8
09.25.2002-00:00:00,09,25,2002,00,1338.5
09.25.2002-03:00:00,09,25,2002,03,1369.5
09.25.2002-06:00:00,09,25,2002,06,1262.7
09.25.2002-09:00:00,09,25,2002,09,972.56
09.25.2002-12:00:00,09,25,2002,12,937.43
09.25.2002-15:00:00,09,25,2002,15,1060.1
09.25.2002-18:00:00,09,25,2002,18,1215.6
09.25.2002-21:00:00,09,25,2002,21,1298.4
09.26.2002-00:00:00,09,26,2002,00,1334.3
09.26.2002-03:00:00,09,26,2002,03,1338.4
09.26.2002-06:00:00,09,26,2002,06,1297.4
09.26.2002-09:00:00,09,26,2002,09,1073.5
09.26.2002-12:00:00,09,26,2002,12,1046
09.26.2002-15:00:00,09,26,2002,15,1143.9
09.26.2002-18:00:00,09,26,2002,18,1294.7
09.26.2002-21:00:00,09,26,2002,21,1314.7
09.27.2002-00:00:00,09,27,2002,00,1349.7
09.27.2002-03:00:00,09,27,2002,03,1348.3
09.27.2002-06:00:00,09,27,2002,06,1261.5
09.27.2002-09:00:00,09,27,2002,09,994.22
09.27.2002-12:00:00,09,27,2002,12,969.31
09.27.2002-15:00:00,09,27,2002,15,1073.5
09.27.2002-18:00:00,09,27,2002,18,1253.4
09.27.2002-21:00:00,09,27,2002,21,1301.3
09.28.2002-00:00:00,09,28,2002,00,1329.2
09.28.2002-03:00:00,09,28,2002,03,1340
09.28.2002-06:00:00,09,28,2002,06,1307.6
09.28.2002-09:00:00,09,28,2002,09,999.7
09.28.2002-12:00:00,09,28,2002,12,966.13
09.28.2002-15:00:00,09,28,2002,15,1082.1
09.28.2002-18:00:00,09,28,2002,18,1254.1
09.28.2002-21:00:00,09,28,2002,21,1294.3
09.29.2002-00:00:00,09,29,2002,00,1315.8
09.29.2002-03:00:00,09,29,2002,03,1323
09.29.2002-06:00:00,09,29,2002,06,1270.1
09.29.2002-09:00:00,09,29,2002,09,1080.8
09.29.2002-12:00:00,09,29,2002,12,1054.8
09.29.2002-15:00:00,09,29,2002,15,1138.4
09.29.2002-18:00:00,09,29,2002,18,1276.5
09.29.2002-21:00:00,09,29,2002,21,1299.7
09.30.2002-00:00:00,09,30,2002,00,1325.8
09.30.2002-03:00:00,09,30,2002,03,1327.3
09.30.2002-06:00:00,09,30,2002,06,1282.5
09.30.2002-09:00:00,09,30,2002,09,1119.4
09.30.2002-12:00:00,09,30,2002,12,1090.8
09.30.2002-15:00:00,09,30,2002,15,1171.8
09.30.2002-18:00:00,09,30,2002,18,1290.7
09.30.2002-21:00:00,09,30,2002,21,1314.7
