TIMESTAMP,MONTH,DAY,YEAR,HOUR,C
10.01.2001-00:00:00,10,01,2001,00,93.806
10.01.2001-03:00:00,10,01,2001,03,96.664
10.01.2001-06:00:00,10,01,2001,06,80.418
10.01.2001-09:00:00,10,01,2001,09,50.348
10.01.2001-12:00:00,10,01,2001,12,44.719
10.01.2001-15:00:00,10,01,2001,15,33.95
10.01.2001-18:00:00,10,01,2001,18,40.733
10.01.2001-21:00:00,10,01,2001,21,43.129
10.02.2001-00:00:00,10,02,2001,00,44.808
10.02.2001-03:00:00,10,02,2001,03,46.203
10.02.2001-06:00:00,10,02,2001,06,41.693
10.02.2001-09:00:00,10,02,2001,09,35.272
10.02.2001-12:00:00,10,02,2001,12,32.729
10.02.2001-15:00:00,10,02,2001,15,30.697
10.02.2001-18:00:00,10,02,2001,18,41.6
10.02.2001-21:00:00,10,02,2001,21,41.412
10.03.2001-00:00:00,10,03,2001,00,43.703
10.03.2001-03:00:00,10,03,2001,03,42.396
10.03.2001-06:00:00,10,03,2001,06,41.156
10.03.2001-09:00:00,10,03,2001,09,35.014
10.03.2001-12:00:00,10,03,2001,12,32.045
10.03.2001-15:00:00,10,03,2001,15,30.585
10.03.2001-18:00:00,10,03,2001,18,36.66
10.03.2001-21:00:00,10,03,2001,21,37.193
10.04.2001-00:00:00,10,04,2001,00,38.259
10.04.2001-03:00:00,10,04,2001,03,40.745
10.04.2001-06:00:00,10,04,2001,06,40.337
10.04.2001-09:00:00,10,04,2001,09,35.154
10.04.2001-12:00:00,10,04,2001,12,32.051
10.04.2001-15:00:00,10,04,2001,15,30.515
10.04.2001-18:00:00,10,04,2001,18,33.77
10.04.2001-21:00:00,10,04,2001,21,36.291
10.05.2001-00:00:00,10,05,2001,00,38.209
10.05.2001-03:00:00,10,05,2001,03,41.191
10.05.2001-06:00:00,10,05,2001,06,40.219
10.05.2001-09:00:00,10,05,2001,09,34.998
10.05.2001-12:00:00,10,05,2001,12,31.763
10.05.2001-15:00:00,10,05,2001,15,30.461
10.05.2001-18:00:00,10,05,2001,18,35.144
10.05.2001-21:00:00,10,05,2001,21,36.514
10.06.2001-00:00:00,10,06,2001,00,40.018
10.06.2001-03:00:00,10,06,2001,03,41.275
10.06.2001-06:00:00,10,06,2001,06,41.15
10.06.2001-09:00:00,10,06,2001,09,35.618
10.06.2001-12:00:00,10,06,2001,12,31.823
10.06.2001-15:00:00,10,06,2001,15,30.575
10.06.2001-18:00:00,10,06,2001,18,35.603
10.06.2001-21:00:00,10,06,2001,21,37.195
10.07.2001-00:00:00,10,07,2001,00,40.367
10.07.2001-03:00:00,10,07,2001,03,41.205
10.07.2001-06:00:00,10,07,2001,06,41.148
10.07.2001-09:00:00,10,07,2001,09,35.604
10.07.2001-12:00:00,10,07,2001,12,31.786
10.07.2001-15:00:00,10,07,2001,15,30.843
10.07.2001-18:00:00,10,07,2001,18,35.573
10.07.2001-21:00:00,10,07,2001,21,37.514
10.08.2001-00:00:00,10,08,2001,00,40.487
10.08.2001-03:00:00,10,08,2001,03,41.312
10.08.2001-06:00:00,10,08,2001,06,41.78
10.08.2001-09:00:00,10,08,2001,09,36.554
10.08.2001-12:00:00,10,08,2001,12,32.801
10.08.2001-15:00:00,10,08,2001,15,33.423
10.08.2001-18:00:00,10,08,2001,18,38.626
10.08.2001-21:00:00,10,08,2001,21,40.976
10.09.2001-00:00:00,10,09,2001,00,41.393
10.09.2001-03:00:00,10,09,2001,03,41.683
10.09.2001-06:00:00,10,09,2001,06,40.785
10.09.2001-09:00:00,10,09,2001,09,36.282
10.09.2001-12:00:00,10,09,2001,12,32.647
10.09.2001-15:00:00,10,09,2001,15,33.232
10.09.2001-18:00:00,10,09,2001,18,38.169
10.09.2001-21:00:00,10,09,2001,21,40.868
10.10.2001-00:00:00,10,10,2001,00,41.432
10.10.2001-03:00:00,10,10,2001,03,41.78
10.10.2001-06:00:00,10,10,2001,06,41.955
10.10.2001-09:00:00,10,10,2001,09,85.755
10.10.2001-12:00:00,10,10,2001,12,143.94
10.10.2001-15:00:00,10,10,2001,15,116.64
10.10.2001-18:00:00,10,10,2001,18,115.78
10.10.2001-21:00:00,10,10,2001,21,98.478
10.11.2001-00:00:00,10,11,2001,00,83.939
10.11.2001-03:00:00,10,11,2001,03,81.655
10.11.2001-06:00:00,10,11,2001,06,69.271
10.11.2001-09:00:00,10,11,2001,09,62.91
10.11.2001-12:00:00,10,11,2001,12,68.84
10.11.2001-15:00:00,10,11,2001,15,90.686
10.11.2001-18:00:00,10,11,2001,18,91.033
10.11.2001-21:00:00,10,11,2001,21,79.751
10.12.2001-00:00:00,10,12,2001,00,61.316
10.12.2001-03:00:00,10,12,2001,03,55.716
10.12.2001-06:00:00,10,12,2001,06,51.863
10.12.2001-09:00:00,10,12,2001,09,49.334
10.12.2001-12:00:00,10,12,2001,12,77.299
10.12.2001-15:00:00,10,12,2001,15,71.008
10.12.2001-18:00:00,10,12,2001,18,76.274
10.12.2001-21:00:00,10,12,2001,21,71.982
10.13.2001-00:00:00,10,13,2001,00,71.274
10.13.2001-03:00:00,10,13,2001,03,60.591
10.13.2001-06:00:00,10,13,2001,06,62.34
10.13.2001-09:00:00,10,13,2001,09,82.209
10.13.2001-12:00:00,10,13,2001,12,123.68
10.13.2001-15:00:00,10,13,2001,15,68.502
10.13.2001-18:00:00,10,13,2001,18,100.14
10.13.2001-21:00:00,10,13,2001,21,100.71
10.14.2001-00:00:00,10,14,2001,00,82.374
10.14.2001-03:00:00,10,14,2001,03,76.558
10.14.2001-06:00:00,10,14,2001,06,82.375
10.14.2001-09:00:00,10,14,2001,09,74.013
10.14.2001-12:00:00,10,14,2001,12,104.05
10.14.2001-15:00:00,10,14,2001,15,98.85
10.14.2001-18:00:00,10,14,2001,18,110.4
10.14.2001-21:00:00,10,14,2001,21,85.87
10.15.2001-00:00:00,10,15,2001,00,97.043
10.15.2001-03:00:00,10,15,2001,03,100.15
10.15.2001-06:00:00,10,15,2001,06,76.296
10.15.2001-09:00:00,10,15,2001,09,65.638
10.15.2001-12:00:00,10,15,2001,12,91.283
10.15.2001-15:00:00,10,15,2001,15,103.61
10.15.2001-18:00:00,10,15,2001,18,102.74
10.15.2001-21:00:00,10,15,2001,21,103.77
10.16.2001-00:00:00,10,16,2001,00,108.97
10.16.2001-03:00:00,10,16,2001,03,82.162
10.16.2001-06:00:00,10,16,2001,06,75.468
10.16.2001-09:00:00,10,16,2001,09,63.441
10.16.2001-12:00:00,10,16,2001,12,75.399
10.16.2001-15:00:00,10,16,2001,15,60.652
10.16.2001-18:00:00,10,16,2001,18,58.857
10.16.2001-21:00:00,10,16,2001,21,61.921
10.17.2001-00:00:00,10,17,2001,00,61.09
10.17.2001-03:00:00,10,17,2001,03,55.315
10.17.2001-06:00:00,10,17,2001,06,53.166
10.17.2001-09:00:00,10,17,2001,09,42.844
10.17.2001-12:00:00,10,17,2001,12,54.821
10.17.2001-15:00:00,10,17,2001,15,36.987
10.17.2001-18:00:00,10,17,2001,18,38.467
10.17.2001-21:00:00,10,17,2001,21,45.557
10.18.2001-00:00:00,10,18,2001,00,51.069
10.18.2001-03:00:00,10,18,2001,03,53.94
10.18.2001-06:00:00,10,18,2001,06,55.432
10.18.2001-09:00:00,10,18,2001,09,49.774
10.18.2001-12:00:00,10,18,2001,12,50.215
10.18.2001-15:00:00,10,18,2001,15,46.008
10.18.2001-18:00:00,10,18,2001,18,49.227
10.18.2001-21:00:00,10,18,2001,21,48.695
10.19.2001-00:00:00,10,19,2001,00,48.717
10.19.2001-03:00:00,10,19,2001,03,48.669
10.19.2001-06:00:00,10,19,2001,06,47.767
10.19.2001-09:00:00,10,19,2001,09,42.688
10.19.2001-12:00:00,10,19,2001,12,48.848
10.19.2001-15:00:00,10,19,2001,15,39.135
10.19.2001-18:00:00,10,19,2001,18,41.699
10.19.2001-21:00:00,10,19,2001,21,44.223
10.20.2001-00:00:00,10,20,2001,00,46.334
10.20.2001-03:00:00,10,20,2001,03,47.859
10.20.2001-06:00:00,10,20,2001,06,46.715
10.20.2001-09:00:00,10,20,2001,09,41.622
10.20.2001-12:00:00,10,20,2001,12,44.904
10.20.2001-15:00:00,10,20,2001,15,37.032
10.20.2001-18:00:00,10,20,2001,18,40.418
10.20.2001-21:00:00,10,20,2001,21,42.014
10.21.2001-00:00:00,10,21,2001,00,43.76
10.21.2001-03:00:00,10,21,2001,03,44.435
10.21.2001-06:00:00,10,21,2001,06,44.815
10.21.2001-09:00:00,10,21,2001,09,39.876
10.21.2001-12:00:00,10,21,2001,12,39.675
10.21.2001-15:00:00,10,21,2001,15,37.86
10.21.2001-18:00:00,10,21,2001,18,41.482
10.21.2001-21:00:00,10,21,2001,21,44.602
10.22.2001-00:00:00,10,22,2001,00,51.431
10.22.2001-03:00:00,10,22,2001,03,45.778
10.22.2001-06:00:00,10,22,2001,06,45.307
10.22.2001-09:00:00,10,22,2001,09,129.34
10.22.2001-12:00:00,10,22,2001,12,219.39
10.22.2001-15:00:00,10,22,2001,15,130.12
10.22.2001-18:00:00,10,22,2001,18,83.645
10.22.2001-21:00:00,10,22,2001,21,67.603
10.23.2001-00:00:00,10,23,2001,00,56.345
10.23.2001-03:00:00,10,23,2001,03,54.392
10.23.2001-06:00:00,10,23,2001,06,51.724
10.23.2001-09:00:00,10,23,2001,09,51.653
10.23.2001-12:00:00,10,23,2001,12,140.89
10.23.2001-15:00:00,10,23,2001,15,108.94
10.23.2001-18:00:00,10,23,2001,18,70.475
10.23.2001-21:00:00,10,23,2001,21,61.935
10.24.2001-00:00:00,10,24,2001,00,57.618
10.24.2001-03:00:00,10,24,2001,03,53.246
10.24.2001-06:00:00,10,24,2001,06,51.908
10.24.2001-09:00:00,10,24,2001,09,51.447
10.24.2001-12:00:00,10,24,2001,12,51.454
10.24.2001-15:00:00,10,24,2001,15,51.905
10.24.2001-18:00:00,10,24,2001,18,52.339
10.24.2001-21:00:00,10,24,2001,21,51.978
10.25.2001-00:00:00,10,25,2001,00,52.529
10.25.2001-03:00:00,10,25,2001,03,51.936
10.25.2001-06:00:00,10,25,2001,06,52.276
10.25.2001-09:00:00,10,25,2001,09,49.826
10.25.2001-12:00:00,10,25,2001,12,48.566
10.25.2001-15:00:00,10,25,2001,15,49.821
10.25.2001-18:00:00,10,25,2001,18,51.938
10.25.2001-21:00:00,10,25,2001,21,51.703
10.26.2001-00:00:00,10,26,2001,00,52.094
10.26.2001-03:00:00,10,26,2001,03,51.68
10.26.2001-06:00:00,10,26,2001,06,52.052
10.26.2001-09:00:00,10,26,2001,09,51.529
10.26.2001-12:00:00,10,26,2001,12,52.662
10.26.2001-15:00:00,10,26,2001,15,52.852
10.26.2001-18:00:00,10,26,2001,18,53.296
10.26.2001-21:00:00,10,26,2001,21,52.867
10.27.2001-00:00:00,10,27,2001,00,53.263
10.27.2001-03:00:00,10,27,2001,03,52.821
10.27.2001-06:00:00,10,27,2001,06,52.945
10.27.2001-09:00:00,10,27,2001,09,47.331
10.27.2001-12:00:00,10,27,2001,12,45.355
10.27.2001-15:00:00,10,27,2001,15,46.619
10.27.2001-18:00:00,10,27,2001,18,51.92
10.27.2001-21:00:00,10,27,2001,21,52.028
10.28.2001-00:00:00,10,28,2001,00,52.65
10.28.2001-03:00:00,10,28,2001,03,52.138
10.28.2001-06:00:00,10,28,2001,06,52.566
10.28.2001-09:00:00,10,28,2001,09,46.832
10.28.2001-12:00:00,10,28,2001,12,44.405
10.28.2001-15:00:00,10,28,2001,15,44.972
10.28.2001-18:00:00,10,28,2001,18,49.896
10.28.2001-21:00:00,10,28,2001,21,51.664
10.29.2001-00:00:00,10,29,2001,00,52.344
10.29.2001-03:00:00,10,29,2001,03,51.747
10.29.2001-06:00:00,10,29,2001,06,52.152
10.29.2001-09:00:00,10,29,2001,09,49.931
10.29.2001-12:00:00,10,29,2001,12,47.365
10.29.2001-15:00:00,10,29,2001,15,51.43
10.29.2001-18:00:00,10,29,2001,18,52.222
10.29.2001-21:00:00,10,29,2001,21,52.215
10.30.2001-00:00:00,10,30,2001,00,52.474
10.30.2001-03:00:00,10,30,2001,03,52.183
10.30.2001-06:00:00,10,30,2001,06,52.425
10.30.2001-09:00:00,10,30,2001,09,50.18
10.30.2001-12:00:00,10,30,2001,12,49.518
10.30.2001-15:00:00,10,30,2001,15,51.117
10.30.2001-18:00:00,10,30,2001,18,52.245
10.30.2001-21:00:00,10,30,2001,21,52.02
10.31.2001-00:00:00,10,31,2001,00,52.275
10.31.2001-03:00:00,10,31,2001,03,51.981
10.31.2001-06:00:00,10,31,2001,06,52.223
10.31.2001-09:00:00,10,31,2001,09,51.679
10.31.2001-12:00:00,10,31,2001,12,51.668
10.31.2001-15:00:00,10,31,2001,15,51.802
10.31.2001-18:00:00,10,31,2001,18,52.169
10.31.2001-21:00:00,10,31,2001,21,51.894
11.01.2001-00:00:00,11,01,2001,00,52.143
11.01.2001-03:00:00,11,01,2001,03,51.843
11.01.2001-06:00:00,11,01,2001,06,52.092
11.01.2001-09:00:00,11,01,2001,09,49.416
11.01.2001-12:00:00,11,01,2001,12,47.941
11.01.2001-15:00:00,11,01,2001,15,50.162
11.01.2001-18:00:00,11,01,2001,18,51.683
11.01.2001-21:00:00,11,01,2001,21,51.571
11.02.2001-00:00:00,11,02,2001,00,51.901
11.02.2001-03:00:00,11,02,2001,03,51.607
11.02.2001-06:00:00,11,02,2001,06,51.855
11.02.2001-09:00:00,11,02,2001,09,47.41
11.02.2001-12:00:00,11,02,2001,12,44.883
11.02.2001-15:00:00,11,02,2001,15,48.065
11.02.2001-18:00:00,11,02,2001,18,50.905
11.02.2001-21:00:00,11,02,2001,21,51.163
11.03.2001-00:00:00,11,03,2001,00,51.472
11.03.2001-03:00:00,11,03,2001,03,51.28
11.03.2001-06:00:00,11,03,2001,06,51.485
11.03.2001-09:00:00,11,03,2001,09,45.6
11.03.2001-12:00:00,11,03,2001,12,43.489
11.03.2001-15:00:00,11,03,2001,15,44.254
11.03.2001-18:00:00,11,03,2001,18,48.838
11.03.2001-21:00:00,11,03,2001,21,50.484
11.04.2001-00:00:00,11,04,2001,00,51.077
11.04.2001-03:00:00,11,04,2001,03,50.397
11.04.2001-06:00:00,11,04,2001,06,50.532
11.04.2001-09:00:00,11,04,2001,09,45.245
11.04.2001-12:00:00,11,04,2001,12,43.029
11.04.2001-15:00:00,11,04,2001,15,54.333
11.04.2001-18:00:00,11,04,2001,18,51.164
11.04.2001-21:00:00,11,04,2001,21,56.896
11.05.2001-00:00:00,11,05,2001,00,53.749
11.05.2001-03:00:00,11,05,2001,03,52.59
11.05.2001-06:00:00,11,05,2001,06,51.006
11.05.2001-09:00:00,11,05,2001,09,45.145
11.05.2001-12:00:00,11,05,2001,12,43.209
11.05.2001-15:00:00,11,05,2001,15,65.076
11.05.2001-18:00:00,11,05,2001,18,59.094
11.05.2001-21:00:00,11,05,2001,21,61.608
11.06.2001-00:00:00,11,06,2001,00,56.786
11.06.2001-03:00:00,11,06,2001,03,51.524
11.06.2001-06:00:00,11,06,2001,06,51.599
11.06.2001-09:00:00,11,06,2001,09,47.75
11.06.2001-12:00:00,11,06,2001,12,44.014
11.06.2001-15:00:00,11,06,2001,15,69.361
11.06.2001-18:00:00,11,06,2001,18,56.134
11.06.2001-21:00:00,11,06,2001,21,54.761
11.07.2001-00:00:00,11,07,2001,00,51.79
11.07.2001-03:00:00,11,07,2001,03,51.333
11.07.2001-06:00:00,11,07,2001,06,50.831
11.07.2001-09:00:00,11,07,2001,09,48.664
11.07.2001-12:00:00,11,07,2001,12,45.543
11.07.2001-15:00:00,11,07,2001,15,53.944
11.07.2001-18:00:00,11,07,2001,18,51.288
11.07.2001-21:00:00,11,07,2001,21,51.363
11.08.2001-00:00:00,11,08,2001,00,50.686
11.08.2001-03:00:00,11,08,2001,03,50.745
11.08.2001-06:00:00,11,08,2001,06,50.689
11.08.2001-09:00:00,11,08,2001,09,50.803
11.08.2001-12:00:00,11,08,2001,12,48.602
11.08.2001-15:00:00,11,08,2001,15,50.31
11.08.2001-18:00:00,11,08,2001,18,50.319
11.08.2001-21:00:00,11,08,2001,21,50.658
11.09.2001-00:00:00,11,09,2001,00,50.499
11.09.2001-03:00:00,11,09,2001,03,50.627
11.09.2001-06:00:00,11,09,2001,06,50.456
11.09.2001-09:00:00,11,09,2001,09,48.516
11.09.2001-12:00:00,11,09,2001,12,45.257
11.09.2001-15:00:00,11,09,2001,15,49.584
11.09.2001-18:00:00,11,09,2001,18,49.854
11.09.2001-21:00:00,11,09,2001,21,50.205
11.10.2001-00:00:00,11,10,2001,00,50.044
11.10.2001-03:00:00,11,10,2001,03,50.246
11.10.2001-06:00:00,11,10,2001,06,50.176
11.10.2001-09:00:00,11,10,2001,09,48.631
11.10.2001-12:00:00,11,10,2001,12,46.409
11.10.2001-15:00:00,11,10,2001,15,49.574
11.10.2001-18:00:00,11,10,2001,18,49.679
11.10.2001-21:00:00,11,10,2001,21,49.93
11.11.2001-00:00:00,11,11,2001,00,49.903
11.11.2001-03:00:00,11,11,2001,03,50.06
11.11.2001-06:00:00,11,11,2001,06,49.903
11.11.2001-09:00:00,11,11,2001,09,47.175
11.11.2001-12:00:00,11,11,2001,12,44.393
11.11.2001-15:00:00,11,11,2001,15,47.648
11.11.2001-18:00:00,11,11,2001,18,49.13
11.11.2001-21:00:00,11,11,2001,21,49.544
11.12.2001-00:00:00,11,12,2001,00,49.425
11.12.2001-03:00:00,11,12,2001,03,49.54
11.12.2001-06:00:00,11,12,2001,06,49.434
11.12.2001-09:00:00,11,12,2001,09,45.766
11.12.2001-12:00:00,11,12,2001,12,42.839
11.12.2001-15:00:00,11,12,2001,15,45.791
11.12.2001-18:00:00,11,12,2001,18,48.711
11.12.2001-21:00:00,11,12,2001,21,51.472
11.13.2001-00:00:00,11,13,2001,00,50.486
11.13.2001-03:00:00,11,13,2001,03,56.303
11.13.2001-06:00:00,11,13,2001,06,54.299
11.13.2001-09:00:00,11,13,2001,09,51.472
11.13.2001-12:00:00,11,13,2001,12,65.487
11.13.2001-15:00:00,11,13,2001,15,132.45
11.13.2001-18:00:00,11,13,2001,18,117.44
11.13.2001-21:00:00,11,13,2001,21,80.929
11.14.2001-00:00:00,11,14,2001,00,65.758
11.14.2001-03:00:00,11,14,2001,03,60.911
11.14.2001-06:00:00,11,14,2001,06,55.779
11.14.2001-09:00:00,11,14,2001,09,52.115
11.14.2001-12:00:00,11,14,2001,12,154.03
11.14.2001-15:00:00,11,14,2001,15,164.34
11.14.2001-18:00:00,11,14,2001,18,139.88
11.14.2001-21:00:00,11,14,2001,21,113.59
11.15.2001-00:00:00,11,15,2001,00,77.961
11.15.2001-03:00:00,11,15,2001,03,59.445
11.15.2001-06:00:00,11,15,2001,06,54.016
11.15.2001-09:00:00,11,15,2001,09,47.8
11.15.2001-12:00:00,11,15,2001,12,46.455
11.15.2001-15:00:00,11,15,2001,15,52.222
11.15.2001-18:00:00,11,15,2001,18,55.209
11.15.2001-21:00:00,11,15,2001,21,53.598
11.16.2001-00:00:00,11,16,2001,00,53.117
11.16.2001-03:00:00,11,16,2001,03,51.983
11.16.2001-06:00:00,11,16,2001,06,51.437
11.16.2001-09:00:00,11,16,2001,09,47.742
11.16.2001-12:00:00,11,16,2001,12,46.153
11.16.2001-15:00:00,11,16,2001,15,51.619
11.16.2001-18:00:00,11,16,2001,18,54.643
11.16.2001-21:00:00,11,16,2001,21,53.794
11.17.2001-00:00:00,11,17,2001,00,52.651
11.17.2001-03:00:00,11,17,2001,03,51.089
11.17.2001-06:00:00,11,17,2001,06,50.275
11.17.2001-09:00:00,11,17,2001,09,46.636
11.17.2001-12:00:00,11,17,2001,12,43.905
11.17.2001-15:00:00,11,17,2001,15,48.424
11.17.2001-18:00:00,11,17,2001,18,52.759
11.17.2001-21:00:00,11,17,2001,21,51.432
11.18.2001-00:00:00,11,18,2001,00,50.323
11.18.2001-03:00:00,11,18,2001,03,49.843
11.18.2001-06:00:00,11,18,2001,06,49.921
11.18.2001-09:00:00,11,18,2001,09,47.241
11.18.2001-12:00:00,11,18,2001,12,44.477
11.18.2001-15:00:00,11,18,2001,15,48.131
11.18.2001-18:00:00,11,18,2001,18,49.341
11.18.2001-21:00:00,11,18,2001,21,49.385
11.19.2001-00:00:00,11,19,2001,00,49.665
11.19.2001-03:00:00,11,19,2001,03,49.379
11.19.2001-06:00:00,11,19,2001,06,49.604
11.19.2001-09:00:00,11,19,2001,09,49.313
11.19.2001-12:00:00,11,19,2001,12,48.713
11.19.2001-15:00:00,11,19,2001,15,49.1
11.19.2001-18:00:00,11,19,2001,18,49.437
11.19.2001-21:00:00,11,19,2001,21,49.164
11.20.2001-00:00:00,11,20,2001,00,49.389
11.20.2001-03:00:00,11,20,2001,03,49.095
11.20.2001-06:00:00,11,20,2001,06,49.316
11.20.2001-09:00:00,11,20,2001,09,49.027
11.20.2001-12:00:00,11,20,2001,12,49.246
11.20.2001-15:00:00,11,20,2001,15,48.955
11.20.2001-18:00:00,11,20,2001,18,49.177
11.20.2001-21:00:00,11,20,2001,21,48.887
11.21.2001-00:00:00,11,21,2001,00,49.104
11.21.2001-03:00:00,11,21,2001,03,48.811
11.21.2001-06:00:00,11,21,2001,06,49.035
11.21.2001-09:00:00,11,21,2001,09,48.498
11.21.2001-12:00:00,11,21,2001,12,48.481
11.21.2001-15:00:00,11,21,2001,15,48.555
11.21.2001-18:00:00,11,21,2001,18,48.877
11.21.2001-21:00:00,11,21,2001,21,48.596
11.22.2001-00:00:00,11,22,2001,00,48.819
11.22.2001-03:00:00,11,22,2001,03,48.524
11.22.2001-06:00:00,11,22,2001,06,48.751
11.22.2001-09:00:00,11,22,2001,09,47.549
11.22.2001-12:00:00,11,22,2001,12,48.074
11.22.2001-15:00:00,11,22,2001,15,48.088
11.22.2001-18:00:00,11,22,2001,18,48.567
11.22.2001-21:00:00,11,22,2001,21,48.296
11.23.2001-00:00:00,11,23,2001,00,48.526
11.23.2001-03:00:00,11,23,2001,03,48.228
11.23.2001-06:00:00,11,23,2001,06,48.455
11.23.2001-09:00:00,11,23,2001,09,48.157
11.23.2001-12:00:00,11,23,2001,12,48.386
11.23.2001-15:00:00,11,23,2001,15,48.089
11.23.2001-18:00:00,11,23,2001,18,48.316
11.23.2001-21:00:00,11,23,2001,21,48.016
11.24.2001-00:00:00,11,24,2001,00,48.246
11.24.2001-03:00:00,11,24,2001,03,47.946
11.24.2001-06:00:00,11,24,2001,06,48.175
11.24.2001-09:00:00,11,24,2001,09,47.873
11.24.2001-12:00:00,11,24,2001,12,45.844
11.24.2001-15:00:00,11,24,2001,15,47.206
11.24.2001-18:00:00,11,24,2001,18,47.908
11.24.2001-21:00:00,11,24,2001,21,47.688
11.25.2001-00:00:00,11,25,2001,00,47.951
11.25.2001-03:00:00,11,25,2001,03,47.647
11.25.2001-06:00:00,11,25,2001,06,47.881
11.25.2001-09:00:00,11,25,2001,09,47.577
11.25.2001-12:00:00,11,25,2001,12,47.808
11.25.2001-15:00:00,11,25,2001,15,47.503
11.25.2001-18:00:00,11,25,2001,18,47.74
11.25.2001-21:00:00,11,25,2001,21,47.432
11.26.2001-00:00:00,11,26,2001,00,47.669
11.26.2001-03:00:00,11,26,2001,03,47.359
11.26.2001-06:00:00,11,26,2001,06,47.598
11.26.2001-09:00:00,11,26,2001,09,47.283
11.26.2001-12:00:00,11,26,2001,12,47.527
11.26.2001-15:00:00,11,26,2001,15,47.214
11.26.2001-18:00:00,11,26,2001,18,47.457
11.26.2001-21:00:00,11,26,2001,21,47.139
11.27.2001-00:00:00,11,27,2001,00,47.384
11.27.2001-03:00:00,11,27,2001,03,47.068
11.27.2001-06:00:00,11,27,2001,06,47.312
11.27.2001-09:00:00,11,27,2001,09,46.993
11.27.2001-12:00:00,11,27,2001,12,47.244
11.27.2001-15:00:00,11,27,2001,15,46.919
11.27.2001-18:00:00,11,27,2001,18,47.172
11.27.2001-21:00:00,11,27,2001,21,46.847
11.28.2001-00:00:00,11,28,2001,00,47.105
11.28.2001-03:00:00,11,28,2001,03,46.772
11.28.2001-06:00:00,11,28,2001,06,47.032
11.28.2001-09:00:00,11,28,2001,09,46.7
11.28.2001-12:00:00,11,28,2001,12,46.963
11.28.2001-15:00:00,11,28,2001,15,46.625
11.28.2001-18:00:00,11,28,2001,18,46.894
11.28.2001-21:00:00,11,28,2001,21,46.55
11.29.2001-00:00:00,11,29,2001,00,46.824
11.29.2001-03:00:00,11,29,2001,03,46.478
11.29.2001-06:00:00,11,29,2001,06,46.758
11.29.2001-09:00:00,11,29,2001,09,46.39
11.29.2001-12:00:00,11,29,2001,12,46.683
11.29.2001-15:00:00,11,29,2001,15,46.357
11.29.2001-18:00:00,11,29,2001,18,46.609
11.29.2001-21:00:00,11,29,2001,21,46.253
11.30.2001-00:00:00,11,30,2001,00,46.551
11.30.2001-03:00:00,11,30,2001,03,46.181
11.30.2001-06:00:00,11,30,2001,06,46.468
11.30.2001-09:00:00,11,30,2001,09,46.111
11.30.2001-12:00:00,11,30,2001,12,46.404
11.30.2001-15:00:00,11,30,2001,15,46.058
11.30.2001-18:00:00,11,30,2001,18,46.339
11.30.2001-21:00:00,11,30,2001,21,45.98
12.01.2001-00:00:00,12,01,2001,00,46.267
12.01.2001-03:00:00,12,01,2001,03,45.906
12.01.2001-06:00:00,12,01,2001,06,46.203
12.01.2001-09:00:00,12,01,2001,09,45.837
12.01.2001-12:00:00,12,01,2001,12,46.135
12.01.2001-15:00:00,12,01,2001,15,45.77
12.01.2001-18:00:00,12,01,2001,18,46.068
12.01.2001-21:00:00,12,01,2001,21,45.701
12.02.2001-00:00:00,12,02,2001,00,46.003
12.02.2001-03:00:00,12,02,2001,03,45.636
12.02.2001-06:00:00,12,02,2001,06,45.944
12.02.2001-09:00:00,12,02,2001,09,45.576
12.02.2001-12:00:00,12,02,2001,12,45.887
12.02.2001-15:00:00,12,02,2001,15,45.515
12.02.2001-18:00:00,12,02,2001,18,45.827
12.02.2001-21:00:00,12,02,2001,21,45.457
12.03.2001-00:00:00,12,03,2001,00,45.767
12.03.2001-03:00:00,12,03,2001,03,45.398
12.03.2001-06:00:00,12,03,2001,06,45.582
12.03.2001-09:00:00,12,03,2001,09,45.561
12.03.2001-12:00:00,12,03,2001,12,45.44
12.03.2001-15:00:00,12,03,2001,15,45.371
12.03.2001-18:00:00,12,03,2001,18,45.57
12.03.2001-21:00:00,12,03,2001,21,45.27
12.04.2001-00:00:00,12,04,2001,00,45.373
12.04.2001-03:00:00,12,04,2001,03,45.391
12.04.2001-06:00:00,12,04,2001,06,45.27
12.04.2001-09:00:00,12,04,2001,09,45.197
12.04.2001-12:00:00,12,04,2001,12,45.385
12.04.2001-15:00:00,12,04,2001,15,45.096
12.04.2001-18:00:00,12,04,2001,18,45.192
12.04.2001-21:00:00,12,04,2001,21,45.211
12.05.2001-00:00:00,12,05,2001,00,45.086
12.05.2001-03:00:00,12,05,2001,03,45.023
12.05.2001-06:00:00,12,05,2001,06,45.198
12.05.2001-09:00:00,12,05,2001,09,44.922
12.05.2001-12:00:00,12,05,2001,12,45.01
12.05.2001-15:00:00,12,05,2001,15,45.033
12.05.2001-18:00:00,12,05,2001,18,44.904
12.05.2001-21:00:00,12,05,2001,21,44.848
12.06.2001-00:00:00,12,06,2001,00,45.018
12.06.2001-03:00:00,12,06,2001,03,44.691
12.06.2001-06:00:00,12,06,2001,06,44.898
12.06.2001-09:00:00,12,06,2001,09,44.837
12.06.2001-12:00:00,12,06,2001,12,44.701
12.06.2001-15:00:00,12,06,2001,15,44.657
12.06.2001-18:00:00,12,06,2001,18,44.889
12.06.2001-21:00:00,12,06,2001,21,44.512
12.07.2001-00:00:00,12,07,2001,00,44.652
12.07.2001-03:00:00,12,07,2001,03,44.68
12.07.2001-06:00:00,12,07,2001,06,44.527
12.07.2001-09:00:00,12,07,2001,09,44.484
12.07.2001-12:00:00,12,07,2001,12,44.691
12.07.2001-15:00:00,12,07,2001,15,44.324
12.07.2001-18:00:00,12,07,2001,18,44.504
12.07.2001-21:00:00,12,07,2001,21,44.472
12.08.2001-00:00:00,12,08,2001,00,44.355
12.08.2001-03:00:00,12,08,2001,03,44.266
12.08.2001-06:00:00,12,08,2001,06,44.54
12.08.2001-09:00:00,12,08,2001,09,44.164
12.08.2001-12:00:00,12,08,2001,12,44.294
12.08.2001-15:00:00,12,08,2001,15,44.294
12.08.2001-18:00:00,12,08,2001,18,44.178
12.08.2001-21:00:00,12,08,2001,21,44.084
12.09.2001-00:00:00,12,09,2001,00,44.33
12.09.2001-03:00:00,12,09,2001,03,43.976
12.09.2001-06:00:00,12,09,2001,06,44.119
12.09.2001-09:00:00,12,09,2001,09,44.12
12.09.2001-12:00:00,12,09,2001,12,44.009
12.09.2001-15:00:00,12,09,2001,15,43.908
12.09.2001-18:00:00,12,09,2001,18,44.158
12.09.2001-21:00:00,12,09,2001,21,43.806
12.10.2001-00:00:00,12,10,2001,00,43.947
12.10.2001-03:00:00,12,10,2001,03,43.948
12.10.2001-06:00:00,12,10,2001,06,43.839
12.10.2001-09:00:00,12,10,2001,09,43.735
12.10.2001-12:00:00,12,10,2001,12,43.988
12.10.2001-15:00:00,12,10,2001,15,43.631
12.10.2001-18:00:00,12,10,2001,18,43.774
12.10.2001-21:00:00,12,10,2001,21,43.775
12.11.2001-00:00:00,12,11,2001,00,43.668
12.11.2001-03:00:00,12,11,2001,03,43.542
12.11.2001-06:00:00,12,11,2001,06,43.815
12.11.2001-09:00:00,12,11,2001,09,43.441
12.11.2001-12:00:00,12,11,2001,12,43.598
12.11.2001-15:00:00,12,11,2001,15,43.58
12.11.2001-18:00:00,12,11,2001,18,43.482
12.11.2001-21:00:00,12,11,2001,21,43.378
12.12.2001-00:00:00,12,12,2001,00,43.624
12.12.2001-03:00:00,12,12,2001,03,43.271
12.12.2001-06:00:00,12,12,2001,06,43.408
12.12.2001-09:00:00,12,12,2001,09,43.406
12.12.2001-12:00:00,12,12,2001,12,43.307
12.12.2001-15:00:00,12,12,2001,15,43.189
12.12.2001-18:00:00,12,12,2001,18,43.454
12.12.2001-21:00:00,12,12,2001,21,43.095
12.13.2001-00:00:00,12,13,2001,00,43.235
12.13.2001-03:00:00,12,13,2001,03,43.233
12.13.2001-06:00:00,12,13,2001,06,43.139
12.13.2001-09:00:00,12,13,2001,09,43.012
12.13.2001-12:00:00,12,13,2001,12,43.282
12.13.2001-15:00:00,12,13,2001,15,42.924
12.13.2001-18:00:00,12,13,2001,18,43.064
12.13.2001-21:00:00,12,13,2001,21,43.059
12.14.2001-00:00:00,12,14,2001,00,42.968
12.14.2001-03:00:00,12,14,2001,03,42.838
12.14.2001-06:00:00,12,14,2001,06,43.111
12.14.2001-09:00:00,12,14,2001,09,42.751
12.14.2001-12:00:00,12,14,2001,12,40.249
12.14.2001-15:00:00,12,14,2001,15,42.444
12.14.2001-18:00:00,12,14,2001,18,42.583
12.14.2001-21:00:00,12,14,2001,21,42.609
12.15.2001-00:00:00,12,15,2001,00,42.917
12.15.2001-03:00:00,12,15,2001,03,42.57
12.15.2001-06:00:00,12,15,2001,06,42.7
12.15.2001-09:00:00,12,15,2001,09,42.691
12.15.2001-12:00:00,12,15,2001,12,42.612
12.15.2001-15:00:00,12,15,2001,15,42.472
12.15.2001-18:00:00,12,15,2001,18,42.747
12.15.2001-21:00:00,12,15,2001,21,42.391
12.16.2001-00:00:00,12,16,2001,00,42.53
12.16.2001-03:00:00,12,16,2001,03,42.524
12.16.2001-06:00:00,12,16,2001,06,42.45
12.16.2001-09:00:00,12,16,2001,09,42.301
12.16.2001-12:00:00,12,16,2001,12,42.582
12.16.2001-15:00:00,12,16,2001,15,42.176
12.16.2001-18:00:00,12,16,2001,18,42.361
12.16.2001-21:00:00,12,16,2001,21,42.306
12.17.2001-00:00:00,12,17,2001,00,42.281
12.17.2001-03:00:00,12,17,2001,03,42.08
12.17.2001-06:00:00,12,17,2001,06,42.413
12.17.2001-09:00:00,12,17,2001,09,42.01
12.17.2001-12:00:00,12,17,2001,12,42.149
12.17.2001-15:00:00,12,17,2001,15,42.183
12.17.2001-18:00:00,12,17,2001,18,42.079
12.17.2001-21:00:00,12,17,2001,21,41.913
12.18.2001-00:00:00,12,18,2001,00,42.207
12.18.2001-03:00:00,12,18,2001,03,41.839
12.18.2001-06:00:00,12,18,2001,06,41.982
12.18.2001-09:00:00,12,18,2001,09,41.967
12.18.2001-12:00:00,12,18,2001,12,41.913
12.18.2001-15:00:00,12,18,2001,15,41.739
12.18.2001-18:00:00,12,18,2001,18,42.046
12.18.2001-21:00:00,12,18,2001,21,41.676
12.19.2001-00:00:00,12,19,2001,00,41.826
12.19.2001-03:00:00,12,19,2001,03,41.806
12.19.2001-06:00:00,12,19,2001,06,41.756
12.19.2001-09:00:00,12,19,2001,09,41.578
12.19.2001-12:00:00,12,19,2001,12,41.885
12.19.2001-15:00:00,12,19,2001,15,41.488
12.19.2001-18:00:00,12,19,2001,18,41.645
12.19.2001-21:00:00,12,19,2001,21,41.608
12.20.2001-00:00:00,12,20,2001,00,41.566
12.20.2001-03:00:00,12,20,2001,03,41.39
12.20.2001-06:00:00,12,20,2001,06,41.688
12.20.2001-09:00:00,12,20,2001,09,41.313
12.20.2001-12:00:00,12,20,2001,12,41.455
12.20.2001-15:00:00,12,20,2001,15,41.429
12.20.2001-18:00:00,12,20,2001,18,41.398
12.20.2001-21:00:00,12,20,2001,21,41.198
12.21.2001-00:00:00,12,21,2001,00,41.519
12.21.2001-03:00:00,12,21,2001,03,41.148
12.21.2001-06:00:00,12,21,2001,06,41.293
12.21.2001-09:00:00,12,21,2001,09,41.271
12.21.2001-12:00:00,12,21,2001,12,41.248
12.21.2001-15:00:00,12,21,2001,15,41.04
12.21.2001-18:00:00,12,21,2001,18,41.369
12.21.2001-21:00:00,12,21,2001,21,40.994
12.22.2001-00:00:00,12,22,2001,00,41.139
12.22.2001-03:00:00,12,22,2001,03,41.114
12.22.2001-06:00:00,12,22,2001,06,41.097
12.22.2001-09:00:00,12,22,2001,09,40.884
12.22.2001-12:00:00,12,22,2001,12,41.22
12.22.2001-15:00:00,12,22,2001,15,40.841
12.22.2001-18:00:00,12,22,2001,18,40.989
12.22.2001-21:00:00,12,22,2001,21,40.962
12.23.2001-00:00:00,12,23,2001,00,40.947
12.23.2001-03:00:00,12,23,2001,03,40.728
12.23.2001-06:00:00,12,23,2001,06,41.069
12.23.2001-09:00:00,12,23,2001,09,40.688
12.23.2001-12:00:00,12,23,2001,12,40.841
12.23.2001-15:00:00,12,23,2001,15,40.81
12.23.2001-18:00:00,12,23,2001,18,40.801
12.23.2001-21:00:00,12,23,2001,21,40.575
12.24.2001-00:00:00,12,24,2001,00,40.92
12.24.2001-03:00:00,12,24,2001,03,40.532
12.24.2001-06:00:00,12,24,2001,06,40.682
12.24.2001-09:00:00,12,24,2001,09,40.643
12.24.2001-12:00:00,12,24,2001,12,40.643
12.24.2001-15:00:00,12,24,2001,15,40.41
12.24.2001-18:00:00,12,24,2001,18,40.761
12.24.2001-21:00:00,12,24,2001,21,40.372
12.25.2001-00:00:00,12,25,2001,00,40.527
12.25.2001-03:00:00,12,25,2001,03,40.488
12.25.2001-06:00:00,12,25,2001,06,40.493
12.25.2001-09:00:00,12,25,2001,09,40.252
12.25.2001-12:00:00,12,25,2001,12,40.61
12.25.2001-15:00:00,12,25,2001,15,40.217
12.25.2001-18:00:00,12,25,2001,18,40.373
12.25.2001-21:00:00,12,25,2001,21,40.333
12.26.2001-00:00:00,12,26,2001,00,40.343
12.26.2001-03:00:00,12,26,2001,03,40.095
12.26.2001-06:00:00,12,26,2001,06,40.46
12.26.2001-09:00:00,12,26,2001,09,40.063
12.26.2001-12:00:00,12,26,2001,12,40.222
12.26.2001-15:00:00,12,26,2001,15,40.178
12.26.2001-18:00:00,12,26,2001,18,40.191
12.26.2001-21:00:00,12,26,2001,21,39.939
12.27.2001-00:00:00,12,27,2001,00,40.305
12.27.2001-03:00:00,12,27,2001,03,39.907
12.27.2001-06:00:00,12,27,2001,06,40.068
12.27.2001-09:00:00,12,27,2001,09,40.02
12.27.2001-12:00:00,12,27,2001,12,40.04
12.27.2001-15:00:00,12,27,2001,15,39.782
12.27.2001-18:00:00,12,27,2001,18,40.153
12.27.2001-21:00:00,12,27,2001,21,39.753
12.28.2001-00:00:00,12,28,2001,00,39.912
12.28.2001-03:00:00,12,28,2001,03,39.862
12.28.2001-06:00:00,12,28,2001,06,39.89
12.28.2001-09:00:00,12,28,2001,09,39.622
12.28.2001-12:00:00,12,28,2001,12,40.001
12.28.2001-15:00:00,12,28,2001,15,39.595
12.28.2001-18:00:00,12,28,2001,18,39.759
12.28.2001-21:00:00,12,28,2001,21,39.707
12.29.2001-00:00:00,12,29,2001,00,39.736
12.29.2001-03:00:00,12,29,2001,03,39.463
12.29.2001-06:00:00,12,29,2001,06,39.712
12.29.2001-09:00:00,12,29,2001,09,39.612
12.29.2001-12:00:00,12,29,2001,12,39.641
12.29.2001-15:00:00,12,29,2001,15,39.359
12.29.2001-18:00:00,12,29,2001,18,39.606
12.29.2001-21:00:00,12,29,2001,21,39.511
12.30.2001-00:00:00,12,30,2001,00,39.543
12.30.2001-03:00:00,12,30,2001,03,39.263
12.30.2001-06:00:00,12,30,2001,06,39.509
12.30.2001-09:00:00,12,30,2001,09,39.408
12.30.2001-12:00:00,12,30,2001,12,39.443
12.30.2001-15:00:00,12,30,2001,15,39.157
12.30.2001-18:00:00,12,30,2001,18,39.403
12.30.2001-21:00:00,12,30,2001,21,39.302
12.31.2001-00:00:00,12,31,2001,00,39.338
12.31.2001-03:00:00,12,31,2001,03,39.052
12.31.2001-06:00:00,12,31,2001,06,39.296
12.31.2001-09:00:00,12,31,2001,09,39.194
12.31.2001-12:00:00,12,31,2001,12,39.235
12.31.2001-15:00:00,12,31,2001,15,38.946
12.31.2001-18:00:00,12,31,2001,18,39.191
12.31.2001-21:00:00,12,31,2001,21,39.088
01.01.2002-00:00:00,01,01,2002,00,39.104
01.01.2002-03:00:00,01,01,2002,03,38.872
01.01.2002-06:00:00,01,01,2002,06,39.035
01.01.2002-09:00:00,01,01,2002,09,38.974
01.01.2002-12:00:00,01,01,2002,12,38.998
01.01.2002-15:00:00,01,01,2002,15,38.716
01.01.2002-18:00:00,01,01,2002,18,38.906
01.01.2002-21:00:00,01,01,2002,21,38.9
01.02.2002-00:00:00,01,02,2002,00,38.85
01.02.2002-03:00:00,01,02,2002,03,38.614
01.02.2002-06:00:00,01,02,2002,06,38.845
01.02.2002-09:00:00,01,02,2002,09,38.755
01.02.2002-12:00:00,01,02,2002,12,38.747
01.02.2002-15:00:00,01,02,2002,15,38.525
01.02.2002-18:00:00,01,02,2002,18,38.743
01.02.2002-21:00:00,01,02,2002,21,38.652
01.03.2002-00:00:00,01,03,2002,00,38.65
01.03.2002-03:00:00,01,03,2002,03,38.419
01.03.2002-06:00:00,01,03,2002,06,38.642
01.03.2002-09:00:00,01,03,2002,09,38.553
01.03.2002-12:00:00,01,03,2002,12,38.55
01.03.2002-15:00:00,01,03,2002,15,38.313
01.03.2002-18:00:00,01,03,2002,18,38.536
01.03.2002-21:00:00,01,03,2002,21,38.449
01.04.2002-00:00:00,01,04,2002,00,38.451
01.04.2002-03:00:00,01,04,2002,03,38.211
01.04.2002-06:00:00,01,04,2002,06,38.397
01.04.2002-09:00:00,01,04,2002,09,38.389
01.04.2002-12:00:00,01,04,2002,12,36.661
01.04.2002-15:00:00,01,04,2002,15,37.908
01.04.2002-18:00:00,01,04,2002,18,38.218
01.04.2002-21:00:00,01,04,2002,21,38.24
01.05.2002-00:00:00,01,05,2002,00,38.254
01.05.2002-03:00:00,01,05,2002,03,38.054
01.05.2002-06:00:00,01,05,2002,06,38.192
01.05.2002-09:00:00,01,05,2002,09,38.145
01.05.2002-12:00:00,01,05,2002,12,38.155
01.05.2002-15:00:00,01,05,2002,15,37.913
01.05.2002-18:00:00,01,05,2002,18,38.087
01.05.2002-21:00:00,01,05,2002,21,38.046
01.06.2002-00:00:00,01,06,2002,00,38.056
01.06.2002-03:00:00,01,06,2002,03,37.854
01.06.2002-06:00:00,01,06,2002,06,37.987
01.06.2002-09:00:00,01,06,2002,09,37.944
01.06.2002-12:00:00,01,06,2002,12,37.956
01.06.2002-15:00:00,01,06,2002,15,37.713
01.06.2002-18:00:00,01,06,2002,18,37.887
01.06.2002-21:00:00,01,06,2002,21,37.844
01.07.2002-00:00:00,01,07,2002,00,37.857
01.07.2002-03:00:00,01,07,2002,03,37.616
01.07.2002-06:00:00,01,07,2002,06,37.785
01.07.2002-09:00:00,01,07,2002,09,37.746
01.07.2002-12:00:00,01,07,2002,12,37.759
01.07.2002-15:00:00,01,07,2002,15,37.518
01.07.2002-18:00:00,01,07,2002,18,37.689
01.07.2002-21:00:00,01,07,2002,21,37.647
01.08.2002-00:00:00,01,08,2002,00,37.665
01.08.2002-03:00:00,01,08,2002,03,37.422
01.08.2002-06:00:00,01,08,2002,06,37.592
01.08.2002-09:00:00,01,08,2002,09,37.419
01.08.2002-12:00:00,01,08,2002,12,37.402
01.08.2002-15:00:00,01,08,2002,15,37.305
01.08.2002-18:00:00,01,08,2002,18,37.488
01.08.2002-21:00:00,01,08,2002,21,37.45
01.09.2002-00:00:00,01,09,2002,00,37.47
01.09.2002-03:00:00,01,09,2002,03,37.227
01.09.2002-06:00:00,01,09,2002,06,37.393
01.09.2002-09:00:00,01,09,2002,09,34.927
01.09.2002-12:00:00,01,09,2002,12,33.982
01.09.2002-15:00:00,01,09,2002,15,35.257
01.09.2002-18:00:00,01,09,2002,18,36.453
01.09.2002-21:00:00,01,09,2002,21,37.03
01.10.2002-00:00:00,01,10,2002,00,37.247
01.10.2002-03:00:00,01,10,2002,03,37.011
01.10.2002-06:00:00,01,10,2002,06,37.171
01.10.2002-09:00:00,01,10,2002,09,35.087
01.10.2002-12:00:00,01,10,2002,12,34.114
01.10.2002-15:00:00,01,10,2002,15,36.005
01.10.2002-18:00:00,01,10,2002,18,36.883
01.10.2002-21:00:00,01,10,2002,21,36.871
01.11.2002-00:00:00,01,11,2002,00,37.202
01.11.2002-03:00:00,01,11,2002,03,36.833
01.11.2002-06:00:00,01,11,2002,06,36.975
01.11.2002-09:00:00,01,11,2002,09,36.745
01.11.2002-12:00:00,01,11,2002,12,35.537
01.11.2002-15:00:00,01,11,2002,15,36.712
01.11.2002-18:00:00,01,11,2002,18,36.837
01.11.2002-21:00:00,01,11,2002,21,36.653
01.12.2002-00:00:00,01,12,2002,00,36.818
01.12.2002-03:00:00,01,12,2002,03,36.629
01.12.2002-06:00:00,01,12,2002,06,36.958
01.12.2002-09:00:00,01,12,2002,09,36.586
01.12.2002-12:00:00,01,12,2002,12,36.735
01.12.2002-15:00:00,01,12,2002,15,36.501
01.12.2002-18:00:00,01,12,2002,18,36.704
01.12.2002-21:00:00,01,12,2002,21,36.639
01.13.2002-00:00:00,01,13,2002,00,36.667
01.13.2002-03:00:00,01,13,2002,03,36.416
01.13.2002-06:00:00,01,13,2002,06,36.579
01.13.2002-09:00:00,01,13,2002,09,36.383
01.13.2002-12:00:00,01,13,2002,12,34.722
01.13.2002-15:00:00,01,13,2002,15,35.96
01.13.2002-18:00:00,01,13,2002,18,36.39
01.13.2002-21:00:00,01,13,2002,21,36.252
01.14.2002-00:00:00,01,14,2002,00,36.457
01.14.2002-03:00:00,01,14,2002,03,36.393
01.14.2002-06:00:00,01,14,2002,06,36.427
01.14.2002-09:00:00,01,14,2002,09,36.174
01.14.2002-12:00:00,01,14,2002,12,36.34
01.14.2002-15:00:00,01,14,2002,15,36.132
01.14.2002-18:00:00,01,14,2002,18,36.475
01.14.2002-21:00:00,01,14,2002,21,36.104
01.15.2002-00:00:00,01,15,2002,00,36.26
01.15.2002-03:00:00,01,15,2002,03,36.019
01.15.2002-06:00:00,01,15,2002,06,36.213
01.15.2002-09:00:00,01,15,2002,09,36.15
01.15.2002-12:00:00,01,15,2002,12,36.191
01.15.2002-15:00:00,01,15,2002,15,35.938
01.15.2002-18:00:00,01,15,2002,18,36.106
01.15.2002-21:00:00,01,15,2002,21,35.888
01.16.2002-00:00:00,01,16,2002,00,36.236
01.16.2002-03:00:00,01,16,2002,03,35.867
01.16.2002-06:00:00,01,16,2002,06,36.023
01.16.2002-09:00:00,01,16,2002,09,35.783
01.16.2002-12:00:00,01,16,2002,12,35.972
01.16.2002-15:00:00,01,16,2002,15,35.913
01.16.2002-18:00:00,01,16,2002,18,35.957
01.16.2002-21:00:00,01,16,2002,21,35.702
01.17.2002-00:00:00,01,17,2002,00,35.873
01.17.2002-03:00:00,01,17,2002,03,35.644
01.17.2002-06:00:00,01,17,2002,06,36
01.17.2002-09:00:00,01,17,2002,09,35.634
01.17.2002-12:00:00,01,17,2002,12,35.791
01.17.2002-15:00:00,01,17,2002,15,35.549
01.17.2002-18:00:00,01,17,2002,18,35.729
01.17.2002-21:00:00,01,17,2002,21,35.676
01.18.2002-00:00:00,01,18,2002,00,35.723
01.18.2002-03:00:00,01,18,2002,03,35.466
01.18.2002-06:00:00,01,18,2002,06,35.641
01.18.2002-09:00:00,01,18,2002,09,35.407
01.18.2002-12:00:00,01,18,2002,12,35.62
01.18.2002-15:00:00,01,18,2002,15,35.54
01.18.2002-18:00:00,01,18,2002,18,35.586
01.18.2002-21:00:00,01,18,2002,21,35.328
01.19.2002-00:00:00,01,19,2002,00,35.5
01.19.2002-03:00:00,01,19,2002,03,35.267
01.19.2002-06:00:00,01,19,2002,06,35.474
01.19.2002-09:00:00,01,19,2002,09,35.398
01.19.2002-12:00:00,01,19,2002,12,35.446
01.19.2002-15:00:00,01,19,2002,15,35.187
01.19.2002-18:00:00,01,19,2002,18,35.364
01.19.2002-21:00:00,01,19,2002,21,35.125
01.20.2002-00:00:00,01,20,2002,00,35.332
01.20.2002-03:00:00,01,20,2002,03,35.256
01.20.2002-06:00:00,01,20,2002,06,35.307
01.20.2002-09:00:00,01,20,2002,09,35.043
01.20.2002-12:00:00,01,20,2002,12,33.512
01.20.2002-15:00:00,01,20,2002,15,34.652
01.20.2002-18:00:00,01,20,2002,18,35.088
01.20.2002-21:00:00,01,20,2002,21,35.104
01.21.2002-00:00:00,01,21,2002,00,35.161
01.21.2002-03:00:00,01,21,2002,03,34.901
01.21.2002-06:00:00,01,21,2002,06,35.078
01.21.2002-09:00:00,01,21,2002,09,34.84
01.21.2002-12:00:00,01,21,2002,12,35.037
01.21.2002-15:00:00,01,21,2002,15,34.966
01.21.2002-18:00:00,01,21,2002,18,35.024
01.21.2002-21:00:00,01,21,2002,21,34.761
01.22.2002-00:00:00,01,22,2002,00,34.942
01.22.2002-03:00:00,01,22,2002,03,34.7
01.22.2002-06:00:00,01,22,2002,06,34.893
01.22.2002-09:00:00,01,22,2002,09,34.828
01.22.2002-12:00:00,01,22,2002,12,34.885
01.22.2002-15:00:00,01,22,2002,15,34.625
01.22.2002-18:00:00,01,22,2002,18,34.805
01.22.2002-21:00:00,01,22,2002,21,34.565
01.23.2002-00:00:00,01,23,2002,00,34.755
01.23.2002-03:00:00,01,23,2002,03,34.541
01.23.2002-06:00:00,01,23,2002,06,34.886
01.23.2002-09:00:00,01,23,2002,09,34.512
01.23.2002-12:00:00,01,23,2002,12,34.681
01.23.2002-15:00:00,01,23,2002,15,34.43
01.23.2002-18:00:00,01,23,2002,18,34.621
01.23.2002-21:00:00,01,23,2002,21,34.381
01.24.2002-00:00:00,01,24,2002,00,34.588
01.24.2002-03:00:00,01,24,2002,03,34.509
01.24.2002-06:00:00,01,24,2002,06,34.568
01.24.2002-09:00:00,01,24,2002,09,34.305
01.24.2002-12:00:00,01,24,2002,12,32.827
01.24.2002-15:00:00,01,24,2002,15,33.877
01.24.2002-18:00:00,01,24,2002,18,34.399
01.24.2002-21:00:00,01,24,2002,21,34.202
01.25.2002-00:00:00,01,25,2002,00,34.56
01.25.2002-03:00:00,01,25,2002,03,34.189
01.25.2002-06:00:00,01,25,2002,06,34.364
01.25.2002-09:00:00,01,25,2002,09,32.994
01.25.2002-12:00:00,01,25,2002,12,32.894
01.25.2002-15:00:00,01,25,2002,15,33.635
01.25.2002-18:00:00,01,25,2002,18,34.208
01.25.2002-21:00:00,01,25,2002,21,34.03
01.26.2002-00:00:00,01,26,2002,00,34.379
01.26.2002-03:00:00,01,26,2002,03,34.005
01.26.2002-06:00:00,01,26,2002,06,34.178
01.26.2002-09:00:00,01,26,2002,09,33.925
01.26.2002-12:00:00,01,26,2002,12,34.119
01.26.2002-15:00:00,01,26,2002,15,33.876
01.26.2002-18:00:00,01,26,2002,18,34.074
01.26.2002-21:00:00,01,26,2002,21,33.841
01.27.2002-00:00:00,01,27,2002,00,34.197
01.27.2002-03:00:00,01,27,2002,03,33.824
01.27.2002-06:00:00,01,27,2002,06,34
01.27.2002-09:00:00,01,27,2002,09,33.743
01.27.2002-12:00:00,01,27,2002,12,33.942
01.27.2002-15:00:00,01,27,2002,15,33.697
01.27.2002-18:00:00,01,27,2002,18,33.881
01.27.2002-21:00:00,01,27,2002,21,33.651
01.28.2002-00:00:00,01,28,2002,00,33.848
01.28.2002-03:00:00,01,28,2002,03,33.774
01.28.2002-06:00:00,01,28,2002,06,33.821
01.28.2002-09:00:00,01,28,2002,09,33.561
01.28.2002-12:00:00,01,28,2002,12,33.755
01.28.2002-15:00:00,01,28,2002,15,33.495
01.28.2002-18:00:00,01,28,2002,18,33.701
01.28.2002-21:00:00,01,28,2002,21,33.452
01.29.2002-00:00:00,01,29,2002,00,33.65
01.29.2002-03:00:00,01,29,2002,03,33.411
01.29.2002-06:00:00,01,29,2002,06,33.78
01.29.2002-09:00:00,01,29,2002,09,33.398
01.29.2002-12:00:00,01,29,2002,12,33.584
01.29.2002-15:00:00,01,29,2002,15,33.322
01.29.2002-18:00:00,01,29,2002,18,33.523
01.29.2002-21:00:00,01,29,2002,21,33.274
01.30.2002-00:00:00,01,30,2002,00,33.478
01.30.2002-03:00:00,01,30,2002,03,33.231
01.30.2002-06:00:00,01,30,2002,06,33.434
01.30.2002-09:00:00,01,30,2002,09,33.196
01.30.2002-12:00:00,01,30,2002,12,33.555
01.30.2002-15:00:00,01,30,2002,15,33.182
01.30.2002-18:00:00,01,30,2002,18,33.362
01.30.2002-21:00:00,01,30,2002,21,33.105
01.31.2002-00:00:00,01,31,2002,00,33.306
01.31.2002-03:00:00,01,31,2002,03,33.058
01.31.2002-06:00:00,01,31,2002,06,33.262
01.31.2002-09:00:00,01,31,2002,09,33.015
01.31.2002-12:00:00,01,31,2002,12,33.222
01.31.2002-15:00:00,01,31,2002,15,32.972
01.31.2002-18:00:00,01,31,2002,18,33.185
01.31.2002-21:00:00,01,31,2002,21,33.09
02.01.2002-00:00:00,02,01,2002,00,33.172
02.01.2002-03:00:00,02,01,2002,03,32.898
02.01.2002-06:00:00,02,01,2002,06,33.097
02.01.2002-09:00:00,02,01,2002,09,32.842
02.01.2002-12:00:00,02,01,2002,12,33.05
02.01.2002-15:00:00,02,01,2002,15,32.801
02.01.2002-18:00:00,02,01,2002,18,33.007
02.01.2002-21:00:00,02,01,2002,21,32.758
02.02.2002-00:00:00,02,02,2002,00,32.965
02.02.2002-03:00:00,02,02,2002,03,32.716
02.02.2002-06:00:00,02,02,2002,06,32.922
02.02.2002-09:00:00,02,02,2002,09,32.686
02.02.2002-12:00:00,02,02,2002,12,33.041
02.02.2002-15:00:00,02,02,2002,15,32.666
02.02.2002-18:00:00,02,02,2002,18,32.852
02.02.2002-21:00:00,02,02,2002,21,32.59
02.03.2002-00:00:00,02,03,2002,00,32.797
02.03.2002-03:00:00,02,03,2002,03,32.538
02.03.2002-06:00:00,02,03,2002,06,32.748
02.03.2002-09:00:00,02,03,2002,09,32.497
02.03.2002-12:00:00,02,03,2002,12,32.706
02.03.2002-15:00:00,02,03,2002,15,32.454
02.03.2002-18:00:00,02,03,2002,18,32.664
02.03.2002-21:00:00,02,03,2002,21,32.415
02.04.2002-00:00:00,02,04,2002,00,32.622
02.04.2002-03:00:00,02,04,2002,03,32.375
02.04.2002-06:00:00,02,04,2002,06,32.586
02.04.2002-09:00:00,02,04,2002,09,32.488
02.04.2002-12:00:00,02,04,2002,12,32.574
02.04.2002-15:00:00,02,04,2002,15,32.304
02.04.2002-18:00:00,02,04,2002,18,32.501
02.04.2002-21:00:00,02,04,2002,21,32.249
02.05.2002-00:00:00,02,05,2002,00,32.458
02.05.2002-03:00:00,02,05,2002,03,32.207
02.05.2002-06:00:00,02,05,2002,06,32.416
02.05.2002-09:00:00,02,05,2002,09,32.166
02.05.2002-12:00:00,02,05,2002,12,32.375
02.05.2002-15:00:00,02,05,2002,15,32.124
02.05.2002-18:00:00,02,05,2002,18,32.333
02.05.2002-21:00:00,02,05,2002,21,32.084
02.06.2002-00:00:00,02,06,2002,00,32.292
02.06.2002-03:00:00,02,06,2002,03,32.042
02.06.2002-06:00:00,02,06,2002,06,32.25
02.06.2002-09:00:00,02,06,2002,09,32.003
02.06.2002-12:00:00,02,06,2002,12,32.209
02.06.2002-15:00:00,02,06,2002,15,31.962
02.06.2002-18:00:00,02,06,2002,18,32.172
02.06.2002-21:00:00,02,06,2002,21,32.074
02.07.2002-00:00:00,02,07,2002,00,32.144
02.07.2002-03:00:00,02,07,2002,03,31.888
02.07.2002-06:00:00,02,07,2002,06,32.07
02.07.2002-09:00:00,02,07,2002,09,31.818
02.07.2002-12:00:00,02,07,2002,12,32.038
02.07.2002-15:00:00,02,07,2002,15,31.781
02.07.2002-18:00:00,02,07,2002,18,31.983
02.07.2002-21:00:00,02,07,2002,21,31.736
02.08.2002-00:00:00,02,08,2002,00,31.942
02.08.2002-03:00:00,02,08,2002,03,31.695
02.08.2002-06:00:00,02,08,2002,06,31.902
02.08.2002-09:00:00,02,08,2002,09,31.655
02.08.2002-12:00:00,02,08,2002,12,30.566
02.08.2002-15:00:00,02,08,2002,15,31.419
02.08.2002-18:00:00,02,08,2002,18,31.734
02.08.2002-21:00:00,02,08,2002,21,31.569
02.09.2002-00:00:00,02,09,2002,00,31.777
02.09.2002-03:00:00,02,09,2002,03,31.534
02.09.2002-06:00:00,02,09,2002,06,31.739
02.09.2002-09:00:00,02,09,2002,09,31.494
02.09.2002-12:00:00,02,09,2002,12,29.223
02.09.2002-15:00:00,02,09,2002,15,30.482
02.09.2002-18:00:00,02,09,2002,18,31.311
02.09.2002-21:00:00,02,09,2002,21,31.185
02.10.2002-00:00:00,02,10,2002,00,31.385
02.10.2002-03:00:00,02,10,2002,03,31.294
02.10.2002-06:00:00,02,10,2002,06,31.556
02.10.2002-09:00:00,02,10,2002,09,31.327
02.10.2002-12:00:00,02,10,2002,12,31.522
02.10.2002-15:00:00,02,10,2002,15,31.278
02.10.2002-18:00:00,02,10,2002,18,31.49
02.10.2002-21:00:00,02,10,2002,21,31.237
02.11.2002-00:00:00,02,11,2002,00,31.441
02.11.2002-03:00:00,02,11,2002,03,31.197
02.11.2002-06:00:00,02,11,2002,06,31.401
02.11.2002-09:00:00,02,11,2002,09,31.157
02.11.2002-12:00:00,02,11,2002,12,31.361
02.11.2002-15:00:00,02,11,2002,15,31.119
02.11.2002-18:00:00,02,11,2002,18,31.321
02.11.2002-21:00:00,02,11,2002,21,31.08
02.12.2002-00:00:00,02,12,2002,00,31.281
02.12.2002-03:00:00,02,12,2002,03,31.041
02.12.2002-06:00:00,02,12,2002,06,31.241
02.12.2002-09:00:00,02,12,2002,09,31.001
02.12.2002-12:00:00,02,12,2002,12,31.201
02.12.2002-15:00:00,02,12,2002,15,30.961
02.12.2002-18:00:00,02,12,2002,18,31.161
02.12.2002-21:00:00,02,12,2002,21,30.922
02.13.2002-00:00:00,02,13,2002,00,31.121
02.13.2002-03:00:00,02,13,2002,03,30.883
02.13.2002-06:00:00,02,13,2002,06,31.082
02.13.2002-09:00:00,02,13,2002,09,30.843
02.13.2002-12:00:00,02,13,2002,12,31.045
02.13.2002-15:00:00,02,13,2002,15,30.804
02.13.2002-18:00:00,02,13,2002,18,31.005
02.13.2002-21:00:00,02,13,2002,21,30.764
02.14.2002-00:00:00,02,14,2002,00,30.966
02.14.2002-03:00:00,02,14,2002,03,30.725
02.14.2002-06:00:00,02,14,2002,06,30.926
02.14.2002-09:00:00,02,14,2002,09,28.266
02.14.2002-12:00:00,02,14,2002,12,27.934
02.14.2002-15:00:00,02,14,2002,15,28.391
02.14.2002-18:00:00,02,14,2002,18,29.601
02.14.2002-21:00:00,02,14,2002,21,30.355
02.15.2002-00:00:00,02,15,2002,00,30.622
02.15.2002-03:00:00,02,15,2002,03,30.388
02.15.2002-06:00:00,02,15,2002,06,30.588
02.15.2002-09:00:00,02,15,2002,09,28.091
02.15.2002-12:00:00,02,15,2002,12,27.866
02.15.2002-15:00:00,02,15,2002,15,28.614
02.15.2002-18:00:00,02,15,2002,18,29.584
02.15.2002-21:00:00,02,15,2002,21,30.217
02.16.2002-00:00:00,02,16,2002,00,30.456
02.16.2002-03:00:00,02,16,2002,03,30.222
02.16.2002-06:00:00,02,16,2002,06,30.422
02.16.2002-09:00:00,02,16,2002,09,30.188
02.16.2002-12:00:00,02,16,2002,12,28.175
02.16.2002-15:00:00,02,16,2002,15,28.783
02.16.2002-18:00:00,02,16,2002,18,30.1
02.16.2002-21:00:00,02,16,2002,21,30.081
02.17.2002-00:00:00,02,17,2002,00,30.304
02.17.2002-03:00:00,02,17,2002,03,30.07
02.17.2002-06:00:00,02,17,2002,06,30.27
02.17.2002-09:00:00,02,17,2002,09,28.073
02.17.2002-12:00:00,02,17,2002,12,27.697
02.17.2002-15:00:00,02,17,2002,15,28.35
02.17.2002-18:00:00,02,17,2002,18,29.637
02.17.2002-21:00:00,02,17,2002,21,29.854
02.18.2002-00:00:00,02,18,2002,00,30.14
02.18.2002-03:00:00,02,18,2002,03,29.89
02.18.2002-06:00:00,02,18,2002,06,30.108
02.18.2002-09:00:00,02,18,2002,09,27.837
02.18.2002-12:00:00,02,18,2002,12,27.591
02.18.2002-15:00:00,02,18,2002,15,28.358
02.18.2002-18:00:00,02,18,2002,18,29.579
02.18.2002-21:00:00,02,18,2002,21,29.711
02.19.2002-00:00:00,02,19,2002,00,29.98
02.19.2002-03:00:00,02,19,2002,03,29.733
02.19.2002-06:00:00,02,19,2002,06,29.947
02.19.2002-09:00:00,02,19,2002,09,27.433
02.19.2002-12:00:00,02,19,2002,12,26.927
02.19.2002-15:00:00,02,19,2002,15,27.312
02.19.2002-18:00:00,02,19,2002,18,28.195
02.19.2002-21:00:00,02,19,2002,21,28.639
02.20.2002-00:00:00,02,20,2002,00,29.189
02.20.2002-03:00:00,02,20,2002,03,29.51
02.20.2002-06:00:00,02,20,2002,06,29.75
02.20.2002-09:00:00,02,20,2002,09,27.333
02.20.2002-12:00:00,02,20,2002,12,27.114
02.20.2002-15:00:00,02,20,2002,15,27.191
02.20.2002-18:00:00,02,20,2002,18,28.407
02.20.2002-21:00:00,02,20,2002,21,28.565
02.21.2002-00:00:00,02,21,2002,00,29.437
02.21.2002-03:00:00,02,21,2002,03,29.392
02.21.2002-06:00:00,02,21,2002,06,29.586
02.21.2002-09:00:00,02,21,2002,09,27.163
02.21.2002-12:00:00,02,21,2002,12,26.866
02.21.2002-15:00:00,02,21,2002,15,27.074
02.21.2002-18:00:00,02,21,2002,18,28.261
02.21.2002-21:00:00,02,21,2002,21,28.568
02.22.2002-00:00:00,02,22,2002,00,29.134
02.22.2002-03:00:00,02,22,2002,03,29.213
02.22.2002-06:00:00,02,22,2002,06,29.426
02.22.2002-09:00:00,02,22,2002,09,27.028
02.22.2002-12:00:00,02,22,2002,12,26.402
02.22.2002-15:00:00,02,22,2002,15,26.87
02.22.2002-18:00:00,02,22,2002,18,27.482
02.22.2002-21:00:00,02,22,2002,21,28.176
02.23.2002-00:00:00,02,23,2002,00,28.456
02.23.2002-03:00:00,02,23,2002,03,28.832
02.23.2002-06:00:00,02,23,2002,06,28.616
02.23.2002-09:00:00,02,23,2002,09,26.586
02.23.2002-12:00:00,02,23,2002,12,26.139
02.23.2002-15:00:00,02,23,2002,15,26.503
02.23.2002-18:00:00,02,23,2002,18,26.945
02.23.2002-21:00:00,02,23,2002,21,27.244
02.24.2002-00:00:00,02,24,2002,00,28.136
02.24.2002-03:00:00,02,24,2002,03,27.863
02.24.2002-06:00:00,02,24,2002,06,28.634
02.24.2002-09:00:00,02,24,2002,09,28.715
02.24.2002-12:00:00,02,24,2002,12,26.988
02.24.2002-15:00:00,02,24,2002,15,27.241
02.24.2002-18:00:00,02,24,2002,18,28.513
02.24.2002-21:00:00,02,24,2002,21,28.735
02.25.2002-00:00:00,02,25,2002,00,28.961
02.25.2002-03:00:00,02,25,2002,03,28.727
02.25.2002-06:00:00,02,25,2002,06,28.929
02.25.2002-09:00:00,02,25,2002,09,28.696
02.25.2002-12:00:00,02,25,2002,12,28.897
02.25.2002-15:00:00,02,25,2002,15,28.665
02.25.2002-18:00:00,02,25,2002,18,28.866
02.25.2002-21:00:00,02,25,2002,21,28.634
02.26.2002-00:00:00,02,26,2002,00,28.834
02.26.2002-03:00:00,02,26,2002,03,28.602
02.26.2002-06:00:00,02,26,2002,06,28.803
02.26.2002-09:00:00,02,26,2002,09,28.572
02.26.2002-12:00:00,02,26,2002,12,28.771
02.26.2002-15:00:00,02,26,2002,15,28.541
02.26.2002-18:00:00,02,26,2002,18,28.739
02.26.2002-21:00:00,02,26,2002,21,28.508
02.27.2002-00:00:00,02,27,2002,00,28.708
02.27.2002-03:00:00,02,27,2002,03,28.477
02.27.2002-06:00:00,02,27,2002,06,28.676
02.27.2002-09:00:00,02,27,2002,09,28.446
02.27.2002-12:00:00,02,27,2002,12,28.645
02.27.2002-15:00:00,02,27,2002,15,28.414
02.27.2002-18:00:00,02,27,2002,18,28.614
02.27.2002-21:00:00,02,27,2002,21,28.383
02.28.2002-00:00:00,02,28,2002,00,28.582
02.28.2002-03:00:00,02,28,2002,03,28.351
02.28.2002-06:00:00,02,28,2002,06,28.55
02.28.2002-09:00:00,02,28,2002,09,26.331
02.28.2002-12:00:00,02,28,2002,12,25.968
02.28.2002-15:00:00,02,28,2002,15,26.204
02.28.2002-18:00:00,02,28,2002,18,26.894
02.28.2002-21:00:00,02,28,2002,21,27.468
03.01.2002-00:00:00,03,01,2002,00,27.867
03.01.2002-03:00:00,03,01,2002,03,28.135
03.01.2002-06:00:00,03,01,2002,06,28.393
03.01.2002-09:00:00,03,01,2002,09,26.232
03.01.2002-12:00:00,03,01,2002,12,26.01
03.01.2002-15:00:00,03,01,2002,15,26.015
03.01.2002-18:00:00,03,01,2002,18,27.032
03.01.2002-21:00:00,03,01,2002,21,27.343
03.02.2002-00:00:00,03,02,2002,00,27.979
03.02.2002-03:00:00,03,02,2002,03,27.964
03.02.2002-06:00:00,03,02,2002,06,28.239
03.02.2002-09:00:00,03,02,2002,09,28.011
03.02.2002-12:00:00,03,02,2002,12,26.276
03.02.2002-15:00:00,03,02,2002,15,26.047
03.02.2002-18:00:00,03,02,2002,18,27.264
03.02.2002-21:00:00,03,02,2002,21,27.641
03.03.2002-00:00:00,03,03,2002,00,28.016
03.03.2002-03:00:00,03,03,2002,03,27.898
03.03.2002-06:00:00,03,03,2002,06,28.1
03.03.2002-09:00:00,03,03,2002,09,25.972
03.03.2002-12:00:00,03,03,2002,12,25.628
03.03.2002-15:00:00,03,03,2002,15,25.807
03.03.2002-18:00:00,03,03,2002,18,26.513
03.03.2002-21:00:00,03,03,2002,21,27.068
03.04.2002-00:00:00,03,04,2002,00,27.4
03.04.2002-03:00:00,03,04,2002,03,27.585
03.04.2002-06:00:00,03,04,2002,06,27.944
03.04.2002-09:00:00,03,04,2002,09,25.841
03.04.2002-12:00:00,03,04,2002,12,25.209
03.04.2002-15:00:00,03,04,2002,15,25.333
03.04.2002-18:00:00,03,04,2002,18,25.947
03.04.2002-21:00:00,03,04,2002,21,25.973
03.05.2002-00:00:00,03,05,2002,00,26.837
03.05.2002-03:00:00,03,05,2002,03,26.909
03.05.2002-06:00:00,03,05,2002,06,27.125
03.05.2002-09:00:00,03,05,2002,09,25.054
03.05.2002-12:00:00,03,05,2002,12,24.725
03.05.2002-15:00:00,03,05,2002,15,24.516
03.05.2002-18:00:00,03,05,2002,18,25.184
03.05.2002-21:00:00,03,05,2002,21,24.519
03.06.2002-00:00:00,03,06,2002,00,25.516
03.06.2002-03:00:00,03,06,2002,03,24.753
03.06.2002-06:00:00,03,06,2002,06,25.374
03.06.2002-09:00:00,03,06,2002,09,25.085
03.06.2002-12:00:00,03,06,2002,12,24.77
03.06.2002-15:00:00,03,06,2002,15,24.868
03.06.2002-18:00:00,03,06,2002,18,25.255
03.06.2002-21:00:00,03,06,2002,21,25.377
03.07.2002-00:00:00,03,07,2002,00,25.898
03.07.2002-03:00:00,03,07,2002,03,25.714
03.07.2002-06:00:00,03,07,2002,06,25.929
03.07.2002-09:00:00,03,07,2002,09,26.176
03.07.2002-12:00:00,03,07,2002,12,26.707
03.07.2002-15:00:00,03,07,2002,15,26.492
03.07.2002-18:00:00,03,07,2002,18,26.702
03.07.2002-21:00:00,03,07,2002,21,26.474
03.08.2002-00:00:00,03,08,2002,00,26.682
03.08.2002-03:00:00,03,08,2002,03,26.455
03.08.2002-06:00:00,03,08,2002,06,26.669
03.08.2002-09:00:00,03,08,2002,09,26.51
03.08.2002-12:00:00,03,08,2002,12,26.72
03.08.2002-15:00:00,03,08,2002,15,26.901
03.08.2002-18:00:00,03,08,2002,18,27.217
03.08.2002-21:00:00,03,08,2002,21,26.991
03.09.2002-00:00:00,03,09,2002,00,27.194
03.09.2002-03:00:00,03,09,2002,03,26.963
03.09.2002-06:00:00,03,09,2002,06,27.166
03.09.2002-09:00:00,03,09,2002,09,26.935
03.09.2002-12:00:00,03,09,2002,12,27.138
03.09.2002-15:00:00,03,09,2002,15,26.907
03.09.2002-18:00:00,03,09,2002,18,27.11
03.09.2002-21:00:00,03,09,2002,21,26.88
03.10.2002-00:00:00,03,10,2002,00,27.082
03.10.2002-03:00:00,03,10,2002,03,26.852
03.10.2002-06:00:00,03,10,2002,06,27.054
03.10.2002-09:00:00,03,10,2002,09,26.824
03.10.2002-12:00:00,03,10,2002,12,27.025
03.10.2002-15:00:00,03,10,2002,15,26.796
03.10.2002-18:00:00,03,10,2002,18,26.997
03.10.2002-21:00:00,03,10,2002,21,26.767
03.11.2002-00:00:00,03,11,2002,00,26.97
03.11.2002-03:00:00,03,11,2002,03,26.74
03.11.2002-06:00:00,03,11,2002,06,26.942
03.11.2002-09:00:00,03,11,2002,09,26.711
03.11.2002-12:00:00,03,11,2002,12,26.914
03.11.2002-15:00:00,03,11,2002,15,26.683
03.11.2002-18:00:00,03,11,2002,18,26.886
03.11.2002-21:00:00,03,11,2002,21,26.655
03.12.2002-00:00:00,03,12,2002,00,26.845
03.12.2002-03:00:00,03,12,2002,03,26.628
03.12.2002-06:00:00,03,12,2002,06,26.817
03.12.2002-09:00:00,03,12,2002,09,25.914
03.12.2002-12:00:00,03,12,2002,12,25.865
03.12.2002-15:00:00,03,12,2002,15,26.427
03.12.2002-18:00:00,03,12,2002,18,26.737
03.12.2002-21:00:00,03,12,2002,21,26.528
03.13.2002-00:00:00,03,13,2002,00,26.732
03.13.2002-03:00:00,03,13,2002,03,26.512
03.13.2002-06:00:00,03,13,2002,06,26.705
03.13.2002-09:00:00,03,13,2002,09,24.813
03.13.2002-12:00:00,03,13,2002,12,24.54
03.13.2002-15:00:00,03,13,2002,15,24.672
03.13.2002-18:00:00,03,13,2002,18,25.148
03.13.2002-21:00:00,03,13,2002,21,25.571
03.14.2002-00:00:00,03,14,2002,00,26.036
03.14.2002-03:00:00,03,14,2002,03,25.851
03.14.2002-06:00:00,03,14,2002,06,26.485
03.14.2002-09:00:00,03,14,2002,09,24.631
03.14.2002-12:00:00,03,14,2002,12,24.398
03.14.2002-15:00:00,03,14,2002,15,24.148
03.14.2002-18:00:00,03,14,2002,18,24.625
03.14.2002-21:00:00,03,14,2002,21,24.718
03.15.2002-00:00:00,03,15,2002,00,25.147
03.15.2002-03:00:00,03,15,2002,03,25.069
03.15.2002-06:00:00,03,15,2002,06,25.854
03.15.2002-09:00:00,03,15,2002,09,24.48
03.15.2002-12:00:00,03,15,2002,12,24.273
03.15.2002-15:00:00,03,15,2002,15,24.029
03.15.2002-18:00:00,03,15,2002,18,24.525
03.15.2002-21:00:00,03,15,2002,21,24.66
03.16.2002-00:00:00,03,16,2002,00,25.027
03.16.2002-03:00:00,03,16,2002,03,25.129
03.16.2002-06:00:00,03,16,2002,06,25.725
03.16.2002-09:00:00,03,16,2002,09,24.367
03.16.2002-12:00:00,03,16,2002,12,24.168
03.16.2002-15:00:00,03,16,2002,15,23.973
03.16.2002-18:00:00,03,16,2002,18,24.698
03.16.2002-21:00:00,03,16,2002,21,24.71
03.17.2002-00:00:00,03,17,2002,00,25.577
03.17.2002-03:00:00,03,17,2002,03,25.414
03.17.2002-06:00:00,03,17,2002,06,25.622
03.17.2002-09:00:00,03,17,2002,09,25.397
03.17.2002-12:00:00,03,17,2002,12,25.603
03.17.2002-15:00:00,03,17,2002,15,25.378
03.17.2002-18:00:00,03,17,2002,18,25.583
03.17.2002-21:00:00,03,17,2002,21,25.358
03.18.2002-00:00:00,03,18,2002,00,25.564
03.18.2002-03:00:00,03,18,2002,03,25.737
03.18.2002-06:00:00,03,18,2002,06,26.004
03.18.2002-09:00:00,03,18,2002,09,25.789
03.18.2002-12:00:00,03,18,2002,12,26.001
03.18.2002-15:00:00,03,18,2002,15,25.752
03.18.2002-18:00:00,03,18,2002,18,25.972
03.18.2002-21:00:00,03,18,2002,21,25.724
03.19.2002-00:00:00,03,19,2002,00,25.945
03.19.2002-03:00:00,03,19,2002,03,25.699
03.19.2002-06:00:00,03,19,2002,06,25.918
03.19.2002-09:00:00,03,19,2002,09,25.672
03.19.2002-12:00:00,03,19,2002,12,25.892
03.19.2002-15:00:00,03,19,2002,15,25.646
03.19.2002-18:00:00,03,19,2002,18,25.866
03.19.2002-21:00:00,03,19,2002,21,25.62
03.20.2002-00:00:00,03,20,2002,00,25.839
03.20.2002-03:00:00,03,20,2002,03,25.593
03.20.2002-06:00:00,03,20,2002,06,25.813
03.20.2002-09:00:00,03,20,2002,09,25.567
03.20.2002-12:00:00,03,20,2002,12,25.786
03.20.2002-15:00:00,03,20,2002,15,25.542
03.20.2002-18:00:00,03,20,2002,18,25.76
03.20.2002-21:00:00,03,20,2002,21,25.515
03.21.2002-00:00:00,03,21,2002,00,25.735
03.21.2002-03:00:00,03,21,2002,03,25.489
03.21.2002-06:00:00,03,21,2002,06,25.708
03.21.2002-09:00:00,03,21,2002,09,25.463
03.21.2002-12:00:00,03,21,2002,12,25.682
03.21.2002-15:00:00,03,21,2002,15,25.436
03.21.2002-18:00:00,03,21,2002,18,25.656
03.21.2002-21:00:00,03,21,2002,21,25.41
03.22.2002-00:00:00,03,22,2002,00,25.63
03.22.2002-03:00:00,03,22,2002,03,25.385
03.22.2002-06:00:00,03,22,2002,06,25.603
03.22.2002-09:00:00,03,22,2002,09,25.358
03.22.2002-12:00:00,03,22,2002,12,25.577
03.22.2002-15:00:00,03,22,2002,15,25.332
03.22.2002-18:00:00,03,22,2002,18,25.55
03.22.2002-21:00:00,03,22,2002,21,25.306
03.23.2002-00:00:00,03,23,2002,00,25.525
03.23.2002-03:00:00,03,23,2002,03,25.28
03.23.2002-06:00:00,03,23,2002,06,25.498
03.23.2002-09:00:00,03,23,2002,09,23.781
03.23.2002-12:00:00,03,23,2002,12,23.54
03.23.2002-15:00:00,03,23,2002,15,23.273
03.23.2002-18:00:00,03,23,2002,18,23.499
03.23.2002-21:00:00,03,23,2002,21,23.664
03.24.2002-00:00:00,03,24,2002,00,24.244
03.24.2002-03:00:00,03,24,2002,03,24.023
03.24.2002-06:00:00,03,24,2002,06,24.249
03.24.2002-09:00:00,03,24,2002,09,22.998
03.24.2002-12:00:00,03,24,2002,12,22.413
03.24.2002-15:00:00,03,24,2002,15,22.553
03.24.2002-18:00:00,03,24,2002,18,23.233
03.24.2002-21:00:00,03,24,2002,21,22.361
03.25.2002-00:00:00,03,25,2002,00,22.465
03.25.2002-03:00:00,03,25,2002,03,22.181
03.25.2002-06:00:00,03,25,2002,06,22.685
03.25.2002-09:00:00,03,25,2002,09,22.391
03.25.2002-12:00:00,03,25,2002,12,22.086
03.25.2002-15:00:00,03,25,2002,15,22.046
03.25.2002-18:00:00,03,25,2002,18,22.045
03.25.2002-21:00:00,03,25,2002,21,22.139
03.26.2002-00:00:00,03,26,2002,00,21.991
03.26.2002-03:00:00,03,26,2002,03,21.947
03.26.2002-06:00:00,03,26,2002,06,22.071
03.26.2002-09:00:00,03,26,2002,09,21.236
03.26.2002-12:00:00,03,26,2002,12,21.125
03.26.2002-15:00:00,03,26,2002,15,21.164
03.26.2002-18:00:00,03,26,2002,18,21.653
03.26.2002-21:00:00,03,26,2002,21,22.255
03.27.2002-00:00:00,03,27,2002,00,22.11
03.27.2002-03:00:00,03,27,2002,03,21.69
03.27.2002-06:00:00,03,27,2002,06,22.036
03.27.2002-09:00:00,03,27,2002,09,21.43
03.27.2002-12:00:00,03,27,2002,12,21.06
03.27.2002-15:00:00,03,27,2002,15,22.19
03.27.2002-18:00:00,03,27,2002,18,22.44
03.27.2002-21:00:00,03,27,2002,21,22.07
03.28.2002-00:00:00,03,28,2002,00,22.1
03.28.2002-03:00:00,03,28,2002,03,22.815
03.28.2002-06:00:00,03,28,2002,06,23.039
03.28.2002-09:00:00,03,28,2002,09,22.573
03.28.2002-12:00:00,03,28,2002,12,22.09
03.28.2002-15:00:00,03,28,2002,15,22.392
03.28.2002-18:00:00,03,28,2002,18,22.422
03.28.2002-21:00:00,03,28,2002,21,22.649
03.29.2002-00:00:00,03,29,2002,00,22.94
03.29.2002-03:00:00,03,29,2002,03,23.12
03.29.2002-06:00:00,03,29,2002,06,23.123
03.29.2002-09:00:00,03,29,2002,09,22.28
03.29.2002-12:00:00,03,29,2002,12,21.762
03.29.2002-15:00:00,03,29,2002,15,22.11
03.29.2002-18:00:00,03,29,2002,18,22.233
03.29.2002-21:00:00,03,29,2002,21,21.825
03.30.2002-00:00:00,03,30,2002,00,21.642
03.30.2002-03:00:00,03,30,2002,03,22.338
03.30.2002-06:00:00,03,30,2002,06,22.624
03.30.2002-09:00:00,03,30,2002,09,21.977
03.30.2002-12:00:00,03,30,2002,12,21.441
03.30.2002-15:00:00,03,30,2002,15,21.989
03.30.2002-18:00:00,03,30,2002,18,21.955
03.30.2002-21:00:00,03,30,2002,21,21.608
03.31.2002-00:00:00,03,31,2002,00,21.827
03.31.2002-03:00:00,03,31,2002,03,21.852
03.31.2002-06:00:00,03,31,2002,06,21.776
03.31.2002-09:00:00,03,31,2002,09,21.229
03.31.2002-12:00:00,03,31,2002,12,21.114
03.31.2002-15:00:00,03,31,2002,15,21.077
03.31.2002-18:00:00,03,31,2002,18,21.157
03.31.2002-21:00:00,03,31,2002,21,21.092
04.01.2002-00:00:00,04,01,2002,00,21.266
04.01.2002-03:00:00,04,01,2002,03,20.906
04.01.2002-06:00:00,04,01,2002,06,20.965
04.01.2002-09:00:00,04,01,2002,09,20.51
04.01.2002-12:00:00,04,01,2002,12,20.194
04.01.2002-15:00:00,04,01,2002,15,20.188
04.01.2002-18:00:00,04,01,2002,18,20.263
04.01.2002-21:00:00,04,01,2002,21,20.616
04.02.2002-00:00:00,04,02,2002,00,20.896
04.02.2002-03:00:00,04,02,2002,03,20.938
04.02.2002-06:00:00,04,02,2002,06,20.726
04.02.2002-09:00:00,04,02,2002,09,20.188
04.02.2002-12:00:00,04,02,2002,12,20.076
04.02.2002-15:00:00,04,02,2002,15,20.724
04.02.2002-18:00:00,04,02,2002,18,21.229
04.02.2002-21:00:00,04,02,2002,21,21.046
04.03.2002-00:00:00,04,03,2002,00,20.603
04.03.2002-03:00:00,04,03,2002,03,20.98
04.03.2002-06:00:00,04,03,2002,06,21.224
04.03.2002-09:00:00,04,03,2002,09,21.098
04.03.2002-12:00:00,04,03,2002,12,21.15
04.03.2002-15:00:00,04,03,2002,15,21.19
04.03.2002-18:00:00,04,03,2002,18,21.64
04.03.2002-21:00:00,04,03,2002,21,21.173
04.04.2002-00:00:00,04,04,2002,00,21.783
04.04.2002-03:00:00,04,04,2002,03,21.635
04.04.2002-06:00:00,04,04,2002,06,21.942
04.04.2002-09:00:00,04,04,2002,09,20.649
04.04.2002-12:00:00,04,04,2002,12,20.629
04.04.2002-15:00:00,04,04,2002,15,20.33
04.04.2002-18:00:00,04,04,2002,18,21.344
04.04.2002-21:00:00,04,04,2002,21,20.528
04.05.2002-00:00:00,04,05,2002,00,20.674
04.05.2002-03:00:00,04,05,2002,03,20.315
04.05.2002-06:00:00,04,05,2002,06,20.367
04.05.2002-09:00:00,04,05,2002,09,20.027
04.05.2002-12:00:00,04,05,2002,12,20.321
04.05.2002-15:00:00,04,05,2002,15,20.173
04.05.2002-18:00:00,04,05,2002,18,20.269
04.05.2002-21:00:00,04,05,2002,21,19.604
04.06.2002-00:00:00,04,06,2002,00,19.818
04.06.2002-03:00:00,04,06,2002,03,20.06
04.06.2002-06:00:00,04,06,2002,06,20.124
04.06.2002-09:00:00,04,06,2002,09,19.671
04.06.2002-12:00:00,04,06,2002,12,19.409
04.06.2002-15:00:00,04,06,2002,15,19.384
04.06.2002-18:00:00,04,06,2002,18,19.445
04.06.2002-21:00:00,04,06,2002,21,19.433
04.07.2002-00:00:00,04,07,2002,00,19.645
04.07.2002-03:00:00,04,07,2002,03,20.089
04.07.2002-06:00:00,04,07,2002,06,19.901
04.07.2002-09:00:00,04,07,2002,09,19.334
04.07.2002-12:00:00,04,07,2002,12,19.236
04.07.2002-15:00:00,04,07,2002,15,19.206
04.07.2002-18:00:00,04,07,2002,18,19.31
04.07.2002-21:00:00,04,07,2002,21,19.772
04.08.2002-00:00:00,04,08,2002,00,19.861
04.08.2002-03:00:00,04,08,2002,03,19.771
04.08.2002-06:00:00,04,08,2002,06,19.972
04.08.2002-09:00:00,04,08,2002,09,19.163
04.08.2002-12:00:00,04,08,2002,12,19.133
04.08.2002-15:00:00,04,08,2002,15,19.161
04.08.2002-18:00:00,04,08,2002,18,19.519
04.08.2002-21:00:00,04,08,2002,21,19.772
04.09.2002-00:00:00,04,09,2002,00,19.829
04.09.2002-03:00:00,04,09,2002,03,19.643
04.09.2002-06:00:00,04,09,2002,06,19.71
04.09.2002-09:00:00,04,09,2002,09,19.3
04.09.2002-12:00:00,04,09,2002,12,19.43
04.09.2002-15:00:00,04,09,2002,15,19.402
04.09.2002-18:00:00,04,09,2002,18,19.725
04.09.2002-21:00:00,04,09,2002,21,19.012
04.10.2002-00:00:00,04,10,2002,00,19.686
04.10.2002-03:00:00,04,10,2002,03,19.452
04.10.2002-06:00:00,04,10,2002,06,19.478
04.10.2002-09:00:00,04,10,2002,09,19.346
04.10.2002-12:00:00,04,10,2002,12,19.065
04.10.2002-15:00:00,04,10,2002,15,19.338
04.10.2002-18:00:00,04,10,2002,18,19.703
04.10.2002-21:00:00,04,10,2002,21,19.469
04.11.2002-00:00:00,04,11,2002,00,19.809
04.11.2002-03:00:00,04,11,2002,03,19.911
04.11.2002-06:00:00,04,11,2002,06,20.002
04.11.2002-09:00:00,04,11,2002,09,19.457
04.11.2002-12:00:00,04,11,2002,12,19.478
04.11.2002-15:00:00,04,11,2002,15,19.293
04.11.2002-18:00:00,04,11,2002,18,19.561
04.11.2002-21:00:00,04,11,2002,21,19.387
04.12.2002-00:00:00,04,12,2002,00,19.605
04.12.2002-03:00:00,04,12,2002,03,19.281
04.12.2002-06:00:00,04,12,2002,06,19.293
04.12.2002-09:00:00,04,12,2002,09,18.918
04.12.2002-12:00:00,04,12,2002,12,18.632
04.12.2002-15:00:00,04,12,2002,15,18.657
04.12.2002-18:00:00,04,12,2002,18,19.004
04.12.2002-21:00:00,04,12,2002,21,19.188
04.13.2002-00:00:00,04,13,2002,00,19.297
04.13.2002-03:00:00,04,13,2002,03,19.384
04.13.2002-06:00:00,04,13,2002,06,19.16
04.13.2002-09:00:00,04,13,2002,09,18.615
04.13.2002-12:00:00,04,13,2002,12,18.761
04.13.2002-15:00:00,04,13,2002,15,19.148
04.13.2002-18:00:00,04,13,2002,18,18.972
04.13.2002-21:00:00,04,13,2002,21,19.494
04.14.2002-00:00:00,04,14,2002,00,19.097
04.14.2002-03:00:00,04,14,2002,03,19.113
04.14.2002-06:00:00,04,14,2002,06,19.278
04.14.2002-09:00:00,04,14,2002,09,18.498
04.14.2002-12:00:00,04,14,2002,12,18.441
04.14.2002-15:00:00,04,14,2002,15,18.644
04.14.2002-18:00:00,04,14,2002,18,18.936
04.14.2002-21:00:00,04,14,2002,21,18.673
04.15.2002-00:00:00,04,15,2002,00,18.877
04.15.2002-03:00:00,04,15,2002,03,19.155
04.15.2002-06:00:00,04,15,2002,06,19.192
04.15.2002-09:00:00,04,15,2002,09,19.361
04.15.2002-12:00:00,04,15,2002,12,19.153
04.15.2002-15:00:00,04,15,2002,15,19.174
04.15.2002-18:00:00,04,15,2002,18,19.353
04.15.2002-21:00:00,04,15,2002,21,20.142
04.16.2002-00:00:00,04,16,2002,00,20.771
04.16.2002-03:00:00,04,16,2002,03,21.389
04.16.2002-06:00:00,04,16,2002,06,21.176
04.16.2002-09:00:00,04,16,2002,09,19.733
04.16.2002-12:00:00,04,16,2002,12,19.17
04.16.2002-15:00:00,04,16,2002,15,19.912
04.16.2002-18:00:00,04,16,2002,18,19.61
04.16.2002-21:00:00,04,16,2002,21,20.566
04.17.2002-00:00:00,04,17,2002,00,20.792
04.17.2002-03:00:00,04,17,2002,03,21.274
04.17.2002-06:00:00,04,17,2002,06,21.301
04.17.2002-09:00:00,04,17,2002,09,19.397
04.17.2002-12:00:00,04,17,2002,12,19.25
04.17.2002-15:00:00,04,17,2002,15,19.657
04.17.2002-18:00:00,04,17,2002,18,19.785
04.17.2002-21:00:00,04,17,2002,21,20.989
04.18.2002-00:00:00,04,18,2002,00,20.846
04.18.2002-03:00:00,04,18,2002,03,20.939
04.18.2002-06:00:00,04,18,2002,06,20.92
04.18.2002-09:00:00,04,18,2002,09,19.928
04.18.2002-12:00:00,04,18,2002,12,19.027
04.18.2002-15:00:00,04,18,2002,15,19.834
04.18.2002-18:00:00,04,18,2002,18,19.455
04.18.2002-21:00:00,04,18,2002,21,20.399
04.19.2002-00:00:00,04,19,2002,00,20.782
04.19.2002-03:00:00,04,19,2002,03,21.513
04.19.2002-06:00:00,04,19,2002,06,21.116
04.19.2002-09:00:00,04,19,2002,09,19.442
04.19.2002-12:00:00,04,19,2002,12,18.716
04.19.2002-15:00:00,04,19,2002,15,18.881
04.19.2002-18:00:00,04,19,2002,18,18.675
04.19.2002-21:00:00,04,19,2002,21,18.342
04.20.2002-00:00:00,04,20,2002,00,18.657
04.20.2002-03:00:00,04,20,2002,03,18.793
04.20.2002-06:00:00,04,20,2002,06,18.965
04.20.2002-09:00:00,04,20,2002,09,18.209
04.20.2002-12:00:00,04,20,2002,12,18.11
04.20.2002-15:00:00,04,20,2002,15,18.082
04.20.2002-18:00:00,04,20,2002,18,18.08
04.20.2002-21:00:00,04,20,2002,21,18.084
04.21.2002-00:00:00,04,21,2002,00,18.085
04.21.2002-03:00:00,04,21,2002,03,18.579
04.21.2002-06:00:00,04,21,2002,06,18.615
04.21.2002-09:00:00,04,21,2002,09,18.25
04.21.2002-12:00:00,04,21,2002,12,17.967
04.21.2002-15:00:00,04,21,2002,15,17.925
04.21.2002-18:00:00,04,21,2002,18,17.925
04.21.2002-21:00:00,04,21,2002,21,17.965
04.22.2002-00:00:00,04,22,2002,00,17.977
04.22.2002-03:00:00,04,22,2002,03,19.138
04.22.2002-06:00:00,04,22,2002,06,18.375
04.22.2002-09:00:00,04,22,2002,09,17.939
04.22.2002-12:00:00,04,22,2002,12,17.863
04.22.2002-15:00:00,04,22,2002,15,19.979
04.22.2002-18:00:00,04,22,2002,18,32.242
04.22.2002-21:00:00,04,22,2002,21,24.508
04.23.2002-00:00:00,04,23,2002,00,27.588
04.23.2002-03:00:00,04,23,2002,03,21.647
04.23.2002-06:00:00,04,23,2002,06,19.487
04.23.2002-09:00:00,04,23,2002,09,17.876
04.23.2002-12:00:00,04,23,2002,12,17.75
04.23.2002-15:00:00,04,23,2002,15,17.724
04.23.2002-18:00:00,04,23,2002,18,17.737
04.23.2002-21:00:00,04,23,2002,21,22.554
04.24.2002-00:00:00,04,24,2002,00,19.667
04.24.2002-03:00:00,04,24,2002,03,20.663
04.24.2002-06:00:00,04,24,2002,06,20.834
04.24.2002-09:00:00,04,24,2002,09,18.682
04.24.2002-12:00:00,04,24,2002,12,17.75
04.24.2002-15:00:00,04,24,2002,15,18.211
04.24.2002-18:00:00,04,24,2002,18,18.393
04.24.2002-21:00:00,04,24,2002,21,18.363
04.25.2002-00:00:00,04,25,2002,00,19.714
04.25.2002-03:00:00,04,25,2002,03,19.809
04.25.2002-06:00:00,04,25,2002,06,20.595
04.25.2002-09:00:00,04,25,2002,09,18.09
04.25.2002-12:00:00,04,25,2002,12,17.602
04.25.2002-15:00:00,04,25,2002,15,17.567
04.25.2002-18:00:00,04,25,2002,18,17.569
04.25.2002-21:00:00,04,25,2002,21,17.608
04.26.2002-00:00:00,04,26,2002,00,18.079
04.26.2002-03:00:00,04,26,2002,03,18.151
04.26.2002-06:00:00,04,26,2002,06,18.295
04.26.2002-09:00:00,04,26,2002,09,17.556
04.26.2002-12:00:00,04,26,2002,12,17.461
04.26.2002-15:00:00,04,26,2002,15,17.432
04.26.2002-18:00:00,04,26,2002,18,17.435
04.26.2002-21:00:00,04,26,2002,21,17.435
04.27.2002-00:00:00,04,27,2002,00,17.435
04.27.2002-03:00:00,04,27,2002,03,17.441
04.27.2002-06:00:00,04,27,2002,06,17.88
04.27.2002-09:00:00,04,27,2002,09,17.416
04.27.2002-12:00:00,04,27,2002,12,17.341
04.27.2002-15:00:00,04,27,2002,15,17.314
04.27.2002-18:00:00,04,27,2002,18,17.314
04.27.2002-21:00:00,04,27,2002,21,17.316
04.28.2002-00:00:00,04,28,2002,00,17.376
04.28.2002-03:00:00,04,28,2002,03,17.854
04.28.2002-06:00:00,04,28,2002,06,18.033
04.28.2002-09:00:00,04,28,2002,09,17.322
04.28.2002-12:00:00,04,28,2002,12,17.252
04.28.2002-15:00:00,04,28,2002,15,17.263
04.28.2002-18:00:00,04,28,2002,18,25.879
04.28.2002-21:00:00,04,28,2002,21,20.072
04.29.2002-00:00:00,04,29,2002,00,21.592
04.29.2002-03:00:00,04,29,2002,03,19.623
04.29.2002-06:00:00,04,29,2002,06,18.24
04.29.2002-09:00:00,04,29,2002,09,17.256
04.29.2002-12:00:00,04,29,2002,12,17.158
04.29.2002-15:00:00,04,29,2002,15,35.177
04.29.2002-18:00:00,04,29,2002,18,26.345
04.29.2002-21:00:00,04,29,2002,21,32.953
04.30.2002-00:00:00,04,30,2002,00,23.69
04.30.2002-03:00:00,04,30,2002,03,23.095
04.30.2002-06:00:00,04,30,2002,06,17.869
04.30.2002-09:00:00,04,30,2002,09,17.12
04.30.2002-12:00:00,04,30,2002,12,17.076
04.30.2002-15:00:00,04,30,2002,15,43.098
04.30.2002-18:00:00,04,30,2002,18,34.853
04.30.2002-21:00:00,04,30,2002,21,35.103
05.01.2002-00:00:00,05,01,2002,00,25.793
05.01.2002-03:00:00,05,01,2002,03,25.605
05.01.2002-06:00:00,05,01,2002,06,18.577
05.01.2002-09:00:00,05,01,2002,09,17.006
05.01.2002-12:00:00,05,01,2002,12,31.535
05.01.2002-15:00:00,05,01,2002,15,38.698
05.01.2002-18:00:00,05,01,2002,18,48.641
05.01.2002-21:00:00,05,01,2002,21,32.437
05.02.2002-00:00:00,05,02,2002,00,33.425
05.02.2002-03:00:00,05,02,2002,03,24.826
05.02.2002-06:00:00,05,02,2002,06,22.327
05.02.2002-09:00:00,05,02,2002,09,17.051
05.02.2002-12:00:00,05,02,2002,12,23.34
05.02.2002-15:00:00,05,02,2002,15,49.129
05.02.2002-18:00:00,05,02,2002,18,36.184
05.02.2002-21:00:00,05,02,2002,21,38.026
05.03.2002-00:00:00,05,03,2002,00,27.932
05.03.2002-03:00:00,05,03,2002,03,26.6
05.03.2002-06:00:00,05,03,2002,06,18.668
05.03.2002-09:00:00,05,03,2002,09,16.84
05.03.2002-12:00:00,05,03,2002,12,23.304
05.03.2002-15:00:00,05,03,2002,15,45.017
05.03.2002-18:00:00,05,03,2002,18,34.566
05.03.2002-21:00:00,05,03,2002,21,34.128
05.04.2002-00:00:00,05,04,2002,00,24.996
05.04.2002-03:00:00,05,04,2002,03,23.706
05.04.2002-06:00:00,05,04,2002,06,18.819
05.04.2002-09:00:00,05,04,2002,09,17.371
05.04.2002-12:00:00,05,04,2002,12,16.992
05.04.2002-15:00:00,05,04,2002,15,34.112
05.04.2002-18:00:00,05,04,2002,18,27.811
05.04.2002-21:00:00,05,04,2002,21,27.181
05.05.2002-00:00:00,05,05,2002,00,20.677
05.05.2002-03:00:00,05,05,2002,03,19.783
05.05.2002-06:00:00,05,05,2002,06,18.261
05.05.2002-09:00:00,05,05,2002,09,17.087
05.05.2002-12:00:00,05,05,2002,12,17.009
05.05.2002-15:00:00,05,05,2002,15,25.772
05.05.2002-18:00:00,05,05,2002,18,32.187
05.05.2002-21:00:00,05,05,2002,21,24.268
05.06.2002-00:00:00,05,06,2002,00,22.559
05.06.2002-03:00:00,05,06,2002,03,19.701
05.06.2002-06:00:00,05,06,2002,06,19.626
05.06.2002-09:00:00,05,06,2002,09,17.58
05.06.2002-12:00:00,05,06,2002,12,17.1
05.06.2002-15:00:00,05,06,2002,15,20.046
05.06.2002-18:00:00,05,06,2002,18,28.13
05.06.2002-21:00:00,05,06,2002,21,22.543
05.07.2002-00:00:00,05,07,2002,00,20.052
05.07.2002-03:00:00,05,07,2002,03,19.521
05.07.2002-06:00:00,05,07,2002,06,19.486
05.07.2002-09:00:00,05,07,2002,09,17.534
05.07.2002-12:00:00,05,07,2002,12,17.063
05.07.2002-15:00:00,05,07,2002,15,17.041
05.07.2002-18:00:00,05,07,2002,18,17.385
05.07.2002-21:00:00,05,07,2002,21,18.757
05.08.2002-00:00:00,05,08,2002,00,19.741
05.08.2002-03:00:00,05,08,2002,03,19.95
05.08.2002-06:00:00,05,08,2002,06,19.944
05.08.2002-09:00:00,05,08,2002,09,17.505
05.08.2002-12:00:00,05,08,2002,12,17.004
05.08.2002-15:00:00,05,08,2002,15,16.975
05.08.2002-18:00:00,05,08,2002,18,19.326
05.08.2002-21:00:00,05,08,2002,21,23.62
05.09.2002-00:00:00,05,09,2002,00,20.26
05.09.2002-03:00:00,05,09,2002,03,20.243
05.09.2002-06:00:00,05,09,2002,06,19.918
05.09.2002-09:00:00,05,09,2002,09,17.456
05.09.2002-12:00:00,05,09,2002,12,16.956
05.09.2002-15:00:00,05,09,2002,15,16.932
05.09.2002-18:00:00,05,09,2002,18,24.716
05.09.2002-21:00:00,05,09,2002,21,21.33
05.10.2002-00:00:00,05,10,2002,00,20.536
05.10.2002-03:00:00,05,10,2002,03,19.907
05.10.2002-06:00:00,05,10,2002,06,18.782
05.10.2002-09:00:00,05,10,2002,09,17.171
05.10.2002-12:00:00,05,10,2002,12,16.905
05.10.2002-15:00:00,05,10,2002,15,22.42
05.10.2002-18:00:00,05,10,2002,18,29.571
05.10.2002-21:00:00,05,10,2002,21,23.415
05.11.2002-00:00:00,05,11,2002,00,20.855
05.11.2002-03:00:00,05,11,2002,03,19.933
05.11.2002-06:00:00,05,11,2002,06,18.046
05.11.2002-09:00:00,05,11,2002,09,17.1
05.11.2002-12:00:00,05,11,2002,12,16.941
05.11.2002-15:00:00,05,11,2002,15,36.631
05.11.2002-18:00:00,05,11,2002,18,30.522
05.11.2002-21:00:00,05,11,2002,21,34.266
05.12.2002-00:00:00,05,12,2002,00,23.55
05.12.2002-03:00:00,05,12,2002,03,22.876
05.12.2002-06:00:00,05,12,2002,06,17.919
05.12.2002-09:00:00,05,12,2002,09,17.211
05.12.2002-12:00:00,05,12,2002,12,19.226
05.12.2002-15:00:00,05,12,2002,15,47.81
05.12.2002-18:00:00,05,12,2002,18,37.695
05.12.2002-21:00:00,05,12,2002,21,37.801
05.13.2002-00:00:00,05,13,2002,00,27.688
05.13.2002-03:00:00,05,13,2002,03,27.219
05.13.2002-06:00:00,05,13,2002,06,19.994
05.13.2002-09:00:00,05,13,2002,09,49.847
05.13.2002-12:00:00,05,13,2002,12,166.43
05.13.2002-15:00:00,05,13,2002,15,162.93
05.13.2002-18:00:00,05,13,2002,18,109.29
05.13.2002-21:00:00,05,13,2002,21,127.94
05.14.2002-00:00:00,05,14,2002,00,111.48
05.14.2002-03:00:00,05,14,2002,03,74.434
05.14.2002-06:00:00,05,14,2002,06,37.643
05.14.2002-09:00:00,05,14,2002,09,107.18
05.14.2002-12:00:00,05,14,2002,12,241.23
05.14.2002-15:00:00,05,14,2002,15,280.52
05.14.2002-18:00:00,05,14,2002,18,207.1
05.14.2002-21:00:00,05,14,2002,21,187.69
05.15.2002-00:00:00,05,15,2002,00,202.64
05.15.2002-03:00:00,05,15,2002,03,181.48
05.15.2002-06:00:00,05,15,2002,06,130.78
05.15.2002-09:00:00,05,15,2002,09,84.843
05.15.2002-12:00:00,05,15,2002,12,226.17
05.15.2002-15:00:00,05,15,2002,15,258.54
05.15.2002-18:00:00,05,15,2002,18,138.77
05.15.2002-21:00:00,05,15,2002,21,114.57
05.16.2002-00:00:00,05,16,2002,00,111.09
05.16.2002-03:00:00,05,16,2002,03,117.9
05.16.2002-06:00:00,05,16,2002,06,112.28
05.16.2002-09:00:00,05,16,2002,09,107.45
05.16.2002-12:00:00,05,16,2002,12,296.61
05.16.2002-15:00:00,05,16,2002,15,382.01
05.16.2002-18:00:00,05,16,2002,18,198.8
05.16.2002-21:00:00,05,16,2002,21,158.77
05.17.2002-00:00:00,05,17,2002,00,163.29
05.17.2002-03:00:00,05,17,2002,03,170.52
05.17.2002-06:00:00,05,17,2002,06,149.43
05.17.2002-09:00:00,05,17,2002,09,154.58
05.17.2002-12:00:00,05,17,2002,12,425.84
05.17.2002-15:00:00,05,17,2002,15,458.61
05.17.2002-18:00:00,05,17,2002,18,283.95
05.17.2002-21:00:00,05,17,2002,21,283.03
05.18.2002-00:00:00,05,18,2002,00,265.48
05.18.2002-03:00:00,05,18,2002,03,245.93
05.18.2002-06:00:00,05,18,2002,06,222.58
05.18.2002-09:00:00,05,18,2002,09,394.31
05.18.2002-12:00:00,05,18,2002,12,629.66
05.18.2002-15:00:00,05,18,2002,15,613.99
05.18.2002-18:00:00,05,18,2002,18,404.83
05.18.2002-21:00:00,05,18,2002,21,365.96
05.19.2002-00:00:00,05,19,2002,00,299.52
05.19.2002-03:00:00,05,19,2002,03,253.09
05.19.2002-06:00:00,05,19,2002,06,208.69
05.19.2002-09:00:00,05,19,2002,09,385.06
05.19.2002-12:00:00,05,19,2002,12,524.68
05.19.2002-15:00:00,05,19,2002,15,516.25
05.19.2002-18:00:00,05,19,2002,18,416.08
05.19.2002-21:00:00,05,19,2002,21,371.04
05.20.2002-00:00:00,05,20,2002,00,314.11
05.20.2002-03:00:00,05,20,2002,03,233.65
05.20.2002-06:00:00,05,20,2002,06,205.92
05.20.2002-09:00:00,05,20,2002,09,466.04
05.20.2002-12:00:00,05,20,2002,12,721.03
05.20.2002-15:00:00,05,20,2002,15,820.2
05.20.2002-18:00:00,05,20,2002,18,789.14
05.20.2002-21:00:00,05,20,2002,21,767.22
05.21.2002-00:00:00,05,21,2002,00,658.23
05.21.2002-03:00:00,05,21,2002,03,581.12
05.21.2002-06:00:00,05,21,2002,06,504.73
05.21.2002-09:00:00,05,21,2002,09,705.37
05.21.2002-12:00:00,05,21,2002,12,877.56
05.21.2002-15:00:00,05,21,2002,15,919.6
05.21.2002-18:00:00,05,21,2002,18,779.6
05.21.2002-21:00:00,05,21,2002,21,756.51
05.22.2002-00:00:00,05,22,2002,00,606.82
05.22.2002-03:00:00,05,22,2002,03,549.27
05.22.2002-06:00:00,05,22,2002,06,442.18
05.22.2002-09:00:00,05,22,2002,09,513.21
05.22.2002-12:00:00,05,22,2002,12,776.57
05.22.2002-15:00:00,05,22,2002,15,934.37
05.22.2002-18:00:00,05,22,2002,18,785.77
05.22.2002-21:00:00,05,22,2002,21,761.89
05.23.2002-00:00:00,05,23,2002,00,640.53
05.23.2002-03:00:00,05,23,2002,03,555.97
05.23.2002-06:00:00,05,23,2002,06,469.62
05.23.2002-09:00:00,05,23,2002,09,471.9
05.23.2002-12:00:00,05,23,2002,12,783.28
05.23.2002-15:00:00,05,23,2002,15,989.54
05.23.2002-18:00:00,05,23,2002,18,735.03
05.23.2002-21:00:00,05,23,2002,21,685.75
05.24.2002-00:00:00,05,24,2002,00,659.96
05.24.2002-03:00:00,05,24,2002,03,584.78
05.24.2002-06:00:00,05,24,2002,06,502.48
05.24.2002-09:00:00,05,24,2002,09,503.91
05.24.2002-12:00:00,05,24,2002,12,1125.1
05.24.2002-15:00:00,05,24,2002,15,1507.6
05.24.2002-18:00:00,05,24,2002,18,1167.2
05.24.2002-21:00:00,05,24,2002,21,1109.6
05.25.2002-00:00:00,05,25,2002,00,1003.2
05.25.2002-03:00:00,05,25,2002,03,965.39
05.25.2002-06:00:00,05,25,2002,06,879.03
05.25.2002-09:00:00,05,25,2002,09,877.72
05.25.2002-12:00:00,05,25,2002,12,1576
05.25.2002-15:00:00,05,25,2002,15,1919.2
05.25.2002-18:00:00,05,25,2002,18,1475.9
05.25.2002-21:00:00,05,25,2002,21,1457.7
05.26.2002-00:00:00,05,26,2002,00,1357.3
05.26.2002-03:00:00,05,26,2002,03,1253.6
05.26.2002-06:00:00,05,26,2002,06,1077.4
05.26.2002-09:00:00,05,26,2002,09,1372.1
05.26.2002-12:00:00,05,26,2002,12,2061.6
05.26.2002-15:00:00,05,26,2002,15,2247.5
05.26.2002-18:00:00,05,26,2002,18,1858.1
05.26.2002-21:00:00,05,26,2002,21,1958.4
05.27.2002-00:00:00,05,27,2002,00,2026.1
05.27.2002-03:00:00,05,27,2002,03,1908.2
05.27.2002-06:00:00,05,27,2002,06,1573.5
05.27.2002-09:00:00,05,27,2002,09,1606.7
05.27.2002-12:00:00,05,27,2002,12,2275.8
05.27.2002-15:00:00,05,27,2002,15,2476.5
05.27.2002-18:00:00,05,27,2002,18,2088.9
05.27.2002-21:00:00,05,27,2002,21,2037.6
05.28.2002-00:00:00,05,28,2002,00,1947.1
05.28.2002-03:00:00,05,28,2002,03,1737.6
05.28.2002-06:00:00,05,28,2002,06,1478
05.28.2002-09:00:00,05,28,2002,09,1759.2
05.28.2002-12:00:00,05,28,2002,12,2409
05.28.2002-15:00:00,05,28,2002,15,2649.2
05.28.2002-18:00:00,05,28,2002,18,2352.2
05.28.2002-21:00:00,05,28,2002,21,2311.8
05.29.2002-00:00:00,05,29,2002,00,2176.9
05.29.2002-03:00:00,05,29,2002,03,2120.7
05.29.2002-06:00:00,05,29,2002,06,1872.6
05.29.2002-09:00:00,05,29,2002,09,2411.5
05.29.2002-12:00:00,05,29,2002,12,2762.9
05.29.2002-15:00:00,05,29,2002,15,3043.6
05.29.2002-18:00:00,05,29,2002,18,2860.8
05.29.2002-21:00:00,05,29,2002,21,2753.7
05.30.2002-00:00:00,05,30,2002,00,2712.9
05.30.2002-03:00:00,05,30,2002,03,2438.1
05.30.2002-06:00:00,05,30,2002,06,2091.2
05.30.2002-09:00:00,05,30,2002,09,2769.4
05.30.2002-12:00:00,05,30,2002,12,3641.9
05.30.2002-15:00:00,05,30,2002,15,3996.4
05.30.2002-18:00:00,05,30,2002,18,3778.4
05.30.2002-21:00:00,05,30,2002,21,3592.1
05.31.2002-00:00:00,05,31,2002,00,3468.7
05.31.2002-03:00:00,05,31,2002,03,3231.7
05.31.2002-06:00:00,05,31,2002,06,2760.6
05.31.2002-09:00:00,05,31,2002,09,2946.7
05.31.2002-12:00:00,05,31,2002,12,4035
05.31.2002-15:00:00,05,31,2002,15,4306.5
05.31.2002-18:00:00,05,31,2002,18,3976.3
05.31.2002-21:00:00,05,31,2002,21,3888.4
06.01.2002-00:00:00,06,01,2002,00,3771.6
06.01.2002-03:00:00,06,01,2002,03,3512
06.01.2002-06:00:00,06,01,2002,06,2972.3
06.01.2002-09:00:00,06,01,2002,09,3418.4
06.01.2002-12:00:00,06,01,2002,12,4115.2
06.01.2002-15:00:00,06,01,2002,15,4261.7
06.01.2002-18:00:00,06,01,2002,18,3892.8
06.01.2002-21:00:00,06,01,2002,21,3790.1
06.02.2002-00:00:00,06,02,2002,00,3716.3
06.02.2002-03:00:00,06,02,2002,03,3482
06.02.2002-06:00:00,06,02,2002,06,3036.7
06.02.2002-09:00:00,06,02,2002,09,3876.2
06.02.2002-12:00:00,06,02,2002,12,4706.2
06.02.2002-15:00:00,06,02,2002,15,5133
06.02.2002-18:00:00,06,02,2002,18,4902.7
06.02.2002-21:00:00,06,02,2002,21,4744.1
06.03.2002-00:00:00,06,03,2002,00,4581.1
06.03.2002-03:00:00,06,03,2002,03,4395
06.03.2002-06:00:00,06,03,2002,06,3836
06.03.2002-09:00:00,06,03,2002,09,4808.5
06.03.2002-12:00:00,06,03,2002,12,5618.6
06.03.2002-15:00:00,06,03,2002,15,6037.1
06.03.2002-18:00:00,06,03,2002,18,5834.6
06.03.2002-21:00:00,06,03,2002,21,5656.5
06.04.2002-00:00:00,06,04,2002,00,5552
06.04.2002-03:00:00,06,04,2002,03,5093.2
06.04.2002-06:00:00,06,04,2002,06,4528.1
06.04.2002-09:00:00,06,04,2002,09,5426
06.04.2002-12:00:00,06,04,2002,12,6152.4
06.04.2002-15:00:00,06,04,2002,15,6625.9
06.04.2002-18:00:00,06,04,2002,18,6343.7
06.04.2002-21:00:00,06,04,2002,21,6193.6
06.05.2002-00:00:00,06,05,2002,00,5920.9
06.05.2002-03:00:00,06,05,2002,03,5447.2
06.05.2002-06:00:00,06,05,2002,06,4816.1
06.05.2002-09:00:00,06,05,2002,09,5723.1
06.05.2002-12:00:00,06,05,2002,12,6444.7
06.05.2002-15:00:00,06,05,2002,15,6924
06.05.2002-18:00:00,06,05,2002,18,6770.1
06.05.2002-21:00:00,06,05,2002,21,6508.4
06.06.2002-00:00:00,06,06,2002,00,6374.9
06.06.2002-03:00:00,06,06,2002,03,5724.6
06.06.2002-06:00:00,06,06,2002,06,5229.7
06.06.2002-09:00:00,06,06,2002,09,6136.8
06.06.2002-12:00:00,06,06,2002,12,6723
06.06.2002-15:00:00,06,06,2002,15,7164.2
06.06.2002-18:00:00,06,06,2002,18,6980.8
06.06.2002-21:00:00,06,06,2002,21,6678
06.07.2002-00:00:00,06,07,2002,00,6365.7
06.07.2002-03:00:00,06,07,2002,03,5702.7
06.07.2002-06:00:00,06,07,2002,06,5146.5
06.07.2002-09:00:00,06,07,2002,09,5025.7
06.07.2002-12:00:00,06,07,2002,12,5631.1
06.07.2002-15:00:00,06,07,2002,15,5651.9
06.07.2002-18:00:00,06,07,2002,18,5275.6
06.07.2002-21:00:00,06,07,2002,21,5055.1
06.08.2002-00:00:00,06,08,2002,00,4689.3
06.08.2002-03:00:00,06,08,2002,03,4084.2
06.08.2002-06:00:00,06,08,2002,06,3555.8
06.08.2002-09:00:00,06,08,2002,09,3163.3
06.08.2002-12:00:00,06,08,2002,12,2858.6
06.08.2002-15:00:00,06,08,2002,15,2633
06.08.2002-18:00:00,06,08,2002,18,2457.5
06.08.2002-21:00:00,06,08,2002,21,2393.6
06.09.2002-00:00:00,06,09,2002,00,2205.1
06.09.2002-03:00:00,06,09,2002,03,2052.4
06.09.2002-06:00:00,06,09,2002,06,1807.8
06.09.2002-09:00:00,06,09,2002,09,1662.6
06.09.2002-12:00:00,06,09,2002,12,1505.1
06.09.2002-15:00:00,06,09,2002,15,1468
06.09.2002-18:00:00,06,09,2002,18,1424.1
06.09.2002-21:00:00,06,09,2002,21,1420.5
06.10.2002-00:00:00,06,10,2002,00,1327.6
06.10.2002-03:00:00,06,10,2002,03,1334.3
06.10.2002-06:00:00,06,10,2002,06,1230.9
06.10.2002-09:00:00,06,10,2002,09,1320.8
06.10.2002-12:00:00,06,10,2002,12,1555.6
06.10.2002-15:00:00,06,10,2002,15,1891.4
06.10.2002-18:00:00,06,10,2002,18,1692.7
06.10.2002-21:00:00,06,10,2002,21,1664
06.11.2002-00:00:00,06,11,2002,00,1637.5
06.11.2002-03:00:00,06,11,2002,03,1530.5
06.11.2002-06:00:00,06,11,2002,06,1432.8
06.11.2002-09:00:00,06,11,2002,09,2344.7
06.11.2002-12:00:00,06,11,2002,12,3455.4
06.11.2002-15:00:00,06,11,2002,15,3890.6
06.11.2002-18:00:00,06,11,2002,18,3647
06.11.2002-21:00:00,06,11,2002,21,3538
06.12.2002-00:00:00,06,12,2002,00,3429.1
06.12.2002-03:00:00,06,12,2002,03,3375.1
06.12.2002-06:00:00,06,12,2002,06,3245.4
06.12.2002-09:00:00,06,12,2002,09,4347
06.12.2002-12:00:00,06,12,2002,12,5304.4
06.12.2002-15:00:00,06,12,2002,15,5656.4
06.12.2002-18:00:00,06,12,2002,18,5548.8
06.12.2002-21:00:00,06,12,2002,21,5512.1
06.13.2002-00:00:00,06,13,2002,00,5436.1
06.13.2002-03:00:00,06,13,2002,03,5047.5
06.13.2002-06:00:00,06,13,2002,06,4678.1
06.13.2002-09:00:00,06,13,2002,09,5649.3
06.13.2002-12:00:00,06,13,2002,12,6575.3
06.13.2002-15:00:00,06,13,2002,15,7003.5
06.13.2002-18:00:00,06,13,2002,18,6751.6
06.13.2002-21:00:00,06,13,2002,21,6688.2
06.14.2002-00:00:00,06,14,2002,00,6391.4
06.14.2002-03:00:00,06,14,2002,03,5982.3
06.14.2002-06:00:00,06,14,2002,06,5812.3
06.14.2002-09:00:00,06,14,2002,09,6616.2
06.14.2002-12:00:00,06,14,2002,12,7738.8
06.14.2002-15:00:00,06,14,2002,15,7973.6
06.14.2002-18:00:00,06,14,2002,18,7822.2
06.14.2002-21:00:00,06,14,2002,21,7568.9
06.15.2002-00:00:00,06,15,2002,00,7337
06.15.2002-03:00:00,06,15,2002,03,6672.1
06.15.2002-06:00:00,06,15,2002,06,6676.6
06.15.2002-09:00:00,06,15,2002,09,7514.9
06.15.2002-12:00:00,06,15,2002,12,8710.4
06.15.2002-15:00:00,06,15,2002,15,9009.4
06.15.2002-18:00:00,06,15,2002,18,8622.2
06.15.2002-21:00:00,06,15,2002,21,8456.9
06.16.2002-00:00:00,06,16,2002,00,7955.2
06.16.2002-03:00:00,06,16,2002,03,7399.6
06.16.2002-06:00:00,06,16,2002,06,7279.8
06.16.2002-09:00:00,06,16,2002,09,8217.5
06.16.2002-12:00:00,06,16,2002,12,9172.3
06.16.2002-15:00:00,06,16,2002,15,9524.9
06.16.2002-18:00:00,06,16,2002,18,9205.9
06.16.2002-21:00:00,06,16,2002,21,8848.5
06.17.2002-00:00:00,06,17,2002,00,8283.9
06.17.2002-03:00:00,06,17,2002,03,7640.3
06.17.2002-06:00:00,06,17,2002,06,7312
06.17.2002-09:00:00,06,17,2002,09,8019.8
06.17.2002-12:00:00,06,17,2002,12,8815.5
06.17.2002-15:00:00,06,17,2002,15,9029.9
06.17.2002-18:00:00,06,17,2002,18,8478.9
06.17.2002-21:00:00,06,17,2002,21,8148
06.18.2002-00:00:00,06,18,2002,00,7480.2
06.18.2002-03:00:00,06,18,2002,03,6821.6
06.18.2002-06:00:00,06,18,2002,06,6396.3
06.18.2002-09:00:00,06,18,2002,09,6710.6
06.18.2002-12:00:00,06,18,2002,12,7155
06.18.2002-15:00:00,06,18,2002,15,7004.1
06.18.2002-18:00:00,06,18,2002,18,6619.1
06.18.2002-21:00:00,06,18,2002,21,6187
06.19.2002-00:00:00,06,19,2002,00,5785
06.19.2002-03:00:00,06,19,2002,03,5127.4
06.19.2002-06:00:00,06,19,2002,06,4711.7
06.19.2002-09:00:00,06,19,2002,09,4866.9
06.19.2002-12:00:00,06,19,2002,12,5231
06.19.2002-15:00:00,06,19,2002,15,5070.2
06.19.2002-18:00:00,06,19,2002,18,4578.4
06.19.2002-21:00:00,06,19,2002,21,4214.5
06.20.2002-00:00:00,06,20,2002,00,3933.3
06.20.2002-03:00:00,06,20,2002,03,3574.9
06.20.2002-06:00:00,06,20,2002,06,3115.5
06.20.2002-09:00:00,06,20,2002,09,3447.4
06.20.2002-12:00:00,06,20,2002,12,4271.7
06.20.2002-15:00:00,06,20,2002,15,4349.1
06.20.2002-18:00:00,06,20,2002,18,3690.7
06.20.2002-21:00:00,06,20,2002,21,3443.3
06.21.2002-00:00:00,06,21,2002,00,3318
06.21.2002-03:00:00,06,21,2002,03,3115.2
06.21.2002-06:00:00,06,21,2002,06,2774
06.21.2002-09:00:00,06,21,2002,09,3528
06.21.2002-12:00:00,06,21,2002,12,4407.3
06.21.2002-15:00:00,06,21,2002,15,4466.1
06.21.2002-18:00:00,06,21,2002,18,3793.7
06.21.2002-21:00:00,06,21,2002,21,3637.4
06.22.2002-00:00:00,06,22,2002,00,3607.6
06.22.2002-03:00:00,06,22,2002,03,3459.3
06.22.2002-06:00:00,06,22,2002,06,3174.5
06.22.2002-09:00:00,06,22,2002,09,4104.5
06.22.2002-12:00:00,06,22,2002,12,4773.2
06.22.2002-15:00:00,06,22,2002,15,4945.6
06.22.2002-18:00:00,06,22,2002,18,4499.2
06.22.2002-21:00:00,06,22,2002,21,4423.8
06.23.2002-00:00:00,06,23,2002,00,4174.8
06.23.2002-03:00:00,06,23,2002,03,3900
06.23.2002-06:00:00,06,23,2002,06,3842.9
06.23.2002-09:00:00,06,23,2002,09,4482.4
06.23.2002-12:00:00,06,23,2002,12,5016.2
06.23.2002-15:00:00,06,23,2002,15,5256.5
06.23.2002-18:00:00,06,23,2002,18,4903.4
06.23.2002-21:00:00,06,23,2002,21,4732.1
06.24.2002-00:00:00,06,24,2002,00,4489.7
06.24.2002-03:00:00,06,24,2002,03,4034.2
06.24.2002-06:00:00,06,24,2002,06,3839.6
06.24.2002-09:00:00,06,24,2002,09,4249.5
06.24.2002-12:00:00,06,24,2002,12,4724.3
06.24.2002-15:00:00,06,24,2002,15,4661.3
06.24.2002-18:00:00,06,24,2002,18,4231.1
06.24.2002-21:00:00,06,24,2002,21,4165.4
06.25.2002-00:00:00,06,25,2002,00,3794.3
06.25.2002-03:00:00,06,25,2002,03,3559.6
06.25.2002-06:00:00,06,25,2002,06,3304.4
06.25.2002-09:00:00,06,25,2002,09,3719.2
06.25.2002-12:00:00,06,25,2002,12,4040.5
06.25.2002-15:00:00,06,25,2002,15,4057.5
06.25.2002-18:00:00,06,25,2002,18,3548.1
06.25.2002-21:00:00,06,25,2002,21,3219.7
06.26.2002-00:00:00,06,26,2002,00,3084.7
06.26.2002-03:00:00,06,26,2002,03,2908
06.26.2002-06:00:00,06,26,2002,06,2854.7
06.26.2002-09:00:00,06,26,2002,09,3380.5
06.26.2002-12:00:00,06,26,2002,12,3801.1
06.26.2002-15:00:00,06,26,2002,15,3894.9
06.26.2002-18:00:00,06,26,2002,18,3433
06.26.2002-21:00:00,06,26,2002,21,3165.7
06.27.2002-00:00:00,06,27,2002,00,3016.4
06.27.2002-03:00:00,06,27,2002,03,3022.1
06.27.2002-06:00:00,06,27,2002,06,3072.4
06.27.2002-09:00:00,06,27,2002,09,3563.8
06.27.2002-12:00:00,06,27,2002,12,3885.2
06.27.2002-15:00:00,06,27,2002,15,3876.4
06.27.2002-18:00:00,06,27,2002,18,3484.8
06.27.2002-21:00:00,06,27,2002,21,3225.1
06.28.2002-00:00:00,06,28,2002,00,3158
06.28.2002-03:00:00,06,28,2002,03,3292.8
06.28.2002-06:00:00,06,28,2002,06,3451.6
06.28.2002-09:00:00,06,28,2002,09,3811.7
06.28.2002-12:00:00,06,28,2002,12,3958.8
06.28.2002-15:00:00,06,28,2002,15,3836.1
06.28.2002-18:00:00,06,28,2002,18,3509.4
06.28.2002-21:00:00,06,28,2002,21,3538.6
06.29.2002-00:00:00,06,29,2002,00,3372.2
06.29.2002-03:00:00,06,29,2002,03,3255.7
06.29.2002-06:00:00,06,29,2002,06,3113.5
06.29.2002-09:00:00,06,29,2002,09,3038.9
06.29.2002-12:00:00,06,29,2002,12,2885.9
06.29.2002-15:00:00,06,29,2002,15,2671.9
06.29.2002-18:00:00,06,29,2002,18,2402
06.29.2002-21:00:00,06,29,2002,21,2273.1
06.30.2002-00:00:00,06,30,2002,00,2109.9
06.30.2002-03:00:00,06,30,2002,03,2012.1
06.30.2002-06:00:00,06,30,2002,06,1805.1
06.30.2002-09:00:00,06,30,2002,09,1849.8
06.30.2002-12:00:00,06,30,2002,12,1883.9
06.30.2002-15:00:00,06,30,2002,15,1756.5
06.30.2002-18:00:00,06,30,2002,18,1496.2
06.30.2002-21:00:00,06,30,2002,21,1468.7
07.01.2002-00:00:00,07,01,2002,00,1445.4
07.01.2002-03:00:00,07,01,2002,03,1430.6
07.01.2002-06:00:00,07,01,2002,06,1321.4
07.01.2002-09:00:00,07,01,2002,09,1383.7
07.01.2002-12:00:00,07,01,2002,12,1474.4
07.01.2002-15:00:00,07,01,2002,15,1375.9
07.01.2002-18:00:00,07,01,2002,18,1187.3
07.01.2002-21:00:00,07,01,2002,21,1130.2
07.02.2002-00:00:00,07,02,2002,00,1169.3
07.02.2002-03:00:00,07,02,2002,03,1193.3
07.02.2002-06:00:00,07,02,2002,06,1098.3
07.02.2002-09:00:00,07,02,2002,09,1178.1
07.02.2002-12:00:00,07,02,2002,12,1223.5
07.02.2002-15:00:00,07,02,2002,15,1194.1
07.02.2002-18:00:00,07,02,2002,18,996.47
07.02.2002-21:00:00,07,02,2002,21,950.36
07.03.2002-00:00:00,07,03,2002,00,1049.9
07.03.2002-03:00:00,07,03,2002,03,1029.4
07.03.2002-06:00:00,07,03,2002,06,906.84
07.03.2002-09:00:00,07,03,2002,09,877.52
07.03.2002-12:00:00,07,03,2002,12,1077.2
07.03.2002-15:00:00,07,03,2002,15,1104.6
07.03.2002-18:00:00,07,03,2002,18,947.98
07.03.2002-21:00:00,07,03,2002,21,865.6
07.04.2002-00:00:00,07,04,2002,00,962.3
07.04.2002-03:00:00,07,04,2002,03,967.74
07.04.2002-06:00:00,07,04,2002,06,870.8
07.04.2002-09:00:00,07,04,2002,09,954.06
07.04.2002-12:00:00,07,04,2002,12,1034.7
07.04.2002-15:00:00,07,04,2002,15,992.88
07.04.2002-18:00:00,07,04,2002,18,836.77
07.04.2002-21:00:00,07,04,2002,21,878.34
07.05.2002-00:00:00,07,05,2002,00,985.65
07.05.2002-03:00:00,07,05,2002,03,964.14
07.05.2002-06:00:00,07,05,2002,06,852.32
07.05.2002-09:00:00,07,05,2002,09,770.14
07.05.2002-12:00:00,07,05,2002,12,787.54
07.05.2002-15:00:00,07,05,2002,15,756.88
07.05.2002-18:00:00,07,05,2002,18,672.59
07.05.2002-21:00:00,07,05,2002,21,729.01
07.06.2002-00:00:00,07,06,2002,00,839.64
07.06.2002-03:00:00,07,06,2002,03,807.18
07.06.2002-06:00:00,07,06,2002,06,704.46
07.06.2002-09:00:00,07,06,2002,09,622.1
07.06.2002-12:00:00,07,06,2002,12,646.61
07.06.2002-15:00:00,07,06,2002,15,615.08
07.06.2002-18:00:00,07,06,2002,18,537.88
07.06.2002-21:00:00,07,06,2002,21,609.28
07.07.2002-00:00:00,07,07,2002,00,820.81
07.07.2002-03:00:00,07,07,2002,03,983.16
07.07.2002-06:00:00,07,07,2002,06,1035
07.07.2002-09:00:00,07,07,2002,09,1121.4
07.07.2002-12:00:00,07,07,2002,12,1053.6
07.07.2002-15:00:00,07,07,2002,15,1028.6
07.07.2002-18:00:00,07,07,2002,18,1079.3
07.07.2002-21:00:00,07,07,2002,21,1261.8
07.08.2002-00:00:00,07,08,2002,00,1137
07.08.2002-03:00:00,07,08,2002,03,1078.1
07.08.2002-06:00:00,07,08,2002,06,943.83
07.08.2002-09:00:00,07,08,2002,09,824.92
07.08.2002-12:00:00,07,08,2002,12,727.08
07.08.2002-15:00:00,07,08,2002,15,643.84
07.08.2002-18:00:00,07,08,2002,18,697.87
07.08.2002-21:00:00,07,08,2002,21,758.09
07.09.2002-00:00:00,07,09,2002,00,861.78
07.09.2002-03:00:00,07,09,2002,03,793.64
07.09.2002-06:00:00,07,09,2002,06,733.75
07.09.2002-09:00:00,07,09,2002,09,555.4
07.09.2002-12:00:00,07,09,2002,12,460.15
07.09.2002-15:00:00,07,09,2002,15,422.84
07.09.2002-18:00:00,07,09,2002,18,428.96
07.09.2002-21:00:00,07,09,2002,21,513.86
07.10.2002-00:00:00,07,10,2002,00,602.81
07.10.2002-03:00:00,07,10,2002,03,586.82
07.10.2002-06:00:00,07,10,2002,06,511.06
07.10.2002-09:00:00,07,10,2002,09,391.57
07.10.2002-12:00:00,07,10,2002,12,336.47
07.10.2002-15:00:00,07,10,2002,15,319.66
07.10.2002-18:00:00,07,10,2002,18,343.56
07.10.2002-21:00:00,07,10,2002,21,402.4
07.11.2002-00:00:00,07,11,2002,00,547.91
07.11.2002-03:00:00,07,11,2002,03,500.57
07.11.2002-06:00:00,07,11,2002,06,432.36
07.11.2002-09:00:00,07,11,2002,09,322.53
07.11.2002-12:00:00,07,11,2002,12,277.48
07.11.2002-15:00:00,07,11,2002,15,274.43
07.11.2002-18:00:00,07,11,2002,18,302.08
07.11.2002-21:00:00,07,11,2002,21,422.54
07.12.2002-00:00:00,07,12,2002,00,489.75
07.12.2002-03:00:00,07,12,2002,03,473.52
07.12.2002-06:00:00,07,12,2002,06,405.09
07.12.2002-09:00:00,07,12,2002,09,297.04
07.12.2002-12:00:00,07,12,2002,12,255.06
07.12.2002-15:00:00,07,12,2002,15,241.04
07.12.2002-18:00:00,07,12,2002,18,265.98
07.12.2002-21:00:00,07,12,2002,21,395.93
07.13.2002-00:00:00,07,13,2002,00,431.48
07.13.2002-03:00:00,07,13,2002,03,456.26
07.13.2002-06:00:00,07,13,2002,06,367.92
07.13.2002-09:00:00,07,13,2002,09,288
07.13.2002-12:00:00,07,13,2002,12,235.42
07.13.2002-15:00:00,07,13,2002,15,218.91
07.13.2002-18:00:00,07,13,2002,18,241.69
07.13.2002-21:00:00,07,13,2002,21,363.9
07.14.2002-00:00:00,07,14,2002,00,407.31
07.14.2002-03:00:00,07,14,2002,03,423.99
07.14.2002-06:00:00,07,14,2002,06,329.48
07.14.2002-09:00:00,07,14,2002,09,250.39
07.14.2002-12:00:00,07,14,2002,12,211.07
07.14.2002-15:00:00,07,14,2002,15,198.85
07.14.2002-18:00:00,07,14,2002,18,209.87
07.14.2002-21:00:00,07,14,2002,21,273.82
07.15.2002-00:00:00,07,15,2002,00,320.23
07.15.2002-03:00:00,07,15,2002,03,315.6
07.15.2002-06:00:00,07,15,2002,06,267.73
07.15.2002-09:00:00,07,15,2002,09,211.32
07.15.2002-12:00:00,07,15,2002,12,191.19
07.15.2002-15:00:00,07,15,2002,15,194.78
07.15.2002-18:00:00,07,15,2002,18,208.92
07.15.2002-21:00:00,07,15,2002,21,243.86
07.16.2002-00:00:00,07,16,2002,00,273.07
07.16.2002-03:00:00,07,16,2002,03,284.75
07.16.2002-06:00:00,07,16,2002,06,238.96
07.16.2002-09:00:00,07,16,2002,09,193.63
07.16.2002-12:00:00,07,16,2002,12,180.49
07.16.2002-15:00:00,07,16,2002,15,183.62
07.16.2002-18:00:00,07,16,2002,18,192.35
07.16.2002-21:00:00,07,16,2002,21,221.32
07.17.2002-00:00:00,07,17,2002,00,238.74
07.17.2002-03:00:00,07,17,2002,03,251.25
07.17.2002-06:00:00,07,17,2002,06,220.11
07.17.2002-09:00:00,07,17,2002,09,180.81
07.17.2002-12:00:00,07,17,2002,12,169.57
07.17.2002-15:00:00,07,17,2002,15,173.34
07.17.2002-18:00:00,07,17,2002,18,181.7
07.17.2002-21:00:00,07,17,2002,21,209.75
07.18.2002-00:00:00,07,18,2002,00,222.33
07.18.2002-03:00:00,07,18,2002,03,242.88
07.18.2002-06:00:00,07,18,2002,06,206.08
07.18.2002-09:00:00,07,18,2002,09,171.24
07.18.2002-12:00:00,07,18,2002,12,159.63
07.18.2002-15:00:00,07,18,2002,15,165.04
07.18.2002-18:00:00,07,18,2002,18,172.9
07.18.2002-21:00:00,07,18,2002,21,199.94
07.19.2002-00:00:00,07,19,2002,00,212.33
07.19.2002-03:00:00,07,19,2002,03,231.08
07.19.2002-06:00:00,07,19,2002,06,194.14
07.19.2002-09:00:00,07,19,2002,09,159.59
07.19.2002-12:00:00,07,19,2002,12,148.78
07.19.2002-15:00:00,07,19,2002,15,154.47
07.19.2002-18:00:00,07,19,2002,18,162.32
07.19.2002-21:00:00,07,19,2002,21,186.95
07.20.2002-00:00:00,07,20,2002,00,200.24
07.20.2002-03:00:00,07,20,2002,03,216.69
07.20.2002-06:00:00,07,20,2002,06,183.9
07.20.2002-09:00:00,07,20,2002,09,151.86
07.20.2002-12:00:00,07,20,2002,12,142.06
07.20.2002-15:00:00,07,20,2002,15,148.5
07.20.2002-18:00:00,07,20,2002,18,156.63
07.20.2002-21:00:00,07,20,2002,21,179.48
07.21.2002-00:00:00,07,21,2002,00,184.92
07.21.2002-03:00:00,07,21,2002,03,190.27
07.21.2002-06:00:00,07,21,2002,06,172.45
07.21.2002-09:00:00,07,21,2002,09,141.69
07.21.2002-12:00:00,07,21,2002,12,133.57
07.21.2002-15:00:00,07,21,2002,15,138.64
07.21.2002-18:00:00,07,21,2002,18,147.91
07.21.2002-21:00:00,07,21,2002,21,169.34
07.22.2002-00:00:00,07,22,2002,00,175.59
07.22.2002-03:00:00,07,22,2002,03,175.84
07.22.2002-06:00:00,07,22,2002,06,160.51
07.22.2002-09:00:00,07,22,2002,09,133.31
07.22.2002-12:00:00,07,22,2002,12,127.18
07.22.2002-15:00:00,07,22,2002,15,132.54
07.22.2002-18:00:00,07,22,2002,18,140.57
07.22.2002-21:00:00,07,22,2002,21,161.63
07.23.2002-00:00:00,07,23,2002,00,166.95
07.23.2002-03:00:00,07,23,2002,03,168.66
07.23.2002-06:00:00,07,23,2002,06,150.18
07.23.2002-09:00:00,07,23,2002,09,124.62
07.23.2002-12:00:00,07,23,2002,12,119.52
07.23.2002-15:00:00,07,23,2002,15,123.34
07.23.2002-18:00:00,07,23,2002,18,130.49
07.23.2002-21:00:00,07,23,2002,21,151.77
07.24.2002-00:00:00,07,24,2002,00,156.88
07.24.2002-03:00:00,07,24,2002,03,157.26
07.24.2002-06:00:00,07,24,2002,06,138.51
07.24.2002-09:00:00,07,24,2002,09,114.17
07.24.2002-12:00:00,07,24,2002,12,109.52
07.24.2002-15:00:00,07,24,2002,15,111.76
07.24.2002-18:00:00,07,24,2002,18,119.06
07.24.2002-21:00:00,07,24,2002,21,142.87
07.25.2002-00:00:00,07,25,2002,00,146.02
07.25.2002-03:00:00,07,25,2002,03,145.97
07.25.2002-06:00:00,07,25,2002,06,129.86
07.25.2002-09:00:00,07,25,2002,09,107.06
07.25.2002-12:00:00,07,25,2002,12,102.55
07.25.2002-15:00:00,07,25,2002,15,104.76
07.25.2002-18:00:00,07,25,2002,18,111.04
07.25.2002-21:00:00,07,25,2002,21,133.78
07.26.2002-00:00:00,07,26,2002,00,137.61
07.26.2002-03:00:00,07,26,2002,03,136.33
07.26.2002-06:00:00,07,26,2002,06,120.92
07.26.2002-09:00:00,07,26,2002,09,100.63
07.26.2002-12:00:00,07,26,2002,12,96.647
07.26.2002-15:00:00,07,26,2002,15,99.422
07.26.2002-18:00:00,07,26,2002,18,103.63
07.26.2002-21:00:00,07,26,2002,21,124.13
07.27.2002-00:00:00,07,27,2002,00,131.52
07.27.2002-03:00:00,07,27,2002,03,130.85
07.27.2002-06:00:00,07,27,2002,06,118.72
07.27.2002-09:00:00,07,27,2002,09,97.21
07.27.2002-12:00:00,07,27,2002,12,93.51
07.27.2002-15:00:00,07,27,2002,15,96.661
07.27.2002-18:00:00,07,27,2002,18,103.03
07.27.2002-21:00:00,07,27,2002,21,119.35
07.28.2002-00:00:00,07,28,2002,00,124.68
07.28.2002-03:00:00,07,28,2002,03,129.89
07.28.2002-06:00:00,07,28,2002,06,115.48
07.28.2002-09:00:00,07,28,2002,09,93.674
07.28.2002-12:00:00,07,28,2002,12,89.966
07.28.2002-15:00:00,07,28,2002,15,93.208
07.28.2002-18:00:00,07,28,2002,18,98.917
07.28.2002-21:00:00,07,28,2002,21,114.81
07.29.2002-00:00:00,07,29,2002,00,118.18
07.29.2002-03:00:00,07,29,2002,03,119.36
07.29.2002-06:00:00,07,29,2002,06,112.32
07.29.2002-09:00:00,07,29,2002,09,95.312
07.29.2002-12:00:00,07,29,2002,12,92.144
07.29.2002-15:00:00,07,29,2002,15,98.766
07.29.2002-18:00:00,07,29,2002,18,104.31
07.29.2002-21:00:00,07,29,2002,21,122.31
07.30.2002-00:00:00,07,30,2002,00,124.56
07.30.2002-03:00:00,07,30,2002,03,119.14
07.30.2002-06:00:00,07,30,2002,06,110.56
07.30.2002-09:00:00,07,30,2002,09,95.427
07.30.2002-12:00:00,07,30,2002,12,93.127
07.30.2002-15:00:00,07,30,2002,15,100.92
07.30.2002-18:00:00,07,30,2002,18,109.45
07.30.2002-21:00:00,07,30,2002,21,120.74
07.31.2002-00:00:00,07,31,2002,00,121.62
07.31.2002-03:00:00,07,31,2002,03,117.75
07.31.2002-06:00:00,07,31,2002,06,105.45
07.31.2002-09:00:00,07,31,2002,09,86.217
07.31.2002-12:00:00,07,31,2002,12,82.898
07.31.2002-15:00:00,07,31,2002,15,86.076
07.31.2002-18:00:00,07,31,2002,18,91.977
07.31.2002-21:00:00,07,31,2002,21,106.89
08.01.2002-00:00:00,08,01,2002,00,112.83
08.01.2002-03:00:00,08,01,2002,03,116.83
08.01.2002-06:00:00,08,01,2002,06,107.62
08.01.2002-09:00:00,08,01,2002,09,84.042
08.01.2002-12:00:00,08,01,2002,12,79.557
08.01.2002-15:00:00,08,01,2002,15,82.577
08.01.2002-18:00:00,08,01,2002,18,83.607
08.01.2002-21:00:00,08,01,2002,21,102.51
08.02.2002-00:00:00,08,02,2002,00,105.17
08.02.2002-03:00:00,08,02,2002,03,108.52
08.02.2002-06:00:00,08,02,2002,06,100.9
08.02.2002-09:00:00,08,02,2002,09,79.361
08.02.2002-12:00:00,08,02,2002,12,75.155
08.02.2002-15:00:00,08,02,2002,15,78.117
08.02.2002-18:00:00,08,02,2002,18,78.359
08.02.2002-21:00:00,08,02,2002,21,96.126
08.03.2002-00:00:00,08,03,2002,00,100.29
08.03.2002-03:00:00,08,03,2002,03,103.25
08.03.2002-06:00:00,08,03,2002,06,97.147
08.03.2002-09:00:00,08,03,2002,09,78.619
08.03.2002-12:00:00,08,03,2002,12,75.051
08.03.2002-15:00:00,08,03,2002,15,77.742
08.03.2002-18:00:00,08,03,2002,18,80.939
08.03.2002-21:00:00,08,03,2002,21,96.084
08.04.2002-00:00:00,08,04,2002,00,103.29
08.04.2002-03:00:00,08,04,2002,03,115.25
08.04.2002-06:00:00,08,04,2002,06,123.28
08.04.2002-09:00:00,08,04,2002,09,99.118
08.04.2002-12:00:00,08,04,2002,12,83.037
08.04.2002-15:00:00,08,04,2002,15,83.561
08.04.2002-18:00:00,08,04,2002,18,88.781
08.04.2002-21:00:00,08,04,2002,21,117.95
08.05.2002-00:00:00,08,05,2002,00,105.02
08.05.2002-03:00:00,08,05,2002,03,102.38
08.05.2002-06:00:00,08,05,2002,06,94.51
08.05.2002-09:00:00,08,05,2002,09,78.879
08.05.2002-12:00:00,08,05,2002,12,71.432
08.05.2002-15:00:00,08,05,2002,15,75.312
08.05.2002-18:00:00,08,05,2002,18,78.885
08.05.2002-21:00:00,08,05,2002,21,94.956
08.06.2002-00:00:00,08,06,2002,00,100.38
08.06.2002-03:00:00,08,06,2002,03,101.52
08.06.2002-06:00:00,08,06,2002,06,93.637
08.06.2002-09:00:00,08,06,2002,09,72.523
08.06.2002-12:00:00,08,06,2002,12,68.85
08.06.2002-15:00:00,08,06,2002,15,72.12
08.06.2002-18:00:00,08,06,2002,18,76.297
08.06.2002-21:00:00,08,06,2002,21,89.521
08.07.2002-00:00:00,08,07,2002,00,96.043
08.07.2002-03:00:00,08,07,2002,03,97.307
08.07.2002-06:00:00,08,07,2002,06,91.7
08.07.2002-09:00:00,08,07,2002,09,73.244
08.07.2002-12:00:00,08,07,2002,12,70.033
08.07.2002-15:00:00,08,07,2002,15,76.296
08.07.2002-18:00:00,08,07,2002,18,81.569
08.07.2002-21:00:00,08,07,2002,21,95.029
08.08.2002-00:00:00,08,08,2002,00,97.288
08.08.2002-03:00:00,08,08,2002,03,96.28
08.08.2002-06:00:00,08,08,2002,06,87.713
08.08.2002-09:00:00,08,08,2002,09,67.494
08.08.2002-12:00:00,08,08,2002,12,64.257
08.08.2002-15:00:00,08,08,2002,15,67.089
08.08.2002-18:00:00,08,08,2002,18,69.439
08.08.2002-21:00:00,08,08,2002,21,82.998
08.09.2002-00:00:00,08,09,2002,00,88.591
08.09.2002-03:00:00,08,09,2002,03,90.447
08.09.2002-06:00:00,08,09,2002,06,81.435
08.09.2002-09:00:00,08,09,2002,09,63.77
08.09.2002-12:00:00,08,09,2002,12,60.273
08.09.2002-15:00:00,08,09,2002,15,62.753
08.09.2002-18:00:00,08,09,2002,18,62.444
08.09.2002-21:00:00,08,09,2002,21,67.754
08.10.2002-00:00:00,08,10,2002,00,75.977
08.10.2002-03:00:00,08,10,2002,03,80.53
08.10.2002-06:00:00,08,10,2002,06,72.907
08.10.2002-09:00:00,08,10,2002,09,61.847
08.10.2002-12:00:00,08,10,2002,12,58.499
08.10.2002-15:00:00,08,10,2002,15,61.05
08.10.2002-18:00:00,08,10,2002,18,60.406
08.10.2002-21:00:00,08,10,2002,21,65.713
08.11.2002-00:00:00,08,11,2002,00,67.648
08.11.2002-03:00:00,08,11,2002,03,73.969
08.11.2002-06:00:00,08,11,2002,06,70.412
08.11.2002-09:00:00,08,11,2002,09,60.684
08.11.2002-12:00:00,08,11,2002,12,57.549
08.11.2002-15:00:00,08,11,2002,15,60.087
08.11.2002-18:00:00,08,11,2002,18,59.606
08.11.2002-21:00:00,08,11,2002,21,64.762
08.12.2002-00:00:00,08,12,2002,00,67.022
08.12.2002-03:00:00,08,12,2002,03,74.241
08.12.2002-06:00:00,08,12,2002,06,70.961
08.12.2002-09:00:00,08,12,2002,09,59.616
08.12.2002-12:00:00,08,12,2002,12,56.456
08.12.2002-15:00:00,08,12,2002,15,59.017
08.12.2002-18:00:00,08,12,2002,18,58.619
08.12.2002-21:00:00,08,12,2002,21,63.658
08.13.2002-00:00:00,08,13,2002,00,65.444
08.13.2002-03:00:00,08,13,2002,03,72.11
08.13.2002-06:00:00,08,13,2002,06,67.288
08.13.2002-09:00:00,08,13,2002,09,57.981
08.13.2002-12:00:00,08,13,2002,12,54.751
08.13.2002-15:00:00,08,13,2002,15,57.409
08.13.2002-18:00:00,08,13,2002,18,56.788
08.13.2002-21:00:00,08,13,2002,21,61.824
08.14.2002-00:00:00,08,14,2002,00,63.268
08.14.2002-03:00:00,08,14,2002,03,63.598
08.14.2002-06:00:00,08,14,2002,06,61.844
08.14.2002-09:00:00,08,14,2002,09,56.232
08.14.2002-12:00:00,08,14,2002,12,53.092
08.14.2002-15:00:00,08,14,2002,15,55.647
08.14.2002-18:00:00,08,14,2002,18,54.84
08.14.2002-21:00:00,08,14,2002,21,60.295
08.15.2002-00:00:00,08,15,2002,00,61.651
08.15.2002-03:00:00,08,15,2002,03,61.346
08.15.2002-06:00:00,08,15,2002,06,59.306
08.15.2002-09:00:00,08,15,2002,09,54.924
08.15.2002-12:00:00,08,15,2002,12,51.823
08.15.2002-15:00:00,08,15,2002,15,54.582
08.15.2002-18:00:00,08,15,2002,18,53.794
08.15.2002-21:00:00,08,15,2002,21,59.051
08.16.2002-00:00:00,08,16,2002,00,60.304
08.16.2002-03:00:00,08,16,2002,03,60.221
08.16.2002-06:00:00,08,16,2002,06,58.406
08.16.2002-09:00:00,08,16,2002,09,54.131
08.16.2002-12:00:00,08,16,2002,12,51.291
08.16.2002-15:00:00,08,16,2002,15,54.004
08.16.2002-18:00:00,08,16,2002,18,53.435
08.16.2002-21:00:00,08,16,2002,21,58.14
08.17.2002-00:00:00,08,17,2002,00,59.563
08.17.2002-03:00:00,08,17,2002,03,59.112
08.17.2002-06:00:00,08,17,2002,06,57.436
08.17.2002-09:00:00,08,17,2002,09,53.301
08.17.2002-12:00:00,08,17,2002,12,50.692
08.17.2002-15:00:00,08,17,2002,15,53.366
08.17.2002-18:00:00,08,17,2002,18,52.923
08.17.2002-21:00:00,08,17,2002,21,57.548
08.18.2002-00:00:00,08,18,2002,00,58.611
08.18.2002-03:00:00,08,18,2002,03,59.172
08.18.2002-06:00:00,08,18,2002,06,58.871
08.18.2002-09:00:00,08,18,2002,09,52.346
08.18.2002-12:00:00,08,18,2002,12,49.397
08.18.2002-15:00:00,08,18,2002,15,52.136
08.18.2002-18:00:00,08,18,2002,18,51.827
08.18.2002-21:00:00,08,18,2002,21,56.386
08.19.2002-00:00:00,08,19,2002,00,57.581
08.19.2002-03:00:00,08,19,2002,03,58.36
08.19.2002-06:00:00,08,19,2002,06,58.686
08.19.2002-09:00:00,08,19,2002,09,51.558
08.19.2002-12:00:00,08,19,2002,12,48.701
08.19.2002-15:00:00,08,19,2002,15,51.42
08.19.2002-18:00:00,08,19,2002,18,51.171
08.19.2002-21:00:00,08,19,2002,21,55.684
08.20.2002-00:00:00,08,20,2002,00,56.611
08.20.2002-03:00:00,08,20,2002,03,58.437
08.20.2002-06:00:00,08,20,2002,06,57.805
08.20.2002-09:00:00,08,20,2002,09,50.606
08.20.2002-12:00:00,08,20,2002,12,47.803
08.20.2002-15:00:00,08,20,2002,15,50.536
08.20.2002-18:00:00,08,20,2002,18,50.261
08.20.2002-21:00:00,08,20,2002,21,54.749
08.21.2002-00:00:00,08,21,2002,00,55.642
08.21.2002-03:00:00,08,21,2002,03,57.389
08.21.2002-06:00:00,08,21,2002,06,56.984
08.21.2002-09:00:00,08,21,2002,09,50.381
08.21.2002-12:00:00,08,21,2002,12,48.379
08.21.2002-15:00:00,08,21,2002,15,50.773
08.21.2002-18:00:00,08,21,2002,18,51.293
08.21.2002-21:00:00,08,21,2002,21,55.209
08.22.2002-00:00:00,08,22,2002,00,58.889
08.22.2002-03:00:00,08,22,2002,03,61.499
08.22.2002-06:00:00,08,22,2002,06,57.275
08.22.2002-09:00:00,08,22,2002,09,49.668
08.22.2002-12:00:00,08,22,2002,12,47.665
08.22.2002-15:00:00,08,22,2002,15,49.992
08.22.2002-18:00:00,08,22,2002,18,50.705
08.22.2002-21:00:00,08,22,2002,21,54.66
08.23.2002-00:00:00,08,23,2002,00,57.789
08.23.2002-03:00:00,08,23,2002,03,60.592
08.23.2002-06:00:00,08,23,2002,06,55.054
08.23.2002-09:00:00,08,23,2002,09,48.291
08.23.2002-12:00:00,08,23,2002,12,45.872
08.23.2002-15:00:00,08,23,2002,15,48.44
08.23.2002-18:00:00,08,23,2002,18,48.267
08.23.2002-21:00:00,08,23,2002,21,52.738
08.24.2002-00:00:00,08,24,2002,00,53.851
08.24.2002-03:00:00,08,24,2002,03,55.507
08.24.2002-06:00:00,08,24,2002,06,52.881
08.24.2002-09:00:00,08,24,2002,09,47.174
08.24.2002-12:00:00,08,24,2002,12,44.608
08.24.2002-15:00:00,08,24,2002,15,47.274
08.24.2002-18:00:00,08,24,2002,18,47.036
08.24.2002-21:00:00,08,24,2002,21,51.467
08.25.2002-00:00:00,08,25,2002,00,56.784
08.25.2002-03:00:00,08,25,2002,03,74.907
08.25.2002-06:00:00,08,25,2002,06,77.854
08.25.2002-09:00:00,08,25,2002,09,71.484
08.25.2002-12:00:00,08,25,2002,12,52.667
08.25.2002-15:00:00,08,25,2002,15,57.875
08.25.2002-18:00:00,08,25,2002,18,64.773
08.25.2002-21:00:00,08,25,2002,21,84.009
08.26.2002-00:00:00,08,26,2002,00,73.782
08.26.2002-03:00:00,08,26,2002,03,75.812
08.26.2002-06:00:00,08,26,2002,06,73.051
08.26.2002-09:00:00,08,26,2002,09,64.178
08.26.2002-12:00:00,08,26,2002,12,47.398
08.26.2002-15:00:00,08,26,2002,15,46.998
08.26.2002-18:00:00,08,26,2002,18,50.432
08.26.2002-21:00:00,08,26,2002,21,66.065
08.27.2002-00:00:00,08,27,2002,00,62.661
08.27.2002-03:00:00,08,27,2002,03,61.279
08.27.2002-06:00:00,08,27,2002,06,53.165
08.27.2002-09:00:00,08,27,2002,09,47.338
08.27.2002-12:00:00,08,27,2002,12,44.233
08.27.2002-15:00:00,08,27,2002,15,45.969
08.27.2002-18:00:00,08,27,2002,18,46.866
08.27.2002-21:00:00,08,27,2002,21,50.421
08.28.2002-00:00:00,08,28,2002,00,53.484
08.28.2002-03:00:00,08,28,2002,03,53.724
08.28.2002-06:00:00,08,28,2002,06,50.845
08.28.2002-09:00:00,08,28,2002,09,44.879
08.28.2002-12:00:00,08,28,2002,12,42.252
08.28.2002-15:00:00,08,28,2002,15,44.824
08.28.2002-18:00:00,08,28,2002,18,44.861
08.28.2002-21:00:00,08,28,2002,21,49.222
08.29.2002-00:00:00,08,29,2002,00,49.731
08.29.2002-03:00:00,08,29,2002,03,51.409
08.29.2002-06:00:00,08,29,2002,06,48.997
08.29.2002-09:00:00,08,29,2002,09,43.923
08.29.2002-12:00:00,08,29,2002,12,41.315
08.29.2002-15:00:00,08,29,2002,15,43.854
08.29.2002-18:00:00,08,29,2002,18,43.909
08.29.2002-21:00:00,08,29,2002,21,48.172
08.30.2002-00:00:00,08,30,2002,00,52.881
08.30.2002-03:00:00,08,30,2002,03,62.915
08.30.2002-06:00:00,08,30,2002,06,69.657
08.30.2002-09:00:00,08,30,2002,09,68.559
08.30.2002-12:00:00,08,30,2002,12,55.191
08.30.2002-15:00:00,08,30,2002,15,56.167
08.30.2002-18:00:00,08,30,2002,18,65.833
08.30.2002-21:00:00,08,30,2002,21,95.006
08.31.2002-00:00:00,08,31,2002,00,64.732
08.31.2002-03:00:00,08,31,2002,03,60.081
08.31.2002-06:00:00,08,31,2002,06,51.243
08.31.2002-09:00:00,08,31,2002,09,44.989
08.31.2002-12:00:00,08,31,2002,12,42.341
08.31.2002-15:00:00,08,31,2002,15,43.649
08.31.2002-18:00:00,08,31,2002,18,44.986
08.31.2002-21:00:00,08,31,2002,21,48.334
09.01.2002-00:00:00,09,01,2002,00,51.242
09.01.2002-03:00:00,09,01,2002,03,51.039
09.01.2002-06:00:00,09,01,2002,06,49.528
09.01.2002-09:00:00,09,01,2002,09,43.901
09.01.2002-12:00:00,09,01,2002,12,40.542
09.01.2002-15:00:00,09,01,2002,15,42.145
09.01.2002-18:00:00,09,01,2002,18,43.604
09.01.2002-21:00:00,09,01,2002,21,47.079
09.02.2002-00:00:00,09,02,2002,00,47.988
09.02.2002-03:00:00,09,02,2002,03,57.227
09.02.2002-06:00:00,09,02,2002,06,61.972
09.02.2002-09:00:00,09,02,2002,09,62.086
09.02.2002-12:00:00,09,02,2002,12,52.261
09.02.2002-15:00:00,09,02,2002,15,49.788
09.02.2002-18:00:00,09,02,2002,18,64.5
09.02.2002-21:00:00,09,02,2002,21,77.254
09.03.2002-00:00:00,09,03,2002,00,62.478
09.03.2002-03:00:00,09,03,2002,03,59.506
09.03.2002-06:00:00,09,03,2002,06,54.411
09.03.2002-09:00:00,09,03,2002,09,44.807
09.03.2002-12:00:00,09,03,2002,12,42.074
09.03.2002-15:00:00,09,03,2002,15,42.134
09.03.2002-18:00:00,09,03,2002,18,44.748
09.03.2002-21:00:00,09,03,2002,21,48
09.04.2002-00:00:00,09,04,2002,00,51.154
09.04.2002-03:00:00,09,04,2002,03,53.965
09.04.2002-06:00:00,09,04,2002,06,53.28
09.04.2002-09:00:00,09,04,2002,09,43.554
09.04.2002-12:00:00,09,04,2002,12,40.743
09.04.2002-15:00:00,09,04,2002,15,42.415
09.04.2002-18:00:00,09,04,2002,18,44.97
09.04.2002-21:00:00,09,04,2002,21,48.338
09.05.2002-00:00:00,09,05,2002,00,52.215
09.05.2002-03:00:00,09,05,2002,03,57.056
09.05.2002-06:00:00,09,05,2002,06,55.602
09.05.2002-09:00:00,09,05,2002,09,43.405
09.05.2002-12:00:00,09,05,2002,12,40.727
09.05.2002-15:00:00,09,05,2002,15,42.63
09.05.2002-18:00:00,09,05,2002,18,44.955
09.05.2002-21:00:00,09,05,2002,21,49.421
09.06.2002-00:00:00,09,06,2002,00,53.144
09.06.2002-03:00:00,09,06,2002,03,57.688
09.06.2002-06:00:00,09,06,2002,06,54.521
09.06.2002-09:00:00,09,06,2002,09,42.874
09.06.2002-12:00:00,09,06,2002,12,40.061
09.06.2002-15:00:00,09,06,2002,15,41.66
09.06.2002-18:00:00,09,06,2002,18,44.343
09.06.2002-21:00:00,09,06,2002,21,47.618
09.07.2002-00:00:00,09,07,2002,00,49.98
09.07.2002-03:00:00,09,07,2002,03,54.931
09.07.2002-06:00:00,09,07,2002,06,54.578
09.07.2002-09:00:00,09,07,2002,09,42.534
09.07.2002-12:00:00,09,07,2002,12,39.475
09.07.2002-15:00:00,09,07,2002,15,41.103
09.07.2002-18:00:00,09,07,2002,18,43.855
09.07.2002-21:00:00,09,07,2002,21,46.649
09.08.2002-00:00:00,09,08,2002,00,48.928
09.08.2002-03:00:00,09,08,2002,03,53.329
09.08.2002-06:00:00,09,08,2002,06,53.732
09.08.2002-09:00:00,09,08,2002,09,42.201
09.08.2002-12:00:00,09,08,2002,12,39.318
09.08.2002-15:00:00,09,08,2002,15,41.009
09.08.2002-18:00:00,09,08,2002,18,43.755
09.08.2002-21:00:00,09,08,2002,21,46.899
09.09.2002-00:00:00,09,09,2002,00,48.928
09.09.2002-03:00:00,09,09,2002,03,54.281
09.09.2002-06:00:00,09,09,2002,06,53.587
09.09.2002-09:00:00,09,09,2002,09,41.956
09.09.2002-12:00:00,09,09,2002,12,39.522
09.09.2002-15:00:00,09,09,2002,15,41.601
09.09.2002-18:00:00,09,09,2002,18,44.202
09.09.2002-21:00:00,09,09,2002,21,47.528
09.10.2002-00:00:00,09,10,2002,00,49.696
09.10.2002-03:00:00,09,10,2002,03,53.42
09.10.2002-06:00:00,09,10,2002,06,50.882
09.10.2002-09:00:00,09,10,2002,09,41.185
09.10.2002-12:00:00,09,10,2002,12,38.443
09.10.2002-15:00:00,09,10,2002,15,39.708
09.10.2002-18:00:00,09,10,2002,18,42.587
09.10.2002-21:00:00,09,10,2002,21,44.888
09.11.2002-00:00:00,09,11,2002,00,47.021
09.11.2002-03:00:00,09,11,2002,03,47.835
09.11.2002-06:00:00,09,11,2002,06,47.193
09.11.2002-09:00:00,09,11,2002,09,40.509
09.11.2002-12:00:00,09,11,2002,12,37.403
09.11.2002-15:00:00,09,11,2002,15,38.627
09.11.2002-18:00:00,09,11,2002,18,41.222
09.11.2002-21:00:00,09,11,2002,21,43.521
09.12.2002-00:00:00,09,12,2002,00,45.038
09.12.2002-03:00:00,09,12,2002,03,46.362
09.12.2002-06:00:00,09,12,2002,06,43.944
09.12.2002-09:00:00,09,12,2002,09,39.807
09.12.2002-12:00:00,09,12,2002,12,36.733
09.12.2002-15:00:00,09,12,2002,15,37.659
09.12.2002-18:00:00,09,12,2002,18,40.197
09.12.2002-21:00:00,09,12,2002,21,42.899
09.13.2002-00:00:00,09,13,2002,00,43.215
09.13.2002-03:00:00,09,13,2002,03,45.66
09.13.2002-06:00:00,09,13,2002,06,43.108
09.13.2002-09:00:00,09,13,2002,09,39.183
09.13.2002-12:00:00,09,13,2002,12,36.303
09.13.2002-15:00:00,09,13,2002,15,36.611
09.13.2002-18:00:00,09,13,2002,18,39.357
09.13.2002-21:00:00,09,13,2002,21,42.364
09.14.2002-00:00:00,09,14,2002,00,42.6
09.14.2002-03:00:00,09,14,2002,03,44.618
09.14.2002-06:00:00,09,14,2002,06,42.886
09.14.2002-09:00:00,09,14,2002,09,38.816
09.14.2002-12:00:00,09,14,2002,12,35.916
09.14.2002-15:00:00,09,14,2002,15,36.704
09.14.2002-18:00:00,09,14,2002,18,39.4
09.14.2002-21:00:00,09,14,2002,21,41.949
09.15.2002-00:00:00,09,15,2002,00,42.306
09.15.2002-03:00:00,09,15,2002,03,44.706
09.15.2002-06:00:00,09,15,2002,06,42.197
09.15.2002-09:00:00,09,15,2002,09,38.454
09.15.2002-12:00:00,09,15,2002,12,35.772
09.15.2002-15:00:00,09,15,2002,15,36.746
09.15.2002-18:00:00,09,15,2002,18,39.47
09.15.2002-21:00:00,09,15,2002,21,41.537
09.16.2002-00:00:00,09,16,2002,00,42.952
09.16.2002-03:00:00,09,16,2002,03,44.363
09.16.2002-06:00:00,09,16,2002,06,41.826
09.16.2002-09:00:00,09,16,2002,09,38.148
09.16.2002-12:00:00,09,16,2002,12,35.675
09.16.2002-15:00:00,09,16,2002,15,36.619
09.16.2002-18:00:00,09,16,2002,18,39.509
09.16.2002-21:00:00,09,16,2002,21,41.221
09.17.2002-00:00:00,09,17,2002,00,43.47
09.17.2002-03:00:00,09,17,2002,03,44.113
09.17.2002-06:00:00,09,17,2002,06,41.933
09.17.2002-09:00:00,09,17,2002,09,38.049
09.17.2002-12:00:00,09,17,2002,12,35.976
09.17.2002-15:00:00,09,17,2002,15,37.148
09.17.2002-18:00:00,09,17,2002,18,40.031
09.17.2002-21:00:00,09,17,2002,21,42.686
09.18.2002-00:00:00,09,18,2002,00,43.921
09.18.2002-03:00:00,09,18,2002,03,44.087
09.18.2002-06:00:00,09,18,2002,06,43.313
09.18.2002-09:00:00,09,18,2002,09,38.127
09.18.2002-12:00:00,09,18,2002,12,35.602
09.18.2002-15:00:00,09,18,2002,15,36.859
09.18.2002-18:00:00,09,18,2002,18,40.023
09.18.2002-21:00:00,09,18,2002,21,42.289
09.19.2002-00:00:00,09,19,2002,00,44.054
09.19.2002-03:00:00,09,19,2002,03,45.947
09.19.2002-06:00:00,09,19,2002,06,43.973
09.19.2002-09:00:00,09,19,2002,09,37.856
09.19.2002-12:00:00,09,19,2002,12,35.143
09.19.2002-15:00:00,09,19,2002,15,36.303
09.19.2002-18:00:00,09,19,2002,18,39.617
09.19.2002-21:00:00,09,19,2002,21,41.247
09.20.2002-00:00:00,09,20,2002,00,43.319
09.20.2002-03:00:00,09,20,2002,03,45.22
09.20.2002-06:00:00,09,20,2002,06,43.177
09.20.2002-09:00:00,09,20,2002,09,37.465
09.20.2002-12:00:00,09,20,2002,12,34.64
09.20.2002-15:00:00,09,20,2002,15,35.724
09.20.2002-18:00:00,09,20,2002,18,39.049
09.20.2002-21:00:00,09,20,2002,21,40.363
09.21.2002-00:00:00,09,21,2002,00,42.794
09.21.2002-03:00:00,09,21,2002,03,44.364
09.21.2002-06:00:00,09,21,2002,06,44.627
09.21.2002-09:00:00,09,21,2002,09,37.555
09.21.2002-12:00:00,09,21,2002,12,34.848
09.21.2002-15:00:00,09,21,2002,15,36.106
09.21.2002-18:00:00,09,21,2002,18,39.487
09.21.2002-21:00:00,09,21,2002,21,41.423
09.22.2002-00:00:00,09,22,2002,00,43.496
09.22.2002-03:00:00,09,22,2002,03,46.26
09.22.2002-06:00:00,09,22,2002,06,44.836
09.22.2002-09:00:00,09,22,2002,09,37.544
09.22.2002-12:00:00,09,22,2002,12,35.47
09.22.2002-15:00:00,09,22,2002,15,37.322
09.22.2002-18:00:00,09,22,2002,18,40.528
09.22.2002-21:00:00,09,22,2002,21,43.949
09.23.2002-00:00:00,09,23,2002,00,45.992
09.23.2002-03:00:00,09,23,2002,03,46.14
09.23.2002-06:00:00,09,23,2002,06,43.788
09.23.2002-09:00:00,09,23,2002,09,36.948
09.23.2002-12:00:00,09,23,2002,12,34.672
09.23.2002-15:00:00,09,23,2002,15,35.835
09.23.2002-18:00:00,09,23,2002,18,39.022
09.23.2002-21:00:00,09,23,2002,21,41.131
09.24.2002-00:00:00,09,24,2002,00,43.372
09.24.2002-03:00:00,09,24,2002,03,45.434
09.24.2002-06:00:00,09,24,2002,06,42.934
09.24.2002-09:00:00,09,24,2002,09,36.229
09.24.2002-12:00:00,09,24,2002,12,33.637
09.24.2002-15:00:00,09,24,2002,15,34.432
09.24.2002-18:00:00,09,24,2002,18,38.082
09.24.2002-21:00:00,09,24,2002,21,39.227
09.25.2002-00:00:00,09,25,2002,00,40.785
09.25.2002-03:00:00,09,25,2002,03,42.693
09.25.2002-06:00:00,09,25,2002,06,41.507
09.25.2002-09:00:00,09,25,2002,09,36.156
09.25.2002-12:00:00,09,25,2002,12,33.88
09.25.2002-15:00:00,09,25,2002,15,34.654
09.25.2002-18:00:00,09,25,2002,18,38.442
09.25.2002-21:00:00,09,25,2002,21,39.623
09.26.2002-00:00:00,09,26,2002,00,42.012
09.26.2002-03:00:00,09,26,2002,03,44.112
09.26.2002-06:00:00,09,26,2002,06,42.835
09.26.2002-09:00:00,09,26,2002,09,36.135
09.26.2002-12:00:00,09,26,2002,12,33.961
09.26.2002-15:00:00,09,26,2002,15,35.064
09.26.2002-18:00:00,09,26,2002,18,38.413
09.26.2002-21:00:00,09,26,2002,21,40.451
09.27.2002-00:00:00,09,27,2002,00,43.114
09.27.2002-03:00:00,09,27,2002,03,44.771
09.27.2002-06:00:00,09,27,2002,06,42.735
09.27.2002-09:00:00,09,27,2002,09,36.502
09.27.2002-12:00:00,09,27,2002,12,34.824
09.27.2002-15:00:00,09,27,2002,15,36.3
09.27.2002-18:00:00,09,27,2002,18,41.159
09.27.2002-21:00:00,09,27,2002,21,44.252
09.28.2002-00:00:00,09,28,2002,00,44.613
09.28.2002-03:00:00,09,28,2002,03,44.712
09.28.2002-06:00:00,09,28,2002,06,42.802
09.28.2002-09:00:00,09,28,2002,09,35.96
09.28.2002-12:00:00,09,28,2002,12,34.127
09.28.2002-15:00:00,09,28,2002,15,35.73
09.28.2002-18:00:00,09,28,2002,18,39.283
09.28.2002-21:00:00,09,28,2002,21,42.824
09.29.2002-00:00:00,09,29,2002,00,44.296
09.29.2002-03:00:00,09,29,2002,03,44.431
09.29.2002-06:00:00,09,29,2002,06,42.301
09.29.2002-09:00:00,09,29,2002,09,35.384
09.29.2002-12:00:00,09,29,2002,12,33.077
09.29.2002-15:00:00,09,29,2002,15,33.91
09.29.2002-18:00:00,09,29,2002,18,37.917
09.29.2002-21:00:00,09,29,2002,21,38.961
09.30.2002-00:00:00,09,30,2002,00,41.854
09.30.2002-03:00:00,09,30,2002,03,43.827
09.30.2002-06:00:00,09,30,2002,06,43.063
09.30.2002-09:00:00,09,30,2002,09,36.61
09.30.2002-12:00:00,09,30,2002,12,34.507
09.30.2002-15:00:00,09,30,2002,15,36.155
09.30.2002-18:00:00,09,30,2002,18,42.753
09.30.2002-21:00:00,09,30,2002,21,43.997
